날짜,시가,고가,저가,종가,거래량,등락률,기관합계_거래량_순매수,기타법인_거래량_순매수,개인_거래량_순매수,외국인합계_거래량_순매수,전체_거래량_순매수,기관합계_거래량_매수,기타법인_거래량_매수,개인_거래량_매수,외국인합계_거래량_매수,전체_거래량_매수,기관합계_거래량_매도,기타법인_거래량_매도,개인_거래량_매도,외국인합계_거래량_매도,전체_거래량_매도,기관합계_거래대금_순매수,기타법인_거래대금_순매수,개인_거래대금_순매수,외국인합계_거래대금_순매수,전체_거래대금_순매수,기관합계_거래대금_매수,기타법인_거래대금_매수,개인_거래대금_매수,외국인합계_거래대금_매수,전체_거래대금_매수,기관합계_거래대금_매도,기타법인_거래대금_매도,개인_거래대금_매도,외국인합계_거래대금_매도,전체_거래대금_매도
2019-01-02,4880,4880,4810,4825,33972,-0.5154639175257731,12776,1,-9204,-3573,0,28428,1,5543,0,33972,15652,0,14747,3573,33972,61756130,4825,-44537695,-17223260,0,137229445,4825,26772385,0,164006655,75473315,0,71310080,17223260,164006655
2019-01-03,4825,4825,4760,4760,42274,-1.3471502590673576,3474,1,-3099,-376,0,22877,1,19396,0,42274,19403,0,22495,376,42274,16812990,4805,-15011080,-1806715,0,109788315,4805,92888190,0,202681310,92975325,0,107899270,1806715,202681310
2019-01-04,4760,4775,4740,4740,41907,-0.42016806722689076,-126,0,4738,-4612,0,22544,0,17013,2350,41907,22670,0,12275,6962,41907,-689770,0,22526220,-21836450,0,106884020,0,80764630,11181670,198830320,107573790,0,58238410,33018120,198830320
2019-01-07,4750,4825,4740,4805,32963,1.3713080168776373,-3866,700,-724,3890,0,18086,700,8782,5395,32963,21952,0,9506,1505,32963,-18282920,3325000,-3687830,18645750,0,85936890,3325000,41715750,25785975,156763615,104219810,0,45403580,7140225,156763615
2019-01-08,4805,4805,4795,4805,24633,0.0,436,0,-4302,3866,0,18853,0,1867,3913,24633,18417,0,6169,47,24633,2088485,0,-20654065,18565580,0,90457080,0,8963790,18791180,118212050,88368595,0,29617855,225600,118212050
2019-01-09,4815,4815,4790,4800,34926,-0.10405827263267431,-967,-673,-674,2314,0,26707,0,5669,2550,34926,27674,673,6343,236,34926,-4641675,-3233765,-3228435,11103875,0,128017645,0,27195085,12235020,167447750,132659320,3233765,30423520,1131145,167447750
2019-01-10,4810,4810,4785,4800,24519,0.0,-3592,0,838,2754,0,19703,0,2056,2760,24519,23295,0,1218,6,24519,-17216625,0,4018840,13197785,0,94330215,0,9850390,13226525,117407130,111546840,0,5831550,28740,117407130
2019-01-11,4810,4810,4750,4790,21181,-0.20833333333333334,-16393,10,16383,0,0,1387,13,19781,0,21181,17780,3,3398,0,21181,-78262170,47550,78214620,0,0,6609255,61800,94497195,0,101168250,84871425,14250,16282575,0,101168250
2019-01-14,4800,4805,4745,4770,27337,-0.41753653444676403,-16059,6102,9957,0,0,353,6102,20882,0,27337,16412,0,10925,0,27337,-76482040,29288265,47193775,0,0,1680040,29288265,99570710,0,130539015,78162080,0,52376935,0,130539015
2019-01-15,4800,4830,4740,4790,49894,0.41928721174004197,5640,-2758,-2882,0,0,35414,0,14480,0,49894,29774,2758,17362,0,49894,26920260,-13176760,-13743500,0,0,169028750,0,69242815,0,238271565,142108490,13176760,82986315,0,238271565
2019-01-16,4800,4805,4775,4800,19555,0.20876826722338201,-9839,0,11754,-1915,0,1265,0,18288,2,19555,11104,0,6534,1917,19555,-47240855,0,56413630,-9172775,0,6069555,0,87764720,9600,93843875,53310410,0,31351090,9182375,93843875
2019-01-17,4770,4835,4770,4795,28929,-0.10416666666666667,-19446,-2282,14158,7570,0,2499,80,18780,7570,28929,21945,2362,4622,0,28929,-93276100,-10942990,67879140,36339950,0,11999325,382800,90128840,36339950,138850915,105275425,11325790,22249700,0,138850915
2019-01-18,4800,4800,4755,4800,42629,0.10427528675703858,-35813,16,39910,-4113,0,2264,16,40349,0,42629,38077,0,439,4113,42629,-171394920,76400,190970470,-19651950,0,10775085,76400,193066900,0,203918385,182170005,0,2096430,19651950,203918385
2019-01-21,4800,4825,4760,4770,72479,-0.625,6982,0,-6960,-22,0,22535,0,48959,985,72479,15553,0,55919,1007,72479,33442995,0,-33332360,-110635,0,108083545,0,234759220,4728000,347570765,74640550,0,268091580,4838635,347570765
2019-01-22,4765,4800,4765,4785,25433,0.3144654088050315,-7529,0,7529,0,0,1040,0,24393,0,25433,8569,0,16864,0,25433,-36028100,0,36028100,0,0,4975465,0,116650215,0,121625680,41003565,0,80622115,0,121625680
2019-01-23,4795,4820,4790,4805,33522,0.41797283176593525,-13499,-10228,23727,0,0,97,0,33425,0,33522,13596,10228,9698,0,33522,-64726815,-49263960,113990775,0,0,465640,0,160529005,0,160994645,65192455,49263960,46538230,0,160994645
2019-01-24,4805,4805,4790,4805,66655,0.0,-40486,0,43045,-2559,0,359,0,66280,16,66655,40845,0,23235,2575,66655,-194169560,0,206439805,-12270245,0,1724420,0,318013535,76880,319814835,195893980,0,111573730,12347125,319814835
2019-01-25,4820,4820,4790,4810,53063,0.10405827263267431,-27561,-571,28088,44,0,491,0,52528,44,53063,28052,571,24440,0,53063,-132264490,-2752220,134805730,210980,0,2356770,0,252132450,210980,254700200,134621260,2752220,117326720,0,254700200
2019-01-28,4820,4830,4795,4805,24885,-0.10395010395010396,-11859,-2300,14159,0,0,73,1,24811,0,24885,11932,2301,10652,0,24885,-56912600,-11086015,67998615,0,0,350965,4805,119181780,0,119537550,57263565,11090820,51183165,0,119537550
2019-01-29,4800,4815,4795,4815,12333,0.20811654526534862,-10086,0,10078,8,0,78,0,12247,8,12333,10164,0,2169,0,12333,-48419790,0,48381270,38520,0,375270,0,58800700,38520,59214490,48795060,0,10419430,0,59214490
2019-01-30,4815,4820,4785,4800,52067,-0.3115264797507788,-47919,3,47880,36,0,758,3,51270,36,52067,48677,0,3390,0,52067,-229752725,14370,229565560,172795,0,3631165,14370,245831400,172795,249649730,233383890,0,16265840,0,249649730
2019-01-31,4800,4805,4790,4795,28341,-0.10416666666666667,-21236,1,21002,233,0,712,1,27395,233,28341,21948,0,6393,0,28341,-101858095,4790,100736110,1117195,0,3414700,4790,131409455,1117195,135946140,105272795,0,30673345,0,135946140
2019-02-01,4815,4815,4795,4800,17650,0.10427528675703858,-13377,0,13377,0,0,96,0,17554,0,17650,13473,0,4177,0,17650,-64223460,0,64223460,0,0,460730,0,84280650,0,84741380,64684190,0,20057190,0,84741380
2019-02-07,4850,4850,4790,4805,48505,0.10416666666666667,-36350,-510,36860,0,0,2931,0,45574,0,48505,39281,510,8714,0,48505,-174468520,-2450550,176919070,0,0,14071185,0,218802225,0,232873410,188539705,2450550,41883155,0,232873410
2019-02-08,4805,4805,4785,4800,39500,-0.10405827263267431,-24713,1,23712,1000,0,3760,1,34233,1506,39500,28473,0,10521,506,39500,-118618155,4800,113813325,4800030,0,18035275,4800,164260575,7226300,189526950,136653430,0,50447250,2426270,189526950
2019-02-11,4805,4830,4805,4825,39369,0.5208333333333333,-15454,1,14420,1033,0,376,1,37959,1033,39369,15830,0,23539,0,39369,-74446195,4805,69465610,4975780,0,1809585,4805,182978580,4975780,189768750,76255780,0,113512970,0,189768750
2019-02-12,4825,4825,4795,4800,50726,-0.5181347150259068,-43201,2,44245,-1046,0,4165,2,46188,371,50726,47366,0,1943,1417,50726,-207531520,9635,212543075,-5021190,0,19999790,9635,221885545,1790075,243685045,227531310,0,9342470,6811265,243685045
2019-02-13,4800,4810,4795,4800,61438,0.0,-32776,3674,29035,67,0,4163,8000,46683,2592,61438,36939,4326,17648,2525,61438,-157295040,17635200,139325615,334225,0,19982540,38400000,224021805,12441600,294845945,177277580,20764800,84696190,12107375,294845945
2019-02-14,4810,4810,4790,4795,59766,-0.10416666666666667,-25986,2000,24245,-259,0,2534,2000,55232,0,59766,28520,0,30987,259,59766,-124728880,9590000,116381555,-1242675,0,12157185,9590000,265008470,0,286755655,136886065,0,148626915,1242675,286755655
2019-02-15,4800,4830,4795,4810,25611,0.31282586027111575,-7197,0,6982,215,0,14827,0,10569,215,25611,22024,0,3587,0,25611,-34518510,0,33485435,1033075,0,71139500,0,50709370,1033075,122881945,105658010,0,17223935,0,122881945
2019-02-18,4795,4805,4795,4795,49545,-0.31185031185031187,-21771,0,21925,-154,0,12681,0,34119,2745,49545,34452,0,12194,2899,49545,-104486020,0,105210705,-724685,0,60807595,0,163729635,13176020,237713250,165293615,0,58518930,13900705,237713250
2019-02-19,4800,4830,4795,4800,18843,0.10427528675703858,-15888,0,14943,945,0,788,0,17110,945,18843,16676,0,2167,0,18843,-76263915,0,71727915,4536000,0,3780250,0,82127240,4536000,90443490,80044165,0,10399325,0,90443490
2019-02-20,4800,4810,4795,4810,36854,0.20833333333333334,-28217,0,28689,-472,0,7830,0,29024,0,36854,36047,0,335,472,36854,-135444305,0,137709905,-2265600,0,37584405,0,139318205,0,176902610,173028710,0,1608300,2265600,176902610
2019-02-21,4810,4830,4795,4800,97825,-0.2079002079002079,-41247,2081,39639,-473,0,44214,2081,51530,0,97825,85461,0,11891,473,97825,-198019855,9988800,190306185,-2275130,0,212006970,9988800,247511335,0,469507105,410026825,0,57205150,2275130,469507105
2019-02-22,4800,4800,4785,4800,35909,0.0,-26131,0,26131,0,0,7263,0,28154,492,35909,33394,0,2023,492,35909,-125288510,0,125286050,2460,0,34818590,0,134980995,2361600,172161185,160107100,0,9694945,2359140,172161185
2019-02-25,4800,4810,4790,4795,6226,-0.10416666666666667,-3999,0,4018,-19,0,334,0,5892,0,6226,4333,0,1874,19,6226,-19197290,0,19288440,-91150,0,1602400,0,28272985,0,29875385,20799690,0,8984545,91150,29875385
2019-02-26,4800,4820,4795,4805,38765,0.20855057351407716,-12264,-4703,16975,-8,0,2949,0,35816,0,38765,15213,4703,18841,8,38765,-58855870,-22574400,81468655,-38385,0,14143690,0,171949545,0,186093235,72999560,22574400,90480890,38385,186093235
2019-02-27,4805,4810,4795,4800,27330,-0.10405827263267431,-20239,0,20239,0,0,2788,0,24542,0,27330,23027,0,4303,0,27330,-97150550,0,97150550,0,0,13375570,0,117788455,0,131164025,110526120,0,20637905,0,131164025
2019-02-28,4820,4820,4790,4800,56847,0.0,-27863,0,27228,635,0,9255,0,46957,635,56847,37118,0,19729,0,56847,-133670630,0,130625805,3044825,0,44377725,0,225237510,3044825,272660060,178048355,0,94611705,0,272660060
2019-03-04,4825,4825,4795,4800,27756,0.0,-19236,0,20042,-806,0,2246,0,25510,0,27756,21482,0,5468,806,27756,-92329975,0,96195600,-3865625,0,10770770,0,122438815,0,133209585,103100745,0,26243215,3865625,133209585
2019-03-05,4800,4810,4795,4795,26259,-0.10416666666666667,-13250,0,12717,533,0,6073,0,19653,533,26259,19323,0,6936,0,26259,-63587980,0,61029580,2558400,0,29125285,0,94296990,2558400,125980675,92713265,0,33267410,0,125980675
2019-03-06,4820,4820,4790,4795,22791,0.0,-3346,1,3878,-533,0,1517,1,21273,0,22791,4863,0,17395,533,22791,-16054130,4795,18602405,-2553070,0,7274365,4795,101978125,0,109257285,23328495,0,83375720,2553070,109257285
2019-03-07,4800,4845,4790,4800,42226,0.10427528675703858,-6476,0,6476,0,0,7788,0,31579,2859,42226,14264,0,25103,2859,42226,-31050235,0,31056260,-6025,0,37379185,0,151498875,13733675,202611735,68429420,0,120442615,13739700,202611735
2019-03-08,4790,4800,4785,4800,50794,0.0,-12688,0,12688,0,0,10385,0,40409,0,50794,23073,0,27721,0,50794,-60869520,0,60869520,0,0,49790350,0,193694255,0,243484605,110659870,0,132824735,0,243484605
2019-03-11,4800,4825,4785,4800,77309,0.0,1371,-14781,11024,2386,0,45847,0,28793,2669,77309,44476,14781,17769,283,77309,6727875,-70930685,52751330,11451480,0,220003985,0,137971145,12807050,370782180,213276110,70930685,85219815,1355570,370782180
2019-03-12,4820,4820,4755,4795,192225,-0.10416666666666667,-41532,-84135,126435,-768,0,23942,2204,166079,0,192225,65474,86339,39644,768,192225,-197702295,-402174980,603546340,-3669065,0,114366785,10518080,793070585,0,917955450,312069080,412693060,189524245,3669065,917955450
2019-03-13,4795,4795,4765,4795,34976,0.0,-18165,0,17525,640,0,6253,0,28064,659,34976,24418,0,10539,19,34976,-86702080,0,83646155,3055925,0,29877865,0,134086800,3146840,167111505,116579945,0,50440645,90915,167111505
2019-03-14,4805,4805,4760,4765,91439,-0.6256517205422315,-79177,0,73813,5364,0,5357,0,80718,5364,91439,84534,0,6905,0,91439,-377891175,0,352284835,25606340,0,25569055,0,385322455,25606340,436497850,403460230,0,33037620,0,436497850
2019-03-15,4770,4790,4760,4775,41460,0.2098635886673662,-20078,0,16697,3381,0,4520,0,33559,3381,41460,24598,0,16862,0,41460,-95764005,0,79638910,16125095,0,21546915,0,160044400,16125095,197716410,117310920,0,80405490,0,197716410
2019-03-18,4785,4800,4770,4785,77458,0.20942408376963353,-49666,52,40181,9433,0,10303,52,57670,9433,77458,59969,0,17489,0,77458,-237203250,248210,191867075,45087965,0,49265625,248210,275495335,45087965,370097135,286468875,0,83628260,0,370097135
2019-03-19,4780,4800,4765,4775,65195,-0.20898641588296762,-30561,-580,29605,1536,0,12655,60,47947,4533,65195,43216,640,18342,2997,65195,-145791395,-2773250,141252625,7312020,0,60408010,285950,228826200,21636980,311157140,206199405,3059200,87573575,14324960,311157140
2019-03-20,4775,4800,4765,4790,40667,0.31413612565445026,-13134,10,8973,4151,0,4911,10,31595,4151,40667,18045,0,22622,0,40667,-62609470,47700,42715640,19846130,0,23465340,47700,150737410,19846130,194096580,86074810,0,108021770,0,194096580
2019-03-21,4790,4820,4785,4820,76126,0.6263048016701461,-11721,-1124,1416,11429,0,10349,1,50193,15583,76126,22070,1125,48777,4154,76126,-56162360,-5400835,6717035,54846160,0,49780335,4790,241061090,74837280,365683495,105942695,5405625,234344055,19991120,365683495
2019-03-22,4830,4850,4795,4810,127819,-0.2074688796680498,-53197,1,46049,7147,0,9982,1,100321,17515,127819,63179,0,54272,10368,127819,-256479795,4810,222099780,34375205,0,48186350,4810,484048710,84546235,616786105,304666145,0,261948930,50171030,616786105
2019-03-25,4800,4840,4790,4820,80994,0.2079002079002079,-52076,802,42585,8689,0,12131,802,52184,15877,80994,64207,0,9599,7188,80994,-249861925,3844790,204370915,41646220,0,58237255,3844790,250433110,76201295,388716450,308099180,0,46062195,34555075,388716450
2019-03-26,4830,4830,4785,4800,98594,-0.4149377593360996,-65763,2919,67528,-4684,0,15558,2919,70785,9332,98594,81321,0,3257,14016,98594,-315318745,13971635,323761510,-22414400,0,74564555,13971635,339373790,44737525,472647505,389883300,0,15612280,67151925,472647505
2019-03-27,4830,4840,4800,4810,109819,0.20833333333333334,-86196,2000,56705,27491,0,10335,2200,69793,27491,109819,96531,200,13088,0,109819,-414488575,9599000,272496310,132393265,0,49721105,10565000,335625800,132393265,528305170,464209680,966000,63129490,0,528305170
2019-03-28,4810,4890,4805,4820,181640,0.2079002079002079,-115277,0,72892,42385,0,28953,0,110302,42385,181640,144230,0,37410,0,181640,-556459865,0,351468735,204991130,0,139781775,0,532496305,204991130,877269210,696241640,0,181027570,0,877269210
2019-03-29,4820,4860,4815,4860,154734,0.8298755186721992,-114075,267,74757,39051,0,12746,267,102425,39296,154734,126821,0,27668,245,154734,-551505090,1290510,361262625,188951955,0,61640390,1290510,495349805,190138980,748419685,613145480,0,134087180,1187025,748419685
2019-04-01,4860,4955,4860,4915,233358,1.131687242798354,-122192,927,66947,54318,0,18648,1277,155190,58243,233358,140840,350,88243,3925,233358,-601138225,4569860,329384135,267184230,0,91728560,6295610,763011255,286516100,1147551525,692866785,1725750,433627120,19331870,1147551525
2019-04-02,4970,4995,4920,4950,195767,0.7121057985757884,-95369,1780,51460,42129,0,22839,1780,126108,45040,195767,118208,0,74648,2911,195767,-472500340,8814925,254854300,208831115,0,113099590,8814925,624791420,223313335,970019270,585599930,0,369937120,14482220,970019270
2019-04-03,5000,5000,4925,4950,142154,0.0,-56030,15,42728,13287,0,26005,15,80561,35573,142154,82035,0,37833,22286,142154,-277690465,74300,211889170,65726995,0,128646610,74300,399051540,176190480,703962930,406337075,0,187162370,110463485,703962930
2019-04-04,4990,4990,4945,4945,140914,-0.10101010101010101,-68440,0,54085,14355,0,26595,0,96947,17372,140914,95035,0,42862,3017,140914,-339432290,0,268197225,71235065,0,131648410,0,481336330,86199385,699184125,471080700,0,213139105,14964320,699184125
2019-04-05,4950,4980,4940,4950,67889,0.10111223458038424,-53145,568,42968,9609,0,10767,568,46924,9630,67889,63912,0,3956,21,67889,-262890765,2816260,212539160,47535345,0,53326340,2816260,232135295,47639700,335917595,316217105,0,19596135,104355,335917595
2019-04-08,4950,4970,4940,4965,83246,0.30303030303030304,-39429,124,37545,1760,0,35641,372,45473,1760,83246,75070,248,7928,0,83246,-195075275,612700,185750905,8711670,0,176276250,1843260,224995875,8711670,411827055,371351525,1230560,39244970,0,411827055
2019-04-09,4965,4980,4945,4945,89809,-0.4028197381671702,-62191,1549,49242,11400,0,18647,4783,53038,13341,89809,80838,3234,3796,1941,89809,-307996315,7610445,243963135,56422735,0,92328915,23679765,262742175,66071210,444822065,400325230,16069320,18779040,9648475,444822065
2019-04-10,4970,4970,4945,4950,123621,0.10111223458038424,-98740,-8000,103214,3526,0,6625,0,113100,3896,123621,105365,8000,9886,370,123621,-488586045,-39560000,510705575,17440470,0,32770680,0,559609705,19271970,611652355,521356725,39560000,48904130,1831500,611652355
2019-04-11,4950,4975,4940,4950,100700,0.0,-77690,-300,78134,-144,0,7999,1700,91001,0,100700,85689,2000,12867,144,100700,-384392665,-1533500,386638615,-712450,0,39560590,8406500,450307210,0,498274300,423953255,9940000,63668595,712450,498274300
2019-04-12,4940,4970,4940,4970,91075,0.40404040404040403,-45848,-454,40667,5635,0,30285,0,54927,5863,91075,76133,454,14260,228,91075,-227085575,-2255380,201412610,27928345,0,149895195,0,272007695,29058055,450960945,376980770,2255380,70595085,1129710,450960945
2019-04-15,4970,4975,4940,4965,146769,-0.1006036217303823,-123482,1985,122013,-516,0,17237,2835,125009,1688,146769,140719,850,2996,2204,146769,-611029775,9825750,603745120,-2541095,0,85277015,14033250,618576170,8358040,726244475,696306790,4207500,14831050,10899135,726244475
2019-04-16,4970,4990,4950,4975,113129,0.2014098690835851,-49358,-842,37750,12450,0,49970,750,48748,13661,113129,99328,1592,10998,1211,113129,-244665015,-4199080,187107365,61756730,0,247665135,3715000,241663845,67751180,560795160,492330150,7914080,54556480,5994450,560795160
2019-04-17,4975,4980,4955,4975,126550,0.0,-39310,-682,35285,4707,0,73676,750,41344,10780,126550,112986,1432,6059,6073,126550,-195044455,-3407610,175034940,23417125,0,365743680,3723750,205153165,53566390,628186985,560788135,7131360,30118225,30149265,628186985
2019-04-18,4975,4990,4955,4975,134034,0.0,-48986,1218,43123,4645,0,59093,1218,69078,4645,134034,108079,0,25955,0,134034,-243289000,6053460,214185055,23050485,0,293579610,6053460,343260190,23050485,665943745,536868610,0,129075135,0,665943745
2019-04-19,4960,4975,4945,4950,223067,-0.5025125628140703,-160317,-2383,165366,-2666,0,43383,650,175770,3264,223067,203700,3033,10404,5930,223067,-794429930,-11813990,819393065,-13149145,0,215187825,3222000,871039575,16197065,1105646465,1009617755,15035990,51646510,29346210,1105646465
2019-04-22,4960,4980,4955,4980,66810,0.6060606060606061,-19337,-406,11894,7849,0,29692,0,27671,9447,66810,49029,406,15777,1598,66810,-96090990,-2011730,59095375,39007345,0,147591580,0,137537830,46954375,332083785,243682570,2011730,78442455,7947030,332083785
2019-04-23,4980,5000,4970,4985,99313,0.1004016064257028,-60825,-405,47098,14132,0,16306,1,60465,22541,99313,77131,406,13367,8409,99313,-302914420,-2014870,234405005,70524285,0,81165300,4980,301078110,112386430,494634820,384079720,2019850,66673105,41862145,494634820
2019-04-24,4990,4990,4965,4980,94554,-0.10030090270812438,-44198,1,47911,-3714,0,26638,1,67905,10,94554,70836,0,19994,3724,94554,-220048515,4970,238519675,-18476130,0,132587430,4970,338038485,49770,470680655,352635945,0,99518810,18525900,470680655
2019-04-25,4980,5060,4980,5040,189984,1.2048192771084338,-81125,6400,56422,18303,0,13951,6400,139045,30588,189984,95076,0,82623,12285,189984,-407565650,31980000,283360110,92225540,0,70108010,31980000,699107710,153962655,955158375,477673660,0,415747600,61737115,955158375
2019-04-26,5070,5240,5030,5200,367312,3.1746031746031744,-136994,20019,86870,30105,0,71321,20019,235409,40563,367312,208315,0,148539,10458,367312,-705574180,103542870,446900210,155131100,0,367893400,103542870,1212985420,208893160,1893314850,1073467580,0,766085210,53762060,1893314850
2019-04-29,5260,5390,5220,5280,293979,1.5384615384615385,-81834,-14308,88190,7952,0,34031,5127,233039,21782,293979,115865,19435,144849,13830,293979,-435352130,-77080710,468899730,43533110,0,180946830,27285240,1240042720,116263930,1564538720,616298960,104365950,771142990,72730820,1564538720
2019-04-30,5290,5320,5220,5300,86053,0.3787878787878788,15485,1001,-23264,6778,0,17443,1001,59851,7758,86053,1958,0,83115,980,86053,81568850,5235260,-122327550,35523440,0,91832250,5235260,314426580,40707870,452201960,10263400,0,436754130,5184430,452201960
2019-05-02,5380,5470,5300,5420,176333,2.2641509433962264,-9561,3522,18594,-12555,0,12529,3522,160149,133,176333,22090,0,141555,12688,176333,-51359350,19011150,99668980,-67320780,0,67148350,19011150,860298830,706230,947164560,118507700,0,760629850,68027010,947164560
2019-05-03,5480,5480,5320,5400,158108,-0.36900369003690037,-53672,6730,47545,-603,0,10785,6730,129012,11581,158108,64457,0,81467,12184,158108,-287356360,36180650,254362930,-3187220,0,57951810,36180650,691382430,62029200,847544090,345308170,0,437019500,65216420,847544090
2019-05-07,5360,5420,5300,5400,93792,0.0,-3118,-474,-1483,5075,0,27282,48,59020,7442,93792,30400,522,60503,2367,93792,-16819910,-2533480,-7825430,27178820,0,146312140,257260,315568310,39844920,501982630,163132050,2790740,323393740,12666100,501982630
2019-05-08,5400,5410,5300,5400,176893,0.0,-37486,-235,40864,-3143,0,53029,0,119640,4224,176893,90515,235,78776,7367,176893,-198956730,-1261950,216986780,-16768100,0,283195230,0,637656990,22534880,943387100,482151960,1261950,420670210,39302980,943387100
2019-05-09,5420,5450,5360,5400,133758,0.0,13960,196,-27726,13570,0,46113,3000,69006,15639,133758,32153,2804,96732,2069,133758,75800530,950350,-149928030,73177150,0,249711040,16140000,372639010,84377590,722867640,173910510,15189650,522567040,11200440,722867640
2019-05-10,5400,5510,5380,5400,120774,0.0,-3488,17683,-43332,29137,0,14041,17683,58534,30516,120774,17529,0,101866,1379,120774,-18595580,96018040,-234940400,157517940,0,76049010,96018040,316091360,165052790,653211200,94644590,0,551031760,7534850,653211200
2019-05-13,5400,5400,5350,5400,30658,0.0,-5766,-3537,9382,-79,0,4257,1,26141,259,30658,10023,3538,16759,338,30658,-31022170,-19099830,50547390,-425390,0,22951830,5370,140587970,1396230,164941400,53974000,19105200,90040580,1821620,164941400
2019-05-14,5370,5410,5340,5400,80133,0.0,9723,2667,-18828,6438,0,24888,3001,40169,12075,80133,15165,334,58997,5637,80133,52509870,14311770,-101491130,34669490,0,134250650,16115370,216109510,65086640,431562170,81740780,1803600,317600640,30417150,431562170
2019-05-15,5400,5420,5360,5400,37306,0.0,-10268,9757,6002,-5491,0,6102,10001,21203,0,37306,16370,244,15201,5491,37306,-55240450,52410200,32397900,-29567650,0,32797900,53725360,114087330,0,200610590,88038350,1315160,81689430,29567650,200610590
2019-05-16,5440,5440,5330,5380,56577,-0.3703703703703704,-1347,10003,7643,-16299,0,8833,10003,36239,1502,56577,10180,0,28596,17801,56577,-7155240,53762570,40774230,-87381560,0,47550580,53762570,194197580,8054390,303565120,54705820,0,153423350,95435950,303565120
2019-05-17,5390,5410,5380,5400,28546,0.37174721189591076,5921,-3218,-4651,1948,0,5921,1050,19289,2286,28546,0,4268,23940,338,28546,31970070,-17377200,-25109470,10516600,0,31970070,5670000,104090900,12340400,154071370,0,23047200,129200370,1823800,154071370
2019-05-20,5390,5400,5360,5400,77387,0.0,-39743,3430,42913,-6600,0,7395,8430,56456,5106,77387,47138,5000,13543,11706,77387,-213762820,18486300,230858660,-35582140,0,39753540,45486300,303587190,27452660,416279690,253516360,27000000,72728530,63034800,416279690
2019-05-21,5400,5400,5340,5380,109814,-0.3703703703703704,-26335,9758,30567,-13990,0,13738,9758,76267,10051,109814,40073,0,45700,24041,109814,-141398720,52374360,163990570,-74966210,0,73602630,52374360,408693360,53869590,588539940,215001350,0,244702790,128835800,588539940
2019-05-22,5380,5400,5330,5380,52346,0.0,-13678,1,11325,2352,0,13616,1,27163,11566,52346,27294,0,15838,9214,52346,-73282020,5350,60598040,12678630,0,73073550,5350,145420170,62065270,280564340,146355570,0,84822130,49386640,280564340
2019-05-23,5380,5380,5320,5330,189284,-0.929368029739777,-23537,21646,-14070,15961,0,22463,21646,109724,35451,189284,46000,0,123794,19490,189284,-125950790,115896770,-75287560,85341580,0,120018830,115896770,586387930,189672570,1011976100,245969620,0,661675490,104330990,1011976100
2019-05-24,5370,5380,5340,5350,39426,0.37523452157598497,2431,0,-1802,-629,0,13892,0,23139,2395,39426,11461,0,24941,3024,39426,13165280,0,-9752370,-3412910,0,74545410,0,124299890,12832660,211677960,61380130,0,134052260,16245570,211677960
2019-05-27,5350,5390,5340,5380,30214,0.5607476635514018,5124,0,1098,-6222,0,6239,0,22114,1861,30214,1115,0,21016,8083,30214,27541300,0,5732460,-33273760,0,33515270,0,118451250,9976240,161942760,5973970,0,112718790,43250000,161942760
2019-05-28,5390,5400,5350,5360,55692,-0.37174721189591076,23702,1900,-15745,-9857,0,27640,1900,22485,3667,55692,3938,0,38230,13524,55692,127184970,10202000,-84555430,-52831540,0,148293930,10202000,120712910,19697790,298906630,21108960,0,205268340,72529330,298906630
2019-05-29,5390,5390,5360,5380,68644,0.3731343283582089,15848,0,-29349,13501,0,15938,0,33732,18974,68644,90,0,63081,5473,68644,85196270,0,-157800780,72604510,0,85679170,0,181224450,102021390,368925010,482900,0,339025230,29416880,368925010
2019-05-30,5390,5450,5370,5390,98039,0.18587360594795538,34603,650,-31568,-3685,0,35621,650,53963,7805,98039,1018,0,85531,11490,98039,186663740,3497000,-170270910,-19889830,0,192160940,3497000,291195240,42100120,528953300,5497200,0,461466150,61989950,528953300
2019-05-31,5400,5480,5400,5480,52248,1.6697588126159555,-21525,14672,6379,474,0,3948,14672,27636,5992,52248,25473,0,21257,5518,52248,-117056400,79878390,34625050,2552960,0,21444110,79878390,150132650,32572410,284027560,138500510,0,115507600,30019450,284027560
2019-06-03,5470,5650,5470,5620,216528,2.5547445255474455,-26096,0,-6027,32123,0,77883,0,105549,33096,216528,103979,0,111576,973,216528,-145615410,0,-33710280,179325690,0,437257520,0,589456630,184725420,1211439570,582872930,0,623166910,5399730,1211439570
2019-06-04,5650,5650,5510,5580,69955,-0.7117437722419928,-3065,1891,31028,-29854,0,5863,1891,61315,886,69955,8928,0,30287,30740,69955,-16933380,10515140,172344410,-165926170,0,32681480,10515140,340700520,4923720,388820860,49614860,0,168356110,170849890,388820860
2019-06-05,5590,5650,5580,5620,118763,0.7168458781362007,2247,150,4227,-6624,0,53774,150,54244,10595,118763,51527,0,50017,17219,118763,12839780,837000,23487390,-37164170,0,301911000,837000,304527400,59474310,666749710,289071220,0,281040010,96638480,666749710
2019-06-07,5630,5690,5580,5670,52369,0.8896797153024912,10230,-143,-6138,-3949,0,12325,29,39656,359,52369,2095,172,45794,4308,52369,57945380,-811360,-34861090,-22272930,0,69805070,162980,224306460,2034310,296308820,11859690,974340,259167550,24307240,296308820
2019-06-10,5730,5820,5610,5800,107770,2.2927689594356258,1526,-1179,5360,-5707,0,22430,902,69837,14601,107770,20904,2081,64477,20308,107770,8427760,-6695520,30612310,-32344550,0,128222760,5103750,398070510,82698590,614095610,119795000,11799270,367458200,115043140,614095610
2019-06-11,5800,5810,5720,5780,50151,-0.3448275862068966,14083,2800,-6051,-10832,0,16087,2800,29519,1745,50151,2004,0,35570,12577,50151,81384360,16159500,-34918350,-62625510,0,92918770,16159500,170069480,10015760,289163510,11534410,0,204987830,72641270,289163510
2019-06-12,5780,5890,5760,5890,75548,1.9031141868512111,27685,1900,-40392,10807,0,29562,1900,29936,14150,75548,1877,0,70328,3343,75548,161067810,11083000,-234777100,62626290,0,171975810,11083000,174035290,81958470,439052570,10908000,0,408812390,19332180,439052570
2019-06-13,5900,5950,5880,5940,130007,0.8488964346349746,5390,-27946,10741,11815,0,43199,6154,62364,18290,130007,37809,34100,51623,6475,130007,32042250,-165194500,63257550,69894700,0,255366930,36330020,368297810,108097950,768092710,223324680,201524520,305040260,38203250,768092710
2019-06-14,5930,6100,5910,6090,122800,2.525252525252525,-12807,-250,927,12130,0,34751,1750,71556,14743,122800,47558,2000,70629,2613,122800,-74874490,-1460000,3592160,72742330,0,208671720,10540000,428434060,88554290,736200070,283546210,12000000,424841900,15811960,736200070
2019-06-17,6120,6250,6090,6190,140410,1.6420361247947455,1990,800,-7209,4419,0,37978,1000,90995,10437,140410,35988,200,98204,6018,140410,11591280,4963000,-43479310,26925030,0,234017670,6190000,561059810,64222310,865489790,222426390,1227000,604539120,37297280,865489790
2019-06-18,6180,6240,6160,6230,126389,0.6462035541195477,30916,-14123,-12809,-3984,0,30932,0,83709,11748,126389,16,14123,96518,15732,126389,191291710,-87630240,-78896890,-24764580,0,191391150,0,518818970,72755820,782965940,99440,87630240,597715860,97520400,782965940
2019-06-19,6250,6370,6240,6350,195461,1.9261637239165328,47056,-50000,-23328,26272,0,64520,0,101508,29433,195461,17464,50000,124836,3161,195461,295905280,-314245650,-146484040,164824410,0,405931240,0,636904460,184771280,1227606980,110025960,314245650,783388500,19946870,1227606980
2019-06-20,6350,6350,6070,6180,360369,-2.677165354330709,15730,-8317,39080,-46493,0,49639,5589,292795,12346,360369,33909,13906,253715,58839,360369,98694300,-51613670,239535640,-286616270,0,306992100,34530730,1805886850,76059930,2223469610,208297800,86144400,1566351210,362676200,2223469610
2019-06-21,6200,6200,6060,6100,165334,-1.2944983818770228,-55500,-2601,43804,14297,0,10139,2399,130128,22668,165334,65639,5000,86324,8371,165334,-339038190,-15605180,267535320,87108050,0,61746200,14694820,794237070,138276710,1008954800,400784390,30300000,526701750,51168660,1008954800
2019-06-24,6150,6160,6050,6150,80255,0.819672131147541,-18785,-4500,1886,21399,0,12259,0,46499,21497,80255,31044,4500,44613,98,80255,-114512770,-27675000,11637560,130550210,0,74843860,0,284303860,131149800,490297520,189356630,27675000,272666300,599590,490297520
2019-06-25,6180,6180,6120,6160,87185,0.16260162601626016,3256,-17550,6513,7781,0,4275,1450,67084,14376,87185,1019,19000,60571,6595,87185,20003430,-107940990,39916160,48021400,0,26280470,8910000,412228180,88441410,535860060,6277040,116850990,372312020,40420010,535860060
2019-06-26,6090,6200,6090,6150,132204,-0.16233766233766234,3623,2621,-19598,13354,0,14704,2621,100610,14269,132204,11081,0,120208,915,132204,22324020,16046930,-120592880,82221930,0,90174650,16046930,618012520,87839600,812073700,67850630,0,738605400,5617670,812073700
2019-06-27,6060,6120,6060,6110,92386,-0.6504065040650406,19206,2672,-25365,3487,0,23582,2672,51383,14749,92386,4376,0,76748,11262,92386,116975610,16293470,-154457450,21188370,0,143596670,16293470,312712640,89762740,562365520,26621060,0,467170090,68574370,562365520
2019-06-28,6110,6130,6070,6100,59304,-0.16366612111292964,-12421,-641,12796,266,0,4293,3233,44324,7454,59304,16714,3874,31528,7188,59304,-75724070,-3894500,77986600,1631970,0,26184190,19718860,270305100,45486760,361694910,101908260,23613360,192318500,43854790,361694910
2019-07-01,6130,6140,6090,6130,53578,0.49180327868852464,5683,3232,-5912,-3003,0,6133,3232,43264,949,53578,450,0,49176,3952,53578,34832840,19769570,-36248350,-18354060,0,37577840,19769570,264434150,5799130,327580690,2745000,0,300682500,24153190,327580690
2019-07-02,6130,6300,6110,6290,154863,2.6101141924959217,-17090,-21866,35468,3488,0,13759,13531,107106,20467,154863,30849,35397,71638,16979,154863,-105533700,-137060860,221599000,20995560,0,85682430,83502110,668111150,126843060,964138750,191216130,220562970,446512150,105847500,964138750
2019-07-03,6250,6370,6250,6250,68783,-0.6359300476947536,-454,1355,10325,-11226,0,5972,2958,57754,2099,68783,6426,1603,47429,13325,68783,-2794720,8628150,65185250,-71018680,0,37778380,18646900,364539620,13218890,434183790,40573100,10018750,299354370,84237570,434183790
2019-07-04,6230,6340,6220,6320,89801,1.1199999999999999,26750,2589,-25844,-3495,0,32078,2589,47402,7732,89801,5328,0,73246,11227,89801,168147220,16285590,-162380110,-22052700,0,201708310,16285590,298166590,48696500,564856990,33561090,0,460546700,70749200,564856990
2019-07-05,6340,6340,6270,6290,43041,-0.4746835443037975,240,-1184,18507,-17563,0,10997,2563,28605,876,43041,10757,3747,10098,18439,43041,1583000,-7372710,116420290,-110630580,0,69319410,16160390,180081540,5520760,271082100,67736410,23533100,63661250,116151340,271082100
2019-07-08,6290,6310,6180,6240,90197,-0.7949125596184419,-5179,19376,-5906,-8291,0,13141,21076,46585,9395,90197,18320,1700,52491,17686,90197,-32291200,120859740,-36511670,-52056870,0,82095110,131484740,290385810,58518920,562484580,114386310,10625000,326897480,110575790,562484580
2019-07-09,6200,6280,6170,6210,34394,-0.4807692307692308,7944,8471,-12636,-3779,0,9397,8471,14420,2106,34394,1453,0,27056,5885,34394,49323480,52693440,-78439340,-23577580,0,58333200,52693440,89596240,13068890,213691770,9009720,0,168035580,36646470,213691770
2019-07-10,6200,6200,5900,6160,82235,-0.8051529790660225,-10297,506,10759,-968,0,16434,506,51102,14193,82235,26731,0,40343,15161,82235,-62913940,3066630,66153150,-6305840,0,100007940,3066630,312611610,86379060,502065240,162921880,0,246458460,92684900,502065240
2019-07-11,6140,6200,6120,6180,25460,0.3246753246753247,-6798,6,5241,1551,0,231,6,19452,5771,25460,7029,0,14211,4220,25460,-41819580,36780,32408000,9374800,0,1421580,36780,119925350,35423320,156807030,43241160,0,87517350,26048520,156807030
2019-07-12,6180,6180,6050,6090,105234,-1.4563106796116505,-23254,1720,34417,-12883,0,18968,1720,80175,4371,105234,42222,0,45758,17254,105234,-141149480,10517250,209734330,-79102100,0,115325430,10517250,489598660,26634070,642075410,256474910,0,279864330,105736170,642075410
2019-07-15,6180,6180,5890,5900,163662,-3.1198686371100166,-14622,9709,-5091,10004,0,23649,13702,108377,17934,163662,38271,3993,113468,7930,163662,-86535050,58324090,-31186350,59397310,0,140627300,82020670,643194680,106591810,972434460,227162350,23696580,674381030,47194500,972434460
2019-07-16,5900,6050,5820,6040,114786,2.3728813559322033,46989,-3089,-42917,-983,0,63877,2100,39234,9575,114786,16888,5189,82151,10558,114786,281014920,-18480890,-255811960,-6722070,0,381335900,12257880,231842110,56471330,681907220,100320980,30738770,487654070,63193400,681907220
2019-07-17,6040,6060,5940,6010,64809,-0.49668874172185434,16073,1103,-3419,-13757,0,32809,1103,27013,3884,64809,16736,0,30432,17641,64809,96017540,6629000,-19935400,-82711140,0,196027230,6629000,161861920,23109800,387627950,100009690,0,181797320,105820940,387627950
2019-07-18,6010,6050,5950,6050,34433,0.6655574043261231,16050,1100,-8788,-8362,0,19705,1100,13628,0,34433,3655,0,22416,8362,34433,96822440,6642190,-53006580,-50458050,0,118894160,6642190,82246150,0,207782500,22071720,0,135252730,50458050,207782500
2019-07-19,6060,6180,6050,6150,62418,1.6528925619834711,23555,3675,-23433,-3797,0,23898,3675,31818,3027,62418,343,0,55251,6824,62418,143590450,22537750,-143000790,-23127410,0,145692330,22537750,194396170,18461870,381088120,2101880,0,337396960,41589280,381088120
2019-07-22,6150,6200,6080,6170,54611,0.3252032520325203,3890,11858,-1722,-14026,0,25021,11858,17694,38,54611,21131,0,19416,14064,54611,24550410,72819100,-10972220,-86397290,0,154411680,72819100,108952050,234080,336416910,129861270,0,119924270,86631370,336416910
2019-07-23,6200,6240,6140,6240,74363,1.1345218800648298,18699,2788,-12076,-9411,0,54725,2788,14549,2301,74363,36026,0,26625,11712,74363,116057680,17207400,-75091500,-58173580,0,338569950,17207400,89835830,14237790,459850970,222512270,0,164927330,72411370,459850970
2019-07-24,6250,6250,6190,6240,86070,0.0,15527,2343,-5158,-12712,0,74583,2343,8945,199,86070,59056,0,14103,12911,86070,96706760,14576170,-32246940,-79035990,0,463725160,14576170,55568990,1237980,535108300,367018400,0,87815930,80273970,535108300
2019-07-25,6240,6250,6160,6200,90156,-0.641025641025641,1603,1800,-613,-2790,0,65751,1800,21005,1600,90156,64148,0,21618,4390,90156,10041970,11159570,-3880120,-17321420,0,407642980,11159570,130095130,9904050,558801730,397601010,0,133975250,27225470,558801730
2019-07-26,6200,6200,6090,6140,109648,-0.967741935483871,3793,1803,-5832,236,0,65100,1803,35114,7631,109648,61307,0,40946,7395,109648,23088090,11088390,-35441330,1264850,0,398471140,11088390,215397520,46696380,671653430,375383050,0,250838850,45431530,671653430
2019-07-29,6090,6110,6040,6060,60605,-1.3029315960912053,4657,1705,-8182,1820,0,33144,1705,20418,5338,60605,28487,0,28600,3518,60605,28181420,10362340,-49674930,11131170,0,201098890,10362340,123898380,32503280,367862890,172917470,0,173573310,21372110,367862890
2019-07-30,6140,6140,6010,6080,57883,0.33003300330033003,34548,-14824,-14939,-4785,0,41338,1851,13865,829,57883,6790,16675,28804,5614,57883,209107480,-89473490,-90639940,-28994050,0,250210200,11205090,83857630,5015700,350288620,41102720,100678580,174497570,34009750,350288620
2019-07-31,6030,6100,6030,6100,39715,0.3289473684210526,4777,-627,-5584,1434,0,19452,1,17252,3010,39715,14675,628,22836,1576,39715,28926600,-3805930,-33740740,8620070,0,117812730,6030,104667550,18197020,240683330,88886130,3811960,138408290,9576950,240683330
2019-08-01,6100,6100,6040,6090,40110,-0.16393442622950818,-49,-2311,9588,-7228,0,16824,2,22013,1271,40110,16873,2313,12425,8499,40110,-314700,-14037200,58237780,-43885880,0,102097680,12140,133632570,7725590,243467980,102412380,14049340,75394790,51611470,243467980
2019-08-02,6090,6090,6000,6040,67980,-0.8210180623973727,3333,-1047,2117,-4403,0,29170,603,36993,1214,67980,25837,1650,34876,5617,67980,20432770,-6334010,12524300,-26623060,0,176237100,3628120,223258580,7335200,410459000,155804330,9962130,210734280,33958260,410459000
2019-08-05,6030,6030,5880,5930,94728,-1.8211920529801324,14309,-985,-14199,875,0,31837,103,51967,10821,94728,17528,1088,66166,9946,94728,85532300,-5882620,-84644460,4994780,0,189508690,608880,308485850,64226970,562830390,103976390,6491500,393130310,59232190,562830390
2019-08-06,5890,5890,5700,5810,179057,-2.0236087689713322,10775,104,-30679,19800,0,68968,104,77360,32625,179057,58193,0,108039,12825,179057,62210950,610170,-177838660,115017540,0,400543900,610170,447486580,189328410,1037969060,338332950,0,625325240,74310870,1037969060
2019-08-07,5900,5940,5800,5830,145039,0.34423407917383825,-45405,200,40548,4657,0,56331,200,65962,22546,145039,101736,0,25414,17889,145039,-263627570,1167000,235113700,27346870,0,328210750,1167000,383572090,131462960,844412800,591838320,0,148458390,104116090,844412800
2019-08-08,5900,5960,5830,5940,31731,1.8867924528301887,3425,100,-6155,2630,0,4358,100,15013,12260,31731,933,0,21168,9630,31731,20107450,595000,-36377400,15674950,0,25601050,595000,88539390,72392930,187128370,5493600,0,124916790,56717980,187128370
2019-08-09,5900,6130,5900,6100,35890,2.6936026936026933,10205,100,-6474,-3831,0,15871,100,19126,793,35890,5666,0,25600,4624,35890,61356870,610000,-38951630,-23015240,0,95647920,610000,115517830,4797510,216573260,34291050,0,154469460,27812750,216573260
2019-08-12,6100,6140,6070,6120,34708,0.32786885245901637,15607,773,-273,-16107,0,17166,773,16743,26,34708,1559,0,17016,16133,34708,95291700,4726890,-1716540,-98302050,0,104819670,4726890,102211950,158610,211917120,9527970,0,103928490,98460660,211917120
2019-08-13,6170,6170,6060,6110,44844,-0.16339869281045752,21140,100,-14550,-6690,0,24578,100,17348,2818,44844,3438,0,31898,9508,44844,129195080,612000,-88945240,-40861840,0,150203470,612000,106128570,17248470,274192510,21008390,0,195073810,58110310,274192510
2019-08-14,6110,6180,6070,6170,59205,0.9819967266775778,17670,2294,-25283,5319,0,25848,2294,23447,7616,59205,8178,0,48730,2297,59205,108433230,14116450,-155189890,32640210,0,158559000,14116450,143638040,46702360,363015850,50125770,0,298827930,14062150,363015850
2019-08-16,6170,6170,6060,6160,50002,-0.1620745542949757,31491,1579,-25743,-7327,0,42643,1579,4181,1599,50002,11152,0,29924,8926,50002,193708510,9706560,-158376680,-45038390,0,262297550,9706560,25717420,9827650,307549180,68589040,0,184094100,54866040,307549180
2019-08-19,6160,6240,6100,6230,63507,1.1363636363636365,4361,6598,-16308,5349,0,19883,6598,22604,14422,63507,15522,0,38912,9073,63507,27018660,40683490,-100912880,33210730,0,123656500,40683490,140487440,89522360,394349790,96637840,0,241400320,56311630,394349790
2019-08-20,6210,6210,6140,6180,37242,-0.8025682182985553,-3368,2124,11683,-10439,0,14461,2124,20238,419,37242,17829,0,8555,10858,37242,-20675720,13112520,72001360,-64438160,0,89058480,13112520,124913500,2576850,229661350,109734200,0,52912140,67015010,229661350
2019-08-21,6190,6190,6130,6180,36984,0.0,692,767,11098,-12557,0,10012,767,26205,0,36984,9320,0,15107,12557,36984,4159730,4739950,68572480,-77472160,0,61737010,4739950,161876750,0,228353710,57577280,0,93304270,77472160,228353710
2019-08-22,6180,6200,6130,6190,42165,0.16181229773462785,26028,120,-15699,-10449,0,28236,120,13809,0,42165,2208,0,29508,10449,42165,161081190,740400,-97268340,-64553250,0,174757830,740400,85393840,0,260892070,13676640,0,182662180,64553250,260892070
2019-08-23,6190,6190,6130,6180,34662,-0.16155088852988692,9555,1927,-5377,-6105,0,10230,1927,9557,12948,34662,675,0,14934,19053,34662,59051080,11904810,-33246170,-37709720,0,63218760,11904810,58963640,80148120,214235330,4167680,0,92209810,117857840,214235330
2019-08-26,6180,6200,6110,6180,34592,0.0,-739,1850,5818,-6929,0,10107,1850,22635,0,34592,10846,0,16817,6929,34592,-4481550,11399460,35748340,-42666250,0,62219220,11399460,139508850,0,213127530,66700770,0,103760510,42666250,213127530
2019-08-27,6180,6180,6120,6170,48394,-0.16181229773462785,8720,1801,-1161,-9360,0,27470,1801,17351,1772,48394,18750,0,18512,11132,48394,53777020,11082650,-7256360,-57603310,0,168938560,11082650,106601600,10880080,297502890,115161540,0,113857960,68483390,297502890
2019-08-28,6150,6190,6120,6160,47937,-0.1620745542949757,-17951,1,22227,-4277,0,2303,1,45618,15,47937,20254,0,23391,4292,47937,-110702770,6130,137123660,-26427020,0,14122950,6130,281561870,92100,295783050,124825720,0,144438210,26519120,295783050
2019-08-29,6180,6180,6130,6170,19641,0.16233766233766234,4122,1700,-1218,-4604,0,10122,1700,7509,310,19641,6000,0,8727,4914,19641,25360510,10489500,-7522710,-28327300,0,62260510,10489500,46230970,1909600,120890580,36900000,0,53753680,30236900,120890580
2019-08-30,6170,6180,6130,6170,28201,0.0,-4521,6152,3732,-5363,0,5095,6152,16953,1,28201,9616,0,13221,5364,28201,-27835510,37949800,22920440,-33034730,0,31352070,37949800,104408000,6140,173716010,59187580,0,81487560,33040870,173716010
2019-09-02,6170,6210,6140,6180,88147,0.1620745542949757,-16424,2800,11291,2333,0,8085,2800,69427,7835,88147,24509,0,58136,5502,88147,-101769140,17305000,69781600,14682540,0,49887830,17305000,429377730,48603430,545173990,151656970,0,359596130,33920890,545173990
2019-09-03,6190,6210,6150,6200,73730,0.3236245954692557,-22005,1750,21839,-1584,0,6974,1750,62537,2469,73730,28979,0,40698,4053,73730,-136013530,10829500,134919850,-9735820,0,43025950,10829500,386832860,15293730,455982040,179039480,0,251913010,25029550,455982040
2019-09-04,6210,6220,6130,6190,128582,-0.16129032258064516,-9729,1001,11828,-3100,0,70199,1001,55443,1939,128582,79928,0,43615,5039,128582,-59358420,6166170,72306880,-19114630,0,433843990,6166170,341979080,11994000,793983240,493202410,0,269672200,31108630,793983240
2019-09-05,6180,6240,6150,6230,103245,0.6462035541195477,-5228,1000,-3253,7481,0,53050,1000,41081,8114,103245,58278,0,44334,633,103245,-32667660,6200000,-20006660,46474320,0,328686180,6200000,255047560,50402960,640336700,361353840,0,275054220,3928640,640336700
2019-09-06,6240,6250,6190,6220,85570,-0.16051364365971107,28129,1001,-42322,13192,0,44286,1001,27091,13192,85570,16157,0,69413,0,85570,175035500,6226200,-263407640,82145940,0,275497140,6226200,168429830,82145940,532299110,100461640,0,431837470,0,532299110
2019-09-09,6220,6250,6190,6210,53650,-0.1607717041800643,28813,0,-19364,-9449,0,36929,0,15630,1091,53650,8116,0,34994,10540,53650,179245380,0,-120625550,-58619830,0,229654620,0,97199260,6801070,333654950,50409240,0,217824810,65420900,333654950
2019-09-10,6210,6230,6200,6220,24210,0.1610305958132045,17158,100,-13151,-4107,0,18218,100,5780,112,24210,1060,0,18931,4219,24210,106483530,622000,-81603480,-25502050,0,113063390,622000,35913000,695680,150294070,6579860,0,117516480,26197730,150294070
2019-09-11,6230,6230,6190,6230,56958,0.1607717041800643,17521,200,-10078,-7643,0,34759,200,19613,2386,56958,17238,0,29691,10029,56958,108688010,1242000,-62565520,-47364490,0,215555590,1242000,121876020,14845150,353518760,106867580,0,184441540,62209640,353518760
2019-09-16,6230,6260,6220,6240,44383,0.16051364365971107,5865,0,-2845,-3020,0,17850,0,26442,91,44383,11985,0,29287,3111,44383,36578200,0,-17747050,-18831150,0,111272500,0,164957380,567600,276797480,74694300,0,182704430,19398750,276797480
2019-09-17,6240,6240,6210,6240,51113,0.0,3943,-3700,3558,-3801,0,14957,0,35567,589,51113,11014,3700,32009,4390,51113,24596370,-22988730,22045670,-23653310,0,93136320,0,221472980,3668880,318278180,68539950,22988730,199427310,27322190,318278180
2019-09-18,6240,6240,6200,6210,35585,-0.4807692307692308,-2049,-3599,6456,-808,0,11021,101,23817,646,35585,13070,3700,17361,1454,35585,-12684110,-22367590,40063350,-5011650,0,68499580,629220,148023760,4024560,221177120,81183690,22996810,107960410,9036210,221177120
2019-09-19,6200,6280,6200,6280,120378,1.1272141706924315,34916,-3600,-41653,10337,0,87146,100,22295,10837,120378,52230,3700,63948,500,120378,218191930,-22464000,-260378030,64650100,0,545666060,624000,139436220,67775100,753501380,327474130,23088000,399814250,3125000,753501380
2019-09-20,6280,6600,6280,6530,212599,3.9808917197452227,71506,770,-101321,29045,0,95870,770,81359,34600,212599,24364,0,182680,5555,212599,461531600,4969540,-652106350,185605210,0,618343840,4969540,524741700,220536760,1368591840,156812240,0,1176848050,34931550,1368591840
2019-09-23,6490,6650,6490,6620,73664,1.3782542113323124,9998,100,-21402,11304,0,20455,100,37423,15686,73664,10457,0,58825,4382,73664,66120830,659000,-141501880,74722050,0,135143340,659000,247221440,103719810,486743590,69022510,0,388723320,28997760,486743590
2019-09-24,6580,6650,6580,6590,33430,-0.4531722054380665,2016,201,1778,-3995,0,11775,201,20488,966,33430,9759,0,18710,4961,33430,13383850,1329590,11716970,-26430410,0,77811960,1329590,135370660,6375000,220887210,64428110,0,123653690,32805410,220887210
2019-09-25,6590,6590,6460,6490,58554,-1.5174506828528074,6019,-1635,10203,-14587,0,19580,204,37817,953,58554,13561,1839,27614,15540,58554,39645050,-10748160,66185320,-95082210,0,127763240,1334070,246465740,6230410,381793460,88118190,12082230,180280420,101312620,381793460
2019-09-26,6470,6640,6470,6590,49374,1.5408320493066257,25861,100,-24182,-1779,0,30400,100,12828,6046,49374,4539,0,37010,7825,49374,170715200,659000,-159178450,-12195750,0,200722970,659000,84766530,39452990,325601490,30007770,0,243944980,51648740,325601490
2019-09-27,6590,6670,6570,6620,62408,0.4552352048558422,22873,100,-11431,-11542,0,47031,100,13705,1572,62408,24158,0,25136,13114,62408,151304950,666830,-75707030,-76264750,0,310980320,666830,90632030,10377250,412656430,159675370,0,166339060,86642000,412656430
2019-09-30,6580,6680,6580,6640,103625,0.3021148036253776,-12510,100,7060,5350,0,65373,100,29981,8171,103625,77883,0,22921,2821,103625,-83021550,664000,46795000,35562550,0,434042300,664000,199168170,54340120,688214590,517063850,0,152373170,18777570,688214590
2019-10-01,6670,6700,6610,6620,83454,-0.30120481927710846,22623,209,-14113,-8719,0,65977,209,14551,2717,83454,43354,0,28664,11436,83454,150648700,1388670,-94106410,-57930960,0,438086860,1388670,96421040,18004800,553901370,287438160,0,190527450,75935760,553901370
2019-10-02,6650,7200,6640,6690,116268,1.0574018126888218,2320,2360,-8334,3654,0,42286,2360,62041,9581,116268,39966,0,70375,5927,116268,15343640,15771200,-55348790,24233950,0,283436940,15771200,416667590,64104660,779980390,268093300,0,472016380,39870710,779980390
2019-10-04,6740,6810,6660,6750,142213,0.8968609865470852,18814,12,-19464,638,0,79970,12,57580,4651,142213,61156,0,77044,4013,142213,126920130,80400,-131107210,4106680,0,536547630,80400,386878120,31204690,954710840,409627500,0,517985330,27098010,954710840
2019-10-07,6730,6880,6730,6830,151735,1.1851851851851851,21333,3015,-44677,20329,0,77572,3015,47770,23378,151735,56239,0,92447,3049,151735,144728980,20561300,-303908030,138617750,0,528118470,20561300,325649030,159394010,1033722810,383389490,0,629557060,20776260,1033722810
2019-10-08,6830,6890,6820,6880,133495,0.7320644216691069,25602,590,-41961,15769,0,75625,590,40273,17007,133495,50023,0,82234,1238,133495,175728610,4055160,-288115370,108331600,0,518809200,4055160,276250990,116819740,915935090,343080590,0,564366360,8488140,915935090
2019-10-10,6890,7000,6890,6930,171897,0.7267441860465116,24599,-500,-12555,-11544,0,96016,0,60636,15245,171897,71417,500,73191,26789,171897,171057430,-3463000,-88177040,-79417390,0,665708000,0,420603870,106311000,1192622870,494650570,3463000,508780910,185728390,1192622870
2019-10-11,6980,6980,6790,6800,117829,-1.875901875901876,-34214,-6791,52802,-11797,0,36298,2209,72033,7289,117829,70512,9000,19231,19086,117829,-233069250,-46418570,361452190,-81964370,0,249142910,15021440,493524150,49575550,807264050,482212160,61440010,132071960,131539920,807264050
2019-10-14,6800,6880,6800,6830,78409,0.4411764705882353,-8200,624,16482,-8906,0,35054,624,38629,4102,78409,43254,0,22147,13008,78409,-56042640,4254770,112748200,-60960330,0,239153070,4254770,263935100,27938670,535281610,295195710,0,151186900,88899000,535281610
2019-10-15,6830,6930,6830,6930,100983,1.4641288433382138,11637,0,-20870,9233,0,69972,0,15121,15890,100983,58335,0,35991,6657,100983,80003520,0,-143790530,63787010,0,481818290,0,104196730,109499000,695514020,401814770,0,247987260,45711990,695514020
2019-10-16,6950,6990,6910,6960,112507,0.4329004329004329,-16914,268,12065,4581,0,51332,404,47500,13271,112507,68246,136,35435,8690,112507,-116976950,1858590,83251670,31866690,0,356043800,2799710,329662040,92223390,780728940,473020750,941120,246410370,60356700,780728940
2019-10-17,6930,7030,6930,7020,179028,0.8620689655172413,-21638,-2292,-27108,51038,0,39430,38,86350,53210,179028,61068,2330,113458,2172,179028,-151654220,-16090020,-189412840,357157080,0,275459410,264480,603608400,372378800,1251711090,427113630,16354500,793021240,15221720,1251711090
2019-10-18,7020,7110,7020,7090,203718,0.9971509971509971,-62444,4648,32090,25706,0,80455,5100,79559,38604,203718,142899,452,47469,12898,203718,-441780940,32821840,226614200,182344900,0,569625440,36008430,562925720,273495970,1442055560,1011406380,3186590,336311520,91151070,1442055560
2019-10-21,7140,7210,7090,7180,169266,1.2693935119887165,23606,-58,-56063,32515,0,42877,442,92067,33880,169266,19271,500,148130,1365,169266,169404700,-408900,-402700960,233705160,0,307515680,3181100,660708230,243475710,1214880720,138110980,3590000,1063409190,9770550,1214880720
2019-10-22,7220,7230,7070,7080,136513,-1.392757660167131,22388,-6074,10907,-27221,0,47064,200,81383,7866,136513,24676,6274,70476,35087,136513,158990780,-43015950,77600360,-193575190,0,334046630,1416000,578616000,56032320,970110950,175055850,44431950,501015640,249607510,970110950
2019-10-23,7080,7130,7000,7130,106015,0.7062146892655368,7033,-6440,8932,-9525,0,30211,200,70819,4785,106015,23178,6640,61887,14310,106015,49330660,-45415020,63615220,-67530860,0,212927150,1418150,499888110,33773570,748006980,163596490,46833170,436272890,101304430,748006980
2019-10-24,7130,7170,7010,7080,31204,-0.7012622720897616,2974,200,9102,-12276,0,5786,200,25202,16,31204,2812,0,16100,12292,31204,21222920,1416000,64313820,-86952740,0,41001450,1416000,178131280,113120,220661850,19778530,0,113817460,87065860,220661850
2019-10-25,7080,7090,6960,7070,101557,-0.14124293785310735,11550,-2452,7052,-16150,0,47651,200,52833,873,101557,36101,2652,45781,17023,101557,81014290,-17185480,49566960,-113395770,0,333825490,1407000,370362400,6127820,711722710,252811200,18592480,320795440,119523590,711722710
2019-10-28,7060,7060,6930,7000,127933,-0.9900990099009901,15263,-5242,-6351,-3670,0,47590,230,66871,13242,127933,32327,5472,73222,16912,127933,106272740,-36484750,-43969190,-25818800,0,331421060,1608230,465379970,91941110,890350370,225148320,38092980,509349160,117759910,890350370
2019-10-29,6990,7040,6970,7000,43322,0.0,3685,205,-2043,-1847,0,20602,205,20686,1829,43322,16917,0,22729,3676,43322,25823470,1434950,-14299690,-12958730,0,144477500,1434950,144995730,12812600,303720780,118654030,0,159295420,25771330,303720780
2019-10-30,6980,7120,6940,7100,153354,1.4285714285714286,-4663,3694,-1242,2211,0,26570,7100,112303,7381,153354,31233,3406,113545,5170,153354,-33165290,26376850,-8711070,15499510,0,186898900,50389150,791915600,51864890,1081068540,220064190,24012300,800626670,36365380,1081068540
2019-10-31,7080,7150,6940,7030,130493,-0.9859154929577465,7227,3209,2433,-12869,0,39595,3919,84463,2516,130493,32368,710,82030,15385,130493,50980520,22504100,17517870,-91002490,0,279005770,27530900,594932050,17704510,919173230,228025250,5026800,577414180,108707000,919173230
2019-11-01,7030,7080,6950,7020,109683,-0.1422475106685633,39437,4056,-43396,-97,0,58473,4056,45579,1575,109683,19036,0,88975,1672,109683,276569660,28369390,-304273820,-665230,0,409596200,28369390,319111420,11023150,768100160,133026540,0,623385240,11688380,768100160
2019-11-04,7020,7140,6990,7140,155943,1.7094017094017095,26867,1495,-49408,21046,0,63930,1495,63901,26617,155943,37063,0,113309,5571,155943,189212240,10651350,-348197220,148333630,0,451840830,10651350,452586980,187749090,1102828250,262628590,0,800784200,39415460,1102828250
2019-11-05,7190,7540,7160,7480,340575,4.761904761904762,99743,-1185,-155234,56676,0,150592,1420,119929,68634,340575,50849,2605,275163,11958,340575,736600120,-8824350,-1144157460,416381690,0,1111043520,10653400,888036420,504591470,2514324810,374443400,19477750,2032193880,88209780,2514324810
2019-11-06,7480,7810,7450,7780,359160,4.010695187165775,169297,300,-171687,2090,0,215650,600,97269,45641,359160,46353,300,268956,43551,359160,1291157260,2180640,-1311365490,18027590,0,1646016500,4513000,745108590,349267310,2744905400,354859240,2332360,2056474080,331239720,2744905400
2019-11-07,7810,7880,7620,7840,230197,0.7712082262210797,80637,-16231,-75368,10962,0,111856,1261,81908,35172,230197,31219,17492,157276,24210,230197,627307810,-126382270,-585321460,84395920,0,869845540,9936530,634886590,272574790,1787243450,242537730,136318800,1220208050,188178870,1787243450
2019-11-08,7850,7900,7220,7530,131222,-3.9540816326530615,32705,148,-22827,-10026,0,51703,148,65852,13519,131222,18998,0,88679,23545,131222,255345760,1119870,-175348580,-81117050,0,399920420,1119870,505212700,101767960,1008020950,144574660,0,680561280,182885010,1008020950
2019-11-11,7560,7580,7250,7400,127087,-1.7264276228419653,19043,203,-27543,8297,0,43352,203,69815,13717,127087,24309,0,97358,5420,127087,139095070,1493660,-201278700,60689970,0,318435190,1493660,513444040,100932900,934305790,179340120,0,714722740,40242930,934305790
2019-11-12,7300,7510,7300,7490,95820,1.2162162162162162,18025,100,-1344,-16781,0,57323,100,33028,5369,95820,39298,0,34372,22150,95820,134088460,749000,-10030920,-124806540,0,425277190,749000,244197160,39800900,710024250,291188730,0,254228080,164607440,710024250
2019-11-13,7540,7540,7390,7460,75511,-0.4005340453938585,28431,102,-5921,-22612,0,55102,102,17459,2848,75511,26671,0,23380,25460,75511,212946120,757860,-44549440,-169154540,0,411582540,757860,129948160,21131050,563419610,198636420,0,174497600,190285590,563419610
2019-11-14,7460,7460,7220,7230,146117,-3.0831099195710454,4343,463,-2895,-1911,0,87030,463,46765,11859,146117,82687,0,49660,13770,146117,32002190,3355410,-21600130,-13757470,0,634118490,3355410,340114900,86527520,1064116320,602116300,0,361715030,100284990,1064116320
2019-11-15,7320,7320,7140,7270,79958,0.5532503457814661,4178,1531,-2042,-3667,0,39243,3531,33937,3247,79958,35065,2000,35979,6914,79958,30106410,10903830,-14311140,-26699100,0,282508170,25263830,244279160,23286260,575337420,252401760,14360000,258590300,49985360,575337420
2019-11-18,7270,7290,6950,7000,351603,-3.7138927097661623,-68760,-1859,38437,32182,0,66758,7192,240417,37236,351603,135518,9051,201980,5054,351603,-480509230,-12992930,268713690,224788470,0,466977630,50428360,1681493350,260783050,2459682390,947486860,63421290,1412779660,35994580,2459682390
2019-11-19,7010,7290,7000,7250,130197,3.571428571428571,14350,100,-11977,-2473,0,69831,100,47801,12465,130197,55481,0,59778,14938,130197,101794740,725000,-83986350,-18533390,0,499759420,725000,343065020,88743850,932293290,397964680,0,427051370,107277240,932293290
2019-11-20,7110,7290,7110,7280,120633,0.41379310344827586,74671,500,-57754,-17417,0,103132,500,11361,5640,120633,28461,0,69115,23057,120633,539456110,3611000,-416733410,-126333700,0,745303720,3611000,81915060,40732490,871562270,205847610,0,498648470,167066190,871562270
2019-11-21,7270,7270,7050,7100,67959,-2.4725274725274726,-8796,302,14923,-6429,0,26631,302,34620,6406,67959,35427,0,19697,12835,67959,-61164280,2144350,105931460,-46911530,0,190492150,2144350,246417380,45374440,484428320,251656430,0,140485920,92285970,484428320
2019-11-22,7100,7190,7100,7150,40568,0.7042253521126761,6040,100,748,-6888,0,27586,100,11406,1476,40568,21546,0,10658,8364,40568,42945110,712000,5430410,-49087520,0,196305760,712000,81283080,10526700,288827540,153360650,0,75852670,59614220,288827540
2019-11-25,7110,7190,7110,7150,66271,0.0,676,100,11551,-12327,0,22608,100,41882,1681,66271,21932,0,30331,14008,66271,4922190,715000,82288480,-87925670,0,161403140,715000,298729410,12058030,472905580,156480950,0,216440930,99983700,472905580
2019-11-26,7150,7150,7000,7020,90706,-1.8181818181818181,-15764,2348,14873,-1457,0,26491,2817,53902,7496,90706,42255,469,39029,8953,90706,-110565760,16477460,104718320,-10630020,0,186596180,19778270,379187810,52586860,638149120,297161940,3300810,274469490,63216880,638149120
2019-11-27,6970,7080,6970,7040,63773,0.2849002849002849,-4254,100,3549,605,0,20928,100,37931,4814,63773,25182,0,34382,4209,63773,-29505360,702000,24562320,4241040,0,147202970,702000,266116890,33899070,447920930,176708330,0,241554570,29658030,447920930
2019-11-28,7040,7040,6970,7000,64394,-0.5681818181818182,17428,-79,-10718,-6631,0,27904,101,35728,661,64394,10476,180,46446,7292,64394,122064810,-550190,-75073050,-46441570,0,195379000,708990,250033680,4627000,450748670,73314190,1259180,325106730,51068570,450748670
2019-11-29,6970,7190,6970,7110,67465,1.5714285714285716,52424,-3446,-32660,-16318,0,54599,100,10374,2392,67465,2175,3546,43034,18710,67465,371910500,-24186890,-231521460,-116202150,0,387391000,711000,72950980,16832590,477885570,15480500,24897890,304472440,133034740,477885570
2019-12-02,7110,7170,6980,7000,69729,-1.5471167369901548,7925,101,5204,-13230,0,30549,101,37451,1628,69729,22624,0,32247,14858,69729,55769090,707060,36431330,-92907480,0,214100990,707060,262687790,11455480,488951320,158331900,0,226256460,104362960,488951320
2019-12-03,7010,7010,6780,6830,237418,-2.4285714285714284,-26275,101,28726,-2552,0,102453,101,116919,17945,237418,128728,0,88193,20497,237418,-173395460,692960,192251820,-19549320,0,707295720,692960,802904090,122639420,1633532190,880691180,0,610652270,142188740,1633532190
2019-12-04,6770,6940,6770,6910,143852,1.171303074670571,10385,200,-17042,6457,0,75036,200,54544,14072,143852,64651,0,71586,7615,143852,71696460,1375000,-117525530,44454070,0,516496900,1375000,374835020,96860930,989567850,444800440,0,492360550,52406860,989567850
2019-12-05,6900,7070,6900,6970,33252,0.8683068017366137,4663,100,-8586,3823,0,9296,100,17866,5990,33252,4633,0,26452,2167,33252,32662870,697000,-59999120,26639250,0,64979180,697000,124567410,41819450,232063040,32316310,0,184566530,15180200,232063040
2019-12-06,6970,7010,6910,6910,64269,-0.860832137733142,15047,-522,-4529,-9996,0,38087,100,19336,6746,64269,23040,622,23865,16742,64269,105146990,-3620760,-31882960,-69643270,0,265110390,692400,134326830,46938140,447067760,159963400,4313160,166209790,116581410,447067760
2019-12-09,6920,6970,6630,6650,155836,-3.762662807525326,-52876,-5550,60051,-1625,0,29940,101,119413,6382,155836,82816,5651,59362,8007,155836,-355843650,-37095250,404315280,-11376380,0,201028490,671760,803358420,43171020,1048229690,556872140,37767010,399043140,54547400,1048229690
2019-12-10,6640,6690,6500,6510,282961,-2.1052631578947367,-81416,202,36007,45207,0,134111,202,97272,51376,282961,215527,0,61265,6169,282961,-532396530,1328100,235424240,295644190,0,878122560,1328100,636340470,336068170,1851859300,1410519090,0,400916230,40423980,1851859300
2019-12-11,6570,6600,6290,6320,349387,-2.9185867895545314,-198516,-793,171654,27655,0,100371,620,213216,35180,349387,298887,1413,41562,7525,349387,-1269315580,-5178900,1098151710,176342770,0,643776280,4005600,1364963520,225210700,2237956100,1913091860,9184500,266811810,48867930,2237956100
2019-12-12,6280,6460,6280,6350,376012,0.4746835443037975,-214470,78568,99952,35950,0,78129,79691,160456,57736,376012,292599,1123,60504,21786,376012,-1358817640,497736800,632778920,228301920,0,495606740,504855230,1017219360,366620600,2384301930,1854424380,7118430,384440440,138318680,2384301930
2019-12-13,6490,6700,6370,6610,489656,4.094488188976378,-203533,76807,82213,44513,0,207291,76807,129636,75922,489656,410824,0,47423,31409,489656,-1323636340,501925970,533726510,287983860,0,1356868410,501925970,842077390,493799380,3194671150,2680504750,0,308350880,205815520,3194671150
2019-12-16,6560,6850,6560,6820,457466,3.177004538577912,-103191,34383,47242,21566,0,242325,34883,125071,55187,457466,345516,500,77829,33621,457466,-685793890,231623180,312730970,141439740,0,1626880160,235017180,837331500,367324160,3066553000,2312674050,3394000,524600530,225884420,3066553000
2019-12-17,6820,6820,6660,6790,74418,-0.43988269794721413,25050,101,-6420,-18731,0,39498,301,22722,11897,74418,14448,200,29142,30628,74418,169439620,672710,-43203370,-126908960,0,267171450,2032710,153644170,80601030,503449360,97731830,1360000,196847540,207509990,503449360
2019-12-18,6790,6870,6710,6840,65519,0.7363770250368188,18360,100,-11067,-7393,0,27902,100,24221,13296,65519,9542,0,35288,20689,65519,125220370,686000,-75282510,-50623860,0,190312690,686000,165274800,90711340,446984830,65092320,0,240557310,141335200,446984830
2019-12-19,6850,6850,6740,6820,67564,-0.29239766081871343,4454,21615,-8796,-17273,0,23922,22273,14302,7067,67564,19468,658,23098,24340,67564,30532790,146129200,-59619450,-117042540,0,162262910,150569870,96798830,47946260,457577870,131730120,4440670,156418280,164988800,457577870
2019-12-20,6820,6820,6720,6800,81471,-0.2932551319648094,11568,-4198,11095,-18465,0,38055,202,36817,6397,81471,26487,4400,25722,24862,81471,78512060,-28283030,74775210,-125004240,0,257697630,1368520,248684830,43234080,550985060,179185570,29651550,173909620,168238320,550985060
2019-12-23,6800,6800,6730,6780,25360,-0.29411764705882354,3104,201,3458,-6763,0,8603,201,16441,115,25360,5499,0,12983,6878,25360,21063110,1358740,23292460,-45714310,0,58138440,1358740,111036580,776250,171310010,37075330,0,87744120,46490560,171310010
2019-12-24,6780,6860,6710,6860,101213,1.1799410029498525,33863,-40,-15507,-18316,0,41199,201,58070,1743,101213,7336,241,73577,20059,101213,230444850,-261510,-105644190,-124539150,0,279991620,1365240,393056980,11790580,686204420,49546770,1626750,498701170,136329730,686204420
2019-12-26,6860,6990,6860,6940,172558,1.1661807580174928,46720,-26637,1325,-21408,0,88941,4551,75297,3769,172558,42221,31188,73972,25177,172558,324352540,-184814420,8654600,-148192720,0,616224100,31514660,520544320,26093770,1194376850,291871560,216329080,511889720,174286490,1194376850
2019-12-27,6810,6870,6700,6850,109742,-1.2968299711815563,38767,2202,-19405,-21564,0,87512,2202,18356,1672,109742,48745,0,37761,23236,109742,265720550,15101700,-133121210,-147701040,0,599331810,15101700,125164430,11357400,750955340,333611260,0,258285640,159058440,750955340
2019-12-30,6880,6880,6790,6800,41521,-0.7299270072992701,4974,168,5022,-10164,0,22335,201,17954,1031,41521,17361,33,12932,11195,41521,34083560,1143090,33990550,-69217200,0,152482890,1368810,122249640,7033790,283135130,118399330,225720,88259090,76250990,283135130
2020-01-02,6800,6820,6720,6730,67846,-1.0294117647058822,1091,2318,8618,-12027,0,36192,2318,26273,3063,67846,35101,0,17655,15090,67846,7469140,15694350,58232380,-81395870,0,244708530,15694350,177808650,20756730,458968260,237239390,0,119576270,102152600,458968260
2020-01-03,6740,6740,6640,6730,130907,0.0,14070,6978,-29680,8632,0,55976,6978,49270,18683,130907,41906,0,78950,10051,130907,93736180,46685200,-198149980,57728600,0,373553920,46685200,328433300,124817020,873489440,279817740,0,526583280,67088420,873489440
2020-01-06,6690,6730,6620,6640,86859,-1.337295690936107,11875,2510,-17307,2922,0,25430,2510,47551,11368,86859,13555,0,64858,8446,86859,78848210,16721410,-115231080,19661460,0,169182840,16721410,316083590,75837500,577825340,90334630,0,431314670,56176040,577825340
2020-01-07,6620,6700,6550,6560,65422,-1.2048192771084338,-1674,3645,23728,-25699,0,20379,3645,39537,1861,65422,22053,0,15809,27560,65422,-11119360,23940260,156377530,-169198430,0,133990240,23940260,260251160,12264570,430446230,145109600,0,103873630,181463000,430446230
2020-01-08,6630,6630,6450,6540,120701,-0.3048780487804878,16699,23101,-42040,2240,0,49663,23101,35743,12194,120701,32964,0,77783,9954,120701,108196040,150568480,-273402520,14638000,0,322663620,150568480,231948060,79285840,784466000,214467580,0,505350580,64647840,784466000
2020-01-09,6540,6640,6500,6610,29526,1.0703363914373087,15593,2700,-3785,-14508,0,17074,2700,9696,56,29526,1481,0,13481,14564,29526,102809240,17858490,-24933910,-95733820,0,112574190,17858490,63831370,365460,194629510,9764950,0,88765280,96099280,194629510
2020-01-10,6600,6600,6500,6530,36901,-1.2102874432677762,-663,2501,5192,-7030,0,9292,2501,24095,1013,36901,9955,0,18903,8043,36901,-4348750,16339510,33863340,-45854100,0,60592160,16339510,157123550,6610520,240665740,64940910,0,123260210,52464620,240665740
2020-01-13,6500,6500,6400,6410,112977,-1.8376722817764166,25821,1477,-18101,-9197,0,62152,2015,48355,455,112977,36331,538,66456,9652,112977,166071730,9541570,-116227770,-59385530,0,399749670,13005730,311404630,2938220,727098250,233677940,3464160,427632400,62323750,727098250
2020-01-14,6390,6410,6160,6330,125906,-1.24804992199688,14324,-121,-29092,14889,0,32405,103,74260,19138,125906,18081,224,103352,4249,125906,89486790,-749040,-181986800,93249050,0,203278510,651800,467117040,120186220,791233570,113791720,1400840,649103840,26937170,791233570
2020-01-15,6310,6420,6270,6390,63897,0.9478672985781991,2522,101,13574,-16197,0,35291,101,28262,243,63897,32769,0,14688,16440,63897,16855330,645270,85531930,-103032530,0,224330820,645270,179004510,1527150,405507750,207475490,0,93472580,104559680,405507750
2020-01-16,6310,6530,6310,6340,87716,-0.7824726134585289,1216,-319,2906,-3803,0,38066,100,41190,8360,87716,36850,419,38284,12163,87716,8609270,-2023770,18286920,-24872420,0,243037290,633440,263241470,53542900,560455100,234428020,2657210,244954550,78415320,560455100
2020-01-17,6340,6380,6220,6250,104066,-1.4195583596214512,-17240,3327,15316,-1403,0,42502,3797,55255,2512,104066,59742,470,39939,3915,104066,-107371890,20713340,95464840,-8806290,0,266250570,23664400,345497710,15793160,651205840,373622460,2951060,250032870,24599450,651205840
2020-01-20,6250,6340,6210,6300,73238,0.8,43483,101,-28550,-15034,0,54275,101,14859,4003,73238,10792,0,43409,19037,73238,273761360,636260,-179982580,-94415040,0,341729840,636260,93361660,25195950,460923710,67968480,0,273344240,119610990,460923710
2020-01-21,6240,6330,6230,6320,48890,0.31746031746031744,19118,-239,-7167,-11712,0,38388,0,8673,1829,48890,19270,239,15840,13541,48890,120316620,-1500920,-45115490,-73700210,0,241743500,0,54453410,11472710,307669620,121426880,1500920,99568900,85172920,307669620
2020-01-22,6390,6390,6240,6260,38192,-0.949367088607595,1571,1,14578,-16150,0,15225,1,22750,216,38192,13654,0,8172,16366,38192,10081450,6270,91232540,-101320260,0,95756400,6270,142558520,1353340,239674530,85674950,0,51325980,102673600,239674530
2020-01-23,6300,6300,6200,6260,35856,0.0,3325,610,178,-4113,0,14324,610,14840,6082,35856,10999,0,14662,10195,35856,20733170,3813500,1279010,-25825680,0,89462330,3813500,92653370,37830040,223759240,68729160,0,91374360,63655720,223759240
2020-01-28,6260,6260,6110,6140,51901,-1.9169329073482428,16399,204,-2465,-14138,0,19156,204,30059,2482,51901,2757,0,32524,16620,51901,100663220,1253550,-15090600,-86826170,0,117589210,1253550,184620050,15260450,318723260,16925990,0,199710650,102086620,318723260
2020-01-29,6180,6220,6150,6210,23853,1.1400651465798046,342,100,4033,-4475,0,12044,100,10893,816,23853,11702,0,6860,5291,23853,2153480,620000,24945630,-27719110,0,74398990,620000,67375840,5062620,147457450,72245510,0,42430210,32781730,147457450
2020-01-30,6240,6270,6170,6190,38551,-0.322061191626409,2962,-87,7553,-10428,0,10457,0,26593,1501,38551,7495,87,19040,11929,38551,18330460,-537660,47057110,-64849910,0,64976070,0,165201210,9338900,239516180,46645610,537660,118144100,74188810,239516180
2020-01-31,6190,6220,6130,6140,66893,-0.8077544426494345,-28391,2,34307,-5918,0,16498,2,41712,8681,66893,44889,0,7405,14599,66893,-175029510,12320,211323340,-36306150,0,101549420,12320,256884110,53578350,412024200,276578930,0,45560770,89884500,412024200
2020-02-03,6100,6350,6100,6340,93638,3.257328990228013,22955,939,-14472,-9422,0,56594,939,30559,5546,93638,33639,0,45031,14968,93638,143338520,5827410,-90170480,-58995450,0,353394500,5827410,189619360,34041720,582882990,210055980,0,279789840,93037170,582882990
2020-02-04,6390,6390,6230,6290,32586,-0.7886435331230284,430,-9,11170,-11591,0,11835,1,19973,777,32586,11405,10,8803,12368,32586,2673350,-56340,70053220,-72670230,0,74164120,6260,125148810,4867160,204186350,71490770,62600,55095590,77537390,204186350
2020-02-05,6290,6330,6250,6300,34365,0.1589825119236884,16065,300,-4636,-11729,0,19430,300,12390,2245,34365,3365,0,17026,13974,34365,100925710,1884000,-28932850,-73876860,0,122084440,1884000,77765800,14054200,215788440,21158730,0,106698650,87931060,215788440
2020-02-06,6250,6330,6240,6300,49567,0.0,19965,101,-12170,-7896,0,35363,101,12251,1852,49567,15398,0,24421,9748,49567,125689880,636270,-76559320,-49766830,0,222723120,636270,76752710,11599800,311711900,97033240,0,153312030,61366630,311711900
2020-02-07,6310,6310,6260,6300,20866,0.0,8911,100,-773,-8238,0,15151,100,4847,768,20866,6240,0,5620,9006,20866,55973380,630000,-4849130,-51754250,0,95225720,630000,30484530,4828100,131168350,39252340,0,35333660,56582350,131168350
2020-02-10,6280,6310,6270,6310,30087,0.15873015873015872,9837,100,-8578,-1359,0,10488,100,17157,2342,30087,651,0,25735,3701,30087,61954240,631000,-54043550,-8541690,0,66062000,631000,108122440,14747660,189563100,4107760,0,162165990,23289350,189563100
2020-02-11,6330,6400,6320,6330,47474,0.31695721077654515,-3733,100,4898,-1265,0,21818,100,20026,5530,47474,25551,0,15128,6795,47474,-23905490,633000,31165450,-7892960,0,138447060,633000,127470660,35251400,301802120,162352550,0,96305210,43144360,301802120
2020-02-12,6340,6350,6210,6250,120619,-1.263823064770932,-31494,3,41285,-9794,0,62797,3,55606,2213,120619,94291,0,14321,12007,120619,-196767920,18870,258168950,-61419900,0,391995660,18870,347964870,13930190,753909590,588763580,0,89795920,75350090,753909590
2020-02-13,6250,6290,6180,6200,104456,-0.8,-5625,196,7183,-1754,0,81180,196,20167,2913,104456,86805,0,12984,4667,104456,-35052970,1219000,44851010,-11017040,0,506272810,1219000,125710650,18139090,651341550,541325780,0,80859640,29156130,651341550
2020-02-14,6200,6240,6010,6020,229590,-2.903225806451613,-113036,16167,101820,-4951,0,73633,16172,135637,4148,229590,186669,5,33817,9099,229590,-683021480,97532280,616093860,-30604660,0,445654360,97563280,820589850,25207490,1389014980,1128675840,31000,204495990,55812150,1389014980
2020-02-17,6030,6080,5860,5910,172393,-1.8272425249169437,-21961,102,4740,17119,0,44166,102,99424,28701,172393,66127,0,94684,11582,172393,-129855220,603080,28179440,101072700,0,263688890,603080,590127330,170291160,1024710460,393544110,0,561947890,69218460,1024710460
2020-02-18,5920,5970,5860,5890,58225,-0.338409475465313,-25062,148,30723,-5809,0,11399,148,43922,2756,58225,36461,0,13199,8565,58225,-147777050,872680,181131450,-34227080,0,67202450,872680,258866650,16311630,343253410,214979500,0,77735200,50538710,343253410
2020-02-19,5890,5960,5840,5940,56433,0.8488964346349746,-4674,384,6955,-2665,0,19890,384,30809,5350,56433,24564,0,23854,8015,56433,-27900570,2270440,41490940,-15860810,0,117534990,2270440,181779430,31448770,333033630,145435560,0,140288490,47309580,333033630
2020-02-20,5940,5950,5850,5910,37669,-0.5050505050505051,2496,1348,1145,-4989,0,14425,1348,20254,1642,37669,11929,0,19109,6631,37669,14753330,7965300,6719950,-29438580,0,85207960,7965300,119511190,9700710,222385160,70454630,0,112791240,39139290,222385160
2020-02-21,5920,5920,5750,5800,142142,-1.8612521150592216,-29215,-17231,49584,-3138,0,18360,203,120799,2780,142142,47575,17434,71215,5918,142142,-168688110,-100122480,287178110,-18367520,0,106378840,1176410,698310550,16086350,821952150,275066950,101298890,411132440,34453870,821952150
2020-02-24,5760,5880,5710,5720,121947,-1.3793103448275863,-11276,112,8484,2680,0,42430,112,60076,19329,121947,53706,0,51592,16649,121947,-63385410,641810,46799120,15944480,0,245781090,641810,345573770,111922140,703918810,309166500,0,298774650,95977660,703918810
2020-02-25,5710,5840,5670,5720,74622,0.0,-44587,-578,47377,-2212,0,8077,11,58015,8519,74622,52664,589,10638,10731,74622,-254428310,-3299230,270197940,-12470400,0,46094700,62620,330978210,48715490,425851020,300523010,3361850,60780270,61185890,425851020
2020-02-26,5700,5720,5650,5690,49044,-0.5244755244755245,-547,-5824,18373,-12002,0,13342,0,34532,1170,49044,13889,5824,16159,13172,49044,-3195060,-33138560,104650110,-68316490,0,75925040,0,196636240,6662120,279223400,79120100,33138560,91986130,74978610,279223400
2020-02-27,5690,5740,5650,5660,42167,-0.5272407732864675,-2463,-2809,13175,-7903,0,9526,0,29126,3515,42167,11989,2809,15951,11418,42167,-13959760,-15955120,74738830,-44823950,0,54024810,0,165263940,19979430,239268180,67984570,15955120,90525110,64803380,239268180
2020-02-28,5650,5720,5460,5500,159613,-2.8268551236749118,-8568,-8843,21239,-3828,0,44038,7,102513,13055,159613,52606,8850,81274,16883,159613,-47545900,-48648690,118010170,-21815580,0,242850160,38480,567493760,71904050,882286450,290396060,48687170,449483590,93719630,882286450
2020-03-02,5550,5550,5320,5470,81943,-0.5454545454545455,-10708,284,-9390,19814,0,9491,284,43554,28614,81943,20199,0,52944,8800,81943,-58743020,1557130,-50027310,107213200,0,52198300,1557130,237387580,155238620,446381630,110941320,0,287414890,48025420,446381630
2020-03-03,5560,5560,5450,5480,75038,0.18281535648994515,-1031,201,-11171,12001,0,11110,201,48790,14937,75038,12141,0,59961,2936,75038,-5657240,1103460,-61331500,65885280,0,60967320,1103460,267054880,82017450,411143110,66624560,0,328386380,16132170,411143110
2020-03-04,5480,5730,5450,5680,84604,3.64963503649635,-13018,200,11256,1562,0,14726,1200,55811,12867,84604,27744,1000,44555,11305,84604,-74616340,1094000,65839020,7683320,0,82312830,6764000,316033440,71533860,476644130,156929170,5670000,250194420,63850540,476644130
2020-03-05,5670,5900,5670,5900,156783,3.873239436619718,18072,-7772,-7713,-2587,0,84286,0,56451,16046,156783,66214,7772,64164,18633,156783,107394950,-45010670,-47174320,-15209960,0,493435870,0,329739350,93335100,916510320,386040920,45010670,376913670,108545060,916510320
2020-03-06,5870,5940,5850,5870,75460,-0.5084745762711864,10267,-4696,5266,-10837,0,18998,304,50895,5263,75460,8731,5000,45629,16100,75460,60348140,-27583380,31001040,-63765800,0,111707610,1787520,299786890,31040190,444322210,51359470,29370900,268785850,94805990,444322210
2020-03-09,5820,5850,5620,5630,93593,-4.088586030664395,-3891,207,18909,-15225,0,12522,207,77145,3719,93593,16413,0,58236,18944,93593,-21899940,1168090,107103540,-86371690,0,71265330,1168090,437788390,21270390,531492200,93165270,0,330684850,107642080,531492200
2020-03-10,5600,5610,5540,5610,77658,-0.3552397868561279,-7217,-1598,26306,-17491,0,23925,402,50299,3032,77658,31142,2000,23993,20523,77658,-40370920,-8826860,146579980,-97382200,0,133784430,2253140,280494890,16907620,433440080,174155350,11080000,133914910,114289820,433440080
2020-03-11,5650,5660,5570,5600,63881,-0.17825311942959002,-13105,730,22751,-10376,0,17920,5211,35512,5238,63881,31025,4481,12761,15614,63881,-73651620,4043380,127660080,-58051840,0,100488410,29227000,199244730,29473520,358433660,174140030,25183620,71584650,87525360,358433660
2020-03-12,5510,5600,5350,5390,161775,-3.75,-27533,6,31720,-4193,0,61003,6,92011,8755,161775,88536,0,60291,12948,161775,-147104970,32960,170910840,-23838830,0,329863470,32960,499019010,47228500,876143940,476968440,0,328108170,71067330,876143940
2020-03-13,5200,5200,4740,4965,476767,-7.884972170686456,-120396,7892,66679,45825,0,156080,7892,227369,85426,476767,276476,0,160690,39601,476767,-586809970,37653425,323033065,226123480,0,771689330,37653425,1120125415,423279595,2352747765,1358499300,0,797092350,197156115,2352747765
2020-03-16,5190,5280,4970,5050,170719,1.7119838872104733,-66184,-7077,56159,17102,0,47018,3,92200,31498,170719,113202,7080,36041,14396,170719,-331395840,-35587670,281723435,85260075,0,238570335,15280,465247865,159176480,863009960,569966175,35602950,183524430,73916405,863009960
2020-03-17,4940,5250,4940,5200,134674,2.9702970297029703,22375,1,-11908,-10468,0,78032,1,45178,11463,134674,55657,0,57086,21931,134674,116921490,4990,-63658480,-53268000,0,399025400,4990,228873960,58463870,686368220,282103910,0,292532440,111731870,686368220
2020-03-18,5200,5290,5070,5070,55381,-2.5,4762,103,13079,-17944,0,25369,103,27178,2731,55381,20607,0,14099,20675,55381,24811680,527530,67686490,-93025700,0,130960650,527530,140819540,13987600,286295320,106148970,0,73133050,107013300,286295320
2020-03-19,5050,5200,4580,4980,386203,-1.7751479289940828,105139,16,-83268,-21887,0,253973,1016,112350,18864,386203,148834,1000,195618,40751,386203,518321100,-192665,-411583920,-106544515,0,1239413160,4757335,530273425,92931880,1867375800,721092060,4950000,941857345,199476395,1867375800
2020-03-20,5040,5200,4740,4800,266750,-3.614457831325301,-55241,6,83383,-28148,0,99706,6,154094,12944,266750,154947,0,70711,41092,266750,-263942925,28965,401700985,-137787025,0,484318695,28965,745971725,62327325,1292646710,748261620,0,344270740,200114350,1292646710
2020-03-23,4525,4720,4305,4530,247537,-5.625,-65350,1403,66209,-2262,0,46525,1403,190974,8635,247537,111875,0,124765,10897,247537,-290110030,6335575,295019590,-11245135,0,208267290,6335575,856687790,38158960,1109449615,498377320,0,561668200,49404095,1109449615
2020-03-24,4540,4545,4365,4415,312042,-2.5386313465783665,-149965,-228,145494,4699,0,89411,103,212865,9663,312042,239376,331,67371,4964,312042,-661019910,-996055,641468725,20547240,0,394782575,453220,938969595,42600835,1376806225,1055802485,1449275,297500870,22053595,1376806225
2020-03-25,4535,4800,4340,4420,367559,0.11325028312570783,-161063,101,125744,35218,0,18658,101,310629,38171,367559,179721,0,184885,2953,367559,-721256630,446420,563768205,157042005,0,84156440,446420,1389423755,170538715,1644565330,805413070,0,825655550,13496710,1644565330
2020-03-26,4450,4755,4420,4725,392110,6.900452488687783,-212194,26076,127033,59085,0,47980,26076,242226,75828,392110,260174,0,115193,16743,392110,-982605050,122168395,590720190,269716465,0,219190695,122168395,1119899620,346733045,1807991755,1201795745,0,529179430,77016580,1807991755
2020-03-27,4795,5060,4795,4995,338665,5.714285714285714,-30855,98466,-65354,-2257,0,111340,98938,98885,29502,338665,142195,472,164239,31759,338665,-147731985,485835115,-328130530,-9972600,0,552891205,488209275,482832760,146191970,1670125210,700623190,2374160,810963290,156164570,1670125210
2020-03-30,4825,5150,4825,5150,271716,3.1031031031031033,-34928,71598,-70761,34091,0,88151,73366,52708,57491,271716,123079,1768,123469,23400,271716,-177800215,363244400,-352915385,167471200,0,445971375,371861470,264092935,284770355,1366696135,623771590,8617070,617008320,117299155,1366696135
2020-03-31,5200,5200,5060,5140,114154,-0.1941747572815534,-40724,-34,54019,-13261,0,31018,2,78630,4504,114154,71742,36,24611,17765,114154,-208349360,-174680,277004660,-68480620,0,159285820,10180,403338470,23053370,585687840,367635180,184860,126333810,91533990,585687840
2020-04-01,5140,5140,5030,5040,141300,-1.9455252918287937,28947,4971,-2228,-31690,0,88700,4971,41563,6066,141300,59753,0,43791,37756,141300,147677300,25053870,-11422690,-161308480,0,451799080,25053870,210992550,30816580,718662080,304121780,0,222415240,192125060,718662080
2020-04-02,5030,5030,4915,4985,61714,-1.0912698412698412,-2779,5033,5310,-7564,0,17084,5033,34627,4970,61714,19863,0,29317,12534,61714,-13641465,24787565,26372720,-37518820,0,84487440,24787565,171298990,24574235,305148230,98128905,0,144926270,62093055,305148230
2020-04-03,5090,5090,4865,4975,94352,-0.20060180541624875,7596,104,6089,-13789,0,41490,104,39646,13112,94352,33894,0,33557,26901,94352,37422615,517135,29916400,-67856150,0,204632130,517135,195359655,64628420,465137340,167209515,0,165443255,132484570,465137340
2020-04-06,4970,4970,4850,4945,81176,-0.6030150753768844,-1488,202,-6002,7288,0,21726,351,44851,14248,81176,23214,149,50853,6960,81176,-7439400,1009820,-29372675,35802255,0,107422910,1740665,221080355,70209335,400453265,114862310,730845,250453030,34407080,400453265
2020-04-07,5000,5080,4960,5010,95063,1.314459049544995,-28622,-6005,20667,13960,0,18366,0,56726,19971,95063,46988,6005,36059,6011,95063,-143149685,-30054890,102930185,70274390,0,91857810,0,283668965,100281760,475808535,235007495,30054890,180738780,30007370,475808535
2020-04-08,5070,5070,4940,4995,62723,-0.29940119760479045,-13981,938,31745,-18702,0,13002,938,45194,3589,62723,26983,0,13449,22291,62723,-69302040,4653195,157484655,-92835810,0,64465365,4653195,224302310,17773735,311194605,133767405,0,66817655,110609545,311194605
2020-04-09,5040,5060,4990,5060,76891,1.3013013013013013,24309,2559,-43318,16450,0,32528,2579,23787,17997,76891,8219,20,67105,1547,76891,122250165,12925900,-217998885,82822820,0,163696675,13026950,119921010,90580960,387225595,41446510,101050,337919895,7758140,387225595
2020-04-10,5120,5120,5020,5090,90435,0.592885375494071,-9399,271,-4643,13771,0,45563,301,24269,20302,90435,54962,30,28912,6531,90435,-47412460,1362110,-23837130,69887480,0,230307080,1514030,122278020,102736110,456835240,277719540,151920,146115150,32848630,456835240
2020-04-13,5080,5080,4980,5020,96665,-1.37524557956778,-22368,302,39995,-17929,0,35603,302,55010,5750,96665,57971,0,15015,23679,96665,-111696260,1505475,199861905,-89671120,0,178410725,1505475,275090225,28882625,483889050,290106985,0,75228320,118553745,483889050
2020-04-14,4955,5010,4955,5000,76038,-0.398406374501992,-17869,400,12132,5337,0,32676,400,34898,8064,76038,50545,0,22766,2727,76038,-88980350,2004000,60319635,26656715,0,162805755,2004000,173621245,40221570,378652570,251786105,0,113301610,13564855,378652570
2020-04-16,5000,5010,4955,4990,49528,-0.2,19726,-5143,-4374,-10209,0,21226,601,24122,3579,49528,1500,5744,28496,13788,49528,98274275,-25660580,-21790735,-50822960,0,105763215,3001980,120102635,17840470,246708300,7488940,28662560,141893370,68663430,246708300
2020-04-17,4990,5190,4990,5160,122975,3.406813627254509,7303,9190,-47091,30598,0,16276,12145,57393,37161,122975,8973,2955,104484,6563,122975,35733530,47214050,-238366255,155418675,0,81915490,62402750,291370885,188350390,624039515,46181960,15188700,529737140,32931715,624039515
2020-04-20,5200,5440,5170,5390,168054,4.457364341085271,11145,600,-19296,7551,0,62904,600,85736,18814,168054,51759,0,105032,11263,168054,58812010,3222000,-102425230,40391220,0,336460930,3222000,457641260,100634220,897958410,277648920,0,560066490,60243000,897958410
2020-04-21,5390,5390,5100,5260,114127,-2.411873840445269,5721,303,35325,-41349,0,41622,303,64498,7704,114127,35901,0,29173,49053,114127,29708230,1593590,183382270,-214684090,0,216359220,1593590,335336390,39794280,593083480,186650990,0,151954120,254478370,593083480
2020-04-22,5230,5380,5150,5250,303958,-0.19011406844106463,-66793,30747,50795,-14749,0,163502,30747,84854,24855,303958,230295,0,34059,39604,303958,-346064260,160698970,263138490,-77773200,0,860533720,160698970,442856250,130329890,1594418830,1206597980,0,179717760,208103090,1594418830
2020-04-23,5320,5320,5150,5280,120323,0.5714285714285714,-43581,5,43443,133,0,45747,5,65603,8968,120323,89328,0,22160,8835,120323,-228225460,26110,227903050,296300,0,238535470,26110,343212860,46790230,628564670,466760930,0,115309810,46493930,628564670
2020-04-24,5230,5300,5150,5230,79453,-0.946969696969697,-20606,1007,27033,-7434,0,22394,1007,52520,3532,79453,43000,0,25487,10966,79453,-106465520,5216230,139867660,-38618370,0,115913660,5216230,271534800,18318060,410982750,222379180,0,131667140,56936430,410982750
2020-04-27,5230,5270,5140,5240,97989,0.19120458891013384,17519,5636,1730,-24885,0,60528,5636,29696,2129,97989,43009,0,27966,27014,97989,91722610,29482180,8263310,-129468100,0,315930960,29482180,154043040,11019530,510475710,224208350,0,145779730,140487630,510475710
2020-04-28,5290,5300,5210,5280,66675,0.7633587786259541,-13430,1000,13570,-1140,0,28768,1000,30086,6821,66675,42198,0,16516,7961,66675,-70290970,5230000,71017510,-5956540,0,151365170,5230000,158106000,35918140,350619310,221656140,0,87088490,41874680,350619310
2020-04-29,5310,5310,5240,5300,22254,0.3787878787878788,601,4862,-2304,-3159,0,5195,4862,11074,1123,22254,4594,0,13378,4282,22254,3141190,25622740,-12103760,-16660170,0,27407690,25622740,58471630,5925570,117427630,24266500,0,70575390,22585740,117427630
2020-05-04,5250,5280,5170,5230,98407,-1.3207547169811322,-37862,10452,30803,-3393,0,26955,10602,56899,3951,98407,64817,150,26096,7344,98407,-196928980,54352340,160366260,-17789620,0,140480270,55141340,296459450,20589020,512670080,337409250,789000,136093190,38378640,512670080
2020-05-06,5270,5320,5260,5320,83572,1.7208413001912046,18525,300,-20630,1805,0,54725,300,19912,8635,83572,36200,0,40542,6830,83572,98168800,1593000,-109412270,9650470,0,289697680,1593000,105331900,45752240,442374820,191528880,0,214744170,36101770,442374820
2020-05-07,5370,5390,5190,5310,76981,-0.18796992481203006,-12885,2400,25922,-15437,0,33223,2400,39606,1752,76981,46108,0,13684,17189,76981,-66436290,12652000,135223150,-81438860,0,174899380,12652000,207688930,9130320,404370630,241335670,0,72465780,90569180,404370630
2020-05-08,5350,5350,5210,5260,62350,-0.9416195856873822,-8635,2551,19671,-13587,0,28066,2551,31723,10,62350,36701,0,12052,13597,62350,-44934000,13374300,102914970,-71355270,0,147101010,13374300,166310590,53000,326838900,192035010,0,63395620,71408270,326838900
2020-05-11,5260,5320,5230,5300,72748,0.7604562737642585,-6275,1100,7455,-2280,0,33452,1100,32299,5897,72748,39727,0,24844,8177,72748,-33193970,5822000,39334190,-11962220,0,176627500,5822000,170660880,31165960,384276340,209821470,0,131326690,43128180,384276340
2020-05-12,5380,5380,5270,5340,87359,0.7547169811320755,45359,401,-31937,-13823,0,67457,401,18205,1296,87359,22098,0,50142,15119,87359,241707340,2125280,-170363960,-73468660,0,358875490,2125280,96457180,6862180,464320130,117168150,0,266821140,80330840,464320130
2020-05-13,5330,5330,5100,5300,39138,-0.7490636704119851,5039,-4845,17014,-17208,0,5332,302,33494,10,39138,293,5147,16480,17218,39138,26496920,-24832760,88826690,-90490850,0,28035030,1597550,175638990,52600,205324170,1538110,26430310,86812300,90543450,205324170
2020-05-14,5300,5340,5170,5320,120707,0.37735849056603776,24071,-994,-9374,-13703,0,46093,6,70339,4269,120707,22022,1000,79713,17972,120707,127314610,-5221440,-50500040,-71593130,0,241851260,31370,366221740,22429550,630533920,114536650,5252810,416721780,94022680,630533920
2020-05-15,5330,5330,5230,5250,45404,-1.3157894736842104,-2213,502,17782,-16071,0,7458,502,37444,0,45404,9671,0,19662,16071,45404,-11487390,2630550,93177380,-84320540,0,39183210,2630550,196396780,0,238210540,50670600,0,103219400,84320540,238210540
2020-05-18,5260,5290,5220,5270,16988,0.38095238095238093,587,1103,5253,-6943,0,2190,1103,12720,975,16988,1603,0,7467,7918,16988,3108790,5780690,27562170,-36451650,0,11538010,5780690,66872750,5132690,89324140,8429220,0,39310580,41584340,89324140
2020-05-19,5320,5350,5270,5310,48046,0.7590132827324478,-6265,-200,11769,-5304,0,6993,300,38328,2425,48046,13258,500,26559,7729,48046,-33295890,-1070000,62450340,-28084450,0,37149960,1590000,203859250,12935480,255534690,70445850,2660000,141408910,41019930,255534690
2020-05-20,5310,5400,5290,5350,39101,0.7532956685499058,-1985,1101,-703,1587,0,6764,1101,29472,1764,39101,8749,0,30175,177,39101,-10751540,5913330,-3655690,8493900,0,36210280,5913330,157548580,9442810,209115000,46961820,0,161204270,948910,209115000
2020-05-21,5370,5530,5370,5460,99164,2.0560747663551404,-36793,600,31724,4469,0,6033,600,83258,9273,99164,42826,0,51534,4804,99164,-200846600,3286550,172948860,24611190,0,33001680,3286550,454659160,50884020,541831410,233848280,0,281710300,26272830,541831410
2020-05-22,5550,5750,5440,5560,151817,1.8315018315018317,17997,-1400,-17301,704,0,73262,250,61366,16939,151817,55265,1650,78667,16235,151817,102068200,-8002800,-97678690,3613290,0,410065190,1371000,342331430,94486740,848254360,307996990,9373800,440010120,90873450,848254360
2020-05-25,5600,5700,5550,5570,50169,0.1798561151079137,8596,1000,1045,-10641,0,21238,1000,27681,250,50169,12642,0,26636,10891,50169,48302920,5580000,5975280,-59858200,0,118947260,5580000,154854840,1390000,280772100,70644340,0,148879560,61248200,280772100
2020-05-26,5530,5670,5530,5650,27119,1.436265709156194,3955,1300,-1586,-3669,0,7645,1300,17812,362,27119,3690,0,19398,4031,27119,22240680,7345000,-8887620,-20698060,0,43045630,7345000,100182500,2047170,152620300,20804950,0,109070120,22745230,152620300
2020-05-27,5690,5800,5640,5760,66482,1.9469026548672566,9705,200,-12364,2459,0,34472,500,25972,5538,66482,24767,300,38336,3079,66482,55633630,1125000,-70605560,13846930,0,196987050,2850000,148087730,31489790,379414570,141353420,1725000,218693290,17642860,379414570
2020-05-28,5840,5850,5710,5760,68039,0.0,10325,9,212,-10546,0,33864,9,33118,1048,68039,23539,0,32906,11594,68039,59566550,51480,1463410,-61081440,0,195941240,51480,191884910,6053140,393930770,136374690,0,190421500,67134580,393930770
2020-05-29,5820,5900,5700,5880,48846,2.083333333333333,14814,0,-16996,2182,0,27980,0,18393,2473,48846,13166,0,35389,291,48846,86389810,0,-99029280,12639470,0,162919880,0,106231180,14331920,283482980,76530070,0,205260460,1692450,283482980
2020-06-01,5920,5970,5890,5910,69192,0.5102040816326531,4115,3000,1610,-8725,0,20729,3200,45162,101,69192,16614,200,43552,8826,69192,24373420,17814000,9543370,-51730790,0,122914380,19000000,267734890,599200,410248470,98540960,1186000,258191520,52329990,410248470
2020-06-02,5990,6040,5930,6000,60360,1.5228426395939088,-1399,-3322,5342,-621,0,10383,1000,46690,2287,60360,11782,4322,41348,2908,60360,-8503710,-19945220,32162370,-3713440,0,62264340,6030000,280030470,13684790,362009600,70768050,25975220,247868100,17398230,362009600
2020-06-03,6000,6080,5900,5900,75264,-1.6666666666666667,-462,-8991,18035,-8582,0,25919,1212,46804,1329,75264,26381,10203,28769,9911,75264,-2481420,-53878670,107658070,-51297980,0,154840710,7208470,279639420,7954090,449642690,157322130,61087140,171981350,59252070,449642690
2020-06-04,5910,5950,5870,5890,50996,-0.1694915254237288,3854,-13053,10721,-1522,0,15606,1552,32218,1620,50996,11752,14605,21497,3142,50996,22670660,-77022120,63304990,-8953530,0,92140230,9190620,190362770,9602460,301296080,69469570,86212740,127057780,18555990,301296080
2020-06-05,5980,5980,5840,5940,49771,0.8488964346349746,26674,2000,-30434,1760,0,29129,2000,15535,3107,49771,2455,0,45969,1347,49771,157278370,11855440,-179391130,10257320,0,171774690,11855440,91856330,18223280,293709740,14496320,0,271247460,7965960,293709740
2020-06-08,6000,6000,5880,5890,37637,-0.8417508417508417,8612,-13493,5662,-781,0,10091,2,26576,968,37637,1479,13495,20914,1749,37637,50994550,-79759830,33415210,-4649930,0,59729260,11800,157069210,5716480,222526750,8734710,79771630,123654000,10366410,222526750
2020-06-09,5890,5990,5880,5920,27554,0.5093378607809848,11222,-3085,-5986,-2151,0,12332,300,14081,841,27554,1110,3385,20067,2992,27554,66265180,-18218070,-35330890,-12716220,0,72819350,1767000,83121130,4957380,162664860,6554170,19985070,118452020,17673600,162664860
2020-06-10,5900,5940,5900,5940,22229,0.33783783783783783,7907,-3145,-6148,1386,0,9134,455,11247,1393,22229,1227,3600,17395,7,22229,46816980,-18572410,-36464240,8219670,0,54099540,2693600,66525210,8261160,131579510,7282560,21266010,102989450,41490,131579510
2020-06-11,5940,5960,5810,5830,41993,-1.8518518518518516,-144,-2349,11819,-9326,0,11479,1,30431,82,41993,11623,2350,18612,9408,41993,-622080,-13938350,69623310,-55062880,0,67604370,5910,179092420,478060,247180760,68226450,13944260,109469110,55540940,247180760
2020-06-12,5790,5790,5620,5770,147736,-1.0291595197255576,23630,58,-23573,-115,0,82883,58,59798,4997,147736,59253,0,83371,5112,147736,135377270,329980,-134903030,-804220,0,473923350,329980,340011910,28298100,842563340,338546080,0,474914940,29102320,842563340
2020-06-15,5780,5810,5610,5670,57016,-1.733102253032929,-3026,10,2903,113,0,27956,10,23876,5174,57016,30982,0,20973,5061,57016,-16946100,57400,16497510,391190,0,159789210,57400,136619490,29398470,325864570,176735310,0,120121980,29007280,325864570
2020-06-16,5750,5780,5660,5750,69924,1.4109347442680775,-2610,0,4205,-1595,0,27584,0,41854,486,69924,30194,0,37649,2081,69924,-14739570,0,23865420,-9125850,0,157230670,0,238264210,2778920,398273800,171970240,0,214398790,11904770,398273800
2020-06-17,5750,5800,5690,5770,54769,0.34782608695652173,-17067,-18,10751,6334,0,16148,2,28438,10181,54769,33215,20,17687,3847,54769,-97731480,-103170,61693920,36140730,0,92764120,11390,163185080,58341430,314302020,190495600,114560,101491160,22200700,314302020
2020-06-18,5780,5800,5690,5740,49842,-0.5199306759098787,-8382,2,3565,4815,0,21210,2,22119,6511,49842,29592,0,18554,1696,49842,-47434310,11430,19798270,27624610,0,121797950,11430,126451050,37375010,285635440,169232260,0,106652780,9750400,285635440
2020-06-19,5750,5820,5710,5800,36619,1.0452961672473868,-8909,0,2529,6380,0,13329,0,15528,7762,36619,22238,0,12999,1382,36619,-51132770,0,14401330,36731440,0,76655290,0,89284420,44669060,210608770,127788060,0,74883090,7937620,210608770
2020-06-22,5780,5830,5750,5830,27198,0.5172413793103449,-5434,11,10278,-4855,0,10343,11,15640,1204,27198,15777,0,5362,6059,27198,-31224660,63360,59188510,-28027210,0,59689350,63360,90137110,6933210,156823030,90914010,0,30948600,34960420,156823030
2020-06-23,5880,5900,5760,5770,28330,-1.0291595197255576,3013,302,-1289,-2026,0,8199,302,18083,1746,28330,5186,0,19372,3772,28330,17457510,1751560,-7471830,-11737240,0,47485590,1751560,104783020,10095210,164115380,30028080,0,112254850,21832450,164115380
2020-06-24,5830,5840,5770,5810,26802,0.6932409012131715,7689,300,-5317,-2672,0,14940,300,11562,0,26802,7251,0,16879,2672,26802,44611040,1740000,-30844440,-15506600,0,86707650,1740000,67089260,0,155536910,42096610,0,97933700,15506600,155536910
2020-06-25,5830,5830,5770,5790,36972,-0.34423407917383825,12778,300,-13969,891,0,16037,300,18476,2159,36972,3259,0,32445,1268,36972,74086340,1743000,-81007530,5178190,0,92987640,1743000,107134700,12519170,214384510,18901300,0,188142230,7340980,214384510
2020-06-26,5870,5870,5790,5840,78358,0.8635578583765112,-6582,0,2727,3855,0,5801,0,66871,5686,78358,12383,0,64144,1831,78358,-38206820,0,15698470,22508350,0,33703820,0,388674030,33169430,455547280,71910640,0,372975560,10661080,455547280
2020-06-29,5730,5740,5610,5670,74905,-2.910958904109589,27323,12,-27338,3,0,37350,12,28678,8865,74905,10027,0,56016,8862,74905,156150400,68190,-156146750,-71840,0,213286360,68190,163113500,50550530,427018580,57135960,0,319260250,50622370,427018580
2020-06-30,5710,5740,5660,5690,41730,0.3527336860670194,10991,434,-9382,-2043,0,25109,434,12887,3300,41730,14118,0,22269,5343,41730,62932010,2469460,-53743100,-11658370,0,143600090,2469460,73640700,18882230,238592480,80668080,0,127383800,30540600,238592480
2020-07-01,5700,5720,5660,5700,68801,0.17574692442882248,-6262,877,8564,-3179,0,12773,877,53793,1358,68801,19035,0,45229,4537,68801,-35780070,5016440,48857270,-18093640,0,72709430,5016440,306617050,7748840,392091760,108489500,0,257759780,25842480,392091760
2020-07-02,5680,5720,5670,5680,15580,-0.3508771929824561,7034,-310,-4765,-1959,0,7355,0,7531,694,15580,321,310,12296,2653,15580,40071780,-1760820,-27158350,-11152610,0,41895060,0,42877030,3964770,88736860,1823280,1760820,70035380,15117380,88736860
2020-07-03,5680,5690,5650,5650,25599,-0.528169014084507,4475,0,-4246,-229,0,13399,0,12200,0,25599,8924,0,16446,229,25599,25266380,0,-23972010,-1294370,0,75739710,0,69131560,0,144871270,50473330,0,93103570,1294370,144871270
2020-07-06,5620,5650,5580,5600,29186,-0.8849557522123894,13465,0,-14191,726,0,19339,0,7638,2209,29186,5874,0,21829,1483,29186,75426260,0,-79529280,4103020,0,108424670,0,42793490,12424050,163642210,32998410,0,122322770,8321030,163642210
2020-07-07,5630,5630,5510,5520,28841,-1.4285714285714286,634,0,-888,254,0,10646,0,16661,1534,28841,10012,0,17549,1280,28841,3633290,0,-4954780,1321490,0,59042640,0,92294870,8479780,159817290,55409350,0,97249650,7158290,159817290
2020-07-08,5520,5710,5510,5560,51693,0.7246376811594203,1038,300,111,-1449,0,17980,300,29994,3419,51693,16942,0,29883,4868,51693,5586330,1668000,1128030,-8382360,0,99844950,1668000,168060560,18975930,288549440,94258620,0,166932530,27358290,288549440
2020-07-09,5510,5670,5500,5560,30138,0.0,5946,1989,-6409,-1526,0,9794,2000,16855,1489,30138,3848,11,23264,3015,30138,33046880,11058840,-35535200,-8570520,0,54449510,11120000,93988020,8204390,167761920,21402630,61160,129523220,16774910,167761920
2020-07-10,5570,5570,5510,5540,28722,-0.3597122302158274,5794,100,-6776,882,0,16329,100,10256,2037,28722,10535,0,17032,1155,28722,32197160,555000,-37635920,4883760,0,90560410,555000,56787050,11300750,159203210,58363250,0,94422970,6416990,159203210
2020-07-13,5560,5560,5500,5500,25414,-0.7220216606498195,8553,500,-8580,-473,0,13329,500,11300,285,25414,4776,0,19880,758,25414,47353030,2760000,-47503500,-2609530,0,73743480,2760000,62455460,1578900,140537840,26390450,0,109958960,4188430,140537840
2020-07-14,5510,5600,5260,5500,54348,0.0,17368,400,-16320,-1448,0,20820,400,31198,1930,54348,3452,0,47518,3378,54348,95006710,2196000,-89110930,-8091780,0,114002820,2196000,169339770,10464400,296002990,18996110,0,258450700,18556180,296002990
2020-07-15,5470,5520,5360,5420,41024,-1.4545454545454546,904,200,-2559,1455,0,18192,200,20730,1902,41024,17288,0,23289,447,41024,4832140,1094000,-13760140,7834000,0,99076220,1094000,112708370,10281840,223160430,94244080,0,126468510,2447840,223160430
2020-07-16,5420,5490,5360,5380,37319,-0.7380073800738007,3836,300,-5042,906,0,20101,300,14217,2701,37319,16265,0,19259,1795,37319,20762380,1626000,-27252050,4863670,0,108772330,1626000,76960530,14560560,201919420,88009950,0,104212580,9696890,201919420
2020-07-17,5400,5400,5280,5310,61476,-1.3011152416356877,12519,-3179,-13094,3754,0,28867,3100,24452,5057,61476,16348,6279,37546,1303,61476,66981220,-16875440,-70018580,19912800,0,154099640,16460000,130198130,26901210,327658980,87118420,33335440,200216710,6988410,327658980
2020-07-20,5230,5370,5210,5340,74065,0.5649717514124294,20594,100,-35697,15003,0,24208,100,31448,18309,74065,3614,0,67145,3306,74065,109357570,532000,-189349780,79460210,0,128587800,532000,165513120,96877610,391510530,19230230,0,354862900,17417400,391510530
2020-07-21,5340,5360,5290,5320,39301,-0.37453183520599254,-6460,554,11344,-5438,0,13798,554,23440,1509,39301,20258,0,12096,6947,39301,-34260200,2957280,60337830,-29034910,0,73552050,2957280,124895770,8033090,209438190,107812250,0,64557940,37068000,209438190
2020-07-22,5290,5360,5290,5360,50587,0.7518796992481203,1708,157,-5409,3544,0,27775,157,18519,4136,50587,26067,0,23928,592,50587,9037150,841520,-28692930,18814260,0,147313200,841520,98370130,21960860,268485710,138276050,0,127063060,3146600,268485710
2020-07-23,5410,5410,5220,5280,50212,-1.4925373134328357,4794,-544,-2661,-1589,0,16422,10,28248,5532,50212,11628,554,30909,7121,50212,25056390,-2855800,-13740670,-8459920,0,86512080,52700,148990850,29158470,264714100,61455690,2908500,162731520,37618390,264714100
2020-07-24,5350,5350,5210,5250,51989,-0.5681818181818182,1667,1143,6444,-9254,0,28529,1143,21921,396,51989,26862,0,15477,9650,51989,8771330,5973610,33681980,-48426920,0,149449890,5973610,114722640,2075840,272221980,140678560,0,81040660,50502760,272221980
2020-07-27,5350,5350,5180,5220,47683,-0.5714285714285714,13457,-9700,44,-3801,0,15132,300,30342,1909,47683,1675,10000,30298,5710,47683,70359970,-50550380,93170,-19902760,0,79098400,1566000,158422930,9964560,249051890,8738430,52116380,158329760,29867320,249051890
2020-07-28,5230,5240,5200,5220,33088,0.0,2015,300,-2963,648,0,16673,300,14449,1666,33088,14658,0,17412,1018,33088,10620840,1569000,-15595640,3405800,0,87051410,1569000,75367180,8724660,172712250,76430570,0,90962820,5318860,172712250
2020-07-29,5240,5330,5220,5270,60053,0.9578544061302682,14106,300,-22000,7594,0,16458,300,34085,9210,60053,2352,0,56085,1616,60053,74031950,1587000,-115555720,39936770,0,86420710,1587000,179072270,48419890,315499870,12388760,0,294627990,8483120,315499870
2020-07-30,5320,5340,5260,5300,50346,0.5692599620493358,-11144,0,7839,3305,0,3735,0,41602,5009,50346,14879,0,33763,1704,50346,-59111210,0,41635600,17475610,0,19748350,0,220187320,26492670,266428340,78859560,0,178551720,9017060,266428340
2020-07-31,5240,5390,5220,5320,20994,0.37735849056603776,7507,361,-7197,-671,0,9285,361,9783,1565,20994,1778,0,16980,2236,20994,39892770,1915300,-38204730,-3603340,0,49339070,1915300,51998950,8268930,111522250,9446300,0,90203680,11872270,111522250
2020-08-03,5320,5350,5270,5340,22265,0.37593984962406013,6319,374,-5831,-862,0,7078,374,14721,92,22265,759,0,20552,954,22265,33712460,1997160,-31111200,-4598420,0,37758860,1997160,78385150,486680,118627850,4046400,0,109496350,5085100,118627850
2020-08-04,5350,5400,5320,5360,19014,0.37453183520599254,-1030,1115,1870,-1955,0,1806,1115,15963,130,19014,2836,0,14093,2085,19014,-5525110,5994980,9948980,-10418850,0,9656690,5994980,85394140,694200,101740010,15181800,0,75445160,11113050,101740010
2020-08-05,5390,5450,5250,5300,88336,-1.1194029850746268,-17274,2934,21169,-6829,0,20711,2934,63998,693,88336,37985,0,42829,7522,88336,-92690070,15596900,113543530,-36450360,0,109410090,15596900,341276480,3690520,469973990,202100160,0,227732950,40140880,469973990
2020-08-06,5290,5330,5250,5270,61264,-0.5660377358490566,-13617,1,14697,-1081,0,15041,1001,41214,4008,61264,28658,1000,26517,5089,61264,-71563140,-24750,77278430,-5690540,0,79260620,5255250,217064280,21136810,322716960,150823760,5280000,139785850,26827350,322716960
2020-08-07,5270,5270,5210,5250,56274,-0.3795066413662239,2758,480,-2863,-375,0,16284,480,38639,871,56274,13526,0,41502,1246,56274,14666310,2521900,-15224310,-1963900,0,85537290,2521900,202684020,4570930,295314140,70870980,0,217908330,6534830,295314140
2020-08-10,5240,5340,5230,5270,25882,0.38095238095238093,-9147,1094,7163,890,0,2087,1094,18493,4208,25882,11234,0,11330,3318,25882,-48197280,5765380,37992610,4439290,0,11088630,5765380,97839920,22124020,136817950,59285910,0,59847310,17684730,136817950
2020-08-11,5300,5310,5260,5300,42514,0.5692599620493358,-3914,289,-1945,5570,0,5129,289,29407,7689,42514,9043,0,31352,2119,42514,-20670320,1526920,-10388200,29531600,0,27169530,1526920,155512100,40732320,224940870,47839850,0,165900300,11200720,224940870
2020-08-12,5290,5380,5290,5340,57490,0.7547169811320755,871,189,-7277,6217,0,5259,189,45101,6941,57490,4388,0,52378,724,57490,4587340,1007370,-38750370,33155660,0,27989990,1007370,240323920,36993410,306314690,23402650,0,279074290,3837750,306314690
2020-08-13,5350,5450,5350,5370,65771,0.5617977528089888,11160,468,-12558,930,0,30920,468,27268,7115,65771,19760,0,39826,6185,65771,60081520,2517580,-67705620,5106520,0,166842610,2517580,147292290,38468770,355121250,106761090,0,214997910,33362250,355121250
2020-08-14,5470,5480,5380,5400,29469,0.5586592178770949,7294,500,-4480,-3314,0,18301,500,10394,274,29469,11007,0,14874,3588,29469,39660890,2705000,-24355680,-18010210,0,99507790,2705000,56325840,1477940,160016570,59846900,0,80681520,19488150,160016570
2020-08-18,5330,5400,5210,5300,112544,-1.8518518518518516,-32968,2000,34007,-3039,0,46707,2000,56262,7575,112544,79675,0,22255,10614,112544,-173642760,10610000,179298980,-16266220,0,247241760,10610000,297740340,40139730,595731830,420884520,0,118441360,56405950,595731830
2020-08-19,5220,5340,5220,5300,43477,0.0,-473,0,4802,-4329,0,23743,0,18417,1317,43477,24216,0,13615,5646,43477,-2316080,0,25072780,-22756700,0,125176120,0,96860160,6981080,229017360,127492200,0,71787380,29737780,229017360
2020-08-20,5300,5330,5190,5270,60184,-0.5660377358490566,27670,4,-22857,-4817,0,44098,4,13413,2669,60184,16428,0,36270,7486,60184,146074870,20960,-120739830,-25356000,0,232314620,20960,70040010,14000920,316376510,86239750,0,190779840,39356920,316376510
2020-08-21,5270,5380,5230,5250,37393,-0.3795066413662239,-4685,100,269,4316,0,12674,100,17264,7355,37393,17359,0,16995,3039,37393,-24460670,525000,1239320,22696350,0,66994860,525000,90910460,38902090,197332410,91455530,0,89671140,16205740,197332410
2020-08-24,5370,5370,5100,5220,21596,-0.5714285714285714,-1088,0,4044,-2956,0,3006,0,17073,1517,21596,4094,0,13029,4473,21596,-5529800,0,21024560,-15494760,0,15878080,0,89292270,7959140,113129490,21407880,0,68267710,23453900,113129490
2020-08-25,5320,5320,5240,5280,17818,1.1494252873563218,-4294,0,3311,983,0,3202,0,12433,2183,17818,7496,0,9122,1200,17818,-22624780,0,17475940,5148840,0,16821190,0,65454690,11470290,93746170,39445970,0,47978750,6321450,93746170
2020-08-26,5310,5330,5220,5300,30917,0.3787878787878788,4976,0,-4658,-318,0,6442,0,23076,1399,30917,1466,0,27734,1717,30917,26175730,0,-24502010,-1673720,0,33918620,0,121813550,7379060,163111230,7742890,0,146315560,9052780,163111230
2020-08-27,5250,5320,5200,5280,25749,-0.37735849056603776,1564,0,-1027,-537,0,6440,0,19309,0,25749,4876,0,20336,537,25749,8167990,0,-5341310,-2826680,0,33812050,0,101277960,0,135090010,25644060,0,106619270,2826680,135090010
2020-08-28,5290,5290,5120,5260,138116,-0.3787878787878788,-70756,3272,69945,-2461,0,42179,3301,90713,1923,138116,112935,29,20768,4384,138116,-364234950,16857600,360171800,-12794450,0,218650190,17010140,468454980,9994790,714110100,582885140,152540,108283180,22789240,714110100
2020-08-31,5260,5290,5210,5220,30562,-0.7604562737642585,1215,-4116,3620,-719,0,5389,2025,19552,3596,30562,4174,6141,15932,4315,30562,6366690,-21695890,19078770,-3749570,0,28256430,10591000,102795900,18981390,160624720,21889740,32286890,83717130,22730960,160624720
2020-09-01,5290,5290,5210,5250,16045,0.5747126436781609,-7192,500,6115,577,0,1770,500,13021,754,16045,8962,0,6906,177,16045,-37622290,2629000,31977350,3015940,0,9250500,2629000,68059400,3941650,83880550,46872790,0,36082050,925710,83880550
2020-09-02,5250,5290,5150,5280,60474,0.5714285714285714,-19174,5400,13267,507,0,6773,5400,45680,2621,60474,25947,0,32413,2114,60474,-100972210,28358000,70101160,2513050,0,35490730,28358000,239757910,13681460,317288100,136462940,0,169656750,11168410,317288100
2020-09-03,5300,5300,5200,5280,16240,0.0,81,500,-416,-165,0,2638,500,13102,0,16240,2557,0,13518,165,16240,445110,2625000,-2200500,-869610,0,13894560,2625000,68727150,0,85246710,13449450,0,70927650,869610,85246710
2020-09-04,5240,5280,5210,5240,27019,-0.7575757575757576,6435,0,-6425,-10,0,11847,0,11224,3948,27019,5412,0,17649,3958,27019,33751700,0,-33697760,-53940,0,62146620,0,58817030,20695670,141659320,28394920,0,92514790,20749610,141659320
2020-09-07,5250,5280,5210,5260,30564,0.38167938931297707,5941,2000,-10675,2734,0,15744,2000,9455,3365,30564,9803,0,20130,631,30564,31327690,10420000,-56116360,14368670,0,82522560,10420000,49492440,17668950,160103950,51194870,0,105608800,3300280,160103950
2020-09-08,5260,5290,5170,5180,100291,-1.520912547528517,-60212,8625,53566,-1979,0,26269,8625,63640,1757,100291,86481,0,10074,3736,100291,-312866900,45095550,278088160,-10316810,0,136873670,45095550,330813340,9211530,521994090,449740570,0,52725180,19528340,521994090
2020-09-09,5170,5230,5110,5230,91346,0.9652509652509652,-28280,2828,26067,-615,0,37195,2828,49963,1360,91346,65475,0,23896,1975,91346,-144730500,14537640,133364540,-3171680,0,191441560,14537640,256330110,6994170,469303480,336172060,0,122965570,10165850,469303480
2020-09-10,5240,5240,5190,5200,13097,-0.5736137667304015,-2378,10,3244,-876,0,4745,10,8342,0,13097,7123,0,5098,876,13097,-12376680,52000,16876350,-4551670,0,24632380,52000,43337290,0,68021670,37009060,0,26460940,4551670,68021670
2020-09-11,5200,5210,5150,5200,31365,0.0,-5695,4000,1925,-230,0,2272,4000,24040,1053,31365,7967,0,22115,1283,31365,-29510020,20700000,10005760,-1195740,0,11773000,20700000,124574250,5454550,162501800,41283020,0,114568490,6650290,162501800
2020-09-14,5180,5220,5160,5220,29908,0.38461538461538464,-321,2928,-7488,4881,0,6737,2928,15100,5143,29908,7058,0,22588,262,29908,-1649090,15110410,-38850260,25388940,0,35043120,15110410,78390350,26748720,155292600,36692210,0,117240610,1359780,155292600
2020-09-15,5220,5250,5190,5240,38205,0.38314176245210724,6571,0,-10614,4043,0,23565,0,9548,5092,38205,16994,0,20162,1049,38205,34541350,0,-55674680,21133330,0,123360280,0,49864300,26618650,199843230,88818930,0,105538980,5485320,199843230
2020-09-16,5250,5250,5220,5250,28381,0.19083969465648853,-4315,0,3853,462,0,9612,0,17578,1191,28381,13927,0,13725,729,28381,-22571170,0,20151540,2419630,0,50383300,0,92064190,6235100,148682590,72954470,0,71912650,3815470,148682590
2020-09-17,5250,5250,5200,5210,23352,-0.7619047619047619,-4070,1191,-400,3279,0,10111,1191,8614,3436,23352,14181,0,9014,157,23352,-21231800,6217770,-2154090,17168120,0,52932170,6217770,45053380,17987820,122191140,74163970,0,47207470,819700,122191140
2020-09-18,5250,5270,5220,5250,17275,0.7677543186180422,-4863,0,5007,-144,0,1582,0,15176,517,17275,6445,0,10169,661,17275,-25506470,0,26252580,-746110,0,8288950,0,79620890,2714250,90624090,33795420,0,53368310,3460360,90624090
2020-09-21,5250,5270,5230,5250,8228,0.0,-1726,0,1176,550,0,1516,0,6138,574,8228,3242,0,4962,24,8228,-9033140,0,6148380,2884760,0,7937840,0,32159970,3010340,43108150,16970980,0,26011590,125580,43108150
2020-09-22,5260,5280,5210,5270,21113,0.38095238095238093,8376,500,-4433,-4443,0,12552,500,8028,33,21113,4176,0,12461,4476,21113,44031700,2625000,-23357960,-23298740,0,65952370,2625000,42019270,172300,110768940,21920670,0,65377230,23471040,110768940
2020-09-23,5270,5270,5220,5270,11395,0.0,2435,1000,-1180,-2255,0,5707,1000,4682,6,11395,3272,0,5862,2261,11395,12813240,5257380,-6250420,-11820200,0,30002310,5257380,24535110,31500,59826300,17189070,0,30785530,11851700,59826300
2020-09-24,5210,5260,5210,5230,18529,-0.7590132827324478,6751,1500,-6508,-1743,0,7288,1500,8955,786,18529,537,0,15463,2529,18529,35378130,7840000,-34090660,-9127470,0,38181640,7840000,46775890,4108450,96905980,2803510,0,80866550,13235920,96905980
2020-09-25,5230,5270,5220,5260,22364,0.5736137667304015,29,0,410,-439,0,2669,0,19695,0,22364,2640,0,19285,439,22364,155010,0,2142960,-2297970,0,14021340,0,103378740,0,117400080,13866330,0,101235780,2297970,117400080
2020-09-28,5300,5300,5190,5280,65233,0.38022813688212925,10422,0,-9036,-1386,0,12422,0,50797,2014,65233,2000,0,59833,3400,65233,54701760,0,-47423950,-7277810,0,65261760,0,266449210,10556150,342267120,10560000,0,313873160,17833960,342267120
2020-09-29,5320,5320,5280,5290,24096,0.1893939393939394,995,0,-4161,3166,0,2850,0,17958,3288,24096,1855,0,22119,122,24096,5261530,0,-22034890,16773360,0,15094620,0,95048420,17421130,127564170,9833090,0,117083310,647770,127564170
2020-10-05,5290,5320,5260,5310,21743,0.3780718336483932,-7123,0,5128,1995,0,2757,0,15268,3718,21743,9880,0,10140,1723,21743,-37673700,0,27097480,10576220,0,14569190,0,80822600,19678890,115070680,52242890,0,53725120,9102670,115070680
2020-10-06,5330,5420,5300,5370,41725,1.1299435028248588,-668,500,-718,886,0,3991,500,34965,2269,41725,4659,0,35683,1383,41725,-3627970,2680000,-3768000,4715970,0,21366790,2680000,187174160,12121220,223342170,24994760,0,190942160,7405250,223342170
2020-10-07,5400,5460,5350,5440,55662,1.303538175046555,-7917,4000,2159,1758,0,1712,4000,46592,3358,55662,9629,0,44433,1600,55662,-43234290,21705450,11984800,9544040,0,9232140,21705450,252551930,18193600,301683120,52466430,0,240567130,8649560,301683120
2020-10-08,5450,5470,5400,5470,54046,0.5514705882352942,-18999,4000,16938,-1939,0,1375,4000,48162,509,54046,20374,0,31224,2448,54046,-103231350,21680000,92029310,-10477960,0,7500520,21680000,261263430,2754960,293198910,110731870,0,169234120,13232920,293198910
2020-10-12,5470,5480,5390,5410,46602,-1.0968921389396709,-3582,0,3097,485,0,2651,0,41187,2764,46602,6233,0,38090,2279,46602,-19596050,0,16890090,2705960,0,14343660,0,224063860,15091430,253498950,33939710,0,207173770,12385470,253498950
2020-10-13,5470,5470,5370,5420,35331,0.18484288354898337,-12003,0,11651,352,0,2623,0,31638,1070,35331,14626,0,19987,718,35331,-64909750,0,63008320,1901430,0,14192500,0,170871230,5781920,190845650,79102250,0,107862910,3880490,190845650
2020-10-14,5480,5480,5360,5430,41714,0.18450184501845018,15717,0,-15438,-279,0,25757,0,13480,2477,41714,10040,0,28918,2756,41714,84998000,0,-83466340,-1531660,0,139401200,0,72890280,13406930,225698410,54403200,0,156356620,14938590,225698410
2020-10-15,5460,5460,5410,5450,45926,0.3683241252302026,5361,0,-5987,626,0,31950,0,11653,2323,45926,26589,0,17640,1697,45926,29124670,0,-32531250,3406580,0,173426950,0,63205020,12604510,249236480,144302280,0,95736270,9197930,249236480
2020-10-16,5460,5480,5430,5480,27177,0.5504587155963303,11354,0,-13792,2438,0,19184,0,4555,3438,27177,7830,0,18347,1000,27177,62043100,0,-75344460,13301360,0,104894910,0,24878800,18781360,148555070,42851810,0,100223260,5480000,148555070
2020-10-19,5490,5580,5470,5560,47318,1.4598540145985401,1876,0,-6671,4795,0,14321,0,26035,6962,47318,12445,0,32706,2167,47318,10297720,0,-36687110,26389390,0,79070400,0,143842900,38361340,261274640,68772680,0,180530010,11971950,261274640
2020-10-20,5580,5620,5540,5620,37811,1.079136690647482,-5326,3878,4250,-2802,0,12177,3878,19219,2537,37811,17503,0,14969,5339,37811,-29960520,21650460,23857350,-15547290,0,67889910,21650460,107503350,14175170,211218890,97850430,0,83646000,29722460,211218890
2020-10-21,5680,5700,5630,5700,79978,1.4234875444839856,29606,-1930,-27948,272,0,60410,1183,13886,4499,79978,30804,3113,41834,4227,79978,168055280,-10895430,-158700490,1540640,0,342722210,6693020,78644240,25468830,453528300,174666930,17588450,237344730,23928190,453528300
2020-10-22,5730,5750,5650,5720,67341,0.3508771929824561,21632,9529,-27021,-4140,0,41855,9529,15717,240,67341,20223,0,42738,4380,67341,123385340,54341800,-154189050,-23538090,0,238720670,54341800,89523270,1370100,383955840,115335330,0,243712320,24908190,383955840
2020-10-23,5710,5810,5700,5700,134457,-0.34965034965034963,-11695,9165,6217,-3687,0,63407,11865,52004,7181,134457,75102,2700,45787,10868,134457,-67200470,52889950,35594210,-21283690,0,366176550,68479450,300218610,41426580,776301190,433377020,15589500,264624400,62710270,776301190
2020-10-26,5860,5860,5730,5770,64602,1.2280701754385965,24401,-340,-17284,-6777,0,34637,0,27963,2002,64602,10236,340,45247,8779,64602,140349820,-1961800,-99281460,-39106560,0,199384720,0,161269750,11537960,372192430,59034900,1961800,260551210,50644520,372192430
2020-10-27,5790,5840,5720,5840,53545,1.2131715771230502,5530,-1000,-7519,2989,0,21167,0,28384,3994,53545,15637,1000,35903,1005,53545,31865240,-5810000,-43406580,17351340,0,122798200,0,164863320,23170200,310831720,90932960,5810000,208269900,5818860,310831720
2020-10-28,5840,5880,5800,5830,52642,-0.17123287671232876,22208,-8644,-13575,11,0,27204,2,22566,2870,52642,4996,8646,36141,2859,52642,129372540,-50452520,-78951790,31770,0,158606490,11660,131893230,16726240,307237620,29233950,50464180,210845020,16694470,307237620
2020-10-29,5780,5820,5760,5800,37284,-0.5145797598627788,1546,-952,-764,170,0,17089,2,18732,1461,37284,15543,954,19496,1291,37284,8825650,-5521660,-4314830,1010840,0,98830780,11540,108480170,8479740,215802230,90005130,5533200,112795000,7468900,215802230
2020-10-30,5750,5810,5740,5800,40899,0.0,25458,-877,-23494,-1087,0,31609,4,9225,61,40899,6151,881,32719,1148,40899,147359640,-5042950,-136039800,-6276890,0,182927140,23000,53367270,350750,236668160,35567500,5065950,189407070,6627640,236668160
2020-11-02,5760,5800,5760,5770,12425,-0.5172413793103449,-622,-4500,5976,-854,0,652,0,11696,77,12425,1274,4500,5720,931,12425,-3600440,-26075000,34604780,-4929340,0,3770690,0,67689360,445830,71905880,7371130,26075000,33084580,5375170,71905880
2020-11-03,5800,5800,5760,5780,11498,0.17331022530329288,4091,-1198,-2184,-709,0,5708,2,5787,1,11498,1617,1200,7971,710,11498,23647970,-6924480,-12631500,-4091990,0,32967260,11520,33414810,5790,66399380,9319290,6936000,46046310,4097780,66399380
2020-11-04,5780,5820,5770,5820,55171,0.6920415224913495,12069,959,-12597,-431,0,30159,2961,19781,2270,55171,18090,2002,32378,2701,55171,70148000,5565760,-73288890,-2424870,0,174898350,17167380,114546230,13188690,319800650,104750350,11601620,187835120,15613560,319800650
2020-11-05,5810,5880,5800,5850,46279,0.5154639175257731,18519,-4002,-12478,-2039,0,36953,0,6953,2373,46279,18434,4002,19431,4412,46279,108818620,-23411680,-73346050,-12060890,0,216037440,0,40426310,13822430,270286180,107218820,23411680,113772360,25883320,270286180
2020-11-06,5820,5850,5800,5830,29744,-0.3418803418803419,9559,0,-12493,2934,0,14300,0,11308,4136,29744,4741,0,23801,1202,29744,55696850,0,-72825490,17128640,0,83379810,0,66017640,24148320,173545770,27682960,0,138843130,7019680,173545770
2020-11-09,5830,5830,5780,5800,40637,-0.5145797598627788,22409,-500,-18037,-3872,0,30047,2,10587,1,40637,7638,502,28624,3873,40637,129909660,-2900080,-104571050,-22438530,0,174201710,11560,61392380,5800,235611450,44292050,2911640,165963430,22444330,235611450
2020-11-10,5800,5950,5800,5840,60255,0.6896551724137931,37229,-4020,-35984,2775,0,45884,1000,4371,9000,60255,8655,5020,40355,6225,60255,218747760,-23559940,-211186920,15999100,0,269487590,5860000,25559910,52671380,353578880,50739830,29419940,236746830,36672280,353578880
2020-11-11,5830,5840,5810,5810,33521,-0.5136986301369862,4177,376,-5330,777,0,13793,1004,14339,4385,33521,9616,628,19669,3608,33521,24373630,2165740,-31139160,4599790,0,80295810,5833260,83559330,25583280,195271680,55922180,3667520,114698490,20983490,195271680
2020-11-12,5800,5870,5800,5810,38003,0.0,3128,2340,-10643,5175,0,12565,10946,8799,5693,38003,9437,8606,19442,518,38003,18190160,13972730,-62446450,30283560,0,73154160,64059730,51250370,33293140,221757400,54964000,50087000,113696820,3009580,221757400
2020-11-13,5830,5860,5800,5810,43065,0.0,1257,6500,-9548,1791,0,9220,11500,19021,3324,43065,7963,5000,28569,1533,43065,7290130,37967710,-55729960,10472120,0,53695540,67017710,110612330,19392680,250718260,46405410,29050000,166342290,8920560,250718260
2020-11-16,5840,5880,5820,5850,36315,0.6884681583476765,877,10200,-14447,3370,0,10598,10200,11602,3915,36315,9721,0,26049,545,36315,5217160,59669610,-84667870,19781100,0,62143110,59669610,67868080,22953500,212634300,56925950,0,152535950,3172400,212634300
2020-11-17,5850,5940,5850,5890,43602,0.6837606837606838,6008,9140,-18423,3275,0,18111,10324,11378,3789,43602,12103,1184,29801,514,43602,35780950,54050670,-109093540,19261920,0,107239460,61010610,67237920,22273960,257761950,71458510,6959940,176331460,3012040,257761950
2020-11-18,5900,5950,5890,5900,21988,0.1697792869269949,-8895,6465,4295,-1865,0,1697,6569,13722,0,21988,10592,104,9427,1865,21988,-52619180,38202450,25430760,-11014030,0,10034650,38818490,81130920,0,129984060,62653830,616040,55700160,11014030,129984060
2020-11-19,5900,5940,5880,5900,26023,0.0,3390,7420,-9370,-1440,0,8960,7931,7790,1342,26023,5570,511,17160,2782,26023,20014900,43813190,-55308140,-8519950,0,53026960,46841820,46025140,7958060,153851980,33012060,3028630,101333280,16478010,153851980
2020-11-20,5890,5950,5880,5930,34481,0.5084745762711864,560,34,473,-1067,0,2243,36,32202,0,34481,1683,2,31729,1067,34481,3312390,202320,2807700,-6322410,0,13274860,214200,191295430,0,204784490,9962470,11880,188487730,6322410,204784490
2020-11-23,5930,5950,5890,5910,26258,-0.33726812816188867,-2132,4,4675,-2547,0,3264,4,20956,2034,26258,5396,0,16281,4581,26258,-12543130,23560,27565420,-15045850,0,19335530,23560,123783220,12090040,155232350,31878660,0,96217800,27135890,155232350
2020-11-24,5850,5960,5850,5910,61604,0.0,24139,-302,-30781,6944,0,26272,0,28378,6954,61604,2133,302,59159,10,61604,143333540,-1793840,-182771000,41231300,0,155961990,0,168268820,41290500,365521310,12628450,1793840,351039820,59200,365521310
2020-11-25,5980,5980,5900,5910,23904,0.0,-1419,-22,2882,-1441,0,5240,0,17868,796,23904,6659,22,14986,2237,23904,-8369670,-130030,17030100,-8530400,0,31038290,0,105878130,4704360,141620780,39407960,130030,88848030,13234760,141620780
2020-11-26,5930,5950,5910,5930,17349,0.338409475465313,5481,-2,-5237,-242,0,10940,0,6409,0,17349,5459,2,11646,242,17349,32467300,-11860,-31022800,-1432640,0,64849040,0,37990250,0,102839290,32381740,11860,69013050,1432640,102839290
2020-11-27,5980,5980,5920,5930,13244,0.0,2077,100,-1294,-883,0,4249,300,8641,54,13244,2172,200,9935,937,13244,12395870,605000,-7764140,-5236730,0,25290500,1794000,51278800,319680,78682980,12894630,1189000,59042940,5556410,78682980
2020-11-30,5900,5960,5900,5930,25739,0.0,5519,3,-3840,-1682,0,10585,39,14418,697,25739,5066,36,18258,2379,25739,32734760,19680,-22819170,-9935270,0,62803090,232440,85614880,4154120,152804530,30068330,212760,108434050,14089390,152804530
2020-12-01,5950,5950,5900,5910,22044,-0.33726812816188867,3534,0,-1367,-2167,0,4360,0,17684,0,22044,826,0,19051,2167,22044,20886000,0,-8069630,-12816370,0,25768310,0,104544920,0,130313230,4882310,0,112614550,12816370,130313230
2020-12-02,5920,5930,5880,5880,38686,-0.5076142131979695,837,0,1191,-2028,0,2795,0,35891,0,38686,1958,0,34700,2028,38686,4951850,0,6992220,-11944070,0,16477570,0,211732640,0,228210210,11525720,0,204740420,11944070,228210210
2020-12-03,5910,5910,5710,5770,52783,-1.870748299319728,-43,90,1194,-1241,0,4620,150,47214,799,52783,4663,60,46020,2040,52783,-520480,507300,7279600,-7266420,0,26626590,856500,273613230,4602320,305698640,27147070,349200,266333630,11868740,305698640
2020-12-04,5880,5880,5660,5680,68504,-1.559792027729636,-9097,0,10279,-1182,0,11193,0,55875,1436,68504,20290,0,45596,2618,68504,-51966990,0,58706810,-6739820,0,63859260,0,318460520,8213100,390532880,115826250,0,259753710,14952920,390532880
2020-12-07,5680,5690,5600,5610,83649,-1.232394366197183,-6018,0,5056,962,0,44840,0,34297,4512,83649,50858,0,29241,3550,83649,-33953130,0,28436120,5517010,0,252258950,0,193057460,25477870,470794280,286212080,0,164621340,19960860,470794280
2020-12-08,5610,5680,5590,5610,43068,0.0,2432,-88,358,-2702,0,18018,0,23985,1065,43068,15586,88,23627,3767,43068,13711060,-493890,1959000,-15176170,0,101120940,0,134513940,5974650,241609530,87409880,493890,132554940,21150820,241609530
2020-12-09,5630,5670,5600,5600,47790,-0.17825311942959002,-2465,-4838,7218,85,0,21770,100,24408,1512,47790,24235,4938,17190,1427,47790,-13830470,-27139740,40497980,472230,0,122149450,561000,136838110,8482320,268030880,135979920,27700740,96340130,8010090,268030880
2020-12-10,5700,5700,5550,5590,53026,-0.17857142857142858,-18757,100,17757,900,0,14986,100,35616,2324,53026,33743,0,17859,1424,53026,-104457740,556000,98889520,5012220,0,83555930,556000,198583420,12974050,295669400,188013670,0,99693900,7961830,295669400
2020-12-11,5620,5620,5500,5530,130237,-1.073345259391771,-71075,-80,58569,12586,0,19508,100,96514,14115,130237,90583,180,37945,1529,130237,-392896660,-439900,323820230,69516330,0,107787460,554000,534161010,78034890,720537360,500684120,993900,210340780,8518560,720537360
2020-12-14,5530,5550,5410,5450,130591,-1.4466546112115732,-57046,100,55462,1484,0,37387,100,81105,11999,130591,94433,0,25643,10515,130591,-311016850,546000,302646710,7824140,0,205016880,546000,443892460,65726920,715182260,516033730,0,141245750,57902780,715182260
2020-12-15,5450,5450,5350,5360,97990,-1.651376146788991,-45320,0,44817,503,0,21263,0,69204,7523,97990,66583,0,24387,7020,97990,-243704630,0,241159130,2545500,0,114639740,0,372575640,40436120,527651500,358344370,0,131416510,37890620,527651500
2020-12-16,5360,5490,5360,5470,35057,2.0522388059701493,-7009,-128,7746,-609,0,6587,0,24536,3934,35057,13596,128,16790,4543,35057,-38170370,-698920,42171950,-3302660,0,35862400,0,133607210,21440960,190910570,74032770,698920,91435260,24743620,190910570
2020-12-17,5530,5540,5390,5460,102681,-0.18281535648994515,4315,0,-4253,-62,0,11538,0,76848,14295,102681,7223,0,81101,14357,102681,23445640,0,-22847920,-597720,0,62788410,0,416383510,77228400,556400320,39342770,0,439231430,77826120,556400320
2020-12-18,5480,5540,5410,5500,46102,0.7326007326007326,7271,-3216,-1772,-2283,0,17177,0,28463,462,46102,9906,3216,30235,2745,46102,40096840,-17814780,-9752760,-12529300,0,94393110,0,156665140,2534230,253592480,54296270,17814780,166417900,15063530,253592480
2020-12-21,5560,5560,5500,5520,41068,0.36363636363636365,1110,0,-2274,1164,0,10533,0,26334,4201,41068,9423,0,28608,3037,41068,6090920,0,-12540620,6449700,0,58089210,0,145189830,23183590,226462630,51998290,0,157730450,16733890,226462630
2020-12-22,5570,5570,5440,5480,62179,-0.7246376811594203,-32055,10000,31462,-9407,0,7415,10000,42326,2438,62179,39470,0,10864,11845,62179,-176317800,55200000,172914730,-51796930,0,40941370,55200000,232821500,13401700,342364570,217259170,0,59906770,65198630,342364570
2020-12-23,5480,5530,5470,5480,28370,0.0,-5487,-40,7690,-2163,0,5561,0,21286,1523,28370,11048,40,13596,3686,28370,-30026560,-219200,42164360,-11918600,0,30586880,0,116912750,8366570,155866200,60613440,219200,74748390,20285170,155866200
2020-12-24,5530,5580,5490,5560,76904,1.4598540145985401,-10847,-110,8365,2592,0,13510,0,56817,6577,76904,24357,110,48452,3985,76904,-60095210,-608700,46278280,14425630,0,74687160,0,314554170,36423650,425664980,134782370,608700,268275890,21998020,425664980
2020-12-28,5580,5580,5480,5540,111139,-0.3597122302158274,-29448,0,32731,-3283,0,17791,0,87643,5705,111139,47239,0,54912,8988,111139,-162343610,0,180451020,-18107410,0,98011030,0,483641630,31745810,613398470,260354640,0,303190610,49853220,613398470
2020-12-29,5360,5460,5350,5420,56016,-2.166064981949458,10105,-140,-15258,5293,0,24996,0,24271,6749,56016,14891,140,39529,1456,56016,54929470,-760200,-82777140,28607870,0,135838360,0,131419260,36460470,303718090,80908890,760200,214196400,7852600,303718090
2020-12-30,5440,5440,5350,5410,51461,-0.18450184501845018,10050,-1839,-6357,-1854,0,13099,31,35412,2919,51461,3049,1870,41769,4773,51461,54143560,-9883840,-34284290,-9975430,0,70571730,167710,190424720,15758490,276922650,16428170,10051550,224709010,25733920,276922650
2021-01-04,5410,5430,5250,5380,81342,-0.5545286506469501,24136,-15900,-12290,4054,0,34655,100,39911,6676,81342,10519,16000,52201,2622,81342,129396120,-84335680,-66627290,21566850,0,185475850,531000,212254760,35637170,433898780,56079730,84866680,278882050,14070320,433898780
2021-01-05,5380,5430,5300,5360,65370,-0.37174721189591076,26911,-100,-25020,-1791,0,42482,0,19019,3869,65370,15571,100,44039,5660,65370,144438620,-536000,-134273190,-9629430,0,227804310,0,101535170,20681090,350020570,83365690,536000,235808360,30310520,350020570
2021-01-06,5350,5470,5320,5380,69555,0.3731343283582089,12726,20,-15769,3023,0,44743,20,19231,5561,69555,32017,0,35000,2538,69555,68840980,106400,-84981270,16033890,0,240965180,106400,102606270,29757000,373434850,172124200,0,187587540,13723110,373434850
2021-01-07,5380,5400,5320,5350,55960,-0.5576208178438662,19290,-30,-15391,-3869,0,36076,0,19737,147,55960,16786,30,35128,4016,55960,103729130,-159900,-82841930,-20727300,0,193937000,0,105447200,789050,300173250,90207870,159900,188289130,21516350,300173250
2021-01-08,5410,5420,5250,5330,57473,-0.3738317757009346,4776,20,-6191,1395,0,14134,22,40791,2526,57473,9358,2,46982,1131,57473,25516390,107100,-33074450,7450960,0,75205220,117920,216383810,13489890,305196840,49688830,10820,249458260,6038930,305196840
2021-01-11,5330,5330,5250,5270,115182,-1.125703564727955,-42877,1998,41121,-242,0,16089,2000,93668,3425,115182,58966,2,52547,3667,115182,-225609240,10509460,216360900,-1261120,0,84642140,10520000,492925760,18032170,606120070,310251380,10540,276564860,19293290,606120070
2021-01-12,5330,5330,5250,5250,63862,-0.3795066413662239,-11361,140,11669,-448,0,10973,140,49277,3472,63862,22334,0,37608,3920,63862,-59512120,735600,61063680,-2287160,0,57928600,735600,259454200,18377350,336495750,117440720,0,198390520,20664510,336495750
2021-01-13,5260,5300,5240,5260,46462,0.19047619047619047,-4015,100,4989,-1074,0,11576,100,33164,1622,46462,15591,0,28175,2696,46462,-21209390,526000,26332010,-5648620,0,60806450,526000,174576210,8546940,244455600,82015840,0,148244200,14195560,244455600
2021-01-14,5260,5290,5200,5200,84753,-1.1406844106463878,-51132,997,50406,-271,0,11587,1500,69140,2526,84753,62719,503,18734,2797,84753,-266914430,5174100,263154440,-1414110,0,60514120,7820000,361478740,13204850,443017710,327428550,2645900,98324300,14618960,443017710
2021-01-15,5200,5260,5200,5220,45337,0.38461538461538464,-14069,100,7667,6302,0,2882,100,33646,8709,45337,16951,0,25979,2407,45337,-73571970,522000,40157910,32892060,0,15064660,522000,175920080,45466370,236973110,88636630,0,135762170,12574310,236973110
2021-01-18,5220,5250,5130,5140,108070,-1.532567049808429,-56256,1800,60600,-6144,0,16562,2000,87246,2262,108070,72818,200,26646,8406,108070,-289350540,9244000,311982740,-31876200,0,85452130,10280000,449879270,11647390,557258790,374802670,1036000,137896530,43523590,557258790
2021-01-19,5150,5200,5120,5120,58828,-0.38910505836575876,-42256,100,40800,1356,0,8621,100,47594,2513,58828,50877,0,6794,1157,58828,-216849770,513000,209369280,6967490,0,44252480,513000,244296740,12927080,301989300,261102250,0,34927460,5959590,301989300
2021-01-20,5120,5180,5120,5130,39634,0.1953125,-10064,-1019,10131,952,0,9788,0,27165,2681,39634,19852,1019,17034,1729,39634,-51812610,-5243250,52105290,4950570,0,50410760,0,139814360,13840820,204065940,102223370,5243250,87709070,8890250,204065940
2021-01-21,5180,5180,5130,5160,40799,0.5847953216374269,-474,-1324,324,1474,0,7705,0,30512,2582,40799,8179,1324,30188,1108,40799,-2477360,-6831840,1696260,7612940,0,39735350,0,157312220,13322810,210370380,42212710,6831840,155615960,5709870,210370380
2021-01-22,5190,5190,5110,5130,98898,-0.5813953488372093,-57192,1100,62270,-6178,0,14733,1100,81641,1424,98898,71925,0,19371,7602,98898,-293183280,5631000,319165900,-31613620,0,75518770,5631000,418627340,7315060,507092170,368702050,0,99461440,38928680,507092170
2021-01-25,5180,5190,5130,5160,42051,0.5847953216374269,-1241,-260,2986,-1485,0,13303,0,26738,2010,42051,14544,260,23752,3495,42051,-6380170,-1344200,15408670,-7684300,0,68709490,0,138151870,10384480,217245840,75089660,1344200,122743200,18068780,217245840
2021-01-26,5170,5190,5150,5190,46780,0.5813953488372093,-10427,87,8716,1624,0,13883,87,30132,2678,46780,24310,0,21416,1054,46780,-53983480,448920,45112600,8421960,0,71906880,448920,155996650,13871790,242224240,125890360,0,110884050,5449830,242224240
2021-01-27,5200,5230,5170,5200,44114,0.1926782273603083,14195,-1346,-11582,-1267,0,34883,0,9190,41,44114,20688,1346,20772,1308,44114,73878800,-6990260,-60302570,-6585970,0,181342290,0,47714720,212790,229269800,107463490,6990260,108017290,6798760,229269800
2021-01-28,5200,5270,5180,5220,45091,0.38461538461538464,-3707,-96,5101,-1298,0,15650,0,27362,2079,45091,19357,96,22261,3377,45091,-19430600,-501120,26709980,-6778260,0,81781860,0,142858760,10850250,235490870,101212460,501120,116148780,17628510,235490870
2021-01-29,5230,5280,5150,5170,91430,-0.9578544061302682,2375,-4305,2032,-102,0,30298,120,56630,4382,91430,27923,4425,54598,4484,91430,13078870,-22519820,9910050,-469100,0,158612890,623000,295331790,22983880,477551560,145534020,23142820,285421740,23452980,477551560
2021-02-01,5170,5270,5170,5200,11129,0.5802707930367506,1442,-100,-340,-1002,0,5507,0,4917,705,11129,4065,100,5257,1707,11129,7515500,-527000,-1762000,-5226500,0,28667220,0,25634920,3663200,57965340,21151720,527000,27396920,8889700,57965340
2021-02-02,5230,5260,5190,5190,15291,-0.19230769230769232,1884,-1619,-219,-46,0,7532,100,7659,0,15291,5648,1719,7878,46,15291,9868770,-8458210,-1171770,-238790,0,39278780,519000,39911090,0,79708870,29410010,8977210,41082860,238790,79708870
2021-02-03,5200,5200,5170,5180,24742,-0.1926782273603083,-488,-642,1152,-22,0,16122,0,7008,1612,24742,16610,642,5856,1634,24742,-2548500,-3328670,5982130,-104960,0,83565980,0,36327140,8366280,128259400,86114480,3328670,30345010,8471240,128259400
2021-02-04,5190,5200,5140,5180,76001,0.0,21037,-600,-22380,1943,0,24727,0,49300,1974,76001,3690,600,71680,31,76001,108476310,-3114000,-115431050,10068740,0,127603070,0,254478760,10228390,392310220,19126760,3114000,369909810,159650,392310220
2021-02-05,5190,5190,5150,5170,88433,-0.19305019305019305,-27,-32241,31507,761,0,18046,0,68021,2366,88433,18073,32241,36514,1605,88433,-231420,-166463360,162748210,3946570,0,93110980,0,351265570,12244120,456620670,93342400,166463360,188517360,8297550,456620670
2021-02-08,5180,5290,5140,5160,54822,-0.19342359767891684,-6983,-3200,15006,-4823,0,21774,0,32792,256,54822,28757,3200,17786,5079,54822,-35938080,-16587000,77419670,-24894590,0,112366930,0,169715190,1323080,283405200,148305010,16587000,92295520,26217670,283405200
2021-02-09,5170,5180,5150,5170,56337,0.1937984496124031,-6246,-10186,15900,532,0,19241,300,35260,1536,56337,25487,10486,19360,1004,56337,-32206030,-52662590,82123210,2745410,0,99250160,1551000,181990880,7925760,290717800,131456190,54213590,99867670,5180350,290717800
2021-02-10,5190,5190,5150,5170,28215,0.0,-9660,-561,10738,-517,0,9637,300,18180,98,28215,19297,861,7442,615,28215,-49800020,-2892720,55365520,-2672780,0,49708030,1548000,93764280,506660,145526970,99508050,4440720,38398760,3179440,145526970
2021-02-15,5170,5200,5160,5180,63695,0.19342359767891684,3315,-436,-14493,11614,0,22802,0,27838,13055,63695,19487,436,42331,1441,63695,17110690,-2257390,-74897000,60043700,0,117815570,0,143948660,67494450,329258680,100704880,2257390,218845660,7450750,329258680
2021-02-16,5200,5200,5160,5190,72667,0.19305019305019305,4738,-24730,15668,4324,0,19472,300,46660,6235,72667,14734,25030,30992,1911,72667,24635120,-128127330,81100920,22391290,0,100882580,1554000,241487130,32299200,376222910,76247460,129681330,160386210,9907910,376222910
2021-02-17,5180,5240,5160,5200,52096,0.1926782273603083,16371,-16956,1631,-1046,0,18395,500,32281,920,52096,2024,17456,30650,1966,52096,84983000,-88139360,8555740,-5399380,0,95466760,2596000,167516100,4784760,270363620,10483760,90735360,158960360,10184140,270363620
2021-02-18,5220,5220,5170,5210,21774,0.19230769230769232,6355,-800,-5531,-24,0,9690,200,11288,596,21774,3335,1000,16819,620,21774,32972850,-4158000,-28690800,-124050,0,50271720,1042000,58531210,3093230,112938160,17298870,5200000,87222010,3217280,112938160
2021-02-19,5210,5210,5160,5200,22895,-0.19193857965451055,4569,0,-3725,-844,0,9656,0,12437,802,22895,5087,0,16162,1646,22895,23701610,0,-19308820,-4392790,0,50102820,0,64486380,4146340,118735540,26401210,0,83795200,8539130,118735540
2021-02-22,5230,5230,5180,5190,124421,-0.19230769230769232,16416,-112427,94097,1914,0,16672,0,105121,2628,124421,256,112427,11024,714,124421,85262190,-583195670,487996430,9937050,0,86598330,0,545299830,13650120,645548280,1336140,583195670,57303400,3713070,645548280
2021-02-23,5200,5200,5160,5190,25545,0.0,3543,-17980,15448,-1011,0,5325,0,19852,368,25545,1782,17980,4404,1379,25545,18392540,-93065890,79904940,-5231590,0,27617720,0,102736840,1906240,132260800,9225180,93065890,22831900,7137830,132260800
2021-02-24,5200,5200,5170,5180,33722,-0.1926782273603083,7531,-5008,484,-3007,0,7860,0,25862,0,33722,329,5008,25378,3007,33722,39031910,-25991520,2514530,-15554920,0,40736210,0,133935060,0,174671270,1704300,25991520,131420530,15554920,174671270
2021-02-25,5190,5270,5180,5230,31553,0.9652509652509652,11038,-2280,-9100,342,0,16730,0,12781,2042,31553,5692,2280,21881,1700,31553,57746160,-11879780,-47695150,1828770,0,87520960,0,66522790,10693320,164737070,29774800,11879780,114217940,8864550,164737070
2021-02-26,5200,5250,5180,5220,26819,-0.19120458891013384,5386,1187,-2290,-4283,0,8775,3187,14486,371,26819,3389,2000,16776,4654,26819,28059920,6198920,-11963100,-22295740,0,45689250,16591290,75494870,1927070,139702480,17629330,10392370,87457970,24222810,139702480
2021-03-02,5250,5270,5230,5240,34784,0.38314176245210724,4329,-2000,-1742,-587,0,12965,0,20528,1291,34784,8636,2000,22270,1878,34784,22751390,-10493980,-9188040,-3069370,0,67994430,0,107687360,6783710,182465500,45243040,10493980,116875400,9853080,182465500
2021-03-03,5240,5260,5180,5210,27479,-0.5725190839694656,7086,-1900,-509,-4677,0,14862,100,12028,489,27479,7776,2000,12537,5166,27479,37017070,-9912270,-2728790,-24376010,0,77440010,521000,62694070,2550260,143205340,40422940,10433270,65422860,26926270,143205340
2021-03-04,5250,5250,5170,5230,27109,0.3838771593090211,4044,-1700,-4244,1900,0,4929,300,19958,1922,27109,885,2000,24202,22,27109,21022770,-8838590,-22079400,9895220,0,25633650,1569000,103745690,10009620,140957960,4610880,10407590,125825090,114400,140957960
2021-03-05,5240,5450,5230,5290,75925,1.147227533460803,-3900,-958,9374,-4516,0,13165,1300,53639,7821,75925,17065,2258,44265,12337,75925,-21093030,-5075060,49798270,-23630180,0,69424100,6852000,284060130,41420530,401756760,90517130,11927060,234261860,65050710,401756760
2021-03-08,5290,5350,5270,5340,54145,0.945179584120983,5508,-2006,-8547,5045,0,7655,0,40434,6056,54145,2147,2006,48981,1011,54145,29242750,-10686040,-45389640,26832930,0,40667730,0,214732040,32181760,287581530,11424980,10686040,260121680,5348830,287581530
2021-03-09,5330,5350,5290,5330,27966,-0.18726591760299627,3776,-2200,1742,-3318,0,5203,0,21611,1152,27966,1427,2200,19869,4470,27966,20077080,-11681000,9246220,-17642300,0,27647660,0,114919050,6136320,148703030,7570580,11681000,105672830,23778620,148703030
2021-03-10,5360,5360,5320,5340,16919,0.18761726078799248,269,-167,2542,-2644,0,6106,0,10813,0,16919,5837,167,8271,2644,16919,1451310,-890110,13524680,-14085880,0,32619990,0,57643800,0,90263790,31168680,890110,44119120,14085880,90263790
2021-03-11,5360,5360,5330,5330,22292,-0.18726591760299627,2332,-107,-1191,-1034,0,14171,0,8121,0,22292,11839,107,9312,1034,22292,12430800,-571520,-6337910,-5521370,0,75616280,0,43366810,0,118983090,63185480,571520,49704720,5521370,118983090
2021-03-12,5330,5390,5320,5390,21645,1.125703564727955,1401,-107,-1149,-145,0,9712,0,11933,0,21645,8311,107,13082,145,21645,7699120,-573590,-6347370,-778160,0,52218900,0,63960870,0,116179770,44519780,573590,70308240,778160,116179770
2021-03-15,5400,5410,5360,5410,29065,0.3710575139146568,-14683,0,13111,1572,0,5210,0,21524,2331,29065,19893,0,8413,759,29065,-79230640,0,70746430,8484210,0,28116660,0,116084920,12582810,156784390,107347300,0,45338490,4098600,156784390
2021-03-16,5450,5450,5400,5420,24326,0.18484288354898337,6632,-986,-3991,-1655,0,11034,504,12739,49,24326,4402,1490,16730,1704,24326,35919460,-5344160,-21622010,-8953290,0,59760320,2731640,68947910,265090,131704960,23840860,8075800,90569920,9218380,131704960
2021-03-17,5410,5450,5390,5430,55719,0.18450184501845018,-15074,499,12774,1801,0,10027,500,42720,2472,55719,25101,1,29946,671,55719,-81534970,2704570,69077850,9752550,0,54440680,2710000,231205580,13395720,301751980,135975650,5430,162127730,3643170,301751980
2021-03-18,5480,5480,5420,5430,15530,0.0,498,500,-1561,563,0,2610,500,11485,935,15530,2112,0,13046,372,15530,2682680,2720000,-8478260,3075580,0,14174560,2720000,62568900,5104600,84568060,11491880,0,71047160,2029020,84568060
2021-03-19,5430,5430,5360,5420,34539,-0.1841620626151013,632,451,118,-1201,0,4302,500,29720,17,34539,3670,49,29602,1218,34539,3363040,2444420,641940,-6449400,0,23224000,2710000,160306920,92020,186332940,19860960,265580,159664980,6541420,186332940
2021-03-22,5450,5450,5420,5440,15316,0.36900369003690037,-2582,0,2553,29,0,1666,0,13310,340,15316,4248,0,10757,311,15316,-14068470,0,13910770,157700,0,9046970,0,72370050,1846230,83263250,23115440,0,58459280,1688530,83263250
2021-03-23,5440,5540,5420,5520,45258,1.4705882352941175,7067,-159,-8616,1708,0,20260,0,22736,2262,45258,13193,159,31352,554,45258,38933050,-871010,-47482260,9420220,0,111557510,0,124466570,12437460,248461540,72624460,871010,171948830,3017240,248461540
2021-03-24,5520,5590,5480,5590,43484,1.2681159420289856,4281,1000,-7850,2569,0,18688,1000,19032,4764,43484,14407,0,26882,2195,43484,23665330,5540000,-43537170,14331840,0,103778970,5540000,105708190,26414150,241441310,80113640,0,149245360,12082310,241441310
2021-03-25,5590,5670,5590,5660,50962,1.2522361359570662,24249,0,-27646,3397,0,33640,0,12596,4726,50962,9391,0,40242,1329,50962,136771690,0,-155927820,19156130,0,189771260,0,71034660,26644340,287450260,52999570,0,226962480,7488210,287450260
2021-03-26,5660,5820,5630,5770,122700,1.9434628975265018,79241,1400,-84626,3985,0,86978,3500,25249,6973,122700,7737,2100,109875,2988,122700,456217690,8043000,-487067920,22807230,0,500887630,20160000,145090030,39960590,706098250,44669940,12117000,632157950,17153360,706098250
2021-03-29,5820,5820,5720,5800,72160,0.5199306759098787,25391,-940,-17415,-7036,0,58579,3460,8941,1180,72160,33188,4400,26356,8216,72160,146372450,-5369200,-100451720,-40551530,0,337658570,19938800,51383590,6804400,415785360,191286120,25308000,151835310,47355930,415785360
2021-03-30,5750,5810,5750,5780,52797,-0.3448275862068966,25062,-395,-22477,-2190,0,45783,0,5632,1382,52797,20721,395,28109,3572,52797,145109780,-2291000,-130157730,-12661050,0,265241270,0,32609060,8028180,305878510,120131490,2291000,162766790,20689230,305878510
2021-03-31,5750,5790,5730,5760,32417,-0.34602076124567477,4215,3500,-6428,-1287,0,8154,3500,20353,410,32417,3939,0,26781,1697,32417,24192680,20102870,-36901430,-7394120,0,46867810,20102870,116999790,2353400,186323870,22675130,0,153901220,9747520,186323870
2021-04-01,5760,5800,5740,5750,43350,-0.1736111111111111,12963,-2337,-13485,2859,0,19807,8500,12009,3034,43350,6844,10837,25494,175,43350,74754060,-13362460,-77903790,16512190,0,114241240,49030000,69223100,17522880,250017220,39487180,62392460,147126890,1010690,250017220
2021-04-02,5750,5750,5690,5750,58926,0.0,23259,-6602,-17346,689,0,41595,3484,12276,1571,58926,18336,10086,29622,882,58926,133336100,-37864030,-99410430,3938360,0,238539590,19988470,70388820,8996700,337913580,105203490,57852500,169799250,5058340,337913580
2021-04-05,5750,5760,5690,5740,59200,-0.17391304347826086,11559,-461,-13096,1998,0,28240,7000,20698,3262,59200,16681,7461,33794,1264,59200,66205700,-2652920,-75024960,11472180,0,161714550,40100000,118437740,18707900,338960190,95508850,42752920,193462700,7235720,338960190
2021-04-06,5740,5740,5610,5620,48716,-2.0905923344947737,4839,-5368,2094,-1565,0,11190,1750,35515,261,48716,6351,7118,33421,1826,48716,27374770,-30398910,11888730,-8864590,0,63268640,9975000,201172500,1469540,275885680,35893870,40373910,189283770,10334130,275885680
2021-04-07,5680,5680,5560,5640,44710,0.3558718861209964,26136,-5777,-23018,2659,0,28431,1850,10556,3873,44710,2295,7627,33574,1214,44710,146587770,-32470830,-129131760,15014820,0,159510320,10431000,59265870,21839940,251047130,12922550,42901830,188397630,6825120,251047130
2021-04-08,5630,5780,5630,5730,47883,1.5957446808510638,12513,-5506,-15727,8720,0,21552,1748,12750,11833,47883,9039,7254,28477,3113,47883,71759260,-31480760,-90086390,49807890,0,123410670,9998560,73011620,67597830,274018680,51651410,41479320,163098010,17789940,274018680
2021-04-09,5730,5760,5700,5700,42279,-0.5235602094240838,-4282,1182,654,2446,0,14351,8402,15570,3956,42279,18633,7220,14916,1510,42279,-24424670,6815350,3614320,13995000,0,82526660,48325350,89276270,22651410,242779690,106951330,41510000,85661950,8656410,242779690
2021-04-12,5700,5770,5690,5740,21422,0.7017543859649122,5266,-6381,-322,1437,0,6326,1750,11665,1681,21422,1060,8131,11987,244,21422,30283070,-36567790,-1978180,8262900,0,36349430,10080000,66886070,9660900,122976400,6066360,46647790,68864250,1398000,122976400
2021-04-13,5740,5740,5700,5700,46330,-0.6968641114982579,5459,-5030,-1143,714,0,16989,1750,25971,1620,46330,11530,6780,27114,906,46330,31265660,-28763530,-6599890,4097760,0,97099670,10010000,148558410,9280090,264948170,65834010,38773530,155158300,5182330,264948170
2021-04-14,5770,5770,5730,5740,25047,0.7017543859649122,6264,-3250,-7733,4719,0,12987,1750,5094,5216,25047,6723,5000,12827,497,25047,36003810,-18655270,-44467180,27118640,0,74658000,10045000,29280200,29977210,143960410,38654190,28700270,73747380,2858570,143960410
2021-04-15,5770,5790,5730,5750,46132,0.17421602787456447,24139,-8295,-18382,2538,0,26473,1750,15318,2591,46132,2334,10045,33700,53,46132,139069790,-47746600,-105943250,14620060,0,152524710,10027500,88118190,14925090,265595490,13454920,57774100,194061440,305030,265595490
2021-04-16,5730,5820,5730,5790,90897,0.6956521739130435,54885,-25990,-38830,9935,0,59512,0,18846,12539,90897,4627,25990,57676,2604,90897,317659500,-149852100,-225376750,57569350,0,344393420,0,108623650,72516870,525533940,26733920,149852100,334000400,14947520,525533940
2021-04-19,5800,5810,5750,5780,59109,-0.17271157167530224,38894,-10855,-26239,-1800,0,43914,0,13415,1780,59109,5020,10855,39654,3580,59109,225193990,-62702200,-152129190,-10362600,0,254133940,0,77471150,10305800,341910890,28939950,62702200,229600340,20668400,341910890
2021-04-20,5810,5840,5780,5820,70215,0.6920415224913495,35027,-11000,-37560,13533,0,43449,0,10679,16087,70215,8422,11000,48239,2554,70215,203304930,-63820000,-218146480,78661550,0,252244360,0,61996990,93463130,407704480,48939430,63820000,280143470,14801580,407704480
2021-04-21,5800,5850,5800,5840,62876,0.3436426116838488,13909,-520,-16058,2669,0,34791,5000,18017,5068,62876,20882,5520,34075,2399,62876,81259730,-2986540,-93851000,15577810,0,202947450,29193000,104973300,29554900,366668650,121687720,32179540,198824300,13977090,366668650
2021-04-22,5840,6000,5830,5930,162461,1.5410958904109588,77110,-50,-75758,-1302,0,110644,0,29690,22127,162461,33534,50,105448,23429,162461,457938390,-299000,-449169500,-8469890,0,656029010,0,175641500,130532960,962203470,198090620,299000,624811000,139002850,962203470
2021-04-23,5940,6030,5840,6010,139573,1.3490725126475547,105422,-700,-118508,13786,0,112300,0,10389,16884,139573,6878,700,128897,3098,139573,631464320,-4189000,-709967200,82691880,0,672645330,0,62113670,101109150,835868150,41181010,4189000,772080870,18417270,835868150
2021-04-26,6050,6190,5940,6130,124151,1.9966722129783694,82854,-399,-76098,-6357,0,93082,100,23889,7080,124151,10228,499,99987,13437,124151,501519270,-2456670,-460832930,-38229670,0,563493870,603000,143293920,42677130,750067920,61974600,3059670,604126850,80906800,750067920
2021-04-27,6140,6150,6030,6100,80355,-0.48939641109298526,40652,-6620,-47131,13099,0,46297,160,17905,15993,80355,5645,6780,65036,2894,80355,247706490,-40174010,-287075210,79542730,0,282079480,981790,109072700,97214410,489348380,34372990,41155800,396147910,17671680,489348380
2021-04-28,6150,6150,5990,6140,50505,0.6557377049180327,38742,0,-36526,-2216,0,41980,0,7449,1076,50505,3238,0,43975,3292,50505,236747460,0,-223208770,-13538690,0,256491820,0,45420470,6540080,308452370,19744360,0,268629240,20078770,308452370
2021-04-29,6150,6190,6050,6160,78621,0.32573289902280134,36193,0,-44907,8714,0,58939,0,8081,11601,78621,22746,0,52988,2887,78621,222578640,0,-276249830,53671190,0,362707640,0,49675980,71405640,483789260,140129000,0,325925810,17734450,483789260
2021-04-30,6160,6260,6130,6230,77513,1.1363636363636365,30698,-359,-41071,10732,0,55939,4841,4333,12400,77513,25241,5200,45404,1668,77513,191153550,-2120060,-255369850,66336360,0,347380500,30200710,26883580,76708400,481173190,156226950,32320770,282253430,10372040,481173190
2021-05-03,6280,6300,6230,6300,72976,1.1235955056179776,16615,0,-23049,6434,0,35617,0,29786,7573,72976,19002,0,52835,1139,72976,104339490,0,-144723590,40384100,0,223741920,0,187082030,47530030,458353980,119402430,0,331805620,7145930,458353980
2021-05-04,6300,6330,6230,6270,93616,-0.4761904761904762,460,320,-5393,4613,0,66999,320,18771,7526,93616,66539,0,24164,2913,93616,3395390,2000000,-34220770,28825380,0,420587180,2000000,117930070,47170310,587687560,417191790,0,152150840,18344930,587687560
2021-05-06,6270,6310,6260,6280,61860,0.1594896331738437,27827,0,-40161,12334,0,35760,0,10084,16016,61860,7933,0,50245,3682,61860,174970980,0,-252491400,77520420,0,224791360,0,63344420,100644930,388780710,49820380,0,315835820,23124510,388780710
2021-05-07,6290,6290,6250,6260,50495,-0.3184713375796179,26811,0,-26587,-224,0,38452,0,7880,4163,50495,11641,0,34467,4387,50495,168369840,0,-166955730,-1414110,0,241395230,0,49427000,26096320,316918550,73025390,0,216382730,27510430,316918550
2021-05-10,6260,6290,6240,6260,48038,0.0,12509,156,-13099,434,0,32696,320,9041,5981,48038,20187,164,22140,5547,48038,78394590,973360,-82060670,2692720,0,204850950,2000000,56606430,37436360,300893740,126456360,1026640,138667100,34743640,300893740
2021-05-11,6300,6300,6040,6260,92767,0.0,18134,-10000,-20511,12377,0,64616,0,14961,13190,92767,46482,10000,35472,813,92767,112566000,-61730040,-127555900,76719940,0,401477800,0,92552470,81781760,575812030,288911800,61730040,220108370,5061820,575812030
2021-05-12,6280,6280,6160,6180,75983,-1.2779552715654952,33000,0,-29913,-3087,0,56177,0,18466,1340,75983,23177,0,48379,4427,75983,204456520,0,-185183040,-19273480,0,347922310,0,114407570,8270790,470600670,143465790,0,299590610,27544270,470600670
2021-05-13,6120,6160,6010,6120,95878,-0.9708737864077669,27570,-8200,-29956,10586,0,58894,0,21530,15454,95878,31324,8200,51486,4868,95878,168758510,-50111040,-183286480,64639010,0,359645250,0,131419550,94372900,585437700,190886740,50111040,314706030,29733890,585437700
2021-05-14,6130,6150,6110,6120,45385,0.0,11877,-8000,-1931,-1946,0,28387,0,15405,1593,45385,16510,8000,17336,3539,45385,72846940,-49016000,-11900490,-11930450,0,174167450,0,94445990,9780480,278393920,101320510,49016000,106346480,21710930,278393920
2021-05-17,6120,6190,6090,6170,45702,0.8169934640522877,27529,-3881,-23941,293,0,33360,0,10602,1740,45702,5831,3881,34543,1447,45702,168180970,-23737710,-146129390,1686130,0,203853010,0,64887460,10614080,279354550,35672040,23737710,211016850,8927950,279354550
2021-05-18,6170,6190,6110,6180,47890,0.1620745542949757,12697,-160,-16204,3667,0,35857,0,8206,3827,47890,23160,160,24410,160,47890,78041410,-984000,-99559910,22502500,0,220379970,0,50408300,23491260,294279530,142338560,984000,149968210,988760,294279530
2021-05-20,6180,6190,6120,6190,41477,0.16181229773462785,10250,-1443,-13213,4406,0,23065,0,12889,5523,41477,12815,1443,26102,1117,41477,63171400,-8874450,-81457010,27160060,0,142186130,0,79412140,34021340,255619610,79014730,8874450,160869150,6861280,255619610
2021-05-21,6190,6220,6160,6160,31553,-0.48465266558966075,9716,-200,-7412,-2104,0,22508,0,9045,0,31553,12792,200,16457,2104,31553,60135780,-1236000,-45884710,-13015070,0,139388230,0,55962500,0,195350730,79252450,1236000,101847210,13015070,195350730
2021-05-24,6210,6210,6110,6150,59227,-0.16233766233766234,29322,-671,-30091,1440,0,43415,0,13543,2269,59227,14093,671,43634,829,59227,180122400,-4146780,-184815860,8840240,0,266761770,0,83185190,13941600,363888560,86639370,4146780,268001050,5101360,363888560
2021-05-25,6150,6180,6130,6140,35500,-0.16260162601626016,-635,500,-607,742,0,22560,500,11053,1387,35500,23195,0,11660,645,35500,-3859350,3070000,-3803280,4592630,0,138910610,3070000,67991870,8563070,218535550,142769960,0,71795150,3970440,218535550
2021-05-26,6190,6280,6140,6200,53059,0.9771986970684038,10631,-500,-19688,9557,0,34633,0,8365,10061,53059,24002,500,28053,504,53059,66549530,-3135000,-122684980,59270450,0,215026680,0,51972750,62402420,329401850,148477150,3135000,174657730,3131970,329401850
2021-05-27,6200,6380,6150,6300,48740,1.6129032258064515,6866,462,-7373,45,0,26509,462,19323,2446,48740,19643,0,26696,2401,48740,43728500,2919840,-46947080,298740,0,166449540,2919840,121008040,15290300,305667720,122721040,0,167955120,14991560,305667720
2021-05-28,6380,6420,6290,6420,57163,1.9047619047619049,34581,-4100,-32569,2088,0,36686,0,16332,4145,57163,2105,4100,48901,2057,57163,220801380,-26168690,-208085300,13452610,0,234233790,0,103890670,26462260,364586720,13432410,26168690,311975970,13009650,364586720
2021-05-31,6430,6700,6420,6650,118310,3.582554517133956,31099,-5100,-34744,8745,0,66846,0,37818,13646,118310,35747,5100,72562,4901,118310,206460770,-33196790,-230576090,57312110,0,441597420,0,248443210,89476860,779517490,235136650,33196790,479019300,32164750,779517490
2021-06-01,6710,6830,6690,6730,132813,1.2030075187969926,33245,517,-38759,4997,0,70649,917,47633,13614,132813,37404,400,86392,8617,132813,224568060,3510060,-262332790,34254670,0,478125720,6218780,321970870,92343960,898659330,253557660,2708720,584303660,58089290,898659330
2021-06-02,6780,6790,6650,6760,132604,0.44576523031203563,47675,4457,-62159,10027,0,89803,4457,21099,17245,132604,42128,0,83258,7218,132604,321082310,30055650,-418719180,67581220,0,605000770,30055650,142005890,116129140,893191450,283918460,0,560725070,48547920,893191450
2021-06-03,6760,6800,6730,6730,108309,-0.4437869822485207,39912,0,-40829,917,0,72374,0,27237,8698,108309,32462,0,68066,7781,108309,269813640,0,-276209970,6396330,0,489325000,0,184215730,58900060,732440790,219511360,0,460425700,52503730,732440790
2021-06-04,6730,6850,6610,6710,69542,-0.2971768202080238,20762,0,-34206,13444,0,41596,0,10413,17533,69542,20834,0,44619,4089,69542,140957090,0,-231939500,90982410,0,281989500,0,70434280,118583570,471007350,141032410,0,302373780,27601160,471007350
2021-06-07,6740,6780,6670,6700,100636,-0.14903129657228018,21563,0,-16888,-4675,0,51460,0,39012,10164,100636,29897,0,55900,14839,100636,144563680,0,-113329320,-31234360,0,344705690,0,261315510,68135900,674157100,200142010,0,374644830,99370260,674157100
2021-06-08,6730,6730,6630,6690,35214,-0.1492537313432836,460,-3877,2006,1411,0,16749,0,15823,2642,35214,16289,3877,13817,1231,35214,3017780,-25774130,13347940,9408410,0,111597470,0,105488860,17620550,234706880,108579690,25774130,92140920,8212140,234706880
2021-06-09,6700,6960,6650,6860,163181,2.5411061285500747,42005,-1772,-51890,11657,0,106143,6594,29955,20489,163181,64138,8366,81845,8832,163181,288528530,-11485060,-355044340,78000870,0,726390450,44949540,203107040,138822690,1113269720,437861920,56434600,558151380,60821820,1113269720
2021-06-10,6860,6860,6640,6660,93352,-2.9154518950437316,-7750,-5714,23219,-9755,0,44525,1884,42482,4461,93352,52275,7598,19263,14216,93352,-49501500,-39102680,155820590,-67216410,0,300040790,12660510,286492460,29715470,628909230,349542290,51763190,130671870,96931880,628909230
2021-06-11,6690,6700,6550,6550,137083,-1.6516516516516515,-24514,-6499,15183,15830,0,74430,1414,40394,20845,137083,98944,7913,25211,5015,137083,-161161130,-42726950,99852970,104035110,0,489678920,9318670,266042390,137190570,902230550,650840050,52045620,166189420,33155460,902230550
2021-06-14,6640,6640,6390,6400,133980,-2.2900763358778624,-33989,-6079,46503,-6435,0,64233,1902,60581,7264,133980,98222,7981,14078,13699,133980,-218383490,-39329930,300404300,-42690880,0,415109790,12357620,391310190,46739750,865517350,633493280,51687550,90905890,89430630,865517350
2021-06-15,6460,6490,6370,6420,84271,0.3125,-26924,-6445,16925,16444,0,31574,1559,34641,16497,84271,58498,8004,17716,53,84271,-172519260,-41281500,108507330,105293430,0,201763410,9971190,221856360,105633210,539224170,374282670,51252690,113349030,339780,539224170
2021-06-16,6490,6490,6340,6430,97170,0.1557632398753894,-4467,-7902,5863,6506,0,34547,98,51742,10783,97170,39014,8000,45879,4277,97170,-28156760,-50470520,37175500,41451780,0,220557590,627220,330340950,68826130,620351890,248714350,51097740,293165450,27374350,620351890
2021-06-17,6470,6470,6380,6440,39540,0.15552099533437014,11340,-8000,-1956,-1384,0,16049,0,20690,2801,39540,4709,8000,22646,4185,39540,72717830,-51325000,-12562900,-8829930,0,102923800,0,132597900,18001160,253522860,30205970,51325000,145160800,26831090,253522860
2021-06-18,6410,6480,6410,6480,38487,0.6211180124223602,15334,-6600,-6237,-2497,0,20953,1500,14346,1688,38487,5619,8100,20583,4185,38487,98964270,-42529400,-40305020,-16129850,0,135209590,9710000,92570940,10871600,248362130,36245320,52239400,132875960,27001450,248362130
2021-06-21,6460,6470,6420,6460,30640,-0.30864197530864196,10832,-8300,-277,-2255,0,17496,0,13144,0,30640,6664,8300,13421,2255,30640,69805960,-53513700,-1746450,-14545810,0,112789300,0,84789980,0,197579280,42983340,53513700,86536430,14545810,197579280
2021-06-22,6510,6520,6430,6460,38069,0.0,3049,-8200,7117,-1966,0,13446,0,22478,2145,38069,10397,8200,15361,4111,38069,19581960,-52872000,46056400,-12766360,0,86666780,0,145087180,13835250,245589210,67084820,52872000,99030780,26601610,245589210
2021-06-23,6500,6500,6400,6400,43505,-0.9287925696594427,7553,-8400,11094,-10247,0,19218,0,24019,268,43505,11665,8400,12925,10515,43505,48923360,-54064030,71067700,-65927030,0,123714240,0,154280090,1736180,279730510,74790880,54064030,83212390,67663210,279730510
2021-06-24,6410,6430,6400,6400,34193,0.0,10997,-8200,-1819,-978,0,14034,0,18413,1746,34193,3037,8200,20232,2724,34193,70414560,-52561140,-11609920,-6243500,0,89877000,0,117929180,11208980,219015160,19462440,52561140,129539100,17452480,219015160
2021-06-25,6400,6470,6370,6440,36308,0.625,17281,-8370,-3485,-5426,0,23479,0,12718,111,36308,6198,8370,16203,5537,36308,110861850,-53397480,-22603880,-34860490,0,150751640,0,81340210,708250,232800100,39889790,53397480,103944090,35568740,232800100
2021-06-28,6430,6490,6410,6420,98308,-0.3105590062111801,43805,-8300,-35778,273,0,45613,0,49607,3088,98308,1808,8300,85385,2815,98308,282385110,-53563700,-230512800,1691390,0,294050790,0,319523690,19866630,633441110,11665680,53563700,550036490,18175240,633441110
2021-06-29,6340,6340,6220,6240,54794,-2.803738317757009,-5937,-8201,19886,-5748,0,16446,310,38033,5,54794,22383,8511,18147,5753,54794,-37014290,-51298420,124363610,-36050900,0,103250950,1943600,238217050,31350,343442950,140265240,53242020,113853440,36082250,343442950
2021-06-30,6240,6250,6010,6210,99827,-0.4807692307692308,6263,-26875,15181,5431,0,28475,150,63733,7469,99827,22212,27025,48552,2038,99827,38580250,-166510310,94301900,33628160,0,175923270,912000,394543840,46288690,617667800,137343020,167422310,300241940,12660530,617667800
2021-07-01,6180,6210,6120,6170,7901955,-0.644122383252818,7776224,-7817635,52393,-10982,0,7829709,181,72065,0,7901955,53485,7817816,19672,10982,7901955,45872100180,-46126131090,321569030,-67538120,0,46200273810,1115200,442323390,0,46643712400,328173630,46127246290,120754360,67538120,46643712400
2021-07-02,6210,6210,6080,6160,226564,-0.1620745542949757,-139579,-8973,148093,459,0,45578,47,173686,7253,226564,185157,9020,25593,6794,226564,-858430080,-55278250,911049210,2659120,0,279799780,288100,1068355030,44564050,1393006960,1138229860,55566350,157305820,41904930,1393006960
2021-07-05,6230,6230,6010,6040,275942,-1.948051948051948,-127292,-10533,128089,9736,0,84092,1467,176292,14091,275942,211384,12000,48203,4355,275942,-771424720,-63856830,776972210,58309340,0,508617490,8868170,1069728360,85018930,1672232950,1280042210,72725000,292756150,26709590,1672232950
2021-07-06,6050,6060,5990,6000,146737,-0.6622516556291391,-41426,-9885,45192,6119,0,47851,1450,84560,12876,146737,89277,11335,39368,6757,146737,-248854450,-59355000,271510370,36699080,0,287482460,8695000,507807030,77354100,881338590,536336910,68050000,236296660,40655020,881338590
2021-07-07,6030,6030,5970,6000,98502,0.0,-27085,-14881,24477,17489,0,15175,2784,62116,18427,98502,42260,17665,37639,938,98502,-162148850,-89165110,146554000,104759960,0,90861530,16675000,371915890,110382830,589835250,253010380,105840110,225361890,5622870,589835250
2021-07-08,6010,6010,5950,6000,127401,0.0,-61162,1200,68284,-8322,0,27388,1200,88097,10716,127401,88550,0,19813,19038,127401,-365395070,7157000,408100060,-49861990,0,163526850,7157000,526466130,64030100,761180080,528921920,0,118366070,113892090,761180080
2021-07-09,6020,6020,5960,5990,113404,-0.16666666666666669,-34616,258,30495,3863,0,44287,267,53418,15432,113404,78903,9,22923,11569,113404,-206992040,1543840,182257190,23191010,0,264909610,1597660,319353340,92354780,678215390,471901650,53820,137096150,69163770,678215390
2021-07-12,6000,6030,5970,6000,112186,0.1669449081803005,-76723,-2188,76852,2059,0,10565,100,84689,16832,112186,87288,2288,7837,14773,112186,-459600490,-13129480,460285490,12444480,0,63198550,600000,507213830,100892720,671905100,522799040,13729480,46928340,88448240,671905100
2021-07-13,5980,6010,5980,6010,52444,0.16666666666666669,-35606,150,38173,-2717,0,5554,366,45000,1524,52444,41160,216,6827,4241,52444,-213669460,899580,229058370,-16288490,0,33323070,2196340,269991700,9146440,314657550,246992530,1296760,40933330,25434930,314657550
2021-07-14,6010,6020,5940,5970,91929,-0.6655574043261231,-50397,1298,63736,-14637,0,19092,1368,70976,493,91929,69489,70,7240,15130,91929,-301080390,7725380,380776490,-87421480,0,113879690,8143280,424000220,2944060,548967250,414960080,417900,43223730,90365540,548967250
2021-07-15,6000,6000,5880,5950,219088,-0.33500837520938026,-81925,519,73533,7873,0,63474,519,135314,19781,219088,145399,0,61781,11908,219088,-484059300,3069860,434731940,46257500,0,375574670,3069860,800329200,116986310,1295960040,859633970,0,365597260,70728810,1295960040
2021-07-16,5950,5970,5920,5950,81290,0.0,-1266,369,-1641,2538,0,56974,369,20835,3112,81290,58240,0,22476,574,81290,-7488970,2193860,-9777550,15072660,0,338964700,2193860,123840580,18484810,483483950,346453670,0,133618130,3412150,483483950
2021-07-19,5950,5970,5930,5960,30938,0.16806722689075632,-4522,-900,6722,-1300,0,7532,100,22027,1279,30938,12054,1000,15305,2579,30938,-26921740,-5364000,39991120,-7705380,0,44833610,596000,131074120,7617230,184120960,71755350,5960000,91083000,15322610,184120960
2021-07-20,5960,5960,5900,5950,121447,-0.16778523489932887,-43829,200,51704,-8075,0,66281,200,54964,2,121447,110110,0,3260,8077,121447,-259888490,1190000,306565830,-47867340,0,393843980,1190000,325878940,11810,720924730,653732470,0,19313110,47879150,720924730
2021-07-21,5970,5970,5930,5940,34984,-0.16806722689075632,-17567,2124,17065,-1622,0,2723,2124,29219,918,34984,20290,0,12154,2540,34984,-104465950,12597320,101505710,-9637080,0,16170450,12597320,173681200,5458900,207907870,120636400,0,72175490,15095980,207907870
2021-07-22,5960,5960,5920,5950,66540,0.16835016835016833,-15929,1626,24760,-10457,0,30802,2250,31918,1570,66540,46731,624,7158,12027,66540,-94361940,9613900,146789280,-62041240,0,182729740,13326000,189295510,9336460,394687710,277091680,3712100,42506230,71377700,394687710
2021-07-23,5960,5970,5920,5940,110696,-0.16806722689075632,-71506,-900,67083,5323,0,22423,100,80733,7440,110696,93929,1000,13650,2117,110696,-425166590,-5366000,398825940,31706650,0,133201700,594000,480003150,44302080,658100930,558368290,5960000,81177210,12595430,658100930
2021-07-26,5940,5950,5890,5950,91535,0.16835016835016833,-34914,-1405,41471,-5152,0,21555,369,68030,1581,91535,56469,1774,26559,6733,91535,-206931650,-8352020,245692830,-30409160,0,127355590,2190480,402826220,9358810,541731100,334287240,10542500,157133390,39767970,541731100
2021-07-27,5950,5950,5910,5940,23779,-0.16806722689075632,-4513,369,3982,162,0,10649,369,12598,163,23779,15162,0,8616,1,23779,-26780900,2190170,23629760,960970,0,63249290,2190170,74771880,966900,141178240,90030190,0,51142120,5930,141178240
2021-07-28,5940,5960,5920,5950,38533,0.16835016835016833,-17619,-1800,17247,2172,0,8918,200,26723,2692,38533,26537,2000,9476,520,38533,-104757370,-10700000,102522890,12934480,0,53065410,1190000,158885240,16023450,229164100,157822780,11890000,56362350,3088970,229164100
2021-07-29,5960,5970,5920,5940,76370,-0.16806722689075632,-29054,4404,22640,2010,0,30813,4404,37638,3515,76370,59867,0,14998,1505,76370,-172595450,26200960,134440060,11954430,0,182983220,26200960,223529250,20899060,453612490,355578670,0,89089190,8944630,453612490
2021-07-30,5950,5950,5910,5940,30154,0.0,-943,8541,-840,-6758,0,9466,8611,12077,0,30154,10409,70,12917,6758,30154,-5640920,50734540,-5012570,-40081050,0,56229710,51150340,71664170,0,179044220,61870630,415800,76676740,40081050,179044220
2021-08-02,5970,5970,5900,5940,36398,0.0,5728,200,966,-6894,0,24756,200,11442,0,36398,19028,0,10476,6894,36398,34013070,1187000,5676050,-40876120,0,146921630,1187000,67747240,0,215855870,112908560,0,62071190,40876120,215855870
2021-08-03,5950,5950,5860,5880,118264,-1.0101010101010102,-30702,0,33896,-3194,0,52530,0,64772,962,118264,83232,0,30876,4156,118264,-180634250,0,199536020,-18901770,0,309606290,0,381612850,5654420,696873560,490240540,0,182076830,24556190,696873560
2021-08-04,5890,5890,5850,5850,59482,-0.5102040816326531,-28382,-2700,33069,-1987,0,18289,300,40886,7,59482,46671,3000,7817,1994,59482,-166397910,-15874660,193951590,-11679020,0,107301440,1760000,239819780,41230,348922450,273699350,17634660,45868190,11720250,348922450
2021-08-05,5860,5950,5850,5940,137038,1.5384615384615385,30935,-5900,-30510,5475,0,122535,200,8819,5484,137038,91600,6100,39329,9,137038,182254450,-34707000,-179917370,32369920,0,726158630,1188000,51973620,32423290,811743540,543904180,35895000,231890990,53370,811743540
2021-08-06,5950,5950,5920,5930,73878,-0.16835016835016833,-1030,-900,520,1410,0,58996,100,11953,2829,73878,60026,1000,11433,1419,73878,-6023140,-5357000,3013940,8366200,0,350451530,593000,70922900,16780870,438748300,356474670,5950000,67908960,8414670,438748300
2021-08-09,5950,5950,5900,5910,56588,-0.33726812816188867,-9245,100,18041,-8896,0,33728,100,22490,270,56588,42973,0,4449,9166,56588,-54682010,592000,106714470,-52624460,0,199433730,592000,133025670,1601100,334652500,254115740,0,26311200,54225560,334652500
2021-08-10,5930,5930,5890,5910,39514,0.0,-14841,170,17503,-2832,0,16450,170,21308,1586,39514,31291,0,3805,4418,39514,-87692840,1006160,103397970,-16711290,0,97196410,1006160,125867840,9373260,233443670,184889250,0,22469870,26084550,233443670
2021-08-11,5930,5940,5900,5920,136501,0.1692047377326565,10015,-2050,-6593,-1372,0,125336,0,11124,41,136501,115321,2050,17717,1413,136501,59384560,-12167000,-39086190,-8131370,0,743044140,0,65785560,243480,809073180,683659580,12167000,104871750,8374850,809073180
2021-08-12,5940,5940,5890,5910,154902,-0.16891891891891891,-20863,1420,20216,-773,0,125178,1420,27927,377,154902,146041,0,7711,1150,154902,-123360290,8414420,119513980,-4568110,0,740773420,8414420,165077690,2231830,916497360,864133710,0,45563710,6799940,916497360
2021-08-13,5940,5940,5850,5850,110315,-1.015228426395939,-38980,0,43459,-4479,0,39948,0,65220,5147,110315,78928,0,21761,9626,110315,-228320710,0,254652710,-26332000,0,234303670,0,382538370,30147820,646989860,462624380,0,127885660,56479820,646989860
2021-08-17,5890,5890,5830,5840,73617,-0.17094017094017094,-22179,12710,4706,4763,0,32312,12780,23742,4783,73617,54491,70,19036,20,73617,-129760460,74352800,27526470,27881190,0,189162630,74763000,138939530,27998790,430863950,318923090,410200,111413060,117600,430863950
2021-08-18,5870,5890,5830,5860,102324,0.3424657534246575,-33144,-1306,6471,27979,0,58316,0,15182,28826,102324,91460,1306,8711,847,102324,-194005110,-7666220,37679090,163992240,0,342217940,0,88789250,168940740,599947930,536223050,7666220,51110160,4948500,599947930
2021-08-19,5890,5890,5800,5810,318790,-0.8532423208191127,-23626,0,37426,-13800,0,266607,0,47074,5109,318790,290233,0,9648,18909,318790,-137408420,0,217781550,-80373130,0,1552052290,0,274058360,29800070,1855910720,1689460710,0,56276810,110173200,1855910720
2021-08-20,5800,5860,5780,5780,116700,-0.5163511187607573,-24829,1600,21549,1680,0,62859,1600,43996,8245,116700,87688,0,22447,6565,116700,-144138510,9294000,125023330,9821180,0,364707720,9294000,255344360,47938000,677284080,508846230,0,130321030,38116820,677284080
2021-08-23,5800,5830,5730,5780,82283,0.0,-18137,12920,-5864,11081,0,31521,13000,20546,17216,82283,49658,80,26410,6135,82283,-104953430,74936000,-34331850,64349280,0,183318010,75400000,119011090,99989230,477718330,288271440,464000,153342940,35639950,477718330
2021-08-24,5830,5840,5770,5800,80517,0.34602076124567477,-7728,13174,-18461,13015,0,45851,13174,8180,13312,80517,53579,0,26641,297,80517,-44780500,76759100,-107641230,75662630,0,266647710,76759100,47421510,77390970,468219290,311428210,0,155062740,1728340,468219290
2021-08-25,5860,5870,5800,5820,65756,0.3448275862068966,-522,3050,2461,-4989,0,41783,3100,18830,2043,65756,42305,50,16369,7032,65756,-2843160,17812000,14139170,-29108010,0,244305150,18104000,109901210,11937930,384248290,247148310,292000,95762040,41045940,384248290
2021-08-26,5860,5860,5800,5820,75219,0.0,-28116,0,14725,13391,0,39891,0,19328,16000,75219,68007,0,4603,2609,75219,-163739880,0,85595210,78144670,0,232412930,0,112440210,93313380,438166520,396152810,0,26845000,15168710,438166520
2021-08-27,5850,5850,5820,5850,56998,0.5154639175257731,-21273,194,6140,14939,0,24520,194,14076,18208,56998,45793,0,7936,3269,56998,-124027300,1131130,35700980,87195190,0,143142820,1131130,82024010,106263440,332561400,267170120,0,46323030,19068250,332561400
2021-08-30,5860,5880,5830,5850,62607,0.0,-33740,0,25819,7921,0,16418,0,37762,8427,62607,50158,0,11943,506,62607,-197627170,0,151201730,46425440,0,96225410,0,221243990,49387780,366857180,293852580,0,70042260,2962340,366857180
2021-08-31,5870,5880,5850,5850,172899,0.0,-5333,0,9217,-3884,0,154003,0,17272,1624,172899,159336,0,8055,5508,172899,-31147200,0,53860180,-22712980,0,902825020,0,101160670,9520660,1013506350,933972220,0,47300490,32233640,1013506350
2021-09-01,5880,5900,5810,5850,179442,0.0,-52129,-349,12684,39794,0,101749,100,35535,42058,179442,153878,449,22851,2264,179442,-304930710,-2044260,73948480,233026490,0,595414180,585000,207878720,246260940,1050138840,900344890,2629260,133930240,13234450,1050138840
2021-09-02,5850,5920,5830,5890,106291,0.6837606837606838,-20057,-97,-13007,33161,0,49679,2,19491,37119,106291,69736,99,32498,3958,106291,-118319930,-569120,-76614670,195503720,0,292314170,11780,114589460,218736800,625652210,410634100,580900,191204130,23233080,625652210
2021-09-03,5930,5970,5900,5960,76578,1.1884550084889642,-11377,-50,3012,8415,0,33358,0,25884,17336,76578,44735,50,22872,8921,76578,-67913390,-298000,17979050,50232340,0,198599180,0,154091420,103198770,455889370,266512570,298000,136112370,52966430,455889370
2021-09-06,5970,6020,5930,5990,74975,0.5033557046979865,-16884,-59,12498,4445,0,25761,0,30302,18912,74975,42645,59,17804,14467,74975,-101088370,-355180,74709630,26733920,0,154110070,0,181380210,113245060,448735340,255198440,355180,106670580,86511140,448735340
2021-09-07,6000,6000,5980,5990,47273,0.0,-5442,334,9007,-3899,0,26470,334,17194,3275,47273,31912,0,8187,7174,47273,-32633420,2000660,53969740,-23336980,0,158790560,2000660,103053250,19633230,283477700,191423980,0,49083510,42970210,283477700
2021-09-08,6000,6000,5960,5970,33831,-0.333889816360601,5960,127,-7008,921,0,14844,168,13519,5300,33831,8884,41,20527,4379,33831,35692990,757780,-41946490,5495720,0,88750330,1002960,80778520,31666630,202198440,53057340,245180,122725010,26170910,202198440
2021-09-09,5980,6010,5950,6010,92271,0.6700167504187605,-20914,167,-669,21416,0,30889,167,34740,26475,92271,51803,0,35409,5059,92271,-125514820,1000330,-4163510,128678000,0,185383130,1000330,208152080,158916460,553452000,310897950,0,212315590,30238460,553452000
2021-09-10,6000,6000,5970,5970,70394,-0.6655574043261231,-27325,1243,27848,-1766,0,34534,1243,30798,3819,70394,61859,0,2950,5585,70394,-163742450,7456330,166810900,-10524780,0,206998760,7456330,184475280,22914000,421844370,370741210,0,17664380,33438780,421844370
2021-09-13,5960,5980,5940,5970,36484,0.0,4745,0,-1621,-3124,0,23870,0,10372,2242,36484,19125,0,11993,5366,36484,28237470,0,-9676980,-18560490,0,142434290,0,61830470,13384740,217649500,114196820,0,71507450,31945230,217649500
2021-09-14,5970,5970,5930,5960,68282,-0.16750418760469013,-22150,0,21465,685,0,23464,0,37558,7260,68282,45614,0,16093,6575,68282,-131867180,0,127695530,4171650,0,139632250,0,223454670,43244720,406331640,271499430,0,95759140,39073070,406331640
2021-09-15,5980,5980,5940,5960,46550,0.0,-5998,169,6385,-556,0,23434,169,19167,3780,46550,29432,0,12782,4336,46550,-35800110,1003860,38030070,-3233820,0,139720490,1003860,114109110,22552770,277386230,175520600,0,76079040,25786590,277386230
2021-09-16,5960,6030,5950,6030,65720,1.174496644295302,-15154,0,7995,7159,0,26733,0,28756,10231,65720,41887,0,20761,3072,65720,-90334690,0,47341490,42993200,0,160531470,0,172118430,61297060,393946960,250866160,0,124776940,18303860,393946960
2021-09-17,6020,6030,6000,6010,28709,-0.33167495854063017,2751,167,-729,-2189,0,17188,167,11354,0,28709,14437,0,12083,2189,28709,16577120,1003670,-4412220,-13168570,0,103553070,1003670,68341840,0,172898580,86975950,0,72754060,13168570,172898580
2021-09-23,6000,6000,5950,5990,67253,-0.33277870216306155,6,169,13956,-14131,0,24634,169,42286,164,67253,24628,0,28330,14295,67253,-175570,1007240,83545910,-84377580,0,147206260,1007240,252517090,979340,401709930,147381830,0,168971180,85356920,401709930
2021-09-24,5970,5990,5960,5990,59644,0.0,-6462,0,15051,-8589,0,34802,0,24810,32,59644,41264,0,9759,8621,59644,-38674660,0,90033270,-51358610,0,208322260,0,148393870,191680,356907810,246996920,0,58360600,51550290,356907810
2021-09-27,5990,5990,5930,5970,91912,-0.333889816360601,-16756,4395,21732,-9371,0,52933,4397,34399,183,91912,69689,2,12667,9554,91912,-99573200,26220970,129216210,-55863980,0,315645320,26232890,204906960,1087620,547872790,415218520,11920,75690750,56951600,547872790
2021-09-28,5990,6000,5960,5980,86189,0.16750418760469013,-39671,4790,30149,4732,0,35375,4790,40448,5576,86189,75046,0,10299,844,86189,-237234390,28681590,180198300,28354500,0,211697920,28681590,241819420,33393600,515592530,448932310,0,61621120,5039100,515592530
2021-09-29,5980,6060,5950,6030,112103,0.8361204013377926,-38854,12898,-4778,30734,0,37229,12998,28802,33074,112103,76083,100,33580,2340,112103,-233233890,77293350,-28633430,184573970,0,224125610,77896350,173474190,198556210,674052360,457359500,603000,202107620,13982240,674052360
2021-09-30,6000,6100,6000,6060,76809,0.4975124378109453,-4477,2986,6285,-4794,0,38354,3326,30685,4444,76809,42831,340,24400,9238,76809,-26776210,18107330,37557560,-28888680,0,232179900,20157530,185441160,26997550,464776140,258956110,2050200,147883600,55886230,464776140
2021-10-01,6070,6190,6040,6140,101807,1.3201320132013201,-13939,1336,4602,8001,0,30276,1540,51855,18136,101807,44215,204,47253,10135,101807,-85134860,8179940,28037330,48917590,0,185601760,9432500,317715550,110963880,623713690,270736620,1252560,289678220,62046290,623713690
2021-10-05,6160,6170,6060,6080,70674,-0.9771986970684038,6890,15896,-10636,-12150,0,18741,15896,31252,4785,70674,11851,0,41888,16935,70674,41791080,97325970,-64965900,-74151150,0,114376700,97325970,190682640,29272460,431657770,72585620,0,255648540,103423610,431657770
2021-10-06,6080,6180,6050,6070,106443,-0.1644736842105263,16306,8000,-35009,10703,0,53511,8000,14712,30220,106443,37205,0,49721,19517,106443,99170890,48560000,-213016360,65285470,0,325706460,48560000,89520790,183935930,647723180,226535570,0,302537150,118650460,647723180
2021-10-07,6080,6150,6040,6110,70778,0.6589785831960462,1221,-100,-21192,20071,0,36275,0,10318,24185,70778,35054,100,31510,4114,70778,7738590,-614000,-129465250,122340660,0,221687890,0,62799050,147350010,431836950,213949300,614000,192264300,25009350,431836950
2021-10-08,6120,6240,6110,6180,79727,1.1456628477905073,22992,-100,-24207,1315,0,60553,150,10118,8906,79727,37561,250,34325,7591,79727,141842000,-619500,-149222480,7999980,0,372968490,918000,62352030,54846450,491084970,231126490,1537500,211574510,46846470,491084970
2021-10-12,6180,6180,6080,6100,66153,-1.2944983818770228,10449,800,6933,-18182,0,22609,800,39974,2770,66153,12160,0,33041,20952,66153,63753530,4896000,42334080,-110983610,0,138100040,4896000,244545170,16995980,404537190,74346510,0,202211090,127979590,404537190
2021-10-13,6070,6100,6060,6080,55622,-0.32786885245901637,10506,0,-5459,-5047,0,35670,0,19599,353,55622,25164,0,25058,5400,55622,63986930,0,-33278810,-30708120,0,217185870,0,119191080,2149770,338526720,153198940,0,152469890,32857890,338526720
2021-10-14,6080,6150,6060,6100,104188,0.3289473684210526,-16802,0,9143,7659,0,66941,0,26345,10902,104188,83743,0,17202,3243,104188,-102529950,0,55799330,46730620,0,409368510,0,161054900,66538420,636961830,511898460,0,105255570,19807800,636961830
2021-10-15,6090,6200,6080,6140,58995,0.6557377049180327,7477,0,-13594,6117,0,39042,0,8481,11472,58995,31565,0,22075,5355,58995,46511560,0,-84011380,37499820,0,239989480,0,51903590,70326980,362220050,193477920,0,135914970,32827160,362220050
2021-10-18,6140,6220,6140,6220,81588,1.3029315960912053,9943,-3848,-9235,3140,0,51155,3030,11280,16123,81588,41212,6878,20515,12983,81588,61303140,-23727690,-57297300,19721850,0,316029460,18604200,69405440,99575540,503614640,254726320,42331890,126702740,79853690,503614640
2021-10-19,6220,6260,6170,6240,97742,0.3215434083601286,16798,-14423,-15335,12960,0,64226,0,14435,19081,97742,47428,14423,29770,6121,97742,104415530,-89434170,-95487140,80505780,0,399994560,0,89893670,118667910,608556140,295579030,89434170,185380810,38162130,608556140
2021-10-20,6240,6370,6220,6300,61795,0.9615384615384616,9156,-13,-5370,-3773,0,37346,0,16871,7578,61795,28190,13,22241,11351,61795,58099560,-81900,-33927090,-24090570,0,235457460,0,106474930,47735130,389667520,177357900,81900,140402020,71825700,389667520
2021-10-21,6310,6380,6290,6360,58338,0.9523809523809524,10545,-187,-20352,9994,0,32408,0,10977,14953,58338,21863,187,31329,4959,58338,66929380,-1189320,-129182690,63442630,0,205646590,0,69545290,94832470,370024350,138717210,1189320,198727980,31389840,370024350
2021-10-22,6350,6370,6280,6280,42111,-1.257861635220126,5068,0,8770,-13838,0,24463,0,17578,70,42111,19395,0,8808,13908,42111,32058200,0,55203070,-87261270,0,154137910,0,110744860,441000,265323770,122079710,0,55541790,87702270,265323770
2021-10-25,6280,6290,6210,6260,73332,-0.3184713375796179,-14194,161,17763,-3730,0,38964,161,28229,5978,73332,53158,0,10466,9708,73332,-88530990,1001420,110699590,-23170020,0,242895800,1001420,175848850,37300750,457046820,331426790,0,65149260,60470770,457046820
2021-10-26,6210,6260,6180,6200,3804741,-0.9584664536741214,3679179,-3714839,39598,-3938,0,3747851,1161,51596,4133,3804741,68672,3716000,11998,8071,3804741,22104735770,-22325948580,245567000,-24354190,0,22530551460,7211420,319863150,25664360,22883290390,425815690,22333160000,74296150,50018550,22883290390
2021-10-27,6250,6250,6140,6150,153883,-0.8064516129032258,-58319,1000,54577,2742,0,78312,1000,65439,9132,153883,136631,0,10862,6390,153883,-359657950,6140000,336606140,16911810,0,483017090,6140000,403679600,56397750,949234440,842675040,0,67073460,39485940,949234440
2021-10-28,6140,6180,6060,6100,160689,-0.8130081300813009,-55732,3938,57245,-5451,0,69555,3938,83835,3361,160689,125287,0,26590,8812,160689,-339801200,24012130,349166340,-33377270,0,424238310,24012130,511448790,20508650,980207880,764039510,0,162282450,53885920,980207880
2021-10-29,6100,6160,6070,6100,123975,0.0,-42786,14,37823,4949,0,59914,14,54858,9189,123975,102700,0,17035,4240,123975,-260462030,85470,230229770,30146790,0,364967380,85470,334059260,56033290,755145400,625429410,0,103829490,25886500,755145400
2021-11-01,6160,6160,6090,6100,169401,0.0,-60294,164,54495,5635,0,91077,164,67414,10746,169401,151371,0,12919,5111,169401,-368684300,1000400,333145670,34538230,0,556322810,1000400,412034710,65764610,1035122530,925007110,0,78889040,31226380,1035122530
2021-11-02,6100,6150,6030,6100,331794,0.0,-67196,1165,52946,13085,0,199004,1165,98109,33516,331794,266200,0,45163,20431,331794,-407816110,7064850,321375320,79375940,0,1211194430,7064850,595005840,203596390,2016861510,1619010540,0,273630520,124220450,2016861510
2021-11-03,6060,6100,6010,6030,144757,-1.1475409836065573,-18180,166,33876,-15862,0,83713,166,57125,3753,144757,101893,0,23249,19615,144757,-109506440,1004300,204409900,-95907760,0,505191400,1004300,344649160,22675180,873520040,614697840,0,140239260,118582940,873520040
2021-11-04,6040,6070,5990,6010,111031,-0.33167495854063017,-19821,167,30165,-10511,0,68108,167,41594,1162,111031,87929,0,11429,11673,111031,-119194550,1008670,181412000,-63226120,0,410478360,1008670,250191230,7018310,668696570,529672910,0,68779230,70244430,668696570
2021-11-05,6010,6060,6000,6020,60211,0.16638935108153077,-2546,0,3969,-1423,0,37715,0,19660,2836,60211,40261,0,15691,4259,60211,-15358520,0,23902980,-8544460,0,227134620,0,118316130,17094040,362544790,242493140,0,94413150,25638500,362544790
2021-11-08,6080,6080,6010,6040,123552,0.33222591362126247,-18514,5167,11110,2237,0,98007,5167,16052,4326,123552,116521,0,4942,2089,123552,-111523750,31105340,66896940,13521470,0,590770110,31105340,96676590,26111110,744663150,702293860,0,29779650,12589640,744663150
2021-11-09,6080,6080,6020,6050,116324,0.16556291390728478,-5664,111,7404,-1851,0,95287,111,13743,7183,116324,100951,0,6339,9034,116324,-34183670,668220,44612070,-11096620,0,575218660,668220,82931130,43452280,702270290,609402330,0,38319060,54548900,702270290
2021-11-10,6060,6080,6020,6040,246459,-0.1652892561983471,-36885,168,41101,-4384,0,186767,168,49069,10455,246459,223652,0,7968,14839,246459,-223124700,1013090,248426840,-26315230,0,1129026540,1013090,296619040,63443390,1490102060,1352151240,0,48192200,89758620,1490102060
2021-11-11,6040,6060,6020,6040,105555,0.0,-30881,166,37058,-6343,0,55221,166,46141,4027,105555,86102,0,9083,10370,105555,-186704980,1002640,223884470,-38182130,0,333477510,1002640,278761160,24372360,637613670,520182490,0,54876690,62554490,637613670
2021-11-12,6050,6070,6010,6050,125282,0.16556291390728478,-28714,175,48680,-20141,0,67516,175,55759,1832,125282,96230,0,7079,21973,125282,-173194690,1056930,293639730,-121501970,0,407295710,1056930,336339100,11069130,755760870,580490400,0,42699370,132571100,755760870
2021-11-15,6060,6060,6030,6050,95126,0.0,-14908,166,14278,464,0,60159,166,30663,4138,95126,75067,0,16385,3674,95126,-89956200,1002640,86110480,2843080,0,363578460,1002640,185202450,25035250,574818800,453534660,0,99091970,22192170,574818800
2021-11-16,6050,6060,6020,6040,104565,-0.1652892561983471,-10822,-334,21105,-9949,0,53824,2666,47419,656,104565,64646,3000,26314,10605,104565,-65219260,-2002360,127263800,-60042180,0,324775220,16087640,286188860,3959560,631011280,389994480,18090000,158925060,64001740,631011280
2021-11-17,6030,6060,6020,6050,103329,0.16556291390728478,18914,2166,-12870,-8210,0,71659,2166,24906,4598,103329,52745,0,37776,12808,103329,114170060,13082640,-77800790,-49451910,0,432944340,13082640,150158950,27815400,624001330,318774280,0,227959740,77267310,624001330
2021-11-18,6060,6090,6030,6060,158333,0.1652892561983471,-71862,57666,809,13387,0,46253,60166,26289,25625,158333,118115,2500,25480,12238,158333,-436077800,349478160,4944040,81655600,0,280165550,364603160,159312800,155742240,959823750,716243350,15125000,154368760,74086640,959823750
2021-11-19,6070,6070,6030,6050,75829,-0.16501650165016502,-14754,166,25223,-10635,0,39680,166,33971,2012,75829,54434,0,8748,12647,75829,-89068030,1004300,152412070,-64348340,0,240252760,1004300,205225760,12143050,458625870,329320790,0,52813690,76491390,458625870
2021-11-22,6080,6080,6030,6050,95438,0.0,-27054,4580,18442,4032,0,53534,4580,27698,9626,95438,80588,0,9256,5594,95438,-163547320,27707340,111375160,24464820,0,323828550,27707340,167332870,58259820,577128580,487375870,0,55957710,33795000,577128580
2021-11-23,6080,6110,6030,6050,188419,0.0,-91593,28309,35199,28085,0,61836,28309,48142,50132,188419,153429,0,12943,22047,188419,-556857840,172186220,213143640,171527980,0,374879670,172186220,291775940,305019220,1143861050,931737510,0,78632300,133491240,1143861050
2021-11-24,6100,6100,6050,6050,94094,0.0,-28680,6473,13017,9190,0,43007,6883,31763,12441,94094,71687,410,18746,3251,94094,-173750750,39193550,78847790,55709410,0,260896480,41678150,192548960,75432950,570556540,434647230,2484600,113701170,19723540,570556540
2021-11-25,6070,6080,6050,6060,88732,0.1652892561983471,-57917,5166,47732,5019,0,10033,5166,57243,16290,88732,67950,0,9511,11271,88732,-350988120,31254300,289257480,30476340,0,60764420,31254300,346871610,98725380,537615710,411752540,0,57614130,68249040,537615710
2021-11-26,6060,6070,6020,6070,108860,0.16501650165016502,-54221,19166,33155,1900,0,21190,19166,51723,16781,108860,75411,0,18568,14881,108860,-327896050,116015300,200259790,11620960,0,128273150,116015300,312658570,101551430,658498450,456169200,0,112398780,89930470,658498450
2021-11-29,6020,6050,6000,6040,131807,-0.4942339373970346,-11791,167,12423,-799,0,49588,167,74040,8012,131807,61379,0,61617,8811,131807,-70817550,1005340,74591800,-4779590,0,298941470,1005340,445577020,48272610,793796440,369759020,0,370985220,53052200,793796440
2021-11-30,6050,6060,5850,5990,179679,-0.8278145695364238,-22979,7666,46667,-31354,0,82072,7667,83919,6021,179679,105051,1,37252,37375,179679,-135306630,45765990,277935400,-188394760,0,492143720,45772000,501469060,35545890,1074930670,627450350,6010,223533660,223940650,1074930670
2021-12-01,6000,6010,5920,6000,182391,0.1669449081803005,-40371,2871,36182,1318,0,89659,3871,76186,12675,182391,130030,1000,40004,11357,182391,-239753210,17110030,215081270,7561910,0,534256720,23050030,453604170,75556990,1086467910,774009930,5940000,238522900,67995080,1086467910
2021-12-02,5950,6020,5950,6010,41473,0.16666666666666669,1212,-1000,-4601,4389,0,28819,0,2993,9661,41473,27607,1000,7594,5272,41473,7229300,-6000000,-27606410,26377110,0,172865410,0,17912720,57989270,248767400,165636110,6000000,45519130,31612160,248767400
2021-12-03,6010,6060,5980,6050,94391,0.6655574043261231,6028,2168,-5014,-3182,0,60269,3168,17255,13699,94391,54241,1000,22269,16881,94391,36413020,12946350,-30665330,-18694040,0,363585800,18996350,103562470,82722850,568867470,327172780,6050000,134227800,101416890,568867470
2021-12-06,6050,6050,6000,6010,80391,-0.6611570247933884,-19692,967,10662,8063,0,33851,967,32209,13364,80391,53543,0,21547,5301,80391,-118266540,5843670,63872830,48550040,0,203587210,5843670,193697580,80451550,483580010,321853750,0,129824750,31901510,483580010
2021-12-07,6010,6040,5980,6010,39496,0.0,-24042,0,26736,-2694,0,5933,0,33563,0,39496,29975,0,6827,2694,39496,-144055330,0,160185830,-16130500,0,35613500,0,201158290,0,236771790,179668830,0,40972460,16130500,236771790
2021-12-08,6020,6030,5990,6020,56070,0.16638935108153077,4765,0,8882,-13647,0,31261,0,23497,1312,56070,26496,0,14615,14959,56070,28702700,0,53199570,-81902270,0,187706150,0,140974750,7876100,336557000,159003450,0,87775180,89778370,336557000
2021-12-09,6050,6050,5970,5980,67206,-0.6644518272425249,-43840,0,51119,-7279,0,14443,0,52763,0,67206,58283,0,1644,7279,67206,-262411720,0,306002480,-43590760,0,86571000,0,315875800,0,402446800,348982720,0,9873320,43590760,402446800
2021-12-10,5980,6020,5970,6000,12098,0.33444816053511706,4437,0,-2957,-1480,0,4451,0,7196,451,12098,14,0,10153,1931,12098,26643650,0,-17764450,-8879200,0,26727660,0,43167080,2704020,72598760,84010,0,60931530,11583220,72598760
2021-12-13,6040,6040,6000,6010,23702,0.16666666666666669,8458,1,-4616,-3843,0,10897,1,12804,0,23702,2439,0,17420,3843,23702,50961320,6020,-27859790,-23107550,0,65638880,6020,77041340,0,142686240,14677560,0,104901130,23107550,142686240
2021-12-14,5990,6030,5980,6010,24772,0.0,2249,5400,-8311,662,0,7085,5400,8934,3353,24772,4836,0,17245,2691,24772,13564120,32470000,-50018600,3984480,0,42645820,32470000,53704600,20158800,148979220,29081700,0,103723200,16174320,148979220
2021-12-15,6000,6050,6000,6040,54752,0.49916805324459235,6671,3999,-9965,-705,0,20944,4000,24955,4853,54752,14273,1,34920,5558,54752,40402800,24043980,-60194760,-4252020,0,126478550,24050000,150275820,29226520,330030890,86075750,6020,210470580,33478540,330030890
2021-12-16,6040,6050,6020,6030,79057,-0.16556291390728478,26164,1000,-15931,-11233,0,60235,1000,16316,1506,79057,34071,0,32247,12739,79057,157822990,6020000,-96139290,-67703700,0,363379410,6020000,98289720,9082350,476771480,205556420,0,194429010,76786050,476771480
2021-12-17,6010,6060,6010,6030,58601,0.0,-9157,0,7395,1762,0,32341,0,17022,9238,58601,41498,0,9627,7476,58601,-55155540,0,44464500,10691040,0,195521770,0,102637450,55825850,353985070,250677310,0,58172950,45134810,353985070
2021-12-20,6040,6040,5990,5990,73871,-0.6633499170812603,-29798,10838,25127,-6167,0,20026,10838,39475,3532,73871,49824,0,14348,9699,73871,-178708480,65136520,150617820,-37045860,0,120427590,65136520,236962840,21253900,443780850,299136070,0,86345020,58299760,443780850
2021-12-21,6010,6030,5980,6020,85567,0.5008347245409015,-39042,2685,35684,673,0,20161,2685,56197,6524,85567,59203,0,20513,5851,85567,-234319470,16126160,214162790,4030520,0,120894360,16126160,337353470,39140370,513514360,355213830,0,123190680,35109850,513514360
2021-12-22,6030,6030,5980,6010,44800,-0.16611295681063123,-1037,2579,-194,-1348,0,15132,2579,23201,3888,44800,16169,0,23395,5236,44800,-6250850,15477620,-1175190,-8051580,0,90755960,15477620,139062800,23331390,268627770,97006810,0,140237990,31382970,268627770
2021-12-23,6010,6030,5990,6010,71889,0.0,36284,3245,-36393,-3136,0,49361,3245,15995,3288,71889,13077,0,52388,6424,71889,217995190,19484140,-218685950,-18793380,0,296509700,19484140,95980190,19758080,431732110,78514510,0,314666140,38551460,431732110
2021-12-24,6000,6040,5990,6030,59099,0.33277870216306155,-12090,2528,12261,-2699,0,12319,2528,36495,7757,59099,24409,0,24234,10456,59099,-72782640,15156320,73788330,-16162010,0,74218080,15156320,219630200,46659530,355664130,147000720,0,145841870,62821540,355664130
2021-12-27,6010,6070,6000,6060,105977,0.4975124378109453,-7519,1944,2190,3385,0,45762,2000,44252,13963,105977,53281,56,42062,10578,105977,-45249790,11680640,12869710,20699440,0,276615960,12020000,266845710,84285190,639766860,321865750,339360,253976000,63585750,639766860
2021-12-28,6030,6090,6030,6080,195330,0.33003300330033003,77887,856,-74858,-3885,0,145809,1000,32378,16143,195330,67922,144,107236,20028,195330,471924490,5174480,-453636730,-23462240,0,883701320,6050000,195771530,97801520,1183324370,411776830,875520,649408260,121263760,1183324370
2021-12-29,5900,5970,5900,5960,224488,-1.9736842105263157,42984,-17069,-10712,-15203,0,167855,0,35308,21325,224488,124871,17069,46020,36528,224488,255552260,-101731210,-63425220,-90395830,0,999374760,0,210138610,126964620,1336477990,743822500,101731210,273563830,217360450,1336477990
2021-12-30,5950,5960,5920,5960,66514,0.0,20098,-2,182,-20278,0,40095,1,22800,3618,66514,19997,3,22618,23896,66514,119440230,-11840,956040,-120384430,0,238512310,5930,135285670,21460100,395264010,119072080,17770,134329630,141844530,395264010
2022-01-03,5980,5980,5920,5940,59496,-0.33557046979865773,21260,0,555,-21815,0,36535,0,17258,5703,59496,15275,0,16703,27518,59496,126267750,0,3354280,-129622030,0,217141880,0,102518440,33888720,353549040,90874130,0,99164160,163510750,353549040
2022-01-04,5950,5960,5910,5910,66196,-0.5050505050505051,4248,0,7462,-11710,0,36637,0,25349,4210,66196,32389,0,17887,15920,66196,25269380,0,44161690,-69431070,0,217313240,0,150325490,24974310,392613040,192043860,0,106163800,94405380,392613040
2022-01-05,5930,5950,5900,5950,64557,0.676818950930626,12546,498,-7750,-5294,0,41987,500,16104,5966,64557,29441,2,23854,11260,64557,74749560,2953130,-46379160,-31323530,0,249267060,2965000,95452890,35311160,382996110,174517500,11870,141832050,66634690,382996110
2022-01-06,5950,5970,5910,5950,138596,0.0,-10505,38066,-30036,2475,0,63991,38066,19225,17314,138596,74496,0,49261,14839,138596,-62260890,226247730,-178762770,14775930,0,380404080,226247730,114003490,102895320,823550620,442664970,0,292766260,88119390,823550620
2022-01-07,5920,5950,5910,5940,40494,-0.16806722689075632,12706,0,1490,-14196,0,34599,0,3769,2126,40494,21893,0,2279,16322,40494,75405540,0,8855920,-84261460,0,205344780,0,22394010,12628440,240367230,129939240,0,13538090,96889900,240367230
2022-01-10,5930,5950,5930,5940,40160,0.0,20410,0,-11823,-8587,0,35129,0,4983,48,40160,14719,0,16806,8635,40160,121111200,0,-70167620,-50943580,0,208467060,0,29587200,285140,238339400,87355860,0,99754820,51228720,238339400
2022-01-11,5940,5940,5910,5940,41229,0.0,9231,-15735,14209,-7705,0,12568,1,27384,1276,41229,3337,15736,13175,8981,41229,54759180,-93202460,84148870,-45705590,0,74523210,5940,162279090,7562250,244370490,19764030,93208400,78130220,53267840,244370490
2022-01-12,5940,5960,5920,5930,33816,-0.16835016835016833,-391,4125,3814,-7548,0,12645,4125,17046,0,33816,13036,0,13232,7548,33816,-2259230,24501250,22596630,-44838650,0,75172630,24501250,101213600,0,200887480,77431860,0,78616970,44838650,200887480
2022-01-13,5930,5940,5930,5930,27946,0.0,-5183,7000,-811,-1006,0,13079,7000,7867,0,27946,18262,0,8678,1006,27946,-30730870,41510000,-4813450,-5965680,0,77613290,41510000,46664630,0,165787920,108344160,0,51478080,5965680,165787920
2022-01-14,5930,5940,5920,5940,24672,0.16863406408094433,11676,-536,-9694,-1446,0,16887,5030,2755,0,24672,5211,5566,12449,1446,24672,69311140,-3233040,-57500870,-8577230,0,100255220,29828200,16359770,0,146443190,30944080,33061240,73860640,8577230,146443190
2022-01-17,5940,5940,5850,5920,81194,-0.33670033670033667,-19781,11383,15957,-7559,0,32334,11600,35077,2183,81194,52115,217,19120,9742,81194,-116375010,67313020,93765360,-44703370,0,190900080,68602000,207017220,12879700,479399000,307275090,1288980,113251860,57583070,479399000
2022-01-18,5920,5920,5860,5910,42732,-0.16891891891891891,-10199,7310,8887,-5998,0,21430,7310,13992,0,42732,31629,0,5105,5998,42732,-60040700,43051700,52282190,-35293190,0,126077280,43051700,82372520,0,251501500,186117980,0,30090330,35293190,251501500
2022-01-19,5900,5910,5840,5850,47744,-1.015228426395939,-5708,13600,586,-8478,0,21147,13600,12751,246,47744,26855,0,12165,8724,47744,-33502470,79779000,3408730,-49685260,0,123813070,79779000,74757760,1442100,279791930,157315540,0,71349030,51127360,279791930
2022-01-20,5850,5880,5840,5860,24083,0.17094017094017094,-3989,11030,-5226,-1815,0,3241,14000,6807,35,24083,7230,2970,12033,1850,24083,-23346620,64600500,-30613490,-10640390,0,18984080,81975000,39860360,205450,141024890,42330700,17374500,70473850,10845840,141024890
2022-01-21,5860,5910,5860,5900,46048,0.6825938566552902,-14313,19420,819,-5926,0,11652,19420,14864,112,46048,25965,0,14045,6038,46048,-84251170,114341480,4808710,-34899020,0,68614990,114341480,87554610,659680,271170760,152866160,0,82745900,35558700,271170760
2022-01-24,5890,5920,5880,5880,42400,-0.3389830508474576,3191,6300,-5558,-3933,0,11153,20800,7007,3440,42400,7962,14500,12565,7373,42400,18766080,37190000,-32753620,-23202460,0,65697080,122600000,41353350,20274050,249924480,46931000,85410000,74106970,43476510,249924480
2022-01-25,5880,5920,5820,5850,129954,-0.5102040816326531,-24603,48939,-17580,-6756,0,49570,60025,13869,6490,129954,74173,11086,31449,13246,129954,-144432280,287044890,-102940990,-39671620,0,290266810,352119450,81038020,37981190,761405470,434699090,65074560,183979010,77652810,761405470
2022-01-26,5850,5870,5830,5830,51963,-0.3418803418803419,-24521,5997,19728,-1204,0,8734,6000,32547,4682,51963,33255,3,12819,5886,51963,-143345160,35032500,115385760,-7073100,0,51025850,35050000,190290800,27347470,303714120,194371010,17500,74905040,34420570,303714120
2022-01-27,5870,5870,5720,5730,146576,-1.7152658662092626,13974,9464,-26813,3375,0,98957,9464,26085,12070,146576,84983,0,52898,8695,146576,83430710,54727660,-157489910,19331540,0,577272590,54727660,151361270,70081030,853442550,493841880,0,308851180,50749490,853442550
2022-01-28,5790,5890,5730,5800,86245,1.2216404886561953,5757,2020,-10717,2940,0,49054,2020,23915,11256,86245,43297,0,34632,8316,86245,33756230,11696000,-62175140,16722910,0,285262460,11696000,137925650,65108160,499992270,251506230,0,200100790,48385250,499992270
2022-02-03,5890,5890,5810,5820,82959,0.3448275862068966,8615,1364,-27613,17634,0,41117,6364,15449,20029,82959,32502,5000,43062,2395,82959,50585590,7777130,-161459960,103097240,0,240851540,37188480,90338030,117115170,485493220,190265950,29411350,251797990,14017930,485493220
2022-02-04,5810,5890,5810,5830,105214,0.1718213058419244,-71901,43058,11157,17686,0,23673,43058,18148,20335,105214,95574,0,6991,2649,105214,-420493850,251912140,65188800,103392910,0,138257340,251912140,106158200,118921570,615249250,558751190,0,40969400,15528660,615249250
2022-02-07,5870,5880,5830,5840,50420,0.17152658662092624,-2266,-2100,-6563,10929,0,30876,0,4092,15452,50420,33142,2100,10655,4523,50420,-13257940,-12243000,-38595380,64096320,0,181178410,0,23935760,90607320,295721490,194436350,12243000,62531140,26511000,295721490
2022-02-08,5840,5880,5840,5840,41612,0.0,-11972,-812,4645,8139,0,19416,1318,10805,10073,41612,31388,2130,6160,1934,41612,-69988430,-4776430,27065720,47699140,0,113762640,7697140,63216670,59016020,243692470,183751070,12473570,36150950,11316880,243692470
2022-02-09,5840,5930,5840,5890,52937,0.8561643835616438,5257,6022,-23146,11867,0,29450,6022,5113,12352,52937,24193,0,28259,485,52937,31053640,35369280,-136453740,70030820,0,173829600,35369280,30117720,72898990,312215590,142775960,0,166571460,2868170,312215590
2022-02-10,5890,5950,5870,5900,71638,0.1697792869269949,-15932,997,7708,7227,0,38059,1000,23063,9516,71638,53991,3,15355,2289,71638,-94282070,5872250,45615520,42794300,0,225687270,5890000,136508820,56348410,424434500,319969340,17750,90893300,13554110,424434500
2022-02-11,5900,5970,5900,5930,48627,0.5084745762711864,-1743,1979,-3857,3621,0,27635,1979,14059,4954,48627,29378,0,17916,1333,48627,-10201190,11735470,-23012380,21478100,0,164140560,11735470,83303530,29398120,288577680,174341750,0,106315910,7920020,288577680
2022-02-14,5900,5970,5870,5930,26839,0.0,-3251,100,2524,627,0,11098,100,11499,4142,26839,14349,0,8975,3515,26839,-19285210,589000,14975960,3720250,0,66009170,589000,68316100,24613340,159527610,85294380,0,53340140,20893090,159527610
2022-02-15,5930,5970,5910,5920,32664,-0.16863406408094433,-429,0,3269,-2840,0,19388,0,9907,3369,32664,19817,0,6638,6209,32664,-2451320,0,19276300,-16824980,0,115220550,0,58791910,20038250,194050710,117671870,0,39515610,36863230,194050710
2022-02-16,5920,5990,5920,5930,53410,0.16891891891891891,-2590,1400,6543,-5353,0,24912,1400,25286,1812,53410,27502,0,18743,7165,53410,-15456380,8297140,39059140,-31899900,0,148241410,8297140,150402580,10755460,317696590,163697790,0,111343440,42655360,317696590
2022-02-17,5920,5970,5920,5950,34395,0.33726812816188867,-1917,509,2687,-1279,0,21326,509,8248,4312,34395,23243,0,5561,5591,34395,-11443630,3028280,15943610,-7528260,0,126856260,3028280,48988670,25652320,204525530,138299890,0,33045060,33180580,204525530
2022-02-18,5950,5980,5920,5950,35174,0.0,-3976,1591,496,1889,0,26543,1591,4801,2239,35174,30519,0,4305,350,35174,-23586060,9466060,2869230,11250770,0,158293170,9466060,28566400,13343010,209668640,181879230,0,25697170,2092240,209668640
2022-02-21,5980,5980,5940,5960,38616,0.16806722689075632,-18306,900,13723,3683,0,15535,900,17879,4302,38616,33841,0,4156,619,38616,-109118710,5364000,81782360,21972350,0,92544840,5364000,106540790,25649610,230099240,201663550,0,24758430,3677260,230099240
2022-02-22,5960,5980,5940,5940,42823,-0.33557046979865773,-14872,12000,7298,-4426,0,16603,12000,14219,1,42823,31475,0,6921,4427,42823,-88438830,71280000,43483410,-26324580,0,98867620,71280000,84630710,5940,254784270,187306450,0,41147300,26330520,254784270
2022-02-23,5950,5980,5940,5960,27628,0.33670033670033667,5991,-4236,-5099,3344,0,13311,3696,6264,4357,27628,7320,7932,11363,1013,27628,35692900,-25211470,-30420090,19938660,0,79333170,21954240,37294210,25986250,164567870,43640270,47165710,67714300,6047590,164567870
2022-02-24,5990,5990,5940,5960,61656,0.0,-852,304,-6531,7079,0,30947,304,23151,7254,61656,31799,0,29682,175,61656,-4945750,1808800,-39080180,42217130,0,184614430,1808800,137887340,43261880,367572450,189560180,0,176967520,1044750,367572450
2022-02-25,5960,5990,5950,5980,38034,0.33557046979865773,4678,0,-7499,2821,0,27844,0,7286,2904,38034,23166,0,14785,83,38034,28020450,0,-44888660,16868210,0,166331410,0,43477870,17362890,227172170,138310960,0,88366530,494680,227172170
2022-02-28,5990,6050,5970,6010,45151,0.5016722408026756,-10641,2,-1589,12228,0,22274,2,9862,13013,45151,32915,0,11451,785,45151,-63637670,12040,-9681060,73306690,0,133673940,12040,59080460,78038010,270804450,197311610,0,68761520,4731320,270804450
2022-03-02,6050,6070,5980,6040,102517,0.49916805324459235,-696,2,-5854,6548,0,79204,2,9793,13518,102517,79900,0,15647,6970,102517,-4000140,12040,-35723480,39711580,0,477819140,12040,58759400,81518740,618109320,481819280,0,94482880,41807160,618109320
2022-03-03,6060,6070,6010,6070,99887,0.49668874172185434,220,0,-5196,4976,0,81413,0,9413,9061,99887,81193,0,14609,4085,99887,1346650,0,-31398670,30052020,0,491961410,0,56786390,54665640,603413440,490614760,0,88185060,24613620,603413440
2022-03-04,6070,6090,6020,6090,100397,0.3294892915980231,5727,225,-7207,1255,0,86193,1226,7327,5651,100397,80466,1001,14534,4396,100397,34861330,1338560,-43854880,7654990,0,523161540,7424610,44391300,34245560,609223010,488300210,6086050,88246180,26590570,609223010
2022-03-07,6090,6100,6020,6060,79976,-0.49261083743842365,13760,-2219,-16040,4499,0,47398,945,22867,8766,79976,33638,3164,38907,4267,79976,83103590,-13415240,-96853860,27165510,0,286813780,5726700,138367600,53060460,483968540,203710190,19141940,235221460,25894950,483968540
2022-03-08,6060,6070,6020,6060,58502,0.0,12652,756,-4882,-8526,0,47934,856,8542,1170,58502,35282,100,13424,9696,58502,76636230,4564240,-29604210,-51596260,0,290240540,5170240,51646840,7066840,354124460,213604310,606000,81251050,58663100,354124460
2022-03-10,6060,6090,6020,6060,85712,0.0,38881,-33195,-2134,-3552,0,75175,1105,4855,4577,85712,36294,34300,6989,8129,85712,235209010,-200660170,-13024240,-21524600,0,455130550,6703920,29356200,27718380,518909050,219921540,207364090,42380440,49242980,518909050
2022-03-11,6070,6120,6050,6090,91900,0.49504950495049505,10113,-17841,-14887,22615,0,56529,5159,6486,23726,91900,46416,23000,21373,1111,91900,61680010,-108650890,-90562930,137533810,0,343788330,31295570,39370820,144290250,558744970,282108320,139946460,129933750,6756440,558744970
2022-03-14,6100,6110,6060,6090,60864,0.0,4157,-6565,5303,-2895,0,43653,1118,13939,2154,60864,39496,7683,8636,5049,60864,25463580,-39967070,32095030,-17591540,0,265602490,6802730,84706980,13090840,370203040,240138910,46769800,52611950,30682380,370203040
2022-03-15,6090,6090,6050,6090,33475,0.0,1485,382,2902,-4769,0,27091,482,5441,461,33475,25606,100,2539,5230,33475,9085050,2308100,17550810,-28943960,0,164320790,2916100,32960720,2796580,202994190,155235740,608000,15409910,31740540,202994190
2022-03-16,6090,6130,6040,6100,54740,0.16420361247947454,-8205,3390,7418,-2603,0,30111,5337,15987,3305,54740,38316,1947,8569,5908,54740,-49855360,20600440,44952380,-15697460,0,182648650,32400610,97010060,20108510,332167830,232504010,11800170,52057680,35805970,332167830
2022-03-17,6100,6120,6060,6090,39753,-0.16393442622950818,-11971,15589,3696,-7314,0,13497,15589,10667,0,39753,25468,0,6971,7314,39753,-72636100,94669120,22415720,-44448740,0,82018130,94669120,64808030,0,241495280,154654230,0,42392310,44448740,241495280
2022-03-18,6070,6120,6070,6090,77147,0.0,-20253,-3629,16222,7660,0,28645,16788,21754,9960,77147,48898,20417,5532,2300,77147,-123173930,-22155350,98727340,46601940,0,174432540,102034180,132395700,60608980,469471400,297606470,124189530,33668360,14007040,469471400
2022-03-21,6070,6100,6070,6090,46034,0.0,-14175,3638,-801,11338,0,22373,3638,8548,11475,46034,36548,0,9349,137,46034,-86199150,22099040,-4836280,68936390,0,136147940,22099040,52000840,69769430,280017250,222347090,0,56837120,833040,280017250
2022-03-22,6110,6150,6080,6120,90099,0.49261083743842365,-33638,3150,-1369,31857,0,36124,3250,18504,32221,90099,69762,100,19873,364,90099,-205089000,19218500,-8735540,194606040,0,220946610,19830500,112849760,196822800,550449670,426035610,612000,121585300,2216760,550449670
2022-03-23,6120,6120,6100,6100,61247,-0.32679738562091504,-23127,11267,103,11757,0,28362,11367,8780,12738,61247,51489,100,8677,981,61247,-141282710,68796570,649180,71836960,0,173222480,69406570,53687910,77830860,374147820,314505190,610000,53038730,5993900,374147820
2022-03-24,6130,6180,6080,6150,82771,0.819672131147541,-7140,400,-15680,22420,0,50082,500,8002,24187,82771,57222,100,23682,1767,82771,-43310750,2428000,-96600120,137482870,0,307065070,3045000,49056210,148246030,507412310,350375820,617000,145656330,10763160,507412310
2022-03-25,6140,6150,6110,6150,50448,0.0,-14708,2257,4558,7893,0,26387,2357,10716,10988,50448,41095,100,6158,3095,50448,-90144190,13834410,27878830,48430950,0,161922650,14448410,65680100,67408200,309459360,252066840,614000,37801270,18977250,309459360
2022-03-28,6150,6180,6120,6170,91357,0.3252032520325203,-49180,10486,-372,39066,0,24419,10586,15658,40694,91357,73599,100,16030,1628,91357,-302271350,64385070,-2391760,240278040,0,150289580,65001070,96194560,250267740,561752950,452560930,616000,98586320,9989700,561752950
2022-03-29,6180,6210,6120,6200,110646,0.48622366288492713,-6592,2600,-14364,18356,0,56257,2700,15864,35825,110646,62849,100,30228,17469,110646,-40652170,16009000,-88962640,113605810,0,347649830,16627000,97800190,221051040,683128060,388302000,618000,186762830,107445230,683128060
2022-03-30,6190,6200,6170,6190,96032,-0.16129032258064516,-22987,1751,13433,7803,0,65593,1751,19206,9482,96032,88580,0,5773,1679,96032,-142115360,10814910,83056710,48243740,0,405993570,10814910,118768280,58620900,594197660,548108930,0,35711570,10377160,594197660
2022-03-31,6190,6250,6170,6230,107401,0.6462035541195477,-21589,964,-9688,30313,0,54915,2364,17742,32380,107401,76504,1400,27430,2067,107401,-133783010,5901560,-60476290,188357740,0,341224380,14609560,109984310,201115990,666934240,475007390,8708000,170460600,12758250,666934240
2022-04-01,6250,6300,6190,6240,122967,0.16051364365971107,-55089,474,23884,30731,0,48718,474,39460,34315,122967,103807,0,15576,3584,122967,-343890780,2940060,148959870,191990850,0,304638690,2940060,246474910,214485060,768538720,648529470,0,97515040,22494210,768538720
2022-04-04,6250,6310,6200,6300,120795,0.9615384615384616,-15983,1808,-12602,26777,0,63934,1908,24374,30579,120795,79917,100,36976,3802,120795,-99125240,11200600,-79368110,167292750,0,399475180,11829600,152248360,190922210,754475350,498600420,629000,231616470,23629460,754475350
2022-04-05,6250,6300,6220,6220,138448,-1.2698412698412698,-45553,2626,25191,17736,0,59795,3126,56507,19020,138448,105348,500,31316,1284,138448,-284772030,16491280,157056420,111224330,0,375517380,19601280,353944830,119283680,868347170,660289410,3110000,196888410,8059350,868347170
2022-04-06,6270,6290,6200,6230,185198,0.1607717041800643,-76637,3899,33106,39632,0,71150,6699,65499,41850,185198,147787,2800,32393,2218,185198,-479025450,24132450,207023400,247869600,0,445345040,41660450,409406710,261686670,1158098870,924370490,17528000,202383310,13817070,1158098870
2022-04-07,6280,6320,6240,6320,146320,1.4446227929373996,-24315,0,-12643,36958,0,82551,0,23400,40369,146320,106866,0,36043,3411,146320,-153163580,0,-79584970,232748550,0,519968490,0,147265610,254163290,921397390,673132070,0,226850580,21414740,921397390
2022-04-08,6300,6340,6280,6330,99241,0.15822784810126583,-6210,862,-6660,12008,0,62985,1262,20492,14502,99241,69195,400,27152,2494,99241,-39364550,5447840,-42124090,76040800,0,398624520,7975840,129652830,91779360,628032550,437989070,2528000,171776920,15738560,628032550
2022-04-11,6340,6400,6300,6400,159081,1.1058451816745656,-72973,-1788,22916,51845,0,53291,0,50892,54898,159081,126264,1788,27976,3053,159081,-463807890,-11424840,145623510,329609220,0,339539170,0,323848820,348904280,1012292270,803347060,11424840,178225310,19295060,1012292270
2022-04-12,6390,6440,6380,6400,119846,0.0,-16682,9550,-17481,24613,0,61679,9551,18655,29961,119846,78361,1,36136,5348,119846,-106951320,61224470,-111948960,157675810,0,395546040,61230890,119726310,191977180,768480420,502497360,6420,231675270,34301370,768480420
2022-04-13,6420,6450,6380,6430,112062,0.46875,28615,0,-38223,9608,0,85623,0,6748,19691,112062,57008,0,44971,10083,112062,183839950,0,-245439000,61599050,0,549287600,0,43325500,126293920,718907020,365447650,0,288764500,64694870,718907020
2022-04-14,6430,6500,6370,6460,111326,0.46656298600311047,-15018,0,-6733,21751,0,60622,0,24239,26465,111326,75640,0,30972,4714,111326,-96796680,0,-43868140,140664820,0,391809960,0,156544410,170869570,719223940,488606640,0,200412550,30204750,719223940
2022-04-15,6470,6620,6470,6590,186733,2.0123839009287927,-3361,4946,-52974,51389,0,97438,5346,26914,57035,186733,100799,400,79888,5646,186733,-21635140,32420300,-347890040,337104880,0,640294480,35046300,176857290,373913220,1226111290,661929620,2626000,524747330,36808340,1226111290
2022-04-18,6590,6590,6360,6390,164716,-3.0349013657056148,15620,-13446,10635,-12809,0,83777,1966,67392,11581,164716,68157,15412,56757,24390,164716,103098180,-86767800,67609610,-83939990,0,545529020,12896960,437644330,75128010,1071198320,442430840,99664760,370034720,159068000,1071198320
2022-04-19,6390,6470,6330,6400,173992,0.1564945226917058,-49519,0,15729,33790,0,61060,0,70894,42038,173992,110579,0,55165,8248,173992,-315885630,0,99862120,216023510,0,390848970,0,453180270,268911940,1112941180,706734600,0,353318150,52888430,1112941180
2022-04-20,6420,6500,6340,6470,163191,1.09375,-3283,2840,-33017,33460,0,106446,3000,11565,42180,163191,109729,160,44582,8720,163191,-19928270,18286400,-213604370,215246240,0,687201280,19320000,74218500,271347210,1052086990,707129550,1033600,287822870,56100970,1052086990
2022-04-21,6510,6620,6470,6550,124350,1.2364760432766615,-5429,-5122,-8990,19541,0,74574,0,23342,26434,124350,80003,5122,32332,6893,124350,-35465400,-33619760,-59028510,128113670,0,488288180,0,152812150,173050630,814150960,523753580,33619760,211840660,44936960,814150960
2022-04-22,6550,6670,6510,6630,4470267,1.2213740458015268,-12974,-9682,-38902,61558,0,73857,4305906,21478,69026,4470267,86831,4315588,60380,7468,4470267,-84269020,-63841020,-257389270,405499310,0,488922060,27075536928,142301040,454838360,28161598388,573191080,27139377948,399690310,49339050,28161598388
2022-04-25,6640,6720,6300,6700,157145,1.0558069381598794,73280,-21880,-63418,12018,0,91192,3000,26902,36051,157145,17912,24880,90320,24033,157145,489501450,-146464300,-423165890,80128740,0,609149860,19980000,177008980,240807360,1046946200,119648410,166444300,600174870,160678620,1046946200
2022-04-26,6700,6800,6690,6800,116845,1.4925373134328357,53231,-500,-59552,6821,0,70304,0,24684,21857,116845,17073,500,84236,15036,116845,359972230,-3390000,-402909490,46327260,0,475572030,0,166936900,147851290,790360220,115599800,3390000,569846390,101524030,790360220
2022-04-27,6790,6890,6750,6830,155010,0.4411764705882353,41903,302,-40475,-1730,0,92439,802,42644,19125,155010,50536,500,83119,20855,155010,287620590,2074560,-277757170,-11937980,0,634000520,5507000,292292720,131007100,1062807340,346379930,3432440,570049890,142945080,1062807340
2022-04-28,6840,6860,6690,6730,194652,-1.4641288433382138,23729,-521,-3431,-19777,0,136185,0,43654,14813,194652,112456,521,47085,34590,194652,160253220,-3511600,-22898030,-133843590,0,918968150,0,295477580,100255170,1314700900,758714930,3511600,318375610,234098760,1314700900
2022-04-29,6730,6810,6730,6780,116620,0.7429420505200593,34413,-8379,-26858,824,0,94697,0,8756,13167,116620,60284,8379,35614,12343,116620,233815440,-56977200,-182656980,5818740,0,643631240,0,59343080,89508410,792482730,409815800,56977200,242000060,83689670,792482730
2022-05-02,6780,6840,6770,6770,80884,-0.14749262536873156,12021,-100,-13334,1413,0,61072,0,12184,7628,80884,49051,100,25518,6215,80884,81648010,-679000,-90562230,9593220,0,414326300,0,82687590,51780400,548794290,332678290,679000,173249820,42187180,548794290
2022-05-03,6770,6790,6580,6590,181530,-2.658788774002954,-27125,0,3928,23197,0,79240,0,67173,35117,181530,106365,0,63245,11920,181530,-178464060,0,25369990,153094070,0,526980300,0,446073160,233145720,1206199180,705444360,0,420703170,80051650,1206199180
2022-05-04,6640,6730,6520,6610,153229,0.30349013657056145,-8731,1581,-10989,18139,0,82097,1581,39680,29871,153229,90828,0,50669,11732,153229,-56526240,10412810,-72611790,118725220,0,541268000,10412810,261189340,196842050,1009712200,597794240,0,333801130,78116830,1009712200
2022-05-06,6580,6640,6530,6620,52021,0.15128593040847202,-6430,2430,-3353,7353,0,20923,2430,15918,12750,52021,27353,0,19271,5397,52021,-42181810,15959440,-21972580,48194950,0,137648530,15959440,104501120,83713590,341822680,179830340,0,126473700,35518640,341822680
2022-05-09,6620,6680,6610,6630,133414,0.1510574018126888,57156,0,-54121,-3035,0,103172,0,19720,10522,133414,46016,0,73841,13557,133414,379687770,0,-359602060,-20085710,0,685602870,0,131039150,69959880,886601900,305915100,0,490641210,90045590,886601900
2022-05-10,6600,6620,6500,6560,61520,-1.0558069381598794,19829,998,-7909,-12918,0,37246,1000,16941,6333,61520,17417,2,24850,19251,61520,130992670,6536800,-52366730,-85162740,0,245297670,6550000,111110820,41726870,404685360,114305000,13200,163477550,126889610,404685360
2022-05-11,6630,6650,6570,6620,50991,0.9146341463414633,11759,6,-4606,-7159,0,33665,6,10216,7104,50991,21906,0,14822,14263,50991,77871790,39740,-30626620,-47284910,0,222848390,39740,67384730,47060330,337333190,144976600,0,98011350,94345240,337333190
2022-05-12,6650,6700,6550,6610,77602,-0.1510574018126888,37841,0,-28459,-9382,0,49229,0,17557,10816,77602,11388,0,46016,20198,77602,252055210,0,-189405540,-62649670,0,327695720,0,116405370,71838890,515939980,75640510,0,305810910,134488560,515939980
2022-05-13,6650,6680,6580,6660,61441,0.7564296520423601,39265,1796,-31721,-9340,0,52282,1800,3726,3633,61441,13017,4,35447,12973,61441,260963550,11863500,-210648430,-62178620,0,347578970,11890000,24616870,24027630,408113470,86615420,26500,235265300,86206250,408113470
2022-05-16,6660,6730,6630,6730,68162,1.0510510510510511,28551,100,-21702,-6949,0,56892,100,8744,2426,68162,28341,0,30446,9375,68162,191421880,672000,-145484980,-46608900,0,380917350,672000,58407410,16202080,456198840,189495470,0,203892390,62810980,456198840
2022-05-17,6730,6750,6660,6660,57860,-1.040118870728083,29623,1512,-18046,-13089,0,35578,1512,19065,1705,57860,5955,0,37111,14794,57860,198742280,10190880,-121082090,-87851070,0,238580420,10190880,127741610,11438940,387951850,39838140,0,248823700,99290010,387951850
2022-05-18,6700,6700,6600,6610,48607,-0.7507507507507507,11387,2000,676,-14063,0,28883,2000,17373,351,48607,17496,0,16697,14414,48607,75694030,13275000,4345390,-93314420,0,191584390,13275000,115141190,2325470,322326050,115890360,0,110795800,95639890,322326050
2022-05-19,6610,6640,6530,6590,58656,-0.30257186081694404,-4437,12148,-9426,1715,0,23739,12148,19321,3448,58656,28176,0,28747,1733,58656,-29066000,79737970,-61863190,11191220,0,156066030,79737970,126723410,22629000,385156410,185132030,0,188586600,11437780,385156410
2022-05-20,6600,6660,6600,6600,77818,0.15174506828528073,51362,0,-38463,-12899,0,57450,0,11815,8553,77818,6088,0,50278,21452,77818,340736970,0,-255299010,-85437960,0,381278620,0,78097790,56810460,516186870,40541650,0,333396800,142248420,516186870
2022-05-23,6600,6620,6540,6610,26845,0.15151515151515152,16639,0,-6071,-10568,0,18350,0,8465,30,26845,1711,0,14536,10598,26845,109693260,0,-39975780,-69717480,0,120969830,0,55690600,196500,176856930,11276570,0,95666380,69913980,176856930
2022-05-24,6610,6670,6590,6650,31734,0.6051437216338881,24623,0,-16135,-8488,0,26130,0,4715,889,31734,1507,0,20850,9377,31734,163456770,0,-107161710,-56295060,0,173441000,0,31254070,5902380,210597450,9984230,0,138415780,62197440,210597450
2022-05-25,6650,6720,6640,6720,47571,1.0526315789473684,20425,2549,-16677,-6297,0,36509,2549,5135,3378,47571,16084,0,21812,9675,47571,136924890,17080750,-111708940,-42296700,0,244727460,17080750,34420080,22563610,318791900,107802570,0,146129020,64860310,318791900
2022-05-26,6710,6750,6710,6750,59846,0.4464285714285714,47455,6367,-44584,-9238,0,49929,6567,3350,0,59846,2474,200,47934,9238,59846,320074600,42722770,-300695700,-62101670,0,336749210,44064770,22566730,0,403380710,16674610,1342000,323262430,62101670,403380710
2022-05-27,6740,6760,6710,6720,50982,-0.4444444444444444,6102,-4,6941,-13039,0,36764,0,14212,6,50982,30662,4,7271,13045,50982,41258690,-27020,46592460,-87824130,0,247941660,0,95665530,40440,343647630,206682970,27020,49073070,87864570,343647630
2022-05-30,6750,6780,6710,6780,34476,0.8928571428571428,25818,2,-16857,-8963,0,31686,2,2788,0,34476,5868,0,19645,8963,34476,174297710,13490,-113794190,-60517010,0,213910170,13490,18788790,0,232712450,39612460,0,132582980,60517010,232712450
2022-05-31,6780,6800,6730,6760,107912,-0.2949852507374631,30509,3644,-21032,-13121,0,73537,10897,7691,15787,107912,43028,7253,28723,28908,107912,207191880,24541260,-142889040,-88844100,0,498230620,73554750,51999860,106720450,730505680,291038740,49013490,194888900,195564550,730505680
2022-06-02,6760,6810,6730,6790,32698,0.4437869822485207,9511,0,-3836,-5675,0,22589,1,9981,127,32698,13078,1,13817,5802,32698,64562940,10,-26068180,-38494770,0,153298800,6790,67670020,856060,221831670,88735860,6780,93738200,39350830,221831670
2022-06-03,6780,6810,6770,6800,21030,0.14727540500736377,5986,-97,-3017,-2872,0,10990,3,9900,137,21030,5004,100,12917,3009,21030,40697570,-658620,-20557740,-19481210,0,74643750,20380,67176820,931620,142772570,33946180,679000,87734560,20412830,142772570
2022-06-07,6800,6810,6780,6810,42553,0.14705882352941177,10461,-1,-4993,-5467,0,23626,0,18784,143,42553,13165,1,23777,5610,42553,71204930,-6790,-34057210,-37140930,0,160636250,0,127588850,971620,289196720,89431320,6790,161646060,38112550,289196720
2022-06-08,6810,6820,6790,6810,69508,0.0,-7000,22839,-11175,-4664,0,29465,24839,12112,3092,69508,36465,2000,23287,7756,69508,-47487810,155288000,-76086790,-31713400,0,200667980,168868000,82442360,21056790,473035130,248155790,13580000,158529150,52770190,473035130
2022-06-09,6820,6820,6790,6800,101285,-0.14684287812041116,-23569,43978,-21186,777,0,24642,50000,20123,6520,101285,48211,6022,41309,5743,101285,-160084830,298584070,-143798830,5299590,0,167606340,339500000,136780010,44379930,688266280,327691170,40915930,280578840,39080340,688266280
2022-06-10,6820,6820,6780,6780,124216,-0.29411764705882354,-59146,87659,-21090,-7423,0,27752,87659,6830,1975,124216,86898,0,27920,9398,124216,-401219540,594828020,-143196690,-50411790,0,188556700,594828020,46407040,13417250,843209010,589776240,0,189603730,63829040,843209010
2022-06-13,6800,6800,6690,6720,173971,-0.8849557522123894,-12301,100000,-73896,-13803,0,46813,100000,21625,5533,173971,59114,0,95521,19336,173971,-84011420,677500000,-500181540,-93307040,0,315826400,677500000,145238610,37498350,1176063360,399837820,0,645420150,130805390,1176063360
2022-06-14,6680,6700,6410,6670,93544,-0.744047619047619,12642,9059,-18590,-3111,0,62154,9059,15027,7304,93544,49512,0,33617,10415,93544,84106080,60335030,-123778170,-20662940,0,413476540,60335030,99179110,48645790,621636470,329370460,0,222957280,69308730,621636470
2022-06-15,6670,6670,6530,6530,150350,-2.0989505247376314,-65738,100247,-45160,10651,0,13769,100248,13357,22976,150350,79507,1,58517,12325,150350,-434210970,664142540,-299396240,69464670,0,91147520,664149200,88281780,151078880,994657380,525358490,6660,387678020,81614210,994657380
2022-06-16,6580,6630,6460,6510,196036,-0.3062787136294028,-69103,130001,-50436,-10462,0,32563,130001,16183,17289,196036,101666,0,66619,27751,196036,-454561850,856406600,-332858180,-68986570,0,214563190,856406600,106303610,113682110,1290955510,669125040,0,439161790,182668680,1290955510
2022-06-17,6440,6450,6350,6450,140914,-0.9216589861751152,-19817,0,-46642,66459,0,35454,0,25799,79661,140914,55271,0,72441,13202,140914,-126954380,0,-298996420,425950800,0,227170560,0,165124250,510218860,902513670,354124940,0,464120670,84268060,902513670
2022-06-20,6460,6460,6090,6160,243040,-4.496124031007752,2183,102,-24577,22292,0,96052,102,99697,47189,243040,93869,0,124274,24897,243040,13657380,654450,-151511360,137199530,0,596964010,654450,623756060,293709220,1515083740,583306630,0,775267420,156509690,1515083740
2022-06-21,6140,6240,6080,6130,82948,-0.487012987012987,-33223,0,29703,3520,0,13267,1,49941,19739,82948,46490,1,20238,16219,82948,-203952090,20,182050310,21901760,0,81544570,6160,306868350,121703730,510122810,285496660,6140,124818040,99801970,510122810
2022-06-22,6210,6210,5920,5960,916453,-2.7732463295269167,759539,-792200,56579,-23918,0,820676,7800,85006,2971,916453,61137,800000,28427,26889,916453,4464877130,-4660843000,340979460,-145013590,0,4832105230,47157000,512261160,18010220,5409533610,367228100,4708000000,171281700,163023810,5409533610
2022-06-23,5940,6010,5850,6000,109347,0.6711409395973155,10339,9606,-7896,-12049,0,60625,9607,20549,18566,109347,50286,1,28445,30615,109347,62159430,57164710,-47307310,-72016830,0,360636250,57170610,122062050,110387350,650256260,298476820,5900,169369360,182404180,650256260
2022-06-24,6000,6100,5970,6080,126258,1.3333333333333335,22150,6523,-11221,-17452,0,88720,15795,11311,10432,126258,66570,9272,22532,27884,126258,134958980,39586090,-68449110,-106095960,0,537756030,95706230,68127140,62896650,764486050,402797050,56120140,136576250,168992610,764486050
2022-06-27,6090,6170,6060,6150,633867,1.151315789473684,485041,-490889,25616,-19768,0,578220,9112,41253,5282,633867,93179,500001,15637,25050,633867,2828427680,-2862926560,155462570,-120963690,0,3396400110,55579570,251207820,32197070,3735384570,567972430,2918506130,95745250,153160760,3735384570
2022-06-28,6180,6180,6040,6120,106873,-0.4878048780487805,19418,10135,2744,-32297,0,64451,10136,29770,2516,106873,45033,1,27026,34813,106873,118388160,61732470,16570500,-196691130,0,392686100,61738540,181244480,15340810,651009930,274297940,6070,164673980,212031940,651009930
2022-06-29,5920,6010,5920,5950,74321,-2.7777777777777777,-24041,10943,28832,-15734,0,5988,10943,45292,12098,74321,30029,0,16460,27832,74321,-144101780,65336420,172702840,-93937480,0,35723970,65336420,270786530,72406330,444253250,179825750,0,98083690,166343810,444253250
2022-06-30,6010,6010,5780,5800,133939,-2.5210084033613445,8128,5337,41375,-54840,0,57147,5337,64892,6563,133939,49019,0,23517,61403,133939,48633930,30906810,240519320,-320060060,0,333482490,30906810,377806080,38170720,780366100,284848560,0,137286760,358230780,780366100
2022-07-01,5800,5820,5750,5790,54426,-0.1724137931034483,8465,2,15714,-24181,0,25495,2,28410,519,54426,17030,0,12696,24700,54426,49076420,11610,90701730,-139789760,0,147378840,11610,164134230,3001260,314525940,98302420,0,73432500,142791020,314525940
2022-07-04,5790,5840,5610,5680,41516,-1.8998272884283247,5853,101,2776,-8730,0,9035,102,27119,5260,41516,3182,1,24343,13990,41516,33416440,575780,15446990,-49439210,0,51433550,581610,153700160,29885330,235600650,18017110,5830,138253170,79324540,235600650
2022-07-05,5720,5890,5660,5870,73162,3.345070422535211,27121,1620,-11827,-16914,0,42078,1620,19640,9824,73162,14957,0,31467,26738,73162,156518590,9463650,-68005320,-97976920,0,242402110,9463650,111837290,56009720,419712770,85883520,0,179842610,153986640,419712770
2022-07-06,5870,5870,5600,5830,43876,-0.6814310051107325,13293,-1,9254,-22546,0,28096,0,14207,1573,43876,14803,1,4953,24119,43876,77266600,-5800,53334990,-130595790,0,162740670,0,81816620,9050640,253607930,85474070,5800,28481630,139646430,253607930
2022-07-07,5820,5840,5760,5820,46178,-0.17152658662092624,14078,6000,-7164,-12914,0,26466,6000,13517,195,46178,12388,0,20681,13109,46178,81505010,34749760,-41448640,-74806130,0,153239720,34749760,78184860,1127620,267301960,71734710,0,119633500,75933750,267301960
2022-07-08,5820,5820,5710,5780,55549,-0.6872852233676976,30681,4100,-21946,-12835,0,36299,4100,14598,552,55549,5618,0,36544,13387,55549,177135780,23641000,-126704430,-74072350,0,209542750,23641000,84295270,3185060,320664080,32406970,0,210999700,77257410,320664080
2022-07-11,5830,5830,5720,5750,34896,-0.5190311418685121,928,4100,-3862,-1166,0,16930,4100,11488,2378,34896,16002,0,15350,3544,34896,5416220,23544560,-22301860,-6658920,0,97391700,23544560,65875020,13665970,200477250,91975480,0,88176880,20324890,200477250
2022-07-12,5820,5820,5540,5620,103477,-2.2608695652173916,-41775,4400,36213,1162,0,15672,4400,72617,10788,103477,57447,0,36404,9626,103477,-233793440,24666000,202815650,6311790,0,88060020,24666000,407174490,60295140,580195650,321853460,0,204358840,53983350,580195650
2022-07-13,5650,5710,5540,5660,31257,0.7117437722419928,2654,2,4058,-6714,0,18492,2,12724,39,31257,15838,0,8666,6753,31257,15386660,11210,22116870,-37514740,0,104463230,11210,71163440,217300,175855180,89076570,0,49046570,37732040,175855180
2022-07-14,5710,5720,5630,5670,14579,0.17667844522968199,-369,0,1436,-1067,0,7681,0,6888,10,14579,8050,0,5452,1077,14579,-1955380,0,8031890,-6076510,0,43741710,0,39116250,56350,82914310,45697090,0,31084360,6132860,82914310
2022-07-15,5710,5710,5500,5570,41861,-1.763668430335097,-6299,-551,-571,7421,0,14788,819,16112,10142,41861,21087,1370,16683,2721,41861,-34665790,-3119100,-3576070,41360960,0,83263990,4511800,89792980,56626300,234195070,117929780,7630900,93369050,15265340,234195070
2022-07-18,5570,5630,5540,5540,30066,-0.5385996409335727,-11286,6101,7064,-1879,0,7197,6101,15135,1633,30066,18483,0,8071,3512,30066,-62825500,33991880,39313940,-10480320,0,40007600,33991880,84402050,9099160,167500690,102833100,0,45088110,19579480,167500690
2022-07-19,5680,5680,5450,5500,79068,-0.7220216606498195,-22926,3201,29251,-9526,0,28288,3325,43331,4124,79068,51214,124,14080,13650,79068,-125509340,17631910,160652560,-52775130,0,154908590,18318870,237780570,22564910,433572940,280417930,686960,77128010,75340040,433572940
2022-07-20,5540,5550,5450,5490,38466,-0.18181818181818182,-11325,986,13681,-3342,0,13736,986,20291,3453,38466,25061,0,6610,6795,38466,-62352980,5452580,75327360,-18426960,0,75358360,5452580,111588110,18980560,211379610,137711340,0,36260750,37407520,211379610
2022-07-21,5520,5550,5480,5550,49593,1.092896174863388,-26176,1450,27607,-2881,0,12328,1450,32502,3313,49593,38504,0,4895,6194,49593,-143849180,7964000,151685550,-15800370,0,67843040,7964000,178749630,18280390,272837060,211692220,0,27064080,34080760,272837060
2022-07-22,5580,5590,5440,5530,88333,-0.36036036036036034,-44682,2209,42211,262,0,28382,2209,45813,11929,88333,73064,0,3602,11667,88333,-243680610,12104340,230399330,1176940,0,155067890,12104340,250182640,65109470,482464340,398748500,0,19783310,63932530,482464340
2022-07-25,5540,5540,5410,5430,75379,-1.8083182640144666,-34134,1250,43741,-10857,0,13316,1250,56111,4702,75379,47450,0,12370,15559,75379,-185112050,6817500,237353710,-59059160,0,72286750,6817500,304401690,25497480,409003420,257398800,0,67047980,84556640,409003420
2022-07-26,5430,5470,5380,5400,66569,-0.5524861878453038,-35708,2499,31383,1826,0,13743,2500,43381,6945,66569,49451,1,11998,5119,66569,-192984140,13564600,169541100,9878440,0,74305020,13570000,234271910,37586450,359733380,267289160,5400,64730810,27708010,359733380
2022-07-27,5450,5450,5370,5410,44400,0.1851851851851852,-18575,609,12175,5791,0,18132,610,18526,7132,44400,36707,1,6351,1341,44400,-100052920,3278470,65602790,31171660,0,97853950,3283900,99992680,38418250,239548780,197906870,5430,34389890,7246590,239548780
2022-07-28,5460,5460,5410,5460,33315,0.9242144177449169,-11004,0,17105,-6101,0,11473,0,21644,198,33315,22477,0,4539,6299,33315,-60037770,0,93292030,-33254260,0,62552240,0,118046540,1080660,181679440,122590010,0,24754510,34334920,181679440
2022-07-29,5460,5620,5460,5610,96842,2.7472527472527473,-43500,-1103,29520,15083,0,29572,0,44043,23227,96842,73072,1103,14523,8144,96842,-242759220,-6158090,164557920,84359390,0,165215360,0,245375910,129706180,540297450,407974580,6158090,80817990,45346790,540297450
2022-08-01,5710,5710,5580,5700,56288,1.6042780748663104,12703,2294,-3135,-11862,0,29012,2294,16173,8809,56288,16309,0,19308,20671,56288,72559750,12980100,-17978760,-67561090,0,164323780,12980100,90996590,49450830,317751300,91764030,0,108975350,117011920,317751300
2022-08-02,5730,5730,5650,5690,62230,-0.17543859649122806,-6298,199,14654,-8555,0,25139,200,32054,4837,62230,31437,1,17400,13392,62230,-35814210,1125340,83422580,-48733710,0,143041190,1131000,182667850,27446810,354286850,178855400,5660,99245270,76180520,354286850
2022-08-03,5730,5730,5650,5690,36948,0.0,-10046,-1,2367,7680,0,8792,1,9160,18995,36948,18838,2,6793,11315,36948,-57080720,-5660,13486290,43600090,0,49951630,5700,52040160,107963670,209961160,107032350,11360,38553870,64363580,209961160
2022-08-04,5690,5710,5650,5700,31273,0.17574692442882248,-14655,101,3280,11274,0,9537,101,6471,15164,31273,24192,0,3191,3890,31273,-83219160,575710,18582010,64061440,0,54215100,575710,36663570,86164270,177618650,137434260,0,18081560,22102830,177618650
2022-08-05,5730,5840,5680,5800,64888,1.7543859649122806,-16132,3,-9741,25870,0,14214,3,15349,35322,64888,30346,0,25090,9452,64888,-93273920,17300,-56585110,149841730,0,82391950,17300,88777920,204602010,375789180,175665870,0,145363030,54760280,375789180
2022-08-08,5800,5850,5760,5830,102551,0.5172413793103449,-9532,-1,4834,4699,0,72442,0,17188,12921,102551,81974,1,12354,8222,102551,-55435990,-5810,28096650,27345150,0,422231250,0,99835770,75175890,597242910,477667240,5810,71739120,47830740,597242910
2022-08-09,5830,5870,5800,5840,18676,0.17152658662092624,114,100,1782,-1996,0,8512,100,8069,1995,18676,8398,0,6287,3991,18676,698060,581000,10361520,-11640580,0,49652240,581000,46947980,11594940,108776160,48954180,0,36586460,23235520,108776160
2022-08-10,5840,5880,5750,5830,65081,-0.17123287671232876,-32293,100,46587,-14394,0,8749,100,52380,3852,65081,41042,0,5793,18246,65081,-187552550,575000,270796760,-83819210,0,50786480,575000,304443080,22190940,377995500,238339030,0,33646320,106010150,377995500
2022-08-11,5830,5880,5800,5870,14260,0.6861063464837049,693,231,2634,-3558,0,6781,234,6275,970,14260,6088,3,3641,4528,14260,4039200,1349030,15383110,-20771340,0,39587340,1366560,36598300,5658380,83210580,35548140,17530,21215190,26429720,83210580
2022-08-12,5860,5930,5830,5900,27874,0.5110732538330494,-5213,0,6296,-1083,0,8689,0,17081,2104,27874,13902,0,10785,3187,27874,-30754380,0,37140870,-6386490,0,51263240,0,100703740,12379320,164346300,82017620,0,63562870,18765810,164346300
2022-08-16,5900,5960,5860,5920,29522,0.3389830508474576,1223,5000,-6195,-28,0,15274,5000,5916,3332,29522,14051,0,12111,3360,29522,7306780,29500000,-36660250,-146530,0,90316850,29500000,34831900,19666500,174315250,83010070,0,71492150,19813030,174315250
2022-08-17,5910,5930,5880,5910,115856,-0.16891891891891891,5446,5003,-7007,-3442,0,103398,5003,7447,8,115856,97952,0,14454,3450,115856,32185030,29517760,-41349840,-20352950,0,611098500,29517760,44012950,47120,684676330,578913470,0,85362790,20400070,684676330
2022-08-18,5900,5920,5860,5920,34627,0.1692047377326565,-1811,101,8262,-6552,0,18579,101,15947,0,34627,20390,0,7685,6552,34627,-10652760,591860,48579710,-38518810,0,109248920,591860,93667720,0,203508500,119901680,0,45088010,38518810,203508500
2022-08-19,5910,5970,5880,5930,27030,0.16891891891891891,-6500,559,6849,-908,0,14552,563,10088,1827,27030,21052,4,3239,2735,27030,-38331580,3298120,40395520,-5362060,0,85987820,3321700,59558370,10781670,159649560,124319400,23580,19162850,16143730,159649560
2022-08-22,5930,5930,5830,5830,24070,-1.6863406408094435,-4674,1,6801,-2128,0,13118,1,10551,400,24070,17792,0,3750,2528,24070,-27410330,5930,39884980,-12480580,0,76817100,5930,61878440,2336000,141037470,104227430,0,21993460,14816580,141037470
2022-08-23,5830,5980,5760,5820,39938,-0.17152658662092624,-4966,0,12544,-7578,0,17582,0,21427,929,39938,22548,0,8883,8507,39938,-28752290,0,72707030,-43954740,0,101859570,0,124275330,5409180,231544080,130611860,0,51568300,49363920,231544080
2022-08-24,5810,5860,5770,5790,17481,-0.5154639175257731,4038,-2,-250,-3786,0,12597,3,4881,0,17481,8559,5,5131,3786,17481,23274760,-11630,-1382240,-21880890,0,72805240,17310,28288720,0,101111270,49530480,28940,29670960,21880890,101111270
2022-08-25,5830,5880,5760,5880,94264,1.5544041450777202,7404,9,-3777,-3636,0,87086,9,5213,1956,94264,79682,0,8990,5592,94264,43189350,52110,-22038220,-21203240,0,510761750,52110,30208620,11353400,552375880,467572400,0,52246840,32556640,552375880
2022-08-26,5900,5900,5840,5880,9848,0.0,-1835,-1,3086,-1250,0,5814,0,3787,247,9848,7649,1,701,1497,9848,-10717380,-5880,18048760,-7325500,0,34058040,0,22168730,1444950,57671720,44775420,5880,4119970,8770450,57671720
2022-08-29,5840,5840,5720,5750,32578,-2.2108843537414966,-14580,0,17470,-2890,0,11803,0,19417,1358,32578,26383,0,1947,4248,32578,-83879980,0,100485830,-16605850,0,67935740,0,111701550,7808530,187445820,151815720,0,11215720,24414380,187445820
2022-08-30,5790,5810,5690,5750,32430,0.0,-9678,-3,10944,-1263,0,14721,0,15693,2016,32430,24399,3,4749,3279,32430,-55218750,-17100,62482460,-7246610,0,84014810,0,89599170,11492290,185106270,139233560,17100,27116710,18738900,185106270
2022-08-31,5800,5800,5710,5740,4463,-0.17391304347826086,651,11,474,-1136,0,2037,11,2415,0,4463,1386,0,1941,1136,4463,3720400,63120,2726170,-6509690,0,11665710,63120,13837690,0,25566520,7945310,0,11111520,6509690,25566520
2022-09-01,5740,5740,5680,5710,19926,-0.5226480836236934,-2206,104,5105,-3003,0,12306,104,6793,723,19926,14512,0,1688,3726,19926,-12559990,593880,29063320,-17097210,0,70167560,593880,38681380,4121100,113563920,82727550,0,9618060,21218310,113563920
2022-09-02,5770,5780,5650,5690,18278,-0.3502626970227671,-5376,0,9510,-4134,0,2282,0,15991,5,18278,7658,0,6481,4139,18278,-30683440,0,54435940,-23752500,0,13003300,0,91396300,28520,104428120,43686740,0,36960360,23781020,104428120
2022-09-05,5740,5740,5670,5680,16991,-0.17574692442882248,-2087,0,-5670,7757,0,2264,0,6731,7996,16991,4351,0,12401,239,16991,-11902910,0,-32221510,44124420,0,12866270,0,38287190,45484040,96637500,24769180,0,70508700,1359620,96637500
2022-09-06,5710,5710,5680,5700,31979,0.35211267605633806,-7404,-1621,-5604,14629,0,13091,0,3914,14974,31979,20495,1621,9518,345,31979,-42147450,-9208360,-31964180,83319990,0,74512020,0,22262100,85283610,182057730,116659470,9208360,54226280,1963620,182057730
2022-09-07,5740,5740,5610,5670,29394,-0.5263157894736842,-11425,6,5583,5836,0,6824,6,11659,10905,29394,18249,0,6076,5069,29394,-64389780,33840,31514270,32841670,0,38448230,33840,65745370,61587190,165814630,102838010,0,34231100,28745520,165814630
2022-09-08,5670,5700,5640,5650,31916,-0.3527336860670194,-17108,3,6592,10513,0,8676,3,8972,14265,31916,25784,0,2380,3752,31916,-96838080,17000,37278050,59543030,0,49073140,17000,50737130,80768400,180595670,145911220,0,13459080,21225370,180595670
2022-09-13,5650,5680,5620,5660,79870,0.17699115044247787,-21539,-11381,-7614,40534,0,26323,0,12567,40980,79870,47862,11381,20181,446,79870,-121865580,-64237510,-43324630,229427720,0,149046350,0,71065430,231948420,452060200,270911930,64237510,114390060,2520700,452060200
2022-09-14,5660,5820,5560,5730,79526,1.2367491166077738,-8294,-3000,-21647,32941,0,31265,0,11551,36710,79526,39559,3000,33198,3769,79526,-46261740,-17280000,-124876110,188417850,0,180312520,0,65394390,210216440,455923350,226574260,17280000,190270500,21798590,455923350
2022-09-15,5730,5820,5720,5750,70097,0.34904013961605584,-24117,-838,-10714,35669,0,25118,10,5748,39221,70097,49235,848,16462,3552,70097,-139292990,-4869380,-62075310,206237680,0,145322080,57500,33193690,226754590,405327860,284615070,4926880,95269000,20516910,405327860
2022-09-16,5750,5880,5730,5740,241901,-0.17391304347826086,-48196,-12136,5304,55028,0,12267,864,35583,193187,241901,60463,13000,30279,138159,241901,-278788920,-69861450,29043520,319606850,0,70896120,4968550,204420440,1113471480,1393756590,349685040,74830000,175376920,793864630,1393756590
2022-09-19,5760,6300,5740,5750,90321,0.17421602787456447,-5217,6362,-27043,25898,0,17259,8662,23897,40503,90321,22476,2300,50940,14605,90321,-30154360,36784220,-157658680,151028820,0,99985910,50138220,140097970,236503330,526725430,130140270,13354000,297756650,85474510,526725430
2022-09-20,5830,5830,5730,5790,49432,0.6956521739130435,-7151,13399,-11764,5516,0,13762,15000,7297,13373,49432,20913,1601,19061,7857,49432,-41472030,77843050,-68249840,31878820,0,79824920,87122870,41981360,77436010,286365160,121296950,9279820,110231200,45557190,286365160
2022-09-21,5780,5810,5750,5770,21479,-0.3454231433506045,5920,3729,-3896,-5753,0,10608,3819,6120,932,21479,4688,90,10016,6685,21479,34201620,21501820,-22564170,-33139270,0,61358330,22019380,35228730,5382360,123988800,27156710,517560,57792900,38521630,123988800
2022-09-22,5780,5780,5640,5740,19002,-0.5199306759098787,-7,-148,2995,-2840,0,2995,3631,10103,2273,19002,3002,3779,7108,5113,19002,-30770,-799460,17191360,-16361130,0,17188400,20915260,57983490,13040130,109127280,17219170,21714720,40792130,29401260,109127280
2022-09-23,5780,5780,5650,5680,34504,-1.0452961672473868,-2488,-2536,12482,-7458,0,9900,5013,19353,238,34504,12388,7549,6871,7696,34504,-14241010,-14520020,71246860,-42485830,0,56116440,28568240,110202010,1354680,196241370,70357450,43088260,38955150,43840510,196241370
2022-09-26,5650,5650,5590,5610,52164,-1.232394366197183,3749,9820,-12168,-1401,0,25129,9825,14249,2961,52164,21380,5,26417,4362,52164,21201610,55230460,-68501100,-7930970,0,141354480,55258550,79914220,16598420,293125670,120152870,28090,148415320,24529390,293125670
2022-09-27,5670,5670,5510,5570,34138,-0.7130124777183601,-376,-80,4875,-4419,0,13925,0,17239,2974,34138,14301,80,12364,7393,34138,-2012550,-447200,27075030,-24615280,0,77731250,0,96081860,16434020,190247130,79743800,447200,69006830,41049300,190247130
2022-09-28,5630,5630,5430,5500,34093,-1.2567324955116697,945,6634,-5148,-2431,0,7944,6634,15094,4421,34093,6999,0,20242,6852,34093,5194480,36636530,-28225150,-13605860,0,43669730,36636530,83081660,24245840,187633760,38475250,0,111306810,37851700,187633760
2022-09-29,5570,5570,5480,5490,39039,-0.18181818181818182,-2194,6040,-3729,-117,0,17777,6040,12332,2890,39039,19971,0,16061,3007,39039,-12043090,33297880,-20662700,-592090,0,98046040,33297880,67961040,15941110,215246070,110089130,0,88623740,16533200,215246070
2022-09-30,5490,5520,5440,5450,35787,-0.7285974499089253,-11833,1,8099,3733,0,12073,1,18974,4739,35787,23906,0,10875,1006,35787,-64571640,5470,44213800,20352370,0,66379800,5470,103943950,25869270,196198490,130951440,0,59730150,5516900,196198490
2022-10-04,5550,5550,5420,5450,25248,0.0,-3461,271,5474,-2284,0,6131,271,17958,888,25248,9592,0,12484,3172,25248,-18876980,1487710,29879300,-12490030,0,33485970,1487710,98071290,4839880,137884850,52362950,0,68191990,17329910,137884850
2022-10-05,5500,5500,5410,5410,37832,-0.7339449541284404,-8186,3028,6544,-1386,0,20793,3028,11382,2629,37832,28979,0,4838,4015,37832,-44388830,16495190,35482940,-7589300,0,113106650,16495190,61837600,14286860,205726300,157495480,0,26354660,21876160,205726300
2022-10-06,5510,5510,5260,5360,54785,-0.9242144177449169,3625,1599,-6524,1300,0,23918,1600,23160,6107,54785,20293,1,29684,4807,54785,20069600,8550010,-35624600,7004990,0,128256990,8555400,123518500,32816580,293147470,108187390,5390,159143100,25811590,293147470
2022-10-07,5370,5370,5260,5330,36283,-0.5597014925373134,-13570,1,14369,-800,0,14156,1,20214,1912,36283,27726,0,5845,2712,36283,-72001240,5330,76295550,-4299640,0,75307670,5330,107255090,10144000,192712090,147308910,0,30959540,14443640,192712090
2022-10-11,5330,5330,5170,5170,25002,-3.0018761726078798,-9867,379,10045,-557,0,9891,379,14495,237,25002,19758,0,4450,794,25002,-51516820,1978380,52474710,-2936270,0,51876300,1978380,75840350,1247510,130942540,103393120,0,23365640,4183780,130942540
2022-10-12,5170,5220,5120,5130,28167,-0.7736943907156674,-4595,-160,4715,40,0,7107,104,19084,1872,28167,11702,264,14369,1832,28167,-23808390,-828480,24458240,178630,0,36664640,533630,98565800,9676430,145440500,60473030,1362110,74107560,9497800,145440500
2022-10-13,5200,5200,4920,4920,123382,-4.093567251461988,-43491,-3700,46492,699,0,32551,100,78780,11951,123382,76042,3800,32288,11252,123382,-216841300,-18451960,231257570,4035690,0,162297085,496000,393370075,60352970,616516130,379138385,18947960,162112505,56317280,616516130
2022-10-14,5070,5070,4930,4985,56604,1.321138211382114,-6274,2,-4573,10845,0,23081,2,18068,15453,56604,29355,0,22641,4608,56604,-30891755,10130,-23177655,54059280,0,116087565,10130,90237695,77190585,283525975,146979320,0,113415350,23131305,283525975
2022-10-17,5090,5090,4800,4860,78615,-2.507522567703109,-43992,908,37912,5172,0,24041,908,44001,9665,78615,68033,0,6089,4493,78615,-213921830,4399260,184740715,24781855,0,117706715,4399260,214590950,46987190,383684115,331628545,0,29850235,22205335,383684115
2022-10-18,4990,4990,4760,4875,127383,0.30864197530864196,-75939,11681,53004,11254,0,27658,11681,69989,18055,127383,103597,0,16985,6801,127383,-366101840,56323615,255738210,54040015,0,134299730,56323615,338676975,87268730,616569050,500401570,0,82938765,33228715,616569050
2022-10-19,4880,4930,4740,4760,92875,-2.358974358974359,-33711,574,37415,-4278,0,24345,574,62052,5904,92875,58056,0,24637,10182,92875,-160524655,2747600,178640670,-20863615,0,116741595,2747600,296970005,28365325,444824525,277266250,0,118329335,49228940,444824525
2022-10-20,4760,4910,4700,4850,121633,1.8907563025210083,35702,-5527,-28279,-1896,0,76884,7,33542,11200,121633,41182,5534,61821,13096,121633,171727650,-26411280,-136282605,-9033765,0,371066430,33740,161329240,53800125,586229535,199338780,26445020,297611845,62833890,586229535
2022-10-21,4800,4900,4800,4840,16706,-0.2061855670103093,-7193,-82,3605,3670,0,3752,0,9108,3846,16706,10945,82,5503,176,16706,-34775245,-394945,17446035,17724155,0,18146275,0,44020815,18572575,80739665,52921520,394945,26574780,848420,80739665
2022-10-24,4870,5040,4870,4910,58210,1.4462809917355373,-3327,1020,1681,626,0,25923,1020,27466,3801,58210,29250,0,25785,3175,58210,-16207205,5093960,8122300,2990945,0,128709890,5093960,136918485,18775845,289498180,144917095,0,128796185,15784900,289498180
2022-10-25,5000,5000,4885,4990,37327,1.6293279022403258,4253,0,-4481,228,0,18903,0,9587,8837,37327,14650,0,14068,8609,37327,20976845,0,-22071490,1094645,0,92959325,0,46928980,43608485,183496790,71982480,0,69000470,42513840,183496790
2022-10-26,5050,5050,4945,5040,30837,1.002004008016032,9719,1409,-9153,-1975,0,21687,1410,7042,698,30837,11968,1,16195,2673,30837,48875540,7066230,-46040870,-9900900,0,108759430,7071240,35252545,3484845,154568060,59883890,5010,81293415,13385745,154568060
2022-10-27,5070,5150,4955,5150,34270,2.1825396825396823,5097,-994,-9050,4947,0,13077,100,15027,6066,34270,7980,1094,24077,1119,34270,26053295,-5043655,-46144015,25134375,0,66162855,515000,75694720,30812745,173185320,40109560,5558655,121838735,5678370,173185320
2022-10-28,5490,5490,5110,5170,47931,0.3883495145631068,-6308,-3103,6212,3199,0,16902,0,26420,4609,47931,23210,3103,20208,1410,47931,-32697510,-16001480,32319760,16379230,0,87253230,0,137356790,23791660,248401680,119950740,16001480,105037030,7412430,248401680
2022-10-31,5220,5220,5160,5160,109480,-0.19342359767891684,-72555,-2000,75114,-559,0,4158,0,105014,308,109480,76713,2000,29900,867,109480,-374877570,-10400000,388170320,-2892750,0,21556520,0,542540800,1592520,565689840,396434090,10400000,154370480,4485270,565689840
2022-11-01,5200,5210,5160,5190,35913,0.5813953488372093,-3813,-4622,6955,1480,0,9279,1,24772,1861,35913,13092,4623,17817,381,35913,-19746450,-23910580,35981040,7675990,0,48080110,5190,128452230,9652810,186190340,67826560,23915770,92471190,1976820,186190340
2022-11-02,5200,5380,5160,5270,97125,1.5414258188824663,29721,-2383,-25494,-1844,0,80115,0,12432,4578,97125,50394,2383,37926,6422,97125,157467950,-12303480,-135195890,-9968580,0,422996160,0,64744830,24088470,511829460,265528210,12303480,199940720,34057050,511829460
2022-11-03,5270,5350,5200,5260,18354,-0.18975332068311196,-12166,1604,12256,-1694,0,867,2736,14322,429,18354,13033,1132,2066,2123,18354,-63609690,8378400,64182740,-8951450,0,4549190,14312580,75023270,2246760,96131800,68158880,5934180,10840530,11198210,96131800
2022-11-04,5350,5350,5180,5220,21907,-0.7604562737642585,245,2846,-959,-2132,0,7670,2982,11046,209,21907,7425,136,12005,2341,21907,1477560,14839530,-5174200,-11142890,0,40049250,15550150,57473490,1092310,114165200,38571690,710620,62647690,12235200,114165200
2022-11-07,5270,5270,5150,5200,17864,-0.38314176245210724,-4293,-993,6348,-1062,0,8738,20,8897,209,17864,13031,1013,2549,1271,17864,-22079580,-5113790,32702400,-5509030,0,45191270,103200,45885120,1081030,92260620,67270850,5216990,13182720,6590060,92260620
2022-11-08,5150,5230,5130,5150,16070,-0.9615384615384616,-7203,0,8917,-1714,0,5986,0,9794,290,16070,13189,0,877,2004,16070,-37003590,0,45817050,-8813460,0,30813630,0,50335440,1494280,82643350,67817220,0,4518390,10307740,82643350
2022-11-09,5220,5220,5130,5190,18710,0.7766990291262136,-4536,0,4613,-77,0,10124,0,7610,976,18710,14660,0,2997,1053,18710,-23265650,0,23685590,-419940,0,52264700,0,39224430,5024220,96513350,75530350,0,15538840,5444160,96513350
2022-11-10,5170,5260,5120,5200,34175,0.1926782273603083,-1932,0,519,1413,0,22285,0,9703,2187,34175,24217,0,9184,774,34175,-9724430,0,2452000,7272430,0,115226490,0,49977340,11279470,176483300,124950920,0,47525340,4007040,176483300
2022-11-11,5250,5330,5230,5290,37711,1.7307692307692308,5110,-3366,-3517,1773,0,18862,1,15607,3241,37711,13752,3367,19124,1468,37711,27215160,-17891730,-18752650,9429220,0,100090480,5300,82619790,17174790,199890360,72875320,17897030,101372440,7745570,199890360
2022-11-14,5380,5380,5250,5290,18484,0.0,-5312,-29,4232,1109,0,6817,1,10323,1343,18484,12129,30,6091,234,18484,-28025210,-154220,22330650,5848780,0,36026160,5280,54471180,7085310,97587930,64051370,159500,32140530,1236530,97587930
2022-11-15,5290,5370,5200,5360,23699,1.3232514177693762,11926,-1097,-10220,-609,0,19138,0,4351,210,23699,7212,1097,14571,819,23699,63737420,-5855010,-54629930,-3252480,0,102255910,0,23181370,1118420,126555700,38518490,5855010,77811300,4370900,126555700
2022-11-16,5390,5430,5320,5420,15269,1.1194029850746268,-211,3738,-3596,69,0,5334,3738,5902,295,15269,5545,0,9498,226,15269,-987170,20035680,-19410710,362200,0,28759600,20035680,31639040,1583380,82017700,29746770,0,51049750,1221180,82017700
2022-11-17,5420,5420,5220,5400,54112,-0.36900369003690037,-26914,0,22737,4177,0,21307,0,26650,6155,54112,48221,0,3913,1978,54112,-141857660,0,119853090,22004570,0,112831600,0,140722260,32519410,286073270,254689260,0,20869170,10514840,286073270
2022-11-18,5440,5440,5300,5400,18021,0.0,3487,0,-1227,-2260,0,13255,0,3849,917,18021,9768,0,5076,3177,18021,18771330,0,-6539710,-12231620,0,71414750,0,20730200,4881480,97026430,52643420,0,27269910,17113100,97026430
2022-11-21,5410,5410,5340,5360,13949,-0.7407407407407408,4993,0,-1030,-3963,0,12109,0,1840,0,13949,7116,0,2870,3963,13949,26811830,0,-5510220,-21301610,0,65082460,0,9899320,0,74981780,38270630,0,15409540,21301610,74981780
2022-11-22,5360,5360,5300,5360,15512,0.0,842,191,1119,-2152,0,12284,191,3018,19,15512,11442,0,1899,2171,15512,4459550,1012720,5961320,-11433590,0,65592900,1012720,16094510,101470,82801600,61133350,0,10133190,11535060,82801600
2022-11-23,5470,5470,5280,5320,22562,-0.7462686567164178,-5828,0,6355,-527,0,14658,0,7814,90,22562,20486,0,1459,617,22562,-30935630,0,33742690,-2807060,0,77792890,0,41485330,483300,119761520,108728520,0,7742640,3290360,119761520
2022-11-24,5410,5410,5320,5330,25840,0.18796992481203006,1961,-99,-1100,-762,0,14824,1,9563,1452,25840,12863,100,10663,2214,25840,10500440,-527640,-5908820,-4063980,0,79293440,5360,51055890,7745440,138100130,68793000,533000,56964710,11809420,138100130
2022-11-25,5380,5380,5320,5380,16095,0.9380863039399625,215,52,1975,-2242,0,8500,114,6297,1184,16095,8285,62,4322,3426,16095,1177120,275850,10539650,-11992620,0,45555300,608790,33737390,6357950,86259430,44378180,332940,23197740,18350570,86259430
2022-11-28,5400,5460,5370,5400,27744,0.37174721189591076,5855,393,-6944,696,0,21550,393,5003,798,27744,15695,0,11947,102,27744,31549520,2130810,-37430180,3749850,0,116343370,2130810,27008090,4303310,149785580,84793850,0,64438270,553460,149785580
2022-11-29,5400,5440,5400,5410,14605,0.1851851851851852,3058,99,-2619,-538,0,9665,100,4749,91,14605,6607,1,7368,629,14605,16616950,535580,-14231710,-2920820,0,52392590,541000,25699650,493200,79126440,35775640,5420,39931360,3414020,79126440
2022-11-30,5430,5450,5400,5440,5010,0.5545286506469501,348,-2,-418,72,0,1908,98,2850,154,5010,1560,100,3268,82,5010,1883750,-11740,-2259590,387580,0,10356800,529590,15453850,833140,27173380,8473050,541330,17713440,445560,27173380
2022-12-01,5480,5500,5430,5470,28258,0.5514705882352942,7976,1131,-8984,-123,0,17678,1132,7813,1635,28258,9702,1,16797,1758,28258,43778480,6178990,-49217860,-739610,0,96900570,6184420,42749790,8897090,154731870,53122090,5430,91967650,9636700,154731870
2022-12-02,5500,5500,5410,5440,25071,-0.5484460694698354,-2970,3518,1880,-2428,0,10222,3518,11231,100,25071,13192,0,9351,2528,25071,-16155750,19191700,10283810,-13319760,0,55716230,19191700,61350290,542640,136800860,71871980,0,51066480,13862400,136800860
2022-12-05,5490,5490,5440,5460,19275,0.3676470588235294,7709,1,-6674,-1036,0,16947,1,2295,32,19275,9238,0,8969,1068,19275,42230710,5480,-36559640,-5676550,0,92624090,5480,12536390,174720,105340680,50393380,0,49096030,5851270,105340680
2022-12-06,5490,5490,5380,5470,15573,0.18315018315018314,6601,-101,-2684,-3816,0,10471,0,4179,923,15573,3870,101,6863,4739,15573,36198930,-553460,-14768740,-20876730,0,57317110,0,22772670,5013500,85103280,21118180,553460,37541410,25890230,85103280
2022-12-07,5500,5500,5450,5460,14411,-0.18281535648994515,-828,0,3276,-2448,0,8075,0,6334,2,14411,8903,0,3058,2450,14411,-4531360,0,17912840,-13381480,0,44218970,0,34654210,10920,78884100,48750330,0,16741370,13392400,78884100
2022-12-08,5460,5460,5420,5440,8699,-0.3663003663003663,1634,4,-2410,772,0,2634,5,3358,2702,8699,1000,1,5768,1930,8699,8887320,21780,-13133820,4224720,0,14327430,27210,18266690,14722890,47344220,5440110,5430,31400510,10498170,47344220
2022-12-09,5490,5490,5370,5400,33284,-0.7352941176470588,-8538,1,12572,-4035,0,8818,1,19962,4503,33284,17356,0,7390,8538,33284,-46022750,5420,67897280,-21879950,0,47535010,5420,108061080,24262010,179863520,93557760,0,40163800,46141960,179863520
2022-12-12,5400,5490,5360,5370,20701,-0.5555555555555556,-5838,81,9334,-3577,0,7284,81,13106,230,20701,13122,0,3772,3807,20701,-31292470,435000,50113280,-19255810,0,39306020,435000,70494910,1241820,111477750,70598490,0,20381630,20497630,111477750
2022-12-13,5450,5450,5320,5340,25000,-0.5586592178770949,-10115,-1,15135,-5019,0,5163,0,19821,16,25000,15278,1,4686,5035,25000,-54123510,-5350,80984550,-26855690,0,27650760,0,106060920,85760,133797440,81774270,5350,25076370,26941450,133797440
2022-12-14,5400,5440,5320,5360,61064,0.37453183520599254,1263,1,14755,-16019,0,26052,1,33111,1900,61064,24789,0,18356,17919,61064,7314660,5340,78489890,-85809890,0,139639840,5340,176699780,10177850,326522810,132325180,0,98209890,95987740,326522810
2022-12-15,5370,5380,5260,5350,49641,-0.18656716417910446,-6845,586,21122,-14863,0,12056,586,35165,1834,49641,18901,0,14043,16697,49641,-36343440,3099950,112094960,-78851470,0,63995240,3099950,186618050,9738540,263451780,100338680,0,74523090,88590010,263451780
2022-12-16,5270,5330,5260,5290,33249,-1.1214953271028036,-49,-3699,20901,-17153,0,8963,1,23495,790,33249,9012,3700,2594,17943,33249,-248380,-19617240,110521490,-90655870,0,47469530,5300,124216850,4180430,175872110,47717910,19622540,13695360,94836300,175872110
2022-12-19,5300,5300,5250,5290,27222,0.0,-4584,-422,11072,-6066,0,13013,23,13882,304,27222,17597,445,2810,6370,27222,-24160980,-2236970,58415930,-32017980,0,68701380,121450,73248580,1600970,143672380,92862360,2358420,14832650,33618950,143672380
2022-12-20,5290,5290,5250,5280,32526,-0.1890359168241966,-8129,96,10241,-2208,0,16465,100,15493,468,32526,24594,4,5252,2676,32526,-42792430,505890,53929360,-11642820,0,86847290,527000,81627140,2470320,171471750,129639720,21110,27697780,14113140,171471750
2022-12-21,5280,5320,5280,5310,33043,0.5681818181818182,-120,-12700,10820,2000,0,7212,1401,22394,2036,33043,7332,14101,11574,36,33043,-561240,-67329510,57291710,10599040,0,38223720,7425310,118620100,10789820,175058950,38784960,74754820,61328390,190780,175058950
2022-12-22,5320,5450,5290,5370,45674,1.1299435028248588,-13511,-12798,21918,4391,0,16053,3,24543,5075,45674,29564,12801,2625,684,45674,-71008480,-68247960,115942270,23314170,0,85752070,16030,130023040,26978080,242769220,156760550,68263990,14080770,3663910,242769220
2022-12-23,5350,5420,5300,5390,27820,0.37243947858473,-2663,-8131,7617,3177,0,5817,1,17973,4029,27820,8480,8132,10356,852,27820,-14136540,-43294900,40449430,16982010,0,31087110,5350,95751180,21522090,148365730,45223650,43300250,55301750,4540080,148365730
2022-12-26,5370,5420,5240,5340,88335,-0.927643784786642,-49574,-863,53374,-2937,0,14429,141,70643,3122,88335,64003,1004,17269,6059,88335,-261719100,-4525410,282033750,-15789240,0,76338400,745890,373854040,16452910,467391240,338057500,5271300,91820290,32242150,467391240
2022-12-27,5340,5420,5300,5410,69669,1.3108614232209739,28284,-499,-32685,4900,0,48374,1,14818,6476,69669,20090,500,47503,1576,69669,151516270,-2654660,-175075730,26214120,0,258677030,5340,78964780,34600050,372247200,107160760,2660000,254040510,8385930,372247200
2022-12-28,5280,5280,5190,5250,36401,-2.957486136783734,6093,1,-1257,-4837,0,19099,1,16443,858,36401,13006,0,17700,5695,36401,32016550,5240,-6705360,-25316430,0,100140180,5240,85953750,4499500,190598670,68123630,0,92659110,29815930,190598670
2022-12-29,5250,5250,5190,5200,30527,-0.9523809523809524,-16301,1,21602,-5302,0,5675,2,24843,7,30527,21976,1,3241,5309,30527,-84839840,5220,112479090,-27644470,0,29579500,10420,129382360,36460,159008740,114419340,5200,16903270,27680930,159008740
2023-01-02,5200,5270,5200,5230,20236,0.576923076923077,-1725,0,2412,-687,0,9597,1,9622,1016,20236,11322,1,7210,1703,20236,-8990470,0,12570030,-3579560,0,50078900,5210,50210040,5302370,105596520,59069370,5210,37640010,8881930,105596520
2023-01-03,5220,5310,5210,5260,35396,0.5736137667304015,6772,1,-4521,-2252,0,21009,2,13411,974,35396,14237,1,17932,3226,35396,35970620,5220,-24151010,-11824830,0,110470020,10470,70204620,5122740,185807850,74499400,5250,94355630,16947570,185807850
2023-01-04,5260,5310,5170,5260,42381,0.0,-13893,-5330,23889,-4666,0,9200,1,31797,1383,42381,23093,5331,7908,6049,42381,-72195710,-27735530,124257930,-24326690,0,47956840,5210,165475390,7180190,220617630,120152550,27740740,41217460,31506880,220617630
2023-01-05,5270,5350,5230,5350,30779,1.7110266159695817,1424,3,863,-2290,0,12756,5,14669,3349,30779,11332,2,13806,5639,30779,7678210,15960,4388380,-12082550,0,67376610,26480,77421360,17684520,162508970,59698400,10520,73032980,29767070,162508970
2023-01-06,5350,5350,5300,5340,29310,-0.1869158878504673,5942,-9186,5249,-2005,0,16960,1,9857,2492,29310,11018,9187,4608,4497,29310,31741330,-48906470,27829970,-10664830,0,90406760,5350,52436250,13271280,156119640,58665430,48911820,24606280,23936110,156119640
2023-01-09,5370,5390,5280,5360,22641,0.37453183520599254,-3211,1938,3188,-1915,0,9328,1939,10568,806,22641,12539,1,7380,2721,22641,-16965780,10300760,16962560,-10297540,0,49786150,10306150,56290440,4285720,120668460,66751930,5390,39327880,14583260,120668460
2023-01-10,5360,5380,5020,5290,40616,-1.3059701492537312,-3519,4005,-2571,2085,0,11372,4006,20981,4257,40616,14891,1,23552,2172,40616,-18552130,21216570,-13526850,10862410,0,60284890,21221860,110009080,22411060,213926890,78837020,5290,123535930,11548650,213926890
2023-01-11,5340,5340,5260,5340,14660,0.945179584120983,-6164,295,6841,-972,0,3505,297,10726,132,14660,9669,2,3885,1104,14660,-32503570,1556840,36092400,-5145670,0,18554710,1567380,56663670,702640,77488400,51058280,10540,20571270,5848310,77488400
2023-01-12,5340,5350,5280,5350,30983,0.18726591760299627,1796,467,-4283,2020,0,21604,469,6470,2440,30983,19808,2,10753,420,30983,9706920,2484430,-22944830,10753480,0,115178270,2495100,34425770,12992270,165091410,105471350,10670,57370600,2238790,165091410
2023-01-13,5360,5370,5330,5360,22131,0.1869158878504673,771,-1,-585,-185,0,11292,0,10532,307,22131,10521,1,11117,492,22131,4174280,-5350,-3176200,-992730,0,60454550,0,56339100,1643530,118437180,56280270,5350,59515300,2636260,118437180
2023-01-16,5360,5490,5350,5450,72227,1.6791044776119404,33466,-1748,-46952,15234,0,36659,2,19480,16086,72227,3193,1750,66432,852,72227,180717010,-9396740,-253491780,82171510,0,197979160,10760,104986400,86773160,389749480,17262150,9407500,358478180,4601650,389749480
2023-01-17,5430,5430,5300,5360,117581,-1.651376146788991,-58888,-6167,59533,5522,0,27942,101,80902,8636,117581,86830,6268,21369,3114,117581,-314606250,-32927580,318142980,29390850,0,149367360,539380,432555120,46062160,628524020,463973610,33466960,114412140,16671310,628524020
2023-01-18,5360,5380,5290,5330,56839,-0.5597014925373134,-8650,1,2161,6488,0,23429,1,25379,8030,56839,32079,0,23218,1542,56839,-45967820,5310,11512910,34449600,0,125090700,5310,135146400,42709460,302951870,171058520,0,123633490,8259860,302951870
2023-01-19,5330,5380,5310,5370,35722,0.7504690431519699,-16870,0,4242,12628,0,8908,0,13257,13557,35722,25778,0,9015,929,35722,-90222450,0,22548070,67674380,0,47672040,0,70770230,72607980,191050250,137894490,0,48222160,4933600,191050250
2023-01-20,5320,5450,5300,5450,55841,1.48975791433892,-1439,-9380,7548,3271,0,20708,100,30873,4160,55841,22147,9480,23325,889,55841,-7631440,-50801600,40651220,17781820,0,112214090,545000,166624580,22580230,301963900,119845530,51346600,125973360,4798410,301963900
2023-01-25,5460,5500,5420,5460,37271,0.1834862385321101,-5530,-1750,5475,1805,0,11625,0,23401,2245,37271,17155,1750,17926,440,37271,-30211660,-9527500,29896410,9842750,0,63338770,0,127761830,12239650,203340250,93550430,9527500,97865420,2396900,203340250
2023-01-26,5500,5500,5430,5460,29087,0.0,-70,-1749,-5914,7733,0,7324,2,12533,9228,29087,7394,1751,18447,1495,29087,-413460,-9619560,-32518580,42551600,0,40001310,10900,68497760,50720330,159230300,40414770,9630460,101016340,8168730,159230300
2023-01-27,5470,5480,5390,5390,32217,-1.282051282051282,-476,1,2864,-2389,0,13930,1,17441,845,32217,14406,0,14577,3234,32217,-2547020,5410,15457080,-12915470,0,75315870,5410,94229910,4570640,174121830,77862890,0,78772830,17486110,174121830
2023-01-30,5450,5450,5320,5370,37158,-0.3710575139146568,-9036,5,8868,163,0,11439,5,21962,3752,37158,20475,0,13094,3589,37158,-48318660,26750,47345390,946520,0,61529000,26750,117646910,20162050,199364710,109847660,0,70301520,19215530,199364710
2023-01-31,5350,5410,5290,5310,43454,-1.1173184357541899,-22709,1,21610,1098,0,14020,1,26484,2949,43454,36729,0,4874,1851,43454,-120710870,5300,114961620,5743950,0,74607430,5300,140866030,15638340,231117100,195318300,0,25904410,9894390,231117100
2023-02-01,5290,5360,5290,5330,13339,0.3766478342749529,-514,0,1085,-571,0,7942,0,5204,193,13339,8456,0,4119,764,13339,-2717710,0,5760380,-3042670,0,42294480,0,27675030,1027990,70997500,45012190,0,21914650,4070660,70997500
2023-02-02,5330,5410,5310,5390,27608,1.125703564727955,2103,-1243,-850,-10,0,8997,15,16453,2143,27608,6894,1258,17303,2153,27608,11227170,-6637320,-4507520,-82330,0,48164510,80380,88059220,11468440,147772550,36937340,6717700,92566740,11550770,147772550
2023-02-03,5430,5430,5350,5410,14436,0.3710575139146568,4373,-31,-4280,-62,0,6881,1,7238,316,14436,2508,32,11518,378,14436,23556820,-166830,-23052870,-337120,0,37117250,5360,38960690,1704740,77788040,13560430,172190,62013560,2041860,77788040
2023-02-06,5370,5480,5340,5480,27370,1.2939001848428837,5002,103,-4052,-1053,0,20471,103,6191,605,27370,15469,0,10243,1658,27370,27436770,564080,-22301370,-5699480,0,110328520,564080,33249700,3271190,147413490,82891750,0,55551070,8970670,147413490
2023-02-07,5450,5450,5330,5400,35683,-1.4598540145985401,3677,4,4164,-7845,0,21667,8,13725,283,35683,17990,4,9561,8128,35683,19857680,21470,22304700,-42183850,0,116322310,42870,73687400,1521630,191574210,96464630,21400,51382700,43705480,191574210
2023-02-08,5360,5390,5340,5340,29276,-1.1111111111111112,-6103,1,4289,1813,0,8277,1,18846,2152,29276,14380,0,14557,339,29276,-32770040,5350,23049100,9715590,0,44300880,5350,100939400,11534240,156779870,77070920,0,77890300,1818650,156779870
2023-02-09,5340,5380,5300,5380,18904,0.7490636704119851,-7129,1,8380,-1252,0,6118,1,12615,170,18904,13247,0,4235,1422,18904,-37761200,5340,44407010,-6651150,0,32710830,5340,67077070,909270,100702510,70472030,0,22670060,7560420,100702510
2023-02-10,5320,5400,5290,5310,26694,-1.3011152416356877,-3571,0,5964,-2393,0,10198,0,16335,161,26694,13769,0,10371,2554,26694,-18821050,0,31577160,-12756110,0,54420640,0,86761020,857880,142039540,73241690,0,55183860,13613990,142039540
2023-02-13,5290,5330,5220,5280,41162,-0.5649717514124294,-15714,0,21496,-5782,0,12216,0,27943,1003,41162,27930,0,6447,6785,41162,-82168120,0,112842730,-30674610,0,64365580,0,146756100,5253810,216375490,146533700,0,33913370,35928420,216375490
2023-02-14,5310,5310,5200,5280,45244,0.0,-8948,1,10505,-1558,0,15134,1,27233,2876,45244,24082,0,16728,4434,45244,-46799840,5220,55149590,-8354970,0,79294300,5220,142378010,14988610,236666140,126094140,0,87228420,23343580,236666140
2023-02-15,5310,5310,5210,5250,27923,-0.5681818181818182,-827,88,6697,-5958,0,13829,88,12377,1629,27923,14656,0,5680,7587,27923,-4140940,460220,34891100,-31210380,0,72335110,460220,64654790,8506150,145956270,76476050,0,29763690,39716530,145956270
2023-02-16,5250,5270,5170,5210,39943,-0.7619047619047619,-14316,831,16996,-3511,0,13412,831,25442,258,39943,27728,0,8446,3769,39943,-74267650,4316050,88237610,-18286010,0,70061040,4316050,132401670,1344760,208123520,144328690,0,44164060,19630770,208123520
2023-02-17,5260,5260,5130,5150,37690,-1.1516314779270633,-8345,2991,4706,648,0,9939,2991,23255,1505,37690,18284,0,18549,857,37690,-43091420,15478000,24288340,3325080,0,51450870,15478000,120103960,7755880,194788710,94542290,0,95815620,4430800,194788710
2023-02-20,5220,5220,5010,5160,33098,0.1941747572815534,-12834,-1,13361,-526,0,4732,1,24041,4324,33098,17566,2,10680,4850,33098,-65884330,-5100,68718050,-2828620,0,24247060,5140,123346870,22072280,169671350,90131390,10240,54628820,24900900,169671350
2023-02-21,5150,5180,5110,5140,25869,-0.3875968992248062,-6001,135,6197,-331,0,8096,135,17149,489,25869,14097,0,10952,820,25869,-30811150,696600,31817600,-1703050,0,41590690,696600,88095120,2507850,132890260,72401840,0,56277520,4210900,132890260
2023-02-22,5140,5170,5110,5170,5622,0.5836575875486382,-714,100,1035,-421,0,1867,100,3115,540,5622,2581,0,2080,961,5622,-3629780,512000,5284050,-2166270,0,9582950,512000,15957720,2762690,28815360,13212730,0,10673670,4928960,28815360
2023-02-23,5190,5190,5150,5190,1879098,0.3868471953578337,1864093,-1867079,4802,-1816,0,1872892,0,6206,0,1879098,8799,1867079,1404,1816,1879098,9637412920,-9652798430,24765160,-9379650,0,9682804530,0,32046350,0,9714850880,45391610,9652798430,7281190,9379650,9714850880
2023-02-24,5240,5250,5160,5250,38793,1.1560693641618496,-7943,0,5539,2404,0,18568,0,16017,4208,38793,26511,0,10478,1804,38793,-41088000,0,28616980,12471020,0,96738940,0,83303900,21876560,201919400,137826940,0,54686920,9405540,201919400
2023-02-27,5250,5250,5150,5200,21633,-0.9523809523809524,-9736,3,12209,-2476,0,6417,4,14454,758,21633,16153,1,2245,3234,21633,-50283400,15500,63105080,-12837180,0,33172010,20660,74728240,3925280,111846190,83455410,5160,11623160,16762460,111846190
2023-02-28,5220,5240,5160,5240,31133,0.7692307692307693,-5740,502,1216,4022,0,15218,502,10081,5332,31133,20958,0,8865,1310,31133,-29576490,2610420,6100870,20865200,0,79251190,2610420,52288020,27689230,161838860,108827680,0,46187150,6824030,161838860
2023-03-02,5200,5240,5170,5210,18708,-0.5725190839694656,-7680,0,8106,-426,0,6746,0,11624,338,18708,14426,0,3518,764,18708,-39725950,0,41943090,-2217140,0,35019120,0,60219400,1752640,96991160,74745070,0,18276310,3969780,96991160
2023-03-03,5220,5220,5150,5170,15364,-0.7677543186180422,34,4,3977,-4015,0,5860,4,9347,153,15364,5826,0,5370,4168,15364,168460,20660,20569030,-20758150,0,30240030,20660,48361040,790720,79412450,30071570,0,27792010,21548870,79412450
2023-03-06,5170,5180,5130,5160,46718,-0.19342359767891684,-6828,0,8279,-1451,0,17608,0,27656,1454,46718,24436,0,19377,2905,46718,-35080180,0,42555140,-7474960,0,90815990,0,142492490,7499850,240808330,125896170,0,99937350,14974810,240808330
2023-03-07,5160,5180,5130,5160,39900,0.0,-17005,-4501,19420,2086,0,8676,0,28462,2762,39900,25681,4501,9042,676,39900,-87393540,-23209140,99871070,10731610,0,44700510,0,146488280,14218650,205407440,132094050,23209140,46617210,3487040,205407440
2023-03-08,5160,5200,5110,5170,33288,0.1937984496124031,-7413,0,11503,-4090,0,7302,0,25019,967,33288,14715,0,13516,5057,33288,-37833660,0,58899480,-21065820,0,37593420,0,128466020,4970600,171030040,75427080,0,69566540,26036420,171030040
2023-03-09,5180,5180,5090,5130,28499,-0.7736943907156674,-7240,1370,8842,-2972,0,6142,1370,18053,2934,28499,13382,0,9211,5906,28499,-36981100,6987000,45272290,-15278190,0,31493570,6987000,92460440,15022460,145963470,68474670,0,47188150,30300650,145963470
2023-03-10,5130,5130,5070,5100,23544,-0.5847953216374269,-3373,0,4716,-1343,0,4910,0,18634,0,23544,8283,0,13918,1343,23544,-17143280,0,23979160,-6835880,0,24973800,0,94807850,0,119781650,42117080,0,70828690,6835880,119781650
2023-03-13,5090,5110,5010,5060,38029,-0.7843137254901961,-16283,1984,13733,566,0,10777,1984,23835,1433,38029,27060,0,10102,867,38029,-81926810,9979520,69121130,2826160,0,54329840,9979520,120088880,7214340,191612580,136256650,0,50967750,4388180,191612580
2023-03-14,5100,5100,5010,5020,24584,-0.7905138339920948,-8432,7,9860,-1435,0,9144,7,14433,1000,24584,17576,0,4573,2435,24584,-42423410,35230,49580430,-7192250,0,45953880,35230,72559640,5044930,123593680,88377290,0,22979210,12237180,123593680
2023-03-15,5100,5100,5020,5080,18529,1.1952191235059761,1539,0,-2839,1300,0,11338,0,4919,2272,18529,9799,0,7758,972,18529,7868120,0,-14432190,6564070,0,57556630,0,24904600,11507790,93969020,49688510,0,39336790,4943720,93969020
2023-03-16,5090,5090,5010,5060,12127,-0.39370078740157477,1101,148,-1395,146,0,6543,149,4496,939,12127,5442,1,5891,793,12127,5572720,748890,-7051310,729700,0,33003840,753940,22670030,4740110,61167920,27431120,5050,29721340,4010410,61167920
2023-03-17,5070,5080,5010,5040,18455,-0.3952569169960474,-2878,589,3864,-1575,0,5882,601,11972,0,18455,8760,12,8108,1575,18455,-14608820,2950510,19631380,-7973070,0,29576330,3011010,60355510,0,92942850,44185150,60500,40724130,7973070,92942850
2023-03-20,5060,5060,4980,4995,32812,-0.8928571428571428,-11425,1,14907,-3483,0,9175,1,23628,8,32812,20600,0,8721,3491,32812,-57022960,4990,74436575,-17418605,0,45891330,4990,118056580,40020,163992920,102914290,0,43620005,17458625,163992920
2023-03-21,5000,5040,4985,5000,30818,0.10010010010010009,-5658,6,6681,-1029,0,15311,6,14909,592,30818,20969,0,8228,1621,30818,-28226785,29955,33359540,-5162710,0,76521960,29955,74542345,2958870,154053130,104748745,0,41182805,8121580,154053130
2023-03-22,5050,5050,4990,5020,23383,0.4,-6524,8,6689,-173,0,10106,9,13268,0,23383,16630,1,6579,173,23383,-32572695,39970,33401375,-868650,0,50565705,44980,66340900,0,116951585,83138400,5010,32939525,868650,116951585
2023-03-23,5040,5040,4950,4995,39708,-0.49800796812749004,-11118,-389,14895,-3388,0,11482,153,26539,1534,39708,22600,542,11644,4922,39708,-55081940,-1945680,73955375,-16927755,0,57258700,764235,131904635,7661400,197588970,112340640,2709915,57949260,24589155,197588970
2023-03-24,5000,5000,4935,4980,23211,-0.3003003003003003,-11720,-894,13075,-461,0,5910,1053,16221,27,23211,17630,1947,3146,488,23211,-58105245,-4392920,64796700,-2298535,0,29339480,5228080,80396475,133530,115097565,87444725,9621000,15599775,2432065,115097565
2023-03-27,4980,4980,4860,4895,41086,-1.706827309236948,-17372,-90,18410,-948,0,11954,0,29132,0,41086,29326,90,10722,948,41086,-85074820,-444550,90223060,-4703690,0,58645960,0,142741585,0,201387545,143720780,444550,52518525,4703690,201387545
2023-03-28,4895,4965,4860,4900,42637,0.10214504596527069,-5782,-481,2616,3647,0,16415,0,20999,5223,42637,22197,481,18383,1576,42637,-28196300,-2349680,12777840,17768140,0,80096070,0,102448870,25476940,208021880,108292370,2349680,89671030,7708800,208021880
2023-03-29,4920,4965,4870,4900,23578,0.0,-2958,0,4090,-1132,0,6003,0,17150,425,23578,8961,0,13060,1557,23578,-14458195,0,20043395,-5585200,0,29491970,0,84156615,2078855,115727440,43950165,0,64113220,7664055,115727440
2023-03-30,4900,4955,4860,4900,29535,0.0,-9608,701,9091,-184,0,9612,701,17413,1809,29535,19220,0,8322,1993,29535,-46888440,3435895,44325280,-872735,0,46942455,3435895,84975810,8855095,144209255,93830895,0,40650530,9727830,144209255
2023-03-31,4910,5030,4900,4970,50592,1.4285714285714286,-8905,-1,158,8748,0,19740,0,20462,10390,50592,28645,1,20304,1642,50592,-43937370,-4955,774570,43167755,0,98088540,0,101443940,51320565,250853045,142025910,4955,100669370,8152810,250853045
2023-04-03,4960,5000,4960,5000,22771,0.6036217303822937,-524,2,-756,1278,0,10293,2,9230,3246,22771,10817,0,9986,1968,22771,-2606750,9975,-3781995,6378770,0,51331515,9975,46007890,16181190,113530570,53938265,0,49789885,9802420,113530570
2023-04-04,4980,5030,4980,5020,30493,0.4,2253,0,-3323,1070,0,18129,0,9890,2474,30493,15876,0,13213,1404,30493,11351775,0,-16733790,5382015,0,90866380,0,49493305,12400630,152760315,79514605,0,66227095,7018615,152760315
2023-04-05,5030,5050,4960,5010,32682,-0.199203187250996,-2336,-2,3955,-1617,0,15133,0,14686,2863,32682,17469,2,10731,4480,32682,-11473705,-10010,19592305,-8108590,0,75752080,0,73264570,14307460,163324110,87225785,10010,53672265,22416050,163324110
2023-04-06,5060,5060,4940,5000,29416,-0.19960079840319359,-10319,1,12723,-2405,0,6584,1,20912,1919,29416,16903,0,8189,4324,29416,-51106630,4975,63068360,-11966705,0,32631755,4975,103729850,9525930,145892510,83738385,0,40661490,21492635,145892510
2023-04-07,5000,5010,4935,5000,31713,0.0,-5535,-1,9066,-3530,0,14289,0,14170,3254,31713,19824,1,5104,6784,31713,-27112510,-4955,44791870,-17674405,0,71113550,0,70256550,16132980,157503080,98226060,4955,25464680,33807385,157503080
2023-04-10,4995,4995,4935,4950,13725,-1.0,855,-344,2562,-3073,0,5399,2,8080,244,13725,4544,346,5518,3317,13725,4297615,-1706235,12693155,-15284535,0,26794230,9925,40045150,1208110,68057415,22496615,1716160,27351995,16492645,68057415
2023-04-11,4955,4960,4905,4940,40121,-0.20202020202020202,-17515,-5000,21062,1453,0,8114,0,28490,3517,40121,25629,5000,7428,2064,40121,-86064675,-24555000,103527640,7092035,0,40023535,0,140069620,17301220,197394375,126088210,24555000,36541980,10209185,197394375
2023-04-12,4940,4980,4895,4935,36216,-0.10121457489878542,-9552,49,8954,549,0,13537,50,20000,2629,36216,23089,1,11046,2080,36216,-46758685,241100,43868985,2648600,0,66548270,246000,98148990,12919245,177862505,113306955,4900,54280005,10270645,177862505
2023-04-13,4945,4990,4930,4955,81664,0.4052684903748734,-18283,0,14564,3719,0,50505,0,24869,6290,81664,68788,0,10305,2571,81664,-90320745,0,71989900,18330845,0,249691670,0,122913735,31072650,403678055,340012415,0,50923835,12741805,403678055
2023-04-14,4980,5060,4930,5020,44554,1.3118062563067607,-4883,99,-7958,12742,0,14582,100,16342,13530,44554,19465,1,24300,788,44554,-24079080,493530,-39791655,63377205,0,72657380,498500,80960115,67297120,221413115,96736460,4970,120751770,3919915,221413115
2023-04-17,5040,5050,4980,5050,47911,0.5976095617529881,-27021,400,21214,5407,0,12659,400,29068,5784,47911,39680,0,7854,377,47911,-135800620,2005500,106713780,27081340,0,63646445,2005500,146175805,28975460,240803210,199447065,0,39462025,1894120,240803210
2023-04-18,5050,5070,4980,5070,38596,0.39603960396039606,-14777,3076,8547,3154,0,12009,3079,18031,5477,38596,26786,3,9484,2323,38596,-73638710,15340040,42619675,15678995,0,60209605,15355010,90162735,27334475,193061825,133848315,14970,47543060,11655480,193061825
2023-04-19,5070,5070,4955,5000,38308,-1.3806706114398422,-2906,-3200,12992,-6886,0,15244,300,22760,4,38308,18150,3500,9768,6890,38308,-14187810,-15935850,64434235,-34310575,0,75997050,1500000,113196460,19860,190713370,90184860,17435850,48762225,34330435,190713370
2023-04-20,5000,5050,4940,4985,56145,-0.3,-23829,-3500,18768,8561,0,17783,0,26900,11462,56145,41612,3500,8132,2901,56145,-117916365,-17452500,92903985,42464880,0,88486630,0,133374045,56902930,278763605,206402995,17452500,40470060,14438050,278763605
2023-04-21,4995,4995,4940,4960,37034,-0.5015045135406219,2171,0,-1635,-536,0,20824,0,14703,1507,37034,18653,0,16338,2043,37034,10806920,0,-8148440,-2658480,0,103130505,0,72776825,7467795,183375125,92323585,0,80925265,10126275,183375125
2023-04-24,4915,4970,4895,4950,57302,-0.20161290322580644,-32110,2035,29658,417,0,13386,2035,33287,8594,57302,45496,0,3629,8177,57302,-157446040,9986675,145560410,1898955,0,65862540,9986675,163440925,42204610,281494750,223308580,0,17880515,40305655,281494750
2023-04-25,4960,4980,4885,4980,62332,0.6060606060606061,-30545,100,22122,8323,0,12279,100,32088,17865,62332,42824,0,9966,9542,62332,-149673750,490000,108664990,40518760,0,60347625,490000,157620155,87442510,305900290,210021375,0,48955165,46923750,305900290
2023-04-26,4980,4980,4915,4935,16412,-0.9036144578313252,-1169,201,2919,-1951,0,7508,202,8590,112,16412,8677,1,5671,2063,16412,-5756160,996660,14435130,-9675630,0,37176645,1001610,42526830,552625,81257710,42932805,4950,28091700,10228255,81257710
2023-04-27,4940,4970,4910,4960,15571,0.5065856129685917,2580,0,1487,-4067,0,8871,0,5724,976,15571,6291,0,4237,5043,15571,12748205,0,7367790,-20115995,0,43886875,0,28318225,4826740,77031840,31138670,0,20950435,24942735,77031840
2023-04-28,4960,4995,4960,4975,8098,0.3024193548387097,-397,0,1545,-1148,0,1878,1,5987,232,8098,2275,1,4442,1380,8098,-1975400,5,7685390,-5709995,0,9339040,4980,29794325,1154090,40292435,11314440,4975,22108935,6864085,40292435
2023-05-02,5010,5040,4950,5000,14731,0.5025125628140703,2780,1,-2393,-388,0,4962,1,8982,786,14731,2182,0,11375,1174,14731,13850535,4985,-11898690,-1956830,0,24740865,4985,44779215,3927815,73452880,10890330,0,56677905,5884645,73452880
2023-05-03,5010,5010,4985,4995,18483,-0.1,-1360,0,932,428,0,3743,1,13607,1132,18483,5103,1,12675,704,18483,-6814665,0,4679240,2135425,0,18692930,4995,67978795,5654025,92330745,25507595,4995,63299555,3518600,92330745
2023-05-04,4945,5030,4945,5020,26354,0.5005005005005005,-457,4,-4942,5395,0,8559,4,10831,6960,26354,9016,0,15773,1565,26354,-1970800,20040,-25051810,27002570,0,42930740,20040,53977565,34801470,131729815,44901540,0,79029375,7798900,131729815
2023-05-08,5000,5100,4985,5100,24902,1.593625498007968,4714,1,-10598,5883,0,12431,2,5606,6863,24902,7717,1,16204,980,24902,23934030,5030,-53562880,29623820,0,62953920,10090,28216790,34586710,125767510,39019890,5060,81779670,4962890,125767510
2023-05-09,5030,5130,5030,5130,23797,0.5882352941176471,14090,0,-12186,-1904,0,16181,1,6852,763,23797,2091,1,19038,2667,23797,72098810,-20,-62360210,-9738580,0,82782690,5100,35051610,3901570,121740970,10683880,5120,97411820,13640150,121740970
2023-05-10,5150,5190,5050,5140,33629,0.1949317738791423,7793,-1,-4617,-3175,0,19234,0,11120,3275,33629,11441,1,15737,6450,33629,40376120,-5130,-23893790,-16477200,0,98644890,0,56966630,16666510,172278030,58268770,5130,80860420,33143710,172278030
2023-05-11,5140,5180,5070,5180,29077,0.7782101167315175,1905,1197,-486,-2616,0,14244,1197,11795,1841,29077,12339,0,12281,4457,29077,9961790,6154700,-2674630,-13441860,0,73123770,6154700,60389800,9433530,149101800,63161980,0,63064430,22875390,149101800
2023-05-12,5190,5230,5160,5160,40683,-0.3861003861003861,12311,0,-9935,-2376,0,23992,0,10626,6065,40683,11681,0,20561,8441,40683,64149990,0,-51782500,-12367490,0,124863330,0,55202090,31515730,211581150,60713340,0,106984590,43883220,211581150
2023-05-15,5160,5200,5140,5190,23177,0.5813953488372093,10177,0,-5719,-4458,0,18391,0,4281,505,23177,8214,0,10000,4963,23177,52707700,0,-29624860,-23082840,0,95219470,0,22116670,2608420,119944560,42511770,0,51741530,25691260,119944560
2023-05-16,5190,5240,5180,5220,39728,0.5780346820809248,8550,5,-9265,710,0,31191,5,4612,3920,39728,22641,0,13877,3210,39728,44614650,26060,-48345930,3705220,0,162546930,26060,24012370,20434580,207019940,117932280,0,72358300,16729360,207019940
2023-05-17,5220,5240,5170,5180,31947,-0.7662835249042145,2609,-1,-508,-2100,0,17549,0,12614,1784,31947,14940,1,13122,3884,31947,13602580,-5180,-2692820,-10904580,0,91235910,0,65576470,9290010,166102390,77633330,5180,68269290,20194590,166102390
2023-05-18,5200,5230,5170,5200,25855,0.3861003861003861,4774,6,-5692,912,0,16046,6,7840,1963,25855,11272,0,13532,1051,25855,24842220,31040,-29596680,4723420,0,83308370,31040,40691890,10194360,134225660,58466150,0,70288570,5470940,134225660
2023-05-19,5220,5230,5180,5230,31555,0.576923076923077,11372,-2,-12423,1053,0,26770,0,2938,1847,31555,15398,2,15361,794,31555,59431260,-10430,-64893420,5472590,0,139659330,0,15301340,9609280,164569950,80228070,10430,80194760,4136690,164569950
2023-05-22,5210,5240,5200,5240,37157,0.19120458891013384,3910,1000,-5263,353,0,23633,1000,11457,1067,37157,19723,0,16720,714,37157,20464030,5223000,-27517070,1830040,0,123608440,5223000,59867040,5564150,194262630,103144410,0,87384110,3734110,194262630
2023-05-23,5250,5250,5200,5240,25434,0.0,7020,3000,-10820,800,0,18240,3000,3255,939,25434,11220,0,14075,139,25434,36762390,15670000,-56595570,4163180,0,95474110,15670000,17006030,4888760,133038900,58711720,0,73601600,725580,133038900
2023-05-24,5220,5280,5200,5280,42192,0.7633587786259541,17618,2000,-29793,10175,0,25383,2000,4094,10715,42192,7765,0,33887,540,42192,92494200,10540000,-156372280,53338080,0,133156680,10540000,21440160,56151480,221288320,40662480,0,177812440,2813400,221288320
2023-05-25,5280,5300,5260,5300,32580,0.3787878787878788,25014,-1,-29975,4962,0,26556,0,1049,4975,32580,1542,1,31024,13,32580,132236330,-5280,-158429770,26198720,0,140381650,0,5534500,26267330,172183480,8145320,5280,163964270,68610,172183480
2023-05-26,5300,5300,5280,5300,24633,0.0,15348,0,-16668,1320,0,17967,0,5124,1542,24633,2619,0,21792,222,24633,81224390,0,-88207510,6983120,0,95088210,0,27093060,8157180,130338450,13863820,0,115300570,1174060,130338450
2023-05-30,5300,5330,5270,5330,34892,0.5660377358490566,12924,1,-13621,696,0,25253,1,7505,2133,34892,12329,0,21126,1437,34892,68653620,5310,-72396090,3737160,0,134110390,5310,39777970,11327230,185220900,65456770,0,112174060,7590070,185220900
2023-05-31,5310,5390,5310,5390,79870,1.125703564727955,-12743,9000,-11574,15317,0,19763,9000,35666,15441,79870,32506,0,47240,124,79870,-68259820,48160570,-62004770,82104020,0,106251710,48160570,191527640,82771020,428710940,174511530,0,253532410,667000,428710940
2023-06-01,5370,5400,5360,5400,49025,0.1855287569573284,17611,-1,-15802,-1808,0,28079,0,16060,4886,49025,10468,1,31862,6694,49025,94888160,-5400,-85229930,-9652830,0,151345590,0,86611740,26351480,264308810,56457430,5400,171841670,36004310,264308810
2023-06-02,5380,5420,5350,5420,27340,0.3703703703703704,17097,-1099,-6901,-9097,0,21355,3,5982,0,27340,4258,1102,12883,9097,27340,92180980,-5926580,-37255610,-48998790,0,115209560,16180,32217170,0,147442910,23028580,5942760,69472780,48998790,147442910
2023-06-05,5420,5440,5410,5420,42469,0.0,871,6502,-8037,664,0,24755,6502,9325,1887,42469,23884,0,17362,1223,42469,4727050,35326390,-43661630,3608190,0,134146200,35326390,50515510,10229980,230218080,129419150,0,94177140,6621790,230218080
2023-06-07,5420,5440,5410,5440,29205,0.36900369003690037,7852,3,-10106,2251,0,15967,3,10473,2762,29205,8115,0,20579,511,29205,42844000,16310,-55051810,12191500,0,86912600,16310,56818660,14964930,158712500,44068600,0,111870470,2773430,158712500
2023-06-08,5440,5440,5370,5420,44577,-0.3676470588235294,6657,185,-6805,-37,0,28225,187,12819,3346,44577,21568,2,19624,3383,44577,35952700,993350,-36755420,-190630,0,152281800,1004190,69271810,18048030,240605830,116329100,10840,106027230,18238660,240605830
2023-06-09,5420,5440,5380,5440,39332,0.36900369003690037,17788,-2195,-15451,-142,0,26208,1,13114,9,39332,8420,2196,28565,151,39332,96536820,-11940760,-83831520,-764540,0,142094980,5420,70909740,48720,213058860,45558160,11946180,154741260,813260,213058860
2023-06-12,5430,5460,5380,5460,37336,0.3676470588235294,7951,-98,-9158,1305,0,19803,2,14098,3433,37336,11852,100,23256,2128,37336,43288890,-534150,-49837270,7082530,0,107694340,10850,76592690,18618750,202916630,64405450,545000,126429960,11536220,202916630
2023-06-13,5430,5460,5410,5450,32457,-0.18315018315018314,21435,-1,-18288,-3146,0,27760,0,4697,0,32457,6325,1,22985,3146,32457,116712810,-5440,-99590790,-17116580,0,151089680,0,25563290,0,176652970,34376870,5440,125154080,17116580,176652970
2023-06-14,5440,5440,5340,5350,50072,-1.834862385321101,15267,-2408,-7834,-5025,0,26099,1,23811,161,50072,10832,2409,31645,5186,50072,82404150,-13061410,-42160610,-27182130,0,140991050,5400,128486480,866210,270349140,58586900,13066810,170647090,28048340,270349140
2023-06-15,5350,5400,5290,5370,33432,0.3738317757009346,-2442,-7024,14307,-4841,0,10862,0,21292,1278,33432,13304,7024,6985,6119,33432,-12903720,-37767890,76630110,-25958500,0,57931720,0,113988780,6773800,178694300,70835440,37767890,37358670,32732300,178694300
2023-06-16,5390,5390,5300,5380,33410,0.186219739292365,21090,0,-23183,2093,0,25253,0,5250,2907,33410,4163,0,28433,814,33410,113253690,0,-124494990,11241300,0,135616830,0,28155960,15617970,179390760,22363140,0,152650950,4376670,179390760
2023-06-19,5380,5390,5290,5330,53980,-0.929368029739777,23546,1,-11588,-11959,0,41314,1,12165,500,53980,17768,0,23753,12459,53980,126509970,5310,-62535180,-63980100,0,221201200,5310,64779120,2671620,288657250,94691230,0,127314300,66651720,288657250
2023-06-20,5340,5400,5320,5400,21251,1.3133208255159476,12504,2,-11032,-1474,0,16344,2,4195,710,21251,3840,0,15227,2184,21251,67336670,10770,-59401450,-7945990,0,87972360,10770,22533900,3817330,114334360,20635690,0,81935350,11763320,114334360
2023-06-21,5400,5400,5340,5350,19155,-0.9259259259259258,11730,-4009,-2403,-5318,0,14684,1,4466,4,19155,2954,4010,6869,5322,19155,62917160,-21477420,-12903850,-28535890,0,78763250,5360,23938370,21400,102728380,15846090,21482780,36842220,28557290,102728380
2023-06-22,5330,5330,5280,5320,27550,-0.5607476635514018,5357,-6575,1043,175,0,12404,1,12432,2713,27550,7047,6576,11389,2538,27550,28378450,-34816300,5514150,923700,0,65714050,5300,65847720,14378330,145945400,37335600,34821600,60333570,13454630,145945400
2023-06-23,5330,5360,5220,5250,36932,-1.3157894736842104,15673,-8498,-4253,-2922,0,19180,2,16175,1575,36932,3507,8500,20428,4497,36932,82469410,-44742730,-22295160,-15431520,0,100898690,10480,84973250,8255360,194137780,18429280,44753210,107268410,23686880,194137780
2023-06-26,5220,5280,5220,5270,28032,0.38095238095238093,8483,-2,-7805,-676,0,15365,1,11366,1300,28032,6882,3,19171,1976,28032,44562080,-10470,-41022280,-3529330,0,80620910,5240,59468450,6815750,146910350,36058830,15710,100490730,10345080,146910350
2023-06-27,5270,5290,5230,5260,28914,-0.18975332068311196,-4959,0,6468,-1509,0,14583,1,13529,801,28914,19542,1,7061,2310,28914,-25898450,0,33853190,-7954740,0,76656190,5240,70992500,4202210,151856140,102554640,5240,37139310,12156950,151856140
2023-06-28,5290,5370,5270,5320,109889,1.1406844106463878,57453,-2540,-81547,26634,0,76937,0,5934,27018,109889,19484,2540,87481,384,109889,305980100,-13588970,-434740800,142349670,0,409641840,0,31503080,144384040,585528960,103661740,13588970,466243880,2034370,585528960
2023-06-29,5290,5290,5130,5140,60648,-3.3834586466165413,5730,200,10985,-16915,0,25447,201,32807,2193,60648,19717,1,21822,19108,60648,29937030,1029030,56310540,-87276600,0,131701380,1034210,169573990,11478660,313788240,101764350,5180,113263450,98755260,313788240
2023-06-30,5180,5220,5130,5150,24370,0.19455252918287938,4577,0,-1979,-2598,0,14484,0,7321,2565,24370,9907,0,9300,5163,24370,23874110,0,-10396510,-13477600,0,75070770,0,37772880,13200630,126044280,51196660,0,48169390,26678230,126044280
2023-07-03,5120,5180,5120,5170,25329,0.3883495145631068,6698,1,-2825,-3874,0,17954,1,6637,737,25329,11256,0,9462,4611,25329,34612120,5150,-14675230,-19942040,0,92610620,5150,34123660,3799420,130538850,57998500,0,48798890,23741460,130538850
2023-07-04,5170,5190,5130,5190,25725,0.3868471953578337,11500,7,-11629,122,0,15974,9,8345,1397,25725,4474,2,19974,1275,25725,59477860,36170,-60114840,600810,0,82579880,46500,43074470,7191900,132892750,23102020,10330,103189310,6591090,132892750
2023-07-05,5190,5190,5100,5160,19687,-0.5780346820809248,2360,202,-1291,-1271,0,12176,203,6980,328,19687,9816,1,8271,1599,19687,12325900,1031290,-6820130,-6537060,0,62572840,1036450,35703850,1687660,101000800,50246940,5160,42523980,8224720,101000800
2023-07-06,5170,5170,5080,5110,20055,-0.9689922480620154,3312,5,-4020,703,0,10113,5,6830,3107,20055,6801,0,10850,2404,20055,16945390,25510,-20533420,3562520,0,51698330,25510,34870370,15839020,102433230,34752940,0,55403790,12276500,102433230
2023-07-07,5110,5130,5020,5060,30755,-0.9784735812133072,13119,1249,-11163,-3205,0,20322,1251,8679,503,30755,7203,2,19842,3708,30755,66733980,6357390,-56759410,-16331960,0,103317810,6367570,43978210,2554820,156218410,36583830,10180,100737620,18886780,156218410
2023-07-10,5150,5150,4995,5030,34361,-0.592885375494071,3119,0,-4948,1829,0,14258,1,17472,2630,34361,11139,1,22420,801,34361,15694920,10,-24861090,9166160,0,71619760,5040,87659765,13195820,172480385,55924840,5030,112520855,4029660,172480385
2023-07-11,5030,5050,4980,5020,40474,-0.19880715705765406,9588,-5,-9843,260,0,14950,1,23930,1593,40474,5362,6,33773,1333,40474,47955070,-24965,-49235745,1305640,0,74730505,5000,119518745,7964940,202219190,26775435,29965,168754490,6659300,202219190
2023-07-12,5070,5070,4985,4990,43950,-0.5976095617529881,8520,-5000,-4540,1020,0,21301,0,20360,2289,43950,12781,5000,24900,1269,43950,42634135,-24987840,-22742715,5096420,0,106479015,0,101620020,11436575,219535610,63844880,24987840,124362735,6340155,219535610
2023-07-13,5090,5180,5000,5130,43210,2.80561122244489,4408,-2,-5839,1433,0,25403,0,10614,7193,43210,20995,2,16453,5760,43210,23418980,-10060,-30145340,6736420,0,129619740,0,53588220,36289440,219497400,106200760,10060,83733560,29553020,219497400
2023-07-14,5130,5190,5130,5190,21851,1.1695906432748537,7971,-1,-8239,269,0,18414,0,2636,801,21851,10443,1,10875,532,21851,41279510,-5170,-42654970,1380630,0,95215010,0,13635210,4132710,112982930,53935500,5170,56290180,2752080,112982930
2023-07-17,5170,5190,5100,5170,11509,-0.3853564547206166,-2249,-1,1829,421,0,4553,1,6040,915,11509,6802,2,4211,494,11509,-11582410,-5140,9425690,2161860,0,23337380,5120,30999780,4706310,59048590,34919790,10260,21574090,2544450,59048590
2023-07-18,5190,5190,5110,5160,15406,-0.19342359767891684,4064,-1,-4110,47,0,10974,0,3127,1305,15406,6910,1,7237,1258,15406,20921400,-5150,-21141620,225370,0,56426090,0,16067400,6695730,79189220,35504690,5150,37209020,6470360,79189220
2023-07-19,5150,5180,5130,5160,16987,0.0,-9272,12646,-3322,-52,0,2610,12646,1731,0,16987,11882,0,5053,52,16987,-47922270,65378210,-17188090,-267850,0,13458620,65378210,8933520,0,87770350,61380890,0,26121610,267850,87770350
2023-07-20,5160,5190,5130,5180,26659,0.3875968992248062,10115,4768,-14796,-87,0,13369,4768,8361,161,26659,3254,0,23157,248,26659,52408790,24645050,-76601370,-452470,0,69232170,24645050,43167110,827780,137872110,16823380,0,119768480,1280250,137872110
2023-07-21,5170,5190,5110,5190,56777,0.19305019305019305,-5291,13623,-16463,8131,0,19630,13623,12893,10631,56777,24921,0,29356,2500,56777,-26671370,70271710,-85494860,41894520,0,101552280,70271710,66518240,54798560,293140790,128223650,0,152013100,12904040,293140790
2023-07-24,5190,5190,5110,5180,36845,-0.1926782273603083,9141,14761,-24051,149,0,17170,14761,3243,1671,36845,8029,0,27294,1522,36845,47229600,76346180,-124339160,763380,0,88752460,76346180,16666880,8621970,190387490,41522860,0,141006040,7858590,190387490
2023-07-25,5160,5200,5140,5180,23609,0.0,8115,6697,-13919,-893,0,14392,7713,1500,4,23609,6277,1016,15419,897,23609,41975470,34666260,-72024550,-4617180,0,74447780,39918950,7757240,20600,122144570,32472310,5252690,79781790,4637780,122144570
2023-07-26,5130,5190,5110,5190,44278,0.19305019305019305,9593,3,-8500,-1096,0,19075,5,23749,1449,44278,9482,2,32249,2545,44278,49538370,15420,-43873280,-5680510,0,98362160,25710,121502450,7448180,227338500,48823790,10290,165375730,13128690,227338500
2023-07-27,5190,5190,4990,5100,45681,-1.7341040462427744,-8855,3998,5966,-1109,0,28201,4000,12785,695,45681,37056,2,6819,1804,45681,-45330485,20629740,30419795,-5719050,0,143749740,20640010,65475225,3578970,233443945,189080225,10270,35055430,9298020,233443945
2023-07-28,5100,5130,5020,5080,22624,-0.39215686274509803,1381,2,-230,-1153,0,11872,2,10379,371,22624,10491,0,10609,1524,22624,7177170,10090,-1327360,-5859900,0,60060970,10090,52299820,1873100,114243980,52883800,0,53627180,7733000,114243980
2023-07-31,5100,5100,5040,5080,20935,0.0,4062,6839,-13636,2735,0,8108,6840,3051,2936,20935,4046,1,16687,201,20935,20499900,34742130,-69128890,13886860,0,40962950,34747200,15452800,14906950,106069900,20463050,5070,84581690,1020090,106069900
2023-08-01,5080,5130,5050,5100,20509,0.39370078740157477,7667,1566,-11476,2243,0,12447,1566,3634,2862,20509,4780,0,15110,619,20509,39044880,7939660,-58363900,11379360,0,63343720,7939660,18457220,14542800,104283400,24298840,0,76821120,3163440,104283400
2023-08-02,5130,5130,5030,5100,21420,0.0,-2358,-903,2419,842,0,7553,1,11572,2294,21420,9911,904,9153,1452,21420,-11947440,-4601800,12290190,4259050,0,38401290,5090,58809680,11649780,108865840,50348730,4606890,46519490,7390730,108865840
2023-08-03,5120,5120,5050,5090,14918,-0.19607843137254902,2202,-3,-2240,41,0,9997,1,3302,1618,14918,7795,4,5542,1577,14918,11228250,-15240,-11374590,161580,0,50821120,5080,16751240,8174370,75751810,39592870,20320,28125830,8012790,75751810
2023-08-04,5100,5100,5050,5090,17370,0.0,-6768,739,6647,-618,0,6251,741,10111,267,17370,13019,2,3464,885,17370,-34221780,3731950,33635830,-3146000,0,31692440,3742060,51204260,1351020,87989780,65914220,10110,17568430,4497020,87989780
2023-08-07,5100,5100,5030,5090,29620,0.0,-7980,-340,7822,498,0,12074,0,13850,3696,29620,20054,340,6028,3198,29620,-40049690,-1730490,39381770,2398410,0,61023580,0,69793290,18636130,149453000,101073270,1730490,30411520,16237720,149453000
2023-08-08,5150,5150,5030,5070,16997,-0.3929273084479371,-1237,-4,-1046,2287,0,8979,0,4321,3697,16997,10216,4,5367,1410,16997,-6170930,-20290,-5323570,11514790,0,45539880,0,21877500,18687460,86104840,51710810,20290,27201070,7172670,86104840
2023-08-09,5130,5130,4955,5010,139294,-1.183431952662722,-43176,4221,39021,-66,0,63262,4221,58647,13164,139294,106438,0,19626,13230,139294,-215258075,21104980,194665755,-512660,0,315784170,21104980,292849080,65473575,695211805,531042245,0,98183325,65986235,695211805
2023-08-10,5050,5050,4920,5000,57783,-0.19960079840319359,-20336,-1,28186,-7849,0,18949,1,36232,2601,57783,39285,2,8046,10450,57783,-100387115,-4955,139337280,-38945210,0,93800025,4935,179123950,12868725,285797635,194187140,9890,39786670,51813935,285797635
2023-08-11,4945,4975,4900,4950,56806,-1.0,-16588,-3,19999,-3408,0,16381,0,39587,838,56806,32969,3,19588,4246,56806,-81314655,-14840,98135665,-16806170,0,80728080,0,194700505,4123510,279552095,162042735,14840,96564840,20929680,279552095
2023-08-14,4975,4975,4885,4950,34494,0.0,-11260,2,11454,-196,0,13782,2,18450,2260,34494,25042,0,6996,2456,34494,-55099445,9810,56109470,-1019835,0,67657110,9810,90424390,11076965,169168275,122756555,0,34314920,12096800,169168275
2023-08-16,4990,5050,4885,5000,51586,1.0101010101010102,7979,1,-12032,4052,0,35587,1,9476,6522,51586,27608,0,21508,2470,51586,40178750,4960,-60463075,20279365,0,177230455,4960,46933650,32533900,256702965,137051705,0,107396725,12254535,256702965
2023-08-17,5020,5020,4905,4995,35010,-0.1,-2201,-1001,5595,-2393,0,15723,1,14789,4497,35010,17924,1002,9194,6890,35010,-10593090,-4989895,27644390,-12061405,0,78013380,4940,73348760,22203440,173570520,88606470,4994835,45704370,34264845,173570520
2023-08-18,5010,5010,4910,4985,15107,-0.20020020020020018,-3158,593,3903,-1338,0,6803,1050,6373,881,15107,9961,457,2470,2219,15107,-15579935,2908600,19312775,-6641440,0,33732425,5186750,31561945,4352805,74833925,49312360,2278150,12249170,10994245,74833925
2023-08-21,5050,5050,4920,4955,9488,-0.6018054162487462,1835,-62,-1856,83,0,5996,0,3338,154,9488,4161,62,5194,71,9488,9106945,-306930,-9206095,406080,0,29701390,0,16543870,762430,47007690,20594445,306930,25749965,356350,47007690
2023-08-22,5000,5000,4930,4950,16125,-0.10090817356205853,2627,2,-3418,789,0,9026,2,3928,3169,16125,6399,0,7346,2380,16125,13036225,9945,-16904775,3858605,0,44722170,9945,19424745,15709745,79866605,31685945,0,36329520,11851140,79866605
2023-08-23,4950,4975,4900,4950,20787,0.0,-2242,457,4199,-2414,0,4018,458,16294,17,20787,6260,1,12095,2431,20787,-10908490,2243880,20523630,-11859020,0,19816310,2248785,79974625,84150,102123870,30724800,4905,59450995,11943170,102123870
2023-08-24,4985,4985,4900,4950,46409,0.0,6839,0,-15420,8581,0,18336,1,17087,10985,46409,11497,1,32507,2404,46409,33810185,-5,-75845575,42035395,0,90321835,4945,83845135,53897445,228069360,56511650,4950,159690710,11862050,228069360
2023-08-25,4950,4950,4900,4945,16791,-0.10101010101010101,-3996,-502,5358,-860,0,5096,1,10044,1650,16791,9092,503,4686,2510,16791,-19615335,-2482325,26368935,-4271275,0,25121980,4920,49421935,8109000,82657835,44737315,2487245,23053000,12380275,82657835
2023-08-28,4940,5040,4935,5040,28908,1.9211324570273005,-22,2,-1427,1447,0,16553,2,9079,3274,28908,16575,0,10506,1827,28908,51820,9945,-7274270,7212505,0,82709415,9945,45098485,16331730,144149575,82657595,0,52372755,9119225,144149575
2023-08-29,5050,5060,5000,5060,17777,0.3968253968253968,2293,1384,-4620,943,0,9716,1416,5223,1422,17777,7423,32,9843,479,17777,11585100,6961500,-23274630,4728030,0,48937810,7123040,26273800,7141630,89476280,37352710,161540,49548430,2413600,89476280
2023-08-30,5070,5090,5050,5090,18499,0.592885375494071,-2503,1,-132,2634,0,11065,2,4553,2879,18499,13568,1,4685,245,18499,-12631890,5060,-726670,13353500,0,56169430,10130,23082310,14596980,93858850,68801320,5070,23808980,1243480,93858850
2023-08-31,5090,5130,5080,5130,17691,0.7858546168958742,6228,1,-9498,3269,0,10957,1,3310,3423,17691,4729,0,12808,154,17691,31827750,5100,-48507880,16675030,0,55966010,5100,16897740,17460130,90328980,24138260,0,65405620,785100,90328980
2023-09-01,5140,5140,5100,5120,12756,-0.1949317738791423,1566,1,-2844,1277,0,7238,1,3346,2171,12756,5672,0,6190,894,12756,8022390,5120,-14571900,6544390,0,37064030,5120,17118400,11112380,65299930,29041640,0,31690300,4567990,65299930
2023-09-04,5130,5130,5060,5120,7873,0.0,763,4,326,-1093,0,3835,5,3584,449,7873,3072,1,3258,1542,7873,3954220,20420,1593720,-5568360,0,19631160,25500,18256740,2288640,40202040,15676940,5080,16663020,7857000,40202040
2023-09-05,5150,5150,4990,5010,31850,-2.1484375,-6124,1,10872,-4749,0,6240,1,25014,595,31850,12364,0,14142,5344,31850,-30965885,5040,54967705,-24006860,0,31453950,5040,126426275,2989600,160874865,62419835,0,71458570,26996460,160874865
2023-09-06,5040,5070,4980,4995,39072,-0.29940119760479045,-4945,-3,-5033,9981,0,21771,1,5966,11334,39072,26716,4,10999,1353,39072,-24566930,-15100,-25303685,49885715,0,109265515,5000,29849090,56703155,195822760,133832445,20100,55152775,6817440,195822760
2023-09-07,5020,5030,4985,5010,16590,0.3003003003003003,1989,-3,-2375,389,0,11551,1,3993,1045,16590,9562,4,6368,656,16590,10025285,-15000,-11947775,1937490,0,57821880,5010,19952535,5224535,83003960,47796595,20010,31900310,3287045,83003960
2023-09-08,5050,5070,4990,5040,16372,0.5988023952095809,7093,-14,-5647,-1432,0,14188,0,1601,583,16372,7095,14,7248,2015,16372,35657280,-70490,-28376390,-7210400,0,71363745,0,8054670,2925330,82343745,35706465,70490,36431060,10135730,82343745
2023-09-11,5040,5100,5030,5100,31261,1.1904761904761905,11332,-2,-12540,1210,0,22032,0,5785,3444,31261,10700,2,18325,2234,31261,57443600,-10140,-63587110,6153650,0,111590340,0,29220930,17436190,158247460,54146740,10140,92808040,11282540,158247460
2023-09-12,5090,5100,5040,5090,24020,-0.19607843137254902,11582,0,-4271,-7311,0,17092,0,6375,553,24020,5510,0,10646,7864,24020,58826930,0,-21640190,-37186740,0,86797410,0,32411590,2792650,122001650,27970480,0,54051780,39979390,122001650
2023-09-13,5090,5090,5020,5090,15089,0.0,10113,-500,-3076,-6537,0,12870,0,2200,19,15089,2757,500,5276,6556,15089,51380750,-2545000,-15657540,-33178210,0,65361420,0,11137400,95570,76594390,13980670,2545000,26794940,33273780,76594390
2023-09-14,5040,5100,5010,5070,22799,-0.3929273084479371,9489,290,1916,-11695,0,14611,500,6618,1070,22799,5122,210,4702,12765,22799,47958420,1455300,9517390,-58931110,0,73909200,2520000,33336790,5361420,115127410,25950780,1064700,23819400,64292530,115127410
2023-09-15,5070,5080,4950,4960,123190,-2.1696252465483234,17293,240,66416,-83949,0,23225,240,71368,28357,123190,5932,0,4952,112306,123190,86313700,1201950,330475435,-417991085,0,115930510,1201950,355244010,140755430,613131900,29616810,0,24768575,558746515,613131900
2023-09-18,4955,4985,4920,4920,47290,-0.8064516129032258,17015,1,22950,-39966,0,20141,1,24034,3114,47290,3126,0,1084,43080,47290,84275920,4955,113487490,-197768365,0,99788955,4955,118872990,15393895,234060795,15513035,0,5385500,213162260,234060795
2023-09-19,4975,5000,4920,4985,18568,1.321138211382114,3891,0,-2597,-1294,0,13468,0,4842,258,18568,9577,0,7439,1552,18568,19385090,0,-12939030,-6446060,0,67084010,0,24115615,1284935,92484560,47698920,0,37054645,7730995,92484560
2023-09-20,5000,5010,4965,5000,17125,0.3009027081243731,6985,0,-5809,-1176,0,13977,0,2825,323,17125,6992,0,8634,1499,17125,34916080,0,-29037370,-5878710,0,69925375,0,14125845,1615250,85666470,35009295,0,43163215,7493960,85666470
2023-09-21,5010,5020,4970,5000,23003,0.0,10545,0,-8327,-2218,0,18543,0,4292,168,23003,7998,0,12619,2386,23003,52635700,0,-41567985,-11067715,0,92521085,0,21408465,837580,114767130,39885385,0,62976450,11905295,114767130
2023-09-22,5050,5050,4950,5000,9533,0.0,3471,4,-2068,-1407,0,6747,4,2597,185,9533,3276,0,4665,1592,9533,17343595,19955,-10338145,-7025405,0,33714615,19955,12974800,924645,47634015,16371020,0,23312945,7950050,47634015
2023-09-25,5030,5040,4960,5000,8990,0.0,5732,-1,-3195,-2536,0,7234,0,1693,63,8990,1502,1,4888,2599,8990,28622880,-4990,-15958495,-12659395,0,36101050,0,8438310,313750,44853110,7478170,4990,24396805,12973145,44853110
2023-09-26,5040,5040,4970,5000,9721,0.0,3209,0,-568,-2641,0,6161,20,3486,54,9721,2952,20,4054,2695,9721,15994820,-800,-2845555,-13148465,0,30694895,100000,17359385,269165,48423445,14700075,100800,20204940,13417630,48423445
2023-09-27,5000,5100,4975,5000,65607,0.0,5491,0,-4159,-1332,0,31808,0,24851,8948,65607,26317,0,29010,10280,65607,28228920,0,-21332605,-6896315,0,160538275,0,125083075,44919840,330541190,132309355,0,146415680,51816155,330541190
2023-10-04,5020,5020,4980,5000,22236,0.0,-1781,0,2878,-1097,0,12791,0,6972,2473,22236,14572,0,4094,3570,22236,-8874775,0,14343035,-5468260,0,63770800,0,34775850,12332710,110879360,72645575,0,20432815,17800970,110879360
2023-10-05,5010,5050,4980,5020,18231,0.4,7088,2,-5137,-1953,0,11845,2,6149,235,18231,4757,0,11286,2188,18231,35485980,9990,-25726250,-9769720,0,59297225,9990,30765235,1175750,91248200,23811245,0,56491485,10945470,91248200
2023-10-06,5020,5070,4980,5050,11271,0.5976095617529881,7805,-180,-4763,-2862,0,8879,20,1758,614,11271,1074,200,6521,3476,11271,39231440,-909600,-23901570,-14420270,0,44625545,100400,8812400,3067120,56605465,5394105,1010000,32713970,17487390,56605465
2023-10-10,5070,5070,4995,5050,15140,0.0,6340,-301,-4387,-1652,0,9179,0,5913,48,15140,2839,301,10300,1700,15140,31955660,-1520040,-22115010,-8320610,0,46246280,0,29776715,241440,76264435,14290620,1520040,51891725,8562050,76264435
2023-10-11,5070,5080,5000,5050,26150,0.0,8691,-3200,5589,-11080,0,12795,0,13164,191,26150,4104,3200,7575,11271,26150,43856010,-16146000,27933890,-55643900,0,64548740,0,66207240,961860,131717840,20692730,16146000,38273350,56605760,131717840
2023-10-12,5060,5070,5000,5040,15802,-0.19801980198019803,-278,-567,1896,-1051,0,11851,0,3538,413,15802,12129,567,1642,1464,15802,-1389540,-2857680,9537640,-5290420,0,59624850,0,17802850,2070190,79497890,61014390,2857680,8265210,7360610,79497890
2023-10-13,5050,5070,4995,5040,15827,0.0,-3496,-418,3097,817,0,7114,507,7388,818,15827,10610,925,4291,1,15827,-17411085,-2126480,15452295,4085270,0,35789050,2535180,37000135,4090300,79414665,53200135,4661660,21547840,5030,79414665
2023-10-16,5070,5070,4965,4995,32207,-0.8928571428571428,-7054,-341,10325,-2930,0,13668,0,16688,1851,32207,20722,341,6363,4781,32207,-35150370,-1703655,51482665,-14628640,0,68261850,0,83285825,9234410,160782085,103412220,1703655,31803160,23863050,160782085
2023-10-17,4995,5000,4985,4995,17889,0.0,-2115,-2500,5373,-758,0,8117,0,8917,855,17889,10232,2500,3544,1613,17889,-10531155,-12487500,26802420,-3783765,0,40531125,0,44499260,4266505,89296890,51062280,12487500,17696840,8050270,89296890
2023-10-18,5070,5070,4990,5030,13162,0.7007007007007007,2953,0,-1476,-1477,0,7664,0,5248,250,13162,4711,0,6724,1727,13162,14833810,0,-7418940,-7414870,0,38411575,0,26276310,1250250,65938135,23577765,0,33695250,8665120,65938135
2023-10-19,5030,5030,4985,5000,20113,-0.5964214711729622,3282,-800,-2685,203,0,11512,0,8227,374,20113,8230,800,10912,171,20113,16471365,-4011000,-13474275,1013910,0,57665595,0,41206945,1868990,100741530,41194230,4011000,54681220,855080,100741530
2023-10-20,5000,5020,4970,4975,28172,-0.5,-8385,-507,9749,-857,0,11275,0,16309,588,28172,19660,507,6560,1445,28172,-41763395,-2527325,48561990,-4271270,0,56215730,0,81260330,2933140,140409200,97979125,2527325,32698340,7204410,140409200
2023-10-23,5010,5010,4895,4910,51950,-1.306532663316583,-12608,499,7380,4729,0,19685,500,24628,7137,51950,32293,1,17248,2408,51950,-61868420,2445070,36277070,23146280,0,97611055,2450000,121691225,35093835,256846115,159479475,4930,85414155,11947555,256846115
2023-10-24,4965,4965,4900,4905,15580,-0.10183299389002036,-3841,1,4155,-315,0,7743,1,7452,384,15580,11584,0,3297,699,15580,-18853120,4915,20401420,-1553215,0,38088815,4915,36626845,1887085,76607660,56941935,0,16225425,3440300,76607660
2023-10-25,4950,4970,4920,4920,13836,0.3058103975535168,331,-8,-622,299,0,6548,0,5668,1620,13836,6217,8,6290,1321,13836,1653390,-39610,-3077805,1464025,0,32368330,0,27987615,7992720,68348665,30714940,39610,31065420,6528695,68348665
2023-10-26,4920,4955,4895,4900,20466,-0.40650406504065045,1664,0,-98,-1566,0,9978,0,9105,1383,20466,8314,0,9203,2949,20466,8239600,0,-512130,-7727470,0,49041520,0,44675410,6791410,100508340,40801920,0,45187540,14518880,100508340
2023-10-27,5000,5000,4905,4910,17225,0.20408163265306123,-2761,100,2583,78,0,12275,100,4452,398,17225,15036,0,1869,320,17225,-13507225,492000,12641595,373630,0,60424065,492000,21865540,1956190,84737795,73931290,0,9223945,1582560,84737795
2023-10-30,4910,4935,4900,4930,9738,0.40733197556008144,2143,0,-1874,-269,0,6007,0,3731,0,9738,3864,0,5605,269,9738,10550255,0,-9226330,-1323925,0,29531455,0,18306965,0,47838420,18981200,0,27533295,1323925,47838420
2023-10-31,4995,4995,4910,4925,15585,-0.10141987829614604,6297,0,-5551,-746,0,8777,0,6676,132,15585,2480,0,12227,878,15585,31051465,0,-27366410,-3685055,0,43263440,0,32918030,648935,76830405,12211975,0,60284440,4333990,76830405
2023-11-01,4925,4945,4900,4930,26177,0.10152284263959391,2711,0,6294,-9005,0,12106,0,13506,565,26177,9395,0,7212,9570,26177,13378200,0,30865410,-44243610,0,59547595,0,66364055,2771685,128683335,46169395,0,35498645,47015295,128683335
2023-11-02,4930,5000,4905,4910,41440,-0.4056795131845842,6905,-21287,15252,-870,0,15799,0,16058,9583,41440,8894,21287,806,10453,41440,33956995,-104564990,74900120,-4292125,0,77666855,0,78872010,47059870,203598735,43709860,104564990,3971890,51351995,203598735
2023-11-03,4960,4960,4910,4910,25942,0.0,6487,-15414,4162,4765,0,13007,0,7574,5361,25942,6520,15414,3412,596,25942,32095130,-76077350,20507170,23475050,0,64202290,0,37368605,26425565,127996460,32107160,76077350,16861435,2950515,127996460
2023-11-06,4915,5010,4900,4905,79143,-0.10183299389002036,15647,-27529,18537,-6655,0,36017,500,40645,1981,79143,20370,28029,22108,8636,79143,76941305,-135167690,90939105,-32712720,0,176965255,2452500,199583300,9730220,388731275,100023950,137620190,108644195,42442940,388731275
2023-11-07,4945,4950,4895,4910,24018,0.10193679918450561,14639,-6788,-6352,-1499,0,17554,0,6460,4,24018,2915,6788,12812,1503,24018,71866670,-33329080,-31185760,-7351830,0,86158755,0,31693500,19640,117871895,14292085,33329080,62879260,7371470,117871895
2023-11-08,4935,4935,4895,4895,14186,-0.30549898167006106,3421,500,-5273,1352,0,4284,500,7758,1644,14186,863,0,13031,292,14186,16788545,2447500,-25872120,6636075,0,21037100,2447500,37991765,8073290,69549655,4248555,0,63863885,1437215,69549655
2023-11-09,4955,4960,4895,4960,45506,1.3278855975485189,7073,-9832,-12795,15554,0,15748,0,13808,15950,45506,8675,9832,26603,396,45506,34579940,-48191960,-62681150,76293170,0,77401205,0,67874235,78247900,223523340,42821265,48191960,130555385,1954730,223523340
2023-11-10,4975,4990,4955,4990,13680,0.6048387096774194,2578,-1,-3400,823,0,6156,0,6083,1441,13680,3578,1,9483,618,13680,12835210,-4975,-16920040,4089805,0,30643310,0,30222905,7164200,68030415,17808100,4975,47142945,3074395,68030415
2023-11-13,4995,5010,4985,5010,11879,0.4008016032064128,5581,-1,-7663,2083,0,8776,0,529,2574,11879,3195,1,8192,491,11879,27897735,-5000,-38300825,10408090,0,43886985,0,2645945,12861500,59394430,15989250,5000,40946770,2453410,59394430
2023-11-14,4985,5020,4960,4985,22373,-0.499001996007984,10440,0,1931,-12371,0,10580,0,9505,2288,22373,140,0,7574,14659,22373,52149910,0,9718680,-61868590,0,52849240,0,47464750,11432100,111746090,699330,0,37746070,73300690,111746090
2023-11-15,4985,5060,4985,5010,33473,0.5015045135406219,3614,-3100,-948,434,0,14228,0,17106,2139,33473,10614,3100,18054,1705,33473,18191425,-15507780,-4803240,2119595,0,71287880,0,85634900,10691390,167614170,53096455,15507780,90438140,8571795,167614170
2023-11-16,5010,5020,4990,5020,14979,0.19960079840319359,-866,-3000,3591,275,0,6845,0,7847,287,14979,7711,3000,4256,12,14979,-4276185,-15052790,17951185,1377790,0,34294645,0,39259285,1437870,74991800,38570830,15052790,21308100,60080,74991800
2023-11-17,5020,5060,4990,5060,31700,0.796812749003984,-6951,0,4719,2232,0,12810,0,16379,2511,31700,19761,0,11660,279,31700,-34864465,0,23638035,11226430,0,64515390,0,82326685,12627560,159469635,99379855,0,58688650,1401130,159469635
2023-11-20,5060,5080,5000,5070,29707,0.1976284584980237,-9023,-158,7136,2045,0,11762,500,14503,2942,29707,20785,658,7367,897,29707,-45450490,-821060,36009500,10262050,0,59297470,2515000,73095930,14808730,149717130,104747960,3336060,37086430,4546680,149717130
2023-11-21,5000,5100,5000,5070,29127,0.0,4491,-342,-11307,7158,0,15524,0,6358,7245,29127,11033,342,17665,87,29127,22929620,-1736520,-57256490,36063390,0,78840430,0,31964130,36502540,147307100,55910810,1736520,89220620,439150,147307100
2023-11-22,5050,5080,5020,5080,11168,0.19723865877712032,-1015,100,1166,-251,0,6636,200,3252,1080,11168,7651,100,2086,1331,11168,-5068820,500000,5842440,-1273620,0,33516430,1008000,16398410,5439060,56361900,38585250,508000,10555970,6712680,56361900
2023-11-23,5080,5100,5050,5090,15989,0.19685039370078738,-5198,-200,3996,1402,0,8956,0,5128,1905,15989,14154,200,1132,503,15989,-26320900,-1018000,20240490,7098410,0,45488100,0,25999810,9651700,81139610,71809000,1018000,5759320,2553290,81139610
2023-11-24,5100,5110,5030,5100,22889,0.19646365422396855,-8325,300,4804,3221,0,10922,300,7370,4297,22889,19247,0,2566,1076,22889,-42066850,1512000,24267770,16287080,0,55288960,1512000,37261530,21735010,115797500,97355810,0,12993760,5447930,115797500
2023-11-27,5100,5100,5020,5090,27956,-0.19607843137254902,-2078,199,269,1610,0,16934,199,7552,3271,27956,19012,0,7283,1661,27956,-10333510,1004950,1257660,8070900,0,85706110,1004950,38136400,16492560,141340020,96039620,0,36878740,8421660,141340020
2023-11-28,5090,5090,5030,5070,15972,-0.3929273084479371,-3379,0,2773,606,0,8901,0,4554,2517,15972,12280,0,1781,1911,15972,-17016640,0,13976040,3040600,0,45009670,0,22973760,12701050,80684480,62026310,0,8997720,9660450,80684480
2023-11-29,5090,5090,5050,5080,14422,0.19723865877712032,4676,0,747,-5423,0,12492,0,1930,0,14422,7816,0,1183,5423,14422,23682980,0,3769570,-27452550,0,63259090,0,9757000,0,73016090,39576110,0,5987430,27452550,73016090
2023-11-30,5080,5080,5030,5050,9739,-0.5905511811023622,631,0,544,-1175,0,7890,0,1849,0,9739,7259,0,1305,1175,9739,3191770,0,2744640,-5936410,0,39910090,0,9347890,0,49257980,36718320,0,6603250,5936410,49257980
2023-12-01,5050,5080,5030,5070,15081,0.39603960396039606,-1865,230,1959,-324,0,8719,230,4937,1195,15081,10584,0,2978,1519,15081,-9370320,1158800,9853940,-1642420,0,44025210,1158800,24893860,6022830,76100700,53395530,0,15039920,7665250,76100700
2023-12-04,5100,5100,5040,5090,17888,0.39447731755424065,1044,-300,-1438,694,0,13306,200,2763,1619,17888,12262,500,4201,925,17888,5328640,-1533000,-7303420,3507780,0,67451710,1012000,14004000,8192310,90660020,62123070,2545000,21307420,4684530,90660020
2023-12-05,5090,5100,5060,5080,21228,-0.19646365422396855,-1144,0,1528,-384,0,15015,0,5893,320,21228,16159,0,4365,704,21228,-5817850,0,7772680,-1954830,0,76384910,0,29966690,1625660,107977260,82202760,0,22194010,3580490,107977260
2023-12-06,5080,5090,5050,5060,29894,-0.39370078740157477,2539,-2000,-1126,587,0,17157,0,9565,3172,29894,14618,2000,10691,2585,29894,12885170,-10140000,-5735410,2990240,0,87069490,0,48460470,16101010,151630970,74184320,10140000,54195880,13110770,151630970
2023-12-07,5100,5100,5000,5080,41319,0.3952569169960474,6604,-1580,-3888,-1136,0,30405,420,8552,1942,41319,23801,2000,12440,3078,41319,33394210,-8001340,-19689810,-5703060,0,153721290,2121000,43072740,9806350,208721380,120327080,10122340,62762550,15509410,208721380
2023-12-08,5080,5090,5020,5060,32335,-0.39370078740157477,7500,-2600,-670,-4230,0,25123,0,5958,1254,32335,17623,2600,6628,5484,32335,37946440,-13105380,-3458340,-21382720,0,126921350,0,30056810,6313650,163291810,88974910,13105380,33515150,27696370,163291810
2023-12-11,5080,5080,5050,5080,20324,0.3952569169960474,13350,-1508,-8237,-3605,0,16910,466,2456,492,20324,3560,1974,10693,4097,20324,67621550,-7669920,-41696510,-18255120,0,85675990,2358000,12423020,2494270,102951280,18054440,10027920,54119530,20749390,102951280
2023-12-12,5080,5080,5050,5050,24887,-0.5905511811023622,17178,-2468,-11307,-3403,0,17641,0,5324,1922,24887,463,2468,16631,5325,24887,87072450,-12537380,-57298880,-17236190,0,89410710,0,26943020,9743660,126097390,2338260,12537380,84241900,26979850,126097390
2023-12-13,5070,5080,5040,5050,16455,0.0,6592,3,-5977,-618,0,12506,3,3836,110,16455,5914,0,9813,728,16455,33301700,15160,-30197330,-3119530,0,63197100,15160,19367630,556060,83135950,29895400,0,49564960,3675590,83135950
2023-12-14,5070,5120,5050,5100,75554,0.9900990099009901,18893,-17961,-10909,9977,0,51095,3398,10327,10734,75554,32202,21359,21236,757,75554,95960110,-91022160,-55652420,50714470,0,259496840,17234570,52286770,54558530,383576710,163536730,108256730,107939190,3844060,383576710
2023-12-15,5120,5120,5020,5040,81415,-1.1764705882352942,-5166,1172,21351,-17357,0,46851,4172,30392,0,81415,52017,3000,9041,17357,81415,-25818220,5733440,107913250,-87828470,0,237170350,20993440,153794110,0,411957900,262988570,15260000,45880860,87828470,411957900
2023-12-18,5070,5080,4955,4980,83833,-1.1904761904761905,-14918,-11000,32136,-6218,0,38882,0,43101,1850,83833,53800,11000,10965,8068,83833,-74335495,-55139210,160538785,-31064080,0,194840600,0,215347975,9264980,419453555,269176095,55139210,54809190,40329060,419453555
2023-12-19,5040,5040,4960,4990,66307,0.2008032128514056,-22072,0,23796,-1724,0,31717,0,33257,1333,66307,53789,0,9461,3057,66307,-109844100,0,118448130,-8604030,0,157966645,0,165579350,6646650,330192645,267810745,0,47131220,15250680,330192645
2023-12-20,5030,5030,4895,4965,125569,-0.501002004008016,-49289,2002,64950,-17663,0,37448,2002,80231,5888,125569,86737,0,15281,23551,125569,-242626460,9859950,320453155,-87686645,0,185516660,9859950,396179455,28978225,620534290,428143120,0,75726300,116664870,620534290
2023-12-21,4965,5000,4935,5000,32497,0.7049345417925479,7229,0,-4877,-2352,0,22038,1,10316,142,32497,14809,1,15193,2494,32497,36049280,0,-24347025,-11702255,0,109803675,4975,51344595,708080,161861325,73754395,4975,75691620,12410335,161861325
2023-12-22,4995,5000,4975,5000,21658,0.0,503,3,562,-1068,0,10591,5,9926,1136,21658,10088,2,9364,2204,21658,2551785,14965,2765355,-5332105,0,52863255,24945,49505180,5663855,108057235,50311470,9980,46739825,10995960,108057235
2023-12-26,5000,5010,4965,4995,98415,-0.1,10408,1,-17638,7229,0,37958,2,50839,9616,98415,27550,1,68477,2387,98415,51918175,5005,-88052795,36129615,0,189524715,9995,253821785,48052425,491408920,137606540,4990,341874580,11922810,491408920
2023-12-27,4825,4895,4825,4855,86050,-2.8028028028028027,-11136,-2,24204,-13066,0,27116,0,53266,5668,86050,38252,2,29062,18734,86050,-54043500,-9715,117460155,-63406940,0,131706390,0,258532725,27534850,417773965,185749890,9715,141072570,90941790,417773965
2023-12-28,4875,4875,4810,4855,42678,0.0,8103,-2,5496,-13597,0,16985,0,24386,1307,42678,8882,2,18890,14904,42678,39259030,-9710,26632465,-65881785,0,82370485,0,118300775,6295535,206966795,43111455,9710,91668310,72177320,206966795
2024-01-02,4855,4945,4840,4925,50314,1.4418125643666324,5753,7,-486,-5274,0,27954,7,19926,2427,50314,22201,0,20412,7701,50314,28118210,34225,-2430595,-25721840,0,136610635,34225,97297650,11851520,245794030,108492425,0,99728245,37573360,245794030
2024-01-03,4925,4935,4895,4930,43791,0.10152284263959391,12462,-1,-9559,-2902,0,30526,3,10468,2794,43791,18064,4,20027,5696,43791,61334160,-4915,-47054510,-14274735,0,150133590,14755,51445555,13749710,215343610,88799430,19670,98500065,28024445,215343610
2024-01-04,4930,4945,4915,4935,38909,0.10141987829614604,5720,4,-5253,-471,0,22393,7,16506,3,38909,16673,3,21759,474,38909,28235595,19685,-25935895,-2319385,0,110452015,34450,81449690,14785,191950940,82216420,14765,107385585,2334170,191950940
2024-01-05,4890,4940,4885,4900,38331,-0.7092198581560284,7195,0,-6945,-250,0,16921,2,21199,209,38331,9726,2,28144,459,38331,35264550,10,-34033335,-1231225,0,82873695,9800,103747595,1021700,187652790,47609145,9790,137780930,2252925,187652790
2024-01-08,4905,4910,4885,4900,33495,0.0,-4898,0,3606,1292,0,7872,0,24139,1484,33495,12770,0,20533,192,33495,-23888975,0,17560570,6328405,0,38571495,0,118159700,7269650,164000845,62460470,0,100599130,941245,164000845
2024-01-09,4905,4910,4870,4900,34806,0.0,-7310,2,11418,-4110,0,16411,2,17983,410,34806,23721,0,6565,4520,34806,-35691645,9775,55763000,-20081130,0,80245430,9775,87866085,2000800,170122090,115937075,0,32103085,22081930,170122090
2024-01-10,4880,4890,4870,4890,25389,-0.20408163265306123,-2428,-1,2203,226,0,14433,2,10720,234,25389,16861,3,8517,8,25389,-11819785,-4875,10722920,1101740,0,70445040,9765,52286950,1140750,123882505,82264825,14640,41564030,39010,123882505
2024-01-11,4890,4890,4855,4865,34535,-0.5112474437627812,-12828,4,14774,-1950,0,16244,6,18259,26,34535,29072,2,3485,1976,34535,-62558855,19505,72050085,-9510735,0,79149725,29275,89013025,127080,168319105,141708580,9770,16962940,9637815,168319105
2024-01-12,4860,4895,4835,4860,39745,-0.10277492291880781,-4766,3,8340,-3577,0,22426,3,17316,0,39745,27192,0,8976,3577,39745,-23012110,14605,40380090,-17382585,0,108837825,14605,83949325,0,192801755,131849935,0,43569235,17382585,192801755
2024-01-15,4840,4935,4840,4865,20674,0.102880658436214,4562,-1,-2546,-2015,0,15016,0,5365,293,20674,10454,1,7911,2308,20674,22166630,-4855,-12366710,-9795065,0,72952415,0,26055435,1423590,100431440,50785785,4855,38422145,11218655,100431440
2024-01-16,4840,4895,4840,4880,23382,0.3083247687564234,-4643,0,5099,-456,0,10486,0,12833,63,23382,15129,0,7734,519,23382,-22407565,0,24620130,-2212565,0,50950460,0,62473020,305200,113728680,73358025,0,37852890,2517765,113728680
2024-01-17,4880,4880,4835,4840,27166,-0.819672131147541,1950,-778,-856,-316,0,15511,230,11149,276,27166,13561,1008,12005,592,27166,9498995,-3786955,-4169165,-1542875,0,75298245,1116575,54009895,1335090,131759805,65799250,4903530,58179060,2877965,131759805
2024-01-18,4885,4885,4820,4835,22529,-0.10330578512396695,1060,-450,1901,-2511,0,13361,0,9146,22,22529,12301,450,7245,2533,22529,5144035,-2175750,9157440,-12125725,0,64563330,0,44177815,106260,108847405,59419295,2175750,35020375,12231985,108847405
2024-01-19,4820,4880,4820,4840,38269,0.1034126163391934,-1138,-4942,4907,1173,0,22512,600,11634,3523,38269,23650,5542,6727,2350,38269,-5407435,-23886505,23621050,5672890,0,108826525,2898000,56160695,17044715,184929935,114233960,26784505,32539645,11371825,184929935
2024-01-22,4820,4830,4800,4810,36862,-0.6198347107438017,10015,-711,-8029,-1275,0,25866,1,10995,0,36862,15851,712,19024,1275,36862,48199785,-3427025,-38633925,-6138835,0,124451065,4815,52876630,0,177332510,76251280,3431840,91510555,6138835,177332510
2024-01-23,4810,4840,4780,4790,30357,-0.4158004158004158,-9331,-10,12914,-3573,0,11711,0,18595,51,30357,21042,10,5681,3624,30357,-44757300,-48040,61952030,-17146690,0,56235900,0,89186970,244490,145667360,100993200,48040,27234940,17391180,145667360
2024-01-24,4845,4845,4795,4830,31274,0.8350730688935281,6452,-2301,-4550,399,0,20477,0,10349,448,31274,14025,2301,14899,49,31274,31134830,-11098735,-21951665,1915570,0,98724595,0,49744080,2151750,150620425,67589765,11098735,71695745,236180,150620425
2024-01-25,4830,4830,4810,4820,16239,-0.2070393374741201,-593,0,120,473,0,10049,0,5702,488,16239,10642,0,5582,15,16239,-2858415,0,581145,2277270,0,48432210,0,27480950,2349720,78262880,51290625,0,26899805,72450,78262880
2024-01-26,4805,4870,4805,4845,29700,0.5186721991701244,4582,0,-3804,-778,0,20946,0,8744,10,29700,16364,0,12548,788,29700,22246785,0,-18466445,-3780340,0,101289280,0,42174715,48200,143512195,79042495,0,60641160,3828540,143512195
2024-01-29,4850,4880,4805,4850,40961,0.10319917440660474,-5788,0,3257,2531,0,25744,0,12596,2621,40961,31532,0,9339,90,40961,-27707580,0,15515005,12192575,0,124345330,0,60720835,12630935,197697100,152052910,0,45205830,438360,197697100
2024-01-30,4850,4880,4820,4880,47205,0.6185567010309279,21869,0,-20574,-1295,0,42593,0,3115,1497,47205,20724,0,23689,2792,47205,106478935,0,-100167565,-6311370,0,207078560,0,15136130,7251355,229466045,100599625,0,115303695,13562725,229466045
2024-01-31,4870,4875,4800,4875,17747,-0.10245901639344263,-3725,0,2807,918,0,10029,0,6354,1364,17747,13754,0,3547,446,17747,-18050965,0,13609895,4441070,0,48705285,0,30816970,6610365,86132620,66756250,0,17207075,2169295,86132620
2024-02-01,4850,4880,4845,4875,39029,0.0,12876,0,-14380,1504,0,29557,0,7090,2382,39029,16681,0,21470,878,39029,62790875,0,-70101990,7311115,0,143935025,0,34494510,11586380,190015915,81144150,0,104596500,4275265,190015915
2024-02-02,4885,4940,4820,4905,58982,0.6153846153846154,1958,0,-6391,4433,0,35070,0,14098,9814,58982,33112,0,20489,5381,58982,9589585,0,-31271605,21682020,0,170978185,0,68822080,47978070,287778335,161388600,0,100093685,26296050,287778335
2024-02-05,4930,4930,4855,4895,42674,-0.20387359836901123,234,2303,-9033,6496,0,19111,2303,13820,7440,42674,18877,0,22853,944,42674,1138420,11210605,-44016230,31667205,0,93194415,11210605,67415625,36275425,208096070,92055995,0,111431855,4608220,208096070
2024-02-06,4905,4910,4855,4885,37493,-0.20429009193054137,1590,50,-710,-930,0,25178,50,10458,1807,37493,23588,0,11168,2737,37493,7825360,244250,-3506530,-4563080,0,123068435,244250,51134310,8825305,183272300,115243075,0,54640840,13388385,183272300
2024-02-07,4905,4910,4620,4865,54298,-0.4094165813715456,-4223,1729,-978,3472,0,33692,1730,13914,4962,54298,37915,1,14892,1490,54298,-20541085,8421710,-4837725,16957100,0,164396315,8426600,67709960,24230875,264763750,184937400,4890,72547685,7273775,264763750
2024-02-08,4890,4895,4845,4850,37632,-0.3083247687564234,2358,1664,7737,-11759,0,20214,1665,9462,6291,37632,17856,1,1725,18050,37632,11482235,8067035,37584065,-57133335,0,98416190,8071925,45975430,30574235,183037780,86933955,4890,8391365,87707570,183037780
2024-02-13,4895,4895,4845,4895,36348,0.9278350515463918,-8531,0,5097,3434,0,17315,0,13199,5834,36348,25846,0,8102,2400,36348,-41431355,0,24738595,16692760,0,84196430,0,64097395,28355185,176649010,125627785,0,39358800,11662425,176649010
2024-02-14,4890,4890,4850,4875,17962,-0.40858018386108275,-4414,0,3913,501,0,7678,0,9493,791,17962,12092,0,5580,290,17962,-21474870,0,19036920,2437950,0,37436535,0,46231505,3851675,87519715,58911405,0,27194585,1413725,87519715
2024-02-15,4900,4915,4855,4875,45580,0.0,-3921,-1999,2111,3809,0,22478,1,14989,8112,45580,26399,2000,12878,4303,45580,-19089385,-9775115,10328005,18536495,0,110041845,4885,73365420,39642430,223054580,129131230,9780000,63037415,21105935,223054580
2024-02-16,4900,4900,4850,4860,38989,-0.3076923076923077,-7941,-1,3106,4836,0,16704,0,15539,6746,38989,24645,1,12433,1910,38989,-38586220,-4860,15098180,23492900,0,81362985,0,75649240,32816290,189828515,119949205,4860,60551060,9323390,189828515
2024-02-19,4860,4880,4830,4845,30719,-0.30864197530864196,-4320,383,3895,42,0,12704,383,15268,2364,30719,17024,0,11373,2322,30719,-20887995,1854885,18854690,178420,0,61655080,1854885,74023370,11461565,148994900,82543075,0,55168680,11283145,148994900
2024-02-20,4860,4860,4815,4850,47425,0.10319917440660474,-19334,1000,20721,-2387,0,14463,1000,31746,216,47425,33797,0,11025,2603,47425,-93313185,4825000,100011585,-11523400,0,69837640,4825000,153208150,1042540,228913330,163150825,0,53196565,12565940,228913330
2024-02-21,4855,4855,4830,4835,15195,-0.30927835051546393,2919,50,-6130,3161,0,4745,50,7093,3307,15195,1826,0,13223,146,15195,14118465,241500,-29646690,15286725,0,22952085,241500,34297955,15993230,73484770,8833620,0,63944645,706505,73484770
2024-02-22,4835,4850,4830,4840,15118,0.1034126163391934,-4812,1,3675,1136,0,6681,1,6737,1699,15118,11493,0,3062,563,15118,-23244290,4835,17750660,5488795,0,32331865,4835,32567205,8216090,73119995,55576155,0,14816545,2727295,73119995
2024-02-23,4865,4870,4825,4840,35036,0.0,-12530,-1,5790,6741,0,12251,0,13673,9112,35036,24781,1,7883,2371,35036,-60592925,-4835,28057890,32539870,0,59334275,0,66264285,44065155,169663715,119927200,4835,38206395,11525285,169663715
2024-02-26,4890,4900,4830,4860,23453,0.4132231404958678,-195,1,2594,-2400,0,12522,1,9530,1400,23453,12717,0,6936,3800,23453,-803545,4840,12454720,-11656015,0,60746425,4840,46098790,6780685,113630740,61549970,0,33644070,18436700,113630740
2024-02-27,4865,4890,4830,4880,28161,0.411522633744856,3623,4163,-7573,-213,0,15442,4664,6038,2017,28161,11819,501,13611,2230,28161,17654265,20260115,-36870905,-1043475,0,75049995,22705000,29285500,9805960,136846455,57395730,2444885,66156405,10849435,136846455
2024-02-28,4870,4890,4865,4885,32854,0.10245901639344263,16288,0,-11435,-4853,0,18028,0,13463,1363,32854,1740,0,24898,6216,32854,79449950,0,-55789805,-23660145,0,87932925,0,65620050,6642735,160195710,8482975,0,121409855,30302880,160195710
2024-02-29,4890,4925,4870,4920,32028,0.7164790174002047,-3157,3428,-6055,5784,0,5540,3428,13605,9455,32028,8697,0,19660,3671,32028,-15533735,16747050,-29672295,28458980,0,27164965,16747050,66718755,46422765,157053535,42698700,0,96391050,17963785,157053535
2024-03-04,4920,4940,4890,4915,69918,-0.10162601626016261,-16573,1501,7090,7982,0,27698,1501,26101,14618,69918,44271,0,19011,6636,69918,-81072690,7352395,34612835,39107460,0,135833385,7352395,127881695,71654995,342722470,216906075,0,93268860,32547535,342722470
2024-03-05,4915,4915,4885,4915,69629,0.0,-34544,399,23559,10586,0,29195,400,26491,13543,69629,63739,1,2932,2957,69629,-169169800,1955105,115336915,51877780,0,143020560,1960000,129694795,66359140,341034495,312190360,4895,14357880,14481360,341034495
2024-03-06,4900,5020,4900,4965,204344,1.017293997965412,-87825,9400,28571,49854,0,65029,10000,63971,65344,204344,152854,600,35400,15490,204344,-434657680,46581205,140872415,247204060,0,322248390,49551205,316542900,323921090,1012263585,756906070,2970000,175670485,76717030,1012263585
2024-03-07,4965,5090,4915,4955,156632,-0.2014098690835851,-45219,0,42252,2967,0,50751,0,72442,33439,156632,95970,0,30190,30472,156632,-224414435,0,209005780,15408655,0,251955600,0,360263635,166872210,779091445,476370035,0,151257855,151463555,779091445
2024-03-08,4945,4960,4900,4910,73063,-0.9081735620585267,1764,-3979,17560,-15345,0,36027,1000,31314,4722,73063,34263,4979,13754,20067,73063,8742205,-19553015,86330680,-75519870,0,177278240,4910000,153958415,23232095,359378750,168536035,24463015,67627735,98751965,359378750
2024-03-11,4940,4970,4890,4905,81960,-0.10183299389002036,-17120,1279,18688,-2847,0,36979,1779,31467,11735,81960,54099,500,12779,14582,81960,-83793585,6264060,91559605,-14030080,0,181297630,8714600,154197520,57508255,401718005,265091215,2450540,62637915,71538335,401718005
2024-03-12,4940,4940,4885,4905,65556,0.0,-6953,500,7087,-634,0,41615,500,21045,2396,65556,48568,0,13958,3030,65556,-34023415,2455000,34646410,-3077995,0,203846950,2455000,103007960,11754910,321064820,237870365,0,68361550,14832905,321064820
2024-03-13,4935,4935,4880,4895,66013,-0.20387359836901123,-16603,188,19966,-3551,0,34577,188,26304,4944,66013,51180,0,6338,8495,66013,-81114230,920260,97558600,-17364630,0,169249265,920260,128600650,24175750,322945925,250363495,0,31042050,41540380,322945925
2024-03-14,4925,4925,4885,4920,91252,0.5107252298263534,-16872,200,-277,16949,0,58853,200,10683,21516,91252,75725,0,10960,4567,91252,-82377985,977000,-1554365,82955350,0,288390720,977000,52281850,105368715,447018285,370768705,0,53836215,22413365,447018285
2024-03-15,4920,4920,4885,4890,48466,-0.6097560975609756,476,-1,1957,-2432,0,36010,1000,8409,3047,48466,35534,1001,6452,5479,48466,2385930,115,9544845,-11930890,0,176120400,4890000,41134955,14900480,237045835,173734470,4889885,31590110,26831370,237045835
2024-03-18,4920,4920,4860,4865,43379,-0.5112474437627812,6249,88,-2688,-3649,0,26372,88,16569,350,43379,20123,0,19257,3999,43379,30464040,430320,-13045665,-17848695,0,128590730,430320,80850870,1709610,211581530,98126690,0,93896535,19558305,211581530
2024-03-19,4900,4900,4820,4845,69823,-0.41109969167523125,-22952,0,21093,1859,0,27512,0,34411,7900,69823,50464,0,13318,6041,69823,-111005555,0,102077885,8927670,0,133202980,0,166525495,38268205,337996680,244208535,0,64447610,29340535,337996680
2024-03-20,4845,4895,4845,4895,39391,1.0319917440660475,17669,-617,-10486,-6566,0,36497,0,2465,429,39391,18828,617,12951,6995,39391,86256355,-3014045,-51225085,-32017225,0,178075855,0,11996610,2083845,192156310,91819500,3014045,63221695,34101070,192156310
2024-03-21,4905,4935,4880,4935,51901,0.8171603677221655,10173,0,-14419,4246,0,39028,0,5152,7721,51901,28855,0,19571,3475,51901,50111045,0,-70970715,20859670,0,191718810,0,25290955,37907835,254917600,141607765,0,96261670,17048165,254917600
2024-03-22,4935,4935,4895,4925,79300,-0.2026342451874367,-8127,-4824,3285,9666,0,56450,0,8912,13938,79300,64577,4824,5627,4272,79300,-39736745,-23736120,16072500,47400365,0,277273130,0,43713365,68421545,389408040,317009875,23736120,27640865,21021180,389408040
2024-03-25,4925,4960,4900,4960,94571,0.7106598984771574,-13284,-10592,-16330,40206,0,44543,0,6388,43640,94571,57827,10592,22718,3434,94571,-65186665,-52160260,-80567230,197914155,0,219382985,0,31439155,214833445,465655585,284569650,52160260,112006385,16919290,465655585
2024-03-26,4960,4975,4915,4950,100605,-0.20161290322580644,-21645,3237,4580,13828,0,50224,3405,20651,26325,100605,71869,168,16071,12497,100605,-106450410,16069755,22417420,67963235,0,247867070,16898100,101784810,129783645,496333625,354317480,828345,79367390,61820410,496333625
2024-03-27,4970,4970,4890,4895,88574,-1.1111111111111112,-26868,0,22963,3905,0,47552,0,31477,9545,88574,74420,0,8514,5640,88574,-131523815,0,112483880,19039935,0,233362890,0,154330465,46767810,434461165,364886705,0,41846585,27727875,434461165
2024-03-28,4895,4970,4895,4970,81184,1.5321756894790604,23704,6430,-27367,-2767,0,61639,7431,7392,4722,81184,37935,1001,34759,7489,81184,117476245,31885330,-135752740,-13608835,0,305441415,36857760,36595860,23412340,402307375,187965170,4972430,172348600,37021175,402307375
2024-03-29,4935,5020,4935,5000,103139,0.6036217303822937,20356,17206,-47364,9802,0,54553,17206,17689,13691,103139,34197,0,65053,3889,103139,101685545,86029995,-236769510,49053970,0,272432000,86029995,88286605,68424025,515172625,170746455,0,325056115,19370055,515172625
2024-04-01,5010,5020,4950,4980,100484,-0.4,-18136,0,8293,9843,0,50468,0,36343,13673,100484,68604,0,28050,3830,100484,-90049000,0,41056615,48992385,0,251114940,0,180930390,68071400,500116730,341163940,0,139873775,19079015,500116730
2024-04-02,5000,5000,4955,4965,58908,-0.30120481927710846,1236,-2079,3007,-2164,0,32838,35,16142,9893,58908,31602,2114,13135,12057,58908,6245800,-10316570,14906290,-10835520,0,163170410,174125,80119865,49125420,292589820,156924610,10490695,65213575,59960940,292589820
2024-04-03,4990,4990,4910,4950,126446,-0.3021148036253776,-38918,-1539,21125,19332,0,56055,203,40132,30056,126446,94973,1742,19007,10724,126446,-191485405,-7570205,104037810,95017800,0,276156965,1000775,197746465,147968050,622872255,467642370,8570980,93708655,52950250,622872255
2024-04-04,4950,4985,4920,4970,119304,0.40404040404040403,-36377,-5084,8194,33267,0,60193,203,23011,35897,119304,96570,5287,14817,2630,119304,-179233555,-25082955,40306945,164009565,0,297014740,1002820,113477585,177046460,588541605,476248295,26085775,73170640,13036895,588541605
2024-04-05,4975,4975,4900,4905,112486,-1.30784708249497,-16045,-9161,27438,-2232,0,63101,136,43695,5554,112486,79146,9297,16257,7786,112486,-78937675,-45022895,134991065,-11030495,0,310285650,668780,214916190,27299330,553169950,389223325,45691675,79925125,38329825,553169950
2024-04-08,4930,4940,4850,4870,88179,-0.7135575942915392,6423,-2015,6080,-10488,0,46885,1,40483,810,88179,40462,2016,34403,11298,88179,31340880,-9794840,29672385,-51218425,0,228518365,4875,197335280,3950245,429808765,197177485,9799715,167662895,55168670,429808765
2024-04-09,4855,4890,4855,4860,81365,-0.20533880903490762,-24469,-1188,22711,2946,0,35005,0,41793,4567,81365,59474,1188,19082,1621,81365,-119202585,-5780645,110666000,14317230,0,170438370,0,203482090,22222245,396142705,289640955,5780645,92816090,7905015,396142705
2024-04-11,4855,4910,4840,4860,37197,0.0,6360,0,-828,-5532,0,25116,0,8519,3562,37197,18756,0,9347,9094,37197,31166350,0,-4039585,-27126765,0,122433195,0,41381110,17337095,181151400,91266845,0,45420695,44463860,181151400
2024-04-12,4890,4890,4860,4885,68843,0.51440329218107,-5604,-1853,-122,7579,0,31453,1,27794,9595,68843,37057,1854,27916,2016,68843,-27272630,-9021865,-616015,36910510,0,153235750,4865,135324275,46742920,335307810,180508380,9026730,135940290,9832410,335307810
2024-04-15,4895,4895,4845,4870,66045,-0.3070624360286591,-10227,26,3478,6723,0,36506,26,19749,9764,66045,46733,0,16271,3041,66045,-49602955,126230,16883055,32593670,0,177365525,126230,95911255,47412245,320815255,226968480,0,79028200,14818575,320815255
2024-04-16,4890,4890,4800,4810,91132,-1.2320328542094456,-15495,-519,20110,-4096,0,52924,0,30150,8058,91132,68419,519,10040,12154,91132,-74622630,-2504170,96952140,-19825340,0,255138100,0,145378095,38858945,439375140,329760730,2504170,48425955,58684285,439375140
2024-04-17,4810,4870,4800,4840,87426,0.6237006237006237,-17123,1,13134,3988,0,48413,1,21355,17657,87426,65536,0,8221,13669,87426,-82113265,4805,63122695,18985765,0,232999940,4805,102794240,84923035,420722020,315113205,0,39671545,65937270,420722020
2024-04-18,4830,4830,4760,4780,137357,-1.2396694214876034,-35290,-1026,57107,-20791,0,64080,0,66679,6598,137357,99370,1026,9572,27389,137357,-168463180,-4931510,272989870,-99595180,0,306824010,0,318925000,31557715,657306725,475287190,4931510,45935130,131152895,657306725
2024-04-19,4780,4795,4730,4780,91985,0.0,-23534,0,20135,3399,0,44933,0,32714,14338,91985,68467,0,12579,10939,91985,-111602960,0,95620695,15982265,0,213490255,0,155339245,68046765,436876265,325093215,0,59718550,52064500,436876265
2024-04-22,4760,4785,4745,4785,87766,0.10460251046025104,-25861,1686,28680,-4505,0,47995,1686,34017,4068,87766,73856,0,5337,8573,87766,-122798875,8008500,136223085,-21432710,0,228085350,8008500,161603750,19323060,417020660,350884225,0,25380665,40755770,417020660
2024-04-23,4800,4800,4720,4755,111312,-0.6269592476489028,-36113,0,50944,-14831,0,51000,0,59862,450,111312,87113,0,8918,15281,111312,-170966375,0,241421650,-70455275,0,241913350,0,283690850,2132810,527737010,412879725,0,42269200,72588085,527737010
2024-04-24,4780,4780,4700,4740,104067,-0.31545741324921134,-30900,-979,47976,-16097,0,35900,1,65039,3127,104067,66800,980,17063,19224,104067,-145588125,-4628800,226340020,-76123095,0,169480180,4720,306824100,14722540,491031540,315068305,4633520,80484080,90845635,491031540
2024-04-25,4760,4760,4680,4740,93545,0.0,-35077,122,46221,-11266,0,25157,122,67551,715,93545,60234,0,21330,11981,93545,-164641420,573400,217190500,-53122480,0,118200665,573400,317511690,3357140,439642895,282842085,0,100321190,56479620,439642895
2024-04-26,4740,4745,4675,4695,115306,-0.949367088607595,-22566,888,28923,-7245,0,57692,888,51698,5028,115306,80258,0,22775,12273,115306,-105712950,4179920,135572270,-34039240,0,270643855,4179920,242409295,23574350,540807420,376356805,0,106837025,57613590,540807420
2024-04-29,4700,4700,4635,4670,97899,-0.5324813631522897,-1364,0,31333,-29969,0,40470,0,57428,1,97899,41834,0,26095,29970,97899,-6267930,0,146044650,-139776720,0,188372430,0,267412485,4640,455789555,194640360,0,121367835,139781360,455789555
2024-04-30,4695,4695,4615,4615,102874,-1.177730192719486,-34440,265,27603,6572,0,41140,265,48072,13397,102874,75580,0,20469,6825,102874,-159092180,1228550,127611540,30252090,0,190510775,1228550,222373310,61972735,476085370,349602955,0,94761770,31720645,476085370
2024-05-02,4615,4680,4575,4680,149346,1.4084507042253522,-65825,1,39061,26763,0,46881,1,64965,37499,149346,112706,0,25904,10736,149346,-304491090,4595,180364745,124121750,0,216552415,4595,300132050,173702065,690391125,521043505,0,119767305,49580315,690391125
2024-05-03,4690,4690,4605,4625,113034,-1.1752136752136753,-26628,-3060,45615,-15927,0,53019,0,58528,1487,113034,79647,3060,12913,17414,113034,-123035810,-14146530,211176770,-73994430,0,245236095,0,270779795,6873635,522889525,368271905,14146530,59603025,80868065,522889525
2024-05-07,4650,4750,4650,4700,222068,1.6216216216216217,-142048,43858,40047,58143,0,23063,43858,74382,80765,222068,165111,0,34335,22622,222068,-667684550,206481365,187802870,273400315,0,108489020,206481365,349552175,379699460,1044222020,776173570,0,161749305,106299145,1044222020
2024-05-08,4690,4745,4680,4715,199184,0.3191489361702127,-117355,1,64963,52391,0,37768,1,96985,64430,199184,155123,0,32022,12039,199184,-553964605,4735,306259385,247700485,0,178458500,4735,457240625,304407600,940111460,732423105,0,150981240,56707115,940111460
2024-05-09,4715,4735,4700,4720,134029,0.10604453870625664,-106942,156,102666,4120,0,11978,156,109659,12236,134029,118920,0,6993,8116,134029,-504778545,737350,484522965,19518230,0,56542545,737350,517546180,57789820,632615895,561321090,0,33023215,38271590,632615895
2024-05-10,4735,4755,4715,4755,214374,0.7415254237288136,-22153,2558,-34965,54560,0,71043,2558,85508,56314,215423,93196,0,120473,1754,215423,-104898225,12095655,-165550440,258353010,0,336543850,12095655,404778535,266657805,1020075845,441442075,0,570328975,8304795,1020075845
