날짜,시가,고가,저가,종가,거래량,등락률,기관합계_거래량_순매수,기타법인_거래량_순매수,개인_거래량_순매수,외국인합계_거래량_순매수,전체_거래량_순매수,기관합계_거래량_매수,기타법인_거래량_매수,개인_거래량_매수,외국인합계_거래량_매수,전체_거래량_매수,기관합계_거래량_매도,기타법인_거래량_매도,개인_거래량_매도,외국인합계_거래량_매도,전체_거래량_매도,기관합계_거래대금_순매수,기타법인_거래대금_순매수,개인_거래대금_순매수,외국인합계_거래대금_순매수,전체_거래대금_순매수,기관합계_거래대금_매수,기타법인_거래대금_매수,개인_거래대금_매수,외국인합계_거래대금_매수,전체_거래대금_매수,기관합계_거래대금_매도,기타법인_거래대금_매도,개인_거래대금_매도,외국인합계_거래대금_매도,전체_거래대금_매도
2019-01-02,9261,9330,9261,9292,601150,0.43233895373973197,-38897,-20999,36524,23372,0,185267,1,337074,76410,598752,224164,21000,300550,53038,598752,-362529110,-196130680,340313270,218346520,0,1729993560,9320,3146306670,713239520,5589549070,2092522670,196140000,2805993400,494893000,5589549070
2019-01-03,9300,9320,9221,9242,371636,-0.5380972879896685,49037,16686,40733,-106456,0,140842,31686,169407,28219,370154,91805,15000,128674,134675,370154,456762880,154816570,378239600,-989819050,0,1309233870,294466570,1575154850,262579350,3441434640,852470990,139650000,1196915250,1252398400,3441434640
2019-01-04,9221,9310,9211,9262,358069,0.2164033758926639,92324,-3006,-127662,38344,0,139649,16994,111207,88791,356641,47325,20000,238869,50447,356641,855810160,-27468430,-1185204800,356863070,0,1296329700,158231570,1033621550,826172440,3314355260,440519540,185700000,2218826350,469309370,3314355260
2019-01-07,9261,9270,9201,9262,406919,0.0,239915,-4751,63633,-298797,0,239935,2703,136591,26067,405296,20,7454,72958,324864,405296,2227801800,-44236390,589999210,-2773564620,0,2227987800,25085810,1266984670,241811410,3761869690,186000,69322200,676985460,3015376030,3761869690
2019-01-08,9270,9270,9211,9262,746252,0.0,-141847,23842,-11640,129645,0,202847,23842,129238,387348,743275,344694,0,140878,257703,743275,-1315903320,220796340,-110289750,1205396730,0,1882921440,220796340,1197423040,3597024560,6898165380,3198824760,0,1307712790,2391627830,6898165380
2019-01-09,9261,9270,9241,9262,642705,0.0,-100504,-15404,-31560,147468,0,314129,14596,107342,204074,640141,414633,30000,138902,56606,640141,-933328950,-143180180,-293054770,1369563900,0,2919522850,135719820,997913250,1895890580,5949046500,3852851800,278900000,1290968020,526326680,5949046500
2019-01-10,9261,9290,9241,9272,615179,0.10796804145972792,-67941,1200,28376,38365,0,178126,1200,115851,317549,612726,246067,0,87475,279184,612726,-631711560,11168000,263037510,357506050,0,1659554880,11168000,1077433470,2957086120,5705242470,2291266440,0,814395960,2599580070,5705242470
2019-01-11,9302,9312,9252,9312,587460,0.4314063848144953,-314587,14677,12509,287401,0,138291,38038,71002,337785,585116,452878,23361,58493,50384,585116,-2936154800,136716080,116554370,2682884350,0,1289938990,354457820,661752430,3152433880,5458583120,4226093790,217741740,545198060,469549530,5458583120
2019-01-14,9292,9441,9292,9402,919575,0.9664948453608248,-479613,16708,-78524,541429,0,139590,27958,160854,587505,915907,619203,11250,239378,46076,915907,-4519873520,155945530,-742760630,5106688620,0,1315861630,261720530,1515769540,5540882600,8634234300,5835735150,105775000,2258530170,434193980,8634234300
2019-01-15,9441,9480,9411,9451,1042145,0.5211657094235269,-390524,-30558,-110460,531542,0,295751,42,142383,599811,1037987,686275,30600,252843,68269,1037987,-3695952900,-289996680,-1049038910,5034988490,0,2800387300,397320,1347888730,5680850480,9829523830,6496340200,290394000,2396927640,645861990,9829523830
2019-01-16,9441,9451,9362,9382,641266,-0.7300814728600148,-183768,-22700,121393,85075,0,164005,300,206589,267814,638708,347773,23000,85196,182739,638708,-1735772580,-213706930,1145618120,803861390,0,1551254860,2839000,1951260590,2531066330,6036420780,3287027440,216545930,805642470,1727204940,6036420780
2019-01-17,9402,9432,9352,9432,1215328,0.5329354082285227,-297166,30100,279479,-12413,0,816290,30100,337994,26095,1210479,1113456,0,58515,38508,1210479,-2795048210,283791000,2628557500,-117300290,0,7677304910,283791000,3179920660,245713320,11386729890,10472353120,0,551363160,363013610,11386729890
2019-01-18,9392,9441,9392,9402,101867,-0.3180661577608142,-1946,-5000,7881,-935,0,8111,0,53749,39601,101461,10057,5000,45868,40536,101461,-18463410,-47250000,74434060,-8720650,0,76687070,0,508032240,374552490,959271800,95150480,47250000,433598180,383273140,959271800
2019-01-21,9569,9708,9500,9610,1227390,2.212295256328441,-389254,26165,341015,22074,0,252501,34249,816001,119742,1222493,641755,8084,474986,97668,1222493,-3760682010,252203650,3290396630,218081730,0,2433231020,330476520,7875579410,1159519050,11798806000,6193913030,78272870,4585182780,941437320,11798806000
2019-01-22,9619,9688,9609,9660,760847,0.5202913631633715,-256192,16221,204729,35242,0,199252,17221,294128,247211,757812,455444,1000,89399,211969,757812,-2481698660,157345620,1983869420,340483620,0,1933358170,167028120,2851420370,2397346680,7349153340,4415056830,9682500,867550950,2056863060,7349153340
2019-01-23,9700,9869,9690,9750,1117348,0.9316770186335404,-414618,37730,210307,166581,0,228445,38730,543873,301842,1112890,643063,1000,333566,135261,1112890,-4065420090,370273740,2060200330,1634946020,0,2237387650,380106740,5331575700,2960859250,10909929340,6302807740,9833000,3271375370,1325913230,10909929340
2019-01-24,9780,9860,9750,9860,858196,1.1282051282051282,-50536,623,107950,-58037,0,326179,13623,306415,208555,854772,376715,13000,198465,266592,854772,-496393150,5980550,1063407280,-572994680,0,3223013110,134470550,3023991460,2059951770,8441426890,3719406260,128490000,1960584180,2632946450,8441426890
2019-01-25,9879,9919,9820,9850,1069127,-0.10141987829614604,-96713,2059,-14543,109197,0,333350,30259,360708,340544,1064861,430063,28200,375251,231347,1064861,-958637800,20823920,-142792190,1080606070,0,3302124240,299698260,3579324130,3371915640,10553062270,4260762040,278874340,3722116320,2291309570,10553062270
2019-01-28,9800,9909,9780,9810,679928,-0.40609137055837563,-360257,94440,127245,138572,0,115479,106463,276928,178346,677216,475736,12023,149683,39774,677216,-3548515340,930190540,1253727840,1364596960,0,1138077050,1048810550,2729120980,1756844170,6672852750,4686592390,118620010,1475393140,392247210,6672852750
2019-01-29,9830,9849,9790,9840,402544,0.3058103975535168,-92798,-19300,77167,34931,0,138613,13100,154372,94853,400938,231411,32400,77205,59922,400938,-915028450,-190980000,761869880,344138570,0,1368656500,129007000,1523048740,936052730,3956764970,2283684950,319987000,761178860,591914160,3956764970
2019-01-30,9829,9839,9810,9810,217858,-0.3048780487804878,-52868,6029,76260,-29421,0,19756,45349,128242,23643,216990,72624,39320,51982,53064,216990,-521195200,59508830,751939590,-290253220,0,194791220,447746300,1264752010,233230570,2140520100,715986420,388237470,512812420,523483790,2140520100
2019-01-31,9800,9840,9770,9840,334141,0.3058103975535168,-98041,5323,45239,47479,0,57464,25601,140606,109137,332808,155505,20278,95367,61658,332808,-965512800,51858190,445375130,468279480,0,566272800,252124830,1384693900,1075728320,3278819850,1531785600,200266640,939318770,607448840,3278819850
2019-02-01,9820,9899,9810,9830,770021,-0.10162601626016261,-347240,-26802,135282,238760,0,42970,12150,255543,456287,766950,390210,38952,120261,217527,766950,-3434477960,-265151280,1334038140,2365591100,0,424123050,119799480,2522676420,4511872148,7578471098,3858601010,384950760,1188638280,2146281048,7578471098
2019-02-07,9830,9899,9820,9870,834405,0.40691759918616477,-338674,-4857,80198,263333,0,241047,13690,281821,294519,831077,579721,18547,201623,31186,831077,-3351351930,-48088560,793217560,2606222930,0,2387178000,135413100,2789291780,2914975560,8226858440,5738529930,183501660,1996074220,308752630,8226858440
2019-02-08,9899,9919,9870,9890,1213972,0.2026342451874367,-513094,32252,181499,299343,0,389053,32253,304925,482897,1209128,902147,1,123426,183554,1209128,-5098462110,320632370,1801706900,2976122840,0,3867472340,320642310,3029084560,4799662740,12016861950,8965934450,9940,1227377660,1823539900,12016861950
2019-02-11,9920,9939,9900,9920,2641285,0.3033367037411527,-775194,21586,237180,516428,0,1729455,21587,344594,535110,2630746,2504649,1,107414,18682,2630746,-7724205140,214996630,2362980380,5146228130,0,17243226480,215006600,3433168100,5332189080,26223590260,24967431620,9970,1070187720,185960950,26223590260
2019-02-12,9940,9949,9920,9940,769298,0.20161290322580644,-637701,98355,154267,385079,0,11433,98356,230462,425978,766229,649134,1,76195,40899,766229,-6362000020,981362910,1538970410,3841666700,0,114050740,981372890,2299211970,4249794300,7644429900,6476050760,9980,760241560,408127600,7644429900
2019-02-13,9948,9958,9929,9959,1004615,0.19114688128772636,-554660,92552,202913,259195,0,346000,95924,269476,289207,1000607,900660,3372,66563,30012,1000607,-5540280890,924179000,2026668820,2589433070,0,3458184180,957889000,2691822140,2889022090,9996917410,8998465070,33710000,665153320,299589020,9996917410
2019-02-14,9948,10008,9939,10009,891594,0.5020584396023697,-589877,32418,324324,233135,0,135733,32518,452791,266995,888037,725610,100,128467,33860,888037,-5896970670,323787890,3242424820,2330757960,0,1356472450,324786890,4525984280,2669235460,8876479080,7253443120,999000,1283559460,338477500,8876479080
2019-02-15,9958,10007,9939,9959,556325,-0.4995504046358278,-137017,31100,104616,1301,0,235998,33100,244165,40843,554106,373015,2000,139549,39542,554106,-1368731870,310569000,1045196170,12966700,0,2360895420,330669000,2440007510,408127220,5539699150,3729627290,20100000,1394811340,395160520,5539699150
2019-02-18,9939,9958,9920,9930,565194,-0.2911938949693744,-100045,-8900,123238,-14293,0,292561,600,206794,62984,562939,392606,9500,83556,77277,562939,-997595130,-88783000,1229158670,-142780540,0,2919953880,5982000,2063103220,628496060,5617535160,3917549010,94765000,833944550,771276600,5617535160
2019-02-19,9930,9948,9910,9930,568097,0.0,-52296,-99,66527,-14132,0,310954,100,198223,56554,565831,363250,199,131696,70686,565831,-521358940,-989020,663125030,-140777070,0,3100962930,997000,1975964680,563711350,5641635960,3622321870,1986020,1312839650,704488420,5641635960
2019-02-20,9939,9939,9880,9910,458244,-0.2014098690835851,-54534,11101,111314,-67881,0,235545,13101,174847,32923,456416,290079,2000,63533,100804,456416,-541929630,110694960,1107711500,-676476830,0,2347263790,130634960,1740771420,328094240,4546764410,2889193420,19940000,633059920,1004571070,4546764410
2019-02-21,9919,9958,9889,9959,525940,0.49445005045408674,-45394,-8400,-89020,142814,0,202683,1600,108120,211440,523843,248077,10000,197140,68626,523843,-451992290,-84106000,-888579200,1424677490,0,2021196300,15894000,1076341790,2108703980,5222136070,2473188590,100000000,1964920990,684026490,5222136070
2019-02-22,9958,9958,9900,9940,325851,-0.19078220704890048,-105694,-400,112634,-6540,0,102376,100,168657,53419,324552,208070,500,56023,59959,324552,-1051797320,-3997000,1120959770,-65165450,0,1019652810,998000,1679705420,532556690,3232912920,2071450130,4995000,558745650,597722140,3232912920
2019-02-25,9948,9958,9910,9930,256484,-0.1006036217303823,-91648,18908,37044,35696,0,14986,20100,124210,96166,255462,106634,1192,87166,60470,255462,-913610480,188519000,369114890,355976590,0,149534460,200396000,1238462280,959260090,2547652830,1063144940,11877000,869347390,603283500,2547652830
2019-02-26,9939,9958,9910,9930,594674,0.0,-384725,-7630,131164,261191,0,45807,100,233849,312546,592302,430532,7730,102685,51355,592302,-3835316900,-76001160,1306426020,2604892040,0,456682270,997000,2330773520,3117022230,5905475020,4291999170,76998160,1024347500,512130190,5905475020
2019-02-27,9930,9940,9910,9940,474256,0.10070493454179255,-84474,39988,62744,-18258,0,141430,74988,185030,70916,472364,225904,35000,122286,89174,472364,-841383750,398439720,624748430,-181804400,0,1408960240,747489720,1843448630,706942950,4706841540,2250343990,349050000,1218700200,888747350,4706841540
2019-02-28,9949,9958,9910,9940,1208602,0.0,-72460,4497,29290,38673,0,883148,4497,174184,141951,1203780,955608,0,144894,103278,1203780,-723057730,44866720,292260050,385930960,0,8800115910,44866720,1737853120,1416789470,11999625220,9523173640,0,1445593070,1030858510,11999625220
2019-03-04,9948,10008,9900,9910,1396769,-0.30181086519114686,366198,39129,420287,-825614,0,717223,39129,547816,87028,1391196,351025,0,127529,912642,1391196,3643842255,390131410,4183956730,-8217930395,0,7140325195,390131410,5455071870,868582750,13854111225,3496482940,0,1271115140,9086513145,13854111225
2019-03-05,9920,9940,9880,9940,660131,0.30272452068617556,-117954,27839,148782,-58667,0,317848,28060,294287,17303,657498,435802,221,145505,75970,657498,-1169430870,276683060,1476681360,-583933550,0,3162088810,278885800,2923405670,172071260,6536451540,4331519680,2202740,1446724310,756004810,6536451540
2019-03-06,9940,9949,9910,9940,412590,0.0,116465,17030,-4730,-128765,0,255825,21030,74387,59702,410944,139360,4000,79117,188467,410944,1162812970,169898500,-47533340,-1285178130,0,2553877190,209858500,742417070,596124270,4102277030,1391064220,39960000,789950410,1881302400,4102277030
2019-03-07,9948,9948,9919,9949,255838,0.09054325955734407,48376,100,-75855,27379,0,162965,100,51753,40000,254818,114589,0,127608,12621,254818,482562170,999000,-757041290,273480120,0,1626730220,999000,516775460,399438870,2543943550,1144168050,0,1273816750,125958750,2543943550
2019-03-08,9948,9958,9900,9920,639805,-0.2914865815659865,121168,32558,70559,-224285,0,324653,32558,246270,33772,637253,203485,0,175711,258057,637253,1207764470,324866340,701746450,-2234377260,0,3235048500,324866340,2453874650,336746800,6350536290,2027284030,0,1752128200,2571124060,6350536290
2019-03-11,9939,9948,9909,9949,292973,0.2923387096774194,11740,-1107,-32933,22300,0,132078,2908,90196,66623,291805,120338,4015,123129,44323,291805,118035150,-11018780,-329496440,222480070,0,1318173620,29050920,899720310,664795440,2911740290,1200138470,40069700,1229216750,442315370,2911740290
2019-03-12,9939,9957,9929,9949,503871,0.0,-62939,55430,-12052,19561,0,180845,55430,105856,159730,501861,243784,0,117908,140169,501861,-628860390,553515700,-120565350,195910040,0,1805300640,553515700,1056816140,1594755450,5010387930,2434161030,0,1177381490,1398845410,5010387930
2019-03-13,9948,10007,9919,9949,619311,0.0,-106633,-33415,-22102,162150,0,203983,9585,191514,211759,616841,310616,43000,213616,49609,616841,-1065090230,-334408350,-221716850,1621215430,0,2037159890,95591650,1913250680,2116898940,6162901160,3102250120,430000000,2134967530,495683510,6162901160
2019-03-14,9958,9958,9939,9959,433259,0.1005126143330988,-265928,45090,27198,193640,0,58565,45090,98843,229033,431531,324493,0,71645,35393,431531,-2657909420,450549000,271683910,1935676510,0,584664190,450549000,987481360,2289244710,4311939260,3242573610,0,715797450,353568200,4311939260
2019-03-15,9958,10057,9948,9959,1035917,0.0,-331696,21090,11288,299318,0,279907,21090,323120,407667,1031784,611603,0,311832,108349,1031784,-3320770190,210805000,102916180,3007049010,0,2801776360,210805000,3234945770,4092666240,10340193370,6122546550,0,3132029590,1085617230,10340193370
2019-03-18,10007,10057,9948,10058,1084318,0.994075710412692,-576111,107530,64731,403850,0,110295,109085,352399,508213,1079992,686406,1555,287668,104363,1079992,-5765127980,1075285000,633469610,4056373370,0,1104579120,1090835000,3525948310,5101005150,10822367580,6869707100,15550000,2892478700,1044631780,10822367580
2019-03-19,10008,10057,9958,10009,332015,-0.48717438854643075,-204257,23190,212384,-31317,0,22472,23190,261701,23328,330691,226729,0,49317,54645,330691,-2052665050,232959500,2131932600,-312227050,0,225838600,232959500,2625925100,234446400,3319169600,2278503650,0,493992500,546673450,3319169600
2019-03-20,10007,10107,9957,10108,1135145,0.989109801178939,-354115,143754,-88821,299182,0,407223,159654,184913,378826,1130616,761338,15900,273734,79644,1130616,-3565384650,1444929350,-901067800,3021523100,0,4114415200,1605519350,1862684050,3823539700,11406158300,7679799850,160590000,2763751850,802016600,11406158300
2019-03-21,10108,10257,10058,10208,1058346,0.9893153937475268,-813269,46900,139852,626517,0,46349,57900,305477,644398,1054124,859618,11000,165625,17881,1054124,-8305545250,478872500,1434064450,6392608300,0,473225900,591085000,3122223500,6575264000,10761798400,8778771150,112212500,1688159050,182655700,10761798400
2019-03-22,10208,10257,10158,10208,423377,0.0,-124042,56649,101585,-34192,0,28401,76649,314620,2018,421688,152443,20000,213035,36210,421688,-1269665300,579773400,1039923500,-350031600,0,290961400,784773400,3221159100,20679300,4317573200,1560626700,205000000,2181235600,370710900,4317573200
2019-03-25,10208,10357,10108,10308,650914,0.9796238244514107,-241510,-10813,-25527,277850,0,20697,187,208770,418663,648317,262207,11000,234297,140813,648317,-2494836900,-111432600,-267928900,2874198400,0,211459950,1917400,2150473950,4329436500,6693287800,2706296850,113350000,2418402850,1455238100,6693287800
2019-03-26,10307,10555,10307,10507,2483357,1.9305393868839738,-396177,-10826,381224,25779,0,414058,20624,922219,1116548,2473449,810235,31450,540995,1090769,2473449,-4146160100,-114692600,3988784650,272068050,0,4346297650,216517400,9671593200,11724229715,25958637965,8492457750,331210000,5682808550,11452161665,25958637965
2019-03-27,10506,10656,10506,10656,990098,1.4181022175692397,-103807,-52090,246440,-90543,0,282378,7910,493008,202852,986148,386185,60000,246568,293395,986148,-1113056350,-552733500,2624526400,-958736550,0,3006900700,84266500,5249165500,2161103600,10501436300,4119957050,637000000,2624639100,3119840150,10501436300
2019-03-28,10556,10705,10556,10656,888215,0.0,50718,-81918,-72832,104032,0,376678,20984,269190,217820,884672,325960,102902,342022,113788,884672,533132700,-871370900,-774756500,1112994700,0,4018933700,224485400,2867811300,2323858550,9435088950,3485801000,1095856300,3642567800,1210863850,9435088950
2019-03-29,10607,10706,10557,10607,474477,-0.4598348348348348,-128184,4338,138775,-14929,0,16478,5338,422038,28731,472585,144662,1000,283263,43660,472585,-1367131650,46507400,1478805250,-158181000,0,175827650,57107400,4498158300,306848500,5037941850,1542959300,10600000,3019353050,465029500,5037941850
2019-04-01,10557,10607,10457,10607,926395,0.0,-239625,85206,-42241,196660,0,62856,93205,252032,514606,922699,302481,7999,294273,317946,922699,-2545447000,903120800,-449803350,2092129550,0,665383050,987822750,2664537650,5458035550,9775779000,3210830050,84701950,3114341000,3365906000,9775779000
2019-04-02,10556,10605,10556,10557,355877,-0.4713868200245121,-107986,29724,16812,61450,0,62467,29724,136138,126129,354458,170453,0,119326,64679,354458,-1150679950,315074400,180620550,654985000,0,663537750,315074400,1445841800,1340682400,3765136350,1814217700,0,1265221250,685697400,3765136350
2019-04-03,10556,10656,10556,10656,704934,0.937766410912191,-263052,27699,52479,182874,0,154336,27699,208921,311166,702122,417388,0,156442,128292,702122,-2795505150,293989350,550657400,1950858400,0,1642883150,293989350,2216736050,3313902700,7467511250,4438388300,0,1666078650,1363044300,7467511250
2019-04-04,10656,10656,10606,10656,588171,0.0,-363101,0,23475,339626,0,84542,0,115335,385948,585825,447643,0,91860,46322,585825,-3878757800,0,249742950,3629014850,0,902850500,0,1229691700,4122709800,6255252000,4781608300,0,979948750,493694950,6255252000
2019-04-05,10656,10656,10606,10656,556034,0.0,-328623,46949,97369,184305,0,37443,46950,235194,234229,553816,366066,1,137825,49924,553816,-3515194700,501349300,1040287600,1973557800,0,400228850,501360000,2512034050,2506245950,5919868850,3915423550,10700,1471746450,532688150,5919868850
2019-04-08,10656,10756,10606,10756,1073456,0.9384384384384384,-559608,77184,345626,136798,0,48160,79184,532443,409386,1069173,607768,2000,186817,272588,1069173,-6001852500,830988000,3706185750,1464678750,0,517384450,852588000,5712253550,4393773950,11475999950,6519236950,21600000,2006067800,2929095200,11475999950
2019-04-09,10756,10806,10706,10806,775567,0.46485682409817775,-518278,135965,307928,74385,0,59055,135965,454386,123067,772473,577333,0,146458,48682,772473,-5602228600,1472002150,3324781500,805444950,0,638253750,1472002150,4909458300,1329956550,8349670750,6240482350,0,1584676800,524511600,8349670750
2019-04-10,10805,10805,10656,10756,948604,-0.4627059041273367,-110154,50590,160059,-100495,0,345973,55590,402825,140431,944819,456127,5000,242766,240926,944819,-1197690500,547449550,1727551250,-1077310300,0,3727811150,601449550,4345999200,1517598900,10192858800,4925501650,54000000,2618447950,2594909200,10192858800
2019-04-11,10756,10806,10706,10806,713812,0.46485682409817775,-224428,22872,43929,157627,0,249081,22872,263638,175374,710965,473509,0,219709,17747,710965,-2426653400,248009150,471820150,1706824100,0,2691498800,248009150,2850644250,1898555600,7688707800,5118152200,0,2378824100,191731500,7688707800
2019-04-12,10756,10806,10706,10806,422162,0.0,-51803,3709,62657,-14563,0,80391,4709,185358,150020,420478,132194,1000,122701,164583,420478,-564885850,40228150,676181000,-151523300,0,868815350,51028150,2002976450,1625807000,4548626950,1433701200,10800000,1326795450,1777330300,4548626950
2019-04-15,10805,10805,10706,10756,650807,-0.4627059041273367,-238108,61404,227440,-50736,0,96224,61404,434128,56455,648211,334332,0,206688,107191,648211,-2569506600,663163200,2452657050,-546313650,0,1039511500,663163200,4683619300,609807050,6996101050,3609018100,0,2230962250,1156120700,6996101050
2019-04-16,10756,10806,10557,10607,906011,-1.3852733358125697,-93999,38021,192839,-136861,0,154026,52106,602896,93368,902396,248025,14085,410057,230229,902396,-1006127400,405232800,2062927550,-1462032950,0,1643772450,555536100,6443639100,995259550,9638207200,2649899850,150303300,4380711550,2457292500,9638207200
2019-04-17,10607,10706,10607,10607,352546,0.0,47849,914,-18501,-30262,0,123965,914,159019,67242,351140,76116,0,177520,97504,351140,514494750,9779800,-200159450,-324115100,0,1326663450,9779800,1698982400,718995400,3754421050,812168700,0,1899141850,1043110500,3754421050
2019-04-18,10656,10706,10606,10706,477692,0.933345903648534,8111,-4316,-6753,2958,0,250358,684,138851,85894,475787,242247,5000,145604,82936,475787,85675650,-46397000,-72250600,32971950,0,2681697750,7353000,1488269950,921644250,5098964950,2596022100,53750000,1560520550,888672300,5098964950
2019-04-19,10706,10706,10656,10706,402793,0.0,71560,14059,-14786,-70833,0,282547,14628,77366,26646,401187,210987,569,92152,97479,401187,762834450,151162700,-156761850,-757235300,0,3027079800,157251000,830681300,286435200,4301447300,2264245350,6088300,987443150,1043670500,4301447300
2019-04-22,10656,10755,10656,10706,623166,0.0,130056,10151,-14727,-125480,0,374254,10720,122252,113454,620680,244198,569,136979,238934,620680,1396957500,109141700,-160317650,-1345781550,0,4023388350,115230000,1314118950,1220443700,6673181000,2626430850,6088300,1474436600,2566225250,6673181000
2019-04-23,10756,10806,10706,10806,620689,0.9340556697179151,24470,-369,-138692,114591,0,308216,200,141943,167854,618213,283746,569,280635,53263,618213,264139700,-3956750,-1502808450,1242625500,0,3326434350,2160000,1535558050,1815725850,6679878250,3062294650,6116750,3038366500,573100350,6679878250
2019-04-24,10806,10806,10756,10806,748911,0.0,-176243,10000,66256,99987,0,431620,20000,188209,106094,745923,607863,10000,121953,6107,745923,-1912649100,108750000,718893950,1085005150,0,4667967600,217000000,2040068600,1151116050,8076152250,6580616700,108250000,1321174650,66110900,8076152250
2019-04-25,10756,10806,10756,10806,745629,0.0,-273864,-7637,164525,116976,0,333661,2363,257272,149359,742655,607525,10000,92747,32383,742655,-2971545800,-82411450,1783266700,1270690550,0,3606213450,25588550,2787805200,1620513800,8040121000,6577759250,108000000,1004538500,349823250,8040121000
2019-04-26,10805,10854,10755,10855,515937,0.45345178604479,-157280,0,73624,83656,0,248562,0,180957,84361,513880,405842,0,107333,705,513880,-1717257350,0,806110850,911146500,0,2700331050,0,1971349200,918795500,5590475750,4417588400,0,1165238350,7649000,5590475750
2019-04-29,10905,11154,10855,11105,1487210,2.3030861354214647,-390422,18942,352688,18792,0,440163,47812,744560,248741,1481276,830585,28870,391872,229949,1481276,-4262564350,208127000,3860677350,193760000,0,4880873450,525947000,8204975100,2745836400,16357631950,9143437800,317820000,4344297750,2552076400,16357631950
2019-04-30,11055,11253,11005,11205,855751,0.9004952723998199,277015,9616,-51061,-235570,0,399964,11638,315416,125320,852338,122949,2022,366477,360890,852338,3101381500,107897250,-578876950,-2630401800,0,4478598100,130341450,3527580800,1408413200,9544933550,1377216600,22444200,4106457750,4038815000,9544933550
2019-05-02,11252,11501,11252,11453,2664536,2.213297634984382,-204410,-200,36013,168597,0,1223382,300,761776,668446,2653904,1427792,500,725763,499849,2653904,-2345937450,-2297500,402595700,1945639250,0,14060149925,3440000,8724574100,7679012700,30467176725,16406087375,5737500,8321978400,5733373450,30467176725
2019-05-03,11503,11602,11403,11553,1731628,0.8731336767659128,215810,11470,125954,-353234,0,699079,41730,607743,376167,1724719,483269,30260,481789,729401,1724719,2499876450,131544200,1438359900,-4069780550,0,8086695700,482565200,7015017950,4348118250,19932397100,5586819250,351021000,5576658050,8417898800,19932397100
2019-05-07,11553,11652,11453,11603,1099351,0.4327880204275945,110872,612,-13398,-98086,0,538008,3212,432682,121063,1094965,427136,2600,446080,219149,1094965,1295682700,7259700,-163002300,-1139940100,0,6249556700,37419700,5010400300,1401132600,12698509300,4953874000,30160000,5173402600,2541072700,12698509300
2019-05-08,11652,11850,11552,11752,1277991,1.284150650693786,257272,38267,59192,-354731,0,729420,42666,438411,62395,1272892,472148,4399,379219,417126,1272892,3040602350,451257900,692660400,-4184520650,0,8613096150,503291100,5161190800,734748050,15012326100,5572493800,52033200,4468530400,4919268700,15012326100
2019-05-09,11750,11950,11602,11702,1676888,-0.42545949625595647,104017,-231221,240579,-113375,0,739759,8876,819902,101660,1670197,635742,240097,579323,215035,1670197,1238952000,-2754605700,2860615000,-1344961300,0,8799975100,105567900,9741155800,1205881600,19852580400,7561023100,2860173600,6880540800,2550842900,19852580400
2019-05-10,11701,11900,11652,11752,1024135,0.42727738848060165,46912,24513,44077,-115502,0,377936,25813,444536,171765,1020050,331024,1300,400459,287267,1020050,571880950,287454800,506670200,-1366005950,0,4467131750,302819800,5234879250,2025513850,12030344650,3895250800,15365000,4728209050,3391519800,12030344650
2019-05-13,11750,11899,11750,11851,800632,0.8424098025867938,64602,207312,-145727,-126187,0,198926,240617,275757,82138,797438,134324,33305,421484,208325,797438,771698650,2464459000,-1735520050,-1500637600,0,2368788950,2859929600,3277962600,977552400,9484233550,1597090300,395470600,5013482650,2478190000,9484233550
2019-05-14,11850,11850,11750,11851,566724,0.0,150273,90417,-153741,-86949,0,173258,90422,250967,49817,564464,22985,5,404708,136766,564464,1782671100,1071665650,-1825767800,-1028568950,0,2055065250,1071724900,2976308050,592488800,6695587000,272394150,59250,4802075850,1621057750,6695587000
2019-05-15,11850,11850,11750,11851,617887,0.0,-16662,7298,-22957,32321,0,247554,26746,276706,64416,615422,264216,19448,299663,32095,615422,-188203600,85644950,-281133150,383691800,0,2934433700,315614350,3273234200,763990600,7287272850,3122637300,229969400,3554367350,380298800,7287272850
2019-05-16,11800,11800,11701,11752,671202,-0.8353725424014851,-38290,42120,-32036,28206,0,241348,58660,280090,88427,668525,279638,16540,312126,60221,668525,-447006850,495026100,-381465800,333446550,0,2843636950,689485500,3295927150,1043292850,7872342450,3290643800,194459400,3677392950,709846300,7872342450
2019-05-17,11750,11750,11652,11702,639731,-0.42545949625595647,153125,4799,-71456,-86468,0,393801,27312,158771,57295,637179,240676,22513,230227,143763,637179,1803405500,56750750,-844596150,-1015560100,0,4631886200,321278500,1866039500,675055900,7494260100,2828480700,264527750,2710635650,1690616000,7494260100
2019-05-20,11751,11751,11603,11603,647999,-0.8460092291915913,-69633,21335,8535,39763,0,228737,21335,294081,101261,645414,298370,0,285546,61498,645414,-811837500,249943600,95039950,466853950,0,2682566550,249943600,3441307400,1187626750,7561444300,3494404050,0,3346267450,720772800,7561444300
2019-05-21,11601,11800,11601,11801,1085458,1.7064552270964408,-37778,57380,-197190,177588,0,496190,73984,202615,308339,1081128,533968,16604,399805,130751,1081128,-437000400,675808350,-2322050150,2083242200,0,5841555400,870750100,2380186200,3621520000,12714011700,6278555800,194941750,4702236350,1538277800,12714011700
2019-05-22,11800,11800,11700,11801,295861,0.0,34039,3077,3285,-40401,0,135553,3077,135720,20331,294681,101514,0,132435,60732,294681,402141250,36307350,37917500,-476366100,0,1603974950,36307350,1603256600,240678050,3484216950,1201833700,0,1565339100,717044150,3484216950
2019-05-23,11750,11800,11750,11801,515832,0.0,44456,-9000,-36813,1357,0,198779,31000,246951,37045,513775,154323,40000,283764,35688,513775,523359550,-105400000,-434931300,16971750,0,2351936350,366600000,2920249650,438315600,6077101600,1828576800,472000000,3355180950,421343850,6077101600
2019-05-24,11801,11950,11801,11901,1054287,0.8473858147614609,-113858,60787,-182962,236033,0,429514,60787,279348,280432,1050081,543372,0,462310,44399,1050081,-1344556900,721325950,-2184781700,2808012650,0,5127729250,721325950,3328479300,3336237300,12513771800,6472286150,0,5513261000,528224650,12513771800
2019-05-27,11901,12000,11901,11951,628258,0.42013276195277705,83628,15240,-89926,-8942,0,270791,15340,300616,39004,625751,187163,100,390542,47946,625751,1001393700,183330500,-1078888750,-105835450,0,3247638100,184530500,3604849250,467941150,7504959000,2246244400,1200000,4683738000,573776600,7504959000
2019-05-28,12001,12149,11951,12101,994291,1.2551250941343821,-186861,56847,-136515,266529,0,211184,66372,379377,333391,990324,398045,9525,515892,66862,990324,-2257288150,684527600,-1656221700,3228982250,0,2544578750,799782600,4581017350,4036229200,11961607900,4801866900,115255000,6237239050,807246950,11961607900
2019-05-29,12101,12249,12051,12101,1582323,0.0,17242,-28209,-120571,131538,0,799366,2791,462405,311448,1576010,782124,31000,582976,179910,1576010,209239200,-342729350,-1474850900,1608341050,0,9748038100,33920650,5635400600,3799512049,19216871399,9538798900,376650000,7110251500,2191170999,19216871399
2019-05-30,12100,12149,12001,12051,1143959,-0.4131889926452359,260266,-12232,-52822,-195212,0,714331,2768,382206,40090,1139395,454065,15000,435028,235302,1139395,3159320850,-149443450,-646079750,-2363797650,0,8673618100,33556550,4629835900,488403150,13825413700,5514297250,183000000,5275915650,2852200800,13825413700
2019-05-31,12000,12050,11851,11901,806974,-1.2447099825740602,58583,-1571,68331,-125343,0,204005,8631,488164,102955,803755,145422,10202,419833,228298,803755,708312350,-18578650,817241350,-1506975050,0,2449278300,103646450,5853092050,1234536250,9640553050,1740965950,122225100,5035850700,2741511300,9640553050
2019-06-03,11899,11949,11800,11851,853550,-0.42013276195277705,-73729,19650,223936,-169857,0,238641,39168,398924,173412,850145,312370,19518,174988,343269,850145,-871409500,232576400,2664862500,-2026029400,0,2852353850,464215850,4751772750,2065535250,10133877700,3723763350,231639450,2086910250,4091564650,10133877700
2019-06-04,11849,11899,11451,11801,2127312,-0.4219053244451945,410305,24654,-153355,-281604,0,822786,45527,812499,438012,2118824,412481,20873,965854,719616,2118824,4789637000,292208300,-1801331550,-3280513750,0,9592275600,535388900,9475806650,5146670850,24750142000,4802638600,243180600,11277138200,8427184600,24750142000
2019-06-05,11750,11800,11701,11702,601157,-0.8389119566138463,109757,3153,-5305,-107605,0,264500,11001,196368,126890,598759,154743,7848,201673,234495,598759,1292770150,37026450,-66055950,-1263740650,0,3115046900,129261750,2309714550,1495523750,7049546950,1822276750,92235300,2375770500,2759264400,7049546950
2019-06-07,11701,11850,11652,11702,594074,0.0,51817,-911,88323,-139229,0,115133,89,292239,184243,591704,63316,1000,203916,323472,591704,611027400,-10845400,1039728550,-1639910550,0,1358707350,1054600,3448920750,2176392850,6985075550,747679950,11900000,2409192200,3816303400,6985075550
2019-06-10,11700,11850,11651,11851,558414,1.2732866176721929,80141,13337,5052,-98530,0,301072,13837,200007,41271,556187,220931,500,194955,139801,556187,951722000,156058950,52950250,-1160731200,0,3550401300,161958950,2349422250,485658950,6547441450,2598679300,5900000,2296472000,1646390150,6547441450
2019-06-11,11850,11899,11750,11851,606616,0.0,185242,3563,-35667,-153138,0,419713,5649,145157,33677,604196,234471,2086,180824,186815,604196,2201230650,42304050,-424163200,-1819371500,0,4984942050,67023150,1722573850,400329600,7174868650,2783711400,24719100,2146737050,2219701100,7174868650
2019-06-12,11800,11800,11750,11801,367774,-0.4219053244451945,91809,11815,56688,-160312,0,177398,11941,167893,9075,366307,85589,126,111205,169387,366307,1086994750,139907700,670970800,-1897873250,0,2100572350,141400800,1984911300,107199400,4334083850,1013577600,1493100,1313940500,2005072650,4334083850
2019-06-13,11750,11999,11750,11851,1189528,0.42369290738073045,86243,-57263,-80342,51362,0,516480,33380,507753,127169,1184782,430237,90643,588095,75807,1184782,1033370200,-690787500,-959604450,617021750,0,6176957700,396878500,6067197600,1520816500,14161850300,5143587500,1087666000,7026802050,903794750,14161850300
2019-06-14,11849,11849,11800,11801,636272,-0.4219053244451945,-243580,57901,301957,-116278,0,88561,57901,435583,51689,633734,332141,0,133626,167967,633734,-2894369400,688521850,3586903950,-1381056400,0,1050315800,688521850,5172801700,612516050,7524155400,3944685200,0,1585897750,1993572450,7524155400
2019-06-17,11800,11899,11800,11851,577013,0.42369290738073045,-25403,3000,-6606,29009,0,338257,3000,156637,76817,574711,363660,0,163243,47808,574711,-301428150,35550000,-80083800,345961950,0,4031276700,35550000,1864137850,914416100,6845380650,4332704850,0,1944221650,568454150,6845380650
2019-06-18,11851,11950,11851,11901,742107,0.4219053244451945,-269907,69629,56790,143488,0,114435,69629,315710,239373,739147,384342,0,258920,95885,739147,-3222542050,831520650,675726850,1715294550,0,1364492850,831520650,3767852300,2858265600,8822131400,4587034900,0,3092125450,1142971050,8822131400
2019-06-19,11901,11950,11851,11901,765324,0.0,-304767,57116,67647,180004,0,112654,57216,324356,268045,762271,417421,100,256709,88041,762271,-3645459150,680270400,802336500,2162852250,0,1347459650,681470400,3876243950,3213792900,9118966900,4992918800,1200000,3073907450,1050940650,9118966900
2019-06-20,11901,11951,11851,11951,792193,0.42013276195277705,-346545,92550,-50707,304702,0,160482,96550,199897,332104,789033,507027,4000,250604,27402,789033,-4138168750,1109700000,-614366650,3642835400,0,1919267950,1157500000,2387288400,3969793900,9433850250,6057436700,47800000,3001655050,326958500,9433850250
2019-06-21,11950,11950,11851,11901,601970,-0.41837503137812737,-279419,44269,182766,52384,0,103164,44669,377059,74677,599569,382583,400,194293,22293,599569,-3337429300,529014550,2182406600,626008150,0,1233489200,533794550,4506757700,892431600,7166473050,4570918500,4780000,2324351100,266423450,7166473050
2019-06-24,11951,12000,11901,11951,881567,0.42013276195277705,-350488,1106,157826,191556,0,113505,1106,552569,210870,878050,463993,0,394743,19314,878050,-4197262700,13272000,1884574650,2299416050,0,1364089900,13272000,6625440700,2530821850,10533624450,5561352600,0,4740866050,231405800,10533624450
2019-06-25,11951,12000,11901,11951,1003338,0.0,-309541,203473,222247,-116179,0,122895,203473,631159,41808,999335,432436,0,408912,157987,999335,-3700404450,2440403650,2649699000,-1389698200,0,1469862500,2440403650,7554035450,501697650,11965999250,5170266950,0,4904336450,1891395850,11965999250
2019-06-26,11951,12051,11901,12051,951673,0.8367500627562547,33670,218850,-272169,19649,0,144834,218850,460298,123894,947876,111164,0,732467,104245,947876,413876300,2632847000,-3285198550,238475250,0,1744564600,2632847000,5532953850,1488543550,11398909000,1330688300,0,8818152400,1250068300,11398909000
2019-06-27,11800,11950,11701,11702,1794872,-2.8960252261223136,-576994,-161849,914611,-175768,0,274602,8196,1393176,111736,1787710,851596,170045,478565,287504,1787710,-6808447100,-1916392500,10801440000,-2076600400,0,3248708800,96777550,16488933950,1324765000,21159185300,10057155900,2013170050,5687493950,3401365400,21159185300
2019-06-28,11751,11800,11701,11752,373952,0.42727738848060165,-79327,5000,68139,6188,0,105808,5000,212792,48861,372461,185135,0,144653,42673,372461,-935276750,59000000,802791250,73485500,0,1248827700,59000000,2508442700,576585250,4392855650,2184104450,0,1705651450,503099750,4392855650
2019-07-01,11750,11800,11701,11702,600162,-0.42545949625595647,81360,1890,110403,-193653,0,136934,1890,433047,25897,597768,55574,0,322644,219550,597768,962604050,22227500,1298414750,-2283246300,0,1616274900,22227500,5102167550,305760350,7046430300,653670850,0,3803752800,2589006650,7046430300
2019-07-02,11751,11800,11701,11752,502188,0.42727738848060165,-42033,191450,-102282,-47135,0,48615,201450,216885,33235,500185,90648,10000,319167,80370,500185,-495216850,2259110000,-1209735600,-554157550,0,574468050,2377110000,2554553850,392212200,5898344100,1069684900,118000000,3764289450,946369750,5898344100
2019-07-03,11751,11801,11653,11653,531811,-0.8424098025867938,61626,-2453,294629,-353802,0,74909,2841,439551,12389,529690,13283,5294,144922,366191,529690,724075750,-28839350,3459925800,-4155162200,0,880585700,33364250,5161934800,145784050,6221668800,156509950,62203600,1702009000,4300946250,6221668800
2019-07-04,11652,11701,11553,11603,605667,-0.4290740581824423,-64011,-6689,103851,-33151,0,156555,3311,394181,49204,603251,220566,10000,290330,82355,603251,-745280400,-77926800,1209643700,-386436500,0,1823999700,38573200,4592030700,574222550,7028826150,2569280100,116500000,3382387000,960659050,7028826150
2019-07-05,11603,11652,11603,11603,170434,0.0,3297,623,12569,-16489,0,42252,1078,113672,12753,169755,38955,455,101103,29242,169755,38911300,7295750,145790600,-191997650,0,493954700,12598750,1327246700,149061400,1982861550,455043400,5303000,1181456100,341059050,1982861550
2019-07-08,11652,11652,11503,11553,514843,-0.4309230371455658,37793,-154,-18947,-18692,0,108183,14801,302153,87652,512789,70390,14955,321100,106344,512789,435952950,-2036400,-218191250,-215725300,0,1255231650,171691600,3506970800,1017863750,5951757800,819278700,173728000,3725162050,1233589050,5951757800
2019-07-09,11551,11551,11402,11403,738179,-1.2983640612827836,177844,21182,-230720,31694,0,283574,27207,330599,93854,735234,105730,6025,561319,62160,735234,2047349600,243126750,-2655588900,365112550,0,3268278450,312413750,3804426950,1081820950,8466940100,1220928850,69287000,6460015850,716708400,8466940100
2019-07-10,11352,11501,11352,11453,417658,0.4384811014645269,-172341,-4292,98223,78410,0,9403,10708,285127,110755,415993,181744,15000,186904,32345,415993,-1983257250,-49405500,1129902700,902760050,0,108300450,123144500,3280204600,1274652600,4786302150,2091557700,172550000,2150301900,371892550,4786302150
2019-07-11,11452,11501,11402,11453,436359,0.0,-43819,5372,-18980,57427,0,134148,5542,207761,87168,434619,177967,170,226741,29741,434619,-507991900,61826200,-215493800,661659500,0,1537939400,63772700,2386467100,1002975900,4991155100,2045931300,1946500,2601960900,341316400,4991155100
2019-07-12,11451,11451,11153,11303,1180220,-1.3097005151488694,-203950,19699,61568,122683,0,244303,20039,724958,186212,1175512,448253,340,663390,63529,1175512,-2303705200,222609100,697396150,1383699950,0,2776346750,226468100,8208168250,2105789250,13316772350,5080051950,3859000,7510772100,722089300,13316772350
2019-07-15,11353,11403,10955,11105,1606250,-1.7517473237193666,55435,63008,-179283,60840,0,321550,74301,833644,370347,1599842,266115,11293,1012927,309507,1599842,630628250,697808300,-1999676200,671239650,0,3582311750,823176350,9275602800,4120739800,17801830700,2951683500,125368050,11275279000,3449500150,17801830700
2019-07-16,11104,11104,11005,11055,964007,-0.45024763619990993,137779,46567,-20624,-163722,0,176437,49941,376290,357493,960161,38658,3374,396914,521215,960161,1529755850,515850200,-230765250,-1814840800,0,1957741800,553278050,4172394350,3968289250,10651703450,427985950,37427850,4403159600,5783130050,10651703450
2019-07-17,11103,11103,10555,10905,2958500,-1.3568521031207599,463441,106378,-160309,-409510,0,936927,115624,1174036,720108,2946695,473486,9246,1334345,1129618,2946695,5041966700,1160086050,-1740973050,-4461079700,0,10186130200,1260289350,12728123000,7846298250,32020840800,5144163500,100203300,14469096050,12307377950,32020840800
2019-07-18,10903,11401,10705,11253,1844679,3.191196698762036,302069,97792,-82597,-317264,0,715100,107211,673553,341455,1837319,413031,9419,756150,658719,1837319,3400396200,1103786150,-942603300,-3561579050,0,8065145900,1207132250,7511937850,3804366500,20588582500,4664749700,103346100,8454541150,7365945550,20588582500
2019-07-19,11253,11503,11204,11503,1132673,2.2216297876121924,194139,-33660,-112503,-47976,0,487983,5740,372664,261767,1128154,293844,39400,485167,309743,1128154,2232371750,-383989800,-1298816150,-549565800,0,5597971150,65532700,4258555950,2994647500,12916707300,3365599400,449522500,5557372100,3544213300,12916707300
2019-07-22,11553,11751,11453,11603,1902940,0.869338433452143,888167,-309418,-435243,-143506,0,1573680,11532,259607,50529,1895348,685513,320950,694850,194035,1895348,10361291650,-3591862000,-5096101550,-1673328100,0,18339341600,133288000,3021672400,588724400,22083026400,7978049950,3725150000,8117773950,2262052500,22083026400
2019-07-23,11652,11701,11552,11702,719493,0.8532276135482204,196929,-17960,-65398,-113571,0,492467,13100,142935,68121,716623,295538,31060,208333,181692,716623,2303094050,-211974150,-767704500,-1323415400,0,5755841050,152019950,1666197400,796797100,8370855500,3452747000,363994100,2433901900,2120212500,8370855500
2019-07-24,11701,11750,11602,11702,847491,0.0,124643,1,-71283,-53361,0,675101,1,92776,76233,844111,550458,0,164059,129594,844111,1462123150,11700,-837702950,-624431900,0,7928939550,11700,1086966550,894429650,9910347450,6466816400,0,1924669500,1518861550,9910347450
2019-07-25,11750,11750,11602,11702,994085,0.0,206827,-16864,-84132,-105831,0,807963,1436,134189,46531,990119,601136,18300,218321,152362,990119,2429973150,-199168100,-988341300,-1242463750,0,9493196650,16756900,1577064250,547424450,11634442250,7063223500,215925000,2565405550,1789888200,11634442250
2019-07-26,11701,11701,11552,11702,808825,0.0,168499,22221,-167424,-23296,0,533762,22225,92861,156750,805598,365263,4,260285,180046,805598,1972140350,259403100,-1956807300,-274736150,0,6245423550,259450100,1084503300,1832298200,9421675150,4273283200,47000,3041310600,2107034350,9421675150
2019-07-29,11652,11652,11503,11603,649032,-0.8460092291915913,138744,22153,-5573,-155324,0,452791,22153,125862,45637,646443,314047,0,131435,200961,646443,1616097600,257523550,-67364650,-1806256500,0,5270951150,257523550,1463036050,531589750,7523100500,3654853550,0,1530400700,2337846250,7523100500
2019-07-30,11553,11652,11503,11603,323700,0.0,41820,19613,61119,-122552,0,138012,19613,162298,2486,322409,96192,0,101179,125038,322409,488679800,226721250,709684900,-1425085950,0,1608463300,226721250,1887058500,28878900,3751121950,1119783500,0,1177373600,1453964850,3751121950
2019-07-31,11603,11603,11503,11603,325948,0.0,69905,28265,-35573,-62597,0,190104,28265,103581,2698,324648,120199,0,139154,65295,324648,812165200,327765900,-413853900,-726077200,0,2205478650,327765900,1200605900,31324150,3765174600,1393313450,0,1614459800,757401350,3765174600
2019-08-01,11602,11652,11453,11503,582164,-0.8618460742911316,49970,20702,172543,-243215,0,267003,23161,263494,26183,579841,217033,2459,90951,269398,579841,581122950,238403050,1987681650,-2807207650,0,3080255400,266681550,3038743700,302245550,6687926200,2499132450,28278500,1051062050,3109453200,6687926200
2019-08-02,11453,11503,11303,11503,491725,0.0,70727,-1352,-70550,1175,0,134783,2377,203042,149561,489763,64056,3729,273592,148386,489763,812226450,-15470750,-813362850,16607150,0,1548383600,27261550,2324048350,1717423200,5617116700,736157150,42732300,3137411200,1700816050,5617116700
2019-08-05,11451,11551,11252,11353,1167306,-1.3040076501782143,544901,785,-311002,-234684,0,769348,1602,359787,31911,1162648,224447,817,670789,266595,1162648,6209977500,8808950,-3548399600,-2670386850,0,8761516100,18122750,4088223000,362769050,13230630900,2551538600,9313800,7636622600,3033155900,13230630900
2019-08-06,11053,11401,11003,11303,1325810,-0.4404122258433894,548620,-5193,-542150,-1277,0,734888,7007,377453,201172,1320520,186268,12200,919603,202449,1320520,6214938950,-59411550,-6134182400,-21345000,0,8313548450,78338450,4233400750,2260854600,14886142250,2098609500,137750000,10367583150,2282199600,14886142250
2019-08-07,11353,11403,11155,11205,572845,-0.8670264531540298,110508,1391,49115,-161014,0,235055,1391,256185,77929,570560,124547,0,207070,238943,570560,1254654050,15653750,548475700,-1818783500,0,2657744400,15653750,2894738250,884311050,6452447450,1403090350,0,2346262550,2703094550,6452447450
2019-08-08,11203,11351,11203,11303,523843,0.8746095493083444,7680,1550,30680,-39910,0,185815,1865,203978,130095,521753,178135,315,173298,170005,521753,93011850,17539250,342787500,-453338600,0,2107629350,21112500,2306098100,1474325450,5909165400,2014617500,3573250,1963310600,1927664050,5909165400
2019-08-09,11252,11401,11203,11303,415246,0.0,188180,-29799,-12488,-145893,0,196486,201,177655,39248,413590,8306,30000,190143,185141,413590,2139220650,-339146800,-144749350,-1655324500,0,2233704500,2276300,2017169600,445483450,4698633850,94483850,341423100,2161918950,2100807950,4698633850
2019-08-12,11302,11451,11252,11353,467999,0.44236043528266833,46429,19625,-34419,-31635,0,260885,19625,160653,24970,466133,214456,0,195072,56605,466133,532214050,223750000,-395344300,-360619750,0,2977597500,223750000,1831827000,284325400,5317499900,2445383450,0,2227171300,644945150,5317499900
2019-08-13,11353,11603,11303,11603,699203,2.202061129216947,134188,-2912,-189704,58428,0,278322,90,277078,140923,696413,144134,3002,466782,82495,696413,1555238550,-33636100,-2204435000,682832550,0,3218092000,1037000,3187395500,1634945550,8041470050,1662853450,34673100,5391830500,952113000,8041470050
2019-08-14,11602,11652,11353,11503,731049,-0.8618460742911316,-120325,17345,463640,-360660,0,137651,17345,546983,26154,728133,257976,0,83343,386814,728133,-1377884250,199038950,5333043850,-4154198550,0,1584106350,199038950,6293728500,303155900,8380029700,2961990600,0,960684650,4457354450,8380029700
2019-08-16,11401,11451,11302,11303,379636,-1.738676866904286,75109,5168,97164,-177441,0,114043,7428,219493,37158,378122,38934,2260,122329,214599,378122,857775200,58925200,1106131250,-2022831650,0,1302498850,84681700,2502446450,423929700,4313556700,444723650,25756500,1396315200,2446761350,4313556700
2019-08-19,11302,11451,11252,11353,498411,0.44236043528266833,152755,-74516,50428,-128667,0,225491,2514,179535,88883,496423,72736,77030,129107,217550,496423,1742811300,-845456900,564607000,-1461961400,0,2570792050,28489450,2037198400,1013077900,5649557800,827980750,873946350,1472591400,2475039300,5649557800
2019-08-20,11401,11401,11302,11353,297551,0.0,2825,10768,28273,-41866,0,123101,11268,150296,11700,296365,120276,500,122023,53566,296365,34244100,122430150,320379800,-477054050,0,1403510800,128155150,1711476100,133600550,3376742600,1369266700,5725000,1391096300,610654600,3376742600
2019-08-21,11302,11451,11302,11403,266861,0.4404122258433894,36919,53832,-41482,-49269,0,64453,54132,131817,15395,265797,27534,300,173299,64664,265797,421461950,613390450,-473671250,-561181150,0,736677000,616825450,1502539800,176137000,3032179250,315215050,3435000,1976211050,737318150,3032179250
2019-08-22,11402,11451,11352,11403,236030,0.0,-22165,1977,7991,12197,0,38614,1977,94077,100421,235089,60779,0,86086,88224,235089,-254026250,22636650,91501700,139887900,0,441923750,22636650,1077201450,1150010300,2691772150,695950000,0,985699750,1010122400,2691772150
2019-08-23,11451,11501,11352,11403,895812,0.0,55746,-1645,-53393,-708,0,104058,3355,111228,673597,892238,48312,5000,164621,674305,892238,641586400,-19085250,-615930500,-6570650,0,1195970250,38414750,1275466700,7732649247,10242500947,554383850,57500000,1891397200,7739219897,10242500947
2019-08-26,11352,11451,11352,11353,191138,-0.4384811014645269,27783,5501,-32886,-398,0,51072,5751,93403,40150,190376,23289,250,126289,40548,190376,318545750,62998950,-377571200,-3973500,0,585011450,65848950,1068115100,459631050,2178606550,266465700,2850000,1445686300,463604550,2178606550
2019-08-27,11401,11401,11352,11353,195082,0.0,-23529,2340,18080,3109,0,43871,2340,112809,35284,194304,67400,0,94729,32175,194304,-267099650,26793000,204146950,36159700,0,501301950,26793000,1287785450,403083550,2218963950,768401600,0,1083638500,366923850,2218963950
2019-08-28,11401,11451,11352,11353,304581,0.0,-84874,50439,17250,17185,0,21683,50439,152998,78246,303366,106557,0,135748,61061,303366,-968823200,576339050,195364100,197120050,0,247326050,576339050,1747014450,894322900,3465002450,1216149250,0,1551650350,697202850,3465002450
2019-08-29,11402,11451,11352,11403,474553,0.4404122258433894,-54196,-24409,69923,8682,0,17548,4980,168889,281244,472661,71744,29389,98966,272562,472661,-620032300,-278263600,798541500,99754400,0,200878800,57021000,1931812000,3218073255,5407785055,820911100,335284600,1133270500,3118318855,5407785055
2019-08-30,11403,11503,11353,11503,477170,0.8769622029290538,-113502,5162,66700,41640,0,64691,7336,314812,88428,475267,178193,2174,248112,46788,475267,-1301203350,59241150,759007400,482954800,0,745726000,84300850,3613473800,1019760500,5463261150,2046929350,25059700,2854466400,536805700,5463261150
2019-09-02,11503,11552,11453,11503,515450,0.0,-27043,-233751,171920,88874,0,30630,7249,316252,159263,513394,57673,241000,144332,70389,513394,-312743450,-2692891600,1979066450,1026568600,0,353896950,83708400,3649578750,1838885200,5926069300,666640400,2776600000,1670512300,812316600,5926069300
2019-09-03,11503,11552,11453,11503,402257,0.0,-110552,201,109699,652,0,17200,201,170816,212436,400653,127752,0,61117,211784,400653,-1277369850,2311500,1266676350,8382000,0,198662200,2311500,1971839950,2453128138,4625941788,1476032050,0,705163600,2444746138,4625941788
2019-09-04,11503,11503,11453,11503,199740,0.0,23452,-508,50339,-73283,0,45147,492,132897,20408,198944,21695,1000,82558,93691,198944,269727050,-5892000,578240500,-842075550,0,519827000,5658000,1529961050,235712350,2291158400,250099950,11550000,951720550,1077787900,2291158400
2019-09-05,11501,11501,11452,11453,416654,-0.4346692167260715,-137710,-75,158406,-20621,0,74831,5385,245479,89298,414993,212541,5460,87073,109919,414993,-1585744750,-862500,1822183050,-235575800,0,863610800,61927500,2825092500,1029748823,4780379623,2449355550,62790000,1002909450,1265324623,4780379623
2019-09-06,11453,11503,11453,11503,179503,0.4365668383829564,-1976,300,48061,-46385,0,65617,300,107588,5283,178788,67593,0,59527,51668,178788,-22393850,3450000,552359550,-533415700,0,755068650,3450000,1237672050,60848450,2057039150,777462500,0,685312500,594264150,2057039150
2019-09-09,11452,11501,11402,11453,306871,-0.4346692167260715,-32526,-1915,31726,2715,0,49018,1207,196418,59004,305647,81544,3122,164692,56289,305647,-371204250,-22056750,361355000,31906000,0,563027850,13830150,2254490400,677996500,3509344900,934232100,35886900,1893135400,646090500,3509344900
2019-09-10,11451,11451,11352,11403,679542,-0.4365668383829564,-48748,-7707,100568,-44113,0,426296,8679,193566,48291,676832,475044,16386,92998,92404,676832,-557392750,-88290650,1149999450,-504316050,0,4881699100,99374550,2216170350,553472150,7750716150,5439091850,187665200,1066170900,1057788200,7750716150
2019-09-11,11402,11452,11352,11453,461504,0.4384811014645269,-32367,10394,121039,-99066,0,103281,10610,240424,105349,459664,135648,216,119385,204415,459664,-366890000,118511600,1378631900,-1130253500,0,1182305950,120974000,2746220700,1206838600,5256339250,1549195950,2462400,1367588800,2337092100,5256339250
2019-09-16,11452,11501,11402,11453,317358,0.0,-20657,1504,8366,10787,0,54891,3504,125846,131852,316093,75548,2000,117480,121065,316093,-236209900,17236000,94905650,124068250,0,631240850,40236000,1445307100,1515082960,3631866910,867450750,23000000,1350401450,1391014710,3631866910
2019-09-17,11453,11503,11453,11503,218197,0.4365668383829564,-28961,0,7627,21334,0,25798,0,132203,59326,217327,54759,0,124576,37992,217327,-335070850,0,87828750,247242100,0,296876250,0,1521490950,684255650,2502622850,631947100,0,1433662200,437013550,2502622850
2019-09-18,11501,11501,11452,11453,228764,-0.4346692167260715,-48637,4110,94592,-50065,0,45538,4110,148221,29983,227852,94175,0,53629,80048,227852,-562424750,47295000,1089708350,-574578600,0,524218250,47295000,1706734000,345976800,2624224050,1086643000,0,617025650,920555400,2624224050
2019-09-19,11453,11553,11453,11553,412391,0.8731336767659128,67545,3127,-126342,55670,0,119554,3177,204938,83078,410747,52009,50,331280,27408,410747,779442800,36016850,-1461934250,646474600,0,1379864450,36594350,2362790500,962091600,4741340900,600421650,577500,3824724750,315617000,4741340900
2019-09-20,11553,11751,11553,11603,1901413,0.4327880204275945,-988352,55484,-61656,994524,0,241465,63484,528077,1060800,1893826,1229817,8000,589733,66276,1893826,-11535151500,649437000,-726803350,11612517850,0,2822790050,742822000,6177925800,12387800500,22131338350,14357941550,93385000,6904729150,775282650,22131338350
2019-09-23,11652,11701,11553,11603,423359,0.0,-16195,-1052,33727,-16480,0,87753,3250,295387,35280,421670,103948,4302,261660,51760,421670,-189841100,-12513400,392790750,-190436250,0,1022945050,37820000,3440776600,411152400,4912694050,1212786150,50333400,3047985850,601588650,4912694050
2019-09-24,11602,11652,11553,11553,342314,-0.4309230371455658,-111290,972,123277,-12959,0,78501,10972,196602,54874,340949,189791,10000,73325,67833,340949,-1291976700,11541600,1430992600,-150557500,0,913709450,127541600,2282775050,636569200,3960595300,2205686150,116000000,851782450,787126700,3960595300
2019-09-25,11552,11701,11552,11702,558572,1.2897083008742318,-72420,27814,-131573,176179,0,31383,39250,238778,246933,556344,103803,11436,370351,70754,556344,-844322350,324104900,-1536289950,2056507400,0,367123850,457262500,2788256950,2880360350,6493003650,1211446200,133157600,4324546900,823852950,6493003650
2019-09-26,11701,11701,11602,11702,473917,0.0,26643,-7688,-62614,43659,0,204167,11312,115511,141037,472027,177524,19000,178125,97378,472027,308812600,-89949600,-732811950,513948950,0,2392677100,132350400,1351682350,1652925800,5529635650,2083864500,222300000,2084494300,1138976850,5529635650
2019-09-27,11701,11701,11602,11702,493290,0.0,32238,-103543,80302,-8997,0,269938,5457,202065,13863,491323,237700,109000,121763,22860,491323,373116100,-1211441950,943558800,-105232950,0,3163450500,63858050,2368856200,162230250,5758395000,2790334400,1275300000,1425297400,267463200,5758395000
2019-09-30,11652,11701,11652,11702,274484,0.0,19317,517,6046,-25880,0,89049,517,101024,82800,273390,69732,0,94978,108680,273390,224929650,6074750,71795150,-302799550,0,1043946450,6074750,1184485450,970787682,3205294332,819016800,0,1112690300,1273587232,3205294332
2019-10-01,11653,11751,11653,11653,866819,-0.41873184071098957,-146824,-1108,128473,19459,0,431913,4392,277097,149959,863361,578737,5500,148624,130500,863361,-1725804000,-12746650,1504391700,234158950,0,5071459450,51628350,3250652200,1761854500,10135594500,6797263450,64375000,1746260500,1527695550,10135594500
2019-10-02,11701,11701,11652,11702,450748,0.42049257701879345,84524,23400,-137517,29593,0,187300,28400,163577,69673,448950,102776,5000,301094,40080,448950,990053100,273635000,-1610822550,347134450,0,2196455100,332385000,1915265450,816134850,5260240400,1206402000,58750000,3526088000,469000400,5260240400
2019-10-04,11701,11750,11652,11702,842470,0.0,-275278,628,-78557,353207,0,276170,21128,174195,367616,839109,551448,20500,252752,14409,839109,-3234316650,8573500,-928114800,4153857950,0,3244955700,248448500,2045275600,4322729900,9861409700,6479272350,239875000,2973390400,168871950,9861409700
2019-10-07,11701,11701,11652,11702,585638,0.0,544,11842,-47439,35053,0,258052,50342,150496,124412,583302,257508,38500,197935,89359,583302,162450,140048500,-553411150,413200200,0,3025857050,590498500,1763172300,1458847250,6838375100,3025694600,450450000,2316583450,1045647050,6838375100
2019-10-08,11701,11701,11652,11702,387809,0.0,84758,10636,-88766,-6628,0,201552,20636,95558,68516,386262,116794,10000,184324,75144,386262,993373600,124468000,-1042139500,-75702100,0,2365138950,241468000,1121350050,804035500,4531992500,1371765350,117000000,2163489550,879737600,4531992500
2019-10-10,11701,11751,11701,11752,1085514,0.42727738848060165,217297,-15300,-191861,-10136,0,255435,100,161657,663991,1081183,38138,15400,353518,674127,1081183,2559530750,-180240000,-2261018550,-118272200,0,3009093150,1180000,1905719100,7825866995,12741859245,449562400,181420000,4166737650,7944139195,12741859245
2019-10-11,11750,11850,11750,11851,641461,0.8424098025867938,52196,-84739,-105097,137640,0,269352,361,211317,157872,638902,217156,85100,316414,20232,638902,618232600,-1007641650,-1247584250,1636993300,0,3196101500,4295850,2508038150,1876701650,7585137150,2577868900,1011937500,3755622400,239708350,7585137150
2019-10-14,11851,11901,11851,11901,616453,0.4219053244451945,-10158,35909,-57238,31487,0,249005,62506,201421,101062,613994,259163,26597,258659,69575,613994,-122177850,427093450,-683662400,378746800,0,2972520350,743847750,2402575750,1207626000,7326569850,3094698200,316754300,3086238150,828879200,7326569850
2019-10-15,11901,12000,11901,11951,828707,0.42013276195277705,171152,-35650,-112379,-23123,0,489214,1450,250380,84357,825401,318062,37100,362759,107480,825401,2058502950,-426862500,-1352306100,-279334350,0,5870097850,17340000,2999159550,1009722050,9896319450,3811594900,444202500,4351465650,1289056400,9896319450
2019-10-16,11950,12000,11851,11901,793924,-0.41837503137812737,-287554,-4099,343834,-52181,0,78064,901,559669,152123,790757,365618,5000,215835,204304,790757,-3442702650,-48708050,4112167400,-620756700,0,932551700,10791950,6693091200,1820012800,9456447650,4375254350,59500000,2580923800,2440769500,9456447650
2019-10-17,11899,11899,11850,11851,214575,-0.42013276195277705,17313,-24540,9470,-2243,0,87492,460,101156,24611,213719,70179,25000,91686,26854,213719,205980400,-292003000,112559450,-26536850,0,1041260500,5497000,1205284300,293062450,2545104250,835280100,297500000,1092724850,319599300,2545104250
2019-10-18,11901,11951,11851,11951,495916,0.843810648890389,-148777,-13965,15324,147418,0,147219,1035,166658,179026,493938,295996,15000,151334,31608,493938,-1784715500,-166881750,187307400,1764289850,0,1761547450,12368250,1996097700,2141963450,5911976850,3546262950,179250000,1808790300,377673600,5911976850
2019-10-21,11949,11949,11850,11851,556704,-0.8367500627562547,-68937,-25998,212552,-117617,0,90594,14657,412805,36428,554484,159531,40655,200253,154045,554484,-822633200,-310325950,2537902300,-1404943150,0,1080326650,174493300,4931622200,434195450,6620637600,1902959850,484819250,2393719900,1839138600,6620637600
2019-10-22,11851,11901,11851,11901,279972,0.4219053244451945,29133,13453,-9809,-32777,0,146967,16453,94457,20979,278856,117834,3000,104266,53756,278856,345654050,160096200,-115536650,-390213600,0,1753755650,195796200,1127376250,250699050,3327627150,1408101600,35700000,1242912900,640912650,3327627150
2019-10-23,11850,11899,11850,11851,389111,-0.42013276195277705,-19436,0,111581,-92145,0,103183,0,247991,36385,387559,122619,0,136410,128530,387559,-231834050,0,1327958800,-1096124750,0,1229937600,0,2952263300,433427750,4615628650,1461771650,0,1624304500,1529552500,4615628650
2019-10-24,11850,11899,11800,11851,386037,0.0,34791,-34999,37609,-37401,0,170479,1,203179,10838,384497,135688,35000,165570,48239,384497,415347050,-414888100,444427700,-444886650,0,2029955950,11900,2415277350,128972200,4574217400,1614608900,414900000,1970849650,573858850,4574217400
2019-10-25,11849,11849,11750,11801,383493,-0.4219053244451945,-105002,-62952,187050,-19096,0,32118,1614,322522,25710,381964,137120,64566,135472,44806,381964,-1244862250,-744854050,2216034050,-226317750,0,380902250,19125900,3821778600,304663500,4526470250,1625764500,763979950,1605744550,530981250,4526470250
2019-10-28,11800,11850,11652,11702,780796,-0.8389119566138463,-299100,3723,327297,-31920,0,217753,23723,508319,27886,777681,516853,20000,181022,59806,777681,-3523877200,44411400,3857329150,-377863350,0,2570002150,279911400,5994275100,328019650,9172208300,6093879350,235500000,2136945950,705883000,9172208300
2019-10-29,11700,11800,11700,11801,379530,0.8460092291915913,-8936,154,-4064,12846,0,202176,154,143501,32185,378016,211112,0,147565,19339,378016,-106510550,1817200,-47203650,151897000,0,2387813400,1817200,1694402100,380048250,4464080950,2494323950,0,1741605750,228151250,4464080950
2019-10-30,11800,11800,11750,11801,303433,0.0,-14442,-3590,5888,12144,0,88989,9190,157896,46148,302223,103431,12780,152008,34004,302223,-171967300,-42362000,68968250,145361050,0,1050289300,108442000,1865122700,546806350,3570660350,1222256600,150804000,1796154450,401445300,3570660350
2019-10-31,11750,11800,11750,11801,327172,0.0,-76131,34750,31778,9603,0,121518,34750,143850,25749,325867,197649,0,112072,16146,325867,-901195200,410050000,376672950,114472250,0,1434813950,410050000,1700476350,305075600,3850415900,2336009150,0,1323803400,190603350,3850415900
2019-11-01,11800,11800,11750,11801,479570,0.0,-67408,4500,23906,39002,0,203720,19550,160077,94310,477657,271128,15050,136171,55308,477657,-801412650,53900000,282971300,464541350,0,2411449550,231492500,1894433750,1117573500,5654949300,3212862200,177592500,1611462450,653032150,5654949300
2019-11-04,11750,11800,11750,11801,355056,0.0,-35434,-3475,34934,3975,0,166495,6525,134818,45802,353640,201929,10000,99884,41827,353640,-422867850,-41005000,414918500,48954350,0,1969923300,76995000,1595910900,542740350,4185569550,2392791150,118000000,1180992400,493786000,4185569550
2019-11-05,11800,11800,11750,11801,482014,0.0,-100587,-45901,90921,55567,0,226065,4101,188876,61050,480092,326652,50002,97955,5483,480092,-1189976550,-543601850,1075438450,658139950,0,2669712650,48421850,2232998400,722843250,5673976150,3859689200,592023700,1157559950,64703300,5673976150
2019-11-06,11800,11800,11750,11801,440016,0.0,63697,10101,-76809,3011,0,330123,15101,76370,16667,438261,266426,5000,153179,13656,438261,749906950,119696850,-905931550,36327750,0,3906173600,178696850,904800500,197503950,5187174900,3156266650,59000000,1810732050,161176200,5187174900
2019-11-07,11800,11849,11750,11801,1045132,0.0,-363023,9402,186519,167102,0,244350,14402,604439,177771,1040962,607373,5000,417920,10669,1040962,-4303071750,111163750,2206829150,1985078850,0,2893660100,170413750,7168115150,2111486150,12343675150,7196731850,59250000,4961286000,126407300,12343675150
2019-11-08,11800,11850,11750,11851,333239,0.42369290738073045,-43516,5736,27617,10163,0,101280,10786,195183,24662,331911,144796,5050,167566,14499,331911,-516084450,67804850,327559200,120720400,0,1200202900,127649850,2314504750,292573600,3934931100,1716287350,59845000,1986945550,171853200,3934931100
2019-11-11,11800,11849,11800,11801,269348,-0.4219053244451945,27069,51,-131564,104444,0,34357,101,119900,113916,268274,7288,50,251464,9472,268274,321275500,606900,-1564979500,1243097100,0,407713300,1201900,1425992350,1355437700,3190345250,86437800,595000,2990971850,112340600,3190345250
2019-11-12,11800,11849,11750,11801,554699,0.0,-246743,9665,255322,-18244,0,148058,10950,378489,14990,552487,394801,1285,123167,33234,552487,-2921244050,114517750,3022286650,-215560350,0,1754178950,129745000,4480419600,177741200,6542084750,4675423000,15227250,1458132950,393301550,6542084750
2019-11-13,11800,11849,11750,11801,661125,0.0,-162533,-29513,129293,62753,0,178304,8487,378235,93462,658488,340837,38000,248942,30709,658488,-1921303350,-350482050,1526460800,745324600,0,2113115100,100217950,4477200250,1109173200,7799706500,4034418450,450700000,2950739450,363848600,7799706500
2019-11-14,11800,11850,11652,11702,924063,-0.8389119566138463,-410459,-6906,444908,-27543,0,309365,13094,558794,39124,920377,719824,20000,113886,66667,920377,-4835481400,-79820750,5239120050,-323817900,0,3652653050,154179250,6581407000,461196600,10849435900,8488134450,234000000,1342286950,785014500,10849435900
2019-11-15,11653,11701,11653,11653,595177,-0.41873184071098957,-119763,-2963,144738,-22012,0,177064,55750,303438,56550,592802,296827,58713,158700,78562,592802,-1404453750,-34776050,1694817300,-255587500,0,2078922200,652300000,3555723050,664283800,6951229050,3483375950,687076050,1860905750,919871300,6951229050
2019-11-18,11653,11751,11653,11653,713024,0.0,78740,-111233,7669,24824,0,253184,6852,402548,47596,710180,174444,118085,394879,22772,710180,923877400,-1301926100,87142250,290906450,0,2965551500,80168400,4714219150,558113550,8318052600,2041674100,1382094500,4627076900,267207100,8318052600
2019-11-19,11652,11751,11652,11752,393303,0.8495666352012358,-24394,-2000,-80553,106947,0,45360,10000,224327,112047,391734,69754,12000,304880,5100,391734,-285581400,-24100000,-949412000,1259093400,0,533886450,117000000,2636373350,1318944150,4606203950,819467850,141100000,3585785350,59850750,4606203950
2019-11-20,11750,11800,11701,11702,506551,-0.42545949625595647,131735,-5199,-138309,11773,0,259065,301,218972,26192,504530,127330,5500,357281,14419,504530,1555750100,-61358200,-1633724500,139332600,0,3054321300,3541800,2580811950,309045550,5947720600,1498571200,64900000,4214536450,169712950,5947720600
2019-11-21,11701,11751,11701,11752,247601,0.42727738848060165,135526,-3231,-128341,-3954,0,151886,5000,61318,28410,246614,16360,8231,189659,32364,246614,1596338650,-38214250,-1512955100,-45169300,0,1789299000,58750000,722695450,335238000,2905982450,192960350,96964250,2235650550,380407300,2905982450
2019-11-22,11701,11751,11701,11752,778421,0.0,95756,893,-69344,-27305,0,625646,5893,140259,3517,775315,529890,5000,209603,30822,775315,1129800350,10244900,-819319750,-320725500,0,7377197150,69244900,1651507350,41477700,9139427100,6247396800,59000000,2470827100,362203200,9139427100
2019-11-25,11750,11849,11700,11801,482637,0.4169503063308373,172869,-18755,-138093,-16021,0,266748,11,193465,20488,480712,93879,18766,331558,36509,480712,2044609350,-221808450,-1633722300,-189078600,0,3153908050,130350,2290864600,242786100,5687689100,1109298700,221938800,3924586900,431864700,5687689100
2019-11-26,11850,11850,11751,11752,254320,-0.41521904923311587,30591,4699,-12149,-23141,0,148518,4700,91887,8201,253306,117927,1,104036,31342,253306,360823000,55683150,-143337000,-273169150,0,1756258350,55695000,1088574100,97159750,2997687200,1395435350,11850,1231911100,370328900,2997687200
2019-11-27,11800,11800,11750,11801,345148,0.4169503063308373,49336,256,-26052,-23540,0,203204,3256,112385,24926,343771,153868,3000,138437,48466,343771,585596450,2883600,-310568400,-277911650,0,2403629250,38433600,1329312700,295373100,4066748650,1818032800,35550000,1639881100,573284750,4066748650
2019-11-28,11851,11901,11801,11901,974437,0.8473858147614609,71294,594,-146204,74316,0,711594,594,172091,86271,970550,640300,0,318295,11955,970550,847630300,7068600,-1739178500,884479600,0,8491083450,7068600,2047900900,1026712650,11572765600,7643453150,0,3787079400,142233050,11572765600
2019-11-29,11851,11901,11851,11901,329678,0.0,126600,-29066,-24330,-73204,0,222849,934,101592,2989,328364,96249,30000,125922,76193,328364,1508439750,-345838700,-290614800,-871986250,0,2656711250,11161300,1212762850,35718000,3916353400,1148271500,357000000,1503377650,907704250,3916353400
2019-12-02,11901,11901,11851,11901,571978,0.0,121973,-12097,-79102,-30774,0,345842,7903,175004,40948,569697,223869,20000,254106,71722,569697,1457385100,-143611100,-947075550,-366698450,0,4121804900,94388900,2085150200,488407700,6789751700,2664419800,238000000,3032225750,855106150,6789751700
2019-12-03,11850,11899,11850,11851,987555,-0.42013276195277705,187744,1049,-149091,-39702,0,837870,1050,135765,8931,983616,650126,1,284856,48633,983616,2240622000,12483050,-1779773200,-473331850,0,10005220900,12495000,1619182400,106669900,11743568200,7764598900,11950,3398955600,580001750,11743568200
2019-12-04,11851,11901,11851,11901,953703,0.4219053244451945,255479,-27604,-198364,-29511,0,830669,0,104787,14442,949898,575190,27604,303151,43953,949898,3047615250,-328862600,-2367323400,-351429250,0,9920128400,0,1251753700,172581350,11344463450,6872513150,328862600,3619077100,524010600,11344463450
2019-12-05,11901,11951,11851,11951,1019911,0.42013276195277705,149845,-6410,-140883,-2552,0,733009,850,210144,71839,1015842,583164,7260,351027,74391,1015842,1794412350,-76586450,-1690078200,-27747700,0,8786311750,10157500,2512516750,860761550,12169747550,6991899400,86743950,4202594950,888509250,12169747550
2019-12-06,11951,11951,11901,11951,569499,0.0,279588,-5209,-277481,3102,0,406768,517,143627,16316,567228,127180,5726,421108,13214,567228,3348174800,-62221700,-3323242700,37289600,0,4871231750,6204000,1722742900,195792000,6795970650,1523056950,68425700,5045985600,158502400,6795970650
2019-12-09,11951,12000,11901,12001,604681,0.41837503137812737,132635,6633,-72437,-66831,0,258792,13451,287487,42539,602269,126157,6818,359924,109370,602269,1591264950,79684900,-871073350,-799876500,0,3104487450,161494500,3445621800,509716250,7221320000,1513222500,81809600,4316695150,1309592750,7221320000
2019-12-10,12000,12000,11951,11951,755390,-0.41663194733772185,327313,1248,-66300,-262261,0,481112,19351,228880,23033,752376,153799,18103,295180,285294,752376,3930286000,14976050,-798349000,-3146913050,0,5782544200,232212050,2750013700,277376900,9042146850,1852258200,217236000,3548362700,3424289950,9042146850
2019-12-11,11951,12050,11951,12001,542898,0.41837503137812737,6105,115850,-178371,56416,0,164192,116000,94037,166504,540733,158087,150,272408,110088,540733,69464300,1396000000,-2148214550,682750250,0,1971010350,1397800000,1131931900,2006373200,6507115450,1901546050,1800000,3280146450,1323622950,6507115450
2019-12-12,12001,12051,11951,12051,1316824,0.41663194733772185,-56364,188755,-169433,37042,0,579690,197755,419896,114229,1311570,636054,9000,589329,77187,1311570,-678273100,2282655450,-2053946950,449564600,0,7003025850,2391542950,5066522850,1381162700,15842254350,7681298950,108887500,7120469800,931598100,15842254350
2019-12-13,12050,12100,12000,12001,294572,-0.4149033275246868,117284,31050,-38564,-109770,0,150151,31050,105833,6363,293397,32867,0,144397,116133,293397,1413223550,375662500,-465149950,-1323736100,0,1809487250,375662500,1279110750,76938850,3541199350,396263700,0,1744260700,1400674950,3541199350
2019-12-16,12050,12050,11951,12001,520028,0.0,36541,50461,-107012,20010,0,136367,55461,287051,39075,517954,99826,5000,394063,19065,517954,440153600,607985700,-1289616650,241477350,0,1643342950,668085700,3460610050,471207750,6243246450,1203189350,60100000,4750226700,229730400,6243246450
2019-12-17,12000,12000,11901,11901,800187,-0.8332638946754437,231308,5328,112225,-348861,0,262118,97078,417749,20050,796995,30810,91750,305524,368911,796995,2776675150,63739500,1344663700,-4185078350,0,3145946300,1164739500,5010742000,240385750,9561813550,369271150,1101000000,3666078300,4425464100,9561813550
2019-12-18,11899,11899,11800,11801,988621,-0.8402655239055541,-217636,30210,429607,-242181,0,56050,32836,794871,100920,984677,273686,2626,365264,343101,984677,-2584843400,359186500,5103839650,-2878182750,0,666091950,390414900,9446984600,1201239600,11704731050,3250935350,31228400,4343144950,4079422350,11704731050
2019-12-19,11801,11801,11603,11653,1475605,-1.2541310058469621,-296039,91109,514711,-309781,0,47877,101431,1197892,122518,1469718,343916,10322,683181,432299,1469718,-3477243500,1070766900,6051792950,-3645316350,0,562880200,1192050400,14081024700,1440846900,17276802200,4040123700,121283500,8029231750,5086163250,17276802200
2019-12-20,11653,11751,11603,11653,773823,0.0,8529,27924,167849,-204302,0,24717,28053,548801,169165,770736,16188,129,380952,373467,770736,100764150,328080600,1968698650,-2397543400,0,290631450,329589900,6445313550,1988403750,9053938650,189867300,1509300,4476614900,4385947150,9053938650
2019-12-23,11651,11800,11651,11801,872680,1.2700592122200292,127531,2703,-127540,-2694,0,179086,2703,579034,108376,869199,51555,0,706574,111070,869199,1510721450,32010500,-1511673300,-31058650,0,2118728800,32010500,6832926150,1279708200,10263373650,608007350,0,8344599450,1310766850,10263373650
2019-12-24,11800,11850,11750,11851,679019,0.42369290738073045,-24319,102629,-14423,-63887,0,65171,107522,472492,31126,676311,89490,4893,486915,95013,676311,-285059450,1216030850,-173628250,-757343150,0,774547300,1274011800,5604870900,369199050,8022629050,1059606750,57980950,5778499150,1126542200,8022629050
2019-12-26,11800,11850,11800,11851,1546257,0.0,-716,30573,7784,-37641,0,101319,50554,1369383,18831,1540087,102035,19981,1361599,56472,1540087,-9354250,361565250,94316800,-446527800,0,1204546000,599092600,16273813500,223856300,18301308400,1213900250,237527350,16179496700,670384100,18301308400
2019-12-27,11603,11652,11553,11603,1349459,-2.0926504092481646,-110220,-162740,453890,-180930,0,228495,4329,1030890,80361,1344075,338715,167069,577000,261291,1344075,-1283669050,-1898738850,5286562400,-2104154500,0,2667562200,50468450,12019409800,939923200,15677363650,3951231250,1949207300,6732847400,3044077700,15677363650
2019-12-30,11602,11652,11553,11553,585295,-0.4309230371455658,66331,-29894,77955,-114392,0,152052,106,418166,12636,582960,85721,30000,340211,127028,582960,775696150,-348265400,902589500,-1330020250,0,1770431300,1234600,4862168400,147088450,6780922750,994735150,349500000,3959578900,1477108700,6780922750
2020-01-02,11553,11652,11503,11603,945338,0.4327880204275945,-12117,-16201,131074,-102756,0,125751,27792,432545,355479,941567,137868,43993,301471,458235,941567,-136029200,-189231950,1520120850,-1194859700,0,1463285850,323177200,5027302050,4132789150,10946554250,1599315050,512409150,3507181200,5327648850,10946554250
2020-01-03,11603,11652,11553,11603,936956,0.0,48327,3803,34001,-86131,0,192591,3803,208327,528497,933218,144264,0,174326,614628,933218,565667300,44304900,392831700,-1002803900,0,2240329600,44304900,2422282200,6148245402,10855162102,1674662300,0,2029450500,7151049302,10855162102
2020-01-06,11602,11602,11503,11553,506411,-0.4309230371455658,47481,7322,59791,-114594,0,131527,8803,328145,35917,504392,84046,1481,268354,150511,504392,553520400,84935200,691145250,-1329600850,0,1527282250,102114800,3806155000,416885300,5852437350,973761850,17179600,3115009750,1746486150,5852437350
2020-01-07,11551,11551,11452,11453,690532,-0.865576040855189,81342,-6961,60324,-134705,0,215515,3539,439728,28995,687777,134173,10500,379404,163700,687777,942994850,-80375500,691065400,-1553684750,0,2487772150,40874500,5068539100,334879600,7932065350,1544777300,121250000,4377473700,1888564350,7932065350
2020-01-08,11452,11501,11402,11453,758006,0.0,80900,-18167,86265,-148998,0,176865,4044,470861,103212,754982,95965,22211,384596,252210,754982,933265700,-208961450,987955250,-1712259500,0,2032921250,46465050,5404488350,1186162650,8670037300,1099655550,255426500,4416533100,2898422150,8670037300
2020-01-09,11402,11501,11402,11403,404540,-0.4365668383829564,788,8431,58373,-67592,0,103860,8431,250331,40305,402927,103072,0,191958,107897,402927,12605500,96686500,666448100,-775740100,0,1193278500,96686500,2870518050,463089200,4623572250,1180673000,0,2204069950,1238829300,4623572250
2020-01-10,11453,11602,11403,11553,388513,1.3154433043935807,40493,-3778,-50520,13805,0,59216,222,253457,74069,386964,18723,4000,303977,60264,386964,468203350,-43725900,-585363050,160885600,0,685237800,2574100,2932020550,857908750,4477741200,217034450,46300000,3517383600,697023150,4477741200
2020-01-13,11553,11603,11503,11603,423475,0.4327880204275945,7783,-362,-44747,37326,0,67483,5638,226678,121987,421786,59700,6000,271425,84661,421786,90860450,-4324200,-523041950,436505700,0,783400950,65425800,2629782550,1419171450,4897780750,692540500,69750000,3152824500,982665750,4897780750
2020-01-14,11602,11602,11503,11503,504859,-0.8618460742911316,11273,3442,-9908,-4807,0,72054,3689,247410,179692,502845,60781,247,257318,184499,502845,131158500,39917450,-119890650,-51185300,0,834036350,42781100,2861685750,2083967600,5822470800,702877850,2863650,2981576400,2135152900,5822470800
2020-01-15,11553,11553,11503,11553,250086,0.4346692167260715,-10360,1201,55810,-46651,0,53393,1201,183685,10810,249089,63753,0,127875,57461,249089,-119233500,13871550,644701200,-539339250,0,617260950,13871550,2123239400,125159200,2879531100,736494450,0,1478538200,664498450,2879531100
2020-01-16,11553,11553,11503,11553,356536,0.0,77544,-218,-75085,-2241,0,89380,3100,152706,109928,355114,11836,3318,227791,112169,355114,897778200,-2643000,-869207750,-25927450,0,1034494700,35805000,1766577750,1273787750,4110665200,136716500,38448000,2635785500,1299715200,4110665200
2020-01-17,11503,11552,11503,11503,409477,-0.4327880204275945,-35343,701,117247,-82605,0,124402,701,275810,6931,407844,159745,0,158563,89536,407844,-405993050,8096600,1354084800,-956188350,0,1439751650,8096600,3188512700,80322800,4716683750,1845744700,0,1834427900,1036511150,4716683750
2020-01-20,11552,11552,11503,11503,535526,0.0,149429,7500,-86874,-70055,0,301124,18318,194264,19684,533390,151695,10818,281138,89739,533390,1732381300,86122550,-1007544200,-810959650,0,3485303200,211572950,2246434450,228314500,6171625100,1752921900,125450400,3253978650,1039274150,6171625100
2020-01-21,11503,11553,11503,11553,288021,0.4346692167260715,116527,4896,-42510,-78913,0,127648,6000,143438,9786,286872,11121,1104,185948,88699,286872,1351194250,56598800,-493928850,-913864200,0,1480192850,69350000,1660367850,113517550,3323428250,128998600,12751200,2154296700,1027381750,3323428250
2020-01-22,11553,11602,11503,11553,338819,0.0,118259,17985,-2655,-133589,0,122393,17985,165484,31606,337468,4134,0,168139,165195,337468,1372884300,208626000,-32766850,-1548743450,0,1420797300,208626000,1918275650,366706150,3914405100,47913000,0,1951042500,1915449600,3914405100
2020-01-23,11553,11602,11503,11553,441444,0.0,82406,1100,114795,-198301,0,96144,1100,297299,45141,439684,13738,0,182504,243442,439684,955469950,12760000,1331683850,-2299913800,0,1114785500,12760000,3446026250,523648350,5097220100,159315550,0,2114342400,2823562150,5097220100
2020-01-28,11551,11551,11452,11453,646682,-0.865576040855189,143538,36159,-104549,-75148,0,156737,48159,378100,61106,644102,13199,12000,482649,136254,644102,1657035350,417254900,-1208116100,-866174150,0,1809332200,555774900,4360638600,705744650,7431490350,152296850,138520000,5568754700,1571918800,7431490350
2020-01-29,11453,11603,11453,11603,806034,1.3097005151488694,571410,5909,-297403,-279916,0,648705,5909,138496,9709,802819,77295,0,435899,289625,802819,6623131750,67998950,-3447796850,-3243333850,0,7522495950,67998950,1597152100,112253650,9299900650,899364200,0,5044948950,3355587500,9299900650
2020-01-30,11603,11603,11553,11603,683088,0.0,244057,-19663,-89756,-134638,0,515048,3536,109442,52337,680363,270991,23199,199198,186975,680363,2837843000,-228600500,-1044064850,-1565177650,0,5994381600,41017900,1271846550,609623050,7916869100,3156538600,269618400,2315911400,2174800700,7916869100
2020-01-31,11602,11602,11553,11553,641047,-0.4309230371455658,95983,1500,-46002,-51481,0,421511,1500,147604,67875,638490,325528,0,193606,119356,638490,1118451450,17400000,-536738550,-599112900,0,4909819200,17400000,1714891900,790664750,7432775850,3791367750,0,2251630450,1389777650,7432775850
2020-02-03,11553,11553,11503,11553,401270,0.0,60889,-1898,-66680,7689,0,80537,6102,156978,156053,399670,19648,8000,223658,148364,399670,704384400,-22066850,-772600700,90283150,0,931540300,70483150,1815377950,1807144900,4624546300,227155900,92550000,2587978650,1716861750,4624546300
2020-02-04,11553,11553,11503,11553,568476,0.0,-148637,22625,112376,13636,0,93526,24325,360283,88075,566209,242163,1700,247907,74439,566209,-1715907450,261858850,1295199450,158849150,0,1081421200,281578850,4163968650,1020353275,6547321975,2797328650,19720000,2868769200,861504125,6547321975
2020-02-05,11553,11553,11453,11553,618219,0.0,-63009,38015,33595,-8601,0,58892,38015,357268,161578,615753,121901,0,323673,170179,615753,-725320500,439573300,384834850,-99087650,0,679315850,439573300,4128226450,1870346900,7117462500,1404636350,0,3743391600,1969434550,7117462500
2020-02-06,11552,11552,11453,11503,633075,-0.4327880204275945,-114008,21621,121775,-29388,0,132593,21621,389713,86622,630549,246601,0,267938,116010,630549,-1310416750,249704150,1398819350,-338106750,0,1530509200,249704150,4493267100,1001324450,7274804900,2840925950,0,3094447750,1339431200,7274804900
2020-02-07,11503,11552,11453,11503,349859,0.0,129836,7300,-34481,-102655,0,144814,7300,195773,577,348464,14978,0,230254,103232,348464,1499768700,84265000,-400327150,-1183706550,0,1672181700,84265000,2257827700,6664350,4020938750,172413000,0,2658154850,1190370900,4020938750
2020-02-10,11503,11552,11453,11503,449235,0.0,-47471,5505,136302,-94336,0,142382,5505,293872,5684,447443,189853,0,157570,100020,447443,-543287250,63532750,1568510750,-1088756250,0,1644462100,63532750,3386958050,65650200,5160603100,2187749350,0,1818447300,1154406450,5160603100
2020-02-11,11503,11552,11453,11503,560277,0.0,21928,16963,157676,-196567,0,218336,16963,313142,9601,558042,196408,0,155466,206168,558042,255827650,195922550,1816824850,-2268575050,0,2520456250,195922550,3612042450,110752600,6439173850,2264628600,0,1795217600,2379327650,6439173850
2020-02-12,11501,11501,11452,11453,464150,-0.4346692167260715,-28888,5100,151203,-127415,0,25713,6100,240744,189742,462299,54601,1000,89541,317157,462299,-332079500,58905000,1739858450,-1466683950,0,295972850,70405000,2771352300,2182034500,5319764650,628052350,11500000,1031493850,3648718450,5319764650
2020-02-13,11452,11501,11452,11453,788767,0.0,44316,41484,413191,-498991,0,116237,54984,592096,22304,785621,71921,13500,178905,521295,785621,509239050,477091050,4751409150,-5737739250,0,1336812700,632341050,6810552500,257153250,9036859500,827573650,155250000,2059143350,5994892500,9036859500
2020-02-14,11501,11501,11402,11403,505650,-0.4365668383829564,9258,60247,113155,-182660,0,106090,66247,322020,9276,503633,96832,6000,208865,191936,503633,109650850,692945550,1297470150,-2100066550,0,1219095350,761745550,3696016950,106254650,5783112500,1109444500,68800000,2398546800,2206321200,5783112500
2020-02-17,11402,11451,11402,11403,356527,0.0,-61552,39545,15258,6749,0,39407,44687,246536,24475,355105,100959,5142,231278,17726,355105,-704167850,452868250,173613750,77685850,0,451964850,511744150,2825766700,281401100,4070876800,1156132700,58875900,2652152950,203715250,4070876800
2020-02-18,11402,11452,11402,11453,439680,0.4384811014645269,-50347,-4792,-45669,100808,0,60665,3208,167773,206281,437927,111012,8000,213442,105473,437927,-578462650,-55218250,-527485950,1161166850,0,696311100,36781750,1923227750,2372226500,5028547100,1274773750,92000000,2450713700,1211059650,5028547100
2020-02-19,11452,11501,11402,11453,404058,0.0,54439,69150,-67260,-56329,0,143730,71350,186556,811,402447,89291,2200,253816,57140,402447,627210250,793847400,-773349450,-647708200,0,1652914950,819037400,2144982400,9326500,4626261250,1025704700,25190000,2918331850,657034700,4626261250
2020-02-20,11452,11452,11402,11453,330260,0.0,-9965,18705,19398,-28138,0,42706,18705,110027,157505,328943,52671,0,90629,185643,328943,-114525850,214192650,223001500,-322668300,0,489919000,214192650,1263795150,1811307500,3779214300,604444850,0,1040793650,2133975800,3779214300
2020-02-21,11452,11452,11402,11453,592551,0.0,-27780,48928,46914,-68062,0,234850,65428,230307,59603,590188,262630,16500,183393,127665,590188,-314461600,559955750,533434550,-778928700,0,2695713000,749380750,2639163350,685388300,6769645400,3010174600,189425000,2105728800,1464317000,6769645400
2020-02-24,11451,11451,11352,11353,954591,-0.8731336767659128,207387,174995,-173586,-208796,0,325761,182995,413722,28304,950782,118374,8000,587308,237100,950782,2371514900,2003481800,-1991529450,-2383467250,0,3722121300,2095006800,4722296600,323559000,10862983700,1350606400,91525000,6713826050,2707026250,10862983700
2020-02-25,11352,11401,11302,11353,673632,0.0,11536,59806,-8915,-62427,0,115115,67806,371301,116723,670945,103579,8000,380216,179150,670945,132537900,680769700,-102509900,-710797700,0,1312823300,772219700,4234642150,1331400250,7651085400,1180285400,91450000,4337152050,2042197950,7651085400
2020-02-26,11351,11351,11252,11253,955251,-0.8808244516867788,294250,33319,93908,-421477,0,374903,34819,448876,92842,951440,80653,1500,354968,514319,951440,3343061600,378179300,1060390150,-4781631050,0,4258923550,395229300,5094299700,1056002650,10804455200,915861950,17050000,4033909550,5837633700,10804455200
2020-02-27,11302,11351,11252,11303,339828,0.4443259575224384,-718,8518,-35891,28091,0,16080,20118,251740,50534,338472,16798,11600,287631,22443,338472,-7308500,96106800,-407437200,318638900,0,182777850,227686800,2856213250,573186550,3839864450,190086350,131580000,3263650450,254547650,3839864450
2020-02-28,11253,11253,11005,11055,1788716,-2.194107759002035,-27597,43784,163451,-179638,0,297593,83599,1255663,144724,1781579,325190,39815,1092212,324362,1781579,-291695950,488320950,1811065600,-2007690600,0,3316879900,932482400,13988615800,1612267200,19850245300,3608575850,444161450,12177550200,3619957800,19850245300
2020-03-02,11005,11204,10905,11155,1450964,0.9045680687471733,249276,41412,-289281,-1407,0,289793,108588,861422,185371,1445174,40517,67176,1150703,186778,1445174,2750588650,455118800,-3191774700,-13932750,0,3197589900,1201704600,9497130450,2048601050,15945026000,447001250,746585800,12688905150,2062533800,15945026000
2020-03-03,11204,11353,11155,11155,567499,0.0,5322,-74323,157520,-88519,0,122350,22547,341110,79228,565235,117028,96870,183590,167747,565235,59451200,-838551050,1775051350,-995951500,0,1375728200,254330950,3845726350,892438950,6368224450,1316277000,1092882000,2070675000,1888390450,6368224450
2020-03-04,11153,11352,11103,11353,548998,1.7749887942626625,26986,34365,-61378,27,0,140134,34775,327039,44861,546809,113148,410,388417,44834,546809,308222950,388065250,-695624250,-663950,0,1587548150,392714750,3697526800,507789400,6185579100,1279325200,4649500,4393151050,508453350,6185579100
2020-03-05,11352,11352,11252,11353,2102296,0.0,1646305,1133,22927,-1670365,0,1690074,28533,256321,118979,2093907,43769,27400,233394,1789344,2093907,18687527700,11609550,257637950,-18956775200,0,19184851950,323849550,2912335400,1353616150,23774653050,497324250,312240000,2654697450,20310391350,23774653050
2020-03-06,11301,11301,11252,11253,315510,-0.8808244516867788,74557,-4452,26128,-96233,0,96302,4062,191873,22015,314252,21745,8514,165745,118248,314252,843357550,-50218850,294078200,-1087216900,0,1089076050,45990650,2171655000,249775450,3556497150,245718500,96209500,1877576800,1336992350,3556497150
2020-03-09,11204,11253,11055,11105,852070,-1.3152048342664178,108461,12075,65679,-186215,0,232901,20575,555418,39777,848671,124440,8500,489739,225992,848671,1214084350,134761900,727262900,-2076109150,0,2597630650,229586900,6195738950,444718950,9467675450,1383546300,94825000,5468476050,2520828100,9467675450
2020-03-10,10954,11004,10904,11005,1228607,-0.9004952723998199,37363,188317,127162,-352842,0,196360,190343,810126,26877,1223706,158997,2026,682964,379719,1223706,409796250,2072390550,1400513100,-3882699900,0,2160297650,2094726550,8918743700,295690400,13469458300,1750501400,22336000,7518230600,4178390300,13469458300
2020-03-11,11003,11053,10954,10955,499532,-0.4543389368468878,117387,19482,-54784,-82085,0,129965,28616,282656,56302,497539,12578,9134,337440,138387,497539,1295675200,215500950,-606415900,-904760250,0,1434246900,316431650,3123313100,622865000,5496856650,138571700,100930700,3729729000,1527625250,5496856650
2020-03-12,10904,10954,10506,10756,2051998,-1.8165221360109538,144694,-662,-244303,100271,0,511740,59686,1177261,295123,2043810,367046,60348,1421564,194852,2043810,1576066700,-5467300,-2618426000,1047826600,0,5503190400,643031200,12665900750,3156454550,21968576900,3927123700,648498500,15284326750,2108627950,21968576900
2020-03-13,10157,10455,9859,10407,2545285,-3.244700632205281,372543,-75281,-540646,243384,0,755834,42492,1248176,488627,2535129,383291,117773,1788822,245243,2535129,3816414700,-754857910,-5558904490,2497347700,0,7773100680,434112640,12797730340,5012115420,26017059080,3956685980,1188970550,18356634830,2514767720,26017059080
2020-03-16,10556,10656,10308,10308,1369575,-0.9512827904295186,80210,40420,-162183,41553,0,337021,71091,727124,228875,1364111,256811,30671,889307,187322,1364111,841741600,424465700,-1701755000,435547700,0,3531143800,745819100,7624874000,2399830850,14301667750,2689402200,321353400,9326629000,1964283150,14301667750
2020-03-17,9958,10506,9958,10358,2051661,0.48506014745828485,94919,-70584,-433437,409102,0,313263,45785,971943,712484,2043475,218344,116369,1405380,303382,2043475,953357050,-707624650,-4452196850,4206464450,0,3221935200,464978700,9917655900,7335255000,20939824800,2268578150,1172603350,14369852750,3128790550,20939824800
2020-03-18,10456,10606,10258,10258,1084769,-0.9654373431164317,39883,21811,15185,-76879,0,100198,32861,742207,205175,1080441,60315,11050,727022,282054,1080441,416885300,228057350,166304850,-811247500,0,1051652200,344672350,7810575200,2164584800,11371484550,634766900,116615000,7644270350,2975832300,11371484550
2020-03-19,10257,10356,9220,9730,4091415,-5.147202183661532,588565,172372,42528,-803465,0,1272949,228712,2478770,94658,4075089,684384,56340,2436242,898123,4075089,5796483010,1714888180,436028150,-7947399340,0,12438996460,2264497560,24393593740,928953860,40026041620,6642513450,549609380,23957565590,8876353200,40026041620
2020-03-20,9810,10008,9481,9860,2877021,1.3360739979445015,-109092,9160,592452,-492520,0,837937,73171,1726961,227472,2865541,947029,64011,1134509,719992,2865541,-1063092710,87280930,5799770020,-4823958240,0,8218874250,717073160,16937429510,2232141770,28105518690,9281966960,629792230,11137659490,7056100010,28105518690
2020-03-23,9360,9738,9320,9540,2097332,-3.2454361054766734,209894,20231,-376386,146261,0,669843,31181,868245,519695,2088964,459949,10950,1244631,373434,2088964,2010204010,192001180,-3587986290,1385781100,0,6404562960,295708410,8269482930,4950547980,19920302280,4394358950,103707230,11857469220,3564766880,19920302280
2020-03-24,9530,9939,9501,9870,1830053,3.459119496855346,162648,-85417,-138381,61150,0,493749,44809,977754,306439,1822751,331101,130226,1116135,245289,1822751,1601327830,-830468150,-1376987570,606127890,0,4839836570,437510490,9522709080,2989305870,17789362010,3238508740,1267978640,10899696650,2383177980,17789362010
2020-03-25,10157,10256,10007,10158,1546559,2.917933130699088,-168534,-8964,25200,152298,0,355867,15946,890235,278341,1540389,524401,24910,865035,126043,1540389,-1714626600,-91019750,258841150,1546805200,0,3609621200,161871250,9050516200,2826628900,15648637550,5324247800,252891000,8791675050,1279823700,15648637550
2020-03-26,10207,10705,10157,10507,2490556,3.4357156920653673,-138270,-14240,-370437,522947,0,845633,26292,964356,644337,2480618,983903,40532,1334793,121390,2480618,-1469804200,-146276650,-3866662850,5482743700,0,8878329700,277111400,10120201100,6751826800,26027469000,10348133900,423388050,13986863950,1269083100,26027469000
2020-03-27,10656,10706,10507,10607,1172959,0.951746454744456,30350,-48125,-187418,205193,0,259037,2000,522996,384246,1168279,228687,50125,710414,179053,1168279,323954450,-512555150,-1991691300,2180292000,0,2753326800,21275000,5561711000,4082867650,12419180450,2429372350,533830150,7553402300,1902575650,12419180450
2020-03-30,10257,10656,10207,10656,1223091,0.4619590836240218,-116211,77444,-338428,377195,0,285661,80550,369561,482439,1218211,401872,3106,707989,105244,1218211,-1246598550,824487200,-3569166150,3991277500,0,3028402800,857465500,3903992500,5110014500,12899875300,4275001350,32978300,7473158650,1118737000,12899875300
2020-03-31,10756,10904,10706,10806,719896,1.4076576576576576,-61462,-7609,95862,-26791,0,197541,2701,442817,73965,717024,259003,10310,346955,100756,717024,-663926150,-82937600,1038009200,-291145450,0,2140613250,29250800,4802494800,801658900,7774017750,2804539400,112188400,3764485600,1092804350,7774017750
2020-04-01,10755,10854,10656,10706,991885,-0.9254118082546734,-73088,-58424,-9409,140921,0,171005,26300,382218,408405,987928,244093,84724,391627,267484,987928,-794489400,-631946550,-99976150,1526412100,0,1852115400,284834500,4133122050,4423102706,10693174656,2646604800,916781050,4233098200,2896690606,10693174656
2020-04-02,10655,10854,10555,10855,659393,1.3917429478796937,82347,-9625,-196227,123505,0,276941,14500,190574,174748,656763,194594,24125,386801,51243,656763,888133900,-104937500,-2116703800,1333507400,0,2984882400,156925000,2051191000,1882909100,7075907500,2096748500,261862500,4167894800,549401700,7075907500
2020-04-03,10854,11103,10805,10955,932821,0.9212344541685858,-148135,-64975,162949,50161,0,109382,0,679218,140499,929099,257517,64975,516269,90338,929099,-1628477500,-715490000,1793255300,550712200,0,1202576850,0,7477119450,1547366050,10227062350,2831054350,715490000,5683864150,996653850,10227062350
2020-04-06,10954,11003,10854,10955,1046243,0.0,40361,1520,-104565,62684,0,175939,14520,301299,550311,1042069,135578,13000,405864,487627,1042069,443142900,16094000,-1148154250,688917350,0,1930544300,159094000,3307489600,6051618100,11448746000,1487401400,143000000,4455643850,5362700750,11448746000
2020-04-07,11053,11103,10904,10955,748222,0.0,-76984,22233,195911,-141160,0,234279,27701,433568,49689,745237,311263,5468,237657,190849,745237,-851778800,245026350,2160710450,-1553958000,0,2576930000,305721150,4784383100,548451400,8215485650,3428708800,60694800,2623672650,2102409400,8215485650
2020-04-08,10954,11003,10904,10955,402820,0.0,-22230,-4472,45242,-18540,0,62500,7028,243085,88601,401214,84730,11500,197843,107141,401214,-242265550,-48837000,494368650,-203266100,0,686876450,77088000,2669215850,973172050,4406352350,929142000,125925000,2174847200,1176438150,4406352350
2020-04-09,10954,11004,10854,11005,465490,0.4564125969876769,22421,3467,-11651,-14237,0,68638,6201,237696,151099,463634,46217,2734,249347,165336,463634,246820200,37829450,-128622850,-156026800,0,754014300,67903450,2611427850,1661990650,5095336250,507194100,30074000,2740050700,1818017450,5095336250
2020-04-10,11055,11155,10955,11155,382755,1.3630168105406633,-832,16600,-69142,53374,0,34162,24334,233757,88976,381229,34994,7734,302899,35602,381229,-9079300,184341100,-768820200,593558400,0,378579850,270451800,2594421550,987670350,4231123550,387659150,86110700,3363241750,394111950,4231123550
2020-04-13,11105,11204,11105,11105,636676,-0.44822949350067237,-53158,-35981,38246,50893,0,160608,15268,404772,53488,634136,213766,51249,366526,2595,634136,-597920750,-403871300,430499650,571292400,0,1798777400,170892550,4532468300,600322750,7102461000,2396698150,574763850,4101968650,29030350,7102461000
2020-04-14,11105,11155,11055,11155,612883,0.45024763619990993,8065,-43875,95846,-60036,0,212878,7865,366779,22916,610438,204813,51740,270933,82952,610438,85419600,-490456250,1073050700,-668014050,0,2374824800,87444750,4097678000,256337950,6816285500,2289405200,577901000,3024627300,924352000,6816285500
2020-04-16,11104,11154,11055,11055,480987,-0.8964589870013447,68215,-11983,105199,-161431,0,172964,7703,263688,34714,479069,104749,19686,158489,196145,479069,761255300,-133073750,1169288250,-1797469800,0,1925951100,85553350,2936744100,386983400,5335231950,1164695800,218627100,1767455850,2184453200,5335231950
2020-04-17,11155,11155,11105,11155,618110,0.9045680687471733,-99435,-75617,117930,57122,0,106097,19551,361473,128524,615645,205532,95168,243543,71402,615645,-1112783550,-847839500,1319638050,640985000,0,1186970250,218033700,4041382900,1439208100,6885594950,2299753800,1065873200,2721744850,798223100,6885594950
2020-04-20,11155,11253,11105,11155,963596,0.0,-285450,-17204,336940,-34286,0,167295,7513,679732,105212,959752,452745,24717,342792,139498,959752,-3208483350,-195231500,3787215600,-383500750,0,1875599450,84070600,7634414250,1184673200,10778757500,5084082800,279302100,3847198650,1568173950,10778757500
2020-04-21,11105,11155,11005,11155,1246840,0.0,32089,-32003,19344,-19430,0,199470,8002,459704,574690,1241866,167381,40005,440360,594120,1241866,353356600,-357513350,214507400,-210350650,0,2216437450,88542400,5104993300,6395976400,13805949550,1863080850,446055750,4890485900,6606327050,13805949550
2020-04-22,11103,11501,11053,11353,2651063,1.7749887942626625,1224478,-105409,-798824,-320245,0,1956275,1,379249,304960,2640485,731797,105410,1178073,625205,2640485,13909736800,-1185473300,-9088484600,-3635778900,0,22252020350,11450,4330789200,3479323600,30062144600,8342283550,1185484750,13419273800,7115102500,30062144600
2020-04-23,11401,11401,11302,11353,792060,0.0,77300,-17964,-8281,-51055,0,208540,4144,342751,233465,788900,131240,22108,351032,284520,788900,881258700,-204937350,-94688900,-581632450,0,2382327750,47193850,3909169000,2667236950,9005927550,1501069050,252131200,4003857900,3248869400,9005927550
2020-04-24,11302,11351,11252,11303,745192,-0.4404122258433894,59612,-175521,85484,30425,0,295115,1310,338694,107101,742220,235503,176831,253210,76676,742220,677156050,-1992367750,967058050,348153650,0,3356804400,14868500,3847852350,1220048450,8439573700,2679648350,2007236250,2880794300,871894800,8439573700
2020-04-27,11302,11302,11203,11303,503943,0.0,4254,-4638,156575,-156191,0,87155,15450,342820,56508,501933,82901,20088,186245,212699,501933,48219600,-53640550,1769009150,-1763588200,0,986254100,174353850,3877442200,640983850,5679034000,938034500,227994400,2108433050,2404572050,5679034000
2020-04-28,11302,11351,11252,11303,497801,0.0,-26908,-7080,35401,-1413,0,182715,2920,209812,100368,495815,209623,10000,174411,101781,495815,-299515750,-80907500,396348250,-15925000,0,2075705200,33092500,2378722400,1139055300,5626575400,2375220950,114000000,1982374150,1154980300,5626575400
2020-04-29,11352,11402,11252,11403,591221,0.8847208705653367,125624,-18588,-58054,-48982,0,208212,2012,258638,120001,588863,82588,20600,316692,168983,588863,1439583350,-210943500,-672391150,-556248700,0,2378127150,22886500,2945828250,1369517700,6716359600,938543800,233830000,3618219400,1925766400,6716359600
2020-05-04,11352,11451,11302,11353,906287,-0.4384811014645269,102100,97644,80822,-280566,0,203327,99644,402030,197670,902671,101227,2000,321208,478236,902671,1169539550,1114175400,920159450,-3203874400,0,2328600000,1137175400,4596229100,2259225325,10321229825,1159060450,23000000,3676069650,5463099725,10321229825
2020-05-06,11401,11401,11302,11353,740795,0.0,68464,32476,174409,-275349,0,146681,52681,345842,192636,737840,78217,20205,171433,467985,737840,780764600,368491150,1985287900,-3134543650,0,1676044700,599828400,3944644050,2200439750,8420956900,895280100,231337250,1959356150,5334983400,8420956900
2020-05-07,11352,11451,11352,11403,628447,0.4404122258433894,-66219,10,60486,5723,0,170005,2010,313074,140851,625940,236224,2000,252588,135128,625940,-751584900,14500,684099400,67471000,0,1947437750,22914500,3576001450,1612980300,7159334000,2699022650,22900000,2891902050,1545509300,7159334000
2020-05-08,11402,11452,11402,11453,495038,0.4384811014645269,-221862,-7248,193715,35395,0,83463,5752,358878,44971,493064,305325,13000,165163,9576,493064,-2542977100,-82921550,2219125200,406773450,0,958244150,65928450,4115003450,516718100,5655894150,3501221250,148850000,1895878250,109944650,5655894150
2020-05-11,11451,11451,11352,11403,503203,-0.4365668383829564,-62596,19070,224776,-181250,0,85909,19075,374170,22042,501196,148505,5,149394,203292,501196,-717938500,217652550,2575210900,-2074924950,0,986886200,217710050,4289408100,252809400,5746813750,1704824700,57500,1714197200,2327734350,5746813750
2020-05-12,11451,11451,11352,11403,333783,0.0,-39565,27729,71685,-59849,0,38128,30200,216921,47203,332452,77693,2471,145236,107052,332452,-450972900,316160200,819112450,-684299750,0,437914950,344475600,2485173450,541253900,3808817900,888887850,28315400,1666061000,1225553650,3808817900
2020-05-13,11401,11401,11302,11353,696572,-0.4384811014645269,154167,75717,186022,-415906,0,176148,75717,384918,57010,693793,21981,0,198896,472916,693793,1758189600,862220950,2120025600,-4740436150,0,2009671750,862220950,4393881300,651649500,7917423500,251482150,0,2273855700,5392085650,7917423500
2020-05-14,11351,11351,11252,11303,639235,-0.4404122258433894,102585,117019,143247,-362851,0,167324,125810,323130,20421,636685,64739,8791,179883,383272,636685,1165646450,1325195400,1627484050,-4118325900,0,1899285600,1424578250,3669451950,231929300,7225245100,733639150,99382850,2041967900,4350255200,7225245100
2020-05-15,11302,11401,11302,11303,514977,0.0,-6135,4355,102350,-100570,0,25965,13855,326540,146563,512923,32100,9500,224190,247133,512923,-69498250,49502900,1159660150,-1139664800,0,295476700,157802900,3713016500,1670654700,5836950800,364974950,108300000,2553356350,2810319500,5836950800
2020-05-18,11302,11402,11302,11403,319610,0.8847208705653367,25456,20970,-51718,5292,0,31813,21170,183137,82216,318336,6357,200,234855,76924,318336,290847500,239919600,-592544300,61777200,0,363420300,242209600,2087611600,938281000,3631522500,72572800,2290000,2680155900,876503800,3631522500
2020-05-19,11402,11452,11352,11453,632859,0.4384811014645269,-218575,42050,121539,54986,0,49996,42250,342032,196057,630335,268571,200,220493,141071,630335,-2500885850,480263450,1389285050,631337350,0,572320450,482553450,3911456750,2243761550,7210092200,3073206300,2290000,2522171700,1612424200,7210092200
2020-05-20,11401,11451,11352,11353,706121,-0.8731336767659128,103595,15025,400722,-519342,0,124707,15200,547268,16129,703304,21112,175,146546,535471,703304,1182909500,171946250,4574594350,-5929450100,0,1424261750,173950000,6249701800,184615250,8032528800,241352250,2003750,1675107450,6114065350,8032528800
2020-05-21,11402,11451,11352,11403,427714,0.4404122258433894,116721,41443,-113756,-44408,0,174507,41443,162687,47371,426008,57786,0,276443,91779,426008,1336853200,476565200,-1307020950,-506397450,0,1999092900,476565200,1866336600,544404000,4886398700,662239700,0,3173357550,1050801450,4886398700
2020-05-22,11402,11452,11402,11453,339040,0.4384811014645269,-4184,14394,87443,-97653,0,50905,14400,249310,23073,337688,55089,6,161867,120726,337688,-47915800,164816300,1000482050,-1117382550,0,583135500,164885000,2856809800,265034450,3869864750,631051300,68700,1856327750,1382417000,3869864750
2020-05-25,11452,11452,11402,11453,297967,0.0,-127750,2113,86967,38670,0,27876,2113,228120,38670,296779,155626,0,141153,0,296779,-1468935850,24299500,999931350,444705000,0,320529000,24299500,2618633850,444705000,3408167350,1789464850,0,1618702500,0,3408167350
2020-05-26,11452,11501,11402,11453,764065,0.0,-107092,92839,63115,-48862,0,111313,97839,461587,90278,761017,218405,5000,398472,139140,761017,-1231601800,1065429750,726132700,-559960650,0,1280271950,1123138500,5310801850,1039664500,8753876800,2511873750,57708750,4584669150,1599625150,8753876800
2020-05-27,11453,11552,11453,11503,1063499,0.4365668383829564,-214068,82404,154891,-23227,0,156718,109109,673769,119660,1059256,370786,26705,518878,142887,1059256,-2471220200,956435050,1782315550,-267530400,0,1807569750,1265198050,7787359850,1383024400,12243152050,4278789950,308763000,6005044300,1650554800,12243152050
2020-05-28,11503,11603,11503,11603,1188636,0.869338433452143,-87543,-1574,70602,18515,0,65085,39014,436585,643209,1183893,152628,40588,365983,624694,1183893,-1013160650,-19236000,817782550,214614100,0,757346100,452522800,5070143450,7474215150,13754227500,1770506750,471758800,4252360900,7259601050,13754227500
2020-05-29,11601,11800,11601,11801,1231232,1.7064552270964408,-45451,106394,152261,-213204,0,182336,150561,762478,130945,1226320,227787,44167,610217,344149,1226320,-533970550,1249212250,1789972850,-2505214550,0,2145688850,1769916550,8973608200,1544950300,14434163900,2679659400,520704300,7183635350,4050164850,14434163900
2020-06-01,11800,11899,11800,11851,1210936,0.42369290738073045,-529754,-18413,575717,-27550,0,151075,11397,903789,139844,1206105,680829,29810,328072,167394,1206105,-6298084250,-218969200,6842905150,-325851700,0,1792944450,135559300,10743558550,1663246625,14335308925,8091028700,354528500,3900653400,1989098325,14335308925
2020-06-02,11850,11900,11751,11752,748265,-0.8353725424014851,-197933,121557,256256,-179880,0,91889,123590,500995,28806,745280,289822,2033,244739,208686,745280,-2344783400,1440352100,3036758300,-2132327000,0,1089799000,1464541500,5939881350,341715650,8835937500,3434582400,24189400,2903123050,2474042650,8835937500
2020-06-03,11750,11800,11652,11702,1503277,-0.42545949625595647,168736,138687,310190,-617613,0,418612,155970,796886,125811,1497279,249876,17283,486696,743424,1497279,1991493300,1629169750,3641256700,-7261919750,0,4925063100,1832245000,9366665200,1478274150,17602247450,2933569800,203075250,5725408500,8740193900,17602247450
2020-06-04,11701,11751,11653,11653,1251751,-0.41873184071098957,-57890,204490,534676,-681276,0,293603,204600,701005,47548,1246756,351493,110,166329,728824,1246756,-678325300,2397140000,6271487650,-7990302350,0,3448656150,2398432500,8226260750,558545750,14631895150,4126981450,1292500,1954773100,8548848100,14631895150
2020-06-05,11653,11701,11603,11653,1020540,0.0,39601,74539,490093,-604233,0,239611,74539,684156,18163,1016469,200010,0,194063,622396,1016469,463508950,869059650,5722996550,-7055565150,0,2796740050,869059650,7994477550,212133100,11872410350,2333231100,0,2271481000,7267698250,11872410350
2020-06-08,11652,11652,11553,11603,1488080,-0.4290740581824423,318130,-6951,606836,-918015,0,539298,118408,793327,31110,1482143,221168,125359,186491,949125,1482143,3703807850,-84754700,7062709850,-10681763000,0,6280204350,1376755300,9238118700,362931600,17258009950,2576396500,1461510000,2175408850,11044694600,17258009950
2020-06-09,11602,11652,11503,11553,1508511,-0.4309230371455658,554990,111624,342268,-1008882,0,689729,139932,644767,28064,1502492,134739,28308,302499,1036946,1502492,6452312850,1289871300,3975421050,-11717605200,0,8014578200,1619121600,7490657550,326087950,17450445300,1562265350,329250300,3515236500,12043693150,17450445300
2020-06-10,11552,11602,11453,11503,1096945,-0.4327880204275945,68233,76957,566969,-712159,0,90181,96025,817181,89181,1092568,21948,19068,250212,801340,1092568,791047300,885927800,6554177200,-8231152300,0,1044406150,1106400000,9444523200,1031044700,12626374050,253358850,220472200,2890346000,9262197000,12626374050
2020-06-11,11503,11552,11453,11503,734171,0.0,116556,19097,169799,-305452,0,140671,19099,559948,11524,731242,24115,2,390149,316976,731242,1348062300,220243500,1960732900,-3529038700,0,1626529300,220266600,6468424300,133109000,8448329200,278467000,23100,4507691400,3662147700,8448329200
2020-06-12,11352,11551,11302,11453,1275858,-0.4346692167260715,76854,31413,-24153,-84114,0,255103,36063,818948,160654,1270768,178249,4650,843101,244768,1270768,882155650,359811450,-272914800,-969052300,0,2933002200,413336450,9387912900,1839394300,14573645850,2050846550,53525000,9660827700,2808446600,14573645850
2020-06-15,11453,11602,11453,11503,842553,0.4365668383829564,146605,10712,86594,-243911,0,249683,16212,570261,3036,839192,103078,5500,483667,246947,839192,1690671450,123678700,1007421250,-2821771400,0,2884355500,187453700,6603914950,35160350,9710884500,1193684050,63775000,5596493700,2856931750,9710884500
2020-06-16,11553,11701,11553,11653,1540478,1.3040076501782143,592019,-6430,26523,-612112,0,808235,2656,651713,71728,1534332,216216,9086,625190,683840,1534332,6952357550,-75730050,297393300,-7174020800,0,9478418750,31027950,7621950850,839148600,17970546150,2526061200,106758000,7324557550,8013169400,17970546150
2020-06-17,11653,11701,11603,11653,819550,0.0,208087,-35465,217625,-390247,0,266441,2899,416215,130726,816281,58354,38364,198590,520973,816281,2431122325,-416863750,2542355850,-4556614425,0,3112004775,33913250,4865303950,1534733900,9545955875,680882450,450777000,2322948100,6091348325,9545955875
2020-06-18,11653,11701,11603,11653,1264214,0.0,748326,-21343,164698,-891681,0,828697,2707,353987,73779,1259170,80371,24050,189289,965460,1259170,8763340050,-249618100,1925478250,-10439200200,0,9703637050,31766900,4144618400,863597900,14743620250,940297000,281385000,2219140150,11302798100,14743620250
2020-06-19,11701,11750,11652,11702,1561063,0.42049257701879345,662861,13078,347329,-1023268,0,761801,53078,729243,10712,1554834,98940,40000,381914,1033980,1554834,7768508600,151536500,4071648950,-11991694050,0,8931013950,621536500,8561519550,126010900,18240080900,1162505350,470000000,4489870600,12117704950,18240080900
2020-06-22,11701,11751,11653,11653,1073548,-0.41873184071098957,242505,193171,322087,-757763,0,247388,193271,623131,5475,1069265,4883,100,301044,763238,1069265,2849151500,2267616500,3785424950,-8902192950,0,2906515850,2268796500,7322507300,64378750,12562198400,57364350,1180000,3537082350,8966571700,12562198400
2020-06-23,11652,11701,11603,11603,946202,-0.4290740581824423,8266,22975,416099,-447340,0,53577,63126,810063,15661,942427,45311,40151,393964,463001,942427,96890000,267414800,4866367950,-5230672750,0,626906550,739181500,9484586500,183851500,11034526050,530016550,471766700,4618218550,5414524250,11034526050
2020-06-24,11602,11701,11602,11702,825103,0.8532276135482204,154012,-10344,8994,-152662,0,186460,22756,612084,511,821811,32448,33100,603090,153173,821811,1798670000,-120994800,106138400,-1783813600,0,2177080200,266245200,7160381800,5975450,9609682650,378410200,387240000,7054243400,1789789050,9609682650
2020-06-25,11701,11750,11652,11702,1337066,0.0,334387,45176,289549,-669112,0,442126,69559,818921,1125,1331731,107739,24383,529372,670237,1331731,3929181400,530495500,3398807350,-7858484250,0,5191382300,817938350,9622589850,13220750,15645131250,1262200900,287442850,6223782500,7871705000,15645131250
2020-06-26,11751,11751,11653,11653,2952702,-0.41873184071098957,461997,-178163,810927,-1094761,0,599932,23377,2289546,28065,2940920,137935,201540,1478619,1122826,2940920,5428189700,-2098228900,9528787050,-12858747850,0,7049623150,274635700,26922634700,330103700,34576997250,1621433450,2372864600,17393847650,13188851550,34576997250
2020-06-29,11402,11501,11352,11403,1838487,-2.1453702909122114,658540,-201989,-262982,-193569,0,730829,39588,1029629,31106,1831152,72289,241577,1292611,224675,1831152,7556871650,-2318518800,-3020750750,-2217602100,0,8385706400,453287900,11798471250,356823800,20994289350,828834750,2771806700,14819222000,2574425900,20994289350
2020-06-30,11451,11451,11352,11353,793084,-0.4384811014645269,10867,-25535,409489,-394821,0,64360,665,724295,601,789921,53493,26200,314806,395422,789921,125169100,-291638250,4675711000,-4509241850,0,735561200,7591750,8274382400,6873450,9024408800,610392100,299230000,3598671400,4516115300,9024408800
2020-07-01,11352,11401,11302,11353,748399,0.0,94676,18686,164920,-278282,0,98532,19686,625974,1221,745413,3856,1000,461054,279503,745413,1075460850,212474850,1871924700,-3159860400,0,1119253200,223824850,7110420050,13906050,8467404150,43792350,11350000,5238495350,3173766450,8467404150
2020-07-02,11351,11351,11302,11303,396336,-0.4404122258433894,27850,-22008,29425,-35267,0,76627,1220,292497,24412,394756,48777,23228,263072,59679,394756,316436650,-249789300,332635450,-399282800,0,870079700,13848500,3323019050,278172450,4485119700,553643050,263637800,2990383600,677455250,4485119700
2020-07-03,11302,11402,11302,11403,424992,0.8847208705653367,5171,34855,-91023,50997,0,17137,34855,279526,91779,423297,11966,0,370549,40782,423297,59289100,397335500,-1038596200,581971600,0,195423250,397335500,3185593400,1046632600,4824984750,136134150,0,4224189600,464661000,4824984750
2020-07-06,11401,11401,11352,11353,480786,-0.4384811014645269,-17697,4858,-144398,157237,0,21350,8988,240439,208091,478868,39047,4130,384837,50854,478868,-201843250,55369600,-1654573900,1801047550,0,243988700,102657600,2746640850,2382088850,5475376000,445831950,47288000,4401214750,581041300,5475376000
2020-07-07,11352,11401,11352,11353,618122,0.0,-73231,1885,14012,57334,0,54163,3594,412468,145432,615657,127394,1709,398456,88098,615657,-834626700,21583350,152448900,660594450,0,618175350,41140950,4708523200,1665152700,7032992200,1452802050,19557600,4556074300,1004558250,7032992200
2020-07-08,11401,11401,11352,11353,662552,0.0,-131346,611,24719,106016,0,127613,1611,372760,157925,659909,258959,1000,348041,51909,659909,-1497147350,6970950,275519000,1214657400,0,1455025750,18370950,4254000900,1806564500,7533962100,2952173100,11400000,3978481900,591907100,7533962100
2020-07-09,11352,11401,11352,11353,646303,0.0,79496,-57396,-141879,119779,0,188610,604,285843,168668,643725,109114,58000,427722,48889,643725,911165650,-654309250,-1628152900,1371296500,0,2155332400,6890750,3262190650,1928738400,7353152200,1244166750,661200000,4890343550,557441900,7353152200
2020-07-10,11352,11401,11352,11353,611840,0.0,20793,36508,-68617,11316,0,50913,39227,408841,110418,609399,30120,2719,477458,99102,609399,238007550,418152550,-789900450,133740350,0,582716100,449149150,4670313350,1264047300,6966225900,344708550,30996600,5460213800,1130306950,6966225900
2020-07-13,11352,11402,11352,11403,556928,0.4404122258433894,-42021,-11744,-10076,63841,0,41974,6272,434057,72403,554706,83995,18016,444133,8562,554706,-478518100,-133818000,-119011700,731347800,0,479999100,71814400,4959589500,829014350,6340417350,958517200,205632400,5078601200,97666550,6340417350
2020-07-14,11352,11401,11352,11353,423580,-0.4384811014645269,52255,1293,-73441,19893,0,71847,1440,265120,83484,421891,19592,147,338561,63591,421891,596387500,14761200,-842064550,230915850,0,819967100,16437000,3027864600,955891800,4820160500,223579600,1675800,3869929150,724975950,4820160500
2020-07-15,11401,11401,11352,11353,432716,0.0,7345,400,-39607,31862,0,58449,400,296881,75260,430990,51104,0,336488,43398,430990,84025650,4580000,-455572150,366966500,0,666695000,4580000,3389865850,861727000,4922867850,582669350,0,3845438000,494760500,4922867850
2020-07-16,11402,11402,11352,11403,483259,0.4404122258433894,-8299,10003,-20413,18709,0,53291,10166,375169,42706,481332,61590,163,395582,23997,481332,-93618500,114534350,-236287050,215371200,0,608792050,116400700,4281208950,488983700,5495385400,702410550,1866350,4517496000,273612500,5495385400
2020-07-17,11401,11401,11352,11353,594239,-0.4384811014645269,-101876,-14890,217754,-100988,0,70609,5110,516050,100,591869,172485,20000,298296,101088,591869,-1161161100,-169745500,2482220850,-1151314250,0,805393850,58254500,5888137550,1140000,6752925900,1966554950,228000000,3405916700,1152454250,6752925900
2020-07-20,11352,11402,11352,11403,482363,0.4404122258433894,-36432,-1013,7724,29721,0,47554,9300,366639,56946,480439,83986,10313,358915,27225,480439,-415079550,-11608850,85080000,341608400,0,542431300,106475000,4186307700,652031700,5487245700,957510850,118083850,4101227700,310423300,5487245700
2020-07-21,11352,11402,11352,11403,623634,0.0,77416,-35958,107894,-149352,0,140989,9445,468191,2521,621146,63573,45403,360297,151873,621146,883676300,-410481050,1230374950,-1703570200,0,1608792750,108128250,5345201300,28812350,7090934650,725116450,518609300,4114826350,1732382550,7090934650
2020-07-22,11401,11401,11252,11303,1804815,-0.8769622029290538,-199088,14545,1010609,-826066,0,436485,27501,1321683,11945,1797614,635573,12956,311074,838011,1797614,-2239845650,164477100,11489167650,-9413799100,0,4971652150,312278800,15023921600,135887550,20443740100,7211497800,147801700,3534753950,9549686650,20443740100
2020-07-23,11303,11353,11205,11205,1105754,-0.8670264531540298,-71092,42279,474849,-446036,0,208139,42600,848781,1823,1101343,279231,321,373932,447859,1101343,-800492500,477789000,5368334600,-5045631100,0,2354806150,481400250,9596824400,20740400,12453771200,3155298650,3611250,4228489800,5066371500,12453771200
2020-07-24,11252,11401,11203,11303,883099,0.8746095493083444,13513,12776,182071,-208360,0,89729,13076,776765,6,879576,76216,300,594694,208366,879576,153351400,144260000,2073355250,-2370966650,0,1018929200,147665000,8822240900,68050,9988903150,865577800,3405000,6748885650,2371034700,9988903150
2020-07-27,11301,11351,11252,11253,479590,-0.44236043528266833,45733,8371,147624,-201728,0,83997,9584,368448,15648,477677,38264,1213,220824,217376,477677,519031450,94597350,1666504600,-2280133400,0,952003200,108304250,4169961450,177543600,5407812500,432971750,13706900,2503456850,2457677000,5407812500
2020-07-28,11252,11301,11252,11253,425464,0.0,1446,8206,71710,-81362,0,33114,8352,381715,587,423768,31668,146,310005,81949,423768,16999100,92777850,809604350,-919381300,0,374847500,94427650,4316012700,6642400,4791930250,357848400,1649800,3506408350,926023700,4791930250
2020-07-29,11301,11301,11252,11253,384000,0.0,-31614,32428,24065,-24879,0,32101,32572,274952,42844,382469,63715,144,250887,67723,382469,-356554100,366491400,269113050,-279050350,0,363655800,368118600,3110284900,486228650,4328287950,720209900,1627200,2841171850,765279000,4328287950
2020-07-30,11252,11301,11203,11253,688890,0.0,-124891,34941,102306,-12356,0,50835,75053,540508,19746,686142,175726,40112,438202,32102,686142,-1405521000,394636900,1149157300,-138273200,0,573570200,847902500,6099881850,223187050,7744541600,1979091200,453265600,4950724550,361460250,7744541600
2020-07-31,11252,11301,11153,11253,853867,0.0,-142094,88828,178770,-125504,0,67046,106166,657775,19474,850461,209140,17338,479005,144978,850461,-1598187850,1000912200,2011199750,-1413924100,0,754684200,1195969350,7413286100,220586100,9584525750,2352872050,195057150,5402086350,1634510200,9584525750
2020-08-03,11204,11253,11105,11155,1280189,-0.8708788767439795,-25703,142477,56909,-173683,0,92047,146737,1034246,2051,1275081,117750,4260,977337,175734,1275081,-287111200,1596267400,636943700,-1946099900,0,1031284650,1644049400,11591270850,22996050,14289600950,1318395850,47782000,10954327150,1969095950,14289600950
2020-08-04,11154,11154,11105,11105,574039,-0.44822949350067237,-89975,34229,65768,-10022,0,61381,34519,473451,2398,571749,151356,290,407683,12420,571749,-1006835800,381767950,736837150,-111769300,0,684954800,385001450,5290555050,26741800,6387253100,1691790600,3233500,4553717900,138511100,6387253100
2020-08-05,11105,11154,11105,11105,672121,0.0,-36742,40290,76374,-79922,0,65622,57576,488738,57504,669440,102364,17286,412364,137426,669440,-410564800,448618200,851719550,-889772950,0,732071750,642088400,5454868050,643952800,7472981000,1142636550,193470200,4603148500,1533725750,7472981000
2020-08-06,11104,11154,11055,11055,1023148,-0.45024763619990993,-92342,31076,204914,-143648,0,79124,70002,844597,25343,1019066,171466,38926,639683,168991,1019066,-1023804200,344904900,2272380200,-1593480900,0,879828950,777369500,9383496050,282526450,11323220950,1903633150,432464600,7111115850,1876007350,11323220950
2020-08-07,11053,11053,10904,10955,1634620,-0.9045680687471733,-31475,95789,23550,-87864,0,68909,199986,1330355,28848,1628098,100384,104197,1306805,116712,1628098,-343513250,1058331050,249795250,-964613050,0,758087900,2199303100,14620805600,317388950,17895585550,1101601150,1140972050,14371010350,1282002000,17895585550
2020-08-10,10954,11004,10854,11005,1231359,0.4564125969876769,-2106,175674,-196477,22909,0,106399,177575,860219,82253,1226446,108505,1901,1056696,59344,1226446,-22764850,1925303100,-2154467850,251929600,0,1164901000,1946044000,9409574800,901276300,13421796100,1187665850,20740900,11564042650,649346700,13421796100
2020-08-11,11053,11252,11003,11253,768706,2.2535211267605635,126725,-4478,-150672,28425,0,218145,261,400605,146629,765640,91420,4739,551277,118204,765640,1429969400,-50003550,-1692654100,312688250,0,2455126750,2923250,4489456450,1632950700,8580457150,1025157350,52926800,6182110550,1320262450,8580457150
2020-08-12,11252,11352,11252,11353,938957,0.8886519150448768,-125731,2808,115301,7622,0,174069,3483,615066,142593,935211,299800,675,499765,134971,935211,-1421974900,32045200,1301978500,87951200,0,1980124600,39673700,6982380650,1615277850,10617456800,3402099500,7628500,5680402150,1527326650,10617456800
2020-08-13,11301,11351,11203,11253,638899,-0.8808244516867788,-122515,7522,206749,-91756,0,50901,7522,568498,9429,636350,173416,0,361749,101185,636350,-1379206100,84943500,2330903900,-1036641300,0,574965100,84943500,6418331650,106652050,7184892300,1954171200,0,4087427750,1143293350,7184892300
2020-08-14,11204,11253,11055,11105,1247017,-1.3152048342664178,-12416,73119,720305,-781008,0,79439,73204,1001278,88120,1242041,91855,85,280973,869128,1242041,-135321900,817024950,8028955550,-8710658600,0,886301200,817972700,11170518900,987003200,13861796000,1021623100,947750,3141563350,9697661800,13861796000
2020-08-18,11103,11153,11004,11005,733556,-0.9004952723998199,-38563,13911,253582,-228930,0,110010,20411,561222,38986,730629,148573,6500,307640,267916,730629,-426766750,154472100,2816905600,-2544610950,0,1223521050,226622100,6237869750,434193350,8122206250,1650287800,72150000,3420964150,2978804300,8122206250
2020-08-19,11005,11154,11005,11105,462175,0.9086778736937756,-41960,19112,24029,-1181,0,153102,20700,255648,30881,460331,195062,1588,231619,32062,460331,-463698900,212045400,263668500,-12015000,0,1701921200,229720000,2839603450,344064200,5115308850,2165620100,17674600,2575934950,356079200,5115308850
2020-08-20,11103,11103,10954,11005,884146,-0.9004952723998199,-20334,27314,237538,-244518,0,174965,27314,673066,5273,880618,195299,0,435528,249791,880618,-223352300,301547400,2624054450,-2702249550,0,1935309350,301547400,7443195700,58314000,9738366450,2158661650,0,4819141250,2760563550,9738366450
2020-08-21,11004,11053,10954,11005,692512,0.0,-188139,66698,218912,-97471,0,89954,67301,498143,34352,689750,278093,603,279231,131823,689750,-2070652250,734192550,2413285600,-1076825900,0,993753500,740885850,5496383500,379589150,7610612000,3064405750,6693300,3083097900,1456415050,7610612000
2020-08-24,11004,11004,10904,11005,621805,0.0,-96325,76245,91548,-71468,0,91832,76246,450308,938,619324,188157,1,358760,72406,619324,-1058893650,838680300,1006646300,-786432950,0,1011093500,838691300,4956811600,10358550,6816954950,2069987150,11000,3950165300,796791500,6816954950
2020-08-25,10955,11055,10955,11055,587678,0.4543389368468878,-104383,39043,-27270,92610,0,85296,48052,354300,97686,585334,189679,9009,381570,5076,585334,-1152914750,431334200,-304423300,1026003850,0,943096450,530883650,3917570200,1082095950,6473646250,2096011200,99549450,4221993500,56092100,6473646250
2020-08-26,11053,11053,10954,11005,562589,-0.45228403437358666,-197621,85060,155788,-43227,0,90047,86139,368531,15628,560345,287668,1079,212743,58855,560345,-2176037950,936300000,1715345650,-475607700,0,993818550,948222950,4061283650,172762100,6176087250,3169856500,11922950,2345938000,648369800,6176087250
2020-08-27,11004,11053,10954,11005,564374,0.0,-117761,171333,-37991,-15581,0,96538,171333,294148,104,562123,214299,0,332139,15685,562123,-1293845950,1888170650,-422499150,-171825550,0,1065759750,1888170650,3241224200,1148500,6196303100,2359605700,0,3663723350,172974050,6196303100
2020-08-28,11004,11004,10904,11005,700732,0.0,-55575,193518,93866,-231809,0,101032,200518,384631,11756,697937,156607,7000,290765,243565,697937,-608392700,2124461500,1032922600,-2548991400,0,1112496750,2201461500,4233617850,129665750,7677241850,1720889450,77000000,3200695250,2678657150,7677241850
2020-08-31,11003,11003,10904,10955,945218,-0.4543389368468878,-64256,110768,-19827,-26685,0,186457,113568,586012,55410,941447,250713,2800,605839,82095,941447,-698943200,1213667800,-225039800,-289684800,0,2048831950,1244467800,6429693350,609502000,10332495100,2747775150,30800000,6654733150,899186800,10332495100
2020-09-01,10954,11004,10904,11005,728861,0.4564125969876769,-268003,31192,316512,-79701,0,83250,37392,605178,133,725953,351253,6200,288666,79834,725953,-2946547000,342112000,3481073200,-876638200,0,916155550,410312000,6658483400,1463000,7986413950,3862702550,68200000,3177410200,878101200,7986413950
2020-09-02,11004,11004,10954,11005,372247,0.0,93430,-29516,-53087,-10827,0,121179,20484,222793,6307,370763,27749,50000,275880,17134,370763,1031457350,-326589400,-585804450,-119063500,0,1337252350,225410600,2454083150,69434100,4086180200,305795000,552000000,3039887600,188497600,4086180200
2020-09-03,11004,11004,10954,11005,426050,0.0,32060,-2331,37321,-67050,0,111628,23669,258288,30766,424351,79568,26000,220967,97816,424351,355817450,-26114900,407348100,-737050650,0,1231428600,260885100,2845232050,339912400,4677458150,875611150,287000000,2437883950,1076963050,4677458150
2020-09-04,10955,11055,10905,11055,995364,0.4543389368468878,-166709,53189,59646,53874,0,79654,113189,662479,136071,991393,246363,60000,602833,82197,991393,-1836413850,584724800,655122800,596566250,0,881753250,1247724800,7309384700,1503695700,10942558450,2718167100,663000000,6654261900,907129450,10942558450
2020-09-07,11055,11055,11005,11055,504240,0.0,-110297,107301,23686,-20690,0,89282,109301,296372,7274,502229,199579,2000,272686,27964,502229,-1216810900,1185806100,259382600,-228377800,0,989698250,1208006100,3280008350,80706150,5558418850,2206509150,22200000,3020625750,309083950,5558418850
2020-09-08,11055,11105,11005,11105,458542,0.45228403437358666,84916,-2281,-122778,40143,0,133978,18919,193634,110183,456714,49062,21200,316412,70040,456714,943520100,-25410600,-1365209950,447100450,0,1488511900,209919400,2154941900,1224617150,5077990350,544991800,235330000,3520151850,777516700,5077990350
2020-09-09,11055,11104,11055,11055,717843,-0.45024763619990993,-5230,199270,12996,-207036,0,116846,199270,310049,88815,714980,122076,0,297053,295851,714980,-57423150,2211902000,140044600,-2294523450,0,1297823350,2211902000,3446834800,990229700,7946789850,1355246500,0,3306790200,3284753150,7946789850
2020-09-10,11055,11105,11055,11105,414610,0.45228403437358666,-106208,41466,36027,28715,0,80958,41466,251951,38582,412957,187166,0,215924,9867,412957,-1177973050,460370600,397176300,320426150,0,899643700,460370600,2802103650,429957200,4592075150,2077616750,0,2404927350,109531050,4592075150
2020-09-11,11105,11155,11055,11155,295481,0.45024763619990993,-31239,-18800,55545,-5506,0,30820,1200,259166,3117,294303,62059,20000,203621,8623,294303,-346094100,-209560000,616616700,-60962600,0,344805750,13440000,2889598000,34869950,3282713700,690899850,223000000,2272981300,95832550,3282713700
2020-09-14,11154,11204,11005,11055,2137457,-0.8964589870013447,109460,276740,1121435,-1507635,0,168085,276740,1568944,115160,2128929,58625,0,447509,1622795,2128929,1217761550,3074096300,12476999150,-16768857000,0,1872344950,3074096300,17487674800,1285140950,23719257000,654583400,0,5010675650,18053997950,23719257000
2020-09-15,11053,11103,10904,10955,2315011,-0.9045680687471733,173116,118835,747301,-1039252,0,250050,120880,1595321,339522,2305773,76934,2045,848020,1378774,2305773,1906632900,1306434200,8216467200,-11429534300,0,2754510200,1329133700,17548344050,3755199950,25387187900,847877300,22699500,9331876850,15184734250,25387187900
2020-09-16,10954,11004,10904,11005,4632624,0.4564125969876769,-33620,41354,150098,-157832,0,80391,56354,353048,4124345,4614138,114011,15000,202950,4282177,4614138,-366354100,454406900,1647787300,-1735840100,0,886399750,619906900,3883186600,44340225850,49729719100,1252753850,165500000,2235399300,46076065950,49729719100
2020-09-17,11005,11055,10955,11055,568075,0.4543389368468878,99558,18950,-75776,-42732,0,141510,18950,313436,91913,565809,41952,0,389212,134645,565809,1104803150,209447500,-844640000,-469610650,0,1569035300,209447500,3464273000,1017950150,6260705950,464232150,0,4308913000,1487560800,6260705950
2020-09-18,11053,11053,10954,10955,498859,-0.9045680687471733,41364,52100,82152,-175616,0,108848,52100,327411,8510,496869,67484,0,245259,184126,496869,457308700,576605000,904931300,-1938845000,0,1202536250,576605000,3617528500,93837600,5490507350,745227550,0,2712597200,2032682600,5490507350
2020-09-21,11004,11053,10954,11005,343882,0.4564125969876769,19977,32100,73224,-125301,0,66809,32100,242725,877,342511,46832,0,169501,126178,342511,222069000,353300000,807455700,-1382824700,0,738075100,353300000,2678972700,9690850,3780038650,516006100,0,1871517000,1392515550,3780038650
2020-09-22,11003,11003,10904,10905,758664,-0.9086778736937756,-68859,58332,339288,-328761,0,94657,68332,591294,1355,755638,163516,10000,252006,330116,755638,-757309150,641667450,3731822800,-3616181100,0,1041082550,751667450,6507457100,14964750,8315171850,1798391700,110000000,2775634300,3631145850,8315171850
2020-09-23,10953,11003,10805,10855,1764711,-0.4585052728106373,48479,182207,957589,-1188275,0,243297,197853,1293211,23309,1757670,194818,15646,335622,1211584,1757670,528810200,1995684550,10462465450,-12986960200,0,2660927750,2167790550,14138850050,254962700,19222531050,2132117550,172106000,3676384600,13241922900,19222531050
2020-09-24,10854,10904,10656,10756,1745396,-0.9120221096269001,224574,128709,587030,-940313,0,275080,162369,1223422,77561,1738432,50506,33660,636392,1017874,1738432,2435284200,1394501500,6355039000,-10184824700,0,2981069800,1759761500,13248776800,841099800,18830707900,545785600,365260000,6893737800,11025924500,18830707900
2020-09-25,10854,10854,10706,10706,1471373,-0.46485682409817775,80858,94187,737654,-912699,0,241344,94187,967647,162325,1465503,160486,0,229993,1075024,1465503,877477200,1017641000,7969398050,-9864516250,0,2611509900,1017641000,10461503450,1755105400,15845759750,1734032700,0,2492105400,11619621650,15845759750
2020-09-28,10755,10954,10755,10955,594391,2.325798617597609,57423,52088,-33965,-75546,0,70275,52088,358393,111264,592020,12852,0,392358,186810,592020,625958350,565791050,-372082700,-819666700,0,766264150,565791050,3899656350,1211267850,6442979400,140305800,0,4271739050,2030934550,6442979400
2020-09-29,11003,11053,10904,10955,477457,0.0,1600,18452,146581,-166633,0,73161,18806,339548,44038,475553,71561,354,192967,210671,475553,20297700,202442550,1608486750,-1831227000,0,805785900,206336550,3734029150,486025100,5232176700,785488200,3894000,2125542400,2317252100,5232176700
2020-10-05,10954,11003,10904,10955,359725,0.0,-74,-29639,90902,-61189,0,40459,2361,263632,51839,358291,40533,32000,172730,113028,358291,-931000,-326004000,999169000,-672234000,0,444923650,25996000,2898845900,570200050,3939965600,445854650,352000000,1899676900,1242434050,3939965600
2020-10-06,10953,11003,10805,10905,1205875,-0.4564125969876769,150344,54542,792407,-997293,0,167235,55073,914739,64017,1201064,16891,531,122332,1061310,1201064,1646326250,596973400,8657524950,-10900824600,0,1831812350,602840950,10000043650,700165450,13134862400,185486100,5867550,1342518700,11600990050,13134862400
2020-10-07,10854,10904,10706,10806,1740123,-0.9078404401650619,168216,59272,983649,-1211137,0,180115,60272,1298761,194032,1733180,11899,1000,315112,1405169,1733180,1823923550,642783200,10652939950,-13119646700,0,1953223150,653658200,14086188900,2105666250,18798736500,129299600,10875000,3433248950,15225312950,18798736500
2020-10-08,10805,10854,10706,10756,1735215,-0.4627059041273367,144143,54343,1011924,-1210410,0,171789,54843,1299197,202462,1728291,27646,500,287273,1412872,1728291,1558646850,588895950,10939905750,-13087448550,0,1857828900,594320950,14060095250,2191992250,18704237350,299182050,5425000,3120189500,15279440800,18704237350
2020-10-12,10805,10854,10656,10656,3373827,-0.9297136481963555,181591,151699,2116151,-2449441,0,221621,159599,2619038,360107,3360365,40030,7900,502887,2809548,3360365,1949329800,1632290250,22718339100,-26299959150,0,2379556750,1717040250,28143681600,3864867100,36105145700,430226950,84750000,5425342500,30164826250,36105145700
2020-10-13,10706,10854,10656,10806,602106,1.4076576576576576,-6262,13004,73174,-79916,0,25991,13004,540242,20468,599705,32253,0,467068,100384,599705,-68764250,140693200,789945450,-861874400,0,280196600,140693200,5841610200,220810550,6483310550,348960850,0,5051664750,1082684950,6483310550
2020-10-14,10805,10954,10805,10955,1070005,1.3788635942994631,-120885,45767,37776,37342,0,129669,81767,641130,213170,1065736,250554,36000,603354,175828,1065736,-1319778200,501396350,407543250,410838600,0,1421812550,895596350,7011440850,2332165800,11661015550,2741590750,394200000,6603897600,1921327200,11661015550
2020-10-15,10953,10953,10854,10905,608831,-0.4564125969876769,23761,41361,10419,-75541,0,126884,41361,313342,124815,606402,103123,0,302923,200356,606402,262409900,451546000,109533950,-823489850,0,1387933600,451546000,3425454600,1367233150,6632167350,1125523700,0,3315920650,2190723000,6632167350
2020-10-16,10904,10953,10854,10905,394786,0.0,7977,16105,-22976,-1106,0,94208,17105,209360,72539,393212,86231,1000,232336,73645,393212,89513800,175799750,-254402350,-10911200,0,1029819300,186749750,2286576000,792991050,4296136100,940305500,10950000,2540978350,803902250,4296136100
2020-10-19,10904,10954,10904,10955,676773,0.4585052728106373,-95631,3503,20277,71851,0,104428,11003,358996,199646,674073,200059,7500,338719,127795,674073,-1048958400,37982850,215293700,795681850,0,1147926500,120482850,3936821500,2195316000,7400546850,2196884900,82500000,3721527800,1399634150,7400546850
2020-10-20,10954,10954,10854,10955,600548,0.0,-94337,14650,215375,-135688,0,48482,14780,405426,129464,598152,142819,130,190051,265152,598152,-1028190150,159839000,2351331000,-1482979850,0,530577300,161256000,4434226750,1418994950,6545055000,1558767450,1417000,2082895750,2901974800,6545055000
2020-10-21,10954,10954,10904,10955,453201,0.0,-17525,-28085,17672,27938,0,78052,13980,217665,141697,451394,95577,42065,199993,113759,451394,-190816050,-309223250,188866400,311172900,0,855879750,153208500,2386285250,1558002750,4953376250,1046695800,462431750,2197418850,1246829850,4953376250
2020-10-22,10954,11003,10904,10955,1786199,0.0,-61001,65340,-133343,129004,0,104870,105390,390917,1177895,1779072,165871,40050,524260,1048891,1779072,-668290550,716485500,-1474574050,1426379100,0,1154500300,1157033000,4295380350,12960770900,19567684550,1822790850,440547500,5769954400,11534391800,19567684550
2020-10-23,10955,11104,10955,11055,843641,0.9128251939753538,-90200,-18670,-40699,149569,0,91493,12000,559106,177676,840275,181693,30670,599805,28107,840275,-995472800,-205675500,-457042450,1658190750,0,1016745850,133295000,6196042050,1969500600,9315583500,2012218650,338970500,6653084500,311309850,9315583500
2020-10-26,11105,11105,11055,11105,864433,0.45228403437358666,-268971,76838,65992,126141,0,30458,77378,457021,296128,860985,299429,540,391029,169987,860985,-2991287900,852974800,728167850,1410145250,0,338961100,858995800,5081594900,3299819200,9579371000,3330249000,6021000,4353427050,1889673950,9579371000
2020-10-27,11105,11155,11055,11155,578426,0.45024763619990993,-69528,20168,144326,-94966,0,22765,23168,440254,89932,576119,92293,3000,295928,184898,576119,-775460500,224935000,1608579100,-1058053600,0,254167350,258535000,4912813650,1003695100,6429211100,1029627850,33600000,3304234550,2061748700,6429211100
2020-10-28,11105,11155,11105,11155,718800,0.0,-209081,55683,-61415,214813,0,12923,62683,320211,320115,715932,222004,7000,381626,105302,715932,-2336811600,620668100,-691429000,2407572500,0,144393800,698918100,3575984950,3583680350,8002977200,2481205400,78250000,4267413950,1176107850,8002977200
2020-10-29,11104,11154,11055,11055,700436,-0.8964589870013447,8299,59504,157640,-225443,0,34818,99504,514387,48933,697642,26519,40000,356747,274376,697642,92081100,660619600,1754351600,-2507052300,0,387501500,1106619600,5726795600,544591050,7765507750,295420400,446000000,3972444000,3051643350,7765507750
2020-10-30,11053,11053,10954,10955,917701,-0.9045680687471733,-178020,139800,236802,-198582,0,44812,152409,698115,18704,914040,222832,12609,461313,217286,914040,-1965176850,1544218050,2615597750,-2194638950,0,494916900,1683417050,7715208250,207133800,10100676000,2460093750,139199000,5099610500,2401772750,10100676000
2020-11-02,10954,11004,10904,11005,599008,0.4564125969876769,115973,39220,-39099,-116094,0,163092,39220,384002,10305,596619,47119,0,423101,126399,596619,1274876350,429545300,-432437050,-1271984600,0,1793248800,429545300,4213491350,112840300,6549125750,518372450,0,4645928400,1384824900,6549125750
2020-11-03,10954,11004,10954,11005,247850,0.0,-65275,11435,99778,-45938,0,17151,11435,218275,1,246862,82426,0,118497,45939,246862,-720101850,125856750,1099753850,-505508750,0,189473850,125856750,2406836500,11050,2722178150,909575700,0,1307082650,505519800,2722178150
2020-11-04,10954,11003,10904,10955,773431,-0.4543389368468878,-145158,23601,320541,-198984,0,197031,24601,507263,41451,770346,342189,1000,186722,240435,770346,-1595951050,259611000,3523748200,-2187408150,0,2167883450,270611000,5577293750,455715900,8471504100,3763834500,11000000,2053545550,2643124050,8471504100
2020-11-05,10953,10953,10904,10905,795006,-0.4564125969876769,-103215,23145,281677,-201607,0,196385,69594,516945,8910,791834,299600,46449,235268,210517,791834,-1128934200,254150000,3083151800,-2208367600,0,2155056550,762891550,5663614350,97564500,8679126950,3283990750,508741550,2580462550,2305932100,8679126950
2020-11-06,10904,10954,10854,10955,708625,0.4585052728106373,-122959,29695,233994,-140730,0,63860,32695,578786,30457,705798,186819,3000,344792,171187,705798,-1344850100,324433250,2559975550,-1539558700,0,699265650,357283250,6337272700,333533600,7727355200,2044115750,32850000,3777297150,1873092300,7727355200
2020-11-09,10904,10953,10854,10905,918193,-0.4564125969876769,-254772,34193,455864,-235285,0,46846,34193,821965,11526,914530,301618,0,366101,246811,914530,-2777812800,372909550,4973951350,-2569048100,0,511869900,372909550,8977164600,126208950,9988153000,3289682700,0,4003213250,2695257050,9988153000
2020-11-10,10903,10953,10854,10855,568132,-0.4585052728106373,-193027,20422,243623,-71018,0,43629,20422,492899,8916,565866,236656,0,249276,79934,565866,-2106834900,222800050,2658368350,-774333500,0,477017200,222800050,5382051250,97629450,6179497950,2583852100,0,2723682900,871962950,6179497950
2020-11-11,10854,10953,10854,10905,657266,0.4606172270842929,-115563,7482,218703,-110622,0,25016,9982,543404,76242,654644,140579,2500,324701,186864,654644,-1262492600,81440300,2388996050,-1207943750,0,273705150,108815300,5940118300,834730050,7157368800,1536197750,27375000,3551122250,2042673800,7157368800
2020-11-12,10904,10954,10904,10955,196758,0.4585052728106373,10101,50000,-48971,-11130,0,13578,50000,116785,15611,195974,3477,0,165756,26741,195974,111145000,547500000,-537336850,-121308150,0,149297700,547500000,1281424850,171720500,2149943050,38152700,0,1818761700,293028650,2149943050
2020-11-13,10954,10954,10904,10955,345920,0.0,26538,-1090,1495,-26943,0,46187,246,276944,21163,344540,19649,1336,275449,48106,344540,292552150,-11924950,14157650,-294784850,0,508030900,2706000,3040482500,232543000,3783762400,215478750,14630950,3026324850,527327850,3783762400
2020-11-16,10953,10953,10904,10905,456989,-0.4564125969876769,-43989,47048,46778,-49837,0,34187,47048,348901,25030,455166,78176,0,302123,74867,455166,-481167550,517177350,509845200,-545855000,0,375088100,517177350,3825000200,275004800,4992270450,856255650,0,3315155000,820859800,4992270450
2020-11-17,10904,10953,10904,10905,697848,0.0,-160246,66704,160609,-67067,0,30496,66704,581650,16215,695065,190742,0,421041,83282,695065,-1754165000,730408800,1757381250,-733625050,0,334719400,730408800,6380561150,178312850,7624002200,2088884400,0,4623179900,911937900,7624002200
2020-11-18,10904,10954,10904,10955,637459,0.4585052728106373,-63755,-18556,253551,-171240,0,44578,31444,543973,14921,634916,108333,50000,290422,186161,634916,-697169550,-205688200,2777804150,-1874946400,0,489144700,344311800,5966218300,164063050,6963737850,1186314250,550000000,3188414150,2039009450,6963737850
2020-11-19,10904,10953,10854,10905,962700,-0.4564125969876769,-510725,135930,469284,-94489,0,61580,135930,725479,35871,958860,572305,0,256195,130360,958860,-5590633200,1487300150,5136672650,-1033339600,0,675119450,1487300150,7947832350,392955750,10503207700,6265752650,0,2811159700,1426295350,10503207700
2020-11-20,10904,10953,10854,10905,456262,0.0,-78471,2192,106877,-30598,0,23475,8215,397264,25488,454442,101946,6023,290387,56086,454442,-858818750,23668050,1169526150,-334375450,0,257424650,89619900,4351927150,279646300,4978618000,1116243400,65951850,3182401000,614021750,4978618000
2020-11-23,10904,10953,10854,10905,553835,0.0,-32584,46616,26014,-40046,0,37836,46775,421334,45681,551626,70420,159,395320,85727,551626,-355871650,508893950,282965250,-435987550,0,414320350,510635000,4606654050,500806950,6032416350,770192000,1741050,4323688800,936794500,6032416350
2020-11-24,10903,10903,10854,10855,1174873,-0.4585052728106373,-507179,25431,547996,-66248,0,76670,107931,902577,83008,1170186,583849,82500,354581,149256,1170186,-5527123200,273197900,5972374400,-718449100,0,836846350,1176447900,9844067400,908514150,12765875800,6363969550,903250000,3871693000,1626963250,12765875800
2020-11-25,10854,10903,10805,10855,958610,0.0,-77016,56451,153013,-132448,0,57855,56451,762461,78018,954785,134871,0,609448,210466,954785,-834863450,612580850,1658363300,-1436080700,0,629010850,612580850,8293588900,850718550,10385899150,1463874300,0,6635225600,2286799250,10385899150
2020-11-26,10904,10904,10806,10806,564714,-0.4514048825426071,-23126,119402,14584,-110860,0,66809,119502,376090,61,562462,89935,100,361506,110921,562462,-248388050,1304486900,147920350,-1204019200,0,728005200,1305581900,4088273500,664900,6122525500,976393250,1095000,3940353150,1204684100,6122525500
2020-11-27,10805,10854,10805,10855,558744,0.45345178604479,-32320,-75520,189936,-82096,0,58138,4580,493330,467,556515,90458,80100,303394,82563,556515,-348982050,-823168000,2062947200,-890797150,0,632650050,49922000,5362729000,5090300,6050391350,981632100,873090000,3299781800,895887450,6050391350
2020-11-30,10805,10854,10756,10756,897562,-0.9120221096269001,-15367,44328,153298,-182259,0,103096,55105,710758,25022,893981,118463,10777,557460,207281,893981,-164627550,480940900,1660621300,-1976934650,0,1120647900,597888200,7712681600,271460200,9702677900,1285275450,116947300,6052060300,2248394850,9702677900
2020-12-01,10806,10854,10756,10806,487062,0.46485682409817775,81699,-3727,-20250,-57722,0,113381,9747,359198,2793,485119,31682,13474,379448,60515,485119,885086250,-39687950,-221248450,-624149850,0,1228588700,106004950,3894386100,30304050,5259283800,343502450,145692900,4115634550,654453900,5259283800
2020-12-02,10806,10854,10806,10806,545239,0.0,-45886,-968,142771,-95917,0,46311,24521,469762,2470,543064,92197,25489,326991,98387,543064,-497561500,-11676700,1549869100,-1040630900,0,502813150,266052850,5105980400,26868050,5901714450,1000374650,277729550,3556111300,1067498950,5901714450
2020-12-03,10806,10854,10756,10806,871930,0.0,14850,102684,20177,-137711,0,170724,104300,560032,33395,868451,155874,1616,539855,171106,868451,156163400,1114121400,221335550,-1491620350,0,1846166050,1131655000,6076980750,362554000,9417355800,1690002650,17533600,5855645200,1854174350,9417355800
2020-12-04,10806,10806,10756,10806,1178353,0.0,-86447,275779,42374,-231706,0,189331,276079,612933,95309,1173652,275778,300,570559,327015,1173652,-936886350,2984238200,458255650,-2505607500,0,2045992150,2987493200,6635924100,1033851900,12703261350,2982878500,3255000,6177668450,3539459400,12703261350
2020-12-07,10806,10806,10756,10806,925460,0.0,-107756,154539,103639,-150422,0,216791,155839,529574,19564,921768,324547,1300,425935,169986,921768,-1162753600,1673851700,1116433700,-1627531800,0,2343509000,1687916700,5727172350,211815400,9970413450,3506262600,14065000,4610738650,1839347200,9970413450
2020-12-08,10806,10806,10756,10806,547189,0.0,-84463,125954,35547,-77038,0,13402,126530,394151,10924,545007,97865,576,358604,87962,545007,-912202350,1363853700,381152050,-832803400,0,145016850,1370099500,4263802550,118293950,5897212850,1057219200,6245800,3882650500,951097350,5897212850
2020-12-09,10805,10805,10756,10756,511671,-0.4627059041273367,-17089,81062,21950,-85923,0,89180,102153,310323,7974,509630,106269,21091,288373,93897,509630,-183173000,874582200,236314550,-927723750,0,964532700,1103252550,3357469150,86407200,5511661600,1147705700,228670350,3121154600,1014130950,5511661600
2020-12-10,10756,10805,10756,10756,565272,0.0,-8897,-94550,87366,16081,0,83728,12850,432022,34417,563017,92625,107400,344656,18336,563017,-95015250,-1026090000,946190250,174915000,0,905334750,138830000,4670516450,372943800,6087625000,1000350000,1164920000,3724326200,198028800,6087625000
2020-12-11,10756,10805,10756,10756,703633,0.0,91145,-82189,-26750,17794,0,133089,30997,504907,31833,700826,41944,113186,531657,14039,700826,984971050,-892071200,-286495500,193595650,0,1437966250,334777600,5461922400,345216850,7579883100,452995200,1226848800,5748417900,151621200,7579883100
2020-12-14,10756,10805,10756,10756,722596,0.0,-172449,6439,312948,-146938,0,46051,23289,640278,10096,719714,218500,16850,327330,157034,719714,-1866857400,69564400,3384023300,-1586730300,0,497942600,251544400,6920418300,109236900,7779142200,2364800000,181980000,3536395000,1695967200,7779142200
2020-12-15,10756,10806,10756,10806,502002,0.46485682409817775,-101639,3237,72375,26027,0,40430,8929,413109,37532,500000,142069,5692,340734,11505,500000,-1098857050,34999250,781463800,282394000,0,438011450,96744450,4469945100,406784800,5411485800,1536868500,61745200,3688481300,124390800,5411485800
2020-12-16,10806,10806,10756,10806,767321,0.0,-210962,43089,219165,-51292,0,33179,48090,603528,79463,764260,244141,5001,384363,130755,764260,-2285904500,466605350,2370401750,-551102600,0,359723350,520866200,6534840500,861956150,8277386200,2645627850,54260850,4164438750,1413058750,8277386200
2020-12-17,10805,10954,10755,10955,999944,1.3788635942994631,-57272,-123935,106313,74894,0,90867,29109,705142,170837,995955,148139,153044,598829,95943,995955,-631274700,-1352493500,1165051400,818716800,0,992301000,318186100,7704096550,1864220500,10878804150,1623575700,1670679600,6539045150,1045503700,10878804150
2020-12-18,10955,11105,10905,11105,2559630,1.3692377909630304,-1653195,1326714,124713,201768,0,51669,1425944,862973,208830,2549416,1704864,99230,738260,7062,2549416,-18191828300,14604152150,1358892700,2228783450,0,569623800,15701392250,9513943950,2306550950,28091510950,18761452100,1097240100,8155051250,77767500,28091510950
2020-12-21,11155,11204,11105,11155,1116299,0.45024763619990993,-81803,35275,-30391,76919,0,73523,191097,726605,120621,1111846,155326,155822,756996,43702,1111846,-918387050,392582650,-337380650,863185050,0,824465400,2137789050,8141535350,1351637000,12455426800,1742852450,1745206400,8478916000,488451950,12455426800
2020-12-22,11155,11204,11105,11155,1315418,0.0,-137169,223195,-107852,21826,0,82353,242109,953967,31741,1310170,219522,18914,1061819,9915,1310170,-1537090350,2491585000,-1199200250,244705600,0,922416200,2703421800,10688934200,355503550,14670275750,2459506550,211836800,11888134450,110797950,14670275750
2020-12-23,11155,11204,11155,11155,749902,0.0,-43360,16174,55120,-27934,0,68058,68240,609068,1545,746911,111418,52066,553948,29479,746911,-488951700,181158700,620607050,-312814050,0,763934900,764297900,6835803000,17350750,8381386550,1252886600,583139200,6215195950,330164800,8381386550
2020-12-24,11155,11204,11105,11155,1601852,0.0,-26369,381466,-391954,36857,0,96014,415632,1015560,68255,1595461,122383,34166,1407514,31398,1595461,-299348900,4271504650,-4385332500,413176750,0,1075936800,4654163850,11377764200,764462550,17872327400,1375285700,382659200,15763096700,351285800,17872327400
2020-12-28,11155,11205,11105,11205,2950997,0.44822949350067237,139613,417470,-743510,186427,0,277616,575599,1809151,276856,2939222,138003,158129,2552661,90429,2939222,1572451150,4660363100,-8321848150,2089033900,0,3116895000,6433580350,20267001950,3100791200,32918268500,1544443850,1773217250,28588850100,1011757300,32918268500
2020-12-29,10854,10904,10756,10806,3448128,-3.5609103078982596,-1434528,1086864,394196,-46532,0,307831,1189972,1750788,185778,3434369,1742359,103108,1356592,232310,3434369,-15561234550,11803910550,4265121350,-507797350,0,3344477850,12926582300,19014102900,2022069950,37307233000,18905712400,1122671750,14748981550,2529867300,37307233000
2020-12-30,10756,10806,10607,10607,2588670,-1.8415694984268,-1040639,139428,1040338,-139127,0,344473,272548,1929819,31500,2578340,1385112,133120,889481,170627,2578340,-11129464550,1501753250,11122550200,-1494838900,0,3694363950,2921243750,20671611050,337393200,27624611950,14823828500,1419490500,9549060850,1832232100,27624611950
2021-01-04,10607,10656,10507,10607,1763538,0.0,79923,48863,-235,-128551,0,273166,60017,1232924,190395,1756502,193243,11154,1233159,318946,1756502,849672300,517499800,-7961100,-1359211000,0,2897877000,636042550,13068321750,2019445750,18621687050,2048204700,118542750,13076282850,3378656750,18621687050
2021-01-05,10607,10607,10557,10607,886197,0.0,-161081,12199,90619,58263,0,149924,32588,624710,75440,882662,311005,20389,534091,17177,882662,-1704687550,129894350,953990700,620802500,0,1595219900,346537200,6633973950,803325250,9379056300,3299907450,216642850,5679983250,182522750,9379056300
2021-01-06,10607,10607,10557,10607,951463,0.0,-190924,34945,225593,-69614,0,63326,63145,802682,18515,947668,254250,28200,577089,88129,947668,-2024511250,371714600,2390416850,-737620200,0,672299400,671134600,8519131250,196914650,10059479900,2696810650,299420000,6128714400,934534850,10059479900
2021-01-07,10605,10605,10506,10557,1402833,-0.4713868200245121,-197314,72851,279133,-154670,0,96315,147678,1112433,40810,1397236,293629,74827,833300,195480,1397236,-2085874150,772009900,2952015750,-1638151500,0,1021057600,1565336800,11785653550,432869400,14804917350,3106931750,793326900,8833637800,2071020900,14804917350
2021-01-08,10506,10555,10456,10507,2121552,-0.47361939945060155,-216061,-23755,176808,63008,0,109485,183785,1719350,100467,2113087,325546,207540,1542542,37459,2113087,-2275653750,-250668550,1861007750,665314550,0,1153493750,1936742200,18101851150,1060137500,22252224600,3429147500,2187410750,16240843400,394822950,22252224600
2021-01-11,10456,10506,10258,10358,3220616,-1.4181022175692397,-140877,42467,439919,-341509,0,258546,142629,2580968,225622,3207765,399423,100162,2141049,567131,3207765,-1456844700,444470000,4559408900,-3547034200,0,2683367500,1483862750,26780159000,2347134500,33294523750,4140212200,1039392750,22220750100,5894168700,33294523750
2021-01-12,10358,10406,10358,10358,860480,0.0,-19127,-78911,294344,-196306,0,84373,60829,674543,37303,857048,103500,139740,380199,233609,857048,-197659300,-825928100,3064241950,-2040654550,0,878984950,632631350,7024802450,388886650,8925305400,1076644250,1458559450,3960560500,2429541200,8925305400
2021-01-13,10357,10406,10357,10407,690070,0.47306429812705153,-132791,57659,88976,-13844,0,72080,60135,429681,125421,687317,204871,2476,340705,139265,687317,-1380040500,599557600,921046100,-140563200,0,751000650,625431750,4475596300,1308265850,7160294550,2131041150,25874150,3554550200,1448829050,7160294550
2021-01-14,10406,10456,10308,10358,1368406,-0.4708369366772365,-218426,80685,343333,-205592,0,110511,97217,1144876,10342,1362946,328937,16532,801543,215934,1362946,-2262137500,838478150,3560111400,-2136452050,0,1147770950,1010717550,11899182200,107589100,14165259800,3409908450,172239400,8339070800,2244041150,14165259800
2021-01-15,10357,10455,10307,10407,1004312,0.47306429812705153,215642,-100342,-166264,50964,0,289126,14896,399928,296355,1000305,73484,115238,566192,245391,1000305,2251332650,-1049318700,-1740595650,538581700,0,3017352650,154918400,4166037700,3092908800,10431217550,766020000,1204237100,5906633350,2554327100,10431217550
2021-01-18,10406,10456,10357,10457,740265,0.48044585375228216,94124,41550,901,-136575,0,160487,44645,532084,96,737312,66363,3095,531183,136671,737312,987124500,432165500,5710050,-1425000050,0,1681125650,464508250,5562761050,1006400,7709401350,694001150,32342750,5557051000,1426006450,7709401350
2021-01-19,10456,10506,10406,10507,850887,0.47814860858754904,138454,41088,94339,-273881,0,207799,43599,588929,7166,847493,69345,2511,494590,281047,847493,1459274300,431546500,985030950,-2875851750,0,2187516500,458037000,6189090350,75594800,8910238650,728242200,26490500,5204059400,2951446550,8910238650
2021-01-20,10506,10555,10456,10507,813350,0.0,222582,50058,-141317,-131323,0,253131,54248,465467,37259,810105,30549,4190,606784,168582,810105,2350679950,525561750,-1494111350,-1382130350,0,2671949400,569766250,4900941350,393258700,8535915700,321269450,44204500,6395052700,1775389050,8535915700
2021-01-21,10505,10555,10456,10457,801668,-0.475873227372228,-251741,50349,317876,-116484,0,63003,71974,628292,35201,798470,314744,21625,310416,151685,798470,-2653000250,530280050,3350285200,-1227565000,0,664831650,759423800,6626277950,372288300,8422821700,3317831900,229143750,3275992750,1599853300,8422821700
2021-01-22,10456,10555,10456,10507,613495,0.47814860858754904,1222,31047,21024,-53293,0,69296,65538,425594,50619,611047,68074,34491,404570,103912,611047,14513200,324195600,221494950,-560203750,0,730236300,688175900,4482159200,534124600,6434696000,715723100,363980300,4260664250,1094328350,6434696000
2021-01-25,10556,10605,10506,10557,2073486,0.475873227372228,136120,-33429,-275790,173099,0,215713,50171,481108,1318221,2065213,79593,83600,756898,1145122,2065213,1446113750,-356897350,-2924745500,1835529100,0,2288854900,529312650,5097999550,13974527602,21890694702,842741150,886210000,8022745050,12138998502,21890694702
2021-01-26,10606,10756,10556,10756,1121632,1.885005209813394,-27010,-7973,-118230,153213,0,141249,77807,706416,191685,1117157,168259,85780,824646,38472,1117157,-289405900,-88366600,-1268213300,1645985800,0,1518614650,833481950,7581637450,2058774300,11992508350,1808020550,921848550,8849850750,412788500,11992508350
2021-01-27,10756,10805,10706,10756,752852,0.0,-90610,-20390,-38295,149295,0,133899,80500,385154,150296,749849,224509,100890,423449,1001,749849,-979451400,-220192000,-412733650,1612377050,0,1448599750,869400000,4158353050,1623212850,8099565650,2428051150,1089592000,4571086700,10835800,8099565650
2021-01-28,10756,10806,10706,10806,961059,0.46485682409817775,-79086,48037,-271771,302820,0,114037,52000,460401,330787,957225,193123,3963,732172,27967,957225,-850535100,518655200,-2946645650,3278525550,0,1235444450,561600000,4977442650,3580622850,10355109950,2085979550,42944800,7924088300,302097300,10355109950
2021-01-29,10805,10805,10656,10706,1268089,-0.9254118082546734,72672,67443,-419291,279176,0,114477,72448,732736,343369,1263030,41805,5005,1152027,64193,1263030,785099900,727851800,-4517360900,3004409200,0,1235214600,781505800,7890150000,3694767250,13601637650,450114700,53654000,12407510900,690358050,13601637650
2021-02-01,10656,10756,10656,10756,833693,0.46702783485895755,158137,49337,-308334,100860,0,268449,51373,366764,143781,830367,110312,2036,675098,42921,830367,1704692600,527872300,-3317532200,1084967300,0,2893644450,549811100,3942317750,1545637050,8931410350,1188951850,21938800,7259849950,460669750,8931410350
2021-02-02,10756,10756,10706,10756,764831,0.0,113248,11514,-241767,117005,0,174649,52933,363565,170633,761780,61401,41419,605332,53628,761780,1223628500,121891200,-2608559150,1263039450,0,1885070600,569151400,3918898100,1839821050,8212941150,661442100,447260200,6527457250,576781600,8212941150
2021-02-03,10756,10806,10706,10806,953560,0.46485682409817775,65477,-19404,-507327,461254,0,213016,29062,209931,497747,949756,147539,48466,717258,36493,949756,708813550,-213107100,-5499262450,5003556000,0,2305128200,312426500,2271358250,5397486350,10286399300,1596314650,525533600,7770620700,393930350,10286399300
2021-02-04,10806,10854,10756,10806,821680,0.0,-116988,-132503,150797,98694,0,53352,23708,526236,215106,818402,170340,156211,375439,116412,818402,-1271957800,-1437324000,1638257850,1071023950,0,579475400,257688800,5713780900,2334115350,8885060450,1851433200,1695012800,4075523050,1263091400,8885060450
2021-02-05,10806,10806,10756,10806,576270,0.0,-30847,31729,-161698,160816,0,41747,58995,250454,222775,573971,72594,27266,412152,61959,573971,-332502100,341659300,-1755275700,1746118500,0,452804950,637353650,2712356750,2417108750,6219624100,785307050,295694350,4467632450,670990250,6219624100
2021-02-08,10805,10854,10755,10855,793391,0.45345178604479,71157,-164589,-46948,140380,0,201389,4190,442571,142076,790226,130232,168779,489519,1696,790226,773279300,-1787478800,-509020800,1523220300,0,2190979650,45611500,4808997300,1541628150,8587216600,1417700350,1833090300,5318018100,18407850,8587216600
2021-02-09,10854,10903,10805,10855,869429,0.0,-27042,-8821,-446581,482444,0,89371,50010,208043,518536,865960,116413,58831,654624,36092,865960,-289910600,-98601000,-4866638800,5255150400,0,974090100,542609000,2262374450,5648069800,9427143350,1264000700,641210000,7129013250,392919400,9427143350
2021-02-10,10854,10954,10854,10955,872377,0.9212344541685858,127753,-28848,-196430,97525,0,266896,14062,424958,162980,868896,139143,42910,621388,65455,868896,1402405050,-316538250,-2152637250,1066770450,0,2926554750,153975650,4654425900,1783242400,9518198700,1524149700,470513900,6807063150,716471950,9518198700
2021-02-15,10954,11004,10904,11005,839355,0.4564125969876769,150986,-115509,-130812,95335,0,196682,13649,499052,126623,836006,45696,129158,629864,31288,836006,1665947050,-1270827850,-1443916900,1048797700,0,2169100600,150210850,5491773650,1392868750,9203953850,503153550,1421038700,6935690550,344071050,9203953850
2021-02-16,11005,11104,10955,11055,1043292,0.4543389368468878,-6906,17003,-205524,195427,0,176360,39397,543300,280073,1039130,183266,22394,748824,84646,1039130,-72558750,188414500,-2283971800,2168116050,0,1959534200,436512900,6025003000,3106563850,11527613950,2032092950,248098400,8308974800,938447800,11527613950
2021-02-17,11055,11105,11055,11105,1046602,0.45228403437358666,157447,11577,-106723,-62301,0,336430,98000,451042,156955,1042427,178983,86423,557765,219256,1042427,1758003700,126854150,-1193675050,-691182800,0,3746290750,1087850000,5013056800,1744943500,11592141050,1988287050,960995850,6206731850,2436126300,11592141050
2021-02-18,11105,11155,11055,11155,902632,0.45024763619990993,158937,48110,-322305,115258,0,245660,127703,326227,199441,899031,86723,79593,648532,84183,899031,1778129900,535631950,-3598990050,1285228200,0,2745284200,1424373050,3639872200,2224715300,10034244750,967154300,888741100,7238862250,939487100,10034244750
2021-02-19,11155,11204,11155,11155,927278,0.0,95636,-51980,-167359,123703,0,200587,36140,549311,137541,923579,104951,88120,716670,13838,923579,1078461750,-585034600,-1879022250,1385595100,0,2254687600,404789950,6162667650,1540650750,10362795950,1176225850,989824550,8041689900,155055650,10362795950
2021-02-22,11155,11205,11155,11205,825408,0.44822949350067237,179857,19509,-71200,-128166,0,232118,76610,424780,88607,822115,52261,57101,495980,216773,822115,2022453300,215724150,-802644700,-1435532750,0,2608754250,858075000,4764713300,992828450,9224371000,586300950,642350850,5567358000,2428361200,9224371000
2021-02-23,11154,11204,11055,11105,1527279,-0.892458723784025,118767,-37525,-307621,226379,0,285697,55096,770745,409647,1521185,166930,92621,1078366,183268,1521185,1331376000,-416803750,-3441323850,2526751600,0,3190176650,615920400,8600065050,4570522450,16976684550,1858800650,1032724150,12041388900,2043770850,16976684550
2021-02-24,11104,11154,11005,11055,1061786,-0.45024763619990993,206207,-19625,-125116,-61466,0,256398,125014,645363,30775,1057550,50191,144639,770479,92241,1057550,2291729000,-217577750,-1391742250,-682409000,0,2848602350,1387555500,7158139950,341686450,11735984250,556873350,1605133250,8549882200,1024095450,11735984250
2021-02-25,11055,11104,11005,11055,782732,0.0,144296,-85616,8318,-66998,0,226874,13995,444577,94163,779609,82578,99611,436259,161161,779609,1603551750,-951808600,89618700,-741361850,0,2518911450,155123500,4928128700,1044396850,8646560500,915359700,1106932100,4838510000,1785758700,8646560500
2021-02-26,11055,11105,11005,11105,1027806,0.45228403437358666,89517,-9219,-207444,127146,0,278449,58693,445733,240830,1023705,188932,67912,653177,113684,1023705,991068900,-105297600,-2302714400,1416943100,0,3095226000,648824650,4943161850,2676515250,11363727750,2104157100,754122250,7245876250,1259572150,11363727750
2021-03-02,11105,11105,11055,11105,711589,0.0,-40030,-28207,-33832,102069,0,164941,492,438255,105062,708750,204971,28699,472087,2993,708750,-444883400,-314423100,-378593600,1137900100,0,1838351750,5485800,4878354150,1171142400,7893334100,2283235150,319908900,5256947750,33242300,7893334100
2021-03-03,11105,11155,11105,11155,383837,0.45024763619990993,5145,-23536,-6776,25167,0,68971,3914,260808,48613,382306,63826,27450,267584,23446,382306,59790950,-262230750,-78370950,280810750,0,771937750,43836750,2912079100,542308900,4270162500,712146800,306067500,2990450050,261498150,4270162500
2021-03-04,11105,11154,11105,11105,378932,-0.44822949350067237,51270,26444,23651,-101365,0,77906,26454,265229,7832,377421,26636,10,241578,109197,377421,574885000,294850900,260642500,-1130378400,0,872211850,294962400,2960875500,87476300,4215526050,297326850,111500,2700233000,1217854700,4215526050
2021-03-05,11104,11154,11055,11055,602888,-0.45024763619990993,-38526,7578,134520,-103572,0,70561,26231,492429,11262,600483,109087,18653,357909,114834,600483,-425775900,84191050,1495187300,-1153602450,0,785619900,292466650,5478982100,125716300,6682784950,1211395800,208275600,3983794800,1279318750,6682784950
2021-03-08,11104,11104,11055,11055,495089,0.0,210516,-10492,-208880,8856,0,244142,3960,226393,18620,493115,33626,14452,435273,9764,493115,2347430850,-116810800,-2329788200,99168150,0,2721365850,44104000,2516911200,207597650,5489978700,373935000,160914800,4846699400,108429500,5489978700
2021-03-09,11055,11105,11055,11105,950671,0.45228403437358666,71156,-151352,-84831,165027,0,224968,46673,508810,166427,946878,153812,198025,593641,1400,946878,798145300,-1682875550,-955004850,1839735100,0,2506719250,518073800,5653746550,1855345100,10533884700,1708573950,2200949350,6608751400,15610000,10533884700
2021-03-10,11105,11154,11055,11105,840515,0.0,112617,-188244,63611,12016,0,255325,51987,484148,45702,837162,142708,240231,420537,33686,837162,1259852250,-2099975600,705667650,134455700,0,2851012800,580100050,5398945050,510051950,9340109850,1591160550,2680075650,4693277400,375596250,9340109850
2021-03-11,11105,11155,11105,11155,337678,0.45024763619990993,79778,-12058,-71670,3950,0,124364,942,203646,7379,336331,44586,13000,275316,3429,336331,894733050,-134633000,-804245800,44145750,0,1391974500,10517000,2274441300,82379100,3759311900,497241450,145150000,3078687100,38233350,3759311900
2021-03-12,11155,11205,11105,11205,783509,0.44822949350067237,178245,-52556,-209227,83538,0,259127,60764,374742,85751,780384,80882,113320,583969,2213,780384,2001812000,-588827200,-2348783950,935799150,0,2907249300,680556800,4193848450,960584750,8742239300,905437300,1269384000,6542632400,24785600,8742239300
2021-03-15,11205,11205,11155,11205,560061,0.0,81034,-73,-82192,1231,0,121393,77932,344281,14221,557827,40359,78005,426473,12990,557827,912060300,295800,-926837750,14481650,0,1365665350,876735000,3865648350,159986250,6268034950,453605050,876439200,4792486100,145504600,6268034950
2021-03-16,11205,11205,11155,11205,675769,0.0,114908,-239912,22278,102726,0,148458,114582,247241,162792,673073,33550,354494,224963,60066,673073,1294185200,-2704412550,251637950,1158589400,0,1670101650,1283640250,2775210900,1831410000,7560362800,375916450,3988052800,2523572950,672820600,7560362800
2021-03-17,11204,11204,11155,11155,595720,-0.4462293618920125,137687,-330348,144558,48103,0,158313,57500,286111,91420,593344,20626,387848,141553,43317,593344,1549626400,-3716615000,1624363350,542625250,0,1780637750,646675000,3210896600,1028366950,6666576300,231011350,4363290000,1586533250,485741700,6666576300
2021-03-18,11155,11204,11105,11155,1162534,0.0,172646,229710,138193,-540549,0,216462,229810,619871,91752,1157895,43816,100,481678,632301,1157895,1930464750,2571060800,1544360150,-6045885700,0,2420534450,2572180800,6931866400,1027648400,12952230050,490069700,1120000,5387506250,7073534100,12952230050
2021-03-19,11155,11204,11105,11155,913831,0.0,223738,-343886,-22977,143125,0,259394,124926,370694,155171,910185,35656,468812,393671,12046,910185,2511404250,-3859021650,-256010750,1603628150,0,2910273000,1399171200,4152744350,1738358350,10200546900,398868750,5258192850,4408755100,134730200,10200546900
2021-03-22,11155,11205,11155,11205,687014,0.44822949350067237,177190,-90969,-128413,42192,0,209155,134031,251643,89444,684273,31965,225000,380056,47252,684273,1990733350,-1025102800,-1442473900,476843350,0,2348932500,1501147200,2822959150,1006158750,7679197600,358199150,2526250000,4265433050,529315400,7679197600
2021-03-23,11205,11205,11155,11205,692425,0.0,142156,-178355,-105697,141896,0,172340,100050,264419,152854,689663,30184,278405,370116,10958,689663,1600428700,-2011493750,-1185791200,1596856250,0,1938818900,1120562500,2972299900,1719607500,7751288800,338390200,3132056250,4158091100,122751250,7751288800
2021-03-24,11203,11252,11153,11253,1078290,0.428380187416332,132835,-279050,-97037,243252,0,265479,1050,539572,267887,1073988,132644,280100,636609,24635,1073988,1496568550,-3142760000,-1096377100,2742568550,0,2988746300,11865000,6070422500,3019504950,12090538750,1492177750,3154625000,7166799600,276936400,12090538750
2021-03-25,11252,11451,11203,11353,2384406,0.8886519150448768,-310813,-344223,-744463,1399499,0,131282,44013,737451,1462146,2374892,442095,388236,1481914,62647,2374892,-3542228650,-3908342700,-8479112200,15929683550,0,1499796700,503598650,8409010900,16643767700,27056173950,5042025350,4411941350,16888123100,714084150,27056173950
2021-03-26,11403,11602,11353,11553,1850706,1.7616489033735576,542595,-260706,-725330,443441,0,705397,15750,555012,567163,1843322,162802,276456,1280342,123722,1843322,6295064050,-3010739750,-8397243800,5112919500,0,8177846650,182599850,6413794700,6544790000,21319031200,1882782600,3193339600,14811038500,1431870500,21319031200
2021-03-29,11603,11653,11553,11653,1239269,0.865576040855189,181389,-243261,-38079,99951,0,292988,120261,681936,139140,1234325,111599,363522,720015,39189,1234325,2115772400,-2837767950,-448880200,1170875750,0,3419438800,1405030650,7960868400,1627528700,14412866550,1303666400,4242798600,8409748600,456652950,14412866550
2021-03-30,11652,11652,11453,11503,1194447,-1.2872221745473267,107746,-57291,-31852,-18603,0,444685,33956,692138,18902,1189681,336939,91247,723990,37505,1189681,1258949650,-667155000,-374302950,-217491700,0,5163323000,395339550,8034896350,218919050,13812477950,3904373350,1062494550,8409199300,436410750,13812477950
2021-03-31,11503,11751,11503,11603,962649,0.869338433452143,-47641,-267814,-237556,553011,0,26697,6436,362372,563304,958809,74338,274250,599928,10293,958809,-555643600,-3126098400,-2777121200,6458863200,0,311100850,75064100,4225524500,6579164250,11190853700,866744450,3201162500,7002645700,120301050,11190853700
2021-04-01,11652,11751,11602,11752,1412604,1.284150650693786,-21333,-283552,-437259,742144,0,160516,21730,382101,842621,1406968,181849,305282,819360,100477,1406968,-253043800,-3327492350,-5133177950,8713714100,0,1881632850,254270500,4480622300,9886181050,16502706700,2134676650,3581762850,9613800250,1172466950,16502706700
2021-04-02,11700,11800,11651,11801,858228,0.4169503063308373,-17167,-125688,-177343,320198,0,75287,7580,429317,342620,854804,92454,133268,606660,22422,854804,-203830650,-1482893000,-2092844850,3779568500,0,888819350,89669400,5074122300,4043717600,10096328650,1092650000,1572562400,7166967150,264149100,10096328650
2021-04-05,11800,11850,11751,11752,717521,-0.41521904923311587,139259,5785,50513,-195557,0,209842,5785,477990,21041,714658,70583,0,427477,216598,714658,1648208650,68652250,596742150,-2313603050,0,2483804850,68652250,5661066000,249355500,8462878600,835596200,0,5064323850,2562958550,8462878600
2021-04-06,11800,11800,11701,11752,585358,0.0,181047,-109185,-99295,27433,0,211867,47,287119,83990,583023,30820,109232,386414,56557,583023,2133888800,-1288382950,-1169536000,324030150,0,2497134000,554600,3383168100,991099550,6871956250,363245200,1288937550,4552704100,667069400,6871956250
2021-04-07,11751,11751,11701,11752,544966,0.0,148446,-38402,-203518,93474,0,164603,50322,232408,95459,542792,16157,88724,435926,1985,542792,1746809850,-455161950,-2393667550,1102019650,0,1936816100,591284250,2734530900,1125412850,6388044100,190006250,1046446200,5128198450,23393200,6388044100
2021-04-08,11751,11751,11701,11752,744935,0.0,327109,-164994,-137496,-24619,0,345600,22253,371081,3029,741963,18491,187247,508577,27648,741963,3850485800,-1941956650,-1619005050,-289524100,0,4067893750,261972750,4367150250,35735300,8732752050,217407950,2203929400,5986155300,325259400,8732752050
2021-04-09,11701,11751,11701,11752,659377,0.0,258790,-45636,-157149,-56005,0,368378,78007,202649,7713,656747,109588,123643,359798,63718,656747,3053564250,-540572650,-1855079200,-657912400,0,4342651000,917832600,2384517850,91013300,7736014750,1289086750,1458405250,4239597050,748925700,7736014750
2021-04-12,11701,11750,11701,11702,690564,-0.42545949625595647,178840,-48059,-216920,86139,0,247791,15001,336324,88693,687809,68951,63060,553244,2554,687809,2109582000,-567678200,-2558292200,1016388400,0,2921336900,176326800,3960812400,1046397900,8104874000,811754900,744005000,6519104600,30009500,8104874000
2021-04-13,11751,11751,11701,11752,786605,0.42727738848060165,6343,-95653,-67656,156966,0,124738,57083,415709,185937,783467,118395,152736,483365,28971,783467,76925000,-1130855400,-799553500,1853483900,0,1471908400,671429400,4899455150,2194056600,9236849550,1394983400,1802284800,5699008650,340572700,9236849550
2021-04-14,11751,11800,11701,11752,712292,0.0,253855,-132235,-167826,46206,0,273579,4405,330188,101278,709450,19724,136640,498014,55072,709450,2997398200,-1560404850,-1986093450,549100100,0,3230041200,52179150,3894128550,1197415050,8373763950,232643000,1612584000,5880222000,648314950,8373763950
2021-04-15,11750,11899,11750,11851,995787,0.8424098025867938,108175,-162026,-72175,126026,0,167963,12559,683152,128141,991815,59788,174585,755327,2115,991815,1288051650,-1925441900,-862134350,1499524600,0,1997806300,149302100,8117399850,1524701300,11789209550,709754650,2074744000,8979534200,25176700,11789209550
2021-04-16,11901,11951,11851,11951,772915,0.843810648890389,296962,-26753,-273195,2986,0,328195,67497,364073,10067,769832,31233,94250,637268,7081,769832,3549800350,-322070300,-3263386600,35656550,0,3923054900,804192200,4354321800,120315650,9201884550,373254550,1126262500,7617708400,84659100,9201884550
2021-04-19,11951,12000,11901,12001,872015,0.41837503137812737,140270,-235999,129891,-34162,0,199873,25333,632171,11159,868536,59603,261332,502280,45321,868536,1687747550,-2837149500,1558893600,-409491650,0,2403147450,304100100,7594455650,133922800,10435626000,715399900,3141249600,6035562050,543414450,10435626000
2021-04-20,12000,12149,11950,12150,1476739,1.2415632030664112,32520,-114712,-39423,121615,0,181927,68665,968379,251876,1470847,149407,183377,1007802,130261,1470847,398670400,-1391788450,-483467800,1476585850,0,2208523600,830727400,11728496900,3052840800,17820588700,1809853200,2222515850,12211964700,1576254950,17820588700
2021-04-21,12149,12299,12100,12300,1294634,1.2345679012345678,139999,-221507,-302475,383983,0,210562,25052,625690,428165,1289469,70563,246559,928165,44182,1289469,1711317650,-2708935000,-3697369650,4694987000,0,2573803400,306653300,7654107750,5234557450,15769121900,862485750,3015588300,11351477400,539570450,15769121900
2021-04-22,12298,12348,12149,12200,1794372,-0.8130081300813009,338621,-62644,70075,-346052,0,499307,49836,1139945,98124,1787212,160686,112480,1069870,444176,1787212,4158514850,-771414550,861386850,-4248487150,0,6125386950,611917350,14004792200,1203522950,21945619450,1966872100,1383331900,13143405350,5452010100,21945619450
2021-04-23,12199,12249,11951,12051,1838682,-1.221311475409836,400117,-77215,-37541,-285361,0,481199,8864,1207628,133654,1831345,81082,86079,1245169,419015,1831345,4859612250,-933593450,-466190750,-3459828050,0,5840524450,107259500,14619440650,1618997750,22186222350,980912200,1040852950,15085631400,5078825800,22186222350
2021-04-26,12000,12050,11851,11901,1757951,-1.2447099825740602,317352,14834,-225251,-106935,0,419200,63831,983133,284773,1750937,101848,48997,1208384,391708,1750937,3798750300,179661600,-2698482950,-1279928950,0,5014482500,765169500,11751454900,3408311025,20939417925,1215732200,585507900,14449937850,4688239975,20939417925
2021-04-27,11951,12050,11901,12001,857279,0.8402655239055541,160347,-150153,54117,-64311,0,176357,753,545489,131260,853859,16010,150906,491372,195571,853859,1927882900,-1805856300,649655750,-771682350,0,2120281900,9110900,6560400200,1579883850,10269676850,192399000,1814967200,5910744450,2351566200,10269676850
2021-04-28,12001,12051,11951,12051,777933,0.41663194733772185,269004,-203049,-2797,-63158,0,321007,1740,359868,92214,774829,52003,204789,362665,155372,774829,3251310500,-2456360450,-34542700,-760407350,0,3878865350,20997000,4345263550,1115136150,9360262050,627554850,2477357450,4379806250,1875543500,9360262050
2021-04-29,12000,12050,11951,12001,638495,-0.4149033275246868,218836,-1885,129712,-346663,0,244758,3312,298929,88949,635948,25922,5197,169217,435612,635948,2634240000,-22615400,1561598700,-4173223300,0,2945538750,39909600,3596957900,1068050450,7650456700,311298750,62525000,2035359200,5241273750,7650456700
2021-04-30,12000,12050,11951,12001,723393,0.0,14393,17417,-165697,133887,0,69184,166605,230702,254016,720507,54791,149188,396399,120129,720507,174368500,204962700,-1993095800,1613764600,0,832660650,2000265250,2776028800,3059665972,8668620672,658292150,1795302550,4769124600,1445901372,8668620672
2021-05-03,12000,12149,12000,12150,1069271,1.2415632030664112,24401,-414797,269200,121196,0,58976,20629,829666,155734,1065005,34575,435426,560466,34538,1065005,297152900,-5035134950,3265352000,1472630050,0,717511200,251666950,10074129700,1891872650,12935180500,420358300,5286801900,6808777700,419242600,12935180500
2021-05-04,12149,12149,12051,12101,1114588,-0.40329218106995884,-41714,-231737,414174,-140723,0,243806,94763,744772,26801,1110142,285520,326500,330598,167524,1110142,-501548200,-2816813200,5025763900,-1707402500,0,2956943450,1149086800,9038572950,325611100,13470214300,3458491650,3965900000,4012809050,2033013600,13470214300
2021-05-06,12051,12100,12001,12051,860666,-0.4131889926452359,-65721,-11327,157994,-80946,0,289677,44673,500379,22503,857232,355398,56000,342385,103449,857232,-792239100,-140918000,1912272150,-979115050,0,3507383600,538982000,6053565100,272368300,10372299000,4299622700,679900000,4141292950,1251483350,10372299000
2021-05-07,12051,12101,12001,12101,834054,0.4149033275246868,26420,-118116,238651,-146955,0,230561,54150,502334,43681,830726,204141,172266,263683,190636,830726,322615900,-1433862200,2888235250,-1776988950,0,2792589450,655215000,6080531250,529563600,10057899300,2469973550,2089077200,3192296000,2306552550,10057899300
2021-05-10,12051,12100,12001,12051,1034263,-0.4131889926452359,-324214,48779,382494,-107059,0,222354,98113,668240,41429,1030136,546568,49334,285746,148488,1030136,-3921935000,583328550,4633385450,-1294779000,0,2695512600,1182736650,8091215500,501936250,12471401000,6617447600,599408100,3457830050,1796715250,12471401000
2021-05-11,12051,12100,12001,12051,842324,0.0,22908,-41100,79408,-61216,0,168941,5180,478534,186308,838963,146033,46280,399126,247524,838963,278662850,-499435250,959779350,-739006950,0,2045322550,62727000,5785953250,2254918550,10148921350,1766659700,562162250,4826173900,2993925500,10148921350
2021-05-12,12051,12100,12051,12051,716541,0.0,102617,-186197,206019,-122439,0,154839,14703,481838,62303,713683,52222,200900,275819,184742,713683,1245403400,-2257513200,2493268850,-1481159050,0,1877539650,178376800,5835374850,754219150,8645510450,632136250,2435890000,3342106000,2235378200,8645510450
2021-05-13,12051,12100,12001,12051,1071970,0.0,-273185,127636,180247,-34698,0,215979,127636,610227,113852,1067694,489164,0,429980,148550,1067694,-3299107400,1538664200,2179384600,-418941400,0,2615823300,1538664200,7378086200,1377619300,12910193000,5914930700,0,5198701600,1796560700,12910193000
2021-05-14,12050,12100,11951,12001,1371014,-0.4149033275246868,-617195,168157,469720,-20682,0,211610,215534,757453,180947,1365544,828805,47377,287733,201629,1365544,-7449601250,2024207450,5669545900,-244152100,0,2554994800,2597456200,9139112050,2186436800,16477999850,10004596050,573248750,3469566150,2430588900,16477999850
2021-05-17,12001,12051,11951,12051,851081,0.41663194733772185,-56685,158320,-19705,-81930,0,162619,158930,480517,45619,847685,219304,610,500222,127549,847685,-681616450,1907751500,-237765700,-988369350,0,1963584550,1915107000,5797778400,550118100,10226588050,2645201000,7355500,6035544100,1538487450,10226588050
2021-05-18,12000,12050,11951,12001,1509543,-0.4149033275246868,-649686,235802,525548,-111664,0,226380,282652,902790,91698,1503520,876066,46850,377242,203362,1503520,-7806059500,2833826050,6316393300,-1344159850,0,2726713050,3400706050,10863792850,1103910400,18095122350,10532772550,566880000,4547399550,2448070250,18095122350
2021-05-20,12000,12000,11951,12001,746936,0.0,-136328,108406,166958,-139036,0,180942,108406,443169,11440,743957,317270,0,276211,150476,743957,-1635477500,1300929200,2004329950,-1669781650,0,2178361500,1300929200,5325947850,137783700,8943022250,3813839000,0,3321617900,1807565350,8943022250
2021-05-21,11951,12000,11901,12001,942217,0.0,-191233,24643,333439,-166849,0,146382,51653,737929,2494,938458,337615,27010,404490,169343,938458,-2296076950,295673500,4004039700,-2003636250,0,1760136000,619843500,8860553400,29996750,11270529650,4056212950,324170000,4856513700,2033633000,11270529650
2021-05-24,12000,12000,11901,11951,933242,-0.41663194733772185,-62888,2074,218054,-157240,0,181825,34169,702265,11259,929518,244713,32095,484211,168499,929518,-750328700,23893250,2613292600,-1886857150,0,2184287200,410080500,8424698950,135105500,11154172150,2934615900,386187250,5811406350,2021962650,11154172150
2021-05-25,11951,12000,11901,11951,1393118,0.0,-91107,-135276,243134,-16751,0,163452,21578,647015,555514,1387559,254559,156854,403881,572265,1387559,-1090539700,-1630367950,2917585150,-196677500,0,1964362000,258972750,7765469000,6658258400,16647062150,3054901700,1889340700,4847883850,6854935900,16647062150
2021-05-26,11951,12101,11951,12101,899443,1.2551250941343821,133024,-22067,-263584,152627,0,173568,118407,408632,195248,895855,40544,140474,672216,42621,895855,1616238600,-272492000,-3191020500,1847273900,0,2107146300,1431847550,4948602200,2362898550,10850494600,490907700,1704339550,8139622700,515624650,10850494600
2021-05-27,12100,12199,12100,12200,640655,0.8181142054375671,86238,5618,-130581,38725,0,128994,14018,392297,102790,638099,42756,8400,522878,64065,638099,1056829350,68139600,-1598174950,473206000,0,1578872950,171019600,4794200000,1255121600,7799214150,522043600,102880000,6392374950,781915600,7799214150
2021-05-28,12199,12299,12199,12300,1028617,0.819672131147541,26173,-41374,-279658,294859,0,76387,78076,476054,393996,1024513,50214,119450,755712,99137,1024513,322708750,-512031000,-3439268850,3628591100,0,939541100,956482500,5849730000,4793590850,12539344450,616832350,1468513500,9288998850,1164999750,12539344450
2021-05-31,12299,12448,12299,12449,1520904,1.2113821138211383,72958,-44302,-106466,77810,0,166473,97330,1065478,185555,1514836,93515,141632,1171944,107745,1514836,909923550,-550983750,-1326352250,967412450,0,2071531150,1205663050,13225350000,2301158700,18803702900,1161607600,1756646800,14551702250,1333746250,18803702900
2021-06-01,12448,12596,12448,12548,1496260,0.7952445979596755,214919,261231,-401457,-74693,0,334503,366778,773814,15195,1490290,119584,105547,1175271,89888,1490290,2711205650,3289488350,-5062075250,-938618750,0,4214902150,4615851550,9734299300,191015900,18756068900,1503696500,1326363200,14796374550,1129634650,18756068900
2021-06-02,12547,12547,12399,12449,1222025,-0.7889703538412497,223373,202700,-147497,-278576,0,249285,281325,678469,8071,1217150,25912,78625,825966,286647,1217150,2790927200,2534224350,-1851241700,-3473909850,0,3114427550,3518943850,8474814050,101148800,15209334250,323500350,984719500,10326055750,3575058650,15209334250
2021-06-03,12448,12448,12399,12399,718612,-0.40163868583822,22102,98512,-71015,-49599,0,119471,148297,445986,1992,715746,97369,49785,517001,51591,715746,276297150,1226393450,-884334400,-618356200,0,1490093900,1848452000,5564374950,24865000,8927785850,1213796750,622058550,6448709350,643221200,8927785850
2021-06-04,12399,12448,12349,12449,610357,0.4032583272844584,6959,-50928,110186,-66217,0,68391,27217,510289,2026,607923,61432,78145,400103,68243,607923,87669000,-636711550,1373478650,-824436100,0,853053300,339750950,6364791050,25269550,7582864850,765384300,976462500,4991312400,849705650,7582864850
2021-06-07,12449,12499,12399,12499,850152,0.40163868583822,-4628,109669,-34956,-70085,0,142658,118589,583316,2197,846760,147286,8920,618272,72282,846760,-56011500,1369780450,-438458150,-875310800,0,1781774150,1481280450,7292305400,27484400,10582844400,1837785650,111500000,7730763550,902795200,10582844400
2021-06-08,12499,12499,12449,12499,536730,0.0,-8643,53166,42978,-87501,0,76772,113536,341518,2763,534589,85415,60370,298540,90264,534589,-106265750,665652650,536782000,-1096168900,0,963088600,1423296150,4277078000,34673950,6698136700,1069354350,757643500,3740296000,1130842850,6698136700
2021-06-09,12498,12547,12448,12548,713419,0.3920313625090007,87236,85061,-28209,-144088,0,128021,113292,450981,18279,710573,40785,28231,479190,162367,710573,1098696250,1067792600,-356919700,-1809569150,0,1611735300,1422334450,5666036400,229610200,8929716350,513039050,354541850,6022956100,2039179350,8929716350
2021-06-10,12547,12596,12498,12548,1039522,0.0,64344,-35194,-220111,190961,0,159392,123918,396863,355202,1035375,95048,159112,616974,164241,1035375,814021550,-441499750,-2776195700,2403673900,0,2013171550,1566214350,5012443500,4475562150,13067391550,1199150000,2007714100,7788639200,2071888250,13067391550
2021-06-11,12547,12597,12547,12598,622017,0.39846987567739883,70318,-37094,68581,-101805,0,101493,11604,506163,276,619536,31175,48698,437582,102081,619536,886598400,-467192600,865002250,-1284408050,0,1280099750,146687100,6388738450,3491400,7819016700,393501350,613879700,5523736200,1287899450,7819016700
2021-06-14,12498,12547,12448,12548,1117360,-0.3968883949833307,146109,137563,-56186,-227486,0,196062,183001,731811,2028,1112902,49953,45438,787997,229514,1112902,1838002350,1723339650,-706912600,-2854429400,0,2465312400,2295858450,9190382700,25471400,13977024950,627310050,572518800,9897295300,2879900800,13977024950
2021-06-15,12547,12547,12498,12548,781040,0.0,228436,-54454,-85786,-88196,0,280776,61342,419636,16170,777924,52340,115796,505422,104366,777924,2876889650,-688410450,-1079701400,-1108777800,0,3536086500,770619150,5282099200,203707250,9792512100,659196850,1459029600,6361800600,1312485050,9792512100
2021-06-16,12547,12597,12547,12598,839464,0.39846987567739883,55000,82795,-65071,-72724,0,128141,95915,603130,8929,836115,73141,13120,668201,81653,836115,697749450,1045089600,-825292550,-917546500,0,1619769300,1211057600,7616027550,112935200,10559789650,922019850,165968000,8441320100,1030481700,10559789650
2021-06-17,12547,12597,12547,12598,545300,0.0,61057,278,4646,-65981,0,76158,42191,423734,1042,543125,15101,41913,419088,67023,543125,772822250,3305050,57223900,-833351200,0,963390900,533497000,5354564150,13181250,6864633300,190568650,530191950,5297340250,846532450,6864633300
2021-06-18,12596,12596,12547,12548,1078750,-0.3968883949833307,53507,101758,218876,-374141,0,114054,130810,829253,329,1074446,60547,29052,610377,374470,1074446,676709000,1282851350,2759042900,-4718603250,0,1440294750,1649634150,10460601050,4152150,13554682100,763585750,366782800,7701558150,4722755400,13554682100
2021-06-21,12399,12498,12299,12449,1766572,-0.7889703538412497,-5165,68674,70218,-133727,0,115527,150832,1420926,72238,1759523,120692,82158,1350708,205965,1759523,-62797350,856039800,877527300,-1670769750,0,1440750150,1879926100,17719470150,899931100,21940077500,1503547500,1023886300,16841942850,2570700850,21940077500
2021-06-22,12448,12547,12448,12548,984400,0.7952445979596755,94339,-50388,-104715,60764,0,153165,1078,763885,62345,980473,58826,51466,868600,1581,980473,1188975400,-633795250,-1320485650,765305500,0,1929772800,13582800,9607376750,785226000,12335958350,740797400,647378050,10927862400,19920500,12335958350
2021-06-23,12547,12596,12547,12548,876543,0.0,170466,-135434,-38576,3544,0,205499,13135,646536,7876,873046,35033,148569,685112,4332,873046,2155634200,-1712293800,-488162550,44822150,0,2597392950,166074050,8158892250,99416350,11021775600,441758750,1878367850,8647054800,54594200,11021775600
2021-06-24,12597,12597,12547,12598,1342304,0.39846987567739883,-700862,24893,649225,26744,0,77424,59382,1169627,30515,1336948,778286,34489,520402,3771,1336948,-8847353000,313037000,8196002850,338313150,0,977711650,748757800,14763135900,386014250,16875619600,9825064650,435720800,6567133050,47701100,16875619600
2021-06-25,12547,12596,12547,12548,1355042,-0.3968883949833307,-165662,-25580,85864,105378,0,180660,46513,1017085,105378,1349636,346322,72093,931221,0,1349636,-2096745600,-325820950,1089756350,1332810200,0,2283269200,586139000,12842835700,1332810200,17045054100,4380014800,911959950,11753079350,0,17045054100
2021-06-28,12547,12646,12547,12598,3268544,0.39846987567739883,-305960,3459,35813,266688,0,387859,42376,2493041,332226,3255502,693819,38917,2457228,65538,3255502,-3869142550,43727150,450351550,3375063850,0,4905217450,535976800,31512470450,4202822950,41156487650,8774360000,492249650,31062118900,827759100,41156487650
2021-06-29,12399,12498,12299,12449,2130859,-1.1827274170503255,-245528,-29651,126332,148847,0,241812,86346,1635282,158917,2122357,487340,115997,1508950,10070,2122357,-3061519550,-370295100,1577896950,1853917700,0,3018343900,1077212650,20350645450,1978948600,26425150600,6079863450,1447507750,18772748500,125030900,26425150600
2021-06-30,12399,12499,12399,12499,1189055,0.40163868583822,95018,98443,-109849,-83612,0,176055,139108,832450,36698,1184311,81037,40665,942299,120310,1184311,1190169950,1228921350,-1375884000,-1043207300,0,2203330100,1738857800,10409962850,458861100,14811011850,1013160150,509936450,11785846850,1502068400,14811011850
2021-07-01,12399,12448,12349,12399,1117545,-0.8000640051204096,-100319,364825,-168783,-95723,0,116719,364825,599708,31835,1113087,217038,0,768491,127558,1113087,-1246116450,4541796650,-2105768050,-1189912150,0,1452394250,4541796650,7456240250,395625500,13846056650,2698510700,0,9562008300,1585537650,13846056650
2021-07-02,12350,12399,12350,12350,664184,-0.39519316073876926,-11432,88181,-74621,-2128,0,55350,104679,501483,23,661535,66782,16498,576104,2151,661535,-140682400,1093349200,-926279900,-26386900,0,688616000,1298248550,6222035050,285500,8209185100,829298400,204899350,7148314950,26672400,8209185100
2021-07-05,12348,12348,12249,12250,782284,-0.8097165991902834,47399,-67809,20397,13,0,82027,78943,602277,15916,779163,34628,146752,581880,15903,779163,586074550,-839823300,253116150,632600,0,1013004400,972478900,7431882300,197305900,9614671500,426929850,1812302200,7178766150,196673300,9614671500
2021-07-06,12249,12299,12199,12300,1241463,0.40816326530612246,-251381,-194356,-45724,491461,0,57390,216285,444652,518183,1236510,308771,410641,490376,26722,1236510,-3091060750,-2402395700,-566576850,6060033300,0,707205700,2660219900,5474350400,6388715250,15230491250,3798266450,5062615600,6040927250,328681950,15230491250
2021-07-07,12299,12299,12249,12300,576309,0.0,-117274,63593,18528,35153,0,125622,209275,195055,44058,574010,242896,145682,176527,8905,574010,-1438403450,775389700,228505350,434508400,0,1551398050,2574312400,2405043100,544116300,7074869850,2989801500,1798922700,2176537750,109607900,7074869850
2021-07-08,12249,12298,12249,12250,663576,-0.40650406504065045,-106209,127416,10780,-31987,0,64305,240900,330060,25664,660929,170514,113484,319280,57651,660929,-1306177150,1561806650,136713900,-392343400,0,793653950,2963334050,4071097950,316872400,8144958350,2099831100,1401527400,3934384050,709215800,8144958350
2021-07-09,12249,12299,12199,12300,1068870,0.40816326530612246,118024,237718,-129234,-226508,0,158787,274682,590643,40494,1064606,40763,36964,719877,267002,1064606,1455256050,2922157650,-1594827450,-2782586250,0,1957045850,3378588600,7262943450,499088400,13097666300,501789800,456430950,8857770900,3281674650,13097666300
2021-07-12,12299,12299,12249,12300,396545,0.0,75636,-94962,21830,-2504,0,95454,68471,229424,1615,394964,19818,163433,207594,4119,394964,934787900,-1175865100,271903600,-30826400,0,1178639450,842532450,2829176550,19941050,4870289500,243851550,2018397550,2557272950,50767450,4870289500
2021-07-13,12298,12298,12249,12250,730041,-0.40650406504065045,-20829,29100,53290,-61561,0,77732,189782,431245,28370,727129,98561,160682,377955,89931,727129,-253022600,350233350,658725850,-755936600,0,959277700,2334656050,5311152200,350214700,8955300650,1212300300,1984422700,4652426350,1106151300,8955300650
2021-07-14,12249,12298,12249,12250,512639,0.0,54830,57321,-99826,-12325,0,118920,201393,158667,31614,510594,64090,144072,258493,43939,510594,680042750,701088700,-1230953550,-150177900,0,1468349750,2479355500,1955491100,390271800,6293468150,788307000,1778266800,3186444650,540449700,6293468150
2021-07-15,12298,12298,12249,12250,415815,0.0,60561,-61551,1988,-998,0,101886,115545,196509,217,414157,41325,177096,194521,1215,414157,749905600,-765910900,28277350,-12272050,0,1258216850,1421224700,2423343450,2672450,5105457450,508311250,2187135600,2395066100,14944500,5105457450
2021-07-16,12250,12350,12250,12350,1041193,0.8163265306122449,-38162,-184417,-374008,596587,0,130672,36533,267381,602453,1037039,168834,220950,641389,5866,1037039,-471094800,-2279177550,-4622203000,7372475350,0,1616401500,449554950,3306812100,7444794950,12817563500,2087496300,2728732500,7929015100,72319600,12817563500
2021-07-19,12299,12448,12299,12449,679268,0.8016194331983806,35494,-39626,-35587,39719,0,118569,54805,445255,57929,676558,83075,94431,480842,18210,676558,446077450,-495775450,-445387550,495085550,0,1478694200,680937800,5537198650,721484500,8418315150,1032616750,1176713250,5982586200,226398950,8418315150
2021-07-20,12399,12498,12399,12449,604996,0.0,54714,-116625,-9202,71113,0,105268,28313,380498,88504,602583,50554,144938,389700,17391,602583,685174150,-1456140150,-115380300,886346300,0,1316445150,353913500,4751187200,1103537000,7525082850,631271000,1810053650,4866567500,217190700,7525082850
2021-07-21,12449,12499,12300,12350,998095,-0.7952445979596755,116628,-31579,-131960,46911,0,152971,74168,715700,51274,994113,36343,105747,847660,4363,994113,1447528050,-393262100,-1640004000,585738050,0,1900411900,918839800,8890375650,639980000,12349607350,452883850,1312101900,10530379650,54241950,12349607350
2021-07-22,12350,12399,12300,12350,428583,0.0,39404,1460,52549,-93413,0,112667,1520,306189,6497,426873,73263,60,253640,99910,426873,489823000,18129000,650139500,-1158091500,0,1400446550,18873000,3798690650,80792500,5298802700,910623550,744000,3148551150,1238884000,5298802700
2021-07-23,12349,12399,12299,12399,497211,0.3967611336032389,63768,-48388,-44809,29429,0,146317,34289,266463,48159,495228,82549,82677,311272,18730,495228,790865050,-601537200,-554735150,365407300,0,1814578050,425441050,3305216600,597675000,6142910700,1023713000,1026978250,3859951750,232267700,6142910700
2021-07-26,12399,12399,12300,12350,407476,-0.39519316073876926,-16660,-21740,13547,24853,0,94995,13249,210962,86645,405851,111655,34989,197415,61792,405851,-209572450,-270221050,169403850,310389650,0,1174473550,163892000,2610696250,1074471300,5023533100,1384046000,434113050,2441292400,764081650,5023533100
2021-07-27,12249,12299,12249,12300,1047324,-0.4048582995951417,208722,-63013,375179,-520888,0,217423,37287,771887,16548,1043145,8701,100300,396708,537436,1043145,2570793450,-774641800,4614325900,-6410477550,0,2677878000,459063200,9503870700,203642450,12844454350,107084550,1233705000,4889544800,6614120000,12844454350
2021-07-28,12249,12298,12249,12250,407515,-0.40650406504065045,37723,-163880,175896,-49739,0,69716,13196,321221,1757,405890,31993,177076,145325,51496,405890,464268450,-2019572800,2167079300,-611774950,0,857936750,162315800,3955892350,21625850,4997770750,393668300,2181888600,1788813050,633400800,4997770750
2021-07-29,12298,12298,12249,12250,322676,0.0,36731,-38547,24912,-23096,0,52687,52170,199606,16927,321390,15956,90717,174694,40023,321390,454202600,-478211950,307302300,-283292950,0,650526150,642143000,2458789700,208989950,3960448800,196323550,1120354950,2151487400,492282900,3960448800
2021-07-30,12249,12298,12249,12250,585724,0.0,-14756,-20432,104720,-69532,0,102432,56080,394827,30048,583387,117188,76512,290107,99580,583387,-180485100,-254214450,1289250150,-854550600,0,1261131800,689786550,4859372600,370283400,7180574350,1441616900,944001000,3570122450,1224834000,7180574350
2021-08-02,12249,12298,12199,12250,375847,0.0,40340,-91416,64851,-13775,0,88591,22046,247902,15810,374349,48251,113462,183051,29585,374349,496738600,-1126247600,798400600,-168891600,0,1090380400,271257100,3051136350,194996600,4607770450,593641800,1397504700,2252735750,363888200,4607770450
2021-08-03,12249,12298,12249,12250,409248,0.0,77766,-17912,-94105,34251,0,96777,149,234333,76357,407616,19011,18061,328438,42106,407616,959030850,-221013150,-1163004300,424986600,0,1192866150,1837150,2884696750,942890400,5022290450,233835300,222850300,4047701050,517903800,5022290450
2021-08-04,12248,12298,12199,12200,560314,-0.40816326530612246,-45640,-152207,254571,-56724,0,85248,8762,447585,16484,558079,130888,160969,193014,73208,558079,-559324000,-1875710150,3131618550,-696584400,0,1049273600,107822600,5505562000,203276450,6865934650,1608597600,1983532750,2373943450,899860850,6865934650
2021-08-05,12199,12248,12199,12200,401498,0.0,87045,-194060,192444,-85429,0,106059,11318,282482,38,399897,19014,205378,90038,85467,399897,1070690300,-2387003650,2362816700,-1046503350,0,1303711800,138645750,3466827750,467400,4909652700,233021500,2525649400,1104011050,1046970750,4909652700
2021-08-06,12199,12249,12199,12250,503235,0.4098360655737705,85381,-181645,76763,19501,0,101380,7201,286926,105721,501228,15999,188846,210163,86220,501228,1049694850,-2233143500,940705400,242743250,0,1246171750,88212300,3522301800,1299099400,6155785250,196476900,2321355800,2581596400,1056356150,6155785250
2021-08-09,12249,12249,12199,12250,464177,0.0,30787,-95450,71872,-7209,0,109418,7550,331865,13493,462326,78631,103000,259993,20702,462326,379816450,-1174262500,882436100,-87990050,0,1345503800,92487500,4075916300,165963900,5679871500,965687350,1266750000,3193480200,253953950,5679871500
2021-08-10,12248,12248,12199,12200,524834,-0.40816326530612246,163854,-272357,216966,-108463,0,183002,22892,316734,112,522740,19148,295249,99768,108575,522740,2014838100,-3349708150,2663552800,-1328682750,0,2249401100,280481050,3886098950,1375100,6417356200,234563000,3630189200,1222546150,1330057850,6417356200
2021-08-11,12249,12249,12199,12250,438319,0.4098360655737705,76747,-8756,-91981,23990,0,88362,102624,211017,34568,436571,11615,111380,302998,10578,436571,944353150,-112748800,-1127114150,295509800,0,1086672550,1257225200,2591454800,425117400,5360469950,142319400,1369974000,3718568950,129607600,5360469950
2021-08-12,12199,12248,12199,12200,492826,-0.40816326530612246,-12740,-85695,166832,-68397,0,67780,120352,301080,1649,490861,80520,206047,134248,70046,490861,-156310400,-1058746250,2052903150,-837846500,0,833584600,1475521850,3699402800,20217000,6028726250,989895000,2534268100,1646499650,858063500,6028726250
2021-08-13,12199,12249,12199,12250,797335,0.4098360655737705,-21034,41670,142492,-163128,0,108183,213215,469796,2960,794154,129217,171545,327304,166088,794154,-253603400,502437350,1749492000,-1998325950,0,1329445200,2611890850,5763707900,36403000,9741446950,1583048600,2109453500,4014215900,2034728950,9741446950
2021-08-17,12199,12248,12199,12200,870456,-0.40816326530612246,10055,28734,161223,-200012,0,166875,219668,442359,38082,866984,156820,190934,281136,238094,866984,129990300,342555550,1975974900,-2448520750,0,2051035300,2690943750,5424523350,468130750,10634633150,1921045000,2348388200,3448548450,2916651500,10634633150
2021-08-18,12199,12248,12199,12200,539566,0.0,-25862,120198,-50456,-43880,0,106388,298878,128235,3913,537414,132250,178680,178691,47793,537414,-311570750,1464002600,-615041400,-537390450,0,1308491750,3661266550,1576987700,48073800,6594819800,1620062500,2197263950,2192029100,585464250,6594819800
2021-08-19,12199,12248,12149,12200,1203313,0.0,-406368,180081,206941,19346,0,148533,388365,633300,28314,1198512,554901,208284,426359,8968,1198512,-4973757700,2197859050,2537385700,238512950,0,1822357550,4759102900,7760020450,348230750,14689711650,6796115250,2561243850,5222634750,109717800,14689711650
2021-08-20,12198,12198,12149,12150,983516,-0.4098360655737705,-16397,-27477,165230,-121356,0,168165,219723,586186,5518,979592,184562,247200,420956,126874,979592,-194280000,-344920100,2019503150,-1480303050,0,2058815050,2680929900,7164910250,67589200,11972244400,2253095050,3025850000,5145407100,1547892250,11972244400
2021-08-23,12149,12198,12100,12150,1375436,0.0,-386845,246778,215368,-75301,0,145181,351889,838140,34738,1369948,532026,105111,622772,110039,1369948,-4716120450,3005736650,2628808550,-918424750,0,1773268400,4293051950,10227463850,423818850,16717603050,6489388850,1287315300,7598655300,1342243600,16717603050
2021-08-24,12149,12149,12100,12150,794124,0.0,-57579,-77696,59531,75744,0,135206,126541,448620,80589,790956,192785,204237,389089,4845,790956,-695293200,-953476000,725685500,923083700,0,1649397200,1538144300,5465247800,981950800,9634740100,2344690400,2491620300,4739562300,58867100,9634740100
2021-08-25,12149,12149,12100,12150,495292,0.0,95835,-200427,127510,-22918,0,118138,31957,339793,3428,493316,22303,232384,212283,26346,493316,1169958200,-2445948250,1554280900,-278290850,0,1441011000,389136550,4137535300,41821600,6009504450,271052800,2835084800,2583254400,320112450,6009504450
2021-08-26,12149,12149,12100,12150,559753,0.0,-14795,-54701,54709,14787,0,89778,118222,334352,15168,557520,104573,172923,279643,381,557520,-175282850,-673220800,668084250,180419400,0,1095291600,1436419300,4073315700,185049600,6790076200,1270574450,2109640100,3405231450,4630200,6790076200
2021-08-27,12149,12249,12100,12250,1532707,0.823045267489712,-2740,-446165,311227,137678,0,218935,84234,1003197,220226,1526592,221675,530399,691970,82548,1526592,-33798550,-5452973550,3803133050,1683639050,0,2674764650,1025632900,12256727750,2690807350,18647932650,2708563200,6478606450,8453594700,1007168300,18647932650
2021-08-30,12249,12299,12199,12300,1005998,0.40816326530612246,-31723,-274620,138419,167924,0,119188,76524,634454,171818,1001984,150911,351144,496035,3894,1001984,-387339550,-3385238300,1704577850,2068000000,0,1468833900,940069600,7813139550,2115896200,12337939250,1856173450,4325307900,6108561700,47896200,12337939250
2021-08-31,12300,12350,12250,12350,984189,0.40650406504065045,61052,-470652,287791,121809,0,194494,26013,635283,124472,980262,133442,496665,347492,2663,980262,755995450,-5824717900,3563450000,1505272450,0,2404042050,320574850,7854324800,1538292850,12117234550,1648046600,6145292750,4290874800,33020400,12117234550
2021-09-01,12349,12547,12299,12499,1566597,1.2064777327935223,-162497,-435370,183139,414728,0,148242,44797,950423,416885,1560347,310739,480167,767284,2157,1560347,-2026969150,-5439334000,2284058700,5182244450,0,1851603300,560221050,11876359650,5209290900,19497474900,3878572450,5999555050,9592300950,27046450,19497474900
2021-09-02,12499,12547,12449,12499,1071933,0.0,-311798,210872,74320,26606,0,87407,252832,662437,64981,1067657,399205,41960,588117,38375,1067657,-3919613850,2644509000,939325850,335779000,0,1097917100,3171966050,8319508900,815922000,13405314050,5017530950,527457050,7380183050,480143000,13405314050
2021-09-03,12498,12547,12498,12548,498931,0.3920313625090007,-56721,-23228,75788,4161,0,105387,4275,381811,5468,496941,162108,27503,306023,1307,496941,-711214500,-292736800,951707900,52243400,0,1323316850,53786000,4800026500,68646250,6245775600,2034531350,346522800,3848318600,16402850,6245775600
2021-09-06,12547,12547,12498,12548,577536,0.0,-94509,58011,37306,-808,0,40680,158019,375799,734,575232,135189,100008,338493,1542,575232,-1184746350,724275000,470614750,-10143400,0,512416200,1984375400,4726025400,9247550,7232064550,1697162550,1260100400,4255410650,19390950,7232064550
2021-09-07,12547,12547,12498,12548,740753,0.0,-84973,135926,-76853,25900,0,109320,242646,344108,41724,737798,194293,106720,420961,15824,737798,-1063955900,1701840550,-964833800,326949150,0,1377408050,3046512550,4333866800,525722400,9283509800,2441363950,1344672000,5298700600,198773250,9283509800
2021-09-08,12547,12547,12498,12548,607834,0.0,-65484,97583,-92226,60127,0,69940,258352,210592,66525,605409,135424,160769,302818,6398,605409,-819208200,1217945400,-1156589750,757852550,0,881244000,3243621550,2653390700,838215000,7616471250,1700452200,2025676150,3809980450,80362450,7616471250
2021-09-09,12499,12547,12499,12499,582948,-0.3905004781638508,-76568,207020,-126155,-4297,0,90849,328614,158493,2667,580623,167417,121594,284648,6964,580623,-956765500,2593280750,-1582643200,-53872050,0,1144625000,4125365150,1996185650,33526150,7299701950,2101390500,1532084400,3578828850,87398200,7299701950
2021-09-10,12498,12547,12498,12548,851305,0.3920313625090007,-32746,-78244,133497,-22507,0,112581,278730,456492,106,847909,145327,356974,322995,22613,847909,-406052700,-988342050,1677105400,-282710650,0,1417930650,3498062000,5737524400,1335600,10654852650,1823983350,4486404050,4060419000,284046250,10654852650
2021-09-13,12547,12547,12499,12499,776063,-0.3905004781638508,-112020,111001,69147,-68128,0,67761,288571,415869,766,772967,179781,177570,346722,68894,772967,-1403536950,1392275050,866308600,-855046700,0,852750600,3621566500,5223748650,9629400,9707695150,2256287550,2229291450,4357440050,864676100,9707695150
2021-09-14,12499,12499,12449,12499,765958,0.0,-86480,-61725,182943,-34738,0,142108,165824,448879,6091,762902,228588,227549,265936,40829,762902,-1076076300,-779949450,2291191600,-435165850,0,1782221300,2074640750,5620483550,76442050,9553787650,2858297600,2854590200,3329291950,511607900,9553787650
2021-09-15,12498,12498,12448,12449,1130017,-0.4000320025602048,-58920,-118537,37685,139772,0,170912,333373,477986,143237,1125508,229832,451910,440301,3465,1125508,-731128450,-1488935900,467875400,1752188950,0,2141863650,4167165250,5981166150,1795539400,14085734450,2872992100,5656101150,5513290750,43350450,14085734450
2021-09-16,12449,12499,12449,12499,725040,0.40163868583822,107613,-77224,-130700,100311,0,133902,198459,281847,107940,722148,26289,275683,412547,7629,722148,1350796050,-971831200,-1638200250,1259235400,0,1680448950,2487990450,3529078850,1354647000,9052165250,329652900,3459821650,5167279100,95411600,9052165250
2021-09-17,12498,12547,12448,12548,616828,0.3920313625090007,173543,-22731,-216178,65366,0,190115,98715,254645,70893,614368,16572,121446,470823,5527,614368,2180387050,-290194150,-2711037950,820845050,0,2388285100,1233953150,3196979300,890219000,7709436550,207898050,1524147300,5908017250,69373950,7709436550
2021-09-23,12498,12547,12448,12449,581450,-0.7889703538412497,54554,-201453,104963,41936,0,75580,70347,378865,54339,579131,21026,271800,273902,12403,579131,685439300,-2530449300,1318320650,526689350,0,948406100,880640700,4749840000,681853400,7260740200,262966800,3411090000,3431519350,155164050,7260740200
2021-09-24,12498,12547,12498,12548,521523,0.7952445979596755,-17435,52840,-51453,16048,0,83928,170100,231822,33593,519443,101363,117260,283275,17545,519443,-216291950,658144500,-644456350,202603800,0,1056353600,2134757500,2915694800,422901850,6529707750,1272645550,1476613000,3560151150,220298050,6529707750
2021-09-27,12547,12547,12498,12548,876280,0.0,81561,303849,-390517,5107,0,133192,451359,267806,20427,872784,51631,147510,658323,15320,872784,1028048900,3819418850,-4911928450,64460700,0,1678219200,5678044850,3373334300,257380200,10986978550,650170300,1858626000,8285262750,192919500,10986978550
2021-09-28,12547,12596,12547,12548,525323,0.0,88309,81034,-162987,-6356,0,124309,81034,286084,31801,523228,36000,0,449071,38157,523228,1117354850,1021301500,-2059624450,-79031900,0,1571322150,1021301500,3609978750,401772500,6604374900,453967300,0,5669603200,480804400,6604374900
2021-09-29,12547,12647,12547,12648,830209,0.7969397513547977,205005,18329,-223136,-198,0,343493,69263,401395,12746,826897,138488,50934,624531,12944,826897,2594651750,231379100,-2823821350,-2209500,0,4352068800,875944200,5085696650,161601700,10475311350,1757417050,644565100,7909518000,163811200,10475311350
2021-09-30,12647,12747,12647,12748,820702,0.7906388361796332,307279,13367,-303345,-17301,0,328445,30306,457652,1025,817428,21166,16939,760997,18326,817428,3916220850,169108900,-3865078700,-220251050,0,4185963700,385291150,5838359250,13111400,10422725500,269742850,216182250,9703437950,233362450,10422725500
2021-10-01,12798,13146,12748,12948,2094380,1.5688735487919672,-224030,701085,-515482,38427,0,243334,753993,897474,191223,2086024,467364,52908,1412956,152796,2086024,-2917936600,9124092300,-6717977300,511821600,0,3170275800,9814718300,11684200350,2499687800,27168882250,6088212400,690626000,18402177650,1987866200,27168882250
2021-10-05,12947,12996,12848,12898,1282650,-0.38616002471424155,107302,234587,25472,-367361,0,215722,322211,650079,89520,1277532,108420,87624,624607,456881,1277532,1396379500,3025368000,340667400,-4762414900,0,2800106000,4168659750,8437439650,1161002200,16567207600,1403726500,1143291750,8096772250,5923417100,16567207600
2021-10-06,12898,12947,12848,12898,807857,0.0,118348,5074,4332,-127754,0,166735,134128,431056,72716,804635,48387,129054,426724,200470,804635,1531830150,57927150,60097650,-1649854950,0,2158171200,1731261600,5580185800,941729250,10411347850,626341050,1673334450,5520088150,2591584200,10411347850
2021-10-07,12898,12947,12848,12898,779599,0.0,178417,-192125,102895,-89187,0,200202,61637,408281,106369,776489,21785,253762,305386,195556,776489,2312665750,-2495523900,1334902200,-1152044050,0,2594623900,797242350,5289129300,1379980850,10060976400,281958150,3292766250,3954227100,2532024900,10060976400
2021-10-08,12898,12947,12848,12898,632711,0.0,-45873,66906,171457,-192490,0,77553,110572,372107,69955,630187,123426,43666,200650,262445,630187,-590464750,859805650,2223253600,-2492594500,0,1004465200,1426406450,4818550850,905917250,8155339750,1594929950,566600800,2595297250,3398511750,8155339750
2021-10-12,12898,12898,12848,12898,679635,0.0,162871,124193,-130353,-156711,0,183887,125293,310087,57657,676924,21016,1100,440440,214368,676924,2109498300,1602799350,-1685923050,-2026374600,0,2381336650,1617044350,4009713350,746658150,8754752500,271838350,14245000,5695636400,2773032750,8754752500
2021-10-13,12898,12898,12848,12898,404241,0.0,-21848,20303,98951,-97406,0,15875,120303,253520,12931,402629,37723,100000,154569,110337,402629,-281045450,257673500,1281363400,-1257991450,0,205581250,1552673500,3279040150,167456450,5204751350,486626700,1295000000,1997676750,1425447900,5204751350
2021-10-14,12898,12898,12848,12898,771963,0.0,-873,25813,-86073,61133,0,70774,126813,311398,259898,768883,71647,101000,397471,198765,768883,-7945700,328913950,-1113246950,792278700,0,916523300,1636863950,4026068950,3365679100,9945135300,924469000,1307950000,5139315900,2573400400,9945135300
2021-10-15,12898,12947,12848,12948,814359,0.3876570010854396,95499,-29005,57609,-124103,0,114315,190489,425782,80525,811111,18816,219494,368173,204628,811111,1239283000,-384358250,752994350,-1607919100,0,1483223600,2461950450,5519616350,1044733600,10509524000,243940600,2846308700,4766622000,2652652700,10509524000
2021-10-18,12947,12947,12848,12948,1552070,0.0,208670,287758,484687,-981115,0,231192,393385,773477,147823,1545877,22522,105627,288790,1128938,1545877,2711484950,3720219800,6278322150,-12710026900,0,3004152900,5093360350,10027670650,1920094950,20045278850,292667950,1373140550,3749348500,14630121850,20045278850
2021-10-19,12898,12947,12898,12898,662446,-0.38616002471424155,-140605,80871,56758,2976,0,35751,185264,314282,124507,659804,176356,104393,257524,121531,659804,-1819436350,1043427500,732289100,43719750,0,464473850,2400316850,4074908550,1618306100,8558005350,2283910200,1356889350,3342619450,1574586350,8558005350
2021-10-20,12898,12947,12898,12948,887880,0.3876570010854396,-124243,14827,37340,72076,0,51311,225715,389160,218152,884338,175554,210888,351820,146076,884338,-1606657100,181473400,482369350,942814350,0,667025400,2923017400,5052502800,2835790000,11478335600,2273682500,2741544000,4570133450,1892975650,11478335600
2021-10-21,12947,12947,12898,12898,1089963,-0.38616002471424155,-84503,139831,188205,-243533,0,81751,340018,352935,310910,1085614,166254,200187,164730,554443,1085614,-1090811950,1803812350,2441500200,-3154500600,0,1062425300,4406234000,4580822500,4034920250,14084402050,2153237250,2602421650,2139322300,7189420850,14084402050
2021-10-22,12946,13045,12896,13046,1362198,1.1474647232129012,56775,-332134,155837,119522,0,90518,147308,501344,617594,1356764,33743,479442,345507,498072,1356764,739071400,-4325915700,2028615450,1558228850,0,1177325900,1919004000,6525941150,8033400750,17655671800,438254500,6244919700,4497325700,6475171900,17655671800
2021-10-25,13046,13295,13046,13246,1120158,1.5330369461904032,-22884,-250965,-60852,334701,0,92371,56559,598713,368046,1115689,115255,307524,659565,33345,1115689,-303092850,-3331939600,-807552600,4442585050,0,1227867750,751449700,7942753900,4885772500,14807843850,1530960600,4083389300,8750306500,443187450,14807843850
2021-10-26,13295,13444,13245,13445,1346433,1.5023403291559716,240622,-274237,-65130,98745,0,498675,56,712293,130037,1341061,258053,274293,777423,31292,1341061,3242478950,-3680826500,-883299050,1321646600,0,6695657150,754400,9543881850,1743620200,17983913600,3453178200,3681580900,10427180900,421973600,17983913600
2021-10-27,13444,14042,13444,13644,2574724,1.480104127928598,234451,142200,-388221,11570,0,634917,513256,1060656,355622,2564451,400466,371056,1448877,344052,2564451,3217702250,1956591500,-5329867050,155573300,0,8679116400,7063710650,14535341200,4877688400,35155856650,5461414150,5107119150,19865208250,4722115100,35155856650
2021-10-28,13693,13793,13345,13445,1599714,-1.458516564057461,-31004,-226987,389886,-131895,0,195120,33206,1147216,217790,1593332,226124,260193,757330,349685,1593332,-421830650,-3093481350,5341960750,-1826648750,0,2671958300,451871500,15663499650,2964018700,21751348150,3093788950,3545352850,10321538900,4790667450,21751348150
2021-10-29,13444,13644,13444,13644,875644,1.480104127928598,137994,-6677,-36099,-95218,0,398738,51,350469,122893,872151,260744,6728,386568,218111,872151,1889154950,-91420700,-494750600,-1302983650,0,5456548450,696500,4783755700,1677748850,11918749500,3567393500,92117200,5278506300,2980732500,11918749500
2021-11-01,13643,13693,13494,13545,810929,-0.7255936675461742,-99722,14245,203552,-118075,0,189298,14719,511939,91738,807694,289020,474,308387,209813,807694,-1355954150,194420150,2777595200,-1616061200,0,2585623650,200913950,6990512650,1250595600,11027645850,3941577800,6493800,4212917450,2866656800,11027645850
2021-11-02,13494,13543,13395,13495,1122716,-0.36913990402362495,-319678,32217,155933,131528,0,127488,73073,740660,177016,1118237,447166,40856,584727,45488,1118237,-4318004950,432889950,2108183350,1776931650,0,1724793200,986488750,10018101750,2393011800,15122395500,6042798150,553598800,7909918400,616080150,15122395500
2021-11-03,13444,13493,13295,13445,1602310,-0.3705075954057058,-308789,317883,9296,-18390,0,230372,317883,778733,268929,1595917,539161,0,769437,287319,1595917,-4142983200,4264883400,130607700,-252507900,0,3098241750,4264883400,10460348000,3611638650,21435111800,7241224950,0,10329740300,3864146550,21435111800
2021-11-04,13395,13493,13345,13445,922622,0.0,-294457,-69989,93350,271096,0,102413,2149,542387,271992,918941,396870,72138,449037,896,918941,-3976241500,-945064300,1261678450,3659627350,0,1380490950,28798700,7312247200,3671685550,12393222400,5356732450,973863000,6050568750,12058200,12393222400
2021-11-05,13444,13593,13395,13495,822846,0.3718854592785422,72821,-208997,110913,25263,0,331630,100,379005,108828,819563,258809,209097,268092,83565,819563,1002496500,-2837668350,1495137300,340034550,0,4496286450,1355000,5122706850,1473799300,11094147600,3493789950,2839023350,3627569550,1133764750,11094147600
2021-11-08,13494,13644,13444,13644,575741,1.1041126343090033,-142406,31558,39493,71355,0,150162,31558,307461,84263,573444,292568,0,267968,12908,573444,-1926084450,426034050,529883400,970167000,0,2037782150,426034050,4164837350,1146559950,7775213500,3963866600,0,3634953950,176392950,7775213500
2021-11-09,13693,13693,13544,13644,690365,0.0,102896,90239,118659,-311794,0,131896,91695,378173,85847,687611,29000,1456,259514,397641,687611,1409024650,1231705800,1615980550,-4256711000,0,1805829250,1251701900,5167905650,1175231250,9400668050,396804600,19996100,3551925100,5431942250,9400668050
2021-11-10,13644,13743,13594,13694,625155,0.3664614482556435,71587,90156,1624,-163367,0,116870,147110,323541,35141,622662,45283,56954,321917,198508,622662,983944600,1238015900,19297350,-2241257850,0,1605235400,2020457650,4441325850,483098550,8550117450,621290800,782441750,4422028500,2724356400,8550117450
2021-11-11,13694,13743,13644,13694,624341,0.0,18093,131993,53237,-203323,0,95662,140442,347819,37927,621850,77569,8449,294582,241250,621850,248425700,1814488700,731568400,-2794482800,0,1316307100,1931084900,4788094600,522217750,8557704350,1067881400,116596200,4056526200,3316700550,8557704350
2021-11-12,13694,13842,13694,13794,640365,0.7302468234263181,275522,9399,-218146,-66775,0,343937,41138,201366,51370,637811,68415,31739,419512,118145,637811,3809555100,131152550,-3016611500,-924096150,0,4754872450,569762700,2781553300,710411300,8816599750,945317350,438610150,5798164800,1634507450,8816599750
2021-11-15,13842,13991,13842,13893,1068569,0.7177033492822966,54354,166627,-142344,-78637,0,186995,240897,518668,117745,1064305,132641,74270,661012,196382,1064305,757169000,2332054450,-1994118750,-1095104700,0,2615175700,3370592550,7257527750,1649138700,14892434700,1858006700,1038538100,9251646500,2744243400,14892434700
2021-11-16,13942,14091,13892,14043,1143161,1.0796804145972791,56466,130629,-273868,86773,0,167416,242471,539851,188862,1138600,110950,111842,813719,102089,1138600,789956150,1834461800,-3852304200,1227886250,0,2354863650,3408327900,7608417650,2662736250,16034345450,1564907500,1573866100,11460721850,1434850000,16034345450
2021-11-17,14091,14091,13892,13943,830300,-0.7120985544399345,31556,-31110,201719,-202165,0,118533,20750,614593,73112,826988,86977,51860,412874,275277,826988,442138600,-435978150,2822875400,-2829035850,0,1661926350,291140650,8613245950,1026128150,11592441100,1219787750,727118800,5790370550,3855164000,11592441100
2021-11-18,13942,13991,13892,13943,490850,0.0,6032,99972,-30090,-75914,0,58507,100372,279589,50424,488892,52475,400,309679,126338,488892,84678400,1394628000,-421072850,-1058233550,0,818527750,1400208000,3908310700,705935400,6832981850,733849350,5580000,4329383550,1764168950,6832981850
2021-11-19,13992,13992,13892,13993,665188,0.3586028831671807,129508,-153848,20286,4054,0,151039,50381,343397,117718,662535,21531,204229,323111,113664,662535,1815750300,-2161361600,284811250,60800050,0,2117176400,702844000,4810229500,1652186900,9282436800,301426100,2864205600,4525418250,1591386850,9282436800
2021-11-22,13993,14142,13993,14093,768459,0.7146430358036161,-93448,36142,196624,-139318,0,115328,51574,572592,25899,765393,208776,15432,375968,165217,765393,-1316852150,508886900,2775517850,-1967552600,0,1629747100,727267100,8091702400,365888500,10814605100,2946599250,218380200,5316184550,2333441100,10814605100
2021-11-23,14093,14143,14043,14143,527201,0.35478606400340595,31654,-32382,16831,-16103,0,108313,1201,388959,26625,525098,76659,33583,372128,42728,525098,449161500,-459924500,237541450,-226778450,0,1531504850,16949100,5494286700,376516000,7419256650,1082343350,476873600,5256745250,603294450,7419256650
2021-11-24,14143,14291,14093,14143,1112407,0.0,150815,-126373,-51830,27388,0,302494,46176,633343,125956,1107969,151679,172549,685173,98568,1107969,2157917450,-1807704000,-743883450,393670000,0,4322307700,659751700,9045043800,1798332800,15825436000,2164390250,2467455700,9788927250,1404662800,15825436000
2021-11-25,14192,14241,14142,14192,821603,0.34646114685710244,83128,-18336,298633,-363425,0,253020,36664,526008,2633,818325,169892,55000,227375,366058,818325,1188022800,-263583300,4249970650,-5174410150,0,3604326600,522416700,7486546200,37537750,11650827250,2416303800,786000000,3236575550,5211947900,11650827250
2021-11-26,14192,14192,13993,14093,1346694,-0.697576099210823,-203815,330832,210334,-337351,0,212980,344447,749670,34224,1341321,416795,13615,539336,371575,1341321,-2876231750,4687381050,2974574600,-4785723900,0,3020603850,4880348000,10614115300,484780000,18999847150,5896835600,192966950,7639540700,5270503900,18999847150
2021-11-29,13893,14192,13843,14093,956199,0.0,70237,260088,-301322,-29003,0,185868,282832,426172,57513,952385,115631,22744,727494,86516,952385,996153450,3638332750,-4225188450,-409297750,0,2629691550,3959645550,5998791600,806762550,13394891250,1633538100,321312800,10223980050,1216060300,13394891250
2021-11-30,14191,14191,13892,13943,1282294,-1.0643581920102179,-243002,219585,169924,-146507,0,143879,223585,780808,128906,1277178,386881,4000,610884,275413,1277178,-3312780400,3038226300,2342129850,-2067575750,0,2033414950,3094626300,10955887300,1815983250,17899911800,5346195350,56400000,8613757450,3883559000,17899911800
2021-12-01,13942,14041,13892,13993,1252527,0.3586028831671807,-488322,6185,249606,232531,0,228796,6585,730284,281865,1247530,717118,400,480678,49334,1247530,-6850362450,86630350,3499373800,3264358300,0,3210589750,92220350,10240930550,3955378850,17499119500,10060952200,5590000,6741556750,691020550,17499119500
2021-12-02,13991,13991,13892,13943,860543,-0.35732151790180805,-363371,4385,305702,53284,0,198380,4385,547921,106424,857110,561751,0,242219,53140,857110,-5078010150,61180450,4269182150,747647550,0,2773835000,61180450,7656546850,1489950750,11981513050,7851845150,0,3387364700,742303200,11981513050
2021-12-03,13941,13941,13743,13843,1727741,-0.7172057663343614,-448922,35670,627265,-214013,0,279576,36081,1181147,224043,1720847,728498,411,553882,438056,1720847,-6241088500,494782750,8720430400,-2974124650,0,3890439000,500495650,16409900250,3114628800,23915463700,10131527500,5712900,7689469850,6088753450,23915463700
2021-12-06,13842,13892,13594,13644,1801727,-1.4375496640901537,-293365,-63482,102131,254716,0,243276,16602,1150893,383767,1794538,536641,80084,1048762,129051,1794538,-4018366150,-868612550,1402611300,3484367400,0,3348657750,228538250,15817342450,5262712400,24657250850,7367023900,1097150800,14414731150,1778345000,24657250850
2021-12-07,13644,13743,13644,13694,946453,0.3664614482556435,-476691,17575,353166,105950,0,182960,17905,600319,141493,942677,659651,330,247153,35543,942677,-6547348650,240986400,4851085800,1455276450,0,2513919150,245529900,8251300700,1943765600,12954515350,9061267800,4543500,3400214900,488489150,12954515350
2021-12-08,13694,14093,13694,14093,1533106,2.9136848254710093,20746,-253005,-293279,525538,0,165394,1636,433629,926330,1526989,144648,254641,726908,400792,1526989,299740650,-3529554700,-4089597100,7319411150,0,2298429800,22528500,6026087600,12891789850,21238835750,1998689150,3552083200,10115684700,5572378700,21238835750
2021-12-09,14141,14141,13842,13893,607747,-1.4191442560136238,-82806,-67079,329414,-179529,0,73924,705,473927,56767,605323,156730,67784,144513,236296,605323,-1155887500,-936256850,4609142900,-2516998550,0,1033937500,9834950,6635103650,794028850,8472904950,2189825000,946091800,2025960750,3311027400,8472904950
2021-12-10,13892,13941,13793,13893,709090,0.0,36023,-17578,214384,-232829,0,211093,7772,437190,50207,706262,175070,25350,222806,283036,706262,503008750,-245561900,2982924100,-3240370950,0,2935747300,108045600,6080501400,698638450,9822932750,2432738550,353607500,3097577300,3939009400,9822932750
2021-12-13,13892,13991,13842,13893,693163,0.0,132615,-4515,-25237,-102863,0,255549,27254,323818,83777,690398,122934,31769,349055,186640,690398,1856502600,-62011100,-357251150,-1437240350,0,3572062800,381543500,4522100350,1172559600,9648266250,1715560200,443554600,4879351500,2609799950,9648266250
2021-12-14,13892,13941,13842,13893,644292,0.0,217981,417,2860,-221258,0,328604,517,197306,115295,641722,110623,100,194446,336553,641722,3040139000,5826950,37002000,-3082967950,0,4583033450,7216950,2750666050,1609602900,8950519350,1542894450,1390000,2713664050,4692570850,8950519350
2021-12-15,13942,13991,13892,13943,846865,0.3598934715324264,508934,-103016,-19362,-386556,0,604279,208,235928,3072,843487,95345,103224,255290,389628,843487,7116043650,-1442390400,-273819000,-5399834250,0,8446353750,2906800,3295983300,43011950,11788255800,1330310100,1445297200,3569802300,5442846200,11788255800
2021-12-16,13941,13941,13842,13893,1006229,-0.3586028831671807,313237,62126,137411,-512774,0,457767,147326,386572,10550,1002215,144530,85200,249161,523324,1002215,4370914450,864607200,1918164150,-7153685800,0,6386833050,2053147200,5397629700,147521500,13985131450,2015918600,1188540000,3479465550,7301207300,13985131450
2021-12-17,13942,14041,13892,13993,1283088,0.7197869430648528,409594,-86303,-206632,-116659,0,563470,18682,377750,318066,1277968,153876,104985,584382,434725,1277968,5745108700,-1210822250,-2896568200,-1637718250,0,7900118500,261568050,5299968050,4464761750,17926416350,2155009800,1472390300,8196536250,6102480000,17926416350
2021-12-20,13992,14091,13942,13993,1100869,0.0,243229,100535,641,-344405,0,364487,102535,601681,27774,1096477,121258,2000,601040,372179,1096477,3431515000,1416809050,7369150,-4855693200,0,5138633600,1445109050,8485670400,390535400,15459948450,1707118600,28300000,8478301250,5246228600,15459948450
2021-12-21,13992,14042,13992,14043,885986,0.35732151790180805,330687,-120903,-79391,-130393,0,428627,51213,326400,76211,882451,97940,172116,405791,206604,882451,4662589050,-1706687850,-1121420250,-1834480950,0,6039404050,719597750,4593930850,1074573450,12427506100,1376815000,2426285600,5715351100,2909054400,12427506100
2021-12-22,14043,14093,13993,14093,569476,0.35604927721996726,201996,-36112,-118850,-47034,0,213936,2782,348333,2154,567205,11940,38894,467183,49188,567205,2848058700,-508726050,-1678400900,-660931750,0,3016470900,39234650,4906618450,30393400,7992717400,168412200,547960700,6585019350,691325150,7992717400
2021-12-23,14093,14093,14043,14093,675821,0.0,279194,-5957,-239309,-33928,0,297446,2469,369996,3214,673125,18252,8426,609305,37142,673125,3946807500,-84235250,-3384207400,-478364850,0,4204940700,34936350,5231243700,45474650,9516595400,258133200,119171600,8615451100,523839500,9516595400
2021-12-24,14092,14241,14092,14192,1307295,0.7024764067267437,15550,158049,-401841,228242,0,134514,214249,707461,245855,1302079,118964,56200,1109302,17613,1302079,222057600,2249020550,-5722485900,3251407750,0,1916348400,3048115550,10078388850,3502297650,18545150450,1694290800,799095000,15800874750,250889900,18545150450
2021-12-27,14192,14242,14143,14143,1308025,-0.34526493799323565,75453,220235,-232600,-63088,0,191033,238927,841195,31651,1302806,115580,18692,1073795,94739,1302806,1075864850,3132991650,-3312251950,-896604550,0,2718990500,3399813500,11972025250,450659450,18541488700,1643125650,266821850,15284277200,1347264000,18541488700
2021-12-28,14142,14192,14093,14093,2242889,-0.35353178250724737,54149,-1789,-94765,42405,0,358827,31176,1566150,277786,2233939,304678,32965,1660915,235381,2233939,771373050,-25755750,-1351933100,606315800,0,5087094050,442224000,22200428150,3939922250,31669668450,4315721000,467979750,23552361250,3333606450,31669668450
2021-12-29,13842,13892,13743,13893,1935248,-1.4191442560136238,-76668,-107968,240992,-56356,0,262185,159242,1280949,225150,1927526,338853,267210,1039957,281506,1927526,-1048336750,-1514630850,3337555250,-774587650,0,3650697650,2208067650,17795544400,3131804250,26786113950,4699034400,3722698500,14457989150,3906391900,26786113950
2021-12-30,13892,13992,13842,13993,918769,0.7197869430648528,130664,-268402,-19189,156927,0,173065,63538,516014,162487,915104,42401,331940,535203,5560,915104,1827793200,-3759854850,-264715600,2196777250,0,2420093400,883208150,7214887800,2274681300,12792870650,592300200,4643063000,7479603400,77904050,12792870650
2022-01-03,14042,14091,13992,14043,1333735,0.35732151790180805,-211562,-148357,257532,102387,0,337785,29556,837923,123150,1328414,549347,177913,580391,20763,1328414,-2973536450,-2093239500,3622378150,1444397800,0,4764680550,415333550,11806100800,1736556750,18722671650,7738217000,2508573050,8183722650,292158950,18722671650
2022-01-04,14041,14041,13842,13843,1147954,-1.424197108879869,-461024,172735,335842,-47553,0,234255,172735,688008,48376,1143374,695279,0,352166,95929,1143374,-6447293600,2412169100,4696196850,-661072350,0,3280177750,2412169100,9630110950,677579050,16000036850,9727471350,0,4933914100,1338651400,16000036850
2022-01-05,13891,13891,13793,13843,1013511,0.0,-216045,100378,148730,-33063,0,224661,232050,514707,38050,1009468,440706,131672,365977,71113,1009468,-2999901750,1388979150,2070156450,-459233850,0,3124661650,3220503550,7156219350,529141750,14030526300,6124563400,1831524400,5086062900,988375600,14030526300
2022-01-06,13794,13842,13744,13794,1412277,-0.3539695152784801,-479642,108703,345883,25056,0,291803,158903,847429,108507,1406642,771445,50200,501546,83451,1406642,-6631835600,1504741350,4776735050,350359200,0,4042510950,2200011350,11717822650,1502448100,19462793050,10674346550,695270000,6941087600,1152088900,19462793050
2022-01-07,13794,13794,13694,13794,778231,0.0,147660,-310833,155509,7664,0,242973,5903,484749,41502,775127,95313,316736,329240,33838,775127,2036974050,-4291426100,2147779500,106672550,0,3354271400,81445950,6687536250,573684050,10696937650,1317297350,4372872050,4539756750,467011500,10696937650
2022-01-10,13744,13793,13694,13744,769089,-0.3624764390314629,129166,21636,-143000,-7802,0,243222,121636,380604,20559,766021,114056,100000,523604,28361,766021,1784391400,292802950,-1970610800,-106583550,0,3352836850,1672802950,5244557200,283842450,10554039450,1568445450,1380000000,7215168000,390426000,10554039450
2022-01-11,13694,13744,13694,13744,665089,0.0,69191,-144991,25335,50465,0,166588,108107,288315,99426,662436,97397,253098,262980,48961,662436,956838500,-2005315750,349813450,698663800,0,2298884450,1487436650,3973364000,1372059200,9131744300,1342045950,3492752400,3623550550,673395400,9131744300
2022-01-12,13744,13794,13744,13794,716484,0.3637951105937136,-31820,-80668,130344,-17856,0,134421,122484,391728,64993,713626,166241,203152,261384,82849,713626,-435760200,-1122974600,1802074250,-243339450,0,1861389500,1690680600,5415558050,900150400,9867778550,2297149700,2813655200,3613483800,1143489850,9867778550
2022-01-13,13793,13793,13744,13744,510321,-0.3624764390314629,60507,-52759,21557,-29305,0,99116,202820,200333,6017,508286,38609,255579,178776,35322,508286,839227250,-736997200,301979250,-404209300,0,1372046450,2798957000,2769815200,83241150,7024059800,532819200,3535954200,2467835950,487450450,7024059800
2022-01-14,13744,13794,13744,13794,726409,0.3637951105937136,99273,15048,-124896,10575,0,161043,215048,279732,67688,723511,61770,200000,404628,57113,723511,1375865850,197665050,-1722487750,148956850,0,2228294350,2967665050,3870341900,937478800,10003780100,852428500,2770000000,5592829650,788521950,10003780100
2022-01-17,13793,13793,13744,13744,739706,-0.3624764390314629,178218,-18232,-134430,-25556,0,257116,193153,282737,3749,736755,78898,211385,417167,29305,736755,2467999150,-261591100,-1853918350,-352489700,0,3560181600,2665521900,3908281900,51921650,10185907050,1092182450,2927113000,5762200250,404411350,10185907050
2022-01-18,13794,13794,13744,13794,783722,0.3637951105937136,-85421,11012,-24584,98993,0,144372,215284,254246,166693,780595,229793,204272,278830,67700,780595,-1177644950,142516200,-339227600,1374356350,0,1999551700,2971683400,3516947800,2308698050,10796880950,3177196650,2829167200,3856175400,934341700,10796880950
2022-01-19,13744,13793,13694,13744,1188222,-0.3624764390314629,-435096,335582,186339,-86825,0,297615,335582,526624,23660,1183481,732711,0,340285,110485,1183481,-6004488550,4630307850,2571542200,-1197361500,0,4106408050,4630307850,7261685200,325765950,16324167050,10110896600,0,4690143000,1523127450,16324167050
2022-01-20,13694,13794,13694,13794,529632,0.3637951105937136,17477,34394,-106190,54319,0,199558,39589,199629,88743,527519,182081,5195,305819,34424,527519,245148300,472809450,-1467523050,749565300,0,2760893750,544350450,2756902350,1224655100,7286801650,2515745450,71541000,4224425400,475089800,7286801650
2022-01-21,13794,13794,13744,13794,703684,0.0,181414,-197973,-60976,77535,0,245320,72267,301302,81988,700877,63906,270240,362278,4453,700877,2512886800,-2745153200,-841744250,1074010650,0,3397682000,997670800,4168815600,1135533800,9699702200,884795200,3742824000,5010559850,61523150,9699702200
2022-01-24,13743,13793,13694,13694,1309188,-0.7249528780629259,-224296,183866,129984,-89554,0,303929,298509,680731,20795,1303964,528225,114643,550747,110349,1303964,-3095688550,2538157950,1790007700,-1232477100,0,4191983300,4114499200,9377944500,286590150,17971017150,7287671850,1576341250,7587936800,1519067250,17971017150
2022-01-25,13644,13694,13146,13196,3438175,-3.6366291806630637,62539,-69861,763042,-755720,0,547652,151737,2684456,40611,3424456,485113,221598,1921414,796331,3424456,854765150,-901821350,10198071600,-10151015400,0,7341853250,2043102150,36033937850,541354000,45960247250,6487088100,2944923500,25835866250,10692369400,45960247250
2022-01-26,13196,13444,13196,13246,1662793,0.37890269778720825,31633,-409261,176621,201007,0,282184,56432,995914,321629,1656159,250551,465693,819293,120622,1656159,431530850,-5475462650,2358684650,2685247150,0,3772374550,751132850,13307179700,4295956500,22126643600,3340843700,6226595500,10948495050,1610709350,22126643600
2022-01-27,13245,13345,13146,13196,1583545,-0.37747244451155065,-101078,41857,88211,-28990,0,410180,154774,887916,124357,1577227,511258,112917,799705,153347,1577227,-1316713000,545871900,1163742800,-392901700,0,5477235650,2058218850,11824787450,1651646100,21011888050,6793948650,1512346950,10661044650,2044547800,21011888050
2022-01-28,13195,13493,13195,13445,1267576,1.886935434980297,305578,-412326,42637,64111,0,391864,45542,677730,147383,1262519,86286,457868,635093,83272,1262519,4112208000,-5557685300,582819500,862657800,0,5275110800,613462700,9086919600,1979541000,16955034100,1162902800,6171148000,8504100100,1116883200,16955034100
2022-02-03,13594,13793,13544,13744,1193977,2.2238750464856825,-241168,63266,-68016,245918,0,193050,123803,585366,286994,1189213,434218,60537,653382,41076,1189213,-3325576050,863607450,-930701500,3392670100,0,2664351500,1702041700,8066476200,3955516700,16388386100,5989927550,838434250,8997177700,562846600,16388386100
2022-02-04,13693,13941,13643,13843,756392,0.720314318975553,34253,71421,-157220,51546,0,205212,79421,319576,149166,753375,170959,8000,476796,97620,753375,481273900,988777350,-2184138450,714087200,0,2855266050,1100227350,4440985600,2071385050,10467864050,2373992150,111450000,6625124050,1357297850,10467864050
2022-02-07,13891,13941,13793,13843,562178,0.0,-251020,77660,133572,39788,0,73021,79160,324131,83623,559935,324041,1500,190559,43835,559935,-3486802700,1079699650,1853633050,553470000,0,1013715750,1100524650,4500279050,1162311300,7776830750,4500518450,20825000,2646646000,608841300,7776830750
2022-02-08,13794,13842,13744,13794,403374,-0.3539695152784801,-134603,-3292,108949,28946,0,72370,1308,271636,56451,401765,206973,4600,162687,27505,401765,-1863633300,-45555650,1507982250,401206700,0,1003141750,18116000,3761838650,782067400,5565163800,2866775050,63671650,2253856400,380860700,5565163800
2022-02-09,13744,13793,13744,13744,334469,-0.3624764390314629,-102568,47177,26438,28953,0,63244,100004,136227,33661,333136,165812,52827,109789,4708,333136,-1418378950,648401450,368896250,401081250,0,875691200,1380055400,1885490650,466051650,4607288900,2294070150,731653950,1516594400,64970400,4607288900
2022-02-10,13793,13793,13744,13744,445702,0.0,-194238,50504,135525,8209,0,94797,100504,227283,21340,443924,289035,50000,91758,13131,443924,-2683774150,694480400,1875024200,114269550,0,1312720150,1386980400,3142846650,295477350,6138024550,3996494300,692500000,1267822450,181207800,6138024550
2022-02-11,13744,13794,13694,13794,644800,0.3637951105937136,-35569,-61400,-13721,110690,0,112075,18016,359492,152644,642227,147644,79416,373213,41954,642227,-488693100,-850635700,-191719300,1531048100,0,1548702400,249275900,4963374500,2110050450,8871403250,2037395500,1099911600,5155093800,579002350,8871403250
2022-02-14,13744,13793,13694,13744,1439186,-0.3624764390314629,-373491,-91926,-271326,736743,0,174838,141521,295508,821577,1433444,548329,233447,566834,84834,1433444,-5167022900,-1283951350,-3749986350,10200960600,0,2410875150,1947789600,4071073400,11369819900,19799558050,7577898050,3231740950,7821059750,1168859300,19799558050
2022-02-15,13743,13743,13694,13694,650816,-0.3637951105937136,-150181,95090,113569,-58478,0,214812,95090,286373,51945,648220,364993,0,172804,110423,648220,-2071620650,1309783550,1563641100,-801804000,0,2962141450,1309783550,3941821200,716692000,8930438200,5033762100,0,2378180100,1518496000,8930438200
2022-02-16,13744,13744,13694,13744,648049,0.36512341171315904,-361625,218722,38304,104599,0,82637,218722,224695,119410,645464,444262,0,186391,14811,645464,-4977324850,3007913600,526423850,1442987400,0,1140028000,3007913600,3096146850,1646779750,8890868200,6117352850,0,2569723000,203792350,8890868200
2022-02-17,13744,13744,13694,13744,418152,0.0,-82513,105413,-57277,34377,0,96549,105444,163874,50617,416484,179062,31,221151,16240,416484,-1138361250,1450239000,-786951800,475074050,0,1332376200,1450665250,2260950350,698514600,5742506400,2470737450,426250,3047902150,223440550,5742506400
2022-02-18,13694,13743,13694,13694,415941,-0.3637951105937136,-123698,2697,111242,9759,0,160628,2697,229756,21201,414282,284326,0,118514,11442,414282,-1706969350,37218600,1534670650,135080100,0,2216513750,37218600,3165453600,292407600,5711593550,3923483100,0,1630782950,157327500,5711593550
2022-02-21,13694,13744,13694,13744,439498,0.36512341171315904,-109225,97600,6382,5243,0,81664,102600,239325,14156,437745,190889,5000,232943,8913,437745,-1501908000,1342130000,87112400,72665600,0,1126926000,1410880000,3296390500,195321400,6029517900,2628834000,68750000,3209278100,122655800,6029517900
2022-02-22,13694,13743,13594,13694,1321271,-0.3637951105937136,-609423,337607,433572,-161756,0,264938,337607,693124,20331,1316000,874361,0,259552,182087,1316000,-8360016600,4626377450,5950190050,-2216550900,0,3636300500,4626377450,9509962550,279243150,18051883650,11996317100,0,3559772500,2495794050,18051883650
2022-02-23,13693,13693,13594,13644,726502,-0.36512341171315904,-252623,8618,123208,120797,0,167217,8908,346790,200689,723604,419840,290,223582,79892,723604,-3460402400,118066800,1686822250,1655513350,0,2294369750,122039800,4752523750,2749936200,9918869500,5754772150,3973000,3065701500,1094422850,9918869500
2022-02-24,13643,13643,13444,13545,1317161,-0.7255936675461742,-161217,104439,47161,9617,0,260328,104439,879376,67763,1311906,421545,0,832215,58146,1311906,-2186054400,1419051350,637575550,129427500,0,3535609900,1419051350,11930776650,919242650,17804680550,5721664300,0,11293201100,789815150,17804680550
2022-02-25,13643,13643,13494,13545,929420,0.0,-413825,19337,321151,73337,0,213493,32584,592648,86987,925712,627318,13247,271497,13650,925712,-5634951200,263188550,4372009700,999752950,0,2912977400,444010100,8075715650,1185886450,12618589600,8547928600,180821550,3703705950,186133500,12618589600
2022-02-28,13544,13693,13544,13644,1449730,0.7308970099667774,-504653,14189,347967,142497,0,391542,24189,802313,225901,1443945,896195,10000,454346,83404,1443945,-6888431450,194592650,4746313950,1947524850,0,5355063400,330592650,10966224850,3088933550,19740814450,12243494850,136000000,6219910900,1141408700,19740814450
2022-03-02,13644,13694,13594,13694,1263442,0.3664614482556435,-502024,202416,280750,18858,0,352327,233049,566111,106914,1258401,854351,30633,285361,88056,1258401,-6878879600,2772702750,3845368200,260808650,0,4837265750,3193906500,7763156650,1467319000,17261647900,11716145350,421203750,3917788450,1206510350,17261647900
2022-03-03,13694,13694,13594,13694,952578,0.0,-355355,62183,436681,-143509,0,230853,62183,600053,55689,948778,586208,0,163372,199198,948778,-4865590450,849508750,5981693400,-1965611700,0,3164193050,849508750,8220032500,763389500,12997123800,8029783500,0,2238339100,2729001200,12997123800
2022-03-04,13644,13693,13594,13644,906099,-0.36512341171315904,-164528,99390,159626,-94488,0,283499,127527,442609,48849,902484,448027,28137,282983,143337,902484,-2242743500,1358798350,2175245150,-1291300000,0,3879983600,1744275250,6053311750,669261800,12346832400,6122727100,385476900,3878066600,1960561800,12346832400
2022-03-07,13594,13644,13544,13644,1050855,0.0,-193319,118917,114771,-40369,0,350085,120621,480051,95905,1046662,543404,1704,365280,136274,1046662,-2631104650,1620356000,1561025400,-550276750,0,4780320300,1643615600,6547686350,1310053250,14281675500,7411424950,23259600,4986660950,1860330000,14281675500
2022-03-08,13544,13593,13494,13545,1291032,-0.7255936675461742,-701950,354689,328509,18752,0,161709,390028,627741,106403,1285881,863659,35339,299232,87651,1285881,-9544794350,4823721400,4464712600,256360350,0,2201208750,5304331000,8537917650,1448146450,17491603850,11746003100,480609600,4073205050,1191786100,17491603850
2022-03-10,13544,13593,13494,13545,1074058,0.0,-490621,56669,515038,-81086,0,169914,73169,766979,59711,1069773,660535,16500,251941,140797,1069773,-6651663600,768236450,6983085200,-1099658050,0,2306802900,992636450,10407871450,812051450,14519362250,8958466500,224400000,3424786250,1911709500,14519362250
2022-03-11,13544,13544,13494,13545,914925,0.0,-387073,19611,340294,27168,0,270821,23254,530620,86580,911275,657894,3643,190326,59412,911275,-5246779850,265976400,4611155050,369648400,0,3677828400,315339050,7196440700,1175831200,12365439350,8924608250,49362650,2585285650,806182800,12365439350
2022-03-14,13544,13544,13494,13545,800703,0.0,-410108,31840,238777,139491,0,150165,37514,469890,139940,797509,560273,5674,231113,449,797509,-5558933500,432001450,3236305700,1890626350,0,2037749950,508884150,6373599000,1896732650,10816965750,7596683450,76882700,3137293300,6106300,10816965750
2022-03-15,13544,13544,13494,13545,844399,0.0,-64912,17690,3640,43582,0,457149,17690,286702,79490,841031,522061,0,283062,35908,841031,-877662750,239778750,44637500,593246500,0,6197144200,239778750,3888267000,1080258800,11405448750,7074806950,0,3843629500,487012300,11405448750
2022-03-16,13544,13544,13444,13545,1023515,0.0,-402534,44735,510923,-153124,0,182714,51521,754643,30554,1019432,585248,6786,243720,183678,1019432,-5448843200,605270000,6916978550,-2073405350,0,2476642600,697220300,10224235900,414650900,13812749700,7925485800,91950300,3307257350,2488056250,13812749700
2022-03-17,13544,13544,13494,13545,629400,0.0,-5108,4494,103728,-103114,0,209631,4494,389907,22858,626890,214739,0,286179,125972,626890,-68871600,60996900,1404307000,-1396432300,0,2846747550,60996900,5291634300,310817400,8510196150,2915619150,0,3887327300,1707249700,8510196150
2022-03-18,13544,13544,13494,13545,562516,0.0,-173897,12239,190646,-28988,0,153333,12239,383807,10894,560273,327230,0,193161,39882,560273,-2363285700,166450400,2589273150,-392437850,0,2085328800,166450400,5213518500,148158400,7613456100,4448614500,0,2624245350,540596250,7613456100
2022-03-21,13494,13543,13444,13495,1321313,-0.36913990402362495,-337579,-125690,709920,-246651,0,318826,23722,912672,60821,1316041,656405,149412,202752,307472,1316041,-4573253650,-1702854050,9613920400,-3337812700,0,4319389950,321414600,12356187400,824121200,17821113150,8892643600,2024268650,2742267000,4161933900,17821113150
2022-03-22,13494,13494,13444,13495,790012,0.0,-235915,46336,274514,-84935,0,250801,80728,444377,10955,786861,486716,34392,169863,95890,786861,-3188534600,625918150,3708784800,-1146168350,0,3394069250,1090210150,6004750950,148390950,10637421300,6582603850,464292000,2295966150,1294559300,10637421300
2022-03-23,13493,13493,13444,13445,949049,-0.3705075954057058,-27045,115990,126685,-215630,0,193704,115990,386916,248653,945263,220749,0,260231,464283,945263,-364805150,1566304500,1709524700,-2911024050,0,2619972950,1566304500,5227813650,3356865400,12770956500,2984778100,0,3518288950,6267889450,12770956500
2022-03-24,13444,13494,13444,13495,985549,0.3718854592785422,-291796,165461,-151219,277554,0,252391,165474,166824,396928,981617,544187,13,318043,119374,981617,-3950519050,2234297200,-2048707200,3764929050,0,3419835250,2234472700,2257731700,5378210100,13290249750,7370354300,175500,4306438900,1613281050,13290249750
2022-03-25,13494,13494,13444,13495,573669,0.0,-179042,18004,217187,-56149,0,130505,18554,397176,25146,571381,309547,550,179989,81295,571381,-2425463900,243981700,2938541450,-757059250,0,1768342750,251406700,5373428400,340728300,7733906150,4193806650,7425000,2434886950,1097787550,7733906150
2022-03-28,13494,13544,13444,13545,1448244,0.3705075954057058,-843222,45434,110185,687603,0,153101,45434,477346,766585,1442466,996323,0,367161,78982,1442466,-11428741250,615580700,1495320500,9317840050,0,2077762850,615580700,6470022550,10387433000,19550799100,13506504100,0,4974702050,1069592950,19550799100
2022-03-29,13543,13593,13493,13594,1396218,0.3617571059431524,-848848,-16740,426171,439417,0,142806,95146,684032,468663,1390647,991654,111886,257861,29246,1390647,-11543495000,-231534100,5798549650,5976479450,0,1945021800,1295115500,9305666400,6374278450,18920082150,13488516800,1526649600,3507116750,397799000,18920082150
2022-03-30,13543,13593,13493,13594,663389,0.0,-371,-111883,106481,5773,0,241765,94484,296784,27710,660743,242136,206367,190303,21937,660743,-1294550,-1526607900,1448600650,79301800,0,3296811450,1284983300,4041679900,377709200,9001183850,3298106000,2811591200,2593079250,298407400,9001183850
2022-03-31,13594,13644,13544,13644,1446262,0.36780932764454904,-489934,-136286,45569,580651,0,246372,88540,512308,593271,1440491,736306,224826,466739,12620,1440491,-6692221050,-1866131400,627573400,7930779050,0,3373691350,1208983500,7005364400,8103142950,19691182200,10065912400,3075114900,6377791000,172363900,19691182200
2022-04-01,13644,13744,13594,13744,1934637,0.732922896511287,-714822,-181634,166076,730380,0,596443,18505,581533,730437,1926918,1311265,200139,415457,57,1926918,-9792996900,-2493385650,2271985250,10014397300,0,8186565650,253521650,7973700750,10015180050,26428968100,17979562550,2746907300,5701715500,782750,26428968100
2022-04-04,13744,13794,13694,13794,1054368,0.3637951105937136,-406876,-58975,226199,239652,0,162733,41028,487062,359338,1050161,569609,100003,260863,119686,1050161,-5623741400,-818403450,3127657750,3314487100,0,2250184150,566637800,6731699650,4966048250,14514569850,7873925550,1385041250,3604041900,1651561150,14514569850
2022-04-05,13793,13842,13743,13843,1002047,0.3552269102508337,-121311,-150474,172944,98841,0,350755,6412,446064,194818,998049,472066,156886,273120,95977,998049,-1677271250,-2086225600,2394712550,1368784300,0,4861896100,88806200,6177980650,2699331350,13828014300,6539167350,2175031800,3783268100,1330547050,13828014300
2022-04-06,13842,13892,13793,13893,1146107,0.3611933829372246,-139106,-22038,46462,114682,0,481189,27962,476767,155616,1141534,620295,50000,430305,40934,1141534,-1933788050,-307807100,645553500,1596041650,0,6703231250,389692900,6629994750,2163829400,15886748300,8637019300,697500000,5984441250,567787750,15886748300
2022-04-07,13892,13941,13842,13893,1482132,0.0,-388269,315525,245211,-172467,0,399346,367174,640640,69059,1476219,787615,51649,395429,241526,1476219,-5417958450,4397331650,3424628600,-2404001800,0,5577770550,5120335200,8941635650,964124150,20603865550,10995729000,723003550,5517007050,3368125950,20603865550
2022-04-08,13892,13942,13842,13943,740383,0.3598934715324264,-83941,-94676,105843,72774,0,220725,5324,426925,84456,737430,304666,100000,321082,11682,737430,-1167304850,-1325950800,1475919700,1017335950,0,3084764250,74049200,5959209250,1180424050,10298446750,4252069100,1400000000,4483289550,163088100,10298446750
2022-04-11,13892,13942,13892,13943,845462,0.0,-293694,13305,241347,39042,0,213405,122489,438661,67534,842089,507099,109184,197314,28492,842089,-4100003350,181642850,3370765300,547595200,0,2984027750,1709795800,6127529450,945318600,11766671600,7084031100,1528152950,2756764150,397723400,11766671600
2022-04-12,13892,13941,13892,13893,1382117,-0.3586028831671807,-281855,269662,-22806,34999,0,602741,373163,352600,48099,1376603,884596,103501,375406,13100,1376603,-3926052600,3756665700,-320882800,490269700,0,8432151650,5205629650,4924890850,673032550,19235704700,12358204250,1448963950,5245773650,182762850,19235704700
2022-04-13,13891,13941,13842,13843,849131,-0.3598934715324264,-125354,-2463,94923,32894,0,316686,8352,477645,43061,845744,442040,10815,382722,10167,845744,-1738845000,-35044800,1315812650,458077150,0,4416377850,116115200,6657461300,599906150,11789860500,6155222850,151160000,5341648650,141829000,11789860500
2022-04-14,13842,13842,13793,13843,872976,0.0,-188822,78484,88233,22105,0,406408,100553,316115,46417,869493,595230,22069,227882,24312,869493,-2621003600,1085927400,1226887800,308188400,0,5643121600,1392686500,4386395450,645162350,12067365900,8264125200,306759100,3159507650,336973950,12067365900
2022-04-15,13793,13842,13793,13843,742318,0.0,-168443,5363,138036,25044,0,378817,5363,327860,27316,739356,547260,0,189824,2272,739356,-2334696850,74327600,1912927750,347441500,0,5260669600,74327600,4546731950,379001000,10260730150,7595366450,0,2633804200,31559500,10260730150
2022-04-18,13842,13842,13744,13744,925280,-0.7151628982157047,-133267,4596,95503,33168,0,420419,11382,447380,42408,921589,553686,6786,351877,9240,921589,-1840657700,63315400,1317777050,459565250,0,5831673550,157301500,6195891000,587265800,12772131850,7672331250,93986100,4878113950,127700550,12772131850
2022-04-19,13744,13794,13744,13794,583033,0.3637951105937136,-242422,102852,180291,-40721,0,155728,104003,311175,9801,580707,398150,1151,130884,50522,580707,-3349737700,1419357750,2492171050,-561791100,0,2154124650,1435241550,4301500750,135609000,8026475950,5503862350,15883800,1809329700,697400100,8026475950
2022-04-20,13793,13793,13744,13744,932209,-0.3624764390314629,-154152,-85817,234700,5269,0,331664,112661,438192,45973,928490,485816,198478,203492,40704,928490,-2118871100,-1194019400,3239009550,73880950,0,4585389800,1554865500,6052264900,635616000,12828136200,6704260900,2748884900,2813255350,561735050,12828136200
2022-04-21,13744,13794,13744,13794,927479,0.3637951105937136,-52153,-81187,104009,29331,0,350696,161724,330024,81335,923779,402849,242911,226015,52004,923779,-713649450,-1129796900,1435602850,407843500,0,4855350000,2232374900,4562748600,1126283850,12776757350,5568999450,3362171800,3127145750,718440350,12776757350
2022-04-22,13794,13794,13744,13794,1068585,0.0,-195330,-35201,86708,143823,0,219703,279840,384597,180181,1064321,415033,315041,297889,36358,1064321,-2694608700,-501402800,1202405500,1993606000,0,3042886550,3861895000,5322266600,2495506850,14722555000,5737495250,4363297800,4119861100,501900850,14722555000
2022-04-25,13794,13794,13744,13794,896433,0.0,-105925,10316,44398,51211,0,279691,203612,329646,79908,892857,385616,193296,285248,28697,892857,-1456612800,133691400,612671300,710250100,0,3873720350,2810026200,4556650000,1106725800,12347122350,5330333150,2676334800,3943978700,396475700,12347122350
2022-04-26,13794,13794,13744,13794,1205161,0.0,-489366,108347,389682,-8663,0,354482,310037,524098,11735,1200352,843848,201690,134416,20398,1200352,-6748594800,1485234300,5383051450,-119690950,0,4906879950,4278556300,7240412800,162491350,16588340400,11655474750,2793322000,1857361350,282182300,16588340400
2022-04-27,13794,13794,13744,13794,1509264,0.0,-76546,282702,-192107,-14049,0,626872,483619,380911,11840,1503242,703418,200917,573018,25889,1503242,-1046909400,3895468350,-2654123500,-194435450,0,8678843000,6678122950,5270272550,163956300,20791194800,9725752400,2782654600,7924396050,358391750,20791194800
2022-04-28,13793,13992,13743,13993,2459046,1.4426562273452226,665129,-526308,-287922,149101,0,1556234,85732,651318,155950,2449234,891105,612040,939240,6849,2449234,9300891100,-7322136450,-4057094150,2078339500,0,21696829850,1196422550,9048743050,2174058300,34116053750,12395938750,8518559000,13105837200,95718800,34116053750
2022-04-29,13993,14192,13943,14143,1617081,1.071964553705424,265618,11298,-371502,94586,0,847262,25728,597103,140536,1610629,581644,14430,968605,45950,1610629,3788564550,158951150,-5290582100,1343066400,0,12019545300,363534050,8435285700,1993461100,22811826150,8230980750,204582900,13725867800,650394700,22811826150
2022-05-02,14142,14241,14092,14192,853968,0.34646114685710244,-154115,186376,-28660,-3601,0,220027,187076,391147,52312,850562,374142,700,419807,55913,850562,-2185465250,2646774450,-410331000,-50978200,0,3133955650,2656749450,5563488650,743526700,12097720450,5319420900,9975000,5973819650,794504900,12097720450
2022-05-03,14192,14242,14093,14143,596637,-0.34526493799323565,-36572,58534,-16485,-5477,0,188082,63544,316296,26335,594257,224654,5010,332781,31812,594257,-519210000,828641750,-232106000,-77325750,0,2672945900,899533250,4494686350,374461100,8441626600,3192155900,70891500,4726792350,451786850,8441626600
2022-05-04,14142,14142,14043,14093,782363,-0.35353178250724737,-53169,327230,-7519,-266542,0,122941,327230,319259,9812,779242,176110,0,326778,276354,779242,-751002850,4628100950,-104709350,-3772388750,0,1741672750,4628100950,4518871250,138911650,11027556600,2492675600,0,4623580600,3911300400,11027556600
2022-05-06,14042,14042,13942,14043,751897,-0.35478606400340595,-199800,203453,30184,-33837,0,113807,209053,413205,12832,748897,313607,5600,383021,46669,748897,-2805968900,2858765200,422542550,-475338850,0,1602025850,2937195200,5808602850,180620200,10528444100,4407994750,78430000,5386060300,655959050,10528444100
2022-05-09,14041,14041,13892,13893,1006226,-1.0681478316599018,4040,72038,109924,-186002,0,218135,206594,555968,21515,1002212,214095,134556,446044,207517,1002212,60507350,1003629100,1536970200,-2601106650,0,3052830000,2887048700,7775677550,302032700,14017588950,2992322650,1883419600,6238707350,2903139350,14017588950
2022-05-10,13743,13941,13693,13893,1062235,0.0,13414,-93501,19128,60959,0,297594,27334,635415,97654,1057997,284180,120835,616287,36695,1057997,194105300,-1298263350,258572900,845585150,0,4136744100,379306650,8811839500,1354624450,14682514700,3942638800,1677570000,8553266600,509039300,14682514700
2022-05-11,13892,13941,13842,13893,438490,0.0,-105759,-29851,172158,-36548,0,110615,630,305181,20316,436742,216374,30481,133023,56864,436742,-1471226450,-417248150,2398195050,-509720450,0,1542855350,8783700,4254152600,283434250,6089225900,3014081800,426031850,1855957550,793154700,6089225900
2022-05-12,13892,13892,13794,13794,759481,-0.7125890736342043,40369,31919,140430,-212718,0,151097,76419,497109,31826,756451,110728,44500,356679,244544,756451,561688000,442765600,1953317400,-2957771000,0,2101207250,1062225600,6913393700,442902850,10519729400,1539519250,619460000,4960076300,3400673850,10519729400
2022-05-13,13793,13891,13793,13843,624530,0.3552269102508337,89874,-36262,49561,-103173,0,283653,4588,310842,22956,622039,193779,40850,261281,126129,622039,1253228250,-505160550,686033150,-1434100850,0,3948706050,63669450,4321190550,319002850,8652568900,2695477800,568830000,3635157400,1753103700,8652568900
2022-05-16,13892,13942,13842,13943,461861,0.7223867658744492,-37273,-29329,64052,2550,0,200733,26831,190993,41462,460019,238006,56160,126941,38912,460019,-517196850,-411332200,892764550,35764500,0,2802384800,373792800,2662168900,578531450,6416877950,3319581650,785125000,1769404350,542766950,6416877950
2022-05-17,13941,13941,13842,13893,696256,-0.3586028831671807,-170188,-80391,292973,-42394,0,138414,119981,388261,46822,693478,308602,200372,95288,89216,693478,-2368462100,-1131218550,4090407850,-590727200,0,1932256100,1668889450,5419245000,653827150,9674217700,4300718200,2800108000,1328837150,1244554350,9674217700
2022-05-18,13892,13942,13842,13943,653800,0.3598934715324264,111214,-112357,52816,-51673,0,320159,45483,233243,52307,651192,208945,157840,180427,103980,651192,1562152600,-1575156550,733672850,-720668900,0,4475073350,632811450,3255031150,729875150,9092791100,2912920750,2207968000,2521358300,1450544050,9092791100
2022-05-19,13892,13941,13842,13893,476102,-0.3586028831671807,-11999,65720,-17773,-35948,0,129627,102268,203950,38358,474203,141626,36548,221723,74306,474203,-162737500,910069750,-246957350,-500374900,0,1809359850,1421641750,2845280050,536058750,6612340400,1972097350,511572000,3092237400,1036433650,6612340400
2022-05-20,13892,13941,13842,13893,707918,0.0,23941,-239666,162083,53642,0,235854,18557,332627,118056,705094,211913,258223,170544,64414,705094,338972750,-3351830650,2259077400,753780500,0,3295280500,258895200,4643225900,1652355800,9849757400,2956307750,3610725850,2384148500,898575300,9849757400
2022-05-23,13892,13942,13842,13943,497146,0.3598934715324264,-134280,8390,101534,24356,0,81129,115550,253017,45467,495163,215409,107160,151483,21111,495163,-1870561400,112760500,1416238650,341562250,0,1134405450,1612642500,3532806350,635946050,6915800350,3004966850,1499882000,2116567700,294383800,6915800350
2022-05-24,13941,13941,13892,13893,801837,-0.3586028831671807,-101614,26672,158525,-83583,0,203096,171205,338137,86200,798638,304710,144533,179612,169783,798638,-1415203800,368407450,2211157450,-1164361100,0,2840500750,2391859750,4720644150,1204115650,11157120300,4255704550,2023452300,2509486700,2368476750,11157120300
2022-05-25,13942,13942,13892,13943,984455,0.3598934715324264,86135,-141784,69529,-13880,0,420953,4257,381332,173986,980528,334818,146041,311803,187866,980528,1208465150,-1985181900,962357850,-185641100,0,5885189200,59392100,5325164600,2435273600,13705019500,4676724050,2044574000,4362806750,2620914700,13705019500
2022-05-26,13942,14042,13942,14043,719750,0.7172057663343614,9981,-38488,-88982,117489,0,235218,85312,260033,136316,716879,225237,123800,349015,18827,716879,149011600,-545881400,-1254310850,1651180650,0,3313599300,1198648600,3658062050,1915793300,10086103250,3164587700,1744530000,4912372900,264612650,10086103250
2022-05-27,14043,14143,13993,14143,921784,0.7120985544399345,-47680,-38967,-109730,196377,0,327392,4336,376357,210022,918107,375072,43303,486087,13645,918107,-661523600,-551647550,-1565037250,2778208400,0,4640698850,61355050,5322718350,2970069700,12994841950,5302222450,613002600,6887755600,191861300,12994841950
2022-05-30,14143,14192,14143,14143,688368,0.0,-120921,4318,61512,55091,0,132567,129023,322570,101462,685622,253488,124705,261058,46371,685622,-1715653950,56129900,877015150,782508900,0,1883875650,1832149100,4584469750,1440977100,9741471600,3599529600,1776019200,3707454600,658468200,9741471600
2022-05-31,14143,14192,14093,14143,749591,0.0,-225034,931,211561,12542,0,146211,10959,324084,265347,746601,371245,10028,112523,252805,746601,-3190720500,12730900,2998995500,178994100,0,2076196200,155129900,4594738350,3767927400,10593991850,5266916700,142399000,1595742850,3588933300,10593991850
2022-06-02,14143,14192,14093,14143,903684,0.0,-235540,190940,160265,-115665,0,124981,221531,421304,132262,900078,360521,30591,261039,247927,900078,-3335943250,2703372400,2266808150,-1634237300,0,1771535650,3137675050,5970151300,1878676550,12758038550,5107478900,434302650,3703343150,3512913850,12758038550
2022-06-03,14143,14143,14093,14143,832150,0.0,7081,-41995,16468,18446,0,368243,197086,226965,36536,828830,361162,239081,210497,18090,828830,111169450,-606129000,232242350,262717200,0,5228748450,2788821200,3218540100,518806200,11754915950,5117579000,3394950200,2986297750,256089000,11754915950
2022-06-07,14093,14143,14093,14143,571896,0.0,-133902,39697,96510,-2305,0,106357,40497,376721,46040,569615,240259,800,280211,48345,569615,-1895915700,561725350,1364849350,-30659000,0,1509395500,573085350,5338684550,653761500,8074926900,3405311200,11360000,3973835200,684420500,8074926900
2022-06-08,14142,14142,14093,14093,628093,-0.35353178250724737,-180403,150096,61381,-31074,0,75024,194234,313252,43078,625588,255427,44138,251871,74152,625588,-2551870600,2122104900,867749350,-437983650,0,1064402250,2748614500,4439269650,611282450,8863568850,3616272850,626509600,3571520300,1049266100,8863568850
2022-06-09,14143,14143,14093,14143,502946,0.35478606400340595,-142682,71525,65488,5669,0,26398,81927,352093,40521,500939,169080,10402,286605,34852,500939,-2020993000,1013638650,925383550,81970800,0,374846850,1160847050,4992160150,575398200,7103252250,2395839850,147208400,4066776600,493427400,7103252250
2022-06-10,14143,14143,14093,14143,710970,0.0,-72040,-44669,84271,32438,0,173450,53,499214,35417,708134,245490,44722,414943,2979,708134,-1012958550,-634300000,1186499000,460759550,0,2461933500,752400,7073982900,502921400,10039590200,3474892050,635052400,5887483900,42161850,10039590200
2022-06-13,14091,14141,13992,14043,1310782,-0.7070635650144947,-142743,88650,271636,-217543,0,182610,139591,914852,68500,1305553,325353,50941,643216,286043,1305553,-2011546150,1249680950,3830399850,-3068534650,0,2579910400,1970206000,12919570000,968292750,18437979150,4591456550,720525050,9089170150,4036827400,18437979150
2022-06-14,13991,14041,13892,13943,1244720,-0.7120985544399345,20820,13681,110115,-144616,0,311121,69372,827505,31756,1239754,290301,55691,717390,176372,1239754,298351450,194630950,1527938150,-2020920550,0,4351690300,973726050,11562788250,443507150,17331711750,4053338850,779095100,10034850100,2464427700,17331711750
2022-06-15,13942,13991,13892,13943,902572,0.0,-143353,104757,22868,15728,0,111018,118757,474428,194768,898971,254371,14000,451560,179040,898971,-2004777000,1466689000,315506650,222581350,0,1557180250,1662689000,6645079500,2729012800,12593961550,3561957250,196000000,6329572850,2506431450,12593961550
2022-06-16,13991,13991,13892,13893,1112815,-0.3586028831671807,-230117,-86362,384575,-68096,0,132636,35003,762714,178023,1108376,362753,121365,378139,246119,1108376,-3212674650,-1206557550,5369230250,-949998050,0,1854172000,490023500,10662178450,2492480100,15498854050,5066846650,1696581050,5292948200,3442478150,15498854050
2022-06-17,13794,13842,13694,13794,1021980,-0.7125890736342043,-188736,16876,219445,-47585,0,96785,37478,845524,38115,1017902,285521,20602,626079,85700,1017902,-2612173450,232772700,3038465850,-659065100,0,1340742600,519080400,11706359250,527428250,14093610500,3952916050,286307700,8667893400,1186493350,14093610500
2022-06-20,13794,13794,13346,13396,2586579,-2.885312454690445,-340813,-31933,408326,-35580,0,255679,38768,2168484,113327,2576258,596492,70701,1760158,148907,2576258,-4620750200,-433743700,5560098000,-505604100,0,3474081100,525334700,29495222000,1529434250,35024072050,8094831300,959078400,23935124000,2035038350,35024072050
2022-06-21,13395,13743,13345,13644,1854352,1.8512988951925948,-595069,30558,235152,329359,0,231133,129115,981772,504933,1846953,826202,98557,746620,175574,1846953,-8098554900,393165000,3224491250,4480898650,0,3141168150,1737883900,13356886150,6875812100,25111750300,11239723050,1344718900,10132394900,2394913450,25111750300
2022-06-22,13694,13694,13196,13346,2307062,-2.1841102316036354,-546001,32417,655132,-141548,0,274042,101049,1760758,162008,2297857,820043,68632,1105626,303556,2297857,-7304091500,423838600,8805434650,-1925181750,0,3681159200,1347984000,23628342200,2162905450,30820390850,10985250700,924145400,14822907550,4088087200,30820390850
2022-06-23,13346,13346,12798,12898,3367686,-3.356811029521954,-77161,36881,-285699,325979,0,499392,71698,2096995,686163,3354248,576553,34817,2382694,360184,3354248,-987698250,478590150,-3712216350,4221324450,0,6499710100,934943400,27289622200,8926426250,43650701950,7487408350,456353250,31001838550,4705101800,43650701950
2022-06-24,12897,13345,12847,13296,1587342,3.085749728640099,-245843,166936,-40226,119133,0,173076,173919,866491,367523,1581009,418919,6983,906717,248390,1581009,-3246951450,2212207850,-505413150,1540156750,0,2293728700,2304720950,11422238850,4809371600,20830060100,5540680150,92513100,11927652000,3269214850,20830060100
2022-06-27,13345,13544,13345,13545,1108281,1.8727436823104693,-154448,143249,205977,-194778,0,130987,156749,760457,55666,1103859,285435,13500,554480,250444,1103859,-2093575300,1945527650,2784143150,-2636095500,0,1771965300,2127902650,10290363450,753374450,14943605850,3865540600,182375000,7506220300,3389469950,14943605850
2022-06-28,13594,13644,13246,13346,2090269,-1.4691768180140274,380191,31108,51210,-462509,0,623354,37127,1311327,110121,2081929,243163,6019,1260117,572630,2081929,5110481650,418347300,675206300,-6204035250,0,8363749900,498987800,17573030300,1474684750,27910452750,3253268250,80640500,16897824000,7678720000,27910452750
2022-06-29,12995,13094,12946,12996,1393250,-2.622508616814027,244700,22654,262713,-530067,0,527176,25500,805877,29138,1387691,282476,2846,543164,559205,1387691,3202792600,296556850,3424648700,-6923998150,0,6893175700,333739450,10530157000,381372250,18138444400,3690383100,37182600,7105508300,7305370400,18138444400
2022-06-30,12996,13045,12399,12449,2974259,-4.208987380732533,-569396,141141,1226738,-798483,0,426619,151741,2268042,115989,2962391,996015,10600,1041304,914472,2962391,-7189211750,1771940300,15517612350,-10100340900,0,5404477050,1904945300,28675793900,1466101800,37451318050,12593688800,133005000,13158181550,11566442700,37451318050
2022-07-01,12448,12547,12199,12300,2086852,-1.1968832837978953,148256,193602,-119661,-222197,0,411404,360157,1095469,211495,2078525,263148,166555,1215130,433692,2078525,1844654100,2392392100,-1462066000,-2774980200,0,5094731950,4461403350,13583451550,2621475900,25761062750,3250077850,2069011250,15045517550,5396456100,25761062750
2022-07-04,12299,12349,11801,12101,2936926,-1.6178861788617886,-426216,-100678,-57451,584345,0,529340,90044,1543888,761935,2925207,955556,190722,1601339,177590,2925207,-5127621850,-1220482750,-684364250,7032468850,0,6378461600,1085882350,18606106750,9175471800,35245922500,11506083450,2306365100,19290471000,2143002950,35245922500
2022-07-05,12149,12299,12100,12300,831698,1.6444921907280392,91457,-96491,78458,-73424,0,246159,43694,486448,52079,828380,154702,140185,407990,125503,828380,1132569100,-1195314450,965623850,-902878500,0,3032220900,535955300,5979560250,638908750,10186645200,1899651800,1731269750,5013936400,1541787250,10186645200
2022-07-06,12349,12349,12000,12001,641461,-2.430894308943089,123601,2699,-18403,-107897,0,172538,2699,380460,83205,638902,48937,0,398863,191102,638902,1508439750,32878450,-225681300,-1315636900,0,2106173850,32878450,4633988250,1012162250,7785202800,597734100,0,4859669550,2327799150,7785202800
2022-07-07,12100,12149,11801,12051,1122300,0.41663194733772185,325495,17139,-106217,-236417,0,384275,38432,638146,56970,1117823,58780,21293,744363,293387,1117823,3934543050,201339350,-1267580050,-2868302350,0,4645263000,459749300,7682269550,680966800,13468248650,710719950,258409950,8949849600,3549269150,13468248650
2022-07-08,12149,12348,12050,12150,914992,0.8215085884988798,151068,22490,-177658,4100,0,280356,22890,426793,181302,911341,129288,400,604451,177202,911341,1862022900,274227300,-2179208450,42958250,0,3446552350,279107300,5216981000,2219398100,11162038750,1584529450,4880000,7396189450,2176439850,11162038750
2022-07-11,12199,12299,12149,12300,567126,1.2345679012345678,110305,13614,-48402,-75517,0,223846,15440,276844,48734,564864,113541,1826,325246,124251,564864,1364493850,167614700,-601470300,-930638250,0,2762436800,190074500,3407930400,599112050,6959553750,1397942950,22459800,4009400700,1529750300,6959553750
2022-07-12,12199,12199,12001,12051,459507,-2.024390243902439,27932,33266,112412,-173610,0,83735,33516,317502,22921,457674,55803,250,205090,196531,457674,340658900,403947400,1362665600,-2107271900,0,1016735800,406984900,3851783450,278216000,5553720150,676076900,3037500,2489117850,2385487900,5553720150
2022-07-13,12051,12100,11951,12051,469622,0.0,-49800,58792,82845,-91837,0,64363,61992,290545,50849,467749,114163,3200,207700,142686,467749,-598733500,711028950,998388400,-1110683850,0,777399300,749748950,3504380800,614023850,5645552900,1376132800,38720000,2505992400,1724707700,5645552900
2022-07-14,12000,12000,11652,11702,1355500,-2.8960252261223136,31534,-72050,325308,-284792,0,200423,50150,1026776,72743,1350092,168889,122200,701468,357535,1350092,383488800,-856475150,3862089250,-3389102900,0,2385045300,593864850,12190987950,864605650,16034503750,2001556500,1450340000,8328898700,4253708550,16034503750
2022-07-15,11701,11751,11253,11503,2837240,-1.7005640061527945,-266821,161541,-191112,296392,0,674782,202821,1557902,390414,2825919,941603,41280,1749014,94022,2825919,-3042773300,1848129950,-2183235800,3377879150,0,7748365850,2322907950,17863248700,4465405650,32399928150,10791139150,474778000,20046484500,1087526500,32399928150
2022-07-18,11552,12149,11552,12150,1566920,5.6246196644353645,540869,-22316,-525346,6793,0,717925,16366,412935,413442,1560668,177056,38682,938281,406649,1560668,6547420400,-268000000,-6307325800,27905400,0,8681430850,197320700,4954402500,4942480500,18775634550,2134010450,465320700,11261728300,4914575100,18775634550
2022-07-19,12100,12248,11950,12200,800161,0.411522633744856,347344,-8517,-58202,-280625,0,416441,4383,286480,89665,796969,69097,12900,344682,370290,796969,4249747700,-104584400,-712908800,-3432254500,0,5091766000,53390600,3491137100,1089733400,9726027100,842018300,157975000,4204045900,4521987900,9726027100
2022-07-20,12348,12448,12249,12300,1097881,0.819672131147541,298306,10888,-37856,-271338,0,451742,30455,527453,83851,1093501,153436,19567,565309,355189,1093501,3709984000,134235650,-480170500,-3364049150,0,5610131750,377320600,6542506600,1040642800,13570601750,1900147750,243084950,7022677100,4404691950,13570601750
2022-07-21,12349,12597,12349,12499,905389,1.6178861788617886,316301,9911,-101822,-224390,0,390357,14111,413086,84223,901777,74056,4200,514908,308613,901777,3978568350,124893600,-1286399900,-2817062050,0,4909990650,177763600,5183910250,1057930600,11329595100,931422300,52870000,6470310150,3874992650,11329595100
2022-07-22,12547,12696,12498,12598,961965,0.7920633650692056,326044,-162810,63631,-226865,0,463840,1869,452519,39899,958127,137796,164679,388888,266764,958127,4133797250,-2058528250,798266600,-2873535600,0,5875521050,23600350,5720724150,504239550,12124085100,1741723800,2082128600,4922457550,3377775150,12124085100
2022-07-25,12499,12547,12299,12499,608006,-0.7858390220669947,120120,-75332,77249,-122037,0,211581,18849,296978,78173,605581,91461,94181,219729,200210,605581,1503013550,-939552250,968668950,-1532130250,0,2644746100,235249350,3710414200,972363150,7562772800,1141732550,1174801600,2741745250,2504493400,7562772800
2022-07-26,12448,12646,12398,12598,662493,0.7920633650692056,249908,22103,-181887,-90124,0,338433,29103,187764,104551,659851,88525,7000,369651,194675,659851,3151026450,278947750,-2288996200,-1140978000,0,4259844000,366847750,2356401650,1311284250,8294377650,1108817550,87900000,4645397850,2452262250,8294377650
2022-07-27,12498,12596,12448,12548,392262,-0.3968883949833307,75566,-31767,-31733,-12066,0,152701,233,162829,74935,390698,77135,32000,194562,87001,390698,951416700,-399821300,-402572900,-149022500,0,1919390200,2928700,2043313100,942010450,4907642450,967973500,402750000,2445886000,1091032950,4907642450
2022-07-28,12597,12696,12448,12648,747556,0.7969397513547977,355369,-35904,-90094,-229371,0,417568,30123,264320,32563,744574,62199,66027,354414,261934,744574,4507498950,-453081350,-1149065900,-2905351700,0,5295410650,382361550,3343718400,412022550,9433513150,787911700,835442900,4492784300,3317374250,9433513150
2022-07-29,12698,13146,12648,12948,1487471,2.3719165085388996,172700,-42607,-477097,347004,0,455278,72083,407143,547033,1481537,282578,114690,884240,200029,1481537,2260637450,-555962200,-6199218200,4494542950,0,5927363350,922986300,5295000500,7107779150,19253129300,3666725900,1478948500,11494218700,2613236200,19253129300
2022-08-01,13095,13194,12946,13146,990306,1.5291936978683967,373480,-11878,-132173,-229429,0,588594,6322,372299,19140,986355,215114,18200,504472,248569,986355,4916688900,-156685050,-1746282450,-3013721400,0,7749185300,83169950,4894110100,251500300,12977965650,2832496400,239855000,6640392550,3265221700,12977965650
2022-08-02,13094,13194,12746,12996,1273423,-1.1410314924691922,343833,-23062,-37706,-283065,0,571236,16118,591555,89434,1268343,227403,39180,629261,372499,1268343,4515399100,-304355200,-491693600,-3719350300,0,7473534900,208751800,7703357350,1159797650,16545441700,2958135800,513107000,8195050950,4879147950,16545441700
2022-08-03,12947,13046,12848,12898,388837,-0.7540781779008926,-30838,17848,68201,-55211,0,117447,19049,220750,30041,387287,148285,1201,152549,85252,387287,-400911750,231938100,885467650,-716494000,0,1530272100,247601150,2871103700,390751850,5039728800,1931183850,15663050,1985636050,1107245850,5039728800
2022-08-04,12996,12996,12848,12848,525249,-0.3876570010854396,-24713,-15597,72154,-31844,0,201000,6403,223038,92713,523154,225713,22000,150884,124557,523154,-317358900,-202854400,928816300,-408603000,0,2604242500,83145600,2885881600,1203595200,6776864900,2921601400,286000000,1957065300,1612198200,6776864900
2022-08-05,12897,12996,12748,12848,633841,0.0,-121486,6137,138697,-23348,0,252121,22237,311928,45027,631313,373607,16100,173231,68375,631313,-1562385800,78914350,1783589250,-300117800,0,3267207900,288214350,4028102200,583056500,8166580950,4829593700,209300000,2244512950,883174300,8166580950
2022-08-08,12798,12897,12698,12848,407483,0.0,14865,4369,-25860,6626,0,130260,12369,213965,49264,405858,115395,8000,239825,42638,405858,194970350,55860300,-334791550,83960900,0,1681126300,159010300,2752420750,632745050,5225302400,1486155950,103150000,3087212300,548784150,5225302400
2022-08-09,12798,12897,12748,12798,504398,-0.3891656288916563,24710,3571,-6374,-21907,0,271379,8143,200207,22657,502386,246669,4572,206581,44564,502386,322270150,45938350,-86643900,-281564600,0,3498516100,104688550,2573188850,291958250,6468351750,3176245950,58750200,2659832750,573522850,6468351750
2022-08-10,12747,12796,12647,12748,705905,-0.39068604469448354,67635,15,-42073,-25577,0,352300,10366,295057,45366,703089,284665,10351,337130,70943,703089,869770150,24650,-542518100,-327276700,0,4507579200,132399900,3760656450,579325200,8979960750,3637809050,132375250,4303174550,906601900,8979960750
2022-08-11,12796,12846,12697,12748,496883,0.0,-72873,-14476,107246,-19897,0,206582,8187,260390,19742,494901,279455,22663,153144,39639,494901,-931534250,-186459000,1373953050,-255959800,0,2651347050,105127400,3338462800,252730250,6347667500,3582881300,291586400,1964509750,508690050,6347667500
2022-08-12,12698,12798,12698,12798,477481,0.3922183871979918,-13867,10310,-11723,15280,0,272225,10410,163400,29542,475577,286092,100,175123,14262,475577,-172963850,131697950,-154600350,195866250,0,3487104700,132982950,2090064200,378341350,6088493200,3660068550,1285000,2244664550,182475100,6088493200
2022-08-16,12798,12996,12698,12948,929530,1.1720581340834506,-9756,11723,-163548,161581,0,398986,12012,318952,195872,925822,408742,289,482500,34291,925822,-102786650,150116600,-2124185050,2076855100,0,5143110050,153849150,4097280800,2519868700,11914108700,5245896700,3732550,6221465850,443013600,11914108700
2022-08-17,12947,12947,12798,12898,484564,-0.38616002471424155,-136221,-2553,139196,-422,0,110683,5447,338676,27826,482632,246904,8000,199480,28248,482632,-1754444950,-33331400,1793242050,-5465700,0,1432449500,70268600,4374429200,360123000,6237270300,3186894450,103600000,2581187150,365588700,6237270300
2022-08-18,12847,12897,12748,12798,545590,-0.7753140021708792,284,4721,-37949,32944,0,309246,5713,195347,33107,543413,308962,992,233296,163,543413,6957550,60696350,-491584450,423930550,0,3979460250,73443550,2511265600,426026900,6990196300,3972502700,12747200,3002850050,2096350,6990196300
2022-08-19,12798,12847,12698,12798,959107,0.0,-187506,10993,108595,67918,0,521760,12913,340915,79693,955281,709266,1920,232320,11775,955281,-2397382950,140814350,1385233700,871334900,0,6689629150,165481350,4365468750,1022101150,12242680400,9087012100,24667000,2980235050,150766250,12242680400
2022-08-22,12746,12796,12647,12648,728159,-1.1720581340834506,-290021,2830,116569,170622,0,227089,5918,312124,180123,725254,517110,3088,195555,9501,725254,-3697021650,36003900,1483276750,2177741000,0,2901209200,75480300,3982709900,2299341950,9258741350,6598230850,39476400,2499433150,121600950,9258741350
2022-08-23,12646,12696,12547,12548,737068,-0.7906388361796332,-165766,10070,114542,41154,0,352689,12070,308038,61330,734127,518455,2000,193496,20176,734127,-2099114750,127301050,1449746450,522067250,0,4473487400,152701050,3902859300,778156300,9307204050,6572602150,25400000,2453112850,256089050,9307204050
2022-08-24,12547,12646,12498,12598,858021,0.39846987567739883,-254848,141753,15412,97683,0,338088,142038,234984,139488,854598,592936,285,219572,41805,854598,-3207916350,1786869200,189168500,1231878650,0,4264799300,1790460200,2961609400,1758929800,10775798700,7472715650,3591000,2772440900,527051150,10775798700
2022-08-25,12597,12696,12547,12598,846772,0.0,-425582,69520,277616,78446,0,194940,70610,473342,104502,843394,620522,1090,195726,26056,843394,-5377406000,879075500,3504592250,993738250,0,2467876850,892918500,5984188950,1323590100,10668574400,7845282850,13843000,2479596700,329851850,10668574400
2022-08-26,12646,12696,12597,12598,631736,0.0,6690,81381,35446,-123517,0,280356,82696,231873,34291,629216,273666,1315,196427,157808,629216,89613650,1030392400,447772850,-1567778900,0,3565134150,1047097900,2942390150,435573500,7990195700,3475520500,16705500,2494617300,2003352400,7990195700
2022-08-29,12498,12647,12448,12648,699172,0.3968883949833307,-57749,2833,-25364,80280,0,154036,4933,406834,130579,696382,211785,2100,432198,50299,696382,-730464850,35963700,-313800750,1008301900,0,1946557100,62233700,5131867550,1642064600,8782722950,2677021950,26270000,5445668300,633762700,8782722950
2022-08-30,12647,12746,12597,12698,567305,0.3953194180898166,-28050,-21953,77982,-27979,0,235042,1047,275630,53324,565043,263092,23000,197648,81303,565043,-350996900,-279941200,989949250,-359011150,0,2997217000,13308800,3509347100,677581750,7197454650,3348213900,293250000,2519397850,1036592900,7197454650
2022-08-31,12647,12747,12597,12748,600109,0.39376279729091196,-12260,688,46217,-34645,0,275189,3253,251458,67815,597715,287449,2565,205241,102460,597715,-152294350,8684550,579237400,-435627600,0,3508834500,41401050,3195293650,864084700,7609613900,3661128850,32716500,2616056250,1299712300,7609613900
2022-09-01,12696,12696,12597,12598,456547,-1.1766551615939755,-131630,1769,157953,-28092,0,109413,2570,291501,51242,454726,241043,801,133548,79334,454726,-1671330900,22480900,2005103700,-356253700,0,1390192150,32613600,3699601000,650706500,5773113250,3061523050,10132700,1694497300,1006960200,5773113250
2022-09-02,12547,12646,12547,12598,404731,0.0,-59835,2712,61340,-4217,0,153823,2767,206005,40522,403117,213658,55,144665,44739,403117,-756110200,34266750,774427300,-52583850,0,1948577700,34962500,2606904100,512532500,5102976800,2704687900,695750,1832476800,565116350,5102976800
2022-09-05,12547,12646,12547,12598,281500,0.0,98734,-6433,-92244,-57,0,137570,567,134774,7466,280377,38836,7000,227018,7523,280377,1251022400,-81632100,-1168666750,-723550,0,1742211850,7167900,1705074300,94441500,3548895550,491189450,88800000,2873741050,95165050,3548895550
2022-09-06,12597,12696,12547,12648,440744,0.3968883949833307,-222978,-1075,201690,22363,0,65624,802,318729,53831,438986,288602,1877,117039,31468,438986,-2816058200,-13604000,2546660100,283002100,0,829719200,10150400,4028502950,681262600,5549635150,3645777400,23754400,1481842850,398260500,5549635150
2022-09-07,12596,12646,12498,12548,386350,-0.7906388361796332,-73642,-13858,92071,-4571,0,84092,5817,294212,688,384809,157734,19675,202141,5259,384809,-924155950,-173997850,1155809000,-57655200,0,1058285600,73157150,3700937400,8650750,4841030900,1982441550,247155000,2545128400,66305950,4841030900
2022-09-08,12547,12596,12498,12548,345048,0.0,-98450,3635,137366,-42551,0,73143,3635,264790,2104,343672,171593,0,127424,44655,343672,-1237262500,45957700,1726473600,-535168800,0,921787600,45957700,3332233100,26509650,4326488050,2159050100,0,1605759500,561678450,4326488050
2022-09-13,12646,12646,12498,12548,691239,0.0,-166145,-4581,134946,35780,0,223500,5096,385882,74004,688482,389645,9677,250936,38224,688482,-2090762850,-57892550,1695531450,453123950,0,2822616050,64287650,4866226800,935220300,8688350800,4913378900,122180200,3170695350,482096350,8688350800
2022-09-14,12399,12547,12349,12449,585007,-0.7889703538412497,-76534,-31571,120682,-12577,0,187120,14191,357674,23689,582674,263654,45762,236992,36266,582674,-951900500,-396441600,1505249400,-156907300,0,2344596950,176871500,4472444800,296016000,7289929250,3296497450,573313100,2967195400,452923300,7289929250
2022-09-15,12499,12499,12350,12350,423751,-0.7952445979596755,-83634,24376,109014,-49756,0,68963,34616,308260,10222,422061,152597,10240,199246,59978,422061,-1041758600,303941500,1357141800,-619324700,0,859519850,431941500,3842950650,127451300,5261863300,1901278450,128000000,2485808850,746776000,5261863300
2022-09-16,12350,12399,12250,12350,812669,0.0,80695,-75817,-18262,13384,0,317268,31835,437059,23265,809427,236573,107652,455321,9881,809427,1002322100,-934682400,-233843150,166203450,0,3920772250,393187200,5389385250,288533250,9991877950,2918450150,1327869600,5623228400,122329800,9991877950
2022-09-19,12350,12449,12300,12350,628939,0.0,68974,-15731,-102626,49383,0,321481,9155,238565,57229,626430,252507,24886,341191,7846,626430,867112000,-196989300,-1284065200,613942500,0,4006548750,113577200,2964799550,711538350,7796463850,3139436750,310566500,4248864750,97595850,7796463850
2022-09-20,12398,12448,12249,12300,569714,-0.4048582995951417,-3293,-47680,45598,5375,0,206881,10973,312716,36872,567442,210174,58653,267118,31497,567442,-31513100,-593712550,558768600,66457050,0,2573124550,135590100,3877891800,456931550,7043538000,2604637650,729302650,3319123200,390474500,7043538000
2022-09-21,12298,12348,12149,12200,762043,-0.8130081300813009,146853,-315386,134764,33769,0,271767,21958,407400,57878,759003,124914,337344,272636,24109,759003,1805693150,-3868203750,1647768800,414741800,0,3332703100,269427450,4992165250,710716400,9305012200,1527009950,4137631200,3344396450,295974600,9305012200
2022-09-22,12000,12050,11901,12001,1196992,-1.6311475409836067,128901,-309375,96992,83482,0,418053,36664,606462,131037,1192216,289152,346039,509470,47555,1192216,1552968200,-3719498400,1162374500,1004155700,0,5034594900,441040400,7298469300,1577176850,14351281450,3481626700,4160538800,6136094800,573021150,14351281450
2022-09-23,12000,12050,11801,12001,1483970,0.0,124506,11267,-342382,206609,0,551930,47572,637661,240887,1478050,427424,36305,980043,34278,1478050,1501650300,133691500,-4095825250,2460483450,0,6595863700,567386250,7604853850,2871793050,17639896850,5094213400,433694750,11700679100,411309600,17639896850
2022-09-26,11900,11900,11751,11752,936179,-2.0748270977418546,158090,-22985,2198,-137303,0,337329,49550,530819,14746,932444,179239,72535,528621,152049,932444,1880044450,-273922250,21422650,-1627544850,0,4007569200,587222500,6302247650,174905250,11071944600,2127524750,861144750,6280825000,1802450100,11071944600
2022-09-27,11751,11751,11503,11603,1277650,-1.2678692988427502,-3847,24606,154976,-175735,0,382978,36606,713525,139444,1272553,386825,12000,558549,315179,1272553,-32192100,285657400,1796121950,-2049587250,0,4461542550,426057400,8310451700,1624255350,14822307000,4493734650,140400000,6514329750,3673842600,14822307000
2022-09-28,11602,11701,11353,11553,951714,-0.4309230371455658,128724,2628,57254,-188606,0,283560,17628,586665,60064,947917,154836,15000,529411,248670,947917,1489360700,30026400,664445950,-2183833050,0,3279147200,202526400,6781681200,694616300,10957971100,1789786500,172500000,6117235250,2878449350,10957971100
2022-09-29,11652,11701,11553,11553,652426,0.0,-9080,15190,44825,-50935,0,222845,16335,335690,74954,649824,231925,1145,290865,125889,649824,-99122000,177167500,515643050,-593688550,0,2605356450,190564000,3914854150,876953450,7587728050,2704478450,13396500,3399211100,1470642000,7587728050
2022-09-30,11502,11750,11452,11702,617838,1.2897083008742318,163952,-38515,-171559,46122,0,213462,3001,235587,163323,615373,49510,41516,407146,117201,615373,1913470400,-451703250,-1995131900,533364750,0,2490379550,34661650,2753777800,1902722900,7181541900,576909150,486364900,4748909700,1369358150,7181541900
2022-10-04,11800,11949,11700,11851,431753,1.2732866176721929,57121,-6697,30843,-81267,0,137465,323,284616,7627,430031,80344,7020,253773,88894,430031,678652550,-79823850,366249700,-965078400,0,1634060900,3839150,3382206600,90769550,5110876200,955408350,83663000,3015956900,1055847950,5110876200
2022-10-05,11951,12051,11553,11603,1184134,-2.0926504092481646,-423881,-9654,483433,-49898,0,412484,1086,626412,139428,1179410,836365,10740,142979,189326,1179410,-4958760850,-116132800,5682360850,-607467200,0,4861088700,12660200,7372304300,1628886500,13874939700,9819849550,128793000,1689943450,2236353700,13874939700
2022-10-06,11651,11849,11651,11801,318871,1.7064552270964408,61897,-2722,-105429,46254,0,99264,778,139903,77655,317600,37367,3500,245332,31401,317600,732409200,-32102350,-1244995200,544688350,0,1173471850,9197650,1651974200,915948200,3750591900,441062650,41300000,2896969400,371259850,3750591900
2022-10-07,11800,11949,11750,11851,434519,0.42369290738073045,-16514,8235,68737,-60458,0,199357,8235,202569,22625,432786,215871,0,133832,83083,432786,-195946650,98297200,818917350,-721267900,0,2380704300,98297200,2414530850,268467700,5162000050,2576650950,0,1595613500,989735600,5162000050
2022-10-11,11750,11800,11652,11702,497051,-1.2572778668466795,158203,5228,-81214,-82217,0,249520,5228,213772,26548,495068,91317,0,294986,108765,495068,1863486850,61533150,-958905300,-966114700,0,2936876400,61533150,2511965950,311865900,5822241400,1073389550,0,3470871250,1277980600,5822241400
2022-10-12,11701,11850,11652,11752,589503,0.42727738848060165,138624,-11884,-178363,51623,0,310650,922,149756,125824,587152,172026,12806,328119,74201,587152,1642044800,-140393900,-2108158900,606508000,0,3667859750,10843600,1764074550,1482220100,6924998000,2025814950,151237500,3872233450,875712100,6924998000
2022-10-13,11801,11801,11553,11553,541919,-1.6933287950987066,-39485,834,78667,-40016,0,122103,834,352015,64806,539758,161588,0,273348,104822,539758,-459336650,9710900,918070700,-468444950,0,1425210700,9710900,4110036050,757282900,6302240550,1884547350,0,3191965350,1225727850,6302240550
2022-10-14,11651,11651,11352,11403,1133015,-1.2983640612827836,-233818,-177163,509223,-98242,0,207590,7837,791154,121913,1128494,441408,185000,281931,220155,1128494,-2685621950,-2054238750,5880220900,-1140360200,0,2401057900,90511250,9134989000,1410682100,13037240250,5086679850,2144750000,3254768100,2551042300,13037240250
2022-10-17,11302,11452,11252,11453,683682,0.4384811014645269,-56948,-4082,41581,19449,0,164074,7918,409120,99843,680955,221022,12000,367539,80394,680955,-645654900,-46622950,470765300,221512550,0,1876741000,90777050,4669888300,1140940350,7778346700,2522395900,137400000,4199123000,919427800,7778346700
2022-10-18,11501,11551,11302,11353,743879,-0.8731336767659128,-165165,-39417,262075,-57493,0,99929,28408,561996,50579,740912,265094,67825,299921,108072,740912,-1875119550,-448723750,2984217700,-660374400,0,1140012900,323315000,6408457250,577327750,8449112900,3015132450,772038750,3424239550,1237702150,8449112900
2022-10-19,11353,11353,11055,11105,1459595,-2.184444640183212,-319643,-157922,526285,-48720,0,201759,42079,1103700,106234,1453772,521402,200001,577415,154954,1453772,-3570345600,-1788619500,5912091900,-553126800,0,2266821550,471391700,12397363200,1191464200,16327040650,5837167150,2260011200,6485271300,1744591000,16327040650
2022-10-20,11005,11055,10607,10607,3201034,-4.484466456551103,-431505,114240,649430,-332165,0,274968,121554,1693240,1098499,3188261,706473,7314,1043810,1430664,3188261,-4637899400,1236182650,6980689950,-3578973200,0,2973843900,1315511150,18286791800,11735124350,34311271200,7611743300,79328500,11306101850,15314097550,34311271200
2022-10-21,10607,10656,10457,10607,1452606,0.0,-647223,19724,355187,272312,0,186365,21725,866594,372127,1446811,833588,2001,511407,99815,1446811,-6850698750,208916100,3755475400,2886307250,0,1978651900,230226700,9185847550,3946804050,15341530200,8829350650,21310600,5430372150,1060496800,15341530200
2022-10-24,10705,10755,10357,10407,1424410,-1.8855472800980484,-440883,17219,434779,-11115,0,228075,17371,1060547,112734,1418727,668958,152,625768,123849,1418727,-4640616050,181746250,4577636000,-118766200,0,2407930100,183334650,11188800700,1188386650,14968452100,7048546150,1588400,6611164700,1307152850,14968452100
2022-10-25,10456,10505,10357,10457,766904,0.48044585375228216,-252507,17249,252649,-17391,0,140902,31650,530178,61115,763845,393409,14401,277529,78506,763845,-2638719300,179606000,2642126000,-183012700,0,1476858550,330816500,5551783450,640432650,7999891150,4115577850,151210500,2909657450,823445350,7999891150
2022-10-26,10506,10506,10406,10507,545076,0.47814860858754904,-153568,17687,192135,-56254,0,83985,17687,429263,11967,542902,237553,0,237128,68221,542902,-1614746300,185732250,2020282000,-591267950,0,882534950,185732250,4511487200,125980650,5705735050,2497281250,0,2491205200,717248600,5705735050
2022-10-27,10556,10656,10456,10656,780256,1.4181022175692397,-230140,-6417,295848,-59291,0,168050,19289,559104,30700,777143,398190,25706,263256,89991,777143,-2436656900,-66379050,3135596550,-632560600,0,1781100850,205012250,5924500700,325399500,8236013300,4217757750,271391300,2788904150,957960100,8236013300
2022-10-28,10655,11053,10655,10955,1014318,2.805930930930931,55592,54020,-20719,-88893,0,203696,55315,594438,156822,1010271,148104,1295,615157,245715,1010271,615179850,594833600,-221441950,-988571500,0,2248202200,608829900,6549030050,1714977700,11121039850,1633022350,13996300,6770472000,2703549200,11121039850
2022-10-31,11053,11053,10954,11005,486086,0.4564125969876769,-59001,38245,85392,-64636,0,53583,78614,305219,46731,484147,112584,40369,219827,111367,484147,-648065600,420945450,939900950,-712780800,0,592103400,867022900,3366568300,516353350,5342047950,1240169000,446077450,2426667350,1229134150,5342047950
2022-11-01,11105,11253,11055,11205,951445,1.8173557473875512,-164133,20821,121997,21315,0,121093,43221,552752,230584,947650,285226,22400,430755,209269,947650,-1831449200,231787200,1362913000,236749000,0,1360365250,483739700,6199760750,2584255700,10628121400,3191814450,251952500,4836847750,2347506700,10628121400
2022-11-02,11203,11203,10954,11005,937621,-1.78491744756805,-300322,166860,198097,-64635,0,210183,167145,478452,78100,933880,510505,285,280355,142735,933880,-3311242350,1840751050,2187009100,-716517800,0,2328433850,1843900300,5294426450,865077150,10331837750,5639676200,3149250,3107417350,1581594950,10331837750
2022-11-03,10805,10953,10755,10905,564772,-0.9086778736937756,-163510,16676,130870,15964,0,66713,16676,410873,68257,562519,230223,0,280003,52293,562519,-1787994000,183132500,1431692700,173168800,0,728499500,183132500,4488188000,744382200,6144202200,2516493500,0,3056495300,571213400,6144202200
2022-11-04,10904,11053,10854,10955,729184,0.4585052728106373,-192234,-349,120456,72127,0,313305,18511,255473,138986,726275,505539,18860,135017,66859,726275,-2107403450,-3815100,1320076900,791141650,0,3438841700,202701900,2803984900,1524005500,7969534000,5546245150,206517000,1483908000,732863850,7969534000
2022-11-07,10904,11003,10755,10905,636488,-0.4564125969876769,-283473,27759,186104,69610,0,110504,39770,341004,142672,633950,393977,12011,154900,73062,633950,-3088468300,303773600,2027980100,756714600,0,1204889350,433992950,3719736700,1552589500,6911208500,4293357650,130219350,1691756600,795874900,6911208500
2022-11-08,10904,11053,10904,10905,323296,0.0,-123557,583,163023,-40049,0,35730,583,259744,25949,322006,159287,0,96721,65998,322006,-1358873450,6401150,1792374700,-439902400,0,392554000,6401150,2854965450,285115200,3539035800,1751427450,0,1062590750,725017600,3539035800
2022-11-09,10953,11053,10904,10905,715313,0.0,-218114,25169,108018,84927,0,109603,25169,452096,125591,712459,327717,0,344078,40664,712459,-2408871850,277367400,1197695850,933808600,0,1207941500,277367400,4984643200,1381342900,7851295000,3616813350,0,3786947350,447534300,7851295000
2022-11-10,10904,11004,10854,11005,609830,0.9170105456212746,-132077,55788,62064,14225,0,229609,55788,273596,48405,607398,361686,0,211532,34180,607398,-1446535550,611944800,677017050,157573700,0,2521025600,611944800,3000651950,532099100,6665721450,3967561150,0,2323634900,374525400,6665721450
2022-11-11,11252,11402,11153,11403,1062330,3.6165379373012265,159812,21619,-325362,143931,0,238660,26619,524101,268712,1058092,78848,5000,849463,124781,1058092,1814946800,243880900,-3698682550,1639854850,0,2712383850,300630900,5944915400,3054402450,12012332600,897437050,56750000,9643597950,1414547600,12012332600
2022-11-14,11452,11551,11402,11453,688450,0.4384811014645269,62447,1170,21620,-85237,0,176359,1170,425740,82435,685704,113912,0,404120,167672,685704,720399300,13513950,246100400,-980013650,0,2035794200,13513950,4908109300,951494200,7908911650,1315394900,0,4662008900,1931507850,7908911650
2022-11-15,11451,11451,11352,11403,433967,-0.4365668383829564,77217,10518,21174,-108909,0,96289,12794,273239,49914,432236,19072,2276,252065,158823,432236,885274800,120294100,240884700,-1246453600,0,1103679950,146280500,3130548150,571984200,4952492800,218405150,25986400,2889663450,1818437800,4952492800
2022-11-16,11401,11451,11203,11303,790291,-0.8769622029290538,-60009,39360,220566,-199917,0,257948,40775,422916,65499,787138,317957,1415,202350,265416,787138,-675322750,444913250,2495356400,-2264946900,0,2926089550,460832000,4787623300,741728500,8916273350,3601412300,15918750,2292266900,3006675400,8916273350
2022-11-17,11253,11253,11155,11205,391072,-0.8670264531540298,-21263,2358,45839,-26934,0,131613,2358,224105,31437,389513,152876,0,178266,58371,389513,-236697500,26534450,512577250,-302414200,0,1485790800,26534450,2521385200,354204500,4387914950,1722488300,0,2008807950,656618700,4387914950
2022-11-18,11204,11253,11055,11105,770417,-0.892458723784025,-216425,25157,233866,-42598,0,195801,25157,430171,116215,767344,412226,0,196305,158813,767344,-2414225050,281159400,2610329950,-477264300,0,2195525550,281159400,4810890250,1301460150,8589035350,4609750600,0,2200560300,1778724450,8589035350
2022-11-21,11103,11153,10954,10955,690343,-1.35074290859973,-260358,15035,214685,30638,0,82910,17305,457129,130245,687589,343268,2270,242444,99607,687589,-2866171850,165630100,2358852500,341689250,0,915450650,190713600,5040962800,1440489900,7587616950,3781622500,25083500,2682110300,1098800650,7587616950
2022-11-22,10954,11053,10854,10955,531800,0.0,-243519,10307,131825,101387,0,43131,11307,356309,118932,529679,286650,1000,224484,17545,529679,-2675934150,113025850,1446887100,1116021200,0,473726650,124075850,3914034350,1308405650,5820242500,3149660800,11050000,2467147250,192384450,5820242500
2022-11-23,11004,11053,10954,11005,545459,0.4564125969876769,-228523,2301,146620,79602,0,100593,2301,353323,87067,543284,329116,0,206703,7465,543284,-2520170050,25326050,1615272500,879571500,0,1112942650,25326050,3898203750,961984250,5998456700,3633112700,0,2282931250,82412750,5998456700
2022-11-24,11055,11104,10955,11055,508087,0.4543389368468878,-221904,38921,198138,-15155,0,80440,38926,365570,21125,506061,302344,5,167432,36280,506061,-2446645050,428749600,2185904350,-168008900,0,888946100,428804600,4035516350,233420050,5586687100,3335591150,55000,1849612000,401428950,5586687100
2022-11-25,11055,11253,10955,11205,1010899,1.3568521031207599,-253236,37242,-33380,249374,0,162236,49598,356446,438586,1006866,415472,12356,389826,189212,1006866,-2834470950,414049150,-377977400,2798399200,0,1818745350,553321950,3987538950,4915615300,11275221550,4653216300,139272800,4365516350,2117216100,11275221550
2022-11-28,11253,11303,11055,11105,506758,-0.892458723784025,-70761,10474,203578,-143291,0,105803,16442,371181,11311,504737,176564,5968,167603,154602,504737,-788399400,116400100,2273015700,-1601016400,0,1185212500,183693300,4152053350,126499700,5647458850,1973611900,67293200,1879037650,1727516100,5647458850
2022-11-29,11055,11205,11005,11205,412374,0.9004952723998199,-23881,4248,14287,5346,0,202882,4348,157884,45616,410730,226763,100,143597,40270,410730,-265554650,47369500,157916250,60268900,0,2264068800,48489500,1760395850,508840950,4581795100,2529623450,1120000,1602479600,448572050,4581795100
2022-11-30,11203,11252,11103,11253,391903,0.428380187416332,-30916,-13337,36986,7267,0,97853,10889,253669,27929,390340,128769,24226,216683,20662,390340,-342249950,-149076300,410532600,80793650,0,1103538050,122314900,2852289250,313406350,4391548550,1445788000,271391200,2441756650,232612700,4391548550
2022-12-01,11402,11551,11352,11403,1137925,1.3329778725673154,-198660,-31590,58492,171758,0,264878,3699,616673,248135,1133385,463538,35289,558181,76377,1133385,-2270599700,-362578200,659016250,1974161650,0,3044759450,42244950,7081990900,2850806600,13019801900,5315359150,404823150,6422974650,876644950,13019801900
2022-12-02,11453,11453,11205,11205,832676,-1.7363851617995265,-293824,90343,325541,-122060,0,159886,90343,555143,23983,829355,453710,0,229602,146043,829355,-3317072550,1026614350,3674490700,-1384032500,0,1811080600,1026614350,6281931800,271142900,9390769650,5128153150,0,2607441100,1655175400,9390769650
2022-12-05,11252,11301,11153,11253,495299,0.428380187416332,-150450,4277,164838,-18665,0,123982,7274,345716,16351,493323,274432,2997,180878,35016,493323,-1690291200,48112250,1852120300,-209941350,0,1397819300,81828500,3891394900,184133400,5555176100,3088110500,33716250,2039274600,394074750,5555176100
2022-12-06,11203,11302,11103,11303,625614,0.4443259575224384,39432,-6858,1991,-34565,0,291098,1152,301590,29279,623119,251666,8010,299599,63844,623119,454432450,-77631150,12862000,-389663300,0,3297472700,12881850,3405738200,330514900,7046607650,2843040250,90513000,3392876200,720178200,7046607650
2022-12-07,11252,11351,11203,11253,494501,-0.44236043528266833,-10703,1427,127514,-118238,0,222593,13894,253604,2438,492529,233296,12467,126090,120676,492529,-119176700,17031600,1439436650,-1337291550,0,2516821150,157587850,2866511300,27549150,5568469450,2635997850,140556250,1427074650,1364840700,5568469450
2022-12-08,11252,11301,11203,11253,377289,0.0,31642,897,24429,-56968,0,183369,913,191301,201,375784,151727,16,166872,57169,375784,362232700,10131050,270958750,-643322500,0,2073787550,10311850,2157045100,2270250,4243414750,1711554850,180800,1886086350,645592750,4243414750
2022-12-09,11252,11301,11153,11253,663436,0.0,-139843,-4740,214909,-70326,0,252921,11654,363437,32778,660790,392764,16394,148528,103104,660790,-1571708850,-53646100,2417994750,-792639800,0,2854802000,131583500,4094397700,369851100,7450634300,4426510850,185229600,1676402950,1162490900,7450634300
2022-12-12,11204,11253,11105,11155,598387,-0.8708788767439795,-19188,-725,172896,-152983,0,178227,8215,404157,5401,596000,197415,8940,231261,158384,596000,-209605750,-8438450,1929506800,-1711462600,0,1994787300,91689550,4516313900,60481450,6663272200,2204393050,100128000,2586807100,1771944050,6663272200
2022-12-13,11105,11204,11105,11155,546196,0.0,-117948,2603,157171,-41826,0,163124,2802,347023,31068,544017,281072,199,189852,72894,544017,-1311799300,29199300,1750552150,-467952150,0,1827640300,31418150,3878104300,348059650,6085222400,3139439600,2218850,2127552150,816011800,6085222400
2022-12-14,11205,11205,11105,11205,705972,0.44822949350067237,-140942,-14102,172878,-17834,0,273760,21178,310268,97950,703156,414702,35280,137390,115784,703156,-1577547600,-157430550,1933931350,-198953200,0,3071262550,237258450,3475843450,1097737500,7882101950,4648810150,394689000,1541912100,1296690700,7882101950
2022-12-15,11154,11204,11055,11105,774173,-0.892458723784025,-167268,15782,265408,-113922,0,325931,15782,400938,28434,771085,493199,0,135530,142356,771085,-1867809300,176181350,2960446300,-1268818350,0,3638090300,176181350,4473692100,317724150,8605687900,5505899600,0,1513245800,1586542500,8605687900
2022-12-16,11005,11303,11005,11205,1050099,0.9004952723998199,-212997,-6325,-107057,326379,0,282740,1794,417986,343390,1045910,495737,8119,525043,17011,1045910,-2389301900,-70738400,-1203419350,3663459650,0,3182205850,20253450,4699943350,3854675650,11757078300,5571507750,90991850,5903362700,191216000,11757078300
2022-12-19,11153,11302,11153,11303,362712,0.8746095493083444,-32420,6500,19629,6291,0,37330,6519,250510,66907,361266,69750,19,230881,60616,361266,-364482900,73500150,218276000,72706750,0,422254600,73714850,2830354550,757574450,4083898450,786737500,214700,2612078550,684867700,4083898450
2022-12-20,11252,11301,11203,11253,498504,-0.44236043528266833,-11714,52785,18568,-59639,0,79263,69685,271447,76121,496516,90977,16900,252879,135760,496516,-130330950,594902900,207301050,-671873000,0,897358950,786122900,3066933550,860240850,5610656250,1027689900,191220000,2859632500,1532113850,5610656250
2022-12-21,11252,11302,11203,11303,295927,0.4443259575224384,14407,-5946,-27659,19198,0,45312,245,208352,40838,294747,30905,6191,236011,21640,294747,164780800,-67447850,-316000800,218667850,0,514134600,2769200,2360913450,463478900,3341296150,349353800,70217050,2676914250,244811050,3341296150
2022-12-22,11302,11402,11302,11403,637889,0.8847208705653367,69500,-62142,-50235,42877,0,126130,1453,418785,88976,635344,56630,63595,469020,46099,635344,797080350,-708496700,-578906150,490322500,0,1442974450,16613850,4782793250,1016164350,7258545900,645894100,725110550,5361699400,525841850,7258545900
2022-12-23,11352,11401,11252,11353,954841,-0.4384811014645269,261981,-9631,-177499,-74851,0,293511,689,601871,54961,951032,31530,10320,779370,129812,951032,2985507200,-110032700,-2023394000,-852080500,0,3343857600,7854300,6844436750,625131450,10821280100,358350400,117887000,8867830750,1477211950,10821280100
2022-12-26,11302,11401,11252,11353,977181,0.0,289977,1530,-302353,10846,0,333882,10305,552857,76238,973282,43905,8775,855210,65392,973282,3309042450,17711100,-3452392150,125638600,0,3809540000,117511350,6294288000,868944700,11090284050,500497550,99800250,9746680150,743306100,11090284050
2022-12-27,11352,11452,11302,11453,2106684,0.8808244516867788,504600,224115,-703770,-24945,0,609089,397094,1007123,84972,2098278,104489,172979,1710893,109917,2098278,5779634200,2561675900,-8059424750,-281885350,0,6974295800,4539486500,11506492800,972271400,23992546500,1194661600,1977810600,19565917550,1254156750,23992546500
2022-12-28,11154,11154,11055,11105,1110711,-3.0385051951453765,38184,13194,85305,-136683,0,238180,29194,734717,104189,1106280,199996,16000,649412,240872,1106280,429787850,147163750,944269850,-1521221450,0,2660970700,325863750,8195098500,1165270950,12347203900,2231182850,178700000,7250828650,2686492400,12347203900
2022-12-29,11153,11153,10954,11005,730002,-0.9004952723998199,19651,27387,206643,-253681,0,140113,33687,533413,19877,727090,120462,6300,326770,273558,727090,217940900,302901400,2286528400,-2807370700,0,1551700200,372516400,5905725250,220370700,8050312550,1333759300,69615000,3619196850,3027741400,8050312550
2023-01-02,11005,11104,10955,11055,593126,0.4543389368468878,211375,-30022,-128217,-53136,0,234981,8728,261963,85088,590760,23606,38750,390180,138224,590760,2351243750,-335113750,-1429328450,-586801550,0,2613322600,96863750,2907594150,945948500,6563729000,262078850,431977500,4336922600,1532750050,6563729000
2023-01-03,11055,11154,11005,11105,536170,0.45228403437358666,174460,3285,-87575,-90170,0,227840,3285,277324,25582,534031,53380,0,364899,115752,534031,1938475550,36468400,-974611450,-1000332500,0,2530558650,36468400,3078357250,284529750,5929914050,592083100,0,4052968700,1284862250,5929914050
2023-01-04,11105,11253,11105,11205,576736,0.9004952723998199,41743,15013,-30284,-26472,0,113433,15413,358874,86716,574436,71690,400,389158,113188,574436,472029500,168664450,-342116700,-298577250,0,1278410900,173164450,4037505600,974197800,6463278750,806381400,4500000,4379622300,1272775050,6463278750
2023-01-05,11252,11302,11153,11303,398543,0.8746095493083444,99974,483,-68691,-31766,0,137153,2865,229981,26954,396953,37179,2382,298672,58720,396953,1129983300,5580800,-777743450,-357820650,0,1548714050,32378300,2593841350,304686800,4479620500,418730750,26797500,3371584800,662507450,4479620500
2023-01-06,11303,11353,11205,11205,535126,-0.8670264531540298,64915,10994,39142,-115051,0,139425,10994,377672,4901,532992,74510,0,338530,119952,532992,738004050,124285150,440180600,-1302469800,0,1581486500,124285150,4278718600,55554450,6040044700,843482450,0,3838538000,1358024250,6040044700
2023-01-09,11252,11302,11203,11303,449747,0.8746095493083444,146547,2019,-157302,8736,0,166659,7019,227142,47134,447954,20112,5000,384444,38398,447954,1656328050,23032550,-1778366650,99006050,0,1883081900,79532550,2563423350,533204800,5059242600,226753850,56500000,4341790000,434198750,5059242600
2023-01-10,11301,11301,11203,11253,429925,-0.44236043528266833,-97500,1988,130710,-35198,0,58011,21988,344460,3751,428210,155511,20000,213750,38949,428210,-1099746250,21544150,1475785350,-397583250,0,656368400,248544150,3896042200,42397700,4843352450,1756114650,227000000,2420256850,439980950,4843352450
2023-01-11,11252,11252,11203,11253,469358,0.0,-44629,-2631,175464,-128204,0,92464,5977,365410,3635,467486,137093,8608,189946,131839,467486,-502680300,-29579650,1977282250,-1445022300,0,1044113700,67260350,4120038450,41074350,5272486850,1546794000,96840000,2142756200,1486096650,5272486850
2023-01-12,11252,11301,11203,11253,506829,0.0,-107316,22101,93157,-7942,0,132889,22101,276627,73191,504808,240205,0,183470,81133,504808,-1208817800,249872000,1047827100,-88881300,0,1502583000,249872000,3123936050,827484150,5703875200,2711400800,0,2076108950,916365450,5703875200
2023-01-13,11252,11352,11252,11353,849788,0.8886519150448768,454496,-56769,-347811,-49916,0,484595,6298,258063,97442,846398,30099,63067,605874,147358,846398,5164999800,-641669000,-3960971200,-562359600,0,5507193300,71188100,2931213950,1109872500,9619467850,342193500,712857100,6892185150,1672232100,9619467850
2023-01-16,11402,11750,11352,11702,1211571,3.074077336386858,34938,-79826,-416017,460905,0,128615,40335,519705,518082,1206737,93677,120161,935722,57177,1206737,407128100,-924175150,-4805977300,5323024350,0,1497388150,472154300,6058890550,5991946400,14020379400,1090260050,1396329450,10864867850,668922050,14020379400
2023-01-17,11751,11801,11553,11603,582586,-0.8460092291915913,91899,7051,65025,-163975,0,189215,10363,333183,47501,580262,97316,3312,268158,211476,580262,1082770700,82944750,755461300,-1921176750,0,2217268000,121559550,3899154300,553555650,6791537500,1134497300,38614800,3143693000,2474732400,6791537500
2023-01-18,11603,11652,11553,11603,311716,0.0,-48508,-30708,83246,-4030,0,73963,195,213990,22325,310473,122471,30903,130744,26355,310473,-565323750,-359147700,971523500,-47052050,0,862993000,2272250,2497679250,260096600,3623041100,1428316750,361419950,1526155750,307148650,3623041100
2023-01-19,11602,11751,11602,11752,385429,1.284150650693786,72336,60,-53348,-19048,0,136353,22502,208498,16539,383892,64017,22442,261846,35587,383892,853583550,863900,-630282950,-224164500,0,1607413000,264748950,2451435000,194069750,4517666700,753829450,263885050,3081717950,418234250,4517666700
2023-01-20,11751,11901,11751,11901,669760,1.2678692988427502,54406,-18804,-31161,-4441,0,145913,4031,479504,37640,667088,91507,22835,510665,42081,667088,650631300,-223978600,-373159200,-53493500,0,1739441000,48170400,5711652050,447712950,7946976400,1088809700,272149000,6084811250,501206450,7946976400
2023-01-25,11969,12009,11770,11861,913016,-0.33610620956222165,-37855,-23549,240656,-179252,0,198373,29951,653248,27802,909374,236228,53500,412592,207054,909374,-451656360,-285774080,2877208100,-2139777660,0,2367333540,357952260,7817921570,334223040,10877430410,2818989900,643726340,4940713470,2474000700,10877430410
2023-01-26,11859,11899,11710,11851,610858,-0.08430992327796981,111671,7338,-89284,-29725,0,248650,16258,285542,57971,608421,136979,8920,374826,87696,608421,1326008380,87150140,-1058982910,-354175610,0,2949961580,193022940,3385600540,686406270,7214991330,1623953200,105872800,4444583450,1040581880,7214991330
2023-01-27,11850,11860,11741,11792,525068,-0.4978482828453295,-118230,25231,55381,37618,0,132190,27923,305320,57541,522974,250420,2692,249939,19923,522974,-1398675700,298829380,655188270,444658050,0,1565857060,330678240,3615202810,680778250,6192516360,2964532760,31848860,2960014540,236120200,6192516360
2023-01-30,11800,11859,11770,11831,500916,0.33073270013568523,15973,2828,-86484,67683,0,174237,6648,248729,69304,498918,158264,3820,335213,1621,498918,190357270,33734530,-1027275400,803183600,0,2068849410,79013530,2948263140,822433980,5918560060,1878492140,45279000,3975538540,19250380,5918560060
2023-01-31,11820,11899,11790,11841,463147,0.08452370890034655,-10820,9057,49219,-47456,0,94493,19625,330603,16579,461300,105313,10568,281384,64035,461300,-128187520,107181580,586288560,-565282620,0,1124932950,232918880,3933905650,197180730,5488938210,1253120470,125737300,3347617090,762463350,5488938210
2023-02-01,11891,11980,11841,11961,607801,1.0134279199391942,166393,17375,-135042,-48726,0,275839,25509,282909,21119,605376,109446,8134,417951,69845,605376,1989762520,207512650,-1614834170,-582441000,0,3301244590,304957650,3386569910,252883540,7245655690,1311482070,97445000,5001404080,835324540,7245655690
2023-02-02,12021,12139,11961,12081,1116286,1.0032605969400552,-132426,-21752,-77093,231271,0,387984,9513,433219,281117,1111833,520410,31265,510312,49846,1111833,-1596373910,-264057660,-938544970,2798976540,0,4708282330,115081070,5253360720,3403961930,13480686050,6304656240,379138730,6191905690,604985390,13480686050
2023-02-03,12071,12119,11971,12091,887180,0.08277460475126232,-241117,12320,135306,93491,0,331454,17771,337619,196796,883640,572571,5451,202313,103305,883640,-2918366890,148333720,1636813870,1133219300,0,4013599540,214508860,4086727520,2383589870,10698425790,6931966430,66175140,2449913650,1250370570,10698425790
2023-02-06,12050,12110,11961,12041,762896,-0.41353072533289226,-47817,-39061,-15689,102567,0,249612,7665,287246,215330,759853,297429,46726,302935,112763,759853,-576069570,-471718050,-189266190,1237053810,0,3013281460,92371000,3469476850,2599416650,9174545960,3589351030,564089050,3658743040,1362362840,9174545960
2023-02-07,12040,12050,11941,11961,660977,-0.6643966447969438,-93004,-45532,-5532,144068,0,137471,27668,279516,213685,658340,230475,73200,285048,69617,658340,-1117719390,-547082250,-66363530,1731165170,0,1651970620,332228680,3360584160,2569006690,7913790150,2769690010,879310930,3426947690,837841520,7913790150
2023-02-08,12000,12040,11961,11981,465623,0.1672100994900092,-220549,-3670,42604,181615,0,78453,657,168021,216635,463766,299002,4327,125417,35020,463766,-2653205480,-44216630,512047850,2185374260,0,943908870,7898810,2022630320,2606924870,5581362870,3597114350,52115440,1510582470,421550610,5581362870
2023-02-09,11981,12101,11981,12101,534493,1.0015858442534011,-65089,-11439,-212036,288564,0,91557,567,131028,309209,532361,156646,12006,343064,20645,532361,-789470500,-138468320,-2567109310,3495048130,0,1108830700,6868540,1585996320,3745096460,6446792020,1898301200,145336860,4153105630,250048330,6446792020
2023-02-10,12101,12399,12101,12370,1309202,2.2229567804313692,-187840,-59859,-458654,706353,0,123734,853,364835,814556,1303978,311574,60712,823489,108203,1303978,-2321783150,-741325370,-5645358420,8708466940,0,1531201970,10540870,4518415680,10049483960,16109642480,3852985120,751866240,10163774100,1341017020,16109642480
2023-02-13,12359,12478,12349,12399,804704,0.23443815683104285,-145956,-4331,-143274,293561,0,93366,6410,234280,467438,801494,239322,10741,377554,173877,801494,-1814140710,-54151310,-1785135050,3653427070,0,1162835560,79690500,2918106270,5821218320,9981850650,2976976270,133841810,4703241320,2167791250,9981850650
2023-02-14,12419,12508,12349,12499,747607,0.8065166545689167,-122310,-24882,-198238,345430,0,76719,597,211082,456227,744625,199029,25479,409320,110797,744625,-1522275140,-311248520,-2478789840,4312313500,0,959082050,7488610,2638190180,5695765730,9300526570,2481357190,318737130,5116980020,1383452230,9300526570
2023-02-15,12498,12518,12429,12469,637460,-0.2400192015361229,-4616,-10802,-116523,131941,0,111578,10511,219030,293798,634917,116194,21313,335553,161857,634917,-57240740,-135190510,-1457557400,1649988650,0,1396296400,131392390,2741981210,3676751190,7946421190,1453537140,266582900,4199538610,2026762540,7946421190
2023-02-16,12468,12478,12439,12449,485236,-0.16039778651054615,-72775,-2468,-35165,110408,0,57138,8752,183504,233906,483300,129913,11220,218669,123498,483300,-909829670,-30806830,-440407590,1381044090,0,714624810,109389800,2295179140,2925408750,6044602500,1624454480,140196630,2735586730,1544364660,6044602500
2023-02-17,12429,12468,12379,12449,416280,0.0,-37253,3066,-111048,145235,0,62890,8376,147844,195510,414620,100143,5310,258892,50275,414620,-465012120,38350900,-1387215320,1813876540,0,785852160,104689600,1847011910,2441569090,5179122760,1250864280,66338700,3234227230,627692550,5179122760
2023-02-20,12429,12449,12340,12380,625310,-0.5542613864567435,-136034,14526,-32284,153792,0,122363,17226,245348,237878,622815,258397,2700,277632,84086,622815,-1690375170,180243530,-401175450,1911307090,0,1520549720,213837530,3050142780,2956613370,7741143400,3210924890,33594000,3451318230,1045306280,7741143400
2023-02-21,12370,12439,12300,12390,872139,0.08077544426494346,-410170,11704,-119505,517971,0,109607,13704,217475,527874,868660,519777,2000,336980,9903,868660,-5085267300,145151850,-1483532440,6423647890,0,1360606500,169961850,2698960000,6546565680,10776094030,6445873800,24810000,4182492440,122917790,10776094030
2023-02-22,12359,12379,12310,12340,351661,-0.40355125100887806,-31056,-7545,-99639,138240,0,52319,5555,124793,167591,350258,83375,13100,224432,29351,350258,-384531070,-93559830,-1234425250,1712516150,0,648054790,68831060,1546298310,2076135890,4339320050,1032585860,162390890,2780723560,363619740,4339320050
2023-02-23,12319,12438,12319,12419,298540,0.640194489465154,5854,4713,-48789,38222,0,51208,6049,145770,94322,297349,45354,1336,194559,56100,297349,73084250,58380020,-605462540,473998270,0,636709450,75017940,1812337290,1171232570,3695297250,563625200,16637920,2417799830,697234300,3695297250
2023-02-24,12419,12448,12369,12449,393709,0.24156534342539654,-5086,-4677,-59737,69500,0,138316,7383,151697,94743,392139,143402,12060,211434,25243,392139,-60584460,-58781380,-746587450,865953290,0,1725467720,91926220,1891036010,1181019330,4889449280,1786052180,150707600,2637623460,315066040,4889449280
2023-02-27,12449,12459,12360,12390,570106,-0.47393364928909953,-138748,-8936,-6459,154143,0,115783,13282,232534,206233,567832,254531,22218,238993,52090,567832,-1726600040,-112160640,-81868730,1920629410,0,1442243480,165462160,2897189370,2569567760,7074462770,3168843520,277622800,2979058100,648938350,7074462770
2023-02-28,12419,12428,12369,12419,600077,0.23405972558514931,-208894,-1009,171043,38860,0,105388,3204,399504,89587,597683,314282,4213,228461,50727,597683,-2601304300,-12528520,2129807070,484025750,0,1313216720,39943330,4977338930,1115641920,7446140900,3914521020,52471850,2847531860,631616170,7446140900
2023-03-02,12419,12498,12409,12469,870968,0.4026089057089943,-122296,-244354,-59989,426639,0,128817,9748,284935,443994,867494,251113,254102,344924,17355,867494,-1528947340,-3056461130,-749217170,5334625640,0,1611585010,121892910,3564085720,5551749790,10849313430,3140532350,3178354040,4313302890,217124150,10849313430
2023-03-03,12468,12587,12458,12588,930310,0.9543668297377496,-87379,-111300,-78911,277590,0,276111,4766,331529,314192,926598,363490,116066,410440,36602,926598,-1102832280,-1398302680,-995096060,3496231020,0,3483308380,60201690,4180508610,3957703940,11681722620,4586140660,1458504370,5175604670,461472920,11681722620
2023-03-06,12617,12736,12617,12718,844483,1.032729583730537,-131998,-113905,29365,216538,0,176691,8499,392152,263772,841114,308689,122404,362787,47234,841114,-1685640210,-1446988600,373152530,2759476280,0,2251766570,108022750,4995962840,3361854180,10717606340,3937406780,1555011350,4622810310,602377900,10717606340
2023-03-07,12748,12947,12678,12818,1277915,0.7862871520679352,-105988,-55330,-6489,167807,0,351581,19686,588530,313019,1272816,457569,75016,595019,145212,1272816,-1362047460,-712320980,-87656930,2162025370,0,4521445120,252348930,7580145260,4031489320,16385428630,5883492580,964669910,7667802190,1869463950,16385428630
2023-03-08,12657,12766,12657,12708,856094,-0.8581682009673895,236621,-16718,-112475,-107428,0,341371,11282,309913,190113,852679,104750,28000,422388,297541,852679,3021333300,-213824140,-1435895000,-1371614160,0,4357289870,143825860,3953016740,2426031850,10880164320,1335956570,357650000,5388911740,3797646010,10880164320
2023-03-09,12727,12747,12449,12509,831937,-1.5659427132514951,126288,15542,-65271,-76559,0,328500,17295,395843,86980,828618,202212,1753,461114,163539,828618,1590827780,196431750,-816487880,-970771650,0,4139493160,218639610,4992237910,1094979750,10445350430,2548665380,22207860,5808725790,2065751400,10445350430
2023-03-10,12459,12469,12260,12380,927081,-1.0312574946038853,21220,5452,-53351,26679,0,266590,19041,431681,206071,923383,245370,13589,485032,179392,923383,264066110,68706400,-660865130,328092620,0,3314377550,236988680,5359715440,2557819430,11468901100,3050311440,168282280,6020580570,2229726810,11468901100
2023-03-13,12298,12606,12298,12558,940610,1.4378029079159935,73032,27648,-169355,68675,0,454169,34348,262574,185767,936858,381137,6700,431929,117092,936858,915402520,347585380,-2122244210,859256310,0,5716340680,431234380,3290097650,2330558030,11768230740,4800938160,83649000,5412341860,1471301720,11768230740
2023-03-14,12557,12637,12399,12439,867648,-0.947603121516165,49233,9596,-29124,-29705,0,301026,9746,380464,172950,864186,251793,150,409588,202655,864186,617274930,120202460,-358969900,-378507490,0,3767629460,122083460,4770840030,2161805080,10822358030,3150354530,1881000,5129809930,2540312570,10822358030
2023-03-15,12547,12567,12409,12429,693208,-0.0803923144947343,-9726,697,123924,-114895,0,282909,997,315249,91288,690443,292635,300,191325,206183,690443,-116042970,8687230,1552516090,-1445160350,0,3546854600,12464230,3954529850,1142850340,8656699020,3662897570,3777000,2402013760,2588010690,8656699020
2023-03-16,12429,12528,12369,12489,493517,0.4827419744146753,99403,30234,-148112,18475,0,240381,30934,124202,96031,491548,140978,700,272314,77556,491548,1243675050,378004610,-1850028130,228348470,0,3008611270,386771610,1553412150,1200237820,6149032850,1764936220,8767000,3403440280,971889350,6149032850
2023-03-17,12529,12539,12360,12390,745272,-0.7926975738650012,66513,10265,197199,-273977,0,321227,11265,361006,48801,742299,254714,1000,163807,322778,742299,834992030,127668100,2457324660,-3419984790,0,4008340890,140188100,4503562440,611023730,9263115160,3173348860,12520000,2046237780,4031008520,9263115160
2023-03-20,12469,12498,12409,12489,333207,0.7990314769975786,108419,78,-166095,57598,0,161681,86,87943,82169,331879,53262,8,254038,24571,331879,1359216740,978660,-2082440190,722244790,0,2026878280,1078900,1102407810,1029652720,4160017710,667661540,100240,3184848000,307407930,4160017710
2023-03-21,12489,12587,12479,12529,640501,0.3202818480262631,12077,997,-112220,99146,0,299399,1097,186634,150816,637946,287322,100,298854,51670,637946,153910450,12591740,-1416915880,1250413690,0,3775643630,13852740,2351227830,1900861440,8041585640,3621733180,1261000,3768143710,650447750,8041585640
2023-03-22,12587,12637,12489,12499,617774,-0.23944448878601643,134387,2679,-41472,-95594,0,340927,3279,246865,24239,615310,206540,600,288337,119833,615310,1707342350,33774510,-531945550,-1209171310,0,4312971910,41358510,3116669800,306779780,7777780000,2605629560,7584000,3648615350,1515951090,7777780000
2023-03-23,12518,12587,12429,12479,532293,-0.1600128010240819,66126,11333,-16558,-60901,0,290925,11933,202214,25098,530170,224799,600,218772,85999,530170,836817230,142731550,-212399270,-767149510,0,3656886150,150300550,2537025240,314537970,6658749910,2820068920,7569000,2749424510,1081687480,6658749910
2023-03-24,12488,12577,12438,12578,446505,0.7933327991024922,129154,-4197,-83410,-41547,0,268175,1305,157578,17666,444724,139021,5502,240988,59213,444724,1628933260,-52554360,-1051834460,-524544440,0,3371458200,16405600,1979117190,221701610,5588682600,1742524940,68959960,3030951650,746246050,5588682600
2023-03-27,12577,12577,12399,12419,650216,-1.2641119414851327,-80594,-1711,207349,-125044,0,218801,16665,401471,10685,647622,299395,18376,194122,135729,647622,-1004607900,-22008920,2591624920,-1565008100,0,2735736620,208118280,5020093700,133650680,8097599280,3740344520,230127200,2428468780,1698658780,8097599280
2023-03-28,12399,12459,12370,12390,431414,-0.2335131653112167,-42755,18549,126950,-102744,0,106960,19149,297029,6556,429694,149715,600,170079,109300,429694,-531741130,230708840,1580498010,-1279465720,0,1332731900,238166840,3699411470,81599760,5351909970,1864473030,7458000,2118913460,1361065480,5351909970
2023-03-29,12389,12468,12369,12399,372201,0.07263922518159806,-91998,29500,11010,51488,0,73914,35000,183368,78435,370717,165912,5500,172358,26947,370717,-1144905680,368304850,133398610,643202220,0,920618590,436931000,2283129560,979140870,4619820020,2065524270,68626150,2149730950,335938650,4619820020
2023-03-30,12399,12547,12379,12519,462146,0.9678199854827003,74308,1100,-198092,122684,0,156595,5000,148056,150652,460303,82287,3900,346148,27968,460303,933311440,13522140,-2482745930,1535912350,0,1964390940,62250000,1854182700,1886105930,5766929570,1031079500,48727860,4336928630,350193580,5766929570
2023-03-31,12518,12547,12439,12449,447919,-0.5591500918603722,54202,33050,68063,-155315,0,121327,36250,256687,31869,446133,67125,3200,188624,187184,446133,680213630,415763200,851685310,-1947662140,0,1522198510,455967200,3218460800,399725580,5596352090,841984880,40204000,2366775490,2347387720,5596352090
2023-04-03,12438,12488,12379,12409,403556,-0.32131094867057597,1860,-5102,64280,-61038,0,87332,2888,243440,68287,401947,85472,7990,179160,129325,401947,23719650,-63775580,801156420,-761100490,0,1091597430,36053400,3040387780,853102900,5021141510,1067877780,99828980,2239231360,1614203390,5021141510
2023-04-04,12439,12439,12320,12370,855590,-0.31428801676202756,108367,-72592,233293,-269068,0,242701,11638,565195,32643,852177,134334,84230,331902,301711,852177,1346095910,-903204400,2896170560,-3339062070,0,3014820910,144494990,7021024240,405924930,10586265070,1668725000,1047699390,4124853680,3744987000,10586265070
2023-04-05,12388,12448,12229,12250,1072963,-0.9700889248181084,52375,22783,352786,-427944,0,324814,22783,607187,113898,1068682,272439,0,254401,541842,1068682,644734090,281298450,4348952070,-5274984610,0,4012267860,281298450,7501985850,1408787010,13204339170,3367533770,0,3153033780,6683771620,13204339170
2023-04-06,12270,12399,12270,12350,378861,0.8163265306122449,-43012,12427,-14192,44777,0,80657,19427,212319,64947,377350,123669,7000,226511,20170,377350,-532691570,154708700,-175368260,553351130,0,998005970,241094160,2626443210,803182000,4668725340,1530697540,86385460,2801811470,249830870,4668725340
2023-04-07,12349,12359,12300,12340,369697,-0.08097165991902834,27381,3036,8262,-38679,0,133625,3126,209678,21794,368223,106244,90,201416,60473,368223,338980850,37595330,102177350,-478753530,0,1654033900,38709530,2595959070,269839650,4558542150,1315053050,1114200,2493781720,748593180,4558542150
2023-04-10,12338,12338,12249,12290,663876,-0.4051863857374392,-34171,-106901,154047,-12975,0,147510,31250,454919,27549,661228,181681,138151,300872,40524,661228,-421137180,-1315764570,1897153310,-160251560,0,1817885330,384617660,5605559130,339745380,8147807500,2239022510,1700382230,3708405820,499996940,8147807500
2023-04-11,12288,12308,12259,12280,462257,-0.08136696501220504,-46093,3948,-18544,60689,0,116057,6948,261923,75485,460413,162150,3000,280467,14796,460413,-568791960,48633310,-228395080,748553730,0,1430878980,85653310,3229545880,931022910,5677101080,1999670940,37020000,3457940960,182469180,5677101080
2023-04-12,12318,12328,12249,12250,552852,-0.24429967426710095,-80291,9432,86383,-15524,0,139736,19836,342732,48343,550647,220027,10404,256349,63867,550647,-987411350,116060170,1062539950,-191188770,0,1719928160,244029370,4218711190,595204860,6777873580,2707339510,127969200,3156171240,786393630,6777873580
2023-04-13,12259,12298,12249,12270,352201,0.163265306122449,-98108,309,44095,53704,0,65617,320,205426,79434,350797,163725,11,161331,25730,350797,-1208673720,3806880,543013490,661853350,0,808287020,3942400,2530776110,978861310,4321866840,2016960740,135520,1987762620,317007960,4321866840
2023-04-14,12290,12379,12280,12370,414964,0.8149959250203749,-42522,-1912,-66021,110455,0,104739,1588,191072,115910,413309,147261,3500,257093,5455,413309,-527430320,-23700290,-818722380,1369852990,0,1299131100,19699710,2369746660,1437517250,5126094720,1826561420,43400000,3188469040,67664260,5126094720
2023-04-17,12360,12389,12310,12370,501953,0.0,-30490,1351,-102410,131549,0,144824,1387,210904,142836,499951,175314,36,313314,11287,499951,-377692330,16734110,-1269817130,1630775350,0,1795409610,17180510,2613786730,1770881790,6197258640,2173101940,446400,3883603860,140106440,6197258640
2023-04-18,12369,12379,12320,12340,343288,-0.2425222312045271,-57287,-42182,74954,24515,0,63550,5957,234203,38209,341919,120837,48139,159249,13694,341919,-709518600,-522594090,928329450,303783240,0,787554770,73704750,2901770350,473494020,4236523890,1497073370,596298840,1973440900,169710780,4236523890
2023-04-19,12359,12369,12330,12350,300871,0.08103727714748785,-58775,4432,21304,33039,0,61492,6932,184673,46574,299671,120267,2500,163369,13535,299671,-728657720,54955760,263859710,409842250,0,762277110,85955760,2289485580,577667100,3715385550,1490934830,31000000,2025625870,167824850,3715385550
2023-04-20,12349,12448,12329,12429,381149,0.6396761133603238,-8476,-12492,-74897,95865,0,37348,357,229368,112556,379629,45824,12849,304265,16691,379629,-105160490,-155839450,-933274530,1194274470,0,465559940,4451820,2857576430,1401691120,4729279310,570720430,160291270,3790850960,207416650,4729279310
2023-04-21,12419,12428,12389,12419,339667,-0.08045699573577923,74365,6572,-64530,-16407,0,96814,7631,207079,26789,338313,22449,1059,271609,43196,338313,926379030,81928550,-803878970,-204428610,0,1206187740,95104510,2580719140,333835320,4215846710,279808710,13175960,3384598110,538263930,4215846710
2023-04-24,12418,12438,12369,12399,448065,-0.1610435622835977,59863,8810,-8904,-59769,0,115888,8860,282406,39124,446278,56025,50,291310,98893,446278,744468880,109556760,-110486040,-743539600,0,1442444140,110180760,3516363680,487782640,5556771220,697975260,624000,3626849720,1231322240,5556771220
2023-04-25,12399,12399,12350,12350,458663,-0.39519316073876926,-36753,17996,-9385,28142,0,82695,18396,305064,50678,456833,119448,400,314449,22536,456833,-456292470,223263240,-116767490,349796720,0,1026972830,228231240,3789068510,629714240,5673986820,1483265300,4968000,3905836000,279917520,5673986820
2023-04-26,12349,12399,12329,12399,423241,0.3967611336032389,72150,12906,-131145,46089,0,159056,12906,199322,50269,421553,86906,0,330467,4180,421553,896133250,160260480,-1628916010,572522280,0,1976184910,160260480,2476385770,624450570,5237281730,1080051660,0,4105301780,51928290,5237281730
2023-04-27,12399,12419,12360,12380,331336,-0.1532381643680942,74773,1417,27391,-103581,0,140388,1517,175710,12400,330015,65615,100,148319,115981,330015,930158480,17599290,340165510,-1287923280,0,1746208280,18844790,2184493130,154258530,4103804730,816049800,1245500,1844327620,1442181810,4103804730
2023-04-28,12360,12399,12330,12380,501873,0.0,-1563,8441,-43544,36666,0,125628,9131,264533,100579,499871,127191,690,308077,63913,499871,-20220970,104716520,-541229940,456734390,0,1558049090,113272520,3282482330,1249238480,6203042420,1578270060,8556000,3823712270,792504090,6203042420
2023-05-02,12379,12389,12340,12360,493099,-0.16155088852988692,-13763,-3144,-33075,49982,0,108214,1456,250844,130618,491132,121977,4600,283919,80636,491132,-170954770,-39026120,-410898740,620879630,0,1342754090,18059880,3113091760,1621349380,6095255110,1513708860,57086000,3523990500,1000469750,6095255110
2023-05-03,12359,12418,12359,12399,239697,0.31553398058252424,4537,-138,-39766,35367,0,49304,262,126295,62881,238742,44767,400,166061,27514,238742,56180560,-1714680,-494916050,440450170,0,613665930,3264320,1572224160,782832300,2971986710,557485370,4979000,2067140210,342382130,2971986710
2023-05-04,12409,12547,12399,12509,736578,0.8871683200258086,-15053,-2177,-150855,168085,0,206839,1744,349153,175903,733639,221892,3921,500008,7818,733639,-186575740,-27172250,-1895509400,2109257390,0,2599382260,21964780,4376570780,2207418920,9205336740,2785958000,49137030,6272080180,98161530,9205336740
2023-05-08,12538,12538,12449,12529,436296,0.1598848828843233,155316,-681,-105355,-49280,0,199011,339,218540,16666,434556,43695,1020,323895,65946,434556,1950476250,-8573720,-1323217510,-618685020,0,2499069620,4254680,2743168670,209459740,5455952710,548593370,12828400,4066386180,828144760,5455952710
2023-05-09,12528,12646,12498,12638,576793,0.869981642589193,52798,-5408,-167308,119918,0,161251,708,269130,143404,574493,108453,6116,436438,23486,574493,669853360,-68281570,-2116469710,1514897920,0,2041957940,8987810,3402801100,1811560760,7265307610,1372104580,77269380,5519270810,296662840,7265307610
2023-05-10,12667,12766,12577,12688,810724,0.3956322202880202,-98102,-15114,67105,46111,0,234434,13918,457448,101690,807490,332536,29032,390343,55579,807490,-1243527330,-194089350,851816310,585800370,0,2993394070,176705500,5836493770,1295176020,10301769360,4236921400,370794850,4984677460,709375650,10301769360
2023-05-11,12657,12726,12637,12688,273416,0.0,20943,2513,-3034,-20422,0,65946,8545,186040,11795,272326,45003,6032,189074,32217,272326,267029630,31997980,-38688610,-260339000,0,840068820,108863300,2369449460,150205340,3468586920,573039190,76865320,2408138070,410544340,3468586920
2023-05-12,12677,12726,12677,12708,304240,0.15762925598991173,20701,9020,-30682,961,0,69249,10120,125505,98153,303027,48548,1100,156187,97192,303027,264066120,115245860,-392186650,12874670,0,883663850,129285860,1600756400,1252826530,3866532640,619597730,14040000,1992943050,1239951860,3866532640
2023-05-15,12706,12716,12617,12678,502026,-0.2360717658168083,71057,-4084,88044,-155017,0,162564,1416,289779,46265,500024,91507,5500,201735,201282,500024,905002290,-51908600,1119444080,-1972537770,0,2069334510,18056400,3688327440,589309810,6365028160,1164332220,69965000,2568883360,2561847580,6365028160
2023-05-16,12637,12726,12637,12708,471144,0.236630383341221,121854,-39475,-106213,23834,0,235137,1025,158071,75032,469265,113283,40500,264284,51198,469265,1554322370,-503099380,-1354617870,303394880,0,2996945260,13026620,2012763090,955675060,5978410030,1442622890,516126000,3367380960,652280180,5978410030
2023-05-17,12726,12746,12687,12718,415140,0.07869058860560277,-90752,-1216,97705,-5737,0,118799,1036,262071,31578,413484,209551,2252,164366,37315,413484,-1158306080,-15539600,1246635320,-72789640,0,1517074920,13219440,3345886710,403409060,5279590130,2675381000,28759040,2099251390,476198700,5279590130
2023-05-18,12718,12798,12688,12798,468786,0.6290297216543481,21482,-24345,-139554,142417,0,128382,10817,177594,150123,466916,106900,35162,317148,7706,466916,275501580,-311015780,-1786506240,1822020440,0,1641341250,138232560,2270792990,1920536880,5970903680,1365839670,449248340,4057299230,98516440,5970903680
2023-05-19,12816,12886,12697,12698,686821,-0.7813720893889671,22686,12517,-117531,82328,0,124834,15487,398457,145303,684081,102148,2970,515988,62975,684081,291637130,161777780,-1503461240,1050046330,0,1610544210,200075580,5134274820,1862278210,8807172820,1318907080,38297800,6637736060,812231880,8807172820
2023-05-22,12728,12787,12718,12768,355804,0.5512679162072767,34213,-11255,-61401,38443,0,95529,495,176133,82228,354385,61316,11750,237534,43785,354385,438887750,-144357430,-787441350,492911030,0,1224564450,6344070,2257596090,1053953490,4542458100,785676700,150701500,3045037440,561042460,4542458100
2023-05-23,12768,12798,12738,12798,291172,0.2349624060150376,61927,-8151,-35673,-18103,0,105927,3329,160072,20683,290011,44000,11480,195745,38786,290011,794403640,-104704320,-457562250,-232137070,0,1358987060,42725680,2053403700,265286650,3720403090,564583420,147430000,2510965950,497423720,3720403090
2023-05-24,12798,12858,12788,12858,377619,0.46882325363338023,52972,-6886,-22764,-23322,0,107692,2214,225992,40216,376114,54720,9100,248756,63538,376114,682206330,-88697420,-292839990,-300668920,0,1386717980,28469580,2911133990,518029550,4844351100,704511650,117167000,3203973980,818698470,4844351100
2023-05-25,12848,12947,12838,12948,658467,0.6999533364442371,215578,-9683,-264229,58334,0,288815,1017,240480,125528,655840,73237,10700,504709,67194,655840,2794404860,-125834780,-3426242920,757672840,0,3743922500,13220220,3116603530,1627630230,8501376480,949517640,139055000,6542846450,869957390,8501376480
2023-05-26,12946,13035,12946,13036,511919,0.6796416434970652,107520,-15802,-65322,-26396,0,162907,1016,324668,21286,509877,55387,16818,389990,47682,509877,1403798820,-206536080,-852719910,-344542830,0,2127266290,13258960,4239989360,277944710,6658459320,723467470,219795040,5092709270,622487540,6658459320
2023-05-30,13035,13165,13035,13166,740528,0.9972384166922369,114513,-21808,-101474,8769,0,201368,1092,430543,104570,737573,86855,22900,532017,95801,737573,1510411540,-287374920,-1335647740,112611120,0,2655915040,14435080,5674004470,1375693360,9720047950,1145503500,301810000,7009652210,1263082240,9720047950
2023-05-31,13166,13295,13166,13276,708164,0.8354853410299256,53853,-14115,-85402,45664,0,210448,22016,397145,75730,705339,156595,36131,482547,30066,705339,717117810,-187377260,-1136045600,606305050,0,2801135680,293211300,5283943180,1007045050,9385335210,2084017870,480588560,6419988780,400740000,9385335210
2023-06-01,13324,13364,12976,13156,1033723,-0.9038867128653209,14812,-51246,113318,-76884,0,160083,29154,705200,135162,1029599,145271,80400,591882,212046,1029599,200229990,-679448210,1499052160,-1019833940,0,2113401900,383729210,9311956860,1778900570,13587988540,1913171910,1063177420,7812904700,2798734510,13587988540
2023-06-02,13136,13255,13136,13246,560355,0.6840985101854667,32231,6970,-165515,126314,0,90015,6970,265289,195846,558120,57784,0,430804,69532,558120,428496990,92145320,-2194226540,1673584230,0,1194978050,92145320,3520799100,2596371110,7404293580,766481060,0,5715025640,922786880,7404293580
2023-06-05,13296,13335,13276,13336,485803,0.6794504001207912,12200,-15315,-7699,10814,0,68998,7685,334466,72716,483865,56798,23000,342165,61902,483865,163122670,-204732080,-103378630,144988040,0,922550090,102752920,4470796440,972161510,6468260960,759427420,307485000,4574175070,827173470,6468260960
2023-06-07,13345,13355,13256,13336,704134,0.0,-41566,-240,-46215,88021,0,58112,1995,386535,254683,701325,99678,2235,432750,166662,701325,-556103370,-3237500,-620229540,1179570410,0,777913030,26684100,5173677810,3409827660,9388102600,1334016400,29921600,5793907350,2230257250,9388102600
2023-06-08,13315,13444,13295,13445,842889,0.8173365326934613,40304,-20609,-284024,264329,0,106347,12591,348844,371744,839526,66043,33200,632868,107415,839526,540970100,-277109250,-3815672410,3551811560,0,1428238450,168689750,4685605630,4996277540,11278811370,887268350,445799000,8501278040,1444465980,11278811370
2023-06-09,13443,13592,13443,13584,1023101,1.0338415767943472,-16589,-25004,-128326,169919,0,161460,16789,566045,274725,1019019,178049,41793,694371,104806,1019019,-227996460,-338242830,-1746180510,2312419800,0,2195324080,228429050,7699341670,3738771400,13861866200,2423320540,566671880,9445522180,1426351600,13861866200
2023-06-12,13583,13733,13504,13535,1145328,-0.36071849234393405,90694,-7680,-53724,-29290,0,235062,11940,658579,235178,1140759,144368,19620,712303,264468,1140759,1237645070,-105350720,-736390860,-395903490,0,3212800170,163625830,9004978210,3216734010,15598138220,1975155100,268976550,9741369070,3612637500,15598138220
2023-06-13,13564,13574,13346,13376,1007831,-1.174732175840414,-40377,-22487,103554,-40690,0,170258,17414,635207,180931,1003810,210635,39901,531653,221621,1003810,-540463250,-302476200,1393651430,-550711980,0,2291033030,234356330,8548695980,2434570430,13508655770,2831496280,536832530,7155044550,2985282410,13508655770
2023-06-14,13194,13274,12906,13106,2302371,-2.0185406698564594,-109123,6694,-129538,231967,0,333607,60862,1376483,522233,2293185,442730,54168,1506021,290266,2293185,-1433588690,80732140,-1704713760,3057570310,0,4367518520,792727490,18013706440,6851929430,30025881880,5801107210,711995350,19718420200,3794359120,30025881880
2023-06-15,13096,13385,12967,13336,1044936,1.7549214100412027,-36251,-27320,-255641,319212,0,160972,568,451130,428097,1040767,197223,27888,706771,108885,1040767,-479980710,-361170660,-3397177680,4238329050,0,2143090260,7539380,5990300790,5688442210,13829372640,2623070970,368710040,9387478470,1450113160,13829372640
2023-06-16,13345,13375,13286,13296,965614,-0.2999400119976005,115605,-5927,-87807,-21871,0,371912,2276,332129,255445,961762,256307,8203,419936,277316,961762,1548989630,-79291930,-1177768010,-291929690,0,4982743240,30518270,4447606070,3422304430,12883172010,3433753610,109810200,5625374080,3714234120,12883172010
2023-06-19,13274,13274,13085,13136,772257,-1.203369434416366,-110113,8007,192726,-90620,0,107068,21619,566018,74471,769176,217181,13612,373292,165091,769176,-1450791500,105424760,2543877370,-1198510630,0,1412739030,284944620,7468514400,982059260,10148257310,2863530530,179519860,4924637030,2180569890,10148257310
2023-06-20,13134,13144,12916,12986,1113661,-1.1419001218026796,-90077,23335,256207,-189465,0,244067,51515,790326,23310,1109218,334144,28180,534119,212775,1109218,-1180607440,307574960,3346630540,-2473598060,0,3179036090,674549560,10314793050,304838800,14473217500,4359643530,366974600,6968162510,2778436860,14473217500
2023-06-21,12985,13084,12985,13006,624803,0.15401201293700909,14167,2801,5845,-22813,0,190381,2901,346271,82757,622310,176214,100,340426,105570,622310,187226560,36618210,75000500,-298845270,0,2489135600,37931210,4528930650,1082628480,8138625940,2301909040,1313000,4453930150,1381473750,8138625940
2023-06-22,13005,13074,12985,13006,634929,0.0,-132236,-43408,213981,-38337,0,170165,33618,388694,39919,632396,302401,77026,174713,78256,632396,-1730626120,-566388460,2797361340,-500346760,0,2223366250,439909760,5082726800,522832430,8268835240,3953992370,1006298220,2285365460,1023179190,8268835240
2023-06-23,13015,13034,12976,13016,612972,0.07688759034291866,-115316,-1571,122408,-5521,0,128514,4559,435657,41797,610527,243830,6130,313249,47318,610527,-1506122010,-20562660,1598545540,-71860870,0,1678871420,59580640,5691567940,546226180,7976246180,3184993430,80143300,4093022400,618087050,7976246180
2023-06-26,13016,13016,12938,12978,1155662,-0.29194837123540257,-3474,144210,21610,-162346,0,206302,147710,690999,106040,1151051,209776,3500,669389,268386,1151051,-44372150,1875135490,282331350,-2113094690,0,2684173610,1920765490,8992125000,1380086740,14977150840,2728545760,45630000,8709793650,3493181430,14977150840
2023-06-27,12978,13026,12948,12978,1375213,0.0,-203528,45822,268393,-110687,0,313654,64322,867156,124595,1369727,517182,18500,598763,235282,1369727,-2647887940,596673700,3495449080,-1444234840,0,4092050410,837663700,11306586940,1625050190,17861351240,6739938350,240990000,7811137860,3069285030,17861351240
2023-06-28,12977,13037,12938,12958,1223337,-0.15410695022345508,130777,16286,78868,-225931,0,234839,18986,908401,59042,1221268,104062,2700,829533,284973,1221268,1703882240,211781530,1022439230,-2938103000,0,3055966720,246989530,11817367700,768114850,15888438800,1352084480,35208000,10794928470,3706217850,15888438800
2023-06-29,12678,12797,12528,12778,1835168,-1.389103256675413,11005,282556,-67419,-226142,0,352433,502653,756028,220949,1832063,341428,220097,823447,447091,1832063,141994200,3614932870,-876933670,-2879993400,0,4502638930,6421666000,9631573110,2825425900,23381303940,4360644730,2806733130,10508506780,5705419300,23381303940
2023-06-30,12797,12797,12677,12678,733342,-0.7825950853028643,513,8863,155278,-164654,0,240864,9413,471963,9862,732102,240351,550,316685,174516,732102,8567970,112643370,1972923540,-2094134880,0,3065139790,119642370,6004388900,125743090,9314914150,3056571820,6999000,4031465360,2219877970,9314914150
2023-07-03,12667,12677,12458,12498,1428641,-1.419782300047326,-130074,3478,173834,-47238,0,319310,34208,959964,112742,1426224,449384,30730,786130,159980,1426224,-1628236600,44445400,2177879590,-594088390,0,4002797290,429380200,12039172580,1414083200,17885433270,5631033890,384934800,9861292990,2008171590,17885433270
2023-07-04,12498,12677,12468,12668,521397,1.3602176348215713,-16854,-6632,-103798,127284,0,112867,6058,260427,141163,520515,129721,12690,364225,13879,520515,-213182310,-83956690,-1310357690,1607496690,0,1424350960,75818860,3285249260,1782021460,6567440540,1637533270,159775550,4595606950,174524770,6567440540
2023-07-05,12677,12717,12578,12588,294425,-0.6315124723713293,-17439,14336,86091,-82988,0,73648,14636,204391,1252,293927,91087,300,118300,84240,293927,-220352980,180968840,1087107660,-1047723520,0,930588930,184781840,2581565960,15820630,3712757360,1150941910,3813000,1494458300,1063544150,3712757360
2023-07-06,12627,12627,12508,12548,324718,-0.31776294884016526,-2793,1769,72922,-71898,0,92741,8400,212647,10381,324169,95534,6631,139725,82279,324169,-34745550,22185350,915159270,-902599070,0,1164889090,105430260,2670028560,130498000,4070845910,1199634640,83244910,1754869290,1033097070,4070845910
2023-07-07,12537,12547,12388,12458,634673,-0.7172457762193178,-63148,16704,139147,-92703,0,159482,29713,430341,14064,633600,222630,13009,291194,106767,633600,-783058440,208811930,1732564380,-1158317870,0,1987324640,370536460,5360876580,175592370,7894330050,2770383080,161724530,3628312200,1333910240,7894330050
2023-07-10,12378,12567,12378,12538,398722,0.642157649703002,47655,5579,-65847,12613,0,123880,10479,196254,67435,398048,76225,4900,262101,54822,398048,596650540,69539610,-817145340,150955190,0,1547888250,130568610,2448418910,839209450,4966085220,951237710,61029000,3265564250,688254260,4966085220
2023-07-11,12538,12657,12478,12558,340260,0.1595150741745095,-74534,15542,69155,-10163,0,66162,15799,207950,49774,339685,140696,257,138795,59937,339685,-936689980,195353550,868725270,-127388840,0,831448050,198585540,2613549370,625735220,4269318180,1768138030,3231990,1744824100,753124060,4269318180
2023-07-12,12558,12667,12518,12648,447231,0.716674629718108,-4273,5793,-140251,138731,0,109789,10461,161941,164284,446475,114062,4668,302192,25553,446475,-54863430,72561840,-1768812100,1751113690,0,1387678250,131590110,2046931080,2074568790,5640768230,1442541680,59028270,3815743180,323455100,5640768230
2023-07-13,12658,12767,12658,12728,578513,0.6325110689437065,-45466,-2524,31325,16665,0,97181,25376,342573,112405,577535,142647,27900,311248,95740,577535,-577897300,-32452240,396031290,214318250,0,1238144280,322889760,4361129870,1432796060,7354959970,1816041580,355342000,3965098580,1218477810,7354959970
2023-07-14,12718,12837,12688,12738,442244,0.07856693903205532,1880,-17806,44861,-28935,0,131195,8934,254629,46738,441496,129315,26740,209768,75673,441496,24300420,-228905560,573393840,-368788700,0,1675958710,113924840,3256729490,597382720,5643995760,1651658290,342830400,2683335650,966171420,5643995760
2023-07-17,12717,12727,12538,12628,474391,-0.8635578583765112,-57587,40464,18169,-1046,0,118764,44064,228008,82753,473589,176351,3600,209839,83799,473589,-725180240,512552680,224696800,-12069240,0,1502319270,558059680,2882330990,1046993260,5989703200,2227499510,45507000,2657634190,1059062500,5989703200
2023-07-18,12627,12627,12468,12498,656644,-1.0294583465315172,-229083,23657,166189,39237,0,105799,28457,432846,88431,655533,334882,4800,266657,49194,655533,-2867850310,296125920,2079706180,492018210,0,1325751740,356269920,5422976350,1108699920,8213697930,4193602050,60144000,3343270170,616681710,8213697930
2023-07-19,12497,12537,12388,12408,572646,-0.7201152184349496,-125332,20953,145830,-41451,0,143017,22603,331331,74727,571678,268349,1650,185501,116178,571678,-1558126960,261041650,1815772770,-518687460,0,1782203380,281625830,4128241300,930967550,7123038060,3340330340,20584180,2312468530,1449655010,7123038060
2023-07-20,12467,12467,12338,12398,648427,-0.08059316569954868,-164371,-28476,87154,105693,0,143259,19392,316812,167867,647330,307630,47868,229658,62174,647330,-2037460620,-353713250,1079739310,1311434560,0,1776504000,240509320,3927207040,2082340840,8026561200,3813964620,594222570,2847467730,770906280,8026561200
2023-07-21,12398,12527,12388,12448,646250,0.40329085336344567,-156755,-14528,-56750,228033,0,87226,19781,229707,308443,645157,243981,34309,286457,80410,645157,-1952734870,-180724240,-707827960,2841287070,0,1087583620,246467710,2863039530,3843886810,8040977670,3040318490,427191950,3570867490,1002599740,8040977670
2023-07-24,12398,12438,12179,12249,1213994,-1.598650385604113,-390933,22101,365162,3670,0,202834,22303,826444,160359,1211940,593767,202,461282,156689,1211940,-4790079530,272378420,4483140390,34560720,0,2494890010,274875160,10165769880,1966680530,14902215580,7284969540,2496740,5682629490,1932119810,14902215580
2023-07-25,12228,12248,12069,12099,1018117,-1.224589762429586,-363419,11381,274505,77533,0,168303,26531,643644,177917,1016395,531722,15150,369139,100384,1016395,-4406611710,138320050,3330289610,938002050,0,2047165420,322444050,7822098080,2160141130,12351848680,6453777130,184124000,4491808470,1222139080,12351848680
2023-07-26,12099,12208,11959,12179,1257543,0.6612116703859823,-317099,73524,87541,156034,0,180265,76564,691369,307218,1255416,497364,3040,603828,151184,1255416,-3821126440,885841930,1051848710,1883435800,0,2173341600,922418730,8328607090,3705896250,15130263670,5994468040,36576800,7276758380,1822460450,15130263670
2023-07-27,12258,12258,12069,12069,1222003,-0.903194022497742,-272301,-170212,186112,256401,0,164319,40738,633211,381668,1219936,436620,210950,447099,125267,1219936,-3310346550,-2058342220,2264849810,3103838960,0,1999436520,495573690,7696900100,4629371000,14821281310,5309783070,2553915910,5432050290,1525532040,14821281310
2023-07-28,12109,12378,12099,12249,1184730,1.4914243102162565,-64011,-181733,-195384,441128,0,185169,10332,472521,514704,1182726,249180,192065,667905,73576,1182726,-781214530,-2222414130,-2407040300,5410668960,0,2275681310,126396170,5795059380,6314517600,14511654460,3056895840,2348810300,8202099680,903848640,14511654460
2023-07-31,12248,12258,12049,12109,1136599,-1.1429504449342804,-63020,4620,159329,-100929,0,248230,12921,565583,307942,1134676,311250,8301,406254,408871,1134676,-761821890,55779510,1927092280,-1221049900,0,3009332030,156474620,6858210460,3738202300,13762219410,3771153920,100695110,4931118180,4959252200,13762219410
2023-08-01,12128,12128,11959,12059,1130442,-0.41291601288297963,-130070,-173758,459594,-155766,0,213785,10342,791036,113367,1128530,343855,184100,331442,269133,1128530,-1560272800,-2086159520,5520652420,-1874220100,0,2569963920,124280520,9506887510,1362202290,13563334240,4130236720,2210440040,3986235090,3236422390,13563334240
2023-08-02,12068,12088,11949,11979,864534,-0.663404925781574,-292818,-29354,302364,19808,0,209761,3187,540115,110009,863072,502579,32541,237751,90201,863072,-3513879960,-351698410,3627094510,238483860,0,2520599320,38213850,6485553360,1324354180,10368720710,6034479280,389912260,2858458850,1085870320,10368720710
2023-08-03,11978,12008,11889,11959,791292,-0.16695884464479505,-327360,6636,340021,-19297,0,186808,7736,502336,93074,789954,514168,1100,162315,112371,789954,-3912994470,79335350,4065355100,-231695980,0,2233723800,92501410,6007634040,1113433420,9447292670,6146718270,13166060,1942278940,1345129400,9447292670
2023-08-04,11959,12048,11899,12049,565516,0.7525712852245171,-244200,-27284,150111,121373,0,115523,6774,274295,167968,564560,359723,34058,124184,46595,564560,-2926211780,-325516560,1796558080,1455170260,0,1384967440,81463130,3285256510,2012155120,6763842200,4311179220,406979690,1488698430,556984860,6763842200
2023-08-07,12038,12058,11959,11959,919870,-0.7469499543530583,-305095,-28507,363000,-29398,0,130585,13960,503830,269939,918314,435680,42467,140830,299337,918314,-3663966740,-342392740,4358691090,-352331610,0,1569384300,167754760,6052172090,3245407950,11034719100,5233351040,510147500,1693481000,3597739560,11034719100
2023-08-08,11978,11998,11839,11849,951403,-0.9198093486077431,-282961,9251,521688,-247978,0,185452,34814,659559,69969,949794,468413,25563,137871,317947,949794,-3373913010,109390360,6220700240,-2956177590,0,2211931170,415116360,7865689420,834371860,11327108810,5585844180,305726000,1644989180,3790549450,11327108810
2023-08-09,11849,11919,11809,11919,1182112,0.5907671533462739,-328630,5352,325028,-1750,0,282347,40065,508231,349469,1180112,610977,34713,183203,351219,1180112,-3907527180,62578640,3860665160,-15716620,0,3356751040,475432620,6037868500,4158808530,14028860690,7264278220,412853980,2177203340,4174525150,14028860690
2023-08-10,11929,11938,11819,11929,1242209,0.08389965601141035,-191239,-59814,304132,-53079,0,434930,20691,556076,228411,1240108,626169,80505,251944,281490,1240108,-2272531830,-710877870,3614545760,-631136060,0,5174114000,245698780,6608491900,2717057920,14745362600,7446645830,956576650,2993946140,3348193980,14745362600
2023-08-11,11939,11998,11879,11959,787475,0.2514879704920781,-155372,7476,209534,-61638,0,236341,14876,348584,186342,786143,391713,7400,139050,247980,786143,-1856993740,89246400,2500998620,-733251280,0,2824252780,177674400,4164370470,2227863800,9394161450,4681246520,88428000,1663371850,2961115080,9394161450
2023-08-14,11978,11978,11869,11939,748659,-0.167238063383226,-106791,16165,150930,-60304,0,130386,18665,332591,265751,747393,237177,2500,181661,326055,747393,-1276980280,192621340,1801279710,-716920770,0,1557127930,222571340,3972438000,3176487530,8928624800,2834108210,29950000,2171158290,3893408300,8928624800
2023-08-16,11938,11948,11879,11919,981051,-0.16751821760616467,-251577,6409,25483,219685,0,78826,27751,247512,625303,979392,330403,21342,222029,405618,979392,-3000826570,76297290,303257200,2621272080,0,940392790,331218530,2952267000,7460055310,11683933630,3941219360,254921240,2649009800,4838783230,11683933630
2023-08-17,11849,11899,11750,11760,1321855,-1.3340045305814245,56638,23559,420733,-500930,0,227127,29405,841256,221831,1319619,170489,5846,420523,722761,1319619,668347950,278734430,4966405880,-5913488260,0,2685014400,347896620,9946588980,2627784860,15607284860,2016666450,69162190,4980183100,8541273120,15607284860
2023-08-18,11759,11898,11749,11819,677659,0.5017006802721089,22258,3569,119251,-145078,0,81286,10332,297076,287819,676513,59028,6763,177825,432897,676513,263908240,42101960,1411117690,-1717127890,0,963796190,122384030,3518631460,3411249050,8016060730,699887950,80282070,2107513770,5128376940,8016060730
2023-08-21,11809,11908,11799,11859,821150,0.3384381081309755,-19245,-47424,63385,3284,0,128966,7309,462719,220767,819761,148211,54733,399334,217483,819761,-229764440,-564179540,752127060,41816920,0,1531933810,86878090,5498635230,2625263400,9742710530,1761698250,651057630,4746508170,2583446480,9742710530
2023-08-22,11859,11878,11819,11859,763543,0.0,-50698,7839,241516,-198657,0,167723,8120,457878,128531,762252,218421,281,216362,327188,762252,-601761200,92948610,2864765020,-2355952430,0,1991360910,96287270,5434981260,1525979580,9048609020,2593122110,3338660,2570216240,3881932010,9048609020
2023-08-23,11869,11869,11780,11800,727944,-0.4975124378109453,-52036,24985,346444,-319393,0,109165,26645,475094,115809,726713,161201,1660,128650,435202,726713,-617943390,295436540,4100835630,-3778328780,0,1292315550,315094020,5625568700,1372004500,8604982770,1910258940,19657480,1524733070,5150333280,8604982770
2023-08-24,11799,11868,11779,11819,832156,0.16101694915254236,-95132,42127,124998,-71993,0,115322,42127,403154,270145,830748,210454,0,278156,342138,830748,-1127602210,498232170,1474098280,-844728240,0,1365424960,498232170,4770982260,3199743360,9834382750,2493027170,0,3296883980,4044471600,9834382750
2023-08-25,11799,11819,11760,11780,790774,-0.3299771554277011,-47952,40631,372128,-364807,0,112546,41052,571620,64218,789436,160498,421,199492,429025,789436,-565889380,478990240,4391297870,-4304398730,0,1328234120,483966040,6745385010,758368170,9315953340,1894123500,4975800,2354087140,5062766900,9315953340
2023-08-28,11789,11998,11789,11889,1711651,0.9252971137521222,-76409,-339,46091,30657,0,230408,4786,574689,898872,1708755,306817,5125,528598,868215,1708755,-910388530,-3798270,560989510,353197290,0,2753484500,57275540,6871913050,10642621468,20325294558,3663873030,61073810,6310923540,10289424178,20325294558
2023-08-29,11969,12128,11939,12069,966927,1.514004542013626,50617,-1322,75365,-124660,0,260346,9181,518765,176999,965291,209729,10503,443400,301659,965291,613765860,-16480020,911703160,-1508989000,0,3146917300,110865160,6269818810,2137021670,11664622940,2533151440,127345180,5358115650,3646010670,11664622940
2023-08-30,12089,12258,12069,12239,798524,1.408567404093131,65311,-5108,-32512,-27691,0,187235,5147,414176,190615,797173,121924,10255,446688,218306,797173,799303450,-62493750,-399476050,-337333650,0,2285289870,62900400,5046967410,2322722510,9717880190,1485986420,125394150,5446443460,2660056160,9717880190
2023-08-31,12268,12338,12139,12229,1076722,-0.08170602173380177,60609,740,59722,-121071,0,156349,2966,393991,521595,1074901,95740,2226,334269,642666,1074901,743311670,9080520,726713080,-1479105270,0,1918069520,36366570,4830719670,6409446510,13194602270,1174757850,27286050,4104006590,7888551780,13194602270
2023-09-01,12278,12348,12229,12259,569734,0.24531850519257503,-29916,5498,112191,-87773,0,116629,5808,361486,84847,568770,146545,310,249295,172620,568770,-365926670,67470980,1374017440,-1075561750,0,1434580590,71289290,4442163060,1044818090,6992851030,1800507260,3818310,3068145620,2120379840,6992851030
2023-09-04,12268,12278,12159,12209,574606,-0.4078636104086793,41065,9927,137107,-188099,0,102909,9927,446130,14668,573634,61844,0,309023,202767,573634,501992880,121199940,1676867630,-2300060450,0,1257797930,121199940,5452552210,179465890,7011015970,755805050,0,3775684580,2479526340,7011015970
2023-09-05,12228,12228,12109,12129,503921,-0.6552543205831763,-20485,7246,139976,-126737,0,142598,7356,334386,18729,503069,163083,110,194410,145466,503069,-247486650,88217270,1702352520,-1543083140,0,1734614570,89553770,4066955120,227628010,6118751470,1982101220,1336500,2364602600,1770711150,6118751470
2023-09-06,12128,12158,12019,12069,499353,-0.4946821667078902,11651,53725,-32887,-32489,0,130119,57725,298587,12078,498509,118468,4000,331474,44567,498509,141007420,649481500,-397152740,-393336180,0,1572009550,697761500,3607477380,145842540,6023090970,1431002130,48280000,4004630120,539178720,6023090970
2023-09-07,12039,12138,12029,12099,309007,0.24857071836937608,26570,-3578,-53322,30330,0,92941,1722,141678,72144,308485,66371,5300,195000,41814,308485,322535040,-43422140,-646690050,367577150,0,1126915500,20866860,1716625080,874496720,3738904160,804380460,64289000,2363315130,506919570,3738904160
2023-09-08,12099,12138,12069,12129,274390,0.24795437639474338,37525,-4493,-1930,-31102,0,79749,507,152272,41398,273926,42224,5000,154202,72500,273926,455628290,-54526910,-24146800,-376954580,0,967338550,6153090,1846149070,502236430,3321877140,511710260,60680000,1870295870,879191010,3321877140
2023-09-11,12129,12168,12089,12139,443474,0.08244702778464837,-35984,858,-10149,45275,0,84491,6858,251228,100147,442724,120475,6000,261377,54872,442724,-436926160,10248870,-124177620,550854910,0,1026602830,83218870,3051892110,1217469990,5379183800,1463528990,72970000,3176069730,666615080,5379183800
2023-09-12,12168,12168,12069,12099,381519,-0.3295164346321773,56687,23752,55996,-136435,0,87302,23752,250984,18836,380874,30615,0,194988,155271,380874,686683830,287464060,678397510,-1652545400,0,1057552560,287464060,3041026390,228265960,4614308970,370868730,0,2362628880,1880811360,4614308970
2023-09-13,12118,12128,12069,12099,320099,0.0,-28811,13829,6285,8697,0,67277,14829,209492,27960,319558,96088,1000,203207,19263,319558,-348709600,167470290,75706380,105532930,0,815166980,179580290,2537709680,338960810,3871417760,1163876580,12110000,2462003300,233427880,3871417760
2023-09-14,12099,12468,12089,12219,543753,0.9918175055789735,-18283,16347,-61578,63514,0,94560,22397,320700,105176,542833,112843,6050,382278,41662,542833,-223538760,200012290,-753457940,776984410,0,1156181440,274025790,3919450870,1286062150,6635720250,1379720200,74013500,4672908810,509077740,6635720250
2023-09-15,12249,12359,12169,12359,647138,1.1457566085604387,95962,-24891,-175919,104848,0,170648,5189,342763,127444,646044,74686,30080,518682,22596,646044,1181911970,-307116660,-2167762250,1292966940,0,2101951690,63918500,4217713550,1570685250,7954268990,920039720,371035160,6385475800,277718310,7954268990
2023-09-18,12319,12378,12279,12329,418248,-0.2427380856056315,53007,24311,44241,-121559,0,93874,24311,271009,28347,417541,40867,0,226768,149906,417541,654758530,300191710,546220950,-1501171190,0,1159336580,300191710,3346775930,349875010,5156179230,504578050,0,2800554980,1851046200,5156179230
2023-09-19,12328,12338,12279,12279,349873,-0.40554789520642387,-10308,2848,63550,-56090,0,121175,4848,219129,4129,349281,131483,2000,155579,60219,349281,-126011490,35058880,781843730,-690891120,0,1492532530,59698880,2698695730,50924810,4301851950,1618544020,24640000,1916852000,741815930,4301851950
2023-09-20,12269,12318,12239,12269,336816,-0.08143985666585227,75280,25159,14220,-114659,0,110411,25607,156806,43423,336247,35131,448,142586,158082,336247,926254180,309082160,174225520,-1409561860,0,1358011230,314591120,1927196440,533923240,4133722030,431757050,5508960,1752970920,1943485100,4133722030
2023-09-21,12248,12288,12169,12229,545504,-0.32602494090797945,24902,36525,-81455,20028,0,129739,38533,250453,125856,544581,104837,2008,331908,105828,544581,305727690,446352810,-995210580,243130080,0,1587532400,470870490,3064397370,1538836660,6661636920,1281804710,24517680,4059607950,1295706580,6661636920
2023-09-22,12218,12218,12149,12209,368609,-0.16354567012838334,-27789,29935,-36699,34553,0,108553,30654,165804,62975,367986,136342,719,202503,28422,367986,-339236630,364912730,-447714010,422037910,0,1324973240,373685100,2022653590,768936020,4490247950,1664209870,8772370,2470367600,346898110,4490247950
2023-09-25,12229,12278,12199,12259,450614,0.40953395036448526,2370,14580,-73342,56392,0,120009,18483,170972,140388,449852,117639,3903,244314,83996,449852,29504400,178733170,-899924940,691687370,0,1472795490,226698820,2096452420,1721891260,5517837990,1443291090,47965650,2996377360,1030203890,5517837990
2023-09-26,12258,12268,12159,12169,458200,-0.7341544987356228,-53256,20999,138312,-106055,0,69392,44378,279390,64265,457425,122648,23379,141078,170320,457425,-649437510,256391660,1688854210,-1295808360,0,847449520,541691470,3412385470,785873800,5587400260,1496887030,285299810,1723531260,2081682160,5587400260
2023-09-27,12129,12189,12069,12189,380082,0.16435204207412277,-28000,-184,43599,-15415,0,139849,13887,208470,17233,379439,167849,14071,164871,32648,379439,-340639680,-2526540,530289040,-187122820,0,1704228780,169011280,2534941330,209762500,4617943890,2044868460,171537820,2004652290,396885320,4617943890
2023-10-04,12148,12148,11959,11959,880332,-1.886947247518254,-5233,58286,82199,-135252,0,153269,68401,602744,54429,878843,158502,10115,520545,189681,878843,-64658160,703928420,989998530,-1629268790,0,1846182750,825769170,7262337410,657284970,10591574300,1910840910,121840750,6272338880,2286553760,10591574300
2023-10-05,12018,12018,11959,11969,426338,0.083619031691613,28550,37716,53054,-119320,0,129673,42843,249535,3566,425617,101123,5127,196481,122886,425617,343321470,452602420,636541960,-1432465850,0,1557362960,514280230,2995455420,42826590,5109925200,1214041490,61677810,2358913460,1475292440,5109925200
2023-10-06,11909,12028,11899,12019,562527,0.41774584342885784,-61163,14542,55843,-9222,0,157032,14642,262545,127357,561576,218195,100,206702,136579,561576,-731601990,173994420,667380050,-109772480,0,1881944080,175189420,3143399880,1526989890,6727523270,2613546070,1195000,2476019830,1636762370,6727523270
2023-10-10,12009,12178,11999,12129,382093,0.9152175721773858,100178,686,-160122,59258,0,136131,3246,143335,98735,381447,35953,2560,303457,39477,381447,1217327710,8017710,-1941716020,716370600,0,1653064060,39186160,1738721800,1195942420,4626914440,435736350,31168450,3680437820,479571820,4626914440
2023-10-11,12128,12178,12109,12129,335499,0.0,69271,-1935,57205,-124541,0,92018,11384,183882,47648,334932,22747,13319,126677,172189,334932,842641200,-23561040,695246740,-1514326900,0,1119191100,138477860,2236707120,579935160,4074311240,276549900,162038900,1541460380,2094262060,4074311240
2023-10-12,12129,12158,12079,12149,262134,0.16489405556929673,49373,504,-46287,-3590,0,82815,704,104779,73393,261691,33442,200,151066,76983,261691,600130630,6102950,-562872280,-43361300,0,1006286570,8532950,1272350890,891666180,3178836590,406155940,2430000,1835223170,935027480,3178836590
2023-10-13,12149,12288,12139,12249,486994,0.8231130134167421,61286,-10295,-154802,103811,0,208292,1306,145068,131504,486170,147006,11601,299870,27693,486170,752151690,-126330910,-1896557540,1270736760,0,2554056260,16004280,1777547520,1610166990,5957775050,1801904570,142335190,3674105060,339430230,5957775050
2023-10-16,12198,12298,12179,12189,471058,-0.48983590497183443,-4495,7825,35190,-38520,0,125507,9111,214830,120813,470261,130002,1286,179640,159333,470261,-53567810,95658240,428225670,-470316100,0,1537329380,111411970,2629750890,1480145800,5758638040,1590897190,15753730,2201525220,1950461900,5758638040
2023-10-17,12198,12228,12149,12179,302245,-0.08204118467470671,-455,-7093,48512,-40964,0,107928,607,173806,19393,301734,108383,7700,125294,60357,301734,-4573750,-86536490,591022550,-499912310,0,1317053530,7405510,2120436440,236717660,3681613140,1321627280,93942000,1529413890,736629970,3681613140
2023-10-18,12178,12198,12159,12169,249449,-0.08210854749979472,8807,-14277,2560,2910,0,48241,960,189779,10047,249027,39434,15237,187219,7137,249027,107627320,-174136790,30939670,35569800,0,588309210,11704820,2313925940,122583610,3036523580,480681890,185841610,2282986270,87013810,3036523580
2023-10-19,12138,12148,12099,12109,303772,-0.4930561262223683,-9520,2973,42247,-35700,0,43835,5065,241179,13180,303259,53355,2092,198932,48880,303259,-115280690,36010640,512542420,-433272370,0,532190100,61388600,2928000610,160090080,3681669390,647470790,25377960,2415458190,593362450,3681669390
2023-10-20,12088,12118,11989,12019,507312,-0.7432488231893633,-121338,18330,165777,-62769,0,70595,18450,370631,46778,506454,191933,120,204854,109547,506454,-1458904860,220835130,1994380640,-756310910,0,850070180,222281570,4462037280,563769540,6098158570,2308975040,1446440,2467656640,1320080450,6098158570
2023-10-23,11999,12088,11979,12019,370933,0.0,58106,8902,-41598,-25410,0,108223,11165,167718,83200,370306,50117,2263,209316,108610,370306,700820780,106925370,-501495040,-306251110,0,1303524340,134191890,2020535120,1002260790,4460512140,602703560,27266520,2522030160,1308511900,4460512140
2023-10-24,12018,12038,11939,12009,375936,-0.08320159747067143,50854,15722,50117,-116693,0,103597,15722,245555,10426,375300,52743,0,195438,127119,375300,610600840,188630500,601303500,-1400534840,0,1243794770,188630500,2947780330,125323960,4505529560,633193930,0,2346476830,1525858800,4505529560
2023-10-25,12019,12058,11999,12019,249032,0.08327088017320343,48609,8307,-45775,-11141,0,68953,8313,146924,24421,248611,20344,6,192699,35562,248611,585252160,99933210,-550951070,-134234300,0,830106810,100005390,1769043440,294246810,2993402450,244854650,72180,2319994510,428481110,2993402450
2023-10-26,11988,12058,11959,11979,437072,-0.33280638988268574,-9520,5223,-10668,14965,0,73113,7173,254318,101729,436333,82633,1950,264986,86764,436333,-113915870,62614500,-128522920,179824290,0,876725430,86014500,3049629630,1220639130,5233008690,990641300,23400000,3178152550,1040814840,5233008690
2023-10-27,11968,12008,11929,11969,538608,-0.08347942232239752,23012,28121,90192,-141325,0,131164,28371,336432,41730,537697,108152,250,246240,183055,537697,275846630,336982420,1079150450,-1691979500,0,1570918080,339974920,4028689510,500397920,6439980430,1295071450,2992500,2949539060,2192377420,6439980430
2023-10-30,11959,12028,11959,11989,449803,0.16709833737154314,-58182,54843,-32320,35659,0,110432,55350,203775,79485,449042,168614,507,236095,43826,449042,-698244170,659106400,-388653850,427791620,0,1327163730,665208040,2448766110,954517510,5395655390,2025407900,6101640,2837419960,526725890,5395655390
2023-10-31,11989,12048,11949,11999,673081,0.08340979230961715,17714,20614,20051,-58379,0,187684,46101,366185,71973,671943,169970,25487,346134,130352,671943,216232030,247733840,236033140,-699999010,0,2256130360,554522970,4406398760,866325470,8083377560,2039898330,306789130,4170365620,1566324480,8083377560
2023-11-01,11999,12138,11989,12129,567027,1.0834236186348862,-3380,1923,-210987,212444,0,119526,41000,135219,270323,566068,122906,39077,346206,57879,566068,-41463470,24503470,-2552749180,2569709180,0,1449007210,496868220,1636911960,3269869150,6852656540,1490470680,472364750,4189661140,700159970,6852656540
2023-11-02,12169,12278,12129,12239,586067,0.906917305631132,33344,24544,-198727,140839,0,178633,44205,130114,232124,585076,145289,19661,328841,91285,585076,409714740,300958120,-2436181650,1725508790,0,2189122030,541865090,1592640860,2843770220,7167398200,1779407290,240906970,4028822510,1118261430,7167398200
2023-11-03,12248,12268,12149,12189,557808,-0.40853010866900885,3259,55326,51604,-110189,0,158297,56126,260661,81781,556865,155038,800,209057,191970,556865,42438020,675589750,630806790,-1348834560,0,1934919750,685396750,3186328970,998511400,6805156870,1892481730,9807000,2555522180,2347345960,6805156870
2023-11-06,12179,12248,12129,12189,755068,0.0,-122078,68002,63154,-9078,0,166409,69260,346020,172102,753791,288487,1258,282866,181180,753791,-1485463520,829632800,768736310,-112905590,0,2029045000,844967640,4218937070,2098195830,9191145540,3514508520,15334840,3450200760,2211101420,9191145540
2023-11-07,12218,12238,12119,12159,500349,-0.24612355402412012,-13374,6121,10357,-3104,0,127975,6121,235040,130367,499503,141349,0,224683,133471,499503,-160705620,74574350,122968830,-36837560,0,1560436510,74574350,2864947610,1589743840,6089702310,1721142130,0,2741978780,1626581400,6089702310
2023-11-08,12158,12158,12079,12079,576579,-0.6579488444773419,79943,6807,135807,-222557,0,227479,6814,273553,67758,575604,147536,7,137746,290315,575604,972824850,82575080,1646122500,-2701522430,0,2761092220,82659990,3317565470,822642730,6983960410,1788267370,84910,1671442970,3524165160,6983960410
2023-11-09,12139,12188,12089,12179,360014,0.8278831029058696,-19139,168,-34580,53551,0,109329,919,126129,123028,359405,128468,751,160709,69477,359405,-232783880,1992690,-422018490,652809680,0,1330694680,11151370,1534715070,1497675140,4374236260,1563478560,9158680,1956733560,844865460,4374236260
2023-11-10,12179,12208,12129,12179,316798,0.0,-89903,6505,43521,39877,0,58541,6505,174590,76626,316262,148444,0,131069,36749,316262,-1093825040,79357850,528825620,485641570,0,713730150,79357850,2128290620,933818160,3855196780,1807555190,0,1599465000,448176590,3855196780
2023-11-13,12178,12188,12099,12139,394467,-0.3284341899991789,-96879,7975,61156,27748,0,114037,8075,200319,71369,393800,210916,100,139163,43621,393800,-1179349680,97195450,744141820,338012410,0,1389437040,98414450,2439982130,869226960,4797060580,2568786720,1219000,1695840310,531214550,4797060580
2023-11-14,12139,12188,12139,12159,331419,0.16475821731608864,-137259,2081,117716,17462,0,39749,2081,226282,62747,330859,177008,0,108566,45285,330859,-1670735260,25330810,1433050650,212353800,0,484141380,25330810,2755766710,764071620,4029310520,2154876640,0,1322716060,551717820,4029310520
2023-11-15,12169,12228,12129,12179,633070,0.16448721111933548,-157734,13055,66822,77857,0,127380,17372,366065,121182,631999,285114,4317,299243,43325,631999,-1921841640,159023240,813496260,949322140,0,1554203550,211792450,4464987560,1478079570,7709063130,3476045190,52769210,3651491300,528757430,7709063130
2023-11-16,12179,12248,12179,12189,481545,0.08210854749979472,-5504,-1291,-93659,100454,0,198501,909,180170,101151,480731,204005,2200,273829,697,480731,-66232850,-15766520,-1147173790,1229173160,0,2429255090,11111760,2202881450,1237693070,5880941370,2495487940,26878280,3350055240,8519910,5880941370
2023-11-17,12199,12358,12199,12329,614310,1.1485765854458938,23414,4854,-247918,219650,0,128837,5184,254086,225164,613271,105423,330,502004,5514,613271,289245640,59587510,-3052429050,2703595900,0,1587244920,63655810,3125922490,2771532550,7548355770,1297999280,4068300,6178351540,67936650,7548355770
2023-11-20,12328,12497,12328,12488,646775,1.289642306756428,13822,9529,-113120,89769,0,114940,37127,355043,138571,645681,101118,27598,468163,48802,645681,172501120,119050900,-1412750450,1121198430,0,1435881030,464184300,4434290440,1731019920,8065375690,1263379910,345133400,5847040890,609821490,8065375690
2023-11-21,12497,12557,12368,12418,747043,-0.5605381165919282,-86139,-3465,230955,-141351,0,194032,6405,517568,27774,745779,280171,9870,286613,169125,745779,-1066707170,-43756590,2877598200,-1767134440,0,2421236940,79995860,6453492180,345616510,9300341490,3487944110,123752450,3575893980,2112750950,9300341490
2023-11-22,12408,12428,12358,12428,335693,0.08052826542116283,-30926,1238,64855,-35167,0,81980,2109,195992,55044,335125,112906,871,131137,90211,335125,-383795570,15363330,805122180,-436689940,0,1018276740,26196280,2433874920,683962440,4162310380,1402072310,10832950,1628752740,1120652380,4162310380
2023-11-23,12428,12438,12349,12379,419556,-0.3942710009655616,14121,1707,114288,-130116,0,103129,2907,278018,34793,418847,89008,1200,163730,164909,418847,175538110,21180740,1417550410,-1614269260,0,1279624980,36086740,3449050780,431873150,5196635650,1104086870,14906000,2031500370,2046142410,5196635650
2023-11-24,12379,12418,12329,12379,394290,0.0,18012,-7874,56626,-66764,0,124472,2126,239028,27997,393623,106460,10000,182402,94761,393623,223566720,-97572260,701622260,-827616720,0,1542116320,26327740,2961097010,346535210,4876076280,1318549600,123900000,2259474750,1174151930,4876076280
2023-11-27,12378,12398,12329,12339,433310,-0.32312787785766217,-71152,-11796,97855,-14907,0,125294,8212,249263,49808,432577,196446,20008,151408,64715,432577,-880536340,-145959980,1210798930,-184302610,0,1551352920,101639140,3085759200,616769320,5355520580,2431889260,247599120,1874960270,801071930,5355520580
2023-11-28,12368,12427,12348,12418,464521,0.6402463732879488,68989,-56662,-85794,73467,0,223910,3538,129342,106946,463736,154921,60200,215136,33479,463736,856737870,-703233780,-1065141610,911637520,0,2780211740,43853220,1605147810,1327236010,5756448780,1923473870,747087000,2670289420,415598490,5756448780
2023-11-29,12417,12417,12368,12408,416749,-0.08052826542116283,15708,-39474,91465,-67699,0,148457,1641,230760,35186,416044,132749,41115,139295,102885,416044,195166570,-490775830,1136055480,-840446220,0,1843614730,20378820,2866514980,437201400,5167709930,1648448160,511154650,1730459500,1277647620,5167709930
2023-11-30,12379,12418,12369,12389,421758,-0.15312701482914248,83661,-65079,98079,-116661,0,135949,883,259516,24697,421045,52288,65962,161437,141358,421045,1038568990,-807807330,1217144940,-1447906600,0,1687548870,10952550,3221195180,306633610,5226330210,648979880,818759880,2004050240,1754540210,5226330210
2023-12-01,12388,12408,12359,12369,498991,-0.16143352974412786,-39630,-30213,140814,-70971,0,101029,2998,302200,91920,498147,140659,33211,161386,162891,498147,-490668870,-374925910,1745252050,-879657270,0,1252674220,37160520,3746472840,1140003020,6176310600,1743343090,412086430,2001220790,2019660290,6176310600
2023-12-04,12368,12407,12358,12398,495073,0.23445711051823104,-22566,-40799,17567,45798,0,146942,3169,262266,81859,494236,169508,43968,244699,36061,494236,-279430460,-505968230,217198960,568199730,0,1822300680,39324650,3251804440,1015509960,6128939730,2101731140,545292880,3034605480,447310230,6128939730
2023-12-05,12388,12497,12378,12468,656784,0.564607194708824,20194,-63358,-143410,186574,0,189420,2424,205112,258717,655673,169226,65782,348522,72143,655673,251707490,-789445400,-1788474900,2326212810,0,2362375370,30258920,2558174870,3226045500,8176854660,2110667880,819704320,4346649770,899832690,8176854660
2023-12-06,12468,12597,12468,12588,986617,0.9624639076034648,102253,-100109,-348329,346185,0,205305,8581,377089,393973,984948,103052,108690,725418,47788,984948,1286028290,-1256729850,-4381754090,4352455650,0,2582547420,108034650,4737827020,4953431090,12381840180,1296519130,1364764500,9119581110,600975440,12381840180
2023-12-07,12588,12647,12518,12638,581857,0.39720368605020656,102149,-48145,-89276,35272,0,176116,1462,303975,99320,580873,73967,49607,393251,64048,580873,1290840670,-607760110,-1128893890,445813330,0,2225252560,18449440,3838851450,1254116030,7336669480,934411890,626209550,4967745340,808302700,7336669480
2023-12-08,12637,12647,12558,12578,586642,-0.4747586643456243,-7872,-22265,116009,-85872,0,176036,2481,356886,50247,585650,183908,24746,240877,136119,585650,-100986450,-281803090,1465379620,-1082590080,0,2220076480,31284050,4505612960,635193500,7392166990,2321062930,313087140,3040233340,1717783580,7392166990
2023-12-11,12557,12577,12498,12548,581577,-0.23851168707266657,162054,-4096,82573,-240531,0,243061,6738,326445,4349,580593,81007,10834,243872,244880,580593,2034165460,-51388890,1035892670,-3018669240,0,3050130300,84593130,4095138170,54655670,7284517270,1015964840,135982020,3059245500,3073324910,7284517270
2023-12-12,12508,12577,12508,12548,452144,0.0,-15544,21692,20662,-26810,0,110862,46160,250027,44330,451379,126406,24468,229365,71140,451379,-195640670,273053030,259708990,-337121350,0,1394731930,580629630,3144699230,557330140,5677390930,1590372600,307576600,2884990240,894451490,5677390930
2023-12-13,12548,12597,12548,12578,508920,0.23908192540643924,135968,-62518,-143051,69601,0,170127,76437,167229,94266,508059,34159,138955,310280,24665,508059,1713482110,-787227530,-1802471650,876217070,0,2144020410,963334480,2107109000,1187022830,6401486720,430538300,1750562010,3909580650,310805760,6401486720
2023-12-14,12627,12657,12568,12598,740129,0.15900779138177773,169003,-28242,-69622,-71139,0,263393,70143,391258,14083,738877,94390,98385,460880,85222,738877,2135332170,-355291360,-880614890,-899425920,0,3329059500,887257500,4948316010,178229980,9342862990,1193727330,1242548860,5828930900,1077655900,9342862990
2023-12-15,12597,12637,12568,12578,645327,-0.15875535799333226,10316,-101934,111942,-20324,0,170466,481,431182,42107,644236,160150,102415,319240,62431,644236,131577130,-1286423790,1411757270,-256910610,0,2151603340,6065320,5440221100,531096970,8128986730,2020026210,1292489110,4028463830,788007580,8128986730
2023-12-18,12577,12577,12498,12508,810613,-0.556527269836222,548,-97816,110172,-12904,0,178904,2624,542276,85438,809242,178356,100440,432104,98342,809242,6450150,-1229724300,1385957020,-162682870,0,2249304530,32984380,6818765130,1074459250,10175513290,2242854380,1262708680,5432808110,1237142120,10175513290
2023-12-19,12528,12557,12508,12528,634477,0.1598976654940838,23523,-27126,76350,-72747,0,170950,70909,343207,48338,633404,147427,98035,266857,121085,633404,294563950,-339522430,957521870,-912563390,0,2145281140,890926690,4308063720,607095620,7951367170,1850717190,1230449120,3350541850,1519659010,7951367170
2023-12-20,12528,12547,12518,12528,707752,0.0,143227,-67249,9811,-85789,0,257948,31764,411582,5261,706555,114721,99013,401771,91050,706555,1797775520,-844161960,122917370,-1076530930,0,3237579700,398631170,5165518430,66045300,8867774600,1439804180,1242793130,5042601060,1142576230,8867774600
2023-12-21,12528,12537,12468,12528,740566,0.0,198564,-60153,8328,-146739,0,289925,38805,397368,13215,739313,91361,98958,389040,159954,739313,2491200340,-754792230,103617700,-1840025810,0,3637297310,486771710,4984656880,165844500,9274570400,1146096970,1241563940,4881039180,2005870310,9274570400
2023-12-22,12528,12558,12518,12558,1022775,0.23946360153256704,208063,98115,-317100,10922,0,321612,110710,516995,71728,1021045,113549,12595,834095,60806,1021045,2612911950,1231245650,-3981654440,137496840,0,4038853900,1389411540,6493262570,901183470,12822711480,1425941950,158165890,10474917010,763686630,12822711480
2023-12-26,12577,12577,12548,12558,2459987,0.0,423125,36022,-448053,-11094,0,804282,56580,1551496,43467,2455825,381157,20558,1999549,54561,2455825,5325893540,453108600,-5639701390,-139300750,0,10121719980,711846940,19525476660,547309950,30906353530,4795826440,258738340,25165178050,686610700,30906353530
2023-12-27,12228,12278,12169,12169,3346886,-3.0976270106704886,-459230,193808,1220470,-955048,0,839310,294524,2136756,70633,3341223,1298540,100716,916286,1025681,3341223,-5616846620,2371075980,14910508320,-11664737680,0,10253233570,3601754680,26128207330,866124830,40849320410,15870080190,1230678700,11217699010,12530862510,40849320410
2023-12-28,12148,12418,12148,12418,1467669,2.0461829238228284,308879,63950,-618956,246127,0,576460,103815,297193,487718,1465186,267581,39865,916149,241591,1465186,3819738540,788433040,-7654100990,3045929410,0,7129866200,1281730240,3658493540,6029986820,18100076800,3310127660,493297200,11312594530,2984057410,18100076800
2024-01-02,12378,12507,12278,12488,1438527,0.5636978579481398,781069,-4841,-582211,-194017,0,935980,1669,417664,80780,1436093,154911,6510,999875,274797,1436093,9729350780,-60558730,-7253571210,-2415220840,0,11653336150,20632770,5175645350,1001407040,17851021310,1923985370,81191500,12429216560,3416627880,17851021310
2024-01-03,12468,12587,12438,12548,1289176,0.4804612427930814,708178,-42567,-772361,106750,0,888440,643,268691,129221,1286995,180262,43210,1041052,22471,1286995,8910276370,-535368010,-9714951920,1340043560,0,11175341370,8053940,3373260140,1622108910,16178764360,2265065000,543421950,13088212060,282065350,16178764360
2024-01-04,12507,12547,12388,12398,563990,-1.1954096270321963,99265,-19407,155905,-235763,0,164562,1425,392151,4898,563036,65297,20832,236246,240661,563036,1238725020,-242252840,1943701180,-2940173360,0,2053968990,17751660,4894778060,61338970,7027837680,815243970,260004500,2951076880,3001512330,7027837680
2024-01-05,12428,12468,12329,12369,406406,-0.2339086949507985,34676,34522,14618,-83816,0,112378,38359,242779,12203,405719,77702,3837,228161,96019,405719,429653280,427762630,181644050,-1039059960,0,1393646310,475357120,3010752770,151171490,5030927690,963993030,47594490,2829108720,1190231450,5030927690
2024-01-08,12368,12368,12279,12319,566073,-0.40423639744522594,34057,924,28093,-63074,0,105757,2923,425386,31050,565116,71700,1999,397293,94124,565116,420548320,11359590,346844990,-778752900,0,1305007820,36067230,5249937730,383152410,6974165190,884459500,24707640,4903092740,1161905310,6974165190
2024-01-09,12348,12477,12338,12458,820707,1.1283383391509052,496840,-44113,-433889,-18838,0,639991,10205,111801,57322,819319,143151,54318,545690,76160,819319,6197064690,-551096280,-5407103920,-238864490,0,7980604740,127224050,1391683470,711542180,10211054440,1783540050,678320330,6798787390,950406670,10211054440
2024-01-10,12468,12527,12428,12508,860879,0.4013485310643763,546994,-31523,-465326,-50145,0,657532,10545,158073,33273,859423,110538,42068,623399,83418,859423,6852055180,-395458100,-5828532850,-628064230,0,8236361150,131896780,1977783230,416205120,10762246280,1384305970,527354880,7806316080,1044269350,10762246280
2024-01-11,12507,12517,12458,12468,288873,-0.3197953309881676,37342,14113,20087,-71542,0,69674,14363,186716,17632,288385,32332,250,166629,89174,288385,466688330,176384790,250806960,-893880080,0,870698440,179509790,2333448880,220345270,3604002380,404010110,3125000,2082641920,1114225350,3604002380
2024-01-12,12468,12468,12359,12379,485306,-0.7138273981392365,31605,-458,167983,-199130,0,115657,13947,353324,1557,484485,84052,14405,185341,200687,484485,391990020,-5403190,2084449650,-2471036480,0,1434812890,173218900,4384292970,19349260,6011674020,1042822870,178622090,2299843320,2490385740,6011674020
2024-01-15,12368,12378,12339,12359,407990,-0.16156393892883109,-48025,15877,37199,-5051,0,128606,15877,255308,7509,407300,176631,0,218109,12560,407300,-593841810,196479990,459927820,-62566000,0,1591604920,196479990,3159315730,92902480,5040303120,2185446730,0,2699387910,155468480,5040303120
2024-01-16,12368,12467,12338,12448,745041,0.7201229872967069,417822,-36731,-264751,-116340,0,585126,9469,114271,34915,743781,167304,46200,379022,151255,743781,5204251550,-458324960,-3296286170,-1449640420,0,7285511350,117728270,1419625450,434017930,9256883000,2081259800,576053230,4715911620,1883658350,9256883000
2024-01-17,12428,12467,12358,12428,836663,-0.16066838046272494,458402,2265,-266931,-193736,0,613431,9809,206242,5766,835248,155029,7544,473173,199502,835248,5706467230,28003570,-3323244850,-2411225950,0,7635423750,121954650,2564350330,71653450,10393382180,1928956520,93951080,5887595180,2482879400,10393382180
2024-01-18,12398,12418,12359,12369,395479,-0.4747344705503701,-31243,-14602,157129,-111284,0,84250,12849,297472,239,394810,115493,27451,140343,111523,394810,-387730290,-181159800,1948091210,-1379201120,0,1044299040,159297770,3688402420,2962080,4894961310,1432029330,340457570,1740311210,1382163200,4894961310
2024-01-19,12378,12438,12349,12369,382596,0.0,1264,-10708,100692,-91248,0,76331,9301,273517,22800,381949,75067,20009,172825,114048,381949,16007350,-132706940,1247061280,-1130361690,0,946141410,115407630,3390180110,282955380,4734684530,930134060,248114570,2143118830,1413317070,4734684530
2024-01-22,12359,12418,12329,12359,582340,-0.08084727948904519,30003,-2947,-133005,105949,0,93219,9134,320633,158369,581355,63216,12081,453638,52420,581355,371504420,-36457890,-1647447010,1312400480,0,1154131820,113204890,3967668130,1961677370,7196682210,782627400,149662780,5615115140,649276890,7196682210
2024-01-23,12358,12378,12319,12339,507136,-0.16182539040375435,-152197,-47590,146965,52822,0,121109,11710,316820,56639,506278,273306,59300,169855,3817,506278,-1882156870,-588486510,1817137120,653506260,0,1497901600,144865170,3919603950,700761160,6263131880,3380058470,733351680,2102466830,47254900,6263131880
2024-01-24,12338,12348,12269,12279,877719,-0.48626306831996113,-266381,20358,240857,5166,0,165171,25358,574592,111113,876234,431552,5000,333735,105947,876234,-3277296840,250445610,2962884460,63966770,0,2033073090,312095610,7072480250,1367800800,10785449750,5310369930,61650000,4109595790,1303834030,10785449750
2024-01-25,12279,12328,12269,12299,475912,0.16287971333170453,-103161,9948,-35627,128840,0,76932,19952,205211,173012,475107,180093,10004,240838,44172,475107,-1269208710,122306720,-439079210,1585981200,0,947230810,245556040,2526395120,2129906400,5849088370,2216439520,123249320,2965474330,543925200,5849088370
2024-01-26,12328,12358,12299,12309,454837,0.08130742336775348,7809,6457,40644,-54910,0,119181,10293,227993,96601,454068,111372,3836,187349,151511,454068,96292030,79618380,500773880,-676684290,0,1470203420,126992980,2812099860,1191844770,5601141030,1373911390,47374600,2311325980,1868529060,5601141030
2024-01-29,12299,12368,12279,12359,446877,0.4062068405231944,-27247,7139,-118531,138639,0,83543,12439,198145,151994,446121,110790,5300,316676,13355,446121,-336443300,88174450,-1464291040,1712559890,0,1033180380,153782730,2448291940,1877720150,5512975200,1369623680,65608280,3912582980,165160260,5512975200
2024-01-30,12358,12417,12358,12408,622262,0.3964722064891982,-38343,16570,-239454,261227,0,128187,23270,198704,271049,621210,166530,6700,438158,9822,621210,-476309820,205848230,-2973735060,3244196650,0,1591718820,288973230,2466943650,3366136630,7713772330,2068028640,83125000,5440678710,121939980,7713772330
2024-01-31,12418,12467,12388,12438,475521,0.24177949709864605,66959,13894,-115088,34235,0,157352,14658,216883,85824,474717,90393,764,331971,51589,474717,834047230,172912560,-1434225430,427265640,0,1958695950,182416800,2698526540,1069180770,5908820060,1124648720,9504240,4132751970,641915130,5908820060
2024-02-01,12428,12477,12418,12448,647539,0.08039877793857533,-48896,10125,-113800,152571,0,125024,12097,306369,202954,646444,173920,1972,420169,50383,646444,-609720530,126293350,-1420307980,1903735160,0,1560300790,150903130,3823587920,2532306940,8067098780,2170021320,24609780,5243895900,628571780,8067098780
2024-02-02,12458,12477,12418,12458,714315,0.08033419023136247,42159,3885,-89225,43181,0,159681,18725,351661,183040,713107,117522,14840,440886,139859,713107,525330810,48498760,-1114106700,540277130,0,1990946650,233475160,4384173110,2283208820,8891803740,1465615840,184976400,5498279810,1742931690,8891803740
2024-02-05,12458,12578,12438,12578,1570961,0.9632364745545031,309586,3148,-893373,580639,0,604554,5276,296824,661649,1568303,294968,2128,1190197,81010,1568303,3899904740,39150220,-11222421700,7283366740,0,7599170640,65928240,3722097140,8298966310,19686162330,3699265900,26778020,14944518840,1015599570,19686162330
2024-02-06,12577,12587,12448,12468,661899,-0.8745428525997775,68240,14965,184106,-267311,0,156776,16060,409318,78626,660780,88536,1095,225212,345937,660780,854149040,186960540,2302418320,-3343527900,0,1961799660,200640690,5122459750,984456700,8269356800,1107650620,13680150,2820041430,4327984600,8269356800
2024-02-07,12528,12537,12478,12528,476826,0.4812319538017324,-35191,-1388,-96368,132947,0,82993,989,219647,172391,476020,118184,2377,316015,39444,476020,-441193580,-17409980,-1209070780,1667674340,0,1040115040,12377600,2751884940,2161604180,5965981760,1481308620,29787580,3960955720,493929840,5965981760
2024-02-08,12528,12577,12528,12558,403195,0.23946360153256704,4313,13650,-52495,34532,0,84735,13850,231884,72044,402513,80422,200,284379,37512,402513,54358900,171672000,-660425090,434394190,0,1065578630,174189000,2916119040,906099010,5061985680,1011219730,2517000,3576544130,471704820,5061985680
2024-02-13,12557,12587,12528,12548,673988,-0.07963051441312312,58545,68555,98893,-225993,0,120088,83150,439784,29826,672848,61543,14595,340891,255819,672848,736370930,863331610,1242552200,-2842254740,0,1510941530,1047078660,5532433190,375303600,8465756980,774570600,183747050,4289880990,3217558340,8465756980
2024-02-14,12488,12527,12438,12508,465148,-0.318775900541919,41716,41259,78001,-160976,0,76688,41259,301779,44635,464361,34972,0,223778,205611,464361,522653000,517512820,973842880,-2014008700,0,960611470,517512820,3776197180,559035808,5813357278,437958470,0,2802354300,2573044508,5813357278
2024-02-15,12527,12547,12488,12508,449416,0.0,12936,-530,-7426,-4980,0,100158,470,228754,119274,448656,87222,1000,236180,124254,448656,161917950,-6625570,-93417110,-61875270,0,1256092310,5894430,2869652350,1496707410,5628346500,1094174360,12520000,2963069460,1558582680,5628346500
2024-02-16,12517,12527,12488,12498,480504,-0.0799488327470419,10047,-112468,133921,-31500,0,107670,7422,336848,27751,479691,97623,119890,202927,59251,479691,126155240,-1408182010,1676591350,-394564580,0,1348215130,92902400,4217423390,347448330,6005989250,1222059890,1501084410,2540832040,742012910,6005989250
2024-02-19,12517,12567,12478,12498,945100,0.0,81379,-158681,154495,-77193,0,191956,25419,498234,227892,943501,110577,184100,343739,305085,943501,1021637420,-1984621790,1929289630,-966305260,0,2406744310,317987040,6233728430,2853307190,11811766970,1385106890,2302608830,4304438800,3819612450,11811766970
2024-02-20,12527,12537,12508,12518,317103,0.16002560409665545,5944,921,-45837,38972,0,50486,921,212508,52652,316567,44542,0,258345,13680,316567,74432230,11547210,-575036120,489056680,0,633369920,11547210,2665763170,660631080,3971311380,558937690,0,3240799290,171574400,3971311380
2024-02-21,12518,12557,12518,12548,444500,0.23965489694839434,-31312,-8279,-19351,58942,0,79988,3729,273653,86378,443748,111300,12008,293004,27436,443748,-393225600,-103955740,-243431890,740613230,0,1004999780,46835170,3437633300,1085270970,5574739220,1398225380,150790910,3681065190,344657740,5574739220
2024-02-22,12538,12577,12528,12558,485328,0.07969397513547975,-20659,-6832,67700,-40209,0,103802,3823,307912,68970,484507,124461,10655,240212,109179,484507,-259314170,-85851290,850024380,-504858920,0,1305187260,48054410,3871489520,867266280,6091997470,1564501430,133905700,3021465140,1372125200,6091997470
2024-02-23,12558,12637,12548,12588,872837,0.23889154323936934,-103205,-6657,-182580,292442,0,157716,11821,406389,295435,871361,260921,18478,588969,2993,871361,-1300311320,-84040930,-2304810890,3689163140,0,1989890570,149020870,5125418800,3726892750,10991222990,3290201890,233061800,7430229690,37729610,10991222990
2024-02-26,12588,12597,12548,12588,453308,0.0,55437,-3723,-17116,-34598,0,123193,3609,310285,15454,452541,67756,7332,327401,50052,452541,698516170,-46960770,-215764370,-435791030,0,1552014570,45466060,3908097550,194529200,5700107380,853498400,92426830,4123861920,630320230,5700107380
2024-02-27,12587,12587,12528,12568,416033,-0.15888147442008263,22074,25185,88843,-136102,0,71612,25407,313681,4630,415330,49538,222,224838,140732,415330,278197210,317315360,1118260590,-1713773160,0,902025090,320111090,3950211200,58281100,5230628480,623827880,2795730,2831950610,1772054260,5230628480
2024-02-28,12578,12618,12548,12618,438224,0.39783577339274345,82872,-3457,-93496,14081,0,116982,2943,242538,75020,437483,34110,6400,336034,60939,437483,1045808370,-43652390,-1180933410,178777430,0,1476134650,37139610,3058736890,947344570,5519355720,430326280,80792000,4239670300,768567140,5519355720
2024-02-29,12618,12717,12618,12708,1248644,0.7132667617689016,70508,-7172,-378918,315582,0,226185,5799,501509,513039,1246532,155677,12971,880427,197457,1246532,897495060,-90696110,-4814762590,4007963640,0,2875022000,73672100,6371896410,6516887230,15837477740,1977526940,164368210,11186659000,2508923590,15837477740
2024-03-04,12708,12797,12708,12768,917072,0.4721435316336166,8632,-83589,18503,56454,0,194709,6931,577554,136327,915521,186077,90520,559051,79873,915521,110483750,-1070545330,238738320,721323260,0,2491014280,88478330,7389253260,1742981450,11711727320,2380530530,1159023660,7150514940,1021658190,11711727320
2024-03-05,12778,12827,12778,12798,758843,0.2349624060150376,42527,-85429,-34444,77346,0,189871,7232,420723,139734,757560,147344,92661,455167,62388,757560,546121340,-1096867980,-442598730,993345370,0,2437079600,92824300,5400053300,1794049880,9724007080,1890958260,1189692280,5842652030,800704510,9724007080
2024-03-06,12818,12917,12808,12918,1016838,0.9376465072667605,173070,-104276,-115491,46697,0,373613,5896,487674,147935,1015118,200543,110172,603165,101238,1015118,2237688110,-1345344450,-1492030220,599686560,0,4825742230,76038260,6295723040,1907432250,13104935780,2588054120,1421382710,7787753260,1307745690,13104935780
2024-03-07,12927,12937,12728,12728,1293617,-1.470815915776436,32106,-28799,366951,-370258,0,309753,51594,884029,46053,1291429,277647,80393,517078,416311,1291429,415902310,-365541130,4708194220,-4758555400,0,3974470920,661790810,11343796740,591281540,16571340010,3558568610,1027331940,6635602520,5349836940,16571340010
2024-03-08,12748,12827,12728,12798,692380,0.5499685732243872,-93574,3411,159816,-69653,0,221597,16111,436377,17124,691209,315171,12700,276561,86777,691209,-1192126860,43465650,2040403090,-891741880,0,2834061040,205925650,5577762550,218795300,8836544540,4026187900,162460000,3537359460,1110537180,8836544540
2024-03-11,12808,12867,12778,12858,550143,0.46882325363338023,167482,-31499,-138089,2106,0,213643,15722,288998,30850,549213,46161,47221,427087,28744,549213,2150281350,-404032690,-1772923260,26674600,0,2742494820,201617530,3706599970,395749920,7046462240,592213470,605650220,5479523230,369075320,7046462240
2024-03-12,12857,12877,12788,12798,546830,-0.4666355576294913,3786,4488,161912,-170186,0,177104,25395,342901,505,545905,173318,20907,180989,170691,545905,49611140,57642210,2079026980,-2186280330,0,2275410190,325935680,4405808060,6489350,7013643280,2225799050,268293470,2326781080,2192769680,7013643280
2024-03-13,12808,12867,12798,12868,398826,0.5469604625722769,35719,-24251,-96949,85481,0,110029,1121,185155,101847,398152,74310,25372,282104,16366,398152,458949140,-312073750,-1247344230,1100468840,0,1414333240,14417370,2379942000,1310848620,5119541230,955384100,326491120,3627286230,210379780,5119541230
2024-03-14,12877,12907,12848,12858,417585,-0.0777121541809139,106597,-2583,-20387,-83627,0,132893,2555,268200,13231,416879,26296,5138,288587,96858,416879,1374807800,-33331860,-263057400,-1078418540,0,1714037530,32950560,3458648820,170585450,5376222360,339229730,66282420,3721706220,1249003990,5376222360
2024-03-15,12857,12867,12798,12828,495246,-0.23331777881474566,51519,8529,151419,-211467,0,113714,13729,356456,10510,494409,62195,5200,205037,221977,494409,662237420,109440120,1944672620,-2716350160,0,1460871710,176207420,4578615420,135131560,6350826110,798634290,66767300,2633942800,2851481720,6350826110
2024-03-18,12827,12827,12738,12748,673512,-0.6236357966947303,34458,-85089,235109,-184478,0,127591,11110,522298,11374,672373,93133,96199,287189,195852,672373,440680240,-1086179610,3003814160,-2358314790,0,1630879230,142040550,6674981490,145483990,8593385260,1190198990,1228220160,3671167330,2503798780,8593385260
2024-03-19,12767,12777,12728,12748,423801,0.0,-16067,-13507,107225,-77651,0,68958,15221,326093,12812,423084,85025,28728,218868,90463,423084,-204858080,-172551750,1368354800,-990944970,0,879872060,194146920,4161397820,163476730,5398893530,1084730140,366698670,2793043020,1154421700,5398893530
2024-03-20,12747,12757,12718,12738,619280,-0.07844367743959836,55569,8609,194190,-258368,0,111697,8709,494856,2971,618233,56128,100,300666,261339,618233,708780560,109780280,2476874310,-3295435150,0,1424674850,111055280,6312754060,37896110,7886380300,715894290,1275000,3835879750,3333331260,7886380300
2024-03-21,12747,12767,12698,12728,764255,-0.07850525985241011,8570,-4220,196593,-200943,0,207508,14973,535129,5352,762962,198938,19193,338536,206295,762962,110252650,-53652280,2505434420,-2562034790,0,2644584790,190866540,6820486880,68196630,9724134840,2534332140,244518820,4315052460,2630231420,9724134840
2024-03-22,12728,12757,12718,12748,607234,0.15713387806411064,-141177,17879,86048,37250,0,149446,19932,336683,100146,606207,290623,2053,250635,62896,606207,-1800522920,228112730,1096764610,475645580,0,1906710550,254293080,4295091530,1278065020,7734160180,3707233470,26180350,3198326920,802419440,7734160180
2024-03-25,12748,12768,12718,12768,662454,0.15688735487919672,-169115,-2068,98532,72651,0,94185,7256,386889,173004,661334,263300,9324,288357,100353,661334,-2158794700,-26518950,1256979910,928333740,0,1202492920,92617560,4939123860,2209673280,8443907620,3361287620,119136510,3682143950,1281339540,8443907620
2024-03-26,12768,12817,12758,12808,619243,0.3132832080200501,-39710,-3752,17824,25638,0,206362,1863,343488,66483,618196,246072,5615,325664,40845,618196,-507392030,-48036890,226411520,329017400,0,2644524400,23850400,4399560130,852352160,7920287090,3151916430,71887290,4173148610,523334760,7920287090
2024-03-27,12827,12827,12778,12808,506717,0.0,-84160,-7010,52465,38705,0,112278,15420,324236,53926,505860,196438,22430,271771,15221,505860,-1078652760,-90168470,672195410,496625820,0,1440062920,197678330,4157874900,691812340,6487428490,2518715680,287846800,3485679490,195186520,6487428490
2024-03-28,12807,12847,12778,12798,639637,-0.07807620237351655,-55255,6400,214586,-165731,0,149268,6600,447228,35459,638555,204523,200,232642,201190,638555,-708886120,82165000,2751071550,-2124350430,0,1914433190,84737000,5736585330,455082280,8190837800,2623319310,2572000,2985513780,2579432710,8190837800
2024-03-29,12797,12817,12768,12778,632258,-0.15627441787779342,-183556,6784,161061,15711,0,158971,6893,439156,26169,631189,342527,109,278095,10458,631189,-2349957600,86892290,2061940010,201125300,0,2036294490,88289170,5624698590,335075910,8084358160,4386252090,1396880,3562758580,133950610,8084358160
2024-04-01,12778,12807,12748,12778,624789,0.0,-118822,7914,155508,-44600,0,154461,8985,415374,44912,623732,273283,1071,259866,89512,623732,-1518690990,101271470,1987505900,-570086380,0,1975573270,114966850,5311972470,574860450,7977373040,3494264260,13695380,3324466570,1144946830,7977373040
2024-04-02,12787,12797,12728,12738,707856,-0.3130380341211457,-113170,-2341,258602,-143091,0,133637,28874,537315,6833,706659,246807,31215,278713,149924,706659,-1443984210,-29341280,3300294910,-1826969420,0,1706086980,368689970,6858760820,87219270,9020757040,3150071190,398031250,3558465910,1914188690,9020757040
2024-04-03,12737,12737,12668,12678,796716,-0.4710315591144607,-76783,-64701,258696,-117212,0,173688,25937,557092,38651,795368,250471,90638,298396,155863,795368,-975403650,-821626570,3286655660,-1489625440,0,2206412080,329412000,7076946810,490882810,10103653700,3181815730,1151038570,3790291150,1980508250,10103653700
2024-04-04,12687,12697,12648,12668,516004,-0.07887679444707367,19036,2931,96995,-118962,0,127527,16620,352798,18186,515131,108491,13689,255803,137148,515131,241259310,37148350,1230953090,-1509360750,0,1618303030,210864940,4476613940,230834620,6536616530,1377043720,173716590,3245660850,1740195370,6536616530
2024-04-05,12647,12657,12628,12638,685614,-0.23681717713924852,-116308,-17353,140659,-6998,0,207383,15632,399259,62180,684454,323691,32985,258600,69178,684454,-1471855120,-219937070,1780322570,-88530380,0,2626407370,197911480,5055395910,787467970,8667182730,4098262490,417848550,3275073340,875998350,8667182730
2024-04-08,12638,12657,12598,12638,647889,0.0,-97516,-32214,98181,31549,0,190725,20422,377295,58351,646793,288241,52636,279114,26802,646793,-1233441550,-408372200,1242552810,399260940,0,2414459670,258383790,4774085830,738384680,8185313970,3647901220,666755990,3531533020,339123740,8185313970
2024-04-09,12647,12657,12618,12638,655752,0.0,-116756,-79175,220175,-24244,0,203188,10221,434854,6380,654643,319944,89396,214679,30624,654643,-1477412340,-1003507030,2787763580,-306844210,0,2573051670,129285960,5505665120,80767940,8288770690,4050464010,1132792990,2717901540,387612150,8288770690
2024-04-11,12627,12627,12508,12528,1272737,-0.8703908846336446,-504859,-1154,731548,-225535,0,217483,26407,990304,36390,1270584,722342,27561,258756,261925,1270584,-6347760090,-13925200,9200987380,-2839302090,0,2734889960,332499160,12457564390,457110860,15982064370,9082650050,346424360,3256577010,3296412950,15982064370
2024-04-12,12537,12567,12498,12518,824169,-0.07982120051085569,-157891,-12044,222227,-52292,0,210689,20152,479282,112652,822775,368580,32196,257055,164944,822775,-1978167980,-151028060,2785667710,-656471670,0,2641401280,252668100,6008263900,1412145960,10314479240,4619569260,403696160,3222596190,2068617630,10314479240
2024-04-15,12567,12567,12458,12508,846086,-0.07988496564946478,-222379,27703,116344,78332,0,140866,27703,535295,140791,844655,363245,0,418951,62459,844655,-2778863700,346184510,1452989090,979690100,0,1760662930,346184510,6688774440,1760570960,10556192840,4539526630,0,5235785350,780880860,10556192840
2024-04-16,12497,12497,12428,12458,855486,-0.3997441637352095,-85262,94577,130977,-140292,0,131922,97529,598442,26146,854039,217184,2952,467465,166438,854039,-1063742870,1179729810,1633831130,-1749818070,0,1646075010,1216570770,7466724570,326587850,10655958200,2709817880,36840960,5832893440,2076405920,10655958200
2024-04-17,12458,12487,12428,12468,497203,0.08026970621287526,-154737,17965,156206,-19434,0,92415,17992,377345,8610,496362,247152,27,221139,28044,496362,-1933729980,224539050,1951579240,-242388310,0,1154580080,224876550,4713543470,107581210,6200581310,3088310060,337500,2761964230,349969520,6200581310
2024-04-18,12468,12558,12448,12558,652826,0.7218479307025986,-213286,17954,99129,96203,0,155862,17954,374793,103113,651722,369148,0,275664,6910,651722,-2673660900,225062410,1241070470,1207528020,0,1954521520,225062410,4697955370,1293944780,8171484080,4628182420,0,3456884900,86416760,8171484080
2024-04-19,12557,12577,12498,12518,850218,-0.3185220576524925,-48427,-9150,52158,5419,0,272747,26370,388242,161421,848780,321174,35520,336084,156002,848780,-607404950,-115132450,654102170,68435230,0,3423933140,330643750,4873550520,2026324280,10654451690,4031338090,445776200,4219448350,1957889050,10654451690
2024-04-22,12518,12547,12518,12528,627266,0.07988496564946478,-55788,-15597,251996,-180611,0,157476,19953,396512,52264,626205,213264,35550,144516,232875,626205,-699341820,-195771660,3162626810,-2267513330,0,1976259540,250361090,4976535820,655987770,7859144220,2675601360,446132750,1813909010,2923501100,7859144220
2024-04-23,12528,12547,12508,12528,626998,0.0,-132172,3633,246452,-117913,0,131998,10981,385433,97526,625938,264170,7348,138981,215439,625938,-1658198490,45553410,3093360480,-1480715400,0,1656566450,137835530,4838128910,1224446480,7856977370,3314764940,92282120,1744768430,2705161880,7856977370
2024-04-24,12528,12577,12528,12568,794564,0.31928480204342274,-11315,-89544,231182,-130323,0,242303,658,483559,66700,793220,253618,90202,252377,197023,793220,-140541830,-1126732390,2906330920,-1639056700,0,3047725290,8269000,6080639730,838858270,9975492290,3188267120,1135001390,3174308810,2477914970,9975492290
2024-04-25,12568,12647,12558,12628,864160,0.47740292807129214,-155910,-140753,69883,226780,0,225499,7515,360209,269475,862698,381409,148268,290326,42695,862698,-1967597490,-1779079970,882166840,2864510620,0,2851396500,95043420,4550645650,3404100670,10901186240,4818993990,1874123390,3668478810,539590050,10901186240
2024-04-26,12627,12657,12588,12608,617810,-0.15837820715869497,-179792,-16731,276472,-79949,0,125455,5119,443139,43052,616765,305247,21850,166667,123001,616765,-2270477020,-211689710,3492670850,-1010504120,0,1585048010,64628730,5599064600,543995820,7792737160,3855525030,276318440,2106393750,1554499940,7792737160
2024-04-29,12588,12627,12578,12608,556178,0.0,-3560,-41882,67327,-21885,0,190567,18617,309039,37014,555237,194127,60499,241712,58899,555237,-43597590,-529263830,848940230,-276078810,0,2406307840,234892700,3900263920,467409800,7008874260,2449905430,764156530,3051323690,743488610,7008874260
2024-04-30,12607,12617,12578,12578,588885,-0.23794416243654826,-179627,972,227479,-48824,0,110195,7972,458125,11597,587889,289822,7000,230646,60421,587889,-2264608140,12202080,2867934640,-615528580,0,1389925410,100517080,5778351020,146341280,7415134790,3654533550,88315000,2910416380,761869860,7415134790
2024-05-02,12578,12627,12558,12608,537609,0.23851168707266657,-32878,-2224,109747,-74645,0,175451,2645,336296,22308,536700,208329,4869,226549,96953,536700,-413771100,-28185220,1383986600,-942030280,0,2215270710,33403630,4243372760,281700890,6773747990,2629041810,61588850,2859386160,1223731170,6773747990
2024-05-03,12608,12667,12608,12638,744902,0.23794416243654826,-147611,-43855,170049,21417,0,210685,16977,398927,117053,743642,358296,60832,228878,95636,743642,-1865894860,-555244710,2149674610,271464960,0,2664787290,214919640,5046964970,1481450440,9408122340,4530682150,770164350,2897290360,1209985480,9408122340
2024-05-07,12648,12657,12628,12648,731584,0.07912644405760405,-41964,-37992,208276,-128320,0,156426,22008,516103,35810,730347,198390,60000,307827,164130,730347,-530612260,-481230230,2637204770,-1625362280,0,1981346170,278777550,6535828900,453506070,9249458690,2511958430,760007780,3898624130,2078868350,9249458690
2024-05-08,12658,12697,12648,12688,851482,0.31625553447185323,-205273,-10866,177161,38978,0,138060,19784,465785,226413,850042,343333,30650,288624,187435,850042,-2606816760,-138030150,2249115850,495731060,0,1754095770,251381350,5916781800,2877295500,10799554420,4360912530,389411500,3667665950,2381564440,10799554420
2024-05-09,12688,12777,12688,12748,776863,0.47288776796973514,27085,10878,-79287,41324,0,258287,12937,263929,240396,775549,231202,2059,343216,199072,775549,346984470,138491860,-1012284760,526808430,0,3295715380,164753850,3365593800,3067505890,9893568920,2948730910,26261990,4377878560,2540697460,9893568920
2024-05-10,12777,12787,12748,12768,663792,0.15688735487919672,3484,-27686,139189,-114987,0,205762,25583,394330,36994,662669,202278,53269,255141,151981,662669,45524860,-354430070,1779219140,-1470313930,0,2630744420,326858350,5041457250,473030160,8472090180,2585219560,681288420,3262238110,1943344090,8472090180
2024-05-13,12767,12777,12748,12758,580382,-0.07832080200501253,-60609,5440,122215,-67046,0,140173,9570,371281,58376,579400,200782,4130,249066,125422,579400,-773922730,69606560,1561704290,-857388120,0,1791757180,122348660,4745653330,746149880,7405909050,2565679910,52742100,3183949040,1603538000,7405909050
2024-05-14,12757,12767,12718,12728,575135,-0.23514657469822856,-84049,1515,218477,-135943,0,127906,1531,426016,18709,574162,211955,16,207539,154652,574162,-1070464250,19325490,2785410650,-1734271890,0,1631176130,19529790,5432095140,238607550,7321408610,2701640380,204300,2646684490,1972879440,7321408610
2024-05-16,12728,12757,12718,12738,632070,0.07856693903205532,-78353,34001,115705,-71353,0,142567,34001,389039,65394,631001,220920,0,273334,136747,631001,-998740480,433847120,1475362500,-910469140,0,1819084420,433847120,4963078510,834380630,8050390680,2817824900,0,3487716010,1744849770,8050390680
2024-05-17,12738,12777,12738,12758,620804,0.15701051970482022,-92441,10006,154486,-72051,0,116064,11009,419556,73125,619754,208505,1003,265070,145176,619754,-1180522890,127872690,1973205020,-920554820,0,1483215970,140691030,5360987860,934921250,7919816110,2663738860,12818340,3387782840,1855476070,7919816110
2024-05-20,12757,12767,12738,12748,713687,-0.07838219156607619,-55507,9287,204088,-157868,0,212607,17162,456613,26098,712480,268114,7875,252525,183966,712480,-707888940,118669160,2605480240,-2016260460,0,2715263890,219154160,5831546070,333398810,9099362930,3423152830,100485000,3226065830,2349659270,9099362930
2024-05-21,12748,12767,12738,12748,641462,0.0,-29452,7010,96091,-73649,0,242320,7010,347306,43741,640377,271772,0,251215,117390,640377,-374488000,89464600,1225571030,-940547630,0,3094889220,89464600,4434305860,558827790,8177487470,3469377220,0,3208734830,1499375420,8177487470
2024-05-22,12748,12797,12738,12778,1056928,0.23533103231879512,-50256,3948,-130488,176796,0,210625,3973,380058,460484,1055140,260881,25,510546,283688,1055140,-640729390,50423660,-1671718930,2262024660,0,2692721200,50743860,4857017930,5890155420,13490638410,3333450590,320200,6528736860,3628130760,13490638410
2024-05-23,12778,12778,12748,12778,834372,0.0,20438,6542,68873,-95853,0,255703,10042,363149,204067,832961,235265,3500,294276,299920,832961,262631440,83797810,879108000,-1225537250,0,3269478880,128492810,4641729490,2608817520,10648518700,3006847440,44695000,3762621490,3834354770,10648518700
2024-05-24,12777,12827,12748,12758,976399,-0.15651901706057286,-189368,168529,44176,-23337,0,114518,174869,470819,214541,974747,303886,6340,426643,237878,974747,-2420947070,2155354550,563943830,-298351310,0,1463740660,2236493150,6021801360,2744817560,12466852730,3884687730,81138600,5457857530,3043168870,12466852730
2024-05-27,12757,12767,12618,12638,1505740,-0.9405862987929142,-62206,34882,782010,-754686,0,298605,35382,1149304,19902,1503193,360811,500,367294,774588,1503193,-784691480,443227790,9925571220,-9584107530,0,3792411450,449592790,14595102970,253133170,19090240380,4577102930,6365000,4669531750,9837240700,19090240380
2024-05-28,12657,12667,12578,12618,719037,-0.1582528881152081,-138251,33348,250771,-145868,0,104496,43848,515931,53546,717821,242747,10500,265160,199414,717821,-1747640540,421770320,3170889110,-1845018890,0,1321217140,554380320,6522694540,676659190,9074951190,3068857680,132610000,3351805430,2521678080,9074951190
2024-05-29,12637,12637,12538,12588,894950,-0.23775558725630053,-78347,12741,250163,-184557,0,165414,18898,653685,55439,893436,243761,6157,403522,239996,893436,-985628070,159950140,3150375810,-2324697880,0,2084810880,237639620,8237473020,699095640,11259019160,3070438950,77689480,5087097210,3023793520,11259019160
2024-05-30,12568,12587,12538,12578,577994,-0.07944073721004132,-8617,10550,166338,-168271,0,175696,18353,368373,14595,577017,184313,7803,202035,182866,577017,-107867840,132878190,2094853280,-2119863630,0,2213342010,231195990,4639843980,183684660,7268066640,2321209850,98317800,2544990700,2303548290,7268066640
2024-05-31,12568,12647,12558,12598,802593,0.15900779138177773,-59759,16955,249775,-206971,0,180583,18955,517796,83901,801235,240342,2000,268021,290872,801235,-750889380,213883680,3148020350,-2611014650,0,2277436150,239063680,6525193110,1057668560,10099361500,3028325530,25180000,3377172760,3668683210,10099361500
2024-06-03,12598,12647,12598,12628,841645,0.2381330369899984,-144122,32378,174428,-62684,0,149077,32384,443724,215036,840221,293199,6,269296,277720,840221,-1821027990,408945840,2204429380,-792347230,0,1884202650,409021740,5608139300,2718239410,10619603100,3705230640,75900,3403709920,3510586640,10619603100
2024-06-04,12627,12627,12598,12608,777814,-0.15837820715869497,-121300,38723,275647,-193070,0,216034,39223,475028,46213,776498,337334,500,199381,239283,776498,-1531539090,489082700,3481042640,-2438586250,0,2728576000,495402700,6000044290,583975660,9807998650,4260115090,6320000,2519001650,3022561910,9807998650
2024-06-05,12617,12637,12598,12608,661117,0.0,-150007,15185,242749,-107927,0,181372,15685,432606,30336,659999,331379,500,189857,138263,659999,-1894165500,191631180,3066407930,-1363873610,0,2291565740,197951180,5465777920,383237970,8338532810,4185731240,6320000,2399369990,1747111580,8338532810
2024-06-07,12618,12667,12608,12638,760370,0.23794416243654826,-83152,24204,145947,-86999,0,142312,38504,479265,99003,759084,225464,14300,333318,186002,759084,-1050968950,306238640,1844948450,-1100218140,0,1801095220,487137640,6064363150,1253604810,9606200820,2852064170,180899000,4219414700,2353822950,9606200820
2024-06-10,12627,12637,12598,12608,845504,-0.23737933217281215,-174266,-56430,346167,-115471,0,152829,24570,603858,62817,844074,327095,81000,257691,178288,844074,-2201052670,-712985440,4373458340,-1459420230,0,1930583000,310280920,7629687560,793590130,10664141610,4131635670,1023266360,3256229220,2253010360,10664141610
2024-06-11,12617,12627,12588,12608,812588,0.0,-159343,69238,300201,-210096,0,175333,69238,531828,34815,811214,334676,0,231627,244911,811214,-2010509320,874223740,3789020090,-2652734510,0,2213951070,874223740,6714432740,439506740,10242114290,4224460390,0,2925412650,3092241250,10242114290
2024-06-12,12607,12607,12568,12588,960956,-0.15862944162436549,-149641,84737,233776,-168872,0,241143,84867,601920,31401,959331,390784,130,368144,200273,959331,-1885612750,1068412860,2946820330,-2129620440,0,3040398980,1070050860,7589014170,396026030,12095490040,4926011730,1638000,4642193840,2525646470,12095490040
2024-06-13,12578,12588,12568,12588,919848,0.0,11013,54644,186145,-251802,0,307945,55525,534747,20075,918292,296932,881,348602,271877,918292,140112610,688646270,2344250000,-3173008880,0,3880854200,699738060,6737254380,253056600,11570903240,3740741590,11091790,4393004380,3426065480,11570903240
2024-06-14,12588,12657,12578,12618,896171,0.23832221163012393,-198165,47943,95043,55179,0,274538,50864,452981,116272,894655,472703,2921,357938,61093,894655,-2504818630,606543000,1200792940,697482690,0,3472509410,643504440,5727016210,1470229610,11313259670,5977328040,36961440,4526223270,772746920,11313259670
2024-06-17,12617,12627,12588,12598,1115794,-0.1585037248375337,-303600,64650,282822,-43872,0,243598,99873,617474,152962,1113907,547198,35223,334652,196834,1113907,-3831868180,816582470,3569744820,-554459110,0,3076327500,1261129500,7796343360,1931572330,14065372690,6908195680,444547030,4226598540,2486031440,14065372690
2024-06-18,12597,12607,12558,12578,1464952,-0.15875535799333226,-233934,43297,279613,-88976,0,356254,43297,875429,187494,1462474,590188,0,595816,276470,1462474,-2944204750,545356790,3519801440,-1120953480,0,4488755330,545356790,11027593470,2361966490,18423672080,7432960080,0,7507792030,3482919970,18423672080
2024-06-19,12577,12577,12488,12508,1976921,-0.556527269836222,-364443,45191,463231,-143979,0,391850,47406,1368609,165711,1973576,756293,2215,905378,309690,1973576,-4566918680,566715860,5807191520,-1806988700,0,4916554280,594499960,17166752320,2077953170,24755759730,9483472960,27784100,11359560800,3884941870,24755759730
2024-06-20,12508,12517,12398,12518,1549069,0.0799488327470419,-151551,4442,26345,120764,0,295702,21553,982088,247105,1546448,447253,17111,955743,126341,1546448,-1897132590,55194310,327193420,1514744860,0,3691695570,268917130,12253723470,3089730690,19304066860,5588828160,213722820,11926530050,1574985830,19304066860
2024-06-21,12518,12638,12518,12638,979312,0.9586195877935774,-244550,64529,-67595,247616,0,100218,71949,504798,300690,977655,344768,7420,572393,53074,977655,-3082013440,813032030,-855537450,3124518860,0,1263354530,906597630,6360460650,3793353270,12323766080,4345367970,93565600,7215998100,668834410,12323766080
2024-06-24,12638,12687,12598,12658,1201922,0.1582528881152081,-98087,10812,-77308,164583,0,275293,54195,634115,236286,1199889,373380,43383,711423,71703,1199889,-1243814600,138287830,-980978340,2086505110,0,3489976240,688203100,8033571840,2993843600,15205594780,4733790840,549915270,9014550180,907338490,15205594780
2024-06-25,12677,12677,12638,12648,1152860,-0.07900142202559646,-166932,11992,175429,-20489,0,154869,102977,836123,56941,1150910,321801,90985,660694,77430,1150910,-2115061670,152098950,2222729080,-259766360,0,1963694960,1304831100,10601146160,722211200,14591883420,4078756630,1152732150,8378417080,981977560,14591883420
2024-06-26,12647,12647,12568,12588,2305599,-0.47438330170777987,-86618,89987,89378,-92747,0,365347,98566,1635586,202199,2301698,451965,8579,1546208,294946,2301698,-1088306730,1135288440,1126413650,-1173395360,0,4610960010,1243763550,20637900290,2549322310,29041946160,5699266740,108475110,19511486640,3722717670,29041946160
2024-06-27,12308,12398,12259,12289,3856409,-2.375278042580235,-1650127,16977,1996419,-363269,0,394235,39497,3058140,358012,3849884,2044362,22520,1061721,721281,3849884,-20329738380,208899510,24602448510,-4481609640,0,4859873920,486531360,37708531810,4418654580,47473591670,25189612300,277631850,13106083300,8900264220,47473591670
2024-06-28,12289,12398,12279,12339,1129121,0.40686793066970456,-161089,16929,104520,39640,0,192691,25943,738053,170524,1127211,353780,9014,633533,130884,1127211,-1987518070,209417750,1289294970,488805350,0,2379325300,320911070,9113651590,2105516240,13919404200,4366843370,111493320,7824356620,1616710890,13919404200
2024-07-01,12338,12338,12259,12309,1084604,-0.24313153415998057,-47277,6486,-111177,151968,0,157355,14486,678726,232202,1082769,204632,8000,789903,80234,1082769,-581710500,79807060,-1369857960,1871761400,0,1938033560,178367060,8354998410,2860259670,13331658700,2519744060,98560000,9724856370,988498270,13331658700
2024-07-02,12309,12309,12269,12309,906123,0.0,-40217,-7667,-203051,250935,0,105335,15563,441098,342594,904590,145552,23230,644149,91659,904590,-494498080,-94677120,-2499078800,3088254000,0,1296278830,191508860,5427545960,4216794890,11132128540,1790776910,286185980,7926624760,1128540890,11132128540
2024-07-03,12288,12298,12219,12229,1273434,-0.649930944837111,-115793,-8471,194322,-70058,0,199458,9157,1052794,9871,1271280,315251,17628,858472,79929,1271280,-1421018860,-104324330,2385042460,-859699270,0,2447185470,112438370,12917519160,121038190,15598181190,3868204330,216762700,10532476700,980737460,15598181190
2024-07-04,12218,12218,12119,12139,1680238,-0.7359555155777251,-102650,129169,6996,-33515,0,200958,143220,1234761,98456,1677395,303608,14051,1227765,131971,1677395,-1249634970,1572448210,87531080,-410344320,0,2445997800,1743429880,15036936270,1197478140,20423842090,3695632770,170981670,14949405190,1607822460,20423842090
2024-07-05,12148,12168,11939,12049,2277696,-0.7414119779223989,-315570,-19996,177851,157715,0,251657,88689,1459797,473700,2273843,567227,108685,1281946,315985,2273843,-3805652970,-238625060,2147752090,1896525940,0,3036210580,1066774680,17600791820,5707596630,27411373710,6841863550,1305399740,15453039730,3811070690,27411373710
2024-07-08,12049,12158,12049,12149,815776,0.8299443937256203,-192524,-3854,96727,99651,0,118671,14546,480043,201136,814396,311195,18400,383316,101485,814396,-2336134340,-46826030,1172367710,1210592660,0,1440298990,176421970,5826975700,2441435200,9885131860,3776433330,223248000,4654607990,1230842540,9885131860
2024-07-09,12148,12168,12109,12129,836412,-0.1646226026833484,-218626,10453,-36371,244544,0,129877,30034,367096,307990,834997,348503,19581,403467,63446,834997,-2654460610,126689870,-444109040,2971879780,0,1577947280,364671830,4461210200,3743225830,10147055140,4232407890,237981960,4905319240,771346050,10147055140
2024-07-10,12128,12138,12079,12119,1107356,-0.08244702778464837,-389467,59220,1137,329110,0,160262,70250,457448,417523,1105483,549729,11030,456311,88413,1105483,-4716092420,717367640,12568320,3986156460,0,1941659280,850970640,5540721760,5058101100,13391452780,6657751700,133603000,5528153440,1071944640,13391452780
2024-07-11,12118,12118,12049,12059,1127580,-0.4950903539896031,-181775,22079,78246,81450,0,186091,72964,615156,251462,1125673,367866,50885,536910,170012,1125673,-2194449410,267066410,944895970,982487030,0,2250179370,882034550,7435899500,3039012490,13607125910,4444628780,614968140,6491003530,2056525460,13607125910
2024-07-12,12059,12088,12029,12059,969397,0.0,-317565,55888,121299,140378,0,151919,72661,546210,196967,967757,469484,16773,424911,56589,967757,-3830845990,674571190,1463283880,1692990920,0,1833225900,876963570,6591699090,2376244970,11678133530,5664071890,202392380,5128415210,683254050,11678133530
2024-07-15,12068,12078,11989,12019,1100403,-0.331702462890787,-278825,70632,121328,86865,0,149158,85638,656875,206871,1098542,427983,15006,535547,120006,1098542,-3353376760,849261560,1460410350,1043704850,0,1796316710,1030081560,7907244110,2488922160,13222564540,5149693470,180820000,6446833760,1445217310,13222564540
2024-07-16,12019,12089,12009,12089,639026,0.5824111822947,-2887,26849,-142428,118466,0,119007,43849,278369,196720,637945,121894,17000,420797,78254,637945,-33760460,323559790,-1720804500,1431005170,0,1437064260,528859790,3358146360,2374878780,7698949190,1470824720,205300000,5078950860,943873610,7698949190
2024-07-17,12088,12098,12059,12069,750282,-0.16543965588551576,-137296,72712,109420,-44836,0,217639,86289,392322,52763,749013,354935,13577,282902,97599,749013,-1660811970,880184350,1323418450,-542790830,0,2633531070,1044621520,4746880960,638198100,9063231650,4294343040,164437170,3423462510,1180988930,9063231650
2024-07-18,12068,12078,12019,12039,643297,-0.24857071836937608,-171007,1780,202838,-33611,0,146437,15831,424945,54996,642209,317444,14051,222107,88607,642209,-2060870610,21480410,2444525530,-405135330,0,1766186970,190901910,5123482280,663565520,7744136680,3827057580,169421500,2678956750,1068700850,7744136680
2024-07-19,12009,12048,11999,12029,681573,-0.08306337735692333,-217266,-91826,195378,113714,0,122406,9674,420105,128235,680420,339672,101500,224727,14521,680420,-2614308830,-1104115230,2349864200,1368559860,0,1473692560,116311610,5055914160,1543454550,8189372880,4088001390,1220426840,2706049960,174894690,8189372880
2024-07-22,12029,12139,11999,12139,747843,0.9144567295702054,106281,-14818,-317823,226360,0,251386,1492,246605,247095,746578,145105,16310,564428,20735,746578,1286846130,-179317510,-3844391830,2736863210,0,3041146680,18124890,2980297340,2987784440,9027353350,1754300550,197442400,6824689170,250921230,9027353350
2024-07-23,12118,12128,12009,12039,733126,-0.8237910865804433,-174944,33997,267968,-127021,0,156517,43997,509183,22189,731886,331461,10000,241215,149210,731886,-2107053560,409380110,3230086830,-1532413380,0,1886192590,529780110,6138584630,268629320,8823186650,3993246150,120400000,2908497800,1801042700,8823186650
2024-07-24,12038,12038,12009,12029,349972,-0.08306337735692333,-47154,6580,57887,-17313,0,68381,6580,233712,40707,349380,115535,0,175825,58020,349380,-567721670,79259710,697061800,-208599840,0,823481960,79259710,2814428120,490220650,4207390440,1391203630,0,2117366320,698820490,4207390440
2024-07-25,12008,12008,11949,11969,828072,-0.4987945797655665,-48645,40937,111996,-104288,0,104468,44937,662557,14709,826671,153113,4000,550561,118997,826671,-582548900,490371450,1341736600,-1249559150,0,1251872000,538291450,7939773340,176325500,9906262290,1834420900,47920000,6598036740,1425884650,9906262290
2024-07-26,11969,12009,11929,12009,567411,0.3341966747430863,-17786,-25849,-76260,119895,0,72516,2990,290208,200737,566451,90302,28839,366468,80842,566451,-214133620,-310434520,-915234240,1439802380,0,869978350,35840260,3482268740,2410263450,6798350800,1084111970,346274780,4397502980,970461070,6798350800
2024-07-29,12009,12058,11989,12039,530750,0.2498126405196103,-42744,-5072,-96615,144431,0,72209,657,214486,242500,529852,114953,5729,311101,98069,529852,-515657930,-61206230,-1164097730,1740961890,0,870766030,7922800,2586977850,2923619720,6389286400,1386423960,69129030,3751075580,1182657830,6389286400
2024-07-30,12049,12098,12029,12099,416818,0.49838026414153996,38340,-21144,-94868,77672,0,100948,690,156156,158319,416113,62608,21834,251024,80647,416113,463583120,-255830410,-1147354870,939602160,0,1220736780,8353730,1888159690,1914667470,5031917670,757153660,264184140,3035514560,975065310,5031917670
2024-07-31,12129,12298,12119,12289,1173020,1.570377717166708,219045,72361,-469265,177859,0,327709,89354,421797,332176,1171036,108664,16993,891062,154317,1171036,2690579250,885807890,-5755475290,2179088150,0,4023628970,1094231300,5165885850,4073229960,14356976080,1333049720,208423410,10921361140,1894141810,14356976080
2024-08-01,12288,12308,12229,12279,687639,-0.08137358613394093,-23010,15621,-31988,39377,0,126537,17244,315797,226898,686476,149547,1623,347785,187521,686476,-282469260,192166390,-393942830,484245700,0,1556842060,212161750,3885416480,2790952050,8445372340,1839311320,19995360,4279359310,2306706350,8445372340
2024-08-02,12278,12288,12099,12119,878536,-1.3030377066536363,26383,36112,2332,-64827,0,218464,38032,423199,197355,877050,192081,1920,420867,262182,877050,323345600,440165720,29433150,-792944470,0,2660973620,463562120,5155657950,2403261310,10683455000,2337628020,23396400,5126224800,3196205780,10683455000
2024-08-05,12079,12089,10491,11570,4036039,-4.530076739004869,60299,101393,153575,-315267,0,925657,262649,2301989,538915,4029210,865358,161256,2148414,854182,4029210,697980000,1198910500,1876638520,-3773529020,0,10860042600,3094874840,27082746660,6320793560,47358457660,10162062600,1895964340,25206108140,10094322580,47358457660
2024-08-06,11659,12008,11659,11969,1779098,3.4485738980121,156423,15273,-284789,113093,0,470775,15323,599397,690593,1776088,314352,50,884186,577500,1776088,1874770740,182804760,-3407074180,1349498680,0,5626406340,183400760,7147345360,8233293000,21190445460,3751635600,596000,10554419540,6883794320,21190445460
2024-08-07,11968,12068,11579,11899,1601511,-0.584844180800401,298584,-470702,268825,-96707,0,372366,49298,827960,349178,1598802,73782,520000,559135,445885,1598802,3564641730,-5596845840,3178244830,-1146040720,0,4447172500,587272910,9868212650,4172789560,19075447620,882530770,6184118750,6689967820,5318830280,19075447620
2024-08-08,11908,11968,11849,11899,773526,0.0,-264881,22566,82902,159413,0,115690,24688,358470,273370,772218,380571,2122,275568,113957,772218,-3156263400,269012460,987062110,1900188830,0,1378729240,294238220,4271449770,3259149590,9203566820,4534992640,25225760,3284387660,1358960760,9203566820
2024-08-09,12008,12008,11929,11989,559651,0.7563660811832927,-18743,19445,41326,-42028,0,148881,19445,254023,136356,558705,167624,0,212697,178384,558705,-224198130,232870140,493762760,-502434770,0,1784362150,232870140,3043959410,1634376910,6695568610,2008560280,0,2550196650,2136811680,6695568610
2024-08-12,11989,12188,11979,12179,648507,1.5847860538827259,53297,47323,-283373,182753,0,139372,56323,175618,276097,647410,86075,9000,458991,93344,647410,648420160,574241800,-3440891330,2218229370,0,1692280580,683262800,2123159480,3349731140,7848434000,1043860420,109021000,5564050810,1131501770,7848434000
2024-08-13,11679,11948,11679,11919,1847476,-2.134822234994663,125455,80247,-166020,-39682,0,467798,94751,1041254,240547,1844350,342343,14504,1207274,280229,1844350,1500269250,955511060,-1974435050,-481345260,0,5565539500,1127969770,12370959050,2852576880,21917045200,4065270250,172458710,14345394100,3333922140,21917045200
2024-08-14,11919,11958,11809,11939,808832,0.1677993120228207,69789,85592,-183946,28565,0,228466,90203,351309,137486,807464,158677,4611,535255,108921,807464,832769180,1022669910,-2195729730,340290640,0,2727500240,1077661380,4183354550,1640819780,9629335950,1894731060,54991470,6379084280,1300529140,9629335950
2024-08-16,11928,11938,11839,11889,759225,-0.41879554401541164,89186,17151,-47747,-58590,0,140845,42237,461612,113247,757941,51659,25086,509359,171837,757941,1061989020,204704630,-568581440,-698112210,0,1676987560,503518900,5494582480,1348522830,9023611770,614998540,298814270,6063163920,2046635040,9023611770
2024-08-19,11889,11938,11869,11919,486727,0.25233409033560433,-238,1585,-91949,90602,0,79464,7187,197633,201620,485904,79702,5602,289582,111018,485904,-2108440,18691590,-1098219890,1081636740,0,948650620,85583450,2357963340,2406377740,5798575150,950759060,66891860,3456183230,1324741000,5798575150
2024-08-20,11918,11918,11789,11869,1126938,-0.41949828005705175,-168100,33290,370625,-235815,0,237564,33290,777991,76187,1125032,405664,0,407366,312002,1125032,-1993726190,394681420,4397542510,-2798497740,0,2819383600,394681420,9232232960,904621500,13350919480,4813109790,0,4834690450,3703119240,13350919480
2024-08-21,11859,11898,11839,11879,520599,0.08425309630128908,21346,814,-71434,49274,0,210206,814,226905,81794,519719,188860,0,298339,32520,519719,254461480,9673080,-849819990,585685430,0,2499974170,9673080,2697923800,972540120,6180111170,2245512690,0,3547743790,386854690,6180111170
2024-08-22,11879,11909,11869,11909,463356,0.2525465106490445,12626,-5862,-35461,28697,0,180991,4138,204988,72455,462572,168365,10000,240449,43758,462572,150503480,-69867710,-422829240,342193470,0,2156268960,49282290,2441654570,863308320,5510514140,2005765480,119150000,2864483810,521114850,5510514140
2024-08-23,11909,11928,11879,11919,432640,0.08397010664203543,102841,-1583,-55160,-46098,0,166022,3417,238828,23641,431908,63181,5000,293988,69739,431908,1227936110,-18767630,-659109030,-550059450,0,1982274050,40805590,2850540320,282168680,5155788640,754337940,59573220,3509649350,832228130,5155788640
2024-08-26,11919,11939,11800,11800,1523072,-0.9984059065357832,-628623,108745,638754,-118876,0,304002,110145,1045752,60596,1520495,932625,1400,406998,179472,1520495,-7446919090,1286814300,7573720460,-1413615670,0,3610630210,1303446300,12411243680,718229410,18043549600,11057549300,16632000,4837523220,2131845080,18043549600
2024-08-27,11790,11870,11760,11860,523076,0.5084745762711864,24925,-25927,-106932,107934,0,127344,4586,274306,116840,523076,102419,30513,381238,8906,523076,296110460,-306966700,-1267538190,1278394430,0,1507511800,54314960,3243075210,1383519120,6188421090,1211401340,361281660,4510613400,105124690,6188421090
2024-08-28,11860,11880,11830,11880,296406,0.16863406408094433,54862,7612,-10355,-52119,0,113202,17612,144939,20653,296406,58340,10000,155294,72772,296406,651228460,90207260,-123321080,-618114640,0,1343446940,208823440,1719176810,245079460,3516526650,692218480,118616180,1842497890,863194100,3516526650
2024-08-29,11880,11930,11850,11910,383653,0.25252525252525254,50820,54152,-98030,-6942,0,123045,55652,174915,30041,383653,72225,1500,272945,36983,383653,605093890,644138150,-1165933500,-83298540,0,1464821990,661986150,2082304320,356665210,4565777670,859728100,17848000,3248237820,439963750,4565777670
2024-08-30,11920,12050,11920,12040,865828,1.09151973131822,41816,30100,-377297,305381,0,164242,36800,297078,367708,865828,122426,6700,674375,62327,865828,502966170,360678590,-4528634890,3664990130,0,1974024240,441137590,3567474490,4413546460,10396182780,1471058070,80459000,8096109380,748556330,10396182780
2024-09-02,12040,12090,11990,12080,612756,0.33222591362126247,131693,-16624,-180919,65850,0,222926,582,251914,137334,612756,91233,17206,432833,71484,612756,1589854000,-200418690,-2181788430,792353120,0,2689158600,7016330,3036177640,1653856680,7386209250,1099304600,207435020,5217966070,861503560,7386209250
2024-09-03,12080,12120,12040,12100,538818,0.16556291390728478,218140,-8456,-225507,15823,0,285095,664,196876,56183,538818,66955,9120,422383,40360,538818,2638371450,-102182610,-2728243610,192054770,0,3448182550,8024990,2380302900,679820660,6516331100,809811100,110207600,5108546510,487765890,6516331100
2024-09-04,12000,12090,11990,12070,687347,-0.24793388429752067,183048,42998,-169190,-56856,0,264987,76348,294674,51338,687347,81939,33350,463864,108194,687347,2206524590,519495540,-2041698050,-684322080,0,3192212820,920532740,3544070590,617827000,8274643150,985688230,401037200,5585768640,1302149080,8274643150
2024-09-05,12040,12100,12020,12060,475413,-0.08285004142502071,198703,-10837,-47225,-140641,0,255454,4291,172642,43026,475413,56751,15128,219867,183667,475413,2397398840,-130674450,-571233810,-1695490580,0,3081299840,51744270,2080709120,518432400,5732185630,683901000,182418720,2651942930,2213922980,5732185630
2024-09-06,12070,12070,11880,11920,798310,-1.1608623548922055,-223485,12645,348483,-137643,0,266542,25745,493320,12703,798310,490027,13100,144837,150346,798310,-2663879030,150079910,4159774790,-1645975670,0,3182458230,306963680,5891818760,151364610,9532605280,5846337260,156883770,1732043970,1797340280,9532605280
2024-09-09,11870,11890,11810,11850,562597,-0.587248322147651,-15162,-13620,45938,-17156,0,155031,2229,359806,45531,562597,170193,15849,313868,62687,562597,-178505970,-161009990,543557860,-204041900,0,1835663290,26410550,4259985850,538818230,6660877920,2014169260,187420540,3716427990,742860130,6660877920
2024-09-10,11830,11930,11820,11900,422657,0.42194092827004215,-27743,12783,-29198,44158,0,115231,13346,213256,80824,422657,142974,563,242454,36666,422657,-327553920,151768480,-346742560,522528000,0,1371073910,158473810,2532528180,959039050,5021114950,1698627830,6705330,2879270740,436511050,5021114950
2024-09-11,11930,11950,11880,11930,686038,0.25210084033613445,-13737,-186938,-183265,383940,0,98653,13520,138601,435264,686038,112390,200458,321866,51324,686038,-163601960,-2229317020,-2185991290,4578910270,0,1176798200,161308740,1652801720,5190841360,8181750020,1340400160,2390625760,3838793010,611931090,8181750020
2024-09-12,11930,11950,11900,11930,377999,0.0,55696,-8212,-125726,78242,0,116307,12233,89891,159568,377999,60611,20445,215617,81326,377999,664528450,-98033610,-1500006820,933511980,0,1387685650,145976660,1072323260,1903700150,4509685720,723157200,244010270,2572330080,970188170,4509685720
2024-09-13,11930,11980,11890,11980,587706,0.4191114836546521,-117,-100682,-137299,238098,0,77776,4818,192552,312560,587706,77893,105500,329851,74462,587706,-1222490,-1202193380,-1641308780,2844724650,0,928774250,57571620,2299801730,3733311360,7019458960,929996740,1259765000,3941110510,888586710,7019458960
2024-09-19,11980,11980,11230,11810,1221892,-1.4190317195325544,82968,-5142,39764,-117590,0,195258,52058,687857,286719,1221892,112290,57200,648093,404309,1221892,982902080,-64243370,459962020,-1378620730,0,2311451500,612493290,8139904480,3406077750,14469927020,1328549420,676736660,7679942460,4784698480,14469927020
2024-09-20,11820,11820,11660,11790,1119125,-0.1693480101608806,-49576,15882,154403,-120709,0,311268,23737,682150,101970,1119125,360844,7855,527747,222679,1119125,-577406020,185639340,1805765500,-1413998820,0,3644825810,278192790,7989844950,1196887050,13109750600,4222231830,92553450,6184079450,2610885870,13109750600
2024-09-23,11770,11780,11710,11720,480258,-0.5937234944868532,9554,2329,88,-11971,0,149615,13729,261101,55813,480258,140061,11400,261013,67784,480258,112854190,27180480,156190,-140190860,0,1755717540,160994930,3063362830,654969390,5635044690,1642863350,133814450,3063206640,795160250,5635044690
2024-09-24,11720,11760,11710,11750,588634,0.25597269624573377,-42905,-11857,47355,7407,0,194841,13193,349408,31192,588634,237746,25050,302053,23785,588634,-502677210,-139465550,555223330,86919430,0,2286904350,154920950,4100100190,366164310,6908089800,2789581560,294386500,3544876860,279244880,6908089800
2024-09-25,11750,11770,11710,11740,695767,-0.0851063829787234,-82213,11228,185182,-114197,0,199693,21480,395735,78859,695767,281906,10252,210553,193056,695767,-962869140,131505670,2171802390,-1340438920,0,2343197700,251979700,4642785560,925339660,8163302620,3306066840,120474030,2470983170,2265778580,8163302620
2024-09-26,11750,11800,11750,11800,357107,0.5110732538330494,37193,-59460,33847,-11580,0,99320,628,199084,58075,357107,62127,60088,165237,69655,357107,438145550,-700278130,398175420,-136042840,0,1169716530,7396790,2344181880,684161520,4205456720,731570980,707674920,1946006460,820204360,4205456720
2024-09-27,11800,11870,11780,11810,598143,0.0847457627118644,118848,6179,45197,-170224,0,247512,12429,247771,90431,598143,128664,6250,202574,260655,598143,1405901580,72750050,533649090,-2012300720,0,2925778130,146819550,2928489580,1068223240,7069310500,1519876550,74069500,2394840490,3080523960,7069310500
2024-09-30,11790,11800,11740,11750,602346,-0.5080440304826418,81062,-4650,-17660,-58752,0,139832,9200,388530,64784,602346,58770,13850,406190,123536,602346,953050090,-54840010,-207629200,-690580880,0,1644669660,108151490,4569115240,762512990,7084449380,691619570,162991500,4776744440,1453093870,7084449380
2024-10-02,11720,11760,11680,11710,543770,-0.3404255319148936,96374,28275,-16286,-108363,0,177670,29588,313655,22857,543770,81296,1313,329941,131220,543770,1128159770,330878250,-190441110,-1268596910,0,2079741680,346281060,3670957610,267637370,6364617720,951581910,15402810,3861398720,1536234280,6364617720
2024-10-04,11700,11740,11660,11720,551224,0.08539709649871904,68300,15475,-202691,118916,0,174027,20345,192618,164234,551224,105727,4870,395309,45318,551224,800183410,181271780,-2373851420,1392396230,0,2038144400,238243380,2254966890,1922970970,6454325640,1237960990,56971600,4628818310,530574740,6454325640
2024-10-07,11720,11730,11660,11690,598307,-0.25597269624573377,54792,27699,10244,-92735,0,239071,29810,314579,14847,598307,184279,2111,304335,107582,598307,640654250,323460000,119470390,-1083584640,0,2792655080,348159200,3674670690,173517090,6989002060,2152000830,24699200,3555200300,1257101730,6989002060
2024-10-08,11690,11690,11650,11670,576369,-0.1710863986313088,-14174,-23029,187639,-150436,0,198545,13171,360431,4222,576369,212719,36200,172792,154658,576369,-164639480,-268473040,2188020260,-1754907740,0,2316205420,153663960,4204199280,49290540,6723359200,2480844900,422137000,2016179020,1804198280,6723359200
2024-10-10,11670,11680,11590,11610,832818,-0.5141388174807198,-201780,25552,270754,-94526,0,207353,25652,585781,14032,832818,409133,100,315027,108558,832818,-2338401850,296654390,3139944170,-1098196710,0,2409076260,297814390,6801144380,163069430,9671104460,4747478110,1160000,3661200210,1261266140,9671104460
2024-10-11,11610,11720,11600,11680,354779,0.6029285099052542,40463,-22649,-41299,23485,0,139331,17386,156000,42062,354779,98868,40035,197299,18577,354779,472546310,-263915570,-482222490,273591750,0,1626912480,203449230,1819994200,490734030,4141089940,1154366170,467364800,2302216690,217142280,4141089940
2024-10-14,11680,11970,11670,11920,718835,2.054794520547945,200320,-21104,-231317,52101,0,362388,5230,250803,100414,718835,162068,26334,482120,48313,718835,2377968410,-250001670,-2737527080,609560340,0,4299856640,61706660,2957837850,1183364660,8502765810,1921888230,311708330,5695364930,573804320,8502765810
2024-10-15,11900,11950,11830,11840,380023,-0.6711409395973155,80551,229,22630,-103410,0,114008,1729,240150,24136,380023,33457,1500,217520,127546,380023,956222090,2657310,267491880,-1226371280,0,1353492510,20514230,2851096270,286672950,4511775960,397270420,17856920,2583604390,1513044230,4511775960
2024-10-16,11840,11900,11750,11800,696495,-0.33783783783783783,-358327,17743,111948,228636,0,132561,18243,293681,252010,696495,490888,500,181733,23374,696495,-4225303910,209212390,1318055670,2698035850,0,1563416090,215152050,3465169820,2974645370,8218383330,5788720000,5939660,2147114150,276609520,8218383330
2024-10-17,11820,11890,11790,11800,337695,0.0,33680,8526,-39414,-2792,0,100114,8526,186088,42967,337695,66434,0,225502,45759,337695,399534710,100994960,-467714480,-32815190,0,1185692520,100994960,2203276510,509027990,3998991980,786157810,0,2670990990,541843180,3998991980
2024-10-18,11800,11850,11800,11840,319092,0.3389830508474576,-55452,12075,20549,22828,0,51540,12075,182594,72883,319092,106992,0,162045,50055,319092,-655273300,142557060,242480960,270235280,0,609411830,142557060,2158869490,861931010,3772769390,1264685130,0,1916388530,591695730,3772769390
2024-10-21,11840,11840,11780,11800,328119,-0.33783783783783783,18644,6519,63597,-88760,0,73394,6519,205769,42437,328119,54750,0,142172,131197,328119,220720630,76925130,749954360,-1047600120,0,867250700,76925130,2430262500,501426530,3875864860,646530070,0,1680308140,1549026650,3875864860
2024-10-22,11790,11800,11720,11760,367077,-0.3389830508474576,-4640,2229,44704,-42293,0,99133,9979,239460,18505,367077,103773,7750,194756,60798,367077,-53418970,26016120,524428350,-497025500,0,1165557870,117209120,2813674040,217614920,4314055950,1218976840,91193000,2289245690,714640420,4314055950
2024-10-23,11690,11740,11630,11700,1045727,-0.5102040816326531,-402214,-48530,340035,110709,0,150902,17288,700788,176749,1045727,553116,65818,360753,66040,1045727,-4697529260,-566320380,3971867050,1291982590,0,1762721500,201981040,8185977960,2063362270,12214042770,6460250760,768301420,4214110910,771379680,12214042770
2024-10-24,11700,11780,11690,11750,306345,0.4273504273504274,58798,-6738,-98988,46928,0,102476,744,150666,52459,306345,43678,7482,249654,5531,306345,691053960,-79318800,-1162472290,550737130,0,1203989060,8718080,1769024070,615680890,3597412100,512935100,88036880,2931496360,64943760,3597412100
2024-10-25,11720,11780,11680,11770,751510,0.1702127659574468,-41170,11747,-42282,71705,0,132551,30277,485415,103267,751510,173721,18530,527697,31562,751510,-483961740,138515240,-497296360,842742860,0,1557647450,355792830,5701522770,1213470700,8828433750,2041609190,217277590,6198819130,370727840,8828433750
2024-10-28,11770,11810,11740,11780,602588,0.08496176720475786,-93943,21188,72670,85,0,96103,26836,418810,60839,602588,190046,5648,346140,60754,602588,-1104640020,249010220,854419700,1210100,0,1131047840,315442960,4927082070,715950570,7089523440,2235687860,66432740,4072662370,714740470,7089523440
2024-10-29,11790,11920,11780,11900,725638,1.0186757215619695,-69438,-34400,-157204,261042,0,112375,5044,326315,281904,725638,181813,39444,483519,20862,725638,-824933940,-408742340,-1862742260,3096418540,0,1334156600,60023600,3871591340,3343408620,8609180160,2159090540,468765940,5734333600,246990080,8609180160
2024-10-30,11880,11900,11800,11850,879275,-0.42016806722689076,-147570,173696,114357,-140483,0,308244,175752,383765,11514,879275,455814,2056,269408,151997,879275,-1749533910,2062300160,1353544180,-1666310430,0,3653014990,2086715670,4549645690,136471630,10425847980,5402548900,24415510,3196101510,1802782060,10425847980
2024-10-31,11830,11920,11800,11920,446012,0.5907172995780591,-13705,79435,-128149,62419,0,103258,84572,159801,98381,446012,116963,5137,287950,35962,446012,-162395110,942848650,-1524519080,744065540,0,1227932480,1003948400,1896365310,1170917270,5299163460,1390327590,61099750,3420884390,426851730,5299163460
2024-11-01,11880,11900,11850,11880,376917,-0.33557046979865773,-23769,12396,56405,-45032,0,89865,17296,208390,61366,376917,113634,4900,151985,106398,376917,-281641140,147091340,668916220,-534366420,0,1066637640,205281240,2472278250,728295570,4472492700,1348278780,58189900,1803362030,1262661990,4472492700
2024-11-04,11880,11890,11800,11830,681935,-0.42087542087542085,-78613,155180,123946,-200513,0,126038,161557,303699,90641,681935,204651,6377,179753,291154,681935,-929114640,1836904710,1465691450,-2373481520,0,1491018120,1912435720,3595653920,1073540710,8072648470,2420132760,75531010,2129962470,3447022230,8072648470
2024-11-05,11820,11830,11780,11800,414096,-0.25359256128486896,-4301,61174,46668,-103541,0,124040,62675,216026,11355,414096,128341,1501,169358,114896,414096,-49983650,722071500,549785800,-1221873650,0,1464232060,739798310,2549370920,134056850,4887458140,1514215710,17726810,1999585120,1355930500,4887458140
2024-11-06,11810,11830,11680,11710,964669,-0.7627118644067797,-351356,67336,370159,-86139,0,187275,73007,634655,69732,964669,538631,5671,264496,155871,964669,-4116812820,789180870,4340292260,-1012660310,0,2194453640,855686990,7441151960,816436530,11307729120,6311266460,66506120,3100859700,1829096840,11307729120
2024-11-07,11710,11710,11630,11670,606989,-0.3415883859948762,-147049,58019,39100,49930,0,121598,63859,330235,91297,606989,268647,5840,291135,41367,606989,-1717072480,677336450,456394770,583341260,0,1420481420,745568050,3855863760,1066534460,7088447690,3137553900,68231600,3399468990,483193200,7088447690
2024-11-08,11670,11760,11640,11680,546628,0.08568980291345331,-171965,72023,29442,70500,0,78348,84523,262942,120815,546628,250313,12500,233500,50315,546628,-2010742960,843319230,342280350,825143380,0,916592220,990124230,3076060380,1414477300,6397254130,2927335180,146805000,2733780030,589333920,6397254130
2024-11-11,11650,11660,11530,11560,1237297,-1.0273972602739725,-156060,3057,190013,-37010,0,229110,85467,866672,56048,1237297,385170,82410,676659,93058,1237297,-1801521930,31890720,2197570610,-427939400,0,2649014760,988490090,10028675750,649181740,14315362340,4450536690,956599370,7831105140,1077121140,14315362340
2024-11-12,11550,11560,11270,11300,1789106,-2.249134948096886,75183,-79449,123187,-118921,0,318624,94116,1234294,142072,1789106,243441,173565,1111107,260993,1789106,856316350,-895597560,1389945090,-1350663880,0,3615729910,1069580410,13998094120,1609662940,20293067380,2759413560,1965177970,12608149030,2960326820,20293067380
2024-11-13,11300,11360,11130,11230,1577446,-0.6194690265486725,-371989,70112,132290,169587,0,295496,87256,848474,346220,1577446,667485,17144,716184,176633,1577446,-4167335360,785451400,1488794360,1893089600,0,3323150650,978844240,9532072920,3881663466,17715731276,7490486010,193392840,8043278560,1988573866,17715731276
2024-11-14,11230,11250,11150,11190,727922,-0.3561887800534283,-141025,53519,95351,-7845,0,127173,57113,484042,59594,727922,268198,3594,388691,67439,727922,-1577258980,598472570,1066697810,-87911400,0,1424274800,638649110,5419150070,667476010,8149549990,3001533780,40176540,4352452260,755387410,8149549990
2024-11-15,11190,11350,11180,11340,571876,1.3404825737265416,-110071,5759,92038,12274,0,105732,8059,326651,131434,571876,215803,2300,234613,119160,571876,-1241667440,64910600,1039102770,137654070,0,1192200880,90772600,3680981850,1480789940,6444745270,2433868320,25862000,2641879080,1343135870,6444745270
2024-11-18,11330,11490,11260,11370,698987,0.26455026455026454,-31571,-9880,69617,-28166,0,180437,14749,361290,142511,698987,212008,24629,291673,170677,698987,-357178900,-112300920,794555130,-325075310,0,2058156470,168093130,4115427780,1621152440,7962829820,2415335370,280394050,3320872650,1946227750,7962829820
2024-11-19,11380,11470,11370,11450,464534,0.7036059806508356,127383,3578,31415,-162376,0,192179,8667,210913,52775,464534,64796,5089,179498,215151,464534,1458483470,41000780,359376730,-1858860980,0,2200290200,99280720,2413860760,603657550,5317089230,741806730,58279940,2054484030,2462518530,5317089230
2024-11-20,11450,11480,11260,11350,1117215,-0.8733624454148471,-334557,18483,551228,-235154,0,272300,20687,705615,118613,1117215,606857,2204,154387,353767,1117215,-3781043180,209318950,6238534710,-2666810480,0,3084062340,234256930,7987992690,1342060890,12648372850,6865105520,24937980,1749457980,4008871370,12648372850
2024-11-21,11370,11420,11340,11390,584742,0.3524229074889868,90426,-2802,-42091,-45533,0,198666,2398,193679,189999,584742,108240,5200,235770,235532,584742,1030697130,-31947610,-480145170,-518604350,0,2263957140,27294390,2206854870,2166003550,6664109950,1233260010,59242000,2687000040,2684607900,6664109950
2024-11-22,11420,11430,11330,11380,570195,-0.08779631255487269,23325,13512,128463,-165300,0,156884,47752,314604,50955,570195,133559,34240,186141,216255,570195,266061340,153108380,1461698130,-1880867850,0,1783953490,542567950,3579227470,579879780,6485628690,1517892150,389459570,2117529340,2460747630,6485628690
2024-11-25,11380,11410,11270,11280,1167369,-0.8787346221441126,24414,45103,363798,-433315,0,184153,117482,661404,204330,1167369,159739,72379,297606,637645,1167369,276918410,509876410,4110788030,-4897582850,0,2081007450,1328558370,7475792180,2309578570,13194936570,1804089040,818681960,3365004150,7207161420,13194936570
2024-11-26,11300,11340,11250,11280,672140,0.0,-13557,-15336,14898,13995,0,91930,18872,369520,191818,672140,105487,34208,354622,177823,672140,-152990800,-173123310,167514180,158599930,0,1037769450,212996650,4171398470,2166023450,7588188020,1190760250,386119960,4003884290,2007423520,7588188020
2024-11-27,11290,11300,11160,11200,1520983,-0.7092198581560284,-389071,22333,759939,-393201,0,196968,67493,1116242,140280,1520983,586039,45160,356303,533481,1520983,-4354823280,249286470,8508636700,-4403099890,0,2204912050,755449580,12499106520,1569397050,17028865200,6559735330,506163110,3990469820,5972496940,17028865200
2024-11-28,11200,11330,11170,11290,750610,0.8035714285714285,77733,-7025,-12040,-58668,0,166894,10080,350961,222675,750610,89161,17105,363001,281343,750610,877539980,-79519750,-136549020,-661471210,0,1883245460,113360330,3956661210,2511904020,8465171020,1005705480,192880080,4093210230,3173375230,8465171020
2024-11-29,11320,11320,11200,11240,664864,-0.44286979627989376,-34090,20448,167133,-153491,0,128688,20488,433558,82130,664864,162778,40,266425,235621,664864,-382184300,229286150,1878748510,-1725850360,0,1445305690,229735750,4871618950,922515890,7469176280,1827489990,449600,2992870440,2648366250,7469176280
2024-12-02,11250,11260,11150,11180,944707,-0.5338078291814947,120886,1097,182806,-304789,0,176271,23620,629626,115190,944707,55385,22523,446820,419979,944707,1351403560,12247870,2044608070,-3408259500,0,1970384700,264077240,7038405550,1287159670,10560027160,618981140,251829370,4993797480,4695419170,10560027160
2024-12-03,11170,11180,11140,11170,618062,-0.08944543828264759,21281,26355,122301,-169937,0,121199,36025,432318,28520,618062,99918,9670,310017,198457,618062,237837800,294144410,1365353970,-1897336180,0,1353347160,402070660,4826346080,318511800,6900275700,1115509360,107926250,3460992110,2215847980,6900275700
2024-12-04,11080,11150,10980,11050,2205975,-1.0743061772605194,125029,-240892,417902,-302039,0,305107,123360,1552571,224937,2205975,180078,364252,1134669,526976,2205975,1380126660,-2648221640,4606578170,-3338483190,0,3368557410,1362734370,17146735320,2483841570,24361868670,1988430750,4010956010,12540157150,5822324760,24361868670
2024-12-05,11050,11060,10870,10870,1460902,-1.6289592760180998,67972,-9222,84284,-143034,0,247890,51581,1140901,20530,1460902,179918,60803,1056617,163564,1460902,743957860,-100302430,920486150,-1564141580,0,2711460010,563921660,12473607330,224035310,15973024310,1967502150,664224090,11553121180,1788176890,15973024310
2024-12-06,10900,11030,10800,11030,1259999,1.4719411223551058,-26331,-75359,-141172,242862,0,201275,22740,621030,414954,1259999,227606,98099,762202,172092,1259999,-290197150,-820912660,-1533627280,2644737090,0,2190968040,247149520,6760169370,4521866840,13720153770,2481165190,1068062180,8293796650,1877129750,13720153770
2024-12-09,10900,10910,10650,10730,2205089,-2.7198549410698094,185545,-416393,472809,-241961,0,372497,173077,1450820,208695,2205089,186952,589470,978011,450656,2205089,1995249340,-4459658360,5074277710,-2609868690,0,4002717410,1865793470,15585250780,2241412390,23695174050,2007468070,6325451830,10510973070,4851281080,23695174050
2024-12-10,10730,10900,10720,10890,1129773,1.4911463187325256,-159808,116427,239045,-195664,0,196151,116527,645386,171709,1129773,355959,100,406341,367373,1129773,-1731428690,1262146380,2589616400,-2120334090,0,2127700820,1263235380,6995051740,1861595870,12247583810,3859129510,1089000,4405435340,3981929960,12247583810
2024-12-11,10900,11110,10850,11100,1239195,1.9283746556473829,116817,75315,-104951,-87181,0,244047,103222,585904,306022,1239195,127230,27907,690855,393203,1239195,1294254240,833918920,-1155069430,-973103730,0,2699138780,1140137610,6462193590,3372063560,13673533540,1404884540,306218690,7617263020,4345167290,13673533540
2024-12-12,11110,11220,11100,11100,893487,0.0,-63671,8783,271274,-216386,0,205470,8783,605603,73631,893487,269141,0,334329,290017,893487,-705879950,97780000,3022519130,-2414419180,0,2291070330,97780000,6755239170,821100200,9965189700,2996950280,0,3732720040,3235519380,9965189700
2024-12-13,11170,11250,11120,11200,938928,0.9009009009009009,-18591,20137,-31356,29810,0,275586,21151,385194,257600,939531,294177,1014,416550,227790,939531,-204869070,225061780,-352878220,332685510,0,3084472250,236418160,4308408550,2881728310,10511027270,3289341320,11356380,4661286770,2549042800,10511027270
