날짜,시가,고가,저가,종가,거래량,등락률,기관합계_거래량_순매수,기타법인_거래량_순매수,개인_거래량_순매수,외국인합계_거래량_순매수,전체_거래량_순매수,기관합계_거래량_매수,기타법인_거래량_매수,개인_거래량_매수,외국인합계_거래량_매수,전체_거래량_매수,기관합계_거래량_매도,기타법인_거래량_매도,개인_거래량_매도,외국인합계_거래량_매도,전체_거래량_매도,기관합계_거래대금_순매수,기타법인_거래대금_순매수,개인_거래대금_순매수,외국인합계_거래대금_순매수,전체_거래대금_순매수,기관합계_거래대금_매수,기타법인_거래대금_매수,개인_거래대금_매수,외국인합계_거래대금_매수,전체_거래대금_매수,기관합계_거래대금_매도,기타법인_거래대금_매도,개인_거래대금_매도,외국인합계_거래대금_매도,전체_거래대금_매도
2019-01-02,3670,3675,3660,3670,50291,0.547945205479452,20140,-6875,-20178,6913,0,20140,0,23238,6913,50291,0,6875,43416,0,50291,73865815,-25197125,-74036710,25368020,0,73865815,0,85215520,25368020,184449355,0,25197125,159252230,0,184449355
2019-01-03,3675,3675,3650,3650,82660,-0.544959128065395,45702,-43570,1915,-4047,0,45702,0,36958,0,82660,0,43570,35043,4047,82660,167368180,-159331820,6784195,-14820555,0,167368180,0,135285645,0,302653825,0,159331820,128501450,14820555,302653825
2019-01-04,3650,3655,3640,3640,64317,-0.273972602739726,32994,0,-24559,-8435,0,35269,0,29048,0,64317,2275,0,53607,8435,64317,120378105,0,-89630600,-30747505,0,128670480,0,105908595,0,234579075,8292375,0,195539195,30747505,234579075
2019-01-07,3670,3670,3640,3650,73149,0.27472527472527475,-2543,-30000,40476,-7933,0,17457,0,55692,0,73149,20000,30000,15216,7933,73149,-9190175,-109223640,147331920,-28918105,0,63647575,0,202861060,0,266508635,72837750,109223640,55529140,28918105,266508635
2019-01-08,3660,3665,3650,3660,52449,0.273972602739726,17244,-2500,-14285,-459,0,20225,0,30059,2165,52449,2981,2500,44344,2624,52449,63060870,-9137500,-52263835,-1659535,0,73956980,0,110015695,7934725,191907400,10896110,9137500,162279530,9594260,191907400
2019-01-09,3670,3670,3660,3665,22032,0.1366120218579235,14370,0,-13507,-863,0,15301,0,5381,1350,22032,931,0,18888,2213,22032,52685820,0,-49531680,-3154140,0,56097130,0,19722815,4954500,80774445,3411310,0,69254495,8108640,80774445
2019-01-10,3660,3670,3645,3665,52893,0.0,17158,3,-17084,-77,0,18207,3,32060,2623,52893,1049,0,49144,2700,52893,62663250,10935,-62418015,-256170,0,66507110,10935,117071035,9613295,193202375,3843860,0,179489050,9869465,193202375
2019-01-11,3670,3670,3645,3660,29175,-0.1364256480218281,2353,3005,-1742,-3616,0,2353,3005,23817,0,29175,0,0,25559,3616,29175,8589710,10983250,-6380170,-13192790,0,8589710,10983250,86882970,0,106455930,0,0,93263140,13192790,106455930
2019-01-14,3665,3665,3645,3645,47369,-0.4098360655737705,2170,0,820,-2990,0,2470,0,44899,0,47369,300,0,44079,2990,47369,7914125,0,2994025,-10908150,0,9007625,0,163779340,0,172786965,1093500,0,160785315,10908150,172786965
2019-01-15,3645,3665,3645,3645,41825,0.0,10797,82,-3296,-7583,0,11217,82,30521,5,41825,420,0,33817,7588,41825,39423755,299300,-12072650,-27650405,0,40956755,299300,111350290,18225,152624570,1533000,0,123422940,27668630,152624570
2019-01-16,3655,3660,3645,3645,76147,0.0,3454,950,-1753,-2651,0,3843,950,71354,0,76147,389,0,73107,2651,76147,12587870,3467500,-6384000,-9671370,0,14009660,3467500,260499590,0,277976750,1421790,0,266883590,9671370,277976750
2019-01-17,3655,3655,3640,3655,81835,0.2743484224965706,9247,0,-7942,-1305,0,10691,0,67367,3777,81835,1444,0,75309,5082,81835,33759975,0,-29051520,-4708455,0,39023355,0,245668245,13804680,298496280,5263380,0,274719765,18513135,298496280
2019-01-18,3655,3660,3645,3650,38871,-0.13679890560875513,2789,0,3590,-6379,0,3059,0,35812,0,38871,270,0,32222,6379,38871,10184645,0,13084115,-23268760,0,11169645,0,130829895,0,141999540,985000,0,117745780,23268760,141999540
2019-01-21,3645,3660,3635,3640,107532,-0.273972602739726,3650,5000,-6004,-2646,0,8940,5000,93592,0,107532,5290,0,99596,2646,107532,13266700,18200000,-21826325,-9640375,0,32575200,18200000,341006400,0,391781600,19308500,0,362832725,9640375,391781600
2019-01-22,3660,3660,3635,3645,48305,0.13736263736263737,-19983,0,22708,-2725,0,1145,0,47136,24,48305,21128,0,24428,2749,48305,-72677535,0,82594250,-9916715,0,4169135,0,171527080,87600,175783815,76846670,0,88932830,10004315,175783815
2019-01-23,3660,3660,3640,3655,33708,0.2743484224965706,-20235,2000,20835,-2600,0,7501,2000,24207,0,33708,27736,0,3372,2600,33708,-73862400,7300000,76036180,-9473780,0,27338005,7300000,88357240,0,122995245,101200405,0,12321060,9473780,122995245
2019-01-24,3655,3655,3640,3645,52295,-0.27359781121751026,-8193,5500,4908,-2215,0,12463,5500,34332,0,52295,20656,0,29424,2215,52295,-29871640,20050000,17896110,-8074470,0,45420780,20050000,125233160,0,190703940,75292420,0,107337050,8074470,190703940
2019-01-25,3640,3660,3635,3650,91686,0.1371742112482853,-27306,-5500,32806,0,0,8127,0,83559,0,91686,35433,5500,50753,0,91686,-99645620,-20045480,119691100,0,0,29581865,0,304666805,0,334248670,129227485,20045480,184975705,0,334248670
2019-01-28,3650,3670,3650,3650,101475,0.0,39336,-5500,-39278,5442,0,39336,0,56697,5442,101475,0,5500,95975,0,101475,143913030,-20122500,-143757665,19967135,0,143913030,0,207499690,19967135,371379855,0,20122500,351257355,0,371379855
2019-01-29,3650,3690,3650,3690,51823,1.095890410958904,7855,-2500,-14341,8986,0,7855,0,34982,8986,51823,0,2500,49323,0,51823,28785385,-9171790,-52626165,33012570,0,28785385,0,128441460,33012570,190239415,0,9171790,181067625,0,190239415
2019-01-30,3690,3695,3680,3695,30686,0.13550135501355012,14790,0,-15697,907,0,14940,0,14839,907,30686,150,0,30536,0,30686,54560695,0,-57907525,3346830,0,55112695,0,54773835,3346830,113233360,552000,0,112681360,0,113233360
2019-01-31,3690,3755,3690,3750,32424,1.4884979702300407,919,0,-16420,15501,0,919,0,15573,15932,32424,0,0,31993,431,32424,3426955,0,-61449250,58022295,0,3426955,0,58100030,59636390,121163375,0,0,119549280,1614095,121163375
2019-02-01,3745,3745,3680,3730,48719,-0.5333333333333333,14095,30,-16995,2870,0,15293,30,30485,2911,48719,1198,0,47480,41,48719,52277070,111450,-63027265,10638745,0,56728290,111450,112945195,10791905,180576840,4451220,0,175972460,153160,180576840
2019-02-07,3745,3745,3705,3720,20489,-0.2680965147453083,3110,-1444,-1666,0,0,5552,6,14931,0,20489,2442,1450,16597,0,20489,11515370,-5360625,-6154745,0,0,20621260,22290,55497975,0,76141525,9105890,5382915,61652720,0,76141525
2019-02-08,3730,3730,3675,3705,134331,-0.4032258064516129,50389,5005,-47525,-7869,0,51301,5005,78025,0,134331,912,0,125550,7869,134331,186496805,18443545,-175707015,-29233335,0,189884885,18443545,288796360,0,497124790,3388080,0,464503375,29233335,497124790
2019-02-11,3690,3715,3690,3700,51723,-0.1349527665317139,7781,297,-10732,2654,0,7781,297,40991,2654,51723,0,0,51723,0,51723,28767900,1097415,-39685115,9819800,0,28767900,1097415,151627100,9819800,191312215,0,0,191312215,0,191312215
2019-02-12,3705,3725,3690,3720,45782,0.5405405405405406,17766,3,-20779,3010,0,17766,3,25003,3010,45782,0,0,45782,0,45782,65736990,11115,-76894865,11146760,0,65736990,11115,92533490,11146760,169428355,0,0,169428355,0,169428355
2019-02-13,3720,3730,3720,3720,34567,0.0,102,0,-277,175,0,2274,0,32118,175,34567,2172,0,32395,0,34567,386160,0,-1037160,651000,0,8466000,0,119508090,651000,128625090,8079840,0,120545250,0,128625090
2019-02-14,3720,3740,3715,3735,101253,0.4032258064516129,21200,-2000,-27274,8074,0,21200,0,71979,8074,101253,0,2000,99253,0,101253,79189090,-7460000,-101834485,30105395,0,79189090,0,267816835,30105395,377111320,0,7460000,369651320,0,377111320
2019-02-15,3715,3750,3710,3750,99035,0.4016064257028112,32957,0,-39245,6288,0,34084,0,58306,6645,99035,1127,0,97551,357,99035,123091885,0,-146472535,23380650,0,127318135,0,218101285,24719400,370138820,4226250,0,364573820,1338750,370138820
2019-02-18,3750,3765,3745,3745,66242,-0.13333333333333333,17966,-15000,-6966,4000,0,18156,0,44086,4000,66242,190,15000,51052,0,66242,67366835,-56275000,-26091835,15000000,0,68079350,0,165455775,15000000,248535125,712515,56275000,191547610,0,248535125
2019-02-19,3745,3795,3745,3795,77869,1.335113484646195,34475,0,-34457,-18,0,36682,0,41187,0,77869,2207,0,75644,18,77869,130308445,0,-130240285,-68160,0,138670995,0,156006910,0,294677905,8362550,0,286247195,68160,294677905
2019-02-20,3770,3795,3770,3790,39666,-0.13175230566534915,10534,0,-10512,-22,0,10534,0,29132,0,39666,0,0,39644,22,39666,39976025,0,-39892755,-83270,0,39976025,0,110380335,0,150356360,0,0,150273090,83270,150356360
2019-02-21,3790,3795,3760,3775,88332,-0.395778364116095,14612,-70354,58969,-3227,0,18952,0,69131,249,88332,4340,70354,10162,3476,88332,55028320,-264983985,222178300,-12222635,0,71453950,0,260635795,938455,333028200,16425630,264983985,38457495,13161090,333028200
2019-02-22,3790,3790,3760,3780,89511,0.13245033112582782,27020,-65000,36760,1220,0,36766,0,48018,4727,89511,9746,65000,11258,3507,89511,101688650,-244706310,138373215,4644445,0,138511350,0,180788535,17882220,337182105,36822700,244706310,42415320,13237775,337182105
2019-02-25,3780,3780,3755,3765,66516,-0.3968253968253968,33764,0,-24689,-9075,0,44749,0,21767,0,66516,10985,0,46456,9075,66516,127307290,0,-93122580,-34184710,0,168637745,0,81935105,0,250572850,41330455,0,175057685,34184710,250572850
2019-02-26,3780,3780,3750,3780,62907,0.398406374501992,29804,0,-30632,828,0,30005,0,30109,2793,62907,201,0,60741,1965,62907,112207000,0,-115361800,3154800,0,112963765,0,113137510,10528200,236629475,756765,0,228499310,7373400,236629475
2019-02-27,3790,3790,3770,3770,23759,-0.26455026455026454,10269,0,-9730,-539,0,10269,0,13490,0,23759,0,0,23220,539,23759,38794610,0,-36757190,-2037420,0,38794610,0,50948805,0,89743415,0,0,87705995,2037420,89743415
2019-02-28,3770,3775,3750,3750,144992,-0.5305039787798408,55707,-97392,43597,-1912,0,55707,0,89285,0,144992,0,97392,45688,1912,144992,209371235,-366213445,164029390,-7187180,0,209371235,0,335709280,0,545080515,0,366213445,171679890,7187180,545080515
2019-03-04,3755,3765,3740,3745,83537,-0.13333333333333333,10800,-21492,11256,-564,0,35000,0,48537,0,83537,24200,21492,37281,564,83537,40626440,-80633840,42125220,-2117820,0,131281975,0,182010875,0,313292850,90655535,80633840,139885655,2117820,313292850
2019-03-05,3770,3775,3735,3755,123381,0.26702269692923897,46490,-60999,14509,0,0,52290,4001,66742,348,123381,5800,65000,52233,348,123381,174387155,-229026640,54630785,8700,0,196137155,15043740,250494195,1311960,462987050,21750000,244070380,195863410,1303260,462987050
2019-03-06,3760,3790,3755,3790,53522,0.9320905459387484,14712,0,-17346,2634,0,15255,0,35633,2634,53522,543,0,52979,0,53522,55639650,0,-65603890,9964240,0,57692190,0,134675585,9964240,202332015,2052540,0,200279475,0,202332015
2019-03-07,3800,3800,3780,3790,91428,0.0,18453,-39873,20224,1196,0,19219,5000,63377,3832,91428,766,44873,43153,2636,91428,69856775,-151138670,76718485,4563410,0,72754755,18930000,240167740,14542440,346394935,2897980,170068670,163449255,9979030,346394935
2019-03-08,3795,3795,3750,3780,36815,-0.2638522427440633,15742,-17223,4242,-2761,0,15900,1000,19915,0,36815,158,18223,15673,2761,36815,59445250,-64902940,15875365,-10417675,0,60043015,3780000,75073280,0,138896295,597765,68682940,59197915,10417675,138896295
2019-03-11,3785,3790,3760,3780,52826,0.0,12762,-35754,11589,11403,0,16380,3000,21058,12388,52826,3618,38754,9469,985,52826,48155080,-134711895,43658895,42897920,0,61808760,11280000,79410245,46604700,199103705,13653680,145991895,35751350,3706780,199103705
2019-03-12,3780,3785,3760,3780,53207,0.0,21570,-12843,-14960,6233,0,30789,0,14645,7773,53207,9219,12843,29605,1540,53207,81442530,-48546540,-56487530,23591540,0,116204105,0,55277745,29381940,200863790,34761575,48546540,111765275,5790400,200863790
2019-03-13,3780,3785,3765,3785,31030,0.13227513227513227,7903,0,-6913,-990,0,8962,0,22068,0,31030,1059,0,28981,990,31030,29884740,0,-26152440,-3732300,0,33885635,0,83399620,0,117285255,4000895,0,109552060,3732300,117285255
2019-03-14,3785,3790,3760,3780,59370,-0.13210039630118892,21845,-2086,-24007,4248,0,21846,0,32524,5000,59370,1,2086,56531,752,59370,82443690,-7895510,-90559380,16011200,0,82447470,0,122673840,18850000,223971310,3780,7895510,213233220,2838800,223971310
2019-03-15,3780,3785,3770,3785,24840,0.13227513227513227,10138,1967,-12105,0,0,10390,1967,12483,0,24840,252,0,24588,0,24840,38323815,7435260,-45759075,0,0,39275115,7435260,47188110,0,93898485,951300,0,92947185,0,93898485
2019-03-18,3785,3785,3765,3780,239910,-0.13210039630118892,212288,-10306,-200560,-1422,0,212687,1,27222,0,239910,399,10307,227782,1422,239910,795421915,-38956690,-751097910,-5367315,0,796928140,3770,102727095,0,899659005,1506225,38960460,853825005,5367315,899659005
2019-03-19,3780,3785,3775,3780,73848,0.0,8973,-60254,50147,1134,0,8984,0,63730,1134,73848,11,60254,13583,0,73848,33918620,-227760120,189551805,4289695,0,33960145,0,240859680,4289695,279109520,41525,227760120,51307875,0,279109520
2019-03-20,3780,3805,3760,3795,150455,0.3968253968253968,-8544,-4746,-11841,25131,0,18227,0,107097,25131,150455,26771,4746,118938,0,150455,-32309200,-17939880,-44977850,95226930,0,69020930,0,404777610,95226930,569025470,101330130,17939880,449755460,0,569025470
2019-03-21,3800,3810,3775,3810,295972,0.3952569169960474,256766,2001,-258266,-501,0,258566,2001,35405,0,295972,1800,0,293671,501,295972,986364530,7578785,-992044525,-1898790,0,993192030,7578785,134131475,0,1134902290,6827500,0,1126176000,1898790,1134902290
2019-03-22,3815,3850,3810,3845,212816,0.9186351706036745,89834,-59806,-36657,6629,0,92460,2000,111727,6629,212816,2626,61806,148384,0,212816,345257400,-229671680,-140955515,25369795,0,355350600,7690000,427776920,25369795,816187315,10093200,237361680,568732435,0,816187315
2019-03-25,3860,3895,3845,3880,145406,0.9102730819245773,34834,-20082,-9361,-5391,0,42231,0,103175,0,145406,7397,20082,112536,5391,145406,134902195,-78085355,-35898345,-20918495,0,163553475,0,400338905,0,563892380,28651280,78085355,436237250,20918495,563892380
2019-03-26,3880,3910,3880,3905,158662,0.6443298969072164,65888,-18643,-45341,-1904,0,66062,5000,86009,1591,158662,174,23643,131350,3495,158662,257048215,-72702700,-176942645,-7402870,0,257723420,19505000,335467130,6210155,618905705,675205,92207700,512409775,13613025,618905705
2019-03-27,3915,3990,3900,3985,504830,2.0486555697823303,283404,5000,-295823,7419,0,288974,5000,184166,26690,504830,5570,0,479989,19271,504830,1120813655,19850000,-1170150590,29486935,0,1142732455,19850000,730624660,105166090,1998373205,21918800,0,1900775250,75679155,1998373205
2019-03-28,3985,4125,3985,4095,419317,2.7603513174404015,139682,-59016,-79420,-1246,0,147104,0,233932,38281,419317,7422,59016,313352,39527,419317,570623930,-241122440,-324364100,-5137390,0,600983125,0,952093595,155745075,1708821795,30359195,241122440,1276457695,160882465,1708821795
2019-03-29,4100,4115,4040,4070,215352,-0.6105006105006106,74768,-16400,-55090,-3278,0,79591,0,123921,11840,215352,4823,16400,179011,15118,215352,304133295,-67345000,-223418625,-13369670,0,323706310,0,504960670,48235395,876902375,19573015,67345000,728379295,61605065,876902375
2019-04-01,4040,4105,4035,4095,178684,0.6142506142506142,92849,-899,-98399,6449,0,96343,1,73759,8581,178684,3494,900,172158,2132,178684,378385620,-3676450,-400991150,26281980,0,392679730,4050,301432745,34954195,729070720,14294110,3680500,702423895,8672215,729070720
2019-04-02,4050,4155,4050,4155,303038,1.465201465201465,155644,-69221,-129612,43189,0,161370,1,88941,52726,303038,5726,69222,218553,9537,303038,642833845,-285680120,-535423670,178269945,0,666390330,4120,366558905,217406810,1250360165,23556485,285684240,901982575,39136865,1250360165
2019-04-03,4120,4195,4120,4195,285028,0.9626955475330927,183627,-68431,-127808,12612,0,186079,2,76200,22747,285028,2452,68433,204008,10135,285028,764979705,-284841790,-532664655,52526740,0,775226145,8290,317611545,94616285,1187462265,10246440,284850080,850276200,42089545,1187462265
2019-04-04,4165,4265,4165,4240,451438,1.0727056019070322,293027,-28568,-290273,25814,0,305977,0,95174,50287,451438,12950,28568,385447,24473,451438,1238184985,-121050940,-1226492415,109358370,0,1292849790,0,402194300,212797890,1907841980,54664805,121050940,1628686715,103439520,1907841980
2019-04-05,4180,4235,4075,4175,250947,-1.5330188679245282,37287,19082,-35979,-20390,0,78739,19082,147984,5142,250947,41452,0,183963,25532,250947,154771370,78688960,-149208555,-84251775,0,325528400,78688960,610337010,21409540,1035963910,170757030,0,759545565,105661315,1035963910
2019-04-08,4115,4240,4115,4220,291300,1.0778443113772456,241757,-11575,-220512,-9670,0,247863,919,38691,3827,291300,6106,12494,259203,13497,291300,1018659710,-48601415,-929459005,-40599290,0,1044288345,3822945,161797370,16058795,1225967455,25628635,52424360,1091256375,56658085,1225967455
2019-04-09,4165,4210,4165,4175,81455,-1.066350710900474,32486,981,-20653,-12814,0,47482,981,32992,0,81455,14996,0,53645,12814,81455,136277350,4120200,-86623105,-53774445,0,199256825,4120200,138279945,0,341656970,62979475,0,224903050,53774445,341656970
2019-04-10,4150,4200,4150,4160,96822,-0.3592814371257485,43604,-600,-29032,-13972,0,50115,0,46707,0,96822,6511,600,75739,13972,96822,181466155,-2512500,-120768520,-58185135,0,208615525,0,194580350,0,403195875,27149370,2512500,315348870,58185135,403195875
2019-04-11,4120,4190,4110,4155,121956,-0.1201923076923077,76928,-5097,-71771,-60,0,84820,0,32192,4944,121956,7892,5097,103963,5004,121956,320322570,-21345930,-298680720,-295920,0,353311130,0,133925925,20578735,507815790,32988560,21345930,432606645,20874655,507815790
2019-04-12,4125,4175,4125,4155,41112,0.0,20423,1681,-16887,-5217,0,20923,2181,15996,2012,41112,500,500,32883,7229,41112,84917545,6959555,-70213170,-21663930,0,86982545,9042055,66363230,8367440,170755270,2065000,2082500,136576400,30031370,170755270
2019-04-15,4115,4170,4115,4160,96159,0.12033694344163659,47249,2119,-57572,8204,0,48849,2519,33053,11738,96159,1600,400,90625,3534,96159,196371505,8804185,-239229205,34053515,0,203035005,10469185,137433020,48738720,399675930,6663500,1665000,376662225,14685205,399675930
2019-04-16,4150,4200,4120,4200,186905,0.9615384615384616,87536,-1100,-98891,12455,0,97621,600,72641,16043,186905,10085,1700,171532,3588,186905,364393960,-4624000,-411864880,52094920,0,406466835,2493000,303250435,67065010,779275280,42072875,7117000,715115315,14970090,779275280
2019-04-17,4160,4225,4155,4215,121797,0.35714285714285715,84444,-9740,-71302,-3402,0,91007,960,29830,0,121797,6563,10700,101132,3402,121797,355274095,-40892500,-300098140,-14283455,0,382833740,4054500,125422260,0,512310500,27559645,44947000,425520400,14283455,512310500
2019-04-18,4175,4235,4175,4210,85494,-0.11862396204033215,55069,-551,-47493,-7025,0,61270,71,24109,44,85494,6201,622,71602,7069,85494,231955740,-2330915,-199979980,-29644845,0,258022980,296425,101365780,184800,359869985,26067240,2627340,301345760,29829645,359869985
2019-04-19,4165,4240,4165,4230,124371,0.4750593824228029,54908,-9879,-35558,-9471,0,58542,821,64844,164,124371,3634,10700,100402,9635,124371,231558785,-41700535,-149892320,-39965930,0,246877295,3456965,273417760,683060,524435080,15318510,45157500,423310080,40648990,524435080
2019-04-22,4205,4270,4205,4265,150615,0.8274231678486997,45878,-6900,-40048,1070,0,67519,0,77975,5121,150615,21641,6900,118023,4051,150615,195317765,-29395000,-170478560,4555795,0,287569570,0,331917060,21773675,641260305,92251805,29395000,502395620,17217880,641260305
2019-04-23,4235,4280,4235,4275,165003,0.23446658851113714,66769,-10378,-57839,1448,0,87649,0,75871,1483,165003,20880,10378,133710,35,165003,284979620,-44315170,-246822960,6158510,0,374088555,0,323885090,6307810,704281455,89108935,44315170,570708050,149300,704281455
2019-04-24,4255,4345,4255,4340,319071,1.5204678362573099,93660,-15500,-118758,40598,0,125474,0,152104,41493,319071,31814,15500,270862,895,319071,405074245,-66625000,-513158675,174709430,0,542967530,0,657608680,178540640,1379116850,137893285,66625000,1170767355,3831210,1379116850
2019-04-25,4315,4475,4315,4455,458041,2.6497695852534564,130622,-2800,-143989,16167,0,185437,0,240325,32279,458041,54815,2800,384314,16112,458041,578129935,-12341000,-637210185,71421250,0,821372255,0,1061188955,142549660,2025110870,243242320,12341000,1698399140,71128410,2025110870
2019-04-26,4435,4570,4435,4525,388265,1.5712682379349048,133257,-32126,-115085,13954,0,135301,0,237414,15550,388265,2044,32126,352499,1596,388265,600344200,-144946940,-518385760,62988500,0,609639495,0,1071555710,70155345,1751350550,9295295,144946940,1589941470,7166845,1751350550
2019-04-29,4530,4640,4375,4440,446538,-1.8784530386740332,97633,-16591,-22237,-58805,0,168835,198,270609,6896,446538,71202,16789,292846,65701,446538,436944000,-74757165,-100262405,-261924430,0,752464200,884400,1214238560,30762425,1998349585,315520200,75641565,1314500965,292686855,1998349585
2019-04-30,4440,4570,4435,4495,166851,1.2387387387387387,29354,-7000,-36088,13734,0,74330,0,77197,15324,166851,44976,7000,113285,1590,166851,132366910,-31624435,-162889845,62147370,0,334799970,0,347720710,69325085,751845765,202433060,31624435,510610555,7177715,751845765
2019-05-02,4490,4545,4485,4520,192454,0.5561735261401557,50455,-3926,-31750,-14779,0,79954,100,109121,3279,192454,29499,4026,140871,18058,192454,227054960,-17736910,-142670305,-66647745,0,360405570,450000,492918290,14827675,868601535,133350610,18186910,635588595,81475420,868601535
2019-05-03,4500,4525,4480,4500,131366,-0.4424778761061947,66711,-8201,-71132,12622,0,66831,66,51642,12827,131366,120,8267,122774,205,131366,300725805,-37054495,-320566725,56895415,0,301267805,295680,233374840,57818145,592756470,542000,37350175,553941565,922730,592756470
2019-05-07,4455,4520,4445,4510,119936,0.2222222222222222,58259,-6995,-57925,6661,0,65647,0,46216,8073,119936,7388,6995,104141,1412,119936,262221585,-31510950,-260613740,29903105,0,295516225,0,207707935,36238540,539462700,33294640,31510950,468321675,6335435,539462700
2019-05-08,4450,4540,4450,4525,169091,0.3325942350332594,111923,-36007,-48219,-27697,0,112253,0,56715,123,169091,330,36007,104934,27820,169091,503495920,-162391045,-216794180,-124310695,0,504981870,0,255253520,553240,760788630,1485950,162391045,472047700,124863935,760788630
2019-05-09,4490,4600,4490,4570,270247,0.9944751381215469,122747,-63259,-74736,15248,0,133250,0,120671,16326,270247,10503,63259,195407,1078,270247,560103320,-288654075,-340693395,69244150,0,608062880,0,551444260,74169980,1233677120,47959560,288654075,892137655,4925830,1233677120
2019-05-10,4560,4575,4490,4510,171417,-1.312910284463895,67823,-18618,-40903,-8302,0,77014,137,93411,855,171417,9191,18755,134314,9157,171417,306534085,-84502585,-184324250,-37707250,0,347935205,617265,422641100,3881650,775075220,41401120,85119850,606965350,41588900,775075220
2019-05-13,4515,4525,4495,4505,109875,-0.11086474501108648,50800,-27206,-11142,-12452,0,57968,0,51397,510,109875,7168,27206,62539,12962,109875,228589250,-122652785,-49846905,-56089560,0,260916360,0,231811655,2298595,495026610,32327110,122652785,281658560,58388155,495026610
2019-05-14,4490,4500,4430,4490,168904,-0.3329633740288568,143242,-2898,-139336,-1008,0,143242,202,24666,794,168904,0,3100,164002,1802,168904,641884265,-12953585,-624432115,-4498565,0,641884265,901915,110242055,3543950,756572185,0,13855500,734674170,8042515,756572185
2019-05-15,4485,4505,4485,4505,88918,0.33407572383073497,53244,-1900,-49638,-1706,0,53444,0,35454,20,88918,200,1900,85092,1726,88918,239647585,-8551500,-223419145,-7676940,0,240547535,0,159577610,89700,400214845,899950,8551500,382996755,7766640,400214845
2019-05-16,4470,4515,4460,4495,143356,-0.22197558268590456,37677,-23156,-29407,14886,0,94404,135,31483,17334,143356,56727,23291,60890,2448,143356,169556215,-103845780,-132556125,66845690,0,423532645,603115,141220070,77853480,643209310,253976430,104448895,273776195,11007790,643209310
2019-05-17,4470,4495,4420,4440,135228,-1.2235817575083427,78594,-4882,-71557,-2155,0,81133,204,44268,9623,135228,2539,5086,115825,11778,135228,349487340,-21679355,-318124505,-9683480,0,360777840,908815,196882345,42762425,601331425,11290500,22588170,515006850,52445905,601331425
2019-05-20,4425,4485,4335,4335,317243,-2.364864864864865,4354,-4794,-744,1184,0,206258,206,104799,5980,317243,201904,5000,105543,4796,317243,19149935,-20854575,-3447405,5152045,0,901483000,906425,459534100,26191370,1388114895,882333065,21761000,462981505,21039325,1388114895
2019-05-21,4335,4355,4200,4270,204616,-1.4994232987312572,-44663,-167,19544,25286,0,38689,329,129485,36113,204616,83352,496,109941,10827,204616,-191120175,-749120,83892945,107976350,0,165361415,1406040,552078860,154658740,873505055,356481590,2155160,468185915,46682390,873505055
2019-05-22,4285,4290,4260,4275,44123,0.117096018735363,29254,-7378,-23338,1462,0,29314,122,12761,1926,44123,60,7500,36099,464,44123,124946145,-31522580,-99702520,6278955,0,125202495,520920,54548145,8260355,188531915,256350,32043500,154250665,1981400,188531915
2019-05-23,4255,4275,4175,4265,159348,-0.23391812865497078,46086,-49337,1733,1518,0,66823,243,87870,4412,159348,20737,49580,86137,2894,159348,194654310,-208013105,7000105,6358690,0,282097850,1020795,369687510,18613970,671420125,87443540,209033900,362687405,12255280,671420125
2019-05-24,4210,4310,4210,4280,103464,0.3516998827667058,56037,-23812,-27906,-4319,0,56147,127,42103,5087,103464,110,23939,70009,9406,103464,240239570,-102133210,-119620350,-18486010,0,240711370,539710,180511345,21847220,443609645,471800,102672920,300131695,40333230,443609645
2019-05-27,4415,4415,4300,4330,86178,1.1682242990654206,37321,-3885,-24979,-8457,0,37551,0,47427,1200,86178,230,3885,72406,9657,86178,161440980,-17147655,-107691520,-36601805,0,162437480,0,205600805,5194000,373232285,996500,17147655,313292325,41795805,373232285
2019-05-28,4305,4385,4305,4375,94674,1.0392609699769053,50170,-1100,-52026,2956,0,52038,0,35788,6848,94674,1868,1100,87814,3892,94674,217763600,-4790500,-225789030,12815930,0,225904560,0,155789120,29681090,411374770,8140960,4790500,381578150,16865160,411374770
2019-05-29,4330,4385,4330,4365,50231,-0.2285714285714286,27548,-24651,-6585,3688,0,30144,1,15001,5085,50231,2596,24652,21586,1397,50231,120165370,-107501245,-28750445,16086320,0,131484620,4360,65405105,22183570,219077655,11319250,107505605,94155550,6097250,219077655
2019-05-30,4335,4445,4335,4410,91012,1.0309278350515463,35241,-6669,-34037,5465,0,45438,0,36464,9110,91012,10197,6669,70501,3645,91012,155767395,-29407905,-150353845,23994355,0,200816660,0,160707065,40120050,401643775,45049265,29407905,311060910,16125695,401643775
2019-05-31,4385,4450,4370,4450,143044,0.9070294784580499,47806,-775,-52900,5869,0,60822,0,74361,7861,143044,13016,775,127261,1992,143044,212045560,-3435625,-234728625,26118690,0,269964480,0,330445035,34917585,635327100,57918920,3435625,565173660,8798895,635327100
2019-06-03,4450,4505,4450,4495,245786,1.0112359550561798,69480,17,-59839,-9658,0,151782,17,79497,14490,245786,82302,0,139336,24148,245786,312326515,76160,-269735820,-42666855,0,682264150,76160,355652940,65124180,1103117430,369937635,0,625388760,107791035,1103117430
2019-06-04,4500,4500,4445,4500,88921,0.11123470522803114,27183,-1599,-23232,-2352,0,42611,1,41474,4835,88921,15428,1600,64706,7187,88921,122004860,-7184020,-104269390,-10551450,0,191353170,4480,186252935,21706225,399316810,69348310,7188500,290522325,32257675,399316810
2019-06-05,4500,4500,4450,4480,106919,-0.4444444444444444,76379,-2509,-66553,-7317,0,80909,67,23797,2146,106919,4530,2576,90350,9463,106919,342833890,-11268420,-298721170,-32844300,0,363151040,298820,106804895,9634885,479889640,20317150,11567240,405526065,42479185,479889640
2019-06-07,4500,4500,4470,4490,53469,0.2232142857142857,-15387,-1024,36961,-20550,0,280,0,50990,2199,53469,15667,1024,14029,22749,53469,-69037925,-4601000,165713165,-92074240,0,1255480,0,228673200,9864050,239792730,70293405,4601000,62960035,101938290,239792730
2019-06-10,4460,4490,4455,4475,58171,-0.33407572383073497,28337,-4499,-20726,-3112,0,28517,1,21365,8288,58171,180,4500,42091,11400,58171,126616975,-20141535,-92651245,-13824195,0,127420925,4465,95517920,37104910,260048220,803950,20146000,188169165,50929105,260048220
2019-06-11,4465,4485,4465,4470,57524,-0.11173184357541899,31941,-136,-28476,-3329,0,32088,1000,22602,1834,57524,147,1136,51078,5163,57524,142962495,-608960,-127482005,-14871530,0,143620370,4480000,101100950,8208255,257409575,657875,5088960,228582955,23079785,257409575
2019-06-12,4460,4490,4430,4490,98650,0.44742729306487694,14526,-29474,14583,365,0,15499,1181,76788,5182,98650,973,30655,62205,4817,98650,64764775,-131843420,65391585,1687060,0,69099690,5294080,343023730,23165285,440582785,4334915,137137500,277632145,21478225,440582785
2019-06-13,4490,4535,4480,4530,128379,0.8908685968819599,24232,-7829,-21582,5179,0,28386,1000,89427,9566,128379,4154,8829,111009,4387,128379,109544420,-35280520,-97797795,23533895,0,128306080,4530000,402820540,43233190,578889810,18761660,39810520,500618335,19699295,578889810
2019-06-14,4510,4570,4500,4565,101447,0.772626931567329,17603,-2635,-16828,1860,0,22639,1045,72448,5315,101447,5036,3680,89276,3455,101447,79884825,-12014895,-76431385,8561455,0,102722980,4757505,329377560,24201945,461059990,22838155,16772400,405808945,15640490,461059990
2019-06-17,4515,4565,4515,4525,37268,-0.8762322015334063,12004,-4034,-6579,-1391,0,12988,1066,23186,28,37268,984,5100,29765,1419,37268,54370505,-18288120,-29776805,-6305580,0,58832645,4822990,105131610,126420,168913665,4462140,23111110,134908415,6432000,168913665
2019-06-18,4520,4580,4520,4555,155013,0.6629834254143646,71133,-26180,-52101,7148,0,73255,0,73831,7927,155013,2122,26180,125932,779,155013,323541710,-119303985,-236787300,32549575,0,333221405,0,335930520,36091115,705243040,9679695,119303985,572717820,3541540,705243040
2019-06-19,4550,4575,4540,4570,52957,0.3293084522502744,25614,-7497,-15786,-2331,0,26296,0,26536,125,52957,682,7497,42322,2456,52957,116941315,-34254375,-72088855,-10598085,0,120056535,0,121164955,571575,241793065,3115220,34254375,193253810,11169660,241793065
2019-06-20,4580,4580,4500,4570,60450,0.0,27055,-2468,-6098,-18489,0,28097,132,31732,489,60450,1042,2600,37830,18978,60450,123119000,-11245910,-27732920,-84140170,0,127845245,596310,143848545,2236275,274526375,4726245,11842220,171581465,86376445,274526375
2019-06-21,4570,4570,4530,4545,35609,-0.5470459518599562,6580,-2219,-3871,-490,0,6590,0,29013,6,35609,10,2219,32884,496,35609,29909395,-10140830,-17537195,-2231370,0,29954945,0,131665290,27270,161647505,45550,10140830,149202485,2258640,161647505
2019-06-24,4540,4545,4500,4530,42764,-0.33003300330033003,3832,-1845,-168,-1819,0,10481,67,32195,21,42764,6649,1912,32363,1840,42764,17268230,-8358690,-687980,-8221560,0,47363705,301500,145514645,95340,193275190,30095475,8660190,146202625,8316900,193275190
2019-06-25,4505,4530,4490,4515,49724,-0.33112582781456956,6648,-2089,-3200,-1359,0,7598,244,40374,1508,49724,950,2333,43574,2867,49724,29973030,-9429445,-14435665,-6107920,0,34238905,1098215,181728685,6793450,223859255,4265875,10527660,196164350,12901370,223859255
2019-06-26,4515,4515,4500,4500,13352,-0.33222591362126247,520,941,-1060,-401,0,530,1001,11814,7,13352,10,60,12874,408,13352,2341940,4248605,-4783870,-1806675,0,2386990,4519505,53195680,31500,60133675,45050,270900,57979550,1838175,60133675
2019-06-27,4465,4510,4420,4450,85424,-1.1111111111111112,32378,-49563,17793,-608,0,39189,1551,43076,1608,85424,6811,51114,25283,2216,85424,144170600,-221077760,79618915,-2711755,0,174489580,6883525,191892025,7167395,380432525,30318980,227961285,112273110,9879150,380432525
2019-06-28,4405,4450,4380,4390,99675,-1.348314606741573,11643,-63860,40949,11268,0,15582,1296,70653,12144,99675,3939,65156,29704,876,99675,51421590,-280970255,179967425,49581240,0,68753100,5690335,309696955,53439435,437579825,17331510,286660590,129729530,3858195,437579825
2019-07-01,4385,4400,4370,4400,45452,0.22779043280182232,6154,-6993,1934,-1095,0,7139,99,36623,1591,45452,985,7092,34689,2686,45452,27023320,-30643375,8418575,-4798520,0,31333245,433530,160851090,6986510,199604375,4309925,31076905,152432515,11785030,199604375
2019-07-02,4380,4460,4380,4450,53592,1.1363636363636365,-227,-5608,-193,6028,0,5793,1972,37178,8649,53592,6020,7580,37371,2621,53592,-1062970,-24884100,-751950,26699020,0,25695580,8775400,164810090,38346260,237627330,26758550,33659500,165562040,11647240,237627330
2019-07-03,4415,4525,4415,4495,114007,1.0112359550561798,-22374,-19182,30242,11314,0,7922,1000,89164,15921,114007,30296,20182,58922,4607,114007,-100474515,-86261910,136168790,50567635,0,35518590,4485000,400657735,71231780,511893105,135993105,90746910,264488945,20664145,511893105
2019-07-04,4455,4500,4455,4475,33735,-0.44493882091212456,-697,-242,-241,1180,0,14273,758,15317,3387,33735,14970,1000,15558,2207,33735,-3136925,-1091835,-1064580,5293340,0,64047595,3394165,68707815,15198190,151347765,67184520,4486000,69772395,9904850,151347765
2019-07-05,4460,4490,4460,4480,29968,0.11173184357541899,6717,-635,-4334,-1748,0,17371,0,10912,1685,29968,10654,635,15246,3433,29968,30077235,-2848625,-19408635,-7819975,0,77780455,0,48778280,7541990,134100725,47703220,2848625,68186915,15361965,134100725
2019-07-08,4460,4490,4395,4400,66475,-1.7857142857142856,21923,-4315,-7481,-10127,0,29818,219,36438,0,66475,7895,4534,43919,10127,66475,97325815,-19223260,-33241215,-44861340,0,132367200,968620,161162815,0,294498635,35041385,20191880,194404030,44861340,294498635
2019-07-09,4370,4420,4365,4400,32740,0.0,13876,-3151,-7560,-3165,0,18333,0,14392,15,32740,4457,3151,21952,3180,32740,61169980,-13895100,-33327965,-13946915,0,80810850,0,63331885,65550,144208285,19640870,13895100,96659850,14012465,144208285
2019-07-10,4365,4390,4325,4375,54152,-0.5681818181818182,9993,209,-191,-10011,0,12575,209,41295,73,54152,2582,0,41486,10084,54152,43473465,907425,-747520,-43633370,0,54742515,907425,179760590,318040,235728570,11269050,0,180508110,43951410,235728570
2019-07-11,4350,4375,4305,4310,137513,-1.4857142857142858,52555,249,-50787,-2017,0,56171,256,80270,816,137513,3616,7,131057,2833,137513,228298575,1079255,-220619270,-8758560,0,243967295,1109880,347655845,3518580,596251600,15668720,30625,568275115,12277140,596251600
2019-07-12,4310,4350,4290,4320,120588,0.23201856148491878,23443,-3923,-30671,11151,0,27183,1,80758,12646,120588,3740,3924,111429,1495,120588,100870675,-17020070,-132338555,48487950,0,117016200,4310,349796115,54949585,521766210,16145525,17024380,482134670,6461635,521766210
2019-07-15,4285,4320,4245,4245,74173,-1.7361111111111112,3396,728,3343,-7467,0,16311,812,57021,29,74173,12915,84,53678,7496,74173,14500455,3089495,14297115,-31887065,0,69892175,3452375,243996255,124165,317464970,55391720,362880,229699140,32011230,317464970
2019-07-16,4280,4280,4240,4270,77961,0.5889281507656066,41487,-2977,-30962,-7548,0,45824,100,32037,0,77961,4337,3077,62999,7548,77961,176582580,-12685560,-131783370,-32113650,0,195067605,427000,136241355,0,331735960,18485025,13112560,268024725,32113650,331735960
2019-07-17,4275,4280,4250,4260,42244,-0.234192037470726,24473,671,-24507,-637,0,25833,1194,13788,1429,42244,1360,523,38295,2066,42244,104348870,2851310,-104492880,-2707300,0,110142320,5088635,58734090,6102185,180067230,5793450,2237325,163226970,8809485,180067230
2019-07-18,4270,4340,4260,4300,120857,0.9389671361502347,53596,-5444,-42919,-5233,0,54037,1114,60473,5233,120857,441,6558,103392,10466,120857,230080190,-23332390,-184339340,-22408460,0,231972505,4781640,259269560,22420780,518444485,1892315,28114030,443608900,44829240,518444485
2019-07-19,4310,4370,4310,4370,86348,1.627906976744186,45826,1000,-45503,-1323,0,50290,1000,29939,5119,86348,4464,0,75442,6442,86348,198623905,4325000,-197221360,-5727545,0,217960495,4325000,129892080,22196390,374373965,19336590,0,327113440,27923935,374373965
2019-07-22,4350,4465,4350,4450,75721,1.8306636155606408,12587,1000,-14898,1311,0,14198,1000,55107,5416,75721,1611,0,70005,4105,75721,55794465,4428350,-66199460,5976645,0,62968615,4428350,245131205,24162920,336691090,7174150,0,311330665,18186275,336691090
2019-07-23,4410,4515,4410,4515,175737,1.4606741573033708,41191,1168,-47816,5457,0,82036,1168,83413,9120,175737,40845,0,131229,3663,175737,185139825,5252880,-214939775,24547070,0,369318685,5252880,375350230,40970920,790892715,184178860,0,590290005,16423850,790892715
2019-07-24,4515,4530,4480,4530,121314,0.33222591362126247,92521,881,-91110,-2292,0,99169,881,21264,0,121314,6648,0,112374,2292,121314,418445045,3977685,-412074350,-10348380,0,448459785,3977685,96085050,0,548522520,30014740,0,508159400,10348380,548522520
2019-07-25,4505,4530,4500,4525,103475,-0.11037527593818984,50965,100,-52022,957,0,71335,100,29867,2173,103475,20370,0,81889,1216,103475,230203285,453000,-234968130,4311845,0,321879615,453000,134792460,9814245,466939320,91676330,0,369760590,5502400,466939320
2019-07-26,4500,4525,4500,4520,40662,-0.11049723756906078,26646,0,-26488,-158,0,27767,0,12870,25,40662,1121,0,39358,183,40662,120364835,0,-119650175,-714660,0,125431255,0,58110445,112500,183654200,5066420,0,177760620,827160,183654200
2019-07-29,4500,4525,4460,4515,68923,-0.11061946902654868,53283,-4434,-46819,-2030,0,55787,135,10369,2632,68923,2504,4569,57188,4662,68923,240072500,-20003065,-210880580,-9188855,0,251316625,603470,46711830,11833315,310465240,11244125,20606535,257592410,21022170,310465240
2019-07-30,4480,4510,4480,4500,47419,-0.33222591362126247,27541,-1331,-20894,-5316,0,27551,100,19722,46,47419,10,1431,40616,5362,47419,123905735,-5995655,-94000710,-23909370,0,123950735,451000,88708980,206885,213317600,45000,6446655,182709690,24116255,213317600
2019-07-31,4480,4505,4475,4505,43958,0.1111111111111111,30179,2001,-13450,-18730,0,30353,2001,11311,293,43958,174,0,24761,19023,43958,135609880,8974485,-60544225,-84040140,0,136392510,8974485,50758000,1317160,197442155,782630,0,111302225,85357300,197442155
2019-08-01,4480,4520,4480,4510,45075,0.11098779134295228,10142,20500,-34710,4068,0,13633,21000,6374,4068,45075,3491,500,41084,0,45075,45795100,92444500,-156591390,18351790,0,61548305,94702000,28739285,18351790,203341380,15753205,2257500,185330675,0,203341380
2019-08-02,4490,4510,4450,4495,43458,-0.3325942350332594,19174,168,-10295,-9047,0,20059,168,22693,538,43458,885,0,32988,9585,43458,86100275,750970,-46396245,-40455000,0,90065075,750970,101393460,2416665,194626170,3964800,0,147789705,42871665,194626170
2019-08-05,4480,4500,4420,4460,91777,-0.778642936596218,31530,103,-37894,6261,0,56361,103,28521,6792,91777,24831,0,66415,531,91777,142209955,460365,-170681630,28011310,0,252585150,460365,127238560,30391580,410675655,110375195,0,297920190,2380270,410675655
2019-08-06,4400,4415,4300,4375,195718,-1.905829596412556,84624,-3990,-100450,19816,0,127527,102,43933,24156,195718,42903,4092,144383,4340,195718,371007665,-17566020,-440445430,87003785,0,559129630,449700,192000855,105849315,857429500,188121965,18015720,632446285,18845530,857429500
2019-08-07,4375,4425,4310,4400,96124,0.5714285714285714,11374,-3944,-6993,-437,0,70950,301,14969,9904,96124,59576,4245,21962,10341,96124,50087945,-17357660,-30764695,-1965590,0,311124555,1320340,65481465,43318260,421244620,261036610,18678000,96246160,45283850,421244620
2019-08-08,4350,4415,4350,4405,35288,0.11363636363636363,16929,-1563,-9627,-5739,0,24783,100,8785,1620,35288,7854,1663,18412,7359,35288,74491395,-6886700,-42354190,-25250505,0,109117135,440500,38630655,7142580,155330870,34625740,7327200,80984845,32393085,155330870
2019-08-09,4365,4450,4365,4450,27091,1.0215664018161181,5989,100,-2784,-3305,0,6460,100,18710,1821,27091,471,0,21494,5126,27091,26499165,445000,-12315900,-14628265,0,28579425,445000,82697270,8040055,119761750,2080260,0,95013170,22668320,119761750
2019-08-12,4395,4530,4395,4520,151993,1.5730337078651686,13554,37617,-61076,9905,0,43379,38617,51036,18961,151993,29825,1000,112112,9056,151993,61199005,169550530,-275214635,44465100,0,195387900,174070530,229920055,85286620,684665105,134188895,4520000,505134690,40821520,684665105
2019-08-13,4485,4565,4485,4555,195228,0.7743362831858407,30336,35979,-68864,2549,0,72597,35979,74671,11981,195228,42261,0,143535,9432,195228,138028980,163368465,-313121790,11724345,0,330339255,163368465,339751775,54444590,887904085,192310275,0,652873565,42720245,887904085
2019-08-14,4580,4585,4560,4580,96360,0.5488474204171241,11444,7371,-4127,-14688,0,44771,7971,43175,443,96360,33327,600,47302,15131,96360,52308030,33768310,-18820445,-67255895,0,204908590,36513310,197679805,2027255,441128960,152600560,2745000,216500250,69283150,441128960
2019-08-16,4545,4585,4545,4570,113048,-0.21834061135371177,81766,8001,-77685,-12082,0,94754,8001,9350,943,113048,12988,0,87035,13025,113048,372652470,36509555,-354115575,-55046450,0,431877995,36509555,42653030,4292160,515332740,59225525,0,396768605,59338610,515332740
2019-08-19,4585,4585,4500,4570,88823,0.0,17279,18823,-31303,-4799,0,29698,18823,37727,2575,88823,12419,0,69030,7374,88823,78703170,86029300,-142689035,-22043435,0,135334280,86029300,171684765,11674985,404723330,56631110,0,314373800,33718420,404723330
2019-08-20,4570,4570,4490,4510,63159,-1.312910284463895,29837,4164,-33431,-570,0,33688,4273,22480,2718,63159,3851,109,55911,3288,63159,135236750,18890480,-151418870,-2708360,0,152663065,19386975,101507345,12256030,285813415,17426315,496495,252926215,14964390,285813415
2019-08-21,4500,4550,4480,4500,73059,-0.22172949002217296,21106,9647,-24123,-6630,0,36753,9647,26175,484,73059,15647,0,50298,7114,73059,94961365,43338755,-108347690,-29952430,0,165596170,43338755,118321810,2184835,329441570,70634805,0,226669500,32137265,329441570
2019-08-22,4490,4550,4490,4535,103129,0.7777777777777778,52974,0,-54300,1326,0,81684,0,16493,4952,103129,28710,0,70793,3626,103129,239019895,0,-245011620,5991725,0,368523795,0,74218050,22378430,465120275,129503900,0,319229670,16386705,465120275
2019-08-23,4500,4530,4480,4520,47228,-0.33076074972436603,26108,72,-27659,1479,0,28907,72,16688,1561,47228,2799,0,44347,82,47228,117621150,323645,-124603500,6658705,0,130225990,323645,75103350,7028785,212681770,12604840,0,199706850,370080,212681770
2019-08-26,4495,4520,4450,4490,82326,-0.6637168141592921,35566,4696,-37527,-2735,0,38599,4696,35890,3141,82326,3033,0,73417,5876,82326,159967265,21136955,-168737035,-12367185,0,173568125,21136955,161249540,14076755,370031375,13600860,0,329986575,26443940,370031375
2019-08-27,4485,4530,4485,4510,61144,0.4454342984409799,21560,100,-27652,5992,0,30124,100,23928,6992,61144,8564,0,51580,1000,61144,97056775,451000,-124483670,26975895,0,135577790,451000,107567500,31480895,275077185,38521015,0,232051170,4505000,275077185
2019-08-28,4520,4530,4485,4510,12068,0.0,1597,-600,-662,-335,0,1987,0,8876,1205,12068,390,600,9538,1540,12068,7191375,-2706000,-2974735,-1510640,0,8944905,0,39991760,5434760,54371425,1753530,2706000,42966495,6945400,54371425
2019-08-29,4490,4525,4490,4515,31048,0.11086474501108648,23989,-300,-25328,1639,0,24019,0,4827,2202,31048,30,300,30155,563,31048,107897495,-1353000,-113941010,7396515,0,108032695,0,21758070,9927200,139717965,135200,1353000,135699080,2530685,139717965
2019-08-30,4510,4530,4495,4505,80009,-0.22148394241417496,9554,-1263,-6650,-1641,0,10772,101,63646,5490,80009,1218,1364,70296,7131,80009,43084205,-5703600,-30002820,-7377785,0,48585495,455500,287232530,24790280,361063805,5501290,6159100,317235350,32168065,361063805
2019-09-02,4525,4565,4505,4540,148854,0.776914539400666,14128,-3000,-27818,16690,0,38049,1000,92019,17786,148854,23921,4000,119837,1096,148854,63986255,-13645960,-126153785,75813490,0,172444955,4530000,418453585,80793675,676222215,108458700,18175960,544607370,4980185,676222215
2019-09-03,4545,4645,4530,4645,197170,2.3127753303964758,4135,188,-8730,4407,0,10500,1800,173500,11370,197170,6365,1612,182230,6963,197170,18518865,926780,-39662510,20216865,0,47741255,8285560,794953930,52102390,903083135,29222390,7358780,834616440,31885525,903083135
2019-09-04,4645,4680,4605,4680,94169,0.7534983853606028,-12508,8599,9095,-5186,0,12430,10001,62316,9422,94169,24938,1402,53221,14608,94169,-58400055,39851335,42349865,-23801145,0,57585745,46349605,289374695,43885560,437195605,115985800,6498270,247024830,67686705,437195605
2019-09-05,4680,4795,4675,4770,164446,1.9230769230769231,35774,914,-55006,18318,0,45085,1000,96389,21972,164446,9311,86,151395,3654,164446,170862960,4370255,-261519295,86286080,0,214741715,4780045,456407660,103592735,779522155,43878755,409790,717926955,17306655,779522155
2019-09-06,4740,4770,4700,4770,97635,0.0,29646,1001,-27911,-2736,0,60393,1001,33819,2422,97635,30747,0,61730,5158,97635,140849050,4774720,-132561950,-13061820,0,286744365,4774720,159970745,11433360,462923190,145895315,0,292532695,24495180,462923190
2019-09-09,4770,4785,4700,4780,107390,0.20964360587002098,37030,-37315,-16871,17156,0,38797,1,35975,32617,107390,1767,37316,52846,15461,107390,176535680,-178151205,-80240850,81856375,0,184950230,4715,171353245,155467645,511775835,8414550,178155920,251594095,73611270,511775835
2019-09-10,4730,4800,4720,4800,121817,0.41841004184100417,-675,-33001,-10978,44654,0,22378,400,51461,47578,121817,23053,33401,62439,2924,121817,-3117330,-158044765,-52463665,213625760,0,107032995,1917000,245801165,227610385,582361545,110150325,159961765,298264830,13984625,582361545
2019-09-11,4750,4805,4750,4800,93420,0.0,-19159,10200,-22367,31326,0,8394,10200,36307,38519,93420,27553,0,58674,7193,93420,-91708685,48757000,-107120700,150072385,0,40240025,48757000,173864555,184550545,447412125,131948710,0,280985255,34478160,447412125
2019-09-16,4800,4900,4795,4865,140559,1.3541666666666667,-16073,-30000,7511,38562,0,7337,0,87516,45706,140559,23410,30000,80005,7144,140559,-78341795,-144516990,35509885,187348900,0,35749695,0,425582830,222033635,683366160,114091490,144516990,390072945,34684735,683366160
2019-09-17,4900,4900,4825,4860,92569,-0.10277492291880781,5387,0,-18900,13513,0,14985,0,44695,32889,92569,9598,0,63595,19376,92569,26178555,0,-91781545,65602990,0,72868330,0,217176535,159989760,450034625,46689775,0,308958080,94386770,450034625
2019-09-18,4850,4930,4850,4860,141287,0.0,9334,-19900,-63567,74133,0,11237,100,53414,76536,141287,1903,20000,116981,2403,141287,45637665,-97513000,-311173665,363049000,0,54933085,487000,261354075,374785265,691559425,9295420,98000000,572527740,11736265,691559425
2019-09-19,4915,5000,4860,5000,214574,2.880658436213992,34934,100,-95563,60529,0,53179,100,95762,65533,214574,18245,0,191325,5004,214574,172045970,490500,-472835535,300299065,0,262900765,490500,475798765,324909910,1064099940,90854795,0,948634300,24610845,1064099940
2019-09-20,5000,5140,4885,4960,652663,-0.8,-193010,3728,6973,182309,0,145177,3728,206435,297323,652663,338187,0,199462,115014,652663,-955794325,18864380,25813700,911116245,0,726128870,18864380,1027492730,1482285105,3254771085,1681923195,0,1001679030,571168860,3254771085
2019-09-23,4960,5020,4940,4960,123612,0.0,-21932,200,25185,-3453,0,38712,200,67094,17606,123612,60644,0,41909,21059,123612,-108685020,994500,124892995,-17202475,0,192355285,994500,332940055,87327980,613617820,301040305,0,208047060,104530455,613617820
2019-09-24,4960,4990,4850,4860,136144,-2.0161290322580645,-10410,202,20199,-9991,0,34259,202,84398,17285,136144,44669,0,64199,27276,136144,-52068380,992845,100335685,-49260150,0,168102040,992845,415130825,85063590,669289300,220170420,0,314795140,134323740,669289300
2019-09-25,4940,4960,4860,4935,149210,1.5432098765432098,42276,-926,-52427,11077,0,114952,200,9750,24308,149210,72676,1126,62177,13231,149210,207938945,-4523640,-257884675,54469370,0,565999940,982500,47907890,119653350,734543680,358060995,5506140,305792565,65183980,734543680
2019-09-26,4910,4980,4910,4935,72668,0.0,-1585,400,-1365,2550,0,45269,400,16340,10659,72668,46854,0,17705,8109,72668,-7702575,1972000,-6861220,12591795,0,223637520,1972000,80614220,52678665,358902405,231340095,0,87475440,40086870,358902405
2019-09-27,4935,4985,4930,4985,171431,1.0131712259371835,-7492,0,-41652,49144,0,94385,0,21378,55668,171431,101877,0,63030,6524,171431,-36330895,0,-206794425,243125320,0,467674080,0,105801765,275359205,848835050,504004975,0,312596190,32233885,848835050
2019-09-30,4960,5080,4960,4995,189320,0.20060180541624875,-33162,100,-20113,53175,0,97718,100,35715,55787,189320,130880,0,55828,2612,189320,-165703120,506000,-101116090,266313210,0,488972090,506000,179165915,279400940,948044945,654675210,0,280282005,13087730,948044945
2019-10-01,4995,5020,4960,5020,105011,0.5005005005005005,43423,-4723,-26934,-11766,0,83627,200,19776,1408,105011,40204,4923,46710,13174,105011,216693610,-23542620,-134606065,-58544925,0,417508805,1000000,98777150,7049860,524335815,200815195,24542620,233383215,65594785,524335815
2019-10-02,5020,5070,4980,5000,132747,-0.398406374501992,51552,5100,-52656,-3996,0,99696,5100,20979,6972,132747,48144,0,73635,10968,132747,258770645,25663000,-264458900,-19974745,0,500665065,25663000,105225870,35072815,666626750,241894420,0,369684770,55047560,666626750
2019-10-04,5060,5070,4980,5010,112299,0.2,35326,-8008,-28962,1644,0,64693,0,33307,14299,112299,29367,8008,62269,12655,112299,176750020,-40100080,-144750385,8100445,0,323410990,0,166388450,71418000,561217440,146660970,40100080,311138835,63317555,561217440
2019-10-07,5010,5010,4975,5000,60031,-0.19960079840319359,26463,-1012,-25950,499,0,33115,3980,11957,10979,60031,6652,4992,37907,10480,60031,132006660,-5060000,-129450800,2504140,0,165249545,19900000,59639770,54813060,299602375,33242885,24960000,189090570,52308920,299602375
2019-10-08,5000,5000,4940,4945,115310,-1.0999999999999999,25664,1,-12947,-12718,0,81394,1,33754,161,115310,55730,0,46701,12879,115310,127657600,4965,-64356285,-63306280,0,403968345,4965,167479435,796145,572248890,276310745,0,231835720,64102425,572248890
2019-10-10,4990,4990,4940,4960,147017,0.3033367037411527,45302,-18753,-51685,25136,0,108569,0,10012,28436,147017,63267,18753,61697,3300,147017,224604725,-93045780,-256197970,124639025,0,538081055,0,49558280,140993670,728633005,313476330,93045780,305756250,16354645,728633005
2019-10-11,4980,4990,4920,4955,109053,-0.10080645161290322,15196,-13715,-12539,11058,0,55226,3037,34607,16183,109053,40030,16752,47146,5125,109053,75085155,-67889775,-61722600,54527220,0,272675645,15032040,171093545,79864525,538665755,197590490,82921815,232816145,25337305,538665755
2019-10-14,4980,4980,4945,4960,81077,0.10090817356205853,4010,-16170,7920,4240,0,50097,300,21836,8844,81077,46087,16470,13916,4604,81077,19976580,-80182835,39212070,20994185,0,248293985,1488000,108253970,43828630,401864585,228317405,81670835,69041900,22834445,401864585
2019-10-15,4975,4995,4960,4990,204597,0.6048387096774194,29082,-68139,5483,33574,0,112204,0,54721,37672,204597,83122,68139,49238,4098,204597,144918520,-339523810,27563420,167041870,0,558337355,0,272789180,187472550,1018599085,413418835,339523810,245225760,20430680,1018599085
2019-10-16,4990,5020,4890,4975,167991,-0.30060120240480964,-19115,-14699,35943,-2129,0,81534,301,73407,12749,167991,100649,15000,37464,14878,167991,-95031000,-73435045,178537890,-10071845,0,404305330,1489955,364263615,63668025,833726925,499336330,74925000,185725725,73739870,833726925
2019-10-17,4955,4985,4935,4975,307201,0.0,-82199,-45264,83780,43683,0,141173,1,113767,52260,307201,223372,45265,29987,8577,307201,-406434080,-224919530,414673170,216680440,0,699693425,4940,563577805,259194850,1522471020,1106127505,224924470,148904635,42514410,1522471020
2019-10-18,4945,5040,4940,4995,253795,0.4020100502512563,-12113,-39448,-10255,61816,0,139200,5435,36866,72294,253795,151313,44883,47121,10478,253795,-60021700,-196452720,-51468490,307942910,0,692954485,27032900,183709790,359987830,1263685005,752976185,223485620,235178280,52044920,1263685005
2019-10-21,4980,5000,4940,4990,367958,-0.10010010010010009,-152684,-9952,145538,17098,0,160771,2,188557,18628,367958,313455,9954,43019,1530,367958,-755074820,-49645550,719598890,85121480,0,798052430,9910,933474450,92713500,1824250290,1553127250,49655460,213875560,7592020,1824250290
2019-10-22,4955,5040,4955,5020,348545,0.6012024048096193,-167249,158135,-44265,53379,0,28458,183515,77023,59549,348545,195707,25380,121288,6170,348545,-834583990,789143010,-221762070,267203050,0,142235770,916059310,385162760,298040780,1741498620,976819760,126916300,606924830,30837730,1741498620
2019-10-23,5030,5030,4975,5020,351830,0.0,6630,5830,7197,-19657,0,258306,16830,68671,8023,351830,251676,11000,61474,27680,351830,33607220,29128185,35363240,-98098645,0,1275784965,84208185,343421395,40132865,1743547410,1242177745,55080000,308058155,138231510,1743547410
2019-10-24,5030,5030,4980,5010,51206,-0.199203187250996,1944,2100,1954,-5998,0,9047,2100,39509,550,51206,7103,0,37555,6548,51206,9766345,10501000,9749350,-30016695,0,45301230,10501000,197911560,2751820,256465610,35534885,0,188162210,32768515,256465610
2019-10-25,5030,5050,5000,5040,103874,0.5988023952095809,63086,-21900,-40086,-1100,0,66039,100,34402,3333,103874,2953,22000,74488,4433,103874,317095710,-109637840,-201994390,-5463480,0,331949000,504000,172477640,16798280,521728920,14853290,110141840,374472030,22261760,521728920
2019-10-28,5040,5070,5010,5070,63013,0.5952380952380952,13859,-18700,11036,-6195,0,13918,100,48647,348,63013,59,18800,37611,6543,63013,69811290,-94021000,55338390,-31128680,0,70108550,505000,245414890,1751730,317780170,297260,94526000,190076500,32880410,317780170
2019-10-29,5070,5090,5040,5090,71997,0.39447731755424065,28763,-26900,-3557,1694,0,28764,100,39888,3245,71997,1,27000,43445,1551,71997,145510780,-136026840,-18087300,8603360,0,145515840,507000,202215360,16448430,364686630,5060,136533840,220302660,7845070,364686630
2019-10-30,5100,5100,5040,5090,106593,0.0,17547,8329,-30793,4917,0,22898,9770,63456,10469,106593,5351,1441,94249,5552,106593,89225360,42392720,-156821470,25203390,0,116367310,49698590,321732320,53381030,541179250,27141950,7305870,478553790,28177640,541179250
2019-10-31,5080,5100,5050,5100,108089,0.19646365422396855,57764,0,-55102,-2662,0,59305,0,41594,7190,108089,1541,0,96696,9852,108089,293762860,0,-280519120,-13243740,0,301616540,0,211260750,36633870,549511160,7853680,0,491779870,49877610,549511160
2019-11-01,5110,5130,5060,5120,93715,0.39215686274509803,34647,1940,-35218,-1369,0,35648,1940,52290,3837,93715,1001,0,87508,5206,93715,176637960,9932800,-179719380,-6851380,0,181753070,9932800,267126010,19647510,478459390,5115110,0,446845390,26498890,478459390
2019-11-04,5100,5220,5100,5220,143089,1.953125,62756,1910,-65479,813,0,85749,1910,40920,14510,143089,22993,0,106399,13697,143089,323955120,9932000,-337972600,4085480,0,442855080,9932000,211973610,74727280,739487970,118899960,0,549946210,70641800,739487970
2019-11-05,5230,5400,5200,5370,300224,2.8735632183908044,103817,2124,-94859,-11082,0,198035,2224,82024,17941,300224,94218,100,176883,29023,300224,554419160,11462140,-506533060,-59348240,0,1060045010,12001140,438334970,94627840,1605008960,505625850,539000,944868030,153976080,1605008960
2019-11-06,5420,5490,5340,5390,400258,0.37243947858473,117316,3600,-98491,-22425,0,314971,3600,63219,18468,400258,197655,0,161710,40893,400258,634062550,19486000,-533290280,-120258270,0,1698246020,19486000,340153600,99924930,2157810550,1064183470,0,873443880,220183200,2157810550
2019-11-07,5380,5430,5300,5360,263856,-0.5565862708719851,-17702,-5471,30948,-7775,0,198710,1861,60413,2872,263856,216412,7332,29465,10647,263856,-93631520,-29493180,165043970,-41919270,0,1068727500,9956300,323949410,15356250,1417989460,1162359020,39449480,158905440,57275520,1417989460
2019-11-08,5350,5440,5330,5400,338543,0.7462686567164178,-62030,-4900,-108423,175353,0,114142,1100,47948,175353,338543,176172,6000,156371,0,338543,-336814400,-26491000,-586582240,949887640,0,615963130,5949000,259165770,949887640,1830965540,952777530,32440000,845748010,0,1830965540
2019-11-11,5390,5410,5350,5380,107674,-0.3703703703703704,58586,-1900,-68195,11509,0,67920,1100,12641,26013,107674,9334,3000,80836,14504,107674,315564990,-10292000,-367276610,62003620,0,365843800,5898000,68030300,140144440,579916540,50278810,16190000,435306910,78140820,579916540
2019-11-12,5380,5480,5370,5480,175012,1.858736059479554,33225,100,-89931,56606,0,69027,100,42145,63740,175012,35802,0,132076,7134,175012,179641220,548000,-488007800,307818580,0,374202180,548000,228538800,346289290,949578270,194560960,0,716546600,38470710,949578270
2019-11-13,5480,5480,5380,5480,132645,0.0,36535,2068,-50634,12031,0,73469,2068,30858,26250,132645,36934,0,81492,14219,132645,198916330,11163870,-275714500,65634300,0,400275650,11163870,167648290,143150540,722238350,201359320,0,443362790,77516240,722238350
2019-11-14,5480,5480,5240,5290,244848,-3.4671532846715327,17810,1402,-24402,5190,0,104137,1402,110758,28551,244848,86327,0,135160,23361,244848,94178310,7495700,-129026390,27352380,0,553848050,7495700,586490470,151432790,1299267010,459669740,0,715516860,124080410,1299267010
2019-11-15,5300,5350,5120,5160,235723,-2.4574669187145557,-55628,2,15267,40359,0,87750,2,104970,43001,235723,143378,0,89703,2642,235723,-287034200,10440,78456480,208567280,0,453312700,10440,542008890,222284280,1217616310,740346900,0,463552410,13717000,1217616310
2019-11-18,5120,5200,5060,5090,223499,-1.3565891472868217,-102036,-4898,66129,40805,0,28281,102,150148,44968,223499,130317,5000,84019,4163,223499,-521502340,-25081830,338100290,208483880,0,144261230,518170,767166910,229820320,1141766630,665763570,25600000,429066620,21336440,1141766630
2019-11-19,5080,5230,5020,5220,197534,2.5540275049115913,49972,100,-75048,24976,0,107997,100,37286,52151,197534,58025,0,112334,27175,197534,261568880,522000,-391299460,129208580,0,559457970,522000,190737890,269556470,1020274330,297889090,0,582037350,140347890,1020274330
2019-11-20,5200,5250,5160,5200,133510,-0.38314176245210724,52809,900,-47288,-6421,0,76100,900,34214,22296,133510,23291,0,81502,28717,133510,275008550,4665000,-246401840,-33271710,0,396490200,4665000,178361760,116257480,695774440,121481650,0,424763600,149529190,695774440
2019-11-21,5250,5270,5110,5220,127908,0.38461538461538464,45504,301,-83771,37966,0,64548,301,9076,53983,127908,19044,0,92847,16017,127908,234505310,1568130,-432314930,196241490,0,333057850,1568130,47004490,279386000,661016470,98552540,0,479319420,83144510,661016470
2019-11-22,5220,5300,5170,5290,100151,1.3409961685823755,-9649,191,-25027,34485,0,37596,191,18766,43598,100151,47245,0,43793,9113,100151,-50580920,1005930,-131138670,180713660,0,196260790,1005930,98727490,228470450,524464660,246841710,0,229866160,47756790,524464660
2019-11-25,5290,5350,5250,5330,186023,0.7561436672967864,19622,-77,-84134,64589,0,40853,123,53676,91371,186023,21231,200,137810,26782,186023,103795280,-400330,-446545060,343150110,0,216337110,655670,284358820,485312690,986664290,112541830,1056000,730903880,142162580,986664290
2019-11-26,5330,5330,5180,5200,569528,-2.4390243902439024,291,45,-17523,17187,0,36894,502,82955,449177,569528,36603,457,100478,431990,569528,1737170,227640,-92484610,90519800,0,192785000,2622470,433055060,2337719380,2966181910,191047830,2394830,525539670,2247199580,2966181910
2019-11-27,5200,5270,5100,5200,155427,0.0,-15756,100,41533,-25877,0,78833,100,60914,15580,155427,94589,0,19381,41457,155427,-79875350,511000,212826080,-133461730,0,405026710,511000,313141730,79802530,798481970,484902060,0,100315650,213264260,798481970
2019-11-28,5140,5200,5020,5060,186154,-2.6923076923076925,48461,-134,-26225,-22102,0,58855,101,118640,8558,186154,10394,235,144865,30660,186154,247682890,-697160,-132024810,-114960920,0,300928470,510740,607466020,43331870,952237100,53245580,1207900,739490830,158292790,952237100
2019-11-29,5080,5200,5020,5100,108747,0.7905138339920948,79276,-1349,-51963,-25964,0,84443,100,19514,4690,108747,5167,1449,71477,30654,108747,404961990,-6831570,-265754620,-132375800,0,431299090,510000,98687550,24040150,554536790,26337100,7341570,364442170,156415950,554536790
2019-12-02,5040,5190,5020,5070,79135,-0.5882352941176471,6523,101,-7567,943,0,18469,101,48502,12063,79135,11946,0,56069,11120,79135,33028410,512040,-38249350,4708900,0,93855740,512040,245827490,61269150,401464420,60827330,0,284076840,56560250,401464420
2019-12-03,5070,5090,4880,4925,310232,-2.8599605522682445,-84935,13640,80209,-8914,0,80432,13640,184514,31646,310232,165367,0,104305,40560,310232,-421006380,67341990,397981655,-44317265,0,397320985,67341990,916677485,157845765,1539186225,818327365,0,518695830,202163030,1539186225
2019-12-04,4980,5060,4970,5000,100442,1.5228426395939088,70390,4366,-62140,-12616,0,74789,4366,10019,11268,100442,4399,0,72159,23884,100442,353109355,21830000,-311573215,-63366140,0,375100255,21830000,50135975,56540510,503606740,21990900,0,361709190,119906650,503606740
2019-12-05,5040,5070,5000,5030,68478,0.6,16212,100,3398,-19710,0,33437,100,34659,282,68478,17225,0,31261,19992,68478,82539910,504000,16329220,-99373130,0,168797320,504000,174086550,1426920,344814790,86257410,0,157757330,100800050,344814790
2019-12-06,5080,5110,5040,5040,116007,0.19880715705765406,55316,100,-38026,-17390,0,67279,100,44496,4132,116007,11963,0,82522,21522,116007,281334600,504000,-193481470,-88357130,0,341933980,504000,226107180,21063120,589608280,60599380,0,419588650,109420250,589608280
2019-12-09,5070,5070,4915,4915,127510,-2.4801587301587302,-51355,7319,36206,7830,0,23831,7835,77288,18556,127510,75186,516,41082,10726,127510,-254088150,36122685,179293620,38671845,0,118176530,38673090,383238690,91991425,632079735,372264680,2550405,203945070,53319580,632079735
2019-12-10,4995,4995,4810,4810,242407,-2.136317395727365,-95267,10661,79609,4997,0,103072,10661,118714,9960,242407,198339,0,39105,4963,242407,-460000715,51601440,384239945,24159330,0,496894200,51601440,573515485,48129705,1170140830,956894915,0,189275540,23970375,1170140830
2019-12-11,4840,4845,4615,4625,550037,-3.8461538461538463,-170766,43200,98504,29062,0,160395,43200,303250,43192,550037,331161,0,204746,14130,550037,-794796160,202526500,456810160,135459500,0,750192880,202526500,1416722680,202504990,2571947050,1544989040,0,959912520,67045490,2571947050
2019-12-12,4580,4730,4545,4580,511907,-0.9729729729729729,-168628,10690,119098,38840,0,244474,11100,189650,66683,511907,413102,410,70552,27843,511907,-773508475,48950700,546661020,177896755,0,1121111665,50828500,872446810,306078040,2350465015,1894620140,1877800,325785790,128181285,2350465015
2019-12-13,4615,4660,4555,4625,736750,0.9825327510917031,-234006,200,205752,28054,0,409384,200,290453,36713,736750,643390,0,84701,8659,736750,-1071283995,920000,941740335,128623660,0,1877402050,920000,1330909100,168452410,3377683560,2948686045,0,389168765,39828750,3377683560
2019-12-16,4655,4885,4655,4885,672981,5.621621621621622,-276314,54927,98093,123294,0,222952,64927,226963,158139,672981,499266,10000,128870,34845,672981,-1307648410,262037505,458231920,587378985,0,1058418780,309635925,1076985570,753250935,3198291210,2366067190,47598420,618753650,165871950,3198291210
2019-12-17,4880,4925,4790,4925,126838,0.8188331627430911,45382,-31305,-21220,7143,0,54646,1701,49850,20641,126838,9264,33006,71070,13498,126838,220686060,-151753910,-103546390,34614240,0,265406340,8180825,242087670,100329680,616004515,44720280,159934735,345634060,65715440,616004515
2019-12-18,4885,5000,4885,4975,124491,1.015228426395939,-8192,200,-2926,10918,0,13067,200,77058,34166,124491,21259,0,79984,23248,124491,-40931365,990000,-14532150,54473515,0,64764810,990000,382215425,169736730,617706965,105696175,0,396747575,115263215,617706965
2019-12-19,4985,4985,4920,4945,93329,-0.6030150753768844,28735,201,-20758,-8178,0,53793,201,31233,8102,93329,25058,0,51991,16280,93329,141931770,994450,-102551095,-40375125,0,265981455,994450,154403530,40074520,461453955,124049685,0,256954625,80449645,461453955
2019-12-20,4945,4950,4875,4950,74959,0.10111223458038424,-26032,-3102,13902,15232,0,10186,201,42913,21659,74959,36218,3303,29011,6427,74959,-127460765,-15218920,67877715,74801970,0,49892810,989840,210258755,106343650,367485055,177353575,16208760,142381040,31541680,367485055
2019-12-23,4950,4975,4920,4960,39000,0.20202020202020202,-1895,1700,-8864,9059,0,5864,1700,17632,13804,39000,7759,0,26496,4745,39000,-9416830,8418000,-43908170,44907000,0,29070260,8418000,87376420,68414045,193278725,38487090,0,131284590,23507045,193278725
2019-12-24,4965,4985,4950,4985,155863,0.5040322580645161,5382,200,-10356,4774,0,14109,200,131996,9558,155863,8727,0,142352,4784,155863,26883185,994500,-51621795,23744110,0,70244715,994500,655979965,47497130,774716310,43361530,0,707601760,23753020,774716310
2019-12-26,4990,5020,4935,4950,306718,-0.7021063189568706,64594,10351,-59792,-15153,0,80121,10687,191124,24786,306718,15527,336,250916,39939,306718,320840235,51391690,-296864115,-75367810,0,398093625,53061020,950853125,123676700,1525684470,77253390,1669330,1247717240,199044510,1525684470
2019-12-27,4800,5000,4770,4990,663028,0.8080808080808081,472663,-998,-462479,-9186,0,588287,2,37880,36859,663028,115624,1000,500359,46045,663028,2333754625,-4820165,-2284809645,-44124815,0,2905780955,9835,183907680,182505280,3272203750,572026330,4830000,2468717325,226630095,3272203750
2019-12-30,4990,4990,4945,4945,55654,-0.9018036072144289,34757,1,-18278,-16480,0,39838,1,15757,58,55654,5081,0,34035,16538,55654,173067770,4960,-91112605,-81960125,0,198305825,4960,78217145,286810,276814740,25238055,0,169329750,82246935,276814740
2020-01-02,4985,4985,4890,4890,113106,-1.1122345803842264,37021,101,-22490,-14632,0,77084,101,35341,580,113106,40063,0,57831,15212,113106,181771835,495420,-110287590,-71979665,0,378803905,495420,173735085,2847800,555882210,197032070,0,284022675,74827465,555882210
2020-01-03,4890,4925,4805,4845,117567,-0.9202453987730062,16980,200,-16251,-929,0,69139,200,44683,3545,117567,52159,0,60934,4474,117567,82421600,968500,-78923340,-4466760,0,336920560,968500,217171045,17355955,572416060,254498960,0,296094385,21822715,572416060
2020-01-06,4840,4860,4790,4815,45403,-0.6191950464396285,17160,102,-20401,3139,0,20489,102,20234,4578,45403,3329,0,40635,1439,45403,82765860,492105,-98513400,15255435,0,98861190,492105,97485640,22207275,219046210,16095330,0,195999040,6951840,219046210
2020-01-07,4795,4890,4795,4890,143672,1.557632398753894,89820,101,-105837,15916,0,112824,101,6992,23755,143672,23004,0,112829,7839,143672,436866725,493325,-514860525,77500475,0,549284785,493325,33996645,115663965,699438720,112418060,0,548857170,38163490,699438720
2020-01-08,4890,4895,4785,4790,167828,-2.044989775051125,-50221,-1898,64746,-12627,0,43527,102,122534,1665,167828,93748,2000,57788,14292,167828,-240986085,-9191355,311047500,-60870060,0,209365295,488645,589995915,8002395,807852250,450351380,9680000,278948415,68872455,807852250
2020-01-09,4820,4875,4755,4795,142294,0.10438413361169101,-53762,100,54827,-1165,0,58120,100,83493,581,142294,111882,0,28666,1746,142294,-257453340,477500,262640875,-5665035,0,278262570,477500,399960355,2768260,681468685,535715910,0,137319480,8433295,681468685
2020-01-10,4845,4875,4765,4850,61497,1.1470281543274243,35912,101,-28158,-7855,0,39393,101,19406,2597,61497,3481,0,47564,10452,61497,173005450,489785,-135559925,-37935310,0,189742655,489785,92979625,12544270,295756335,16737205,0,228539550,50479580,295756335
2020-01-13,4855,4855,4755,4780,98672,-1.443298969072165,27986,102,-14602,-13486,0,56618,102,41062,890,98672,28632,0,55664,14376,98672,135016595,490530,-70799380,-64707745,0,271901250,490530,196597500,4250450,473239730,136884655,0,267396880,68958195,473239730
2020-01-14,4780,4830,4745,4770,67706,-0.20920502092050208,6193,-381,-1765,-4047,0,15852,103,51600,151,67706,9659,484,53365,4198,67706,29459120,-1811180,-8373760,-19274180,0,75385655,491290,245647870,717280,322242095,45926535,2302470,254021630,19991460,322242095
2020-01-15,4830,4830,4760,4800,51478,0.628930817610063,2174,102,29,-2305,0,19654,102,29561,2161,51478,17480,0,29532,4466,51478,10637550,488575,-24705,-11101420,0,94286430,488575,141596345,10322435,246693785,83648880,0,141621050,21423855,246693785
2020-01-16,4850,4850,4770,4830,59392,0.625,8721,-743,67,-8045,0,20711,100,38020,561,59392,11990,843,37953,8606,59392,42141120,-3546765,17330,-38611685,0,99594755,479500,182555150,2684180,285313585,57453635,4026265,182537820,41295865,285313585
2020-01-17,4790,4830,4735,4750,153938,-1.6563146997929608,43061,9700,-43389,-9372,0,80579,10100,62191,1068,153938,37518,400,105580,10440,153938,207171425,45960000,-208176190,-44955235,0,385908460,47875000,297367510,5082720,736233690,178737035,1915000,505543700,50037955,736233690
2020-01-20,4750,4790,4700,4760,50425,0.21052631578947367,14860,2028,-16139,-749,0,16736,2028,29563,2098,50425,1876,0,45702,2847,50425,70503480,9556570,-76455625,-3604425,0,79429630,9556570,139879405,9931365,238796970,8926150,0,216335030,13535790,238796970
2020-01-21,4795,4795,4680,4760,65810,0.0,16373,-166,-14395,-1812,0,22997,0,42130,683,65810,6624,166,56525,2495,65810,77602560,-786840,-68190285,-8625435,0,109102600,0,199611905,3241240,311955745,31500040,786840,267802190,11866675,311955745
2020-01-22,4785,4800,4725,4800,37938,0.8403361344537815,14264,0,-13388,-876,0,27771,0,8700,1467,37938,13507,0,22088,2343,37938,68336135,0,-64146610,-4189525,0,132800265,0,41449125,6999600,181248990,64464130,0,105595735,11189125,181248990
2020-01-23,4800,4840,4760,4800,125117,0.0,-5596,500,725,4371,0,20489,500,96786,7342,125117,26085,0,96061,2971,125117,-26639445,2403500,3190880,21045065,0,98624865,2403500,464168480,35327390,600524235,125264310,0,460977600,14282325,600524235
2020-01-28,4835,4835,4730,4750,48617,-1.0416666666666665,14195,-2799,-4965,-6431,0,17609,201,30766,41,48617,3414,3000,35731,6472,48617,67385250,-13262760,-23598195,-30524295,0,83578360,953255,146112435,194720,230838770,16193110,14216015,169710630,30719015,230838770
2020-01-29,4750,4765,4730,4760,48424,0.21052631578947367,19015,-597,-13884,-4534,0,19955,403,27173,893,48424,940,1000,41057,5427,48424,90230305,-2823520,-65892630,-21514155,0,94693335,1913980,128880245,4238840,229726400,4463030,4737500,194772875,25752995,229726400
2020-01-30,4795,4795,4745,4775,25363,0.31512605042016806,13365,2,-12204,-1163,0,13365,2,11994,2,25363,0,0,24198,1165,25363,63712180,9535,-58169325,-5552390,0,63712180,9535,57326240,9490,121057445,0,0,115495565,5561880,121057445
2020-01-31,4795,4795,4745,4775,41885,0.0,16560,1602,-16191,-1971,0,19918,1602,18678,1687,41885,3358,0,34869,3658,41885,78921595,7609535,-77124710,-9406420,0,94929255,7609535,89016375,8039350,199594515,16007660,0,166141085,17445770,199594515
2020-02-03,4770,4780,4740,4770,85061,-0.10471204188481677,59348,102,-58500,-950,0,63169,102,21517,273,85061,3821,0,80017,1223,85061,282613120,486515,-278564240,-4535395,0,300808290,486515,102376745,1299315,404970865,18195170,0,380940985,5834710,404970865
2020-02-04,4790,4790,4720,4745,56589,-0.5241090146750524,10875,2,-8247,-2630,0,26982,2,29396,209,56589,16107,0,37643,2839,56589,51621125,9520,-39132660,-12497985,0,128163100,9520,139698865,996375,268867860,76541975,0,178831525,13494360,268867860
2020-02-05,4740,4790,4740,4780,66556,0.7376185458377239,24232,300,-46574,22042,0,26772,300,16032,23452,66556,2540,0,62606,1410,66556,115311490,1435500,-221872485,105125495,0,127456855,1435500,76417175,111851315,317160845,12145365,0,298289660,6725820,317160845
2020-02-06,4820,4820,4740,4770,31165,-0.20920502092050208,3555,100,-2369,-1286,0,7643,100,20952,2470,31165,4088,0,23321,3756,31165,17014800,477000,-11407620,-6084180,0,36412755,477000,99861945,11799315,148551015,19397955,0,111269565,17883495,148551015
2020-02-07,4770,4785,4745,4775,37125,0.10482180293501049,19865,100,-18943,-1022,0,20293,100,16674,58,37125,428,0,35617,1080,37125,94651860,478000,-90269390,-4860470,0,96699840,478000,79274490,276890,176729220,2047980,0,169543880,5137360,176729220
2020-02-10,4770,4830,4740,4815,87551,0.8376963350785341,27039,-1311,-28825,3097,0,29759,101,53527,4164,87551,2720,1412,82352,1067,87551,128850995,-6326150,-137431350,14906505,0,141958895,486750,256663975,19990210,419099830,13107900,6812900,394095325,5083705,419099830
2020-02-11,4845,4850,4750,4830,66688,0.3115264797507788,27716,-900,-30997,4181,0,28616,100,28848,9124,66688,900,1000,59845,4943,66688,133387480,-4352000,-149219015,20183535,0,137730030,483000,138846675,44013905,321073610,4342550,4835000,288065690,23830370,321073610
2020-02-12,4825,4845,4785,4800,46788,-0.6211180124223602,19501,-964,-18179,-358,0,21471,36,24296,985,46788,1970,1000,42475,1343,46788,93920715,-4656335,-87559530,-1704850,0,103430310,173665,117271400,4762610,225637985,9509595,4830000,204830930,6467460,225637985
2020-02-13,4830,4830,4770,4785,88913,-0.3125,62526,280,-55184,-7622,0,62546,280,26007,80,88913,20,0,81191,7702,88913,299697305,1342770,-264530985,-36509090,0,299793405,1342770,124527025,382800,426046000,96100,0,389058010,36891890,426046000
2020-02-14,4800,4800,4680,4720,177172,-1.3584117032392893,-80320,341,87240,-7261,0,27081,341,145643,4107,177172,107401,0,58403,11368,177172,-378696670,1623210,411581920,-34508460,0,128027290,1623210,688127175,19314780,837092455,506723960,0,276545255,53823240,837092455
2020-02-17,4750,4765,4665,4720,121448,0.0,-28218,155,32101,-4038,0,48079,155,71610,1604,121448,76297,0,39509,5642,121448,-132525170,732500,150783270,-18990600,0,225794490,732500,336147560,7565310,570239860,358319660,0,185364290,26555910,570239860
2020-02-18,4730,4730,4675,4710,50575,-0.211864406779661,13236,125,-12156,-1205,0,28695,125,21755,0,50575,15459,0,33911,1205,50575,62106380,586440,-57025940,-5666880,0,134642070,586440,102106695,0,237335205,72535690,0,159132635,5666880,237335205
2020-02-19,4745,4750,4710,4750,45252,0.8492569002123143,10478,471,-12473,1524,0,11163,471,31902,1716,45252,685,0,44375,192,45252,49571165,2229585,-59006760,7206010,0,52816285,2229585,151154005,8115285,214315160,3245120,0,210160765,909275,214315160
2020-02-20,4750,4795,4730,4755,59445,0.10526315789473684,16080,537,-28520,11903,0,24960,537,22045,11903,59445,8880,0,50565,0,59445,76405530,2557195,-135504320,56541595,0,118614585,2557195,104812150,56541595,282525525,42209055,0,240316470,0,282525525
2020-02-21,4740,4795,4740,4780,43566,0.5257623554153523,17559,-884,-16057,-618,0,22737,116,20025,688,43566,5178,1000,36082,1306,43566,83573580,-4226140,-76399420,-2948020,0,108268090,553860,95412340,3268000,207502290,24694510,4780000,171811760,6216020,207502290
2020-02-24,4775,4810,4720,4770,102075,-0.20920502092050208,39906,101,-42862,2855,0,62933,101,26984,12057,102075,23027,0,69846,9202,102075,190631325,479770,-204913350,13802255,0,299726335,479770,128349165,57785720,486340990,109095010,0,333262515,43983465,486340990
2020-02-25,4800,4800,4710,4780,40352,0.20964360587002098,16745,501,-9937,-7309,0,22935,501,16657,259,40352,6190,0,26594,7568,40352,79738875,2389740,-47372640,-34755975,0,109244525,2389740,79323220,1236100,192193585,29505650,0,126695860,35992075,192193585
2020-02-26,4780,4780,4745,4750,33144,-0.6276150627615062,19549,1,-9927,-9623,0,21945,1,11188,10,33144,2396,0,21115,9633,33144,93006500,4765,-47274665,-45736600,0,104394140,4765,53233155,47590,157679650,11387640,0,100507820,45784190,157679650
2020-02-27,4785,4795,4715,4730,86952,-0.42105263157894735,37764,0,-30167,-7597,0,39370,0,46759,823,86952,1606,0,76926,8420,86952,178758885,0,-142805980,-35952905,0,186385530,0,221568105,3891485,411845120,7626645,0,364374085,39844390,411845120
2020-02-28,4700,4825,4560,4660,184653,-1.4799154334038054,23541,-20438,-10338,7235,0,53731,2062,115942,12918,184653,30190,22500,126280,5683,184653,108762735,-94849175,-47597800,33684240,0,248989150,9562750,539543545,60137840,858233285,140226415,104411925,587141345,26453600,858233285
2020-03-02,4610,4700,4560,4625,137316,-0.7510729613733905,5223,-12804,19151,-11570,0,32899,4722,89468,10227,137316,27676,17526,70317,21797,137316,23969905,-58727675,87716030,-52958260,0,151185155,21756975,411296540,47241040,631479710,127215250,80484650,323580510,100199300,631479710
2020-03-03,4700,4705,4625,4625,71640,0.0,-5804,-800,10862,-4258,0,12113,200,58915,412,71640,17917,1000,48053,4670,71640,-26822780,-3723000,50332800,-19787020,0,56566075,927000,273858270,1905500,333256845,83388855,4650000,223525470,21692520,333256845
2020-03-04,4680,4720,4625,4715,80250,1.9459459459459458,14885,-14800,8556,-8641,0,28325,200,48446,3279,80250,13440,15000,39890,11920,80250,69595550,-68859000,39522550,-40259100,0,132130735,941000,225296145,15345690,373713570,62535185,69800000,185773595,55604790,373713570
2020-03-05,4720,4835,4720,4830,95740,2.4390243902439024,41491,-4500,-35688,-1303,0,47130,4000,39666,4944,95740,5639,8500,75354,6247,95740,199310800,-21759000,-171311595,-6240205,0,226494130,19163500,190820275,23748925,460226830,27183330,40922500,362131870,29989130,460226830
2020-03-06,4840,4840,4750,4810,59072,-0.4140786749482402,3886,301,-3394,-793,0,15633,301,30542,12596,59072,11747,0,33936,13389,59072,19030810,1434305,-16565895,-3899220,0,75179450,1434305,146447415,60500950,283562120,56148640,0,163013310,64400170,283562120
2020-03-09,4770,4770,4655,4680,112595,-2.7027027027027026,26039,603,-17866,-8776,0,41656,603,70174,162,112595,15617,0,88040,8938,112595,122088330,2819175,-83816000,-41091505,0,195218390,2819175,328850380,758160,527646105,73130060,0,412666380,41849665,527646105
2020-03-10,4625,4890,4425,4650,105175,-0.641025641025641,-2311,-13004,25883,-10568,0,27452,401,71506,5816,105175,29763,13405,45623,16384,105175,-10325515,-60010635,119285695,-48949545,0,126977470,1864600,329462980,26789675,485094725,137302985,61875235,210177285,75739220,485094725
2020-03-11,4700,4700,4555,4600,96150,-1.0752688172043012,30474,-1494,-22918,-6062,0,41867,2506,49460,2317,96150,11393,4000,72378,8379,96150,139398800,-6889340,-104422675,-28086785,0,192090050,11550660,227250685,10622835,441514230,52691250,18440000,331673360,38709620,441514230
2020-03-12,4505,4605,4410,4465,174492,-2.9347826086956523,7440,11264,-21349,2645,0,68950,11264,81323,12955,174492,61510,0,102672,10310,174492,34560625,50124050,-96428525,11743850,0,308962320,50124050,364282935,57828430,781197735,274401695,0,460711460,46084580,781197735
2020-03-13,4400,4400,4180,4230,262898,-5.263157894736842,-50332,-12298,57770,4860,0,31103,17702,184029,30064,262898,81435,30000,126259,25204,262898,-211549235,-51861815,242965885,20445165,0,130943245,74306890,776201965,126776140,1108228240,342492480,126168705,533236080,106330975,1108228240
2020-03-16,4265,4330,4110,4145,442664,-2.0094562647754137,-223247,29104,179561,14582,0,137659,29104,237678,38223,442664,360906,0,58117,23641,442664,-938306520,121693215,755344685,61268620,0,578071210,121693215,998193885,160640480,1858598790,1516377730,0,242849200,99371860,1858598790
2020-03-17,4000,4185,3850,4085,310884,-1.4475271411338964,-151045,30455,93612,26978,0,74751,30455,171634,34044,310884,225796,0,78022,7066,310884,-603611260,121683890,374049155,107878215,0,299783905,121683890,687003025,136380475,1244851295,903395165,0,312953870,28502260,1244851295
2020-03-18,4100,4125,3805,3875,484906,-5.140758873929008,-241532,43211,195818,2503,0,109186,43211,305949,26560,484906,350718,0,110131,24057,484906,-946183700,168706380,767549260,9928060,0,431835540,168706380,1202716810,104345225,1907603955,1378019240,0,435167550,94417165,1907603955
2020-03-19,3890,3895,3315,3500,714357,-9.67741935483871,-115785,97351,92540,-74106,0,194167,97351,403506,19333,714357,309952,0,310966,93439,714357,-391649930,342014555,310536800,-260901425,0,686419065,342014555,1418435280,69052570,2515921470,1078068995,0,1107898480,329953995,2515921470
2020-03-20,3640,3660,3325,3430,597686,-2.0,-343820,68301,310979,-35460,0,85717,68301,443668,0,597686,429537,0,132689,35460,597686,-1178660925,239488910,1064863250,-125691235,0,299112595,239488910,1535074955,0,2073676460,1477773520,0,470211705,125691235,2073676460
2020-03-23,3370,3370,3150,3190,457128,-6.997084548104956,-128050,100773,23393,3884,0,83977,100773,264746,7632,457128,212027,0,241353,3748,457128,-408689530,326851045,69175505,12662980,0,272368500,326851045,853036675,24813470,1477069690,681058030,0,783861170,12150490,1477069690
2020-03-24,3200,3290,3180,3265,199062,2.3510971786833856,-39854,8190,35548,-3884,0,27849,8190,159354,3669,199062,67703,0,123806,7553,199062,-128539615,26441780,114677510,-12579675,0,89612525,26441780,512270815,11777295,640102415,218152140,0,397593305,24356970,640102415
2020-03-25,3440,3800,3390,3675,364191,12.557427258805513,-577,51196,-87471,36852,0,113073,51196,148114,51808,364191,113650,0,235585,14956,364191,1402710,180887550,-314228860,131938600,0,407869430,180887550,523204405,185710975,1297672360,406466720,0,837433265,53772375,1297672360
2020-03-26,3740,3950,3670,3900,304999,6.122448979591836,55841,-21818,-31494,-2529,0,143135,8182,129495,24187,304999,87294,30000,160989,26716,304999,217733280,-86298790,-122342665,-9091825,0,547520960,30701210,495722570,92130020,1166074760,329787680,117000000,618065235,101221845,1166074760
2020-03-27,4000,4090,3925,4050,221991,3.8461538461538463,114781,-5356,-97445,-11980,0,139182,100,81677,1032,221991,24401,5456,179122,13012,221991,462946210,-21689300,-392774075,-48482835,0,561430085,406500,327908520,4141490,893886595,98483875,22095800,720682595,52624325,893886595
2020-03-30,3990,4065,3750,4055,232609,0.12345679012345678,131992,5863,-141280,3425,0,172334,8101,47328,4846,232609,40342,2238,188608,1421,232609,527642570,21899205,-563149215,13607440,0,689898375,30809480,187944560,19301760,927954175,162255805,8910275,751093775,5694320,927954175
2020-03-31,4095,4150,4065,4145,69613,2.219482120838471,14667,5539,-24290,4084,0,40614,5810,17881,5308,69613,25947,271,42171,1224,69613,60494650,22958665,-100138875,16685560,0,166459140,24082395,72972830,21739310,285253675,105964490,1123730,173111705,5053750,285253675
2020-04-01,4170,4170,4000,4000,77016,-3.4981905910735827,15505,7283,-17201,-5587,0,24550,7283,36419,8764,77016,9045,0,53620,14351,77016,63426695,29165535,-69629030,-22963200,0,100575500,29165535,147619245,35649390,313009670,37148805,0,217248275,58612590,313009670
2020-04-02,4000,4040,3940,3995,91183,-0.125,37948,2628,-39590,-986,0,56650,2877,27742,3914,91183,18702,249,67332,4900,91183,150693205,10374410,-157177800,-3889815,0,225339245,11364185,110520365,15587955,362811750,74646040,989775,267698165,19477770,362811750
2020-04-03,4010,4040,3900,3985,174893,-0.2503128911138924,67197,11802,-79108,109,0,95510,25202,45486,8695,174893,28313,13400,124594,8586,174893,268023600,46586750,-315132330,521980,0,381217495,99551405,180909795,34786540,696465235,113193895,52964655,496042125,34264560,696465235
2020-04-06,4060,4060,3850,3990,171544,0.12547051442910914,32603,2401,-17642,-17362,0,78915,2401,85206,5022,171544,46312,0,102848,22384,171544,129616790,9551975,-70137280,-69031485,0,314036595,9551975,338190060,20012670,681791300,184419805,0,408327340,89044155,681791300
2020-04-07,4000,4175,3990,4130,209601,3.508771929824561,23808,35900,-67078,7370,0,76623,41100,79592,12286,209601,52815,5200,146670,4916,209601,97152465,143825235,-270593700,29616000,0,311095085,164700235,321564190,49437075,846796585,213942620,20875000,592157890,19821075,846796585
2020-04-08,4120,4120,4030,4100,52634,-0.7263922518159807,31786,-9270,-20313,-2203,0,40755,401,11478,0,52634,8969,9671,31791,2203,52634,129837290,-37828450,-82998925,-9009915,0,166446385,1640605,46830490,0,214917480,36609095,39469055,129829415,9009915,214917480
2020-04-09,4150,4150,4085,4135,69311,0.853658536585366,44767,-4050,-37888,-2829,0,57291,479,11541,0,69311,12524,4529,49429,2829,69311,184021255,-16623220,-155785495,-11612540,0,235484740,1979165,47406030,0,284869935,51463485,18602385,203191525,11612540,284869935
2020-04-10,4130,4135,4070,4135,76625,0.0,5111,477,-7599,2011,0,53718,677,19970,2260,76625,48607,200,27569,249,76625,21017320,1959785,-31188185,8211080,0,219852590,2779785,81696535,9238205,313567115,198835270,820000,112884720,1027125,313567115
2020-04-13,4095,4120,4020,4095,110384,-0.9673518742442563,15085,-190,-18204,3309,0,62617,410,37933,9424,110384,47532,600,56137,6115,110384,61538725,-767575,-74486780,13715630,0,255937335,1677425,154798515,38661640,451074915,194398610,2445000,229285295,24946010,451074915
2020-04-14,4135,4135,4065,4100,41770,0.1221001221001221,17858,400,-13070,-5188,0,23422,400,17948,0,41770,5564,0,31018,5188,41770,73056695,1638000,-53490210,-21204485,0,95822555,1638000,73371765,0,170832320,22765860,0,126861975,21204485,170832320
2020-04-16,4125,4135,4005,4085,58070,-0.3658536585365854,29740,3704,-18467,-14977,0,31513,3704,22818,35,58070,1773,0,41285,15012,58070,121249965,15175825,-75309380,-61116410,0,128477070,15175825,93092075,140875,236885845,7227105,0,168401455,61257285,236885845
2020-04-17,4090,4180,4025,4100,236586,0.36719706242350064,-36545,-5748,52523,-10230,0,93766,4165,119095,19560,236586,130311,9913,66572,29790,236586,-149139045,-24153925,215284655,-41991685,0,384559670,16985025,488041630,79956700,969543025,533698715,41138950,272756975,121948385,969543025
2020-04-20,4100,4160,4070,4130,159963,0.7317073170731708,-33708,501,35369,-2162,0,98290,601,60309,763,159963,131998,100,24940,2925,159963,-138179740,2060600,144990240,-8871100,0,404161575,2474600,247588510,3131485,657356170,542341315,414000,102598270,12002585,657356170
2020-04-21,4130,4130,4030,4090,145757,-0.9685230024213075,-60625,5102,58611,-3088,0,62588,5102,76147,1920,145757,123213,0,17536,5008,145757,-245683840,20682105,237447720,-12445985,0,253987545,20682105,308476940,7788380,590934970,499671385,0,71029220,20234365,590934970
2020-04-22,4025,4080,3985,4020,298410,-1.7114914425427872,-159473,14752,138603,6118,0,103592,14802,162213,17803,298410,263065,50,23610,11685,298410,-639447595,59002285,555853810,24591500,0,416100940,59204035,650969600,71506345,1197780920,1055548535,201750,95115790,46914845,1197780920
2020-04-23,4030,4110,4025,4095,172303,1.8656716417910446,25121,4000,-28657,-464,0,107387,4000,51186,9730,172303,82266,0,79843,10194,172303,102430785,16295000,-116883100,-1842685,0,437402575,16295000,209101535,39538980,702338090,334971790,0,325984635,41381665,702338090
2020-04-24,4095,4095,4030,4085,83449,-0.2442002442002442,22991,4778,-28561,792,0,61956,4803,14207,2483,83449,38965,25,42768,1691,83449,92697540,19304550,-115204735,3202645,0,250674100,19406175,57528120,10044845,337653240,157976560,101625,172732855,6842200,337653240
2020-04-27,4080,4090,4030,4090,112891,0.12239902080783352,7013,4292,-14649,3344,0,50991,4802,52932,4166,112891,43978,510,67581,822,112891,28315810,17505405,-59489460,13668245,0,207081145,19571105,214633930,17006005,458292185,178765335,2065700,274123390,3337760,458292185
2020-04-28,4115,4115,4040,4075,148751,-0.36674816625916873,-65771,-100,69098,-3227,0,47629,4900,87445,8777,148751,113400,5000,18347,12004,148751,-268534475,-262925,281710135,-12912735,0,194333250,19973080,356572120,35924320,606802770,462867725,20236005,74861985,48837055,606802770
2020-04-29,4080,4165,4040,4090,116865,0.36809815950920244,-6403,-45594,49022,2975,0,38028,4800,66243,7794,116865,44431,50394,17221,4819,116865,-25638345,-184583855,198066195,12156005,0,155001375,19554000,268499330,31746410,474801115,180639720,204137855,70433135,19590405,474801115
2020-05-04,4075,4075,4030,4050,37979,-0.9779951100244498,3486,4702,-6786,-1402,0,15674,5402,16430,473,37979,12188,700,23216,1875,37979,14014320,19003075,-27353445,-5663950,0,63362850,21837075,66483910,1915650,153599485,49348530,2834000,93837355,7579600,153599485
2020-05-06,4075,4090,4045,4070,234545,0.49382716049382713,-21227,64252,-43025,0,0,133863,65052,29696,5934,234545,155090,800,72721,5934,234545,-86332300,261396730,-175132460,68030,0,545415155,264655730,120863865,24219410,955154160,631747455,3259000,295996325,24151380,955154160
2020-05-07,4090,4090,4030,4085,78562,0.36855036855036855,-5186,1902,1389,1895,0,25261,2302,49104,1895,78562,30447,400,47715,0,78562,-20850705,7674090,5435540,7741075,0,102695990,9308090,198676800,7741075,318421955,123546695,1634000,193241260,0,318421955
2020-05-08,4090,4090,4035,4040,61824,-1.101591187270502,-3542,-197,3777,-38,0,19555,303,41966,0,61824,23097,500,38189,38,61824,-14441745,-795860,15392645,-155040,0,79236075,1224140,169778270,0,250238485,93677820,2020000,154385625,155040,250238485
2020-05-11,4030,4080,4030,4060,50072,0.49504950495049505,-18596,254,16281,2061,0,17054,300,30657,2061,50072,35650,46,14376,0,50072,-75338090,1028520,65962520,8347050,0,69096355,1215000,124145985,8347050,202804390,144434445,186480,58183465,0,202804390
2020-05-12,4075,4075,4030,4030,28250,-0.7389162561576355,11387,-2659,-7467,-1261,0,20184,401,7665,0,28250,8797,3060,15132,1261,28250,46045060,-10718900,-30229690,-5096470,0,81674240,1624035,30975885,0,114274160,35629180,12342935,61205575,5096470,114274160
2020-05-13,4045,4045,4000,4030,65972,0.0,-10104,0,13339,-3235,0,30705,300,34967,0,65972,40809,300,21628,3235,65972,-40722885,0,53740670,-13017785,0,123738055,1209000,140860060,0,265807115,164460940,1209000,87119390,13017785,265807115
2020-05-14,4030,4030,3980,3995,44779,-0.8684863523573202,1251,-296,-955,0,0,11269,4,33506,0,44779,10018,300,34461,0,44779,5004690,-1182480,-3822210,0,0,45108585,16020,133966980,0,179091585,40103895,1198500,137789190,0,179091585
2020-05-15,4050,4050,3980,4000,40543,0.1251564455569462,906,-379,-2997,2470,0,17098,0,20974,2471,40543,16192,379,23971,1,40543,3604490,-1516000,-11971810,9883320,0,68410525,0,83918025,9887330,162215880,64806035,1516000,95889835,4010,162215880
2020-05-18,4070,4070,3995,4045,57365,1.125,29937,-3725,-27150,938,0,38421,300,15923,2721,57365,8484,4025,43073,1783,57365,120923545,-15038500,-109638740,3753695,0,155234625,1213000,64268145,10955165,231670935,34311080,16251500,173906885,7201470,231670935
2020-05-19,4020,4080,4000,4065,113249,0.4944375772558714,12730,-55989,17960,25299,0,19455,1100,66286,26408,113249,6725,57089,48326,1109,113249,51661890,-225342160,72034000,101646270,0,79032185,4427500,268173085,106147310,457780080,27370295,229769660,196139085,4501040,457780080
2020-05-20,4065,4070,4035,4055,9999,-0.24600246002460024,469,100,232,-801,0,2832,100,7067,0,9999,2363,0,6835,801,9999,1907415,407000,939020,-3253435,0,11508610,407000,28670395,0,40586005,9601195,0,27731375,3253435,40586005
2020-05-21,4070,4120,4060,4060,103122,0.12330456226880394,-17914,-11900,38083,-8269,0,2795,100,98602,1625,103122,20709,12000,60519,9894,103122,-72996255,-48623000,155306045,-33686790,0,11384855,407000,402911400,6651730,421354985,84381110,49030000,247605355,40338520,421354985
2020-05-22,4060,4290,4060,4150,165859,2.2167487684729066,88096,-37800,-46590,-3706,0,100913,100,53499,11347,165859,12817,37900,100089,15053,165859,364583930,-156824500,-192266425,-15493005,0,417767165,413500,222591000,47099975,687871640,53183235,157238000,414857425,62592980,687871640
2020-05-25,4145,4145,4035,4095,85521,-1.3253012048192772,12655,503,-5020,-8138,0,19288,1003,65230,0,85521,6633,500,70250,8138,85521,51953470,2052345,-20569070,-33436745,0,79156905,4107345,267001540,0,350265790,27203435,2055000,287570610,33436745,350265790
2020-05-26,4100,4145,4060,4105,83382,0.2442002442002442,14226,-9635,-9903,5312,0,18959,1300,57080,6043,83382,4733,10935,66983,731,83382,58366320,-39496850,-40698790,21829320,0,77865520,5355350,234517815,24841040,342579725,19499200,44852200,275216605,3011720,342579725
2020-05-27,4100,4235,4075,4190,142062,2.0706455542021924,66247,-9500,-71678,14931,0,67736,500,58107,15719,142062,1489,10000,129785,788,142062,273717265,-38935000,-296548815,61766550,0,279845280,2065000,240196525,65099790,587206595,6128015,41000000,536745340,3333240,587206595
2020-05-28,4150,4225,4150,4175,65307,-0.35799522673031026,17687,-9997,-19562,11872,0,17887,3,35078,12339,65307,200,10000,54640,467,65307,73727950,-41487530,-81712100,49471680,0,74562950,12470,146031450,51435040,272041910,835000,41500000,227743550,1963360,272041910
2020-05-29,4170,4280,4155,4250,118975,1.7964071856287425,27875,-30000,-16041,18166,0,31858,0,56112,31005,118975,3983,30000,72153,12839,118975,116972750,-126700000,-67606590,77333840,0,133896625,0,236472975,131765995,502135595,16923875,126700000,304079565,54432155,502135595
2020-06-01,4225,4300,4225,4255,92806,0.1176470588235294,-18700,-9000,45586,-17886,0,23423,1000,68383,0,92806,42123,10000,22797,17886,92806,-79892680,-38425000,194280290,-75962610,0,100065600,4275000,291701220,0,396041820,179958280,42700000,97420930,75962610,396041820
2020-06-02,4300,4325,4225,4280,71154,0.5875440658049353,5984,1000,4339,-11323,0,28334,1000,41583,237,71154,22350,0,37244,11560,71154,25327945,4245000,18634130,-48207075,0,120510100,4245000,177112980,1019100,302887180,95182155,0,158478850,49226175,302887180
2020-06-03,4295,4300,4260,4280,82872,0.0,737,-6448,4776,935,0,34989,1001,45011,1871,82872,34252,7449,40235,936,82872,3228120,-27735185,20488235,4018830,0,149743415,4295515,192534560,8013225,354586715,146515295,32030700,172046325,3994395,354586715
2020-06-04,4280,4310,4205,4240,94173,-0.9345794392523363,-9721,4815,5267,-361,0,24875,4815,61208,3275,94173,34596,0,55941,3636,94173,-40804410,20393470,21894960,-1484020,0,105457785,20393470,259404010,13930870,399186135,146262195,0,237509050,15414890,399186135
2020-06-05,4290,4290,4195,4245,73462,0.1179245283018868,-31321,3885,27822,-386,0,23047,3885,46530,0,73462,54368,0,18708,386,73462,-132127115,16385755,117374140,-1632780,0,97114335,16385755,196173385,0,309673475,229241450,0,78799245,1632780,309673475
2020-06-08,4250,4285,4210,4230,31158,-0.35335689045936397,637,378,-1020,5,0,5713,378,25062,5,31158,5076,0,26082,0,31158,2653795,1594865,-4269810,21150,0,24220125,1594865,106092355,21150,131928495,21566330,0,110362165,0,131928495
2020-06-09,4195,4230,4190,4205,87544,-0.5910165484633569,1384,3,-9977,8590,0,25854,3,51855,9832,87544,24470,0,61832,1242,87544,5839290,12615,-42054980,36203075,0,108831300,12615,218199825,41432355,368476095,102992010,0,260254805,5229280,368476095
2020-06-10,4290,4290,4190,4190,73464,-0.356718192627824,-8917,0,6103,2814,0,24887,0,42289,6288,73464,33804,0,36186,3474,73464,-37475875,0,25676145,11799730,0,104523225,0,177631510,26404205,308558940,141999100,0,151955365,14604475,308558940
2020-06-11,4200,4210,4165,4185,48225,-0.11933174224343676,2779,0,-8022,5243,0,14038,0,26351,7836,48225,11259,0,34373,2593,48225,11485690,0,-33470660,21984970,0,58768960,0,110299775,32843610,201912345,47283270,0,143770435,10858640,201912345
2020-06-12,4020,4115,4005,4055,171542,-3.106332138590203,-52055,3,33116,18936,0,21804,3,124461,25274,171542,73859,0,91345,6338,171542,-211643325,12255,135350445,76280625,0,88406790,12255,504483120,102105140,695007305,300050115,0,369132675,25824515,695007305
2020-06-15,4085,4085,4020,4060,102477,0.12330456226880394,-16696,1185,20012,-4501,0,27678,1185,65984,7630,102477,44374,0,45972,12131,102477,-67623370,4796000,80944945,-18117575,0,111914265,4796000,266465975,30873110,414049350,179537635,0,185521030,48990685,414049350
2020-06-16,4095,4115,4055,4115,62233,1.354679802955665,-11589,0,1931,9658,0,14423,0,36746,11064,62233,26012,0,34815,1406,62233,-47022360,0,7521540,39500820,0,59030680,0,149439050,45216730,253686460,106053040,0,141917510,5715910,253686460
2020-06-17,4130,4130,4030,4105,44348,-0.24301336573511542,5209,2566,-5033,-2742,0,11267,2566,30203,312,44348,6058,0,35236,3054,44348,21139485,10393330,-20318915,-11213900,0,45952520,10393330,123024505,1264935,180635290,24813035,0,143343420,12478835,180635290
2020-06-18,4150,4150,4060,4070,24995,-0.8526187576126675,8770,50,-8754,-66,0,9902,50,14765,278,24995,1132,0,23519,344,24995,35761065,203750,-35669000,-295815,0,40389120,203750,60273600,1131460,101997930,4628055,0,95942600,1427275,101997930
2020-06-19,4100,4100,4010,4010,103766,-1.4742014742014742,20231,-188,17159,-37202,0,22632,5103,73079,2952,103766,2401,5291,55920,40154,103766,81602310,-759215,69007880,-149850975,0,91316860,20564985,294957235,11919065,418758145,9714550,21324200,225949355,161770040,418758145
2020-06-22,4010,4050,4010,4035,60904,0.6234413965087282,7583,0,-1704,-5879,0,7583,0,47813,5508,60904,0,0,49517,11387,60904,30527105,0,-6859475,-23667630,0,30527105,0,192702800,22223300,245453205,0,0,199562275,45890930,245453205
2020-06-23,4010,4045,3995,4010,157633,-0.6195786864931847,-25798,5302,38475,-17979,0,43642,5302,104625,4064,157633,69440,0,66150,22043,157633,-103146120,21209600,154067580,-72131060,0,175102285,21209600,419242980,16377920,631932785,278248405,0,265175400,88508980,631932785
2020-06-24,4010,4045,4010,4025,51657,0.3740648379052369,21774,300,-26316,4242,0,23745,300,22553,5059,51657,1971,0,48869,817,51657,87630190,1206000,-105925520,17089330,0,95553900,1206000,90744095,20375155,207879150,7923710,0,196669615,3285825,207879150
2020-06-25,4050,4050,4000,4030,35122,0.12422360248447205,19309,300,-18754,-855,0,20159,300,14663,0,35122,850,0,33417,855,35122,77584515,1209000,-75357695,-3435820,0,81010015,1209000,58997750,0,141216765,3425500,0,134355445,3435820,141216765
2020-06-26,4030,4100,4030,4045,20601,0.37220843672456577,-73,0,882,-809,0,11038,0,9563,0,20601,11111,0,8681,809,20601,-337245,0,3602085,-3264840,0,44669595,0,38755015,0,83424610,45006840,0,35152930,3264840,83424610
2020-06-29,4050,4050,4000,4030,44265,-0.3708281829419036,4245,1,-4725,479,0,5945,1,37519,800,44265,1700,0,42244,321,44265,17112280,4020,-19028805,1912505,0,23945280,4020,150491955,3209345,177650600,6833000,0,169520760,1296840,177650600
2020-06-30,4085,4085,4020,4045,33191,0.37220843672456577,10474,-5000,-5475,1,0,20953,0,12237,1,33191,10479,5000,17712,0,33191,42268515,-20150000,-22122560,4045,0,84561295,0,49386135,4045,133951475,42292780,20150000,71508695,0,133951475
2020-07-01,4050,4060,4020,4060,21976,0.3708281829419036,6791,40,-6932,101,0,8572,40,13263,101,21976,1781,0,20195,0,21976,27454405,161000,-28021930,406525,0,34666955,161000,53540940,406525,88775420,7212550,0,81562870,0,88775420
2020-07-02,4090,4090,4030,4060,37892,0.0,-13958,0,17793,-3835,0,6985,0,30624,283,37892,20943,0,12831,4118,37892,-56316085,0,71809315,-15493230,0,28245905,0,123644235,1143175,153033315,84561990,0,51834920,16636405,153033315
2020-07-03,4045,4060,4025,4035,40230,-0.6157635467980296,-20841,2,21510,-671,0,9609,2,30619,0,40230,30450,0,9109,671,40230,-84054440,8085,86753500,-2707145,0,38759550,8085,123544350,0,162311985,122813990,0,36790850,2707145,162311985
2020-07-06,4070,4070,4025,4030,32321,-0.12391573729863693,4985,0,-4669,-316,0,5454,0,26867,0,32321,469,0,31536,316,32321,20107900,0,-18831260,-1276640,0,21998720,0,108534950,0,130533670,1890820,0,127366210,1276640,130533670
2020-07-07,4050,4050,4010,4015,61189,-0.37220843672456577,-14533,405,16081,-1953,0,20468,645,40076,0,61189,35001,240,23995,1953,61189,-58389720,1620250,64636705,-7867235,0,82424770,2586450,161230330,0,246241550,140814490,966200,96593625,7867235,246241550
2020-07-08,4050,4050,3980,4005,129311,-0.24906600249066002,-35058,2654,32703,-299,0,38980,2800,84498,3033,129311,74038,146,51795,3332,129311,-140097825,10618960,130563240,-1084375,0,156141920,11201500,337926360,12218390,517488170,296239745,582540,207363120,13302765,517488170
2020-07-09,4005,4035,3985,3985,71077,-0.4993757802746567,-26033,2500,23533,0,0,13430,2500,55147,0,71077,39463,0,31614,0,71077,-104183035,10000000,94183035,0,0,53679580,10000000,220414030,0,284093610,157862615,0,126230995,0,284093610
2020-07-10,4040,4040,3950,3980,81225,-0.12547051442910914,-12770,2687,6116,3967,0,11980,2702,62576,3967,81225,24750,15,56460,0,81225,-50722660,10667490,24271200,15783970,0,47722535,10727415,248448900,15783970,322682820,98445195,59925,224177700,0,322682820
2020-07-13,4005,4005,3980,3985,24470,0.12562814070351758,7555,0,-5764,-1791,0,8450,0,16020,0,24470,895,0,21784,1791,24470,30195920,0,-23052620,-7143300,0,33763495,0,63972335,0,97735830,3567575,0,87024955,7143300,97735830
2020-07-14,4000,4025,3990,3990,32878,0.12547051442910914,-1513,3049,-3925,2389,0,8468,3049,18972,2389,32878,9981,0,22897,0,32878,-6008535,12183250,-15722630,9547915,0,33868100,12183250,75878550,9547915,131477815,39876635,0,91601180,0,131477815
2020-07-15,4020,4025,3985,3995,49190,0.12531328320802004,-10945,5500,9155,-3710,0,12332,5500,30359,999,49190,23277,0,21204,4709,49190,-43837420,22011500,36744170,-14918250,0,49364455,22011500,121718925,4005990,197100870,93201875,0,84974755,18924240,197100870
2020-07-16,4000,4015,3970,3990,80896,-0.1251564455569462,-4514,6521,-5335,3328,0,16658,6521,53321,4396,80896,21172,0,58656,1068,80896,-18148245,26030840,-21204240,13321645,0,66397365,26030840,212661630,17580295,322670130,84545610,0,233865870,4258650,322670130
2020-07-17,4010,4010,3970,4000,27460,0.2506265664160401,-6049,4100,1949,0,0,4708,4100,18652,0,27460,10757,0,16703,0,27460,-24212305,16415500,7796805,0,0,18831670,16415500,74634785,0,109881955,43043975,0,66837980,0,109881955
2020-07-20,4015,4020,3990,4020,44835,0.5,16767,107,-17138,264,0,21118,330,23123,264,44835,4351,223,40261,0,44835,67177925,428900,-68666785,1059960,0,84598995,1321150,92458930,1059960,179439035,17421070,892250,161125715,0,179439035
2020-07-21,4020,4050,4000,4020,63253,0.0,6284,2400,-16804,8120,0,18240,2400,34493,8120,63253,11956,0,51297,0,63253,25192475,9633000,-67490870,32665395,0,73247150,9633000,138682820,32665395,254228365,48054675,0,206173690,0,254228365
2020-07-22,4000,4050,4000,4015,35330,-0.12437810945273632,-411,330,4016,-3935,0,16452,330,18281,267,35330,16863,0,14265,4202,35330,-1561490,1324800,16003560,-15766870,0,66109400,1324800,73252740,1070905,141757845,67670890,0,57249180,16837775,141757845
2020-07-23,4050,4050,3995,4000,50718,-0.37359900373599003,-13054,1,7483,5570,0,17953,1,24115,8649,50718,31007,0,16632,3079,50718,-52249570,4005,29868665,22376900,0,71937150,4005,96527470,34686035,203154660,124186720,0,66658805,12309135,203154660
2020-07-24,4000,4050,4000,4020,56630,0.5,22443,0,-29045,6602,0,33267,0,15973,7390,56630,10824,0,45018,788,56630,90028950,0,-116532445,26503495,0,133488440,0,64018380,29667315,227174135,43459490,0,180550825,3163820,227174135
2020-07-27,4070,4070,3995,4005,141351,-0.3731343283582089,11690,-83198,60031,11477,0,19219,16998,93236,11898,141351,7529,100196,33205,421,141351,46874935,-332888925,240039845,45974145,0,77097610,68200760,373530070,47660205,566488645,30222675,401089685,133490225,1686060,566488645
2020-07-28,4020,4045,3995,4000,53064,-0.12484394506866417,12206,-20665,2829,5630,0,18639,1470,24168,8787,53064,6433,22135,21339,3157,53064,49007130,-82844315,11174440,22662745,0,74793885,5894700,96785205,35291315,212765105,25786755,88739015,85610765,12628570,212765105
2020-07-29,4020,4020,3970,4000,100995,0.0,11877,-13185,-9387,10695,0,31075,1300,57610,11010,100995,19198,14485,66997,315,100995,47207650,-52729785,-37154370,42676505,0,123894970,5193500,229630790,43934930,402654190,76687320,57923285,266785160,1258425,402654190
2020-07-30,4005,4030,3985,4000,116626,0.0,-14351,-36498,43535,7314,0,19989,0,86023,10614,116626,34340,36498,42488,3300,116626,-57422325,-146012495,174072095,29362725,0,80103790,0,344393815,42571625,467069230,137526115,146012495,170321720,13208900,467069230
2020-07-31,4020,4020,3970,3995,142057,-0.125,20042,100,-20431,289,0,25629,100,109616,6712,142057,5587,0,130047,6423,142057,79956515,399500,-81609180,1253165,0,102302445,399500,437364610,26823595,566890150,22345930,0,518973790,25570430,566890150
2020-08-03,3960,4000,3955,3985,111257,-0.2503128911138924,21972,3,-29778,7803,0,24536,3,78090,8628,111257,2564,0,107868,825,111257,87550635,11940,-118783480,31220905,0,97776035,11940,311232525,34510330,443530830,10225400,0,430016005,3289425,443530830
2020-08-04,4000,4000,3965,3970,104104,-0.37641154328732745,7597,0,5716,-13313,0,15362,0,88742,0,104104,7765,0,83026,13313,104104,30170725,0,22770785,-52941510,0,61103680,0,353310685,0,414414365,30932955,0,330539900,52941510,414414365
2020-08-05,4000,4000,3930,3960,90796,-0.2518891687657431,-11622,2,369,11251,0,7568,2,71975,11251,90796,19190,0,71606,0,90796,-45933710,7875,1341935,44583900,0,29950275,7875,284620160,44583900,359162210,75883985,0,283278225,0,359162210
2020-08-06,3985,3985,3930,3930,78621,-0.7575757575757576,209,0,5251,-5460,0,11296,0,65469,1856,78621,11087,0,60218,7316,78621,877725,0,20742035,-21619760,0,44542485,0,258878305,7359040,310779830,43664760,0,238136270,28978800,310779830
2020-08-07,3925,3960,3925,3950,49002,0.5089058524173028,-2003,-900,1223,1680,0,11867,100,34660,2375,49002,13870,1000,33437,695,49002,-7853450,-3564500,4801175,6616775,0,46891040,395500,136706140,9357500,193350180,54744490,3960000,131904965,2740725,193350180
2020-08-10,3960,3960,3925,3930,52160,-0.5063291139240507,-5979,-3000,12933,-3954,0,8104,0,44056,0,52160,14083,3000,31123,3954,52160,-23569210,-11830000,50962125,-15562915,0,31951865,0,173437875,0,205389740,55521075,11830000,122475750,15562915,205389740
2020-08-11,3935,3960,3910,3930,95041,0.0,2728,4766,-8624,1130,0,34000,12754,44088,4199,95041,31272,7988,52712,3069,95041,10908350,18740075,-34122640,4474215,0,134056965,50312555,173285680,16526745,374181945,123148615,31572480,207408320,12052530,374181945
2020-08-12,3945,3995,3925,3950,89651,0.5089058524173028,-23670,-6523,26621,3572,0,8994,3429,73249,3979,89651,32664,9952,46628,407,89651,-93463560,-25887035,105262840,14087755,0,35429610,13527405,289110275,15702800,353770090,128893170,39414440,183847435,1615045,353770090
2020-08-13,3990,3990,3915,3960,125498,0.25316455696202533,-25259,5459,22540,-2740,0,32863,7581,74028,11026,125498,58122,2122,51488,13766,125498,-99347625,21409845,88676405,-10738625,0,129685245,29792520,291483260,43483285,494444310,229032870,8382675,202806855,54221910,494444310
2020-08-14,3985,3985,3915,3930,70376,-0.7575757575757576,-31317,9948,21077,292,0,19683,9948,39463,1282,70376,51000,0,18386,990,70376,-122910985,39061420,82716555,1133010,0,77322780,39061420,154964670,5038260,276387130,200233765,0,72248115,3905250,276387130
2020-08-18,3975,3975,3885,3900,92837,-0.7633587786259541,-27711,5469,19392,2850,0,29683,8469,51341,3344,92837,57394,3000,31949,494,92837,-107900845,21282365,75513885,11104595,0,115934980,32997365,200172430,13046065,362150840,223835825,11715000,124658545,1941470,362150840
2020-08-19,3960,3960,3860,3880,100079,-0.5128205128205128,-26877,100,29969,-3192,0,35638,100,64174,167,100079,62515,0,34205,3359,100079,-104165245,386500,116167330,-12388585,0,138352015,386500,249011605,651300,388401420,242517260,0,132844275,13039885,388401420
2020-08-20,3905,3905,3785,3840,180704,-1.0309278350515463,-42259,-1700,42599,1360,0,42945,5300,123661,8798,180704,85204,7000,81062,7438,180704,-162146690,-6379070,163045115,5480645,0,164010135,20357250,472788915,33834620,690990920,326156825,26736320,309743800,28353975,690990920
2020-08-21,3815,3890,3785,3835,156346,-0.13020833333333331,-66658,150,66219,289,0,25929,150,127679,2588,156346,92587,0,61460,2299,156346,-253440950,569100,251830160,1041690,0,98909225,569100,485591475,9852305,594922105,352350175,0,233761315,8810615,594922105
2020-08-24,3890,3890,3830,3845,39089,0.2607561929595828,12605,0,-14275,1670,0,20560,0,16765,1764,39089,7955,0,31040,94,39089,48675290,0,-55076770,6401480,0,79249055,0,64325190,6764940,150339185,30573765,0,119401960,363460,150339185
2020-08-25,3885,3905,3840,3905,56896,1.5604681404421328,2477,-90,-23460,21073,0,20308,0,14912,21676,56896,17831,90,38372,603,56896,9576365,-346615,-91271150,82041400,0,78725390,0,57781565,84372715,220879670,69149025,346615,149052715,2331315,220879670
2020-08-26,3905,3930,3880,3910,33760,0.12804097311139565,5111,-6647,-66,1602,0,10333,0,21825,1602,33760,5222,6647,21891,0,33760,20019480,-26092710,-174540,6247770,0,40416210,0,85327785,6247770,131991765,20396730,26092710,85502325,0,131991765
2020-08-27,3910,3910,3835,3835,72506,-1.9181585677749362,5757,-6841,15054,-13970,0,10367,1,62138,0,72506,4610,6842,47084,13970,72506,22231070,-26407495,57988700,-53812275,0,39956710,3885,239690270,0,279650865,17725640,26411380,181701570,53812275,279650865
2020-08-28,3910,3910,3845,3850,7211,0.3911342894393742,3494,-2858,-636,0,0,4135,300,2776,0,7211,641,3158,3412,0,7211,13453320,-10998800,-2454520,0,0,15921875,1159500,10707020,0,27788395,2468555,12158300,13161540,0,27788395
2020-08-31,3840,3890,3830,3865,19909,0.38961038961038963,156,1,-1813,1656,0,4010,1,14131,1767,19909,3854,0,15944,111,19909,589245,3840,-6956245,6363160,0,15437855,3840,54344755,6792730,76579180,14848610,0,61301000,429570,76579180
2020-09-01,3890,3890,3850,3875,21350,0.258732212160414,-4303,300,5162,-1159,0,1569,300,19376,105,21350,5872,0,14214,1264,21350,-16611990,1167000,19906615,-4461625,0,6058695,1167000,74791345,404775,82421815,22670685,0,54884730,4866400,82421815
2020-09-02,3860,3875,3845,3875,45187,0.0,-449,402,-4621,4668,0,7441,402,32676,4668,45187,7890,0,37297,0,45187,-1732730,1555720,-17860930,18037940,0,28719010,1555720,126006330,18037940,174319000,30451740,0,143867260,0,174319000
2020-09-03,3885,3885,3845,3870,39247,-0.12903225806451613,-9510,1,9509,0,0,3910,1,35336,0,39247,13420,0,25827,0,39247,-36647295,3850,36643445,0,0,15078500,3850,136144870,0,151227220,51725795,0,99501425,0,151227220
2020-09-04,3830,3875,3830,3850,26455,-0.516795865633075,3543,0,-2180,-1363,0,8281,0,18174,0,26455,4738,0,20354,1363,26455,13699440,0,-8443275,-5256165,0,31936720,0,69934480,0,101871200,18237280,0,78377755,5256165,101871200
2020-09-07,3860,3895,3835,3880,63018,0.7792207792207793,5973,0,-28417,22444,0,17898,0,22155,22965,63018,11925,0,50572,521,63018,23133450,0,-109926460,86793010,0,69277020,0,85685905,88798860,243761785,46143570,0,195612365,2005850,243761785
2020-09-08,3900,3905,3865,3900,85912,0.5154639175257731,-6181,-2200,-6766,15147,0,3133,0,62612,20167,85912,9314,2200,69378,5020,85912,-24008670,-8580000,-26468240,59056910,0,12198770,0,243375855,78534670,334109295,36207440,8580000,269844095,19477760,334109295
2020-09-09,3880,3900,3850,3900,53664,0.0,6059,0,-28514,22455,0,8180,0,21513,23971,53664,2121,0,50027,1516,53664,23492345,0,-110809905,87317560,0,31719340,0,83315310,93205825,208240475,8226995,0,194125215,5888265,208240475
2020-09-10,3935,3935,3900,3925,31190,0.641025641025641,-4520,0,-8174,12694,0,3645,0,14513,13032,31190,8165,0,22687,338,31190,-17689855,0,-32045805,49735660,0,14275245,0,56815670,51057240,122148155,31965100,0,88861475,1321580,122148155
2020-09-11,3950,3970,3860,3955,78632,0.7643312101910829,-7715,6500,-21310,22525,0,2352,6500,45823,23957,78632,10067,0,67133,1432,78632,-30543080,25755160,-84317920,89105840,0,9273240,25755160,180398830,94736680,310163910,39816320,0,264716750,5630840,310163910
2020-09-14,3980,3980,3950,3965,42681,0.2528445006321113,-15156,5260,-5712,15608,0,3266,5260,15770,18385,42681,18422,0,21482,2777,42681,-60003190,20855900,-22752325,61899615,0,12946780,20855900,62447745,72910770,169161195,72949970,0,85200070,11011155,169161195
2020-09-15,3995,3995,3955,3980,33424,0.37831021437578816,-13801,0,3283,10518,0,521,0,19529,13374,33424,14322,0,16246,2856,33424,-54847940,0,13023860,41824080,0,2069735,0,77519150,53170235,132759120,56917675,0,64495290,11346155,132759120
2020-09-16,3980,4030,3950,3995,152446,0.37688442211055273,-38384,0,-47616,86000,0,3813,0,62574,86059,152446,42197,0,110190,59,152446,-152890730,0,-190005030,342895760,0,15231600,0,249146140,343132055,607509795,168122330,0,439151170,236295,607509795
2020-09-17,4000,4020,3990,4020,102220,0.6257822277847309,-10899,0,-37827,48726,0,1602,0,50076,50542,102220,12501,0,87903,1816,102220,-43703105,0,-151549665,195252770,0,6416015,0,200388160,202509400,409313575,50119120,0,351937825,7256630,409313575
2020-09-18,4030,4030,3980,3980,45050,-0.9950248756218906,-682,1,11569,-10888,0,1320,1,27074,16655,45050,2002,0,15505,27543,45050,-2754990,4005,46009490,-43258505,0,5283475,4005,108192060,66488130,179967670,8038465,0,62182570,109746635,179967670
2020-09-21,4020,4020,3940,3940,43669,-1.0050251256281406,-11068,0,11221,-153,0,9458,0,34070,141,43669,20526,0,22849,294,43669,-43762020,0,44368050,-606030,0,37423885,0,134885375,561150,172870410,81185905,0,90517325,1167180,172870410
2020-09-22,3990,3995,3950,3990,81324,1.2690355329949239,-711,500,-44403,44614,0,5135,500,28576,47113,81324,5846,0,72979,2499,81324,-2842670,1995000,-176742605,177590275,0,20470320,1995000,113695515,187536600,323697435,23312990,0,290438120,9946325,323697435
2020-09-23,4000,4010,3970,3985,80158,-0.12531328320802004,10931,1252,-34127,21944,0,43538,1252,4890,30478,80158,32607,0,39017,8534,80158,43443875,5011705,-136156800,87701220,0,173320260,5011705,19472435,121794550,319598950,129876385,0,155629235,34093330,319598950
2020-09-24,4000,4005,3975,3990,121746,0.12547051442910914,-24718,800,-37591,61509,0,6243,800,49764,64939,121746,30961,0,87355,3430,121746,-98678405,3196250,-150236285,245718440,0,24867455,3196250,198453795,259419610,485937110,123545860,0,348690080,13701170,485937110
2020-09-25,4000,4035,4000,4005,65435,0.37593984962406013,2729,5,-34074,31340,0,18736,5,13225,33469,65435,16007,0,47299,2129,65435,11020525,20025,-136841155,125800605,0,75271465,20025,53130600,134348465,262770555,64250940,0,189971755,8547860,262770555
2020-09-28,4010,4050,3980,4035,77172,0.7490636704119851,-33313,1841,19441,12031,0,9745,1841,46383,19203,77172,43058,0,26942,7172,77172,-133558610,7395900,77575320,48587390,0,39082830,7395900,186208810,77403190,310090730,172641440,0,108633490,28815800,310090730
2020-09-29,4035,4100,4025,4095,75920,1.486988847583643,17345,723,-54494,36426,0,31376,723,6779,37042,75920,14031,0,61273,616,75920,70803025,2927955,-221414075,147683095,0,127769000,2927955,27586180,150182120,308465255,56965975,0,249000255,2499025,308465255
2020-10-05,4065,4115,4065,4115,44081,0.4884004884004884,-10269,3445,1480,5344,0,10064,3445,17127,13445,44081,20333,0,15647,8101,44081,-42150970,14153225,6048080,21949665,0,41249840,14153225,70246275,55173315,180822655,83400810,0,64198195,33223650,180822655
2020-10-06,4130,4130,4080,4100,30337,-0.3645200486026731,-315,-6140,-356,6811,0,1605,500,16834,11398,30337,1920,6640,17190,4587,30337,-1291735,-25176500,-1464085,27932320,0,6576275,2047500,68921500,46713305,124258580,7868010,27224000,70385585,18780985,124258580
2020-10-07,4115,4115,4070,4080,23141,-0.4878048780487805,9897,-513,-7871,-1513,0,10658,1,9509,2973,23141,761,514,17380,4486,23141,40512395,-2103310,-32217525,-6191560,0,43619275,4090,38858930,12146050,94628345,3106880,2107400,71076455,18337610,94628345
2020-10-08,4080,4085,4040,4055,43542,-0.6127450980392157,13273,-3716,11417,-20974,0,16110,4,25869,1559,43542,2837,3720,14452,22533,43542,53998820,-15097785,46375185,-85276220,0,65525390,16215,104995345,6360720,176897670,11526570,15114000,58620160,91636940,176897670
2020-10-12,4070,4090,4035,4035,15861,-0.4932182490752158,2351,-363,-126,-1862,0,3692,124,12045,0,15861,1341,487,12171,1862,15861,9513140,-1471390,-518645,-7523105,0,14928205,500960,48700400,0,64129565,5415065,1972350,49219045,7523105,64129565
2020-10-13,4085,4085,4030,4035,23625,0.0,-5505,-2,9494,-3987,0,250,0,23375,0,23625,5755,2,13881,3987,23625,-22194590,-8130,38294535,-16091815,0,1007600,0,94347140,0,95354740,23202190,8130,56052605,16091815,95354740
2020-10-14,4070,4085,4030,4060,8671,0.6195786864931847,3292,0,-2546,-746,0,3311,0,5012,348,8671,19,0,7558,1094,8671,13276195,0,-10263680,-3012515,0,13353335,0,20257960,1404180,35015475,77140,0,30521640,4416695,35015475
2020-10-15,4075,4075,4010,4040,27165,-0.49261083743842365,-1384,-7142,9615,-1089,0,2073,4000,21092,0,27165,3457,11142,11477,1089,27165,-5586235,-28735935,38717645,-4395475,0,8331010,16200000,85067980,0,109598990,13917245,44935935,46350335,4395475,109598990
2020-10-16,4050,4050,3975,4000,38244,-0.9900990099009901,3530,-1684,-1653,-193,0,5644,250,30328,2022,38244,2114,1934,31981,2215,38244,14108895,-6755345,-6587795,-765755,0,22550115,1000000,121387155,8108220,153045490,8441220,7755345,127974950,8873975,153045490
2020-10-19,4020,4050,4000,4005,27409,0.125,4727,3560,-8219,-68,0,6325,3560,15862,1662,27409,1598,0,24081,1730,27409,18966020,14326095,-33038030,-254085,0,25372525,14326095,63723930,6690985,110113535,6406505,0,96761960,6945070,110113535
2020-10-20,4050,4050,4000,4020,19378,0.37453183520599254,4795,2719,-7583,69,0,5217,2719,9317,2125,19378,422,0,16900,2056,19378,19214785,10977165,-30477630,285680,0,20911155,10977165,37342520,8533045,77763885,1696370,0,67820150,8247365,77763885
2020-10-21,4045,4090,4020,4045,35071,0.6218905472636816,1652,124,-10232,8456,0,4787,124,16906,13254,35071,3135,0,27138,4798,35071,6585530,501580,-41380365,34293255,0,19291305,501580,68516925,53715560,142025370,12705775,0,109897290,19422305,142025370
2020-10-22,4045,4070,4020,4060,52909,0.3708281829419036,13575,0,-3681,-9894,0,16931,0,35978,0,52909,3356,0,39659,9894,52909,54886555,0,-14986985,-39899570,0,68503540,0,145104530,0,213608070,13616985,0,160091515,39899570,213608070
2020-10-23,4070,4075,4055,4070,28866,0.24630541871921183,-3472,-2001,12203,-6730,0,579,0,27930,357,28866,4051,2001,15727,7087,28866,-14108425,-8144075,49598170,-27345670,0,2351285,0,113521860,1449430,117322575,16459710,8144075,63923690,28795100,117322575
2020-10-26,4080,4080,4060,4070,45737,0.0,6205,2073,-1380,-6898,0,6605,2593,36539,0,45737,400,520,37919,6898,45737,25236855,8436015,-5623390,-28049480,0,26864855,10552415,148572220,0,185989490,1628000,2116400,154195610,28049480,185989490
2020-10-27,4080,4090,4040,4070,26759,0.0,11553,0,-8579,-2974,0,11753,0,12592,2414,26759,200,0,21171,5388,26759,46968620,0,-34903265,-12065355,0,47782620,0,51221185,9849120,108852925,814000,0,86124450,21914475,108852925
2020-10-28,4095,4095,4060,4085,36312,0.36855036855036855,20203,0,-18825,-1378,0,20300,0,16012,0,36312,97,0,34837,1378,36312,82254695,0,-76651555,-5603140,0,82650940,0,65132770,0,147783710,396245,0,141784325,5603140,147783710
2020-10-29,4045,4085,4030,4075,52758,-0.24479804161566704,13915,3,-14604,686,0,18120,3,13838,20797,52758,4205,0,28442,20111,52758,56649430,12155,-59444625,2783040,0,73687580,12155,56161400,84729460,214590595,17038150,0,115606025,81946420,214590595
2020-10-30,4095,4095,4020,4035,43724,-0.98159509202454,-13066,1,13465,-400,0,5434,1,33289,5000,43724,18500,0,19824,5400,43724,-52803245,4060,54191660,-1392475,0,21962045,4060,134819480,20475000,177260585,74765290,0,80627820,21867475,177260585
2020-11-02,4075,4075,4020,4025,47525,-0.24783147459727387,7703,5625,-6316,-7012,0,8401,5625,33499,0,47525,698,0,39815,7012,47525,31055735,22668745,-25482885,-28241595,0,33866225,22668745,134972385,0,191507355,2810490,0,160455270,28241595,191507355
2020-11-03,4070,4070,4025,4055,40501,0.7453416149068323,-2273,-604,8189,-5312,0,4771,1387,34343,0,40501,7044,1991,26154,5312,40501,-9141805,-2470480,33052560,-21440275,0,19296080,5593070,138618040,0,163507190,28437885,8063550,105565480,21440275,163507190
2020-11-04,4060,4060,4035,4060,31893,0.12330456226880394,-589,247,1118,-776,0,4691,247,26955,0,31893,5280,0,25837,776,31893,-2366005,997880,4503725,-3135600,0,18986235,997880,109009990,0,128994105,21352240,0,104506265,3135600,128994105
2020-11-05,4060,4095,4060,4090,72974,0.7389162561576355,15312,4395,-32386,12679,0,33059,5372,18293,16250,72974,17747,977,50679,3571,72974,62692770,17961335,-132468330,51814225,0,135103965,21962150,74644345,66380235,298090695,72411195,4000815,207112675,14566010,298090695
2020-11-06,4090,4090,4065,4085,42931,-0.12224938875305623,-9065,4424,5419,-778,0,1056,4424,36832,619,42931,10121,0,31413,1397,42931,-36993455,17995845,22162740,-3165130,0,4297980,17995845,150034265,2525520,174853610,41291435,0,127871525,5690650,174853610
2020-11-09,4085,4095,4070,4080,75958,-0.12239902080783352,-42159,16960,27270,-2071,0,3591,16960,55407,0,75958,45750,0,28137,2071,75958,-172312255,69276625,111488805,-8453175,0,14674510,69276625,226427185,0,310378320,186986765,0,114938380,8453175,310378320
2020-11-10,4080,4120,4065,4085,111192,0.12254901960784313,18213,1483,-28230,8534,0,56534,1483,43125,10050,111192,38321,0,71355,1516,111192,74453895,6043640,-115367420,34869885,0,230786430,6043640,175683775,41049005,453562850,156332535,0,291051195,6179120,453562850
2020-11-11,4100,4100,4070,4070,37619,-0.36719706242350064,-3657,1601,7018,-4962,0,15430,2100,20089,0,37619,19087,499,13071,4962,37619,-14940050,6537075,28615480,-20212505,0,62905130,8570500,81874960,0,153350590,77845180,2033425,53259480,20212505,153350590
2020-11-12,4090,4090,4070,4075,28316,0.12285012285012285,113,2500,-1152,-1461,0,3896,2500,21920,0,28316,3783,0,23072,1461,28316,452360,10192500,-4690415,-5954445,0,15868155,10192500,89428110,0,115488765,15415795,0,94118525,5954445,115488765
2020-11-13,4085,4085,4060,4065,43522,-0.245398773006135,-22138,1500,22567,-1929,0,1005,1500,36061,4956,43522,23143,0,13494,6885,43522,-90093140,6102500,91835240,-7844600,0,4100375,6102500,146807055,20201140,177211070,94193515,0,54971815,28045740,177211070
2020-11-16,4105,4105,4035,4055,47056,-0.24600246002460024,239,900,428,-1567,0,14455,900,29529,2172,47056,14216,0,29101,3739,47056,1037680,3654000,1665445,-6357125,0,58648655,3654000,119631510,8794260,190728425,57610975,0,117966065,15151385,190728425
2020-11-17,4055,4090,4045,4050,49548,-0.12330456226880394,-23003,1400,24222,-2619,0,5826,1400,42310,12,49548,28829,0,18088,2631,49548,-93184940,5681500,98110835,-10607395,0,23640550,5681500,171409150,48600,200779800,116825490,0,73298315,10655995,200779800
2020-11-18,4085,4085,4040,4045,50148,-0.12345679012345678,-15196,0,16865,-1669,0,7074,0,43069,5,50148,22270,0,26204,1674,50148,-61545925,0,68301140,-6755215,0,28619695,0,174318455,20245,202958395,90165620,0,106017315,6775460,202958395
2020-11-19,4040,4050,4030,4035,26224,-0.2472187886279357,-347,0,1705,-1358,0,1401,0,23321,1502,26224,1748,0,21616,2860,26224,-1421940,0,6882800,-5460860,0,5655330,0,94227785,6083100,105966215,7077270,0,87344985,11543960,105966215
2020-11-20,4060,4060,4030,4040,43886,0.12391573729863693,13672,0,-12007,-1665,0,14034,0,29852,0,43886,362,0,41859,1665,43886,55206305,0,-48481855,-6724450,0,56669730,0,120572805,0,177242535,1463425,0,169054660,6724450,177242535
2020-11-23,4080,4080,4030,4070,60356,0.7425742574257426,12339,0,-10538,-1801,0,21222,0,38697,437,60356,8883,0,49235,2238,60356,49974560,0,-42683020,-7291540,0,85927385,0,156474940,1768070,244170395,35952825,0,199157960,9059610,244170395
2020-11-24,4070,4075,4040,4075,80464,0.12285012285012285,44388,52,-43058,-1382,0,47062,52,32193,1157,80464,2674,0,75251,2539,80464,180390830,211640,-174987110,-5615360,0,191264185,211640,130388090,4681880,326545795,10873355,0,305375200,10297240,326545795
2020-11-25,4085,4085,4045,4085,81235,0.245398773006135,18513,-2500,-18037,2024,0,23755,0,53660,3820,81235,5242,2500,71697,1796,81235,75502350,-10150300,-73591100,8239050,0,96837770,0,218218270,15541880,330597920,21335420,10150300,291809370,7302830,330597920
2020-11-26,4065,4095,4065,4090,96773,0.12239902080783352,-9877,-10001,25091,-5213,0,10089,0,86684,0,96773,19966,10001,61593,5213,96773,-40386735,-40904085,102568635,-21277815,0,41238530,0,354222170,0,395460700,81625265,40904085,251653535,21277815,395460700
2020-11-27,4090,4095,4070,4090,45753,0.0,10675,-3000,-6526,-1149,0,17253,0,27809,691,45753,6578,3000,34335,1840,45753,43534320,-12246390,-26609825,-4678105,0,70369745,0,113375595,2820805,186566145,26835425,12246390,139985420,7498910,186566145
2020-11-30,4090,4090,4045,4045,88359,-1.1002444987775062,6644,-21498,39221,-24367,0,8140,0,65039,15180,88359,1496,21498,25818,39547,88359,26931450,-87704805,159418600,-98645245,0,33025225,0,264598170,61459950,359083345,6093775,87704805,105179570,160105195,359083345
2020-12-01,4080,4080,4045,4080,54747,0.865265760197775,9256,0,311,-9567,0,19166,0,34771,810,54747,9910,0,34460,10377,54747,37680880,0,1137925,-38818805,0,77889805,0,141110395,3284550,222284750,40208925,0,139972470,42103355,222284750
2020-12-02,4085,4085,4055,4070,100045,-0.24509803921568626,-5444,472,7202,-2230,0,21322,9988,67785,950,100045,26766,9516,60583,3180,100045,-22100790,1861155,29302505,-9062870,0,86769420,40638855,275593200,3871350,406872825,108870210,38777700,246290695,12934220,406872825
2020-12-03,4075,4080,4050,4080,77529,0.2457002457002457,9223,-464,-3527,-5232,0,9528,9043,54619,4339,77529,305,9507,58146,9571,77529,37457185,-1955520,-14309545,-21192120,0,38699535,36802810,222325120,17703120,315530585,1242350,38758330,236634665,38895240,315530585
2020-12-04,4080,4080,4060,4070,78255,-0.24509803921568626,-27577,2461,28348,-3232,0,5199,2461,70506,89,78255,32776,0,42158,3321,78255,-112112425,10016270,115244760,-13148605,0,21159895,10016270,286811505,362090,318349760,133272320,0,171566745,13510695,318349760
2020-12-07,4075,4075,4035,4045,105114,-0.6142506142506142,-45342,9864,36164,-686,0,15137,9864,78559,1554,105114,60479,0,42395,2240,105114,-183558080,39986110,146338990,-2767020,0,61399815,39986110,318411430,6308030,426105385,244957895,0,172072440,9075050,426105385
2020-12-08,4075,4075,4050,4065,73759,0.4944375772558714,-24684,2466,24680,-2462,0,533,2466,70351,409,73759,25217,0,45671,2871,73759,-100145690,9999630,100120355,-9974295,0,2166515,9999630,285270580,1660515,299097240,102312205,0,185150225,11634810,299097240
2020-12-09,4075,4075,4040,4060,97041,-0.12300123001230012,-38183,12053,28494,-2364,0,7503,17390,72056,92,97041,45686,5337,43562,2456,97041,-154588800,48764620,115393950,-9569770,0,30378150,70379470,291834315,372840,392964775,184966950,21614850,176440365,9942610,392964775
2020-12-10,4075,4075,4045,4060,66516,0.0,-24637,18886,-8518,14269,0,2903,18886,27924,16803,66516,27540,0,36442,2534,66516,-99839475,76538115,-34544810,57846170,0,11757580,76538115,113109880,68111745,269517320,111597055,0,147654690,10265575,269517320
2020-12-11,4070,4070,4045,4045,208233,-0.3694581280788177,-138496,11219,126582,695,0,31572,12469,158875,5317,208233,170068,1250,32293,4622,208233,-561056255,45445700,512770980,2839575,0,128023035,50524450,643999605,21590250,844137340,689079290,5078750,131228625,18750675,844137340
2020-12-14,4060,4085,4040,4070,187405,0.6180469715698393,-71092,21530,47483,2079,0,35811,21530,113921,16143,187405,106903,0,66438,14064,187405,-287339560,87380000,191145105,8814455,0,145290240,87380000,461519715,65789365,759979320,432629800,0,270374610,56974910,759979320
2020-12-15,4075,4090,4050,4085,131984,0.36855036855036855,-59086,7270,52057,-241,0,7188,9270,112610,2916,131984,66274,2000,60553,3157,131984,-240092390,29584410,211459315,-951335,0,29183475,37714410,458253765,11882345,537033995,269275865,8130000,246794450,12833680,537033995
2020-12-16,4090,4160,4080,4145,186596,1.4687882496940026,-11690,43,-17382,29029,0,5492,43,147623,33438,186596,17182,0,165005,4409,186596,-48314665,176945,-71202235,119339955,0,22701765,176945,609098320,137593450,769570480,71016430,0,680300555,18253495,769570480
2020-12-17,4155,4175,4125,4155,106396,0.24125452352231602,24422,-43,-386,-23993,0,26979,0,79417,0,106396,2557,43,79803,23993,106396,101317430,-178450,-1672350,-99466630,0,111925050,0,329134260,0,441059310,10607620,178450,330806610,99466630,441059310
2020-12-18,4170,4170,4155,4165,124105,0.24067388688327318,7387,40000,-35897,-11490,0,13510,40000,70595,0,124105,6123,0,106492,11490,124105,30752745,166500000,-149422385,-47830360,0,56248470,166500000,293943560,0,516692030,25495725,0,443365945,47830360,516692030
2020-12-21,4165,4195,4150,4160,71738,-0.12004801920768307,-2463,0,8490,-6027,0,2414,0,63116,6208,71738,4877,0,54626,12235,71738,-10274345,0,35278090,-25003745,0,10051340,0,262864035,25949440,298864815,20325685,0,227585945,50953185,298864815
2020-12-22,4175,4175,4145,4150,88095,-0.2403846153846154,-5192,0,13442,-8250,0,4008,0,84078,9,88095,9200,0,70636,8259,88095,-21654660,0,55959125,-34304465,0,16645765,0,349537500,37440,366220705,38300425,0,293578375,34341905,366220705
2020-12-23,4150,4170,4130,4150,195335,0.0,7700,27000,-31254,-3446,0,72558,27000,95552,225,195335,64858,0,126806,3671,195335,32063485,112020000,-129775910,-14307575,0,301690930,112020000,396512500,934875,811158305,269627445,0,526288410,15242450,811158305
2020-12-24,4150,4160,4105,4130,259049,-0.48192771084337355,-113346,2200,115392,-4246,0,47705,2200,209143,1,259049,161051,0,93751,4247,259049,-468322000,9118500,476803135,-17599635,0,197412625,9118500,865361975,4160,1071897260,665734625,0,388558840,17603795,1071897260
2020-12-28,4150,4190,4145,4170,538319,0.9685230024213075,-81367,39321,41427,619,0,68257,39321,422192,8549,538319,149624,0,380765,7930,538319,-338150950,163775750,171791285,2583915,0,283985195,163775750,1756020670,35579100,2239360715,622136145,0,1584229385,32995185,2239360715
2020-12-29,4000,4025,3950,4005,267510,-3.9568345323741005,10151,8440,-40364,21773,0,36887,8440,187923,34260,267510,26736,0,228287,12487,267510,40864570,33769400,-161543220,86909250,0,148033135,33769400,752108900,136842420,1070753855,107168565,0,913652120,49933170,1070753855
2020-12-30,4015,4015,3985,3995,168817,-0.24968789013732834,43968,-700,-13711,-29557,0,45063,500,123254,0,168817,1095,1200,136965,29557,168817,175769925,-2799255,-54720330,-118250340,0,180142195,1995000,492580240,0,674717435,4372270,4794255,547300570,118250340,674717435
2021-01-04,3980,3985,3955,3970,193806,-0.6257822277847309,25455,-4066,-40088,18699,0,34338,1001,139701,18766,193806,8883,5067,179789,67,193806,100864360,-16084075,-158938730,74158445,0,136146100,3983955,554262315,74424770,768817140,35281740,20068030,713201045,266325,768817140
2021-01-05,3960,3990,3955,3955,69619,-0.3778337531486146,-2539,1000,1176,363,0,21574,1000,44682,2363,69619,24113,0,43506,2000,69619,-9949175,3960000,4514050,1475125,0,85583600,3960000,177125065,9412165,276080830,95532775,0,172611015,7937040,276080830
2021-01-06,3980,3980,3940,3945,60974,-0.2528445006321113,-26102,1300,23658,1144,0,1943,1300,56524,1207,60974,28045,0,32866,63,60974,-103094265,5165000,93416220,4513045,0,7668985,5165000,223255695,4761615,240851295,110763250,0,129839475,248570,240851295
2021-01-07,3960,3970,3910,3930,112555,-0.38022813688212925,-11080,2000,3247,5833,0,15167,2000,89551,5837,112555,26247,0,86304,4,112555,-43494630,7920000,12564735,23009895,0,59969170,7920000,352677970,23025675,443592815,103463800,0,340113235,15780,443592815
2021-01-08,3915,3960,3915,3935,150644,0.1272264631043257,-28559,5000,22228,1331,0,4670,5000,139277,1697,150644,33229,0,117049,366,150644,-112265885,19740520,87295065,5230300,0,18331725,19740520,546940305,6672900,591685450,130597610,0,459645240,1442600,591685450
2021-01-11,3945,3945,3855,3875,234249,-1.5247776365946633,-23019,-52740,75629,130,0,13688,0,220174,387,234249,36707,52740,144545,257,234249,-89551115,-204805440,293847695,508860,0,53005215,0,854599620,1511160,909115995,142556330,204805440,560751925,1002300,909115995
2021-01-12,3860,3900,3860,3875,130829,0.0,-57481,1984,55487,10,0,12826,2184,114809,1010,130829,70307,200,59322,1000,130829,-222547480,7709920,214783810,53750,0,49604300,8473920,444321340,3923750,506323310,272151780,764000,229537530,3870000,506323310
2021-01-13,3880,3915,3880,3910,88100,0.903225806451613,-16022,0,15202,820,0,14903,0,62938,10259,88100,30925,0,47736,9439,88100,-62503380,0,59292480,3210900,0,58090180,0,245460090,39959380,343509650,120593560,0,186167610,36748480,343509650
2021-01-14,3915,3920,3890,3920,82552,0.2557544757033248,-32881,0,20130,12751,0,12896,0,51664,17992,82552,45777,0,31534,5241,82552,-128296750,0,78484555,49812195,0,50252590,0,201523935,70225890,322002415,178549340,0,123039380,20413695,322002415
2021-01-15,3905,3915,3890,3915,60394,-0.12755102040816327,-5144,1,5143,0,0,6826,1,52271,1296,60394,11970,0,47128,1296,60394,-20066125,3900,20075505,-13280,0,26640715,3900,203922115,5047920,235614650,46706840,0,183846610,5061200,235614650
2021-01-18,3915,3915,3885,3885,138089,-0.7662835249042145,-102859,-500,103235,124,0,7994,0,129630,465,138089,110853,500,26395,341,138089,-400626485,-1952500,402090790,488195,0,31135700,0,505097080,1818225,538051005,431762185,1952500,103006290,1330030,538051005
2021-01-19,3880,3900,3860,3860,110299,-0.6435006435006435,-80267,500,75359,4408,0,11990,500,93401,4408,110299,92257,0,18042,0,110299,-310220235,1932500,291249830,17037905,0,46357520,1932500,361105445,17037905,426433370,356577755,0,69855615,0,426433370
2021-01-20,3895,3895,3855,3855,48723,-0.1295336787564767,-8028,1000,7028,0,0,13960,1000,33223,540,48723,21988,0,26195,540,48723,-31078080,3860000,27215380,2700,0,53883315,3860000,128425790,2092500,188261605,84961395,0,101210410,2089800,188261605
2021-01-21,3900,3900,3850,3890,45925,0.9079118028534372,-1178,1000,-1711,1889,0,7421,4000,32614,1890,45925,8599,3000,34325,1,45925,-4551880,3890230,-6639125,7300775,0,28709650,15485230,126430435,7304670,177929985,33261530,11595000,133069560,3895,177929985
2021-01-22,3900,3900,3875,3880,37639,-0.2570694087403599,-2469,219,3116,-866,0,1728,219,35692,0,37639,4197,0,32576,866,37639,-9603015,848625,12120955,-3366565,0,6714435,848625,138750360,0,146313420,16317450,0,126629405,3366565,146313420
2021-01-25,3950,3980,3875,3880,86188,0.0,-8589,2781,6804,-996,0,11459,2781,71948,0,86188,20048,0,65144,996,86188,-33350095,10776695,26452855,-3879455,0,44570505,10776695,280680080,0,336027280,77920600,0,254227225,3879455,336027280
2021-01-26,3940,3940,3865,3885,115329,0.12886597938144329,-5050,-3764,6743,2071,0,5295,0,106756,3278,115329,10345,3764,100013,1207,115329,-19707460,-14627685,26244260,8090885,0,20546890,0,414704490,12755940,448007320,40254350,14627685,388460230,4665055,448007320
2021-01-27,3890,3900,3875,3900,142442,0.3861003861003861,-22579,-29157,16325,35411,0,547,0,103834,38061,142442,23126,29157,87509,2650,142442,-87730185,-113207960,63208190,137729955,0,2127185,0,403159675,148018795,553305655,89857370,113207960,339951485,10288840,553305655
2021-01-28,3900,3905,3885,3900,71678,0.0,-1453,100,1754,-401,0,4087,100,56392,11099,71678,5540,0,54638,11500,71678,-5691575,389500,6818055,-1515980,0,15904365,389500,219460920,43204475,278959260,21595940,0,212642865,44720455,278959260
2021-01-29,3915,3925,3890,3890,161240,-0.2564102564102564,9642,0,-6634,-3008,0,10376,0,147222,3642,161240,734,0,153856,6650,161240,37725320,0,-26043965,-11681355,0,40584980,0,574933220,14273000,629791200,2859660,0,600977185,25954355,629791200
2021-02-01,3885,3920,3885,3905,103806,0.3856041131105398,-37740,19780,17960,0,0,6337,19780,71263,6426,103806,44077,0,53303,6426,103806,-147216590,77186000,70102780,-72190,0,24768855,77186000,277809660,25067175,404831690,171985445,0,207706880,25139365,404831690
2021-02-02,3905,3940,3905,3930,78418,0.6402048655569782,-30599,1000,19947,9652,0,477,1000,66468,10473,78418,31076,0,46521,821,78418,-119965190,3905000,78180935,37879255,0,1870120,3905000,260712505,41096855,307584480,121835310,0,182531570,3217600,307584480
2021-02-03,3930,3940,3925,3935,28808,0.1272264631043257,-289,0,289,0,0,2283,0,26525,0,28808,2572,0,26236,0,28808,-1127865,0,1127865,0,0,8988745,0,104309245,0,113297990,10116610,0,103181380,0,113297990
2021-02-04,3935,3980,3935,3940,39381,0.12706480304955528,-4866,400,3863,603,0,2382,1200,30573,5226,39381,7248,800,26710,4623,39381,-19216770,1585500,15258610,2372660,0,9403400,4737500,120831630,20614855,155587385,28620170,3152000,105573020,18242195,155587385
2021-02-05,3945,3945,3900,3910,146204,-0.7614213197969544,-102213,2091,101415,-1293,0,18319,2291,123594,2000,146204,120532,200,22179,3293,146204,-400287915,8222260,397133025,-5067370,0,71739795,9002285,484338820,7890000,572970900,472027710,780025,87205795,12957370,572970900
2021-02-08,3925,3970,3925,3940,60639,0.7672634271099744,-25996,0,20431,5565,0,3778,0,50796,6065,60639,29774,0,30365,500,60639,-102511610,0,80489685,22021925,0,14918700,0,200380515,23996925,239296140,117430310,0,119890830,1975000,239296140
2021-02-09,3950,3960,3925,3950,55360,0.25380710659898476,-21596,300,20296,1000,0,1624,300,52436,1000,55360,23220,0,32140,0,55360,-85059495,1185000,79919495,3955000,0,6410320,1185000,206728665,3955000,218278985,91469815,0,126809170,0,218278985
2021-02-10,3975,3985,3940,3980,124716,0.7594936708860759,-13692,-13750,25810,1632,0,4099,6250,110192,4175,124716,17791,20000,84382,2543,124716,-54449250,-54844000,102800705,6492545,0,16194775,24756000,437303150,16573030,494826955,70644025,79600000,334502445,10080485,494826955
2021-02-15,3960,4005,3955,4000,105828,0.5025125628140703,23304,-34733,5826,5603,0,38353,51,61821,5603,105828,15049,34784,55995,0,105828,92853765,-138632035,23446400,22331870,0,152880735,203965,246624290,22331870,422040860,60026970,138836000,223177890,0,422040860
2021-02-16,3995,4020,3970,3995,385822,-0.125,-9630,-4966,17258,-2662,0,18783,250,363447,3342,385822,28413,5216,346189,6004,385822,-38322850,-19890080,68811070,-10598140,0,75064360,1000000,1447494925,13339170,1536898455,113387210,20890080,1378683855,23937310,1536898455
2021-02-17,4000,4000,3980,3995,40303,0.0,-4318,400,8055,-4137,0,3739,400,36164,0,40303,8057,0,28109,4137,40303,-17188150,1596870,32096115,-16504835,0,14934880,1596870,144234550,0,160766300,32123030,0,112138435,16504835,160766300
2021-02-18,3975,4025,3975,4025,59856,0.7509386733416771,-12243,0,10799,1444,0,1871,0,54455,3530,59856,14114,0,43656,2086,59856,-48994955,0,43225450,5769505,0,7494535,0,218162580,14115675,239772790,56489490,0,174937130,8346170,239772790
2021-02-19,4025,4025,4000,4010,66904,-0.37267080745341613,4237,-10,2355,-6582,0,13747,0,53157,0,66904,9510,10,50802,6582,66904,17085620,-40100,9364995,-26410515,0,55260650,0,213382600,0,268643250,38175030,40100,204017605,26410515,268643250
2021-02-22,4010,4025,4000,4000,51161,-0.24937655860349126,-6722,-1990,9690,-978,0,1604,10,49547,0,51161,8326,2000,39857,978,51161,-26937545,-7979900,38836825,-3919380,0,6433705,40100,198529960,0,205003765,33371250,8020000,159693135,3919380,205003765
2021-02-23,4020,4020,3990,3995,30740,-0.125,-9833,0,9833,0,0,390,0,29164,1186,30740,10223,0,19331,1186,30740,-39371055,0,39365125,5930,0,1558975,0,116780145,4761790,123100910,40930030,0,77415020,4755860,123100910
2021-02-24,3995,3995,3970,3990,39160,-0.1251564455569462,-3590,790,4450,-1650,0,4006,790,33813,551,39160,7596,0,29363,2201,39160,-14257400,3153800,17671300,-6567700,0,15982020,3153800,134647980,2198490,155982290,30239420,0,116976680,8766190,155982290
2021-02-25,4025,4025,3990,4010,53168,0.5012531328320802,8471,-150,-23705,15384,0,24793,0,11833,16542,53168,16322,150,35538,1158,53168,33944030,-600750,-95005655,61662375,0,99308580,0,47399780,66300135,213008495,65364550,600750,142405435,4637760,213008495
2021-02-26,4005,4005,3960,4000,52536,-0.24937655860349126,-3540,0,-8978,12518,0,6585,0,32409,13542,52536,10125,0,41387,1024,52536,-14144005,0,-35779225,49923230,0,26285895,0,129054645,54010785,209351325,40429900,0,164833870,4087555,209351325
2021-03-02,4000,4020,3970,4010,47600,0.25,13855,0,-17706,3851,0,16216,0,26342,5042,47600,2361,0,44048,1191,47600,55548800,0,-70971435,15422635,0,64993575,0,105490465,20184480,190668520,9444775,0,176461900,4761845,190668520
2021-03-03,4010,4015,3995,4015,51522,0.12468827930174563,19959,1342,-17384,-3917,0,28600,1342,21580,0,51522,8641,0,38964,3917,51522,79981475,5369500,-69689430,-15661545,0,114613410,5369500,86449095,0,206432005,34631935,0,156138525,15661545,206432005
2021-03-04,4020,4060,4010,4055,93636,0.9962640099626401,13652,300,-24607,10655,0,30677,300,51138,11521,93636,17025,0,75745,866,93636,55029540,1216500,-99098720,42852680,0,123538370,1216500,206152920,46338870,377246660,68508830,0,305251640,3486190,377246660
2021-03-05,4055,4080,4035,4065,107064,0.2466091245376079,-27078,1500,20493,5085,0,29268,1500,65431,10865,107064,56346,0,44938,5780,107064,-109955980,6091305,83122800,20741875,0,118929485,6091305,265760100,44176350,434957240,228885465,0,182637300,23434475,434957240
2021-03-08,4075,4100,4055,4065,76902,0.0,17869,-600,-14051,-3218,0,30063,400,38283,8156,76902,12194,1000,52334,11374,76902,72897510,-2459495,-57592535,-12845480,0,122520525,1632000,155961890,33416840,313531255,49623015,4091495,213554425,46262320,313531255
2021-03-09,4070,4090,4060,4065,83673,0.0,26812,0,-7976,-18836,0,34235,0,44464,4974,83673,7423,0,52440,23810,83673,109341340,0,-32738540,-76602800,0,139629240,0,181018965,20282820,340931025,30287900,0,213757505,96885620,340931025
2021-03-10,4100,4100,4060,4085,43259,0.4920049200492005,-849,0,5565,-4716,0,14150,0,29109,0,43259,14999,0,23544,4716,43259,-3382135,0,22561635,-19179500,0,57650790,0,118469290,0,176120080,61032925,0,95907655,19179500,176120080
2021-03-11,4095,4095,4050,4090,33435,0.12239902080783352,4313,831,1140,-6284,0,16232,831,16372,0,33435,11919,0,15232,6284,33435,17515815,3382170,4623955,-25521940,0,66127925,3382170,66511970,0,136022065,48612110,0,61888015,25521940,136022065
2021-03-12,4090,4095,4065,4075,27916,-0.36674816625916873,-2862,-190,4657,-1605,0,8138,10,19743,25,27916,11000,200,15086,1630,27916,-11671615,-775560,18998560,-6551385,0,33274625,40900,80575685,102375,113993585,44946240,816460,61577125,6653760,113993585
2021-03-15,4090,4100,4060,4090,64714,0.36809815950920244,-12642,56,-184,12770,0,18448,56,32652,13558,64714,31090,0,32836,788,64714,-51544890,227640,-894460,52211710,0,75502905,227640,133446480,55432970,264609995,127047795,0,134340940,3221260,264609995
2021-03-16,4105,4190,4080,4155,91680,1.5892420537897312,22700,-1090,-20542,-1068,0,42727,1990,43431,3532,91680,20027,3080,63973,4600,91680,93733190,-4669700,-84581550,-4481940,0,176115480,8186500,179259090,14494785,378055855,82382290,12856200,263840640,18976725,378055855
2021-03-17,4180,4185,4155,4170,112951,0.36101083032490977,5934,-500,7391,-12825,0,23355,500,89094,2,112951,17421,1000,81703,12827,112951,24837570,-2086390,30725235,-53476415,0,97481395,2083610,371456175,8340,471029520,72643825,4170000,340730940,53484755,471029520
2021-03-18,4175,4175,4150,4155,40294,-0.3597122302158274,-2978,300,6084,-3406,0,13019,500,26775,0,40294,15997,200,20691,3406,40294,-12395645,1249000,25308630,-14161985,0,54165730,2080000,111355565,0,167601295,66561375,831000,86046935,14161985,167601295
2021-03-19,4150,4175,4115,4115,129127,-0.9626955475330927,-15638,7670,28339,-20371,0,15799,7670,80733,24925,129127,31437,0,52394,45296,129127,-65222010,31848850,116925720,-83552560,0,65605565,31848850,334581240,103157420,535193075,130827575,0,217655520,186709980,535193075
2021-03-22,4115,4155,4110,4150,66710,0.850546780072904,3142,4000,-7866,724,0,25221,4000,33406,4083,66710,22079,0,41272,3359,66710,12957460,16580000,-32519505,2982045,0,104370575,16580000,138159130,16876435,275986140,91413115,0,170678635,13894390,275986140
2021-03-23,4150,4225,4140,4225,161776,1.8072289156626504,25344,-1800,-31724,8180,0,60463,0,92484,8829,161776,35119,1800,124208,649,161776,106741170,-7578000,-133470050,34306880,0,254573825,0,387896430,37025315,679495570,147832655,7578000,521366480,2718435,679495570
2021-03-24,4230,4230,4180,4220,73552,-0.1183431952662722,17115,1002,-11476,-6641,0,23609,1002,46507,2434,73552,6494,0,57983,9075,73552,72061835,4203385,-48246585,-28018635,0,99458195,4203385,196141845,10199720,310003145,27396360,0,244388430,38218355,310003145
2021-03-25,4210,4310,4180,4310,123195,2.132701421800948,57047,2,-48801,-8248,0,71781,2,46481,4931,123195,14734,0,95282,13179,123195,241057440,8380,-206367785,-34698035,0,303502360,8380,197491480,20901090,521903310,62444920,0,403859265,55599125,521903310
2021-03-26,4315,4460,4205,4440,161624,3.0162412993039442,64430,2848,-73518,6240,0,97438,3148,52527,8511,161624,33008,300,126045,2271,161624,283596860,12340335,-322914740,26977545,0,428969175,13671585,229540630,36938500,709119890,145372315,1331250,552455370,9960955,709119890
2021-03-29,4440,4445,4410,4435,141279,-0.11261261261261261,44018,-8499,-33848,-1671,0,106037,1,29966,5275,141279,62019,8500,63814,6946,141279,195124460,-37708585,-150087475,-7328400,0,470244855,4415,132809890,23420980,626480140,275120395,37713000,282897365,30749380,626480140
2021-03-30,4435,4455,4410,4440,61371,0.11273957158962795,9630,0,-11225,1595,0,26981,0,26906,7484,61371,17351,0,38131,5889,61371,42619650,0,-49724950,7105300,0,119639225,0,119142785,33197080,271979090,77019575,0,168867735,26091780,271979090
2021-03-31,4440,4460,4430,4460,71643,0.45045045045045046,-16401,15750,-6949,7600,0,26244,15750,21075,8574,71643,42645,0,28024,974,71643,-72993500,69930000,-30779295,33842795,0,116446240,69930000,93657130,38172335,318205705,189439740,0,124436425,4329540,318205705
2021-04-01,4450,4480,4440,4470,61869,0.2242152466367713,18243,4798,-21595,-1446,0,39968,4798,11456,5647,61869,21725,0,33051,7093,61869,81395995,21423085,-96363470,-6455610,0,178336155,21423085,51049275,25220565,276029080,96940160,0,147412745,31676175,276029080
2021-04-02,4470,4490,4440,4470,86662,0.0,2743,500,5769,-9012,0,30206,500,55956,0,86662,27463,0,50187,9012,86662,12013460,2230000,25946995,-40190455,0,134404300,2230000,249341405,0,385975705,122390840,0,223394410,40190455,385975705
2021-04-05,4470,4485,4435,4435,33717,-0.7829977628635347,-6818,800,7145,-1127,0,12994,800,19923,0,33717,19812,0,12778,1127,33717,-30301500,3556500,31756700,-5011700,0,57831930,3556500,88622040,0,150010470,88133430,0,56865340,5011700,150010470
2021-04-06,4450,4450,4410,4440,44989,0.11273957158962795,12345,-2374,-11560,1589,0,17151,300,25926,1612,44989,4806,2674,37486,23,44989,54599030,-10533300,-51127660,7061930,0,75916865,1326000,114815445,7164050,199222360,21317835,11859300,165943105,102120,199222360
2021-04-07,4410,4430,4350,4415,73100,-0.5630630630630631,31142,0,-31829,687,0,39253,0,30577,3270,73100,8111,0,62406,2583,73100,137374090,0,-140424385,3050295,0,173078985,0,134428525,14432105,321939615,35704895,0,274852910,11381810,321939615
2021-04-08,4400,4400,4360,4360,63211,-1.245753114382786,24198,-5800,-21925,3527,0,32545,300,25703,4663,63211,8347,6100,47628,1136,63211,106251545,-25468505,-96306965,15523925,0,142858210,1318500,112588990,20510040,277275740,36606665,26787005,208895955,4986115,277275740
2021-04-09,4360,4410,4330,4395,136944,0.8027522935779817,14382,3285,-20546,2879,0,61865,9554,58617,6908,136944,47483,6269,79163,4029,136944,63072115,14473390,-90196380,12650875,0,271698030,42014145,256914605,30178220,600805000,208625915,27540755,347110985,17527345,600805000
2021-04-12,4385,4400,4370,4395,21022,0.0,1941,0,-2119,178,0,4374,0,15300,1348,21022,2433,0,17419,1170,21022,8511540,0,-9303840,792300,0,19179025,0,67106570,5929270,92214865,10667485,0,76410410,5136970,92214865
2021-04-13,4395,4400,4375,4375,63801,-0.4550625711035267,-7708,0,25942,-18234,0,14803,0,48997,1,63801,22511,0,23055,18235,63801,-33846495,0,113876660,-80030165,0,64925945,0,215244790,4400,280175135,98772440,0,101368130,80034565,280175135
2021-04-14,4370,4420,4370,4405,127750,0.6857142857142857,21928,-2792,-30719,11583,0,83574,0,30837,13339,127750,61646,2792,61556,1756,127750,96495565,-12335190,-135186660,51026285,0,367554700,0,135694090,58745125,561993915,271059135,12335190,270880750,7718840,561993915
2021-04-15,4435,4435,4385,4400,38602,-0.11350737797956867,14947,0,-11018,-3929,0,27115,0,11487,0,38602,12168,0,22505,3929,38602,65782895,0,-48522075,-17260820,0,119317455,0,50512910,0,169830365,53534560,0,99034985,17260820,169830365
2021-04-16,4400,4410,4390,4400,44107,0.0,15269,1,-12307,-2963,0,25912,1,18194,0,44107,10643,0,30501,2963,44107,67102750,4395,-54093175,-13013970,0,113925420,4395,80031370,0,193961185,46822670,0,134124545,13013970,193961185
2021-04-19,4400,4485,4395,4485,181123,1.9318181818181817,38008,-9457,-35782,7231,0,78339,3409,87803,11572,181123,40331,12866,123585,4341,181123,168748080,-41950675,-158764635,31967230,0,348066085,14999600,390914890,51108490,805089065,179318005,56950275,549679525,19141260,805089065
2021-04-20,4500,4700,4500,4555,186947,1.560758082497213,3326,-700,5526,-8152,0,89875,300,87954,8818,186947,86549,1000,82428,16970,186947,15760110,-3133500,24898640,-37525250,0,411654980,1381500,402266260,40118440,855421180,395894870,4515000,377367620,77643690,855421180
2021-04-21,4555,4625,4550,4625,179802,1.5367727771679474,-25573,-16200,27621,14152,0,59398,0,105854,14550,179802,84971,16200,78233,398,179802,-117875555,-74162840,126914200,65124195,0,272616325,0,486417070,66956145,825989540,390491880,74162840,359502870,1831950,825989540
2021-04-22,4650,4800,4635,4715,196077,1.9459459459459458,12966,-900,-18417,6351,0,81274,300,98509,15994,196077,68308,1200,116926,9643,196077,60436120,-4218595,-86105480,29887955,0,381475530,1398000,463349845,75143610,921366985,321039410,5616595,549455325,45255655,921366985
2021-04-23,4765,4990,4730,4945,521689,4.878048780487805,53331,-25200,-74149,46018,0,167211,0,296694,57784,521689,113880,25200,370843,11766,521689,260811225,-122767000,-361850930,223806705,0,818251245,0,1446590215,280562315,2545403775,557440020,122767000,1808441145,56755610,2545403775
2021-04-26,4945,4955,4770,4790,266213,-3.1344792719919106,57167,-17569,20171,-59769,0,120483,2,144500,1228,266213,63316,17571,124329,60997,266213,278841950,-86879870,98415895,-290377975,0,582803980,9760,699986455,5965225,1288765420,303962030,86889630,601570560,296343200,1288765420
2021-04-27,4790,4790,4760,4770,127356,-0.41753653444676403,57479,2681,-58094,-2066,0,83824,3433,32187,7912,127356,26345,752,90281,9978,127356,274233135,12780140,-277222900,-9790375,0,399951800,16382220,153559225,37804325,607697570,125718665,3602080,430782125,47594700,607697570
2021-04-28,4770,4855,4770,4795,114460,0.5241090146750524,44025,-248,-42611,-1166,0,61957,0,51113,1390,114460,17932,248,93724,2556,114460,211813185,-1191640,-205065470,-5556075,0,298180915,0,247159510,6736440,552076865,86367730,1191640,452224980,12292515,552076865
2021-04-29,4750,4840,4750,4840,115944,0.9384775808133473,27758,-8149,-18031,-1578,0,67151,0,41082,7711,115944,39393,8149,59113,9289,115944,133592215,-39138180,-86947435,-7506600,0,322211855,0,197308925,36939455,556460235,188619640,39138180,284256360,44446055,556460235
2021-04-30,4850,4880,4765,4875,109095,0.7231404958677686,39029,-24174,-6094,-8761,0,54930,0,51022,3143,109095,15901,24174,57116,11904,109095,188680335,-116778485,-29503400,-42398450,0,264811125,0,247095325,15036010,526942460,76130790,116778485,276598725,57434460,526942460
2021-05-03,4870,4895,4830,4850,109062,-0.5128205128205128,40783,-7915,-35917,3049,0,73317,323,26812,8610,109062,32534,8238,62729,5561,109062,198041055,-38608555,-174459065,15026565,0,355898745,1565280,130330190,41993480,529787695,157857690,40173835,304789255,26966915,529787695
2021-05-04,4820,4850,4780,4810,141348,-0.8247422680412372,55656,-600,-55505,449,0,101564,0,37307,2477,141348,45908,600,92812,2028,141348,268109145,-2907000,-267301595,2099450,0,489176215,0,179658435,11872590,680707240,221067070,2907000,446960030,9773140,680707240
2021-05-06,4780,4835,4780,4810,158873,0.0,52861,-3353,-71738,22230,0,71600,0,61933,25340,158873,18739,3353,133671,3110,158873,254372980,-16112930,-345256935,106996885,0,344461095,0,297854390,121948940,764264425,90088115,16112930,643111325,14952055,764264425
2021-05-07,4805,4840,4790,4825,116043,0.31185031185031187,38582,-1183,-18856,-18543,0,51553,300,63968,222,116043,12971,1483,82824,18765,116043,185673750,-5690730,-90847110,-89135910,0,248162930,1440000,307884110,1072180,558559220,62489180,7130730,398731220,90208090,558559220
2021-05-10,4815,4825,4785,4805,114582,-0.41450777202072536,29146,-3948,-15147,-10051,0,67637,302,46241,402,114582,38491,4250,61388,10453,114582,140145960,-19042645,-72794070,-48309245,0,325094720,1451105,222088110,1929600,550563535,184948760,20493750,294882180,50238845,550563535
2021-05-11,4790,4795,4755,4765,132636,-0.8324661810613945,7880,-250,9252,-16882,0,72909,1000,58727,0,132636,65029,1250,49475,16882,132636,37714625,-1205000,44071075,-80580700,0,348123340,4782500,280366465,0,633272305,310408715,5987500,236295390,80580700,633272305
2021-05-12,4745,4765,4740,4755,68051,-0.2098635886673662,36583,-1250,-34955,-378,0,48194,0,16825,3032,68051,11611,1250,51780,3410,68051,173950520,-5931250,-166243465,-1775805,0,229208725,0,79969660,14429095,323607480,55258205,5931250,246213125,16204900,323607480
2021-05-13,4755,4780,4710,4755,121691,0.0,9767,51,-13759,3941,0,53847,1301,47287,19256,121691,44080,1250,61046,15315,121691,46594775,199970,-65397620,18602875,0,255420960,6143720,223959645,91119535,576643860,208826185,5943750,289357265,72516660,576643860
2021-05-14,4745,4755,4710,4750,59670,-0.10515247108307045,23588,-300,-18301,-4987,0,36290,1500,19880,2000,59670,12702,1800,38181,6987,59670,111671120,-1425275,-86766025,-23479820,0,171775620,7115000,94141090,9500000,282531710,60104500,8540275,180907115,32979820,282531710
2021-05-17,4725,4760,4725,4750,63460,0.0,19217,-1183,-12213,-5821,0,27558,807,35071,24,63460,8341,1990,47284,5845,63460,91166805,-5616035,-57902910,-27647860,0,130786860,3831715,166410595,113580,301142750,39620055,9447750,224313505,27761440,301142750
2021-05-18,4735,4775,4735,4775,78446,0.5263157894736842,5937,-1000,-8749,3812,0,31390,0,37678,9378,78446,25453,1000,46427,5566,78446,28325350,-4751500,-41764845,18190995,0,149655365,0,179495165,44684840,373835370,121330015,4751500,221260010,26493845,373835370
2021-05-20,4755,4775,4745,4770,80148,-0.10471204188481677,13525,-21000,-4459,11934,0,46214,500,18170,15264,80148,32689,21500,22629,3330,80148,64343120,-99868470,-21289420,56814770,0,219926965,2380000,86390990,72638420,381336375,155583845,102248470,107680410,15823650,381336375
2021-05-21,4770,4770,4750,4750,59086,-0.41928721174004197,30222,-21291,-6673,-2258,0,40696,1000,17390,0,59086,10474,22291,24063,2258,59086,144010985,-101267630,-31990315,-10753040,0,193883895,4762500,82699130,0,281345525,49872910,106030130,114689445,10753040,281345525
2021-05-24,4745,4785,4740,4780,58838,0.631578947368421,-10420,500,10546,-626,0,19014,500,39324,0,58838,29434,0,28778,626,58838,-50039370,2390000,50620170,-2970800,0,90521120,2390000,187891810,0,280802930,140560490,0,137271640,2970800,280802930
2021-05-25,4850,4850,4770,4810,88750,0.6276150627615062,18031,1500,-14471,-5060,0,44676,1500,40229,2345,88750,26645,0,54700,7405,88750,86452950,7187500,-69313300,-24327150,0,214291955,7187500,192830775,11214330,425524560,127839005,0,262144075,35541480,425524560
2021-05-26,4780,4860,4780,4810,92516,0.0,27329,800,-34728,6599,0,42603,800,42514,6599,92516,15274,0,77242,0,92516,132168650,3870500,-167977540,31938390,0,205974800,3870500,205374115,31938390,447157805,73806150,0,373351655,0,447157805
2021-05-27,4810,4980,4810,4890,174859,1.6632016632016633,79091,300,-77707,-1684,0,99574,300,65362,9623,174859,20483,0,143069,11307,174859,385399865,1456500,-377838265,-9018100,0,484871530,1456500,318441420,46430985,851200435,99471665,0,696279685,55449085,851200435
2021-05-28,4890,4955,4890,4950,48234,1.2269938650306749,16641,350,-15597,-1394,0,20335,650,27249,0,48234,3694,300,42846,1394,48234,82090650,1729250,-76990925,-6828975,0,100348160,3206750,134547105,0,238102015,18257510,1477500,211538030,6828975,238102015
2021-05-31,4955,5020,4955,5010,111534,1.2121212121212122,23865,-3500,-27800,7435,0,26129,500,75533,9372,111534,2264,4000,103333,1937,111534,119465600,-17490000,-139251860,37276260,0,130754790,2500000,377257920,46881295,557394005,11289190,19990000,516509780,9605035,557394005
2021-06-01,5010,5090,5010,5080,189196,1.3972055888223553,95728,200,-96522,594,0,119946,200,68292,758,189196,24218,0,164814,164,189196,484809040,1012000,-488827730,3006690,0,607486340,1012000,345912060,3836550,958246950,122677300,0,834739790,829860,958246950
2021-06-02,5070,5100,5060,5090,128743,0.19685039370078738,78429,2130,-67623,-12936,0,91631,4314,32787,11,128743,13202,2184,100410,12947,128743,398105030,10856850,-343376290,-65585590,0,465128310,21907890,166421440,55830,653513470,67023280,11051040,509797730,65641420,653513470
2021-06-03,5090,5090,5030,5070,77353,-0.3929273084479371,33005,1901,-34242,-664,0,48384,1901,25418,1650,77353,15379,0,59660,2314,77353,166974960,9631070,-173228290,-3377740,0,244810000,9631070,128489460,8354240,391284770,77835040,0,301717750,11731980,391284770
2021-06-04,5070,5080,5000,5030,65581,-0.7889546351084813,16008,0,-15955,-53,0,19541,0,44341,1699,65581,3533,0,60296,1752,65581,80452490,0,-80157770,-294720,0,98257340,0,223011770,8529000,329798110,17804850,0,303169540,8823720,329798110
2021-06-07,5030,5040,4980,5030,72402,0.0,25045,3500,-25526,-3019,0,28026,3500,39528,1348,72402,2981,0,65054,4367,72402,125469990,17570000,-127991615,-15048375,0,140411710,17570000,197960475,6764790,362706975,14941720,0,325952090,21813165,362706975
2021-06-08,5080,5080,5000,5020,31947,-0.19880715705765406,6337,1500,-7525,-312,0,10730,1500,19717,0,31947,4393,0,27242,312,31947,31742050,7530000,-37699290,-1572760,0,53758520,7530000,98831780,0,160120300,22016470,0,136531070,1572760,160120300
2021-06-09,5050,5160,5000,5100,202978,1.593625498007968,128810,7000,-137911,2101,0,133458,7000,56364,6156,202978,4648,0,194275,4055,202978,656843450,35612500,-702869820,10413870,0,680510480,35612500,286694020,31178840,1033995840,23667030,0,989563840,20764970,1033995840
2021-06-10,5110,5120,5010,5060,82375,-0.7843137254901961,-5254,0,12626,-7372,0,25306,0,56969,100,82375,30560,0,44343,7472,82375,-26234980,0,63352920,-37117940,0,127447000,0,288972280,502740,416922020,153681980,0,225619360,37620680,416922020
2021-06-11,5100,5100,4985,4990,198767,-1.383399209486166,-62582,0,69301,-6719,0,77096,0,121670,1,198767,139678,0,52369,6720,198767,-312850155,0,346502100,-33651945,0,385777035,0,609019620,4995,994801650,698627190,0,262517520,33656940,994801650
2021-06-14,5040,5040,4960,4960,51164,-0.6012024048096193,-8018,500,10071,-2553,0,19691,500,30963,10,51164,27709,0,20892,2563,51164,-39797440,2482500,50002525,-12687585,0,97947290,2482500,153895070,49600,254374460,137744730,0,103892545,12737185,254374460
2021-06-15,4960,5040,4905,4920,104764,-0.8064516129032258,-27484,0,27258,226,0,41991,0,62516,257,104764,69475,0,35258,31,104764,-135476155,0,134366560,1109595,0,206982460,0,308079425,1264240,516326125,342458615,0,173712865,154645,516326125
2021-06-16,5010,5010,4820,4905,103502,-0.3048780487804878,-21611,2,21347,262,0,37063,2,66144,293,103502,58674,0,44797,31,103502,-105074430,9815,103796575,1268040,0,181276305,9815,322810550,1422665,505519335,286350735,0,219013975,154625,505519335
2021-06-17,4905,4920,4845,4915,21091,0.20387359836901123,7900,0,-8676,776,0,10418,0,9897,776,21091,2518,0,18573,0,21091,38659325,0,-42438445,3779120,0,50959480,0,48492895,3779120,103231495,12300155,0,90931340,0,103231495
2021-06-18,4950,4950,4815,4905,67896,-0.20345879959308238,-8030,1928,11609,-5507,0,22256,1928,40498,3214,67896,30286,0,28889,8721,67896,-38602710,9484295,56281345,-27162930,0,109237055,9484295,198334705,15630370,332686425,147839765,0,142053360,42793300,332686425
2021-06-21,4900,4950,4875,4900,19995,-0.10193679918450561,6415,0,-5996,-419,0,8377,0,11617,1,19995,1962,0,17613,420,19995,31493610,0,-29440490,-2053120,0,41126885,0,56949435,4880,98081200,9633275,0,86389925,2058000,98081200
2021-06-22,4885,4925,4880,4885,49810,-0.30612244897959184,-7082,72,6691,319,0,15065,72,34354,319,49810,22147,0,27663,0,49810,-34769305,351720,32854485,1563100,0,73671680,351720,168126580,1563100,243713080,108440985,0,135272095,0,243713080
2021-06-23,4890,4900,4870,4895,38213,0.2047082906857728,10194,0,-4160,-6034,0,19150,0,19063,0,38213,8956,0,23223,6034,38213,49859065,0,-20371960,-29487105,0,93665855,0,93189970,0,186855825,43806790,0,113561930,29487105,186855825
2021-06-24,4895,4910,4875,4900,24419,0.10214504596527069,4121,1000,-5121,0,0,7621,1000,15798,0,24419,3500,0,20919,0,24419,20172515,4895000,-25067515,0,0,37316905,4895000,77344660,0,119556565,17144390,0,102412175,0,119556565
2021-06-25,4950,4950,4875,4905,119099,0.10204081632653061,9403,0,-9746,343,0,21914,0,96773,412,119099,12511,0,106519,69,119099,45976410,0,-47652160,1675750,0,107285620,0,476003950,2017300,585306870,61309210,0,523656110,341550,585306870
2021-06-28,4940,4940,4875,4890,63558,-0.3058103975535168,28432,-28403,-1195,1166,0,31686,0,30019,1853,63558,3254,28403,31214,687,63558,139213925,-138855345,-6078750,5720170,0,155191505,0,146896540,9079700,311167745,15977580,138855345,152975290,3359530,311167745
2021-06-29,4900,4900,4875,4885,46465,-0.10224948875255625,2987,-11480,9101,-608,0,9789,0,34463,2213,46465,6802,11480,25362,2821,46465,14593250,-56029030,44380655,-2944875,0,47892500,0,168289290,10824600,227006390,33299250,56029030,123908635,13769475,227006390
2021-06-30,4890,4900,4875,4900,35122,0.3070624360286591,-917,-1647,-192,2756,0,10438,0,21281,3403,35122,11355,1647,21473,647,35122,-4465890,-8053830,-958350,13478070,0,50983680,0,103888975,16637180,171509835,55449570,8053830,104847325,3159110,171509835
2021-07-01,4925,4925,4830,4875,115023,-0.5102040816326531,-42596,0,52806,-10210,0,11979,20000,82074,970,115023,54575,20000,29268,11180,115023,-206926940,578560,256123090,-49774710,0,58281805,97620000,398017835,4699200,558618840,265208745,97041440,141894745,54473910,558618840
2021-07-02,4835,4875,4810,4865,81292,-0.20512820512820512,-11840,2,12988,-1150,0,16230,2,65001,59,81292,28070,0,52013,1209,81292,-57184710,9675,62776495,-5601460,0,78441870,9675,313889265,285265,392626075,135626580,0,251112770,5886725,392626075
2021-07-05,4865,4880,4750,4770,145915,-1.9527235354573484,-31384,3,31392,-11,0,21161,3,123156,1595,145915,52545,0,91764,1606,145915,-150884540,14515,150908280,-38255,0,101220135,14515,589765170,7724275,698724095,252104675,0,438856890,7762530,698724095
2021-07-06,4795,4795,4715,4730,108886,-0.8385744234800839,-531,0,481,50,0,19645,0,89191,50,108886,20176,0,88710,0,108886,-2652870,0,2414620,238250,0,93149570,0,422694175,238250,516081995,95802440,0,420279555,0,516081995
2021-07-07,4755,4755,4720,4730,13007,0.0,1021,0,-1022,1,0,2092,0,10914,1,13007,1071,0,11936,0,13007,4819765,0,-4824505,4740,0,9887460,0,51589120,4740,61481320,5067695,0,56413625,0,61481320
2021-07-08,4715,4730,4660,4680,86081,-1.0570824524312896,-4174,0,-4281,8455,0,11451,0,66175,8455,86081,15625,0,70456,0,86081,-19870540,0,-19700760,39571300,0,53429070,0,309957585,39571300,402957955,73299610,0,329658345,0,402957955
2021-07-09,4700,4715,4620,4655,53478,-0.5341880341880342,21493,0,-21491,-2,0,25262,0,28216,0,53478,3769,0,49707,2,53478,100324140,0,-100314780,-9360,0,117854135,0,131070800,0,248924935,17529995,0,231385580,9360,248924935
2021-07-12,4655,4695,4645,4650,32106,-0.10741138560687433,-1461,0,1467,-6,0,12327,0,19779,0,32106,13788,0,18312,6,32106,-6711325,0,6739280,-27955,0,57466275,0,92066080,0,149532355,64177600,0,85326800,27955,149532355
2021-07-13,4650,4665,4640,4665,57158,0.3225806451612903,4176,0,-4276,100,0,22339,0,34719,100,57158,18163,0,38995,0,57158,19466860,0,-19932360,465500,0,103900250,0,161334155,465500,265699905,84433390,0,181266515,0,265699905
2021-07-14,4670,4750,4645,4670,82227,0.10718113612004287,-1104,0,968,136,0,33090,0,43912,5225,82227,34194,0,42944,5089,82227,-4686470,0,4059195,627275,0,155412955,0,205601315,24456295,385470565,160099425,0,201542120,23829020,385470565
2021-07-15,4700,4700,4640,4645,109150,-0.5353319057815845,-7193,2,5899,1292,0,52927,2,50605,5616,109150,60120,0,44706,4324,109150,-33421860,9295,27379175,6033390,0,246093600,9295,235137280,26123915,507364090,279515460,0,207758105,20090525,507364090
2021-07-16,4685,4685,4625,4630,74303,-0.32292787944025836,-12059,0,11959,100,0,4819,0,69384,100,74303,16878,0,57425,0,74303,-55758635,0,55294135,464500,0,22358540,0,321468625,464500,344291665,78117175,0,266174490,0,344291665
2021-07-19,4680,4680,4510,4630,47436,0.0,-8636,0,5747,2889,0,2304,0,40339,4793,47436,10940,0,34592,1904,47436,-39706710,0,26710930,12995780,0,10621525,0,185691700,21719030,218032255,50328235,0,158980770,8723250,218032255
2021-07-20,4615,4640,4610,4635,40852,0.10799136069114472,8282,0,-7157,-1125,0,20201,0,20651,0,40852,11919,0,27808,1125,40852,38239685,0,-33039800,-5199885,0,93261220,0,95449365,0,188710585,55021535,0,128489165,5199885,188710585
2021-07-21,4650,4650,4630,4640,26349,0.10787486515641855,-1386,217,8434,-7265,0,7003,217,19129,0,26349,8389,0,10695,7265,26349,-6414825,1006880,39117555,-33709610,0,32513325,1006880,88797900,0,122318105,38928150,0,49680345,33709610,122318105
2021-07-22,4665,4665,4635,4650,12048,0.21551724137931033,-243,0,243,0,0,6014,0,6034,0,12048,6257,0,5791,0,12048,-1124910,0,1124910,0,0,27963990,0,28023790,0,55987780,29088900,0,26898880,0,55987780
2021-07-23,4670,4670,4640,4640,23001,-0.21505376344086022,-16274,16128,146,0,0,886,16128,5987,0,23001,17160,0,5841,0,23001,-75666245,74995200,671045,0,0,4119880,74995200,27803260,0,106918340,79786125,0,27132215,0,106918340
2021-07-26,4670,4670,4620,4640,49326,0.0,-10370,0,10612,-242,0,13785,0,35525,16,49326,24155,0,24913,258,49326,-48118970,0,49246140,-1127170,0,63955845,0,164771230,74480,228801555,112074815,0,115525090,1201650,228801555
2021-07-27,4640,4650,4625,4630,9338,-0.21551724137931033,-2285,-217,2506,-4,0,1877,0,7153,308,9338,4162,217,4647,312,9338,-10600345,-1004710,11621625,-16570,0,8706365,0,33179265,1429120,43314750,19306710,1004710,21557640,1445690,43314750
2021-07-28,4640,4650,4620,4630,21427,0.0,1096,0,-6461,5365,0,5630,0,9041,6756,21427,4534,0,15502,1391,21427,5061335,0,-29938075,24876740,0,26057615,0,41880900,31317690,99256205,20996280,0,71818975,6440950,99256205
2021-07-29,4640,4650,4615,4625,43418,-0.10799136069114472,-1638,16220,-18100,3518,0,3641,16220,19670,3887,43418,5279,0,37770,369,43418,-7566260,75016165,-83742590,16292685,0,16855580,75016165,91022995,17997515,200892255,24421840,0,174765585,1704830,200892255
2021-07-30,4670,4670,4615,4615,12377,-0.21621621621621623,-1102,-4000,7088,-1986,0,4078,0,8299,0,12377,5180,4000,1211,1986,12377,-5066230,-18497040,32772710,-9209440,0,18862910,0,38390915,0,57253825,23929140,18497040,5618205,9209440,57253825
2021-08-02,4630,4650,4540,4645,52984,0.6500541711809318,22112,-5000,-20556,3444,0,33452,0,15703,3829,52984,11340,5000,36259,385,52984,102583615,-23080000,-95464410,15960795,0,155047440,0,72450475,17737540,245235455,52463825,23080000,167914885,1776745,245235455
2021-08-03,4650,4650,4630,4635,12827,-0.2152852529601722,4288,0,-3311,-977,0,5520,0,7036,271,12827,1232,0,10347,1248,12827,19913725,0,-15385135,-4528590,0,25629000,0,32635740,1258535,59523275,5715275,0,48020875,5787125,59523275
2021-08-04,4650,4650,4620,4635,36580,0.0,143,0,4,-147,0,8588,2169,25118,705,36580,8445,2169,25114,852,36580,674010,-10845,14515,-677680,0,39829680,10053315,116345170,3271200,169499365,39155670,10064160,116330655,3948880,169499365
2021-08-05,4645,4655,4635,4635,18341,0.0,2612,0,-3623,1011,0,4122,0,13206,1013,18341,1510,0,16829,2,18341,12136390,0,-16837050,4700660,0,19150390,0,61344440,4709945,85204775,7014000,0,78181490,9285,85204775
2021-08-06,4645,4685,4630,4680,71869,0.9708737864077669,31178,-1251,-35139,5212,0,43248,0,22851,5770,71869,12070,1251,57990,558,71869,145609560,-5854680,-164087270,24332390,0,201810870,0,106648315,26915930,335375115,56201310,5854680,270735585,2583540,335375115
2021-08-09,4680,4685,4630,4685,23458,0.10683760683760685,335,0,909,-1244,0,7376,0,15811,271,23458,7041,0,14902,1515,23458,1440015,0,4369425,-5809440,0,34302810,0,73886980,1265655,109455445,32862795,0,69517555,7075095,109455445
2021-08-10,4685,4685,4615,4635,81288,-1.0672358591248665,-9474,-11999,26205,-4732,0,5683,1,75333,271,81288,15157,12000,49128,5003,81288,-43795715,-55470365,121253695,-21987615,0,26329635,4635,348573910,1256755,376164935,70125350,55475000,227320215,23244370,376164935
2021-08-11,4675,4675,4635,4660,23356,0.5393743257820928,10389,0,-11160,771,0,14231,0,8354,771,23356,3842,0,19514,0,23356,48347100,0,-51931430,3584330,0,66215470,0,38759860,3584330,108559660,17868370,0,90691290,0,108559660
2021-08-12,4670,4670,4640,4655,14840,-0.1072961373390558,-3468,1,3096,371,0,1323,1,13145,371,14840,4791,0,10049,0,14840,-16139905,4640,14406905,1728360,0,6154570,4640,61170445,1728360,69058015,22294475,0,46763540,0,69058015
2021-08-13,4665,4665,4630,4650,26817,-0.10741138560687433,7994,150,-6553,-1591,0,13049,150,13347,271,26817,5055,0,19900,1862,26817,37081405,696000,-30399165,-7378240,0,60591385,696000,61978220,1259640,124525245,23509980,0,92377385,8637880,124525245
2021-08-17,4665,4665,4620,4635,32423,-0.3225806451612903,7737,1,-7475,-263,0,11430,1,20235,757,32423,3693,0,27710,1020,32423,35845705,4635,-34641760,-1208580,0,52972055,4635,93639330,3507785,150123805,17126350,0,128281090,4716365,150123805
2021-08-18,4635,4665,4575,4665,67780,0.6472491909385114,27683,0,-37647,9964,0,40390,0,17236,10154,67780,12707,0,54883,190,67780,128850555,0,-175066270,46215715,0,187952700,0,79112745,47101930,314167375,59102145,0,254179015,886215,314167375
2021-08-19,4670,4670,4645,4645,29971,-0.4287245444801715,14357,0,-11598,-2759,0,23898,0,6073,0,29971,9541,0,17671,2759,29971,66843655,0,-54021165,-12822490,0,111326295,0,28301910,0,139628205,44482640,0,82323075,12822490,139628205
2021-08-20,4650,4720,4645,4670,84215,0.5382131324004306,3878,2300,-27152,20974,0,14829,2300,46112,20974,84215,10951,0,73264,0,84215,18258520,10782000,-127210790,98170270,0,69367020,10782000,215624770,98170270,393944060,51108500,0,342835560,0,393944060
2021-08-23,4680,4680,4630,4630,75986,-0.8565310492505354,3395,-32348,41679,-12726,0,11889,0,60558,3539,75986,8494,32348,18879,16265,75986,15917285,-150471130,193677295,-59123450,0,55424970,0,281530665,16450465,353406100,39507685,150471130,87853370,75573915,353406100
2021-08-24,4655,4660,4630,4645,33166,0.32397408207343414,11410,-12046,6247,-5611,0,15744,0,17422,0,33166,4334,12046,11175,5611,33166,52987200,-55845695,28928450,-26069955,0,73134425,0,80839905,0,153974330,20147225,55845695,51911455,26069955,153974330
2021-08-25,4670,4680,4645,4675,51748,0.6458557588805167,5046,0,-10918,5872,0,12487,0,25500,13761,51748,7441,0,36418,7889,51748,23532905,0,-51128350,27595445,0,58277225,0,118876825,64291770,241445820,34744320,0,170005175,36696325,241445820
2021-08-26,4680,4685,4665,4675,25763,0.0,333,0,4126,-4459,0,10049,0,15714,0,25763,9716,0,11588,4459,25763,1602095,0,19237460,-20839555,0,47029585,0,73449010,0,120478595,45427490,0,54211550,20839555,120478595
2021-08-27,4690,4690,4650,4670,27699,-0.10695187165775401,-12217,0,20310,-8093,0,815,0,26433,451,27699,13032,0,6123,8544,27699,-57090215,0,94794770,-37704555,0,3807160,0,123737580,2108350,129653090,60897375,0,28942810,39812905,129653090
2021-08-30,4675,4675,4640,4645,67813,-0.5353319057815845,7368,100,-3081,-4387,0,8189,100,59367,157,67813,821,0,62448,4544,67813,34276420,464500,-14298560,-20442360,0,38091790,464500,276293110,728480,315577880,3815370,0,290591670,21170840,315577880
2021-08-31,4670,4670,4640,4650,35827,0.1076426264800861,2396,100,25380,-27876,0,3568,100,31573,586,35827,1172,0,6193,28462,35827,11122400,465000,117957395,-129544795,0,16572305,465000,146763425,2723100,166523830,5449905,0,28806030,132267895,166523830
2021-09-01,4670,4670,4625,4635,70963,-0.3225806451612903,-53383,100,51367,1916,0,10819,100,57617,2427,70963,64202,0,6250,511,70963,-247439080,463000,238087605,8888475,0,50314220,463000,267184155,11263230,329224605,297753300,0,29096550,2374755,329224605
2021-09-02,4670,4670,4620,4645,87593,0.2157497303128371,12508,10900,-28506,5098,0,21062,10900,49014,6617,87593,8554,0,77520,1519,87593,58174585,50660500,-132488925,23653840,0,97913590,50660500,227535735,30732445,406842270,39739005,0,360024660,7078605,406842270
2021-09-03,4665,4680,4660,4670,49413,0.5382131324004306,6689,0,-5097,-1592,0,11270,0,36985,1158,49413,4581,0,42082,2750,49413,31309055,0,-23889650,-7419405,0,52683060,0,172653965,5414380,230751405,21374005,0,196543615,12833785,230751405
2021-09-06,4685,4710,4640,4700,98991,0.6423982869379015,-14077,22600,-25294,16771,0,3297,22600,54030,19064,98991,17374,0,79324,2293,98991,-65823515,106289445,-119285510,78819580,0,15430675,106289445,253430350,89537140,464687610,81254190,0,372715860,10717560,464687610
2021-09-07,4715,4715,4650,4705,47629,0.10638297872340426,-12800,12227,-761,1334,0,379,12227,28629,6394,47629,13179,0,29390,5060,47629,-59863650,57436570,-3701145,6128225,0,1776430,57436570,133830295,29827885,222871180,61640080,0,137531440,23699660,222871180
2021-09-08,4700,4705,4655,4670,30451,-0.7438894792773645,-9623,100,13912,-4389,0,1573,100,27615,1163,30451,11196,0,13703,5552,30451,-44908155,467000,65035710,-20594555,0,7380430,467000,129148355,5432920,142428705,52288585,0,64112645,26027475,142428705
2021-09-09,4700,4700,4665,4670,19282,0.0,-1328,0,6456,-5128,0,109,0,19173,0,19282,1437,0,12717,5128,19282,-6204330,0,30178705,-23974375,0,509580,0,89661310,0,90170890,6713910,0,59482605,23974375,90170890
2021-09-10,4715,4715,4670,4690,10898,0.4282655246252677,788,0,-627,-161,0,1731,0,8495,672,10898,943,0,9122,833,10898,3705570,0,-2937845,-767725,0,8124770,0,39816905,3147600,51089275,4419200,0,42754750,3915325,51089275
2021-09-13,4700,4700,4675,4690,22760,0.0,136,5317,-6516,1063,0,256,9209,12232,1063,22760,120,3892,18748,0,22760,637350,24893070,-30505260,4974840,0,1199140,43118630,57272240,4974840,106564850,561790,18225560,87777500,0,106564850
2021-09-14,4710,4710,4685,4700,25253,0.21321961620469082,1134,0,1267,-2401,0,2662,0,22586,5,25253,1528,0,21319,2406,25253,5327470,0,5948190,-11275660,0,12509070,0,106063870,23475,118596415,7181600,0,100115680,11299135,118596415
2021-09-15,4700,4720,4695,4720,21155,0.425531914893617,-1941,4299,-6543,4185,0,2276,4299,8520,6060,21155,4217,0,15063,1875,21155,-9154430,20207300,-30817915,19765045,0,10727370,20207300,40084315,28578365,99597350,19881800,0,70902230,8813320,99597350
2021-09-16,4730,4735,4690,4705,19540,-0.31779661016949157,513,966,2686,-4165,0,1675,966,16896,3,19540,1162,0,14210,4168,19540,2393090,4536370,12675140,-19604600,0,7864970,4536370,79478440,14130,91893910,5471880,0,66803300,19618730,91893910
2021-09-17,4705,4735,4705,4735,51478,0.6376195536663124,-13814,100,-4387,18101,0,6852,100,25792,18734,51478,20666,0,30179,633,51478,-65183065,472500,-20941240,85651805,0,32330055,472500,121690275,88632580,243125410,97513120,0,142631515,2980775,243125410
2021-09-23,4735,4735,4700,4730,28308,-0.10559662090813093,10538,101,-9633,-1006,0,13538,101,11220,3449,28308,3000,0,20853,4455,28308,49811070,477210,-45537940,-4750340,0,64016070,477210,52854525,16289490,133637295,14205000,0,98392465,21039830,133637295
2021-09-24,4815,4845,4730,4745,43547,0.3171247357293869,-11547,1443,8937,1167,0,458,3919,32932,6238,43547,12005,2476,23995,5071,43547,-54723315,6791250,42396460,5535605,0,2173015,18539870,156112210,29574280,206399375,56896330,11748620,113715750,24038675,206399375
2021-09-27,4780,4780,4750,4755,61657,0.21074815595363539,-33971,10281,22912,778,0,3914,11281,44368,2094,61657,37885,1000,21456,1316,61657,-161614655,48829750,109064090,3720815,0,18609405,53584750,211096645,9979715,293270515,180224060,4755000,102032555,6258900,293270515
2021-09-28,4755,4770,4715,4720,81754,-0.7360672975814931,-35784,27577,8203,4,0,3828,35101,39948,2877,81754,39612,7524,31745,2873,81754,-169063880,130289620,38764675,9585,0,18111630,165917900,188907300,13616760,386553590,187175510,35628280,150142625,13607175,386553590
2021-09-29,4725,4735,4700,4735,24725,0.31779661016949157,-6937,0,6422,515,0,2965,0,21245,515,24725,9902,0,14823,0,24725,-32727710,0,30299485,2428225,0,14019550,0,100272105,2428225,116719880,46747260,0,69972620,0,116719880
2021-09-30,4745,4800,4735,4775,50899,0.8447729672650475,-11583,-400,941,11042,0,10513,0,27807,12579,50899,22096,400,26866,1537,50899,-54856290,-1904000,4180305,52579985,0,50090820,0,132214410,59883490,242188720,104947110,1904000,128034105,7303505,242188720
2021-10-01,4765,4805,4765,4795,53831,0.41884816753926707,12113,-1178,-24044,13109,0,16247,0,24460,13124,53831,4134,1178,48504,15,53831,57968800,-5647545,-115162570,62841315,0,77819500,0,117241110,62913230,257973840,19850700,5647545,232403680,71915,257973840
2021-10-05,4785,4800,4760,4770,46204,-0.5213764337851928,18646,1000,-17612,-2034,0,18957,1000,21861,4386,46204,311,0,39473,6420,46204,89226680,4790000,-84194815,-9821865,0,90719480,4790000,104426310,20918330,220854120,1492800,0,188621125,30740195,220854120
2021-10-06,4790,4795,4755,4770,78127,0.0,17445,0,-26134,8689,0,18915,0,49680,9532,78127,1470,0,75814,843,78127,83276000,0,-124725680,41449680,0,90274050,0,236868940,45479945,372622935,6998050,0,361594620,4030265,372622935
2021-10-07,4770,4810,4770,4810,86587,0.8385744234800839,1761,0,-19048,17287,0,19186,0,49864,17537,86587,17425,0,68912,250,86587,8410255,0,-91386330,82976075,0,92092260,0,239388105,84175825,415656190,83682005,0,330774435,1199750,415656190
2021-10-08,4820,4820,4795,4815,53664,0.10395010395010396,13193,0,-10194,-2999,0,20167,0,32772,725,53664,6974,0,42966,3724,53664,63405385,0,-48987810,-14417575,0,96989410,0,157417995,3483555,257890960,33584025,0,206405805,17901130,257890960
2021-10-12,4820,4825,4800,4820,37648,0.10384215991692627,1474,1000,2992,-5466,0,11207,1000,23660,1781,37648,9733,0,20668,7247,37648,7062715,4815000,14424880,-26302595,0,53956115,4815000,113839350,8578110,181188575,46893400,0,99414470,34880705,181188575
2021-10-13,4815,4840,4815,4835,38670,0.3112033195020747,6711,0,-4233,-2478,0,17800,0,18388,2482,38670,11089,0,22621,4960,38670,32392240,0,-20454855,-11937385,0,85988940,0,88793050,11988020,186770010,53596700,0,109247905,23925405,186770010
2021-10-14,4845,4855,4830,4835,39384,0.0,2083,1000,-2367,-716,0,13609,1000,22845,1930,39384,11526,0,25212,2646,39384,10094045,4835000,-11481420,-3447625,0,65917515,4835000,110538805,9350725,190642045,55823470,0,122020225,12798350,190642045
2021-10-15,4835,4905,4825,4900,110276,1.344364012409514,-22109,1000,18773,2336,0,24969,1000,76507,7800,110276,47078,0,57734,5464,110276,-107498280,4830000,91146385,11521895,0,121690625,4830000,373169600,38017400,537707625,229188905,0,282023215,26495505,537707625
2021-10-18,4900,4905,4860,4890,68186,-0.20408163265306123,-22544,1000,29309,-7765,0,3939,1000,59639,3608,68186,26483,0,30330,11373,68186,-110171605,4900000,143128415,-37856810,0,19225615,4900000,291277935,17666810,333070360,129397220,0,148149520,55523620,333070360
2021-10-19,4890,4900,4860,4900,45521,0.2044989775051125,8565,0,-19368,10803,0,13580,0,19828,12113,45521,5015,0,39196,1310,45521,41757215,0,-94693760,52936545,0,66327695,0,96792000,59335880,222455575,24570480,0,191485760,6399335,222455575
2021-10-20,4895,4895,4865,4895,45734,-0.10204081632653061,-9798,1000,10171,-1373,0,8554,1000,28159,8021,45734,18352,0,17988,9394,45734,-47720870,4882500,49359670,-6521300,0,41719010,4882500,137337005,39262795,223201310,89439880,0,87977335,45784095,223201310
2021-10-21,4890,4920,4890,4920,39771,0.5107252298263534,15317,0,-16298,981,0,18298,0,20293,1180,39771,2981,0,36591,199,39771,75134320,0,-79959780,4825460,0,89788790,0,99682320,5803755,195274865,14654470,0,179642100,978295,195274865
2021-10-22,4910,4935,4890,4935,22075,0.3048780487804878,9559,0,-9401,-158,0,11783,0,9683,609,22075,2224,0,19084,767,22075,47046175,0,-46269105,-777070,0,58010495,0,47705030,2999325,108714850,10964320,0,93974135,3776395,108714850
2021-10-25,4935,4975,4905,4975,66911,0.8105369807497468,-41011,0,35075,5936,0,12447,0,47969,6495,66911,53458,0,12894,559,66911,-201801205,0,172458140,29343065,0,61502205,0,236141745,32096140,329740090,263303410,0,63683605,2753075,329740090
2021-10-26,4950,5010,4950,5010,85851,0.7035175879396985,8337,514,-11613,2762,0,19635,614,58302,7300,85851,11298,100,69915,4538,85851,41348700,2553650,-57797210,13894860,0,97829720,3054650,290699560,36441175,428025105,56481020,501000,348496770,22546315,428025105
2021-10-27,5000,5010,4965,4970,85791,-0.7984031936127743,-10060,0,24833,-14773,0,12949,0,71720,1122,85791,23009,0,46887,15895,85791,-50133060,0,123778925,-73645865,0,64622225,0,357593240,5606975,427822440,114755285,0,233814315,79252840,427822440
2021-10-28,4975,5000,4955,4985,58244,0.30181086519114686,10211,4019,-8884,-5346,0,16480,4019,34493,3252,58244,6269,0,43377,8598,58244,50788210,20057645,-44146175,-26699680,0,82114755,20057645,172133000,16194085,290499485,31326545,0,216279175,42893765,290499485
2021-10-29,4990,4990,4945,4950,39486,-0.7021063189568706,16047,981,-6368,-10660,0,16335,981,16351,5819,39486,288,0,22719,16479,39486,79779325,4890285,-31757845,-52911765,0,81214985,4890285,81194895,28911765,196211930,1435660,0,112952740,81823530,196211930
2021-11-01,4995,4995,4915,4950,61348,0.0,31463,0,-31500,37,0,37409,0,21998,1941,61348,5946,0,53498,1904,61348,156472350,0,-156651555,179205,0,185981570,0,108811820,9648070,304441460,29509220,0,265463375,9468865,304441460
2021-11-02,4950,4975,4890,4950,180874,0.0,-15530,0,13103,2427,0,101004,0,72722,7148,180874,116534,0,59619,4721,180874,-75995955,0,64267730,11728225,0,497690770,0,357586195,35056420,890333385,573686725,0,293318465,23328195,890333385
2021-11-03,4975,4975,4920,4935,20440,-0.30303030303030304,3501,0,-6838,3337,0,7172,0,6280,6988,20440,3671,0,13118,3651,20440,17284970,0,-33741320,16456350,0,35360925,0,30971180,34475935,100808040,18075955,0,64712500,18019585,100808040
2021-11-04,4935,4935,4885,4895,37816,-0.8105369807497468,10839,4402,-11848,-3393,0,17991,4402,15418,5,37816,7152,0,27266,3398,37816,53306760,21591835,-58255765,-16642830,0,88405560,21591835,75569675,24600,185591670,35098800,0,133825440,16667430,185591670
2021-11-05,4895,4900,4865,4890,20524,-0.10214504596527069,-584,2201,-2069,452,0,9516,2201,8353,454,20524,10100,0,10422,2,20524,-2712190,10718880,-10218800,2212110,0,46465530,10718880,40704010,2221880,100110300,49177720,0,50922810,9770,100110300
2021-11-08,4855,4920,4855,4890,25541,0.0,-12890,0,10592,2298,0,2835,0,20319,2387,25541,15725,0,9727,89,25541,-62797025,0,51589075,11207950,0,13872355,0,99172355,11644010,124688720,76669380,0,47583280,436060,124688720
2021-11-09,4890,4920,4890,4915,24574,0.5112474437627812,13745,0,-14127,382,0,18196,0,5185,1193,24574,4451,0,19312,811,24574,67444090,0,-69319915,1875825,0,89289045,0,25427705,5843270,120560020,21844955,0,94747620,3967445,120560020
2021-11-10,4920,4930,4900,4930,39523,0.3051881993896236,9314,0,-10430,1116,0,26535,0,11480,1508,39523,17221,0,21910,392,39523,45818495,0,-51320510,5502015,0,130560605,0,56486760,7430655,194478020,84742110,0,107807270,1928640,194478020
2021-11-11,4930,4975,4915,4955,102992,0.5070993914807302,2527,13000,-40225,24698,0,34362,13000,29555,26075,102992,31835,0,69780,1377,102992,12625795,64025000,-198913460,122262665,0,170051210,64025000,146089145,129048050,509213405,157425415,0,345002605,6785385,509213405
2021-11-12,4955,4970,4935,4970,39962,0.30272452068617556,29421,0,-25006,-4415,0,33774,0,5994,194,39962,4353,0,31000,4609,39962,145808150,0,-123884370,-21923780,0,167427760,0,29730495,959330,198117585,21619610,0,153614865,22883110,198117585
2021-11-15,4985,5000,4960,4985,31965,0.30181086519114686,9271,0,-3147,-6124,0,10365,0,21600,0,31965,1094,0,24747,6124,31965,46137375,0,-15647880,-30489495,0,51603520,0,107700740,0,159304260,5466145,0,123348620,30489495,159304260
2021-11-16,4985,4990,4935,4935,60769,-1.0030090270812437,14676,3,-4332,-10347,0,16802,3,43964,0,60769,2126,0,48296,10347,60769,72836690,14850,-21493955,-51357585,0,83344030,14850,218107900,0,301466780,10507340,0,239601855,51357585,301466780
2021-11-17,4955,4980,4935,4950,52290,0.303951367781155,28992,0,-10560,-18432,0,33604,0,18685,1,52290,4612,0,29245,18433,52290,143447075,0,-52194330,-91252745,0,166373085,0,92629495,4955,259007535,22926010,0,144823825,91257700,259007535
2021-11-18,4950,4950,4900,4910,48735,-0.8080808080808081,16106,2,-650,-15458,0,19945,2,28490,298,48735,3839,0,29140,15756,48735,79160660,9805,-3242350,-75928115,0,98106125,9805,139915125,1461690,239492745,18945465,0,143157475,77389805,239492745
2021-11-19,4870,4940,4870,4930,66230,0.40733197556008144,14470,0,20709,-35179,0,29460,0,34103,2667,66230,14990,0,13394,37846,66230,71144540,0,101563415,-172707955,0,144728000,0,167499040,13138240,325365280,73583460,0,65935625,185846195,325365280
2021-11-22,4930,4950,4800,4950,51350,0.4056795131845842,26566,0,-29334,2768,0,26569,0,21098,3683,51350,3,0,50432,915,51350,131157260,0,-144818490,13661230,0,131172110,0,103681370,18179200,253032680,14850,0,248499860,4517970,253032680
2021-11-23,4950,4960,4910,4910,162634,-0.8080808080808081,21454,61001,-59213,-23242,0,48954,61001,39134,13545,162634,27500,0,98347,36787,162634,106399520,301649860,-293844140,-114205240,0,242170965,301649860,192635685,66965165,803421675,135771445,0,486479825,181170405,803421675
2021-11-24,4920,4945,4920,4945,38851,0.7128309572301426,15019,-520,-8033,-6466,0,22126,0,13441,3284,38851,7107,520,21474,9750,38851,74217175,-2568800,-39768630,-31879745,0,109340820,0,66308985,16236235,191886040,35123645,2568800,106077615,48115980,191886040
2021-11-25,4945,4945,4905,4920,34739,-0.5055611729019212,15734,2,8453,-24189,0,16534,2,17023,1180,34739,800,0,8570,25369,34739,77523905,9850,41581285,-119115040,0,81474405,9850,83781565,5795785,171061605,3950500,0,42200280,124910825,171061605
2021-11-26,4925,4945,4905,4925,50875,0.10162601626016261,5822,2550,27046,-35418,0,10942,2550,36563,820,50875,5120,0,9517,36238,50875,28677235,12522750,132830720,-174030705,0,53819635,12522750,179655105,4030300,250027790,25142400,0,46824385,178061005,250027790
2021-11-29,4835,4920,4835,4885,109625,-0.8121827411167513,48241,6,20300,-68547,0,51053,6,53183,5383,109625,2812,0,32883,73930,109625,234767010,29245,98343055,-333139310,0,248498455,29245,258533590,26146135,533207425,13731445,0,160190535,359285445,533207425
2021-11-30,4885,4915,4735,4735,703396,-3.0706243602865912,18784,7452,63408,-89644,0,18938,7452,118798,558208,703396,154,0,55390,647852,703396,90633940,36327785,298621555,-425583280,0,91363130,36327785,567569510,2648035140,3343295565,729190,0,268947955,3073618420,3343295565
2021-12-01,4745,4785,4725,4765,105121,0.6335797254487857,54872,5400,3036,-63308,0,54892,5400,40648,4181,105121,20,0,37612,67489,105121,261217310,25696530,14290060,-301203900,0,261312550,25696530,193520185,19936575,500465840,95240,0,179230125,321140475,500465840
2021-12-02,4765,4770,4735,4740,103728,-0.5246589716684155,20380,-1350,42323,-61353,0,31552,3500,65673,3003,103728,11172,4850,23350,64356,103728,96766635,-6387390,200560265,-290939510,0,149776460,16595000,311469185,14281810,492122455,53009825,22982390,110908920,305221320,492122455
2021-12-03,4745,4790,4745,4785,62226,0.949367088607595,11694,-726,5833,-16801,0,18970,1774,38744,2738,62226,7276,2500,32911,19539,62226,55891945,-3491570,27709040,-80109415,0,90535985,8445930,184800485,13058860,296841260,34644040,11937500,157091445,93168275,296841260
2021-12-06,4785,4785,4730,4735,71449,-1.044932079414838,12254,5842,5282,-23378,0,13259,5842,52348,0,71449,1005,0,47066,23378,71449,58220935,27797130,25029845,-111047910,0,62989645,27797130,248780480,0,339567255,4768710,0,223750635,111047910,339567255
2021-12-07,4740,4760,4710,4720,84053,-0.31678986272439286,374,1000,18114,-19488,0,13789,1000,69264,0,84053,13415,0,51150,19488,84053,1887990,4715000,85505765,-92108755,0,65253580,4715000,327451230,0,397419810,63365590,0,241945465,92108755,397419810
2021-12-08,4730,4750,4705,4750,65934,0.6355932203389831,24145,500,-981,-23664,0,24231,500,40981,222,65934,86,0,41962,23886,65934,114254980,2360000,-4758670,-111856310,0,114663480,2360000,193736910,1050060,311810450,408500,0,198495580,112906370,311810450
2021-12-09,4725,4765,4725,4730,59454,-0.42105263157894735,-9515,8000,681,834,0,9327,8000,29980,12147,59454,18842,0,29299,11313,59454,-44904290,37910000,2951055,4043235,0,44260880,37910000,142036610,57633135,281840625,89165170,0,139085555,53589900,281840625
2021-12-10,4765,4765,4710,4735,63826,0.10570824524312897,-8485,2335,9280,-3130,0,1680,2335,59811,0,63826,10165,0,50531,3130,63826,-40107360,11046200,43844635,-14783475,0,7954725,11046200,282732480,0,301733405,48062085,0,238887845,14783475,301733405
2021-12-13,4740,4755,4715,4725,54440,-0.21119324181626187,6616,1500,-197,-7919,0,11271,1500,41079,590,54440,4655,0,41276,8509,54440,31470925,7100000,-1132160,-37438765,0,53514950,7100000,194310140,2802300,257727390,22044025,0,195442300,40241065,257727390
2021-12-14,4725,4745,4710,4745,39780,0.4232804232804233,289,7000,-2389,-4900,0,4289,10500,24991,0,39780,4000,3500,27380,4900,39780,1284780,33291870,-11415560,-23161090,0,20244775,49797500,118081180,0,188123455,18959995,16505630,129496740,23161090,188123455
2021-12-15,4740,4755,4735,4755,40887,0.21074815595363539,6526,10084,-16078,-532,0,6661,10084,20672,3470,40887,135,0,36750,4002,40887,30981530,47802740,-76277770,-2506500,0,31622780,47802740,98057640,16479705,193962865,641250,0,174335410,18986205,193962865
2021-12-16,4755,4765,4750,4765,70408,0.2103049421661409,10961,1000,-12272,311,0,10962,1000,49543,8903,70408,1,0,61815,8592,70408,52179905,4750000,-58453000,1523095,0,52184660,4750000,235706000,42376395,335017055,4755,0,294159000,40853300,335017055
2021-12-17,4765,4795,4760,4790,54868,0.5246589716684155,22697,2000,-35711,11014,0,24804,2000,7311,20753,54868,2107,0,43022,9739,54868,108322670,9525000,-170615095,52767425,0,118362640,9525000,34926330,99259860,262073830,10039970,0,205541425,46492435,262073830
2021-12-20,4790,4830,4770,4800,140067,0.20876826722338201,-54438,9500,33875,11063,0,19115,9500,83898,27554,140067,73553,0,50023,16491,140067,-261175630,45564700,162493945,53116985,0,92038505,45564700,403145075,132335555,673083835,353214135,0,240651130,79218570,673083835
2021-12-21,4845,4845,4800,4800,178211,0.0,-93860,55119,76003,-37262,0,2843,55119,120249,0,178211,96703,0,44246,37262,178211,-450675685,265286580,364311325,-178922220,0,13695280,265286580,577367185,0,856349045,464370965,0,213055860,178922220,856349045
2021-12-22,4800,4850,4800,4835,81917,0.7291666666666666,25933,0,-21482,-4451,0,26973,0,51122,3822,81917,1040,0,72604,8273,81917,125273585,0,-103808425,-21465160,0,130304965,0,246801070,18465835,395571870,5031380,0,350609495,39930995,395571870
2021-12-23,4835,4850,4820,4850,84316,0.3102378490175801,25693,2810,-15155,-13348,0,28881,2880,49287,3268,84316,3188,70,64442,16616,84316,124479575,13579005,-73421390,-64637190,0,139910930,13918505,238568940,15825305,408223680,15431355,339500,311990330,80462495,408223680
2021-12-24,4840,4860,4835,4840,140965,-0.2061855670103093,6548,14289,-750,-20087,0,16698,14289,101120,8858,140965,10150,0,101870,28945,140965,31731725,69172510,-3747990,-97156245,0,80908475,69172510,489812150,43004635,682897770,49176750,0,493560140,140160880,682897770
2021-12-27,4860,4860,4805,4835,121280,-0.10330578512396695,11903,12086,-10502,-13487,0,14021,12086,95125,48,121280,2118,0,105627,13535,121280,57377085,58383220,-50767490,-64992815,0,67556610,58383220,458648670,232025,584820525,10179525,0,509416160,65224840,584820525
2021-12-28,4835,4835,4790,4810,252010,-0.5170630816959669,125533,3501,-119721,-9313,0,128384,3501,110053,10072,252010,2851,0,229774,19385,252010,605610315,16837310,-577667310,-44780315,0,619309370,16837310,529339810,48562305,1214048795,13699055,0,1107007120,93342620,1214048795
2021-12-29,4685,4685,4615,4640,105727,-3.5343035343035343,25899,5,-20780,-5124,0,25899,5,75105,4718,105727,0,0,95885,9842,105727,120092265,23150,-96315585,-23799830,0,120092265,23150,348404185,21892240,490411840,0,0,444719770,45692070,490411840
2021-12-30,4640,4675,4620,4675,96100,0.7543103448275862,11248,0,-9307,-1941,0,19785,0,74558,1757,96100,8537,0,83865,3698,96100,52235215,0,-43229770,-9005445,0,91865450,0,346406885,8181145,446453480,39630235,0,389636655,17186590,446453480
2022-01-03,4700,4730,4675,4700,105795,0.53475935828877,41248,-2272,-28723,-10253,0,45625,0,50055,10115,105795,4377,2272,78778,20368,105795,193642195,-10678400,-135024000,-47939795,0,214255755,0,234798910,47738080,496792745,20613560,10678400,369822910,95677875,496792745
2022-01-04,4700,4710,4645,4680,66770,-0.425531914893617,10473,0,-4847,-5626,0,37610,0,28582,578,66770,27137,0,33429,6204,66770,49042090,0,-22707105,-26334985,0,175813750,0,133893470,2699300,312406520,126771660,0,156600575,29034285,312406520
2022-01-05,4680,4700,4675,4680,65799,0.0,36193,1665,-34841,-3017,0,47285,1665,7515,9334,65799,11092,0,42356,12351,65799,169467620,7800525,-163258730,-14009415,0,221499660,7800525,35212545,43843275,308356005,52032040,0,198471275,57852690,308356005
2022-01-06,4680,4695,4675,4695,101779,0.3205128205128205,36406,0,-36177,-229,0,61848,0,25824,14107,101779,25442,0,62001,14336,101779,170579640,0,-169579170,-1000470,0,289760445,0,120851140,66076565,476688150,119180805,0,290430310,67077035,476688150
2022-01-07,4695,4695,4680,4690,37039,-0.10649627263045794,33637,0,-32495,-1142,0,34217,0,2466,356,37039,580,0,34961,1498,37039,157754605,0,-152400820,-5353785,0,160474490,0,11562915,1671410,173708815,2719885,0,163963735,7025195,173708815
2022-01-10,4700,4700,4650,4690,57289,0.0,26413,-2659,-28815,5061,0,34753,2,16979,5555,57289,8340,2661,45794,494,57289,123195145,-12470755,-134443310,23718920,0,162238265,9335,79225465,26025175,267498240,39043120,12480090,213668775,2306255,267498240
2022-01-11,4690,4690,4650,4680,29839,-0.21321961620469082,15043,2004,-16134,-913,0,15105,2004,12041,689,29839,62,0,28175,1602,29839,70285215,9363660,-75366325,-4282550,0,70575515,9363660,56063880,3203900,139206955,290300,0,131430205,7486450,139206955
2022-01-12,4680,4690,4645,4685,44741,0.10683760683760685,8057,0,-6291,-1766,0,21422,0,23020,299,44741,13365,0,29311,2065,44741,37766820,0,-29494275,-8272545,0,100395940,0,107439815,1390385,209226140,62629120,0,136934090,9662930,209226140
2022-01-13,4700,4700,4645,4650,40362,-0.7470651013874066,-10614,1003,14588,-4977,0,10974,1003,28285,100,40362,21588,0,13697,5077,40362,-49391370,4683965,67890145,-23182740,0,51183015,4683965,131802395,467250,188136625,100574385,0,63912250,23649990,188136625
2022-01-14,4650,4680,4635,4650,51578,0.0,8105,0,-3440,-4665,0,20333,0,31103,142,51578,12228,0,34543,4807,51578,37815310,0,-16115545,-21699765,0,94649720,0,144670520,661010,239981250,56834410,0,160786065,22360775,239981250
2022-01-17,4650,4785,4625,4650,57771,0.0,1904,-3857,5503,-3550,0,14743,1003,41975,50,57771,12839,4860,36472,3600,57771,9189050,-17861895,25485055,-16812210,0,69086565,4653905,195511970,232000,269484440,59897515,22515800,170026915,17044210,269484440
2022-01-18,4620,4650,4350,4630,21957,-0.43010752688172044,3663,1,-2309,-1355,0,5785,1,15828,343,21957,2122,0,18137,1698,21957,17034460,4630,-10760740,-6278350,0,26809425,4630,72048150,1583130,100445335,9774965,0,82808890,7861480,100445335
2022-01-19,4630,4650,4570,4625,38848,-0.10799136069114472,15637,4,-6947,-8694,0,15741,4,21132,1971,38848,104,0,28079,10665,38848,72159205,18420,-32186725,-39990900,0,72642800,18420,97216675,9075315,178953210,483595,0,129403400,49066215,178953210
2022-01-20,4625,4625,4580,4590,27522,-0.7567567567567568,7180,4,-1138,-6046,0,9877,4,17430,211,27522,2697,0,18568,6257,27522,33112070,18375,-5322125,-27808320,0,45482335,18375,80068730,968490,126537930,12370265,0,85390855,28776810,126537930
2022-01-21,4590,4650,4585,4600,29218,0.2178649237472767,2306,-9242,9054,-2118,0,17083,0,12135,0,29218,14777,9242,3081,2118,29218,10633475,-42484000,41616900,-9766375,0,78707330,0,55817175,0,134524505,68073855,42484000,14200275,9766375,134524505
2022-01-24,4580,4605,4535,4585,40446,-0.32608695652173914,-3787,-23196,28023,-1040,0,2184,10,37054,1198,40446,5971,23206,9031,2238,40446,-17208790,-105763835,127742215,-4769590,0,10000785,45750,169028860,5466060,184541455,27209575,105809585,41286645,10235650,184541455
2022-01-25,4585,4585,4480,4500,116154,-1.8538713195201746,-6377,1005,11379,-6007,0,16898,1005,83426,14825,116154,23275,0,72047,20832,116154,-28582750,4517560,51215665,-27150475,0,76204745,4517560,376077110,66833630,523633045,104787495,0,324861445,93984105,523633045
2022-01-26,4500,4545,4495,4500,78333,0.0,-25494,0,34585,-9091,0,1979,0,71619,4735,78333,27473,0,37034,13826,78333,-114775720,0,155724020,-40948300,0,8925950,0,322483520,21337440,352746910,123701670,0,166759500,62285740,352746910
2022-01-27,4595,4595,4495,4500,80976,0.0,2649,0,360,-3009,0,30364,0,50310,302,80976,27715,0,49950,3311,80976,11960680,0,1588315,-13548995,0,136720030,0,226478540,1359015,364557585,124759350,0,224890225,14908010,364557585
2022-01-28,4515,4520,4495,4500,47547,0.0,5024,2,-4654,-372,0,22613,2,21822,3110,47547,17589,0,26476,3482,47547,22702400,9005,-21058795,-1652610,0,101945985,9005,98356590,14037645,214349225,79243585,0,119415385,15690255,214349225
2022-02-03,4590,4590,4500,4505,66140,0.1111111111111111,5914,-2000,976,-4890,0,37036,0,26780,2324,66140,31122,2000,25804,7214,66140,27417205,-9120000,3959920,-22257125,0,167870500,0,120868350,10504460,299243310,140453295,9120000,116908430,32761585,299243310
2022-02-04,4530,4570,4505,4515,57510,0.22197558268590456,-13141,5000,12132,-3991,0,22588,5000,27544,2378,57510,35729,0,15412,6369,57510,-59099235,22801730,54469615,-18172110,0,102699290,22801730,124675025,10766015,260942060,161798525,0,70205410,28938125,260942060
2022-02-07,4600,4600,4475,4490,112936,-0.5537098560354374,-5718,1001,-16719,21436,0,30306,1001,52916,28713,112936,36024,0,69635,7277,112936,-25100385,4534505,-75433500,95999380,0,137135525,4534505,238168325,128982450,508820805,162235910,0,313601825,32983070,508820805
2022-02-08,4495,4525,4490,4490,71383,0.0,-19840,-2700,34976,-12436,0,21488,0,49744,151,71383,41328,2700,14768,12587,71383,-89073710,-12174640,157258155,-56009805,0,96891945,0,223871350,678185,321441480,185965655,12174640,66613195,56687990,321441480
2022-02-09,4500,4585,4490,4520,76255,0.6681514476614699,-10448,0,21373,-10925,0,22878,0,52494,883,76255,33326,0,31121,11808,76255,-46852070,0,96306765,-49454695,0,103787950,0,237277095,4000100,345065145,150640020,0,140970330,53454795,345065145
2022-02-10,4580,4580,4505,4525,70238,0.11061946902654868,-5383,-778,4388,1773,0,27078,0,34867,8293,70238,32461,778,30479,6520,70238,-23848840,-3518950,19376600,7991190,0,122970985,0,157885220,37616800,318473005,146819825,3518950,138508620,29625610,318473005
2022-02-11,4505,4570,4505,4570,74604,0.9944751381215469,15517,0,-24871,9354,0,25657,0,33553,15394,74604,10140,0,58424,6040,74604,70839030,0,-113466070,42627040,0,116692335,0,152497300,70125530,339315165,45853305,0,265963370,27498490,339315165
2022-02-14,4575,4580,4520,4570,120769,0.0,14443,1,-22261,7817,0,24856,1,80839,15073,120769,10413,0,103100,7256,120769,66039680,4555,-101588840,35544605,0,113437730,4555,367978715,68671155,550092155,47398050,0,469567555,33126550,550092155
2022-02-15,4530,4590,4500,4545,67782,-0.5470459518599562,13564,63,-3731,-9896,0,23564,63,38051,6104,67782,10000,0,41782,16000,67782,62407470,287055,-17561720,-45132805,0,107602680,287055,172984635,27815245,308689615,45195210,0,190546355,72948050,308689615
2022-02-16,4510,4575,4510,4575,36610,0.6600660066006601,7368,1748,-6985,-2131,0,17497,1748,16313,1052,36610,10129,0,23298,3183,36610,34123905,7990120,-32367265,-9746760,0,79813435,7990120,74076885,4788645,166669085,45689530,0,106444150,14535405,166669085
2022-02-17,4560,4625,4560,4625,44305,1.092896174863388,19460,-274,-12404,-6782,0,24826,1926,16641,912,44305,5366,2200,29045,7694,44305,89277970,-1256000,-56915320,-31106650,0,113866130,8798000,76377015,4176950,203218095,24588160,10054000,133292335,35283600,203218095
2022-02-18,4630,4630,4500,4620,26421,-0.10810810810810811,545,303,5134,-5982,0,10545,303,15555,18,26421,10000,0,10421,6000,26421,3171740,1396840,23001930,-27570510,0,48612110,1396840,71051290,82170,121142410,45440370,0,48049360,27652680,121142410
2022-02-21,4620,4635,4520,4635,40569,0.3246753246753247,2924,2,5038,-7964,0,15515,2,24852,200,40569,12591,0,19814,8164,40569,14209385,9195,22538985,-36757565,0,71643355,9195,113934025,920050,186506625,57433970,0,91395040,37677615,186506625
2022-02-22,4630,4640,4565,4630,72387,-0.10787486515641855,9014,6500,-22315,6801,0,18879,6500,29556,17452,72387,9865,0,51871,10651,72387,41582010,30033140,-102930355,31315205,0,87211475,30033140,136333350,80524050,334102015,45629465,0,239263705,49208845,334102015
2022-02-23,4580,4640,4580,4590,54261,-0.8639308855291578,20329,-428,-9679,-10222,0,27438,2,24018,2803,54261,7109,430,33697,13025,54261,93561610,-1964505,-44611885,-46985220,0,126210610,9195,110403125,12884145,249507075,32649000,1973700,155015010,59869365,249507075
2022-02-24,4565,4600,4530,4590,72786,0.0,18639,1553,-21554,1362,0,28706,1553,32398,10129,72786,10067,0,53952,8767,72786,85456400,7096195,-98742470,6189875,0,131288410,7096195,147656005,46357235,332397845,45832010,0,246398475,40167360,332397845
2022-02-25,4590,4625,4550,4595,47989,0.10893246187363835,18785,2,-5966,-12821,0,28786,2,18943,258,47989,10001,0,24909,13079,47989,86412500,9125,-27586775,-58834850,0,131968755,9125,86471140,1177840,219626860,45556255,0,114057915,60012690,219626860
2022-02-28,4595,4630,4565,4575,34671,-0.4352557127312296,12124,1,-3569,-8556,0,12506,1,20742,1422,34671,382,0,24311,9978,34671,55626140,4585,-16391030,-39239695,0,57383285,4585,95354775,6508025,159250670,1757145,0,111745805,45747720,159250670
2022-03-02,4570,4630,4565,4600,78237,0.546448087431694,15656,20550,-25865,-10341,0,19730,20550,37427,530,78237,4074,0,63292,10871,78237,71687655,94720230,-118971510,-47436375,0,90368460,94720230,171820175,2438000,359346865,18680805,0,290791685,49874375,359346865
2022-03-03,4600,4610,4590,4610,47872,0.21739130434782608,-3329,0,8097,-4768,0,5828,0,41973,71,47872,9157,0,33876,4839,47872,-15342075,0,37281010,-21938935,0,26810935,0,193104135,326915,220241985,42153010,0,155823125,22265850,220241985
2022-03-04,4610,4620,4595,4615,45312,0.10845986984815618,-13806,0,17735,-3929,0,11856,0,33443,13,45312,25662,0,15708,3942,45312,-63494505,0,81607170,-18112665,0,54655085,0,154061625,59995,208776705,118149590,0,72454455,18172660,208776705
2022-03-07,4625,4625,4585,4590,54123,-0.5417118093174431,21832,0,-22609,777,0,22032,0,27796,4295,54123,200,0,50405,3518,54123,100555690,0,-104140685,3584995,0,101477690,0,127999165,19790385,249267240,922000,0,232139850,16205390,249267240
2022-03-08,4590,4600,4575,4585,13142,-0.10893246187363835,2845,0,876,-3721,0,2954,0,10187,1,13142,109,0,9311,3722,13142,13051905,0,4002115,-17054020,0,13551125,0,46675810,4585,60231520,499220,0,42673695,17058605,60231520
2022-03-10,4620,4620,4585,4610,24502,0.5452562704471101,9778,-4000,1774,-7552,0,9780,0,14722,0,24502,2,4000,12948,7552,24502,45002810,-18380000,8090260,-34713070,0,45012050,0,67640935,0,112652985,9240,18380000,59550675,34713070,112652985
2022-03-11,4610,4610,4590,4605,48117,-0.10845986984815618,25614,-7179,-4809,-13626,0,27232,0,20835,50,48117,1618,7179,25644,13676,48117,117783965,-33024865,-22147070,-62612030,0,125234855,0,95734955,230500,221200310,7450890,33024865,117882025,62842530,221200310
2022-03-14,4630,4630,4600,4620,50258,0.32573289902280134,13425,-62,-7196,-6167,0,20867,0,29391,0,50258,7442,62,36587,6167,50258,61921265,-286440,-33161210,-28473615,0,96332710,0,135841075,0,232173785,34411445,286440,169002285,28473615,232173785
2022-03-15,4620,4620,4580,4580,92703,-0.8658008658008658,23629,2,-20890,-2741,0,23629,2,62961,6111,92703,0,0,83851,8852,92703,108591705,9220,-95883195,-12717730,0,108591705,9220,289081885,28012260,425695070,0,0,384965080,40729990,425695070
2022-03-16,4580,4600,4565,4600,115974,0.43668122270742354,27989,0,-30010,2021,0,27989,0,82825,5160,115974,0,0,112835,3139,115974,127988000,0,-137219245,9231245,0,127988000,0,378564780,23581200,530133980,0,0,515784025,14349955,530133980
2022-03-17,4600,4610,4580,4580,100091,-0.43478260869565216,23013,4000,-18114,-8899,0,40174,4000,55626,291,100091,17161,0,73740,9190,100091,105734000,18350000,-83232925,-40851075,0,184470650,18350000,255532720,1338600,459691970,78736650,0,338765645,42189675,459691970
2022-03-18,4580,4620,4580,4615,35852,0.7641921397379913,-8883,0,9869,-986,0,12117,0,23659,76,35852,21000,0,13790,1062,35852,-40562755,0,45086950,-4524195,0,55901390,0,108666935,350740,164919065,96464145,0,63579985,4874935,164919065
2022-03-21,4615,4620,4590,4615,59624,0.0,28106,502,-26096,-2512,0,43796,502,13300,2026,59624,15690,0,39396,4538,59624,129559455,2306695,-120311660,-11554490,0,201749625,2306695,61141060,9329645,274527025,72190170,0,181452720,20884135,274527025
2022-03-22,4605,4630,4595,4630,71204,0.3250270855904659,19560,-13998,-10314,4752,0,22561,2002,25226,21415,71204,3001,16000,35540,16663,71204,90152915,-64417415,-47813425,22077925,0,103987545,9219205,116103095,99112695,328422540,13834630,73636620,163916520,77034770,328422540
2022-03-23,4630,4630,4595,4605,64412,-0.5399568034557235,4666,1003,589,-6258,0,27839,1003,35570,0,64412,23173,0,34981,6258,64412,21540950,4608835,2691200,-28840985,0,128233265,4608835,163926380,0,296768480,106692315,0,161235180,28840985,296768480
2022-03-24,4610,4615,4585,4605,56224,0.0,-4114,3600,2257,-1743,0,23452,3600,29172,0,56224,27566,0,26915,1743,56224,-18919525,16547000,10382885,-8010360,0,107823215,16547000,134009585,0,258379800,126742740,0,123626700,8010360,258379800
2022-03-25,4615,4630,4595,4630,47216,0.5428881650380022,-3736,0,-3557,7293,0,16758,0,17461,12997,47216,20494,0,21018,5704,47216,-17151515,0,-16594040,33745555,0,77173505,0,80345850,60039250,217558605,94325020,0,96939890,26293695,217558605
2022-03-28,4600,4630,4600,4610,30616,-0.4319654427645789,10020,-2127,-4706,-3187,0,22376,3,7091,1146,30616,12356,2130,11797,4333,30616,46275660,-9805460,-21798860,-14671340,0,103317100,13840,32690630,5305905,141327475,57041440,9819300,54489490,19977245,141327475
2022-03-29,4610,4630,4600,4630,55584,0.43383947939262474,27810,-945,-23644,-3221,0,36760,1000,17355,469,55584,8950,1945,40999,3690,55584,128582520,-4378510,-109327790,-14876220,0,169820340,4600000,79839630,2159745,256419715,41237820,8978510,189167420,17035965,256419715
2022-03-30,4635,4645,4600,4630,65511,0.0,8187,1859,-6561,-3485,0,24017,1859,38818,817,65511,15830,0,45379,4302,65511,38192330,8551405,-30625970,-16117765,0,111079720,8551405,179101810,3790670,302523605,72887390,0,209727780,19908435,302523605
2022-03-31,4630,4660,4630,4640,52532,0.21598272138228944,33090,-12835,-20708,453,0,39297,0,11019,2216,52532,6207,12835,31727,1763,52532,153666210,-59618575,-96184175,2136540,0,182466680,0,51102150,10318440,243887270,28800470,59618575,147286325,8181900,243887270
2022-04-01,4650,4690,4640,4660,82591,0.43103448275862066,11026,0,-18787,7761,0,32808,0,40738,9045,82591,21782,0,59525,1284,82591,51452795,0,-87532375,36079580,0,153013275,0,189590245,42063705,384667225,101560480,0,277122620,5984125,384667225
2022-04-04,4660,4730,4660,4730,72297,1.502145922746781,8262,3500,-8558,-3204,0,26885,3500,40321,1591,72297,18623,0,48879,4795,72297,39026345,16355000,-40357800,-15023545,0,126031175,16355000,188485155,7517915,338389245,87004830,0,228842955,22541460,338389245
2022-04-05,4740,4750,4675,4675,108299,-1.1627906976744187,-42641,2330,43398,-3087,0,43457,4503,53402,6937,108299,86098,2173,10004,10024,108299,-199725005,10918415,203432570,-14625980,0,204408435,21164110,250555245,32587635,508715425,404133440,10245695,47122675,47213615,508715425
2022-04-06,4745,4745,4675,4680,124418,0.10695187165775401,-22355,1000,17944,3411,0,63265,1000,51179,8974,124418,85620,0,33235,5563,124418,-104095585,4675000,83499970,15920615,0,297296565,4675000,239754155,42082605,583808325,401392150,0,156254185,26161990,583808325
2022-04-07,4690,4725,4665,4725,52445,0.9615384615384616,33748,0,-31186,-2562,0,36236,0,14414,1795,52445,2488,0,45600,4357,52445,158822810,0,-146752450,-12070360,0,170470485,0,67557960,8423500,246451945,11647675,0,214310410,20493860,246451945
2022-04-08,4725,4785,4705,4785,64856,1.2698412698412698,31829,150,-37944,5965,0,32478,150,25394,6834,64856,649,0,63338,869,64856,151510955,715500,-180552675,28326220,0,154587875,715500,120731270,32461745,308496390,3076920,0,301283945,4135525,308496390
2022-04-11,4790,4890,4785,4890,83885,2.19435736677116,34263,0,-45024,10761,0,38966,0,31147,13772,83885,4703,0,76171,3011,83885,166862280,0,-219317600,52455320,0,189599880,0,150738810,67021685,407360375,22737600,0,370056410,14566365,407360375
2022-04-12,4890,4900,4850,4890,62478,0.0,48352,902,-39931,-9323,0,48562,1002,12576,338,62478,210,100,52507,9661,62478,236230265,4386230,-195129525,-45486970,0,237257165,4874730,61279725,1639410,305051030,1026900,488500,256409250,47126380,305051030
2022-04-13,4910,4930,4885,4930,101849,0.81799591002045,65021,800,-68977,3156,0,68147,1000,28440,4262,101849,3126,200,97417,1106,101849,319423980,3918305,-338865595,15523310,0,334785430,4900000,139752865,20927620,500365915,15361450,981695,478618460,5404310,500365915
2022-04-14,4930,4990,4915,4970,87553,0.8113590263691683,44656,-100,-45681,1125,0,58880,0,24433,4240,87553,14224,100,70114,3115,87553,221837730,-497000,-226970210,5629480,0,292495175,0,121393425,21061885,434950485,70657445,497000,348363635,15432405,434950485
2022-04-15,4980,5020,4945,4970,120953,0.0,49627,-100,-57173,7646,0,67227,0,40909,12817,120953,17600,100,98082,5171,120953,247021725,-497000,-284894660,38369935,0,334795420,0,203955340,64086440,602837200,87773695,497000,488850000,25716505,602837200
2022-04-18,4970,4985,4900,4935,60851,-0.7042253521126761,44602,10,-39910,-4702,0,46510,10,13240,1091,60851,1908,0,53150,5793,60851,221844405,49600,-198428735,-23465270,0,231288230,49600,65689465,5376785,302404080,9443825,0,264118200,28842055,302404080
2022-04-19,4950,4960,4890,4945,54499,0.2026342451874367,23943,-100,-22471,-1372,0,35019,0,18996,484,54499,11076,100,41467,1856,54499,118393565,-493500,-111139730,-6760335,0,172917445,0,93276815,2390960,268585220,54523880,493500,204416545,9151295,268585220
2022-04-20,4945,4985,4925,4970,93317,0.5055611729019212,65700,-1300,-63617,-783,0,71177,0,20518,1622,93317,5477,1300,84135,2405,93317,326537735,-6458585,-316212405,-3866745,0,353691945,0,102054080,8053400,463799425,27154210,6458585,418266485,11920145,463799425
2022-04-21,4980,4990,4960,4985,96220,0.30181086519114686,77836,-16679,-61906,749,0,79028,5121,9263,2808,96220,1192,21800,71169,2059,96220,387472410,-82979515,-308271170,3778275,0,393402610,25502580,46114895,13995275,479015360,5930200,108482095,354386065,10217000,479015360
2022-04-22,4990,4990,4970,4990,46256,0.10030090270812438,33999,0,-33163,-836,0,36776,0,9318,162,46256,2777,0,42481,998,46256,169474720,0,-165310540,-4164180,0,183317155,0,46470795,807410,230595360,13842435,0,211781335,4971590,230595360
2022-04-25,4995,5000,4875,5000,111250,0.2004008016032064,68827,-100,-67381,-1346,0,88891,0,22278,81,111250,20064,100,89659,1427,111250,343202050,-500000,-335988115,-6713935,0,443231835,0,109960605,402020,553594460,100029785,500000,445948720,7115955,553594460
2022-04-26,4990,4995,4960,4985,46954,-0.3,12980,-99,-12628,-253,0,42196,1,4757,0,46954,29216,100,17385,253,46954,64731460,-493510,-62976700,-1261250,0,210442420,4990,23735420,0,234182830,145710960,498500,86712120,1261250,234182830
2022-04-27,4985,4990,4965,4980,105784,-0.10030090270812438,4807,0,5512,-10319,0,55547,0,50232,5,105784,50740,0,44720,10324,105784,23773755,0,27591805,-51365560,0,276678600,0,250360120,24905,527063625,252904845,0,222768315,51390465,527063625
2022-04-28,4980,4995,4935,4975,77946,-0.1004016064257028,19435,10,-16029,-3416,0,64550,10,13312,74,77946,45115,0,29341,3490,77946,96889310,49475,-79902690,-17036095,0,320400500,49475,65871525,366430,386687930,223511190,0,145774215,17402525,386687930
2022-04-29,4975,4990,4940,4990,61321,0.3015075376884422,4993,-100,-4189,-704,0,41267,0,20054,0,61321,36274,100,24243,704,61321,24922155,-499000,-20925965,-3497190,0,205184860,0,99652570,0,304837430,180262705,499000,120578535,3497190,304837430
2022-05-02,4980,4990,4900,4970,69692,-0.4008016032064128,30608,3,-27173,-3438,0,52916,3,15803,970,69692,22308,0,42976,4408,69692,152424300,14920,-135323380,-17115840,0,263030690,14920,78031545,4799270,345876425,110606390,0,213354925,21915110,345876425
2022-05-03,4965,4980,4930,4965,80007,-0.1006036217303823,49676,-96,-49960,380,0,52576,4,23997,3430,80007,2900,100,73957,3050,80007,246645145,-476710,-248081885,1913450,0,261043645,19790,119073395,17042520,397179350,14398500,496500,367155280,15129070,397179350
2022-05-04,4980,4980,4935,4935,87811,-0.6042296072507553,30272,4152,-30205,-4219,0,40722,4152,42449,488,87811,10450,0,72654,4707,87811,149999895,20530330,-149600070,-20930155,0,201758790,20530330,210217110,2410050,434916280,51758895,0,359817180,23340205,434916280
2022-05-06,4905,4970,4900,4960,44124,0.5065856129685917,-2127,854,5464,-4191,0,8492,854,33945,833,44124,10619,0,28481,5024,44124,-10311295,4188820,26791045,-20668570,0,41982385,4188820,167678770,4097415,217947390,52293680,0,140887725,24765985,217947390
2022-05-09,4965,4975,4860,4860,72708,-2.0161290322580645,-26996,-1985,31174,-2193,0,27834,15,42753,2106,72708,54830,2000,11579,4299,72708,-131645735,-9696350,152206285,-10864200,0,136480480,73650,208975565,10303820,355833515,268126215,9770000,56769280,21168020,355833515
2022-05-10,4860,4860,4775,4825,89613,-0.720164609053498,22248,-1986,-17860,-2402,0,29922,14,42893,16784,89613,7674,2000,60753,19186,89613,107846840,-9533660,-85954550,-12358630,0,144781135,67490,206326470,80388895,431563990,36934295,9601150,292281020,92747525,431563990
2022-05-11,4845,4850,4800,4845,33361,0.41450777202072536,5949,0,-167,-5782,0,20279,0,12457,625,33361,14330,0,12624,6407,33361,28877055,0,-918030,-27959025,0,97964270,0,59999260,3004525,160968055,69087215,0,60917290,30963550,160968055
2022-05-12,4845,4850,4765,4800,79594,-0.9287925696594427,-16101,8,20282,-4189,0,42369,8,32726,4491,79594,58470,0,12444,8680,79594,-76833350,38455,97116725,-20321830,0,203733605,38455,156846010,21472865,382090935,280566955,0,59729285,41794695,382090935
2022-05-13,4845,4845,4775,4800,20859,0.0,364,0,3855,-4219,0,10352,0,10507,0,20859,9988,0,6652,4219,20859,1785415,0,18468280,-20253695,0,49730905,0,50448810,0,100179715,47945490,0,31980530,20253695,100179715
2022-05-16,4800,4825,4770,4825,59413,0.5208333333333333,-14673,0,17719,-3046,0,24583,0,32785,2045,59413,39256,0,15066,5091,59413,-70327520,0,84991460,-14663940,0,118178375,0,157374680,9800020,285353075,188505895,0,72383220,24463960,285353075
2022-05-17,4825,4835,4765,4800,79026,-0.5181347150259068,-48406,5,53730,-5329,0,14302,5,64668,51,79026,62708,0,10938,5380,79026,-231032580,23880,256502800,-25494100,0,68441995,23880,308774040,244060,377483975,299474575,0,52271240,25738160,377483975
2022-05-18,4825,4825,4745,4790,26945,-0.20833333333333334,-17168,10,17586,-428,0,5996,10,20863,76,26945,23164,0,3277,504,26945,-81664020,47580,83671165,-2054725,0,28644795,47580,99362770,361380,128416525,110308815,0,15691605,2416105,128416525
2022-05-19,4785,4785,4760,4775,8524,-0.31315240083507306,638,2,-604,-36,0,4269,2,4253,0,8524,3631,0,4857,36,8524,3075410,9535,-2913205,-171740,0,20377320,9535,20270675,0,40657530,17301910,0,23183880,171740,40657530
2022-05-20,4775,4825,4775,4805,32610,0.6282722513089005,20023,1800,-23070,1247,0,23584,2000,4594,2432,32610,3561,200,27664,1185,32610,96094700,8651000,-110733120,5987420,0,113204075,9608000,22029305,11676145,156517525,17109375,957000,132762425,5688725,156517525
2022-05-23,4805,4835,4770,4805,16054,0.0,4846,1000,-7000,1154,0,7858,1000,3973,3223,16054,3012,0,10973,2069,16054,23306020,4785000,-33636145,5545125,0,37780350,4785000,19009350,15474175,77048875,14474330,0,52645495,9929050,77048875
2022-05-24,4825,4825,4785,4810,14079,0.10405827263267431,4324,1001,-5103,-222,0,6169,1001,6613,296,14079,1845,0,11716,518,14079,20779640,4794795,-24505095,-1069340,0,29618295,4794795,31727570,1419600,67560260,8838655,0,56232665,2488940,67560260
2022-05-25,4820,4820,4795,4815,39568,0.10395010395010396,2140,-5121,3895,-914,0,12785,0,26783,0,39568,10645,5121,22888,914,39568,10240105,-24580800,18735890,-4395195,0,61511105,0,128757965,0,190269070,51271000,24580800,110022075,4395195,190269070
2022-05-26,4815,4870,4815,4870,69365,1.142263759086189,-11375,0,2390,8985,0,18823,0,38817,11725,69365,30198,0,36427,2740,69365,-54711160,0,11206445,43504715,0,91438215,0,187791865,56798730,336028810,146149375,0,176585420,13294015,336028810
2022-05-27,4870,4905,4860,4885,58834,0.3080082135523614,-4936,3,-11852,16785,0,15141,3,25578,18112,58834,20077,0,37430,1327,58834,-23995545,14640,-58024375,82005280,0,74050200,14640,124885250,88484975,287435065,98045745,0,182909625,6479695,287435065
2022-05-30,4900,4900,4850,4890,21896,0.1023541453428864,8161,503,-6651,-2013,0,8161,503,13232,0,21896,0,0,19883,2013,21896,39853590,2457090,-32505590,-9805090,0,39853590,2457090,64257795,0,106568475,0,0,96763385,9805090,106568475
2022-05-31,4900,4900,4885,4890,30504,0.0,14051,0,-12097,-1954,0,27308,0,3196,0,30504,13257,0,15293,1954,30504,68709260,0,-59158830,-9550430,0,133470990,0,15631450,0,149102440,64761730,0,74790280,9550430,149102440
2022-06-02,4890,4895,4875,4880,10384,-0.2044989775051125,7898,640,-7134,-1404,0,7898,640,1846,0,10384,0,0,8980,1404,10384,38573385,3126400,-34844225,-6855560,0,38573385,3126400,9012380,0,50712165,0,0,43856605,6855560,50712165
2022-06-03,4880,4895,4850,4885,7431,0.10245901639344263,6693,0,-5706,-987,0,6693,0,738,0,7431,0,0,6444,987,7431,32650880,0,-27839485,-4811395,0,32650880,0,3594700,0,36245580,0,0,31434185,4811395,36245580
2022-06-07,4875,4885,4860,4885,7413,0.0,5385,502,-4542,-1345,0,5772,502,1139,0,7413,387,0,5681,1345,7413,26278890,2444735,-22165135,-6558490,0,28165515,2444735,5551595,0,36161845,1886625,0,27716730,6558490,36161845
2022-06-08,4890,4890,4880,4885,25781,0.0,11179,1,-14952,3772,0,17920,1,2116,5744,25781,6741,0,17068,1972,25781,54633460,4880,-73080680,18442340,0,87563245,4880,10338150,28077080,125983355,32929785,0,83418830,9634740,125983355
2022-06-09,4895,4895,4855,4890,15989,0.1023541453428864,7836,802,-6311,-2327,0,7836,1002,6699,452,15989,0,200,13010,2779,15989,38260890,3907625,-30807100,-11361415,0,38260890,4882225,32588260,2196720,77928095,0,974600,63395360,13558135,77928095
2022-06-10,4895,4895,4785,4800,115171,-1.8404907975460123,-46631,1003,39080,6548,0,18996,1003,81664,13508,115171,65627,0,42584,6960,115171,-223744620,4889545,187636570,31218505,0,92023220,4889545,392625670,65010300,554548735,315767840,0,204989100,33791795,554548735
2022-06-13,4850,4855,4780,4785,27653,-0.3125,7640,1100,-6413,-2327,0,8342,1100,16665,1546,27653,702,0,23078,3873,27653,36692925,5271000,-30799550,-11164375,0,40052525,5271000,79950480,7416995,132691000,3359600,0,110750030,18581370,132691000
2022-06-14,4735,4780,4735,4770,14248,-0.3134796238244514,9243,1,-7492,-1752,0,9243,1,5001,3,14248,0,0,12493,1755,14248,44032910,4775,-35687310,-8350375,0,44032910,4775,23835455,14250,67887390,0,0,59522765,8364625,67887390
2022-06-15,4770,4790,4700,4705,47336,-1.3626834381551363,4455,0,2621,-7076,0,14817,0,27702,4817,47336,10362,0,25081,11893,47336,21229560,0,12281660,-33511220,0,70280865,0,131334840,22744810,224360515,49051305,0,119053180,56256030,224360515
2022-06-16,4705,4750,4510,4690,33669,-0.3188097768331562,1053,0,-1122,69,0,9019,0,22304,2346,33669,7966,0,23426,2277,33669,5110360,0,-5359420,249060,0,42274935,0,103531245,10925740,156731920,37164575,0,108890665,10676680,156731920
2022-06-17,4610,4690,4610,4650,64992,-0.8528784648187633,9320,7,-7578,-1749,0,19157,7,40667,5161,64992,9837,0,48245,6910,64992,43431545,32655,-35243170,-8221030,0,88956900,32655,188783625,23883195,301656375,45525355,0,224026795,32104225,301656375
2022-06-20,4650,4650,4425,4440,90353,-4.516129032258064,-7207,10,-5827,13024,0,18473,10,55738,16132,90353,25680,0,61565,3108,90353,-31712320,45950,-26708310,58374680,0,84211530,45950,252641560,72620225,409519265,115923850,0,279349870,14245545,409519265
2022-06-21,4440,4645,4440,4500,220634,1.3513513513513513,43878,12381,-99082,42823,0,62602,13381,82454,62197,220634,18724,1000,181536,19374,220634,198846480,54856490,-444664065,190961095,0,283839610,59411640,371712165,279026735,993990150,84993130,4555150,816376230,88065640,993990150
2022-06-22,4560,4580,4460,4460,72250,-0.8888888888888888,15351,-44,-7463,-7844,0,21096,10,45712,5432,72250,5745,54,53175,13276,72250,69280660,-198945,-33718670,-35363045,0,95030605,44600,205745525,24337850,325158580,25749945,243545,239464195,59700895,325158580
2022-06-23,4440,4500,4440,4460,48014,0.0,6627,-420,-1454,-4753,0,14902,0,29790,3322,48014,8275,420,31244,8075,48014,29629570,-1881600,-6536505,-21211465,0,66647870,0,133187935,14899055,214734860,37018300,1881600,139724440,36110520,214734860
2022-06-24,4480,4570,4455,4545,51036,1.905829596412556,-3848,-6634,-388,10870,0,23300,100,13105,14531,51036,27148,6734,13493,3661,51036,-16644185,-29826050,-1860055,48330290,0,104898500,446500,58799455,64862055,229006510,121542685,30272550,60659510,16531765,229006510
2022-06-27,4545,4635,4525,4600,38157,1.21012101210121,-6134,4552,4567,-2985,0,11481,6142,15270,5264,38157,17615,1590,10703,8249,38157,-27915100,20894755,20937400,-13917055,0,52714435,28194315,70142810,23910905,174962465,80629535,7299560,49205410,37827960,174962465
2022-06-28,4645,4645,4545,4565,35204,-0.7608695652173914,9019,-2055,2166,-9130,0,10229,100,24720,155,35204,1210,2155,22554,9285,35204,41192550,-9405685,9887250,-41674115,0,46725790,456000,112844025,707660,160733475,5533240,9861685,102956775,42381775,160733475
2022-06-29,4615,4615,4460,4565,49010,0.0,7630,7313,-6197,-8746,0,14661,7313,23444,3592,49010,7031,0,29641,12338,49010,34809255,33067075,-28113400,-39762930,0,66596270,33067075,106191145,16205030,222059520,31787015,0,134304545,55967960,222059520
2022-06-30,4635,4635,4515,4540,48358,-0.547645125958379,8077,103,-3578,-4602,0,17821,103,28608,1826,48358,9744,0,32186,6428,48358,37081880,470095,-16532730,-21019245,0,81338345,470095,129955515,8276185,220040140,44256465,0,146488245,29295430,220040140
2022-07-01,4605,4610,4505,4565,81296,0.5506607929515419,34671,0,-41108,6437,0,40423,0,25681,15192,81296,5752,0,66789,8755,81296,158202655,0,-187622835,29420180,0,184231025,0,116847935,69279055,370358015,26028370,0,304470770,39858875,370358015
2022-07-04,4565,4565,4485,4530,29729,-0.7667031763417306,12468,104,-9213,-3359,0,12721,104,15637,1267,29729,253,0,24850,4626,29729,56380775,470565,-41625510,-15225830,0,57521680,470565,70432670,5682535,134107450,1140905,0,112058180,20908365,134107450
2022-07-05,4525,4550,4500,4550,35994,0.44150110375275936,20330,-97,-15589,-4644,0,20330,103,15561,0,35994,0,200,31150,4644,35994,92225505,-436660,-70755290,-21033555,0,92225505,468340,70304970,0,162998815,0,905000,141060260,21033555,162998815
2022-07-06,4560,4560,4500,4530,22408,-0.43956043956043955,11352,-126,-9130,-2096,0,11402,0,10998,8,22408,50,126,20128,2104,22408,51430795,-572670,-41369890,-9488235,0,51658045,0,49650960,36080,101345085,227250,572670,91020850,9524315,101345085
2022-07-07,4530,4560,4500,4550,10655,0.44150110375275936,1924,101,-668,-1357,0,2890,101,7664,0,10655,966,0,8332,1357,10655,8742175,459510,-3036660,-6165025,0,13137975,459510,34800865,0,48398350,4395800,0,37837525,6165025,48398350
2022-07-08,4550,4560,4400,4520,34719,-0.6593406593406593,-13582,104,17415,-3937,0,8787,104,25827,1,34719,22369,0,8412,3938,34719,-61213600,470090,78564675,-17821165,0,39864665,470090,116753715,4535,157093005,101078265,0,38189040,17825700,157093005
2022-07-11,4570,4570,4470,4480,37532,-0.8849557522123894,-5132,-8964,17015,-2919,0,11184,100,26238,10,37532,16316,9064,9223,2929,37532,-22887830,-40377945,76359955,-13094180,0,50298480,448225,117776510,44825,168568040,73186310,40826170,41416555,13139005,168568040
2022-07-12,4580,4580,4445,4450,36465,-0.6696428571428571,6744,1,-9164,2419,0,11009,1,21428,4027,36465,4265,0,30592,1608,36465,30285550,4470,-41032975,10742955,0,49306765,4470,95613050,17932280,162856565,19021215,0,136646025,7189325,162856565
2022-07-13,4450,4560,4425,4435,53085,-0.33707865168539325,6323,0,-6397,74,0,14935,0,32719,5431,53085,8612,0,39116,5357,53085,28550745,0,-28806675,255930,0,67255185,0,145927095,24392565,237574845,38704440,0,174733770,24136635,237574845
2022-07-14,4540,4540,4440,4445,11952,0.2254791431792559,-1336,-1000,1977,359,0,2613,0,8160,1179,11952,3949,1000,6183,820,11952,-5901370,-4440000,8767780,1573590,0,11652235,0,36284310,5246350,53182895,17553605,4440000,27516530,3672760,53182895
2022-07-15,4545,4545,4380,4480,46413,0.7874015748031495,352,4,3674,-4030,0,11134,4,30006,5269,46413,10782,0,26332,9299,46413,1879695,17695,15792940,-17690330,0,49741325,17695,132588770,23346990,205694780,47861630,0,116795830,41037320,205694780
2022-07-18,4575,4575,4410,4495,40982,0.33482142857142855,-11700,2952,9836,-1088,0,9428,2952,25698,2904,40982,21128,0,15862,3992,40982,-51354250,13078920,43140435,-4865105,0,42258655,13078920,113821915,12944670,182104160,93612905,0,70681480,17809775,182104160
2022-07-19,4495,4510,4400,4450,73580,-1.0011123470522802,-31808,-67,36722,-4847,0,3226,103,68750,1501,73580,35034,170,32028,6348,73580,-140222695,-296325,162000660,-21481640,0,14363295,454225,303906605,6633280,325357405,154585990,750550,141905945,28114920,325357405
2022-07-20,4450,4465,4430,4440,18656,-0.22471910112359553,2510,-250,-311,-1949,0,6115,0,12541,0,18656,3605,250,12852,1949,18656,11158880,-1112500,-1383950,-8662430,0,27170605,0,55738760,0,82909365,16011725,1112500,57122710,8662430,82909365
2022-07-21,4495,4495,4415,4450,26543,0.22522522522522523,-10463,7176,6240,-2953,0,6909,7176,12458,0,26543,17372,0,6218,2953,26543,-46562635,31789825,27879865,-13107055,0,30647470,31789825,55386895,0,117824190,77210105,0,27507030,13107055,117824190
2022-07-22,4450,4490,4415,4430,29641,-0.44943820224719105,-14131,2,14694,-565,0,5356,2,24256,27,29641,19487,0,9562,592,29641,-62409135,8850,64902620,-2502335,0,23753955,8850,107270475,119340,131152620,86163090,0,42367855,2621675,131152620
2022-07-25,4485,4485,4405,4410,95455,-0.4514672686230248,-34488,8171,30795,-4478,0,5840,8171,81427,17,95455,40328,0,50632,4495,95455,-152243860,36141670,135889555,-19787365,0,25808435,36141670,359414765,75325,421440195,178052295,0,223525210,19862690,421440195
2022-07-26,4480,4480,4395,4400,48515,-0.22675736961451248,-1270,-3256,5194,-668,0,11415,500,36118,482,48515,12685,3756,30924,1150,48515,-5418175,-14365420,22722115,-2938520,0,50420090,2200000,159025085,2128540,213773715,55838265,16565420,136302970,5067060,213773715
2022-07-27,4400,4445,4375,4400,36922,0.0,-22365,100,23203,-938,0,7888,100,28934,0,36922,30253,0,5731,938,36922,-98434735,440500,102123485,-4129250,0,34752580,440500,127381030,0,162574110,133187315,0,25257545,4129250,162574110
2022-07-28,4440,4440,4375,4390,23652,-0.22727272727272727,-7726,0,8356,-630,0,9618,0,14014,20,23652,17344,0,5658,650,23652,-33822115,0,36580835,-2758720,0,42241755,0,61467020,88000,103796775,76063870,0,24886185,2846720,103796775
2022-07-29,4405,4450,4390,4440,57390,1.1389521640091116,-11423,1465,9213,745,0,19368,1465,33799,2758,57390,30791,0,24586,2013,57390,-50114785,6475300,40382880,3256605,0,85514695,6475300,149045010,12174285,253209290,135629480,0,108662130,8917680,253209290
2022-08-01,4440,4540,4410,4520,64467,1.8018018018018018,33796,0,-19736,-14060,0,34796,0,27012,2659,64467,1000,0,46748,16719,64467,150816560,0,-88287765,-62528795,0,155256560,0,119889560,11833020,286979140,4440000,0,208177325,74361815,286979140
2022-08-02,4520,4520,4425,4480,18052,-0.8849557522123894,-6084,5,5368,711,0,2648,5,14055,1344,18052,8732,0,8687,633,18052,-26976090,22385,23782425,3171280,0,11875415,22385,62571230,5986860,80455890,38851505,0,38788805,2815580,80455890
2022-08-03,4510,4510,4410,4455,20438,-0.5580357142857143,5396,3,-4135,-1264,0,10498,3,9929,8,20438,5102,0,14064,1272,20438,24081390,13345,-18466400,-5628335,0,46751320,13345,43994530,35545,90794740,22669930,0,62460930,5663880,90794740
2022-08-04,4485,4500,4430,4470,13272,0.33670033670033667,-539,101,638,-200,0,7550,101,4842,779,13272,8089,0,4204,979,13272,-2320055,450935,2759450,-890330,0,33690425,450935,21549350,3479680,59170390,36010480,0,18789900,4370010,59170390
2022-08-05,4470,4520,4425,4505,24733,0.7829977628635347,12891,752,-13151,-492,0,17173,752,5307,1501,24733,4282,0,18458,1993,24733,58073245,3329100,-59196265,-2206080,0,77244295,3329100,23675300,6749180,110997875,19171050,0,82871565,8955260,110997875
2022-08-08,4500,4500,4410,4500,12077,-0.11098779134295228,304,1242,-1333,-213,0,4156,1242,6466,213,12077,3852,0,7799,426,12077,1443695,5574165,-6063750,-954110,0,18638890,5574165,28876935,952260,54042250,17195195,0,34940685,1906370,54042250
2022-08-09,4540,4540,4480,4500,3420,0.0,-374,1000,-520,-106,0,336,1000,2084,0,3420,710,0,2604,106,3420,-1674900,4500000,-2348830,-476270,0,1514080,4500000,9375130,0,15389210,3188980,0,11723960,476270,15389210
2022-08-10,4530,4530,4480,4480,3022,-0.4444444444444444,272,1000,-1085,-187,0,403,1000,1619,0,3022,131,0,2704,187,3022,1222090,4485000,-4868420,-838670,0,1809450,4485000,7262220,0,13556670,587360,0,12130640,838670,13556670
2022-08-11,4520,4520,4485,4515,15452,0.78125,5859,689,-7398,850,0,6719,689,6925,1119,15452,860,0,14323,269,15452,26403730,3106000,-33334985,3825255,0,30264725,3106000,31124210,5035500,69530435,3860995,0,64459195,1210245,69530435
2022-08-12,4515,4520,4470,4520,10387,0.11074197120708748,232,2000,-645,-1587,0,4176,2000,4211,0,10387,3944,0,4856,1587,10387,1108120,9015000,-2970835,-7152285,0,18841965,9015000,18938570,0,46795535,17733845,0,21909405,7152285,46795535
2022-08-16,4580,4580,4510,4560,22601,0.8849557522123894,8679,0,-7576,-1103,0,13858,0,8468,275,22601,5179,0,16044,1378,22601,39420270,0,-34394950,-5025320,0,62959720,0,38505985,1249875,102715580,23539450,0,72900935,6275195,102715580
2022-08-17,4580,4580,4540,4560,4259,0.0,2820,0,-2525,-295,0,2967,0,1292,0,4259,147,0,3817,295,4259,12862115,0,-11514230,-1347885,0,13532435,0,5898140,0,19430575,670320,0,17412370,1347885,19430575
2022-08-18,4560,4575,4535,4555,15785,-0.10964912280701754,7680,1,-7607,-74,0,8231,1,7100,453,15785,551,0,14707,527,15785,35004715,4540,-34672740,-336515,0,37511765,4540,32311485,2059935,71887725,2507050,0,66984225,2396450,71887725
2022-08-19,4550,4560,4510,4540,33696,-0.3293084522502744,11552,-19173,6831,790,0,11552,2,21078,1064,33696,0,19175,14247,274,33696,52492625,-86708405,30645615,3570165,0,52492625,9085,95356720,4814125,152672555,0,86717490,64711105,1243960,152672555
2022-08-22,4540,4540,4500,4525,18127,-0.3303964757709251,9126,-4323,-5028,225,0,9126,2,8587,412,18127,0,4325,13615,187,18127,41231965,-19518580,-22723620,1010235,0,41231965,9020,38761425,1854000,81856410,0,19527600,61485045,843765,81856410
2022-08-23,4525,4530,4490,4520,21277,-0.11049723756906078,7874,2,-6355,-1521,0,7875,2,13187,213,21277,1,0,19542,1734,21277,35535865,9015,-28675845,-6869035,0,35540390,9015,59430545,958500,95938450,4525,0,88106390,7827535,95938450
2022-08-24,4540,4540,4515,4520,5216,0.0,4310,0,-3683,-627,0,4578,0,638,0,5216,268,0,4321,627,5216,19484425,0,-16649630,-2834795,0,20695845,0,2881520,0,23577365,1211420,0,19531150,2834795,23577365
2022-08-25,4550,4560,4535,4555,8802,0.7743362831858407,5731,0,-5010,-721,0,7663,0,456,683,8802,1932,0,5466,1404,8802,26082535,0,-22796315,-3286220,0,34862315,0,2074505,3106450,40043270,8779780,0,24870820,6392670,40043270
2022-08-26,4570,4570,4490,4530,6025,-0.5488474204171241,2701,0,-2608,-93,0,2701,0,3324,0,6025,0,0,5932,93,6025,12290790,0,-11868745,-422045,0,12290790,0,15032220,0,27323010,0,0,26900965,422045,27323010
2022-08-29,4505,4540,4485,4495,18426,-0.772626931567329,-2674,12,3921,-1259,0,5289,12,13125,0,18426,7963,0,9204,1259,18426,-11979015,54010,17592705,-5667700,0,23836725,54010,59001785,0,82892520,35815740,0,41409080,5667700,82892520
2022-08-30,4510,4510,4480,4510,10874,0.33370411568409347,1686,0,-1524,-162,0,3725,0,7149,0,10874,2039,0,8673,162,10874,7612710,0,-6883600,-729110,0,16756740,0,32084175,0,48840915,9144030,0,38967775,729110,48840915
2022-08-31,4520,4540,4355,4500,12088,-0.22172949002217296,432,10,-263,-179,0,2958,10,9120,0,12088,2526,0,9383,179,12088,1961495,45000,-1199180,-807315,0,13361820,45000,40998060,0,54404880,11400325,0,42197240,807315,54404880
2022-09-01,4500,4500,4465,4480,12246,-0.4444444444444444,6169,0,-6032,-137,0,8297,0,3949,0,12246,2128,0,9981,137,12246,27628365,0,-27015975,-612390,0,37154900,0,17687755,0,54842655,9526535,0,44703730,612390,54842655
2022-09-02,4480,4500,4455,4475,15705,-0.11160714285714285,-2089,0,2227,-138,0,4123,0,11579,3,15705,6212,0,9352,141,15705,-9329650,0,9947240,-617590,0,18476425,0,51819650,13430,70309505,27806075,0,41872410,631020,70309505
2022-09-05,4490,4530,4450,4450,10707,-0.5586592178770949,-3284,1,3417,-134,0,61,1,10645,0,10707,3345,0,7228,134,10707,-14656180,4465,15248095,-596380,0,272060,4465,47459175,0,47735700,14928240,0,32211080,596380,47735700
2022-09-06,4540,4540,4440,4450,15701,0.0,-179,0,-191,370,0,8627,0,6574,500,15701,8806,0,6765,130,15701,-607065,0,-1035685,1642750,0,38513260,0,29204345,2220000,69937605,39120325,0,30240030,577250,69937605
2022-09-07,4520,4520,4425,4425,8143,-0.5617977528089888,-4170,0,4251,-81,0,3267,0,4876,0,8143,7437,0,625,81,8143,-18509745,0,18868170,-358425,0,14535855,0,21641970,0,36177825,33045600,0,2773800,358425,36177825
2022-09-08,4500,4500,4410,4415,15939,-0.22598870056497175,-1486,0,1431,55,0,5453,0,10291,195,15939,6939,0,8860,140,15939,-6540155,0,6297570,242585,0,24210865,0,45529360,860925,70601150,30751020,0,39231790,618340,70601150
2022-09-13,4490,4490,4410,4455,17262,0.9060022650056626,-6586,0,6165,421,0,8017,0,8657,588,17262,14603,0,2492,167,17262,-29200125,0,27337190,1862935,0,35574550,0,38431470,2604850,76610870,64774675,0,11094280,741915,76610870
2022-09-14,4455,4455,4400,4425,22087,-0.6734006734006733,-2111,1,-1237,3347,0,9383,1,9216,3487,22087,11494,0,10453,140,22087,-9262490,4430,-5478620,14736680,0,41489965,4430,40725600,15355505,97575500,50752455,0,46204220,618825,97575500
2022-09-15,4425,4435,4380,4430,65260,0.11299435028248588,-52745,900,54390,-2545,0,7054,900,57302,4,65260,59799,0,2912,2549,65260,-231538835,3978000,238791125,-11230290,0,31048430,3978000,251661605,17560,286705595,262587265,0,12870480,11247850,286705595
2022-09-16,4430,4435,4395,4435,31153,0.1128668171557562,-4633,-188,-7604,12425,0,9901,12,8668,12572,31153,14534,200,16272,147,31153,-20453255,-831185,-33757530,55041970,0,43667470,52815,38279015,55690440,137689740,64120725,884000,72036545,648470,137689740
2022-09-19,4445,4445,4350,4385,40010,-1.1273957158962795,-18151,2,17714,435,0,2658,2,35546,1804,40010,20809,0,17832,1369,40010,-79603955,8815,77691090,1904050,0,11677545,8815,155755910,7946840,175389110,91281500,0,78064820,6042790,175389110
2022-09-20,4460,4460,4370,4370,20880,-0.34207525655644244,-4550,-92,-288,4930,0,1788,0,13956,5136,20880,6338,92,14244,206,20880,-19924710,-403880,-1280290,21608880,0,7853780,0,61169540,22511630,91534950,27778490,403880,62449830,902750,91534950
2022-09-21,4390,4390,4360,4370,20860,0.0,-3445,-218,3344,319,0,1042,0,19317,501,20860,4487,218,15973,182,20860,-15069610,-951570,14625475,1395705,0,4553540,0,84441490,2189390,91184420,19623150,951570,69816015,793685,91184420
2022-09-22,4370,4370,4340,4350,7868,-0.4576659038901602,181,11,-614,422,0,1492,11,5865,500,7868,1311,0,6479,78,7868,771605,47950,-2660255,1840700,0,6483330,47950,25582370,2180000,34293650,5711725,0,28242625,339300,34293650
2022-09-23,4400,4400,4265,4265,34869,-1.9540229885057472,-1207,14,382,811,0,3514,14,30341,1000,34869,4721,0,29959,189,34869,-5047455,60575,1499335,3487545,0,15111940,60575,130527935,4300000,150000450,20159395,0,129028600,812455,150000450
2022-09-26,4370,4370,4200,4205,28997,-1.406799531066823,-3711,22,3290,399,0,8966,22,19007,1002,28997,12677,0,15717,603,28997,-15464780,92795,13677980,1694005,0,38026520,92795,80218070,4248530,122585915,53491300,0,66540090,2554525,122585915
2022-09-27,4375,4375,4110,4175,16939,-0.713436385255648,-4990,-105,5278,-183,0,4380,0,12548,11,16939,9370,105,7270,194,16939,-20707975,-441000,21911740,-762765,0,18483360,0,52497020,45295,71025675,39191335,441000,30585280,808060,71025675
2022-09-28,4295,4295,4125,4150,52947,-0.5988023952095809,-19993,0,17888,2105,0,8726,0,41805,2416,52947,28719,0,23917,311,52947,-82933580,0,74228225,8705355,0,36362460,0,174011265,10000605,220374330,119296040,0,99783040,1295250,220374330
2022-09-29,4195,4195,4160,4165,11659,0.3614457831325301,-4354,0,4656,-302,0,1652,0,10007,0,11659,6006,0,5351,302,11659,-18146210,0,19402530,-1256320,0,6887120,0,41694725,0,48581845,25033330,0,22292195,1256320,48581845
2022-09-30,4325,4330,4135,4180,31546,0.36014405762304924,-4519,102,6178,-1761,0,3733,102,27711,0,31546,8252,0,21533,1761,31546,-18630855,424805,25604065,-7398015,0,15684640,424805,115332090,0,131441535,34315495,0,89728025,7398015,131441535
2022-10-04,4355,4355,4155,4165,16880,-0.3588516746411483,2096,0,-802,-1294,0,4215,0,12545,120,16880,2119,0,13347,1414,16880,8735525,0,-3354150,-5381375,0,17563805,0,52239945,502200,70305950,8828280,0,55594095,5883575,70305950
2022-10-05,4170,4180,4135,4180,22850,0.36014405762304924,-8234,2600,5747,-113,0,1540,2600,18590,120,22850,9774,0,12843,233,22850,-34297165,10841000,23925045,-468880,0,6406000,10841000,77383515,500400,95130915,40703165,0,53458470,969280,95130915
2022-10-06,4200,4200,4160,4175,28810,-0.11961722488038277,-9336,1,9457,-122,0,1588,1,27170,51,28810,10924,0,17713,173,28810,-38919930,4165,39423445,-507680,0,6615510,4165,113214110,212925,120046710,45535440,0,73790665,720605,120046710
2022-10-07,4210,4210,4150,4160,15985,-0.3592814371257485,-7672,1807,5891,-26,0,1894,1807,10779,1505,15985,9566,0,4888,1531,15985,-31882895,7517110,24474545,-108760,0,7884050,7517110,44802470,6329450,66533080,39766945,0,20327925,6438210,66533080
2022-10-11,4200,4200,4065,4065,42757,-2.283653846153846,-2276,0,2411,-135,0,7436,0,35201,120,42757,9712,0,32790,255,42757,-9305775,0,9854080,-548305,0,30660930,0,144617245,494645,175772820,39966705,0,134763165,1042950,175772820
2022-10-12,4070,4150,4050,4130,31317,1.5990159901599015,-14561,3194,11498,-131,0,1599,3194,26400,124,31317,16160,0,14902,255,31317,-59279345,12999580,46812515,-532750,0,6478390,12999580,107704020,505100,127687090,65757735,0,60891505,1037850,127687090
2022-10-13,4150,4200,4020,4090,36208,-0.9685230024213075,-1943,104,-4705,6544,0,9471,104,19815,6818,36208,11414,0,24520,274,36208,-7473530,425405,-19884650,26932775,0,38895835,425405,80898875,28037820,148257935,46369365,0,100783525,1105045,148257935
2022-10-14,4090,4115,4035,4095,39547,0.12224938875305623,3124,2,-3289,163,0,13553,2,25481,511,39547,10429,0,28770,348,39547,12694275,8135,-13371745,669335,0,55244425,8135,103948360,2092930,161293850,42550150,0,117320105,1423595,161293850
2022-10-17,4095,4095,3940,3990,131545,-2.564102564102564,-74363,19296,64774,-9707,0,12139,19296,93610,6500,131545,86502,0,28836,16207,131545,-296475045,77455490,258130480,-39110925,0,48752475,77455490,373161255,26122295,525491515,345227520,0,115030775,65233220,525491515
2022-10-18,4020,4020,3910,3965,120255,-0.6265664160401002,-82447,2000,77083,3364,0,613,2000,110668,6974,120255,83060,0,33585,3610,120255,-326075940,7850000,305160380,13065560,0,2435455,7850000,438414230,27429050,476128735,328511395,0,133253850,14363490,476128735
2022-10-19,4120,4120,3855,3870,117382,-2.3959646910466583,-76963,7210,71514,-1761,0,5983,7210,102294,1895,117382,82946,0,30780,3656,117382,-301901135,28263200,280694610,-7056675,0,23619830,28263200,400843180,7342565,460068775,325520965,0,120148570,14399240,460068775
2022-10-20,3870,3925,3815,3815,62333,-1.421188630490956,-22512,1000,21972,-460,0,2653,1000,56826,1854,62333,25165,0,34854,2314,62333,-86295965,3815000,84287540,-1806575,0,10274505,3815000,218704460,7094445,239888410,96570470,0,134416920,8901020,239888410
2022-10-21,3890,3890,3810,3840,63118,0.655307994757536,-31947,-95,32226,-184,0,2927,10,57252,2929,63118,34874,105,25026,3113,63118,-122765065,-364000,123826685,-697620,0,11260040,38150,220150265,11278165,242726620,134025105,402150,96323580,11975785,242726620
2022-10-24,3850,3960,3850,3925,51966,2.213541666666667,-9406,0,10588,-1182,0,5154,0,45795,1017,51966,14560,0,35207,2199,51966,-36999145,0,41643540,-4644395,0,20080920,0,179150805,3961370,203193095,57080065,0,137507265,8605765,203193095
2022-10-25,3830,3930,3830,3900,25783,-0.6369426751592357,6888,1002,-6355,-1535,0,9646,1002,15135,0,25783,2758,0,21490,1535,25783,26861165,3907810,-24763590,-6005385,0,37665345,3907810,59074115,0,100647270,10804180,0,83837705,6005385,100647270
2022-10-26,3910,3945,3900,3945,16758,1.153846153846154,-1937,0,2377,-440,0,7214,0,9406,138,16758,9151,0,7029,578,16758,-7506855,0,9230660,-1723805,0,28395680,0,36806090,539510,65741280,35902535,0,27575430,2263315,65741280
2022-10-27,3950,4175,3945,4015,35485,1.7743979721166032,882,-1000,556,-438,0,11341,0,22722,1422,35485,10459,1000,22166,1860,35485,3585855,-3980000,2131135,-1736990,0,45309260,0,90546915,5677640,141533815,41723405,3980000,88415780,7414630,141533815
2022-10-28,4025,4030,3995,4000,12654,-0.37359900373599003,-314,-500,1196,-382,0,2965,0,9689,0,12654,3279,500,8493,382,12654,-1282025,-2010000,4823685,-1531660,0,11886520,0,38845320,0,50731840,13168545,2010000,34021635,1531660,50731840
2022-10-31,4020,4020,3960,3985,61432,-0.375,-16261,0,20345,-4084,0,1828,1,59602,1,61432,18089,1,39257,4085,61432,-64585610,-20,80856555,-16270925,0,7255860,3990,237111400,3985,244375235,71841470,4010,156254845,16274910,244375235
2022-11-01,3995,4005,3980,4000,31152,0.37641154328732745,-8675,-1999,11608,-934,0,696,0,30456,0,31152,9371,1999,18848,934,31152,-34696720,-7986010,46418005,-3735275,0,2780700,0,121792145,0,124572845,37477420,7986010,75374140,3735275,124572845
2022-11-02,4000,4060,3950,4050,53304,1.25,7529,0,-17956,10427,0,18273,0,23158,11873,53304,10744,0,41114,1446,53304,30260280,0,-72129485,41869205,0,73383210,0,93125080,47673885,214182175,43122930,0,165254565,5804680,214182175
2022-11-03,4000,4050,4000,4050,8482,0.0,-708,3,960,-255,0,2218,3,6261,0,8482,2926,0,5301,255,8482,-2873085,12095,3886505,-1025515,0,8906975,12095,25198250,0,34117320,11780060,0,21311745,1025515,34117320
2022-11-04,4050,4075,4030,4070,22008,0.49382716049382713,4599,0,-3531,-1068,0,9556,0,11687,765,22008,4957,0,15218,1833,22008,18680625,0,-14344500,-4336125,0,38798540,0,47408310,3105495,89312345,20117915,0,61752810,7441620,89312345
2022-11-07,4070,4070,4025,4045,6436,-0.6142506142506142,-915,2,1192,-279,0,938,2,5496,0,6436,1853,0,4304,279,6436,-3680530,8100,4799645,-1127215,0,3801545,8100,22195580,0,26005225,7482075,0,17395935,1127215,26005225
2022-11-08,4045,4045,3960,4000,20529,-1.1124845488257107,-6841,-3996,12378,-1541,0,164,4,20341,20,20529,7005,4000,7963,1561,20529,-27332170,-15965205,49461090,-6163715,0,659530,16025,81306450,80000,82062005,27991700,15981230,31845360,6243715,82062005
2022-11-09,3970,4050,3970,4020,17146,0.5,-1470,-9000,11118,-648,0,2332,0,14804,10,17146,3802,9000,3686,658,17146,-5860210,-36036840,44495100,-2598050,0,9362240,0,59285740,40000,68687980,15222450,36036840,14790640,2638050,68687980
2022-11-10,4045,4045,3990,4000,39971,-0.4975124378109453,1723,-3998,5159,-2884,0,13434,2,26379,156,39971,11711,4000,21220,3040,39971,7104695,-16031495,20479910,-11553110,0,53971810,8005,105537355,624980,160142150,46867115,16039500,85057445,12178090,160142150
2022-11-11,4050,4090,4025,4080,36872,2.0,-13755,-8000,21010,745,0,1368,3000,30590,1914,36872,15123,11000,9580,1169,36872,-55816170,-32475945,85258215,3033900,0,5541650,12135000,124132290,7770645,149579585,61357820,44610945,38874075,4736745,149579585
2022-11-14,4085,4085,4045,4050,33126,-0.7352941176470588,-8236,-3999,13177,-942,0,4514,1,28486,125,33126,12750,4000,15309,1067,33126,-33379610,-16198190,53396860,-3819060,0,18316280,4060,115498335,507505,134326180,51695890,16202250,62101475,4326565,134326180
2022-11-15,4040,4045,4025,4030,11538,-0.49382716049382713,1731,-2999,1609,-341,0,1742,1001,8785,10,11538,11,4000,7176,351,11538,6987650,-12095165,6483400,-1375885,0,7032090,4043585,35386845,40350,46502870,44440,16138750,28903445,1416235,46502870
2022-11-16,4040,4055,4030,4055,16800,0.620347394540943,2467,-4500,98,1935,0,3757,0,10571,2472,16800,1290,4500,10473,537,16800,10004400,-18173830,316320,7853110,0,15220065,0,42646870,10023030,67889965,5215665,18173830,42330550,2169920,67889965
2022-11-17,4035,4050,4010,4010,36288,-1.1097410604192355,730,-3698,4043,-1075,0,1124,2,35149,13,36288,394,3700,31106,1088,36288,2945430,-14864735,16247230,-4327925,0,4528870,8075,141607145,52325,146196415,1583440,14872810,125359915,4380250,146196415
2022-11-18,4025,4070,4010,4045,26589,0.8728179551122194,976,-2690,1829,-115,0,10234,0,15669,686,26589,9258,2690,13840,801,26589,4140220,-10833370,7136810,-443660,0,41425575,0,63077880,2782795,107286250,37285355,10833370,55941070,3226455,107286250
2022-11-21,4020,4050,4020,4020,10943,-0.6180469715698393,3827,-4000,490,-317,0,5914,0,5014,15,10943,2087,4000,4524,332,10943,15421815,-16100500,1954900,-1276215,0,23863720,0,20216415,60450,44140585,8441905,16100500,18261515,1336665,44140585
2022-11-22,4020,4035,4020,4025,27393,0.12437810945273632,-2341,-3995,7157,-821,0,3535,0,23858,0,27393,5876,3995,16701,821,27393,-9430340,-16084400,28822110,-3307370,0,14249405,0,96071075,0,110320480,23679745,16084400,67248965,3307370,110320480
2022-11-23,4040,4050,4020,4035,9537,0.2484472049689441,726,-1550,1107,-283,0,3424,0,6108,5,9537,2698,1550,5001,288,9537,2949975,-6265850,4456015,-1140140,0,13820655,0,24592565,20110,38433330,10870680,6265850,20136550,1160250,38433330
2022-11-24,4050,4055,4030,4045,31426,0.24783147459727387,754,-4494,2335,1405,0,7878,0,20785,2763,31426,7124,4494,18450,1358,31426,3033840,-18166570,9433885,5698845,0,31834690,0,83926440,11182535,126943665,28800850,18166570,74492555,5483690,126943665
2022-11-25,4045,4110,4025,4100,51086,1.3597033374536465,18393,-36820,18608,-181,0,19890,0,30582,614,51086,1497,36820,11974,795,51086,75080345,-148889890,74560965,-751420,0,81158180,0,123406170,2491455,207055805,6077835,148889890,48845205,3242875,207055805
2022-11-28,4100,4105,4050,4050,27995,-1.2195121951219512,3329,-2418,-1073,162,0,14259,0,12669,1067,27995,10930,2418,13742,905,27995,13583680,-9847585,-4394480,658385,0,58220325,0,51744800,4346530,114311655,44636645,9847585,56139280,3688145,114311655
2022-11-29,4055,4135,4055,4130,33346,1.9753086419753085,22436,-6709,-14953,-774,0,26576,0,6512,258,33346,4140,6709,21465,1032,33346,92451580,-27472370,-61790770,-3188440,0,109431545,0,26559590,1055745,137046880,16979965,27472370,88350360,4244185,137046880
2022-11-30,4110,4215,4110,4215,41067,2.0581113801452786,30993,-2790,-30470,2267,0,31693,2000,4266,3108,41067,700,4790,34736,841,41067,129636565,-11664850,-127489445,9517730,0,132581135,8310000,17854325,13030225,171775685,2944570,19974850,145343770,3512495,171775685
2022-12-01,4230,4265,4180,4220,28389,0.11862396204033215,8380,-2528,3319,-9171,0,12146,0,16242,1,28389,3766,2528,12923,9172,28389,35533035,-10692660,13858830,-38699205,0,51437205,0,68579945,4230,120021380,15904170,10692660,54721115,38703435,120021380
2022-12-02,4245,4245,4205,4205,13546,-0.35545023696682465,1606,-2500,-3072,3966,0,1606,0,7540,4400,13546,0,2500,10612,434,13546,6767710,-10521500,-13009655,16763445,0,6767710,0,31844435,18590000,57202145,0,10521500,44854090,1826555,57202145
2022-12-05,4240,4245,4230,4235,11080,0.713436385255648,-1404,-200,1951,-347,0,2668,0,8412,0,11080,4072,200,6461,347,11080,-5945795,-848000,8263965,-1470170,0,11306630,0,35643935,0,46950565,17252425,848000,27379970,1470170,46950565
2022-12-06,4200,4235,4200,4220,8961,-0.3541912632821724,-1851,1,2258,-408,0,3516,1,5424,20,8961,5367,0,3166,428,8961,-7791800,4205,9506795,-1719200,0,14820295,4205,22842420,84400,37751320,22612095,0,13335625,1803600,37751320
2022-12-07,4240,4240,4155,4190,12623,-0.7109004739336493,-2561,0,3516,-955,0,2292,0,10092,239,12623,4853,0,6576,1194,12623,-10775105,0,14793685,-4018580,0,9610915,0,42219415,996615,52826945,20386020,0,27425730,5015195,52826945
2022-12-08,4240,4240,4170,4170,7995,-0.47732696897374705,-2351,200,2692,-541,0,2190,200,5605,0,7995,4541,0,2913,541,7995,-9806905,837000,11231160,-2261255,0,9180280,837000,23448965,0,33466245,18987185,0,12217805,2261255,33466245
2022-12-09,4165,4175,4115,4115,29912,-1.3189448441247003,-2276,0,3567,-1291,0,8132,0,21702,78,29912,10408,0,18135,1369,29912,-9409770,0,14758760,-5348990,0,33731235,0,89834415,321750,123887400,43141005,0,75075655,5670740,123887400
2022-12-12,4200,4200,4115,4135,12328,0.48602673147023084,-4557,0,4993,-436,0,2225,0,10103,0,12328,6782,0,5110,436,12328,-18803165,0,20604215,-1801050,0,9184420,0,41716815,0,50901235,27987585,0,21112600,1801050,50901235
2022-12-13,4165,4165,4100,4130,19521,-0.12091898428053204,-2629,2,4612,-1985,0,6314,2,13205,0,19521,8943,0,8593,1985,19521,-10805545,8225,19000205,-8202885,0,26051965,8225,54435080,0,80495270,36857510,0,35434875,8202885,80495270
2022-12-14,4130,4190,4130,4190,47516,1.4527845036319613,-7147,690,9175,-2718,0,474,690,46352,0,47516,7621,0,37177,2718,47516,-29652005,2884195,38056725,-11288915,0,1979205,2884195,192804615,0,197668015,31631210,0,154747890,11288915,197668015
2022-12-15,4195,4195,4050,4130,54742,-1.431980906921241,2596,-3997,17836,-16435,0,17819,3,36770,150,54742,15223,4000,18934,16585,54742,10955520,-16657575,74423380,-68721325,0,74104260,12425,152805175,620215,227542075,63148740,16670000,78381795,69341540,227542075
2022-12-16,4010,4170,4010,4145,42792,0.36319612590799033,-10069,1000,9061,8,0,3135,1000,38386,271,42792,13204,0,29325,263,42792,-41664120,4137500,37493300,33320,0,13001580,4137500,159030285,1121155,177290520,54665700,0,121536985,1087835,177290520
2022-12-19,4120,4170,4085,4150,91421,0.12062726176115801,-29189,6700,16908,5581,0,3881,7000,72858,7682,91421,33070,300,55950,2101,91421,-120487765,27622000,69585620,23280145,0,16119610,28870000,301714890,31980765,378685265,136607375,1248000,232129270,8700620,378685265
2022-12-20,4150,4165,4115,4140,46163,-0.24096385542168677,-13216,0,14075,-859,0,1689,0,44216,258,46163,14905,0,30141,1117,46163,-54567280,0,58126935,-3559655,0,6978000,0,182790365,1068220,190836585,61545280,0,124663430,4627875,190836585
2022-12-21,4150,4150,4125,4145,30091,0.12077294685990338,-4978,0,5083,-105,0,253,0,29748,90,30091,5231,0,24665,195,30091,-20570050,0,21004895,-434845,0,1048585,0,123087565,372545,124508695,21618635,0,102082670,807390,124508695
2022-12-22,4145,4240,4145,4220,80609,1.8094089264173705,-8799,23718,-19262,4343,0,5766,24248,46140,4455,80609,14565,530,65402,112,80609,-36564050,99264445,-80895490,18195095,0,24184825,101471045,192300610,18663070,336619550,60748875,2206600,273196100,467975,336619550
2022-12-23,4200,4230,4170,4220,13267,0.0,-3927,1,6920,-2994,0,3075,1,10054,137,13267,7002,0,3134,3131,13267,-16477155,4180,29032450,-12559475,0,12851040,4180,42160410,573580,55589210,29328195,0,13127960,13133055,55589210
2022-12-26,4245,4255,4180,4215,49425,-0.11848341232227488,4764,20752,-23709,-1807,0,13972,20752,14671,30,49425,9208,0,38380,1837,49425,20236815,87157065,-99768990,-7624890,0,58888570,87157065,61729060,126005,207900700,38651755,0,161498050,7750895,207900700
2022-12-27,4220,4230,4210,4225,270111,0.2372479240806643,5462,214075,-227924,8387,0,10663,215245,35383,8820,270111,5201,1170,263307,433,270111,23095220,903981125,-962533740,35457395,0,45058450,908924375,149247270,37283610,1140513705,21963230,4943250,1111781010,1826215,1140513705
2022-12-28,4225,4230,4015,4015,68566,-4.970414201183432,-15351,0,29177,-13826,0,1521,0,66641,404,68566,16872,0,37464,14230,68566,-61833505,0,119450855,-57617350,0,6112990,0,273565575,1653485,281332050,67946495,0,154114720,59270835,281332050
2022-12-29,4015,4025,4000,4005,6317,-0.24906600249066002,-1048,0,942,106,0,321,0,5890,106,6317,1369,0,4948,0,6317,-4199290,0,3773500,425790,0,1285920,0,23614395,425790,25326105,5485210,0,19840895,0,25326105
2023-01-02,4050,4060,4015,4025,19689,0.4993757802746567,1055,0,-1055,0,0,1249,0,18440,0,19689,194,0,19495,0,19689,4246805,0,-4246805,0,0,5030570,0,74441540,0,79472110,783765,0,78688345,0,79472110
2023-01-03,4020,4080,4000,4075,45685,1.2422360248447204,5980,255,-6368,133,0,17827,255,27413,190,45685,11847,0,33781,57,45685,24595965,1020000,-26157020,541055,0,72286940,1020000,110636505,771595,184715040,47690975,0,136793525,230540,184715040
2023-01-04,4070,4120,4015,4095,18777,0.49079754601227,2194,0,-7387,5193,0,5388,0,7762,5627,18777,3194,0,15149,434,18777,8967385,0,-30221345,21253960,0,22051945,0,31835015,23032195,76919155,13084560,0,62056360,1778235,76919155
2023-01-05,4060,4100,4050,4090,24758,-0.1221001221001221,-520,4,505,11,0,7836,4,16907,11,24758,8356,0,16402,0,24758,-2090710,16270,2029725,44715,0,31975350,16270,68707185,44715,100743520,34066060,0,66677460,0,100743520
2023-01-06,4100,4120,4070,4090,26917,0.0,-2684,0,-2969,5653,0,5233,0,13334,8350,26917,7917,0,16303,2697,26917,-10989695,0,-12254820,23244515,0,21388910,0,54593520,34305720,110288150,32378605,0,66848340,11061205,110288150
2023-01-09,4115,4115,4060,4090,28945,0.0,2369,292,-2630,-31,0,3476,292,25177,0,28945,1107,0,27807,31,28945,9708170,1185520,-10767365,-126325,0,14235870,1185520,102823375,0,118244765,4527700,0,113590740,126325,118244765
2023-01-10,4115,4115,4090,4090,29814,0.0,4560,0,-5552,992,0,4562,0,24260,992,29814,2,0,29812,0,29814,18678295,0,-22740495,4062200,0,18686500,0,99598505,4062200,122347205,8205,0,122339000,0,122347205
2023-01-11,4070,4100,4065,4075,32292,-0.36674816625916873,550,0,-2219,1669,0,1582,0,29041,1669,32292,1032,0,31260,0,32292,2231345,0,-9048350,6817005,0,6447075,0,118256675,6817005,131520755,4215730,0,127305025,0,131520755
2023-01-12,4080,4110,4075,4100,15287,0.6134969325153374,-138,100,239,-201,0,1077,100,14110,0,15287,1215,0,13871,201,15287,-563730,410000,974815,-821085,0,4407760,410000,57756365,0,62574125,4971490,0,56781550,821085,62574125
2023-01-13,4110,4145,4105,4130,86498,0.7317073170731708,7131,19708,-31032,4193,0,9286,19708,52280,5224,86498,2155,0,83312,1031,86498,29407305,81185500,-127891310,17298505,0,38291190,81185500,215228185,21530760,356235635,8883885,0,343119495,4232255,356235635
2023-01-16,4135,4250,4115,4200,30143,1.694915254237288,10321,-1250,-17872,8801,0,12528,0,8278,9337,30143,2207,1250,26150,536,30143,43363615,-5237500,-74899000,36772885,0,52582415,0,34483910,39019105,126085430,9218800,5237500,109382910,2246220,126085430
2023-01-17,4240,4240,4190,4220,18640,0.4761904761904762,718,100,442,-1260,0,9279,100,9195,66,18640,8561,0,8753,1326,18640,3074595,420500,1821565,-5316660,0,39032110,420500,38572795,277520,78302925,35957515,0,36751230,5594180,78302925
2023-01-18,4225,4225,4190,4195,14550,-0.5924170616113744,-3602,0,4658,-1056,0,1866,0,12667,17,14550,5468,0,8009,1073,14550,-15115420,0,19550535,-4435115,0,7845280,0,53199880,71485,61116645,22960700,0,33649345,4506600,61116645
2023-01-19,4195,4220,4195,4205,29610,0.23837902264600713,-491,0,-490,981,0,2302,0,26255,1053,29610,2793,0,26745,72,29610,-2075745,0,-2043645,4119390,0,9676275,0,110326925,4422600,124425800,11752020,0,112370570,303210,124425800
2023-01-20,4200,4270,4190,4270,37278,1.5457788347205708,7288,-1250,-4941,-1097,0,8650,0,28626,2,37278,1362,1250,33567,1099,37278,30854180,-5246750,-20999760,-4607670,0,36614860,0,121055745,8480,157679085,5760680,5246750,142055505,4616150,157679085
2023-01-25,4270,4300,4260,4290,26384,0.468384074941452,6881,-1250,-5169,-462,0,8772,0,17610,2,26384,1891,1250,22779,464,26384,29470760,-5359830,-22128260,-1982670,0,37564205,0,75302535,8545,112875285,8093445,5359830,97430795,1991215,112875285
2023-01-26,4290,4290,4250,4250,20920,-0.9324009324009324,6249,-1250,-700,-4299,0,6525,0,14395,0,20920,276,1250,15095,4299,20920,26671595,-5350495,-2978060,-18343040,0,27847935,0,61361585,0,89209520,1176340,5350495,64339645,18343040,89209520
2023-01-27,4255,4255,4210,4210,41586,-0.9411764705882352,-9204,0,11870,-2666,0,1782,0,39763,41,41586,10986,0,27893,2707,41586,-38929710,0,50254940,-11325230,0,7560845,0,168813625,173600,176548070,46490555,0,118558685,11498830,176548070
2023-01-30,4225,4240,4190,4215,13679,0.11876484560570072,-5685,0,10021,-4336,0,304,0,13375,0,13679,5989,0,3354,4336,13679,-23941920,0,42249835,-18307915,0,1285960,0,56364285,0,57650245,25227880,0,14114450,18307915,57650245
2023-01-31,4230,4235,4175,4175,17916,-0.9489916963226572,-124,0,4550,-4426,0,585,0,17323,8,17916,709,0,12773,4434,17916,-503535,0,19078250,-18574715,0,2463155,0,72686940,33440,75183535,2966690,0,53608690,18608155,75183535
2023-02-01,4200,4275,4180,4215,10437,0.9580838323353293,2679,890,-3287,-282,0,3273,890,6265,9,10437,594,0,9552,291,10437,11333195,3720200,-13863935,-1189460,0,13827735,3720200,26278035,37695,43863665,2494540,0,40141970,1227155,43863665
2023-02-02,4255,4255,4200,4255,22812,0.9489916963226572,4262,-500,-2486,-1276,0,8574,0,13869,369,22812,4312,500,16355,1645,22812,18208255,-2100000,-10713355,-5394900,0,36358770,0,58332950,1561770,96253490,18150515,2100000,69046305,6956670,96253490
2023-02-03,4255,4255,4200,4245,22374,-0.23501762632197415,7247,0,-6062,-1185,0,12972,0,6194,3208,22374,5725,0,12256,4393,22374,30800680,0,-25712565,-5088115,0,54912870,0,26072480,13504700,94490050,24112190,0,51785045,18592815,94490050
2023-02-06,4270,4270,4200,4250,14600,0.11778563015312131,8202,0,-7774,-428,0,11201,0,3138,261,14600,2999,0,10912,689,14600,34715760,0,-32901495,-1814265,0,47346575,0,13237740,1103380,61687695,12630815,0,46139235,2917645,61687695
2023-02-07,4235,4235,4200,4230,18119,-0.4705882352941176,2060,500,-2775,215,0,6214,500,11190,215,18119,4154,0,13965,0,18119,8674540,2107500,-11690975,908935,0,26204090,2107500,47143830,908935,76364355,17529550,0,58834805,0,76364355
2023-02-08,4245,4270,4205,4215,46746,-0.3546099290780142,2790,0,-2268,-522,0,5991,0,40439,316,46746,3201,0,42707,838,46746,11845750,0,-9629555,-2216195,0,25399330,0,170806040,1336805,197542175,13553580,0,180435595,3553000,197542175
2023-02-09,4250,4250,4195,4245,24266,0.7117437722419928,1929,1000,-3178,249,0,5972,1000,17044,250,24266,4043,0,20222,1,24266,8128740,4205000,-13379710,1045970,0,25154730,4205000,71846785,1050190,102256705,17025990,0,85226495,4220,102256705
2023-02-10,4245,4245,4180,4215,36632,-0.7067137809187279,3291,0,-3378,87,0,9404,0,27008,220,36632,6113,0,30386,133,36632,13824535,0,-14190155,365620,0,39584620,0,113896890,926125,154407635,25760085,0,128087045,560505,154407635
2023-02-13,4255,4255,4180,4220,23017,0.11862396204033215,-6619,0,6155,464,0,2986,0,19552,479,23017,9605,0,13397,15,23017,-27801355,0,25853225,1948130,0,12552060,0,82055165,2011705,96618930,40353415,0,56201940,63575,96618930
2023-02-14,4235,4250,4185,4200,24099,-0.47393364928909953,-4327,0,5369,-1042,0,5799,0,18085,215,24099,10126,0,12716,1257,24099,-18057570,0,22423805,-4366235,0,24422655,0,75888375,904910,101215940,42480225,0,53464570,5271145,101215940
2023-02-15,4215,4215,4135,4180,56429,-0.4761904761904762,-2300,-8000,9046,1254,0,9464,0,45705,1260,56429,11764,8000,36659,6,56429,-9534400,-33200000,37520580,5213820,0,39326210,0,189811055,5238850,234376115,48860610,33200000,152290475,25030,234376115
2023-02-16,4220,4220,4125,4170,24893,-0.23923444976076555,-7383,0,7187,196,0,1550,0,22894,449,24893,8933,0,15707,253,24893,-30589190,0,29765085,824105,0,6489760,0,95058295,1872720,103420775,37078950,0,65293210,1048615,103420775
2023-02-17,4170,4170,4135,4170,9525,0.0,-1222,1000,407,-185,0,2930,1000,5594,1,9525,4152,0,5187,186,9525,-5035830,4165000,1636875,-766045,0,12166020,4165000,23201755,4140,39536915,17201850,0,21564880,770185,39536915
2023-02-20,4180,4180,4125,4150,11013,-0.4796163069544364,842,0,-842,0,0,2020,0,8993,0,11013,1178,0,9835,0,11013,3462745,0,-3462745,0,0,8350555,0,37190125,0,45540680,4887810,0,40652870,0,45540680
2023-02-21,4150,4155,4115,4155,23290,0.12048192771084339,2459,0,-2477,18,0,6658,0,16580,52,23290,4199,0,19057,34,23290,10197120,0,-10270510,73390,0,27522965,0,68368445,214245,96105655,17325845,0,78638955,140855,96105655
2023-02-22,4135,4150,4085,4145,49065,-0.24067388688327318,-13007,1420,11590,-3,0,2281,1420,45349,15,49065,15288,0,33759,18,49065,-53742980,5822000,47933265,-12285,0,9388320,5822000,186741655,61515,202013490,63131300,0,138808390,73800,202013490
2023-02-23,4140,4140,4095,4110,25390,-0.8443908323281062,2806,146,-2917,-35,0,4403,146,20832,9,25390,1597,0,23749,44,25390,11523065,599330,-11978405,-143990,0,18078510,599330,85425605,36945,104140390,6555445,0,97404010,180935,104140390
2023-02-24,4150,4150,4090,4125,30581,0.36496350364963503,4754,0,-7339,2585,0,15190,0,12804,2587,30581,10436,0,20143,2,30581,19650410,0,-30238150,10587740,0,62550035,0,52519255,10595940,125665230,42899625,0,82757405,8200,125665230
2023-02-27,4135,4170,4090,4135,36713,0.24242424242424243,-11010,0,10057,953,0,8418,0,27242,1053,36713,19428,0,17185,100,36713,-44965395,0,41028255,3937140,0,34792805,0,111680690,4351285,150824780,79758200,0,70652435,414145,150824780
2023-02-28,4130,4160,4110,4135,30870,0.0,-1605,0,2241,-636,0,9896,0,20974,0,30870,11501,0,18733,636,30870,-6542580,0,9171300,-2628720,0,40984255,0,86498415,0,127482670,47526835,0,77327115,2628720,127482670
2023-03-02,4185,4185,4090,4120,75207,-0.36275695284159615,1844,-25000,23790,-634,0,11485,0,63692,30,75207,9641,25000,39902,664,75207,7624895,-102287200,97285285,-2622980,0,47311855,0,261257020,122850,308691725,39686960,102287200,163971735,2745830,308691725
2023-03-03,4125,4150,4090,4145,34878,0.6067961165048543,-9421,4922,3886,613,0,5505,4922,23837,614,34878,14926,0,19951,1,34878,-38586910,20172875,15887935,2526100,0,22652035,20172875,97869995,2530210,143225115,61238945,0,81982060,4110,143225115
2023-03-06,4150,4150,4105,4110,72820,-0.8443908323281062,-5582,0,420,5162,0,15194,0,52134,5492,72820,20776,0,51714,330,72820,-23197210,0,1877705,21319505,0,62692200,0,215205280,22687165,300584645,85889410,0,213327575,1367660,300584645
2023-03-07,4150,4150,4090,4100,88901,-0.24330900243309003,-8487,6050,-2896,5333,0,16410,6050,59753,6688,88901,24897,0,62649,1355,88901,-34565515,24810250,-12125795,21881060,0,67665090,24810250,245129195,27472985,365077520,102230605,0,257254990,5591925,365077520
2023-03-08,4135,4175,4085,4140,38861,0.975609756097561,-12795,7354,4461,980,0,5714,7354,24785,1008,38861,18509,0,20324,28,38861,-52298240,30139780,18139845,4018615,0,23570555,30139780,101540895,4133985,159385215,75868795,0,83401050,115370,159385215
2023-03-09,4140,4140,4100,4140,19490,0.0,-2550,0,-5412,7962,0,7938,0,2925,8627,19490,10488,0,8337,665,19490,-10440345,0,-22334880,32775225,0,32697050,0,12028945,35514410,80240405,43137395,0,34363825,2739185,80240405
2023-03-10,4195,4195,4080,4080,33350,-1.4492753623188406,7752,10000,-15008,-2744,0,8496,10000,13673,1181,33350,744,0,28681,3925,33350,31891070,40890000,-61440265,-11340805,0,34944525,40890000,55902335,4830055,136566915,3053455,0,117342600,16170860,136566915
2023-03-13,4135,4140,4050,4135,31459,1.3480392156862746,-6608,4126,2753,-271,0,3434,4126,23435,464,31459,10042,0,20682,735,31459,-26733730,16800905,11050145,-1117320,0,14107890,16800905,95509590,1898300,128316685,40841620,0,84459445,3015620,128316685
2023-03-14,4140,4140,4075,4075,37187,-1.4510278113663846,-520,17213,-6430,-10263,0,11560,17213,8244,170,37187,12080,0,14674,10433,37187,-2002390,70292365,-26372300,-41917675,0,47399180,70292365,33672730,695200,152059475,49401570,0,60045030,42612875,152059475
2023-03-15,4140,4145,4095,4125,11555,1.2269938650306749,7697,0,-6658,-1039,0,9192,0,2363,0,11555,1495,0,9021,1039,11555,31854345,0,-27569395,-4284950,0,38017580,0,9742130,0,47759710,6163235,0,37311525,4284950,47759710
2023-03-16,4090,4110,4070,4080,7696,-1.090909090909091,1890,933,-4082,1259,0,3601,933,1573,1589,7696,1711,0,5655,330,7696,7756150,3806640,-16728250,5165460,0,14768760,3806640,6431600,6518140,31525140,7012610,0,23159850,1352680,31525140
2023-03-17,4075,4135,4075,4100,13575,0.49019607843137253,3732,252,-4383,399,0,5632,252,3402,4289,13575,1900,0,7785,3890,13575,15338415,1029420,-17998445,1630610,0,23126955,1029420,13930250,17569660,55656285,7788540,0,31928695,15939050,55656285
2023-03-20,4105,4115,4095,4095,5409,-0.12195121951219512,1789,0,-995,-794,0,2163,0,3236,10,5409,374,0,4231,804,5409,7337750,0,-4077575,-3260175,0,8871690,0,13279020,40950,22191660,1533940,0,17356595,3301125,22191660
2023-03-21,4100,4125,4090,4095,16981,0.0,7981,2667,-10023,-625,0,9542,2667,4772,0,16981,1561,0,14795,625,16981,32710585,10926365,-41068085,-2568865,0,39125590,10926365,19554280,0,69606235,6415005,0,60622365,2568865,69606235
2023-03-22,4120,4140,4085,4140,20937,1.098901098901099,11619,0,-12684,1065,0,13264,0,6471,1202,20937,1645,0,19155,137,20937,47720530,0,-52089540,4369010,0,54482565,0,26496745,4934820,85914130,6762035,0,78586285,565810,85914130
2023-03-23,4130,4180,4090,4150,17033,0.24154589371980675,414,410,-4428,3604,0,9306,410,2203,5114,17033,8892,0,6631,1510,17033,1828490,1678970,-18282075,14774615,0,38378220,1678970,9022400,21004285,70083875,36549730,0,27304475,6229670,70083875
2023-03-24,4135,4145,4095,4145,11333,-0.12048192771084339,2782,2,-183,-2601,0,5380,2,4562,1389,11333,2598,0,4745,3990,11333,11522965,8250,-808775,-10722440,0,22205135,8250,18779860,5757325,46750570,10682170,0,19588635,16479765,46750570
2023-03-27,4120,4135,4085,4085,18382,-1.4475271411338964,3950,2,-1254,-2698,0,8316,2,9211,853,18382,4366,0,10465,3551,18382,16253150,8210,-5152315,-11109045,0,34181605,8210,37751545,3497300,75438660,17928455,0,42903860,14606345,75438660
2023-03-28,4105,4105,4050,4100,46808,0.36719706242350064,-3765,8495,-3139,-1591,0,6628,8495,29611,2074,46808,10393,0,32750,3665,46808,-15287730,34594650,-12817820,-6489100,0,27005905,34594650,120515220,8430810,190546585,42293635,0,133333040,14919910,190546585
2023-03-29,4100,4100,4050,4095,28085,-0.12195121951219512,-6548,10345,-1376,-2421,0,5033,10345,12707,0,28085,11581,0,14083,2421,28085,-26582635,42089225,-5621585,-9885005,0,20571785,42089225,51660570,0,114321580,47154420,0,57282155,9885005,114321580
2023-03-30,4095,4095,4080,4085,23672,-0.2442002442002442,-5143,0,5142,1,0,1857,0,21768,47,23672,7000,0,16626,46,23672,-20981085,0,20976990,4095,0,7585295,0,88831715,191885,96608895,28566380,0,67854725,187790,96608895
2023-03-31,4095,4145,4090,4130,17195,1.101591187270502,-353,0,-1937,2290,0,11113,0,3780,2302,17195,11466,0,5717,12,17195,-1304110,0,-8079225,9383335,0,45725100,0,15477790,9432545,70635435,47029210,0,23557015,49210,70635435
2023-04-03,4130,4145,4085,4090,12549,-0.9685230024213075,-5627,3,4979,645,0,2947,3,8590,1009,12549,8574,0,3611,364,12549,-23017985,12285,20371805,2633895,0,12072330,12285,35156095,4126810,51367520,35090315,0,14784290,1492915,51367520
2023-04-04,4095,4135,4085,4100,19613,0.24449877750611246,-7595,0,7079,516,0,7557,0,11440,616,19613,15152,0,4361,100,19613,-31052245,0,28937070,2115175,0,30941450,0,46797280,2525990,80264720,61993695,0,17860210,410815,80264720
2023-04-05,4120,4120,4070,4075,56435,-0.6097560975609756,4092,0,-3927,-165,0,16739,0,38627,1069,56435,12647,0,42554,1234,56435,16792225,0,-16134815,-657410,0,68593280,0,157796905,4376865,230767050,51801055,0,173931720,5034275,230767050
2023-04-06,4085,4100,4035,4065,59344,-0.245398773006135,-5011,3921,3021,-1931,0,16301,3921,39069,53,59344,21312,0,36048,1984,59344,-20289130,15872655,12251625,-7835150,0,66109635,15872655,158160885,214550,240357725,86398765,0,145909260,8049700,240357725
2023-04-07,4140,4140,4020,4030,41022,-0.8610086100861009,-6595,750,6617,-772,0,8900,750,31293,79,41022,15495,0,24676,851,41022,-26675790,3033750,26759220,-3117180,0,35943480,3033750,126306175,319790,165603195,62619270,0,99546955,3436970,165603195
2023-04-10,4095,4095,3995,4020,75725,-0.24813895781637718,-17424,1993,15447,-16,0,11599,2000,60304,1822,75725,29023,7,44857,1838,75725,-69752980,8016930,61809500,-73450,0,46623360,8045000,241733055,7315550,303716965,116376340,28070,179923555,7389000,303716965
2023-04-11,4020,4080,3990,4075,48228,1.3681592039800996,-19131,4000,7511,7620,0,10894,4000,25629,7705,48228,30025,0,18118,85,48228,-76606325,16080000,29694390,30831935,0,43935135,16080000,102658675,31171600,193845410,120541460,0,72964285,339665,193845410
2023-04-12,4065,4080,4035,4060,27811,-0.36809815950920244,1715,0,-1798,83,0,6833,0,20873,105,27811,5118,0,22671,22,27811,7009180,0,-7344925,335745,0,27768945,0,84846260,425065,113040270,20759765,0,92191185,89320,113040270
2023-04-13,4060,4095,4020,4095,202090,0.8620689655172413,-27993,-129387,124178,33202,0,8585,5613,154639,33253,202090,36578,135000,30461,51,202090,-113192250,-520322845,498875660,134639435,0,34813855,22636520,622691445,134845785,814987605,148006105,542959365,123815785,206350,814987605
2023-04-14,4065,4100,4035,4050,85599,-1.098901098901099,-27480,0,27323,157,0,7053,0,78231,315,85599,34533,0,50908,158,85599,-111272770,0,110638165,634605,0,28708220,0,316855465,1276985,346840670,139980990,0,206217300,642380,346840670
2023-04-17,4080,4110,4030,4085,58133,0.8641975308641975,-16622,-4000,19382,1240,0,15561,0,41147,1425,58133,32183,4000,21765,185,58133,-66876305,-16250005,78085450,5040860,0,63345430,0,166561990,5794460,235701880,130221735,16250005,88476540,753600,235701880
2023-04-18,4085,4095,4035,4090,34322,0.12239902080783352,-18175,1783,16062,330,0,8906,1783,22580,1053,34322,27081,0,6518,723,34322,-73128665,7212235,64594220,1322210,0,36330945,7212235,91220525,4271970,139035675,109459610,0,26626305,2949760,139035675
2023-04-19,4090,4100,4040,4100,37736,0.24449877750611246,-7306,-2400,10452,-746,0,13741,100,22449,1446,37736,21047,2500,11997,2192,37736,-29254405,-9732500,42065545,-3078640,0,56063775,410000,91137130,5852560,153463465,85318180,10142500,49071585,8931200,153463465
2023-04-20,4095,4095,4030,4060,60379,-0.975609756097561,-34247,-2498,28839,7906,0,17708,2,33908,8761,60379,51955,2500,5069,855,60379,-138179250,-10196840,116340055,32036035,0,72042520,8160,137027470,35501605,244579755,210221770,10205000,20687415,3465570,244579755
2023-04-21,4055,4085,4005,4060,174781,0.0,-28558,-110500,125145,13913,0,13627,9500,137291,14363,174781,42185,120000,12146,450,174781,-114917690,-443271055,502099120,56089625,0,55130720,38297500,551293620,57892645,702614485,170048410,481568555,49194500,1803020,702614485
2023-04-24,4060,4095,4005,4055,81766,-0.12315270935960591,-61554,6989,43410,11155,0,10493,6989,52348,11936,81766,72047,0,8938,781,81766,-247113230,28065890,174179530,44867810,0,42499295,28065890,210475770,48010750,329051705,289612525,0,36296240,3142940,329051705
2023-04-25,4065,4075,4010,4055,67048,0.0,-52598,8888,37888,5822,0,6443,8888,45068,6649,67048,59041,0,7180,827,67048,-211348350,35709760,152237080,23401510,0,26088665,35709760,181284170,26748990,269831585,237437015,0,29047090,3347480,269831585
2023-04-26,4060,4060,4015,4060,7876,0.12330456226880394,-2957,1418,1489,50,0,366,2315,5024,171,7876,3323,897,3535,121,7876,-11894930,5691285,6002730,200915,0,1479870,9294725,20214460,689665,31678720,13374800,3603440,14211730,488750,31678720
2023-04-27,4060,4065,4020,4040,13306,-0.49261083743842365,8085,826,-6930,-1981,0,8889,826,3197,394,13306,804,0,10127,2375,13306,32721975,3320520,-28035970,-8006525,0,35977090,3320520,12914610,1601610,53813830,3255115,0,40950580,9608135,53813830
2023-04-28,4030,4050,4030,4030,13279,-0.24752475247524752,122,4000,-4199,77,0,455,4000,8724,100,13279,333,0,12923,23,13279,486000,16140000,-16936515,310515,0,1834600,16140000,35192935,403500,53571035,1348600,0,52129450,92985,53571035
2023-05-02,4040,4075,4025,4075,70541,1.1166253101736971,5530,0,-5705,175,0,8846,0,60963,732,70541,3316,0,66668,557,70541,22326195,0,-23032195,706000,0,35730675,0,246046205,2959530,284736410,13404480,0,269078400,2253530,284736410
2023-05-03,4075,4075,4035,4070,10409,-0.1226993865030675,4785,0,-4482,-303,0,8552,0,1194,663,10409,3767,0,5676,966,10409,19449805,0,-18206695,-1243110,0,34746825,0,4849175,2679270,42275270,15297020,0,23055870,3922380,42275270
2023-05-04,4060,4085,4040,4080,44244,0.2457002457002457,1910,0,-8995,7085,0,10451,0,25456,8337,44244,8541,0,34451,1252,44244,7869455,0,-36543265,28673810,0,42518815,0,103164365,33760860,179444040,34649360,0,139707630,5087050,179444040
2023-05-08,4085,4085,4020,4040,33109,-0.9803921568627451,12601,0,-9982,-2619,0,24075,0,4907,4127,33109,11474,0,14889,6746,33109,51273945,0,-40539200,-10734745,0,97715190,0,19798810,16690500,134204500,46441245,0,60338010,27425245,134204500
2023-05-09,4045,4085,4040,4085,19968,1.1138613861386137,14350,1800,-11562,-4588,0,17081,1800,984,103,19968,2731,0,12546,4691,19968,58446045,7299000,-47059930,-18685115,0,69567530,7299000,3987360,418180,81272070,11121485,0,51047290,19103295,81272070
2023-05-10,4095,4095,4060,4060,34517,-0.6119951040391677,5635,0,-9844,4209,0,24500,0,5719,4298,34517,18865,0,15563,89,34517,23048580,0,-40191650,17143070,0,100054765,0,23353015,17506290,140914070,77006185,0,63544665,363220,140914070
2023-05-11,4095,4120,4070,4120,24904,1.477832512315271,6024,0,-6336,312,0,13619,0,9997,1288,24904,7595,0,16333,976,24904,24704160,0,-25987905,1283745,0,55734610,0,40856415,5275765,101866790,31030450,0,66844320,3992020,101866790
2023-05-12,4125,4175,4080,4175,47523,1.3349514563106795,10254,0,-18141,7887,0,29224,0,8433,9866,47523,18970,0,26574,1979,47523,42605935,0,-75347065,32741130,0,121262105,0,34876080,40937395,197075580,78656170,0,110223145,8196265,197075580
2023-05-15,4170,4175,4110,4155,42475,-0.47904191616766467,8105,0,-12417,4312,0,23679,0,4911,13885,42475,15574,0,17328,9573,42475,33783595,0,-51367740,17584145,0,98281910,0,20368260,57355885,176006055,64498315,0,71736000,39771740,176006055
2023-05-16,4190,4200,4155,4195,67820,0.9626955475330927,33861,-5424,-22167,-6270,0,48947,3000,13185,2688,67820,15086,8424,35352,8958,67820,141708605,-22678245,-92779800,-26250560,0,204797020,12585000,55122805,11211820,283716645,63088415,35263245,147902605,37462380,283716645
2023-05-17,4195,4215,4190,4210,33248,0.3575685339690107,21018,-18,-21038,38,0,23636,5000,3401,1211,33248,2618,5018,24439,1173,33248,88432330,-56190,-88537600,161460,0,99450580,21050000,14299425,5097635,139897640,11018250,21106190,102837025,4936175,139897640
2023-05-18,4220,4240,4190,4220,28481,0.23752969121140144,11410,0,-11768,358,0,16081,0,11799,601,28481,4671,0,23567,243,28481,48340550,0,-49846985,1506435,0,68053920,0,49877490,2532835,120464245,19713370,0,99724475,1026400,120464245
2023-05-19,4225,4245,4225,4230,29663,0.23696682464454977,11788,-1000,-9008,-1780,0,15976,0,13687,0,29663,4188,1000,22695,1780,29663,49867530,-4235000,-38103680,-7528850,0,67574060,0,57858290,0,125432350,17706530,4235000,95961970,7528850,125432350
2023-05-22,4225,4345,4225,4260,42500,0.7092198581560284,7677,-179,-12218,4720,0,22288,0,11989,8223,42500,14611,179,24207,3503,42500,32749650,-762540,-51926820,19939710,0,94866170,0,50892060,34967420,180725650,62116520,762540,102818880,15027710,180725650
2023-05-23,4300,4340,4240,4275,34928,0.35211267605633806,5324,-3821,-7237,5734,0,14294,0,7197,13437,34928,8970,3821,14434,7703,34928,22885340,-16371180,-30946880,24432720,0,61172350,0,30776530,57383585,149332465,38287010,16371180,61723410,32950865,149332465
2023-05-24,4270,4340,4200,4260,48294,-0.3508771929824561,14272,915,-16258,1071,0,23292,1000,14846,9156,48294,9020,85,31104,8085,48294,61315955,3924925,-69433580,4192700,0,99635305,4290000,63163560,38830200,205919065,38319350,365075,132597140,34637500,205919065
2023-05-25,4235,4310,4235,4270,47708,0.2347417840375587,18761,0,-10737,-8024,0,37474,0,5216,5018,47708,18713,0,15953,13042,47708,80186895,0,-45901245,-34285650,0,159992935,0,22235025,21399080,203627040,79806040,0,68136270,55684730,203627040
2023-05-26,4300,4325,4225,4280,21526,0.234192037470726,8357,0,-6967,-1390,0,15441,0,3641,2444,21526,7084,0,10608,3834,21526,35770190,0,-29706150,-6064040,0,65939965,0,15498605,10348425,91786995,30169775,0,45204755,16412465,91786995
2023-05-30,4280,4305,4255,4300,15737,0.46728971962616817,9918,1000,-8727,-2191,0,12150,1000,2587,0,15737,2232,0,11314,2191,15737,42461125,4280000,-37372380,-9368745,0,52011365,4280000,11054885,0,67346250,9550240,0,48427265,9368745,67346250
2023-05-31,4300,4365,4270,4320,30500,0.46511627906976744,12115,4518,-11935,-4698,0,18832,4518,6999,151,30500,6717,0,18934,4849,30500,52239270,19457760,-51384795,-20312235,0,81264015,19457760,30334290,656605,131712670,29024745,0,81719085,20968840,131712670
2023-06-01,4345,4350,4285,4345,47878,0.5787037037037037,18555,10000,-35286,6731,0,24256,10000,5521,8101,47878,5701,0,40807,1370,47878,80433515,43250000,-152890870,29207355,0,105104410,43250000,23872770,35134540,207361720,24670895,0,176763640,5927185,207361720
2023-06-02,4345,4345,4320,4330,12706,-0.34522439585730724,9787,0,-7507,-2280,0,11156,0,1550,0,12706,1369,0,9057,2280,12706,42378610,0,-32507540,-9871070,0,48310225,0,6709060,0,55019285,5931615,0,39216600,9871070,55019285
2023-06-05,4275,4360,4260,4340,23799,0.23094688221709006,9587,0,-4087,-5500,0,18391,0,3203,2205,23799,8804,0,7290,7705,23799,41810820,0,-17785400,-24025420,0,79779835,0,13822210,9412985,103015030,37969015,0,31607610,33438405,103015030
2023-06-07,4345,4345,4320,4330,7372,-0.2304147465437788,6279,0,-3950,-2329,0,6337,0,1035,0,7372,58,0,4985,2329,7372,27193615,0,-17102185,-10091430,0,27445045,0,4481480,0,31926525,251430,0,21583665,10091430,31926525
2023-06-08,4305,4320,4280,4300,10600,-0.6928406466512702,389,0,1314,-1703,0,6205,0,4393,2,10600,5816,0,3079,1705,10600,1661575,0,5678175,-7339750,0,26692345,0,18879800,8620,45580765,25030770,0,13201625,7348370,45580765
2023-06-09,4295,4365,4290,4335,33995,0.813953488372093,18097,3070,-17722,-3445,0,26381,3070,4163,381,33995,8284,0,21885,3826,33995,78548225,13339150,-76970715,-14916660,0,114368545,13339150,17952620,1645980,147306295,35820320,0,94923335,16562640,147306295
2023-06-12,4350,4440,4310,4380,26173,1.0380622837370241,16600,0,-17601,1001,0,20439,0,2112,3622,26173,3839,0,19713,2621,26173,72701035,0,-77169370,4468335,0,89524495,0,9259005,15945115,114728615,16823460,0,86428375,11476780,114728615
2023-06-13,4435,4480,4395,4435,52718,1.2557077625570776,26597,0,-27313,716,0,37313,0,7926,7479,52718,10716,0,35239,6763,52718,117928170,0,-121063810,3135640,0,165462400,0,35182775,33152425,233797600,47534230,0,156246585,30016785,233797600
2023-06-14,4435,4480,4330,4425,45039,-0.2254791431792559,16816,0,-22170,5354,0,30634,0,3076,11329,45039,13818,0,25246,5975,45039,75285310,0,-98318545,23033235,0,135752345,0,13506050,49533485,198791880,60467035,0,111824595,26500250,198791880
2023-06-15,4350,4445,4250,4250,55895,-3.954802259887006,-19093,7768,6154,5171,0,13377,7768,22202,12548,55895,32470,0,16048,7377,55895,-80570370,33064125,25970205,21536040,0,58333655,33064125,94768630,53547220,239713630,138904025,0,68798425,32011180,239713630
2023-06-16,4250,4285,4180,4215,51797,-0.823529411764706,-4056,7910,14675,-18529,0,11757,7910,28031,4099,51797,15813,0,13356,22628,51797,-16864435,33196975,61870730,-78203270,0,49651535,33196975,117910205,17240545,217999260,66515970,0,56039475,95443815,217999260
2023-06-19,4250,4250,4165,4235,39760,0.4744958481613286,-8874,7217,3375,-1718,0,13251,7217,12984,6308,39760,22125,0,9609,8026,39760,-36881700,30169890,13896245,-7184435,0,55874760,30169890,54308755,26501660,166855065,92756460,0,40412510,33686095,166855065
2023-06-20,4230,4300,4165,4295,51323,1.4167650531286895,13561,0,-16562,3001,0,35621,0,3317,12385,51323,22060,0,19879,9384,51323,58462710,0,-70951335,12488625,0,152123010,0,13982405,52457090,218562505,93660300,0,84933740,39968465,218562505
2023-06-21,4295,4330,4270,4295,23544,0.0,11397,0,-5226,-6171,0,19227,0,2225,2092,23544,7830,0,7451,8263,23544,49018335,0,-22492360,-26525975,0,82565735,0,9532930,8939130,101037795,33547400,0,32025290,35465105,101037795
2023-06-22,4260,4295,4240,4260,16890,-0.8149010477299184,3900,2,-4093,191,0,5973,2,10575,340,16890,2073,0,14668,149,16890,16663480,8505,-17483340,811355,0,25468165,8505,44901430,1445000,71823100,8804685,0,62384770,633645,71823100
2023-06-23,4280,4295,4165,4215,32358,-1.056338028169014,-9727,2,7669,2056,0,8829,2,18126,5401,32358,18556,0,10457,3345,32358,-40579180,8470,32158795,8411915,0,37416530,8470,76216750,22674165,136315915,77995710,0,44057955,14262250,136315915
2023-06-26,4215,4295,4205,4290,27768,1.7793594306049825,9022,0,-9414,392,0,20002,0,5160,2606,27768,10980,0,14574,2214,27768,38165980,0,-39800940,1634960,0,84682165,0,21793130,11030655,117505950,46516185,0,61594070,9395695,117505950
2023-06-27,4235,4310,4235,4280,32698,-0.2331002331002331,15419,2,-15176,-245,0,18817,2,10145,3734,32698,3398,0,25321,3979,32698,65942170,8535,-64852820,-1097885,0,80417220,8535,43416700,15954760,139797215,14475050,0,108269520,17052645,139797215
2023-06-28,4300,4300,4235,4240,27036,-0.9345794392523363,-7321,2,11456,-4137,0,8277,2,18143,614,27036,15598,0,6687,4751,27036,-31063950,8495,48789160,-17733705,0,35209730,8495,77191780,2608075,115018080,66273680,0,28402620,20341780,115018080
2023-06-29,4280,4280,4170,4175,32545,-1.5330188679245282,-5522,3,1033,4486,0,9147,3,13851,9544,32545,14669,0,12818,5058,32545,-23139875,12600,4208515,18918760,0,38563255,12600,58187975,40298265,137062095,61703130,0,53979460,21379505,137062095
2023-06-30,4175,4230,4175,4185,8730,0.23952095808383234,-2258,-173,1280,1151,0,2232,0,4639,1859,8730,4490,173,3359,708,8730,-9433540,-724005,5356530,4801015,0,9350075,0,19429760,7778155,36557990,18783615,724005,14073230,2977140,36557990
2023-07-03,4185,4240,4185,4210,12604,0.5973715651135006,3221,0,-1665,-1556,0,8484,0,3180,940,12604,5263,0,4845,2496,12604,13589630,0,-7002070,-6587560,0,35662065,0,13349705,3939430,52951200,22072435,0,20351775,10526990,52951200
2023-07-04,4210,4270,4195,4230,33320,0.4750593824228029,2351,0,-655,-1696,0,16426,0,11966,4928,33320,14075,0,12621,6624,33320,10044410,0,-2724465,-7319945,0,69341080,0,50510020,20769830,140620930,59296670,0,53234485,28089775,140620930
2023-07-05,4260,4325,4210,4225,23580,-0.1182033096926714,3146,0,-7583,4437,0,11453,0,3015,9112,23580,8307,0,10598,4675,23580,13623030,0,-32203175,18580145,0,48668535,0,12735460,38427770,99831765,35045505,0,44938635,19847625,99831765
2023-07-06,4225,4235,4175,4175,20987,-1.183431952662722,2205,0,-3855,1650,0,8510,0,10116,2361,20987,6305,0,13971,711,20987,9232870,0,-16154400,6921530,0,35663625,0,42414710,9899475,87977810,26430755,0,58569110,2977945,87977810
2023-07-07,4175,4190,4130,4130,21416,-1.0778443113772456,-2680,362,4094,-1776,0,4648,362,14430,1976,21416,7328,0,10336,3752,21416,-11077095,1498680,17000320,-7421905,0,19300465,1498680,59875180,8192240,88866565,30377560,0,42874860,15614145,88866565
2023-07-10,4130,4375,4095,4095,63485,-0.847457627118644,-24331,0,20878,3453,0,1346,0,56984,5155,63485,25677,0,36106,1702,63485,-100212515,0,86088500,14124015,0,5542550,0,235002975,21238375,261783900,105755065,0,148914475,7114360,261783900
2023-07-11,4100,4150,4085,4090,31084,-0.1221001221001221,-462,0,1031,-569,0,5019,0,24049,2016,31084,5481,0,23018,2585,31084,-1828750,0,4220465,-2391715,0,20601705,0,98510035,8247245,127358985,22430455,0,94289570,10638960,127358985
2023-07-12,4090,4140,4085,4135,14679,1.1002444987775062,347,-5000,6000,-1347,0,2620,0,10682,1377,14679,2273,5000,4682,2724,14679,1430125,-20472500,24578070,-5535695,0,10774555,0,43844480,5646325,60265360,9344430,20472500,19266410,11182020,60265360
2023-07-13,4150,4300,4135,4215,46477,1.9347037484885126,25680,0,-15173,-10507,0,31463,0,9729,5285,46477,5783,0,24902,15792,46477,108892575,0,-64127625,-44764950,0,133261920,0,40907320,22236685,196405925,24369345,0,105034945,67001635,196405925
2023-07-14,4190,4300,4190,4255,54666,0.9489916963226572,-11402,0,10990,412,0,15365,0,33172,6129,54666,26767,0,22182,5717,54666,-47715520,0,45986625,1728895,0,64927200,0,139562665,25882885,230372750,112642720,0,93576040,24153990,230372750
2023-07-17,4245,4245,4190,4240,18316,-0.35252643948296125,-3585,0,3133,452,0,8010,0,6200,4106,18316,11595,0,3067,3654,18316,-14927380,0,13138495,1788885,0,33770440,0,26051010,17213260,77034710,48697820,0,12912515,15424375,77034710
2023-07-18,4220,4250,4145,4190,30260,-1.179245283018868,-15139,2,14856,281,0,5909,2,20311,4038,30260,21048,0,5455,3757,30260,-63255500,8385,62045245,1201870,0,24819820,8385,84898465,16962910,126689580,88075320,0,22853220,15761040,126689580
2023-07-19,4190,4190,4145,4170,36852,-0.47732696897374705,1978,1,1336,-3315,0,8500,1,28351,0,36852,6522,0,27015,3315,36852,8181685,4150,5635265,-13821100,0,35408360,4150,118382005,0,153794515,27226675,0,112746740,13821100,153794515
2023-07-20,4195,4195,4145,4160,10278,-0.2398081534772182,-51,1,27,23,0,7809,1,2445,23,10278,7860,0,2418,0,10278,-220665,4150,121030,95485,0,32435120,4150,10157515,95485,42692270,32655785,0,10036485,0,42692270
2023-07-21,4160,4400,4140,4170,21887,0.2403846153846154,5929,0,-5451,-478,0,13960,0,6739,1188,21887,8031,0,12190,1666,21887,25079930,0,-22954755,-2125175,0,58724860,0,28382270,4942080,92049210,33644930,0,51337025,7067255,92049210
2023-07-24,4155,4160,4110,4115,31669,-1.3189448441247003,-777,1000,-2225,2002,0,6209,3000,17009,5451,31669,6986,2000,19234,3449,31669,-3211180,4124825,-9186300,8272655,0,25620605,12420000,70078615,22496185,130615405,28831785,8295175,79264915,14223530,130615405
2023-07-25,4115,4150,4100,4110,29143,-0.12150668286755771,1112,10998,-11496,-614,0,8145,11000,8778,1220,29143,7033,2,20274,1834,29143,4571360,45194650,-47236565,-2529445,0,33469525,45202900,36056695,5011440,119740560,28898165,8250,83293260,7540885,119740560
2023-07-26,4190,4190,4030,4075,58659,-0.851581508515815,4065,10000,-13640,-425,0,10917,10000,32423,5319,58659,6852,0,46063,5744,58659,16606155,40691680,-55599810,-1698025,0,44527170,40691680,131935010,21710465,238864325,27921015,0,187534820,23408490,238864325
2023-07-27,4050,4080,3875,4030,74565,-1.1042944785276074,-41023,5035,35313,675,0,6295,5035,60695,2540,74565,47318,0,25382,1865,74565,-165214065,20240350,142266540,2707175,0,25521075,20240350,245193690,10288120,301243235,190735140,0,102927150,7580945,301243235
2023-07-28,4035,4100,4035,4050,83941,0.49627791563275436,-3168,10301,-8331,1198,0,8799,10301,60165,4676,83941,11967,0,68496,3478,83941,-12784815,41782060,-33838990,4841745,0,35665920,41782060,244416985,18914410,340779375,48450735,0,278255975,14072665,340779375
2023-07-31,4100,4100,4035,4060,24273,0.24691358024691357,3617,4000,-4656,-2961,0,8165,5000,11102,6,24273,4548,1000,15758,2967,24273,14655790,16240270,-18888490,-12007570,0,33072955,20285690,44958420,24330,98341395,18417165,4045420,63846910,12031900,98341395
2023-08-01,4065,4070,4060,4070,24137,0.24630541871921183,-1552,0,-8923,10475,0,7848,0,5814,10475,24137,9400,0,14737,0,24137,-6302945,0,-36280405,42583350,0,31907555,0,23637530,42583350,98128435,38210500,0,59917935,0,98128435
2023-08-02,4075,4115,4060,4080,28255,0.2457002457002457,3068,0,-4874,1806,0,11701,0,14330,2224,28255,8633,0,19204,418,28255,12598300,0,-19943475,7345175,0,47727605,0,58341030,9046435,115115070,35129305,0,78284505,1701260,115115070
2023-08-03,4085,4150,4050,4060,36957,-0.49019607843137253,-273,0,-1332,1605,0,8768,0,25167,3022,36957,9041,0,26499,1417,36957,-996235,0,-5492330,6488565,0,35665180,0,102018475,12250560,149934215,36661415,0,107510805,5761995,149934215
2023-08-04,4085,4085,4045,4085,20673,0.6157635467980296,601,0,1307,-1908,0,7381,0,13207,85,20673,6780,0,11900,1993,20673,2442490,0,5310625,-7753115,0,30025620,0,53850130,344385,84220135,27583130,0,48539505,8097500,84220135
2023-08-07,4085,4085,4060,4080,11964,-0.12239902080783352,9555,0,-9554,-1,0,10627,0,1337,0,11964,1072,0,10891,1,11964,38933140,0,-38929060,-4080,0,43298885,0,5439135,0,48738020,4365745,0,44368195,4080,48738020
2023-08-08,4055,4100,4050,4085,16581,0.12254901960784313,2619,0,-1805,-814,0,8016,0,7964,601,16581,5397,0,9769,1415,16581,10741185,0,-7407515,-3333670,0,32739430,0,32496780,2446035,67682245,21998245,0,39904295,5779705,67682245
2023-08-09,4055,4095,4000,4005,292693,-1.9583843329253363,-119531,144267,-31957,7221,0,18487,144267,116454,13485,292693,138018,0,148411,6264,292693,-479412200,580469965,-129955665,28897900,0,74551205,580469965,467306320,54102305,1176429795,553963405,0,597261985,25204405,1176429795
2023-08-10,4065,4080,4010,4030,38568,0.6242197253433208,6472,9000,-11869,-3603,0,18810,9000,10106,652,38568,12338,0,21975,4255,38568,26276210,36205240,-47960125,-14521325,0,75888890,36205240,40585990,2650345,155330465,49612680,0,88546115,17171670,155330465
2023-08-11,4070,4070,4030,4070,22207,0.9925558312655087,-2605,0,3155,-550,0,5310,0,16897,0,22207,7915,0,13742,550,22207,-10451745,0,12676620,-2224875,0,21521025,0,68239485,0,89760510,31972770,0,55562865,2224875,89760510
2023-08-14,4095,4095,4040,4080,9371,0.2457002457002457,1575,262,-1130,-707,0,2463,262,6586,60,9371,888,0,7716,767,9371,6426035,1061085,-4613635,-2873485,0,10025430,1061085,26737715,243010,38067240,3599395,0,31351350,3116495,38067240
2023-08-16,4090,4090,4005,4020,43795,-1.4705882352941175,2690,-998,-9411,7719,0,16174,2,18364,9255,43795,13484,1000,27775,1536,43795,10994665,-4026955,-38067530,31099820,0,65387765,8045,73868520,37326210,176590540,54393100,4035000,111936050,6226390,176590540
2023-08-17,4025,4030,3995,4020,32011,0.0,-3654,940,4879,-2165,0,6442,940,24456,173,32011,10096,0,19577,2338,32011,-14610835,3778800,19508805,-8676770,0,25844935,3778800,97929020,694030,128246785,40455770,0,78420215,9370800,128246785
2023-08-18,4025,4025,3985,4005,17137,-0.3731343283582089,-2936,520,2511,-95,0,2079,520,13764,774,17137,5015,0,11253,869,17137,-11739610,2077400,10043465,-381255,0,8305955,2077400,55072120,3092560,68548035,20045565,0,45028655,3473815,68548035
2023-08-21,4020,4025,3975,4025,21797,0.4993757802746567,-8490,0,5420,3070,0,1962,0,15934,3901,21797,10452,0,10514,831,21797,-33966225,0,21673410,12292815,0,7877830,0,63807185,15626260,87311275,41844055,0,42133775,3333445,87311275
2023-08-22,4025,4030,4000,4030,11371,0.12422360248447205,5098,0,-3657,-1441,0,7036,0,4223,112,11371,1938,0,7880,1553,11371,20515260,0,-14726685,-5788575,0,28281605,0,16905230,449375,45636210,7766345,0,31631915,6237950,45636210
2023-08-23,3980,4035,3980,4030,20963,0.0,3739,0,-4263,524,0,6912,0,12569,1482,20963,3173,0,16832,958,20963,15025870,0,-17102555,2076685,0,27721555,0,50228390,5926215,83876160,12695685,0,67330945,3849530,83876160
2023-08-24,4005,4045,3990,4020,15498,-0.24813895781637718,-57,0,-482,539,0,4853,0,9220,1425,15498,4910,0,9702,886,15498,-216975,0,-1942015,2158990,0,19500795,0,36880175,5705750,62086720,19717770,0,38822190,3546760,62086720
2023-08-25,4020,4020,3990,4015,17414,-0.12437810945273632,-2622,0,6543,-3921,0,3906,0,13508,0,17414,6528,0,6965,3921,17414,-10500665,0,26193965,-15693300,0,15653185,0,54077635,0,69730820,26153850,0,27883670,15693300,69730820
2023-08-28,4020,4095,4000,4090,40761,1.86799501867995,10809,1017,-12022,196,0,21533,1017,13171,5040,40761,10724,0,25193,4844,40761,43801625,4078170,-48552375,672580,0,87134120,4078170,52804465,20275020,164291775,43332495,0,101356840,19602440,164291775
2023-08-29,4090,4090,4065,4090,19803,0.0,4000,0,-3416,-584,0,6211,0,13466,126,19803,2211,0,16882,710,19803,16350510,0,-13975065,-2375445,0,25356755,0,54837495,513920,80708170,9006245,0,68812560,2889365,80708170
2023-08-30,4090,4090,4045,4080,23980,-0.24449877750611246,5586,0,-5786,200,0,11208,0,10219,2553,23980,5622,0,16005,2353,23980,22745180,0,-23534925,789745,0,45637220,0,41531660,10356365,97525245,22892040,0,65066585,9566620,97525245
2023-08-31,4080,4085,4045,4075,13203,-0.12254901960784313,4355,300,-3567,-1088,0,6475,300,6086,342,13203,2120,0,9653,1430,13203,17741605,1221000,-14531620,-4430985,0,26371630,1221000,24776440,1385100,53754170,8630025,0,39308060,5816085,53754170
2023-09-01,4090,4090,4050,4080,23048,0.1226993865030675,4641,0,2313,-6954,0,7923,0,14014,1111,23048,3282,0,11701,8065,23048,18913550,0,9298235,-28211785,0,32265480,0,56861555,4510660,93637695,13351930,0,47563320,32722445,93637695
2023-09-04,4035,4080,4035,4080,9375,0.0,2173,0,-1161,-1012,0,3231,0,6136,8,9375,1058,0,7297,1020,9375,8864130,0,-4740230,-4123900,0,13175370,0,24972695,32600,38180665,4311240,0,29712925,4156500,38180665
2023-09-05,4080,4080,4020,4070,23966,-0.24509803921568626,2887,0,-4027,1140,0,7483,0,14902,1581,23966,4596,0,18929,441,23966,11758125,0,-16355785,4597660,0,30355770,0,60352020,6391335,97099125,18597645,0,76707805,1793675,97099125
2023-09-06,4070,4085,4055,4065,35790,-0.12285012285012285,7031,0,-3831,-3200,0,8921,0,26827,42,35790,1890,0,30658,3242,35790,28580730,0,-15600970,-12979760,0,36248310,0,108953420,170725,145372455,7667580,0,124554390,13150485,145372455
2023-09-07,4055,4060,4040,4055,16674,-0.24600246002460024,4796,500,-5355,59,0,4819,500,11296,59,16674,23,0,16651,0,16674,19436165,2027500,-21702645,238980,0,19529315,2027500,45675845,238980,67471640,93150,0,67378490,0,67471640
2023-09-08,4055,4125,4040,4080,13435,0.6165228113440198,6947,0,-4774,-2173,0,9153,0,4199,83,13435,2206,0,8973,2256,13435,28416155,0,-19521240,-8894915,0,37359795,0,17028000,338185,54725980,8943640,0,36549240,9233100,54725980
2023-09-11,4035,4090,4010,4040,44303,-0.9803921568627451,8738,1475,-3758,-6455,0,15760,1475,24468,2600,44303,7022,0,28226,9055,44303,35669005,5956625,-15341345,-26284285,0,64146865,5956625,98829220,10539415,179472125,28477860,0,114170565,36823700,179472125
2023-09-12,4050,4065,4050,4060,22679,0.49504950495049505,2567,0,637,-3204,0,5966,0,16688,25,22679,3399,0,16051,3229,22679,10430295,0,2569455,-12999750,0,24213110,0,67713635,101375,92028120,13782815,0,65144180,13101125,92028120
2023-09-13,4060,4095,4040,4040,41522,-0.49261083743842365,3778,0,6240,-10018,0,11403,0,28355,1764,41522,7625,0,22115,11782,41522,15486740,0,25107000,-40593740,0,46401385,0,114713985,7152000,168267370,30914645,0,89606985,47745740,168267370
2023-09-14,4030,4095,4025,4030,56126,-0.24752475247524752,4777,0,21705,-26482,0,8048,0,42598,5480,56126,3271,0,20893,31962,56126,19512085,0,87301800,-106813885,0,32712215,0,171955305,22126780,226794300,13200130,0,84653505,128940665,226794300
2023-09-15,4055,4055,3935,3935,488814,-2.357320099255583,-3042,15160,343421,-355539,0,6413,15160,357829,109412,488814,9455,0,14408,464951,488814,-12444325,60599225,1367830320,-1415985220,0,25579220,60599225,1425564915,430566055,1942309415,38023545,0,57734595,1846551275,1942309415
2023-09-18,3970,3980,3890,3890,207060,-1.1435832274459974,4813,1000,162357,-168170,0,7649,1000,193161,5250,207060,2836,0,30804,173420,207060,18878190,3910000,635703260,-658491450,0,30038610,3910000,756446650,20671180,811066440,11160420,0,120743390,679162630,811066440
2023-09-19,3960,3975,3925,3975,35755,2.185089974293059,3431,0,-2945,-486,0,4590,0,28370,2795,35755,1159,0,31315,3281,35755,13585660,0,-11614940,-1970720,0,18144070,0,112162775,11012540,141319385,4558410,0,123777715,12983260,141319385
2023-09-20,3975,3990,3930,3950,123226,-0.628930817610063,-4713,20000,-1888,-13399,0,14256,20000,85358,3612,123226,18969,0,87246,17011,123226,-18535140,79200000,-7666545,-52998315,0,56446020,79200000,336420475,14283145,486349640,74981160,0,344087020,67281460,486349640
2023-09-21,3940,3980,3935,3935,28649,-0.37974683544303794,10438,5000,-13287,-2151,0,12580,5000,9926,1143,28649,2142,0,23213,3294,28649,41295480,19675000,-52469690,-8500790,0,49755095,19675000,39195225,4519660,113144980,8459615,0,91664915,13020450,113144980
2023-09-22,3935,3960,3920,3960,33714,0.6353240152477764,-2728,0,4841,-2113,0,5597,0,26007,2110,33714,8325,0,21166,4223,33714,-10679865,0,18993990,-8314125,0,22044790,0,102166720,8294035,132505545,32724655,0,83172730,16608160,132505545
2023-09-25,3910,3975,3910,3960,22398,0.0,-154,0,3389,-3235,0,6715,0,14822,861,22398,6869,0,11433,4096,22398,-480030,0,13181135,-12701105,0,26478695,0,58115245,3386525,87980465,26958725,0,44934110,16087630,87980465
2023-09-26,3960,3960,3910,3955,21626,-0.12626262626262627,-2956,2,3428,-474,0,4920,2,15106,1598,21626,7876,0,11678,2072,21626,-11573575,7860,13432770,-1867055,0,19352720,7860,59308645,6269225,84938450,30926295,0,45875875,8136280,84938450
2023-09-27,3955,3960,3910,3955,50506,0.0,21864,0,-19503,-2361,0,38447,0,6574,5485,50506,16583,0,26077,7846,50506,86462540,0,-77103335,-9359205,0,151717730,0,25869090,21575315,199162135,65255190,0,102972425,30934520,199162135
2023-10-04,3915,3955,3890,3915,122268,-1.0113780025284451,8794,5000,-9321,-4473,0,25249,5000,78430,13589,122268,16455,0,87751,18062,122268,34763235,19575000,-36730880,-17607355,0,99206910,19575000,306365910,53214750,478362570,64443675,0,343096790,70822105,478362570
2023-10-05,3940,3940,3915,3940,22092,0.6385696040868455,2794,1000,-518,-3276,0,10437,1000,9619,1036,22092,7643,0,10137,4312,22092,11053815,3915000,-2089685,-12879130,0,41042840,3915000,37810345,4061905,86830090,29989025,0,39900030,16941035,86830090
2023-10-06,3940,3965,3895,3955,64441,0.3807106598984772,7490,753,16017,-24260,0,10591,753,50404,2693,64441,3101,0,34387,26953,64441,29593540,2974360,63296800,-95864700,0,41801300,2974360,199099270,10618515,254493445,12207760,0,135802470,106483215,254493445
2023-10-10,3955,3975,3945,3965,24765,0.2528445006321113,6049,0,-2791,-3258,0,10853,0,11251,2661,24765,4804,0,14042,5919,24765,24018025,0,-11097060,-12920965,0,43026865,0,44579630,10529250,98135745,19008840,0,55676690,23450215,98135745
2023-10-11,3965,3985,3905,3975,58017,0.25220680958385877,9470,4719,-14590,401,0,13545,5000,30726,8746,58017,4075,281,45316,8345,58017,37635210,18734430,-57953430,1583790,0,53807870,19850000,120525620,34757960,228941450,16172660,1115570,178479050,33174170,228941450
2023-10-12,3975,4000,3950,4000,23803,0.628930817610063,5436,183,-2623,-2996,0,10589,183,11526,1505,23803,5153,0,14149,4501,23803,21649590,724680,-10451935,-11922335,0,42076180,724680,45739765,5962550,94503175,20426590,0,56191700,17884885,94503175
2023-10-13,3935,4000,3935,3995,12195,-0.125,336,0,-1079,743,0,6090,0,4078,2027,12195,5754,0,5157,1284,12195,1445175,0,-4385290,2940115,0,24244595,0,16162910,8035610,48443115,22799420,0,20548200,5095495,48443115
2023-10-16,3970,3990,3970,3985,7710,-0.2503128911138924,3574,0,-2387,-1187,0,3620,0,4072,18,7710,46,0,6459,1205,7710,14247030,0,-9518645,-4728385,0,14430340,0,16214040,71730,30716110,183310,0,25732685,4800115,30716110
2023-10-17,3980,4010,3955,3985,29140,0.0,3774,0,-6924,3150,0,8922,0,14061,6157,29140,5148,0,20985,3007,29140,15092280,0,-27583130,12490850,0,35571665,0,55978820,24459845,116010330,20479385,0,83561950,11968995,116010330
2023-10-18,3970,4015,3970,4005,27046,0.5018820577164366,1240,0,-2392,1152,0,8315,0,14913,3818,27046,7075,0,17305,2666,27046,5022450,0,-9631010,4608560,0,33223990,0,59495325,15252500,107971815,28201540,0,69126335,10643940,107971815
2023-10-19,4005,4005,3985,3990,17535,-0.37453183520599254,8920,4817,-15147,1410,0,9003,4817,1738,1977,17535,83,0,16885,567,17535,35593100,19219830,-60442870,5629940,0,35924080,19219830,6933950,7894820,69972680,330980,0,67376820,2264880,69972680
2023-10-20,3985,3995,3930,3950,62627,-1.0025062656641603,7861,5000,-4919,-7942,0,15236,5000,36263,6128,62627,7375,0,41182,14070,62627,31153820,19675000,-19236605,-31592215,0,60256040,19675000,143516450,24166585,247614075,29102220,0,162753055,55758800,247614075
2023-10-23,3915,3975,3910,3915,33250,-0.8860759493670887,-6026,0,-4254,10280,0,13151,0,6968,13131,33250,19177,0,11222,2851,33250,-23361700,0,-16840575,40202275,0,51788290,0,27375300,51406105,130569695,75149990,0,44215875,11203830,130569695
2023-10-24,3915,3920,3870,3920,52659,0.1277139208173691,5684,2000,-7688,4,0,9817,2000,39588,1254,52659,4133,0,47276,1250,52659,22218185,7800000,-30025730,7545,0,38379250,7800000,153549395,4894030,204622675,16161065,0,183575125,4886485,204622675
2023-10-25,3950,3975,3845,3915,102478,-0.12755102040816327,5222,-2000,21239,-24461,0,16662,0,67908,17908,102478,11440,2000,46669,42369,102478,20344615,-7810000,81909035,-94443650,0,64875350,0,263766655,69580785,398222790,44530735,7810000,181857620,164024435,398222790
2023-10-26,3915,3920,3865,3910,28321,-0.1277139208173691,-7691,333,7785,-427,0,2563,333,21435,3990,28321,10254,0,13650,4417,28321,-29943315,1302030,30327975,-1686690,0,10009190,1302030,83589585,15570130,110470935,39952505,0,53261610,17256820,110470935
2023-10-27,3870,3930,3870,3915,19947,0.1278772378516624,4679,0,-1485,-3194,0,7563,0,11334,1050,19947,2884,0,12819,4244,19947,18306980,0,-5806500,-12500480,0,29603170,0,44368525,4105465,78077160,11296190,0,50175025,16605945,78077160
2023-10-30,3920,3920,3895,3910,24226,-0.1277139208173691,-4191,5000,747,-1556,0,2133,5000,16008,1085,24226,6324,0,15261,2641,24226,-16368855,19550000,2882825,-6063970,0,8325755,19550000,62459885,4237640,94573280,24694610,0,59577060,10301610,94573280
2023-10-31,3890,3910,3880,3885,28713,-0.639386189258312,3510,7001,-16244,5733,0,4474,7001,11503,5735,28713,964,0,27747,2,28713,13636200,27283900,-63193870,22273770,0,17376520,27283900,44713285,22281575,111655280,3740320,0,107907155,7805,111655280
2023-11-01,3870,3920,3870,3915,104962,0.7722007722007722,2015,2620,36965,-41600,0,6346,2620,70281,25715,104962,4331,0,33316,67315,104962,7871565,10226225,143225710,-161323500,0,24688095,10226225,272455985,99722360,407092665,16816530,0,129230275,261045860,407092665
2023-11-02,3915,3930,3885,3915,38810,0.0,6388,10000,-6875,-9513,0,12637,10000,13161,3012,38810,6249,0,20036,12525,38810,25006625,39125000,-26874190,-37257435,0,49413605,39125000,51441235,11757080,151736920,24406980,0,78315425,49014515,151736920
2023-11-03,3915,3950,3890,3950,55752,0.8939974457215836,7826,0,-9339,1513,0,14774,0,38109,2869,55752,6948,0,47448,1356,55752,30853995,0,-36769980,5915985,0,58152215,0,148769785,11241345,218163345,27298220,0,185539765,5325360,218163345
2023-11-06,3900,3940,3900,3940,62027,-0.25316455696202533,13628,8259,-949,-20938,0,15902,8259,30945,6921,62027,2274,0,31894,27859,62027,53489425,32400100,-3650090,-82239435,0,62404555,32400100,121163365,27090435,243058455,8915130,0,124813455,109329870,243058455
2023-11-07,3920,3945,3900,3940,42509,0.0,-4793,18004,-10213,-2998,0,8772,18004,14549,1184,42509,13565,0,24762,4182,42509,-18714345,70480720,-39995735,-11770640,0,34464745,70480720,56956670,4620650,166522785,53179090,0,96952405,16391290,166522785
2023-11-08,3940,3940,3905,3930,16555,-0.25380710659898476,-5720,1000,6471,-1751,0,5401,1000,10108,46,16555,11121,0,3637,1797,16555,-22346545,3910000,25288320,-6851775,0,21192535,3910000,39535850,180550,64818935,43539080,0,14247530,7032325,64818935
2023-11-09,3920,3940,3910,3940,16863,0.2544529262086514,-2027,5145,-3199,81,0,4894,5145,6642,182,16863,6921,0,9841,101,16863,-7947385,20219850,-12590945,318480,0,19254920,20219850,26098805,715410,66288985,27202305,0,38689750,396930,66288985
2023-11-10,3940,3940,3910,3935,27778,-0.12690355329949238,-2432,0,4224,-1792,0,2693,0,24448,637,27778,5125,0,20224,2429,27778,-9502345,0,16535985,-7033640,0,10583545,0,95840385,2497075,108921005,20085890,0,79304400,9530715,108921005
2023-11-13,3935,3935,3900,3930,44792,-0.12706480304955528,5675,5000,-6663,-4012,0,8300,5000,29989,1503,44792,2625,0,36652,5515,44792,22262555,19675000,-26144960,-15792595,0,32575055,19675000,117345010,5874695,175469760,10312500,0,143489970,21667290,175469760
2023-11-14,3930,3930,3910,3915,60142,-0.38167938931297707,2833,0,36904,-39737,0,4975,0,55109,58,60142,2142,0,18205,39795,60142,11114385,0,144654660,-155769045,0,19500315,0,215909080,227360,235636755,8385930,0,71254420,155996405,235636755
2023-11-15,3930,3970,3915,3950,95204,0.8939974457215836,-5583,12000,-2280,-4137,0,18338,12000,54374,10492,95204,23921,0,56654,14629,95204,-21868165,47439745,-9070265,-16501315,0,72422085,47439745,214375765,41296345,375533940,94290250,0,223446030,57797660,375533940
2023-11-16,3950,3970,3930,3970,25221,0.5063291139240507,10084,5000,-14785,-299,0,13551,5000,5792,878,25221,3467,0,20577,1177,25221,39948365,19775000,-58528890,-1194475,0,53599935,19775000,22943960,3455330,99774225,13651570,0,81472850,4649805,99774225
2023-11-17,3935,4025,3935,4015,29355,1.1335012594458438,12491,0,-14710,2219,0,17096,0,10040,2219,29355,4605,0,24750,0,29355,49823685,0,-58693895,8870210,0,68252140,0,40068740,8870210,117191090,18428455,0,98762635,0,117191090
2023-11-20,3960,4100,3960,4100,26967,2.1170610211706102,-127,2816,658,-3347,0,5123,2816,17598,1430,26967,5250,0,16940,4777,26967,-457730,11506325,2590755,-13639350,0,20820655,11506325,71386855,5783205,109497040,21278385,0,68796100,19422555,109497040
2023-11-21,4100,4115,4035,4045,54411,-1.3414634146341464,-1152,5000,-6134,2286,0,19301,5000,24231,5879,54411,20453,0,30365,3593,54411,-4366460,20500000,-25383725,9250185,0,78663645,20500000,98240550,23867465,221271660,83030105,0,123624275,14617280,221271660
2023-11-22,4050,4075,3980,4055,73374,0.2472187886279357,15854,4629,-20554,71,0,25676,4629,38591,4478,73374,9822,0,59145,4407,73374,64469715,18623090,-83171300,78495,0,103979925,18623090,154881200,17953665,295437880,39510210,0,238052500,17875170,295437880
2023-11-23,4055,4055,3995,4015,70195,-0.9864364981504316,-3450,2643,-6584,7391,0,6584,6000,50206,7405,70195,10034,3357,56790,14,70195,-13865490,10575450,-26416810,29706850,0,26462540,24154515,202053915,29763230,282434200,40328030,13579065,228470725,56380,282434200
2023-11-24,4015,4050,4015,4050,14107,0.8717310087173101,4455,0,-4156,-299,0,5305,0,8764,38,14107,850,0,12920,337,14107,17987050,0,-16781165,-1205885,0,21414870,0,35396690,153710,56965270,3427820,0,52177855,1359595,56965270
2023-11-27,4050,4075,4020,4075,128299,0.6172839506172839,80987,-69000,-5940,-6047,0,96700,1000,12653,17946,128299,15713,70000,18593,23993,128299,327397315,-278255600,-24261620,-24880095,0,390951000,4035000,51123850,72366830,518476680,63553685,282290600,75385470,97246925,518476680
2023-11-28,4075,4075,4015,4065,30110,-0.245398773006135,4748,5000,-9792,44,0,9796,5000,12735,2579,30110,5048,0,22527,2535,30110,19245040,20233790,-39647750,168920,0,39666310,20233790,51386670,10420050,121706820,20421270,0,91034420,10251130,121706820
2023-11-29,4060,4070,4020,4070,36540,0.12300123001230012,-4809,-5000,17073,-7264,0,4985,0,30893,662,36540,9794,5000,13820,7926,36540,-19449825,-20221250,69098675,-29427600,0,20216355,0,125227970,2673605,148117930,39666180,20221250,56129295,32101205,148117930
2023-11-30,4030,4070,4030,4065,11614,-0.12285012285012285,3315,-2998,251,-568,0,3586,2,7005,1021,11614,271,3000,6754,1589,11614,13477910,-12166905,1004760,-2315765,0,14575440,8095,28400280,4135050,47118865,1097530,12175000,27395520,6450815,47118865
2023-12-01,4065,4070,4040,4065,23677,0.0,-4493,9000,-84,-4423,0,744,10000,12492,441,23677,5237,1000,12576,4864,23677,-18186420,36543460,-404380,-17952660,0,3022620,40588460,50689080,1781640,96081800,21209040,4045000,51093460,19734300,96081800
2023-12-04,4065,4080,4055,4080,26912,0.36900369003690037,7034,4084,-10118,-1000,0,8071,4084,14698,59,26912,1037,0,24816,1059,26912,28605430,16642300,-41180065,-4067665,0,32826020,16642300,59702090,239835,109410245,4220590,0,100882155,4307500,109410245
2023-12-05,4075,4115,4075,4100,45473,0.49019607843137253,-9844,0,-15124,24968,0,1682,0,18496,25295,45473,11526,0,33620,327,45473,-40313055,0,-61997985,102311040,0,6894870,0,75804005,103647890,186346765,47207925,0,137801990,1336850,186346765
2023-12-06,4100,4105,4085,4105,22998,0.12195121951219512,-1548,7005,-7022,1565,0,3204,7005,10323,2466,22998,4752,0,17345,901,22998,-6299950,28712020,-28810720,6398650,0,13141160,28712020,42272225,10090805,94216210,19441110,0,71082945,3692155,94216210
2023-12-07,4105,4105,4075,4095,21038,-0.24360535931790497,3288,5002,-10557,2267,0,4314,5002,9453,2269,21038,1026,0,20010,2,21038,13435830,20478280,-43163560,9249450,0,17637300,20478280,38634760,9257635,86007975,4201470,0,81798320,8185,86007975
2023-12-08,4070,4115,4070,4100,72220,0.1221001221001221,8723,-3323,-4490,-910,0,11540,1677,51910,7093,72220,2817,5000,56400,8003,72220,35798290,-13624130,-18429235,-3744925,0,47319890,6858930,212771390,29042465,295992675,11521600,20483060,231200625,32787390,295992675
2023-12-11,4100,4105,4050,4105,33388,0.12195121951219512,-1903,-5627,8907,-1377,0,6935,323,25906,224,33388,8838,5950,16999,1601,33388,-7729010,-23044180,36409435,-5636245,0,28407050,1321070,106002545,915400,136646065,36136060,24365250,69593110,6551645,136646065
2023-12-12,4100,4105,4080,4105,29440,0.0,2934,0,-2857,-77,0,2954,0,26436,50,29440,20,0,29293,127,29440,12031930,0,-11716235,-315695,0,12113930,0,108136175,205000,120455105,82000,0,119852410,520695,120455105
2023-12-13,4105,4135,4090,4120,37003,0.3654080389768575,3766,136,-7938,4036,0,17710,136,11650,7507,37003,13944,0,19588,3471,37003,15606335,556240,-32662510,16499935,0,72847695,556240,47839540,30794735,152038210,57241360,0,80502050,14294800,152038210
2023-12-14,4085,4230,4085,4165,139326,1.0922330097087378,25906,0,-48123,22217,0,57264,0,43339,38723,139326,31358,0,91462,16506,139326,108066240,0,-200879815,92813575,0,238260425,0,179756995,161783940,579801360,130194185,0,380636810,68970365,579801360
2023-12-15,4135,4195,4125,4185,94746,0.4801920768307323,15032,0,-32143,17111,0,51986,0,25647,17113,94746,36954,0,57790,2,94746,62680975,0,-134013890,71332915,0,216762305,0,106570935,71341255,394674495,154081330,0,240584825,8340,394674495
2023-12-18,4185,4185,4140,4170,49702,-0.35842293906810035,12576,0,-2952,-9624,0,23255,0,26061,386,49702,10679,0,29013,10010,49702,52387360,0,-12333600,-40053760,0,96828525,0,108721070,1602950,207152545,44441165,0,121054670,41656710,207152545
2023-12-19,4150,4275,4125,4130,174487,-0.9592326139088728,15345,2,30915,-46262,0,65898,2,104114,4473,174487,50553,0,73199,50735,174487,64393550,8295,128084545,-192486390,0,274410700,8295,434129545,18552825,727101365,210017150,0,306045000,211039215,727101365
2023-12-20,4135,4175,4130,4155,95043,0.6053268765133172,26241,-7831,1985,-20395,0,46605,0,38438,10000,95043,20364,7831,36453,30395,95043,108870395,-32478880,8316510,-84708025,0,193310810,0,159586450,41650000,394547260,84440415,32478880,151269940,126358025,394547260
2023-12-21,4175,4185,4135,4165,73032,0.24067388688327318,14194,1000,2494,-17688,0,24543,4000,39685,4804,73032,10349,3000,37191,22492,73032,58943265,4180000,10520360,-73643625,0,101862140,16660000,164967520,19922230,303411890,42918875,12480000,154447160,93565855,303411890
2023-12-22,4165,4170,4130,4160,53886,-0.12004801920768307,3811,-2000,9689,-11500,0,10298,0,42291,1297,53886,6487,2000,32602,12797,53886,15849255,-8275000,40147700,-47721955,0,42742505,0,175386480,5374545,223503530,26893250,8275000,135238780,53096500,223503530
2023-12-26,4160,4165,4135,4135,151365,-0.6009615384615385,10097,1441,-15650,4112,0,10148,8441,120655,12121,151365,51,7000,136305,8009,151365,41872660,5873195,-64782190,17036335,0,42084310,34933405,500430980,50254220,627702915,211650,29060210,565213170,33217885,627702915
2023-12-27,3965,3965,3930,3960,98140,-4.2321644498186215,-41462,0,25297,16165,0,1433,0,67709,28998,98140,42895,0,42412,12833,98140,-163814905,0,99858150,63956755,0,5670375,0,267491605,114669245,387831225,169485280,0,167633455,50712490,387831225
2023-12-28,3970,3980,3910,3975,36851,0.3787878787878788,959,0,-6282,5323,0,7403,0,22492,6956,36851,6444,0,28774,1633,36851,3845965,0,-24903930,21057965,0,29383895,0,88868170,27531450,145783515,25537930,0,113772100,6473485,145783515
2024-01-02,3975,4250,3970,4010,99059,0.8805031446540881,35967,26,-65981,29988,0,39782,26,28049,31202,99059,3815,0,94030,1214,99059,144212970,104000,-264156200,119839230,0,159500510,104000,112497475,124848555,396950540,15287540,0,376653675,5009325,396950540
2024-01-03,4000,4050,3970,4010,44032,0.0,16507,0,-21953,5446,0,23725,0,10247,10060,44032,7218,0,32200,4614,44032,66242750,0,-87957510,21714760,0,95124565,0,41006330,40219365,176350260,28881815,0,128963840,18504605,176350260
2024-01-04,3990,4015,3990,4010,35724,0.0,15406,0,-14003,-1403,0,17447,0,13777,4500,35724,2041,0,27780,5903,35724,61748755,0,-56146275,-5602480,0,69913985,0,55126315,18000000,143040300,8165230,0,111272590,23602480,143040300
2024-01-05,4010,4015,4000,4010,40727,0.0,11821,0,-7070,-4751,0,14899,0,23328,2500,40727,3078,0,30398,7251,40727,47364735,0,-28338850,-19025885,0,59695460,0,93415030,10000000,163110490,12330725,0,121753880,29025885,163110490
2024-01-08,4000,4015,4000,4010,37469,0.0,1378,0,-1659,281,0,1663,0,33387,2419,37469,285,0,35046,2138,37469,5524630,0,-6637975,1113345,0,6665525,0,133795890,9678095,150139510,1140895,0,140433865,8564750,150139510
2024-01-09,4005,4025,4005,4015,72987,0.12468827930174563,10864,-27615,12417,4334,0,10864,0,57253,4870,72987,0,27615,44836,536,72987,43598635,-110807445,49779050,17429760,0,43598635,0,229734560,19581800,292914995,0,110807445,179955510,2152040,292914995
2024-01-10,4030,4030,4015,4025,46525,0.24906600249066002,8045,-7847,-518,320,0,18068,0,26935,1522,46525,10023,7847,27453,1202,46525,32407790,-31554940,-2134525,1281675,0,72665785,0,108297380,6113715,187076880,40257995,31554940,110431905,4832040,187076880
2024-01-11,4025,4080,4010,4045,45535,0.4968944099378882,3295,-7636,-6289,10630,0,17817,0,15377,12341,45535,14522,7636,21666,1711,45535,13380170,-30873700,-25285585,42779115,0,71907270,0,61948265,49732040,183587575,58527100,30873700,87233850,6952925,183587575
2024-01-12,4085,4085,4010,4055,49133,0.2472187886279357,4584,-25000,13974,6442,0,23286,0,17161,8686,49133,18702,25000,3187,2244,49133,18631080,-100790970,56260590,25899300,0,93990875,0,69177220,34990410,198158505,75359795,100790970,12916630,9091110,198158505
2024-01-15,4055,4070,4040,4065,25344,0.2466091245376079,4442,0,-2724,-1718,0,19288,0,5966,90,25344,14846,0,8690,1808,25344,18011285,0,-11047640,-6963645,0,78155970,0,24196335,364740,102717045,60144685,0,35243975,7328385,102717045
2024-01-16,4065,4065,4030,4040,18427,-0.6150061500615006,7641,-2323,-3348,-1970,0,8241,1,9648,537,18427,600,2324,12996,2507,18427,30897500,-9414275,-13528690,-7954535,0,33322705,4045,38985090,2169480,74481320,2425205,9418320,52513780,10124015,74481320
2024-01-17,4035,4060,4010,4040,67641,0.0,-6871,0,9793,-2922,0,24602,0,35759,7280,67641,31473,0,25966,10202,67641,-27544160,0,39333130,-11788970,0,99007415,0,143725725,29295600,272028740,126551575,0,104392595,41084570,272028740
2024-01-18,4020,4040,4005,4035,81078,-0.12376237623762376,-1957,-4964,3706,3215,0,19323,0,53581,8174,81078,21280,4964,49875,4959,81078,-7843225,-19930460,14825385,12948300,0,77630160,0,215066850,32856980,325553990,85473385,19930460,200241465,19908680,325553990
2024-01-19,4015,4060,4015,4060,11127,0.6195786864931847,6252,-500,-5179,-573,0,7427,0,2714,986,11127,1175,500,7893,1559,11127,25334095,-2027500,-20962755,-2343840,0,30064900,0,10957940,3967920,44990760,4730805,2027500,31920695,6311760,44990760
2024-01-22,4030,4050,4020,4040,31520,-0.49261083743842365,16959,0,-22713,5754,0,18095,0,7671,5754,31520,1136,0,30384,0,31520,68498575,0,-91728170,23229595,0,73092720,0,30930720,23229595,127253035,4594145,0,122658890,0,127253035
2024-01-23,4050,4050,4025,4035,24461,-0.12376237623762376,11283,420,-10277,-1426,0,12550,420,10218,1273,24461,1267,0,20495,2699,24461,45517095,1692600,-41457400,-5752295,0,50628590,1692600,41225800,5123825,98670815,5111495,0,82683200,10876120,98670815
2024-01-24,4040,4055,4015,4045,24562,0.24783147459727387,12737,0,-10537,-2200,0,16705,0,5998,1859,24562,3968,0,16535,4059,24562,51489990,0,-42524350,-8965640,0,67494305,0,24233355,7487085,99214745,16004315,0,66757705,16452725,99214745
2024-01-25,4045,4070,4040,4050,13290,0.12360939431396785,9758,-1877,-4445,-3436,0,11665,0,1602,23,13290,1907,1877,6047,3459,13290,39498235,-7589080,-17991055,-13918100,0,47219505,0,6479775,93035,53792315,7721270,7589080,24470830,14011135,53792315
2024-01-26,4075,4075,4040,4055,24750,0.12345679012345678,10056,-300,-7870,-1886,0,18540,0,5128,1082,24750,8484,300,12998,2968,24750,40772435,-1216500,-31894150,-7661785,0,75154715,0,20810850,4381280,100346845,34382280,1216500,52705000,12043065,100346845
2024-01-29,4055,4090,4050,4065,32348,0.2466091245376079,815,-900,-3427,3512,0,14957,0,11396,5995,32348,14142,900,14823,2483,32348,3398300,-3673500,-13945565,14220765,0,60816215,0,46325660,24307090,131448965,57417915,3673500,60271225,10086325,131448965
2024-01-30,4065,4150,4065,4110,66847,1.107011070110701,22475,-4686,-23099,5310,0,38604,314,10550,17379,66847,16129,5000,33649,12069,66847,92443540,-19220865,-94599060,21376385,0,158480415,1279550,43137490,70954660,273852115,66036875,20500415,137736550,49578275,273852115
2024-01-31,4125,4130,4020,4100,39080,-0.24330900243309003,16162,-11328,-8163,3329,0,21882,0,11847,5351,39080,5720,11328,20010,2022,39080,65978420,-46224185,-33275625,13521390,0,89368235,0,48297610,21805450,159471295,23389815,46224185,81573235,8284060,159471295
2024-02-01,4100,4125,4085,4125,71072,0.6097560975609756,18086,-16472,2903,-4517,0,18086,0,49917,3069,71072,0,16472,47014,7586,71072,74205105,-67566060,11867705,-18506750,0,74205105,0,204872165,12620140,291697410,0,67566060,193004460,31126890,291697410
2024-02-02,4125,4160,4105,4145,42481,0.48484848484848486,17895,-12520,-9728,4353,0,22121,0,12727,7633,42481,4226,12520,22455,3280,42481,74136205,-51634030,-40397955,17895780,0,91563005,0,52573680,31511020,175647705,17426800,51634030,92971635,13615240,175647705
2024-02-05,4150,4150,4125,4145,27934,0.0,6658,-10000,-880,4222,0,13233,0,9978,4723,27934,6575,10000,10858,501,27934,27561230,-41325890,-3700875,17465535,0,54734425,0,41231575,19533710,115499710,27173195,41325890,44932450,2068175,115499710
2024-02-06,4145,4175,4110,4160,29118,0.3618817852834741,11123,-5000,-10382,4259,0,13155,0,10849,5114,29118,2032,5000,21231,855,29118,46186410,-20700000,-43141410,17655000,0,54580010,0,44963445,21202550,120746005,8393600,20700000,88104855,3547550,120746005
2024-02-07,4160,4170,4135,4155,52998,-0.1201923076923077,17065,-669,-22462,6066,0,28756,9631,6206,8405,52998,11691,10300,28668,2339,52998,70932960,-2835080,-93204495,25106615,0,119395640,39920495,25743990,34836920,219897045,48462680,42755575,118948485,9730305,219897045
2024-02-08,4155,4160,4140,4150,19815,-0.12033694344163659,3143,-3469,-2149,2475,0,8143,1531,6141,4000,19815,5000,5000,8290,1525,19815,13041120,-14362650,-8908860,10230390,0,33778620,6338340,25474080,16560000,82151040,20737500,20700990,34382940,6329610,82151040
2024-02-13,4150,4150,4140,4145,27410,-0.12048192771084339,5593,-11630,6169,-132,0,5593,2070,17747,2000,27410,0,13700,11578,2132,27410,23182620,-48186150,25560200,-556670,0,23182620,8570350,73555625,8280000,113588595,0,56756500,47995425,8836670,113588595
2024-02-14,4140,4150,4105,4150,59335,0.12062726176115801,405,0,-15159,14754,0,6619,5000,25386,22330,59335,6214,5000,40545,7576,59335,1692675,49820,-62240435,60497940,0,27271300,20649820,104522150,91804960,244248230,25578625,20600000,166762585,31307020,244248230
2024-02-15,4150,4155,4130,4155,20685,0.12048192771084339,13213,-4990,-8162,-61,0,15574,1010,2046,2055,20685,2361,6000,10208,2116,20685,54771835,-20642790,-33874735,-254310,0,64543745,4181300,8480310,8512890,85718245,9771910,24824090,42355045,8767200,85718245
2024-02-16,4155,4160,4115,4155,43547,0.0,3755,-5900,-7402,9547,0,3755,4100,26043,9649,43547,0,10000,33445,102,43547,15608015,-24500000,-30768485,39660470,0,15608015,17025000,108050040,40083770,180766825,0,41525000,138818525,423300,180766825
2024-02-19,4140,4160,4120,4150,31058,-0.12033694344163659,-11848,-2650,13936,562,0,1223,2350,24412,3073,31058,13071,5000,10476,2511,31058,-48938275,-11004250,57608755,2333770,0,5065310,9745750,101078755,12742690,128632505,54003585,20750000,43470000,10408920,128632505
2024-02-20,4150,4150,4125,4140,35837,-0.24096385542168677,-130,-3276,573,2833,0,3078,1724,28139,2896,35837,3208,5000,27566,63,35837,-534560,-13546170,2356180,11724550,0,12724280,7138740,116510170,11985055,148358245,13258840,20684910,114153990,260505,148358245
2024-02-21,4140,4145,4125,4145,31456,0.12077294685990338,-155,-113,-3917,4185,0,0,5000,21456,5000,31456,155,5113,25373,815,31456,-640925,-457130,-16195995,17294050,0,0,20660000,88630335,20660000,129950335,640925,21117130,104826330,3365950,129950335
2024-02-22,4130,4145,4130,4145,25324,0.0,7452,-9000,2044,-496,0,7455,0,17736,133,25324,3,9000,15692,629,25324,30849940,-37225000,8425630,-2050570,0,30862360,0,73371345,551065,104784770,12420,37225000,64945715,2601635,104784770
2024-02-23,4140,4150,4110,4125,97318,-0.48250904704463204,4859,-5000,-525,666,0,9718,0,85062,2538,97318,4859,5000,85587,1872,97318,20107000,-20725000,-2120150,2738150,0,40166275,0,350224040,10475450,400865765,20059275,20725000,352344190,7737300,400865765
2024-02-26,4125,4150,4105,4150,50479,0.6060606060606061,4621,-1000,-1314,-2307,0,5466,4000,34838,6175,50479,845,5000,36152,8482,50479,19126430,-4105000,-5543815,-9477615,0,22625435,16495000,143427920,25434815,207983170,3499005,20600000,148971735,34912430,207983170
2024-02-27,4125,4155,4125,4155,106210,0.12048192771084339,13334,31800,-50622,5488,0,15272,38800,42415,9723,106210,1938,7000,93037,4235,106210,55262645,131877910,-209878970,22738415,0,63276285,160847910,175190705,40280880,439595780,8013640,28970000,385069675,17542465,439595780
2024-02-28,4150,4155,4135,4150,57098,-0.12033694344163659,14027,7764,-21079,-712,0,16870,12764,22552,4912,57098,2843,5000,43631,5624,57098,58148670,32197285,-87414680,-2931275,0,69924260,52897285,93568175,20369360,236759080,11775590,20700000,180982855,23300635,236759080
2024-02-29,4150,4155,4110,4155,109396,0.12048192771084339,1220,29452,-50864,20192,0,1826,34414,52960,20196,109396,606,4962,103824,4,109396,5060225,121971255,-210526650,83495170,0,7575715,142563555,219005370,83511760,452656400,2515490,20592300,429532020,16590,452656400
2024-03-04,4150,4150,4135,4145,79474,-0.24067388688327318,6573,6200,-11104,-1669,0,10350,10000,55346,3778,79474,3777,3800,66450,5447,79474,27172270,25649000,-45939735,-6881535,0,42845285,41400000,229126320,15656270,329027875,15673015,15751000,275066055,22537805,329027875
2024-03-05,4145,4150,4125,4145,101993,0.0,1741,1800,-33958,30417,0,9575,5000,56519,30899,101993,7834,3200,90477,482,101993,7244650,7464210,-140425430,125716570,0,39617015,20714000,233804240,127709050,421844305,32372365,13249790,374229670,1992480,421844305
2024-03-06,4150,4165,4135,4150,159712,0.12062726176115801,-5988,-1100,-33215,40303,0,25320,4000,86605,43787,159712,31308,5100,119820,3484,159712,-24749255,-4564500,-138001175,167314930,0,105120955,16590000,359283905,181783495,662778355,129870210,21154500,497285080,14468565,662778355
2024-03-07,4150,4190,4150,4180,58880,0.7228915662650602,-1089,-2020,-13890,16999,0,3106,0,37746,18028,58880,4195,2020,51636,1029,58880,-4555295,-8437430,-57941225,70933950,0,12982810,0,157521210,75222560,245726580,17538105,8437430,215462435,4288610,245726580
2024-03-08,4175,4220,4155,4170,79214,-0.23923444976076555,25649,0,-19839,-5810,0,36123,0,37988,5103,79214,10474,0,57827,10913,79214,107408210,0,-83170775,-24237435,0,151182455,0,158895170,21375425,331453050,43774245,0,242065945,45612860,331453050
2024-03-11,4160,4200,4155,4195,27706,0.5995203836930456,6823,1000,-7097,-726,0,12782,1000,12426,1498,27706,5959,0,19523,2224,27706,28663375,4165000,-29763080,-3065295,0,53516385,4165000,51776165,6239335,115696885,24853010,0,81539245,9304630,115696885
2024-03-12,4195,4245,4190,4235,52605,0.9535160905840285,26307,-1000,-6325,-18982,0,37069,0,15055,481,52605,10762,1000,21380,19463,52605,111161935,-4205000,-26723625,-80233310,0,156645735,0,63500040,2025095,222170870,45483800,4205000,90223665,82258405,222170870
2024-03-13,4270,4270,4215,4245,53805,0.23612750885478156,12067,2000,-595,-13472,0,14470,2000,37165,170,53805,2403,0,37760,13642,53805,51071290,8440000,-2600760,-56910530,0,61239835,8440000,157391600,719095,227790530,10168545,0,159992360,57629625,227790530
2024-03-14,4205,4270,4205,4260,34817,0.35335689045936397,22470,-100,-14165,-8205,0,26378,0,7674,765,34817,3908,100,21839,8970,34817,95685435,-425500,-60322570,-34937365,0,112300225,0,32608775,3243850,148152850,16614790,425500,92931345,38181215,148152850
2024-03-15,4250,4265,4240,4260,19217,0.0,9634,0,-4792,-4842,0,12951,0,5993,273,19217,3317,0,10785,5115,19217,40971400,0,-20360390,-20611010,0,55094165,0,25490670,1160195,81745030,14122765,0,45851060,21771205,81745030
2024-03-18,4260,4260,4195,4195,23725,-1.5258215962441315,-6293,0,9921,-3628,0,3194,0,20314,217,23725,9487,0,10393,3845,23725,-26411590,0,41707200,-15295610,0,13498165,0,85613900,917910,100029975,39909755,0,43906700,16213520,100029975
2024-03-19,4200,4215,4155,4205,61048,0.23837902264600713,-1413,0,16630,-15217,0,27229,0,25609,8210,61048,28642,0,8979,23427,61048,-5117890,0,69129130,-64011240,0,114246910,0,106766410,34185835,255199155,119364800,0,37637280,98197075,255199155
2024-03-20,4205,4250,4175,4220,54207,0.356718192627824,24657,0,-7009,-17648,0,39043,0,14625,539,54207,14386,0,21634,18187,54207,104048280,0,-29535500,-74512780,0,164738030,0,61831740,2268950,228838720,60689750,0,91367240,76781730,228838720
2024-03-21,4205,4220,4190,4220,43324,0.0,29090,-300,-24402,-4388,0,31037,0,12187,100,43324,1947,300,36589,4488,43324,122391260,-1258500,-102688505,-18444255,0,130563670,0,51164755,419500,182147925,8172410,1258500,153853260,18863755,182147925
2024-03-22,4200,4255,4200,4255,48049,0.8293838862559242,31881,3000,-36121,1240,0,33611,3000,7228,4210,48049,1730,0,43349,2970,48049,135247790,12750000,-153271065,5273275,0,142566300,12750000,30587100,17853860,203757260,7318510,0,183858165,12580585,203757260
2024-03-25,4250,4280,4245,4280,44261,0.5875440658049353,6223,0,-6290,67,0,14572,0,27133,2556,44261,8349,0,33423,2489,44261,26546605,0,-26860625,314020,0,62156430,0,115670205,10909965,188736600,35609825,0,142530830,10595945,188736600
2024-03-26,4255,4320,4255,4310,31409,0.7009345794392523,15222,1503,-13456,-3269,0,16540,2573,12040,256,31409,1318,1070,25496,3525,31409,65429765,6432895,-57870900,-13991760,0,71093890,11011345,51578080,1100770,134784085,5664125,4578450,109448980,15092530,134784085
2024-03-27,4340,4375,4315,4340,64629,0.6960556844547563,24872,1000,-34015,8143,0,36518,1000,12144,14967,64629,11646,0,46159,6824,64629,108118380,4340000,-147714405,35256025,0,158634080,4340000,52706415,64881785,280562280,50515700,0,200420820,29625760,280562280
2024-03-28,4300,4360,4300,4355,76466,0.3456221198156682,58396,-3539,-38623,-16234,0,62527,1000,9917,3022,76466,4131,4539,48540,19256,76466,253932300,-15397295,-167902230,-70632775,0,271885305,4340000,42988130,13129685,332343120,17953005,19737295,210890360,83762460,332343120
2024-03-29,4305,4365,4305,4360,58165,0.1148105625717566,27089,4000,-44627,13538,0,32525,4000,6737,14903,58165,5436,0,51364,1365,58165,117912600,17405000,-194130585,58812985,0,141470715,17405000,29237925,64754335,252867975,23558115,0,223368510,5941350,252867975
2024-04-01,4360,4380,4310,4380,55695,0.45871559633027525,22761,4000,-26684,-77,0,27777,4000,18772,5146,55695,5016,0,45456,5223,55695,99548415,17470000,-116648685,-369730,0,121331480,17470000,81903985,22407060,243112525,21783065,0,198552670,22776790,243112525
2024-04-02,4390,4390,4310,4330,106157,-1.141552511415525,14677,-54889,-3973,44185,0,24630,5000,30175,46352,106157,9953,59889,34148,2167,106157,63983230,-237728760,-17785365,191530895,0,107195940,21810000,131300350,200976540,461282830,43212710,259538760,149085715,9445645,461282830
2024-04-03,4325,4370,4235,4280,129342,-1.1547344110854503,13161,-24720,17726,-6167,0,37175,9000,55877,27290,129342,24014,33720,38151,33457,129342,57324625,-105697915,75549005,-27175715,0,160650190,38785000,240014625,117134790,556584605,103325565,144482915,164465620,144310505,556584605
2024-04-04,4285,4325,4280,4325,55339,1.0514018691588785,12112,7000,-16634,-2478,0,34829,7000,2185,11325,55339,22717,0,18819,13803,55339,52494885,30175000,-71731995,-10937890,0,150075450,30175000,9365610,48608635,238224695,97580565,0,81097605,59546525,238224695
2024-04-05,4325,4330,4265,4320,48753,-0.11560693641618498,16020,5069,-1819,-19270,0,20847,5069,22782,55,48753,4827,0,24601,19325,48753,69139755,21836645,-7922435,-83053965,0,89896520,21836645,98085720,234585,210053470,20756765,0,106008155,83288550,210053470
2024-04-08,4315,4350,4285,4315,28414,-0.11574074074074073,17096,4000,-13463,-7633,0,23041,4000,1083,290,28414,5945,0,14546,7923,28414,73761430,17220000,-58034205,-32947225,0,99368020,17220000,4666145,1247000,122501165,25606590,0,62700350,34194225,122501165
2024-04-09,4360,4370,4285,4310,34861,-0.11587485515643105,3899,5392,-1114,-8177,0,14314,5392,14942,213,34861,10415,0,16056,8390,34861,16920410,23169720,-4927310,-35162820,0,61630285,23169720,64187355,913770,149901130,44709875,0,69114665,36076590,149901130
2024-04-11,4225,4305,4225,4240,22997,-1.6241299303944314,2171,4000,-5690,-481,0,5511,4000,12946,540,22997,3340,0,18636,1021,22997,9250040,16995000,-24191600,-2053440,0,23419460,16995000,54924095,2281500,97620055,14169420,0,79115695,4334940,97620055
2024-04-12,4250,4280,4235,4245,29578,0.1179245283018868,8043,4500,-6237,-6306,0,11103,4500,13261,714,29578,3060,0,19498,7020,29578,34173750,19105000,-26530465,-26748285,0,47167365,19105000,56305215,3038070,125615650,12993615,0,82835680,29786355,125615650
2024-04-15,4245,4250,4210,4245,35242,0.0,7181,3000,-4181,-6000,0,9181,3000,22720,341,35242,2000,0,26901,6341,35242,30430080,12695000,-17733875,-25391205,0,38880355,12695000,96033280,1446265,149054900,8450275,0,113767155,26837470,149054900
2024-04-16,4240,4240,4155,4155,59424,-2.1201413427561837,-3715,2991,11659,-10935,0,25028,3000,25034,6362,59424,28743,9,13375,17297,59424,-14891235,12572200,48624655,-46305620,0,105220970,12610000,104881585,26507160,249219715,120112205,37800,56256930,72812780,249219715
2024-04-17,4155,4210,4155,4175,24183,0.48134777376654636,5372,7093,-10273,-2192,0,12968,7093,4102,20,24183,7596,0,14375,2212,24183,22429875,29648740,-42930560,-9148055,0,54101995,29648740,17124640,83700,100959075,31672120,0,60055200,9231755,100959075
2024-04-18,4175,4240,4165,4240,32563,1.5568862275449102,15542,3000,-16968,-1574,0,21582,3000,4764,3217,32563,6040,0,21732,4791,32563,65429975,12590000,-71342145,-6677830,0,90683920,12590000,19949860,13428335,136652115,25253945,0,91292005,20106165,136652115
2024-04-19,4200,4235,4175,4230,23431,-0.2358490566037736,8301,0,-7077,-1224,0,10863,0,9704,2864,23431,2562,0,16781,4088,23431,35048460,0,-29818535,-5229925,0,45838380,0,40792690,11985490,98616560,10789920,0,70611225,17215415,98616560
2024-04-22,4230,4290,4185,4260,92609,0.7092198581560284,12155,4000,-18368,2213,0,45935,4000,24529,18145,92609,33780,0,42897,15932,92609,52151360,16985000,-77920095,8783735,0,194993325,16985000,103461935,76565340,392005600,142841965,0,181382030,67781605,392005600
2024-04-23,4250,4260,4180,4240,57175,-0.4694835680751174,2680,5000,-8894,1214,0,28396,5000,14991,8788,57175,25716,0,23885,7574,57175,11613880,21100000,-37542960,4829080,0,120031555,21100000,63055815,36941190,241128560,108417675,0,100598775,32112110,241128560
2024-04-24,4240,4290,4225,4225,19331,-0.3537735849056604,10963,2258,-8076,-5145,0,14571,2258,2502,0,19331,3608,0,10578,5145,19331,46648410,9606500,-34357355,-21897555,0,61967365,9606500,10633055,0,82206920,15318955,0,44990410,21897555,82206920
2024-04-25,4245,4255,4200,4250,13323,0.591715976331361,7178,1000,-7844,-334,0,9916,1000,2065,342,13323,2738,0,9909,676,13323,30543265,4230000,-33350850,-1422415,0,42111710,4230000,8712320,1448155,56502185,11568445,0,42063170,2870570,56502185
2024-04-26,4245,4275,4235,4270,17038,0.4705882352941176,13519,0,-10453,-3066,0,14667,0,2371,0,17038,1148,0,12824,3066,17038,57621925,0,-44516425,-13105500,0,62513665,0,10071710,0,72585375,4891740,0,54588135,13105500,72585375
2024-04-29,4230,4260,4230,4260,76165,-0.234192037470726,3525,6331,-9131,-725,0,7940,6331,58799,3095,76165,4415,0,67930,3820,76165,15006325,26906750,-38827770,-3085305,0,33765520,26906750,249562925,13154215,323389410,18759195,0,288390695,16239520,323389410
2024-04-30,4255,4280,4220,4280,34542,0.4694835680751174,-13275,2277,13653,-2655,0,8543,2277,21853,1869,34542,21818,0,8200,4524,34542,-56050745,9661170,57740655,-11351080,0,36338790,9661170,92673050,7929045,146602055,92389535,0,34932395,19280125,146602055
2024-05-02,4280,4290,4220,4255,57239,-0.5841121495327103,-18401,6000,16984,-4583,0,23479,6000,23703,4057,57239,41880,0,6719,8640,57239,-77625605,25410000,71797415,-19581810,0,99756440,25410000,100554470,17170445,242891355,177382045,0,28757055,36752255,242891355
2024-05-03,4275,4280,4245,4275,43472,0.4700352526439483,13340,0,-9438,-3902,0,20621,0,22778,73,43472,7281,0,32216,3975,43472,56914055,0,-40282200,-16631855,0,87903125,0,97115140,310250,185328515,30989070,0,137397340,16942105,185328515
2024-05-07,4250,4295,4250,4285,21761,0.23391812865497078,16352,0,-14140,-2212,0,16362,0,4569,830,21761,10,0,18709,3042,21761,70012935,0,-60533735,-9479200,0,70055735,0,19577070,3550420,93183225,42800,0,80110805,13029620,93183225
2024-05-08,4255,4295,4225,4295,35696,0.2333722287047841,4078,159,-4189,-48,0,11414,159,21622,2501,35696,7336,0,25811,2549,35696,17449410,681420,-17854600,-276230,0,48805945,681420,92386910,10632990,152507265,31356535,0,110241510,10909220,152507265
2024-05-09,4280,4290,4255,4255,22740,-0.9313154831199069,-10220,0,8026,2194,0,2255,0,17509,2976,22740,12475,0,9483,782,22740,-43577285,0,34221585,9355700,0,9646665,0,74807045,12698750,97152460,53223950,0,40585460,3343050,97152460
2024-05-10,4295,4305,4260,4290,28837,0.8225616921269095,12933,0,-12086,-847,0,15553,0,13220,64,28837,2620,0,25306,911,28837,55478025,0,-51840830,-3637195,0,66734690,0,56726665,273065,123734420,11256665,0,108567495,3910260,123734420
2024-05-13,4335,4335,4250,4275,39507,-0.34965034965034963,2926,0,-3125,199,0,11144,0,21760,6603,39507,8218,0,24885,6404,39507,12593735,0,-13306925,713190,0,47716755,0,92910080,28171420,168798255,35123020,0,106217005,27458230,168798255
2024-05-14,4260,4290,4260,4260,24086,-0.3508771929824561,2851,0,-3460,609,0,5507,0,17217,1362,24086,2656,0,20677,753,24086,12175105,0,-14757970,2582865,0,23498795,0,73424775,5802530,102726100,11323690,0,88182745,3219665,102726100
2024-05-16,4270,4275,4260,4270,115025,0.2347417840375587,-4920,-2000,-1747,8667,0,2395,0,103526,9104,115025,7315,2000,105273,437,115025,-20954255,-8530000,-7526325,37010580,0,10219045,0,441974285,38874090,491067420,31173300,8530000,449500610,1863510,491067420
2024-05-17,4260,4290,4250,4275,33819,0.117096018735363,3327,0,-4351,1024,0,9450,0,19603,4766,33819,6123,0,23954,3742,33819,14243170,0,-18588290,4345120,0,40339105,0,83556815,20298235,144194155,26095935,0,102145105,15953115,144194155
2024-05-20,4270,4330,4265,4315,67775,0.9356725146198831,31264,-499,-34852,4087,0,39978,0,16264,11533,67775,8714,499,51116,7446,67775,134432910,-2138215,-149706505,17411810,0,171882215,0,69790845,49514260,291187320,37449305,2138215,219497350,32102450,291187320
2024-05-21,4300,4330,4300,4320,22011,0.11587485515643105,15128,2000,-14149,-2979,0,15215,2000,4723,73,22011,87,0,18872,3052,22011,65346355,8600000,-61080190,-12866165,0,65721700,8600000,20374960,314985,95011645,375345,0,81455150,13181150,95011645
2024-05-22,4315,4330,4315,4320,30532,0.0,10870,4602,-13754,-1718,0,11056,4602,14874,0,30532,186,0,28628,1718,30532,46939520,19880640,-59398655,-7421505,0,47742850,19880640,64248260,0,131871750,803330,0,123646915,7421505,131871750
2024-05-23,4300,4315,4300,4315,24374,-0.11574074074074073,10736,-12317,2755,-1174,0,10969,2683,10626,96,24374,233,15000,7871,1270,24374,46278530,-53072855,11853440,-5059115,0,47283925,11577145,45796790,413475,105071335,1005395,64650000,33943350,5472590,105071335
2024-05-24,4300,4315,4260,4260,60925,-1.2746234067207416,10114,-30000,5555,14331,0,17113,0,23773,20039,60925,6999,30000,18218,5708,60925,43535180,-128406660,23648660,61222820,0,73517905,0,101765885,85776890,261060680,29982725,128406660,78117225,24554070,261060680
2024-05-27,4270,4310,4270,4310,16694,1.1737089201877933,9623,1000,-8594,-2029,0,12657,1000,1958,1079,16694,3034,0,10552,3108,16694,41457055,4290000,-36995725,-8751330,0,54483830,4290000,8415600,4631585,71821015,13026775,0,45411325,13382915,71821015
2024-05-28,4310,4335,4285,4315,44819,0.11600928074245939,8183,9482,-15305,-2360,0,13895,9482,18888,2554,44819,5712,0,34193,4914,44819,35299480,40881170,-66010945,-10169705,0,59853165,40881170,81406645,11002365,193143345,24553685,0,147417590,21172070,193143345
2024-05-29,4320,4320,4270,4280,18703,-0.8111239860950173,10591,439,-5417,-5613,0,11638,439,6626,0,18703,1047,0,12043,5613,18703,45564990,1874530,-23275495,-24164025,0,50040955,1874530,28363790,0,80279275,4475965,0,51639285,24164025,80279275
2024-05-30,4265,4300,4260,4275,19078,-0.11682242990654204,1243,4200,-1295,-4148,0,3522,4200,11270,86,19078,2279,0,12565,4234,19078,5294870,17940000,-5504325,-17730545,0,15062980,17940000,48253380,368510,81624870,9768110,0,53757705,18099055,81624870
2024-05-31,4275,4305,4275,4285,14046,0.23391812865497078,2587,9060,-6961,-4686,0,3288,9060,1698,0,14046,701,0,8659,4686,14046,11094770,38953760,-29905195,-20143335,0,14101600,38953760,7281045,0,60336405,3006830,0,37186240,20143335,60336405
2024-06-03,4290,4310,4265,4305,32436,0.4667444574095682,8702,0,911,-9613,0,13390,0,17363,1683,32436,4688,0,16452,11296,32436,37411505,0,3761030,-41172535,0,57496580,0,74183950,7206740,138887270,20085075,0,70422920,48379275,138887270
2024-06-04,4310,4310,4240,4260,24492,-1.0452961672473868,-3953,1000,9693,-6740,0,3161,1000,17106,3225,24492,7114,0,7413,9965,24492,-16838590,4285000,41416850,-28863260,0,13507040,4285000,73274035,13728160,104794235,30345630,0,31857185,42591420,104794235
2024-06-05,4275,4295,4250,4255,22366,-0.11737089201877934,-12417,5000,12947,-5530,0,2940,5000,14393,33,22366,15357,0,1446,5563,22366,-52814345,21300000,55090980,-23576635,0,12552400,21300000,61241660,140440,95234500,65366745,0,6150680,23717075,95234500
2024-06-07,4280,4290,4250,4270,26171,0.35252643948296125,-15498,0,17642,-2144,0,3006,0,23050,115,26171,18504,0,5408,2259,26171,-65947585,0,75071185,-9123600,0,12820325,0,98125840,489900,111436065,78767910,0,23054655,9613500,111436065
2024-06-10,4300,4300,4250,4260,13161,-0.234192037470726,-326,243,2222,-2139,0,421,243,12316,181,13161,747,0,10094,2320,13161,-1390995,1035150,9489740,-9133895,0,1791355,1035150,52588425,771060,56185990,3182350,0,43098685,9904955,56185990
2024-06-11,4250,4325,4240,4265,26347,0.11737089201877934,7803,2000,-10419,616,0,12230,2000,10126,1991,26347,4427,0,20545,1375,26347,33291640,8490000,-44371655,2590015,0,52097810,8490000,43011565,8462500,112061875,18806170,0,87383220,5872485,112061875
2024-06-12,4275,4275,4245,4260,1023,-0.11723329425556857,3,0,96,-99,0,25,0,936,62,1023,22,0,840,161,1023,12890,0,407825,-420715,0,106510,0,3974645,263810,4344965,93620,0,3566820,684525,4344965
2024-06-13,4290,4290,4230,4260,18247,0.0,-618,2947,-44,-2285,0,6028,2947,8644,628,18247,6646,0,8688,2913,18247,-2609755,12529750,-169090,-9750905,0,25623900,12529750,36707065,2663880,77524595,28233655,0,36876155,12414785,77524595
2024-06-14,4275,4275,4205,4240,61142,-0.4694835680751174,-33644,6460,31468,-4284,0,18733,6460,33767,2182,61142,52377,0,2299,6466,61142,-141739605,27266255,132654675,-18181325,0,79205735,27266255,142376920,9201995,258050905,220945340,0,9722245,27383320,258050905
2024-06-17,4240,4250,4170,4235,65910,-0.1179245283018868,-38586,12505,24069,2012,0,13992,12505,33654,5759,65910,52578,0,9585,3747,65910,-161185745,52258285,100550570,8376890,0,59045625,52258285,140981495,24193545,276478950,220231370,0,40430925,15816655,276478950
2024-06-18,4260,4260,4160,4210,62015,-0.5903187721369539,-31731,5,33355,-1629,0,11421,5,46348,4241,62015,43152,0,12993,5870,62015,-132149290,20875,138995495,-6867080,0,48035685,20875,193513870,17731830,259302260,180184975,0,54518375,24598910,259302260
2024-06-19,4230,4235,4145,4200,73014,-0.23752969121140144,-16970,3335,16018,-2383,0,21966,3335,45516,2197,73014,38936,0,29498,4580,73014,-69987190,13884420,66207525,-10104755,0,92118705,13884420,189258550,9146835,304408510,162105895,0,123051025,19251590,304408510
2024-06-20,4200,4205,4145,4195,52293,-0.11904761904761905,-26524,0,28537,-2013,0,13238,0,37782,1273,52293,39762,0,9245,3286,52293,-109882955,0,118288150,-8405195,0,55399255,0,157043610,5290675,217733540,165282210,0,38755460,13695870,217733540
2024-06-21,4195,4195,4160,4190,32239,-0.11918951132300357,1992,1000,-882,-2110,0,5007,1000,24471,1761,32239,3015,0,25353,3871,32239,8330265,4179950,-3693935,-8816280,0,20910985,4179950,102216820,7341670,134649425,12580720,0,105910755,16157950,134649425
2024-06-24,4185,4210,4160,4165,27294,-0.5966587112171837,2821,2000,-2177,-2644,0,5694,2000,19353,247,27294,2873,0,21530,2891,27294,11808560,8340000,-9116695,-11031865,0,23812760,8340000,80744540,1031990,113929290,12004200,0,89861235,12063855,113929290
2024-06-25,4190,4200,4150,4200,25634,0.8403361344537815,5509,-1350,-4361,202,0,8949,0,11424,5261,25634,3440,1350,15785,5059,25634,23139235,-5649750,-18286555,797070,0,37473145,0,47701235,21951510,107125890,14333910,5649750,65987790,21154440,107125890
2024-06-26,4200,4200,4170,4180,17428,-0.4761904761904762,13499,2,-10425,-3076,0,14488,2,2938,0,17428,989,0,13363,3076,17428,56374975,8355,-43542700,-12840630,0,60504050,8355,12265010,0,72777415,4129075,0,55807710,12840630,72777415
2024-06-27,4210,4210,4160,4200,32304,0.4784688995215311,7402,8480,-12661,-3221,0,8458,8480,15047,319,32304,1056,0,27708,3540,32304,30913585,35371000,-52841150,-13443435,0,35319955,35371000,62809095,1330105,134830155,4406370,0,115650245,14773540,134830155
2024-06-28,4175,4185,4165,4185,44569,-0.35714285714285715,3805,30000,-29998,-3807,0,4314,30000,10255,0,44569,509,0,40253,3807,44569,15915295,125547650,-125581155,-15881790,0,18042775,125547650,42788060,0,186378485,2127480,0,168369215,15881790,186378485
2024-07-01,4185,4215,4160,4205,30708,0.4778972520908005,13142,1217,-7715,-6644,0,21047,1217,4848,3596,30708,7905,0,12563,10240,30708,55288410,5082720,-32444125,-27927005,0,88282685,5082720,20206360,15030550,128602315,32994275,0,52650485,42957555,128602315
2024-07-02,4220,4220,4170,4175,13722,-0.713436385255648,1571,2,-1168,-405,0,5069,2,7837,814,13722,3498,0,9005,1219,13722,6567250,8355,-4880360,-1695245,0,21186165,8355,32705255,3401180,57300955,14618915,0,37585615,5096425,57300955
2024-07-03,4175,4210,4175,4210,23023,0.8383233532934131,15511,0,-15047,-464,0,15522,0,7371,130,23023,11,0,22418,594,23023,65084810,0,-63136330,-1948480,0,65130900,0,30887065,542750,96560715,46090,0,94023395,2491230,96560715
2024-07-04,4220,4220,4160,4210,45972,0.0,20563,2283,-22594,-252,0,25893,2283,16704,1092,45972,5330,0,39298,1344,45972,86373370,9499780,-94798915,-1074235,0,108711545,9499780,69726940,4569330,192507595,22338175,0,164525855,5643565,192507595
2024-07-05,4175,4270,4170,4265,70276,1.3064133016627077,15044,0,-16044,1000,0,21620,0,43552,5104,70276,6576,0,59596,4104,70276,63854625,0,-67856370,4001745,0,91499625,0,183275570,21387335,296162530,27645000,0,251131940,17385590,296162530
2024-07-08,4260,4280,4200,4240,35583,-0.5861664712778429,3728,4,-4007,275,0,18508,4,10792,6279,35583,14780,0,14799,6004,35583,15957835,16840,-17005550,1030875,0,78261550,16840,45467730,26462715,150208835,62303715,0,62473280,25431840,150208835
2024-07-09,4235,4295,4220,4250,48018,0.2358490566037736,21737,-2000,-23623,3886,0,26301,0,17241,4476,48018,4564,2000,40864,590,48018,92384060,-8480000,-100344405,16440345,0,111699520,0,73183000,18941780,203824300,19315460,8480000,173527405,2501435,203824300
2024-07-10,4250,4290,4195,4230,37257,-0.4705882352941176,12740,7000,-18636,-1104,0,17558,7000,9941,2758,37257,4818,0,28577,3862,37257,53887560,29520000,-78699325,-4708235,0,74163995,29520000,41893810,11615460,157193265,20276435,0,120593135,16323695,157193265
2024-07-11,4230,4275,4200,4255,31740,0.5910165484633569,27381,0,-24024,-3357,0,28522,0,1531,1687,31740,1141,0,25555,5044,31740,116386040,0,-102086065,-14299975,0,121203780,0,6458040,7143300,134805120,4817740,0,108544105,21443275,134805120
2024-07-12,4220,4290,4220,4285,31069,0.7050528789659225,24481,-2170,-22974,663,0,24620,0,5113,1336,31069,139,2170,28087,673,31069,104448285,-9287600,-97991150,2830465,0,105040975,0,21810525,5704915,132556415,592690,9287600,119801675,2874450,132556415
2024-07-15,4230,4300,4230,4300,38810,0.3500583430571762,27654,0,-29540,1886,0,29313,0,5426,4071,38810,1659,0,34966,2185,38810,118475350,0,-126552125,8076775,0,125533220,0,22974785,17412960,165920965,7057870,0,149526910,9336185,165920965
2024-07-16,4290,4300,4240,4240,54967,-1.3953488372093024,36247,0,-35575,-672,0,36266,0,18529,172,54967,19,0,54104,844,54967,155608775,0,-152725165,-2883610,0,155690145,0,78679715,738730,235108590,81370,0,231404880,3622340,235108590
2024-07-17,4240,4330,4240,4330,84003,2.1226415094339623,35963,0,-41865,5902,0,46170,0,31244,6589,84003,10207,0,73109,687,84003,155045450,0,-180475290,25429840,0,199135530,0,134491085,28390900,362017515,44090080,0,314966375,2961060,362017515
2024-07-18,4330,4335,4250,4325,80121,-0.11547344110854503,26897,0,-45550,18653,0,32429,0,26535,21157,80121,5532,0,72085,2504,80121,116349870,0,-196402185,80052315,0,140059955,0,113634630,90884495,344579080,23710085,0,310036815,10832180,344579080
2024-07-19,4320,4335,4305,4325,51551,0.0,35030,0,-33648,-1382,0,35064,0,15022,1465,51551,34,0,48670,2847,51551,151575605,0,-145596155,-5979450,0,151722170,0,64966950,6343450,223032570,146565,0,210563105,12322900,223032570
2024-07-22,4325,4325,4295,4315,24655,-0.23121387283236997,21007,0,-16627,-4380,0,21026,0,3626,3,24655,19,0,20253,4383,24655,90702950,0,-71799655,-18903295,0,90784835,0,15616590,12910,106414335,81885,0,87416245,18916205,106414335
2024-07-23,4300,4330,4300,4325,30297,0.2317497103128621,19325,9213,-27952,-586,0,19345,9213,1616,123,30297,20,0,29568,709,30297,83372705,39715900,-120562130,-2526475,0,83458895,39715900,6969950,530340,130675085,86190,0,127532080,3056815,130675085
2024-07-24,4320,4350,4315,4350,37925,0.5780346820809248,32122,0,-30979,-1143,0,32122,0,5387,416,37925,0,0,36366,1559,37925,139260375,0,-134298160,-4962215,0,139260375,0,23323665,1801280,164385320,0,0,157621825,6763495,164385320
2024-07-25,4350,4350,4260,4315,42410,-0.8045977011494253,1496,510,-5467,3461,0,12646,4010,21008,4746,42410,11150,3500,26475,1285,42410,6772770,2270630,-23836195,14792795,0,54379845,17250630,89910005,20329910,181870390,47607075,14980000,113746200,5537115,181870390
2024-07-26,4330,4350,4315,4350,25313,0.8111239860950173,17716,0,-17049,-667,0,17716,0,7459,138,25313,0,0,24508,805,25313,76643455,0,-73751050,-2892405,0,76643455,0,32255410,595470,109494335,0,0,106006460,3487875,109494335
2024-07-29,4350,4380,4330,4360,38344,0.22988505747126436,16833,-1500,-14982,-351,0,19735,0,14491,4118,38344,2902,1500,29473,4469,38344,73615405,-6517500,-65458900,-1639005,0,86230920,0,63162430,17902180,167295530,12615515,6517500,128621330,19541185,167295530
2024-07-30,4305,4380,4305,4380,42547,0.45871559633027525,23272,0,-23144,-128,0,27545,0,11300,3702,42547,4273,0,34444,3830,42547,101653625,0,-100998550,-655075,0,120187260,0,49231265,16063355,185481880,18533635,0,150229815,16718430,185481880
2024-07-31,4375,4435,4370,4430,69840,1.141552511415525,32164,-1000,-35150,3986,0,35570,0,24848,9422,69840,3406,1000,59998,5436,69840,142095925,-4380000,-155230795,17514870,0,157075045,0,109259750,41489575,307824370,14979120,4380000,264490545,23974705,307824370
2024-08-01,4425,4430,4380,4425,27455,-0.1128668171557562,7027,0,-3032,-3995,0,11359,0,15874,222,27455,4332,0,18906,4217,27455,31093410,0,-13469730,-17623680,0,50108080,0,69781830,977910,120867820,19014670,0,83251560,18601590,120867820
2024-08-02,4420,4420,4335,4340,57485,-1.92090395480226,-27776,3400,29395,-5019,0,6622,3400,39117,8346,57485,34398,0,9722,13365,57485,-120802170,14833245,128175610,-22206685,0,28928465,14833245,170726420,36315455,250803585,149730635,0,42550810,58522140,250803585
2024-08-05,4345,4345,4170,4180,131190,-3.686635944700461,-4513,3223,-18370,19660,0,32726,29363,32849,36252,131190,37239,26140,51219,16592,131190,-18588225,13462655,-77483790,82609360,0,138318540,123977370,138754170,152785980,553836060,156906765,110514715,216237960,70176620,553836060
2024-08-06,4250,4405,4165,4255,34801,1.7942583732057416,15066,-2278,-3053,-9735,0,23714,0,4913,6174,34801,8648,2278,7966,15909,34801,65052975,-9803560,-13096070,-42153345,0,102115700,0,21021995,26494515,149632210,37062725,9803560,34118065,68647860,149632210
2024-08-07,4340,4340,4250,4300,61067,1.0575793184488838,1602,-1437,-2991,2826,0,33542,0,17057,10468,61067,31940,1437,20048,7642,61067,7381405,-6224395,-13205680,12048670,0,144312535,0,73003645,44905500,262221680,136931130,6224395,86209325,32856830,262221680
2024-08-08,4270,4350,4185,4215,86443,-1.9767441860465116,-36477,0,32613,3864,0,22338,0,37782,26323,86443,58815,0,5169,22459,86443,-152923610,0,137461935,15461675,0,95996590,0,159626540,111450685,367073815,248920200,0,22164605,95989010,367073815
2024-08-09,4275,4345,4235,4250,70002,0.8303677342823249,-5504,1654,6517,-2667,0,37489,1655,14154,16704,70002,42993,1,7637,19371,70002,-22643960,7029500,27426930,-11812470,0,160238940,7033750,60173065,70984715,298430470,182882900,4250,32746135,82797185,298430470
2024-08-12,4250,4310,4220,4300,45449,1.1764705882352942,15773,-5000,-11104,331,0,23666,0,16086,5697,45449,7893,5000,27190,5366,45449,67835765,-21478190,-47529280,1171705,0,101417775,0,69013390,24180835,194612000,33582010,21478190,116542670,23009130,194612000
2024-08-13,4300,4330,4285,4325,47146,0.5813953488372093,22466,-5000,-16548,-918,0,24391,0,16926,5829,47146,1925,5000,33474,6747,47146,96926690,-21500000,-71390160,-4036530,0,105213690,0,72867955,25100290,203181935,8287000,21500000,144258115,29136820,203181935
2024-08-14,4320,4360,4320,4350,48416,0.5780346820809248,26865,-10000,-23493,6628,0,33380,0,5359,9677,48416,6515,10000,28852,3049,48416,116821810,-43500000,-102057060,28735250,0,145070320,0,23236250,41974645,210281215,28248510,43500000,125293310,13239395,210281215
2024-08-16,4345,4380,4315,4355,46381,0.11494252873563218,24631,-3409,-16678,-4544,0,32786,0,7781,5814,46381,8155,3409,24459,10358,46381,107353920,-14829150,-72652775,-19871995,0,142714275,0,33889415,25206715,201810405,35360355,14829150,106542190,45078710,201810405
2024-08-19,4355,4395,4355,4380,24081,0.5740528128587831,21794,0,-17806,-3988,0,23380,0,661,40,24081,1586,0,18467,4028,24081,95465730,0,-78010115,-17455615,0,102408835,0,2891585,174420,105474840,6943105,0,80901700,17630035,105474840
2024-08-20,4375,4385,4370,4385,28449,0.1141552511415525,12253,2718,-9357,-5614,0,14339,2718,11309,83,28449,2086,0,20666,5697,28449,53640720,11893190,-40946840,-24587070,0,62773895,11893190,49537740,363560,124568385,9133175,0,90484580,24950630,124568385
2024-08-21,4380,4390,4350,4385,46145,0.0,12798,-17917,533,4586,0,18065,35,17345,10700,46145,5267,17952,16812,6114,46145,56036895,-78092760,2228575,19827290,0,78996185,152625,75693770,46581625,201424205,22959290,78245385,73465195,26754335,201424205
2024-08-22,4380,4420,4360,4415,34357,0.6841505131128849,27217,-5602,-15688,-5927,0,28652,0,5126,579,34357,1435,5602,20814,6506,34357,119772300,-24610840,-69078650,-26082810,0,126055740,0,22548545,2551985,151156270,6283440,24610840,91627195,28634795,151156270
2024-08-23,4400,4415,4365,4390,13279,-0.5662514156285391,2414,3,-861,-1556,0,7663,3,5578,35,13279,5249,0,6439,1591,13279,10684275,13145,-3863415,-6834005,0,33643865,13145,24406360,153700,58217070,22959590,0,28269775,6987705,58217070
2024-08-26,4405,4470,4400,4445,93604,1.2528473804100226,16879,0,-24730,7851,0,34168,0,47015,12421,93604,17289,0,71745,4570,93604,75205940,0,-109952330,34746390,0,151738230,0,208588750,55029900,415356880,76532290,0,318541080,20283510,415356880
2024-08-27,4445,4495,4405,4480,63482,0.7874015748031495,11708,3523,-24626,9395,0,15926,3523,31704,12329,63482,4218,0,56330,2934,63482,52317775,15691015,-110134440,42125650,0,71122190,15691015,141439990,55185285,283438480,18804415,0,251574430,13059635,283438480
2024-08-28,4500,4500,4450,4480,39304,0.0,8197,17284,-20002,-5479,0,14311,17284,6014,1695,39304,6114,0,26016,7174,39304,36698405,77276560,-89480925,-24494040,0,64032305,77276560,26925445,7574430,175808740,27333900,0,116406370,32068470,175808740
2024-08-29,4480,4515,4470,4490,34480,0.2232142857142857,9528,-5358,3400,-7570,0,14605,0,19660,215,34480,5077,5358,16260,7785,34480,42774230,-24111000,15297850,-33961080,0,65549975,0,88433340,965525,154948840,22775745,24111000,73135490,34926605,154948840
2024-08-30,4500,4500,4410,4500,20843,0.22271714922048996,17006,-1194,-12978,-2834,0,17107,0,3713,23,20843,101,1194,16691,2857,20843,76372475,-5373000,-58274615,-12724860,0,76825475,0,16662055,103270,93590800,453000,5373000,74936670,12828130,93590800
2024-09-02,4455,4500,4455,4500,30535,0.0,12429,0,-7156,-5273,0,12429,0,18083,23,30535,0,0,25239,5296,30535,55862120,0,-32168285,-23693835,0,55862120,0,81347200,103385,137312705,0,0,113515485,23797220,137312705
2024-09-03,4500,4515,4455,4510,26184,0.2222222222222222,12831,-6846,-6125,140,0,14190,0,10839,1155,26184,1359,6846,16964,1015,26184,57871520,-30807000,-27690075,625555,0,63978060,0,48764605,5194765,117937430,6106540,30807000,76454680,4569210,117937430
2024-09-04,4505,4510,4405,4480,27387,-0.6651884700665188,15192,0,-13609,-1583,0,17590,0,7742,2055,27387,2398,0,21351,3638,27387,68163255,0,-61069690,-7093565,0,78924885,0,34552380,9266180,122743445,10761630,0,95622070,16359745,122743445
2024-09-05,4435,4500,4435,4470,18429,-0.2232142857142857,1421,0,-2316,895,0,5095,0,12225,1109,18429,3674,0,14541,214,18429,6477715,0,-10475750,3998035,0,22895665,0,54835770,4959945,82691380,16417950,0,65311520,961910,82691380
2024-09-06,4490,4500,4430,4500,16302,0.6711409395973155,4340,0,-3678,-662,0,10841,0,3790,1671,16302,6501,0,7468,2333,16302,19625060,0,-16599715,-3025345,0,48518605,0,16849295,7428200,72796100,28893545,0,33449010,10453545,72796100
2024-09-09,4495,4520,4410,4480,24928,-0.4444444444444444,-2163,0,2482,-319,0,10046,0,11224,3658,24928,12209,0,8742,3977,24928,-9203620,0,10855750,-1652130,0,44909770,0,49873595,16185890,110969255,54113390,0,39017845,17838020,110969255
2024-09-10,4445,4490,4420,4460,22702,-0.4464285714285714,-4083,0,6739,-2656,0,7231,0,13954,1517,22702,11314,0,7215,4173,22702,-18047045,0,29929675,-11882630,0,32224095,0,62127525,6722965,101074585,50271140,0,32197850,18605595,101074585
2024-09-11,4465,4480,4425,4480,37013,0.4484304932735426,2653,4,-2957,300,0,18458,4,12722,5829,37013,15805,0,15679,5529,37013,12035360,17770,-13306935,1253805,0,82267345,17770,56464670,25959325,164709110,70231985,0,69771605,24705520,164709110
2024-09-12,4480,4510,4475,4495,41413,0.33482142857142855,24339,0,-31884,7545,0,25321,0,7410,8682,41413,982,0,39294,1137,41413,109283955,0,-143197330,33913375,0,113683105,0,33265415,39017190,185965710,4399150,0,176462745,5103815,185965710
2024-09-13,4495,4515,4445,4500,37818,0.11123470522803114,15399,0,-18654,3255,0,17632,0,15788,4398,37818,2233,0,34442,1143,37818,69259700,0,-83825720,14566020,0,79231120,0,70817015,19711760,169759895,9971420,0,154642735,5145740,169759895
2024-09-19,4500,4510,4455,4500,53695,0.0,15973,-2802,-12787,-384,0,27197,0,23130,3368,53695,11224,2802,35917,3752,53695,71776250,-12623010,-57423725,-1729515,0,122260015,0,104022930,15110545,241393490,50483765,12623010,161446655,16840060,241393490
2024-09-20,4465,4530,4465,4520,118824,0.4444444444444444,26076,0,-36575,10499,0,42108,0,61531,15185,118824,16032,0,98106,4686,118824,117570090,0,-164737810,47167720,0,189731450,0,277343840,68270095,535345385,72161360,0,442081650,21102375,535345385
2024-09-23,4515,4540,4490,4540,55219,0.4424778761061947,10099,0,-11483,1384,0,21809,0,29160,4250,55219,11710,0,40643,2866,55219,45601505,0,-51823015,6221510,0,98348365,0,131816505,19129655,249294525,52746860,0,183639520,12908145,249294525
