날짜,시가,고가,저가,종가,거래량,등락률,기관합계_거래량_순매수,기타법인_거래량_순매수,개인_거래량_순매수,외국인합계_거래량_순매수,전체_거래량_순매수,기관합계_거래량_매수,기타법인_거래량_매수,개인_거래량_매수,외국인합계_거래량_매수,전체_거래량_매수,기관합계_거래량_매도,기타법인_거래량_매도,개인_거래량_매도,외국인합계_거래량_매도,전체_거래량_매도,기관합계_거래대금_순매수,기타법인_거래대금_순매수,개인_거래대금_순매수,외국인합계_거래대금_순매수,전체_거래대금_순매수,기관합계_거래대금_매수,기타법인_거래대금_매수,개인_거래대금_매수,외국인합계_거래대금_매수,전체_거래대금_매수,기관합계_거래대금_매도,기타법인_거래대금_매도,개인_거래대금_매도,외국인합계_거래대금_매도,전체_거래대금_매도
2019-01-02,1089,1112,1075,1109,948854,2.590194264569843,2,0,41042,-41044,0,2,0,885813,5856,891671,0,0,844771,46900,891671,2320,0,47431890,-47434210,0,2320,0,1027616555,6758275,1034377150,0,0,980184665,54192485,1034377150
2019-01-03,1108,1112,1065,1081,829895,-2.5247971145175834,2,0,33288,-33290,0,2,0,757304,22575,779881,0,0,724016,55865,779881,2360,0,38928895,-38931255,0,2360,0,877783220,25973365,903758945,0,0,838854325,64904620,903758945
2019-01-04,1070,1169,1065,1165,1837214,7.770582793709528,2,0,-49403,49401,0,2,0,1620093,106400,1726495,0,0,1669496,56999,1726495,2340,0,-58235280,58232940,0,2340,0,1946400225,126508300,2072910865,0,0,2004635505,68275360,2072910865
2019-01-07,1188,1258,1178,1235,2745615,6.008583690987124,-1459,0,19555,-18096,0,2,0,2459472,120677,2580151,1461,0,2439917,138773,2580151,-1896940,0,25323230,-23426290,0,2600,0,3174858685,156091875,3330953160,1899540,0,3149535455,179518165,3330953160
2019-01-08,1240,1277,1212,1250,2329409,1.214574898785425,-748,0,51250,-50502,0,2,0,2116206,72819,2189027,750,0,2064956,123321,2189027,-999130,0,67686875,-66687745,0,2620,0,2807013350,96949710,2903965680,1001750,0,2739326475,163637455,2903965680
2019-01-09,1244,1263,1216,1235,858925,-1.2,-192,-200000,217962,-17770,0,2,0,761844,45316,807162,194,200000,543882,63086,807162,-250540,-263863670,287784140,-23669930,0,2630,0,1004704170,59794165,1064500965,253170,263863670,716920030,83464095,1064500965
2019-01-10,1240,1240,1160,1175,1146557,-4.8582995951417,2,0,-26097,26095,0,2172,0,1013786,61502,1077460,2170,0,1039883,35407,1077460,-8290,0,-32846545,32854835,0,2769310,0,1284024080,78152475,1364945865,2777600,0,1316870625,45297640,1364945865
2019-01-11,1178,1216,1150,1212,830829,3.148936170212766,-64,-7,-43724,43795,0,9827,0,710284,60648,780759,9891,7,754008,16853,780759,-130105,-8750,-53647805,53786660,0,12103655,0,897847825,75394310,985345790,12233760,8750,951495630,21607650,985345790
2019-01-14,1160,1197,1137,1184,1421316,-2.31023102310231,23,0,-36727,36704,0,3371,0,1225829,106460,1335660,3348,0,1262556,69756,1335660,11265,0,-43835190,43823925,0,4079085,0,1512832205,131191370,1648102660,4067820,0,1556667395,87367445,1648102660
2019-01-15,1174,1183,1117,1151,956111,-2.7871621621621623,2,0,-11481,11479,0,3281,0,849863,45347,898491,3279,0,861344,33868,898491,-13945,0,-14068965,14082910,0,4052015,0,1036235035,55510505,1095797555,4065960,0,1050304000,41427595,1095797555
2019-01-16,1150,1155,1080,1109,1160863,-3.6490008688097304,2,0,-46316,46314,0,10455,0,1005475,74974,1090904,10453,0,1051791,28660,1090904,-49855,0,-54451580,54501435,0,12127360,0,1184237575,88502050,1284866985,12177215,0,1238689155,34000615,1284866985
2019-01-17,1099,1103,1052,1052,869239,-5.139765554553652,4,0,-93907,93903,0,3560,0,708952,104342,816854,3556,0,802859,10439,816854,-13160,0,-107321845,107335005,0,4040680,0,806269240,119195220,929505140,4053840,0,913591085,11860215,929505140
2019-01-18,1061,1089,1042,1085,624266,3.1368821292775664,2,0,18118,-18120,0,2,0,564585,22058,586645,0,0,546467,40178,586645,2280,0,21222505,-21224785,0,2280,0,639225335,24658705,663886320,0,0,618002830,45883490,663886320
2019-01-21,1084,1089,1057,1071,481850,-1.2903225806451613,31,4764,26046,-30841,0,31,4764,445506,2510,452811,0,0,419460,33351,452811,35370,5498060,29802300,-35335730,0,35370,5498060,508412920,2852230,516798580,0,0,478610620,38187960,516798580
2019-01-22,1065,1099,1052,1095,1038950,2.2408963585434174,0,0,-9874,9874,0,0,0,925843,50494,976337,0,0,935717,40620,976337,0,0,-11625550,11625550,0,0,0,1064546540,58345310,1122891850,0,0,1076172090,46719760,1122891850
2019-01-23,1099,1099,1075,1090,379671,-0.45662100456621,2,0,25654,-25656,0,3246,0,347938,5606,356790,3244,0,322284,31262,356790,-13910,0,29746085,-29732175,0,3716690,0,401884760,6458600,412060050,3730600,0,372138675,36190775,412060050
2019-01-24,1089,1094,1065,1085,410217,-0.45871559633027525,2,0,6248,-6250,0,2,0,376366,9127,385495,0,0,370118,15377,385495,2310,0,7200775,-7203085,0,2310,0,432687035,10456275,443145620,0,0,425486260,17659360,443145620
2019-01-25,1084,1094,1052,1067,725235,-1.6589861751152075,2,0,36247,-36249,0,2,0,671159,10368,681529,0,0,634912,46617,681529,2280,0,41523005,-41525285,0,2280,0,763414285,11796670,775213235,0,0,721891280,53321955,775213235
2019-01-28,1052,1065,1005,1019,1725924,-4.498594189315839,2,0,-102028,102026,0,3655,0,1491129,127127,1621911,3653,0,1593157,25101,1621911,-16055,0,-113482185,113498240,0,4057040,0,1645739045,141078180,1790874265,4073095,0,1759221230,27579940,1790874265
2019-01-29,1019,1061,981,1047,1609154,2.747791952894995,2,100000,-162987,62985,0,2,100000,1303711,108465,1512178,0,0,1466698,45480,1512178,2200,105000000,-173222765,68220565,0,2200,105000000,1425726750,117997070,1648726020,0,0,1598949515,49776505,1648726020
2019-01-30,1061,1099,1019,1057,1701630,0.9551098376313276,2,-4000,-18066,22064,0,7325,0,1447261,144495,1599081,7323,4000,1465327,122431,1599081,-34335,-4466485,-18905005,23405825,0,8039315,0,1643114600,163024765,1814178680,8073650,4466485,1662019605,139618940,1814178680
2019-01-31,1042,1047,1000,1010,1389916,-4.446546830652791,7,0,3077,-3084,0,7,4040,1246256,55850,1306153,0,4040,1243179,58934,1306153,7635,60600,3462290,-3530525,0,7635,4423800,1350494115,60334375,1415259925,0,4363200,1347031825,63864900,1415259925
2019-02-01,1009,1009,962,992,935283,-1.782178217821782,117,430,-95061,94514,0,117,430,738787,139584,878918,0,0,833848,45070,878918,121265,449350,-99131475,98560860,0,121265,449350,770314580,145240525,916125720,0,0,869446055,46679665,916125720
2019-02-07,1005,1019,952,964,1517230,-2.82258064516129,16,0,-89593,89577,0,10960,0,1265457,149378,1425795,10944,0,1355050,59801,1425795,-38200,0,-91505665,91543865,0,11274370,0,1321468550,154860685,1487603605,11312570,0,1412974215,63316820,1487603605
2019-02-08,967,981,939,968,830402,0.4149377593360996,-26,100000,-157384,57410,0,7926,100000,604050,68382,780358,7952,0,761434,10972,780358,-66050,100000000,-158635025,58701075,0,8044790,100000000,616916330,70008575,794969695,8110840,0,775551355,11307500,794969695
2019-02-11,967,981,939,982,1299942,1.4462809917355373,4,0,-50914,50910,0,2025,0,1148263,71313,1221601,2021,0,1199177,20403,1221601,-6045,0,-51173975,51180020,0,2025060,0,1168539060,72028425,1242592545,2031105,0,1219713035,20848405,1242592545
2019-02-12,995,1000,949,968,856753,-1.4256619144602851,3,0,118020,-118023,0,3964,0,793346,7811,805121,3961,0,675326,125834,805121,-16685,0,123130900,-123114215,0,4023535,0,821674020,8028215,833725770,4040220,0,698543120,131142430,833725770
2019-02-13,972,1024,962,1024,1462546,5.785123966942149,4,2000,32894,-34898,0,4,2000,1324085,48316,1374405,0,0,1291191,83214,1374405,4300,2160000,36259075,-38423375,0,4300,2160000,1415317865,50938530,1468420695,0,0,1379058790,89361905,1468420695
2019-02-14,1028,1032,1000,1024,833070,0.0,2,-1000,93966,-92968,0,2,0,765854,17009,782865,0,1000,671888,109977,782865,2170,-1085000,101750225,-100667395,0,2170,0,829890285,18343970,848236425,0,1085000,728140060,119011365,848236425
2019-02-15,1028,1028,967,987,1149376,-3.61328125,2,-1000,5773,-4775,0,2,0,1007314,72793,1080109,0,1000,1001541,77568,1080109,2120,-1060000,7070325,-6012445,0,2120,0,1061993225,76304920,1138300265,0,1060000,1054922900,82317365,1138300265
2019-02-18,990,990,949,972,905257,-1.5197568389057752,2,0,-36060,36058,0,2,0,795608,55092,850702,0,0,831668,19034,850702,2080,0,-37153535,37151455,0,2080,0,815943140,56766980,872712200,0,0,853096675,19615525,872712200
2019-02-19,972,977,933,964,1333328,-0.823045267489712,4602,0,-67127,62525,0,9132,0,1128348,115495,1252975,4530,0,1195475,52970,1252975,4643510,0,-67718330,63074820,0,9161459,0,1139838809,116636740,1265637008,4517949,0,1207557139,53561920,1265637008
2019-02-20,962,962,939,954,496548,-1.0373443983402488,2,0,25156,-25158,0,2,0,459648,6974,466624,0,0,434492,32132,466624,2040,0,25387020,-25389060,0,2040,0,465120255,7068395,472190690,0,0,439733235,32457455,472190690
2019-02-21,952,952,934,949,887560,-0.5241090146750524,-78,0,-45891,45969,0,2,0,730506,103564,834072,80,0,776397,57595,834072,-77990,0,-46451481,46529471,0,2010,0,731746884,103967496,835716390,80000,0,778198365,57438025,835716390
2019-02-22,957,957,929,939,829014,-1.053740779768177,2,4,30114,-30120,0,10917,4,730485,37647,779053,10915,0,700371,67767,779053,-8905,3992,29893193,-29888280,0,10866905,3992,728864564,37661521,777396982,10875810,0,698971371,67549801,777396982
2019-02-25,939,939,925,931,1263668,-0.8519701810436635,22,50240,-37671,-12591,0,18520,50240,1088056,30697,1187513,18498,0,1125727,43288,1187513,16016,49637120,-37202288,-12450848,0,18311501,49637120,1076901447,30428793,1175278861,18295485,0,1114103735,42879641,1175278861
2019-02-26,927,936,895,909,1420437,-2.3630504833512354,2,-274,63017,-62745,0,17056,280,1282661,34837,1334834,17054,554,1219644,97582,1334834,59622,-272004,60563897,-60351515,0,16649508,268800,1242637607,33793930,1293349845,16589886,540804,1182073710,94145445,1293349845
2019-02-27,908,927,907,924,446928,1.65016501650165,1,0,-51230,51229,0,14201,0,349139,56654,419994,14200,0,400369,5425,419994,-9214,0,-50005862,50015076,0,13822290,0,341790354,55333862,410946506,13831504,0,391796216,5318786,410946506
2019-02-28,920,957,911,912,1334128,-1.2987012987012987,-4598,0,55170,-50572,0,2,0,1133893,119832,1253727,4600,0,1078723,170404,1253727,-4643970,0,54177780,-49533810,0,2030,0,1134787408,120766287,1255555725,4646000,0,1080609628,170300097,1255555725
2019-03-04,952,952,919,931,252802,2.083333333333333,42,0,-42245,42203,0,11723,0,177993,47851,237567,11681,0,220238,5648,237567,29915,0,-41980475,41950560,0,11561828,0,176892746,47564637,236019211,11531913,0,218873221,5614077,236019211
2019-03-05,927,938,911,921,311933,-1.0741138560687433,2,-195,-11319,11512,0,25830,5,244366,22933,293134,25828,200,255685,11421,293134,-17977,-192090,-11055655,11265722,0,25371966,4910,240165781,22499914,288042571,25389943,197000,251221436,11234192,288042571
2019-03-06,931,931,916,921,257523,0.0,1052,0,-1003,-49,0,6183,0,223418,12402,242003,5131,0,224421,12451,242003,1027947,0,-1031110,3163,0,6076822,0,219333490,12214579,237624891,5048875,0,220364600,12211416,237624891
2019-03-07,917,936,906,913,407017,-0.8686210640608035,-1043,0,15359,-14316,0,18372,0,341968,22148,382488,19415,0,326609,36464,382488,-982597,0,15024289,-14041692,0,18039372,0,333877800,21667303,373584475,19021969,0,318853511,35708995,373584475
2019-03-08,912,922,895,907,426999,-0.6571741511500547,2,0,18521,-18523,0,42547,0,336118,22601,401266,42545,0,317597,41124,401266,3606,0,17935430,-17939036,0,41050874,0,323921335,21887565,386859774,41047268,0,305985905,39826601,386859774
2019-03-11,899,913,890,897,347554,-1.1025358324145533,63,0,-23613,23550,0,5312,0,288528,32769,326609,5249,0,312141,9219,326609,112046,0,-22621967,22509921,0,5129976,0,275498210,31307580,311935766,5017930,0,298120177,8797659,311935766
2019-03-12,897,915,897,907,265273,1.1148272017837235,9522,-200,-49432,40110,0,25987,0,175610,47690,249287,16465,200,225042,7580,249287,9254937,-193000,-47703224,38641287,0,25112522,0,169725870,46000221,240838613,15857585,193000,217429094,7358934,240838613
2019-03-13,911,916,899,900,170512,-0.7717750826901874,9721,0,-20797,11076,0,25642,0,114031,20563,160236,15921,0,134828,9487,160236,9388948,0,-20059880,10670932,0,24730287,0,109845582,19799783,154375652,15341339,0,129905462,9128851,154375652
2019-03-14,897,914,894,909,240612,1.0,-1712,0,-51815,53527,0,15969,0,155454,54689,226112,17681,0,207269,1162,226112,-1664617,0,-49832443,51497060,0,15343190,0,149735372,52617464,217696026,17007807,0,199567815,1120404,217696026
2019-03-15,914,914,889,892,420779,-1.87018701870187,10845,3,23514,-34362,0,10967,3,363174,21277,395421,122,0,339660,55639,395421,10384422,2868,22503285,-32890575,0,10502640,2868,347502788,20330051,378338347,118218,0,324999503,53220626,378338347
2019-03-18,894,908,894,907,209121,1.6816143497757847,15340,0,-43462,28122,0,15471,0,146510,34537,196518,131,0,189972,6415,196518,14772439,0,-41791195,27018756,0,14897675,0,140510548,33167430,188575653,125236,0,182301743,6148674,188575653
2019-03-19,910,913,899,899,258631,-0.8820286659316428,6995,0,-9205,2210,0,15430,0,210497,17118,243045,8435,0,219702,14908,243045,6718677,0,-8800031,2081354,0,14829470,0,202238540,16432531,233500541,8110793,0,211038571,14351177,233500541
2019-03-20,910,911,890,912,455023,1.4460511679644048,125,50000,-35937,-14188,0,27762,50000,322471,27368,427601,27637,0,358408,41556,427601,112917,47500000,-34068926,-13543991,0,26533266,47500000,308300973,26097959,408432198,26420349,0,342369899,39641950,408432198
2019-03-21,911,911,895,895,332130,-1.8640350877192982,5,13,18775,-18793,0,12526,13,294816,4760,312115,12521,0,276041,23553,312115,27038,12501,17996571,-18036110,0,12003950,12501,282438806,4553896,299009153,11976912,0,264442235,22590006,299009153
2019-03-22,902,902,889,896,337002,0.11173184357541899,25,50001,-41613,-8413,0,4919,50001,255233,6540,316693,4894,0,296846,14953,316693,28740,47400950,-39440181,-7989509,0,4687969,47400950,242573961,6226958,300889838,4659229,0,282014142,14216467,300889838
2019-03-25,888,891,878,880,271757,-1.7857142857142856,65,15,23908,-23988,0,6203,15,242107,7055,255380,6138,0,218199,31043,255380,76235,14144,22449458,-22539837,0,5859837,14144,227870119,6650645,240394745,5783602,0,205420661,29190482,240394745
2019-03-26,879,882,872,876,150626,-0.45454545454545453,291,13349,-10900,-2740,0,4553,13349,120019,3628,141549,4262,0,130919,6368,141549,267417,12414570,-10117779,-2564208,0,4256649,12414570,111876412,3383453,131931084,3989232,0,121994191,5947661,131931084
2019-03-27,882,883,873,877,241922,0.1141552511415525,14,6058,-5669,-403,0,5211,7065,207382,7684,227342,5197,1007,213051,8087,227342,7833,5623870,-5285416,-346287,0,4869706,6570450,193446125,7178229,212064510,4861873,946580,198731541,7524516,212064510
2019-03-28,873,875,868,870,255510,-0.798175598631699,30,39586,-28525,-11091,0,30,40597,199377,107,240111,0,1011,227902,11198,240111,27928,36780035,-26523330,-10284633,0,27928,37715210,184681174,99617,222523929,0,935175,211204504,10384250,222523929
2019-03-29,870,874,863,867,289007,-0.3448275862068966,-19982,10000,13501,-3519,0,13073,10000,242298,6219,271590,33055,0,228797,9738,271590,-18410358,9190000,12474030,-3253672,0,12035903,9190000,223346526,5751220,250323649,30446261,0,210872496,9004892,250323649
2019-04-01,866,873,864,867,252026,0.0,13382,0,-34275,20893,0,18505,0,197430,20902,236837,5123,0,231705,9,236837,12327578,0,-31651499,19323921,0,17068497,0,182291823,19332291,218692611,4740919,0,213943322,8370,218692611
2019-04-02,872,872,865,867,258499,0.0,4965,5,-3323,-1647,0,8238,5,229004,5673,242920,3273,0,232327,7320,242920,4590873,4615,-3075870,-1519618,0,7611840,4615,211509367,5241510,224367332,3020967,0,214585237,6761128,224367332
2019-04-03,872,883,865,882,236731,1.7301038062283738,12374,3,-31071,18694,0,24557,3,177089,20815,222464,12183,0,208160,2121,222464,11459131,2781,-28882393,17420481,0,22786607,2781,165346272,19384788,207520448,11327476,0,194228665,1964307,207520448
2019-04-04,884,884,865,882,661743,0.0,70418,30,-13905,-56543,0,99107,30,518598,4128,621863,28689,0,532503,60671,621863,65707449,27845,-13139853,-52595441,0,92299000,27845,482312371,3832378,578471594,26591551,0,495452224,56427819,578471594
2019-04-05,882,892,873,883,236945,0.11337868480725624,-13,9200,6224,-15411,0,12400,9200,200916,150,222666,12413,0,194692,15561,222666,-24648,8591115,5912631,-14479098,0,11579708,8591115,188299330,141880,208612033,11604356,0,182386699,14620978,208612033
2019-04-08,882,897,881,892,218310,1.0192525481313703,21,-300,3740,-3461,0,3813,0,189505,11835,205153,3792,300,185765,15296,205153,15945,-284400,3470076,-3201621,0,3584216,0,179069527,11242772,193896515,3568271,284400,175599451,14444393,193896515
2019-04-09,892,895,882,886,220153,-0.672645739910314,127,-9200,18983,-9910,0,127,0,205209,1549,206885,0,9200,186226,11459,206885,119964,-8671477,17926702,-9375189,0,119964,0,193978336,1463147,195561447,0,8671477,176051634,10838336,195561447
2019-04-10,889,889,874,884,203160,-0.2257336343115124,197,100,103,-400,0,17170,100,172182,1464,190916,16973,0,172079,1864,190916,186599,93600,100926,-381125,0,16089241,93600,161269010,1371509,178823360,15902642,0,161168084,1752634,178823360
2019-04-11,878,889,876,884,172060,0.0,57,0,-14272,14215,0,8243,0,135256,18192,161691,8186,0,149528,3977,161691,45300,0,-13357155,13311855,0,7728963,0,126881253,17048546,151658762,7683663,0,140238408,3736691,151658762
2019-04-12,882,886,877,879,305494,-0.5656108597285068,11319,697,3752,-15768,0,11346,700,267751,7287,287084,27,3,263999,23055,287084,10638983,653783,3491500,-14784266,0,10664344,656600,251196369,6842908,269360221,25361,2817,247704869,21627174,269360221
2019-04-15,882,885,873,881,339554,0.22753128555176336,3,0,-2637,2634,0,13599,0,286980,18512,319091,13596,0,289617,15878,319091,-7245,0,-2417417,2424662,0,12702044,0,268574925,17318674,298595643,12709289,0,270992342,14894012,298595643
2019-04-16,879,879,870,877,362261,-0.4540295119182747,127,0,-1906,1779,0,127,0,320540,19762,340429,0,0,322446,17983,340429,118235,0,-1777194,1658959,0,118235,0,298219917,18413261,316751413,0,0,299997111,16754302,316751413
2019-04-17,877,901,875,895,821774,2.0524515393386547,4751,-880,-90330,86459,0,27919,0,650132,94199,772250,23168,880,740462,7740,772250,4495465,-840400,-85541245,81886180,0,26370099,0,614866001,89152845,730388945,21874634,840400,700407246,7266665,730388945
2019-04-18,902,910,882,894,337807,-0.11173184357541899,-4562,0,44270,-39708,0,12747,0,301466,3236,317449,17309,0,257196,42944,317449,-4321843,0,42375250,-38053407,0,12125801,0,287737540,3100104,302963445,16447644,0,245362290,41153511,302963445
2019-04-19,897,897,882,887,325757,-0.7829977628635347,1647,5,5128,-6780,0,9726,5,285934,10461,306126,8079,0,280806,17241,306126,1548350,4720,4901792,-6454862,0,9177860,4720,270601047,9870295,289653922,7629510,0,265699255,16325157,289653922
2019-04-22,886,901,882,892,288902,0.5636978579481398,-1593,0,-48408,50001,0,8695,0,211443,51353,271491,10288,0,259851,1352,271491,-1515307,0,-45990073,47505380,0,8256218,0,201088158,48786009,258130385,9771525,0,247078231,1280629,258130385
2019-04-23,898,920,892,893,589076,0.11210762331838565,-30,0,-2828,2858,0,15724,0,513926,23926,553576,15754,0,516754,21068,553576,-26389,0,-2698628,2725017,0,15045308,0,493276752,22965359,531287419,15071697,0,495975380,20240342,531287419
2019-04-24,894,900,886,887,209186,-0.6718924972004479,37,1581,-8239,6621,0,12588,1581,167957,14454,196580,12551,0,176196,7833,196580,22539,1500211,-7747170,6224420,0,11961857,1500211,159527885,13687547,186677500,11939318,0,167275055,7463127,186677500
2019-04-25,888,898,879,888,285361,0.11273957158962795,57,0,28189,-28246,0,3537,0,258774,5853,268164,3480,0,230585,34099,268164,50270,0,26545300,-26595570,0,3340770,0,243800420,5524232,252665422,3290500,0,217255120,32119802,252665422
2019-04-26,885,895,863,873,674316,-1.6891891891891893,277,14930,-49397,34190,0,54844,15510,527452,35873,633679,54567,580,576849,1683,633679,267474,13739245,-45632169,31625450,0,50854369,14287345,489794763,33204374,588140851,50586895,548100,535426932,1578924,588140851
2019-04-29,873,879,872,878,141285,0.572737686139748,5320,1168,-10624,4136,0,15117,1168,109614,6872,132771,9797,0,120238,2736,132771,4937763,1087408,-9872147,3846976,0,14054445,1087408,102032974,6393470,123568297,9116682,0,111905121,2546494,123568297
2019-04-30,876,884,869,876,266681,-0.22779043280182232,3236,44,9325,-12605,0,13201,44,231124,6240,250609,9965,0,221799,18845,250609,3018760,40822,8765386,-11824968,0,12303535,40822,214753705,5789334,232887396,9284775,0,205988319,17614302,232887396
2019-05-02,877,878,869,877,223526,0.1141552511415525,10077,540,-9895,-722,0,16629,540,190060,2826,210055,6552,0,199955,3548,210055,9327213,500580,-9147726,-680067,0,15405621,500580,176298776,2617454,194822431,6078408,0,185446502,3297521,194822431
2019-05-03,875,876,873,875,115068,-0.22805017103762829,12,0,306,-318,0,12,0,107702,420,108134,0,0,107396,738,108134,11162,0,285634,-296796,0,11162,0,100197604,391020,100599786,0,0,99911970,687816,100599786
2019-05-07,869,879,869,875,168689,0.0,32,-3743,-24118,27829,0,32,5,129848,28638,158523,0,3748,153966,809,158523,29786,-3492234,-22419203,25881651,0,29786,4650,121016602,26639041,147690079,0,3496884,143435805,757390,147690079
2019-05-08,873,881,869,871,129007,-0.4571428571428572,16,0,3227,-3243,0,556,0,119291,1385,121232,540,0,116064,4628,121232,14324,0,2991757,-3006081,0,515984,0,110686101,1289429,112491514,501660,0,107694344,4295510,112491514
2019-05-09,871,876,856,860,515078,-1.2629161882893225,17,16500,18095,-34612,0,2514,16500,458347,6676,484037,2497,0,440252,41288,484037,13251,15180000,16927385,-32120636,0,2332964,15180000,423022934,6156013,446691911,2319713,0,406095549,38276649,446691911
2019-05-10,861,870,854,859,268563,-0.11627906976744186,44,28169,-16967,-11246,0,44,28169,214078,10087,252378,0,0,231045,21333,252378,40226,25665840,-15447520,-10258546,0,40226,25665840,195279955,9213224,230199245,0,0,210727475,19471770,230199245
2019-05-13,858,872,856,862,159572,0.3492433061699651,2,0,-19553,19551,0,5432,0,120885,23639,149956,5430,0,140438,4088,149956,4008,0,-17874266,17870258,0,4975718,0,110531298,21607057,137114073,4971710,0,128405564,3736799,137114073
2019-05-14,854,866,854,862,205619,0.0,7,10005,-26749,16737,0,7700,10005,154692,20831,193228,7693,0,181441,4094,193228,4008,9104555,-24405658,15297095,0,7023051,9104555,141081811,19032012,176241429,7019043,0,165487469,3734917,176241429
2019-05-15,868,868,856,861,135159,-0.11600928074245939,12,0,764,-776,0,3777,0,113558,9679,127014,3765,0,112794,10455,127014,7261,0,687447,-694708,0,3456001,0,104012885,8885060,116353946,3448740,0,103325438,9579768,116353946
2019-05-16,860,873,859,865,343247,0.4645760743321719,-5674,30,-38441,44085,0,5651,30,268216,48665,322562,11325,0,306657,4580,322562,-5285079,27780,-35505995,40763294,0,5212305,27780,248127762,45006482,298374329,10497384,0,283633757,4243188,298374329
2019-05-17,868,872,863,866,203874,0.11560693641618498,13866,30,10781,-24677,0,14844,30,169064,7649,191587,978,0,158283,32326,191587,12769614,27660,9935712,-22732986,0,13670352,27660,155985189,7069475,176752676,900738,0,146049477,29802461,176752676
2019-05-20,869,869,855,859,210985,-0.8083140877598153,10002,36,-21764,11726,0,21498,36,147293,29443,198270,11496,0,169057,17717,198270,9215257,33153,-20141533,10893123,0,19760715,33153,135186427,27089552,182069847,10545458,0,155327960,16196429,182069847
2019-05-21,857,871,852,858,168849,-0.11641443538998836,116,35,-2051,1900,0,4522,35,136877,17239,158673,4406,0,138928,15339,158673,101494,31945,-1862209,1728770,0,4119766,31945,124885299,15735212,144772222,4018272,0,126747508,14006442,144772222
2019-05-22,859,867,854,862,168048,0.4662004662004662,0,8817,-14868,6051,0,488,8817,135453,13163,157921,488,0,150321,7112,157921,-1082,8023560,-13538522,5516044,0,446520,8023560,124408916,12052714,144931710,447602,0,137947438,6536670,144931710
2019-05-23,866,867,853,857,215754,-0.580046403712297,2550,4099,3125,-9774,0,8794,4099,173860,15998,202751,6244,0,170735,25772,202751,2321227,3730285,2883312,-8934824,0,8020142,3730285,158577192,14594964,184922583,5698915,0,155693880,23529788,184922583
2019-05-24,855,859,852,859,206311,0.2333722287047841,-2498,-965,-7810,11273,0,1985,35,172120,19737,193877,4483,1000,179930,8464,193877,-2277655,-877030,-7131976,10286661,0,1808341,31970,156669155,17989357,176498823,4085996,909000,163801131,7702696,176498823
2019-05-27,862,867,852,860,73590,0.11641443538998836,5,35,-277,237,0,2276,35,66605,240,69156,2271,0,66882,3,69156,2276,32000,-249931,215655,0,2071157,32000,60645331,218400,62966888,2068881,0,60895262,2745,62966888
2019-05-28,863,863,853,858,124240,-0.23255813953488372,7,0,-2164,2157,0,6999,0,104408,5346,116753,6992,0,106572,3189,116753,-621,0,-1957058,1957679,0,6367301,0,95007763,4866380,106241444,6367922,0,96964821,2908701,106241444
2019-05-29,857,859,850,855,152768,-0.34965034965034963,817,135,12090,-13042,0,817,135,136102,6508,143562,0,0,124012,19550,143562,741855,122605,10977249,-11841709,0,741855,122605,123567819,5913477,130345756,0,0,112590570,17755186,130345756
2019-05-30,852,857,846,852,246210,-0.3508771929824561,7,10030,-11663,1626,0,7,10030,208390,12945,231372,0,0,220053,11319,231372,6336,9087090,-10545052,1451626,0,6336,9087090,188476932,11719541,209289899,0,0,199021984,10267915,209289899
2019-05-31,850,853,845,850,261202,-0.2347417840375587,7,10014,-31197,21176,0,4447,10014,208451,22549,245461,4440,0,239648,1373,245461,1882,9022652,-28147051,19122517,0,4006762,9022652,188119196,20367757,221516367,4004880,0,216266247,1245240,221516367
2019-06-03,849,849,839,846,204699,-0.4705882352941176,16,10040,-9656,-400,0,1162,10040,176731,4430,192363,1146,0,186387,4830,192363,13733,8985890,-8645067,-354556,0,1044633,8985890,158727655,3987000,172745178,1030900,0,167372722,4341556,172745178
2019-06-04,841,845,835,841,327754,-0.5910165484633569,22,10040,-1464,-8598,0,22,10040,286929,11011,308002,0,0,288393,19609,308002,19646,8935730,-1301569,-7653807,0,19646,8935730,256068337,9838060,274861773,0,0,257369906,17491867,274861773
2019-06-05,841,848,836,846,135555,0.5945303210463734,-46,20,-14975,15001,0,13674,20,89361,24331,127386,13720,0,104336,9330,127386,-68531,17960,-13362679,13413250,0,12256070,17960,80279222,21828907,114382159,12324601,0,93641901,8415657,114382159
2019-06-07,849,849,840,846,169450,0.0,2,35,-5348,5311,0,5796,35,145668,7739,159238,5794,0,151016,2428,159238,-3990,31485,-4784799,4757304,0,5193228,31485,130771994,6942099,142938806,5197218,0,135556793,2184795,142938806
2019-06-10,845,848,840,846,127298,0.0,4,15,-3070,3051,0,4,15,113829,5778,119626,0,0,116899,2727,119626,3594,13480,-2774655,2757581,0,3594,13480,102211636,5200976,107429686,0,0,104986291,2443395,107429686
2019-06-11,848,849,843,849,162107,0.3546099290780142,2,60,-32273,32211,0,2,60,116238,36037,152337,0,0,148511,3826,152337,1804,54000,-29143659,29087855,0,1804,54000,104884649,32538641,137479094,0,0,134028308,3450786,137479094
2019-06-12,847,886,847,873,560056,2.8268551236749118,2028,0,-10908,8880,0,14879,0,456242,55184,526305,12851,0,467150,46304,526305,1933103,0,-10063962,8130859,0,13741855,0,420489047,50807742,485038644,11808752,0,430553009,42676883,485038644
2019-06-13,874,875,865,873,159349,0.0,7,35,11852,-11894,0,7,35,141811,7893,149746,0,0,129959,19787,149746,6484,32380,10965576,-11004440,0,6484,32380,131358689,7322905,138720458,0,0,120393113,18327345,138720458
2019-06-14,874,881,864,867,198074,-0.6872852233676976,3961,914,-6584,1709,0,16079,915,166020,3123,186137,12118,1,172604,1414,186137,3653634,845480,-6070617,1571503,0,14892816,846413,153916368,2884102,172539699,11239182,933,159986985,1312599,172539699
2019-06-17,871,871,860,864,223506,-0.34602076124567477,-8445,2030,-10160,16575,0,4371,2030,184451,19184,210036,12816,0,194611,2609,210036,-7812257,1868418,-9384805,15328644,0,4008245,1868418,169817202,17738491,193432356,11820502,0,179202007,2409847,193432356
2019-06-18,864,882,863,868,244373,0.4629629629629629,5542,30,-5372,-200,0,13877,30,212178,3561,229646,8335,0,217550,3761,229646,5131777,27660,-5008161,-151276,0,12839813,27660,196133713,3319365,212320551,7708036,0,201141874,3470641,212320551
2019-06-19,874,874,866,867,80340,-0.1152073732718894,-498,3010,-647,-1865,0,268,3010,72218,3,75499,766,0,72865,1868,75499,-461414,2781240,-595842,-1723984,0,247902,2781240,66795711,2772,69827625,709316,0,67391553,1726756,69827625
2019-06-20,867,873,864,873,225858,0.6920415224913495,7,5000,-10345,5338,0,7,5000,198082,9157,212246,0,0,208427,3819,212246,6450,4600000,-9559984,4953534,0,6450,4600000,183362883,8491810,196461143,0,0,192922867,3538276,196461143
2019-06-21,873,874,864,869,167345,-0.45819014891179843,-19,5000,777,-5758,0,10195,5000,140274,1791,157260,10214,0,139497,7549,157260,-18164,4600000,751055,-5332891,0,9410992,4600000,129451042,1656424,145118458,9429156,0,128699987,6989315,145118458
2019-06-24,869,872,862,867,164724,-0.23014959723820483,2,10,-4804,4792,0,6738,10,143257,4792,154797,6736,0,148061,0,154797,-4886,9210,-4421982,4417658,0,6218708,9210,131966105,4417658,142611681,6223594,0,136388087,0,142611681
2019-06-25,872,872,855,860,245225,-0.8073817762399077,10815,30,67243,-78088,0,22614,30,207491,312,230447,11799,0,140248,78400,230447,9927588,27600,61738717,-71693905,0,20759785,27600,190622553,287022,211696960,10832197,0,128883836,71980927,211696960
2019-06-26,859,866,853,860,143803,0.0,-11166,6,13699,-2539,0,7,6,135124,0,135137,11173,0,121425,2539,135137,-10186936,5472,12495760,-2314296,0,6376,5472,123251378,0,123263226,10193312,0,110755618,2314296,123263226
2019-06-27,861,867,852,860,195182,0.0,2265,20,14408,-16693,0,2293,20,169600,11507,183420,28,0,155192,28200,183420,2069445,18235,13105988,-15193668,0,2095093,18235,154930116,10561913,167605357,25648,0,141824128,25755581,167605357
2019-06-28,864,864,849,864,149060,0.46511627906976744,-1306,0,14322,-13016,0,2107,0,136675,1295,140077,3413,0,122353,14311,140077,-1186793,0,13070566,-11883773,0,1924737,0,124406052,1177155,127507944,3111530,0,111335486,13060928,127507944
2019-07-01,869,869,857,864,161798,0.0,7,0,814,-821,0,13619,0,134639,3790,152048,13612,0,133825,4611,152048,-2831,0,750938,-748107,0,12474903,0,123515147,3479220,139469270,12477734,0,122764209,4227327,139469270
2019-07-02,860,864,857,863,52505,-0.11574074074074073,-725,5,4174,-3454,0,7,5,48248,1081,49341,732,0,44074,4535,49341,-666299,4570,3822176,-3160447,0,6409,4570,44161131,990150,45162260,672708,0,40338955,4150597,45162260
2019-07-03,865,868,859,864,144571,0.11587485515643105,-211,5,-12,218,0,2660,5,130833,2360,135858,2871,0,130845,2142,135858,-196561,4575,-10500,202486,0,2436572,4575,120297186,2168840,124907173,2633133,0,120307686,1966354,124907173
2019-07-04,864,866,858,865,174987,0.11574074074074073,2,5,432,-439,0,2,5,154127,10307,164441,0,0,153695,10746,164441,1834,4575,363785,-370194,0,1834,4575,141590197,9480880,151077486,0,0,141226412,9851074,151077486
2019-07-05,865,879,864,868,227247,0.3468208092485549,360,0,-17085,16725,0,5429,0,187919,20204,213552,5069,0,205004,3479,213552,366795,0,-15882123,15515328,0,5053482,0,173530339,18723158,197306979,4686687,0,189412462,3207830,197306979
2019-07-08,870,872,852,863,224961,-0.5760368663594471,7,-17,288,-278,0,7,173,208482,2742,211404,0,190,208194,3020,211404,6415,-15342,239195,-230268,0,6415,158318,190738780,2518968,193422481,0,173660,190499585,2749236,193422481
2019-07-09,861,866,847,855,252045,-0.9269988412514484,-79,5,34490,-34416,0,11147,195,220663,4851,236856,11226,190,186173,39267,236856,-54478,4720,31282920,-31233162,0,10140532,177240,200097587,4399318,214814677,10195010,172520,168814667,35632480,214814677
2019-07-10,849,865,849,855,88462,0.0,1042,37,5557,-6636,0,2110,37,78946,2038,83131,1068,0,73389,8674,83131,944032,33495,5028052,-6005579,0,1912708,33495,71543941,1848861,75339005,968676,0,66515889,7854440,75339005
2019-07-11,850,857,850,855,66057,0.0,106,-27,-728,649,0,4523,5,48735,8813,62076,4417,32,49463,8164,62076,92039,-24555,-654965,587481,0,4098259,4530,44262890,7993391,56359070,4006220,29085,44917855,7405910,56359070
2019-07-12,860,861,847,860,154875,0.5847953216374269,7,5,-15281,15269,0,5028,37,124925,15552,145542,5021,32,140206,283,145542,1332,4210,-13927356,13921814,0,4552159,33490,113623538,14179204,132388391,4550827,29280,127550894,257390,132388391
2019-07-15,854,858,848,851,72797,-1.0465116279069768,33,39,3343,-3415,0,8441,39,55947,3982,68409,8408,0,52604,7397,68409,26601,35383,3045333,-3107317,0,7649805,35383,50704676,3607326,61997190,7623204,0,47659343,6714643,61997190
2019-07-16,849,851,845,848,115571,-0.35252643948296125,0,0,8780,-8780,0,2,0,107005,1599,108606,2,0,98225,10379,108606,2,0,7929223,-7929225,0,1806,0,96531364,1450293,97983463,1804,0,88602141,9379518,97983463
2019-07-17,846,849,831,850,679670,0.2358490566037736,800,20157,63307,-84264,0,17996,20337,583986,16391,638710,17196,180,520679,100655,638710,762932,17876982,56799359,-75439273,0,16061238,18039634,520688771,14617907,569407550,15298306,162652,463889412,90057180,569407550
2019-07-18,848,848,837,848,110718,-0.2352941176470588,-496,5,12356,-11865,0,52,5,99966,4022,104045,548,0,87610,15887,104045,-446450,4495,11099102,-10657147,0,46558,4495,89926071,3619800,93596924,493008,0,78826969,14276947,93596924
2019-07-19,846,848,837,848,172628,0.0,-434,0,-18848,19282,0,6,0,139059,23159,162224,440,0,157907,3877,162224,-390608,0,-16969113,17359721,0,5392,0,125044769,20836935,145887096,396000,0,142013882,3477214,145887096
2019-07-22,842,854,838,848,127970,0.0,7,5,-1476,1464,0,12846,5,102179,5228,120258,12839,0,103655,3764,120258,-6563,4485,-1295952,1298030,0,11493838,4485,91636404,4690683,107825410,11500401,0,92932356,3392653,107825410
2019-07-23,846,851,841,848,106957,0.0,900,15,6064,-6979,0,12675,15,87658,163,100511,11775,0,81594,7142,100511,797995,13505,5470644,-6282144,0,11388679,13505,78827642,146374,90376200,10590684,0,73356998,6428518,90376200
2019-07-24,846,851,836,837,139569,-1.2971698113207548,-52,10,15798,-15756,0,6460,10,121339,3349,131158,6512,0,105541,19105,131158,-47220,8950,14127505,-14089235,0,5778618,8950,108528046,3007015,117322629,5825838,0,94400541,17096250,117322629
2019-07-25,837,844,826,837,198836,0.0,2,10000,8224,-18226,0,2,10000,172728,4124,186854,0,0,164504,22350,186854,1774,8800000,7309701,-16111475,0,1774,8800000,152652804,3658694,165113272,0,0,145343103,19770169,165113272
2019-07-26,836,840,826,829,116830,-0.955794504181601,-488,30,18448,-17990,0,2,30,105130,4628,109790,490,0,86682,22618,109790,-431888,26530,16340303,-15934945,0,1762,26530,92840570,4082583,96951445,433650,0,76500267,20017528,96951445
2019-07-29,834,834,804,806,388422,-2.7744270205066344,40658,30045,-44077,-26626,0,40670,30565,284017,9762,365014,12,520,328094,36388,365014,35171761,26029130,-38001561,-23199330,0,35182200,26476130,246636274,8481875,316776479,10439,447000,284637835,31681205,316776479
2019-07-30,799,817,799,808,239153,0.24813895781637718,35161,0,-38829,3668,0,52559,0,155972,16209,224740,17398,0,194801,12541,224740,30151913,0,-33259812,3107899,0,45073721,0,133812261,13904479,192790461,14921808,0,167072073,10796580,192790461
2019-07-31,825,835,797,817,106753,1.1138613861386137,181,30,3797,-4008,0,8342,30,83283,8665,100320,8161,0,79486,12673,100320,214955,25820,3257740,-3498515,0,7242228,25820,71431829,7453610,86153487,7027273,0,68174089,10952125,86153487
2019-08-01,817,817,802,812,128265,-0.6119951040391677,61,20,18004,-18085,0,14619,20,103813,2083,120535,14558,0,85809,20168,120535,83915,17220,15445419,-15546554,0,12591458,17220,89109522,1792580,103510780,12507543,0,73664103,17339134,103510780
2019-08-02,811,813,798,811,118253,-0.12315270935960591,-224,111,31829,-31716,0,2682,111,101997,6337,111127,2906,0,70168,38053,111127,-187314,95425,27229756,-27137867,0,2300895,95425,87323376,5434011,95153707,2488209,0,60093620,32571878,95153707
2019-08-05,802,826,751,777,424314,-4.192355117139334,-3150,40040,-34167,-2723,0,12724,40040,332690,13289,398743,15874,0,366857,16012,398743,-2470839,33698150,-28803978,-2423333,0,10821581,33698150,278551684,11203806,334275221,13292420,0,307355662,13627139,334275221
2019-08-06,765,778,741,763,212792,-1.8018018018018018,35262,20,-40207,4925,0,37500,20,132796,29652,199968,2238,0,173003,24727,199968,28180100,16090,-32095461,3899271,0,30006999,16090,107128071,23741031,160892191,1826899,0,139223532,19841760,160892191
2019-08-07,753,783,753,772,214857,1.1795543905635648,220,553,-4524,3751,0,30924,553,147743,22689,201909,30704,0,152267,18938,201909,234161,446271,-3520755,2840323,0,25112535,446271,119411873,18334162,163304841,24878374,0,122932628,15493839,163304841
2019-08-08,779,779,760,776,112230,0.5181347150259068,-216,20,4099,-3903,0,8068,20,91954,5424,105466,8284,0,87855,9327,105466,-189128,16230,3375444,-3202546,0,6578590,16230,75365997,4426448,86387265,6767718,0,71990553,7628994,86387265
2019-08-09,783,784,769,774,95184,-0.25773195876288657,4755,20,12410,-17185,0,11859,20,76560,1009,89448,7104,0,64150,18194,89448,3901524,16470,10288102,-14206096,0,9749531,16470,63103218,828988,73698207,5848007,0,52815116,15035084,73698207
2019-08-12,776,776,764,776,122864,0.2583979328165375,-4645,0,9472,-4827,0,16337,0,96896,2227,115460,20982,0,87424,7054,115460,-3822944,0,7782458,-3959514,0,13355479,0,79284743,1818793,94459015,17178423,0,71502285,5778307,94459015
2019-08-13,776,776,764,771,78423,-0.6443298969072164,-1488,10,8296,-6818,0,10175,10,59995,3517,73697,11663,0,51699,10335,73697,-1208979,8170,6763097,-5562288,0,8316470,8170,49012249,2880714,60217603,9525449,0,42249152,8443002,60217603
2019-08-14,774,778,767,774,42427,0.38910505836575876,777,0,5624,-6401,0,5732,0,34138,0,39870,4955,0,28514,6401,39870,649892,0,4595985,-5245877,0,4712550,0,27976885,0,32689435,4062658,0,23380900,5245877,32689435
2019-08-16,771,773,760,774,155345,0.0,-151,10,9553,-9412,0,14356,10,122680,8937,145983,14507,0,113127,18349,145983,-125322,8110,7784666,-7667454,0,11702784,8110,99815249,7283896,118810039,11828106,0,92030583,14951350,118810039
2019-08-19,778,820,764,813,793929,5.038759689922481,58689,5,-27075,-31619,0,101282,5,606593,38203,746083,42593,0,633668,69822,746083,51156306,4320,-25292256,-25868370,0,86912412,4320,512985482,32560643,632462857,35756106,0,538277738,58429013,632462857
2019-08-20,812,864,800,853,749240,4.920049200492005,-682,-990,60172,-58500,0,31995,10,660107,11975,704087,32677,1000,599935,70475,704087,-577085,-884420,52846863,-51385358,0,27461434,8580,583012524,10312593,620795131,28038519,893000,530165661,61697951,620795131
2019-08-21,869,869,840,850,342597,-0.3516998827667058,2,4,11983,-11989,0,13256,1010,297413,10271,321950,13254,1006,285430,22260,321950,-11436,555,10924918,-10914037,0,12041394,910015,270321325,9347727,292620461,12052830,909460,259396407,20261764,292620461
2019-08-22,850,850,823,824,293398,-3.058823529411765,-6075,0,2263,3812,0,21607,1000,243514,9595,275716,27682,1000,241251,5783,275716,-5212827,18000,1833773,3361054,0,19293959,895000,215427167,8511922,244128048,24506786,877000,213593394,5150868,244128048
2019-08-23,826,849,802,836,805278,1.4563106796116505,-5642,5,16114,-10477,0,31260,5,673930,51553,756748,36902,0,657816,62030,756748,-4898560,4360,14067483,-9173283,0,27932309,4360,598852258,45877832,672666759,32830869,0,584784775,55051115,672666759
2019-08-26,808,834,808,822,72059,-1.674641148325359,-266,457,8151,-8342,0,6,457,60844,6409,67716,272,0,52693,14751,67716,-231150,397565,7035720,-7202135,0,5218,397565,52765849,5570078,58738710,236368,0,45730129,12772213,58738710
2019-08-27,815,831,815,823,73124,0.12165450121654502,801,5,8542,-9348,0,15695,5,50569,2449,68718,14894,0,42027,11797,68718,715338,4365,7489474,-8209177,0,13740798,4365,44239571,2142527,60127261,13025460,0,36750097,10351704,60127261
2019-08-28,835,845,814,843,147265,2.4301336573511545,141,10,8908,-9059,0,25528,10,109699,3153,138390,25387,0,100791,12212,138390,16954,8705,7932007,-7957666,0,22328629,8705,96882140,2749977,121969451,22311675,0,88950133,10707643,121969451
2019-08-29,820,846,814,825,229178,-2.135231316725979,-733,10,28771,-28048,0,29970,10,179683,5703,215366,30703,0,150912,33751,215366,-573923,8705,25043876,-24478658,0,26254560,8705,157122126,4996435,188381826,26828483,0,132078250,29475093,188381826
2019-08-30,833,835,814,828,121668,0.36363636363636365,281,10,4371,-4662,0,21307,10,87775,5243,114335,21026,0,83404,9905,114335,266424,8730,3853063,-4128217,0,18744153,8730,77280598,4611749,100645230,18477729,0,73427535,8739966,100645230
2019-09-02,827,836,821,830,112053,0.24154589371980675,2545,10,-1070,-1485,0,23524,10,79442,2325,105301,20979,0,80512,3810,105301,2242876,8760,-943658,-1307978,0,20676693,8760,69903658,2041164,92630275,18433817,0,70847316,3349142,92630275
2019-09-03,834,864,824,861,254410,3.734939759036145,-3006,5,-1383,4384,0,9750,5,220586,8737,239078,12756,0,221969,4353,239078,-2650488,4395,-1140041,3786134,0,8615920,4395,198616710,7707852,214944877,11266408,0,199756751,3921718,214944877
2019-09-04,858,858,845,850,115143,-1.2775842044134729,-8529,10,17932,-9413,0,13801,10,94393,0,108204,22330,0,76461,9413,108204,-7718604,9020,16235479,-8525895,0,12486617,9020,85357449,0,97853086,20205221,0,69121970,8525895,97853086
2019-09-05,848,866,845,860,654717,1.1764705882352942,-708,5,54943,-54240,0,4064,5,605286,5906,615261,4772,0,550343,60146,615261,-643604,4505,50148053,-49508954,0,3663615,4505,553230134,5434927,562333181,4307219,0,503082081,54943881,562333181
2019-09-06,864,870,852,860,206495,0.0,-3404,5,15535,-12136,0,9293,5,181903,2850,194051,12697,0,166368,14986,194051,-3118703,4540,14256059,-11141896,0,8465402,4540,167225675,2595321,178290938,11584105,0,152969616,13737217,178290938
2019-09-09,860,914,851,914,795735,6.279069767441861,-3931,-20711,37981,-13339,0,4556,5,739409,3810,747780,8487,20716,701428,17149,747780,-3655986,-19672844,35927772,-12598942,0,4156158,4540,701433717,3469936,709064351,7812144,19677384,665505945,16068878,709064351
2019-09-10,906,936,846,847,10807475,-7.330415754923414,59040,722,-410261,350499,0,199467,20006,9520575,416115,10156163,140427,19284,9930836,65616,10156163,56134260,-756960,-388031298,332653998,0,189588390,18025656,9028958017,395298925,9631870988,133454130,18782616,9416989315,62644927,9631870988
2019-09-11,861,873,835,853,319685,0.7083825265643447,-25,12,7926,-7913,0,10137,12,266938,23332,300419,10162,0,259012,31245,300419,-14143,10806,7157900,-7154563,0,9171268,10806,240496204,21120325,270798603,9185411,0,233338304,28274888,270798603
2019-09-16,845,872,845,869,277539,1.875732708089097,-14371,10,9369,4992,0,26345,10,225394,9064,260813,40716,0,216025,4072,260813,-13148041,9070,8602203,4536768,0,24007882,9070,205475937,8272582,237765471,37155923,0,196873734,3735814,237765471
2019-09-17,862,881,857,864,1165501,-0.5753739930955121,-1081,10,-18580,19651,0,49583,10,1015472,30197,1095262,50664,0,1034052,10546,1095262,-949339,9220,-17046491,17986610,0,45680397,9220,931897104,27730277,1005316998,46629736,0,948943595,9743667,1005316998
2019-09-18,864,869,850,867,234293,0.3472222222222222,259,9,13909,-14177,0,36384,9,182758,1022,220173,36125,0,168849,15199,220173,231046,8220,12770436,-13009702,0,33286681,8220,167117426,933039,201345366,33055635,0,154346990,13942741,201345366
2019-09-19,862,870,854,863,164013,-0.461361014994233,-165,20,10053,-9908,0,5396,20,148713,0,154129,5561,0,138660,9908,154129,-165622,18405,9250612,-9103395,0,4942613,18405,136299755,0,141260773,5108235,0,127049143,9103395,141260773
2019-09-20,863,865,855,864,181835,0.11587485515643105,328,5686,-4227,-1787,0,15382,5686,149559,250,170877,15054,0,153786,2037,170877,280073,5225884,-3862513,-1643444,0,14065897,5225884,136929617,229502,156450900,13785824,0,140792130,1872946,156450900
2019-09-23,861,869,856,860,128231,-0.4629629629629629,-485,-995,1031,449,0,4671,5,96667,19160,120503,5156,1000,95636,18711,120503,-441496,-911410,988687,364219,0,4286431,4590,88466976,17527449,110285446,4727927,916000,87478289,17163230,110285446
2019-09-24,865,865,854,862,104209,0.23255813953488372,-2427,5,15029,-12607,0,4403,1005,91021,1500,97929,6830,1000,75992,14107,97929,-2218326,-3418,13724240,-11502496,0,4015546,914580,83060294,1368000,89358420,6233872,917998,69336054,12870496,89358420
2019-09-25,862,865,850,855,149055,-0.8120649651972157,488,5,11220,-11713,0,12749,1005,122680,3638,140072,12261,1000,111460,15351,140072,470988,5555,10273714,-10750257,0,11606167,915555,111761498,3304707,127587927,11135179,910000,101487784,14054964,127587927
2019-09-26,857,864,851,858,153769,0.3508771929824561,-484,0,-2514,2998,0,16,0,140116,4370,144502,500,0,142630,1372,144502,-441914,0,-2278336,2720250,0,14622,0,127627834,3977890,131620346,456536,0,129906170,1257640,131620346
2019-09-27,857,860,850,859,80399,0.11655011655011654,-19,0,1910,-1891,0,3745,0,66489,5320,75554,3764,0,64579,7211,75554,-21052,0,1742223,-1721171,0,3406992,0,60581160,4846160,68834312,3428044,0,58838937,6567331,68834312
2019-09-30,858,858,849,859,103985,0.0,70,12,-4489,4407,0,4430,12,88862,4414,97718,4360,0,93351,7,97718,53768,10950,-4067249,4002531,0,4009188,10950,80763977,4008912,88793027,3955420,0,84831226,6381,88793027
2019-10-01,853,863,851,853,152457,-0.6984866123399301,894,500,10719,-12113,0,5501,500,132999,4269,143269,4607,0,122280,16382,143269,827217,453500,9774524,-11055241,0,5017475,453500,121230871,3891180,130593026,4190258,0,111456347,14946421,130593026
2019-10-02,848,857,846,853,65653,0.0,-893,5,7471,-6583,0,7,5,61682,3,61697,900,0,54211,6586,61697,-808163,4520,6753055,-5949412,0,6337,4520,55753833,2709,55767399,814500,0,49000778,5952121,55767399
2019-10-04,847,851,845,852,71223,-0.11723329425556857,114,5,-417,298,0,8867,5,57617,442,66931,8753,0,58034,144,66931,101876,4515,-375218,268827,0,8006905,4515,52011201,399186,60421807,7905029,0,52386419,130359,60421807
2019-10-07,850,858,846,853,83918,0.11737089201877934,-87,853,6366,-7132,0,9746,855,65129,3130,78860,9833,2,58763,10262,78860,-73947,771098,5749121,-6446272,0,8824551,772910,58929951,2829184,71356596,8898498,1812,53180830,9275456,71356596
2019-10-08,846,856,846,852,102433,-0.11723329425556857,-45,1455,-1274,-136,0,21131,1455,70575,3099,96260,21176,0,71849,3235,96260,-75155,1316770,-1109185,-132430,0,19109865,1316770,63913920,2799921,87140476,19185020,0,65023105,2932351,87140476
2019-10-10,850,855,845,850,139217,-0.2347417840375587,27,4827,14011,-18865,0,4447,4827,121553,0,130827,4420,0,107542,18865,130827,29099,4349141,12651276,-17029516,0,4020083,4349141,109658166,0,118027390,3990984,0,97006890,17029516,118027390
2019-10-11,848,854,843,851,168087,0.1176470588235294,-20002,10016,15687,-5701,0,4421,10016,143521,0,157958,24423,0,127834,5701,157958,-18166231,9014417,14321519,-5169705,0,3983335,9014417,129728642,0,142726394,22149566,0,115407123,5169705,142726394
2019-10-14,854,857,846,854,56691,0.35252643948296125,-39,5521,-1202,-4280,0,6844,5521,40909,0,53274,6883,0,42111,4280,53274,-35566,4999406,-1085099,-3878741,0,6187496,4999406,37031888,0,48218790,6223062,0,38116987,3878741,48218790
2019-10-15,859,874,850,863,418183,1.053864168618267,-29998,2,9662,20334,0,16359,2,352407,24213,392981,46357,0,342745,3879,392981,-27548523,1814,8798155,18748554,0,15006121,1814,323553093,22301368,360862396,42554644,0,314754938,3552814,360862396
2019-10-16,864,868,859,864,86958,0.11587485515643105,44,3149,5740,-8933,0,4426,3149,73873,270,81718,4382,0,68133,9203,81718,46910,2889354,5254436,-8190700,0,4067388,2889354,67813123,247948,75017813,4020478,0,62558687,8438648,75017813
2019-10-17,866,881,856,872,666835,0.9259259259259258,879,26,-13712,12807,0,37173,26,574234,15215,626648,36294,0,587946,2408,626648,870382,23914,-12710802,11816506,0,34234165,23914,532055351,14046000,580359430,33363783,0,544766153,2229494,580359430
2019-10-18,875,875,860,869,213805,-0.34403669724770647,1993,10187,15344,-27524,0,15752,10187,172981,2000,200920,13759,0,157637,29524,200920,1829110,9385822,14200502,-25415434,0,14524004,9385822,159303137,1838044,185051007,12694894,0,145102635,27253478,185051007
2019-10-21,869,871,857,860,162031,-1.0356731875719216,2005,4830,11511,-18346,0,3832,4830,143604,0,152266,1827,0,132093,18346,152266,1836771,4433610,10544584,-16814965,0,3506649,4433610,131521316,0,139461575,1669878,0,120976732,16814965,139461575
2019-10-22,865,869,857,864,97898,0.46511627906976744,-131,-712,843,0,0,8723,290,82985,0,91998,8854,1002,82142,0,91998,-120977,-653485,774462,0,0,8003349,265349,76121728,0,84390426,8124326,918834,75347266,0,84390426
2019-10-23,872,874,862,863,252104,-0.11574074074074073,3935,0,11580,-15515,0,7232,0,227566,2113,236911,3297,0,215986,17628,236911,3621936,0,10791204,-14413140,0,6664318,0,210239663,1949562,218853543,3042382,0,199448459,16362702,218853543
2019-10-24,863,871,857,861,82449,-0.2317497103128621,-4320,-3000,7497,-177,0,1554,0,75926,0,77480,5874,3000,68429,177,77480,-3973867,-2747000,6883353,-162486,0,1421920,0,69548883,0,70970803,5395787,2747000,62665530,162486,70970803
2019-10-25,861,864,858,860,107585,-0.11614401858304298,7,-1000,2235,-1242,0,1436,0,97852,1813,101101,1429,1000,95617,3055,101101,4984,-916004,2048858,-1137838,0,1313948,0,89660795,1659397,92634140,1308964,916004,87611937,2797235,92634140
2019-10-28,863,867,856,859,101805,-0.11627906976744186,558,1781,-3054,715,0,558,4781,87155,3176,95670,0,3000,90209,2461,95670,511130,1623504,-2791096,656462,0,511130,4368504,79771779,2906695,87558108,0,2745000,82562875,2250233,87558108
2019-10-29,858,862,855,862,129220,0.3492433061699651,4,-3000,3845,-849,0,736,0,120678,18,121432,732,3000,116833,867,121432,2930,-2744368,3519355,-777917,0,672710,0,110274569,16455,110963734,669780,2744368,106755214,794372,110963734
2019-10-30,862,887,851,860,1102554,-0.23201856148491878,687,3018,41695,-45400,0,27058,3018,993242,12791,1036109,26371,0,951547,58191,1036109,641522,2796210,39229103,-42666835,0,24933366,2796210,919519271,11726399,958975246,24291844,0,880290168,54393234,958975246
2019-10-31,863,866,856,860,253184,0.0,19507,-6999,-16734,4226,0,23644,1,208321,5960,237926,4137,7000,225055,1734,237926,17804281,-6403839,-15268653,3868211,0,21586999,918,190619675,5453300,217660892,3782718,6404757,205888328,1585089,217660892
2019-11-01,862,862,854,860,189375,0.0,-188,1,1378,-1191,0,4283,1,173678,0,177962,4471,0,172300,1191,177962,-177716,916,1263124,-1086324,0,3910385,916,158411181,0,162322482,4088101,0,157148057,1086324,162322482
2019-11-04,859,866,856,861,138011,0.11627906976744186,-1000,-4109,-1009,6118,0,8232,1,115343,6118,129694,9232,4110,116352,0,129694,-933002,-3772283,-905484,5610769,0,7538035,917,105773653,5610769,118923374,8471037,3773200,106679137,0,118923374
2019-11-05,863,863,853,855,287562,-0.6968641114982579,5057,-874,-17390,13207,0,13849,16,243160,13207,270232,8792,890,260550,0,270232,4597279,-802029,-15853241,12057991,0,12606791,14602,221831611,12057991,246510995,8009512,816631,237684852,0,246510995
2019-11-06,860,860,853,860,129049,0.5847953216374269,-993,-4998,4900,1091,0,6035,2,114144,1091,121272,7028,5000,109244,0,121272,-916682,-4563180,4487052,992810,0,5503932,1820,104216379,992810,110714941,6420614,4565000,99729327,0,110714941
2019-11-07,861,870,854,864,405391,0.46511627906976744,-6785,11,-626,7400,0,30090,11,332117,18742,380960,36875,0,332743,11342,380960,-6347815,10102,-436715,6774428,0,27591901,10102,305097605,17201341,349900949,33939716,0,305534320,10426913,349900949
2019-11-08,864,869,857,864,212202,0.0,-6584,-9990,-13240,29814,0,957,10,165951,32496,199414,7541,10000,179191,2682,199414,-6067856,-9187810,-12153260,27408926,0,877971,9190,152626700,29884412,183398273,6945827,9197000,164779960,2475486,183398273
2019-11-11,864,867,860,866,279201,0.23148148148148145,-10028,-9994,22192,-2170,0,1,6,262261,107,262375,10029,10000,240069,2277,262375,-9241622,-9185783,20423705,-1996300,0,921,5511,241184218,98540,241289190,9242543,9191294,220760513,2094840,241289190
2019-11-12,863,873,862,862,303520,-0.4618937644341801,3006,-4754,22628,-20880,0,10006,10,275161,52,285229,7000,4764,252533,20932,285229,2727520,-4368916,20826500,-19185104,0,9205520,9200,253267832,47840,262530392,6478000,4378116,232441332,19232944,262530392
2019-11-13,871,879,863,874,462944,1.3921113689095126,-11360,30000,-24331,5691,0,42127,30000,355679,7239,435045,53487,0,380010,1548,435045,-10743878,27827600,-22318456,5234734,0,38893921,27827600,329796507,6678130,403196158,49637799,0,352114963,1443396,403196158
2019-11-14,871,890,866,891,767422,1.9450800915331807,-135498,21195,92828,21475,0,2204,21195,668255,29520,721174,137702,0,575427,8045,721174,-127144982,19940125,86926054,20278803,0,2045197,19940125,627040743,27816569,676842634,129190179,0,540114689,7537766,676842634
2019-11-15,890,890,877,887,258755,-0.44893378226711567,-105,8820,-3834,-4881,0,17018,8820,217323,0,243161,17123,0,221157,4881,243161,-101627,8326310,-3630355,-4594328,0,16022217,8326310,204151858,0,228500385,16123844,0,207782213,4594328,228500385
2019-11-18,883,887,865,869,373282,-2.029312288613303,-29406,979,64012,-35585,0,27844,2010,320923,10,350787,57250,1031,256911,35595,350787,-27194840,902284,59210626,-32918070,0,25775800,1867300,298210657,9370,325863127,52970640,965016,239000031,32927440,325863127
2019-11-19,866,877,863,867,256345,-0.23014959723820483,-10372,5,3519,6848,0,18206,5,211197,11488,240896,28578,0,207678,4640,240896,-9626082,4620,3318872,6302590,0,16791771,4620,195278688,10617790,222692869,26417853,0,191959816,4315200,222692869
2019-11-20,867,868,859,867,281600,0.0,102525,0,-112228,9703,0,116723,0,137796,10110,264629,14198,0,250024,407,264629,94475631,0,-103402880,8927249,0,107519183,0,126707695,9302503,243529381,13043552,0,230110575,375254,243529381
2019-11-21,867,872,857,865,440115,-0.2306805074971165,107434,5,-125412,17973,0,128335,5,266834,18417,413591,20901,0,392246,444,413591,98844448,4595,-115290902,16441859,0,118002304,4595,244864806,16850783,379722488,19157856,0,360155708,408924,379722488
2019-11-22,865,869,859,863,122804,-0.23121387283236997,-195,0,16300,-16105,0,5,0,115398,0,115403,200,0,99098,16105,115403,-179808,0,15009025,-14829217,0,4592,0,106081932,0,106086524,184400,0,91072907,14829217,106086524
2019-11-25,864,873,859,866,201970,0.34762456546929316,32651,-2000,-35022,4371,0,50124,0,135302,4372,189798,17473,2000,170324,1,189798,29881452,-1838000,-32047275,4003823,0,45927863,0,124315845,4004752,174248460,16046411,1838000,156363120,929,174248460
2019-11-26,866,869,860,860,177200,-0.6928406466512702,-27969,5,27978,-14,0,7624,5,158892,0,166521,35593,0,130914,14,166521,-25639296,4585,25647619,-12908,0,7016213,4585,145891053,0,152911851,32655509,0,120243434,12908,152911851
2019-11-27,866,866,860,866,119627,0.6976744186046512,3239,1,-3240,0,0,3276,1,109141,0,112418,37,0,112381,0,112418,2966823,918,-2967741,0,0,3000826,918,100346111,0,103347855,34003,0,103313852,0,103347855
2019-11-28,869,869,860,862,228854,-0.4618937644341801,3254,3,-6128,2871,0,5280,3,205349,4430,215062,2026,0,211477,1559,215062,2998164,2766,-5643952,2643022,0,4862084,2766,188613716,4080408,197558974,1863920,0,194257668,1437386,197558974
2019-11-29,869,873,861,861,202828,-0.11600928074245939,7489,0,-8712,1223,0,11972,0,173362,5270,190604,4483,0,182074,4047,190604,6904237,0,-8027200,1122963,0,11038148,0,159802118,4869822,175710088,4133911,0,167829318,3746859,175710088
2019-12-02,864,866,860,861,111335,0.0,64289,-10000,-54289,0,0,69578,0,35048,0,104626,5289,10000,89337,0,104626,58960337,-9170000,-49790337,0,0,63816928,0,32196652,0,96013580,4856591,9170000,81986989,0,96013580
2019-12-03,861,863,859,860,67587,-0.11614401858304298,3138,1,-941,-2198,0,5138,1,58375,0,63514,2000,0,59316,2198,63514,2871830,917,-859379,-2013368,0,4707830,917,53499329,0,58208076,1836000,0,54358708,2013368,58208076
2019-12-04,865,865,859,861,178145,0.11627906976744186,62757,0,-62757,0,0,63457,0,103952,0,167409,700,0,166709,0,167409,57420975,0,-57420975,0,0,58063175,0,95222560,0,153285735,642200,0,152643535,0,153285735
2019-12-05,861,871,860,861,338260,0.0,11732,0,-42232,30500,0,24639,0,262230,31006,317875,12907,0,304462,506,317875,10772872,0,-38826496,28053624,0,22645106,0,241239193,28521827,292406126,11872234,0,280065689,468203,292406126
2019-12-06,869,871,858,866,494787,0.5807200929152149,101776,-40502,-59968,-1306,0,122030,0,341707,1232,464969,20254,40502,401675,2538,464969,93115164,-37406338,-54489614,-1219212,0,111756048,0,314251796,1130976,427138820,18640884,37406338,368741410,2350188,427138820
2019-12-09,866,868,860,865,125286,-0.11547344110854503,-2900,-30495,43771,-10376,0,135,10003,107484,114,117736,3035,40498,63713,10490,117736,-2664935,-28067799,40278882,-9546148,0,124300,9202763,98873683,104652,108305398,2789235,37270562,58594801,9650800,108305398
2019-12-10,867,867,859,861,267870,-0.46242774566473993,121056,-33989,-87186,119,0,125409,11,125027,1280,251727,4353,34000,212213,1161,251727,110832120,-31111500,-79826140,105520,0,114820518,10092,114568520,1172480,230571610,3988398,31121592,194394660,1066960,230571610
2019-12-11,860,873,860,869,218733,0.9291521486643438,-2665,0,-540,3205,0,5911,0,191884,7756,205551,8576,0,192424,4551,205551,-2468834,0,-465604,2934438,0,5435102,0,176882057,7130458,189447617,7903936,0,177347661,4196020,189447617
2019-12-12,878,902,865,869,1849858,0.0,-15658,0,185810,-170152,0,16454,0,1664621,57301,1738376,32112,0,1478811,227453,1738376,-14728637,0,175511167,-160782530,0,15290911,0,1564332766,53542986,1633166663,30019548,0,1388821599,214325516,1633166663
2019-12-13,875,875,865,869,276356,0.0,-50,0,1576,-1526,0,8230,0,248542,2929,259701,8280,0,246966,4455,259701,-54380,0,1452814,-1398434,0,7596293,0,229511130,2709076,239816499,7650673,0,228058316,4107510,239816499
2019-12-16,874,874,865,869,167546,0.0,50,1316,-1766,400,0,50,1316,155683,400,157449,0,0,157449,0,157449,46100,1213357,-1629057,369600,0,46100,1213357,143720996,369600,145350053,0,0,145350053,0,145350053
2019-12-17,872,957,864,881,8571401,1.380897583429229,-18266,-213115,254429,-23048,0,34098,33000,7593931,393818,8054847,52364,246115,7339502,416866,8054847,-17377242,-209099379,250301072,-23824451,0,32229105,32307000,7358921274,380940964,7804398343,49606347,241406379,7108620202,404765415,7804398343
2019-12-18,901,904,874,884,1669778,0.340522133938706,-11689,-1757,17221,-3775,0,16791,3,1500151,52204,1569149,28480,1760,1482930,55979,1569149,-11057640,-1682274,16471764,-3731850,0,15799485,2826,1417451406,49672669,1482926386,26857125,1685100,1400979642,53404519,1482926386
2019-12-19,882,915,875,916,2190051,3.619909502262444,-17900,-3205,-155685,176790,0,23281,0,1838058,196729,2058068,41181,3205,1993743,19939,2058068,-17236981,-3059796,-148472167,168768944,0,22185460,0,1763022835,187826138,1973034433,39422441,3059796,1911495002,19057194,1973034433
2019-12-20,913,924,901,916,941608,0.0,5776,0,12290,-18066,0,21921,0,821878,41063,884862,16145,0,809588,59129,884862,5639495,0,11891196,-17530691,0,21271659,0,798639947,39844029,859755635,15632164,0,786748751,57374720,859755635
2019-12-23,921,922,900,906,681229,-1.0917030567685588,-596,3,62604,-62011,0,28771,3,599371,12030,640175,29367,0,536767,74041,640175,-600419,2889,60845812,-60248282,0,27770830,2889,580517396,11601589,619892704,28371249,0,519671584,71849871,619892704
2019-12-24,909,909,885,891,504658,-1.6556291390728477,9028,5,-50476,41443,0,9028,5,412213,52998,474244,0,0,462689,11555,474244,8559330,4735,-48082917,39518852,0,8559330,4735,391920857,50493900,450978822,0,0,440003774,10975048,450978822
2019-12-26,899,924,890,912,1450113,2.356902356902357,-6676,5,-25396,32067,0,51498,5,1263004,48215,1362722,58174,0,1288400,16148,1362722,-6648881,4765,-24035613,30679729,0,49537989,4765,1224899074,46354343,1320796171,56186870,0,1248934687,15674614,1320796171
2019-12-27,912,929,905,924,1059600,1.3157894736842104,-25534,5,-4792,30321,0,15387,5,968432,37181,1021005,40921,0,973224,6860,1021005,-24332642,4800,-4626816,28954658,0,14634915,4800,925799993,35527716,975967424,38967557,0,930426809,6573058,975967424
2019-12-30,917,929,915,922,289765,-0.21645021645021645,-90,6,-33915,33999,0,4233,6,239380,35592,279211,4323,0,273295,1593,279211,-88735,5715,-32430920,32513940,0,4029852,5715,228394949,34047750,266478266,4118587,0,260825869,1533810,266478266
2020-01-02,922,927,907,916,405921,-0.6507592190889371,53,-9994,-17381,27322,0,53,6,345583,45494,391136,0,10000,362964,18172,391136,50518,-9564309,-16313085,25826876,0,50518,5691,327965117,43174797,371196123,0,9570000,344278202,17347921,371196123
2020-01-03,916,929,907,930,520931,1.5283842794759825,551,-4415,-80307,84171,0,17333,5,394938,89681,501957,16782,4420,475245,5510,501957,516710,-4175290,-76238552,79897132,0,16420617,4730,376301086,85178922,477905355,15903907,4180020,452539638,5281790,477905355
2020-01-06,922,944,912,915,620725,-1.6129032258064515,3573,2305,-80490,74612,0,35432,8000,453177,101507,598116,31859,5695,533667,26895,598116,3372921,2055402,-76700509,71272186,0,33764465,7599000,434159978,97181899,572705342,30391544,5543598,510860487,25909713,572705342
2020-01-07,912,924,905,914,338702,-0.1092896174863388,4019,0,-35109,31090,0,28469,0,258716,39180,326365,24450,0,293825,8090,326365,3815931,0,-33233035,29417104,0,27029516,0,245783562,37131109,309944187,23213585,0,279016597,7714005,309944187
2020-01-08,901,919,877,883,874272,-3.391684901531729,15005,1010,-62919,46904,0,41547,1010,712185,87686,842428,26542,0,775104,40782,842428,13980235,944295,-58229097,43304567,0,38694481,944295,659923965,81282652,780845393,24714246,0,718153062,37978085,780845393
2020-01-09,895,900,887,895,434155,1.3590033975084939,2,0,-38779,38777,0,9259,0,358677,50405,418341,9257,0,397456,11628,418341,-8639,0,-35888167,35896806,0,8569534,0,332511071,46695366,387775971,8578173,0,368399238,10798560,387775971
2020-01-10,901,901,884,892,320155,-0.33519553072625696,3076,15,15471,-18562,0,17618,15,281564,9297,308494,14542,0,266093,27859,308494,2832042,13835,14370435,-17216312,0,16272698,13835,260512051,8584644,285383228,13440656,0,246141616,25800956,285383228
2020-01-13,895,896,885,892,330108,0.0,5471,20,722,-6213,0,31192,20,281410,5462,318084,25721,0,280688,11675,318084,5031499,18445,706299,-5756243,0,28758519,18445,259397291,5024666,293198921,23727020,0,258690992,10780909,293198921
2020-01-14,891,902,884,898,379309,0.672645739910314,27632,-5005,-41123,18496,0,42423,5,277679,45386,365493,14791,5010,318802,26890,365493,25435545,-4628700,-37841813,17034968,0,39190895,4620,257788295,42067137,339050947,13755350,4633320,295630108,25032169,339050947
2020-01-15,901,917,897,913,570158,1.670378619153675,57,-73000,-13216,86159,0,4906,0,444766,99719,549391,4849,73000,457982,13560,549391,50497,-68787092,-12723421,81460016,0,4643921,0,419326167,94199264,518169352,4593424,68787092,432049588,12739248,518169352
2020-01-16,915,944,899,915,1648607,0.21905805038335158,637,-10676,128920,-118881,0,27975,7327,1471929,81327,1588558,27338,18003,1343009,200208,1588558,643302,-10348706,123374836,-113669432,0,26428135,6931372,1401505883,77416627,1512282017,25784833,17280078,1278131047,191086059,1512282017
2020-01-17,915,920,899,905,415518,-1.092896174863388,1527,16,-31950,30407,0,7999,16,352242,40126,400383,6472,0,384192,9719,400383,1432608,15072,-30159318,28711638,0,7535944,15072,331412315,37885772,376849103,6103336,0,361571633,9174134,376849103
2020-01-20,904,908,891,894,467463,-1.2154696132596685,26129,-19990,-34409,28270,0,48866,10,354827,46733,450436,22737,20000,389236,18463,450436,24199120,-18517083,-31762332,26080295,0,45342558,9295,330364558,43351462,419067873,21143438,18526378,362126890,17271167,419067873
2020-01-21,894,900,891,895,228882,0.11185682326621924,34094,-1000,-8961,-24133,0,35981,0,177286,7278,220545,1887,1000,186247,31411,220545,31531480,-928000,-8198106,-22405374,0,33282578,0,164404335,6745231,204432144,1751098,928000,172602441,29150605,204432144
2020-01-22,895,899,890,894,175577,-0.11173184357541899,25547,-7995,-11033,-6519,0,27518,5,141659,0,169182,1971,8000,152692,6519,169182,23627384,-7404801,-10176917,-6045666,0,25456356,4630,131239491,0,156700477,1828972,7409431,141416408,6045666,156700477
2020-01-23,897,897,890,895,152623,0.11185682326621924,60385,-645,-46853,-12887,0,60385,0,86575,104,147064,0,645,133428,12991,147064,55854779,-597307,-43319211,-11938261,0,55854779,0,80125445,96096,136076320,0,597307,123444656,12034357,136076320
2020-01-28,885,894,876,888,649547,-0.782122905027933,107404,-985,-94629,-11790,0,107404,15,483269,35200,625888,0,1000,577898,46990,625888,98456699,-903290,-86715125,-10838284,0,98456699,13710,442251630,32298286,573020325,0,917000,528966755,43136570,573020325
2020-01-29,891,895,887,891,214020,0.33783783783783783,-4922,0,17036,-12114,0,4574,0,174246,27405,206225,9496,0,157210,39519,206225,-4551583,0,15815916,-11264333,0,4217764,0,161127134,25268280,190613178,8769347,0,145311218,36532613,190613178
2020-01-30,890,899,881,890,347197,-0.11223344556677892,48696,10000,-56245,-2451,0,80664,10000,223976,19911,334551,31968,0,280221,22362,334551,45235440,9292040,-52177249,-2350231,0,74835535,9292040,207319214,18406952,309853741,29600095,0,259496463,20757183,309853741
2020-01-31,895,899,885,888,449281,-0.22471910112359553,62308,0,-67769,5461,0,96383,0,308634,27899,432916,34075,0,376403,22438,432916,57855260,0,-63018175,5162915,0,89466202,0,285783302,25906739,401156243,31610942,0,348801477,20743824,401156243
2020-02-03,884,891,872,890,429602,0.22522522522522523,25360,5,-23949,-1416,0,50099,5,319288,44562,413954,24739,0,343237,45978,413954,22971222,4535,-21500064,-1475693,0,45767106,4535,292165804,40634338,378571783,22795884,0,313665868,42110031,378571783
2020-02-04,891,893,881,890,182322,0.0,9507,10,-2308,-7209,0,31467,10,137319,6885,175681,21960,0,139627,14094,175681,8599563,9215,-1954347,-6654431,0,28855679,9215,126556119,6341898,161762911,20256116,0,128510466,12996329,161762911
2020-02-05,890,892,881,886,277340,-0.44943820224719105,12979,15,-17790,4796,0,38705,15,220542,7976,267238,25726,0,238332,3180,267238,11861253,13770,-16270395,4395372,0,35532726,13770,202669743,7320320,245536559,23671473,0,218940138,2924948,245536559
2020-02-06,891,892,884,890,198946,0.4514672686230248,-13440,5,27720,-14285,0,10,5,190756,929,191700,13450,0,163036,15214,191700,-12427050,4600,25551759,-13129309,0,9200,4600,175761505,856596,176631901,12436250,0,150209746,13985905,176631901
2020-02-07,888,898,884,896,339830,0.6741573033707865,-347,0,2223,-1876,0,11,0,319065,8376,327452,358,0,316842,10252,327452,-319575,0,2000554,-1680979,0,10142,0,295384640,7784092,303178874,329717,0,293384086,9465071,303178874
2020-02-10,896,920,896,914,1067956,2.0089285714285716,-14984,-124307,71491,67800,0,8533,0,910908,109616,1029057,23517,124307,839417,41816,1029057,-14221975,-117547795,67355887,64413883,0,8063648,0,860163022,103867084,972093754,22285623,117547795,792807135,39453201,972093754
2020-02-11,915,922,905,914,390571,0.0,-1596,-12580,40793,-26617,0,7848,0,363873,4624,376345,9444,12580,323080,31241,376345,-1521052,-11863365,38733720,-25349303,0,7409664,0,345154146,4375044,356938854,8930716,11863365,306420426,29724347,356938854
2020-02-12,915,920,902,919,340581,0.5470459518599562,944,10,-1910,956,0,20428,10,294525,13213,328176,19484,0,296435,12257,328176,892464,9410,-1759402,857528,0,19244009,9410,278660486,12437046,310350951,18351545,0,280419888,11579518,310350951
2020-02-13,921,921,907,909,297271,-1.088139281828074,4882,10,-16310,11418,0,23262,10,238258,24913,286443,18380,0,254568,13495,286443,4622378,9465,-15410097,10778254,0,22002399,9465,225575409,23536348,271123621,17380021,0,240985506,12758094,271123621
2020-02-14,908,916,888,895,503773,-1.54015401540154,996,0,-9794,8798,0,996,0,461627,22801,485424,0,0,471421,14003,485424,925219,0,-9047492,8122273,0,925219,0,430351682,21221190,452498091,0,0,439399174,13098917,452498091
2020-02-17,905,905,892,895,185163,0.0,90,0,-14283,14193,0,7820,0,155745,14854,178419,7730,0,170028,661,178419,79385,0,-13256394,13177009,0,7258206,0,144862932,13792841,165913979,7178821,0,158119326,615832,165913979
2020-02-18,900,900,889,894,126080,-0.11173184357541899,-2587,5000,-282,-2131,0,105,5000,116086,297,121488,2692,0,116368,2428,121488,-2398233,4620000,-247223,-1974544,0,97255,4620000,107501802,275610,112494667,2495488,0,107749025,2250154,112494667
2020-02-19,896,898,887,895,157345,0.11185682326621924,5483,2510,7110,-15103,0,6054,2510,137138,5912,151614,571,0,130028,21015,151614,5075367,2311725,6624912,-14012004,0,5605068,2311725,126975975,5449894,140342662,529701,0,120351063,19461898,140342662
2020-02-20,895,905,886,891,179664,-0.44692737430167595,-4001,10,18021,-14030,0,3451,10,152855,16804,173120,7452,0,134834,30834,173120,-3733335,9295,16711762,-12987722,0,3193583,9295,141654407,15577222,160434507,6926918,0,124942645,28564944,160434507
2020-02-21,891,891,870,879,393836,-1.3468013468013467,5609,3010,22165,-30784,0,18942,5010,342803,12736,379491,13333,2000,320638,43520,379491,5132783,2760373,20278332,-28171488,0,17283468,4594135,312842697,11578745,346299045,12150685,1833762,292564365,39750233,346299045
2020-02-24,860,860,838,838,771367,-4.6643913538111486,68532,33802,-51017,-51317,0,78465,33802,588876,42128,743271,9933,0,639893,93445,743271,60044918,29483126,-44558284,-44969760,0,68731529,29483126,517350507,36985860,652551022,8686611,0,561908791,81955620,652551022
2020-02-25,834,852,834,844,219314,0.7159904534606205,13137,10,-10942,-2205,0,39581,10,155096,16639,211326,26444,0,166038,18844,211326,11400654,8690,-9435924,-1973420,0,34470572,8690,135317275,14488720,184285257,23069918,0,144753199,16462140,184285257
2020-02-26,836,862,836,860,239260,1.8957345971563981,8670,5,32426,-41101,0,27080,5,200831,2629,230545,18410,0,168405,43730,230545,7534574,4370,28654865,-36193809,0,23761505,4370,176943433,2320557,203029865,16226931,0,148288568,38514366,203029865
2020-02-27,862,864,843,844,262603,-1.8604651162790697,7019,3008,-10716,689,0,37652,3008,176467,35911,253038,30633,0,187183,35222,253038,6182918,2656250,-9128798,289630,0,33147255,2656250,156411758,31604464,223819727,26964337,0,165540556,31314834,223819727
2020-02-28,843,843,809,815,569464,-3.4360189573459716,8770,50227,-1537,-57460,0,40828,50227,419351,38316,548722,32058,0,420888,95776,548722,7466500,42743832,-864556,-49345776,0,34691797,42743832,356796174,32535087,466766890,27225297,0,357660730,81880863,466766890
2020-03-02,815,836,807,823,286401,0.98159509202454,-2490,17952,587,-16049,0,14187,17953,184280,59549,275969,16677,1,183693,75598,275969,-2088383,15158847,85220,-13155684,0,12039158,15159697,156177809,50900000,234276664,14127541,850,156092589,64055684,234276664
2020-03-03,828,842,825,832,158937,1.0935601458080195,4370,934,-16113,10809,0,11122,934,87765,53327,153148,6752,0,103878,42518,153148,3754718,805489,-14049335,9489128,0,9589863,805489,75665460,46151250,132212062,5835145,0,89714795,36662122,132212062
2020-03-04,837,846,826,840,187083,0.9615384615384616,-5822,-1595,13807,-6390,0,9566,880,153405,16418,180269,15388,2475,139598,22808,180269,-5044736,-1404640,12039163,-5589787,0,8304120,759440,133150553,14219349,156433462,13348856,2164080,121111390,19809136,156433462
2020-03-05,837,850,834,840,259013,0.0,341,15,-36570,36214,0,25759,15,182589,41216,249579,25418,0,219159,5002,249579,384495,13065,-31889625,31492065,0,22502662,13065,158927870,35866473,217310070,22118167,0,190817495,4374408,217310070
2020-03-06,843,843,821,832,225942,-0.9523809523809524,9334,-7785,35706,-37255,0,15711,15,201796,190,217712,6377,7800,166090,37445,217712,8005941,-6695060,30655243,-31966124,0,13507929,12940,173518225,162892,187201986,5501988,6708000,142862982,32129016,187201986
2020-03-09,823,842,804,811,281848,-2.5240384615384617,-5106,34851,47751,-77496,0,14921,34851,205514,16296,271582,20027,0,157763,93792,271582,-4340039,29336327,40810235,-65806523,0,12627168,29336327,173912243,13777114,229652852,16967207,0,133102008,79583637,229652852
2020-03-10,809,817,794,813,251797,0.2466091245376079,5898,75040,-46176,-34762,0,9789,75228,126357,31252,242626,3891,188,172533,66014,242626,4947944,62091095,-38395682,-28643357,0,8173825,62249767,105000673,26110531,201534796,3225881,158672,143396355,54753888,201534796
2020-03-11,819,819,771,783,441503,-3.6900369003690034,-938,139713,-113117,-25658,0,35272,139713,226809,23628,425422,36210,0,339926,49286,425422,-662472,113882573,-91980089,-21240012,0,28906644,113882573,185567777,19321046,347678040,29569116,0,277547866,40561058,347678040
2020-03-12,776,776,746,767,545043,-2.0434227330779056,3936,204160,-157481,-50615,0,29681,204160,226185,65164,525190,25745,0,383666,115779,525190,3317001,161125730,-123911011,-40531720,0,23665360,161125730,178380715,51113998,414285803,20348359,0,302291726,91645718,414285803
2020-03-13,693,730,693,713,1015140,-7.040417209908735,-125382,488708,-291577,-71749,0,53,490481,426150,61481,978165,125435,1773,717727,133230,978165,-91307027,357046100,-213051974,-52687099,0,38824,358347997,311774051,44905228,715066100,91345851,1301897,524826025,97592327,715066100
2020-03-16,713,748,710,717,130705,0.5610098176718092,30,15530,-34160,18600,0,3751,15530,81488,25175,125944,3721,0,115648,6575,125944,18729,11790458,-25543684,13734497,0,2828084,11790458,61199420,18752893,94570855,2809355,0,86743104,5018396,94570855
2020-03-17,687,703,684,699,330894,-2.510460251046025,967,102272,-84762,-18477,0,11884,102272,163848,40838,318842,10917,0,248610,59315,318842,686945,73094954,-60502720,-13279179,0,8524151,73094954,117061913,29165563,227846581,7837206,0,177564633,42444742,227846581
2020-03-18,718,718,687,687,227296,-1.7167381974248928,-267,48230,-37230,-10733,0,26422,48230,130581,13784,219017,26689,0,167811,24517,219017,-162971,34737810,-26664098,-7910741,0,19166606,34737810,94023273,9951791,157879480,19329577,0,120687371,17862532,157879480
2020-03-19,679,693,657,660,1056510,-3.9301310043668125,29,492879,-450541,-42367,0,29,492879,475196,49924,1018028,0,0,925737,92291,1018028,20352,339891688,-310475917,-29436123,0,20352,339891688,328673143,34506384,703091567,0,0,639149060,63942507,703091567
2020-03-20,683,683,661,683,251953,3.4848484848484853,81,29840,-63212,33291,0,53749,29840,120032,39155,242776,53668,0,183244,5864,242776,91471,20591092,-43568241,22885678,0,37279198,20591092,83635969,26990520,168496779,37187727,0,127204210,4104842,168496779
2020-03-23,679,679,660,665,320273,-2.635431918008785,6,102170,-91489,-10687,0,11730,142171,128370,26336,308607,11724,40001,219859,37023,308607,15462,70486130,-63050330,-7451262,0,8117160,98126821,88602250,18134144,212980375,8101698,27640691,151652580,25585406,212980375
2020-03-24,660,708,660,675,158799,1.5037593984962405,23,46270,-51871,5578,0,23305,46272,52982,30456,153015,23282,2,104853,24878,153015,499556,32408550,-36346274,3438168,0,16849472,32409960,37222110,21413037,107894579,16349916,1410,73568384,17974869,107894579
2020-03-25,702,713,687,701,173314,3.851851851851852,-5076,0,1296,3780,0,35829,0,109310,21862,167001,40905,0,108014,18082,167001,-3563621,0,925873,2637748,0,26085967,0,79747553,15766423,121599943,29649588,0,78821680,13128675,121599943
2020-03-26,697,724,695,723,236003,3.138373751783167,-4980,21010,-16647,617,0,30346,21010,149796,26255,227407,35326,0,166443,25638,227407,-3639939,15505400,-12242570,377109,0,22480223,15505400,110913985,19366775,168266383,26120162,0,123156555,18989666,168266383
2020-03-27,732,746,722,723,223548,0.0,2878,-7118,674,3566,0,11556,0,175850,28000,215406,8678,7118,175176,24434,215406,2073381,-5409680,437556,2898743,0,8722618,0,133824788,21391395,163938801,6649237,5409680,133387232,18492652,163938801
2020-03-30,722,731,703,726,143925,0.4149377593360996,-7165,10,-6880,14035,0,2764,10,119147,16762,138683,9929,0,126027,2727,138683,-5340074,7380,-5113185,10445879,0,2050928,7380,88603411,12469335,103131054,7391002,0,93716596,2023456,103131054
2020-03-31,750,750,726,733,152802,0.9641873278236914,1786,30,-142,-1674,0,4927,30,140525,1754,147236,3141,0,140667,3428,147236,1338716,22880,-54198,-1307398,0,3744074,22880,107048684,1329565,112145203,2405358,0,107102882,2636963,112145203
2020-04-01,745,759,721,732,280725,-0.1364256480218281,-2144,30,3496,-1382,0,3298,30,258460,8712,270500,5442,0,254964,10094,270500,-1647676,22940,2731065,-1106329,0,2543689,22940,199576354,6708156,208851139,4191365,0,196845289,7814485,208851139
2020-04-02,743,743,722,744,192127,1.639344262295082,27,11,12212,-12250,0,27,11,181391,3700,185129,0,0,169179,15950,185129,20437,8327,9188991,-9217755,0,20437,8327,137854987,2825000,140708751,0,0,128665996,12042755,140708751
2020-04-03,750,750,724,745,138271,0.13440860215053765,-4960,57,5146,-243,0,10927,57,122249,2,133235,15887,0,117103,245,133235,-3896142,43618,4037715,-185191,0,8309241,43618,93503969,1542,101858370,12205383,0,89466254,186733,101858370
2020-04-06,744,744,732,742,421274,-0.4026845637583893,4481,510,-19573,14582,0,11201,510,379223,14996,405930,6720,0,398796,414,405930,3396233,390690,-14976595,11189672,0,8525665,390690,289332470,11508267,309757092,5129432,0,304309065,318595,309757092
2020-04-07,770,770,745,754,236218,1.6172506738544474,-4999,0,13969,-8970,0,1,0,214201,13412,227614,5000,0,200232,22382,227614,-3924221,0,10918088,-6993867,0,779,0,167165961,10458648,177625388,3925000,0,156247873,17452515,177625388
2020-04-08,747,764,735,761,198556,0.9283819628647214,-4864,-2220,-8486,15570,0,2265,30,171425,17604,191324,7129,2250,179911,2034,191324,-3861984,-1746900,-6626364,12235248,0,1729020,23100,133764590,13821768,149338478,5591004,1770000,140390954,1586520,149338478
2020-04-09,774,797,766,792,231335,4.07358738501971,-8904,0,3884,5020,0,2730,0,204378,15801,222909,11634,0,200494,10781,222909,-7189064,0,3263470,3925594,0,2216942,0,166097273,12706037,181020252,9406006,0,162833803,8780443,181020252
2020-04-10,785,791,766,790,363636,-0.25252525252525254,3143,-426,12462,-15179,0,3178,15,332133,15065,350391,35,441,319671,30244,350391,2527625,-344895,9860155,-12042885,0,2555964,11970,267281932,12155654,282005520,28339,356865,257421777,24198539,282005520
2020-04-13,781,784,765,776,258565,-1.7721518987341773,-2463,30,10099,-7666,0,2560,30,243457,3100,249147,5023,0,233358,10766,249147,-1985253,24060,8097475,-6136282,0,2043265,24060,195272932,2498600,199838857,4028518,0,187175457,8634882,199838857
2020-04-14,779,792,772,780,375234,0.5154639175257731,-11858,0,19306,-7448,0,2628,0,343796,15143,361567,14486,0,324490,22591,361567,-9735996,0,15745961,-6009965,0,2133651,0,279022672,12348411,293504734,11869647,0,263276711,18358376,293504734
2020-04-16,751,768,746,763,494847,-2.1794871794871793,91920,20,-135256,43316,0,91921,20,330711,54171,476823,1,0,465967,10855,476823,71799409,15790,-105663345,33848146,0,71800201,15790,258860103,42412618,373088712,792,0,364523448,8564472,373088712
2020-04-17,765,779,764,779,322948,2.0969855832241153,66982,0,-97811,30829,0,72540,0,207816,30829,311185,5558,0,305627,0,311185,53541732,0,-78285390,24743658,0,58029248,0,166414734,24743658,249187640,4487516,0,244700124,0,249187640
2020-04-20,778,782,768,780,186846,0.12836970474967907,9263,25,-16762,7474,0,11782,25,156342,11891,180040,2519,0,173104,4417,180040,7426540,20110,-13434711,5988061,0,9459373,20110,125872820,9557047,144909350,2032833,0,139307531,3568986,144909350
2020-04-21,780,791,756,777,492896,-0.38461538461538464,112962,-1205,-80355,-31402,0,124763,15,322605,27560,474943,11801,1220,402960,58962,474943,90475241,-975234,-64318433,-25181574,0,99928291,11960,259542545,22144916,381627712,9453050,987194,323860978,47326490,381627712
2020-04-22,776,777,756,775,221508,-0.2574002574002574,96362,20,-108815,12433,0,98614,20,94883,19923,213440,2252,0,203698,7490,213440,77271149,15930,-87141239,9854160,0,79075024,15930,75726166,15846837,170663957,1803875,0,162867405,5992677,170663957
2020-04-23,783,783,767,779,128663,0.5161290322580645,-2388,0,4231,-1843,0,3105,0,117785,3087,123977,5493,0,113554,4930,123977,-1973239,0,3488311,-1515072,0,2484117,0,94959923,2485036,99929076,4457356,0,91471612,4000108,99929076
2020-04-24,778,778,767,771,136986,-1.0269576379974326,48267,30,-27383,-20914,0,48310,30,83656,0,131996,43,0,111039,20914,131996,38606479,23960,-21898972,-16731467,0,38641076,23960,67033677,0,105698713,34597,0,88932649,16731467,105698713
2020-04-27,777,777,767,772,182082,0.12970168612191957,71246,-6204,-60133,-4909,0,71396,0,103068,986,175450,150,6204,163201,5895,175450,56968636,-4961996,-48093581,-3913059,0,57089236,0,82434601,790772,140314609,120600,4961996,130528182,4703831,140314609
2020-04-28,775,775,750,759,365494,-1.6839378238341969,72769,20,-85967,13178,0,84584,20,254399,13178,352181,11815,0,340366,0,352181,58011239,15960,-68401959,10374760,0,67307972,15960,200751301,10374760,278449993,9296733,0,269153260,0,278449993
2020-04-29,769,769,744,761,396613,0.2635046113306983,71344,0,-95376,24032,0,82080,0,263997,36090,382167,10736,0,359373,12058,382167,56270813,0,-75039324,18768511,0,64690309,0,206420785,28278521,299389615,8419496,0,281460109,9510010,299389615
2020-05-04,757,766,753,763,145952,0.2628120893561104,76024,2000,-67768,-10256,0,76024,2000,62612,0,140636,0,0,130380,10256,140636,60024677,1584000,-53489828,-8118849,0,60024677,1584000,49475664,0,111084341,0,0,102965492,8118849,111084341
2020-05-06,769,769,756,761,206904,-0.2621231979030144,-4624,790,15156,-11322,0,376,1370,197619,3,199368,5000,580,182463,11325,199368,-3653657,621040,11974249,-8941632,0,296343,1079240,155900242,2373,157278198,3950000,458200,143925993,8944005,157278198
2020-05-07,763,763,752,760,135024,-0.1314060446780552,223,360,5000,-5583,0,746,360,128424,576,130106,523,0,123424,6159,130106,173281,283670,3930746,-4387697,0,584358,283670,100783299,451078,102102405,411077,0,96852553,4838775,102102405
2020-05-08,764,765,759,762,162891,0.2631578947368421,-218,0,5918,-5700,0,178,0,156780,0,156958,396,0,150862,5700,156958,-172292,0,4681589,-4509297,0,140530,0,123949724,0,124090254,312822,0,119268135,4509297,124090254
2020-05-11,765,766,757,760,166776,-0.26246719160104987,115,-990,13734,-12859,0,145,10,159133,1413,160701,30,1000,145399,14272,160701,90419,-783130,10841602,-10148891,0,114194,7870,125525326,1122225,126769615,23775,791000,114683724,11271116,126769615
2020-05-12,759,759,745,746,158279,-1.8421052631578945,628,20,25649,-26297,0,662,20,151832,0,152514,34,0,126183,26297,152514,489672,15620,19975947,-20481239,0,516068,15620,118080670,0,118612358,26396,0,98104723,20481239,118612358
2020-05-13,745,745,737,742,125843,-0.5361930294906166,-75,20,967,-912,0,114,20,118690,2435,121259,189,0,117723,3347,121259,-57555,15340,740074,-697859,0,87422,15340,91080681,1872298,93055741,144977,0,90340607,2570157,93055741
2020-05-14,744,744,730,733,161213,-1.2129380053908356,-9966,50,12906,-2990,0,3830,50,150442,1019,155341,13796,0,137536,4009,155341,-7534953,38130,9784241,-2287418,0,2927426,38130,114618647,772414,118356617,10462379,0,104834406,3059832,118356617
2020-05-15,733,740,725,730,205913,-0.4092769440654843,-19920,20020,8875,-8975,0,88,20020,174603,3702,198413,20008,0,165728,12677,198413,-15151077,15211190,6762731,-6822844,0,66666,15211190,132237501,2805864,150321221,15217743,0,125474770,9628708,150321221
2020-05-18,732,739,720,734,148795,0.547945205479452,-111,1134,3791,-4814,0,140,1134,142096,5,143375,251,0,138305,4819,143375,-84409,860462,2883941,-3659994,0,105633,860462,107414693,3770,108384558,190042,0,104530752,3663764,108384558
2020-05-19,748,748,731,739,161741,0.6811989100817438,6021,-1089,-2442,-2490,0,6510,2035,145200,2105,155850,489,3124,147642,4595,155850,4636573,-837015,-1897860,-1901698,0,5010264,1557865,111139468,1605262,119312859,373691,2394880,113037328,3506960,119312859
2020-05-20,739,744,735,745,96734,0.8119079837618403,6,-225,-1109,1328,0,7,0,91604,1600,93211,1,225,92713,272,93211,4637,-172800,-852188,1020351,0,5408,0,70423640,1228800,71657848,771,172800,71275828,208449,71657848
2020-05-21,745,758,745,751,219298,0.8053691275167786,-727,-2998,-47567,51292,0,93,2,156614,54601,211310,820,3000,204181,3309,211310,-568191,-2326450,-37181055,40075696,0,72319,1550,122125703,42655990,164855562,640510,2328000,159306758,2580294,164855562
2020-05-22,754,754,740,751,124851,0.0,14145,6010,-6654,-13501,0,14155,6010,100138,0,120303,10,0,106792,13501,120303,10922292,4636770,-5135087,-10423975,0,10930082,4636770,77573258,0,93140110,7790,0,82708345,10423975,93140110
2020-05-25,745,750,744,746,47226,-0.6657789613848202,5384,1030,-11,-6403,0,5384,1030,39092,0,45506,0,0,39103,6403,45506,4177135,796260,-14529,-4958866,0,4177135,796260,30260253,0,35233648,0,0,30274782,4958866,35233648
2020-05-26,748,751,742,751,102242,0.6702412868632708,-5053,0,13785,-8732,0,2136,0,96382,0,98518,7189,0,82597,8732,98518,-3925800,0,10698560,-6772760,0,1655309,0,74710693,0,76366002,5581109,0,64012133,6772760,76366002
2020-05-27,751,752,743,753,138339,0.2663115845539281,14229,-990,-42,-13197,0,14229,10,119060,1,133300,0,1000,119102,13198,133300,11070326,-769487,-24316,-10276523,0,11070326,7770,92718472,778,103797346,0,777257,92742788,10277301,103797346
2020-05-28,752,790,746,752,260077,-0.13280212483399734,7647,4000,-11603,-44,0,13423,4000,229121,4060,250604,5776,0,240724,4104,250604,6002994,3106000,-8968760,-140234,0,10590178,3106000,180587937,3165450,197449565,4587184,0,189556697,3305684,197449565
2020-05-29,751,755,746,752,118180,0.0,429,11005,-15950,4516,0,429,11005,97925,4516,113875,0,0,113875,0,113875,333398,8579880,-12431242,3517964,0,333398,8579880,76287388,3517964,88718630,0,0,88718630,0,88718630
2020-06-01,754,761,752,756,123138,0.5319148936170213,12421,0,-12349,-72,0,12421,0,106232,0,118653,0,0,118581,72,118653,9763259,0,-9706811,-56448,0,9763259,0,83508747,0,93272006,0,0,93215558,56448,93272006
2020-06-02,755,778,755,765,173692,1.1904761904761905,23,9010,-6576,-2457,0,623,9010,156165,1567,167365,600,0,162741,4024,167365,13565,7119808,-5161067,-1972306,0,493385,7119808,123995638,1234796,132843627,479820,0,129156705,3207102,132843627
2020-06-03,767,779,767,777,194294,1.5686274509803921,19439,0,-18001,-1438,0,21277,0,164926,1014,187217,1838,0,182927,2452,187217,15600146,0,-14444252,-1155894,0,17071050,0,132040380,808158,149919588,1470904,0,146484632,1964052,149919588
2020-06-04,776,779,770,776,126090,-0.1287001287001287,5242,5,-6580,1333,0,5289,5,114870,1333,121497,47,0,121450,0,121497,4207513,4020,-5281983,1070450,0,4245351,4020,92149279,1070450,97469100,37838,0,97431262,0,97469100
2020-06-05,777,780,771,777,187493,0.12886597938144329,2476,0,-2476,0,0,2589,0,178075,0,180664,113,0,180551,0,180664,1992273,0,-1992273,0,0,2083147,0,143259224,0,145342371,90874,0,145251497,0,145342371
2020-06-08,778,781,773,774,120555,-0.3861003861003861,1778,0,1850,-3628,0,1789,0,114375,0,116164,11,0,112525,3628,116164,1430361,0,1490179,-2920540,0,1439194,0,92133078,0,93572272,8833,0,90642899,2920540,93572272
2020-06-09,770,775,765,773,172597,-0.12919896640826875,13733,20,-26273,12520,0,13754,20,140016,12520,166310,21,0,166289,0,166310,10981764,15960,-21013724,10016000,0,10998580,15960,111938109,10016000,132968649,16816,0,132951833,0,132968649
2020-06-10,771,771,758,760,197050,-1.6817593790426906,2835,10,3553,-6398,0,11819,10,178044,0,189873,8984,0,174491,6398,189873,2214855,7990,2831710,-5054555,0,9334283,7990,141050979,0,150393252,7119428,0,138219269,5054555,150393252
2020-06-11,761,767,751,759,171991,-0.13157894736842105,10132,21251,-31388,5,0,19633,24011,122077,5,165726,9501,2760,153465,0,165726,7899338,16671644,-24574907,3925,0,15387160,18810644,95873105,3925,130074834,7487822,2139000,120448012,0,130074834
2020-06-12,746,746,724,747,293687,-1.5810276679841897,-6326,20010,-42359,28675,0,1695,20010,228368,32917,282990,8021,0,270727,4242,282990,-4832180,15375660,-32301750,21758270,0,1299783,15375660,174731277,25007020,216413740,6131963,0,207033027,3248750,216413740
2020-06-15,746,746,730,731,173563,-2.14190093708166,508,26048,-22558,-3998,0,9239,26048,131952,2,167241,8731,0,154510,4000,167241,414210,19895692,-17243424,-3066478,0,7048663,19895692,100788881,1522,127734758,6634453,0,118032305,3068000,127734758
2020-06-16,732,745,732,738,300416,0.957592339261286,11086,25179,-35480,-785,0,15085,25179,249210,0,289474,3999,0,284690,785,289474,8526496,19183040,-27110581,-598955,0,11580767,19183040,189946543,0,220710350,3054271,0,217057124,598955,220710350
2020-06-17,736,736,720,731,254060,-0.9485094850948509,2113,37586,-34283,-5416,0,2121,38037,204448,200,244806,8,451,238731,5616,244806,1590639,28299775,-25815614,-4074800,0,1596711,28642535,154074146,150400,184463792,6072,342760,179889760,4225200,184463792
2020-06-18,737,737,724,734,63876,0.4103967168262654,153,30,-183,0,0,2809,30,58710,0,61549,2656,0,58893,0,61549,102323,22610,-124933,0,0,2118656,22610,44345011,0,46486277,2016333,0,44469944,0,46486277
2020-06-19,735,735,726,733,66022,-0.13623978201634876,3549,14,-2688,-875,0,3551,14,60052,0,63617,2,0,62740,875,63617,2691188,10618,-2035056,-666750,0,2692710,10618,45620285,0,48323613,1522,0,47655341,666750,48323613
2020-06-22,732,738,729,734,54492,0.1364256480218281,93,0,-93,0,0,95,0,52412,0,52507,2,0,52505,0,52507,70539,0,-70539,0,0,72063,0,39821443,0,39893506,1524,0,39891982,0,39893506
2020-06-23,737,737,728,732,22655,-0.2724795640326975,129,0,-129,0,0,135,0,21695,0,21830,6,0,21824,0,21830,97719,0,-97719,0,0,102279,0,16472417,0,16574696,4560,0,16570136,0,16574696
2020-06-24,733,741,728,734,98924,0.273224043715847,66,-4,-62,0,0,2731,0,92590,0,95321,2665,4,92652,0,95321,41808,-3028,-38780,0,0,2067458,0,70437810,0,72505268,2025650,3028,70476590,0,72505268
2020-06-25,734,734,723,728,78517,-0.8174386920980926,233,45,3354,-3632,0,256,45,75356,0,75657,23,0,72002,3632,75657,176187,33960,2550173,-2760320,0,193575,33960,56896089,0,57123624,17388,0,54345916,2760320,57123624
2020-06-26,732,732,725,730,43174,0.27472527472527475,-551,20,531,0,0,704,20,40877,0,41601,1255,0,40346,0,41601,-418956,15140,403816,0,0,532317,15140,30899696,0,31447153,951273,0,30495880,0,31447153
2020-06-29,728,732,721,726,151697,-0.547945205479452,326,11,-997,660,0,2404,11,143097,660,146172,2078,0,144094,0,146172,230333,8250,-733583,495000,0,1803326,8250,107766848,495000,110073424,1572993,0,108500431,0,110073424
2020-06-30,724,736,724,726,93633,0.0,49,13800,-13849,0,0,57,13800,76366,0,90223,8,0,90215,0,90223,37052,10415609,-10452661,0,0,43076,10415609,57682769,0,68141454,6024,0,68135430,0,68141454
2020-07-01,730,734,724,727,44209,0.13774104683195593,48,0,-2847,2799,0,126,0,39674,2799,42599,78,0,42521,0,42599,35669,0,-2143316,2107647,0,94842,0,29957714,2107647,32160203,59173,0,32101030,0,32160203
2020-07-02,730,732,726,731,37829,0.5502063273727648,123,10,-133,0,0,126,10,36315,0,36451,3,0,36448,0,36451,92961,7580,-100541,0,0,95230,7580,27547381,0,27650191,2269,0,27647922,0,27650191
2020-07-03,734,734,726,730,22042,-0.13679890560875513,32,20,-52,0,0,37,20,21182,0,21239,5,0,21234,0,21239,24212,15130,-39342,0,0,28002,15130,16020507,0,16063639,3790,0,16059849,0,16063639
2020-07-06,736,736,722,728,108431,-0.273972602739726,-2656,0,2656,0,0,173,0,104309,0,104482,2829,0,101653,0,104482,-2016901,0,2016901,0,0,130047,0,78597250,0,78727297,2146948,0,76580349,0,78727297
2020-07-07,732,732,723,729,77737,0.13736263736263737,-81,0,81,0,0,100,0,74806,0,74906,181,0,74725,0,74906,-62125,0,62125,0,0,75243,0,56473334,0,56548577,137368,0,56411209,0,56548577
2020-07-08,731,732,722,728,42737,-0.1371742112482853,-2445,0,2445,0,0,28,0,41152,0,41180,2473,0,38707,0,41180,-1847006,0,1847006,0,0,21207,0,31102596,0,31123803,1868213,0,29255590,0,31123803
2020-07-09,734,734,710,723,466213,-0.6868131868131868,613,40025,-43215,2577,0,25461,40025,381169,2577,449232,24848,0,424384,0,449232,433561,29648645,-31989186,1906980,0,18952197,29648645,283889222,1906980,334397044,18518636,0,315878408,0,334397044
2020-07-10,770,789,729,740,1631290,2.351313969571231,-12241,0,38336,-26095,0,3246,0,1511529,57097,1571872,15487,0,1473193,83192,1571872,-9498838,0,30047223,-20548385,0,2532356,0,1192403920,45441164,1240377440,12031194,0,1162356697,65989549,1240377440
2020-07-13,749,749,728,728,209027,-1.6216216216216217,226,20,-107,-139,0,252,20,196290,4851,201413,26,0,196397,4990,201413,171563,15220,-43094,-143689,0,191453,15220,149291012,3691611,153189296,19890,0,149334106,3835300,153189296
2020-07-14,728,736,724,732,66363,0.5494505494505495,-5095,0,5095,0,0,3333,0,60613,0,63946,8428,0,55518,0,63946,-3886976,0,3886976,0,0,2532038,0,45999184,0,48531222,6419014,0,42112208,0,48531222
2020-07-15,735,741,727,734,88449,0.273224043715847,22,10,-32,0,0,1976,10,83241,0,85227,1954,0,83273,0,85227,26261,7570,-33831,0,0,1503493,7570,63226481,0,64737544,1477232,0,63260312,0,64737544
2020-07-16,734,739,728,736,81359,0.2724795640326975,-25,-2840,2865,0,0,12,7410,70974,0,78396,37,10250,68109,0,78396,-19112,-2164675,2183787,0,0,9084,5645825,54067009,0,59721918,28196,7810500,51883222,0,59721918
2020-07-17,738,743,732,744,59445,1.0869565217391304,-769,5,764,0,0,33,5,57242,0,57280,802,0,56478,0,57280,-589844,3825,586019,0,0,25300,3825,43922356,0,43951481,615144,0,43336337,0,43951481
2020-07-20,740,743,736,741,79030,-0.4032258064516129,-15898,10,23671,-7783,0,103,10,76038,0,76151,16001,0,52367,7783,76151,-12179445,7660,18154554,-5982769,0,78856,7660,58400902,0,58487418,12258301,0,40246348,5982769,58487418
2020-07-21,740,743,735,742,125346,0.1349527665317139,292,10,208,-510,0,295,10,120475,0,120780,3,0,120267,510,120780,223010,7645,162045,-392700,0,225315,7645,92224845,0,92457805,2305,0,92062800,392700,92457805
2020-07-22,740,741,737,739,61473,-0.40431266846361186,113,10,6961,-7084,0,114,10,59110,0,59234,1,0,52149,7084,59234,86738,7675,5330328,-5424741,0,87505,7675,45304789,0,45399969,767,0,39974461,5424741,45399969
2020-07-23,740,740,727,732,82769,-0.9472259810554804,912,10,-1270,348,0,3373,10,76023,348,79754,2461,0,77293,0,79754,692452,7625,-963165,263088,0,2554542,7625,57728326,263088,60553581,1862090,0,58691491,0,60553581
2020-07-24,731,732,726,731,108058,-0.1366120218579235,-167,66079,-65564,-348,0,31,68079,36012,0,104122,198,2000,101576,348,104122,-126793,50206860,-49816631,-263436,0,23489,51716860,27247513,0,78987862,150282,1510000,77064144,263436,78987862
2020-07-27,725,732,723,729,168195,-0.27359781121751026,141,97085,-97226,0,0,142,97085,64842,0,162069,1,0,162068,0,162069,106161,73301035,-73407196,0,0,106918,73301035,48934748,0,122342701,757,0,122341944,0,122342701
2020-07-28,729,729,722,727,137267,-0.2743484224965706,711,7535,-8246,0,0,712,8535,123020,0,132267,1,1000,131266,0,132267,534345,5650310,-6184655,0,0,535099,6401310,92467245,0,99403654,754,751000,98651900,0,99403654
2020-07-29,727,727,722,727,48876,0.0,-30,6010,-5980,0,0,70,10010,37016,0,47096,100,4000,42996,0,47096,-22490,4502482,-4479992,0,0,52710,7517520,27836891,0,35407121,75200,3015038,32316883,0,35407121
2020-07-30,729,738,722,728,144067,0.1375515818431912,43,0,-2866,2823,0,79,0,135918,2823,138820,36,0,138784,0,138820,32237,0,-2161531,2129294,0,59417,0,102218041,2129294,104406752,27180,0,104379572,0,104406752
2020-07-31,727,730,723,730,84231,0.27472527472527475,442,5,2376,-2823,0,442,5,80716,0,81163,0,0,78340,2823,81163,333006,3755,1786560,-2123321,0,333006,3755,60797172,0,61133933,0,0,59010612,2123321,61133933
2020-08-03,730,730,717,722,241066,-1.095890410958904,1201,70035,-75060,3824,0,5937,70035,151777,4536,232285,4736,0,226837,712,232285,892352,52276325,-56028413,2859736,0,4430123,52276325,113538477,3398720,173643645,3537771,0,169566890,538984,173643645
2020-08-04,719,727,719,728,52940,0.8310249307479225,-1139,0,1729,-590,0,0,0,51011,1,51012,1139,0,49282,591,51012,-854826,0,1297324,-442498,0,0,0,38307081,752,38307833,854826,0,37009757,443250,38307833
2020-08-05,725,734,719,734,77656,0.8241758241758242,93,-985,4392,-3500,0,156,15,74656,0,74827,63,1000,70264,3500,74827,69703,-743730,3313027,-2639000,0,117177,11270,56159663,0,56288110,47474,755000,52846636,2639000,56288110
2020-08-06,734,734,727,729,29481,-0.6811989100817438,554,20,-1083,509,0,564,20,27314,509,28407,10,0,28397,0,28407,419490,15180,-819965,385295,0,427058,15180,20715419,385295,21542952,7568,0,21535384,0,21542952
2020-08-07,731,731,722,728,95512,-0.1371742112482853,326,27000,-26095,-1231,0,334,27000,63964,735,92033,8,0,90059,1966,92033,246051,20255000,-19567849,-933202,0,252091,20255000,48109972,555060,69172123,6040,0,67677821,1488262,69172123
2020-08-10,723,729,722,723,100509,-0.6868131868131868,-58,0,593,-535,0,103,0,96745,0,96848,161,0,96152,535,96848,-43091,0,447369,-404278,0,77659,0,72856565,0,72934224,120750,0,72409196,404278,72934224
2020-08-11,726,726,720,727,69799,0.5532503457814661,1048,0,-2029,981,0,1098,0,64707,1452,67257,50,0,66736,471,67257,784492,0,-1517377,732885,0,822084,0,48623337,1087548,50532969,37592,0,50140714,354663,50532969
2020-08-12,727,732,721,728,85772,0.1375515818431912,-16,95,341,-420,0,2,95,79541,3010,82648,18,0,79200,3430,82648,-12098,71250,251740,-310892,0,1510,71250,60049690,2275560,62398010,13608,0,59797950,2586452,62398010
2020-08-13,734,735,728,730,123731,0.27472527472527475,92,-100,5351,-5343,0,100,0,119124,0,119224,8,100,113773,5343,119224,69736,-76200,4063418,-4056954,0,75800,0,90401994,0,90477794,6064,76200,86338576,4056954,90477794
2020-08-14,733,733,722,730,115403,0.0,359,0,3790,-4149,0,367,0,110833,0,111200,8,0,107043,4149,111200,272552,0,2875214,-3147766,0,278616,0,83991435,0,84270051,6064,0,81116221,3147766,84270051
2020-08-18,730,748,723,734,336335,0.547945205479452,-196,0,969,-773,0,6124,0,312800,5160,324084,6320,0,311831,5933,324084,-168837,0,707954,-539117,0,4657443,0,238730309,3932786,247320538,4826280,0,238022355,4471903,247320538
2020-08-19,734,737,723,730,132988,-0.544959128065395,2700,-4555,842,1013,0,5432,0,117984,4728,128144,2732,4555,117142,3715,128144,2026149,-3461901,682485,753267,0,4090316,0,89135954,3575552,96801822,2064167,3461901,88453469,2822285,96801822
2020-08-20,725,730,715,718,284493,-1.643835616438356,7033,10600,-17399,-234,0,7040,10600,252332,4159,274131,7,0,269731,4393,274131,5281729,7900000,-12975477,-206252,0,5286944,7900000,188708228,3114480,205009652,5215,0,201683705,3320732,205009652
2020-08-21,717,726,713,727,210194,1.2534818941504178,5083,20000,-29285,4202,0,5088,20000,172452,4998,202538,5,0,201737,796,202538,3781758,14800000,-21709808,3128050,0,3785528,14800000,128131232,3721407,150438167,3770,0,149841040,593357,150438167
2020-08-24,725,725,714,716,63566,-1.5130674002751032,2589,39,-4797,2169,0,2597,39,55264,3351,61251,8,0,60061,1182,61251,1930332,29078,-3566196,1606786,0,1936274,29078,41090203,2486442,45541997,5942,0,44656399,879656,45541997
2020-08-25,715,730,714,722,80441,0.8379888268156425,-16319,0,22145,-5826,0,3453,0,73709,349,77511,19772,0,51564,6175,77511,-12121610,0,16469479,-4347869,0,2585947,0,54940071,260354,57786372,14707557,0,38470592,4608223,57786372
2020-08-26,724,724,714,722,66827,0.0,229,10,-209,-30,0,233,10,61196,2954,64393,4,0,61405,2984,64393,170474,7465,-156396,-21543,0,173470,7465,45542876,2194822,47918633,2996,0,45699272,2216365,47918633
2020-08-27,721,721,713,717,87766,-0.6925207756232686,438,-585,-353,500,0,443,15,83611,500,84569,5,600,83964,0,84569,324264,-435850,-260914,372500,0,327984,11150,61969846,372500,62681480,3720,447000,62230760,0,62681480
2020-08-28,720,729,711,724,76184,0.9762900976290098,336,30000,-31738,1402,0,361,30000,40646,2402,73409,25,0,72384,1000,73409,251531,22436508,-23716317,1028278,0,270266,22436508,30320329,1776278,54803381,18735,0,54036646,748000,54803381
2020-08-31,724,730,720,728,118209,0.5524861878453038,0,0,3084,-3084,0,2,0,110025,3876,113903,2,0,106941,6960,113903,-11,0,2312182,-2312171,0,1499,0,82989482,2934132,85925113,1510,0,80677300,5246303,85925113
2020-09-01,727,733,725,729,304711,0.13736263736263737,1322,26868,-24894,-3296,0,1339,26868,253043,12362,293612,17,0,277937,15658,293612,1004711,20285340,-18757553,-2532498,0,1017610,20285340,191550518,9348320,222201788,12899,0,210308071,11880818,222201788
2020-09-02,729,734,725,733,104813,0.5486968449931412,-13,14757,-15880,1136,0,3,14767,82814,3411,100995,16,10,98694,2275,100995,-9881,11180252,-12037638,867267,0,2274,11187852,62761734,2592360,76544220,12155,7600,74799372,1725093,76544220
2020-09-03,733,736,731,734,161101,0.1364256480218281,15,33020,-28943,-4092,0,26,34020,121187,0,155233,11,1000,150130,4092,155233,11429,25151588,-22051432,-3111585,0,19811,25912588,92272613,0,118205012,8382,761000,114324045,3111585,118205012
2020-09-04,723,735,723,735,182447,0.13623978201634876,18,45005,-43640,-1383,0,27,45005,127551,3219,175802,9,0,171191,4602,175802,13626,34297789,-33256840,-1054575,0,20493,34297789,96847355,2450077,133615714,6867,0,130104195,3504652,133615714
2020-09-07,735,743,731,744,225739,1.2244897959183674,640,1010,122,-1772,0,689,1010,213641,2177,217517,49,0,213519,3949,217517,492712,777600,94922,-1365234,0,530440,777600,163718710,1653787,166680537,37728,0,163623788,3019021,166680537
2020-09-08,743,751,740,751,193546,0.9408602150537635,-4100,10000,-4329,-1571,0,0,10000,173344,3152,186496,4100,0,177673,4723,186496,-3176588,7740000,-3339495,-1223917,0,0,7740000,134620361,2445312,144805673,3176588,0,137959856,3669229,144805673
2020-09-09,745,766,741,758,180457,0.9320905459387484,94,27863,-16771,-11186,0,576,28863,140609,3836,173884,482,1000,157380,15022,173884,74173,21890053,-13117178,-8847048,0,453474,22679053,110773163,3016082,136921772,379301,789000,123890341,11863130,136921772
2020-09-10,756,763,755,756,110469,-0.2638522427440633,111,0,2062,-2173,0,125,0,104735,1585,106445,14,0,102673,3758,106445,87149,0,1642513,-1729662,0,98175,0,82493263,1245139,83836577,11026,0,80850750,2974801,83836577
2020-09-11,756,762,753,759,66659,0.3968253968253968,262,1000,-19133,17871,0,270,1000,44990,17971,64231,8,0,64123,100,64231,205883,783000,-15008052,14019169,0,212192,783000,35312403,14098169,50405764,6309,0,50320455,79000,50405764
2020-09-14,762,762,751,754,143753,-0.6587615283267457,-3,29456,-49005,19552,0,1,29456,89508,19552,138517,4,0,138513,0,138517,-2347,23030136,-38342413,15314624,0,785,23030136,70075810,15314624,108421355,3132,0,108418223,0,108421355
2020-09-15,754,758,744,758,210430,0.5305039787798408,-1523,26001,-36588,12110,0,5169,26001,157076,14519,202765,6692,0,193664,2409,202765,-1218040,20236284,-28470701,9452457,0,4005975,20236284,121991861,11338704,157572824,5224015,0,150462562,1886247,157572824
2020-09-16,757,757,743,754,273158,-0.5277044854881267,-45,-80000,74881,5164,0,5237,10000,241017,6955,263209,5282,90000,166136,1791,263209,-40201,-62011163,58039177,4012187,0,4058898,7750000,187107480,5398036,204314414,4099099,69761163,129068303,1385849,204314414
2020-09-17,753,755,743,747,69194,-0.9283819628647214,1222,5,-4962,3735,0,1224,5,58294,7151,66674,2,0,63256,3416,66674,946177,3870,-3843463,2893416,0,947727,3870,45196724,5542986,51691307,1550,0,49040187,2649570,51691307
2020-09-18,746,750,742,750,82729,0.4016064257028112,871,6235,-6600,-506,0,945,6235,72536,0,79716,74,0,79136,506,79716,674425,4837390,-5119665,-392150,0,732002,4837390,56269846,0,61839238,57577,0,61389511,392150,61839238
2020-09-21,753,756,744,749,253712,-0.13333333333333333,17,87351,-89844,2476,0,18,87351,150636,6466,244471,1,0,240480,3990,244471,13188,67842064,-69759751,1904499,0,13965,67842064,116954526,5021031,189831586,777,0,186714277,3116532,189831586
2020-09-22,749,755,742,751,223809,0.26702269692923897,25,48009,-54062,6028,0,25,49010,136663,29959,215657,0,1001,190725,23931,215657,19370,37345577,-41900924,4535977,0,19370,38126350,106360601,23254310,167760631,0,780773,148261525,18718333,167760631
2020-09-23,751,751,740,749,107635,-0.2663115845539281,78,15,4334,-4427,0,2696,15,101004,0,103715,2618,0,96670,4427,103715,47097,11620,3377695,-3436412,0,2073449,11620,78029998,0,80115067,2026352,0,74652303,3436412,80115067
2020-09-24,745,748,735,738,64975,-1.4686248331108143,-38,10010,-10667,695,0,2625,10010,46280,3693,62608,2663,0,56947,2998,62608,-36936,7637705,-8128522,527753,0,2016005,7637705,35485299,2832204,47971213,2052941,0,43613821,2304451,47971213
2020-09-25,738,741,734,734,39119,-0.5420054200542005,418,5000,-4805,-613,0,418,5000,31569,707,37694,0,0,36374,1320,37694,320302,3825000,-3672303,-472999,0,320302,3825000,24141095,539441,28825838,0,0,27813398,1012440,28825838
2020-09-28,748,748,735,746,24614,1.6348773841961852,18,0,262,-280,0,23,0,23102,592,23717,5,0,22840,872,23717,13971,0,201101,-215072,0,17816,0,17797814,452880,18268510,3845,0,17596713,667952,18268510
2020-09-29,747,752,743,750,57563,0.5361930294906166,-12,3343,-1377,-1954,0,1,3343,52122,0,55466,13,0,53499,1954,55466,-9334,2587029,-1058739,-1518956,0,778,2587029,40491839,0,43079646,10112,0,41550578,1518956,43079646
2020-10-05,750,752,743,750,46532,0.0,105,3160,8102,-11367,0,2027,3160,38374,1276,44837,1922,0,30272,12643,44837,68516,2453800,6330706,-8853022,0,1565714,2453800,29832815,988900,34841229,1497198,0,23502109,9841922,34841229
2020-10-06,750,752,744,752,57638,0.26666666666666666,5,0,8580,-8585,0,10,0,55529,0,55539,5,0,46949,8585,55539,3878,0,6678547,-6682425,0,7775,0,43217698,0,43225473,3897,0,36539151,6682425,43225473
2020-10-07,750,752,744,752,29782,0.0,1007,5,-96,-916,0,1010,5,27682,0,28697,3,0,27778,916,28697,779425,3870,-71475,-711820,0,781765,3870,21497313,0,22282948,2340,0,21568788,711820,22282948
2020-10-08,750,751,744,745,142104,-0.9308510638297872,4492,20015,-24537,30,0,4494,20015,111118,1301,136928,2,0,135655,1271,136928,3483226,15531640,-19035987,21121,0,3484772,15531640,86172040,1009576,106198028,1546,0,105208027,988455,106198028
2020-10-12,749,757,746,755,297077,1.342281879194631,-1019,73680,-69275,-3386,0,69,73680,197609,14898,286256,1088,0,266884,18284,286256,-795146,57431056,-53997062,-2638848,0,53751,57431056,154453426,11590644,223528877,848897,0,208450488,14229492,223528877
2020-10-13,756,765,754,760,178352,0.6622516556291391,3115,11001,-8988,-5128,0,3122,11001,157019,714,171856,7,0,166007,5842,171856,2459632,8661956,-7056430,-4065158,0,2465155,8661956,123589617,560490,135277218,5523,0,130646047,4625648,135277218
2020-10-14,764,764,752,758,117663,-0.2631578947368421,219,0,-6825,6606,0,500,0,103942,8935,113377,281,0,110767,2329,113377,171426,0,-5314693,5143267,0,392473,0,81529838,6978235,88900546,221047,0,86844531,1834968,88900546
2020-10-15,758,775,751,769,522120,1.4511873350923483,54,-1005,21045,-20094,0,2061,0,497041,4000,503102,2007,1005,475996,24094,503102,54812,-801990,16798538,-16051360,0,1638375,0,395385724,3199091,400223190,1583563,801990,378587186,19250451,400223190
2020-10-16,771,782,765,780,713626,1.4304291287386215,-2815,25560,-35142,12397,0,268,25560,625292,36513,687633,3083,0,660434,24116,687633,-2281923,20602110,-28272719,9952532,0,215155,20602110,504147232,29440950,554405447,2497078,0,532419951,19488418,554405447
2020-10-19,776,795,776,787,386177,0.8974358974358974,-14,-102190,96734,5470,0,0,2410,361741,7960,372111,14,104600,265007,2490,372111,-11443,-83382506,78921421,4472528,0,0,1959330,295205845,6499388,303664563,11443,85341836,216284424,2026860,303664563
2020-10-20,782,787,773,785,119195,-0.25412960609911056,16,2660,-1568,-1108,0,2571,2660,108820,802,114853,2555,0,110388,1910,114853,1036,2147180,-1238790,-909426,0,2085170,2147180,88035331,650422,92918103,2084134,0,89274121,1559848,92918103
2020-10-21,786,786,769,784,230845,-0.12738853503184713,-440,-60000,54750,5690,0,2543,0,210128,9766,222437,2983,60000,155378,4076,222437,-357931,-48134907,43923525,4569313,0,2034558,0,169414973,7858407,179307938,2392489,48134907,125491448,3289094,179307938
2020-10-22,784,785,776,785,55465,0.12755102040816327,16031,0,-18206,2175,0,18518,0,31899,3028,53445,2487,0,50105,853,53445,13030838,0,-14779635,1748797,0,15040568,0,25875855,2440580,43357003,2009730,0,40655490,691783,43357003
2020-10-23,786,792,779,787,184018,0.25477707006369427,64703,-6823,-60493,2613,0,64994,10923,96110,5288,177315,291,17746,156603,2675,177315,52684589,-5582460,-49252707,2150578,0,52922836,8930968,78491006,4336160,144680970,238247,14513428,127743713,2185582,144680970
2020-10-26,792,793,776,780,215619,-0.8894536213468869,303,59095,-57181,-2217,0,311,60000,143736,3718,207765,8,905,200917,5935,207765,246674,47886542,-46288051,-1845165,0,253230,48630000,117236201,3006504,169125935,6556,743458,163524252,4851669,169125935
2020-10-27,779,781,770,779,135460,-0.1282051282051282,21627,10015,-30165,-1477,0,31628,10015,87866,1017,130526,10001,0,118031,2494,130526,17458249,8012030,-24285797,-1184482,0,25489920,8012030,70692701,819702,105014353,8031671,0,94978498,2004184,105014353
2020-10-28,782,782,770,779,157949,0.0,12313,0,-14879,2566,0,12313,0,136031,3852,152196,0,0,150910,1286,152196,9924814,0,-11999410,2074596,0,9924814,0,109340460,3108564,122373838,0,0,121339870,1033968,122373838
2020-10-29,771,775,763,772,442005,-0.8985879332477535,18298,100010,-135039,16731,0,33478,100010,272231,20186,425905,15180,0,407270,3455,425905,14599108,79753701,-107743939,13391130,0,26741607,79753701,216843749,16153880,339492937,12142499,0,324587688,2762750,339492937
2020-10-30,771,778,751,770,391335,-0.2590673575129534,9101,78355,-90988,3532,0,11165,78355,281352,6209,377081,2064,0,372340,2677,377081,7227642,62045213,-72103457,2830602,0,8856269,62045213,223924610,4973409,299799501,1628627,0,296028067,2142807,299799501
2020-11-02,773,773,766,771,125140,0.12987012987012986,-1565,10,-10034,11589,0,775,10,108208,11589,120582,2340,0,118242,0,120582,-1253100,7960,-7995954,9241094,0,616640,7960,86434471,9241094,96300165,1869740,0,94430425,0,96300165
2020-11-03,773,782,768,774,106992,0.38910505836575876,679,2850,-8686,5157,0,3271,2850,91432,5542,103095,2592,0,100118,385,103095,535804,2280000,-6981808,4166004,0,2624097,2280000,73578071,4475544,82957712,2088293,0,80559879,309540,82957712
2020-11-04,774,782,773,780,91229,0.7751937984496124,-474,11818,-9445,-1899,0,250,21766,65890,0,87906,724,9948,75335,1899,87906,-382870,9526283,-7611550,-1531863,0,201400,17534626,53180811,0,70916837,584270,8008343,60792361,1531863,70916837
2020-11-05,783,786,777,786,122575,0.7692307692307693,-32,59395,-56259,-3104,0,0,59395,58069,646,118110,32,0,114328,3750,118110,-25972,48217352,-45668697,-2522683,0,0,48217352,47183101,521322,95921775,25972,0,92851798,3044005,95921775
2020-11-06,786,788,781,786,125705,0.0,558,33241,-26884,-6915,0,573,33241,87312,0,121126,15,0,114196,6915,121126,454272,27047268,-21884168,-5617372,0,466479,27047268,71055425,0,98569172,12207,0,92939593,5617372,98569172
2020-11-09,793,799,784,798,193730,1.5267175572519083,338,54364,-57342,2640,0,364,54364,123519,8427,186674,26,0,180861,5787,186674,279827,44738497,-47200093,2181769,0,301193,44738497,101812537,6960076,153812303,21366,0,149012630,4778307,153812303
2020-11-10,797,802,793,803,176379,0.6265664160401002,-7071,16082,-7677,-1334,0,22,16082,151656,2195,169955,7093,0,159333,3529,169955,-5872879,13345040,-6370417,-1101744,0,18304,13345040,125838121,1808680,141010145,5891183,0,132208538,2910424,141010145
2020-11-11,796,877,796,872,4666741,8.59277708592777,-30421,-26981,125586,-68184,0,10270,34480,4333827,118183,4496760,40691,61461,4208241,186367,4496760,-27354139,-25999162,112919674,-59566373,0,9087252,28697487,3864534558,103678146,4005997443,36441391,54696649,3751614884,163244519,4005997443
2020-11-12,873,1132,866,1132,5553616,29.81651376146789,-972415,171000,781715,19700,0,28142,221000,5032541,69649,5351332,1000557,50000,4250826,49949,5351332,-1106220329,144927169,943460962,17832198,0,25878852,203677169,5603525076,64153941,5897235038,1132099181,58750000,4660064114,46321743,5897235038
2020-11-13,1093,1098,968,988,3728359,-12.7208480565371,-180941,17212,156843,6886,0,17121,68000,3427847,79590,3592558,198062,50788,3271004,72704,3592558,-197785045,17227530,172980145,7577370,0,18248095,70720000,3662793450,86907325,3838668870,216033140,53492470,3489813305,79329955,3838668870
2020-11-16,982,1079,968,1041,1271935,5.364372469635628,-170365,15000,158519,-3154,0,5250,15000,1179228,26128,1225606,175615,0,1020709,29282,1225606,-184024600,15525000,171701585,-3201985,0,5447300,15525000,1247167820,27174915,1295315035,189471900,0,1075466235,30376900,1295315035
2020-11-17,1045,1088,1031,1041,759376,0.0,-73651,-3000,77791,-1140,0,19,10,721645,10043,731717,73670,3010,643854,11183,731717,-80357425,-3225010,84873575,-1291140,0,20650,10840,784557350,10993540,795582380,80378075,3235850,699683775,12284680,795582380
2020-11-18,1035,1050,978,1041,951411,0.0,-223331,9000,189432,24899,0,398,9000,840782,66577,916757,223729,0,651350,41678,916757,-241139910,9375000,205724935,26039975,0,424675,9375000,895795595,70785535,976380805,241564585,0,690070660,44745560,976380805
2020-11-19,1050,1050,1002,1012,399870,-2.785782901056676,-31851,31000,7849,-6998,0,2560,32000,333258,17487,385305,34411,1000,325409,24485,385305,-34458400,33175000,9228250,-7944850,0,2702060,34250000,354765700,18438065,410155825,37160460,1075000,345537450,26382915,410155825
2020-11-20,1021,1035,1002,1021,188051,0.8893280632411068,-512,0,16431,-15919,0,0,0,169485,11716,181201,512,0,153054,27635,181201,-542770,0,17330850,-16788080,0,0,0,179353630,12402770,191756400,542770,0,162022780,29190850,191756400
2020-11-23,1040,1088,1002,1060,1445371,3.819784524975514,-60685,6244,1620,52821,0,6108,6244,1279604,100769,1392725,66793,0,1277984,47948,1392725,-66082040,6546285,2613560,56922195,0,6724570,6546285,1395132475,108966965,1517370295,72806610,0,1392518915,52044770,1517370295
2020-11-24,1059,1146,1050,1070,1543012,0.9433962264150944,-43128,-39211,117426,-35087,0,111,111,1447261,39327,1486810,43239,39322,1329835,74414,1486810,-48724245,-44530740,132678755,-39423770,0,125815,125985,1647480145,44583775,1692315720,48850060,44656725,1514801390,84007545,1692315720
2020-11-25,1074,1084,1002,1041,861424,-2.710280373831776,-283,31000,-39714,8997,0,377,31000,773622,25049,830048,660,0,813336,16052,830048,-297170,32912500,-42313540,9698210,0,401055,32912500,832607155,27143310,893064020,698225,0,874920695,17445100,893064020
2020-11-26,1040,1059,1006,1041,216894,0.0,-5976,4652,-3750,5074,0,3,5096,195765,8130,208994,5979,444,199515,3056,208994,-6346550,4924460,-3938445,5360535,0,3240,5401760,210424250,8672615,224501865,6349790,477300,214362695,3312080,224501865
2020-11-27,1040,1050,1026,1036,186592,-0.48030739673390976,2268,-20000,17362,370,0,2341,0,177085,370,179796,73,20000,159723,0,179796,2440160,-21313575,18477965,395450,0,2518885,0,189925165,395450,192839500,78725,21313575,171447200,0,192839500
2020-11-30,1040,1040,1011,1031,299345,-0.4826254826254826,10136,-5096,-2986,-2054,0,10200,0,273791,4451,288442,64,5096,276777,6505,288442,10744520,-5401760,-3132425,-2210335,0,10813000,0,291961305,4759315,307533620,68480,5401760,295093730,6969650,307533620
2020-12-01,1026,1031,1011,1017,191723,-1.3579049466537343,-201,7000,-6585,-214,0,16,7000,177161,563,184740,217,0,183746,777,184740,-212505,7390000,-6946770,-230725,0,16940,7390000,187325235,596780,195328955,229445,0,194272005,827505,195328955
2020-12-02,1021,1050,1011,1026,244211,0.8849557522123894,14897,5000,-22593,2696,0,15033,5000,208684,6599,235316,136,0,231277,3903,235316,16032590,5275000,-24101370,2793780,0,16176320,5275000,221821900,7027935,250301155,143730,0,245923270,4234155,250301155
2020-12-03,1026,1026,1002,1012,383158,-1.364522417153996,20405,50000,-71461,1056,0,21040,50000,294221,3941,369202,635,0,365682,2885,369202,21267520,52355000,-74711720,1089200,0,21936870,52355000,308346860,4129185,386767915,669350,0,383058580,3039985,386767915
2020-12-04,1011,1084,1011,1036,1909985,2.371541501976284,-22819,-2000,20144,4675,0,28554,0,1696103,115759,1840416,51373,2000,1675959,111084,1840416,-25563310,-2210000,22674450,5098860,0,31044900,0,1847762815,126288000,2005095715,56608210,2210000,1825088365,121189140,2005095715
2020-12-07,1045,1064,1011,1041,623509,0.4826254826254826,19863,-3000,-30597,13734,0,30200,0,530365,40233,600798,10337,3000,560962,26499,600798,21002005,-3255000,-32416040,14669035,0,32216215,0,570898960,43197745,646312920,11214210,3255000,603315000,28528710,646312920
2020-12-08,1040,1064,1016,1041,720851,0.0,-6409,0,15175,-8766,0,511,0,675101,18983,694595,6920,0,659926,27749,694595,-7003580,0,16684505,-9680925,0,549410,0,730415795,20521005,751486210,7552990,0,713731290,30201930,751486210
2020-12-09,1040,1040,1021,1041,282173,0.0,-55,10000,-14757,4812,0,0,10000,254529,7366,271895,55,0,269286,2554,271895,-58650,10625000,-15642525,5076175,0,0,10625000,272269490,7807960,290702450,58650,0,287912015,2731785,290702450
2020-12-10,1040,1045,1021,1045,341964,0.38424591738712777,35921,20000,-57215,1294,0,37821,20000,269528,2159,329508,1900,0,326743,865,329508,38353865,21300000,-61041465,1387600,0,40396955,21300000,289016115,2320925,353033995,2043090,0,350057580,933325,353033995
2020-12-11,1050,1074,1045,1055,498572,0.9569377990430622,-29211,-12349,44441,-2881,0,144,463,466477,13328,480412,29355,12812,422036,16209,480412,-32135360,-13701650,48993115,-3156105,0,159790,504670,510998975,14586050,526249485,32295150,14206320,462005860,17742155,526249485
2020-12-14,1040,1093,1040,1065,641386,0.9478672985781991,-27485,-8353,12068,23770,0,15029,0,554398,48597,618024,42514,8353,542330,24827,618024,-30536490,-9419765,14436770,25519485,0,16379895,0,613089555,53262975,682732425,46916385,9419765,598652785,27743490,682732425
2020-12-15,1079,1084,1055,1079,529600,1.3145539906103285,-19481,0,28239,-8758,0,18,0,500556,9736,510310,19499,0,472317,18494,510310,-21725585,0,31557355,-9831770,0,19980,0,555024055,10684920,565728955,21745565,0,523466700,20516690,565728955
2020-12-16,1093,1247,1059,1200,4754435,11.214087117701576,1098,-80100,156138,-77136,0,55393,0,4324417,201450,4581260,54295,80100,4168279,278586,4581260,-3203740,-95855460,194332605,-95273405,0,62763590,0,5306508230,246249125,5615520945,65967330,95855460,5112175625,341522530,5615520945
2020-12-17,1175,1262,1146,1209,1631866,0.75,25188,-8298,-18236,1346,0,25364,2002,1453182,91879,1572427,176,10300,1471418,90533,1572427,31419025,-10609090,-19287470,-1522465,0,31641345,2442410,1813700750,113468075,1961252580,222320,13051500,1832988220,114990540,1961252580
2020-12-18,1185,1233,1175,1209,760977,0.0,89440,-7000,-108349,25909,0,89741,0,570189,73329,733259,301,7000,678538,47420,733259,111120260,-8790000,-133470005,31139745,0,111501625,0,712698010,90879040,915078675,381365,8790000,846168015,59739295,915078675
2020-12-21,1190,1204,1156,1176,604507,-2.729528535980149,3693,14000,-69353,51660,0,6229,14000,507766,54494,582489,2536,0,577119,2834,582489,4615645,16965000,-84404690,62824045,0,7685840,16965000,618316310,66314035,709281185,3070195,0,702721000,3489990,709281185
2020-12-22,1175,1209,1108,1127,864980,-4.166666666666666,938,24866,-27201,1397,0,1262,24866,772330,35016,833474,324,0,799531,33619,833474,1155025,29481555,-31575380,938800,0,1558310,29481555,942922970,42303950,1016266785,403285,0,974498350,41365150,1016266785
2020-12-23,1146,1185,1137,1185,540680,5.146406388642413,29532,4985,-101615,67098,0,30220,5135,391425,94206,520986,688,150,493040,27108,520986,36296040,5928895,-122703915,80478980,0,37134300,6110645,472039800,113306185,628590930,838260,181750,594743715,32827205,628590930
2020-12-24,1185,1204,1156,1180,2053768,-0.42194092827004215,512,-7001,-929,7418,0,663,1743379,215607,19313,1978962,151,1750380,216536,11895,1978962,618975,-8736205,-642805,8760035,0,803700,2135579295,263536065,23407895,2423326955,184725,2144315500,264178870,14647860,2423326955
2020-12-28,1156,1185,1137,1142,641384,-3.2203389830508473,-15128,71527,-57407,1008,0,13051,71527,515005,18439,618022,28179,0,572412,17431,618022,-17950075,85034495,-68139680,1055260,0,15587625,85034495,616704515,21992570,739319205,33537700,0,684844195,20937310,739319205
2020-12-29,1137,1146,1112,1142,337469,0.0,790,5473,-22412,16149,0,1979,10473,284835,27890,325177,1189,5000,307247,11741,325177,933320,6297605,-26049640,18818715,0,2325375,12222605,333785190,32653840,380987010,1392055,5925000,359834830,13835125,380987010
2020-12-30,1127,1151,1117,1132,381859,-0.8756567425569177,-44873,0,63126,-18253,0,10770,1113,339197,16870,367950,55643,1113,276071,35123,367950,-52443785,-22825,73991255,-21524645,0,12650060,1302210,397536925,19755030,431244225,65093845,1325035,323545670,41279675,431244225
2021-01-04,1132,1146,1093,1103,509877,-2.5618374558303887,8554,8000,-13239,-3315,0,9133,8000,439374,34798,491305,579,0,452613,38113,491305,9845115,9165000,-14736160,-4273955,0,10517100,9165000,504791120,39932060,564405280,671985,0,519527280,44206015,564405280
2021-01-05,1103,1141,1084,1123,506444,1.813236627379873,8655,-13000,-17225,21570,0,8655,0,419692,59650,487997,0,13000,436917,38080,487997,10085670,-15184875,-19603660,24702865,0,10085670,0,485145015,68704995,563935680,0,15184875,504748675,44002130,563935680
2021-01-06,1132,1146,1103,1132,348279,0.8014247551202136,-825,-10000,7593,3232,0,21,0,313187,22385,335593,846,10000,305594,19153,335593,-964165,-11805000,8933455,3835710,0,24825,0,365540500,26178880,391744205,988990,11805000,356607045,22343170,391744205
2021-01-07,1132,1137,1098,1103,451722,-2.5618374558303887,53336,100,-44297,-9139,0,53336,5676,366001,10256,435269,0,5576,410298,19395,435269,61603165,-27900,-50802925,-10772340,0,61603165,6523900,424088640,11821525,504037230,0,6551800,474891565,22593865,504037230
2021-01-08,1117,1117,1055,1089,735638,-1.2692656391659112,25921,30000,-61599,5678,0,37186,30000,615533,26124,708843,11265,0,677132,20446,708843,28378225,33415000,-67853300,6060075,0,41263050,33415000,686981715,29220900,790880665,12884825,0,754835015,23160825,790880665
2021-01-11,1098,1204,1040,1108,2335573,1.7447199265381086,-21581,-36554,181482,-123347,0,12243,0,2051559,186700,2250502,33824,36554,1870077,310047,2250502,-23561765,-44184970,219673265,-151926530,0,13826800,0,2400805555,213666150,2628298505,37388565,44184970,2181132290,365592680,2628298505
2021-01-12,1084,1112,1069,1079,331592,-2.6173285198555956,2279,2254,5126,-9659,0,9906,2254,289449,17905,319514,7627,0,284323,27564,319514,2589230,2513210,5689635,-10792075,0,11093345,2513210,325537570,20187800,359331925,8504115,0,319847935,30979875,359331925
2021-01-13,1069,1093,1064,1084,369559,0.46339202965708987,1235,2200,-22609,19174,0,1399,2200,329934,22565,356098,164,0,352543,3391,356098,1382760,2454000,-25254595,21417835,0,1565630,2454000,367812345,25209385,397041360,182870,0,393066940,3791550,397041360
2021-01-14,1079,1141,1079,1103,662608,1.7527675276752765,-103,-68183,87136,-18850,0,95,0,614179,24199,638473,198,68183,527043,43049,638473,-119735,-79728245,102030515,-22182535,0,108595,0,709668630,27721880,737499105,228330,79728245,607638115,49904415,737499105
2021-01-15,1093,1146,1093,1118,678681,1.3599274705349047,8818,-54077,4671,40588,0,20031,0,557940,75990,653961,11213,54077,553269,35402,653961,10183975,-63661220,6180735,47296510,0,23410740,0,651546080,88406185,763363005,13226765,63661220,645365345,41109675,763363005
2021-01-18,1108,1247,1108,1180,5433265,5.545617173524151,-23926,-307267,122115,209078,0,3239,4973,4724506,502647,5235365,27165,312240,4602391,293569,5235365,-29779645,-379840280,145651100,263968825,0,3975210,6068085,5889972320,629788900,6529804515,33754855,385908365,5744321220,365820075,6529804515
2021-01-19,1204,1320,1146,1229,5179585,4.1525423728813555,-36581,-109866,336127,-189680,0,20939,4324,4589658,376004,4990925,57520,114190,4253531,565684,4990925,-48040235,-140731250,445541780,-256770295,0,27027060,5565000,5905326360,480157940,6418076360,75067295,146296250,5459784580,736928235,6418076360
2021-01-20,1209,1257,1161,1190,1212631,-3.173311635475997,2914,3385,-62728,56429,0,15763,3385,1042276,107038,1168462,12849,0,1105004,50609,1168462,3197260,4144700,-75173470,67831510,0,19264435,4144700,1295833830,131646060,1450889025,16067175,0,1371007300,63814550,1450889025
2021-01-21,1291,1291,1228,1243,2436766,4.453781512605042,47914,-62005,151071,-136980,0,49018,0,2200864,98128,2348010,1104,62005,2049793,235108,2348010,61651945,-81836800,201016250,-180831395,0,63086130,0,2870761000,127714090,3061561220,1434185,81836800,2669744750,308545485,3061561220
2021-01-22,1296,1296,1238,1272,835640,2.333065164923572,-9318,-35295,82030,-37417,0,2538,0,764885,37780,805203,11856,35295,682855,75197,805203,-12253835,-46549205,108666050,-49863010,0,3305280,0,1002807990,49165380,1055278650,15559115,46549205,894141940,99028390,1055278650
2021-01-25,1324,1652,1305,1628,14770188,27.9874213836478,-128752,-357592,463546,22798,0,35321,80,13679159,517641,14232201,164073,357672,13215613,494843,14232201,-210916925,-588614015,781334435,18196505,0,57688930,130900,22206218175,823443665,23087481670,268605855,588744915,21424883740,805247160,23087481670
2021-01-26,1657,1676,1536,1638,5812870,0.6142506142506142,19736,-10726,-18013,9003,0,81233,1920,5227820,290170,5601143,61497,12646,5245833,281167,5601143,30210305,-18705910,-21129930,9625535,0,133852445,3277150,8803945910,482390440,9423465945,103642140,21983060,8825075840,472764905,9423465945
2021-01-27,1560,1618,1541,1590,1679182,-2.93040293040293,1077,1000,-66929,64852,0,2379,1000,1480930,133711,1618020,1302,0,1547859,68859,1618020,1791405,1640000,-107543760,104112355,0,3948750,1640000,2439089840,218043180,2662721770,2157345,0,2546633600,113930825,2662721770
2021-01-28,1522,1893,1517,1681,15741747,5.723270440251572,12184,-243303,349944,-118825,0,40073,65397,14743800,319102,15168372,27889,308700,14393856,437927,15168372,20149465,-474878735,668914035,-214184765,0,70350805,118872530,26700367770,557997470,27447588575,50201340,593751265,26031453735,772182235,27447588575
2021-01-29,1666,1734,1560,1619,2360808,-3.6882807852468766,10633,0,18841,-29474,0,14653,0,2155791,104374,2274818,4020,0,2136950,133848,2274818,17618735,0,35670035,-53288770,0,24406525,0,3638496475,175003660,3837906660,6787790,0,3602826440,228292430,3837906660
2021-02-01,1565,1676,1551,1619,1476581,0.0,5906,0,-52906,47000,0,8161,0,1296898,117739,1422798,2255,0,1349804,70739,1422798,9713255,0,-86612350,76899095,0,13606260,0,2200759830,197235280,2411601370,3893005,0,2287372180,120336185,2411601370
2021-02-02,1599,1671,1594,1672,876342,3.2736256948733784,1269,0,-31890,30621,0,5275,0,755541,83606,844422,4006,0,787431,52985,844422,2110725,0,-53238300,51127575,0,8848340,0,1277395270,140707535,1426951145,6737615,0,1330633570,89579960,1426951145
2021-02-03,1638,1797,1638,1734,1692869,3.7081339712918657,-2372,0,63694,-61322,0,851,0,1550967,79390,1631208,3223,0,1487273,140712,1631208,-4324645,0,118223805,-113899160,0,1501190,0,2773947580,141041705,2916490475,5825835,0,2655723775,254940865,2916490475
2021-02-04,1772,1772,1681,1754,794116,1.1534025374855825,-7815,2333,-6492,11974,0,1498,2333,693326,68034,765191,9313,0,699818,56060,765191,-14237690,4176070,-10649670,20711290,0,2673965,4176070,1235286075,120921705,1363057815,16911655,0,1245935745,100210415,1363057815
2021-02-05,1729,1840,1710,1826,1028478,4.104903078677309,23375,-2333,-51962,30920,0,23464,0,861922,105631,991017,89,2333,913884,74711,991017,42706875,-4397705,-91535730,53226560,0,42869535,0,1582476325,190786315,1816132175,162660,4397705,1674012055,137559755,1816132175
2021-02-08,1825,1854,1777,1831,969361,0.2738225629791895,-6992,-1000,-36283,44275,0,10678,0,822958,100417,934053,17670,1000,859241,56142,934053,-12911030,-1875000,-66969270,81755300,0,19932490,0,1545895700,187480090,1753308280,32843520,1875000,1612864970,105724790,1753308280
2021-02-09,1825,1835,1758,1773,1027207,-3.1676679410158384,2437,0,-32939,30502,0,2953,0,860243,126596,989792,516,0,893182,96094,989792,4463755,0,-60494430,56030675,0,5421520,0,1599716140,235674600,1840812260,957765,0,1660210570,179643925,1840812260
2021-02-10,1830,1830,1724,1792,789640,1.071630005640158,10818,0,-41374,30556,0,13012,0,681671,66195,760878,2194,0,723045,35639,760878,19694440,0,-73993845,54299405,0,23720915,0,1251381675,120461550,1395564140,4026475,0,1325375520,66162145,1395564140
2021-02-15,1792,1792,1613,1662,1777877,-7.2544642857142865,29311,1000,19861,-50172,0,34727,1000,1536593,140800,1713120,5416,0,1516732,190972,1713120,50901760,1735000,34595620,-87232380,0,60440485,1735000,2671051910,244818605,2978046000,9538725,0,2636456290,332050985,2978046000
2021-02-16,1676,1695,1536,1580,2287122,-4.9338146811071,11011,-140,-119037,108166,0,25095,10,1923309,255402,2203816,14084,150,2042346,147236,2203816,17972260,-227550,-190680385,172935675,0,40938105,16200,3130676900,414052965,3585684170,22965845,243750,3321357285,241117290,3585684170
2021-02-17,1565,1609,1522,1609,1308363,1.8354430379746836,-6341,1000,9945,-4604,0,5375,1000,1129851,124481,1260707,11716,0,1119906,129085,1260707,-10302115,1605000,19524930,-10827815,0,8573695,1605000,1825213505,199720440,2035112640,18875810,0,1805688575,210548255,2035112640
2021-02-18,1580,1585,1517,1532,990263,-4.785581106277191,12573,-48,24213,-36738,0,15653,0,892331,46210,954194,3080,48,868118,82948,954194,20439345,-78000,38777750,-59139095,0,25371145,0,1437355315,74315000,1537041460,4931800,78000,1398577565,133454095,1537041460
2021-02-19,1565,1565,1450,1518,1242009,-0.9138381201044387,1784,520,-167836,165532,0,2865,640,918060,275205,1196770,1081,120,1085896,109673,1196770,2725300,806290,-257259335,253727745,0,4429135,995200,1425262760,425061895,1855748990,1703835,188910,1682522095,171334150,1855748990
2021-02-22,1536,1536,1402,1445,1530036,-4.808959156785244,-143760,0,108594,35166,0,17820,0,1264867,191619,1474306,161580,0,1156273,156453,1474306,-217349330,0,165789205,51560125,0,26559870,0,1905319365,288067385,2219946620,243909200,0,1739530160,236507260,2219946620
2021-02-23,1426,1426,1349,1392,1330920,-3.667820069204152,-2773,1000,-361436,363209,0,28940,1000,811359,441144,1282443,31713,0,1172795,77935,1282443,-4893405,1460000,-519720675,523154080,0,40912190,1460000,1162834565,635626885,1840833640,45805595,0,1682555240,112472805,1840833640
2021-02-24,1392,1426,1339,1344,901571,-3.4482758620689653,-11741,1000,49139,-38398,0,47432,1000,717997,102303,868732,59173,0,668858,140701,868732,-17940990,1400000,74013880,-57472890,0,67189185,1400000,1025542550,144102100,1238233835,85130175,0,951528670,201574990,1238233835
2021-02-25,1368,1402,1329,1397,667084,3.943452380952381,-104752,-3,70600,34155,0,53756,0,474338,114692,642786,158508,3,403738,80537,642786,-148793875,-4170,101972740,46825305,0,75813905,0,674959955,161613270,912387130,224607780,4170,572987215,114787965,912387130
2021-02-26,1382,1382,1310,1344,439225,-3.7938439513242663,367,0,37983,-38350,0,4402,0,369043,49782,423227,4035,0,331060,88132,423227,534675,0,53514445,-54049120,0,6123055,0,513865700,68911685,588900440,5588380,0,460351255,122960805,588900440
2021-03-02,1349,1349,1286,1320,954488,-1.7857142857142856,3647,16000,-115487,95840,0,21864,16000,748638,133220,919722,18217,0,864125,37380,919722,4814085,22135000,-157532920,130583835,0,29704495,22135000,1020754150,181614495,1254208140,24890410,0,1178287070,51030660,1254208140
2021-03-03,1320,1320,1257,1282,707157,-2.878787878787879,-43939,2000,-66961,108900,0,14842,2000,545345,119213,681400,58781,0,612306,10313,681400,-58177165,2625000,-88826810,144378975,0,19773115,2625000,722090875,158118860,902607850,77950280,0,810917685,13739885,902607850
2021-03-04,1271,1329,1252,1286,578151,0.31201248049922,-22936,-780,18766,4950,0,6380,3420,466591,80702,557093,29316,4200,447825,75752,557093,-30166705,-1154700,25341965,5979440,0,8383845,4460800,618647655,107082835,738575135,38550550,5615500,593305690,101103395,738575135
2021-03-05,1276,1296,1243,1262,748477,-1.8662519440124419,-157804,0,139258,18546,0,5198,0,624081,91936,721215,163002,0,484823,73390,721215,-209999375,0,185986540,24012835,0,6735390,0,820112400,120363850,947211640,216734765,0,634125860,96351015,947211640
2021-03-08,1267,1310,1247,1291,577455,2.2979397781299524,35025,-3000,-31313,-712,0,37290,0,445263,73869,556422,2265,3000,476576,74581,556422,45960650,-4080000,-40180170,-1700480,0,48988575,0,590653775,97384175,737026525,3027925,4080000,630833945,99084655,737026525
2021-03-09,1281,1296,1214,1224,982823,-5.189775367931835,10102,5900,-125234,109232,0,12502,5900,695500,233123,947025,2400,0,820734,123891,947025,12985535,7654000,-156294400,135654865,0,16120035,7654000,892792530,296941585,1213508150,3134500,0,1049086930,161286720,1213508150
2021-03-10,1214,1238,1175,1233,902940,0.7352941176470588,10394,0,-182108,171714,0,26637,0,613219,230195,870051,16243,0,795327,58481,870051,13387490,0,-225129280,211741790,0,33499250,0,765580380,285107900,1084187530,20111760,0,990709660,73366110,1084187530
2021-03-11,1223,1310,1223,1291,664707,4.703974047039741,11440,-1299,34167,-44308,0,22114,5555,526736,86091,640496,10674,6854,492569,130399,640496,14915765,-1871010,46039620,-59084375,0,29213955,7277050,700517440,114159125,851167570,14298190,9148060,654477820,173243500,851167570
2021-03-12,1286,1315,1271,1306,557374,1.1618900077459333,-5653,-24,68169,-62492,0,17567,0,459232,60273,537072,23220,24,391063,122765,537072,-7508085,-32040,92337980,-84797855,0,23508820,0,616117775,80717580,720344175,31016905,32040,523779795,165515435,720344175
2021-03-15,1305,1368,1218,1310,802864,0.3062787136294028,-4298,1000,64958,-61660,0,19561,1000,682232,70828,773621,23859,0,617274,132488,773621,-6520725,1310000,89199765,-83989040,0,25822935,1310000,915716715,95621815,1038471465,32343660,0,826516950,179610855,1038471465
2021-03-16,1320,1406,1320,1383,1318708,5.572519083969466,27186,-7701,3495,-22980,0,56007,982,1062405,151282,1270676,28821,8683,1058910,174262,1270676,39726745,-11090595,6521530,-35157680,0,80575885,1398020,1513930865,214979930,1810884700,40849140,12488615,1507409335,250137610,1810884700
2021-03-17,1382,1392,1334,1383,520299,0.0,10152,5000,12982,-28134,0,16652,5000,398991,80705,501348,6500,0,386009,108839,501348,14154215,7075000,18298175,-39527390,0,23359215,7075000,566272280,114441400,711147895,9205000,0,547974105,153968790,711147895
2021-03-18,1411,1411,1373,1388,396216,0.3615328994938539,21730,0,-10610,-11120,0,21983,0,329816,29985,381784,253,0,340426,41105,381784,31320535,0,-15187665,-16132870,0,31688605,0,474769530,43133325,549591460,368070,0,489957195,59266195,549591460
2021-03-19,1368,1392,1349,1392,291352,0.2881844380403458,-34341,0,39351,-5010,0,7091,0,247169,26480,280740,41432,0,207818,31490,280740,-49320825,0,56533615,-7212790,0,10164075,0,353792265,37773870,401730210,59484900,0,297258650,44986660,401730210
2021-03-22,1397,1402,1368,1392,315484,0.0,67853,7409,-26539,-48723,0,71905,7409,220348,4331,303993,4052,0,246887,53054,303993,97594185,10667315,-38075620,-70185880,0,103420565,10667315,316939610,6228075,437255565,5826380,0,355015230,76413955,437255565
2021-03-23,1377,1483,1358,1407,1768888,1.0775862068965518,-15498,0,213629,-198131,0,65069,0,1517068,122321,1704458,80567,0,1303439,320452,1704458,-19696085,0,316194960,-296498875,0,97629865,0,2234939910,178319640,2510889415,117325950,0,1918744950,474818515,2510889415
2021-03-24,1411,1450,1382,1383,747032,-1.7057569296375266,16720,5000,33024,-54744,0,66731,5000,621775,26316,719822,50011,0,588751,81060,719822,25519230,7237495,48945500,-81702225,0,98708890,7237495,913431145,38482220,1057859750,73189660,0,864485645,120184445,1057859750
2021-03-25,1397,1397,1300,1330,433399,-3.8322487346348515,8355,0,-25692,17337,0,8966,0,374468,34179,417613,611,0,400160,16842,417613,11611070,0,-35379355,23768285,0,12485915,0,530097320,47840355,590423590,874845,0,565476675,24072070,590423590
2021-03-26,1349,1377,1334,1363,376301,2.481203007518797,4194,0,-53791,49597,0,6055,0,285755,70785,362595,1861,0,339546,21188,362595,5911175,0,-75294210,69383035,0,8516585,0,401682930,99289920,509489435,2605410,0,476977140,29906885,509489435
2021-03-29,1387,1430,1329,1426,947402,4.622157006603081,504,0,40270,-40774,0,14350,0,792675,105869,912894,13846,0,752405,146643,912894,453690,0,60359300,-60812990,0,20383470,0,1145736140,152141025,1318260635,19929780,0,1085376840,212954015,1318260635
2021-03-30,1435,1445,1397,1421,446311,-0.3506311360448808,961,0,28300,-29261,0,8560,0,367037,54458,430055,7599,0,338737,83719,430055,1389530,0,42002920,-43392450,0,12554200,0,538202180,79513070,630269450,11164670,0,496199260,122905520,630269450
2021-03-31,1426,1474,1402,1460,918171,2.744546094299789,2804,0,-10788,7984,0,26165,0,791142,67421,884728,23361,0,801930,59437,884728,3880975,0,-14240445,10359470,0,38920665,0,1185657345,99947890,1324525900,35039690,0,1199897790,89588420,1324525900
2021-04-01,1474,1541,1455,1518,1266425,3.9726027397260277,-22053,-400,2028,20425,0,22706,0,1125740,71851,1220297,44759,400,1123712,51426,1220297,-34492250,-631000,3060560,32062690,0,35157670,0,1782090640,112517775,1929766085,69649920,631000,1779030080,80455085,1929766085
2021-04-02,1681,1681,1560,1609,3572550,5.994729907773387,-9367,-46336,362114,-306411,0,87731,0,3239074,115619,3442424,97098,46336,2876960,422030,3442424,-17698815,-78587705,604311420,-508024900,0,143976970,0,5423559990,193405455,5760942415,161675785,78587705,4819248570,701430355,5760942415
2021-04-05,1662,2009,1642,1893,17234930,17.650714729645742,-46386,-413215,852953,-393352,0,153882,14077,15898605,540604,16607168,200268,427292,15045652,933956,16607168,-86182290,-805323140,1668654110,-777148680,0,294292370,27071255,31173322450,1035073730,32529759805,380474660,832394395,29504668340,1812222410,32529759805
2021-04-06,1951,2023,1777,1860,5563309,-1.7432646592709984,-6308,-10197,15420,1085,0,75177,100,5013133,272262,5360672,81485,10297,4997713,271177,5360672,-12252560,-20226045,37951600,-5472995,0,145524075,193000,9801207780,525352025,10472276880,157776635,20419045,9763256180,530825020,10472276880
2021-04-07,1922,2023,1878,2024,5508564,8.817204301075268,4963,-120903,123068,-7128,0,73499,0,5065037,169385,5307921,68536,120903,4941969,176513,5307921,9361615,-252380920,260694520,-17675215,0,147879545,0,10274625500,343444105,10765949150,138517930,252380920,10013930980,361119320,10765949150
2021-04-08,1927,2100,1854,2091,6056340,3.3102766798418974,-14406,-41108,91197,-35683,0,76963,1392,5414728,342662,5835745,91369,42500,5323531,378345,5835745,-30050625,-88837740,206245530,-87357165,0,155588100,2999760,11208405885,688778990,12055772735,185638725,91837500,11002160355,776136155,12055772735
2021-04-09,2042,2457,2004,2327,14158183,11.28646580583453,-27123,-150027,167022,10128,0,127453,46602,13072186,396247,13642488,154576,196629,12905164,386119,13642488,-63228875,-357935225,406120395,15043705,0,294428525,109903415,30902978595,924956025,32232266560,357657400,467838640,30496858200,909912320,32232266560
2021-04-12,2375,2659,2375,2592,11175748,11.388053287494628,-2147,-156802,150500,8449,0,119094,7380,10049206,593004,10768684,121241,164182,9898706,584555,10768684,-4444160,-419984150,414739895,9688415,0,312836895,19089400,26507016175,1552870965,28391813435,317281055,439073550,26092276280,1543182550,28391813435
2021-04-13,2437,2592,2437,2438,3462771,-5.941358024691358,-167368,100,181886,-14618,0,39425,100,3150556,146563,3336644,206793,0,2968670,161181,3336644,-435388965,263000,476277740,-41151775,0,101954660,263000,8143705900,379762015,8625685575,537343625,0,7667428160,420913790,8625685575
2021-04-14,2380,2490,2206,2419,3171943,-0.7793273174733388,2073,-5042,-67884,70853,0,74796,558,2726494,254561,3056409,72723,5600,2794378,183708,3056409,4878140,-12638155,-155694240,163454255,0,184149585,1357320,6687681765,614308840,7487497510,179271445,13995475,6843376005,450854585,7487497510
2021-04-15,2534,2669,2380,2394,4431641,-1.0334849111202975,-243386,-5137,314944,-66421,0,47020,2000,4042324,178880,4270224,290406,7137,3727380,245301,4270224,-644008335,-13566680,837330885,-179755870,0,121984755,5275000,10560517225,465876275,11153653255,765993090,18841680,9723186340,645632145,11153653255
2021-04-16,2495,2500,2062,2096,5274569,-12.447786131996658,2683,-30000,-110040,137357,0,94138,0,4549495,438816,5082449,91455,30000,4659535,301459,5082449,4606110,-67185140,-238610195,301189225,0,215940775,0,10495980475,1003171480,11715092730,211334665,67185140,10734590670,701982255,11715092730
2021-04-19,2129,2163,1931,2048,2970216,-2.2900763358778624,-79659,-9500,77831,11328,0,60891,500,2450091,350547,2862029,140550,10000,2372260,339219,2862029,-171333085,-19886305,185493685,5725705,0,129383425,1073500,5220861265,737646740,6088964930,300716510,20959805,5035367580,731921035,6088964930
2021-04-20,1999,2057,1951,1999,1542080,-2.392578125,-232420,9742,164195,58483,0,27326,12000,1313317,133269,1485912,259746,2258,1149122,74786,1485912,-476833870,19913575,337951335,118968960,0,56257975,24632500,2708984405,274241145,3064116025,533091845,4718925,2371033070,155272185,3064116025
2021-04-21,1989,2221,1960,2120,5002318,6.053026513256628,-65655,7128,167159,-108632,0,55739,22628,4432152,309595,4820114,121394,15500,4264993,418227,4820114,-135007615,15094375,357994395,-238081155,0,122582615,50161875,9759135565,682080735,10613960790,257590230,35067500,9401141170,920161890,10613960790
2021-04-22,2100,2172,2037,2081,1109438,-1.8396226415094339,-869,5160,-5066,775,0,30583,5800,977848,54797,1069028,31452,640,982914,54022,1069028,-1651115,11171300,-10398200,878015,0,66844335,12566500,2125945805,118780510,2324137150,68495450,1395200,2136344005,117902495,2324137150
2021-04-23,2076,2139,2023,2110,976081,1.3935607880826526,2755,4700,-596,-6859,0,20604,5000,857291,57633,940528,17849,300,857887,64492,940528,5915345,10268000,-1098190,-15085155,0,44786965,10925000,1861779370,125302535,2042793870,38871620,657000,1862877560,140387690,2042793870
2021-04-26,2158,2264,2134,2202,1927519,4.360189573459715,33382,0,-32293,-1089,0,69977,0,1696517,90817,1857311,36595,0,1728810,91906,1857311,75977365,0,-74214190,-1763175,0,159289095,0,3862574260,207581495,4229444850,83311730,0,3936788450,209344670,4229444850
2021-04-27,2225,2235,2129,2168,927396,-1.544050862851953,7984,0,29380,-37364,0,33545,0,815187,44885,893617,25561,0,785807,82249,893617,17574190,0,68773695,-86347885,0,75100725,0,1839949930,100452880,2015503535,57526535,0,1771176235,186800765,2015503535
2021-04-28,2168,2177,2023,2033,1152033,-6.226937269372694,-4343,50,9030,-4737,0,37014,50,984184,88824,1110072,41357,0,975154,93561,1110072,-8931015,109000,18959495,-10137480,0,80365990,109000,2126849110,192664550,2399988650,89297005,0,2107889615,202802030,2399988650
2021-04-29,2033,2042,1854,1874,1892918,-7.820954254795868,20779,-13940,-71757,64918,0,62815,1060,1547572,212524,1823971,42036,15000,1619329,147606,1823971,41549630,-28673650,-141175460,128299480,0,125245035,2136800,3098876970,427112300,3653371105,83695405,30810450,3240052430,298812820,3653371105
2021-04-30,1869,1994,1816,1975,1270890,5.389541088580576,13665,5000,14636,-33301,0,48299,5000,1016904,154396,1224599,34634,0,1002268,187697,1224599,27358515,10035155,34890750,-72284420,0,95002310,10035155,2007901665,302249735,2415188865,67643795,0,1973010915,374534155,2415188865
2021-05-03,2023,2023,1893,1937,730330,-1.9240506329113924,7721,0,35976,-43697,0,32280,0,628569,42880,703729,24559,0,592593,86577,703729,15820550,0,71536480,-87357030,0,65077060,0,1257284125,86598395,1408959580,49256510,0,1185747645,173955425,1408959580
2021-05-04,1888,1999,1806,1956,877332,0.980898296334538,-5906,-5000,-13503,24409,0,35967,0,693034,116375,845376,41873,5000,706537,91966,845376,-12411110,-9450000,-18918180,40779290,0,68994285,0,1350125125,223589945,1642709355,81405395,9450000,1369043305,182810655,1642709355
2021-05-06,1936,1975,1917,1932,353827,-1.2269938650306749,24761,200,-23992,-969,0,27822,200,273331,39586,340939,3061,0,297323,40555,340939,50036935,399000,-48035045,-2400890,0,56171130,399000,549384005,79503620,685457755,6134195,0,597419050,81904510,685457755
2021-05-07,1941,1946,1907,1927,415687,-0.2587991718426501,-7448,300,-5278,12426,0,4644,300,363153,32449,400546,12092,0,368431,20023,400546,-14830945,598500,-10592610,24825055,0,9258765,598500,725425155,64912435,800194855,24089710,0,736017765,40087380,800194855
2021-05-10,1927,1941,1845,1942,649823,0.7784120394395433,-27672,-15114,-61349,104135,0,30329,8500,449581,137744,626154,58001,23614,510930,33609,626154,-55263205,-30071965,-116678650,202013820,0,59735465,16743575,889349765,269057410,1234886215,114998670,46815540,1006028415,67043590,1234886215
2021-05-11,1907,1951,1878,1922,498235,-1.0298661174047374,-7320,500,-29409,36229,0,24951,1000,396475,57661,480087,32271,500,425884,21432,480087,-14520635,950000,-58176625,71747260,0,49558920,1955000,788535705,114619725,954669350,64079555,1005000,846712330,42872465,954669350
2021-05-12,1922,1989,1893,1932,1036310,0.5202913631633715,28016,-500,-58019,30503,0,78859,500,782252,136953,998564,50843,1000,840271,106450,998564,56855005,-1065000,-115066020,59276015,0,158618770,987500,1576919285,275497775,2012023330,101763765,2052500,1691985305,216221760,2012023330
2021-05-13,1907,2047,1830,1884,1752286,-2.484472049689441,81402,3000,-60427,-23975,0,119025,5500,1368533,195403,1688461,37623,2500,1428960,219378,1688461,164390065,5975000,-118688875,-51676190,0,240140625,11040000,2790642135,399022330,3440845090,75750560,5065000,2909331010,450698520,3440845090
2021-05-14,1912,1975,1888,1946,795078,3.290870488322718,-38088,-1500,-25913,65501,0,32811,1000,621889,110418,766118,70899,2500,647802,44917,766118,-76843090,-3039000,-51626625,131508715,0,65961340,1980000,1249706520,222254710,1539902570,142804430,5019000,1301333145,90745995,1539902570
2021-05-17,2115,2264,2033,2101,6955398,7.965056526207605,-3366,-36359,188141,-148416,0,118775,1500,6170853,410928,6702056,122141,37859,5982712,559344,6702056,-8984020,-83088340,431246425,-339174065,0,263266555,3381990,13760186040,910373355,14937207940,272250575,86470330,13328939615,1249547420,14937207940
2021-05-18,2172,2288,2139,2264,4751598,7.758210376011424,-39821,-1181,49290,-8288,0,115236,10,4181782,281499,4578527,155057,1191,4132492,289787,4578527,-92592285,-2685400,117984320,-22706635,0,264257795,23450,9667444895,646278205,10578004345,356850080,2708850,9549460575,668984840,10578004345
2021-05-20,2307,2428,2235,2361,4223440,4.284452296819788,14058,-30010,43436,-27484,0,102096,10,3725673,241827,4069606,88038,30020,3682237,269311,4069606,33016420,-73522705,111440290,-70934005,0,247146885,24400,9062361815,585382260,9894915360,214130465,73547105,8950921525,656316265,9894915360
2021-05-21,2331,2370,2105,2130,3244780,-9.783989834815756,9753,-21818,-23633,35698,0,191623,1100,2694208,239662,3126593,181870,22918,2717841,203964,3126593,22489795,-50407425,-48071805,75989435,0,433529275,2532000,6173565125,548473895,7158100295,411039480,52939425,6221636930,472484460,7158100295
2021-05-24,2124,2148,2033,2057,1377725,-3.427230046948357,73,112484,-52512,-60045,0,44231,112484,1102741,68087,1327543,44158,0,1155253,128132,1327543,552605,243050280,-112964600,-130638285,0,95583205,243050280,2386946300,147079730,2872659515,95030600,0,2499910900,277718015,2872659515
2021-05-25,2081,2153,2052,2115,880569,2.819640252795333,-13945,-1304,49825,-34576,0,26516,0,762430,59549,848495,40461,1304,712605,94125,848495,-31418370,-2868440,110530575,-76243765,0,57437080,0,1664127220,129190325,1850754625,88855450,2868440,1553596645,205434090,1850754625
2021-05-26,2148,2235,2076,2221,1236440,5.011820330969267,13705,0,-11466,-2239,0,54775,0,1094277,42352,1191404,41070,0,1105743,44591,1191404,29214215,0,-24431350,-4782865,0,119325015,0,2419506285,92895230,2631726530,90110800,0,2443937635,97678095,2631726530
2021-05-27,2254,2360,2047,2216,7728082,-0.22512381809995496,12788,-294723,186126,95809,0,460040,500,6479536,506520,7446596,447252,295223,6293410,410711,7446596,27354015,-647326970,412862585,207110370,0,1016927610,1107500,14588475195,1130868825,16737379130,989573595,648434470,14175612610,923758455,16737379130
2021-05-28,2153,2274,2119,2269,2151288,2.391696750902527,17165,4930,37515,-59610,0,106958,5000,1910525,50447,2072930,89793,70,1873010,110057,2072930,38181340,11004700,83669875,-132855915,0,237947720,11161500,4314709565,112622465,4676441250,199766380,156800,4231039690,245478380,4676441250
2021-05-31,2264,2408,2076,2120,11800882,-6.566769501983252,88303,-244901,183595,-26997,0,408050,18206,10457313,487480,11371049,319747,263107,10273718,514477,11371049,195970030,-550018235,432486960,-78438755,0,922529615,41674510,23769950905,1114975415,25849130445,726559585,591692745,23337463945,1193414170,25849130445
2021-06-01,2071,2071,1744,1860,9543861,-12.264150943396226,46835,74548,-100607,-20776,0,271875,101291,8467459,355612,9196237,225040,26743,8568066,376388,9196237,96318705,144390490,-198860740,-41848455,0,547169480,196204340,16681792640,708040465,18133206925,450850775,51813850,16880653380,749888920,18133206925
2021-06-02,1907,1912,1758,1831,3648120,-1.5591397849462365,36511,141682,-235453,57260,0,146414,141682,3009292,217853,3515241,109903,0,3244745,160593,3515241,67747260,269676330,-443995180,106571590,0,274582740,269676330,5666947135,408599065,6619805270,206835480,0,6110942315,302027475,6619805270
2021-06-03,1850,1903,1811,1874,2106897,2.3484434735117423,18762,-1000,38459,-56221,0,249472,1000,1701902,77782,2030156,230710,2000,1663443,134003,2030156,37075010,-1900000,74642555,-109817565,0,484547655,1930000,3291223430,149648970,3927350055,447472645,3830000,3216580875,259466535,3927350055
2021-06-04,1874,1874,1835,1855,1258703,-1.0138740661686232,6533,-16500,-35537,45504,0,72397,2500,1074555,63404,1212856,65864,19000,1110092,17900,1212856,12717675,-31647500,-68321550,87251375,0,138793775,4787500,2059360815,121672855,2324614945,126076100,36435000,2127682365,34421480,2324614945
2021-06-07,1869,1874,1797,1797,1875839,-3.1266846361185987,12255,7740,12163,-32158,0,47609,37000,1694123,28782,1807514,35354,29260,1681960,60940,1807514,22956515,13834400,23926545,-60717460,0,90012490,69405000,3197523390,54330365,3411271245,67055975,55570600,3173596845,115047825,3411271245
2021-06-08,1797,1801,1705,1720,2129042,-4.284919309961046,30473,-5584,-41044,16155,0,47841,5505,1896838,101310,2051494,17368,11089,1937882,85155,2051494,54952575,-10510840,-74931600,30489865,0,86401395,9946525,3428805640,183896225,3709049785,31448820,20457365,3503737240,153406360,3709049785
2021-06-09,1744,1806,1734,1754,1288770,1.9767441860465116,46981,0,-31614,-15367,0,83413,0,1114326,44089,1241828,36432,0,1145940,59456,1241828,86326685,0,-57644825,-28681860,0,153359000,0,2047366670,80693785,2281419455,67032315,0,2105011495,109375645,2281419455
2021-06-10,1772,1811,1748,1802,1163875,2.7366020524515395,-11480,0,42726,-31246,0,40264,0,1034540,46678,1121482,51744,0,991814,77924,1121482,-21457265,0,78980050,-57522785,0,73909170,0,1907312510,86216070,2067437750,95366435,0,1828332460,143738855,2067437750
2021-06-11,1792,1792,1744,1763,1062426,-2.1642619311875695,12045,5000,-29605,12560,0,36349,5000,948254,34125,1023728,24304,0,977859,21565,1023728,21885415,9132500,-53989870,22971955,0,66331630,9132500,1733539475,62498885,1871502490,44446215,0,1787529345,39526930,1871502490
2021-06-14,1768,1772,1719,1720,849054,-2.4390243902439024,7880,2495,-12454,2079,0,20721,2495,769848,25064,818128,12841,0,782302,22985,818128,14091510,4480975,-22312235,3739750,0,37283990,4480975,1386258460,45264930,1473288355,23192480,0,1408570695,41525180,1473288355
2021-06-15,1729,1763,1715,1739,809784,1.1046511627906976,2217,0,-67963,65746,0,29871,0,670594,79824,780289,27654,0,738557,14078,780289,3950315,0,-123204995,119254680,0,53852465,0,1208940690,144586490,1407379645,49902150,0,1332145685,25331810,1407379645
2021-06-16,1744,1763,1715,1763,808302,1.380103507763082,4380,5000,-25784,16404,0,23115,5000,703229,47517,778861,18735,0,729013,31113,778861,7723100,8975000,-46312555,29614455,0,41469160,8975000,1271020885,85773075,1407238120,33746060,0,1317333440,56158620,1407238120
2021-06-17,1763,1821,1758,1792,1742240,1.6449234259784458,1919,4500,-8743,2324,0,34110,5000,1447184,192487,1678781,32191,500,1455927,190163,1678781,3523445,8487500,-18365095,6354150,0,63683250,9425000,2704165020,359420965,3136694235,60159805,937500,2722530115,353066815,3136694235
2021-06-18,1816,1821,1724,1744,1292689,-2.6785714285714284,12486,-4300,71719,-79905,0,41420,700,1155666,47818,1245604,28934,5000,1083947,127723,1245604,22999750,-7768000,132401970,-147633720,0,75551785,1282000,2098685665,86959660,2262479110,52552035,9050000,1966283695,234593380,2262479110
2021-06-21,1729,1744,1705,1720,869089,-1.3761467889908259,2732,100,-33949,31117,0,39783,100,738213,59337,837433,37051,0,772162,28220,837433,4908410,178500,-60649450,55562540,0,71239860,178500,1320263200,106117215,1497798775,66331450,0,1380912650,50554675,1497798775
2021-06-22,1719,1748,1715,1744,622511,1.3953488372093024,867,0,-74891,74024,0,14894,0,506708,78235,599837,14027,0,581599,4211,599837,1534595,0,-134385415,132850820,0,26784180,0,912240440,140454485,1079479105,25249585,0,1046625855,7603665,1079479105
2021-06-23,1734,1748,1686,1696,1129841,-2.7522935779816518,20361,5900,-13577,-12684,0,60199,5900,979943,42646,1088688,39838,0,993520,55330,1088688,36092670,10460000,-23508425,-23044245,0,106813285,10460000,1735059305,75483055,1927815645,70720615,0,1758567730,98527300,1927815645
2021-06-24,1691,1705,1671,1677,902608,-1.1202830188679245,-9253,800,-71612,80065,0,28175,800,751277,89480,869732,37428,0,822889,9415,869732,-16136020,1402000,-125503100,140237120,0,49305100,1402000,1312861595,156762650,1520331345,65441120,0,1438364695,16525530,1520331345
2021-06-25,1686,1724,1662,1662,769339,-0.8944543828264758,1860,200,-18072,16012,0,16598,200,657924,66595,741317,14738,0,675996,50583,741317,2988990,352000,-31625170,28284180,0,28888740,352000,1152535960,117050530,1298827230,25899750,0,1184161130,88766350,1298827230
2021-06-28,1681,1744,1666,1725,1058660,3.790613718411552,-9026,0,-123387,132413,0,45921,0,757312,216867,1020100,54947,0,880699,84454,1020100,-15929665,0,-220187185,236116850,0,81830640,0,1353961390,387162620,1822954650,97760305,0,1574148575,151045770,1822954650
2021-06-29,1734,1748,1700,1720,741543,-0.2898550724637681,-5008,1800,-17133,20341,0,19939,1800,598255,94539,714533,24947,0,615388,74198,714533,-9154805,3203500,-30632515,36583820,0,35561950,3203500,1069003670,169633250,1277402370,44716755,0,1099636185,133049430,1277402370
2021-06-30,1715,1859,1700,1860,3209606,8.13953488372093,-64003,80588,-179275,162690,0,55214,80688,2651466,305332,3092700,119217,100,2830741,142642,3092700,-122869755,146957100,-323438655,299351310,0,100575800,147144600,4959642985,563518455,5770881840,223445555,187500,5283081640,264167145,5770881840
2021-07-01,1840,1850,1777,1802,1964048,-3.118279569892473,49470,-31,218554,-267993,0,151705,0,1666984,73821,1892510,102235,31,1448430,341814,1892510,92497130,-57815,412560735,-505000050,0,285208145,0,3131321775,138272895,3554802815,192711015,57815,2718761040,643272945,3554802815
2021-07-02,1811,1811,1748,1749,973878,-2.941176470588235,23508,3200,53,-26761,0,39314,3200,886361,9531,938406,15806,0,886308,36292,938406,42994985,5903000,729280,-49627265,0,72099210,5903000,1626484420,17414520,1721901150,29104225,0,1625755140,67041785,1721901150
2021-07-05,1744,1792,1710,1754,1189192,0.2858776443682104,50333,1266,-74124,22525,0,85612,6266,947844,106155,1145877,35279,5000,1021968,83630,1145877,90349670,2305130,-132611345,39956545,0,154341405,11385130,1718345660,192468820,2076541015,63991735,9080000,1850957005,152512275,2076541015
2021-07-06,1753,1763,1715,1734,795889,-1.1402508551881414,-5956,-52000,55583,2373,0,10530,0,738935,17435,766900,16486,52000,683352,15062,766900,-10782315,-92878955,99584350,4076920,0,18856685,0,1325937275,31247645,1376041605,29639000,92878955,1226352925,27170725,1376041605
2021-07-07,1719,1739,1715,1720,515206,-0.8073817762399077,3311,-32257,8215,20731,0,5821,5300,460665,24654,496440,2510,37557,452450,3923,496440,5921515,-57577435,14609985,37045935,0,10403530,9463500,823121625,44082110,887070765,4482015,67040935,808511640,7036175,887070765
2021-07-08,1724,1729,1666,1672,1048143,-2.7906976744186047,2877,-3906,-6252,7281,0,22903,2000,959260,25803,1009966,20026,5906,965512,18522,1009966,5335835,-6968620,-10770705,12403490,0,39981520,3485000,1680114400,45202035,1768782955,34645685,10453620,1690885105,32798545,1768782955
2021-07-09,1638,1657,1585,1609,1278912,-3.7679425837320575,6893,-10000,-69481,72588,0,33985,0,1081886,116458,1232329,27092,10000,1151367,43870,1232329,11417525,-16901170,-117492890,122976535,0,57078980,0,1810490070,196810135,2064379185,45661455,16901170,1927982960,73833600,2064379185
2021-07-12,1609,1638,1604,1614,475083,0.3107520198881293,1714,-1000,15468,-16182,0,15364,0,426540,15875,457779,13650,1000,411072,32057,457779,2756270,-1670000,26081730,-27168000,0,25745835,0,714638990,26568305,766953130,22989565,1670000,688557260,53736305,766953130
2021-07-13,1613,1623,1541,1571,1262759,-2.664188351920694,-18432,8000,21082,-10650,0,47047,8000,1119021,42696,1216764,65479,0,1097939,53346,1216764,-29117635,13010000,34191885,-18084250,0,77349220,13010000,1831709950,69793945,1991863115,106466855,0,1797518065,87878195,1991863115
2021-07-14,1565,1565,1469,1494,2089719,-4.9013367281986,4067,-7000,-224100,227033,0,113397,3000,1628940,268266,2013603,109330,10000,1853040,41233,2013603,5177690,-11212500,-346721610,352756420,0,176524525,4737500,2557509085,418100610,3156871720,171346835,15950000,2904230695,65344190,3156871720
2021-07-15,1532,1532,1488,1494,764465,0.0,38135,0,-6037,-32098,0,53298,0,621662,61660,736620,15163,0,627699,93758,736620,59633775,0,-9357130,-50276645,0,83396360,0,971979010,96271245,1151646615,23762585,0,981336140,146547890,1151646615
2021-07-16,1488,1498,1469,1489,615888,-0.33467202141900937,39136,800,-67971,28035,0,53447,800,503282,35926,593455,14311,0,571253,7891,593455,60011520,1225500,-104174145,42937125,0,81989090,1225500,773035420,55069370,911319380,21977570,0,877209565,12132245,911319380
2021-07-19,1483,1493,1459,1469,492255,-1.3431833445265278,2989,0,52922,-55911,0,10568,0,460384,3373,474325,7579,0,407462,59284,474325,4435655,0,81027005,-85462660,0,16129760,0,704729820,5178690,726038270,11694105,0,623702815,90641350,726038270
2021-07-20,1450,1507,1435,1494,516680,1.7018379850238259,-12443,10,-19443,31876,0,17218,10,409487,71146,497861,29661,0,428930,39270,497861,-18651875,15550,-28233900,46870225,0,26419295,15550,625391580,107281580,759108005,45071170,0,653625480,60411355,759108005
2021-07-21,1493,1493,1455,1474,429431,-1.3386880856760375,3315,1656,100783,-105754,0,16584,1656,390244,5305,413789,13269,0,289461,111059,413789,5089925,2520400,153679700,-161290025,0,25293080,2520400,594996730,8094275,630904485,20203155,0,441317030,169384300,630904485
2021-07-22,1464,1488,1455,1479,404296,0.33921302578018997,2657,0,17293,-19950,0,16892,0,354088,18590,389570,14235,0,336795,38540,389570,4072805,0,26479685,-30552490,0,25731740,0,539026355,28221655,592979750,21658935,0,512546670,58774145,592979750
2021-07-23,1455,1488,1455,1479,361550,0.0,12974,1200,-39760,25586,0,29296,1200,282084,35801,348381,16322,0,321844,10215,348381,19790655,1836000,-60662460,39035805,0,44750660,1836000,431521450,54695690,532803800,24960005,0,492183910,15659885,532803800
2021-07-26,1474,1479,1445,1450,354190,-1.9607843137254901,-13983,600,63317,-49934,0,15263,600,290425,35001,341289,29246,0,227108,84935,341289,-21156860,910500,95879785,-75633425,0,23134305,910500,439848940,53051525,516945270,44291165,0,343969155,128684950,516945270
2021-07-27,1450,1459,1435,1450,596344,0.0,-35671,200,-87525,122996,0,27618,200,417288,129517,574623,63289,0,504813,6521,574623,-53280575,300000,-131516050,184496625,0,41263000,300000,625338255,194299845,861201100,94543575,0,756854305,9803220,861201100
2021-07-28,1440,1450,1416,1441,580471,-0.6206896551724138,-2841,200,-218928,221569,0,22707,200,278354,258067,559328,25548,0,497282,36498,559328,-4367100,298000,-326105730,330174830,0,33705490,298000,413876490,384604915,832484895,38072590,0,739982220,54430085,832484895
2021-07-29,1435,1455,1426,1455,497332,0.9715475364330326,26586,-10,-168227,141651,0,54068,0,247830,177319,479217,27482,10,416057,35668,479217,39931665,-14900,-251496190,211579425,0,81145100,0,370965675,264985835,717096610,41213435,14900,622461865,53406410,717096610
2021-07-30,1455,1455,1435,1441,339649,-0.9621993127147767,33911,0,-124386,90475,0,38303,0,167773,121202,327278,4392,0,292159,30727,327278,50825485,0,-185828090,135002605,0,57414380,0,250938160,181007310,489359850,6588895,0,436766250,46004705,489359850
2021-08-02,1445,1455,1411,1421,411458,-1.3879250520471893,23837,0,-43320,19483,0,28519,0,332736,35216,396471,4682,0,376056,15733,396471,35203370,0,-63511065,28307695,0,42115505,0,490488315,51645115,584248935,6912135,0,553999380,23337420,584248935
2021-08-03,1426,1445,1402,1412,619472,-0.633356790992259,-31593,0,86381,-54788,0,33494,0,461066,102348,596908,65087,0,374685,157136,596908,-46737460,0,127657940,-80920480,0,49357285,0,679998785,150730920,880086990,96094745,0,552340845,231651400,880086990
2021-08-04,1402,1426,1402,1421,192664,0.6373937677053824,-4181,2,-26371,30550,0,7033,2,143381,35230,185646,11214,0,169752,4680,185646,-6191630,2960,-38737605,44926275,0,10340040,2960,210685575,51794185,272822760,16531670,0,249423180,6867910,272822760
2021-08-05,1421,1440,1411,1431,204305,0.7037297677691766,6645,3,-64634,57986,0,12257,3,117684,66919,196863,5612,0,182318,8933,196863,9794160,4440,-95617295,85818695,0,18129340,4440,173985490,99020385,291139655,8335180,0,269602785,13201690,291139655
2021-08-06,1435,1450,1421,1445,269803,0.9783368273934312,243,0,-30726,30483,0,18128,0,198502,43346,259976,17885,0,229228,12863,259976,304860,0,-46073550,45768690,0,27038400,0,296816455,64871180,388726035,26733540,0,342890005,19102490,388726035
2021-08-09,1445,1488,1430,1460,801904,1.0380622837370241,-56176,3818,-41626,93984,0,46119,3818,556421,166338,772696,102295,0,598047,72354,772696,-85261315,5777365,-62676235,142160185,0,69870045,5777365,847054760,251825525,1174527695,155131360,0,909730995,109665340,1174527695
2021-08-10,1464,1479,1445,1460,387940,0.0,30554,344,12279,-43177,0,46076,1000,319465,7269,373810,15522,656,307186,50446,373810,46545900,518720,18050170,-65114790,0,70107560,1506000,483879850,11053530,566546940,23561660,987280,465829680,76168320,566546940
2021-08-11,1459,1459,1411,1426,528198,-2.328767123287671,9425,2206,-120999,109368,0,9426,2206,349357,147970,508959,1,0,470356,38602,508959,14011810,3288060,-179504400,162204530,0,14013290,3288060,520352745,219661035,757315130,1480,0,699857145,57456505,757315130
2021-08-12,1426,1440,1411,1431,363712,0.3506311360448808,-46275,0,-8010,54285,0,11585,0,263089,75790,350464,57860,0,271099,21505,350464,-68295380,0,-11714725,80010105,0,17059300,0,388419875,111846005,517325180,85354680,0,400134600,31835900,517325180
2021-08-13,1430,1430,1368,1373,631537,-4.053109713487072,-380,2000,-5300,3680,0,25080,2000,424336,157118,608534,25460,0,429636,153438,608534,-621360,2860000,-6920925,4682285,0,35957255,2860000,609448610,227030640,875296505,36578615,0,616369535,222348355,875296505
2021-08-17,1349,1373,1296,1296,926932,-5.608157319737801,93147,-18990,-158161,84004,0,123855,1010,503377,264928,893170,30708,20000,661538,180924,893170,126444700,-25627340,-216284950,115467590,0,168736755,1408600,688192035,364316920,1222654310,42292055,27035940,904476985,248849330,1222654310
2021-08-18,1286,1339,1281,1335,500017,3.009259259259259,4189,0,-199020,194831,0,25481,0,234596,221727,481804,21292,0,433616,26896,481804,5997390,0,-270382180,264384790,0,34833360,0,319119835,300971405,654924600,28835970,0,589502015,36586615,654924600
2021-08-19,1334,1382,1310,1325,583518,-0.7490636704119851,31754,20,13755,-45529,0,57399,20,441489,63356,562264,25645,0,427734,108885,562264,44894465,28100,19937590,-64860155,0,80736850,28100,616490715,87830300,785085965,35842385,0,596553125,152690455,785085965
2021-08-20,1324,1329,1262,1286,572548,-2.943396226415094,-15856,7,42741,-26892,0,28278,7,426909,96500,551694,44134,0,384168,123392,551694,-21114930,9380,58741250,-37635700,0,38071880,9380,570270070,127889380,736240710,59186810,0,511528820,165525080,736240710
2021-08-23,1271,1291,1252,1286,445415,0.0,-2505,1524,-39775,40756,0,15096,1524,309850,102721,429191,17601,0,349625,61965,429191,-3426490,2017800,-52465845,53874535,0,19925325,2017800,410106405,135622215,567671745,23351815,0,462572250,81747680,567671745
2021-08-24,1320,1450,1305,1426,2206921,10.88646967340591,-41856,213,81311,-39668,0,50798,213,1856868,218657,2126536,92654,0,1775557,258325,2126536,-60314305,299265,123294000,-63278960,0,73015330,299265,2699938665,313522080,3086775340,133329635,0,2576644665,376801040,3086775340
2021-08-25,1392,1435,1387,1421,527841,-0.3506311360448808,4632,-5,428,-5055,0,40445,0,409275,58895,508615,35813,5,408847,63950,508615,6947355,-7225,881300,-7821430,0,59167300,0,597485535,85683865,742336700,52219945,7225,596604235,93505295,742336700
2021-08-26,1416,1599,1402,1600,3724190,12.596762843068262,-37246,314,156430,-119498,0,46854,414,3377757,163516,3588541,84100,100,3221327,283014,3588541,-59715155,495585,255117790,-195898220,0,70321180,649760,5377623825,251967170,5700561935,130036335,154175,5122506035,447865390,5700561935
2021-08-27,1541,1585,1493,1566,3559993,-2.125,11204,1000,92178,-104382,0,129991,1000,3108827,190506,3430324,118787,0,3016649,294888,3430324,15711900,1577500,152950215,-170239615,0,206544685,1577500,5023696125,301663095,5533481405,190832785,0,4870745910,471902710,5533481405
2021-08-30,1599,1642,1536,1590,3956858,1.532567049808429,10019,85,129914,-140018,0,56325,298,3472250,283861,3812734,46306,213,3342336,423879,3812734,16455750,145985,214724665,-231326400,0,93750805,500630,5780644830,472277470,6347173735,77295055,354645,5565920165,703603870,6347173735
2021-08-31,1599,1599,1464,1508,1969432,-5.157232704402516,-1643,9394,-152621,144870,0,35620,9394,1579396,273288,1897698,37263,0,1732017,128418,1897698,-2767995,14978730,-237041360,224830625,0,55965345,14978730,2492064185,428418095,2991426355,58733340,0,2729105545,203587470,2991426355
2021-09-01,1517,1527,1474,1503,821495,-0.33156498673740054,4581,1300,-24014,18133,0,21693,1300,723420,45160,791573,17112,0,747434,27027,791573,7035385,2001500,-36422595,27385710,0,33738570,2001500,1125202915,69636740,1230579725,26703185,0,1161625510,42251030,1230579725
2021-09-02,1512,1633,1479,1633,2472585,8.649367930805056,-31715,1848,44913,-15046,0,25553,1848,2194912,160211,2382524,57268,0,2149999,175257,2382524,-52737855,2849400,82477750,-32589295,0,40618900,2849400,3585476200,258346100,3887290600,93356755,0,3502998450,290935395,3887290600
2021-09-03,1638,1671,1589,1657,2979063,1.4696876913655847,-16100,-111,28507,-12296,0,29397,5000,2682359,153798,2870554,45497,5111,2653852,166094,2870554,-27486245,-47870,48949040,-21414925,0,49657545,8577500,4552594250,260371595,4871200890,77143790,8625370,4503645210,281786520,4871200890
2021-09-06,1676,1686,1580,1604,1900227,-3.1985515992757994,14225,-100,-16092,1967,0,25891,0,1616916,188206,1831013,11666,100,1633008,186239,1831013,23625150,-168500,-19962780,-3493870,0,43337710,0,2735644715,315993280,3094975705,19712560,168500,2755607495,319487150,3094975705
2021-09-07,1604,1715,1580,1706,5391899,6.359102244389027,-32679,602,-80952,113029,0,33761,13102,4784104,364538,5195505,66440,12500,4865056,251509,5195505,-56781295,222335,-134611620,191170580,0,57739765,22409835,8272718335,626029435,8978897370,114521060,22187500,8407329955,434858855,8978897370
2021-09-08,1666,1811,1642,1797,6533181,5.3341148886283705,-60292,-242,-84507,145041,0,49012,38860,5616171,591174,6295217,109304,39102,5700678,446133,6295217,-111367885,-405590,-145887555,257661030,0,88248930,70414030,10217100830,1067749445,11443513235,199616815,70819620,10362988385,810088415,11443513235
2021-09-09,1753,1830,1739,1802,4649209,0.27824151363383415,-30750,-1473,-78561,110784,0,39312,5520,4109774,325261,4479867,70062,6993,4188335,214477,4479867,-57422070,-2857045,-144581075,204860190,0,72954315,10317400,7652008165,604795855,8340075735,130376385,13174445,7796589240,399935665,8340075735
2021-09-10,1801,1960,1681,1686,12266569,-6.437291897891232,-57432,60543,191238,-194349,0,115164,80582,10999296,624731,11819773,172596,20039,10808058,819080,11819773,-109607520,103565605,380901920,-374860005,0,215858885,142837850,21159116675,1176343675,22694157085,325466405,39272245,20778214755,1551203680,22694157085
2021-09-13,1734,1782,1695,1725,2133312,2.3131672597864767,19691,0,-136953,117262,0,34456,0,1781052,240101,2055609,14765,0,1918005,122839,2055609,35670530,0,-246059215,210388685,0,62114370,0,3201990345,431530250,3695634965,26443840,0,3448049560,221141565,3695634965
2021-09-14,1734,1748,1662,1662,1413874,-3.6521739130434785,-11435,3999,91541,-84105,0,48295,4000,1239365,70715,1362375,59730,1,1147824,154820,1362375,-20377720,6963270,162911645,-149497195,0,84591060,6965000,2171511380,123311520,2386378960,104968780,1730,2008599735,272808715,2386378960
2021-09-15,1662,1671,1589,1614,1059666,-2.888086642599278,-964,7000,-100357,94321,0,23003,7000,851879,139187,1021069,23967,0,952236,44866,1021069,-1485865,11697500,-167583425,157371790,0,38552630,11697500,1425347485,233006685,1708604300,40038495,0,1592930910,75634895,1708604300
2021-09-16,1633,1700,1599,1667,907742,3.2837670384138784,4718,0,21487,-26205,0,22042,0,790991,61646,874679,17324,0,769504,87851,874679,7852595,0,37587210,-45439805,0,37369070,0,1348559355,104478415,1490406840,29516475,0,1310972145,149918220,1490406840
2021-09-17,1638,1638,1589,1609,771511,-3.4793041391721657,8822,18880,-61852,34150,0,19751,18880,646188,58591,743410,10929,0,708040,24441,743410,14744275,31384900,-103257415,57128240,0,33012530,31384900,1079254425,97994915,1241646770,18268255,0,1182511840,40866675,1241646770
2021-09-23,1589,1589,1488,1513,1321754,-5.966438781852082,21024,9730,-106881,76127,0,28550,9730,1074128,161203,1273611,7526,0,1181009,85076,1273611,33018970,15255850,-168019080,119744260,0,45172110,15255850,1699649225,255799480,2015876665,12153140,0,1867668305,136055220,2015876665
2021-09-24,1522,1556,1483,1494,621402,-1.255783212161269,9111,4150,-42614,29353,0,27600,4150,496987,70031,598768,18489,0,539601,40678,598768,13741930,6446250,-65105300,44917120,0,42945805,6446250,778466710,109337930,937196695,29203875,0,843572010,64420810,937196695
2021-09-27,1507,1551,1474,1532,542312,2.5435073627844713,-8878,-500,-37701,47079,0,15041,0,392208,115310,522559,23919,500,429909,68231,522559,-13990090,-800000,-58434975,73225065,0,24022800,0,621304725,180904065,826231590,38012890,800000,679739700,107679000,826231590
2021-09-28,1527,1551,1469,1494,646446,-2.4804177545691903,30487,500,-44941,13954,0,43876,500,513618,64906,622900,13389,0,558559,50952,622900,48477120,765000,-69903060,20660940,0,69038295,765000,802532380,100905690,973241365,20561175,0,872435440,80244750,973241365
2021-09-29,1459,1479,1421,1441,653264,-3.547523427041499,26463,0,-91848,65385,0,49846,0,437583,142041,629470,23383,0,529431,76656,629470,39285345,0,-137288665,98003320,0,74463865,0,655890005,213141855,943495725,35178520,0,793178670,115138535,943495725
2021-09-30,1445,1474,1435,1445,349990,0.2775850104094379,-8446,0,-13324,21770,0,5033,0,285691,46518,337242,13479,0,299015,24748,337242,-12690970,0,-19912730,32603700,0,7550115,0,429612730,69906655,507069500,20241085,0,449525460,37302955,507069500
2021-10-01,1445,1445,1387,1407,605705,-2.629757785467128,41972,-6227,-38429,2684,0,48463,0,479637,55543,583643,6491,6227,518066,52859,583643,61160535,-9060285,-55813070,3712820,0,70734085,0,701634440,81603325,853971850,9573550,9060285,757447510,77890505,853971850
2021-10-05,1406,1411,1334,1349,622383,-4.12224591329069,6799,-5807,24574,-25566,0,39638,6,482112,77957,599713,32839,5813,457538,103523,599713,9924220,-8161950,34410935,-36173205,0,56054040,8430,678066725,109431870,843561065,46129820,8170380,643655790,145605075,843561065
2021-10-06,1349,1397,1267,1296,1001030,-3.9288361749444034,70122,0,-46492,-23630,0,86520,0,700828,177221,964569,16398,0,747320,200851,964569,97902985,0,-59494555,-38408430,0,120397655,0,963431490,240231650,1324060795,22494670,0,1022926045,278640080,1324060795
2021-10-07,1324,1435,1286,1421,1196031,9.645061728395062,35962,-1000,-132841,97879,0,66999,0,780782,304686,1152467,31037,1000,913623,206807,1152467,51973765,-1455000,-182454250,131935485,0,96835955,0,1131487240,433970755,1662293950,44862190,1455000,1313941490,302035270,1662293950
2021-10-08,1421,1483,1377,1469,790455,3.377902885292048,-34106,0,44730,-10624,0,33720,0,589298,138646,761664,67826,0,544568,149270,761664,-51509315,0,66284440,-14775125,0,50249765,0,876430700,206685710,1133366175,101759080,0,810146260,221460835,1133366175
2021-10-12,1488,1488,1426,1465,366828,-0.2722940776038121,8938,0,37217,-46155,0,15716,0,317218,20533,353467,6778,0,280001,66688,353467,13597690,0,56333445,-69931135,0,23903130,0,480233045,31093425,535229600,10305440,0,423899600,101024560,535229600
2021-10-13,1459,1474,1430,1460,240636,-0.3412969283276451,-20856,0,51271,-30415,0,3246,0,216003,12622,231871,24102,0,164732,43037,231871,-31614525,0,77667355,-46052830,0,4906070,0,327076595,19192445,351175110,36520595,0,249409240,65245275,351175110
2021-10-14,1459,1488,1445,1469,287335,0.6164383561643836,-2379,0,-19425,21804,0,11407,0,218712,46750,276869,13786,0,238137,24946,276869,-3608285,0,-30010580,33618865,0,17444510,0,333097320,71646255,422188085,21052795,0,363107900,38027390,422188085
2021-10-15,1469,1479,1430,1474,343043,0.3403675970047651,-11120,0,-25240,36360,0,2205,0,270848,57495,330548,13325,0,296088,21135,330548,-16795970,0,-38397305,55193275,0,3326900,0,410090310,87073445,500490655,20122870,0,448487615,31880170,500490655
2021-10-18,1469,1474,1430,1450,302228,-1.6282225237449117,15289,50,-25000,9661,0,22912,50,237282,30976,291220,7623,0,262282,21315,291220,23135190,75500,-37535975,14325285,0,34533580,75500,356126855,46589295,437325230,11398390,0,393662830,32264010,437325230
2021-10-19,1450,1459,1435,1455,177266,0.3448275862068966,1532,0,-15691,14159,0,5212,0,148895,16702,170809,3680,0,164586,2543,170809,2264025,0,-23512995,21248970,0,7811460,0,223265835,25071915,256149210,5547435,0,246778830,3822945,256149210
2021-10-20,1450,1474,1445,1455,321066,0.0,17189,0,-78726,61537,0,27432,0,212277,69663,309372,10243,0,291003,8126,309372,26056920,0,-119075275,93018355,0,41628640,0,321759600,105320190,468708430,15571720,0,440834875,12301835,468708430
2021-10-21,1464,1469,1440,1441,216527,-0.9621993127147767,16467,0,46279,-62746,0,20421,0,181714,6505,208640,3954,0,135435,69251,208640,24767270,0,69473905,-94241175,0,30727185,0,273401140,9887050,314015375,5959915,0,203927235,104128225,314015375
2021-10-22,1450,1488,1421,1474,505233,2.2900763358778624,-21469,1400,47015,-26946,0,21913,1400,419111,44406,486830,43382,0,372096,71352,486830,-33243005,2075500,73203055,-42035550,0,32712110,2075500,633535720,66760350,735083680,65955115,0,560332665,108795900,735083680
2021-10-25,1474,1474,1445,1455,283898,-1.289009497964722,18671,300,-13517,-5454,0,20491,300,235150,17616,273557,1820,0,248667,23070,273557,28200180,451500,-20555600,-8096080,0,30954155,451500,354909040,26663515,412978210,2753975,0,375464640,34759595,412978210
2021-10-26,1455,1488,1450,1465,509476,0.6872852233676976,5141,0,33244,-38385,0,12519,2400,450691,25309,490919,7378,2400,417447,63694,490919,7836265,11205,50839850,-58687320,0,19102365,3695285,687958905,38703090,749459645,11266100,3684080,637119055,97390410,749459645
2021-10-27,1464,1474,1445,1455,213807,-0.6825938566552902,250,0,19671,-19921,0,27022,0,174303,4694,206019,26772,0,154632,24615,206019,395045,0,29753820,-30148865,0,40718540,0,262833740,7064470,310616750,40323495,0,233079920,37213335,310616750
2021-10-28,1445,1459,1435,1441,260264,-0.9621993127147767,4834,0,13663,-18497,0,8803,0,238504,3477,250784,3969,0,224841,21974,250784,7213795,0,20470600,-27684395,0,13183530,0,357503115,5215510,375902155,5969735,0,337032515,32899905,375902155
2021-10-29,1430,1464,1426,1450,406196,0.6245662734212353,6113,1000,-70835,63722,0,12426,1000,290589,87386,391401,6313,0,361424,23664,391401,9262210,1485000,-107035655,96288445,0,18792935,1485000,437472260,131797555,589547750,9530725,0,544507915,35509110,589547750
2021-11-01,1450,1507,1450,1479,526621,2.0,15416,0,-192870,177454,0,30829,0,281271,195339,507439,15413,0,474141,17885,507439,23749710,0,-296532460,272782750,0,47437385,0,432370620,300338175,780146180,23687675,0,728903080,27555425,780146180
2021-11-02,1469,1512,1469,1508,513027,1.9607843137254901,6879,150000,-128444,-28435,0,28192,150000,306582,9567,494341,21313,0,435026,38002,494341,10519465,233046205,-199422155,-44143515,0,43683510,233046205,476927010,14908980,768565705,33164045,0,676349165,59052495,768565705
2021-11-03,1517,1522,1479,1494,376423,-0.9283819628647214,2470,0,22943,-25413,0,6523,0,346277,9912,362712,4053,0,323334,35325,362712,3813505,0,35643160,-39456665,0,10142125,0,537304775,15419185,562866085,6328620,0,501661615,54875850,562866085
2021-11-04,1498,1503,1450,1465,358391,-1.9410977242302543,11504,220,2691,-14415,0,12538,220,285465,47114,345337,1034,0,282774,61529,345337,17547825,336190,4477155,-22361170,0,19149675,336190,435655595,71673040,526814500,1601850,0,431178440,94034210,526814500
2021-11-05,1464,1483,1435,1441,380172,-1.6382252559726962,31068,-2690,-21194,-7184,0,38054,13,309846,18412,366325,6986,2703,331040,25596,366325,46545100,-4115740,-31250955,-11178405,0,57231360,19850,470819680,27931065,556001955,10686260,4135590,502070635,39109470,556001955
2021-11-08,1479,1589,1464,1575,2516065,9.299097848716169,-87550,20,15646,71884,0,45440,20,2078117,300843,2424420,132990,0,2062471,228959,2424420,-138965435,32460,31423800,107509175,0,74038765,32460,3358516175,477825940,3910413340,213004200,0,3327092375,370316765,3910413340
2021-11-09,1599,1642,1556,1580,1894879,0.31746031746031744,-25392,-22,239325,-213911,0,41558,0,1654327,129975,1825860,66950,22,1415002,343886,1825860,-44057140,-36385,398942285,-354848760,0,68593465,0,2757726470,217712865,3044032800,112650605,36385,2358784185,572561625,3044032800
2021-11-10,1580,1580,1503,1522,722007,-3.670886075949367,68984,1923,-86623,15716,0,79100,2000,544212,70397,695709,10116,77,630835,54681,695709,109474355,3057200,-137433360,24901805,0,125728100,3180000,866890010,112078670,1107876780,16253745,122800,1004323370,87176865,1107876780
2021-11-11,1493,1551,1479,1513,466309,-0.5913272010512484,-8095,2,15875,-7782,0,13777,2,393460,42085,449324,21872,0,377585,49867,449324,-13123310,3175,26265715,-13145580,0,21791540,3175,623798890,66089925,711683530,34914850,0,597533175,79235505,711683530
2021-11-12,1503,1546,1503,1527,368223,0.9253139458030404,6455,-60,-10054,3659,0,13580,0,306930,34301,354811,7125,60,316984,30642,354811,10091525,-95280,-15173305,5177060,0,21425930,0,487266795,53933030,562625755,11334405,95280,502440100,48755970,562625755
2021-11-15,1527,1541,1507,1518,387239,-0.5893909626719057,8534,0,31346,-39880,0,9654,0,359376,4104,373134,1120,0,328030,43984,373134,13421875,0,49508965,-62930840,0,15206975,0,567114210,6488590,588809775,1785100,0,517605245,69419430,588809775
2021-11-16,1517,1517,1459,1469,652326,-3.227931488801054,13805,10000,34298,-58103,0,26355,10000,556330,35881,628566,12550,0,522032,93984,628566,21214230,15305000,52542675,-89061905,0,40427980,15305000,853329005,55080790,964142775,19213750,0,800786330,144142695,964142775
2021-11-17,1469,1483,1430,1445,476791,-1.6337644656228727,-493,12001,-16601,5093,0,20301,12001,401031,26091,459424,20794,0,417632,20998,459424,-926050,18061510,-24644930,7509470,0,30465815,18061510,601605335,39127995,689260655,31391865,0,626250265,31618525,689260655
2021-11-18,1445,1479,1430,1465,254317,1.384083044982699,-2528,5001,4623,-7096,0,19490,5001,199729,20834,245054,22018,0,195106,27930,245054,-3818840,7481495,7217450,-10880105,0,29428670,7481495,301814890,31277245,370002300,33247510,0,294597440,42157350,370002300
2021-11-19,1445,1479,1435,1460,224940,-0.3412969283276451,1394,3999,-8242,2849,0,16929,4000,186954,8864,216747,15535,1,195196,6015,216747,1917635,6003500,-12125305,4204170,0,25440695,6005000,282089155,13315895,326850745,23523060,1500,294214460,9111725,326850745
2021-11-22,1455,1469,1435,1441,252743,-1.3013698630136987,7539,5000,-9734,-2805,0,20209,5000,198312,20016,243537,12670,0,208046,22821,243537,11232690,7500000,-14325755,-4406935,0,30252040,7500000,297414930,29923995,365090965,19019350,0,311740685,34330930,365090965
2021-11-23,1440,1464,1435,1445,190188,0.2775850104094379,775,3001,-17361,13585,0,8502,3001,151545,20213,183261,7727,0,168906,6628,183261,1075530,4496495,-25943050,20371025,0,12756415,4496495,227683475,30356285,275292670,11680885,0,253626525,9985260,275292670
2021-11-24,1445,1455,1426,1441,175749,-0.27681660899653976,6959,1000,-2218,-5741,0,11280,1000,152260,4808,169348,4321,0,154478,10549,169348,10385020,1485000,-3330515,-8539505,0,16816035,1485000,226750650,7213220,252264905,6431015,0,230081165,15752725,252264905
2021-11-25,1445,1445,1426,1436,141582,-0.3469812630117973,489,2000,-31777,29288,0,675,2000,100896,32854,136425,186,0,132673,3566,136425,727070,2970000,-47273520,43576450,0,1005860,2970000,150143255,48890875,203009990,278790,0,197416775,5314425,203009990
2021-11-26,1435,1435,1406,1416,306146,-1.392757660167131,5415,0,-24961,19546,0,13062,0,249721,32212,294995,7647,0,274682,12666,294995,8017450,0,-36712575,28695125,0,19281255,0,367704470,47372730,434358455,11263805,0,404417045,18677605,434358455
2021-11-29,1373,1430,1358,1383,342411,-2.330508474576271,-13348,7,-21757,35098,0,11719,7,255318,62895,329939,25067,0,277075,27797,329939,-18908945,10095,-31012005,49910855,0,16732680,10095,366655935,89853350,473252060,35641625,0,397667940,39942495,473252060
2021-11-30,1387,1402,1310,1315,556224,-4.916847433116414,28620,1001,-60957,31336,0,44589,1001,410490,79884,535964,15969,0,471447,48548,535964,40149660,1371425,-83633735,42112650,0,62495060,1371425,571802650,110399555,746068690,22345400,0,655436385,68286905,746068690
2021-12-01,1310,1344,1300,1335,223455,1.520912547528517,-21957,1,-18299,40255,0,5142,1,157554,52619,215316,27099,0,175853,12364,215316,-29628040,1375,-25278785,54905450,0,7068165,1375,216238945,71834955,295143440,36696205,0,241517730,16929505,295143440
2021-12-02,1310,1363,1310,1359,192891,1.7977528089887642,42095,0,-56637,14542,0,42431,0,106823,36611,185865,336,0,163460,22069,185865,59008410,0,-79011230,20002820,0,59477560,0,148345760,50791265,258614585,469150,0,227356990,30788445,258614585
2021-12-03,1373,1377,1349,1368,140079,0.6622516556291391,1507,962,11614,-14083,0,2992,1000,124510,6475,134977,1485,38,112896,20558,134977,2102775,1366030,16462325,-19931130,0,4211450,1420000,176346045,9189110,191166605,2108675,53970,159883720,29120240,191166605
2021-12-06,1358,1392,1353,1392,147189,1.7543859649122806,5381,997,7955,-14333,0,8312,1000,124482,8034,141828,2931,3,116527,22367,141828,7772045,1405675,11398990,-20576710,0,11975540,1410000,178175605,11504180,203065325,4203495,4325,166776615,32080890,203065325
2021-12-07,1382,1397,1377,1397,122863,0.35919540229885055,2668,999,-582,-3085,0,2675,1000,110256,4457,118388,7,1,110838,7542,118388,3846010,1428555,-862370,-4412195,0,3856130,1430000,158772945,6422450,170481525,10120,1445,159635315,10834645,170481525
2021-12-08,1406,1411,1377,1392,147496,-0.35790980672870437,2578,11001,49,-13628,0,2749,11001,126426,1948,142124,171,0,126377,15576,142124,3763405,15901455,162140,-19827000,0,4011425,15901455,183000460,2824415,205737755,248020,0,182838320,22651415,205737755
2021-12-09,1387,1406,1382,1397,120131,0.35919540229885055,232,9000,-21083,11851,0,246,9000,92104,14405,115755,14,0,113187,2554,115755,336305,13035000,-30571440,17200135,0,356660,13035000,133450525,20903435,167745620,20355,0,164021965,3703300,167745620
2021-12-10,1406,1406,1377,1388,116031,-0.644237652111668,3221,17000,-14032,-6189,0,5222,17000,88397,1186,111805,2001,0,102429,7375,111805,4591050,24530000,-20189075,-8931975,0,7497490,24530000,127684860,1714710,161427060,2906440,0,147873935,10646685,161427060
2021-12-13,1397,1411,1387,1392,150361,0.2881844380403458,99,11967,-67616,55550,0,509,12000,75055,57320,144884,410,33,142671,1770,144884,145975,17315645,-97960370,80498750,0,736470,17363500,108797840,83082950,209980760,590495,47855,206758210,2584200,209980760
2021-12-14,1377,1402,1377,1402,87993,0.7183908045977011,724,1000,-1426,-298,0,725,1000,73821,9242,84788,1,0,75247,9540,84788,1049380,1440000,-2098990,-390390,0,1050835,1440000,106730050,13390070,122610955,1455,0,108829040,13780460,122610955
2021-12-15,1411,1411,1377,1407,96460,0.3566333808844508,2963,4033,-11012,4016,0,3045,4033,72625,13244,92947,82,0,83637,9228,92947,4306585,5843595,-15929340,5779160,0,4425105,5843595,105205000,19168875,134642575,118520,0,121134340,13389715,134642575
2021-12-16,1430,1430,1392,1397,131149,-0.7107320540156361,6128,6000,-4011,-8117,0,6374,6000,98405,15593,126372,246,0,102416,23710,126372,8913095,8695000,-5806550,-11801545,0,9270075,8695000,143136020,22644230,183745325,356980,0,148942570,34445775,183745325
2021-12-17,1387,1411,1387,1397,104942,0.0,1150,-1,-20382,19233,0,5927,0,74752,20441,101120,4777,1,95134,1208,101120,1697565,-1450,-29717615,28021500,0,8603985,0,108561740,29773100,146938825,6906420,1450,138279355,1751600,146938825
2021-12-20,1397,1416,1363,1383,260537,-1.0021474588403723,16111,2000,-56920,38809,0,22142,2000,155406,71499,251047,6031,0,212326,32690,251047,23292200,2870000,-81055295,54893095,0,31977510,2870000,223788965,102164090,360800565,8685310,0,304844260,47270995,360800565
2021-12-21,1392,1406,1368,1402,225651,1.373825018076645,5546,5770,-35860,24544,0,6467,5770,155909,49286,217432,921,0,191769,24742,217432,7874350,8363635,-52211325,35973340,0,9212480,8363635,224672680,71395025,313643820,1338130,0,276884005,35421685,313643820
2021-12-22,1402,1426,1402,1416,117364,0.9985734664764622,7460,951,-19651,11240,0,11289,951,73874,26975,113089,3829,0,93525,15735,113089,10914185,1388460,-28888730,16586085,0,16518260,1388460,108235870,39596520,165739110,5604075,0,137124600,23010435,165739110
2021-12-23,1416,1430,1363,1412,237286,-0.2824858757062147,18357,1999,-16712,-3644,0,18579,2000,172710,35354,228643,222,1,189422,38998,228643,26668265,2878535,-23991360,-5555440,0,26992290,2880000,250910735,51391005,332174030,324025,1465,274902095,56946445,332174030
2021-12-24,1416,1450,1402,1441,313959,2.0538243626062327,-17195,2000,-138205,153400,0,7811,2000,133900,158812,302523,25006,0,272105,5412,302523,-25580865,2932070,-204977755,227626550,0,11463630,2932070,197921890,235685460,448003050,37044495,0,402899645,8058910,448003050
2021-12-27,1450,1455,1426,1445,299411,0.2775850104094379,4871,14000,-1985,-16886,0,15090,14000,232794,26621,288505,10219,0,234779,43507,288505,7230455,20881415,-2788000,-25323870,0,22548865,20881415,347648875,39776170,430855325,15318410,0,350436875,65100040,430855325
2021-12-28,1450,1459,1430,1455,368468,0.6920415224913495,22211,18996,-64594,23387,0,48753,19000,251038,36256,355047,26542,4,315632,12869,355047,33355115,28456740,-96886350,35074495,0,73184410,28462735,376772355,54416710,532836210,39829295,5995,473658705,19342215,532836210
2021-12-29,1425,1445,1425,1435,185254,-1.3745704467353952,3263,11017,31377,-45657,0,9901,11017,152202,12134,185254,6638,0,120825,57791,185254,4674670,15815370,44835050,-65325090,0,14220605,15815370,218101775,17422865,265560615,9545935,0,173266725,82747955,265560615
2021-12-30,1440,1440,1400,1410,164773,-1.7421602787456445,5269,16100,9768,-31137,0,5389,16100,133235,10049,164773,120,0,123467,41186,164773,7453570,22739500,13944975,-44138045,0,7623945,22739500,188475710,14215790,233054945,170375,0,174530735,58353835,233054945
2022-01-03,1410,1425,1390,1415,156116,0.3546099290780142,5189,2003,315,-7507,0,7191,2003,130231,16691,156116,2002,0,129916,24198,156116,7272290,2804215,614330,-10690835,0,10085115,2804215,182998500,23427875,219315705,2812825,0,182384170,34118710,219315705
2022-01-04,1420,1420,1395,1410,142088,-0.35335689045936397,3729,-2,-36293,32566,0,4285,0,97012,40791,142088,556,2,133305,8225,142088,5233010,-2815,-50850535,45620340,0,6014750,0,136126860,57226780,199368390,781740,2815,186977395,11606440,199368390
2022-01-05,1410,1425,1400,1420,145189,0.7092198581560284,-14530,-8,-39190,53728,0,6294,0,80860,58035,145189,20824,8,120050,4307,145189,-20504900,-11255,-55310345,75826500,0,8882595,0,114088360,81895855,204866810,29387495,11255,169398705,6069355,204866810
2022-01-06,1405,1425,1400,1400,167896,-1.4084507042253522,2945,54,-23436,20437,0,2952,54,131602,33288,167896,7,0,155038,12851,167896,4126705,76155,-32968810,28765950,0,4136545,76155,184737495,46854385,235804580,9840,0,217706305,18088435,235804580
2022-01-07,1400,1410,1395,1400,104432,0.0,270,2000,-16047,13777,0,271,2002,79472,22687,104432,1,2,95519,8910,104432,378750,2800005,-22498130,19319375,0,380160,2802810,111373005,31801925,146357900,1410,2805,133871135,12482550,146357900
2022-01-10,1395,1400,1360,1370,265375,-2.142857142857143,-14369,9998,49913,-45542,0,4231,10000,241961,9183,265375,18600,2,192048,54725,265375,-19691950,13677260,68498715,-62484025,0,5793740,13680000,331560470,12619845,363654055,25485690,2740,263061755,75103870,363654055
2022-01-11,1365,1380,1345,1365,275228,-0.36496350364963503,2158,10001,31078,-43237,0,2583,10001,256472,6172,275228,425,0,225394,49409,275228,2921545,13615580,42212035,-58749160,0,3497890,13615580,347986030,8405280,373504780,576345,0,305773995,67154440,373504780
2022-01-12,1360,1380,1360,1370,93812,0.3663003663003663,1163,0,-8842,7679,0,1193,0,77762,14857,93812,30,0,86604,7178,93812,1595670,0,-12020255,10424585,0,1636970,0,106144540,20261350,128042860,41300,0,118164795,9836765,128042860
2022-01-13,1365,1375,1350,1360,135804,-0.7299270072992701,1851,12998,-12442,-2407,0,3351,13000,108551,10902,135804,1500,2,120993,13309,135804,2520800,17647270,-16899545,-3268525,0,4555800,17650000,147500320,14850785,184556905,2035000,2730,164399865,18119310,184556905
2022-01-14,1350,1360,1340,1355,122306,-0.3676470588235294,3652,9000,2741,-15393,0,3702,9000,90324,19280,122306,50,0,87583,34673,122306,4927760,12105000,3679850,-20712610,0,4995760,12105000,121802395,26027125,164930280,68000,0,118122545,46739735,164930280
2022-01-17,1345,1360,1330,1335,146301,-1.4760147601476015,11745,8000,20411,-40156,0,15815,8000,118986,3500,146301,4070,0,98575,43656,146301,15739600,10670000,27447575,-53857175,0,21174550,10670000,159447275,4719110,196010935,5434950,0,131999700,58576285,196010935
2022-01-18,1335,1345,1300,1300,169667,-2.6217228464419478,-2071,13002,25576,-36507,0,4156,13002,149875,2634,169667,6227,0,124299,39141,169667,-2801140,17095170,33907410,-48201440,0,5438035,17095170,197673205,3506870,223713280,8239175,0,163765795,51708310,223713280
2022-01-19,1300,1325,1285,1300,179718,0.0,-858,6003,-42573,37428,0,2460,6003,122829,48426,179718,3318,0,165402,10998,179718,-1117760,7773915,-55430725,48774570,0,3195745,7773915,159667195,63103445,233740300,4313505,0,215097920,14328875,233740300
2022-01-20,1285,1315,1285,1315,110337,1.153846153846154,-1611,1000,-24092,24703,0,1414,1000,78292,29631,110337,3025,0,102384,4928,110337,-2121705,1295000,-31405345,32232050,0,1825795,1295000,102075925,38644900,143841620,3947500,0,133481270,6412850,143841620
2022-01-21,1315,1320,1300,1315,77701,0.0,5795,-2,-1509,-4284,0,5995,0,59836,11870,77701,200,2,61345,16154,77701,7564090,-2630,-1915405,-5646055,0,7827590,0,78489160,15541240,101857990,263500,2630,80404565,21187295,101857990
2022-01-24,1300,1315,1280,1285,158424,-2.2813688212927756,11188,0,16709,-27897,0,11188,0,147236,0,158424,0,0,130527,27897,158424,14438450,0,21603130,-36041580,0,14438450,0,189540675,0,203979125,0,0,167937545,36041580,203979125
2022-01-25,1300,1300,1225,1230,298290,-4.280155642023346,5008,6002,-1868,-9142,0,18308,6002,239582,34398,298290,13300,0,241450,43540,298290,6058185,7527485,-2538940,-11046730,0,22746675,7527485,298946630,43125860,372346650,16688490,0,301485570,54172590,372346650
2022-01-26,1230,1250,1225,1240,196126,0.8130081300813009,1603,-9,-24201,22607,0,1863,0,111073,83190,196126,260,9,135274,60583,196126,1984230,-11140,-29859170,27886080,0,2305330,0,137210745,102709885,242225960,321100,11140,167069915,74823805,242225960
2022-01-27,1235,1250,1190,1200,178819,-3.225806451612903,3794,-1,34006,-37799,0,3949,0,165698,9172,178819,155,1,131692,46971,178819,4601055,-1230,41355995,-45955820,0,4786575,0,200487620,11174290,216448485,185520,1230,159131625,57130110,216448485
2022-01-28,1200,1240,1190,1240,171372,3.3333333333333335,25723,2,-68303,42578,0,26733,2,87966,56671,171372,1010,0,156269,14093,171372,31643145,2415,-83308770,51663210,0,32864650,2415,106298570,68761215,207926850,1221505,0,189607340,17098005,207926850
2022-02-03,1250,1275,1240,1265,175807,2.0161290322580645,-2868,1996,-56592,57464,0,298,2000,104744,68765,175807,3166,4,161336,11301,175807,-3598905,2499945,-71278910,72377870,0,377385,2505000,131670160,86629640,221182185,3976290,5055,202949070,14251770,221182185
2022-02-04,1255,1270,1250,1265,96446,0.0,-2605,979,-19380,21006,0,164,1000,67975,27307,96446,2769,21,87355,6301,96446,-3284705,1233545,-24433255,26484415,0,207260,1260000,85709775,34423675,121600710,3491965,26455,110143030,7939260,121600710
2022-02-07,1280,1280,1250,1275,93366,0.7905138339920948,4347,-20,8100,-12427,0,4348,0,78940,10078,93366,1,20,70840,22505,93366,5532005,-25385,10151335,-15657955,0,5533280,0,100202355,12796650,118532285,1275,25385,90051020,28454605,118532285
2022-02-08,1285,1465,1275,1430,2073626,12.156862745098039,-58953,5,93524,-34576,0,9053,5,1802503,262065,2073626,68006,0,1708979,296641,2073626,-81759690,6990,134699655,-52946955,0,12487435,6990,2507151860,361956565,2881602850,94247125,0,2372452205,414903520,2881602850
2022-02-09,1465,1495,1430,1465,1270080,2.4475524475524475,-47553,-49009,18121,78441,0,11016,0,1001830,257234,1270080,58569,49009,983709,178793,1270080,-69783250,-72873290,24926320,117730220,0,16443765,0,1470592330,379586020,1866622115,86227015,72873290,1445666010,261855800,1866622115
2022-02-10,1465,1470,1430,1450,285796,-1.023890784982935,-5246,-40,-15736,21022,0,10205,0,201393,74198,285796,15451,40,217129,53176,285796,-7679460,-57750,-22223760,29960970,0,14773850,0,291817470,107369175,413960495,22453310,57750,314041230,77408205,413960495
2022-02-11,1450,1495,1400,1460,638903,0.6896551724137931,2598,-3001,-430,833,0,6364,0,544698,87841,638903,3766,3001,545128,87008,638903,3499435,-4466450,919205,47810,0,9083405,0,793141805,126858145,929083355,5583970,4466450,792222600,126810335,929083355
2022-02-14,1440,1495,1420,1455,670852,-0.3424657534246575,6769,0,-41977,35208,0,8767,0,526806,135279,670852,1998,0,568783,100071,670852,9888045,0,-58729490,48841445,0,12797360,0,767641265,194942450,975381075,2909315,0,826370755,146101005,975381075
2022-02-15,1440,1470,1410,1435,315186,-1.3745704467353952,137,1000,7699,-8836,0,215,1000,273171,40800,315186,78,0,265472,49636,315186,196785,1410000,11701455,-13308240,0,308325,1410000,390671370,58178055,450567750,111540,0,378969915,71486295,450567750
2022-02-16,1445,1485,1445,1480,516538,3.1358885017421603,-59052,0,-1549,60601,0,1582,0,414669,100287,516538,60634,0,416218,39686,516538,-87210615,0,-1950600,89161215,0,2327695,0,610795935,147458315,760581945,89538310,0,612746535,58297100,760581945
2022-02-17,1475,1495,1430,1455,425513,-1.6891891891891893,5164,0,12159,-17323,0,5174,0,350127,70212,425513,10,0,337968,87535,425513,7638205,0,17350210,-24988415,0,7652865,0,513166450,102403785,623223100,14660,0,495816240,127392200,623223100
2022-02-18,1435,1535,1430,1525,1042836,4.810996563573884,-13906,-55821,-75905,145632,0,4264,0,802584,235988,1042836,18170,55821,878489,90356,1042836,-21156395,-84622525,-112062185,217841105,0,6449710,0,1210686750,353988550,1571125010,27606105,84622525,1322748935,136147445,1571125010
2022-02-21,1525,1575,1490,1545,1083952,1.3114754098360655,4645,-31752,252382,-225275,0,15976,0,976403,91573,1083952,11331,31752,724021,316848,1083952,7282005,-49254355,390982970,-349010620,0,24741010,0,1509378210,140564375,1674683595,17459005,49254355,1118395240,489574995,1674683595
2022-02-22,1530,1575,1515,1555,653493,0.6472491909385114,-35496,-8250,75256,-31510,0,6117,0,602865,44511,653493,41613,8250,527609,76021,653493,-54710935,-12845000,116074210,-48518275,0,9500470,0,933811555,68975780,1012287805,64211405,12845000,817737345,117494055,1012287805
2022-02-23,1565,1575,1535,1555,326916,0.0,-3058,-9000,30768,-18710,0,7048,0,297054,22814,326916,10106,9000,266286,41524,326916,-4807950,-14055000,48020350,-29157400,0,10969125,0,462953420,35514630,509437175,15777075,14055000,414933070,64672030,509437175
2022-02-24,1550,1555,1495,1520,664213,-2.2508038585209005,3592,-1,-184421,180830,0,9951,0,452862,201400,664213,6359,1,637283,20570,664213,5467745,-1530,-280651845,275185630,0,15160520,0,688424630,306590250,1010175400,9692775,1530,969076475,31404620,1010175400
2022-02-25,1550,1565,1515,1555,487398,2.302631578947368,-6765,-11000,-81127,98892,0,237,0,367506,119655,487398,7002,11000,448633,20763,487398,-10441945,-17087500,-125541475,153070920,0,367535,0,569134630,185325650,754827815,10809480,17087500,694676105,32254730,754827815
2022-02-28,1555,1600,1525,1575,689611,1.2861736334405145,-23018,-30368,56933,-3547,0,1454,632,556257,131268,689611,24472,31000,499324,134815,689611,-36315785,-48017090,90828355,-6495480,0,2303670,995410,874708470,205863100,1083870650,38619455,49012500,783880115,212358580,1083870650
2022-03-02,1550,1640,1550,1625,1161872,3.1746031746031744,-43195,-36000,186824,-107629,0,6001,0,1066435,89436,1161872,49196,36000,879611,197065,1161872,-69869800,-57945000,298648465,-170833665,0,9592115,0,1708233370,143356120,1861181605,79461915,57945000,1409584905,314189785,1861181605
2022-03-03,1630,1635,1480,1515,2030333,-6.769230769230769,8278,43002,197325,-248605,0,90000,43502,1719865,176966,2030333,81722,500,1522540,425571,2030333,14110530,65138020,302843855,-382092405,0,138164840,65953020,2637326160,271717855,3113161875,124054310,815000,2334482305,653810260,3113161875
2022-03-04,1490,1510,1445,1500,1228626,-0.9900990099009901,6136,33013,-143338,104189,0,19203,34579,975248,199596,1228626,13067,1566,1118586,95407,1228626,8998570,48230875,-209926145,152696700,0,28210520,50579875,1435017620,293785385,1807593400,19211950,2349000,1644943765,141088685,1807593400
2022-03-07,1475,1510,1445,1450,600148,-3.3333333333333335,7865,29010,17945,-54820,0,8070,31150,488422,72506,600148,205,2140,470477,127326,600148,11506910,42029015,26133565,-79669490,0,11812050,45240415,713153770,106233690,876439925,305140,3211400,687020205,185903180,876439925
2022-03-08,1435,1455,1420,1430,306645,-1.3793103448275863,-10791,25542,-9103,-5648,0,6183,25542,217775,57145,306645,16974,0,226878,62793,306645,-15458805,36420805,-12223910,-8738090,0,8882695,36420805,312598250,81669490,439571240,24341500,0,324822160,90407580,439571240
2022-03-10,1465,1485,1445,1460,306847,2.097902097902098,-2176,1459,6230,-5513,0,1410,1459,271489,32489,306847,3586,0,265259,38002,306847,-3205795,2122860,9199400,-8116465,0,2060705,2122860,397964850,47612245,449760660,5266500,0,388765450,55728710,449760660
2022-03-11,1445,1535,1440,1530,762096,4.794520547945205,-779,-50001,-189522,240302,0,8667,0,481845,271584,762096,9446,50001,671367,31282,762096,-1084960,-75310770,-283581620,359977350,0,13070175,0,724284675,406753735,1144108585,14155135,75310770,1007866295,46776385,1144108585
2022-03-14,1530,1530,1495,1510,296237,-1.3071895424836601,6139,-5002,11491,-12628,0,6340,0,254928,34969,296237,201,5002,243437,47597,296237,9317555,-7594820,17443495,-19166230,0,9622070,0,385508770,53014265,448145105,304515,7594820,368065275,72180495,448145105
2022-03-15,1515,1525,1490,1510,130830,0.0,-2392,-3001,32371,-26978,0,2621,2000,123375,2834,130830,5013,5001,91004,29812,130830,-3638100,-4586500,48787550,-40562950,0,3931470,2990000,185715115,4251290,196887875,7569570,7576500,136927565,44814240,196887875
2022-03-16,1505,1530,1505,1525,199813,0.9933774834437087,627,-5000,26711,-22338,0,14496,0,155455,29862,199813,13869,5000,128744,52200,199813,943995,-7610000,40410365,-33744360,0,21956000,0,235525100,45310005,302791105,21012005,7610000,195114735,79054365,302791105
2022-03-17,1530,1535,1485,1490,433780,-2.2950819672131146,7838,8000,30734,-46572,0,8473,9000,380357,35950,433780,635,1000,349623,82522,433780,11677465,11875000,46237630,-69790095,0,12631030,13410000,570205940,53989880,650236850,953565,1535000,523968310,123779975,650236850
2022-03-18,1485,1510,1485,1495,62862,0.33557046979865773,-1774,304,18053,-16583,0,1292,304,55338,5928,62862,3066,0,37285,22511,62862,-2662595,451450,26983495,-24772350,0,1926480,451450,82730240,8871650,93979820,4589075,0,55746745,33644000,93979820
2022-03-21,1515,1520,1490,1490,132509,-0.33444816053511706,-160,-3988,2197,1951,0,1384,1315,98994,30816,132509,1544,5303,96797,28865,132509,-255725,-6056195,3405250,2906670,0,2065355,1964350,148602385,46309390,198941480,2321080,8020545,145197135,43402720,198941480
2022-03-22,1485,1510,1460,1485,231865,-0.33557046979865773,8130,15687,-14988,-8829,0,10600,15687,186294,19284,231865,2470,0,201282,28113,231865,11976535,23133380,-21821650,-13288265,0,15656920,23133380,275733250,28459025,342982575,3680385,0,297554900,41747290,342982575
2022-03-23,1490,1570,1485,1555,604777,4.713804713804714,-10915,-40000,-78980,129895,0,8044,0,421332,175401,604777,18959,40000,500312,45506,604777,-16952010,-61265000,-118457595,196674605,0,12125215,0,646800455,266985675,925911345,29077225,61265000,765258050,70311070,925911345
2022-03-24,1535,1585,1530,1565,582838,0.6430868167202572,10561,-40004,-30099,59542,0,19876,0,473260,89702,582838,9315,40004,503359,30160,582838,16342010,-62317540,-46683215,92658745,0,30926595,0,739719115,139551385,910197095,14584585,62317540,786402330,46892640,910197095
2022-03-25,1585,1630,1540,1595,1178887,1.9169329073482428,-44885,-22765,180763,-113113,0,7266,0,1049415,122206,1178887,52151,22765,868652,235319,1178887,-71483180,-35971110,282309520,-174855230,0,11540525,0,1655495695,194659425,1861695645,83023705,35971110,1373186175,369514655,1861695645
2022-03-28,1590,1650,1575,1635,970349,2.507836990595611,-35984,-27000,-46119,109103,0,1768,0,790479,178102,970349,37752,27000,836598,68999,970349,-58968560,-43612500,-75402380,177983440,0,2882075,0,1288718185,289530835,1581131095,61850635,43612500,1364120565,111547395,1581131095
2022-03-29,1640,1655,1590,1610,427596,-1.529051987767584,8356,-12005,99337,-95688,0,13599,0,355219,58778,427596,5243,12005,255882,154466,427596,13465690,-19318200,159871510,-154019000,0,21881815,0,571852680,94993970,688728465,8416125,19318200,411981170,249012970,688728465
2022-03-30,1610,1655,1565,1630,886980,1.2422360248447204,-3959,-36889,76598,-35750,0,15780,109,752883,118208,886980,19739,36998,676285,153958,886980,-6665235,-58807750,122534375,-57061390,0,25324860,174660,1213788060,190113840,1429401420,31990095,58982410,1091253685,247175230,1429401420
2022-03-31,1630,1650,1595,1645,548564,0.9202453987730062,-18334,-6899,97930,-72697,0,2228,1,500194,46141,548564,20562,6900,402264,118838,548564,-29806505,-11222880,159288475,-118259090,0,3631615,1625,814123930,75197145,892954315,33438120,11224505,654835455,193456235,892954315
2022-04-01,1640,1660,1620,1645,496490,0.0,25763,16368,-55202,13071,0,31773,21464,399201,44052,496490,6010,5096,454403,30981,496490,41816055,26595620,-89466080,21054405,0,51681690,34879000,653621690,71896235,812078615,9865635,8283380,743087770,50841830,812078615
2022-04-04,1645,1660,1620,1640,437024,-0.303951367781155,4429,13527,34277,-52233,0,7342,13536,394203,21943,437024,2913,9,359926,74176,437024,7249925,22097685,56331530,-85679140,0,12033735,22112440,645814595,36057290,716018060,4783810,14755,589483065,121736430,716018060
2022-04-05,1640,1650,1610,1630,357484,-0.6097560975609756,20521,-5,-42257,21741,0,30710,0,256398,70376,357484,10189,5,298655,48635,357484,33087915,-8130,-68120040,35040255,0,49759770,0,416470630,114286065,580516465,16671855,8130,484590670,79245810,580516465
2022-04-06,1615,1640,1610,1640,299011,0.6134969325153374,6212,-7,-43499,37294,0,8607,0,233324,57080,299011,2395,7,276823,19786,299011,10145185,-11380,-70784445,60650640,0,14038580,0,378055565,92635035,484729180,3893395,11380,448840010,31984395,484729180
2022-04-07,1635,1640,1590,1605,448774,-2.1341463414634148,21613,-2,-65917,44306,0,25237,0,321400,102137,448774,3624,2,387317,57831,448774,34655035,-3225,-105603625,70951815,0,40539270,0,518204920,164534205,723278395,5884235,3225,623808545,93582390,723278395
2022-04-08,1615,1630,1570,1625,389086,1.2461059190031152,1238,2,27311,-28551,0,13425,2,312491,63168,389086,12187,0,285180,91719,389086,1797740,3245,43056230,-44857215,0,21539390,3245,501412250,101434015,624388900,19741650,0,458356020,146291230,624388900
2022-04-11,1630,1660,1605,1620,441515,-0.3076923076923077,47638,-1,-97030,49393,0,53858,0,297579,90078,441515,6220,1,394609,40685,441515,77417810,-1650,-158818430,81402270,0,87589820,0,485388955,147929305,720908080,10172010,1650,644207385,66527035,720908080
2022-04-12,1615,1620,1575,1585,305802,-2.1604938271604937,13054,1911,45362,-60327,0,15289,1911,278708,9894,305802,2235,0,233346,70221,305802,20698290,3038490,72385245,-96122025,0,24244815,3038490,443224680,15793770,486301755,3546525,0,370839435,111915795,486301755
2022-04-13,1595,1655,1595,1630,634205,2.8391167192429023,-16759,3,-184493,201249,0,5155,3,340592,288455,634205,21914,0,525085,87206,634205,-27246305,4905,-303152485,330393885,0,8440960,4905,555596585,472340325,1036382775,35687265,0,858749070,141946440,1036382775
2022-04-14,1635,1635,1595,1605,237351,-1.5337423312883436,28405,-4,91337,-119738,0,28671,0,208680,0,237351,266,4,117343,119738,237351,45692085,-6460,147035505,-192721130,0,46124275,0,335846290,0,381970565,432190,6460,188810785,192721130,381970565
2022-04-15,1575,1580,1530,1555,667785,-3.115264797507788,23953,-5858,159886,-177981,0,43075,2,601625,23083,667785,19122,5860,441739,201064,667785,37149370,-9095400,247809690,-275863660,0,66723460,3100,932274475,35857200,1034858235,29574090,9098500,684464785,311720860,1034858235
2022-04-18,1545,1555,1500,1510,614279,-2.8938906752411575,54932,13503,-62216,-6219,0,56744,15004,477296,65235,614279,1812,1501,539512,71454,614279,83141585,20254570,-93914525,-9481630,0,85884570,22581075,723063285,98963700,930492630,2742985,2326505,816977810,108445330,930492630
2022-04-19,1510,1515,1495,1510,241890,0.0,7716,-77,26196,-33835,0,7840,3,203369,30678,241890,124,80,177173,64513,241890,11626365,-115885,39351660,-50862140,0,11812550,4515,305708390,46187035,363712490,186185,120400,266356730,97049175,363712490
2022-04-20,1515,1520,1485,1510,314567,0.0,27704,1613,-39065,9748,0,32280,1801,243890,36596,314567,4576,188,282955,26848,314567,41397840,2411445,-58307170,14497885,0,48261965,2692505,365464170,54852670,471271310,6864125,281060,423771340,40354785,471271310
2022-04-21,1510,1525,1505,1520,239704,0.6622516556291391,4695,-6300,14585,-12980,0,6695,0,228700,4309,239704,2000,6300,214115,17289,239704,7112145,-9554000,22084135,-19642280,0,10134325,0,346079365,6520715,362734405,3022180,9554000,323995230,26162995,362734405
2022-04-22,1505,1525,1495,1510,131509,-0.6578947368421052,3868,703,23863,-28434,0,6168,704,118297,6340,131509,2300,1,94434,34774,131509,5809755,1050975,35988200,-42848930,0,9282745,1052480,178028550,9515890,197879665,3472990,1505,142040350,52364820,197879665
2022-04-25,1490,1505,1445,1475,384688,-2.3178807947019866,68640,-2203,-51136,-15301,0,80069,7797,278421,18401,384688,11429,10000,329557,33702,384688,101531800,-3488970,-75363400,-22679430,0,118462725,11458535,411795130,27209055,568925445,16930925,14947505,487158530,49888485,568925445
2022-04-26,1475,1545,1465,1530,405537,3.728813559322034,11822,-9994,-104603,102775,0,13907,4006,259103,128521,405537,2085,14000,363706,25746,405537,17935435,-15178485,-157789555,155032605,0,21048860,5879015,389074755,194477295,610479925,3113425,21057500,546864310,39444690,610479925
2022-04-27,1490,1520,1475,1505,187610,-1.6339869281045754,-51,3525,610,-4084,0,5968,4335,146598,30709,187610,6019,810,145988,34793,187610,-89245,5246875,1292240,-6449870,0,8947240,6471025,220071010,45911230,281400505,9036485,1224150,218778770,52361100,281400505
2022-04-28,1505,1530,1480,1500,249956,-0.33222591362126247,10560,1002,26700,-38262,0,14296,3502,199079,33079,249956,3736,2500,172379,71341,249956,15789000,1420765,40260560,-57470325,0,21417590,5210505,298815010,49666980,375110085,5628590,3789740,258554450,107137305,375110085
2022-04-29,1500,1520,1490,1510,168371,0.6666666666666667,1983,-3499,34117,-32601,0,12222,501,152117,3531,168371,10239,4000,118000,36132,168371,3015435,-5308500,51357035,-49063970,0,18423375,746500,228969315,5302920,253442110,15407940,6055000,177612280,54366890,253442110
2022-05-02,1505,1515,1460,1495,266371,-0.9933774834437087,29688,14999,-32477,-12210,0,37764,15000,197851,15756,266371,8076,1,230328,27966,266371,44059035,22265990,-48195715,-18129310,0,56070675,22267490,294165705,23476925,395980795,12011640,1500,342361420,41606235,395980795
2022-05-03,1495,1505,1470,1480,207811,-1.0033444816053512,-5155,12098,28455,-35398,0,6709,12100,187180,1822,207811,11864,2,158725,37220,207811,-7706240,17883510,42379290,-52556560,0,9963320,17886500,278306285,2714710,308870815,17669560,2990,235926995,55271270,308870815
2022-05-04,1480,1490,1455,1460,326028,-1.3513513513513513,-12246,13498,47358,-48610,0,17611,13500,266183,28734,326028,29857,2,218825,77344,326028,-18036535,19769550,69776295,-71509310,0,25811705,19772500,391419375,42405005,479408585,43848240,2950,321643080,113914315,479408585
2022-05-06,1430,1455,1425,1450,209260,-0.684931506849315,8412,16500,-29795,4883,0,17011,16500,150459,25290,209260,8599,0,180254,20407,209260,12030630,23667500,-42632740,6934610,0,24440835,23667500,216333220,36318005,300759560,12410205,0,258965960,29383395,300759560
2022-05-09,1440,1460,1395,1405,322600,-3.103448275862069,22620,25130,-16337,-31413,0,23420,25130,256738,17312,322600,800,0,273075,48725,322600,32197415,35442075,-22676380,-44963110,0,33327915,35442075,363343570,24357905,456471465,1130500,0,386019950,69321015,456471465
2022-05-10,1400,1435,1360,1425,285250,1.4234875444839856,-40475,9811,3905,26759,0,11795,10123,213879,49453,285250,52270,312,209974,22694,285250,-56077020,13585015,5584120,36907885,0,16248330,14014900,296837605,68335920,395436755,72325350,429885,291253485,31428035,395436755
2022-05-11,1420,1425,1375,1400,158980,-1.7543859649122806,6515,4742,22543,-33800,0,6915,4750,123410,23905,158980,400,8,100867,57705,158980,9113425,6615010,31568295,-47296730,0,9675160,6626250,172698290,33609135,222608835,561735,11240,141129995,80905865,222608835
2022-05-12,1375,1435,1370,1390,666740,-0.7142857142857143,-28744,5001,209720,-185977,0,3624,5801,622856,34459,666740,32368,800,413136,220436,666740,-40338315,6897905,298461220,-265020810,0,5004250,8015835,881817675,47596370,942434130,45342565,1117930,583356455,312617180,942434130
2022-05-13,1410,1550,1400,1500,506374,7.913669064748201,-13795,-12999,43603,-16809,0,1870,1,491275,13228,506374,15665,13000,447672,30037,506374,-20379360,-19306065,64219645,-24534220,0,2638060,1435,711866020,18863780,733369295,23017420,19307500,647646375,43398000,733369295
2022-05-16,1500,1505,1450,1460,211894,-2.666666666666667,-11772,-12507,16259,8020,0,3216,7500,182013,19165,211894,14988,20007,165754,11145,211894,-17347550,-18555335,24206495,11696390,0,4719765,10965000,268071345,28154975,311911085,22067315,29520335,243864850,16458585,311911085
2022-05-17,1440,1460,1420,1440,138229,-1.36986301369863,4958,-39999,40661,-5620,0,7459,1,120125,10644,138229,2501,40000,79464,16264,138229,7113595,-57425885,58479715,-8167425,0,10735035,1440,172794660,15301985,198833120,3621440,57427325,114314945,23469410,198833120
2022-05-18,1440,1455,1410,1440,147727,0.0,12025,-13497,6145,-4673,0,17982,503,118973,10269,147727,5957,14000,112828,14942,147727,17073065,-19217155,8951045,-6806955,0,25619615,716800,169560825,14609400,210506640,8546550,19933955,160609780,21416355,210506640
2022-05-19,1410,1430,1395,1430,169729,-0.6944444444444444,3476,1000,-10665,6189,0,6684,1000,138416,23629,169729,3208,0,149081,17440,169729,4859785,1407500,-14810835,8543550,0,9409105,1407500,195326475,33203060,239346140,4549320,0,210137310,24659510,239346140
2022-05-20,1430,1440,1420,1430,62584,0.0,2585,0,-2024,-561,0,2589,0,57648,2347,62584,4,0,59672,2908,62584,3698380,0,-2901070,-797310,0,3704115,0,82360880,3362565,89427560,5735,0,85261950,4159875,89427560
2022-05-23,1425,1425,1395,1405,158113,-1.7482517482517483,-8083,4000,14857,-10774,0,6682,4000,145070,2361,158113,14765,0,130213,13135,158113,-11356495,5612500,20945650,-15201655,0,9368325,5612500,203374340,3319530,221674695,20724820,0,182428690,18521185,221674695
2022-05-24,1410,1410,1380,1385,108306,-1.4234875444839856,-4698,1,20195,-15498,0,2931,1,104874,500,108306,7629,0,84679,15998,108306,-6554500,1400,28086125,-21533025,0,4084770,1400,145691700,692500,150470370,10639270,0,117605575,22225525,150470370
2022-05-25,1385,1400,1375,1385,264392,0.0,52959,1002,-82297,28336,0,52961,1002,180349,30080,264392,2,0,262646,1744,264392,73468755,1385285,-114141865,39287825,0,73471525,1385285,249437535,41714930,366009275,2770,0,363579400,2427105,366009275
2022-05-26,1400,1405,1365,1380,263728,-0.36101083032490977,-1990,1475,-35064,35579,0,14256,1500,211678,36294,263728,16246,25,246742,715,263728,-2825480,2027965,-48412855,49210370,0,19672785,2062500,291664020,50191585,363590890,22498265,34535,340076875,981215,363590890
2022-05-27,1385,1395,1355,1360,366589,-1.4492753623188406,51368,3000,-68262,13894,0,51369,3001,292555,19664,366589,1,1,360817,5770,366589,70296225,4090015,-93324180,18937940,0,70297585,4091390,399466420,26857120,500712515,1360,1375,492790600,7919180,500712515
2022-05-30,1365,1375,1360,1370,91572,0.7352941176470588,1945,0,-10715,8770,0,6415,0,73916,11241,91572,4470,0,84631,2471,91572,2650535,0,-14650750,12000215,0,8752085,0,100979730,15373425,125105240,6101550,0,115630480,3373210,125105240
2022-05-31,1365,1375,1340,1345,332196,-1.824817518248175,13553,50500,-42200,-21853,0,19054,50500,256340,6302,332196,5501,0,298540,28155,332196,18209025,68175000,-56748425,-29635600,0,25695370,68175000,347058445,8484330,449413145,7486345,0,403806870,38119930,449413145
2022-06-02,1345,1360,1335,1345,131630,0.0,19259,3000,-11385,-10874,0,20225,3000,96850,11555,131630,966,0,108235,22429,131630,25908985,4024500,-15332390,-14601095,0,27208620,4024500,130142695,15571760,176947575,1299635,0,145475085,30172855,176947575
2022-06-03,1355,1355,1320,1325,205561,-1.486988847583643,837,4000,34290,-39127,0,11245,4000,187443,2873,205561,10408,0,153153,42000,205561,1148560,5295000,45804060,-52247620,0,14964855,5295000,249384745,3827445,273472045,13816295,0,203580685,56075065,273472045
2022-06-07,1325,1335,1305,1305,121205,-1.509433962264151,8870,874,492,-10236,0,9563,1502,104374,5766,121205,693,628,103882,16002,121205,11640120,1139330,813310,-13592760,0,12552345,1962645,137388945,7603340,159507275,912225,823315,136575635,21196100,159507275
2022-06-08,1310,1345,1305,1340,138190,2.681992337164751,5852,0,-12759,6907,0,6828,1700,115992,13670,138190,976,1700,128751,6763,138190,7785345,22840,-16989360,9181175,0,9087840,2268270,154438410,18196135,183990655,1302495,2245430,171427770,9014960,183990655
2022-06-09,1340,1345,1310,1325,84200,-1.1194029850746268,11902,499,18374,-30775,0,12782,500,70443,475,84200,880,1,52069,31250,84200,15736225,656185,24423840,-40816250,0,16893450,657500,93083265,627000,111261215,1157225,1315,68659425,41443250,111261215
2022-06-10,1325,1325,1300,1315,116234,-0.7547169811320755,4481,5475,14165,-24121,0,17573,5475,93185,1,116234,13092,0,79020,24122,116234,5822325,7143010,18619810,-31585145,0,22926210,7143010,121849645,1305,151920170,17103885,0,103229835,31586450,151920170
2022-06-13,1310,1310,1240,1245,316090,-5.323193916349809,28285,53048,-31998,-49335,0,28566,53048,214086,20390,316090,281,0,246084,69725,316090,35808460,67870270,-40987890,-62690840,0,36163655,67870270,270474685,25984725,400493335,355195,0,311462575,88675565,400493335
2022-06-14,1240,1255,1220,1250,333818,0.4016064257028112,-2741,5587,-66984,64138,0,7590,7296,231904,87028,333818,10331,1709,298888,22890,333818,-3310130,6839225,-82751980,79222885,0,9346365,8949015,286389865,107508810,412194055,12656495,2109790,369141845,28285925,412194055
2022-06-15,1250,1290,1220,1220,174596,-2.4,24583,9015,-7171,-26427,0,24796,9027,125307,15466,174596,213,12,132478,41893,174596,30661465,11010545,-9132505,-32539505,0,30933545,11025440,155026720,19296025,216281730,272080,14895,164159225,51835530,216281730
2022-06-16,1225,1255,1200,1225,205409,0.4098360655737705,-15510,40898,-488,-24900,0,19045,40898,141779,3687,205409,34555,0,142267,28587,205409,-18747495,49900570,-731665,-30421410,0,23402670,49900570,172571080,4501600,250375920,42150165,0,173302745,34923010,250375920
2022-06-17,1200,1210,1160,1190,529195,-2.857142857142857,13565,1000,-130396,115831,0,17617,1000,350276,160302,529195,4052,0,480672,44471,529195,16066770,1195000,-154262290,137000520,0,20819570,1195000,415759805,190063810,627838185,4752800,0,570022095,53063290,627838185
2022-06-20,1190,1200,1115,1130,594870,-5.042016806722689,77332,74942,-240012,87738,0,78082,76651,261317,178820,594870,750,1709,501329,91082,594870,89180620,86809285,-274134520,98144615,0,90024770,88731910,298471950,203392940,680621570,844150,1922625,572606470,105248325,680621570
2022-06-21,1125,1165,1125,1150,165178,1.7699115044247788,443,-499,-41588,41644,0,1166,1,100732,63279,165178,723,500,142320,21635,165178,501420,-571350,-47865620,47935550,0,1334065,1150,115746960,72763765,189845940,832645,572500,163612580,24828215,189845940
2022-06-22,1160,1160,1070,1085,595049,-5.6521739130434785,34315,129547,-209560,45698,0,34865,129547,323079,107558,595049,550,0,532639,61860,595049,38109075,142168895,-228859985,48582015,0,38721170,142168895,357053660,118604330,656548055,612095,0,585913645,70022315,656548055
2022-06-23,1080,1100,1035,1060,453460,-2.3041474654377883,13337,67142,-20756,-59723,0,42481,67142,274473,69364,453460,29144,0,295229,129087,453460,14018430,70759280,-21278880,-63498830,0,44824845,70759280,290895995,73618985,480099105,30806415,0,312174875,137117815,480099105
2022-06-24,1055,1100,1050,1100,109969,3.7735849056603774,1640,2388,-22702,18674,0,6333,4097,62164,37375,109969,4693,1709,84866,18701,109969,1751585,2602285,-24408205,20054335,0,6867065,4439460,67587480,40326865,119220870,5115480,1837175,91995685,20272530,119220870
2022-06-27,1105,1140,1095,1130,120837,2.727272727272727,5997,38,351,-6386,0,10093,38,95166,15540,120837,4096,0,94815,21926,120837,6747050,42900,560510,-7350460,0,11388690,42900,107243480,17317795,135992865,4641640,0,106682970,24668255,135992865
2022-06-28,1115,1160,1095,1130,219268,0.0,15290,1354,-22777,6133,0,17579,1355,173258,27076,219268,2289,1,196035,20943,219268,16846635,1534080,-24962495,6581780,0,19451575,1535200,193611025,30288975,244886775,2604940,1120,218573520,23707195,244886775
2022-06-29,1090,1120,1090,1115,150379,-1.3274336283185841,8630,0,17843,-26473,0,12252,0,126742,11385,150379,3622,0,108899,37858,150379,9537390,0,19706165,-29243555,0,13558010,0,140065455,12601610,166225075,4020620,0,120359290,41845165,166225075
2022-06-30,1125,1125,1085,1095,97408,-1.7937219730941705,1680,-10029,50126,-41777,0,2535,1,87968,6904,97408,855,10030,37842,48681,97408,1838800,-10981755,54778895,-45635940,0,2779240,1095,96300255,7591605,106672195,940440,10982850,41521360,53227545,106672195
2022-07-01,1100,1100,1060,1080,94534,-1.36986301369863,-313,601,49870,-50158,0,1437,601,88806,3690,94534,1750,0,38936,53848,94534,-311475,643100,53951815,-54283440,0,1546955,643100,95911325,3965040,102066420,1858430,0,41959510,58248480,102066420
2022-07-04,1070,1085,1025,1035,192171,-4.166666666666666,28950,400,13394,-42744,0,28954,400,149547,13270,192171,4,0,136153,56014,192171,30098225,416000,13887570,-44401795,0,30102465,416000,155050720,13775450,199344635,4240,0,141163150,58177245,199344635
2022-07-05,1050,1065,1040,1065,46897,2.898550724637681,-1707,5,-22252,23954,0,348,5,20414,26130,46897,2055,0,42666,2176,46897,-1811480,5280,-23485095,25291295,0,366875,5280,21546235,27583630,49502020,2178355,0,45031330,2292335,49502020
2022-07-06,1070,1070,1035,1040,91165,-2.3474178403755865,2546,-3,-11203,8660,0,2547,0,69040,19578,91165,1,3,80243,10918,91165,2657800,-3180,-11663565,9008945,0,2658855,0,72275175,20472930,95406960,1055,3180,83938740,11463985,95406960
2022-07-07,1050,1060,1040,1055,106263,1.4423076923076923,356,2,7344,-7702,0,1312,2,100244,4705,106263,956,0,92900,12407,106263,380700,2100,7752485,-8135285,0,1387235,2100,105316600,4928600,111634535,1006535,0,97564115,13063885,111634535
2022-07-08,1070,1105,1045,1075,195640,1.8957345971563981,-594,-224,-32562,33380,0,3610,0,139669,52361,195640,4204,224,172231,18981,195640,-662530,-245240,-34738500,35646270,0,3888375,0,150149025,56215880,210253280,4550905,245240,184887525,20569610,210253280
2022-07-11,1060,1085,1050,1065,167548,-0.9302325581395349,4448,-1,-16306,11859,0,4483,0,144869,18196,167548,35,1,161175,6337,167548,4776245,-1060,-17292210,12517025,0,4813990,0,154004055,19312990,178131035,37745,1060,171296265,6795965,178131035
2022-07-12,1065,1065,1015,1030,289341,-3.286384976525822,40108,50000,-16596,-73512,0,41306,50001,191129,6905,289341,1198,1,207725,80417,289341,41582340,51000000,-16542550,-76039790,0,42816280,51001035,197921250,7152120,298890685,1233940,1035,214463800,83191910,298890685
2022-07-13,1030,1045,1015,1030,64291,0.0,534,5,3691,-4230,0,576,5,59774,3936,64291,42,0,56083,8166,64291,544035,5175,3816870,-4366080,0,587095,5175,61276030,4033210,65901510,43060,0,57459160,8399290,65901510
2022-07-14,1025,1030,1000,1025,192833,-0.48543689320388345,-6352,56354,-67094,17092,0,3721,56354,109366,23392,192833,10073,0,176460,6300,192833,-6473885,56504000,-67449320,17419205,0,3780870,56504000,110763815,23826685,194875370,10254755,0,178213135,6407480,194875370
2022-07-15,1025,1030,1000,1020,145448,-0.4878048780487805,-4254,379,-9421,13296,0,4708,379,125483,14878,145448,8962,0,134904,1582,145448,-4249890,379020,-9533940,13404810,0,4759240,379020,126694230,14995950,146828440,9009130,0,136228170,1591140,146828440
2022-07-18,1025,1040,1000,1035,112735,1.4705882352941175,13374,-15686,-30352,32664,0,14091,4314,60347,33983,112735,717,20000,90699,1319,112735,13762855,-16335930,-31199850,33772925,0,14507865,4314070,62128915,35119460,116070310,745010,20650000,93328765,1346535,116070310
2022-07-19,1045,1050,1035,1045,166697,0.966183574879227,-11763,-4,-60022,71789,0,2045,0,89262,75390,166697,13808,4,149284,3601,166697,-12305160,-4175,-62563575,74872910,0,2127555,0,93359825,78621810,174109190,14432715,4175,155923400,3748900,174109190
2022-07-20,1060,1080,1025,1050,205721,0.4784688995215311,13280,-3,-19306,6029,0,16230,0,173959,15532,205721,2950,3,193265,9503,205721,13932530,-3185,-20291175,6361830,0,17104025,0,183636435,16496970,217237430,3171495,3185,203927610,10135140,217237430
2022-07-21,1080,1080,1050,1065,114850,1.4285714285714286,1984,0,-46851,44867,0,2155,0,62536,50159,114850,171,0,109387,5292,114850,2121790,0,-49470495,47348705,0,2304385,0,66197125,52991970,121493480,182595,0,115667620,5643265,121493480
2022-07-22,1075,1080,1045,1060,124177,-0.4694835680751174,-3524,-1710,-288,5522,0,228,0,97181,26768,124177,3752,1710,97469,21246,124177,-3777465,-1829700,32890,5574275,0,239415,0,103083740,28282315,131605470,4016880,1829700,103050850,22708040,131605470
2022-07-25,1050,1070,1040,1065,111367,0.4716981132075472,-12993,-12,11496,1509,0,1903,0,97638,11826,111367,14896,12,86142,10317,111367,-13788675,-12710,12245075,1556310,0,2026625,0,103115560,12439150,117581335,15815300,12710,90870485,10882840,117581335
2022-07-26,1055,1080,1055,1080,81777,1.4084507042253522,1528,-1,18848,-20375,0,5811,0,73173,2793,81777,4283,1,54325,23168,81777,1617450,-1070,20292625,-21909005,0,6229270,0,78504825,2980650,87714745,4611820,1070,58212200,24889655,87714745
2022-07-27,1080,1090,1060,1075,81967,-0.4629629629629629,631,-2018,11477,-10090,0,2954,0,76954,2059,81967,2323,2018,65477,12149,81967,675820,-2169360,12370990,-10877450,0,3171835,0,82619015,2204825,87995675,2496015,2169360,70248025,13082275,87995675
2022-07-28,1095,1095,1065,1080,72033,0.46511627906976744,9657,-22,15264,-24899,0,14347,0,57373,313,72033,4690,22,42109,25212,72033,10429905,-23760,16512010,-26918155,0,15501430,0,62097915,336100,77935445,5071525,23760,45585905,27254255,77935445
2022-07-29,1075,1110,1075,1110,148059,2.7777777777777777,23507,-23943,-5,441,0,25878,0,106082,16099,148059,2371,23943,106087,15658,148059,25797675,-26205855,-199655,607835,0,28402060,0,116141865,17607210,162151135,2604385,26205855,116341520,16999375,162151135
2022-08-01,1125,1125,1095,1110,89350,0.0,22211,-15906,9628,-15933,0,22582,0,66496,272,89350,371,15906,56868,16205,89350,24706770,-17655660,10626230,-17677340,0,25121490,0,73593340,301910,99016740,414720,17655660,62967110,17979250,99016740
2022-08-02,1095,1135,1095,1105,113817,-0.45045045045045046,-2230,-15328,42298,-24740,0,6800,0,102777,4240,113817,9030,15328,60479,28980,113817,-2486825,-17014080,47017550,-27516645,0,7542830,0,114046130,4662880,126251840,10029655,17014080,67028580,32179525,126251840
2022-08-03,1105,1110,1095,1100,62420,-0.4524886877828055,575,-11386,21259,-10448,0,5241,0,56958,221,62420,4666,11386,35699,10669,62420,631925,-12581530,23473250,-11523645,0,5788245,0,62825210,243930,68857385,5156320,12581530,39351960,11767575,68857385
2022-08-04,1115,1115,1095,1110,127813,0.9090909090909091,21885,-13266,-9888,1269,0,21997,0,85849,19967,127813,112,13266,95737,18698,127813,24130820,-14725130,-10813410,1407720,0,24255390,0,94840970,22113980,141210340,124570,14725130,105654380,20706260,141210340
2022-08-05,1110,1125,1110,1120,72931,0.9009009009009009,4737,-3802,-9960,9025,0,10898,0,50614,11419,72931,6161,3802,60574,2394,72931,5339515,-4258240,-11143845,10062570,0,12187005,0,56532625,12738610,81458240,6847490,4258240,67676470,2676040,81458240
2022-08-08,1115,1130,1110,1125,52036,0.4464285714285714,4850,-3010,3441,-5281,0,4902,0,46402,732,52036,52,3010,42961,6013,52036,5426720,-3378000,3873545,-5922265,0,5485440,0,51950485,819840,58255765,58720,3378000,48076940,6742105,58255765
2022-08-09,1130,1130,1120,1125,54391,0.0,6120,-1560,22972,-27532,0,7070,0,46604,717,54391,950,1560,23632,28249,54391,6891440,-1755000,25837060,-30973500,0,7960690,0,52421995,806625,61189310,1069250,1755000,26584935,31780125,61189310
2022-08-10,1130,1130,1115,1125,65246,0.0,-10801,0,15705,-4904,0,3854,0,61392,0,65246,14655,0,45687,4904,65246,-12108885,0,17619060,-5510175,0,4353250,0,69013440,0,73366690,16462135,0,51394380,5510175,73366690
2022-08-11,1130,1145,1120,1135,113239,0.8888888888888888,13672,-2800,-8543,-2329,0,17138,1100,87070,7931,113239,3466,3900,95613,10260,113239,15399375,-3197500,-9452855,-2749020,0,19312760,1248500,98688030,8922375,128171665,3913385,4446000,108140885,11671395,128171665
2022-08-12,1125,1135,1120,1135,116251,0.0,-5695,-870,-367,6932,0,7888,1000,95033,12330,116251,13583,1870,95400,5398,116251,-6506610,-992450,-328215,7827275,0,8910085,1130000,107390500,13929525,131360110,15416695,2122450,107718715,6102250,131360110
2022-08-16,1145,1145,1130,1145,118037,0.881057268722467,11514,0,-8619,-2895,0,21488,0,89017,7532,118037,9974,0,97636,10427,118037,13087265,0,-9773110,-3314155,0,24398105,0,101077280,8549320,134024705,11310840,0,110850390,11863475,134024705
2022-08-17,1130,1145,1130,1145,50583,0.0,14263,0,-2990,-11273,0,15121,0,35462,0,50583,858,0,38452,11273,50583,16230370,0,-3393170,-12837200,0,17207740,0,40366245,0,57573985,977370,0,43759415,12837200,57573985
2022-08-18,1140,1140,1120,1120,95892,-2.1834061135371177,-3617,-1630,20694,-15447,0,5656,500,89735,1,95892,9273,2130,69041,15448,95892,-4062325,-1842450,23298705,-17393930,0,6362380,560000,100926635,1125,107850140,10424705,2402450,77627930,17395055,107850140
2022-08-19,1115,1130,1090,1120,147163,0.0,19110,145,-25333,6078,0,19144,500,113377,14142,147163,34,355,138710,8064,147163,21121275,153125,-27857510,6583110,0,21159515,552500,125950065,15588560,163250640,38240,399375,153807575,9005450,163250640
2022-08-22,1110,1110,1085,1100,59428,-1.7857142857142856,5564,0,10033,-15597,0,7490,0,51228,710,59428,1926,0,41195,16307,59428,6107105,0,11018825,-17125930,0,8207735,0,56066635,781000,65055370,2100630,0,45047810,17906930,65055370
2022-08-23,1080,1105,1060,1085,91991,-1.3636363636363635,14191,1,-32772,18580,0,15327,1,52425,24238,91991,1136,0,85197,5658,91991,15422410,1095,-35211765,19788260,0,16669295,1095,56696985,25976905,99344280,1246885,0,91908750,6188645,99344280
2022-08-24,1105,1105,1055,1075,147240,-0.9216589861751152,15424,209,2767,-18400,0,15994,209,125211,5826,147240,570,0,122444,24226,147240,16389785,224635,2977010,-19591430,0,17007795,224635,133371970,6177870,156782270,618010,0,130394960,25769300,156782270
2022-08-25,1090,1090,1070,1090,52776,1.3953488372093024,-23218,1,22566,651,0,4327,1,42224,6224,52776,27545,0,19658,5573,52776,-25096050,1085,24398265,696700,0,4703430,1085,45757145,6722000,57183660,29799480,0,21358880,6025300,57183660
2022-08-26,1085,1095,1070,1085,48766,-0.45871559633027525,7240,-1530,5193,-10903,0,11190,0,37036,540,48766,3950,1530,31843,11443,48766,7874245,-1667700,5564170,-11770715,0,12142000,0,39972535,585900,52700435,4267755,1667700,34408365,12356615,52700435
2022-08-29,1030,1060,1030,1055,194405,-2.7649769585253456,17488,37440,-46822,-8106,0,18187,48820,126326,1072,194405,699,11380,173148,9178,194405,18208910,39364695,-49082955,-8490650,0,18940750,51222545,131587980,1115230,202866505,731840,11857850,180670935,9605880,202866505
2022-08-30,1070,1070,1030,1065,153288,0.9478672985781991,-6986,39642,-12021,-20635,0,3815,41182,104791,3500,153288,10801,1540,116812,24135,153288,-7355920,41194810,-12275380,-21563510,0,3995010,42829290,109775660,3646085,160246045,11350930,1634480,122051040,25209595,160246045
2022-08-31,1055,1065,1035,1065,46684,0.0,2540,-2718,7266,-7088,0,3815,1,42737,131,46684,1275,2719,35471,7219,46684,2677750,-2878525,7654925,-7454150,0,4028560,1060,45135605,136995,49302220,1350810,2879585,37480680,7591145,49302220
2022-09-01,1060,1060,1020,1040,215619,-2.3474178403755865,-28036,-34355,76029,-13638,0,24420,1,187662,3536,215619,52456,34356,111633,17174,215619,-28743800,-35071175,77943385,-14128410,0,25283110,1025,193244825,3651410,222180370,54026910,35072200,115301440,17779820,222180370
2022-09-02,1040,1050,1025,1030,74195,-0.9615384615384616,1546,1,-8483,6936,0,1809,1,65447,6938,74195,263,0,73930,2,74195,1589495,1035,-8782375,7191845,0,1862910,1035,67509545,7193915,76567405,273415,0,76291920,2070,76567405
2022-09-05,1025,1030,1020,1025,93000,-0.48543689320388345,7790,48737,-54801,-1726,0,7820,48737,36443,0,93000,30,0,91244,1726,93000,7986655,49711745,-55929235,-1769165,0,8017405,49711745,37420305,0,95149455,30750,0,93349540,1769165,95149455
2022-09-06,1030,1045,1030,1040,37340,1.4634146341463417,613,0,-3380,2767,0,961,0,32705,3674,37340,348,0,36085,907,37340,630380,0,-3490475,2860095,0,992160,0,33933990,3802590,38728740,361780,0,37424465,942495,38728740
2022-09-07,1030,1040,1010,1025,67413,-1.4423076923076923,1010,-1,10183,-11192,0,2940,0,64473,0,67413,1930,1,54290,11192,67413,1035425,-1020,10423795,-11458200,0,2993745,0,65820060,0,68813805,1958320,1020,55396265,11458200,68813805
2022-09-08,1035,1035,1015,1030,36228,0.4878048780487805,504,1,-4788,4283,0,841,1,29950,5436,36228,337,0,34738,1153,36228,515300,1035,-4878050,4361715,0,862025,1035,30681135,5548255,37092450,346725,0,35559185,1186540,37092450
2022-09-13,1025,1045,1025,1040,59878,0.9708737864077669,5109,0,-6124,1015,0,6022,0,52218,1638,59878,913,0,58342,623,59878,5270640,0,-6317550,1046910,0,6218675,0,53977725,1693265,61889665,948035,0,60295275,646355,61889665
2022-09-14,1025,1060,1015,1050,102752,0.9615384615384616,2791,0,155,-2946,0,14963,0,87656,133,102752,12172,0,87501,3079,102752,2828240,0,287270,-3115510,0,15622310,0,92259440,140120,108021870,12794070,0,91972170,3255630,108021870
2022-09-15,1045,1070,1035,1040,52617,-0.9523809523809524,-5625,-1,5808,-182,0,4199,0,46566,1852,52617,9824,1,40758,2034,52617,-5831280,-1055,6051285,-218950,0,4437770,0,48842155,1930765,55210690,10269050,1055,42790870,2149715,55210690
2022-09-16,1050,1050,1025,1035,34172,-0.4807692307692308,4083,1,-1557,-2527,0,5499,1,28534,138,34172,1416,0,30091,2665,34172,4207245,1030,-1598230,-2610045,0,5665885,1030,29447250,142140,35256305,1458640,0,31045480,2752185,35256305
2022-09-19,1045,1045,1005,1020,94108,-1.4492753623188406,5899,0,20924,-26823,0,8594,0,85471,43,94108,2695,0,64547,26866,94108,5988515,0,21383410,-27371925,0,8738015,0,87137285,43645,95918945,2749500,0,65753875,27415570,95918945
2022-09-20,1035,1035,1015,1030,35768,0.9803921568627451,30,0,-717,687,0,79,0,34999,690,35768,49,0,35716,3,35768,30025,0,-730735,700710,0,80495,0,35822330,703800,36606625,50470,0,36553065,3090,36606625
2022-09-21,1030,1030,1015,1025,49043,-0.48543689320388345,1500,0,-5131,3631,0,1550,0,42939,4554,49043,50,0,48070,923,49043,1531510,0,-5212330,3680820,0,1582755,0,43644970,4622310,49850035,51245,0,48857300,941490,49850035
2022-09-22,1015,1020,1005,1010,48306,-1.4634146341463417,4613,10,-127,-4496,0,5176,10,40839,2281,48306,563,0,40966,6777,48306,4646055,10120,-120060,-4536115,0,5216645,10120,41203010,2303860,48733635,570590,0,41323070,6839975,48733635
2022-09-23,1005,1015,998,1000,156817,-0.9900990099009901,-56709,1,61654,-4946,0,10183,1,140854,5779,156817,66892,0,79200,10725,156817,-56907137,1000,61905743,-4999606,0,10183159,1000,141238063,5775757,157197979,67090296,0,79332320,10775363,157197979
2022-09-26,993,998,946,948,308517,-5.2,-7050,71266,-45932,-18284,0,21013,71266,208144,8094,308517,28063,0,254076,26378,308517,-6879605,67710188,-43283201,-17547382,0,20055138,67710188,199045491,7721733,294532550,26934743,0,242328692,25269115,294532550
2022-09-27,927,951,925,938,152676,-1.0548523206751055,20042,467,-29718,9209,0,21348,467,107314,23547,152676,1306,0,137032,14338,152676,18606539,432019,-27688266,8649708,0,19837357,432019,100184363,22123055,142576794,1230818,0,127872629,13473347,142576794
2022-09-28,925,933,911,913,154517,-2.6652452025586353,19588,9536,-24009,-5115,0,19854,9536,116930,8197,154517,266,0,140939,13312,154517,18054135,8820800,-22144629,-4730306,0,18301681,8820800,107457554,7567270,142147305,247546,0,129602183,12297576,142147305
2022-09-29,918,933,916,927,85298,1.5334063526834611,-31477,1,20185,11291,0,8483,1,64458,12356,85298,39960,0,44273,1065,85298,-29136530,927,18651166,10484437,0,7805155,927,59684251,11472162,78962495,36941685,0,41033085,987725,78962495
2022-09-30,919,927,910,922,62788,-0.5393743257820928,4876,-1,-15182,10307,0,6176,0,43503,13109,62788,1300,1,58685,2802,62788,4490868,-922,-13957542,9467596,0,5686568,0,39899119,12057185,57642872,1195700,922,53856661,2589589,57642872
2022-10-04,936,938,923,936,49144,1.5184381778741864,-2001,0,-8840,10841,0,2348,0,35531,11265,49144,4349,0,44371,424,49144,-1822466,0,-8290654,10113120,0,2195359,0,33147342,10504908,45847609,4017825,0,41437996,391788,45847609
2022-10-05,936,945,930,931,68877,-0.5341880341880342,316,10000,-15010,4694,0,455,10000,49678,8744,68877,139,0,64688,4050,68877,294688,9310000,-13984461,4379773,0,425841,9310000,46299107,8165246,64200194,131153,0,60283568,3785473,64200194
2022-10-06,939,949,932,948,39144,1.8259935553168638,360,0,-8665,8305,0,2157,0,28007,8980,39144,1797,0,36672,675,39144,334621,0,-8193112,7858491,0,2036800,0,26503659,8492932,37033391,1702179,0,34696771,634441,37033391
2022-10-07,947,948,930,944,47096,-0.42194092827004215,-7799,0,7890,-91,0,1074,0,46021,1,47096,8873,0,38131,92,47096,-7382522,0,7468388,-85866,0,1012132,0,43271848,938,44284918,8394654,0,35803460,86804,44284918
2022-10-11,946,947,915,920,83581,-2.5423728813559325,3749,0,2545,-6294,0,3910,0,78574,1097,83581,161,0,76029,7391,83581,3455449,0,2446340,-5901789,0,3604775,0,73154577,1016205,77775557,149326,0,70708237,6917994,77775557
2022-10-12,920,929,910,915,41350,-0.5434782608695652,7185,0,-7261,76,0,7250,0,32987,1113,41350,65,0,40248,1037,41350,6548680,0,-6615975,67295,0,6608473,0,30096727,1015899,37721099,59793,0,36712702,948604,37721099
2022-10-13,921,921,873,881,240985,-3.715846994535519,-3952,40000,-28882,-7166,0,763,40000,199798,424,240985,4715,0,228680,7590,240985,-3504475,35500000,-25516469,-6479056,0,683752,35500000,178458668,376825,215019245,4188227,0,203975137,6855881,215019245
2022-10-14,899,899,880,899,37445,2.0431328036322363,-2632,1,-782,3413,0,270,1,33003,4171,37445,2902,0,33785,758,37445,-2360575,899,-689688,3049364,0,238787,899,29509930,3729598,33479214,2599362,0,30199618,680234,33479214
2022-10-17,899,899,851,899,79775,0.0,-1345,-1,-3200,4546,0,1593,0,72933,5249,79775,2938,1,76133,703,79775,-1206727,-881,-2811527,4019135,0,1400502,0,64308655,4648120,70357277,2607229,881,67120182,628985,70357277
2022-10-18,905,905,891,902,65405,0.33370411568409347,-729,0,-4050,4779,0,3983,0,56564,4858,65405,4712,0,60614,79,65405,-654267,0,-3633891,4288158,0,3583226,0,50821751,4359559,58764536,4237493,0,54455642,71401,58764536
2022-10-19,906,915,892,911,79674,0.9977827050997782,200,0,-16936,16736,0,3480,0,58691,17503,79674,3280,0,75627,767,79674,179172,0,-15339182,15160010,0,3150159,0,53178840,15851072,72180071,2970987,0,68518022,691062,72180071
2022-10-20,912,912,890,896,58364,-1.646542261251372,-17710,0,20740,-3030,0,408,0,57291,665,58364,18118,0,36551,3695,58364,-15796602,0,18500965,-2704363,0,366062,0,51251279,600197,52217538,16162664,0,32750314,3304560,52217538
2022-10-21,900,900,869,875,40352,-2.34375,190,0,4029,-4219,0,682,0,39537,133,40352,492,0,35508,4352,40352,163150,0,3582303,-3745453,0,600446,0,34823983,115710,35540139,437296,0,31241680,3861163,35540139
2022-10-24,889,899,875,876,35898,0.1142857142857143,1828,-14,-3021,1207,0,2277,0,31690,1931,35898,449,14,34711,724,35898,1599496,-12347,-2648498,1061349,0,2000773,0,27937394,1703402,31641569,401277,12347,30585892,642053,31641569
2022-10-25,870,888,870,877,45247,0.1141552511415525,232,-6,-1500,1274,0,1638,0,42236,1373,45247,1406,6,43736,99,45247,198750,-5261,-1303557,1110068,0,1431632,0,36920246,1196819,39548697,1232882,5261,38223803,86751,39548697
2022-10-26,877,887,870,875,40471,-0.22805017103762829,-4765,4014,1922,-1171,0,939,4014,35515,3,40471,5704,0,33593,1174,40471,-4148952,3509076,1665392,-1025516,0,820620,3509076,31054070,2613,35386379,4969572,0,29388678,1028129,35386379
2022-10-27,866,876,861,876,100005,0.1142857142857143,20776,0,-27711,6935,0,20985,0,71599,7421,100005,209,0,99310,486,100005,18117507,0,-24163215,6045708,0,18300586,0,62235884,6470445,87006915,183079,0,86399099,424737,87006915
2022-10-28,883,883,870,877,30910,0.1141552511415525,1232,0,-52,-1180,0,1240,0,29670,0,30910,8,0,29722,1180,30910,1078828,0,-44381,-1034447,0,1085836,0,25994691,0,27080527,7008,0,26039072,1034447,27080527
2022-10-31,888,888,879,884,34441,0.798175598631699,-11288,0,10416,872,0,448,0,32704,1289,34441,11736,0,22288,417,34441,-9952451,0,9186318,766133,0,395027,0,28912991,1135609,30443627,10347478,0,19726673,369476,30443627
2022-11-01,864,890,864,885,67264,0.11312217194570137,-11566,0,8373,3193,0,1891,0,61433,3940,67264,13457,0,53060,747,67264,-10265310,0,7444046,2821264,0,1671350,0,54352998,3481967,59506315,11936660,0,46908952,660703,59506315
2022-11-02,894,894,875,889,25119,0.4519774011299435,919,0,3520,-4439,0,2910,0,22164,45,25119,1991,0,18644,4484,25119,817730,0,3107229,-3924959,0,2571475,0,19594096,39436,22205007,1753745,0,16486867,3964395,22205007
2022-11-03,880,889,877,882,61190,-0.7874015748031495,-7050,0,15795,-8745,0,4938,0,56252,0,61190,11988,0,40457,8745,61190,-6217394,0,13918379,-7700985,0,4354050,0,49542094,0,53896144,10571444,0,35623715,7700985,53896144
2022-11-04,884,885,878,882,30896,0.0,-3,-17,4322,-4302,0,518,0,29879,499,30896,521,17,25557,4801,30896,-3930,-14977,3807698,-3788791,0,456054,0,26338256,440022,27234332,459984,14977,22530558,4228813,27234332
2022-11-07,887,887,882,885,21760,0.3401360544217687,-295,-3,2277,-1979,0,96,0,20812,852,21760,391,3,18535,2831,21760,-261036,-2652,2012127,-1748439,0,84799,0,18404884,754872,19244555,345835,2652,16392757,2503311,19244555
2022-11-08,890,896,884,888,101778,0.3389830508474576,-14409,0,22491,-8082,0,1443,0,99600,735,101778,15852,0,77109,8817,101778,-12863686,0,20052385,-7188699,0,1281327,0,88537940,652171,90471438,14145013,0,68485555,7840870,90471438
2022-11-09,893,905,888,904,99355,1.8018018018018018,-288,0,7937,-7649,0,837,0,97282,1236,99355,1125,0,89345,8885,99355,-259909,0,7150424,-6890515,0,754395,0,87562696,1111218,89428309,1014304,0,80412272,8001733,89428309
2022-11-10,904,913,896,912,66937,0.8849557522123894,-1722,0,2343,-621,0,103,0,61928,4906,66937,1825,0,59585,5527,66937,-1566163,0,2136393,-570230,0,92451,0,56327319,4464319,60884089,1658614,0,54190926,5034549,60884089
2022-11-11,914,930,913,927,155504,1.644736842105263,-35463,0,37404,-1941,0,20624,0,127589,7291,155504,56087,0,90185,9232,155504,-32755159,0,34557728,-1802569,0,19034288,0,117531773,6715705,143281766,51789447,0,82974045,8518274,143281766
2022-11-14,932,932,921,930,58609,0.3236245954692557,-5825,4,6805,-984,0,749,4,54339,3517,58609,6574,0,47534,4501,58609,-5419593,3716,6337290,-921413,0,691545,3716,50440578,3257688,54393527,6111138,0,44103288,4179101,54393527
2022-11-15,925,951,925,939,35461,0.967741935483871,-1520,0,2561,-1041,0,185,0,33079,2197,35461,1705,0,30518,3238,35461,-1430435,0,2423061,-992626,0,171883,0,31016092,2046533,33234508,1602318,0,28593031,3039159,33234508
2022-11-16,940,945,925,933,48409,-0.6389776357827476,-8386,0,11727,-3341,0,1129,0,46715,565,48409,9515,0,34988,3906,48409,-7825508,0,10945809,-3120301,0,1052249,0,43542276,525605,45120130,8877757,0,32596467,3645906,45120130
2022-11-17,937,937,926,933,12675,0.0,399,3,-116,-286,0,669,3,12003,0,12675,270,0,12119,286,12675,369167,2799,-105310,-266656,0,621343,2799,11166069,0,11790211,252176,0,11271379,266656,11790211
2022-11-18,935,937,924,926,29322,-0.7502679528403001,1838,0,-1137,-701,0,1890,0,27382,50,29322,52,0,28519,751,29322,1705526,0,-1050816,-654710,0,1754250,0,25423616,46392,27224258,48724,0,26474432,701102,27224258
2022-11-21,934,934,914,917,34248,-0.9719222462203023,3812,1,-2834,-979,0,3813,1,30381,53,34248,1,0,33215,1032,34248,3490170,920,-2585250,-905840,0,3491087,920,27884728,48547,31425282,917,0,30469978,954387,31425282
2022-11-22,921,925,913,919,43578,0.21810250817884408,-10868,0,11041,-173,0,1501,0,41418,659,43578,12369,0,30377,832,43578,-9986563,0,10146903,-160340,0,1381138,0,38118619,605206,40104963,11367701,0,27971716,765546,40104963
2022-11-23,925,926,915,918,128047,-0.1088139281828074,2763,0,-3516,753,0,2768,0,124051,1228,128047,5,0,127567,475,128047,2537644,0,-3229060,691416,0,2542274,0,113997422,1127991,117667687,4630,0,117226482,436575,117667687
2022-11-24,926,935,915,921,94707,0.32679738562091504,-680,0,922,-242,0,406,0,94291,10,94707,1086,0,93369,252,94707,-633586,0,859540,-225954,0,375041,0,86856167,9186,87240394,1008627,0,85996627,235140,87240394
2022-11-25,921,931,921,924,46768,0.32573289902280134,-2725,0,-3073,5798,0,40,0,40910,5818,46768,2765,0,43983,20,46768,-2510120,0,-2840683,5350803,0,36926,0,37701011,5369330,43107267,2547046,0,40541694,18527,43107267
2022-11-28,924,929,915,918,50334,-0.6493506493506493,484,0,938,-1422,0,597,0,48419,1318,50334,113,0,47481,2740,50334,443664,0,856496,-1300160,0,547511,0,44463494,1211203,46222208,103847,0,43606998,2511363,46222208
2022-11-29,911,923,911,920,18106,0.2178649237472767,201,-7,-2836,2642,0,620,0,14267,3219,18106,419,7,17103,577,18106,182019,-6444,-2603313,2427738,0,568023,0,13123566,2958356,16649945,386004,6444,15726879,530618,16649945
2022-11-30,920,925,915,917,85016,-0.32608695652173914,238,-3,-146,-89,0,1647,0,83234,135,85016,1409,3,83380,224,85016,219164,-2755,-134327,-82082,0,1512234,0,76519954,123897,78156085,1293070,2755,76654281,205979,78156085
2022-12-01,925,925,917,923,126494,0.6543075245365322,6613,-5,-6533,-75,0,7526,0,118174,794,126494,913,5,124707,869,126494,6084139,-4604,-6011550,-67985,0,6925512,0,108634040,730320,116289872,841373,4604,114645590,798305,116289872
2022-12-02,925,945,922,945,173331,2.38353196099675,5800,-2,-13490,7692,0,8441,0,154307,10583,173331,2641,2,167797,2891,173331,5350108,-1849,-12474979,7126720,0,7830656,0,144270064,9802703,161903423,2480548,1849,156745043,2675983,161903423
2022-12-05,947,961,945,950,85202,0.5291005291005291,10271,-4,-13388,3121,0,26903,0,54648,3651,85202,16632,4,68036,530,85202,9822532,-3824,-12772593,2953885,0,25698921,0,52125515,3461517,81285953,15876389,3824,64898108,507632,81285953
2022-12-06,955,955,945,948,49325,-0.21052631578947367,118,0,1023,-1141,0,488,0,47462,1375,49325,370,0,46439,2516,49325,112617,0,970855,-1083472,0,463693,0,45048426,1306037,46818156,351076,0,44077571,2389509,46818156
2022-12-07,950,954,939,953,33800,0.5274261603375527,738,0,-1727,989,0,1347,0,30627,1826,33800,609,0,32354,837,33800,701496,0,-1638131,936635,0,1280638,0,28970019,1729390,31980047,579142,0,30608150,792755,31980047
2022-12-08,946,960,946,953,25617,0.0,-1734,0,3395,-1661,0,397,0,25219,1,25617,2131,0,21824,1662,25617,-1648332,0,3233047,-1584715,0,377394,0,24051106,953,24429453,2025726,0,20818059,1585668,24429453
2022-12-09,953,953,942,952,31608,-0.1049317943336831,-3975,0,5589,-1614,0,1412,0,30186,10,31608,5387,0,24597,1624,31608,-3781414,0,5315891,-1534477,0,1340948,0,28628721,9480,29979149,5122362,0,23312830,1543957,29979149
2022-12-12,956,956,923,955,52845,0.31512605042016806,-9868,0,12408,-2540,0,410,0,51851,584,52845,10278,0,39443,3124,52845,-9415125,0,11841093,-2425968,0,388343,0,49205198,551865,50145406,9803468,0,37364105,2977833,50145406
2022-12-13,960,960,950,959,42476,0.41884816753926707,-94,2900,-2258,-548,0,142,2900,39432,2,42476,236,0,41690,550,42476,-90194,2766500,-2152842,-523464,0,135933,2766500,37687728,1902,40592063,226127,0,39840570,525366,40592063
2022-12-14,962,965,954,958,22086,-0.10427528675703858,5206,0,-4518,-688,0,5236,0,16850,0,22086,30,0,21368,688,22086,4989396,0,-4328303,-661093,0,5018136,0,16135080,0,21153216,28740,0,20463383,661093,21153216
2022-12-15,961,962,938,960,47131,0.20876826722338201,-4035,-955,5896,-906,0,5283,0,41848,0,47131,9318,955,35952,906,47131,-3857602,-909362,5635556,-868592,0,5044456,0,40078698,0,45123154,8902058,909362,34443142,868592,45123154
2022-12-16,953,954,897,946,84500,-1.4583333333333333,5177,0,-6630,1453,0,5329,0,76823,2348,84500,152,0,83453,895,84500,4903558,0,-6278209,1374651,0,5048180,0,72611945,2224645,79884770,144622,0,78890154,849994,79884770
2022-12-19,946,957,940,957,55636,1.1627906976744187,8624,65,-7854,-835,0,11590,65,43950,31,55636,2966,0,51804,866,55636,8149477,61736,-7418279,-792934,0,10965091,61736,41796049,29403,52852279,2815614,0,49214328,822337,52852279
2022-12-20,948,959,943,945,33165,-1.2539184952978055,-8917,7852,3754,-2689,0,348,7854,24714,249,33165,9265,2,20960,2938,33165,-8451108,7443385,3569726,-2562003,0,329797,7445292,23459258,235274,31469621,8780905,1907,19889532,2797277,31469621
2022-12-21,953,954,945,949,13341,0.4232804232804233,-38,1801,-1503,-260,0,268,1802,11094,177,13341,306,1,12597,437,13341,-36675,1701955,-1418036,-247244,0,254077,1702904,10557802,168504,12683287,290752,949,11975838,415748,12683287
2022-12-22,957,957,948,954,25522,0.5268703898840885,410,-3,219,-626,0,610,1,24911,0,25522,200,4,24692,626,25522,389603,-2856,210206,-596953,0,580403,954,23686795,0,24268152,190800,3810,23476589,596953,24268152
2022-12-23,946,958,942,953,24184,-0.10482180293501049,1557,2423,-2384,-1596,0,1657,2424,20103,0,24184,100,1,22487,1596,24184,1480508,2282458,-2245179,-1517787,0,1575808,2283408,19075687,0,22934903,95300,950,21320866,1517787,22934903
2022-12-26,949,967,946,954,83739,0.1049317943336831,2663,-36612,34676,-727,0,2779,8589,71090,1281,83739,116,45201,36414,2008,83739,2537746,-34766263,32923888,-695371,0,2648460,8169399,67650836,1214869,79683564,110714,42935662,34726948,1910240,79683564
2022-12-27,964,964,941,951,145376,-0.3144654088050315,-19401,-17734,37364,-229,0,1989,2116,140755,516,145376,21390,19850,103391,745,145376,-18345126,-16939980,35505763,-220657,0,1893697,2004800,133902044,490206,138290747,20238823,18944780,98396281,710863,138290747
2022-12-28,936,936,900,910,166392,-4.311251314405888,-6086,-40148,57329,-11095,0,12602,1,152930,859,166392,18688,40149,95601,11954,166392,-5394802,-36372835,51856301,-10088664,0,11442841,910,139029397,773133,151246281,16837643,36373745,87173096,10861797,151246281
2022-12-29,910,914,880,885,128355,-2.7472527472527473,1188,0,6204,-7392,0,10715,0,116836,804,128355,9527,0,110632,8196,128355,1089651,0,5515951,-6605602,0,9507136,0,103724476,711723,113943335,8417485,0,98208525,7317325,113943335
2023-01-02,868,892,868,873,20009,-1.3559322033898304,2892,1,921,-3814,0,6013,1,13957,38,20009,3121,0,13036,3852,20009,2537626,885,830887,-3369398,0,5270925,885,12243914,33474,17549198,2733299,0,11413027,3402872,17549198
2023-01-03,881,881,858,868,38444,-0.572737686139748,3881,12002,-10427,-5456,0,4284,12002,21714,444,38444,403,0,32141,5900,38444,3345642,10381734,-9015067,-4712309,0,3695849,10381734,18698785,381842,33158210,350207,0,27713852,5094151,33158210
2023-01-04,863,871,860,870,34541,0.2304147465437788,1376,7,682,-2065,0,1445,8,32725,363,34541,69,1,32043,2428,34541,1192374,6084,590778,-1789236,0,1252404,6954,28346051,313602,29919011,60030,870,27755273,2102838,29919011
2023-01-05,866,876,866,874,52142,0.45977011494252873,11855,6,-10318,-1543,0,12102,6,38780,1254,52142,247,0,49098,2797,52142,10312623,5218,-8975331,-1342510,0,10528030,5218,33687626,1090290,45311164,215407,0,42662957,2432800,45311164
2023-01-06,877,879,870,876,78620,0.2288329519450801,-1652,2006,-1166,812,0,1664,2006,74132,818,78620,3316,0,75298,6,78620,-1453373,1753261,-1010662,710774,0,1456733,1753261,64867918,716028,68793940,2910106,0,65878580,5254,68793940
2023-01-09,880,891,877,889,40061,1.4840182648401825,2372,3,-10534,8159,0,3979,4,27727,8351,40061,1607,1,38261,192,40061,2115662,2660,-9339548,7221226,0,3541165,3541,24476682,7390822,35412210,1425503,881,33816230,169596,35412210
2023-01-10,880,899,880,893,32153,0.44994375703037126,-877,4,-286,1159,0,1163,4,29519,1467,32153,2040,0,29805,308,32153,-788684,3579,-242753,1027858,0,1038170,3579,26239353,1303377,28584479,1826854,0,26482106,275519,28584479
2023-01-11,893,897,881,888,74346,-0.5599104143337066,4098,6,-7021,2917,0,4585,7,65252,4502,74346,487,1,72273,1585,74346,3648304,5359,-6230580,2576917,0,4083242,6247,57830629,3991939,65912057,434938,888,64061209,1415022,65912057
2023-01-12,888,891,880,884,31812,-0.45045045045045046,5634,1,-7236,1601,0,6394,1,19361,6056,31812,760,0,26597,4455,31812,4998034,890,-6396955,1398031,0,5673831,890,17141060,5354378,28170159,675797,0,23538015,3956347,28170159
2023-01-13,887,889,880,887,43031,0.3393665158371041,799,7,746,-1552,0,1682,7,39149,2193,43031,883,0,38403,3745,43031,705983,6205,675621,-1387809,0,1487687,6205,34612069,1937669,38043630,781704,0,33936448,3325478,38043630
2023-01-16,887,893,886,892,107438,0.5636978579481398,-28727,6,26755,1966,0,14094,6,91372,1966,107438,42821,0,64617,0,107438,-25519818,5348,23768889,1745581,0,12536956,5348,81224971,1745581,95512856,38056774,0,57456082,0,95512856
2023-01-17,894,902,885,895,70596,0.336322869955157,-1401,2,-1722,3121,0,639,2,65964,3991,70596,2040,0,67686,870,70596,-1257086,1797,-1513957,2769246,0,570209,1797,59122827,3551658,63246491,1827295,0,60636784,782412,63246491
2023-01-18,896,899,890,893,27196,-0.22346368715083798,5724,-2,-7127,1405,0,6493,0,19287,1416,27196,769,2,26414,11,27196,5131643,-1789,-6380339,1250485,0,5820364,0,17237493,1260359,24318216,688721,1789,23617832,9874,24318216
2023-01-19,893,896,889,889,17880,-0.4479283314669653,967,0,-6325,5358,0,975,0,11233,5672,17880,8,0,17558,314,17880,860668,0,-5628857,4768189,0,867780,0,10009921,5047882,15925583,7112,0,15638778,279693,15925583
2023-01-20,893,898,885,898,68587,1.0123734533183353,43635,15,-44040,390,0,44557,16,23381,633,68587,922,1,67421,243,68587,39023785,13389,-39383683,346509,0,39850858,14283,20851941,563316,61280398,827073,894,60235624,216807,61280398
2023-01-25,905,905,898,904,23291,0.6681514476614699,409,0,-654,245,0,1057,0,21988,246,23291,648,0,22642,1,23291,369413,0,-590350,220937,0,953054,0,19834709,221840,21009603,583641,0,20425059,903,21009603
2023-01-26,905,913,901,910,41305,0.6637168141592921,5094,-1,-3792,-1301,0,5538,0,35750,17,41305,444,1,39542,1318,41305,4617903,-904,-3433594,-1183405,0,5020216,0,32369888,15393,37405497,402313,904,35803482,1198798,37405497
2023-01-27,910,913,906,912,44279,0.21978021978021978,2193,1,1585,-3779,0,2448,1,41830,0,44279,255,0,40245,3779,44279,1997715,910,1440265,-3438890,0,2229775,910,38109155,0,40339840,232060,0,36668890,3438890,40339840
2023-01-30,915,915,902,902,30871,-1.0964912280701753,1411,0,-1551,140,0,1567,0,29156,148,30871,156,0,30707,8,30871,1272655,0,-1399410,126755,0,1414559,0,26441845,134046,27990450,141904,0,27841255,7291,27990450
2023-01-31,904,904,897,901,18970,-0.11086474501108648,187,0,-83,-104,0,252,0,18666,52,18970,65,0,18749,156,18970,167972,0,-74037,-93935,0,226702,0,16810065,46799,17083566,58730,0,16884102,140734,17083566
2023-02-01,901,905,898,902,85157,0.11098779134295228,-309,1113,-895,91,0,454,1113,83440,150,85157,763,0,84335,59,85157,-278765,999474,-802438,81729,0,409351,999474,75081083,134959,76624867,688116,0,75883521,53230,76624867
2023-02-02,905,906,895,903,151979,0.11086474501108648,-35567,27,35245,295,0,23506,36,127984,453,151979,59073,9,92739,158,151979,-31832802,24395,31543641,264766,0,21248517,32508,115026114,407627,136714766,53081319,8113,83482473,142861,136714766
2023-02-03,908,908,894,899,121422,-0.4429678848283499,-1187,-77,-759,2023,0,4436,2,114577,2407,121422,5623,79,115336,384,121422,-1066970,-69243,-682279,1818492,0,3992831,1801,102809651,2164001,108968284,5059801,71044,103491930,345509,108968284
2023-02-06,899,903,894,901,35854,0.22246941045606228,-12623,4,11060,1559,0,5185,4,28846,1819,35854,17808,0,17786,260,35854,-11290600,3609,9880174,1406817,0,4671232,3609,25873383,1641336,32189560,15961832,0,15993209,234519,32189560
2023-02-07,904,904,897,902,17900,0.11098779134295228,-200,-1,-1357,1558,0,264,0,15570,2066,17900,464,1,16927,508,17900,-179989,-901,-1222594,1403484,0,238072,0,14030759,1861633,16130464,418061,901,15253353,458149,16130464
2023-02-08,904,905,896,901,60224,-0.11086474501108648,667,-1,2517,-3183,0,935,0,57964,1325,60224,268,1,55447,4508,60224,599734,-902,2270356,-2869188,0,841584,0,52159812,1194510,54195906,241850,902,49889456,4063698,54195906
2023-02-09,904,904,894,898,52633,-0.3329633740288568,-394,2,367,25,0,606,2,51986,39,52633,1000,0,51619,14,52633,-352387,1800,328215,22372,0,543613,1800,46621512,34944,47201869,896000,0,46293297,12572,47201869
2023-02-10,898,898,890,891,37202,-0.779510022271715,-2249,1,2850,-602,0,774,1,36425,2,37202,3023,0,33575,604,37202,-2000792,892,2538957,-539057,0,689941,892,32499591,1786,33192210,2690733,0,29960634,540843,33192210
2023-02-13,891,892,880,883,71597,-0.8978675645342313,1291,-1,-666,-624,0,2437,0,68817,343,71597,1146,1,69483,967,71597,1144288,-881,-587206,-556201,0,2152893,0,60758387,302555,63213835,1008605,881,61345593,858756,63213835
2023-02-14,885,890,884,889,27580,0.6795016987542469,-920,2,1987,-1069,0,134,2,27443,1,27580,1054,0,25456,1070,27580,-816991,1777,1763508,-948294,0,118961,1777,24321300,887,24442925,935952,0,22557792,949181,24442925
2023-02-15,893,893,880,882,56227,-0.7874015748031495,-9193,-9,14964,-5762,0,3185,1,53041,0,56227,12378,10,38077,5762,56227,-8118170,-7941,13220356,-5094245,0,2807422,882,46820232,0,49628536,10925592,8823,33599876,5094245,49628536
2023-02-16,882,889,882,888,31090,0.6802721088435374,1618,3,721,-2342,0,5622,4,25464,0,31090,4004,1,24743,2342,31090,1434206,2656,635423,-2072285,0,4975690,3539,22514172,0,27493401,3541484,883,21878749,2072285,27493401
2023-02-17,883,889,880,885,27002,-0.33783783783783783,1919,0,-112,-1807,0,2983,0,23982,37,27002,1064,0,24094,1844,27002,1701777,0,-99614,-1602163,0,2639162,0,21179775,32634,23851571,937385,0,21279389,1634797,23851571
2023-02-20,882,887,880,886,57008,0.11299435028248588,9391,6,-5193,-4204,0,20768,8,36209,23,57008,11377,2,41402,4227,57008,8304153,5298,-4594639,-3714812,0,18378065,7066,32011377,20263,50416771,10073912,1768,36606016,3735075,50416771
2023-02-21,888,888,883,886,30185,0.0,529,-862,6842,-6509,0,545,0,29640,0,30185,16,862,22798,6509,30185,468618,-762870,6055401,-5761149,0,482794,0,26234882,0,26717676,14176,762870,20179481,5761149,26717676
2023-02-22,890,890,879,881,115742,-0.5643340857787811,494,-1149,6892,-6237,0,555,1,114819,367,115742,61,1150,107927,6604,115742,434765,-1012268,6078741,-5501238,0,488956,882,101206507,323327,102019672,54191,1013150,95127766,5824565,102019672
2023-02-23,887,887,873,881,80817,0.0,3011,-2,2591,-5600,0,3056,0,77633,128,80817,45,2,75042,5728,80817,2637004,-1758,2281222,-4916468,0,2676704,0,68103066,112553,70892323,39700,1758,65821844,5029021,70892323
2023-02-24,887,887,876,880,53765,-0.11350737797956867,2956,0,2021,-4977,0,4730,0,49035,0,53765,1774,0,47014,4977,53765,2610397,0,1761934,-4372331,0,4172362,0,43082370,0,47254732,1561965,0,41320436,4372331,47254732
2023-02-27,887,887,869,878,64478,-0.22727272727272727,4004,1,2183,-6188,0,4008,1,60262,207,64478,4,0,58079,6395,64478,3490429,873,1914052,-5405354,0,3493961,873,52551537,180334,56226705,3532,0,50637485,5585688,56226705
2023-02-28,872,881,872,873,21574,-0.5694760820045558,427,-459,6059,-6027,0,436,3,21135,0,21574,9,462,15076,6027,21574,372993,-403012,5295815,-5265796,0,380850,2624,18469592,0,18853066,7857,405636,13173777,5265796,18853066
2023-03-02,879,884,873,875,44188,0.22909507445589922,4411,-117,1030,-5324,0,4868,572,38746,2,44188,457,689,37716,5326,44188,3857132,-103867,907409,-4660674,0,4260228,501075,34041155,1749,38804207,403096,604942,33133746,4662423,38804207
2023-03-03,882,882,870,876,40817,0.1142857142857143,-1226,-5628,16095,-9241,0,806,0,40010,1,40817,2032,5628,23915,9242,40817,-1074511,-4900278,14051915,-8077126,0,704810,0,34936190,876,35641876,1779321,4900278,20884275,8078002,35641876
2023-03-06,872,882,868,882,75878,0.684931506849315,-2807,0,8820,-6013,0,472,1,75405,0,75878,3279,1,66585,6013,75878,-2453022,0,7689958,-5236936,0,411939,869,65962269,0,66375077,2864961,869,58272311,5236936,66375077
2023-03-07,882,892,874,891,110297,1.0204081632653061,10473,-986,-3325,-6162,0,11261,2,98917,117,110297,788,988,102242,6279,110297,9320436,-866696,-3045001,-5408739,0,10018452,1753,87376363,102541,97499109,698016,868449,90421364,5511280,97499109
2023-03-08,898,898,881,895,76448,0.44893378226711567,360,-1,5246,-5605,0,1475,0,74769,204,76448,1115,1,69523,5809,76448,316517,-890,4672940,-4988567,0,1312060,0,66615155,181866,68109081,995543,890,61942215,5170433,68109081
2023-03-09,895,900,888,888,135451,-0.782122905027933,3619,6,-1750,-1875,0,7025,8,124665,3753,135451,3406,2,126415,5628,135451,3237833,5368,-1552753,-1690448,0,6287721,7161,111245764,3341375,120882021,3049888,1793,112798517,5031823,120882021
2023-03-10,890,896,880,894,50666,0.6756756756756757,184,0,5557,-5741,0,758,0,49766,142,50666,574,0,44209,5883,50666,161408,0,4924652,-5086060,0,671974,0,44113666,125912,44911552,510566,0,39189014,5211972,44911552
2023-03-13,890,908,882,904,117237,1.1185682326621924,-888,-7,8851,-7956,0,3456,2,113744,35,117237,4344,9,104893,7991,117237,-788358,-6182,7856167,-7061627,0,3053150,1771,101165351,30940,104251212,3841508,7953,93309184,7092567,104251212
2023-03-14,905,905,886,894,131340,-1.1061946902654867,-36311,6,42154,-5849,0,1792,8,128890,650,131340,38103,2,86736,6499,131340,-32440387,5339,37645691,-5210643,0,1594109,7127,114978607,578438,117158281,34034496,1788,77332916,5789081,117158281
2023-03-15,886,904,886,898,80887,0.44742729306487694,23064,1,-17125,-5940,0,24125,1,56753,8,80887,1061,0,73878,5948,80887,20743004,903,-15408330,-5335577,0,21696728,903,51004320,7186,72709137,953724,0,66412650,5342763,72709137
2023-03-16,890,915,882,913,87595,1.670378619153675,-14395,-8,20248,-5845,0,7782,0,79813,0,87595,22177,8,59565,5845,87595,-12804197,-7133,18031956,-5220626,0,6935162,0,71621338,0,78556500,19739359,7133,53589382,5220626,78556500
2023-03-17,905,909,896,907,47464,-0.6571741511500547,2467,-11,3587,-6043,0,4152,3,43309,0,47464,1685,14,39722,6043,47464,2221171,-9949,3252879,-5464101,0,3749738,2716,39065564,0,42818018,1528567,12665,35812685,5464101,42818018
2023-03-20,907,910,892,899,41415,-0.8820286659316428,3973,1,1134,-5108,0,4039,1,37193,182,41415,66,0,36059,5290,41415,3562100,897,1016101,-4579098,0,3621434,897,33309739,162890,37094960,59334,0,32293638,4741988,37094960
2023-03-21,902,902,895,899,27866,0.0,524,1,5493,-6018,0,628,1,27173,64,27866,104,0,21680,6082,27866,470052,897,4928777,-5399726,0,563428,897,24392490,57408,25014223,93376,0,19463713,5457134,25014223
2023-03-22,903,903,890,893,40811,-0.6674082313681869,6684,-1890,342,-5136,0,6714,0,34085,12,40811,30,1890,33743,5148,40811,5959776,-1693440,318287,-4584623,0,5986566,0,30427212,10703,36424481,26790,1693440,30108925,4595326,36424481
2023-03-23,893,898,880,898,109511,0.5599104143337066,13828,-1461,-6293,-6074,0,31948,0,77563,0,109511,18120,1461,83856,6074,109511,12384145,-1298935,-5681906,-5403304,0,28497478,0,68779282,0,97276760,16113333,1298935,74461188,5403304,97276760
2023-03-24,898,911,885,910,140248,1.3363028953229399,240,-1789,6843,-5294,0,462,1,139501,284,140248,222,1790,132658,5578,140248,210018,-1605058,6118322,-4723282,0,411179,892,124469089,252206,125133366,201161,1605950,118350767,4975488,125133366
2023-03-27,910,910,895,895,51193,-1.6483516483516485,8253,-1,-5759,-2493,0,8512,0,42340,341,51193,259,1,48099,2834,51193,7395678,-899,-5143859,-2250920,0,7627727,0,37981006,305866,45914599,232049,899,43124865,2556786,45914599
2023-03-28,907,907,890,895,33007,0.0,-6364,1,12816,-6453,0,646,1,32360,0,33007,7010,0,19544,6453,33007,-5677280,895,11443576,-5767191,0,576800,895,28880485,0,29458180,6254080,0,17436909,5767191,29458180
2023-03-29,890,902,884,895,90102,0.0,-29878,0,33686,-3808,0,477,0,87339,2286,90102,30355,0,53653,6094,90102,-26522937,0,29921250,-3398313,0,425247,0,77613170,2037980,80076397,26948184,0,47691920,5436293,80076397
2023-03-30,895,906,883,904,69971,1.005586592178771,-3263,-1830,10491,-5398,0,1266,0,67245,1460,69971,4529,1830,56754,6858,69971,-2949766,-1631370,9382935,-4801799,0,1123847,0,59841864,1299281,62264992,4073613,1631370,50458929,6101080,62264992
2023-03-31,902,910,894,906,281440,0.22123893805309736,804,-9030,12830,-4604,0,995,0,278411,2034,281440,191,9030,265581,6638,281440,720524,-8136750,11558656,-4142430,0,893948,0,250866728,1837064,253597740,173424,8136750,239308072,5979494,253597740
2023-04-03,906,909,898,906,47485,0.0,-4088,553,8063,-4528,0,392,553,46129,411,47485,4480,0,38066,4939,47485,-3687492,499359,7280378,-4092245,0,354205,499359,41646400,370716,42870680,4041697,0,34366022,4462961,42870680
2023-04-04,907,908,898,904,57086,-0.22075055187637968,1584,0,-1861,277,0,1817,0,54203,1066,57086,233,0,56064,789,57086,1428892,0,-1679000,250108,0,1638924,0,48905057,962446,51506427,210032,0,50584057,712338,51506427
2023-04-05,903,921,898,907,84708,0.33185840707964603,1874,0,902,-2776,0,2273,0,82410,25,84708,399,0,81508,2801,84708,1695009,0,820059,-2515068,0,2058170,0,74851863,22625,76932658,363161,0,74031804,2537693,76932658
2023-04-06,900,912,897,909,127150,0.2205071664829107,2481,0,-1261,-1220,0,3413,0,123737,0,127150,932,0,124998,1220,127150,2225110,0,-1118144,-1106966,0,3073198,0,112191766,0,115264964,848088,0,113309910,1106966,115264964
2023-04-07,909,917,907,915,73857,0.6600660066006601,-1031,99,-863,1795,0,242,100,71718,1797,73857,1273,1,72581,2,73857,-942002,90187,-782567,1634382,0,220820,91100,65347774,1636210,67295904,1162822,913,66130341,1828,67295904
2023-04-10,915,921,905,919,117383,0.4371584699453552,18697,-1,-18352,-344,0,25361,0,91958,64,117383,6664,1,110310,408,117383,17080196,-912,-16764925,-314359,0,23213244,0,84236826,58743,107508813,6133048,912,101001751,373102,107508813
2023-04-11,919,933,914,933,111181,1.5233949945593037,1193,-1,-2368,1176,0,5803,0,104189,1189,111181,4610,1,106557,13,111181,1097775,-923,-2183333,1086481,0,5364047,0,96319448,1098454,102781949,4266272,923,98502781,11973,102781949
2023-04-12,933,947,931,947,80492,1.5005359056806002,13381,-2,-15346,1967,0,19888,0,58277,2327,80492,6507,2,73623,360,80492,12631827,-1887,-14483832,1853892,0,18783111,0,54827030,2190015,75800156,6151284,1887,69310862,336123,75800156
2023-04-13,937,958,930,957,85775,1.0559662090813093,-6253,-2,5736,519,0,1314,0,82827,1634,85775,7567,2,77091,1115,85775,-5952778,-1902,5454065,500615,0,1246064,0,78525702,1552424,81324190,7198842,1902,73071637,1051809,81324190
2023-04-14,965,981,957,978,197700,2.19435736677116,-5891,18315,-15294,2870,0,1126,18316,174967,3291,197700,7017,1,190261,421,197700,-5715486,17897449,-14972180,2790217,0,1092800,17898414,169632397,3196333,191819944,6808286,965,184604577,406116,191819944
2023-04-17,978,1020,978,1005,294151,2.7607361963190185,31404,-8,-40209,8813,0,50358,0,232297,11496,294151,18954,8,272506,2683,294151,31310137,-8025,-40228243,8926131,0,50324160,0,233225641,11619345,295169146,19014023,8025,273453884,2693214,295169146
2023-04-18,1007,1010,995,1010,903875,0.4975124378109453,-10852,674962,-663977,-133,0,6668,674965,219202,3040,903875,17520,3,883179,3173,903875,-10880244,675003727,-663986617,-136866,0,6663301,675006731,219323513,3041462,904035007,17543545,3004,883310130,3178328,904035007
2023-04-19,1015,1050,998,1017,591768,0.6930693069306931,5296,0,-28553,23257,0,12957,0,547669,31142,591768,7661,0,576222,7885,591768,5234675,0,-29029556,23794881,0,13190029,0,559964999,31724792,604879820,7955354,0,588994555,7929911,604879820
2023-04-20,1017,1036,1000,1013,106529,-0.39331366764995085,5791,-3,-1366,-4422,0,6367,0,98089,2073,106529,576,3,99455,6495,106529,5830780,-3061,-1298716,-4529003,0,6419343,0,99401705,2085119,107906167,588563,3061,100700421,6614122,107906167
2023-04-21,1010,1010,996,1010,132407,-0.29615004935834155,14111,2,-11485,-2628,0,14766,2,117302,337,132407,655,0,128787,2965,132407,14116738,2003,-11479806,-2638935,0,14775528,2003,117408569,337204,132523304,658790,0,128888375,2976139,132523304
2023-04-24,1020,1021,999,1005,105259,-0.49504950495049505,1261,5098,-1359,-5000,0,2239,5100,97911,9,105259,978,2,99270,5009,105259,1255011,5098102,-1320404,-5032709,0,2239456,5100100,98262387,9045,105610988,984445,1998,99582791,5041754,105610988
2023-04-25,1013,1013,1000,1008,400071,0.2985074626865672,-612,300715,-305882,5779,0,449,304916,86879,7827,400071,1061,4201,392761,2048,400071,-613885,302177386,-307401047,5837546,0,452236,306416000,87484816,7895694,402248746,1066121,4238614,394885863,2058148,402248746
2023-04-26,997,1008,990,995,142501,-1.2896825396825395,-8718,7679,-9176,10215,0,7810,7679,116219,10793,142501,16528,0,125395,578,142501,-8685865,7656956,-9135030,10163939,0,7776572,7656956,115778538,10739343,141951409,16462437,0,124913568,575404,141951409
2023-04-27,1000,1019,976,1018,157898,2.3115577889447234,-31,-3,-3301,3335,0,14874,0,129976,13048,157898,14905,3,133277,9713,157898,-110753,-2954,-3212393,3326100,0,14612634,0,128775710,12890235,156278579,14723387,2954,131988103,9564135,156278579
2023-04-28,1005,1020,999,1000,71706,-1.768172888015717,3465,-16,266,-3715,0,3605,1,67166,934,71706,140,17,66900,4649,71706,3493165,-16136,301060,-3778089,0,3634532,1007,67859165,940398,72435102,141367,17143,67558105,4718487,72435102
2023-05-02,1000,1009,1000,1004,46034,0.4,153,35,-4963,4775,0,340,35,38849,6810,46034,187,0,43812,2035,46034,153423,35168,-4971139,4782548,0,341042,35168,38943437,6825724,46145371,187619,0,43914576,2043176,46145371
2023-05-03,1004,1020,1003,1012,78707,0.796812749003984,-7842,-15,-3636,11493,0,594,0,66054,12059,78707,8436,15,69690,566,78707,-7961437,-15223,-3683834,11660494,0,601132,0,67072343,12231897,79905372,8562569,15223,70756177,571403,79905372
2023-05-04,1023,1023,1009,1013,37904,0.09881422924901186,-309,-232,-2900,3441,0,1134,0,30516,6254,37904,1443,232,33416,2813,37904,-313423,-234524,-2939114,3487061,0,1147136,0,30906369,6341554,38395059,1460559,234524,33845483,2854493,38395059
2023-05-08,1013,1022,1001,1014,48822,0.09871668311944717,1752,-131,1468,-3089,0,4692,0,41397,2733,48822,2940,131,39929,5822,48822,1774384,-132599,1483313,-3125098,0,4755617,0,41988031,2772805,49516453,2981233,132599,40504718,5897903,49516453
2023-05-09,1017,1017,1007,1012,72818,-0.19723865877712032,-3135,2999,-5837,5973,0,2316,3000,61047,6455,72818,5451,1,66884,482,72818,-3163422,3025991,-5894834,6032265,0,2338486,3027000,61639307,6518606,73523399,5501908,1009,67534141,486341,73523399
2023-05-10,1013,1019,1005,1008,51537,-0.3952569169960474,993,-22,-9069,8098,0,3403,0,39984,8150,51537,2410,22,49053,52,51537,987470,-22258,-9141797,8176585,0,3438850,0,40441036,8229480,52109366,2451380,22258,49582833,52895,52109366
2023-05-11,1008,1016,1005,1010,171763,0.1984126984126984,-3098,-4,-6494,9596,0,1750,0,159972,10041,171763,4848,4,166466,445,171763,-3134850,-4027,-6540156,9679033,0,1768529,0,161660349,10127585,173556463,4903379,4027,168200505,448552,173556463
2023-05-12,1010,1017,1006,1009,42743,-0.09900990099009901,4574,1,-5736,1161,0,6429,1,34893,1420,42743,1855,0,40629,259,42743,4620793,1009,-5793173,1171371,0,6493264,1009,35235613,1433018,43162904,1872471,0,41028786,261647,43162904
2023-05-15,1009,1018,1005,1010,45126,0.09910802775024777,350,-5,976,-1321,0,351,0,43639,1136,45126,1,5,42663,2457,45126,353265,-5052,998844,-1347057,0,354275,0,44104070,1143215,45601560,1010,5052,43105226,2490272,45601560
2023-05-16,1015,1016,1004,1010,40857,0.0,868,3,106,-977,0,1328,3,38942,584,40857,460,0,38836,1561,40857,873293,3030,101973,-978296,0,1339673,3030,39213390,590078,41146171,466380,0,39111417,1568374,41146171
2023-05-17,1010,1016,998,1012,30433,0.19801980198019803,94,-1,190,-283,0,2500,0,27924,9,30433,2406,1,27734,292,30433,93897,-1012,192369,-285254,0,2520224,0,28172857,9108,30702189,2426327,1012,27980488,294362,30702189
2023-05-18,1012,1015,1005,1010,30407,-0.1976284584980237,-8174,19,6566,1589,0,2166,19,26071,2151,30407,10340,0,19505,562,30407,-8227626,19189,6604727,1603710,0,2187392,19189,26286042,2170400,30663023,10415018,0,19681315,566690,30663023
2023-05-19,1010,1016,1005,1010,110855,0.0,-7861,243,4010,3608,0,3714,243,102998,3900,110855,11575,0,98988,292,110855,-7954944,245894,4060285,3648765,0,3746717,245894,104274124,3943464,112210199,11701661,0,100213839,294699,112210199
2023-05-22,1016,1016,1002,1010,54638,0.0,1257,-41,-3166,1950,0,5566,0,45902,3170,54638,4309,41,49068,1220,54638,1266597,-41317,-3177502,1952222,0,5612499,0,46187764,3185589,54985852,4345902,41317,49365266,1233367,54985852
2023-05-23,1010,1012,1003,1003,37225,-0.6930693069306931,-184,-1,-691,876,0,821,0,35023,1381,37225,1005,1,35714,505,37225,-185193,-1006,-694912,881111,0,825826,0,35258483,1389079,37473388,1011019,1006,35953395,507968,37473388
2023-05-24,1003,1010,1003,1005,33521,0.19940179461615154,-48,41,201,-194,0,87,41,32550,843,33521,135,0,32349,1037,33521,-48276,41252,203851,-196827,0,87403,41252,32737026,847213,33712894,135679,0,32533175,1044040,33712894
2023-05-25,1006,1012,1005,1008,40551,0.2985074626865672,2654,-7,-5088,2441,0,3715,0,34232,2604,40551,1061,7,39320,163,40551,2684961,-7059,-5142038,2464136,0,3754536,0,34533583,2628440,40916559,1069575,7059,39675621,164304,40916559
2023-05-26,1014,1014,1000,1002,51525,-0.5952380952380952,230,-33,-219,22,0,2109,0,49262,154,51525,1879,33,49481,132,51525,230484,-33112,-218593,21221,0,2113764,0,49349247,154665,51617676,1883280,33112,49567840,133444,51617676
2023-05-30,1003,1020,999,1020,222061,1.7964071856287425,38524,-42196,11783,-8111,0,38765,0,179839,3457,222061,241,42196,168056,11568,222061,38630912,-42161695,11635134,-8104351,0,38874132,0,180349669,3463767,222687568,243220,42161695,168714535,11568118,222687568
2023-05-31,1012,1275,1012,1047,5093450,2.6470588235294117,43355,-364359,351699,-30695,0,158542,249628,4670347,14933,5093450,115187,613987,4318648,45628,5093450,27943640,-433219924,440150841,-34874557,0,167789208,257194321,5332291730,16043580,5773318839,139845568,690414245,4892140889,50918137,5773318839
2023-06-01,1045,1046,1020,1032,376528,-1.4326647564469914,-25582,9939,15785,-142,0,3212,10002,354443,8871,376528,28794,63,338658,9013,376528,-26170438,10215797,16235442,-280801,0,3317735,10280726,365578265,9112151,388288877,29488173,64929,349342823,9392952,388288877
2023-06-02,1032,1032,1017,1024,219079,-0.7751937984496124,886,-6,-12002,11122,0,1001,4,205389,12685,219079,115,10,217391,1563,219079,903322,-6125,-12261222,11364025,0,1021163,4095,209806312,12962396,223793966,117841,10220,222067534,1598371,223793966
2023-06-05,1035,1035,1018,1034,104532,0.9765625,1379,99,-13464,11986,0,1737,103,89893,12799,104532,358,4,103357,813,104532,1407714,101697,-13805416,12296005,0,1776524,105802,92276988,13133791,107293105,368810,4105,106082404,837786,107293105
2023-06-07,1040,1047,1031,1036,315012,0.19342359767891684,1444,-183528,175631,6453,0,2177,6059,298465,8311,315012,733,189587,122834,1858,315012,1490067,-190711360,182530640,6690653,0,2253362,6266414,310095429,8625161,327240366,763295,196977774,127564789,1934508,327240366
2023-06-08,1040,1045,1023,1041,147715,0.4826254826254826,11574,22,-20072,8476,0,11577,23,127361,8754,147715,3,1,147433,278,147715,11966587,22756,-20740684,8751341,0,11969710,23791,131820430,9039022,152852953,3123,1035,152561114,287681,152852953
2023-06-09,1041,1079,1041,1079,335194,3.6503362151777137,-12909,4113,-4010,12806,0,3447,9143,308301,14303,335194,16356,5030,312311,1497,335194,-13613525,4290598,-4210977,13533904,0,3624347,9652329,326608247,15123978,355008901,17237872,5361731,330819224,1590074,355008901
2023-06-12,1088,1088,1061,1070,218599,-0.8341056533827619,8730,-69061,15528,44803,0,10211,1,158572,49815,218599,1481,69062,143044,5012,218599,9329553,-73637410,16669658,47638199,0,10902861,1070,169312319,53029837,233246087,1573308,73638480,152642661,5391638,233246087
2023-06-13,1080,1085,1062,1069,191763,-0.09345794392523366,-6532,-15231,10521,11242,0,10076,0,169009,12678,191763,16608,15231,158488,1436,191763,-6949242,-16203164,11131670,12020736,0,10770843,0,180503464,13555771,204830078,17720085,16203164,169371794,1535035,204830078
2023-06-14,1072,1072,999,1041,228869,-2.6192703461178675,-2176,-4022,29800,-23602,0,14826,1,197212,16830,228869,17002,4023,167412,40432,228869,-2546093,-4179770,31455190,-24729327,0,15391255,1034,205143224,17540634,238076147,17937348,4180804,173688034,42269961,238076147
2023-06-15,1041,1055,1030,1036,100366,-0.48030739673390976,2874,20,1571,-4465,0,2874,21,96414,1057,100366,0,1,94843,5522,100366,2970480,20767,1649413,-4640660,0,2970480,21801,100344680,1095232,104432193,0,1034,98695267,5735892,104432193
2023-06-16,1035,1048,1030,1040,65634,0.3861003861003861,1247,4370,5141,-10758,0,4103,4375,57150,6,65634,2856,5,52009,10764,65634,1304500,4501078,5339122,-11144700,0,4258819,4506256,59115032,6210,67886317,2954319,5178,53775910,11150910,67886317
2023-06-19,1035,1047,1033,1043,35356,0.2884615384615385,206,-2,4911,-5115,0,216,1,35101,38,35356,10,3,30190,5153,35356,214482,-2091,5111001,-5323392,0,224912,1044,36525476,39594,36791026,10430,3135,31414475,5362986,36791026
2023-06-20,1043,1046,1030,1034,59280,-0.862895493767977,1865,-9,8504,-10360,0,1897,1,57146,236,59280,32,10,48642,10596,59280,1928935,-9320,8853135,-10772750,0,1962198,1031,59203827,243740,61410796,33263,10351,50350692,11016490,61410796
2023-06-21,1037,1037,1019,1030,66211,-0.3868471953578337,8883,-7,-13288,4412,0,12385,3,48875,4948,66211,3502,10,62163,536,66211,9095533,-7182,-13618676,4530325,0,12682248,3093,50200550,5081551,67967442,3586715,10275,63819226,551226,67967442
2023-06-22,1030,1037,1022,1029,78928,-0.0970873786407767,3193,19,-5379,2167,0,3198,21,70902,4807,78928,5,2,76281,2640,78928,3286473,19611,-5525449,2219365,0,3291658,21675,72846401,4939108,81098842,5185,2064,78371850,2719743,81098842
2023-06-23,1029,1033,1018,1020,56286,-0.8746355685131195,4476,6,7324,-11806,0,4879,7,51157,243,56286,403,1,43833,12049,56286,4562024,6133,7502308,-12070465,0,4973120,7152,52271436,248223,57499931,411096,1019,44769128,12318688,57499931
2023-06-26,1020,1033,1013,1031,92027,1.0784313725490196,-265,29,-10702,10938,0,135,31,78491,13370,92027,400,2,89193,2432,92027,-270571,29642,-10856319,11097248,0,138759,31674,80110614,13577043,93858090,409330,2032,90966933,2479795,93858090
2023-06-27,1030,1038,1023,1032,36224,0.09699321047526674,158,-4,-3527,3373,0,226,3,31952,4043,36224,68,7,35479,670,36224,163548,-4119,-3644904,3485475,0,233858,3105,32982491,4176905,37396359,70310,7224,36627395,691430,37396359
2023-06-28,1032,1036,1031,1033,48771,0.09689922480620156,-7,8,4505,-4506,0,109,10,48002,650,48771,116,2,43497,5156,48771,-7392,8275,4647127,-4648010,0,112600,10342,49587455,671301,50381698,119992,2067,44940328,5319311,50381698
2023-06-29,1039,1039,1019,1021,32126,-1.1616650532429817,-3584,1606,9392,-7414,0,1461,1607,26884,2174,32126,5045,1,17492,9588,32126,-3658484,1647668,9624384,-7613568,0,1494878,1648691,27510299,2218652,32872520,5153362,1023,17885915,9832220,32872520
2023-06-30,1021,1029,1020,1027,23277,0.5876591576885406,7566,108,-7500,-174,0,8318,108,14201,650,23277,752,0,21701,824,23277,7761799,110605,-7693669,-178735,0,8532879,110605,14560220,664335,23868039,771080,0,22253889,843070,23868039
2023-07-03,1035,1035,1017,1022,76867,-0.4868549172346641,-5066,1170,7854,-3958,0,296,1171,73096,2304,76867,5362,1,65242,6262,76867,-5192834,1194678,8070142,-4071986,0,302595,1195704,74760985,2343808,78603092,5495429,1026,66690843,6415794,78603092
2023-07-04,1023,1028,965,1017,113990,-0.4892367906066536,-625,-3666,-3949,8240,0,425,1,103832,9732,113990,1050,3667,107781,1492,113990,-642443,-3739053,-3957349,8338845,0,430958,1019,104848814,9857675,115138466,1073401,3740072,108806163,1518830,115138466
2023-07-05,1017,1029,1000,1007,46556,-0.983284169124877,1456,-144,4101,-5413,0,2285,2,44216,53,46556,829,146,40115,5466,46556,1468302,-145748,4152206,-5474760,0,2310003,2027,44693185,53674,47058889,841701,147775,40540979,5528434,47058889
2023-07-06,1007,1008,992,1001,72943,-0.5958291956305859,1002,-143,8567,-9426,0,4470,3,68467,3,72943,3468,146,59900,9429,72943,994571,-143174,8588868,-9440265,0,4467310,3008,68531270,3018,73004606,3472739,146182,59942402,9443283,73004606
2023-07-07,1001,1010,995,1006,83175,0.4995004995004995,5603,7917,-15297,1777,0,5607,7919,66542,3107,83175,4,2,81839,1330,83175,5633338,7917077,-15327077,1776662,0,5637374,7919076,66658489,3114729,83329668,4036,1999,81985566,1338067,83329668
2023-07-10,1010,1010,1001,1007,52559,0.09940357852882703,522,11,-5683,5150,0,527,12,43533,8487,52559,5,1,49216,3337,52559,525606,11074,-5691206,5154526,0,530641,12081,43746345,8524727,52813794,5035,1007,49437551,3370201,52813794
2023-07-11,1007,1015,1000,1012,81529,0.49652432969215493,3289,67,-864,-2492,0,7351,70,72207,1901,81529,4062,3,73071,4393,81529,3303460,67617,-841354,-2529723,0,7410142,70642,72747154,1909039,82136977,4106682,3025,73588508,4438762,82136977
2023-07-12,1012,1014,1009,1013,40909,0.09881422924901186,4221,7,-2817,-1411,0,12523,7,28378,1,40909,8302,0,31195,1412,40909,4252937,7087,-2832098,-1427926,0,12657567,7087,28716068,1013,41381735,8404630,0,31548166,1428939,41381735
2023-07-13,1019,1035,1009,1027,106147,1.3820335636722607,-3241,-23,11393,-8129,0,2869,0,97395,5883,106147,6110,23,86002,14012,106147,-3357905,-23576,11776049,-8394568,0,2938986,0,100151431,6021324,109111741,6296891,23576,88375382,14415892,109111741
2023-07-14,1020,1038,1016,1027,29672,0.0,333,2,2958,-3293,0,1794,2,25724,2152,29672,1461,0,22766,5445,29672,332638,2038,3066260,-3400936,0,1833990,2038,26351671,2195362,30383061,1501352,0,23285411,5596298,30383061
2023-07-17,1027,1036,1015,1026,27098,-0.09737098344693282,820,9,3053,-3882,0,1331,10,22941,2816,27098,511,1,19888,6698,27098,831718,9205,3187750,-4028673,0,1358808,10231,23479097,2863876,27712012,527090,1026,20291347,6892549,27712012
2023-07-18,1035,1035,999,1014,141292,-1.1695906432748537,2935,14,-6509,3560,0,3275,15,130595,7407,141292,340,1,137104,3847,141292,2951865,14126,-6493555,3527564,0,3295091,15128,131004730,7418683,141733632,343226,1002,137498285,3891119,141733632
2023-07-19,1001,1014,1001,1006,61269,-0.7889546351084813,-1114,-13,-3020,4147,0,2780,0,52131,6358,61269,3894,13,55151,2211,61269,-1116741,-13076,-3022337,4152154,0,2786225,0,52298808,6378937,61463970,3902966,13076,55321145,2226783,61463970
2023-07-20,1006,1025,1000,1023,1255031,1.6898608349900597,-743,1000009,200572,-1199838,0,2977,1000010,251016,1028,1255031,3720,1,50444,1200866,1255031,-759527,1023009040,205186344,-1227435857,0,2988831,1023010043,255990155,1034476,1283023505,3748358,1003,50803811,1228470333,1283023505
2023-07-21,1005,1023,1001,1009,336066,-1.3685239491691104,1211,303325,-2028,-302508,0,1211,303342,30451,1062,336066,0,17,32479,303570,336066,1217725,306041574,-2010900,-305248399,0,1217725,306058724,30658997,1068545,339003991,0,17150,32669897,306316944,339003991
2023-07-24,1009,1010,1000,1008,98258,-0.09910802775024777,6325,6,5053,-11384,0,8433,9,89016,800,98258,2108,3,83963,12184,98258,6324347,6033,5093208,-11423588,0,8441962,9039,89259409,802864,98513274,2117615,3006,84166201,12226452,98513274
2023-07-25,1009,1011,980,1006,326231,-0.1984126984126984,8440,19720,-9799,-18361,0,8674,20001,282024,15532,326231,234,281,291823,33893,326231,8318677,19911736,-9986494,-18243919,0,8553942,20193039,279686195,15401301,323834477,235265,281303,289672689,33645220,323834477
2023-07-26,995,1007,980,992,398692,-1.3916500994035785,-10906,131856,-105138,-15812,0,16215,131859,243056,7562,398692,27121,3,348194,23374,398692,-10642273,129318909,-102919249,-15757387,0,15990652,129321881,239772100,7429428,392514061,26632925,2972,342691349,23186815,392514061
2023-07-27,989,1002,985,996,62553,0.4032258064516129,-11642,7257,-13103,17488,0,2244,7268,34923,18118,62553,13886,11,48026,630,62553,-11525307,7212558,-13056412,17369161,0,2224297,7223498,34717334,17993488,62158617,13749604,10940,47773746,624327,62158617
2023-07-28,995,1001,980,996,60752,0.0,1635,-6,4690,-6319,0,5281,0,52386,3085,60752,3646,6,47696,9404,60752,1627447,-5984,4671870,-6293333,0,5264616,0,52075246,3069173,60409035,3637169,5984,47403376,9362506,60409035
2023-07-31,1002,1002,993,997,25848,0.1004016064257028,-4859,-7,5425,-559,0,945,2,23872,1029,25848,5804,9,18447,1588,25848,-4846139,-6982,5410462,-557341,0,942565,1991,23807866,1025073,25777495,5788704,8973,18397404,1582414,25777495
2023-08-01,1002,1020,990,1013,236025,1.60481444332999,6117,183570,-196746,7059,0,8849,183572,34319,9285,236025,2732,2,231065,2226,236025,6093713,186678160,-199852333,7080460,0,8839865,186680151,34365010,9331385,239216411,2746152,1991,234217343,2250925,239216411
2023-08-02,1013,1013,999,1008,72487,-0.4935834155972359,-43653,34867,2401,6385,0,608,34950,30440,6489,72487,44261,83,28039,104,72487,-43648357,34840776,2392367,6415214,0,610963,34924080,30510456,6519452,72564951,44259320,83304,28118089,104238,72564951
2023-08-03,1017,1017,995,1004,48919,-0.3968253968253968,3327,2,252,-3581,0,3357,3,44639,920,48919,30,1,44387,4501,48919,3325950,2003,251768,-3579721,0,3355950,2999,44591707,918472,48869128,30000,996,44339939,4498193,48869128
2023-08-04,996,1009,996,1000,16528,-0.398406374501992,240,0,8008,-8248,0,291,1,16236,0,16528,51,1,8228,8248,16528,239496,1,8006355,-8245852,0,290955,1004,16229018,0,16520977,51459,1003,8222663,8245852,16520977
2023-08-07,1010,1010,990,1008,41849,0.8,550,-1,-4322,3773,0,692,1,34269,6887,41849,142,2,38591,3114,41849,549509,-992,-4282535,3734018,0,691295,1000,34159492,6847340,41699127,141786,1992,38442027,3113322,41699127
2023-08-08,1001,1007,997,1005,16121,-0.2976190476190476,-611,-3,3530,-2916,0,287,1,15683,150,16121,898,4,12153,3066,16121,-608899,-2998,3536351,-2924454,0,288175,999,15713831,149550,16152555,897074,3997,12177480,3074004,16152555
2023-08-09,1011,1011,990,1003,34889,-0.1990049751243781,1745,-2,-3037,1294,0,1745,0,31669,1475,34889,0,2,34706,181,34889,1734977,-2000,-3023711,1290734,0,1734977,0,31533460,1472034,34740471,0,2000,34557171,181300,34740471
2023-08-10,1003,1009,993,1001,55834,-0.19940179461615154,-4311,12,-3868,8167,0,3226,12,44318,8278,55834,7537,0,48186,111,55834,-4295281,12021,-3882204,8165464,0,3234261,12021,44301191,8276932,55824405,7529542,0,48183395,111468,55824405
2023-08-11,995,1013,995,1009,53240,0.7992007992007992,280,-1,-12464,12185,0,280,1,38551,14408,53240,0,2,51015,2223,53240,281792,-999,-12447678,12166885,0,281792,1001,38575264,14408633,53266690,0,2000,51022942,2241748,53266690
2023-08-14,1000,1008,991,998,62740,-1.0901883052527255,-13602,0,11581,2021,0,575,2,59470,2693,62740,14177,2,47889,672,62740,-13562497,0,11546831,2015666,0,573899,1995,59191249,2684832,62451975,14136396,1995,47644418,669166,62451975
2023-08-16,993,1001,993,997,20332,-0.1002004008016032,86,2,2229,-2317,0,1086,2,18274,970,20332,1000,0,16045,3287,20332,81415,2000,2216646,-2300061,0,1079417,2000,18231442,968086,20280945,998002,0,16014796,3268147,20280945
2023-08-17,1000,1000,992,993,26418,-0.4012036108324975,2057,-5,-1165,-887,0,2057,0,24361,0,26418,0,5,25526,887,26418,2045720,-4970,-1158286,-882464,0,2045720,0,24231198,0,26276918,0,4970,25389484,882464,26276918
2023-08-18,993,998,990,991,31502,-0.2014098690835851,1371,0,-685,-686,0,1423,1,29586,492,31502,52,1,30271,1178,31502,1358142,1,-677353,-680790,0,1409726,995,29323608,488556,31222885,51584,994,30000961,1169346,31222885
2023-08-21,1002,1002,989,997,62965,0.6054490413723511,3600,10002,-12910,-692,0,5478,10003,47482,2,62965,1878,1,60392,694,62965,3564858,9901983,-12778449,-688392,0,5432021,9902976,47064033,1982,62401012,1867163,993,59842482,690374,62401012
2023-08-22,990,1004,990,1001,102749,0.4012036108324975,-1286,-7902,7813,1375,0,354,1,100767,1627,102749,1640,7903,92954,252,102749,-1284919,-7925703,7839124,1371498,0,353801,1000,100757253,1623012,102735066,1638720,7926703,92918129,251514,102735066
2023-08-23,1005,1005,995,1000,29983,-0.0999000999000999,1891,0,-275,-1616,0,1891,1,27409,682,29983,0,1,27684,2298,29983,1884908,0,-269317,-1615591,0,1884908,999,27407513,680231,29973651,0,999,27676830,2295822,29973651
2023-08-24,1004,1005,990,999,103478,-0.1,17225,1,-26384,9158,0,22335,2,71972,9169,103478,5110,1,98356,11,103478,17130780,1006,-26314112,9182326,0,22236028,2004,71737036,9193315,103168383,5105248,998,98051148,10989,103168383
2023-08-25,999,999,985,993,80304,-0.6006006006006006,581,-2,-14167,13588,0,2299,0,63943,14062,80304,1718,2,78110,474,80304,580272,-1985,-14017128,13438841,0,2278586,0,63262913,13906876,79448375,1698314,1985,77280041,468035,79448375
2023-08-28,998,1002,990,999,73661,0.6042296072507553,4451,2002,-20805,14352,0,4485,2002,52503,14671,73661,34,0,73308,319,73661,4426983,1995996,-20690586,14267607,0,4460824,1995996,52297503,14585007,73339330,33841,0,72988089,317400,73339330
2023-08-29,1000,1006,991,994,55288,-0.5005005005005005,3295,11092,-18102,3715,0,4324,11093,36076,3795,55288,1029,1,54178,80,55288,3290520,10992235,-18003029,3720274,0,4323315,10993237,36089545,3800540,55206637,1032795,1002,54092574,80266,55206637
2023-08-30,999,1002,993,1002,48511,0.8048289738430584,2397,495,-9408,6516,0,3030,497,38013,6971,48511,633,2,47421,455,48511,2384899,491531,-9364495,6488065,0,3018466,493527,37913783,6943803,48369579,633567,1996,47278278,455738,48369579
2023-08-31,1005,1006,991,1000,96890,-0.19960079840319359,8291,10498,-30699,11910,0,8353,10501,65068,12968,96890,62,3,95767,1058,96890,8257876,10453995,-30623970,11912099,0,8320021,10457001,64996066,12970915,96744003,62145,3006,95620036,1058816,96744003
2023-09-01,998,1004,990,999,139358,-0.1,7139,4,-23108,15965,0,12219,4,110602,16533,139358,5080,0,133710,568,139358,7062542,3997,-23052023,15985484,0,12154768,3997,110118276,16552361,138829402,5092226,0,133170299,566877,138829402
2023-09-04,999,1003,991,997,63216,-0.20020020020020018,1736,510,-7035,4789,0,3184,511,54715,4806,63216,1448,1,61750,17,63216,1728649,505510,-7023905,4789746,0,3177676,506509,54501380,4806726,62992291,1449027,999,61525285,16980,62992291
2023-09-05,998,1000,986,996,102543,-0.10030090270812438,8719,2,-14604,5883,0,8877,3,82814,10849,102543,158,1,97418,4966,102543,8664019,1993,-14485573,5819561,0,8821587,2988,82228061,10770524,101823160,157568,995,96713634,4950963,101823160
2023-09-06,999,1000,995,998,72192,0.2008032128514056,5581,297,-9716,3838,0,10179,298,56408,5307,72192,4598,1,66124,1469,72192,5565494,296357,-9692072,3830221,0,10149781,297354,56268354,5293345,72008834,4584287,997,65960426,1463124,72008834
2023-09-07,992,999,992,997,30173,-0.1002004008016032,1773,1,-4123,2349,0,1946,7,25806,2414,30173,173,6,29929,65,30173,1763716,997,-4106261,2341548,0,1936392,6980,25716062,2406297,30065731,172676,5983,29822323,64749,30065731
2023-09-08,998,1007,998,1003,74481,0.6018054162487462,-1076,-15,-5919,7010,0,4337,1,62473,7670,74481,5413,16,68392,660,74481,-1066621,-15030,-5945149,7026800,0,4346884,1002,62613564,7688383,74649833,5413505,16032,68558713,661583,74649833
2023-09-11,1009,1019,1003,1012,192213,0.897308075772682,16962,3,-31826,14861,0,24644,5,151311,16253,192213,7682,2,183137,1392,192213,17230157,3047,-32312025,15078821,0,25044926,5078,153567494,16490326,195107824,7814769,2031,185879519,1411505,195107824
2023-09-12,1024,1024,1009,1014,106647,0.1976284584980237,11325,-5,-4549,-6771,0,14641,1,91308,697,106647,3316,6,95857,7468,106647,11532140,-5081,-4626931,-6900128,0,14913062,1019,92901430,709283,108524794,3380922,6100,97528361,7609411,108524794
2023-09-13,1010,1023,1001,1001,151249,-1.282051282051282,19105,0,-27801,8696,0,20126,0,119829,11294,151249,1021,0,147630,2598,151249,19282144,0,-28060347,8778203,0,20318417,0,120816367,11414484,152549268,1036273,0,148876714,2636281,152549268
2023-09-14,1006,1014,1003,1012,35949,1.098901098901099,-9473,-2,3443,6032,0,5227,0,23665,7057,35949,14700,2,20222,1025,35949,-9538351,-2015,3472530,6067836,0,5257630,0,23853378,7101154,36212162,14795981,2015,20380848,1033318,36212162
2023-09-15,1012,1034,1012,1029,257736,1.6798418972332017,-8950,0,-1854,10804,0,3165,2,241741,12828,257736,12115,2,243595,2024,257736,-9143526,3,-1947118,11090641,0,3259982,2036,248248132,13148732,264658882,12403508,2033,250195250,2058091,264658882
2023-09-18,1029,1048,1015,1029,157366,0.0,7513,-19459,351,11595,0,10121,4851,130174,12220,157366,2608,24310,129823,625,157366,7699650,-20003709,332330,11971729,0,10414640,5035329,134857743,12624894,162932606,2714990,25039038,134525413,653165,162932606
2023-09-19,1029,1039,1015,1031,533565,0.1943634596695821,6180,-194294,209570,-21456,0,6180,4,517021,10360,533565,0,194298,307451,31816,533565,6292947,-198916531,214909773,-22286189,0,6292947,4106,531349100,10588577,548234730,0,198920637,316439327,32874766,548234730
2023-09-20,1027,1035,1024,1031,194157,0.0,74729,-75184,-7284,7739,0,74829,2,106783,12543,194157,100,75186,114067,4804,194157,77041872,-77516256,-7503576,7977960,0,77145172,2062,110086112,12926100,200159446,103300,77518318,117589688,4948140,200159446
2023-09-21,1026,1033,1013,1015,111232,-1.5518913676042678,7458,-3,1560,-9015,0,7584,1,100509,3138,111232,126,4,98949,12153,111232,7590134,-3063,1593151,-9180222,0,7719914,1015,102297604,3198270,113216803,129780,4078,100704453,12378492,113216803
2023-09-22,1015,1026,1004,1017,113966,0.19704433497536944,30841,-5,-22273,-8563,0,30841,4,77881,5240,113966,0,9,100154,13803,113966,31298726,-5079,-22638350,-8655297,0,31298726,4066,78834280,5304104,115441176,0,9145,101472630,13959401,115441176
2023-09-25,1020,1027,1004,1010,124650,-0.688298918387414,24182,-4842,-34195,14855,0,24712,11,82966,16961,124650,530,4853,117161,2106,124650,24310449,-4869787,-34414162,14973500,0,24850329,11126,83825292,17115226,125801973,539880,4880913,118239454,2141726,125801973
2023-09-26,1010,1014,1003,1007,99112,-0.297029702970297,-7303,26,6719,558,0,2778,29,93559,2746,99112,10081,3,86840,2188,99112,-7332828,26210,6747767,558851,0,2794454,29226,94001011,2762964,99587655,10127282,3016,87253244,2204113,99587655
2023-09-27,1005,1011,1001,1008,80977,0.09930486593843098,-12596,-31,8359,4268,0,1316,3,74673,4985,80977,13912,34,66314,717,80977,-12640513,-31104,8386641,4284976,0,1320168,3009,74906822,5005142,81235141,13960681,34113,66520181,720166,81235141
2023-10-04,1007,1008,997,1000,135142,-0.7936507936507936,-21370,-3,29074,-7701,0,9753,2,125296,91,135142,31123,5,96222,7792,135142,-21375185,-3007,29094726,-7716534,0,9749201,2001,125393929,91081,135236212,31124386,5008,96299203,7807615,135236212
2023-10-05,1009,1009,1000,1000,61723,0.0,471,7736,-4784,-3423,0,14971,8003,38749,0,61723,14500,267,43533,3423,61723,474049,7748200,-4784826,-3437423,0,15007648,8016014,38955561,0,61979223,14533599,267814,43740387,3437423,61979223
2023-10-06,1005,1012,1000,1010,55353,1.0,10898,-31,-10699,-168,0,13601,1,40895,856,55353,2703,32,51594,1024,55353,10991047,-31207,-10792242,-167598,0,13709187,1009,41190759,859390,55760345,2718140,32216,51983001,1026988,55760345
2023-10-10,1010,1017,1003,1014,34141,0.39603960396039606,5947,-9,-9784,3846,0,9995,1,20060,4085,34141,4048,10,29844,239,34141,5997062,-9088,-9875840,3887866,0,10096687,1012,20315321,4129479,34542499,4099625,10100,30191161,241613,34542499
2023-10-11,1014,1020,1010,1015,36890,0.09861932938856016,1347,0,-3848,2501,0,2869,4,31483,2534,36890,1522,4,35331,33,36890,1361560,3,-3902416,2540853,0,2898816,4048,31965828,2574341,37443033,1537256,4045,35868244,33488,37443033
2023-10-12,1009,1018,999,1008,129576,-0.6896551724137931,10163,3,-13439,3273,0,16723,4,108710,4139,129576,6560,1,122149,866,129576,10284173,3028,-13586587,3299386,0,16843633,4040,109523776,4173338,130544787,6559460,1012,123110363,873952,130544787
2023-10-13,1008,1016,1004,1008,42563,0.0,5875,1,-8710,2834,0,10078,3,28626,3856,42563,4203,2,37336,1022,42563,5915183,1004,-8765728,2849541,0,10143743,3020,28858790,3882596,42888149,4228560,2016,37624518,1033055,42888149
2023-10-16,1010,1011,1005,1009,37222,0.0992063492063492,10363,2,-8461,-1904,0,10363,3,26760,96,37222,0,1,35221,2000,37222,10449843,2015,-8532782,-1919076,0,10449843,3021,26981416,96924,37531204,0,1006,35514198,2016000,37531204
2023-10-17,1009,1015,1009,1015,62012,0.5946481665014867,3999,0,-15755,11756,0,6299,2,43949,11762,62012,2300,2,59704,6,62012,4051265,-1,-15936819,11885555,0,6379067,2023,44510871,11891621,62783582,2327802,2024,60447690,6066,62783582
2023-10-18,1015,1018,1005,1017,100788,0.19704433497536944,-4051,9998,-17999,12052,0,543,10001,78191,12053,100788,4594,3,96190,1,100788,-4118212,10167966,-18237098,12187344,0,551886,10171016,79404954,12188361,102316217,4670098,3050,97642052,1017,102316217
2023-10-19,1010,1015,1005,1005,99132,-1.1799410029498525,1550,3,4885,-6438,0,2722,4,95823,583,99132,1172,1,90938,7021,99132,1559966,3031,4930032,-6493029,0,2742842,4039,96608992,588976,99944849,1182876,1008,91678960,7082005,99944849
2023-10-20,1005,1009,999,1007,44164,0.1990049751243781,2756,-1,5475,-8230,0,2756,1,41407,0,44164,0,2,35932,8230,44164,2759433,-997,5505066,-8263502,0,2759433,1006,41508118,0,44268557,0,2003,36003052,8263502,44268557
2023-10-23,1013,1013,1000,1005,47025,-0.19860973187686196,2473,4997,-879,-6591,0,2530,5001,39456,38,47025,57,4,40335,6629,47025,2484873,5001984,-853689,-6633168,0,2542045,5006003,39640007,38226,47226281,57172,4019,40493696,6671394,47226281
2023-10-24,1006,1007,993,1000,57062,-0.4975124378109453,3202,-3,284,-3483,0,6722,1,50339,0,57062,3520,4,50055,3483,57062,3246596,-3005,246603,-3490194,0,6763076,1000,50291385,0,57055461,3516480,4005,50044782,3490194,57055461
2023-10-25,1009,1009,987,1004,133139,0.4,2655,-14,-9494,6853,0,2657,5,123535,6942,133139,2,19,133029,89,133139,2651159,-14030,-9463632,6826503,0,2653163,5006,122904452,6915454,132478075,2004,19036,132368084,88951,132478075
2023-10-26,998,1004,982,996,99281,-0.796812749003984,3199,-3,3082,-6278,0,3202,2,95781,296,99281,3,5,92699,6574,99281,3170361,-2997,3095795,-6263159,0,3173349,1988,95377993,295655,98848985,2988,4985,92282198,6558814,98848985
2023-10-27,1005,1005,995,1002,72043,0.6024096385542169,-3683,5,5945,-2267,0,5443,6,66592,2,72043,9126,1,60647,2269,72043,-3684896,4988,5940687,-2260779,0,5428255,5987,66441071,1994,71877307,9113151,999,60500384,2262773,71877307
2023-10-30,1002,1002,997,999,22016,-0.29940119760479045,736,-4,-1211,479,0,2958,0,14092,4966,22016,2222,4,15303,4487,22016,735796,-3999,-1206341,474544,0,2957853,0,14088215,4967038,22013106,2222057,3999,15294556,4492494,22013106
2023-10-31,999,1003,996,996,72586,-0.3003003003003003,-4431,-1,7875,-3443,0,1287,3,71210,86,72586,5718,4,63335,3529,72586,-4415962,-998,7855386,-3438426,0,1284998,2997,71049151,85828,72422974,5700960,3995,63193765,3524254,72422974
2023-11-01,996,1003,996,1001,41803,0.5020080321285141,1208,3,-1849,638,0,3308,5,37655,835,41803,2100,2,39504,197,41803,1206428,2998,-1846618,637192,0,3302228,4996,37629151,834233,41770608,2095800,1998,39475769,197041,41770608
2023-11-02,1008,1008,997,1000,51265,-0.0999000999000999,1957,-3,-7724,5770,0,13617,1,30670,6977,51265,11660,4,38394,1207,51265,1986090,-3007,-7759748,5776665,0,13650688,1004,30662100,6985058,51298850,11664598,4011,38421848,1208393,51298850
2023-11-03,1000,1005,998,1004,53194,0.4,-4759,1,5290,-532,0,522,4,51430,1238,53194,5281,3,46140,1770,53194,-4767685,1008,5300566,-533889,0,523361,4010,51536428,1240423,53304222,5291046,3002,46235862,1774312,53304222
2023-11-06,1013,1065,1007,1033,334323,2.888446215139442,1387,-16499,19750,-4638,0,5702,4,325510,3107,334323,4315,16503,305760,7745,334323,1389829,-17108563,20520752,-4802018,0,5867809,4124,336130802,3216384,345219119,4477980,17112687,315610050,8018402,345219119
2023-11-07,1022,1034,1020,1029,109713,-0.3872216844143272,19759,-2,-27755,7998,0,22795,1,78894,8023,109713,3036,3,106649,25,109713,20275619,-2040,-28475407,8201828,0,23391849,1030,80655265,8227367,112275511,3116230,3070,109130672,25539,112275511
2023-11-08,1022,1033,1009,1024,215185,-0.4859086491739553,-18197,1,801,17395,0,17097,5,180519,17564,215185,35294,4,179718,169,215185,-18486797,1020,802498,17683279,0,17322474,5085,183685357,17856069,218868985,35809271,4065,182882859,172790,218868985
2023-11-09,1030,1032,1011,1012,45521,-1.171875,11063,3501,-13782,-782,0,11263,3502,30708,48,45521,200,1,44490,830,45521,11215297,3546716,-13962491,-799522,0,11421297,3547732,31142650,48740,46160419,206000,1016,45105141,848262,46160419
2023-11-10,1012,1018,1005,1013,99913,0.09881422924901186,-18141,1499,11444,5198,0,17701,1502,75022,5688,99913,35842,3,63578,490,99913,-18429195,1510992,11655174,5263029,0,17947834,1514030,76013172,5759979,101235015,36377029,3038,64357998,496950,101235015
2023-11-13,1014,1022,1013,1020,18795,0.6910167818361304,-889,3,-611,1497,0,3255,3,13890,1647,18795,4144,0,14501,150,18795,-907827,3053,-615803,1520577,0,3322971,3053,14152894,1673464,19152382,4230798,0,14768697,152887,19152382
2023-11-14,1020,1026,1015,1019,33758,-0.09803921568627451,-2005,-6,249,1762,0,1408,0,29548,2802,33758,3413,6,29299,1040,33758,-2052808,-6134,263384,1795558,0,1436245,0,30180820,2857862,34474927,3489053,6134,29917436,1062304,34474927
2023-11-15,1023,1028,1015,1018,94891,-0.09813542688910697,2317,1,-777,-1541,0,3667,2,90762,460,94891,1350,1,91539,2001,94891,2359860,1024,-784738,-1576146,0,3738642,2042,92500058,468874,96709616,1378782,1018,93284796,2045020,96709616
2023-11-16,1032,1032,1017,1020,73781,0.19646365422396855,17318,0,-20446,3128,0,24588,2,46059,3132,73781,7270,2,66505,4,73781,17705397,1,-20897597,3192199,0,25122059,2042,47066874,3196315,75387290,7416662,2041,67964471,4116,75387290
2023-11-17,1017,1020,1014,1020,70858,0.0,-13991,0,12696,1295,0,1057,2,68502,1297,70858,15048,2,55806,2,70858,-14213012,-5,12896193,1316824,0,1075702,2030,69620721,1318854,72017307,15288714,2035,56724528,2030,72017307
2023-11-20,1024,1029,1019,1024,47466,0.39215686274509803,5248,-3,-5248,3,0,7348,0,39854,264,47466,2100,3,45102,261,47466,5350604,-3073,-5349763,2232,0,7500022,0,40743393,269729,48513144,2149418,3073,46093156,267497,48513144
2023-11-21,1028,1029,961,1013,183925,-1.07421875,16355,6,-16749,388,0,18358,7,164410,1150,183925,2003,1,181159,762,183925,16496324,6125,-16895847,393398,0,18553389,7146,166591459,1170690,186322684,2057065,1021,183487306,777292,186322684
2023-11-22,1013,1020,1007,1019,32276,0.5923000987166831,5357,-3,-10865,5511,0,10812,0,15510,5954,32276,5455,3,26375,443,32276,5444844,-3050,-11039189,5597395,0,10986477,0,15752347,6048061,32786885,5541633,3050,26791536,450666,32786885
2023-11-23,1020,1025,1010,1022,65666,0.2944062806673209,1222,-2,-362,-858,0,12300,2,53356,8,65666,11078,4,53718,866,65666,1199766,-2032,-322099,-875635,0,12476947,2042,54359739,8133,66846861,11277181,4074,54681838,883768,66846861
2023-11-24,1020,1024,1010,1023,89292,0.09784735812133072,8459,2,-9275,814,0,8459,2,79717,1114,89292,0,0,88992,300,89292,8584365,2038,-9412885,826482,0,8584365,2038,80956942,1132651,90675996,0,0,90369827,306169,90675996
2023-11-27,1023,1032,1015,1018,184111,-0.4887585532746823,38160,-69308,21628,9520,0,44833,2,129428,9848,184111,6673,69310,107800,328,184111,39051784,-70879612,22099839,9727989,0,45876730,2049,132624173,10064826,188567778,6824946,70881661,110524334,336837,188567778
2023-11-28,1018,1028,1018,1024,80616,0.5893909626719057,21708,-42429,11028,9693,0,23708,2,47077,9829,80616,2000,42431,36049,136,80616,22171482,-43390885,11285293,9934110,0,24218142,2046,48225346,10073318,82518852,2046660,43392931,36940053,139208,82518852
2023-11-29,1030,1030,1020,1027,86281,0.29296875,20317,-50717,31571,-1171,0,21329,2,62141,2809,86281,1012,50719,30570,3980,86281,20838611,-51927988,32297866,-1208489,0,21876914,2051,63680578,2878716,88438259,1038303,51930039,31382712,4087205,88438259
2023-11-30,1027,1035,1021,1028,155898,0.09737098344693282,40440,-25002,-26213,10775,0,40440,1,104512,10945,155898,0,25003,130725,170,155898,41506361,-25807053,-26748185,11048877,0,41506361,1029,107417913,11223308,160148611,0,25808082,134166098,174431,160148611
2023-12-01,1030,1035,1025,1032,69050,0.38910505836575876,1876,-25036,16979,6181,0,4196,5,58646,6203,69050,2320,25041,41667,22,69050,1925849,-25761958,17472091,6364018,0,4320464,5163,60413423,6386702,71125752,2394615,25767121,42941332,22684,71125752
2023-12-04,1032,1036,1027,1036,52876,0.3875968992248062,7236,-10002,-3941,6707,0,7973,1,38095,6807,52876,737,10003,42036,100,52876,7470402,-10339457,-4061595,6930650,0,8231406,1034,39387479,7033715,54653634,761004,10340491,43449074,103065,54653634
2023-12-05,1036,1057,1036,1048,216806,1.1583011583011582,40625,-30561,-17502,7438,0,56940,12,151183,8671,216806,16315,30573,168685,1233,216806,42773162,-32057352,-18502290,7786480,0,59857480,12570,158404814,9077098,227351962,17084318,32069922,176907104,1290618,227351962
2023-12-06,1049,1060,1024,1057,303104,0.8587786259541985,17450,-24638,2483,4705,0,41883,0,248939,12282,303104,24433,24638,246456,7577,303104,17635396,-26059333,3514804,4909133,0,43321060,0,261397631,12881929,317600620,25685664,26059333,257882827,7972796,317600620
2023-12-07,1065,1078,1025,1063,380224,0.5676442762535477,35426,-21809,-44799,31182,0,50018,4,293813,36389,380224,14592,21813,338612,5207,380224,36663686,-23327823,-45706329,32370466,0,52228508,4271,309780674,37889127,399902580,15564822,23332094,355487003,5518661,399902580
2023-12-08,1063,1075,1050,1064,98421,0.09407337723424271,4113,-4,-12853,8744,0,7306,3,79873,11239,98421,3193,7,92726,2495,98421,4376322,-4249,-13633325,9261252,0,7766502,3179,84776853,11911875,104458409,3390180,7428,98410178,2650623,104458409
2023-12-11,1075,1075,1057,1070,122450,0.5639097744360901,4166,-41359,41826,-4633,0,10374,32,105664,6380,122450,6208,41391,63838,11013,122450,4435672,-44000534,44484979,-4920117,0,11034682,34063,112352799,6783757,130205301,6599010,44034597,67867820,11703874,130205301
2023-12-12,1070,1075,1045,1065,289788,-0.46728971962616817,31251,-7,-44734,13490,0,63260,1,205824,20703,289788,32009,8,250558,7213,289788,32725020,-7435,-46957918,14240333,0,66483327,1058,216745038,21867865,305097288,33758307,8493,263702956,7627532,305097288
2023-12-13,1070,1082,1055,1076,162060,1.0328638497652582,16663,-55125,27125,11337,0,16828,4,133123,12105,162060,165,55129,105998,768,162060,17747344,-59378092,29524951,12105797,0,17924229,4266,143053488,12923853,173905836,176885,59382358,113528537,818056,173905836
2023-12-14,1076,1089,1058,1080,208132,0.37174721189591076,31504,-20882,-14564,3942,0,39926,2,159245,8959,208132,8422,20884,173809,5017,208132,33921032,-22655361,-15413758,4148087,0,43021204,2173,171701927,9531664,224256968,9100172,22657534,187115685,5383577,224256968
2023-12-15,1077,1084,1065,1081,106812,0.0925925925925926,13098,-2,-19953,6857,0,21226,1,74008,11577,106812,8128,3,93961,4720,106812,13978743,-2133,-21276709,7300099,0,22701502,1077,79309208,12381456,114393243,8722759,3210,100585917,5081357,114393243
2023-12-18,1080,1081,1037,1057,295039,-2.2201665124884364,-16636,0,10638,5998,0,38817,2,239888,16332,295039,55453,2,229250,10334,295039,-17948698,13,11677771,6270914,0,41329955,2137,254637452,17334771,313304315,59278653,2124,242959681,11063857,313304315
2023-12-19,1055,1068,1050,1064,145296,0.6622516556291391,13306,-12865,363,-804,0,47520,4,91469,6303,145296,34214,12869,91106,7107,145296,14251562,-13701231,372184,-922515,0,50456240,4253,96877999,6634088,153972580,36204678,13705484,96505815,7556603,153972580
2023-12-20,1070,1071,1055,1071,132787,0.6578947368421052,-15423,1,-2482,17904,0,6940,4,107925,17918,132787,22363,3,110407,14,132787,-16460289,1066,-2604116,19063339,0,7408968,4269,114938631,19078307,141430175,23869257,3203,117542747,14968,141430175
2023-12-21,1070,1076,1068,1073,109844,0.18674136321195145,6641,-27466,17059,3766,0,8121,1,97956,3766,109844,1480,27467,80897,0,109844,7116025,-29492560,18345443,4031092,0,8700679,1073,105029852,4031092,117762696,1584654,29493633,86684409,0,117762696
2023-12-22,1073,1084,1068,1080,356079,0.65237651444548,97196,-77233,-19096,-867,0,100847,1,253339,1892,356079,3651,77234,272435,2759,356079,104953016,-83264609,-20756454,-931953,0,108890574,1078,273444080,2039778,384375510,3937558,83265687,294200534,2971731,384375510
2023-12-26,1085,1116,1080,1096,493751,1.4814814814814816,-54016,-3988,-12921,70925,0,8065,0,406132,79554,493751,62081,3988,419053,8629,493751,-59067965,-4326988,-13769533,77164486,0,8788383,0,444529644,86725021,540043048,67856348,4326988,458299177,9560535,540043048
2023-12-27,1014,1032,1005,1014,401616,-7.481751824817519,4878,-1,74164,-79041,0,57478,1,318042,26095,401616,52600,2,243878,105136,401616,5085413,-1012,75329741,-80414142,0,58468552,1018,323324901,26542886,408337357,53383139,2030,247995160,106957028,408337357
2023-12-28,1028,1028,1012,1020,179523,0.591715976331361,-6912,3,61435,-54526,0,19844,4,156119,3556,179523,26756,1,94684,58082,179523,-6997014,3044,62591311,-55597341,0,20136634,4065,158886271,3606468,182633438,27133648,1021,96294960,59203809,182633438
2024-01-02,1007,1019,1002,1006,254980,-1.3725490196078431,25006,7,-17173,-7840,0,32847,11,212764,9358,254980,7841,4,229937,17198,254980,25112229,7033,-17240701,-7878561,0,33005513,11059,213972362,9413980,256402914,7893284,4026,231213063,17292541,256402914
2024-01-03,1000,1005,995,996,236527,-0.9940357852882704,-3788,4001,6462,-6675,0,25256,4008,203110,4153,236527,29044,7,196648,10828,236527,-3799523,3984989,6471932,-6657398,0,25210690,3991979,202767615,4155962,236126246,29010213,6990,196295683,10813360,236126246
2024-01-04,997,999,994,998,77721,0.2008032128514056,12719,997,5794,-19510,0,12763,1005,63953,0,77721,44,8,58159,19510,77721,12658354,992015,5794526,-19444895,0,12702233,999985,63695514,0,77397732,43879,7970,57900988,19444895,77397732
2024-01-05,994,1001,990,994,95189,-0.4008016032064128,11750,996,6923,-19669,0,18489,1001,75697,2,95189,6739,5,68774,19671,95189,11664700,986028,6901587,-19552315,0,18360496,990995,75143282,1984,94496757,6695796,4967,68241695,19554299,94496757
2024-01-08,994,995,980,991,127169,-0.30181086519114686,8586,3004,-4287,-7303,0,13396,3004,110745,24,127169,4810,0,115032,7327,127169,8489630,2963954,-4230515,-7223069,0,13240017,2963954,109347072,23664,125574707,4750387,0,113577587,7246733,125574707
2024-01-09,991,995,987,988,67472,-0.30272452068617556,19365,0,-8975,-10390,0,26407,1,41001,63,67472,7042,1,49976,10453,67472,19135932,4,-8867115,-10268821,0,26091083,991,40515622,62367,66670063,6955151,987,49382737,10331188,66670063
2024-01-10,988,988,981,987,76604,-0.10121457489878542,16299,1622,-3551,-14370,0,23768,1624,51212,0,76604,7469,2,54763,14370,76604,16051402,1599293,-3494061,-14156634,0,23408383,1601264,50453816,0,75463463,7356981,1971,53947877,14156634,75463463
2024-01-11,988,993,985,989,53987,0.2026342451874367,-2366,34,3582,-1250,0,4254,36,49656,41,53987,6620,2,46074,1291,53987,-2336932,33716,3538326,-1235110,0,4205940,35697,49158157,40672,53440466,6542872,1981,45619831,1275782,53440466
2024-01-12,991,991,984,990,83352,0.10111223458038424,-4181,-6,14123,-9936,0,3452,1,79557,342,83352,7633,7,65434,10278,83352,-4116991,-5934,13944555,-9821630,0,3412384,989,78628261,337272,82378906,7529375,6923,64683706,10158902,82378906
2024-01-15,993,993,981,984,87585,-0.6060606060606061,19803,3,-13192,-6614,0,27001,4,59057,1523,87585,7198,1,72249,8137,87585,19541977,2958,-13020982,-6523953,0,26623303,3941,58120397,1500977,86248618,7081326,983,71141379,8024930,86248618
2024-01-16,984,984,960,968,187540,-1.6260162601626018,39600,1996,-30326,-11270,0,43622,2005,138815,3098,187540,4022,9,169141,14368,187540,38438961,1946049,-29361423,-11023587,0,42351964,1954865,135103009,2988483,182398321,3913003,8816,164464432,14012070,182398321
2024-01-17,976,976,946,947,159215,-2.169421487603306,-21053,511,44714,-24172,0,19689,513,138615,398,159215,40742,2,93901,24570,159215,-20025238,485493,42633403,-23093658,0,18770831,487400,132042708,381774,151682713,38796069,1907,89409305,23475432,151682713
2024-01-18,940,959,934,949,67004,0.21119324181626187,-7013,2,12931,-5920,0,15855,2,50846,301,67004,22868,0,37915,6221,67004,-6641565,1890,12250589,-5610914,0,14997741,1890,47994152,284711,63278494,21639306,0,35743563,5895625,63278494
2024-01-19,954,962,942,950,100843,0.10537407797681769,14424,101,-19673,5148,0,17941,104,71134,11664,100843,3517,3,90807,6516,100843,13692384,96066,-18729087,4940637,0,17027883,98910,67673435,11125771,95925999,3335499,2844,86402522,6185134,95925999
2024-01-22,958,958,948,948,32582,-0.21052631578947367,6104,8,-1315,-4797,0,9298,13,23269,2,32582,3194,5,24584,4799,32582,5812619,7606,-1252775,-4567450,0,8852702,12361,22133613,1900,31000576,3040083,4755,23386388,4569350,31000576
2024-01-23,955,957,935,945,86185,-0.31645569620253167,2301,-45,-1239,-1017,0,19308,4,66358,515,86185,17007,49,67597,1532,86185,2136176,-42376,-1125240,-968560,0,18149078,3770,62387696,484094,81024638,16012902,46146,63512936,1452654,81024638
2024-01-24,939,950,936,942,48283,-0.31746031746031744,18,4,6341,-6363,0,7362,6,40915,0,48283,7344,2,34574,6363,48283,13936,3767,5969667,-5987370,0,6923575,5648,38480857,0,45410080,6909639,1881,32511190,5987370,45410080
2024-01-25,947,947,934,938,101769,-0.42462845010615713,12195,1,-6536,-5660,0,28989,3,72481,296,101769,16794,2,79017,5956,101769,11451519,943,-6144292,-5308170,0,27188979,2815,67862766,277350,95331910,15737460,1872,74007058,5585520,95331910
2024-01-26,943,943,935,943,47173,0.5330490405117271,3101,-2,382,-3481,0,7998,1,39174,0,47173,4897,3,38792,3481,47173,2906114,-1878,362590,-3266826,0,7508472,942,36815644,0,44325058,4602358,2820,36453054,3266826,44325058
2024-01-29,945,957,943,957,131293,1.4846235418875928,35579,3,-34516,-1066,0,44416,4,86777,96,131293,8837,1,121293,1162,131293,33953995,2856,-32946911,-1009940,0,42356828,3807,82562233,91267,125014135,8402833,951,115509144,1101207,125014135
2024-01-30,960,965,956,965,45094,0.8359456635318705,-5344,-13,7225,-1868,0,659,0,44435,0,45094,6003,13,37210,1868,45094,-5145906,-12488,6956471,-1798077,0,634365,0,42755909,0,43390274,5780271,12488,35799438,1798077,43390274
2024-01-31,968,968,954,962,42075,-0.31088082901554404,-5323,0,11441,-6118,0,16023,0,25842,210,42075,21346,0,14401,6328,42075,-5068362,0,10948935,-5880573,0,15356033,0,24776138,200550,40332721,20424395,0,13827203,6081123,40332721
2024-02-01,962,971,955,964,92246,0.2079002079002079,-7636,-1,8814,-1177,0,9135,1,81275,1835,92246,16771,2,72461,3012,92246,-7401624,-954,8533526,-1130948,0,8785542,965,78395971,1767105,88949583,16187166,1919,69862445,2898053,88949583
2024-02-02,969,972,964,967,38711,0.3112033195020747,-5543,-1,5783,-239,0,783,0,37064,864,38711,6326,1,31281,1103,38711,-5358987,-965,5593626,-233674,0,757478,0,35895323,834625,37487426,6116465,965,30301697,1068299,37487426
2024-02-05,967,970,960,967,93808,0.0,7038,2,-4630,-2410,0,8339,2,85057,410,93808,1301,0,89687,2820,93808,6797956,1932,-4471568,-2328320,0,8053187,1932,82160389,396183,90611691,1255231,0,86631957,2724503,90611691
2024-02-06,967,968,958,960,75144,-0.7238883143743536,-8254,0,12298,-4044,0,6895,1,66878,1370,75144,15149,1,54580,5414,75144,-7926319,2,11806453,-3880136,0,6624230,961,64213565,1320290,72159046,14550549,959,52407112,5200426,72159046
2024-02-07,970,970,953,961,100763,0.10416666666666667,6995,-15,-15263,8283,0,24559,0,65117,11087,100763,17564,15,80380,2804,100763,6683829,-14446,-14577752,7908369,0,23548899,0,62717827,10613233,96879959,16865070,14446,77295579,2704864,96879959
2024-02-08,968,968,955,964,100913,0.31217481789802287,7287,0,-7234,-53,0,11062,1,86942,2908,100913,3775,1,94176,2961,100913,6991923,-3,-6938160,-53760,0,10610748,960,83349572,2792176,96753456,3618825,963,90287732,2845936,96753456
2024-02-13,964,973,959,965,79810,0.1037344398340249,-5202,765,-650,5087,0,3996,765,68493,6556,79810,9198,0,69143,1469,79810,-5039201,743576,-628039,4923664,0,3860163,743576,66208422,6343503,77155664,8899364,0,66836461,1419839,77155664
2024-02-14,966,967,959,964,27388,-0.10362694300518134,3395,-864,-2662,131,0,3997,0,22893,498,27388,602,864,25555,367,27388,3269131,-833960,-2560770,125599,0,3849760,0,22043498,479379,26372637,580629,833960,24604268,353780,26372637
2024-02-15,966,966,958,963,57737,-0.1037344398340249,6752,0,-12093,5341,0,14978,0,36876,5883,57737,8226,0,48969,542,57737,6488733,0,-11621211,5132478,0,14389413,0,35425260,5653899,55468572,7900680,0,47046471,521421,55468572
2024-02-16,964,966,959,964,45889,0.10384215991692627,-2931,0,-3605,6536,0,14075,0,24010,7804,45889,17006,0,27615,1268,45889,-2839676,0,-3461454,6301130,0,13543274,0,23111382,7518963,44173619,16382950,0,26572836,1217833,44173619
2024-02-19,962,976,962,970,118122,0.6224066390041494,11961,-1,-21918,9958,0,23465,0,84439,10218,118122,11504,1,106357,260,118122,11604688,-966,-21248723,9645001,0,22744346,0,81703522,9896807,114344675,11139658,966,102952245,251806,114344675
2024-02-20,976,976,965,974,70959,0.4123711340206186,21625,0,-20628,-997,0,25291,0,45424,244,70959,3666,0,66052,1241,70959,20982364,0,-20015457,-966907,0,24541125,0,44115454,235995,68892574,3558761,0,64130911,1202902,68892574
2024-02-21,978,979,967,979,58513,0.5133470225872689,-99,0,719,-620,0,4622,0,53103,788,58513,4721,0,52384,1408,58513,-99078,0,708804,-609726,0,4492273,0,51744445,765372,57002090,4591351,0,51035641,1375098,57002090
2024-02-22,979,980,970,979,32466,0.0,1429,0,-540,-889,0,1666,1,30471,328,32466,237,1,31011,1217,32466,1395455,2,-526493,-868964,0,1627113,977,29762957,319800,31710847,231658,975,30289450,1188764,31710847
2024-02-23,979,981,975,979,79282,0.0,15263,2,-15263,-2,0,15600,2,63309,371,79282,337,0,78572,373,79282,14929227,1959,-14929395,-1791,0,15258515,1959,62001903,363211,77625588,329288,0,76931298,365002,77625588
2024-02-26,981,981,973,979,46497,0.0,8632,0,-7482,-1150,0,13712,0,32784,1,46497,5080,0,40266,1151,46497,8434286,0,-7308527,-1125759,0,13399842,0,32063812,977,45464631,4965556,0,39372339,1126736,45464631
2024-02-27,980,980,950,966,270613,-1.3278855975485189,-40292,-1,27459,12834,0,49751,0,202208,18654,270613,90043,1,174749,5820,270613,-38703016,-955,26350030,12353941,0,48065542,0,195001955,17975868,261043365,86768558,955,168651925,5621927,261043365
2024-02-28,970,976,965,975,59993,0.9316770186335404,-10629,-1,10048,582,0,6487,0,51249,2257,59993,17116,1,41201,1675,59993,-10319663,-966,9747009,573620,0,6271959,0,49655539,2197306,58124804,16591622,966,39908530,1623686,58124804
2024-02-29,978,979,971,975,65157,0.0,-438,0,-486,924,0,6244,1,56227,2685,65157,6682,1,56713,1761,65157,-443027,2,-456931,899956,0,6075214,977,54888906,2616695,63581792,6518241,975,55345837,1716739,63581792
2024-03-04,970,980,970,979,98245,0.41025641025641024,-34571,0,31008,3563,0,4429,1,88771,5044,98245,39000,1,57763,1481,98245,-33817414,0,30328483,3488931,0,4332904,979,86800487,4931069,96065439,38150318,979,56472004,1442138,96065439
2024-03-05,979,985,976,985,81346,0.6128702757916241,-20842,1013,16468,3361,0,1709,1016,75086,3535,81346,22551,3,58618,174,81346,-20474091,997810,16173117,3303164,0,1677716,1000760,73791804,3473921,79944201,22151807,2950,57618687,170757,79944201
2024-03-06,985,1012,985,1012,248099,2.7411167512690358,-34121,-23,28587,5557,0,16991,1003,221307,8798,248099,51112,1026,192720,3241,248099,-34171168,-16370,28646170,5541368,0,16912967,1000989,221429140,8796333,248139429,51084135,1017359,192782970,3254965,248139429
2024-03-07,1026,1026,986,1006,271000,-0.592885375494071,23582,12260,-42065,6223,0,51801,12261,196293,10645,271000,28219,1,238358,4422,271000,23559192,12407985,-42120041,6152864,0,51921947,12408985,196489658,10609888,271430478,28362755,1000,238609699,4457024,271430478
2024-03-08,1006,1011,997,1009,76491,0.2982107355864811,20350,119,-19033,-1436,0,26417,121,47469,2484,76491,6067,2,66502,3920,76491,20491290,119970,-19164040,-1447220,0,26579140,121986,47726230,2495902,76923258,6087850,2016,66890270,3943122,76923258
2024-03-11,1009,1014,990,1012,73203,0.29732408325074333,9522,-1359,-8789,626,0,16263,0,51063,5877,73203,6741,1359,59852,5251,73203,9601625,-1371562,-8764716,534653,0,16407424,0,51516681,5835921,73760026,6805799,1371562,60281397,5301268,73760026
2024-03-12,1018,1019,1000,1009,36118,-0.2964426877470355,4388,1461,1587,-7436,0,6161,1461,28360,136,36118,1773,0,26773,7572,36118,4411697,1474313,1620182,-7506192,0,6202143,1474313,28596780,137600,36410836,1790446,0,26976598,7643792,36410836
2024-03-13,1016,1016,1000,1010,57121,0.09910802775024777,4015,-422,-1684,-1909,0,14438,0,42582,101,57121,10423,422,44266,2010,57121,4052768,-424710,-1706453,-1921605,0,14562597,0,42929096,102010,57593703,10509829,424710,44635549,2023615,57593703
2024-03-14,1016,1016,1002,1015,51309,0.49504950495049505,4080,886,-6714,1748,0,10423,2000,35973,2913,51309,6343,1114,42687,1165,51309,4113776,891573,-6751038,1745689,0,10537289,2018000,36418478,2923554,51897321,6423513,1126427,43169516,1177865,51897321
2024-03-15,1016,1018,1007,1007,44673,-0.7881773399014778,-6930,87,8053,-1210,0,4732,87,39048,806,44673,11662,0,30995,2016,44673,-7007019,88105,8143627,-1224713,0,4780248,88105,39485560,815315,45169228,11787267,0,31341933,2040028,45169228
2024-03-18,1007,1040,1004,1040,181054,3.277060575968222,-31583,1970,35042,-5429,0,17368,1970,160287,1429,181054,48951,0,125245,6858,181054,-32389416,1984963,35965366,-5560913,0,17508415,1984963,163979169,1444412,184916959,49897831,0,128013803,7005325,184916959
2024-03-19,1031,1066,1026,1046,417407,0.576923076923077,4097,-174,6213,-10136,0,85497,0,324838,7072,417407,81400,174,318625,17208,417407,4097042,-181990,6721754,-10636806,0,89419279,0,341292516,7417031,438128826,85322237,181990,334570762,18053837,438128826
2024-03-20,1046,1047,1032,1043,87137,-0.28680688336520077,-15150,-150,27866,-12566,0,11284,0,75455,398,87137,26434,150,47589,12964,87137,-15710388,-155795,28921029,-13054846,0,11710321,0,78320875,412103,90443299,27420709,155795,49399846,13466949,90443299
2024-03-21,1032,1044,1029,1034,88798,-0.862895493767977,-4229,-474,4856,-153,0,12497,0,75450,851,88798,16726,474,70594,1004,88798,-4369620,-491599,5023150,-161931,0,12925937,0,78027563,878867,91832367,17295557,491599,73004413,1040798,91832367
2024-03-22,1040,1041,1027,1035,68617,0.09671179883945842,-13868,-1070,13095,1843,0,12704,0,52536,3377,68617,26572,1070,39441,1534,68617,-14322048,-1109575,13544737,1886886,0,13135526,0,54457894,3478826,71072246,27457574,1109575,40913157,1591940,71072246
2024-03-25,1039,1040,1024,1034,164022,-0.0966183574879227,40667,-2309,-50849,12491,0,65645,0,85647,12730,164022,24978,2309,136496,239,164022,41980003,-2379635,-52461814,12861446,0,67718144,0,88371188,13108050,169197382,25738141,2379635,140833002,246604,169197382
2024-03-26,1040,1052,1035,1044,115510,0.9671179883945842,19959,1941,-37823,15923,0,35194,2943,60890,16483,115510,15235,1002,98713,560,115510,20824914,2035762,-39504035,16643359,0,36749858,3082854,63547830,17227995,120608537,15924944,1047092,103051865,584636,120608537
2024-03-27,1044,1045,1035,1043,64431,-0.09578544061302681,7706,297,-11215,3212,0,11887,444,44958,7142,64431,4181,147,56173,3930,64431,7978529,308153,-11626234,3339552,0,12327239,460872,46731122,7435835,66955068,4348710,152719,58357356,4096283,66955068
2024-03-28,1045,1048,1043,1044,74241,0.09587727708533077,-2244,1975,-4386,4655,0,9979,2000,54023,8239,74241,12223,25,58409,3584,74241,-2360199,2065879,-4579917,4874237,0,10419772,2092000,56458676,8616695,77587143,12779971,26121,61038593,3742458,77587143
2024-03-29,1044,1044,1000,1037,144426,-0.6704980842911877,21474,-2826,-15376,-3272,0,46886,718,90981,5841,144426,25412,3544,106357,9113,144426,22309139,-2913133,-16012477,-3383529,0,48492634,749575,93667881,6040070,148950160,26183495,3662708,109680358,9423599,148950160
2024-04-01,1037,1041,1030,1039,83892,0.19286403085824494,-22930,715,30730,-8515,0,6580,840,75781,691,83892,29510,125,45051,9206,83892,-23834193,740555,31908531,-8814893,0,6823044,870240,78616488,717718,87027490,30657237,129685,46707957,9532611,87027490
2024-04-02,1059,1059,1032,1042,112538,0.28873917228103946,2207,-5,5531,-7733,0,38030,3,74328,177,112538,35823,8,68797,7910,112538,2329461,-5183,5751303,-8075581,0,39467163,3108,77417921,182985,117071177,37137702,8291,71666618,8258566,117071177
2024-04-03,1030,1042,1030,1040,96169,-0.19193857965451055,-40037,46666,-3304,-3325,0,9944,46666,39031,528,96169,49981,0,42335,3853,96169,-41672757,48531664,-3403554,-3455353,0,10292300,48531664,40473968,543882,99841814,51965057,0,43877522,3999235,99841814
2024-04-04,1051,1051,1036,1041,48053,0.09615384615384616,2569,963,-1351,-2181,0,7401,963,39689,0,48053,4832,0,41040,2181,48053,2651633,1001520,-1391241,-2261912,0,7672722,1001520,41209192,0,49883434,5021089,0,42600433,2261912,49883434
2024-04-05,1041,1043,1033,1039,33685,-0.19212295869356388,7717,481,-6554,-1644,0,11457,481,21744,3,33685,3740,0,28298,1647,33685,7981086,497835,-6779031,-1699890,0,11856783,497835,22545988,3114,34903720,3875697,0,29325019,1703004,34903720
2024-04-08,1041,1045,1033,1045,132296,0.5774783445620789,-6947,11,7174,-238,0,13044,11,117683,1558,132296,19991,0,110509,1796,132296,-7180148,11423,7405334,-236609,0,13544201,11423,121990399,1618742,137164765,20724349,0,114585065,1855351,137164765
2024-04-09,1049,1050,1037,1040,57378,-0.4784688995215311,4178,0,-2073,-2105,0,14993,0,42374,11,57378,10815,0,44447,2116,57378,4325163,0,-2135189,-2189974,0,15587971,0,44234471,11528,59833970,11262808,0,46369660,2201502,59833970
2024-04-11,1040,1040,1023,1031,68142,-0.8653846153846154,-4280,0,8788,-4508,0,21494,0,45878,770,68142,25774,0,37090,5278,68142,-4414528,0,9051057,-4636529,0,22070092,0,47229245,789004,70088341,26484620,0,38178188,5425533,70088341
2024-04-12,1040,1040,1025,1029,49954,-0.19398642095053348,3502,0,-1910,-1592,0,10930,0,38541,483,49954,7428,0,40451,2075,49954,3612198,0,-1960527,-1651671,0,11251911,0,39670676,496045,51418632,7639713,0,41631203,2147716,51418632
2024-04-15,1029,1030,1014,1026,72062,-0.2915451895043732,-7338,0,3177,4161,0,11652,0,55222,5188,72062,18990,0,52045,1027,72062,-7450064,0,3217124,4232940,0,11896305,0,56310222,5282309,73488836,19346369,0,53093098,1049369,73488836
2024-04-16,1035,1035,1010,1011,106606,-1.461988304093567,6045,0,-2349,-3696,0,33601,0,72675,330,106606,27556,0,75024,4026,106606,6213899,0,-2457338,-3756561,0,34142363,0,73790271,335190,108267824,27928464,0,76247609,4091751,108267824
2024-04-17,1012,1024,1004,1009,130860,-0.19782393669634024,-31565,0,27715,3850,0,29282,0,97440,4138,130860,60847,0,69725,288,130860,-31480984,0,27600010,3880974,0,29783388,0,98200920,4174381,132158689,61264372,0,70600910,293407,132158689
2024-04-18,1027,1027,1010,1017,90108,0.7928642220019821,-11260,0,5232,6028,0,19034,0,64727,6347,90108,30294,0,59495,319,90108,-11406617,0,5282070,6124547,0,19342804,0,65654964,6448689,91446457,30749421,0,60372894,324142,91446457
2024-04-19,1024,1024,1004,1008,124922,-0.8849557522123894,8899,-17,-6586,-2296,0,22311,0,102504,107,124922,13412,17,109090,2403,124922,8953881,-17209,-6611393,-2325279,0,22496634,0,103501543,108128,126106305,13542753,17209,110112936,2433407,126106305
2024-04-22,1004,1014,1004,1013,61384,0.496031746031746,330,-3,-5564,5237,0,5430,0,49498,6456,61384,5100,3,55062,1219,61384,322363,-3024,-5617705,5298366,0,5474953,0,49950164,6525260,61950377,5152590,3024,55567869,1226894,61950377
2024-04-23,1017,1017,994,1006,421072,-0.6910167818361304,15462,-1,-16821,1360,0,67386,0,350309,3377,421072,51924,1,367130,2017,421072,15616108,-1014,-16974581,1359487,0,67688143,0,351120560,3380765,422189468,52072035,1014,368095141,2021278,422189468
2024-04-24,1013,1017,1005,1012,29687,0.5964214711729622,-1901,0,719,1182,0,17,0,28409,1261,29687,1918,0,27690,79,29687,-1922616,0,730861,1191755,0,17166,0,28664309,1271828,29953303,1939782,0,27933448,80073,29953303
2024-04-25,1012,1013,1007,1012,22336,0.0,1550,0,-1052,-498,0,2645,0,19551,140,22336,1095,0,20603,638,22336,1561760,0,-1057440,-504320,0,2666817,0,19767037,141336,22575190,1105057,0,20824477,645656,22575190
2024-04-26,1015,1015,1009,1011,20214,-0.09881422924901186,-135,0,-4355,4490,0,412,0,15288,4514,20214,547,0,19643,24,20214,-136341,0,-4398434,4534775,0,416129,0,15440145,4559020,20415294,552470,0,19838579,24245,20415294
2024-04-29,1011,1018,1006,1006,50031,-0.4945598417408506,8215,0,-7481,-734,0,11496,0,38502,33,50031,3281,0,45983,767,50031,8280281,0,-7539441,-740840,0,11598657,0,38932152,33322,50564131,3318376,0,46471593,774162,50564131
2024-04-30,1005,1013,1005,1008,36063,0.19880715705765406,6609,0,-6534,-75,0,8901,0,27125,37,36063,2292,0,33659,112,36063,6661297,0,-6586033,-75264,0,8976135,0,27337723,37296,36351154,2314838,0,33923756,112560,36351154
2024-05-02,1003,1010,1003,1008,50046,0.0,-11041,0,11646,-605,0,126,0,49915,5,50046,11167,0,38269,610,50046,-11114504,0,11721294,-606790,0,126965,0,50245541,5040,50377546,11241469,0,38524247,611830,50377546
2024-05-03,1013,1013,1000,1010,100764,0.1984126984126984,-84,-5,-919,1008,0,10373,0,89305,1086,100764,10457,5,90224,78,100764,-73351,-5019,-933271,1011641,0,10420533,0,89660505,1090217,101171255,10493884,5019,90593776,78576,101171255
2024-05-07,1010,1014,1007,1008,64072,-0.19801980198019803,2411,539,-2024,-926,0,16860,539,46619,54,64072,14449,0,48643,980,64072,2428664,543851,-2037565,-934950,0,17005705,543851,47025416,54472,64629444,14577041,0,49062981,989422,64629444
2024-05-08,1007,1012,1002,1007,90212,-0.0992063492063492,16216,509,-15901,-824,0,20128,509,69515,60,90212,3912,0,85416,884,90212,16310141,512563,-15991622,-831082,0,20245613,512563,69894331,60370,90712877,3935472,0,85885953,891452,90712877
2024-05-09,1005,1015,1000,1015,184144,0.7944389275074478,9771,4,-14997,5222,0,19698,4,159194,5248,184144,9927,0,174191,26,184144,9858608,4043,-15134968,5272317,0,19862765,4043,160622158,5298502,185787468,10004157,0,175757126,26185,185787468
2024-05-10,1015,1018,1009,1018,130883,0.2955665024630542,-1746,510,-5644,6880,0,6092,510,117537,7225,131364,7838,0,123181,345,131364,-1789884,517140,-5705241,6977985,0,6171099,517140,119129789,7328165,133146193,7960983,0,124835030,350180,133146193
