날짜,시가,고가,저가,종가,거래량,등락률,기관합계_거래량_순매수,기타법인_거래량_순매수,개인_거래량_순매수,외국인합계_거래량_순매수,전체_거래량_순매수,기관합계_거래량_매수,기타법인_거래량_매수,개인_거래량_매수,외국인합계_거래량_매수,전체_거래량_매수,기관합계_거래량_매도,기타법인_거래량_매도,개인_거래량_매도,외국인합계_거래량_매도,전체_거래량_매도,기관합계_거래대금_순매수,기타법인_거래대금_순매수,개인_거래대금_순매수,외국인합계_거래대금_순매수,전체_거래대금_순매수,기관합계_거래대금_매수,기타법인_거래대금_매수,개인_거래대금_매수,외국인합계_거래대금_매수,전체_거래대금_매수,기관합계_거래대금_매도,기타법인_거래대금_매도,개인_거래대금_매도,외국인합계_거래대금_매도,전체_거래대금_매도
2019-01-02,3235,3235,3055,3140,580,0.641025641025641,-2,0,2,0,0,9,0,571,0,580,11,0,569,0,580,-6015,0,6015,0,0,28240,0,1783285,0,1811525,34255,0,1777270,0,1811525
2019-01-03,3300,3300,3140,3150,149,0.3184713375796179,26,0,-26,0,0,26,0,123,0,149,0,0,149,0,149,81900,0,-81900,0,0,81900,0,391460,0,473360,0,0,473360,0,473360
2019-01-04,3150,3150,3120,3150,308,0.0,6,1,-7,0,0,25,1,282,0,308,19,0,289,0,308,19040,3140,-22180,0,0,78600,3140,886265,0,968005,59560,0,908445,0,968005
2019-01-07,3280,3280,3185,3185,106,1.1111111111111112,36,-32,-4,0,0,36,0,70,0,106,0,32,74,0,106,114690,-101920,-12770,0,0,114690,0,227020,0,341710,0,101920,239790,0,341710
2019-01-08,3275,3275,3135,3190,573,0.15698587127158556,17,-378,361,0,0,17,0,556,0,573,0,378,195,0,573,54225,-1203980,1149755,0,0,54225,0,1776000,0,1830225,0,1203980,626245,0,1830225
2019-01-09,3310,3310,3070,3100,2407,-2.8213166144200628,6,-188,182,0,0,10,6,2391,0,2407,4,194,2209,0,2407,18560,-615950,597390,0,0,31050,18630,7548335,0,7598015,12490,634580,6950945,0,7598015
2019-01-10,3180,3180,3050,3170,3876,2.258064516129032,16,-95,79,0,0,17,1,3858,0,3876,1,96,3779,0,3876,50795,-302205,251410,0,0,53890,3075,11991180,0,12048145,3095,305280,11739770,0,12048145
2019-01-11,3260,3310,3145,3180,1841,0.31545741324921134,29,-303,274,0,0,29,0,1812,0,1841,0,303,1538,0,1841,92120,-971620,879500,0,0,92120,0,5810220,0,5902340,0,971620,4930720,0,5902340
2019-01-14,3270,3290,3125,3190,5767,0.3144654088050315,4,-1500,1496,0,0,4,0,5763,0,5767,0,1500,4267,0,5767,12760,-4777000,4764240,0,0,12760,0,18367965,0,18380725,0,4777000,13603725,0,18380725
2019-01-15,3190,3190,3175,3175,651,-0.4702194357366771,3,-10,7,0,0,3,0,648,0,651,0,10,641,0,651,9525,-31900,22375,0,0,9525,0,2062990,0,2072515,0,31900,2040615,0,2072515
2019-01-16,3270,3270,3165,3180,1757,0.15748031496062992,4,-1293,1289,0,0,10,0,1747,0,1757,6,1293,458,0,1757,12735,-4105390,4092655,0,0,31780,0,5549010,0,5580790,19045,4105390,1456355,0,5580790
2019-01-17,3180,3180,3080,3160,10351,-0.628930817610063,-8,-7,15,0,0,4,0,10347,0,10351,12,7,10332,0,10351,-24985,-22260,47245,0,0,12650,0,32123965,0,32136615,37635,22260,32076720,0,32136615
2019-01-18,3200,3325,3085,3135,17221,-0.7911392405063291,11,-540,529,0,0,11,0,17210,0,17221,0,540,16681,0,17221,34485,-1739050,1704565,0,0,34485,0,54379820,0,54414305,0,1739050,52675255,0,54414305
2019-01-21,3175,3175,3055,3055,15591,-2.5518341307814993,-9,-300,309,0,0,1,0,15590,0,15591,10,300,15281,0,15591,-27630,-930000,957630,0,0,3055,0,47788420,0,47791475,30685,930000,46830790,0,47791475
2019-01-22,3100,3100,3040,3065,18960,0.32733224222585927,-10,-200,210,0,0,2,0,18958,0,18960,12,200,18748,0,18960,-30605,-609690,640295,0,0,6125,0,57833765,0,57839890,36730,609690,57193470,0,57839890
2019-01-23,3065,3085,3065,3070,214,0.1631321370309951,7,1,-8,0,0,7,1,206,0,214,0,0,214,0,214,21490,3065,-24555,0,0,21490,3065,632740,0,657295,0,0,657295,0,657295
2019-01-24,3090,3090,3040,3090,34,0.6514657980456027,0,0,0,0,0,8,0,26,0,34,8,0,26,0,34,270,0,-270,0,0,24720,0,79540,0,104260,24450,0,79810,0,104260
2019-01-25,3090,3100,3070,3085,389,-0.16181229773462785,-1,0,1,0,0,2,0,387,0,389,3,0,386,0,389,-3040,0,3040,0,0,6185,0,1195850,0,1202035,9225,0,1192810,0,1202035
2019-01-28,3120,3145,3090,3090,4537,0.1620745542949757,-9,0,9,0,0,0,0,4537,0,4537,9,0,4528,0,4537,-27820,0,27820,0,0,0,0,14130090,0,14130090,27820,0,14102270,0,14130090
2019-01-29,3130,3130,3070,3105,1093,0.48543689320388345,-15,2,13,0,0,5,2,1086,0,1093,20,0,1073,0,1093,-46070,6150,39920,0,0,15525,6150,3354340,0,3376015,61595,0,3314420,0,3376015
2019-01-30,3090,3095,3070,3085,2714,-0.644122383252818,-21,4,17,0,0,0,4,2710,0,2714,21,0,2693,0,2714,-64815,12375,52440,0,0,0,12375,8371980,0,8384355,64815,0,8319540,0,8384355
2019-01-31,3090,3130,3085,3085,2964,0.0,-54,2,52,0,0,0,2,2962,0,2964,54,0,2910,0,2964,-166590,6180,160410,0,0,0,6180,9151825,0,9158005,166590,0,8991415,0,9158005
2019-02-01,3120,3120,3080,3110,1224,0.8103727714748784,-3,1,2,0,0,0,1,1223,0,1224,3,0,1221,0,1224,-9330,3085,6245,0,0,0,3085,3780530,0,3783615,9330,0,3774285,0,3783615
2019-02-07,3130,3130,3040,3060,3924,-1.607717041800643,-60,5,55,0,0,0,5,3919,0,3924,60,0,3864,0,3924,-183530,15485,168045,0,0,0,15485,11998250,0,12013735,183530,0,11830205,0,12013735
2019-02-08,3080,3085,3040,3050,2209,-0.32679738562091504,11,0,-11,0,0,50,0,2159,0,2209,39,0,2170,0,2209,33255,0,-33255,0,0,152250,0,6582840,0,6735090,118995,0,6616095,0,6735090
2019-02-11,3035,3075,3035,3050,1526,0.0,-30,1,29,0,0,0,1,1525,0,1526,30,0,1496,0,1526,-91505,3040,88465,0,0,0,3040,4651145,0,4654185,91505,0,4562680,0,4654185
2019-02-12,3070,3070,3035,3070,1718,0.6557377049180327,3,0,-3,0,0,5,0,1713,0,1718,2,0,1716,0,1718,9205,0,-9205,0,0,15345,0,5225665,0,5241010,6140,0,5234870,0,5241010
2019-02-13,3070,3070,3060,3060,601,-0.32573289902280134,-14,2,12,0,0,0,2,599,0,601,14,0,587,0,601,-42840,6140,36700,0,0,0,6140,1838350,0,1844490,42840,0,1801650,0,1844490
2019-02-14,3085,3085,3060,3080,2392,0.6535947712418301,72,0,-72,0,0,72,0,2320,0,2392,0,0,2392,0,2392,221575,0,-221575,0,0,221575,0,7132135,0,7353710,0,0,7353710,0,7353710
2019-02-15,3085,3115,3055,3085,757,0.16233766233766234,75,-141,-4,70,0,75,0,612,70,757,0,141,616,0,757,231360,-434985,-12325,215950,0,231360,0,1887250,215950,2334560,0,434985,1899575,0,2334560
2019-02-18,3060,3095,3060,3085,1586,0.0,15,-100,85,0,0,23,0,1563,0,1586,8,100,1478,0,1586,46455,-309500,263045,0,0,70965,0,4831460,0,4902425,24510,309500,4568415,0,4902425
2019-02-19,3130,3130,3070,3110,1638,0.8103727714748784,-7,-100,107,0,0,5,0,1633,0,1638,12,100,1526,0,1638,-21395,-308000,329395,0,0,15550,0,5031430,0,5046980,36945,308000,4702035,0,5046980
2019-02-20,3115,3115,3050,3115,3030,0.1607717041800643,10,-105,165,-70,0,12,1,3017,0,3030,2,106,2852,70,3030,31180,-325095,507415,-213500,0,37380,3095,9334720,0,9375195,6200,328190,8827305,213500,9375195
2019-02-21,3120,3120,3070,3095,2380,-0.6420545746388443,-1,-300,301,0,0,4,0,2376,0,2380,5,300,2075,0,2380,-3005,-935495,938500,0,0,12395,0,7367470,0,7379865,15400,935495,6428970,0,7379865
2019-02-22,3085,3105,3085,3100,288,0.16155088852988692,4,0,-4,0,0,7,0,281,0,288,3,0,285,0,288,12470,0,-12470,0,0,21725,0,871505,0,893230,9255,0,883975,0,893230
2019-02-25,3100,3140,3085,3095,2846,-0.16129032258064516,0,0,0,0,0,2,0,2844,0,2846,2,0,2844,0,2846,10,0,-10,0,0,6190,0,8802805,0,8808995,6180,0,8802815,0,8808995
2019-02-26,3110,3110,3085,3110,2309,0.48465266558966075,0,0,0,0,0,1,0,2308,0,2309,1,0,2308,0,2309,0,0,0,0,0,3110,0,7177105,0,7180215,3110,0,7177105,0,7180215
2019-02-27,3125,3125,3090,3095,3146,-0.482315112540193,-1,0,1,0,0,1,0,3145,0,3146,2,0,3144,0,3146,-3095,0,3095,0,0,3095,0,9726920,0,9730015,6190,0,9723825,0,9730015
2019-02-28,3115,3115,3075,3085,1918,-0.32310177705977383,0,0,0,0,0,2,0,1916,0,1918,2,0,1916,0,1918,15,0,-15,0,0,6175,0,5917975,0,5924150,6160,0,5917990,0,5924150
2019-03-04,3085,3140,3080,3115,372,0.9724473257698543,-2,0,2,0,0,0,0,372,0,372,2,0,370,0,372,-6165,0,6165,0,0,0,0,1153140,0,1153140,6165,0,1146975,0,1153140
2019-03-05,3115,3130,3055,3125,292,0.32102728731942215,65,-68,3,0,0,67,0,225,0,292,2,68,222,0,292,203005,-212500,9495,0,0,209135,0,696795,0,905930,6130,212500,687300,0,905930
2019-03-06,3115,3120,3070,3095,3440,-0.96,13,-97,84,0,0,13,3,3424,0,3440,0,100,3340,0,3440,40265,-302745,262480,0,0,40265,9255,10570445,0,10619965,0,312000,10307965,0,10619965
2019-03-07,3090,3110,3090,3090,1813,-0.16155088852988692,16,-99,83,0,0,16,1,1796,0,1813,0,100,1713,0,1813,49460,-307910,258450,0,0,49460,3090,5557655,0,5610205,0,311000,5299205,0,5610205
2019-03-08,3090,3110,3090,3090,152,0.0,6,0,-6,0,0,7,0,145,0,152,1,0,151,0,152,18540,0,-18540,0,0,21630,0,448070,0,469700,3090,0,466610,0,469700
2019-03-11,3110,3125,3070,3080,2752,-0.3236245954692557,18,-100,82,0,0,18,0,2734,0,2752,0,100,2652,0,2752,55465,-311000,255535,0,0,55465,0,8498645,0,8554110,0,311000,8243110,0,8554110
2019-03-12,3085,3100,3085,3100,202,0.6493506493506493,9,-23,14,0,0,14,0,188,0,202,5,23,174,0,202,27975,-71300,43325,0,0,43400,0,582230,0,625630,15425,71300,538905,0,625630
2019-03-13,3100,3135,2900,2950,68280,-4.838709677419355,3843,-46714,42871,0,0,3844,0,64436,0,68280,1,46714,21565,0,68280,11464025,-138716650,127252625,0,0,11466975,0,191797180,0,203264155,2950,138716650,64544555,0,203264155
2019-03-14,2980,2990,2835,2835,83408,-3.898305084745763,6,-55523,55517,0,0,6,6500,76902,0,83408,0,62023,21385,0,83408,17010,-160668760,160651750,0,0,17010,18587500,222532970,0,241137480,0,179256260,61881220,0,241137480
2019-03-15,2840,3020,2835,2850,203438,0.5291005291005291,97098,-174473,77024,351,0,98104,200,104783,351,203438,1006,174673,27759,0,203438,275382235,-497066110,220687035,996840,0,278234725,567000,300988705,996840,580787270,2852490,497633110,80301670,0,580787270
2019-03-18,2900,2995,2900,2960,31751,3.8596491228070176,-84,1,83,0,0,22,1,31728,0,31751,106,0,31645,0,31751,-249650,2920,246730,0,0,64370,2920,93463500,0,93530790,314020,0,93216770,0,93530790
2019-03-19,2990,3055,2960,3050,23692,3.040540540540541,3,-1910,2258,-351,0,3,0,23689,0,23692,0,1910,21431,351,23692,9150,-5701450,6741790,-1049490,0,9150,0,71115920,0,71125070,0,5701450,64374130,1049490,71125070
2019-03-20,3050,3200,3000,3195,34899,4.754098360655737,3,-3000,2997,0,0,3,0,34896,0,34899,0,3000,31899,0,34899,9585,-9172750,9163165,0,0,9585,0,107437995,0,107447580,0,9172750,98274830,0,107447580
2019-03-21,3235,3235,3070,3090,7705,-3.286384976525822,1,7,-8,0,0,1,7,7697,0,7705,0,0,7705,0,7705,3140,21950,-25090,0,0,3140,21950,23863180,0,23888270,0,0,23888270,0,23888270
2019-03-22,3160,3255,3135,3240,46843,4.854368932038835,-10,-21089,21099,0,0,2,1,46840,0,46843,12,21090,25741,0,46843,-32470,-67590195,67622665,0,0,6410,3210,150030095,0,150039715,38880,67593405,82407430,0,150039715
2019-03-25,3280,3280,3100,3105,14803,-4.166666666666666,-9,-9592,9601,0,0,1,8,14794,0,14803,10,9600,5193,0,14803,-28535,-30101960,30130495,0,0,3105,25215,46534680,0,46563000,31640,30127175,16404185,0,46563000
2019-03-26,3015,3185,3015,3180,4492,2.4154589371980677,4,-2019,2015,0,0,4,0,4488,0,4492,0,2019,2473,0,4492,12715,-6341025,6328310,0,0,12715,0,13990335,0,14003050,0,6341025,7662025,0,14003050
2019-03-27,3195,3195,3100,3105,1761,-2.358490566037736,289,0,-289,0,0,289,0,1472,0,1761,0,0,1761,0,1761,897365,0,-897365,0,0,897365,0,4615875,0,5513240,0,0,5513240,0,5513240
2019-03-28,3105,3180,3100,3180,730,2.4154589371980677,3,-41,38,0,0,13,0,717,0,730,10,41,679,0,730,9515,-127100,117585,0,0,41315,0,2238850,0,2280165,31800,127100,2121265,0,2280165
2019-03-29,3185,3185,3085,3085,1986,-2.9874213836477987,2,-20,18,0,0,2,0,1984,0,1986,0,20,1966,0,1986,6170,-63600,57430,0,0,6170,0,6246445,0,6252615,0,63600,6189015,0,6252615
2019-04-01,3090,3135,3090,3135,124,1.6207455429497568,20,-57,37,0,0,20,0,104,0,124,0,57,67,0,124,62680,-176700,114020,0,0,62680,0,322085,0,384765,0,176700,208065,0,384765
2019-04-02,3135,3190,3085,3175,1713,1.2759170653907497,710,-349,-361,0,0,712,1,1000,0,1713,2,350,1361,0,1713,2194335,-1090440,-1103895,0,0,2200535,3090,3128170,0,5331795,6200,1093530,4232065,0,5331795
2019-04-03,3185,3185,3025,3025,12225,-4.724409448818897,644,-126,-518,0,0,649,4,11572,0,12225,5,130,12090,0,12225,1969665,-393515,-1576150,0,0,1985095,12485,35366055,0,37363635,15430,406000,36942205,0,37363635
2019-04-04,3080,3085,3040,3070,1443,1.487603305785124,-1,-2,3,0,0,2,2,1439,0,1443,3,4,1436,0,1443,-3070,-6140,9210,0,0,6140,6160,4433595,0,4445895,9210,12300,4424385,0,4445895
2019-04-05,3070,3080,3040,3040,515,-0.9771986970684038,6,1,-7,0,0,14,1,500,0,515,8,0,507,0,515,18240,3065,-21305,0,0,42560,3065,1525630,0,1571255,24320,0,1546935,0,1571255
2019-04-08,3010,3085,3010,3050,1352,0.3289473684210526,1,0,-1,0,0,1,0,1351,0,1352,0,0,1352,0,1352,3050,0,-3050,0,0,3050,0,4106355,0,4109405,0,0,4109405,0,4109405
2019-04-09,3010,3120,3000,3030,4559,-0.6557377049180327,1,-100,99,0,0,1,0,4558,0,4559,0,100,4459,0,4559,3030,-308000,304970,0,0,3030,0,13894825,0,13897855,0,308000,13589855,0,13897855
2019-04-10,3060,3150,3035,3150,501,3.9603960396039604,-19,0,19,0,0,0,0,501,0,501,19,0,482,0,501,-59300,0,59300,0,0,0,0,1561890,0,1561890,59300,0,1502590,0,1561890
2019-04-11,3055,3135,3045,3110,4862,-1.2698412698412698,-29,0,29,0,0,1,0,4861,0,4862,30,0,4832,0,4862,-89495,0,89495,0,0,3095,0,14951185,0,14954280,92590,0,14861690,0,14954280
2019-04-12,3110,3175,3110,3140,1983,0.964630225080386,267,-500,233,0,0,287,0,1696,0,1983,20,500,1463,0,1983,829945,-1562290,732345,0,0,892570,0,5330325,0,6222895,62625,1562290,4597980,0,6222895
2019-04-15,3140,3140,3050,3110,6303,-0.9554140127388535,-6,-48,54,0,0,0,0,6303,0,6303,6,48,6249,0,6303,-18535,-150720,169255,0,0,0,0,19459595,0,19459595,18535,150720,19290340,0,19459595
2019-04-16,3130,3130,3070,3100,135,-0.3215434083601286,-1,0,1,0,0,0,0,135,0,135,1,0,134,0,135,-3100,0,3100,0,0,0,0,418150,0,418150,3100,0,415050,0,418150
2019-04-17,3110,3130,3030,3075,11007,-0.8064516129032258,0,0,0,0,0,0,0,11007,0,11007,0,0,11007,0,11007,0,0,0,0,0,0,0,33545155,0,33545155,0,0,33545155,0,33545155
2019-04-18,3050,3100,3040,3060,15761,-0.4878048780487805,-3,-5400,5413,-10,0,0,0,15761,0,15761,3,5400,10348,10,15761,-9125,-16423030,16462905,-30750,0,0,0,48264990,0,48264990,9125,16423030,31802085,30750,48264990
2019-04-19,3070,3070,3000,3045,23288,-0.49019607843137253,-13,-11969,11982,0,0,5,31,23252,0,23288,18,12000,11270,0,23288,-39305,-36007540,36046845,0,0,15200,94245,70489895,0,70599340,54505,36101785,34443050,0,70599340
2019-04-22,3045,3070,3000,3005,11364,-1.3136288998357963,7,-8899,8892,0,0,9,1,11354,0,11364,2,8900,2462,0,11364,21075,-26733510,26712435,0,0,27085,3005,34141595,0,34171685,6010,26736515,7429160,0,34171685
2019-04-23,3030,3030,2970,3005,9957,0.0,517,-2995,2478,0,0,519,5,9433,0,9957,2,3000,6955,0,9957,1544915,-8965270,7420355,0,0,1550925,14900,28204305,0,29770130,6010,8980170,20783950,0,29770130
2019-04-24,3030,3040,2985,3010,12224,0.16638935108153077,99,0,-99,0,0,100,0,12124,0,12224,1,0,12223,0,12224,299990,0,-299990,0,0,303000,0,36573510,0,36876510,3010,0,36873500,0,36876510
2019-04-25,3030,3030,3000,3025,6462,0.4983388704318937,-3119,2002,1117,0,0,127,2002,4333,0,6462,3246,0,3216,0,6462,-9364395,6016035,3348360,0,0,383910,6016035,13046590,0,19446535,9748305,0,9698230,0,19446535
2019-04-26,3025,3035,3010,3020,2034,-0.1652892561983471,3,0,-203,200,0,3,0,1831,200,2034,0,0,2034,0,2034,9075,0,-613075,604000,0,9075,0,5538670,604000,6151745,0,0,6151745,0,6151745
2019-04-29,3020,3035,2990,3020,25515,0.0,100,-21999,21199,700,0,100,2001,22714,700,25515,0,24000,1515,0,25515,299250,-65905135,63499885,2106000,0,299250,6002995,68073790,2106000,76482035,0,71908130,4573905,0,76482035
2019-04-30,3030,3030,2990,3020,37612,0.0,20233,-17998,-2435,200,0,20233,2,17177,200,37612,0,18000,19612,0,37612,61088120,-54002730,-7684390,599000,0,61088120,6000,51577095,599000,113270215,0,54008730,59261485,0,113270215
2019-05-02,3025,3045,3020,3045,20428,0.8278145695364238,8616,-17600,8984,0,0,8616,0,11812,0,20428,0,17600,2828,0,20428,26020320,-53160500,27140180,0,0,26020320,0,35701925,0,61722245,0,53160500,8561745,0,61722245
2019-05-03,3045,3045,3030,3045,740,0.0,-8,0,8,0,0,0,0,740,0,740,8,0,732,0,740,-24240,0,24240,0,0,0,0,2251520,0,2251520,24240,0,2227280,0,2251520
2019-05-07,3020,3040,3020,3040,13352,-0.16420361247947454,11327,-9999,-1328,0,0,11327,1,2024,0,13352,0,10000,3352,0,13352,34207540,-30196980,-4010560,0,0,34207540,3020,6113820,0,40324380,0,30200000,10124380,0,40324380
2019-05-08,3100,3100,3025,3055,11295,0.4934210526315789,0,0,0,0,0,0,0,11295,0,11295,0,0,11295,0,11295,0,0,0,0,0,0,0,34177230,0,34177230,0,0,34177230,0,34177230
2019-05-09,3055,3055,3000,3000,2608,-1.800327332242226,0,42,-242,200,0,0,42,2366,200,2608,0,0,2608,0,2608,0,126925,-726925,600000,0,0,126925,7114690,600000,7841615,0,0,7841615,0,7841615
2019-05-10,3000,3010,2990,3000,1423,0.0,-32,1,-669,700,0,18,1,704,700,1423,50,0,1373,0,1423,-96250,3005,-2006755,2100000,0,54000,3005,2110765,2100000,4267770,150250,0,4117520,0,4267770
2019-05-13,3000,3035,3000,3005,820,0.16666666666666669,0,2,-44,42,0,0,2,776,42,820,0,0,820,0,820,0,6035,-132035,126000,0,0,6035,2330770,126000,2462805,0,0,2462805,0,2462805
2019-05-14,2975,3035,2975,3005,1077,0.0,0,0,0,0,0,0,0,1077,0,1077,0,0,1077,0,1077,0,0,0,0,0,0,0,3233525,0,3233525,0,0,3233525,0,3233525
2019-05-15,3035,3035,3010,3030,825,0.8319467554076538,0,1,-1,0,0,0,1,824,0,825,0,0,825,0,825,0,3035,-3035,0,0,0,3035,2480335,0,2483370,0,0,2483370,0,2483370
2019-05-16,3040,3040,3005,3035,517,0.16501650165016502,0,2,-2,0,0,0,2,515,0,517,0,0,517,0,517,0,6045,-6045,0,0,0,6045,1548260,0,1554305,0,0,1554305,0,1554305
2019-05-17,3035,3035,3015,3035,364,0.0,0,-4,4,0,0,0,2,362,0,364,0,6,358,0,364,0,-12130,12130,0,0,0,6050,1091830,0,1097880,0,18180,1079700,0,1097880
2019-05-20,3035,3040,3035,3035,1388,0.0,0,1,-1,0,0,0,1,1387,0,1388,0,0,1388,0,1388,0,3035,-3035,0,0,0,3035,4209550,0,4212585,0,0,4212585,0,4212585
2019-05-21,3035,3035,3005,3030,1282,-0.16474464579901155,0,3,-3,0,0,0,3,1279,0,1282,0,0,1282,0,1282,0,9045,-9045,0,0,0,9045,3866015,0,3875060,0,0,3875060,0,3875060
2019-05-22,3030,3030,3005,3025,799,-0.16501650165016502,0,3,-3,0,0,0,3,796,0,799,0,0,799,0,799,0,9045,-9045,0,0,0,9045,2403510,0,2412555,0,0,2412555,0,2412555
2019-05-23,3025,3025,2980,3025,1021,0.0,9,3,-12,0,0,9,3,1009,0,1021,0,0,1021,0,1021,26955,9005,-35960,0,0,26955,9005,3018655,0,3054615,0,0,3054615,0,3054615
2019-05-24,2980,3020,2980,3005,4005,-0.6611570247933884,0,1,-1,0,0,0,1,4004,0,4005,0,0,4005,0,4005,0,2980,-2980,0,0,0,2980,11932485,0,11935465,0,0,11935465,0,11935465
2019-05-27,2980,3010,2975,3010,4107,0.16638935108153077,0,3,-3,0,0,0,3,4104,0,4107,0,0,4107,0,4107,0,8925,-8925,0,0,0,8925,12212050,0,12220975,0,0,12220975,0,12220975
2019-05-28,2980,3005,2980,3005,1514,-0.16611295681063123,0,0,0,0,0,0,0,1514,0,1514,0,0,1514,0,1514,0,0,0,0,0,0,0,4511975,0,4511975,0,0,4511975,0,4511975
2019-05-29,2980,3005,2950,3005,15866,0.0,80,1,-581,500,0,80,1,15285,500,15866,0,0,15866,0,15866,236000,2990,-1713990,1475000,0,236000,2990,45244920,1475000,46958910,0,0,46958910,0,46958910
2019-05-30,3005,3010,2990,3010,275,0.16638935108153077,0,0,0,0,0,0,0,275,0,275,0,0,275,0,275,0,0,0,0,0,0,0,823990,0,823990,0,0,823990,0,823990
2019-05-31,3010,3020,3000,3020,1277,0.33222591362126247,0,0,0,0,0,0,0,1277,0,1277,0,0,1277,0,1277,0,0,0,0,0,0,0,3850245,0,3850245,0,0,3850245,0,3850245
2019-06-03,3030,3030,3020,3025,773,0.16556291390728478,0,1,-1,0,0,0,1,772,0,773,0,0,773,0,773,0,3020,-3020,0,0,0,3020,2336650,0,2339670,0,0,2339670,0,2339670
2019-06-04,3030,3030,3010,3025,108,0.0,0,1,-1,0,0,0,1,107,0,108,0,0,108,0,108,0,3030,-3030,0,0,0,3030,323500,0,326530,0,0,326530,0,326530
2019-06-05,3025,3030,3000,3010,1757,-0.49586776859504134,0,3,-3,0,0,0,3,1754,0,1757,0,0,1757,0,1757,0,9040,-9040,0,0,0,9040,5292495,0,5301535,0,0,5301535,0,5301535
2019-06-07,3025,3025,2980,3000,501,-0.33222591362126247,0,3,-3,0,0,0,3,498,0,501,0,0,501,0,501,0,9015,-9015,0,0,0,9015,1487070,0,1496085,0,0,1496085,0,1496085
2019-06-10,3000,3000,3000,3000,213,0.0,0,1,-1,0,0,0,1,212,0,213,0,0,213,0,213,0,3000,-3000,0,0,0,3000,636000,0,639000,0,0,639000,0,639000
2019-06-11,3000,3000,2990,3000,1163,0.0,0,2,-2,0,0,0,2,1161,0,1163,0,0,1163,0,1163,0,5990,-5990,0,0,0,5990,3478600,0,3484590,0,0,3484590,0,3484590
2019-06-12,2955,3000,2955,3000,5029,0.0,0,1,-1,0,0,0,1,5028,0,5029,0,0,5029,0,5029,0,3000,-3000,0,0,0,3000,15048160,0,15051160,0,0,15051160,0,15051160
2019-06-13,3000,3005,2995,3005,2978,0.16666666666666669,0,1,-1,0,0,0,1,2977,0,2978,0,0,2978,0,2978,0,2995,-2995,0,0,0,2995,8925885,0,8928880,0,0,8928880,0,8928880
2019-06-14,2970,3000,2970,2995,2240,-0.33277870216306155,0,2,-2,0,0,0,2,2238,0,2240,0,0,2240,0,2240,0,5970,-5970,0,0,0,5970,6687605,0,6693575,0,0,6693575,0,6693575
2019-06-17,2995,3005,2995,3000,1650,0.1669449081803005,0,-100,7,93,0,0,0,1557,93,1650,0,100,1550,0,1650,0,-300000,21465,278535,0,0,0,4665560,278535,4944095,0,300000,4644095,0,4944095
2019-06-18,3000,3010,3000,3010,2021,0.33333333333333337,0,-47,47,0,0,0,0,2021,0,2021,0,47,1974,0,2021,0,-141470,141470,0,0,0,0,6065240,0,6065240,0,141470,5923770,0,6065240
2019-06-19,3010,3010,3000,3005,1779,-0.16611295681063123,0,0,0,0,0,0,0,1779,0,1779,0,0,1779,0,1779,0,0,0,0,0,0,0,5339135,0,5339135,0,0,5339135,0,5339135
2019-06-20,3010,3020,2995,3020,5926,0.49916805324459235,-30,-100,130,0,0,0,0,5926,0,5926,30,100,5796,0,5926,-90300,-300500,390800,0,0,0,0,17804580,0,17804580,90300,300500,17413780,0,17804580
2019-06-21,3020,3020,3000,3015,205,-0.16556291390728478,0,0,0,0,0,0,0,205,0,205,0,0,205,0,205,0,0,0,0,0,0,0,618330,0,618330,0,0,618330,0,618330
2019-06-24,3015,3015,3000,3010,3431,-0.16583747927031509,0,0,0,0,0,0,0,3431,0,3431,0,0,3431,0,3431,0,0,0,0,0,0,0,10294295,0,10294295,0,0,10294295,0,10294295
2019-06-25,3005,3010,3000,3010,3270,0.0,0,0,0,0,0,0,0,3270,0,3270,0,0,3270,0,3270,0,0,0,0,0,0,0,9815590,0,9815590,0,0,9815590,0,9815590
2019-06-26,3010,3010,2995,3005,1166,-0.16611295681063123,0,0,0,0,0,0,0,1166,0,1166,0,0,1166,0,1166,0,0,0,0,0,0,0,3508070,0,3508070,0,0,3508070,0,3508070
2019-06-27,3025,3025,2990,3010,3524,0.16638935108153077,0,1,-1277,1276,0,0,1,2247,1276,3524,0,0,3524,0,3524,0,2990,-3818230,3815240,0,0,2990,6718615,3815240,10536845,0,0,10536845,0,10536845
2019-06-28,3010,3010,2985,3000,6047,-0.33222591362126247,0,0,0,0,0,0,0,6047,0,6047,0,0,6047,0,6047,0,0,0,0,0,0,0,18119670,0,18119670,0,0,18119670,0,18119670
2019-07-01,3000,3010,2995,2995,11837,-0.16666666666666669,0,-101,101,0,0,0,0,11837,0,11837,0,101,11736,0,11837,0,-303010,303010,0,0,0,0,35538190,0,35538190,0,303010,35235180,0,35538190
2019-07-02,3010,3010,2995,2995,3959,0.0,0,5,-5,0,0,0,5,3954,0,3959,0,0,3959,0,3959,0,14990,-14990,0,0,0,14990,11852070,0,11867060,0,0,11867060,0,11867060
2019-07-03,2995,3000,2990,2990,3049,-0.1669449081803005,-32,1,-269,300,0,0,1,2748,300,3049,32,0,3017,0,3049,-95840,2995,-804155,897000,0,0,2995,8235885,897000,9135880,95840,0,9040040,0,9135880
2019-07-04,3000,3045,2995,3035,7022,1.5050167224080269,0,-200,200,0,0,0,0,7022,0,7022,0,200,6822,0,7022,0,-601000,601000,0,0,0,0,21083060,0,21083060,0,601000,20482060,0,21083060
2019-07-05,3035,3110,3035,3110,37958,2.471169686985173,-29105,1,29104,0,0,0,1,37957,0,37958,29105,0,8853,0,37958,-89766290,3050,89763240,0,0,0,3050,117020485,0,117023535,89766290,0,27257245,0,117023535
2019-07-08,3120,3220,3110,3220,55627,3.536977491961415,-11070,-4998,16068,0,0,0,2,55625,0,55627,11070,5000,39557,0,55627,-35134485,-15806610,50941095,0,0,0,6390,176989800,0,176996190,35134485,15813000,126048705,0,176996190
2019-07-09,3235,3285,3235,3270,45555,1.5527950310559007,0,-499,4710,-4211,0,0,1,45554,0,45555,0,500,40844,4211,45555,0,-1629765,15441845,-13812080,0,0,3235,149250490,0,149253725,0,1633000,133808645,13812080,149253725
2019-07-10,3295,3295,3245,3280,25544,0.3058103975535168,-288,-97,385,0,0,0,3,25541,0,25544,288,100,25156,0,25544,-941760,-319690,1261450,0,0,0,9810,83493705,0,83503515,941760,329500,82232255,0,83503515
2019-07-11,3205,3295,3205,3295,34465,0.45731707317073167,0,-398,398,0,0,0,2,34463,0,34465,0,400,34065,0,34465,0,-1291570,1291570,0,0,0,6430,112331355,0,112337785,0,1298000,111039785,0,112337785
2019-07-12,3240,3250,3175,3215,7307,-2.4279210925644916,0,-2037,2037,0,0,0,3,7304,0,7307,0,2040,5267,0,7307,0,-6532310,6532310,0,0,0,9690,23621890,0,23631580,0,6542000,17089580,0,23631580
2019-07-15,3215,3215,3050,3075,1430,-4.354587869362364,0,3,-3,0,0,0,3,1427,0,1430,0,0,1430,0,1430,0,9315,-9315,0,0,0,9315,4381980,0,4391295,0,0,4391295,0,4391295
2019-07-16,3135,3270,3135,3200,3410,4.0650406504065035,0,-2595,2595,0,0,0,0,3410,0,3410,0,2595,815,0,3410,0,-8304000,8304000,0,0,0,0,10909700,0,10909700,0,8304000,2605700,0,10909700
2019-07-17,3200,3200,3090,3135,117,-2.03125,0,-68,68,0,0,0,2,115,0,117,0,70,47,0,117,0,-210075,210075,0,0,0,6225,357865,0,364090,0,216300,147790,0,364090
2019-07-18,3285,3285,3090,3095,2008,-1.2759170653907497,0,-1183,1183,0,0,0,2,2006,0,2008,0,1185,823,0,2008,0,-3666385,3666385,0,0,0,6190,6272005,0,6278195,0,3672575,2605620,0,6278195
2019-07-19,3140,3140,3100,3100,269,0.16155088852988692,0,-267,267,0,0,0,0,269,0,269,0,267,2,0,269,0,-827700,827700,0,0,0,0,833940,0,833940,0,827700,6240,0,833940
2019-07-22,3100,3100,3015,3100,728,0.0,0,-693,693,0,0,0,3,725,0,728,0,696,32,0,728,0,-2107205,2107205,0,0,0,9130,2204805,0,2213935,0,2116335,97600,0,2213935
2019-07-23,3100,3100,3005,3085,7213,-0.4838709677419355,0,-6217,6217,0,0,0,3,7210,0,7213,0,6220,993,0,7213,0,-18767385,18767385,0,0,0,9115,21782695,0,21791810,0,18776500,3015310,0,21791810
2019-07-24,3090,3090,3025,3075,3051,-0.3241491085899514,0,-1197,1197,0,0,0,3,3048,0,3051,0,1200,1851,0,3051,0,-3620905,3620905,0,0,0,9095,9227520,0,9236615,0,3630000,5606615,0,9236615
2019-07-25,3070,3070,3000,3000,5069,-2.4390243902439024,0,-4950,4950,0,0,0,0,5069,0,5069,0,4950,119,0,5069,0,-14863000,14863000,0,0,0,0,15222780,0,15222780,0,14863000,359780,0,15222780
2019-07-26,3085,3085,3000,3045,17748,1.5,0,-12542,12542,0,0,0,2253,15495,0,17748,0,14795,2953,0,17748,0,-37625925,37625925,0,0,0,6759075,46488785,0,53247860,0,44385000,8862860,0,53247860
2019-07-29,3045,3055,2990,3015,8549,-0.9852216748768473,0,-1422,1422,0,0,0,5,8544,0,8549,0,1427,7122,0,8549,0,-4266010,4266010,0,0,0,15010,25647700,0,25662710,0,4281020,21381690,0,25662710
2019-07-30,3030,3030,3000,3005,7332,-0.33167495854063017,0,-5230,5230,0,0,0,0,7332,0,7332,0,5230,2102,0,7332,0,-15694600,15694600,0,0,0,0,22017285,0,22017285,0,15694600,6322685,0,22017285
2019-07-31,3040,3040,2970,2970,4781,-1.1647254575707155,72,-4195,4123,0,0,72,2,4707,0,4781,0,4197,584,0,4781,215640,-12540720,12325080,0,0,215640,6010,14060000,0,14281650,0,12546730,1734920,0,14281650
2019-08-01,3040,3040,2960,2965,9329,-0.16835016835016833,0,-8917,8917,0,0,0,1,9328,0,9329,0,8918,411,0,9329,0,-26499980,26499980,0,0,0,3040,27716700,0,27719740,0,26503020,1216720,0,27719740
2019-08-02,3010,3015,2900,2950,7053,-0.5059021922428331,0,-6900,6900,0,0,0,5,7048,0,7053,0,6905,148,0,7053,0,-20039865,20039865,0,0,0,14660,20473370,0,20488030,0,20054525,433505,0,20488030
2019-08-05,2945,2945,2820,2820,21445,-4.406779661016949,0,-19147,19147,0,0,0,4,21441,0,21445,0,19151,2294,0,21445,0,-54831420,54831420,0,0,0,11480,61481680,0,61493160,0,54842900,6650260,0,61493160
2019-08-06,2715,2830,2715,2800,6974,-0.7092198581560284,0,-3034,3034,0,0,0,2,6972,0,6974,0,3036,3938,0,6974,0,-8515975,8515975,0,0,0,5545,19375830,0,19381375,0,8521520,10859855,0,19381375
2019-08-07,2810,2810,2800,2810,3223,0.35714285714285715,0,-1799,1799,0,0,0,1,3222,0,3223,0,1800,1423,0,3223,0,-5044190,5044190,0,0,0,2810,9042730,0,9045540,0,5047000,3998540,0,9045540
2019-08-08,2830,2830,2780,2820,49449,0.3558718861209964,0,-28517,28517,0,0,0,10252,39197,0,49449,0,38769,10680,0,49449,0,-79812325,79812325,0,0,0,28680615,109637910,0,138318525,0,108492940,29825585,0,138318525
2019-08-09,2820,2875,2780,2875,1519,1.950354609929078,0,0,-390,390,0,0,0,1129,390,1519,0,0,1519,0,1519,0,0,-1101800,1101800,0,0,0,3190940,1101800,4292740,0,0,4292740,0,4292740
2019-08-12,2875,2875,2810,2810,2883,-2.2608695652173916,-13,0,-2597,2610,0,0,0,273,2610,2883,13,0,2870,0,2883,-36790,0,-7349310,7386100,0,0,0,776860,7386100,8162960,36790,0,8126170,0,8162960
2019-08-13,2890,2890,2805,2855,1431,1.601423487544484,0,2,-2,0,0,0,2,1429,0,1431,0,0,1431,0,1431,0,5715,-5715,0,0,0,5715,4094625,0,4100340,0,0,4100340,0,4100340
2019-08-14,2885,2885,2815,2880,44,0.8756567425569177,0,0,0,0,0,0,0,44,0,44,0,0,44,0,44,0,0,0,0,0,0,0,124970,0,124970,0,0,124970,0,124970
2019-08-16,2885,2885,2865,2865,9,-0.5208333333333333,0,0,0,0,0,0,0,9,0,9,0,0,9,0,9,0,0,0,0,0,0,0,25875,0,25875,0,0,25875,0,25875
2019-08-19,2865,2890,2805,2855,8544,-0.34904013961605584,1692,-6000,4308,0,0,1692,0,6852,0,8544,0,6000,2544,0,8544,4822615,-16830000,12007385,0,0,4822615,0,19257270,0,24079885,0,16830000,7249885,0,24079885
2019-08-20,2860,2860,2805,2855,2500,0.0,325,1,-326,0,0,325,1,2174,0,2500,0,0,2500,0,2500,919750,2855,-922605,0,0,919750,2855,6204025,0,7126630,0,0,7126630,0,7126630
2019-08-21,2870,2870,2845,2850,1982,-0.17513134851138354,294,2,-296,0,0,294,2,1686,0,1982,0,0,1982,0,1982,838805,5710,-844515,0,0,838805,5710,4803015,0,5647530,0,0,5647530,0,5647530
2019-08-22,2870,2870,2820,2860,1387,0.3508771929824561,306,0,-406,100,0,306,0,981,100,1387,0,0,1387,0,1387,870015,0,-1153515,283500,0,870015,0,2783750,283500,3937265,0,0,3937265,0,3937265
2019-08-23,2860,3020,2820,3000,13798,4.895104895104895,12760,-509,-12251,0,0,12763,1,1034,0,13798,3,510,13285,0,13798,37704145,-1516195,-36187950,0,0,37713170,2855,3040150,0,40756175,9025,1519050,39228100,0,40756175
2019-08-26,3015,3015,2915,2915,10954,-2.833333333333333,8905,-8999,-6,100,0,8905,1,1948,100,10954,0,9000,1954,0,10954,25958145,-26232050,-21095,295000,0,25958145,2950,5710530,295000,31966625,0,26235000,5731625,0,31966625
2019-08-27,2990,2990,2920,2975,9,2.0583190394511153,0,0,0,0,0,0,0,9,0,9,0,0,9,0,9,0,0,0,0,0,0,0,26695,0,26695,0,0,26695,0,26695
2019-08-28,2995,2995,2900,2950,313,-0.8403361344537815,0,2,-2,0,0,0,2,311,0,313,0,0,313,0,313,0,5865,-5865,0,0,0,5865,919120,0,924985,0,0,924985,0,924985
2019-08-29,2950,2950,2875,2900,2865,-1.694915254237288,0,2,-2,0,0,0,2,2863,0,2865,0,0,2865,0,2865,0,5810,-5810,0,0,0,5810,8285725,0,8291535,0,0,8291535,0,8291535
2019-08-30,2945,2945,2875,2900,2808,0.0,0,2,-2,0,0,0,2,2806,0,2808,0,0,2808,0,2808,0,5760,-5760,0,0,0,5760,8095640,0,8101400,0,0,8101400,0,8101400
2019-09-02,2895,2895,2820,2840,8872,-2.0689655172413794,0,2,-2,0,0,0,2,8870,0,8872,0,0,8872,0,8872,0,5670,-5670,0,0,0,5670,25077010,0,25082680,0,0,25082680,0,25082680
2019-09-03,2805,2835,2805,2830,7330,-0.35211267605633806,0,2,-2,0,0,0,2,7328,0,7330,0,0,7330,0,7330,0,5635,-5635,0,0,0,5635,20598820,0,20604455,0,0,20604455,0,20604455
2019-09-04,2875,2875,2830,2840,1362,0.35335689045936397,0,0,0,0,0,0,0,1362,0,1362,0,0,1362,0,1362,0,0,0,0,0,0,0,3905260,0,3905260,0,0,3905260,0,3905260
2019-09-05,2840,2840,2800,2835,14225,-0.17605633802816903,0,-10198,10198,0,0,0,2502,11723,0,14225,0,12700,1525,0,14225,0,-28568375,28568375,0,0,0,7005625,32888320,0,39893945,0,35574000,4319945,0,39893945
2019-09-06,2880,2885,2815,2825,3191,-0.3527336860670194,0,-1099,1099,0,0,0,1,3190,0,3191,0,1100,2091,0,3191,0,-3099185,3099185,0,0,0,2815,9071160,0,9073975,0,3102000,5971975,0,9073975
2019-09-09,2835,2835,2810,2820,25595,-0.17699115044247787,0,-13499,12999,500,0,0,7501,17594,500,25595,0,21000,4595,0,25595,0,-37932190,36519690,1412500,0,0,21077810,49455805,1412500,71946115,0,59010000,12936115,0,71946115
2019-09-10,2820,2880,2820,2820,2534,0.0,0,0,0,0,0,0,0,2534,0,2534,0,0,2534,0,2534,0,0,0,0,0,0,0,7148440,0,7148440,0,0,7148440,0,7148440
2019-09-11,2820,2880,2820,2820,17150,0.0,0,0,0,0,0,0,0,17150,0,17150,0,0,17150,0,17150,0,0,0,0,0,0,0,48364120,0,48364120,0,0,48364120,0,48364120
2019-09-16,2860,2885,2830,2855,7887,1.2411347517730498,0,-3938,3938,0,0,0,0,7887,0,7887,0,3938,3949,0,7887,0,-11242490,11242490,0,0,0,0,22549715,0,22549715,0,11242490,11307225,0,22549715
2019-09-17,2860,2885,2855,2855,16513,0.0,0,0,0,0,0,0,0,16513,0,16513,0,0,16513,0,16513,0,0,0,0,0,0,0,47144670,0,47144670,0,0,47144670,0,47144670
2019-09-18,2855,2885,2850,2850,6817,-0.17513134851138354,0,1,-1,0,0,0,1,6816,0,6817,0,0,6817,0,6817,0,2850,-2850,0,0,0,2850,19454445,0,19457295,0,0,19457295,0,19457295
2019-09-19,2885,2885,2800,2835,52573,-0.5263157894736842,0,-18998,18998,0,0,0,2,52571,0,52573,0,19000,33573,0,52573,0,-53349380,53349380,0,0,0,5620,147424435,0,147430055,0,53355000,94075055,0,147430055
2019-09-20,2845,2845,2820,2830,480,-0.1763668430335097,0,2,-2,0,0,0,2,478,0,480,0,0,480,0,480,0,5670,-5670,0,0,0,5670,1351665,0,1357335,0,0,1357335,0,1357335
2019-09-23,2830,2850,2830,2835,8280,0.17667844522968199,0,0,-300,300,0,0,0,7980,300,8280,0,0,8280,0,8280,0,0,-849000,849000,0,0,0,22635885,849000,23484885,0,0,23484885,0,23484885
2019-09-24,2855,2870,2835,2860,12703,0.8818342151675485,-5,-100,105,0,0,0,0,12703,0,12703,5,100,12598,0,12703,-14300,-286000,300300,0,0,0,0,36371555,0,36371555,14300,286000,36071255,0,36371555
2019-09-25,2880,2895,2850,2860,49910,0.0,0,-22846,22846,0,0,0,176,49734,0,49910,0,23022,26888,0,49910,0,-65446155,65446155,0,0,0,501610,143032780,0,143534390,0,65947765,77586625,0,143534390
2019-09-26,2860,2920,2860,2915,4244,1.9230769230769231,0,1,-1,0,0,0,1,4243,0,4244,0,0,4244,0,4244,0,2895,-2895,0,0,0,2895,12322605,0,12325500,0,0,12325500,0,12325500
2019-09-27,2920,2920,2860,2910,2617,-0.17152658662092624,1,0,-1,0,0,1,0,2616,0,2617,0,0,2617,0,2617,2860,0,-2860,0,0,2860,0,7573860,0,7576720,0,0,7576720,0,7576720
2019-09-30,2910,2915,2880,2910,7978,0.0,0,0,0,0,0,0,0,7978,0,7978,0,0,7978,0,7978,0,0,0,0,0,0,0,23124720,0,23124720,0,0,23124720,0,23124720
2019-10-01,2920,2920,2860,2910,1640,0.0,0,0,0,0,0,0,0,1640,0,1640,0,0,1640,0,1640,0,0,0,0,0,0,0,4720945,0,4720945,0,0,4720945,0,4720945
2019-10-02,2860,2905,2855,2900,4167,-0.3436426116838488,25,2,-27,0,0,25,2,4140,0,4167,0,0,4167,0,4167,71500,5730,-77230,0,0,71500,5730,11856435,0,11933665,0,0,11933665,0,11933665
2019-10-04,2900,2945,2880,2880,410,-0.6896551724137931,0,0,0,0,0,0,0,410,0,410,0,0,410,0,410,0,0,0,0,0,0,0,1185865,0,1185865,0,0,1185865,0,1185865
2019-10-07,2880,2915,2860,2915,29949,1.215277777777778,0,2,-2,0,0,0,2,29947,0,29949,0,0,29949,0,29949,0,5755,-5755,0,0,0,5755,86828695,0,86834450,0,0,86834450,0,86834450
2019-10-08,2915,2930,2915,2930,676,0.5145797598627788,0,1,-1,0,0,0,1,675,0,676,0,0,676,0,676,0,2915,-2915,0,0,0,2915,1974010,0,1976925,0,0,1976925,0,1976925
2019-10-10,2930,2965,2930,2965,5829,1.1945392491467577,0,-200,200,0,0,0,0,5829,0,5829,0,200,5629,0,5829,0,-591000,591000,0,0,0,0,17200120,0,17200120,0,591000,16609120,0,17200120
2019-10-11,2990,2995,2960,2975,6001,0.33726812816188867,0,0,0,0,0,0,0,6001,0,6001,0,0,6001,0,6001,0,0,0,0,0,0,0,17918490,0,17918490,0,0,17918490,0,17918490
2019-10-14,3115,3115,2970,2970,2598,-0.16806722689075632,0,1,-1,0,0,0,1,2597,0,2598,0,0,2598,0,2598,0,2970,-2970,0,0,0,2970,7914190,0,7917160,0,0,7917160,0,7917160
2019-10-15,3085,3085,2950,2970,2891,0.0,0,-99,32,67,0,0,1,2823,67,2891,0,100,2791,0,2891,0,-305545,106555,198990,0,0,2955,8474640,198990,8676585,0,308500,8368085,0,8676585
2019-10-16,2995,3035,2975,3010,6168,1.3468013468013467,-1356,1,1355,0,0,0,1,6167,0,6168,1356,0,4812,0,6168,-4097490,3010,4094480,0,0,0,3010,18547075,0,18550085,4097490,0,14452595,0,18550085
2019-10-17,3040,3040,3030,3030,496,0.6644518272425249,0,0,0,0,0,0,0,496,0,496,0,0,496,0,496,0,0,0,0,0,0,0,1507060,0,1507060,0,0,1507060,0,1507060
2019-10-18,3045,3055,3030,3055,1909,0.825082508250825,-399,0,399,0,0,0,0,1909,0,1909,399,0,1510,0,1909,-1214955,0,1214955,0,0,0,0,5817525,0,5817525,1214955,0,4602570,0,5817525
2019-10-21,3085,3085,3010,3065,4174,0.32733224222585927,-700,2,698,0,0,0,2,4172,0,4174,700,0,3474,0,4174,-2107000,6095,2100905,0,0,0,6095,12752275,0,12758370,2107000,0,10651370,0,12758370
2019-10-22,3085,3085,3015,3075,1020,0.3262642740619902,0,-6,6,0,0,0,0,1020,0,1020,0,6,1014,0,1020,0,-18450,18450,0,0,0,0,3106915,0,3106915,0,18450,3088465,0,3106915
2019-10-23,3060,3085,3050,3070,68,-0.16260162601626016,0,0,0,0,0,0,0,68,0,68,0,0,68,0,68,0,0,0,0,0,0,0,208625,0,208625,0,0,208625,0,208625
2019-10-24,3070,3070,3030,3055,38151,-0.4885993485342019,0,37000,-37000,0,0,0,37000,1151,0,38151,0,0,38151,0,38151,0,113035000,-113035000,0,0,0,113035000,3496315,0,116531315,0,0,116531315,0,116531315
2019-10-25,3050,3050,3020,3050,1196,-0.16366612111292964,0,0,0,0,0,0,0,1196,0,1196,0,0,1196,0,1196,0,0,0,0,0,0,0,3612670,0,3612670,0,0,3612670,0,3612670
2019-10-28,3050,3075,3040,3040,1795,-0.32786885245901637,0,-100,100,0,0,0,0,1795,0,1795,0,100,1695,0,1795,0,-307500,307500,0,0,0,0,5515410,0,5515410,0,307500,5207910,0,5515410
2019-10-29,3040,3085,3040,3070,416,0.9868421052631579,0,0,0,0,0,0,0,416,0,416,0,0,416,0,416,0,0,0,0,0,0,0,1276685,0,1276685,0,0,1276685,0,1276685
2019-10-30,3090,3090,3035,3070,2607,0.0,0,0,0,0,0,0,0,2607,0,2607,0,0,2607,0,2607,0,0,0,0,0,0,0,7952435,0,7952435,0,0,7952435,0,7952435
2019-10-31,3050,3090,3050,3070,4065,0.0,-3,-1,4,0,0,0,0,4065,0,4065,3,1,4061,0,4065,-9255,-3070,12325,0,0,0,0,12408070,0,12408070,9255,3070,12395745,0,12408070
2019-11-01,3070,3100,3055,3070,4807,0.0,-1,259,-258,0,0,0,259,4548,0,4807,1,0,4806,0,4807,-3070,797720,-794650,0,0,0,797720,13971715,0,14769435,3070,0,14766365,0,14769435
2019-11-04,3080,3080,3050,3080,5067,0.32573289902280134,0,0,0,0,0,0,0,5067,0,5067,0,0,5067,0,5067,0,0,0,0,0,0,0,15543915,0,15543915,0,0,15543915,0,15543915
2019-11-05,3080,3085,3060,3085,14457,0.16233766233766234,0,1,-1,0,0,0,1,14456,0,14457,0,0,14457,0,14457,0,3060,-3060,0,0,0,3060,44453420,0,44456480,0,0,44456480,0,44456480
2019-11-06,3100,3105,3070,3105,2637,0.6482982171799028,0,0,0,0,0,0,0,2637,0,2637,0,0,2637,0,2637,0,0,0,0,0,0,0,8142435,0,8142435,0,0,8142435,0,8142435
2019-11-07,3100,3120,3090,3120,2984,0.4830917874396135,100,-198,98,0,0,100,2,2882,0,2984,0,200,2784,0,2984,311000,-615305,304305,0,0,311000,6195,8957390,0,9274585,0,621500,8653085,0,9274585
2019-11-08,3120,3150,3120,3140,2520,0.641025641025641,244,2,-246,0,0,244,2,2274,0,2520,0,0,2520,0,2520,762500,6270,-768770,0,0,762500,6270,7130560,0,7899330,0,0,7899330,0,7899330
2019-11-11,3140,3165,3120,3130,3646,-0.3184713375796179,0,0,0,0,0,0,0,3646,0,3646,0,0,3646,0,3646,0,0,0,0,0,0,0,11434580,0,11434580,0,0,11434580,0,11434580
2019-11-12,3130,3170,3130,3140,5045,0.3194888178913738,0,-600,600,0,0,0,0,5045,0,5045,0,600,4445,0,5045,0,-1880000,1880000,0,0,0,0,15796480,0,15796480,0,1880000,13916480,0,15796480
2019-11-13,3175,3175,3090,3140,4909,0.0,0,1,-1,0,0,0,1,4908,0,4909,0,0,4909,0,4909,0,3120,-3120,0,0,0,3120,15284910,0,15288030,0,0,15288030,0,15288030
2019-11-14,3140,3140,3130,3135,1475,-0.15923566878980894,0,-398,398,0,0,0,2,1473,0,1475,0,400,1075,0,1475,0,-1249730,1249730,0,0,0,6270,4623490,0,4629760,0,1256000,3373760,0,4629760
2019-11-15,3165,3175,3070,3125,6247,-0.3189792663476874,0,-5774,5774,0,0,0,2,6245,0,6247,0,5776,471,0,6247,0,-17790990,17790990,0,0,0,6250,19271380,0,19277630,0,17797240,1480390,0,19277630
2019-11-18,3100,3100,3070,3090,11095,-1.1199999999999999,1397,-6223,4826,0,0,1397,1,9697,0,11095,0,6224,4871,0,11095,4318290,-19125800,14807510,0,0,4318290,3095,29849305,0,34170690,0,19128895,15041795,0,34170690
2019-11-19,3120,3120,3080,3105,9077,0.48543689320388345,1345,0,-1345,0,0,1345,0,7732,0,9077,0,0,9077,0,9077,4151385,0,-4151385,0,0,4151385,0,23950370,0,28101755,0,0,28101755,0,28101755
2019-11-20,3120,3135,3110,3115,6697,0.322061191626409,655,-300,-355,0,0,655,0,6042,0,6697,0,300,6397,0,6697,2044270,-939500,-1104770,0,0,2044270,0,18857505,0,20901775,0,939500,19962275,0,20901775
2019-11-21,3140,3160,3140,3155,14223,1.2841091492776886,1511,-670,-841,0,0,1511,0,12712,0,14223,0,670,13553,0,14223,4746620,-2114200,-2632420,0,0,4746620,0,40041365,0,44787985,0,2114200,42673785,0,44787985
2019-11-22,3180,3215,3180,3210,15410,1.7432646592709984,426,-1000,574,0,0,426,0,14984,0,15410,0,1000,14410,0,15410,1360975,-3192500,1831525,0,0,1360975,0,47890995,0,49251970,0,3192500,46059470,0,49251970
2019-11-25,3220,3240,3220,3235,3613,0.778816199376947,828,-300,-528,0,0,828,0,2785,0,3613,0,300,3313,0,3613,2674440,-969000,-1705440,0,0,2674440,0,9005410,0,11679850,0,969000,10710850,0,11679850
2019-11-26,3240,3240,3200,3200,6948,-1.0819165378670788,982,-1300,2024,-1706,0,982,0,5966,0,6948,0,1300,3942,1706,6948,3169800,-4199000,6549580,-5520380,0,3169800,0,19286015,0,22455815,0,4199000,12736435,5520380,22455815
2019-11-27,3215,3225,3025,3215,6646,0.46875,481,2,-478,-5,0,482,2,6162,0,6646,1,0,6640,5,6646,1504150,6050,-1494100,-16100,0,1507365,6050,19353570,0,20866985,3215,0,20847670,16100,20866985
2019-11-28,3205,3220,3150,3215,13725,0.0,9,2,-11,0,0,9,2,13714,0,13725,0,0,13725,0,13725,28350,6395,-34745,0,0,28350,6395,44154405,0,44189150,0,0,44189150,0,44189150
2019-11-29,3200,3210,3170,3180,1041,-1.088646967340591,1,0,-1,0,0,1,0,1040,0,1041,0,0,1041,0,1041,3190,0,-3190,0,0,3190,0,3325425,0,3328615,0,0,3328615,0,3328615
2019-12-02,3190,3200,3170,3195,6712,0.4716981132075472,0,0,0,0,0,0,0,6712,0,6712,0,0,6712,0,6712,0,0,0,0,0,0,0,21474425,0,21474425,0,0,21474425,0,21474425
2019-12-03,3220,3220,3185,3220,149,0.7824726134585289,0,0,0,0,0,0,0,149,0,149,0,0,149,0,149,0,0,0,0,0,0,0,479065,0,479065,0,0,479065,0,479065
2019-12-04,3260,3260,3195,3250,9551,0.9316770186335404,0,-200,200,0,0,0,0,9551,0,9551,0,200,9351,0,9551,0,-650000,650000,0,0,0,0,31033825,0,31033825,0,650000,30383825,0,31033825
2019-12-05,3235,3250,3210,3210,2671,-1.2307692307692308,0,-600,600,0,0,0,0,2671,0,2671,0,600,2071,0,2671,0,-1941000,1941000,0,0,0,0,8645820,0,8645820,0,1941000,6704820,0,8645820
2019-12-06,3220,3245,3205,3220,6155,0.3115264797507788,0,-1924,1995,-71,0,0,0,6155,0,6155,0,1924,4160,71,6155,0,-6214520,6444560,-230040,0,0,0,19904465,0,19904465,0,6214520,13459905,230040,19904465
2019-12-09,3240,3240,3210,3220,4196,0.0,0,-584,584,0,0,0,0,4196,0,4196,0,584,3612,0,4196,0,-1892160,1892160,0,0,0,0,13540160,0,13540160,0,1892160,11648000,0,13540160
2019-12-10,3245,3245,3220,3230,1278,0.3105590062111801,0,1,-1,0,0,0,1,1277,0,1278,0,0,1278,0,1278,0,3240,-3240,0,0,0,3240,4120070,0,4123310,0,0,4123310,0,4123310
2019-12-11,3250,3250,3205,3210,922,-0.6191950464396285,0,2,-2,0,0,0,2,920,0,922,0,0,922,0,922,0,6415,-6415,0,0,0,6415,2953500,0,2959915,0,0,2959915,0,2959915
2019-12-12,3220,3245,3200,3245,4704,1.0903426791277258,993,-1100,107,0,0,993,0,3711,0,4704,0,1100,3604,0,4704,3222285,-3544000,321715,0,0,3222285,0,11922360,0,15144645,0,3544000,11600645,0,15144645
2019-12-13,3250,3250,3240,3245,349,0.0,0,0,0,0,0,0,0,349,0,349,0,0,349,0,349,0,0,0,0,0,0,0,1132480,0,1132480,0,0,1132480,0,1132480
2019-12-16,3245,3260,3235,3240,8796,-0.15408320493066258,30,-1299,1269,0,0,30,1,8765,0,8796,0,1300,7496,0,8796,97200,-4215260,4118060,0,0,97200,3240,28429520,0,28529960,0,4218500,24311460,0,28529960
2019-12-17,3250,3250,3235,3235,1189,-0.15432098765432098,30,1,-31,0,0,30,1,1158,0,1189,0,0,1189,0,1189,97200,3245,-100445,0,0,97200,3245,3756975,0,3857420,0,0,3857420,0,3857420
2019-12-18,3245,3245,3210,3210,2161,-0.7727975270479135,31,1,-32,0,0,31,1,2129,0,2161,0,0,2161,0,2161,99820,3230,-103050,0,0,99820,3230,6864925,0,6967975,0,0,6967975,0,6967975
2019-12-19,3200,3210,3135,3135,4004,-2.336448598130841,0,-23,23,0,0,0,2,4002,0,4004,0,25,3979,0,4004,0,-73390,73390,0,0,0,6360,12789670,0,12796030,0,79750,12716280,0,12796030
2019-12-20,3160,3170,3060,3135,11825,0.0,0,0,0,0,0,0,0,11825,0,11825,0,0,11825,0,11825,0,0,0,0,0,0,0,36863470,0,36863470,0,0,36863470,0,36863470
2019-12-23,3085,3160,3085,3145,2541,0.3189792663476874,0,1,-1,0,0,0,1,2540,0,2541,0,0,2541,0,2541,0,3090,-3090,0,0,0,3090,7958505,0,7961595,0,0,7961595,0,7961595
2019-12-24,3180,3180,3070,3180,6531,1.1128775834658187,873,2,-875,0,0,873,2,5656,0,6531,0,0,6531,0,6531,2721285,6230,-2727515,0,0,2721285,6230,17573210,0,20300725,0,0,20300725,0,20300725
2019-12-26,3110,3170,3100,3165,8011,-0.4716981132075472,502,3,-505,0,0,502,3,7506,0,8011,0,0,8011,0,8011,1559275,9380,-1568655,0,0,1559275,9380,23655465,0,25224120,0,0,25224120,0,25224120
2019-12-27,3180,3180,3100,3125,4234,-1.263823064770932,3368,3,-3326,-45,0,3371,3,860,0,4234,3,0,4186,45,4234,10529435,9345,-10397930,-140850,0,10538815,9345,2687130,0,13235290,9380,0,13085060,140850,13235290
2019-12-30,3260,3260,3120,3130,979,0.16,0,-499,499,0,0,0,1,978,0,979,0,500,479,0,979,0,-1561570,1561570,0,0,0,3120,3072315,0,3075435,0,1564690,1510745,0,3075435
2020-01-02,3165,3180,3090,3120,3459,-0.3194888178913738,2,-2999,2997,0,0,2,1,3456,0,3459,0,3000,459,0,3459,6180,-9266910,9260730,0,0,6180,3090,10689580,0,10698850,0,9270000,1428850,0,10698850
2020-01-03,3140,3140,3050,3090,482,-0.9615384615384616,148,-416,268,0,0,148,2,332,0,482,0,418,64,0,482,457175,-1287030,829855,0,0,457175,6210,1025900,0,1489285,0,1293240,196045,0,1489285
2020-01-06,3135,3135,3060,3125,3377,1.132686084142395,0,-3081,3081,0,0,0,1,3376,0,3377,0,3082,295,0,3377,0,-9427920,9427920,0,0,0,3060,10336800,0,10339860,0,9430980,908880,0,10339860
2020-01-07,3125,3135,3100,3120,244,-0.16,34,2,-36,0,0,34,2,208,0,244,0,0,244,0,244,105425,6230,-111655,0,0,105425,6230,647935,0,759590,0,0,759590,0,759590
2020-01-08,3110,3130,3070,3110,233,-0.3205128205128205,16,2,-18,0,0,16,2,215,0,233,0,0,233,0,233,49510,6170,-55680,0,0,49510,6170,665355,0,721035,0,0,721035,0,721035
2020-01-09,3115,3130,3055,3130,2066,0.6430868167202572,0,1,-1,0,0,0,1,2065,0,2066,0,0,2066,0,2066,0,3110,-3110,0,0,0,3110,6401040,0,6404150,0,0,6404150,0,6404150
2020-01-10,3130,3130,3080,3110,96,-0.6389776357827476,1,1,-2,0,0,1,1,94,0,96,0,0,96,0,96,3100,3125,-6225,0,0,3100,3125,292305,0,298530,0,0,298530,0,298530
2020-01-13,3110,3110,3040,3075,2144,-1.1254019292604502,13,-697,857,-173,0,13,3,2128,0,2144,0,700,1271,173,2144,39550,-2132225,2621190,-528515,0,39550,9205,6498085,0,6546840,0,2141430,3876895,528515,6546840
2020-01-14,3070,3070,3050,3070,2969,-0.16260162601626016,1126,1,-1127,0,0,1126,1,1842,0,2969,0,0,2969,0,2969,3443300,3065,-3446365,0,0,3443300,3065,5619450,0,9065815,0,0,9065815,0,9065815
2020-01-15,3060,3060,3015,3015,15364,-1.7915309446254073,76,-8511,8435,0,0,76,2,15286,0,15364,0,8513,6851,0,15364,229590,-25690040,25460450,0,0,229590,6040,46167365,0,46402995,0,25696080,20706915,0,46402995
2020-01-16,3015,3055,3005,3050,12478,1.1608623548922055,61,-8796,8735,0,0,61,0,12417,0,12478,0,8796,3682,0,12478,183420,-26464095,26280675,0,0,183420,0,37359370,0,37542790,0,26464095,11078695,0,37542790
2020-01-17,3075,3075,3015,3050,4328,0.0,86,1,-87,0,0,86,1,4241,0,4328,0,0,4328,0,4328,259390,3015,-262405,0,0,259390,3015,12849060,0,13111465,0,0,13111465,0,13111465
2020-01-20,3090,3090,3020,3045,294,-0.16393442622950818,7,1,-8,0,0,7,1,286,0,294,0,0,294,0,294,21235,3025,-24260,0,0,21235,3025,866370,0,890630,0,0,890630,0,890630
2020-01-21,3035,3035,3015,3025,2136,-0.6568144499178982,167,2,-169,0,0,167,2,1967,0,2136,0,0,2136,0,2136,505820,6055,-511875,0,0,505820,6055,5950175,0,6462050,0,0,6462050,0,6462050
2020-01-22,3020,3030,3015,3030,2343,0.1652892561983471,18,1,-19,0,0,18,1,2324,0,2343,0,0,2343,0,2343,54290,3020,-57310,0,0,54290,3020,7012210,0,7069520,0,0,7069520,0,7069520
2020-01-23,2970,3025,2970,3010,4074,-0.6600660066006601,397,1,-398,0,0,477,1,3596,0,4074,80,0,3994,0,4074,1201285,2990,-1204275,0,0,1442485,2990,10792360,0,12237835,241200,0,11996635,0,12237835
2020-01-28,3000,3000,2950,2970,6602,-1.3289036544850499,14,3,-17,0,0,14,3,6585,0,6602,0,0,6602,0,6602,41435,8970,-50405,0,0,41435,8970,19564365,0,19614770,0,0,19614770,0,19614770
2020-01-29,2990,2990,2950,2950,8487,-0.6734006734006733,3,-297,294,0,0,3,3,8481,0,8487,0,300,8187,0,8487,8910,-876115,867205,0,0,8910,8885,25140355,0,25158150,0,885000,24273150,0,25158150
2020-01-30,2950,2990,2895,2950,4064,0.0,321,2,-273,-50,0,321,2,3741,0,4064,0,0,4014,50,4064,947305,5850,-805985,-147170,0,947305,5850,10918025,0,11871180,0,0,11724010,147170,11871180
2020-01-31,2950,2950,2900,2900,7324,-1.694915254237288,20,2,28,-50,0,20,2,7302,0,7324,0,0,7274,50,7324,58190,5860,82825,-146875,0,58190,5860,21290355,0,21354405,0,0,21207530,146875,21354405
2020-02-03,2845,2900,2785,2820,24074,-2.7586206896551726,345,3,337,-685,0,345,3,23726,0,24074,0,0,23389,685,24074,969500,8595,949980,-1928075,0,969500,8595,66783235,0,67761330,0,0,65833255,1928075,67761330
2020-02-04,2830,2945,2790,2790,30922,-1.0638297872340425,172,6111,-6284,1,0,172,6111,24638,1,30922,0,0,30922,0,30922,486105,17085845,-17574800,2850,0,486105,17085845,69456065,2850,87030865,0,0,87030865,0,87030865
2020-02-05,2845,2885,2810,2830,4091,1.4336917562724014,0,0,0,0,0,0,0,4091,0,4091,0,0,4091,0,4091,0,0,0,0,0,0,0,11542730,0,11542730,0,0,11542730,0,11542730
2020-02-06,2930,2930,2795,2820,25348,-0.35335689045936397,327,3,-330,0,0,337,3,25008,0,25348,10,0,25338,0,25348,919875,8470,-928345,0,0,949175,8470,70358275,0,71315920,29300,0,71286620,0,71315920
2020-02-07,2820,2875,2805,2825,10098,0.1773049645390071,-257,0,257,0,0,0,0,10098,0,10098,257,0,9841,0,10098,-721160,0,721160,0,0,0,0,28442825,0,28442825,721160,0,27721665,0,28442825
2020-02-10,2825,2875,2800,2810,3616,-0.5309734513274336,1,1,-2,0,0,1,1,3614,0,3616,0,0,3616,0,3616,2820,2805,-5625,0,0,2820,2805,10148770,0,10154395,0,0,10154395,0,10154395
2020-02-11,2870,2875,2800,2875,19840,2.3131672597864767,47,2400,-2447,0,0,47,2800,16993,0,19840,0,400,19440,0,19840,131620,6892960,-7024580,0,0,131620,8031085,48209180,0,56371885,0,1138125,55233760,0,56371885
2020-02-12,2870,2990,2840,2990,23093,4.0,1,-199,198,0,0,1,1,23091,0,23093,0,200,22893,0,23093,2875,-577625,574750,0,0,2875,2875,67317890,0,67323640,0,580500,66743140,0,67323640
2020-02-13,2950,3095,2950,3080,31719,3.0100334448160537,0,-8174,8174,0,0,10,1,31708,0,31719,10,8175,23534,0,31719,1250,-25070810,25069560,0,0,30750,3075,97149825,0,97183650,29500,25073885,72080265,0,97183650
2020-02-14,3080,3130,3080,3130,12672,1.6233766233766231,1320,-582,-738,0,0,1400,0,11272,0,12672,80,582,12010,0,12672,4091700,-1811485,-2280215,0,0,4340100,0,34991455,0,39331555,248400,1811485,37271670,0,39331555
2020-02-17,3140,3140,2965,3005,7713,-3.993610223642172,-183,1,182,0,0,17,1,7695,0,7713,200,0,7513,0,7713,-547905,3010,544895,0,0,52095,3010,23096880,0,23151985,600000,0,22551985,0,23151985
2020-02-18,3015,3040,3005,3040,653,1.1647254575707155,307,0,-307,0,0,307,0,346,0,653,0,0,653,0,653,933160,0,-933160,0,0,933160,0,1049995,0,1983155,0,0,1983155,0,1983155
2020-02-19,3040,3090,3005,3075,424,1.151315789473684,4,1,-5,0,0,14,1,409,0,424,10,0,414,0,424,12250,3010,-15260,0,0,43050,3010,1254495,0,1300555,30800,0,1269755,0,1300555
2020-02-20,3075,3145,3000,3030,2827,-1.4634146341463417,80,-257,177,0,0,200,2,2625,0,2827,120,259,2448,0,2827,239800,-783880,544080,0,0,605380,6070,8073480,0,8684930,365580,789950,7529400,0,8684930
2020-02-21,3030,3030,2905,2970,2467,-1.9801980198019802,363,1,-364,0,0,373,1,2093,0,2467,10,0,2457,0,2467,1080910,2950,-1083860,0,0,1110910,2950,6136560,0,7250420,30000,0,7220420,0,7250420
2020-02-24,2950,2960,2835,2880,3615,-3.0303030303030303,10,2,-12,0,0,10,2,3603,0,3615,0,0,3615,0,3615,29600,5855,-35455,0,0,29600,5855,10309385,0,10344840,0,0,10344840,0,10344840
2020-02-25,2880,2950,2825,2915,10849,1.215277777777778,324,2,-326,0,0,324,2,10523,0,10849,0,0,10849,0,10849,944460,5725,-950185,0,0,944460,5725,30203855,0,31154040,0,0,31154040,0,31154040
2020-02-26,2905,2905,2810,2850,9189,-2.2298456260720414,247,2,-1834,1585,0,247,2,7355,1585,9189,0,0,9189,0,9189,704535,5720,-5219580,4509325,0,704535,5720,20819240,4509325,26038820,0,0,26038820,0,26038820
2020-02-27,2880,2880,2815,2850,5818,0.0,15,0,-15,0,0,15,0,5803,0,5818,0,0,5818,0,5818,42540,0,-42540,0,0,42540,0,16441215,0,16483755,0,0,16483755,0,16483755
2020-02-28,2875,2875,2800,2835,8879,-0.5263157894736842,15,0,-15,0,0,15,0,8864,0,8879,0,0,8879,0,8879,42260,0,-42260,0,0,42260,0,24908260,0,24950520,0,0,24950520,0,24950520
2020-03-02,2860,2860,2800,2840,10539,0.1763668430335097,2010,1,-2011,0,0,2010,1,8528,0,10539,0,0,10539,0,10539,5668150,2810,-5670960,0,0,5668150,2810,23959955,0,29630915,0,0,29630915,0,29630915
2020-03-03,2855,2855,2815,2845,1965,0.17605633802816903,0,1,-1,0,0,0,1,1964,0,1965,0,0,1965,0,1965,0,2815,-2815,0,0,0,2815,5574295,0,5577110,0,0,5577110,0,5577110
2020-03-04,2855,2855,2800,2840,1890,-0.17574692442882248,340,0,-340,0,0,340,0,1550,0,1890,0,0,1890,0,1890,962085,0,-962085,0,0,962085,0,4410000,0,5372085,0,0,5372085,0,5372085
2020-03-05,2880,2975,2835,2965,11342,4.401408450704225,19,0,-19,0,0,19,0,11323,0,11342,0,0,11342,0,11342,54065,0,-54065,0,0,54065,0,32350310,0,32404375,0,0,32404375,0,32404375
2020-03-06,2965,2965,2835,2860,7839,-3.541315345699832,241,2,-243,0,0,242,2,7595,0,7839,1,0,7838,0,7839,689730,5740,-695470,0,0,692660,5740,21639770,0,22338170,2930,0,22335240,0,22338170
2020-03-09,2885,2885,2790,2805,10264,-1.9230769230769231,12,3,-15,0,0,12,3,10249,0,10264,0,0,10264,0,10264,33615,8475,-42090,0,0,33615,8475,28688855,0,28730945,0,0,28730945,0,28730945
2020-03-10,2850,2855,2785,2805,2966,0.0,23,2,-25,0,0,23,2,2941,0,2966,0,0,2966,0,2966,64400,5615,-70015,0,0,64400,5615,8212495,0,8282510,0,0,8282510,0,8282510
2020-03-11,2860,2860,2790,2800,5955,-0.17825311942959002,123,3,-126,0,0,184,3,5768,0,5955,61,0,5894,0,5955,343130,8390,-351520,0,0,513870,8390,16146800,0,16669060,170740,0,16498320,0,16669060
2020-03-12,2800,2820,2725,2765,8324,-1.25,210,3,-213,0,0,210,3,8111,0,8324,0,0,8324,0,8324,581945,8340,-590285,0,0,581945,8340,22361050,0,22951335,0,0,22951335,0,22951335
2020-03-13,2700,2700,2550,2630,13378,-4.882459312839059,24,2,-26,0,0,24,2,13352,0,13378,0,0,13378,0,13378,62220,5215,-67435,0,0,62220,5215,34520350,0,34587785,0,0,34587785,0,34587785
2020-03-16,2530,2650,2530,2650,5099,0.7604562737642585,-48,2,46,0,0,15,2,5082,0,5099,63,0,5036,0,5099,-121065,5185,115880,0,0,39060,5185,13172155,0,13216400,160125,0,13056275,0,13216400
2020-03-17,2610,2645,2125,2605,18800,-1.6981132075471699,-37,1,36,0,0,83,1,18716,0,18800,120,0,18680,0,18800,-88060,2305,85755,0,0,197985,2305,43327770,0,43528060,286045,0,43242015,0,43528060
2020-03-18,2605,2700,2575,2665,19643,2.3032629558541267,0,5000,-5000,0,0,0,6000,13643,0,19643,0,1000,18643,0,19643,0,13070000,-13070000,0,0,0,15720000,36144940,0,51864940,0,2650000,49214940,0,51864940
2020-03-19,2650,2650,2450,2540,11120,-4.690431519699812,747,3899,-4646,0,0,1128,6999,2993,0,11120,381,3100,7639,0,11120,1892155,9800690,-11692845,0,0,2844355,17437705,7489035,0,27771095,952200,7637015,19181880,0,27771095
2020-03-20,2540,2830,2470,2700,54692,6.299212598425196,-5,28746,-28741,0,0,25,46350,8317,0,54692,30,17604,37058,0,54692,-7330,78174210,-78166880,0,0,67085,126617405,21888235,0,148572725,74415,48443195,100055115,0,148572725
2020-03-23,2670,2670,2400,2565,11373,-5.0,4012,-4597,585,0,0,4082,3,7288,0,11373,70,4600,6703,0,11373,10472780,-11151825,679045,0,0,10646680,7560,17908300,0,28562540,173900,11159385,17229255,0,28562540
2020-03-24,2610,2715,2575,2655,18062,3.508771929824561,-692,1,691,0,0,11,1,18050,0,18062,703,0,17359,0,18062,-1805400,2575,1802825,0,0,29475,2575,48100435,0,48132485,1834875,0,46297610,0,48132485
2020-03-25,2615,2720,2615,2720,7492,2.4482109227871938,-1089,4006,-2917,0,0,21,4006,3465,0,7492,1110,0,6382,0,7492,-2897190,10730950,-7833760,0,0,55485,10730950,9174150,0,19960585,2952675,0,17007910,0,19960585
2020-03-26,2610,2765,2605,2760,13028,1.4705882352941175,-450,1,449,0,0,327,1,12700,0,13028,777,0,12251,0,13028,-1202395,2610,1199785,0,0,863125,2610,34024875,0,34890610,2065520,0,32825090,0,34890610
2020-03-27,2755,2760,2630,2740,5434,-0.7246376811594203,56,2,-58,0,0,64,2,5368,0,5434,8,0,5426,0,5434,153320,5430,-158750,0,0,175160,5430,14626140,0,14806730,21840,0,14784890,0,14806730
2020-03-30,2740,2740,2645,2705,895,-1.2773722627737227,1,-515,514,0,0,1,2,892,0,895,0,517,378,0,895,2675,-1393100,1390425,0,0,2675,5385,2401695,0,2409755,0,1398485,1011270,0,2409755
2020-03-31,2750,2750,2520,2680,8076,-0.9242144177449169,332,-1998,1666,0,0,352,2,7722,0,8076,20,2000,6056,0,8076,883195,-5301580,4418385,0,0,936895,5290,20410450,0,21352635,53700,5306870,15992065,0,21352635
2020-04-01,2700,2700,2630,2640,1773,-1.4925373134328357,-10,2,8,0,0,8,2,1763,0,1773,18,0,1755,0,1773,-26935,5310,21625,0,0,21125,5310,4665160,0,4691595,48060,0,4643535,0,4691595
2020-04-02,2680,2680,2570,2670,1255,1.1363636363636365,1,1,-2,0,0,1,1,1253,0,1255,0,0,1255,0,1255,2660,2615,-5275,0,0,2660,2615,3323860,0,3329135,0,0,3329135,0,3329135
2020-04-03,2670,2720,2640,2680,13549,0.37453183520599254,2,-7623,7621,0,0,2,2,13545,0,13549,0,7625,5924,0,13549,5315,-20199465,20194150,0,0,5315,5355,36046650,0,36057320,0,20204820,15852500,0,36057320
2020-04-06,2690,2690,2640,2680,4357,0.0,2,-2820,2818,0,0,2,1,4354,0,4357,0,2821,1536,0,4357,5330,-7482330,7477000,0,0,5330,2640,11581095,0,11589065,0,7484970,4104095,0,11589065
2020-04-07,2720,2720,2600,2705,2592,0.9328358208955223,0,-200,200,0,0,0,0,2592,0,2592,0,200,2392,0,2592,0,-543000,543000,0,0,0,0,6946300,0,6946300,0,543000,6403300,0,6946300
2020-04-08,2715,2715,2630,2710,905,0.18484288354898337,0,-730,730,0,0,0,2,903,0,905,0,732,173,0,905,0,-1968870,1968870,0,0,0,5380,2434625,0,2440005,0,1974250,465755,0,2440005
2020-04-09,2715,2715,2640,2660,4974,-1.8450184501845017,319,-998,679,0,0,319,3,4652,0,4974,0,1001,3973,0,4974,865020,-2704690,1839670,0,0,865020,8015,12476445,0,13349480,0,2712705,10636775,0,13349480
2020-04-10,2690,2715,2630,2660,4108,0.0,500,-3179,2679,0,0,500,1,3607,0,4108,0,3180,928,0,4108,1317500,-8382955,7065455,0,0,1317500,2660,9531405,0,10851565,0,8385615,2465950,0,10851565
2020-04-13,2670,2715,2650,2700,1468,1.5037593984962405,2,-485,483,0,0,2,0,1466,0,1468,0,485,983,0,1468,5315,-1305285,1299970,0,0,5315,0,3935130,0,3940445,0,1305285,2635160,0,3940445
2020-04-14,2700,2710,2680,2705,37651,0.1851851851851852,-3,-7174,7177,0,0,0,17138,20513,0,37651,3,24312,13336,0,37651,-8070,-19279620,19287690,0,0,0,46250900,55293905,0,101544805,8070,65530520,36006215,0,101544805
2020-04-16,2715,2715,2655,2700,2761,-0.18484288354898337,-146,1,145,0,0,32,1,2728,0,2761,178,0,2583,0,2761,-394295,2695,391600,0,0,86305,2695,7376645,0,7465645,480600,0,6985045,0,7465645
2020-04-17,2700,2715,2550,2700,18293,0.0,-878,-3736,4614,0,0,334,6264,11695,0,18293,1212,10000,7081,0,18293,-2313760,-10088355,12402115,0,0,901315,16911645,31056335,0,48869295,3215075,27000000,18654220,0,48869295
2020-04-20,2700,2715,2610,2705,7546,0.1851851851851852,15,-3378,3363,0,0,15,1,7530,0,7546,0,3379,4167,0,7546,40260,-9154425,9114165,0,0,40260,2665,20326955,0,20369880,0,9157090,11212790,0,20369880
2020-04-21,2705,2790,2670,2700,72975,-0.18484288354898337,2,30600,-30602,0,0,10,71601,1364,0,72975,8,41001,31966,0,72975,5250,83378890,-83384140,0,0,26850,194846620,3685195,0,198558665,21600,111467730,87069335,0,198558665
2020-04-22,2705,2750,2655,2725,7913,0.9259259259259258,2023,536,-2559,0,0,2023,1536,4354,0,7913,0,1000,6913,0,7913,5387990,1335770,-6723760,0,0,5387990,4085770,11793300,0,21267060,0,2750000,18517060,0,21267060
2020-04-23,2770,2770,2670,2730,46864,0.1834862385321101,2317,-643,-1674,0,0,2317,41967,2580,0,46864,0,42610,4254,0,46864,6238835,-1762085,-4476750,0,0,6238835,114243230,6980230,0,127462295,0,116005315,11456980,0,127462295
2020-04-24,2715,2750,2680,2735,819,0.18315018315018314,55,1,-56,0,0,55,1,763,0,819,0,0,819,0,819,148280,2685,-150965,0,0,148280,2685,2062155,0,2213120,0,0,2213120,0,2213120
2020-04-27,2770,2770,2670,2675,12606,-2.1937842778793417,0,9563,-9563,0,0,0,9963,2643,0,12606,0,400,12206,0,12606,0,25716470,-25716470,0,0,0,26800470,7163520,0,33963990,0,1084000,32879990,0,33963990
2020-04-28,2675,2755,2675,2725,6683,1.8691588785046727,50,0,-50,0,0,50,0,6633,0,6683,0,0,6683,0,6683,137000,0,-137000,0,0,137000,0,18198410,0,18335410,0,0,18335410,0,18335410
2020-04-29,2730,2755,2615,2715,2087,-0.3669724770642202,-9,1,8,0,0,1,1,2085,0,2087,10,0,2077,0,2087,-24320,2680,21640,0,0,2680,2680,5572980,0,5578340,27000,0,5551340,0,5578340
2020-05-04,2770,2770,2675,2720,1501,0.1841620626151013,-147,-98,245,0,0,21,2,1478,0,1501,168,100,1233,0,1501,-400975,-266090,667065,0,0,56825,5410,4023965,0,4086200,457800,271500,3356900,0,4086200
2020-05-06,2750,2750,2685,2720,10119,0.0,-8134,1,8133,0,0,502,1,9616,0,10119,8636,0,1483,0,10119,-21958315,2720,21955595,0,0,1363945,2720,25987540,0,27354205,23322260,0,4031945,0,27354205
2020-05-07,2720,2765,2695,2700,9558,-0.7352941176470588,4,-264,260,0,0,31,250,9277,0,9558,27,514,9017,0,9558,12305,-738500,726195,0,0,85205,675000,25197150,0,25957355,72900,1413500,24470955,0,25957355
2020-05-08,2700,2740,2675,2690,17900,-0.3703703703703704,0,2781,-2781,0,0,0,4981,12919,0,17900,0,2200,15700,0,17900,0,7489400,-7489400,0,0,0,13405000,34707775,0,48112775,0,5915600,42197175,0,48112775
2020-05-11,2735,2735,2690,2715,255,0.929368029739777,0,1,-1,0,0,0,1,254,0,255,0,0,255,0,255,0,2690,-2690,0,0,0,2690,689860,0,692550,0,0,692550,0,692550
2020-05-12,2730,2730,2640,2705,4688,-0.3683241252302026,52,-298,246,0,0,52,2,4634,0,4688,0,300,4388,0,4688,141795,-809130,667335,0,0,141795,5370,12455490,0,12602655,0,814500,11788155,0,12602655
2020-05-13,2710,2710,2635,2640,8413,-2.4029574861367835,-55,5177,-5122,0,0,1,5477,2935,0,8413,56,300,8057,0,8413,-147160,13691405,-13544245,0,0,2675,14499405,7838210,0,22340290,149835,808000,21382455,0,22340290
2020-05-14,2600,2690,2600,2660,1699,0.7575757575757576,0,841,-841,0,0,0,841,858,0,1699,0,0,1699,0,1699,0,2186640,-2186640,0,0,0,2186640,2274325,0,4460965,0,0,4460965,0,4460965
2020-05-15,2675,2675,2620,2665,7252,0.18796992481203006,9,-3090,3081,0,0,16,526,6710,0,7252,7,3616,3629,0,7252,23415,-8131655,8108240,0,0,42035,1378140,17722445,0,19142620,18620,9509795,9614205,0,19142620
2020-05-18,2665,2700,2570,2570,15175,-3.564727954971857,-864,2492,-1628,0,0,136,2492,12547,0,15175,1000,0,14175,0,15175,-2296465,6434570,-4138105,0,0,357360,6434570,32881510,0,39673440,2653825,0,37019615,0,39673440
2020-05-19,2575,2675,2575,2670,21009,3.8910505836575875,63,9819,-9882,0,0,63,10500,10446,0,21009,0,681,20328,0,21009,168060,26057595,-26225655,0,0,168060,27863250,27635715,0,55667025,0,1805655,53861370,0,55667025
2020-05-20,2655,2740,2625,2640,18113,-1.1235955056179776,150,1092,-1242,0,0,150,1092,16871,0,18113,0,0,18113,0,18113,402225,2882890,-3285115,0,0,402225,2882890,45114395,0,48399510,0,0,48399510,0,48399510
2020-05-21,2730,2730,2670,2690,9066,1.893939393939394,-172,3001,-2829,0,0,0,3001,6065,0,9066,172,0,8894,0,9066,-463540,8027715,-7564175,0,0,0,8027715,16253215,0,24280930,463540,0,23817390,0,24280930
2020-05-22,2715,2715,2670,2705,412,0.5576208178438662,56,1,-57,0,0,56,1,355,0,412,0,0,412,0,412,150980,2675,-153655,0,0,150980,2675,954950,0,1108605,0,0,1108605,0,1108605
2020-05-25,2705,2705,2635,2690,1391,-0.5545286506469501,12,2,-14,0,0,22,2,1367,0,1391,10,0,1381,0,1391,32100,5340,-37440,0,0,59000,5340,3656020,0,3720360,26900,0,3693460,0,3720360
2020-05-26,2700,2700,2650,2695,1800,0.18587360594795538,-340,1,339,0,0,0,1,1799,0,1800,340,0,1460,0,1800,-901000,2665,898335,0,0,0,2665,4798285,0,4800950,901000,0,3899950,0,4800950
2020-05-27,2695,2710,2675,2700,1603,0.1855287569573284,470,2,-672,200,0,470,2,931,200,1603,0,0,1603,0,1603,1264295,5400,-1809695,540000,0,1264295,5400,2507555,540000,4317250,0,0,4317250,0,4317250
2020-05-28,2710,2710,2665,2710,4819,0.3703703703703704,-48,-2998,3046,0,0,52,2,4765,0,4819,100,3000,1719,0,4819,-127345,-8094620,8221965,0,0,139740,5380,12862815,0,13007935,267085,8100000,4640850,0,13007935
2020-05-29,2715,2715,2650,2705,21361,-0.18450184501845018,-20,-14574,14994,-400,0,10,4926,16425,0,21361,30,19500,1431,400,21361,-54550,-38679815,39804365,-1070000,0,26600,13053925,43636175,0,56716700,81150,51733740,3831810,1070000,56716700
2020-06-01,2655,2705,2655,2700,10296,-0.18484288354898337,371,-999,628,0,0,371,1,9924,0,10296,0,1000,9296,0,10296,991885,-2702335,1710450,0,0,991885,2665,26628840,0,27623390,0,2705000,24918390,0,27623390
2020-06-02,2710,2710,2655,2700,9443,0.0,54,-1002,948,0,0,54,3,9386,0,9443,0,1005,8438,0,9443,143995,-2705490,2561495,0,0,143995,8035,25171230,0,25323260,0,2713525,22609735,0,25323260
2020-06-03,2705,2705,2650,2650,24615,-1.8518518518518516,21,-994,973,0,0,21,17506,7088,0,24615,0,18500,6115,0,24615,55665,-2637020,2581355,0,0,55665,46390985,18835700,0,65282350,0,49028005,16254345,0,65282350
2020-06-04,2665,2720,2630,2720,25143,2.6415094339622645,-886,7969,-6185,-898,0,1536,19469,4138,0,25143,2422,11500,10323,898,25143,-2382480,21516265,-16770405,-2363380,0,4170090,52503205,11089120,0,67762415,6552570,30986940,27859525,2363380,67762415
2020-06-05,2765,2765,2690,2700,31348,-0.7352941176470588,-729,6062,-5333,0,0,14,25001,6333,0,31348,743,18939,11666,0,31348,-2001645,16580710,-14579065,0,0,37890,68382700,17295295,0,85715885,2039535,51801990,31874360,0,85715885
2020-06-08,2770,2870,2660,2795,49563,3.5185185185185186,-1425,17289,-15864,0,0,275,33089,16199,0,49563,1700,15800,32063,0,49563,-3873375,47746580,-43873205,0,0,767125,91156580,44604220,0,136527925,4640500,43410000,88477425,0,136527925
2020-06-09,2795,2855,2705,2855,33244,2.146690518783542,-500,6934,-6434,0,0,0,13830,19414,0,33244,500,6896,25848,0,33244,-1422500,19449585,-18027085,0,0,0,38842665,54465040,0,93307705,1422500,19393080,72492125,0,93307705
2020-06-10,2865,2880,2800,2875,28137,0.7005253940455342,0,12353,-12353,0,0,0,24053,4084,0,28137,0,11700,16437,0,28137,0,35433475,-35433475,0,0,0,68971190,11652580,0,80623770,0,33537715,47086055,0,80623770
2020-06-11,2890,2890,2730,2730,12866,-5.043478260869565,3191,-1488,-1703,0,0,3191,4012,5663,0,12866,0,5500,7366,0,12866,8949575,-4176605,-4772970,0,0,8949575,11243395,15648290,0,35841260,0,15420000,20421260,0,35841260
2020-06-12,2720,2770,2650,2715,3992,-0.5494505494505495,62,2749,-2811,0,0,70,2749,1173,0,3992,8,0,3984,0,3992,166845,7477260,-7644105,0,0,188150,7477260,3144895,0,10810305,21305,0,10789000,0,10810305
2020-06-15,2975,2975,2610,2615,10709,-3.683241252302026,367,-31,-336,0,0,418,6,10285,0,10709,51,37,10621,0,10709,973790,-83180,-890610,0,0,1108400,15980,27245590,0,28369970,134610,99160,28136200,0,28369970
2020-06-16,2620,2680,2620,2625,3435,0.3824091778202677,-601,0,601,0,0,399,0,3036,0,3435,1000,0,2435,0,3435,-1586500,0,1586500,0,0,1045520,0,8002515,0,9048035,2632020,0,6416015,0,9048035
2020-06-17,2670,2670,2620,2655,994,1.1428571428571428,90,0,-90,0,0,90,0,904,0,994,0,0,994,0,994,235800,0,-235800,0,0,235800,0,2381550,0,2617350,0,0,2617350,0,2617350
2020-06-18,2655,2675,2655,2670,1106,0.5649717514124294,1,1,-2,0,0,1,1,1104,0,1106,0,0,1106,0,1106,2675,2675,-5350,0,0,2675,2675,2947515,0,2952865,0,0,2952865,0,2952865
2020-06-19,2670,2760,2670,2695,10134,0.9363295880149813,0,-1000,1000,0,0,0,0,10134,0,10134,0,1000,9134,0,10134,0,-2745000,2745000,0,0,0,0,27383835,0,27383835,0,2745000,24638835,0,27383835
2020-06-22,2650,2760,2650,2760,3276,2.411873840445269,0,-909,909,0,0,0,430,2846,0,3276,0,1339,1937,0,3276,0,-2490340,2490340,0,0,0,1165300,7737450,0,8902750,0,3655640,5247110,0,8902750
2020-06-23,2675,2770,2675,2760,5444,0.0,0,1016,-1016,0,0,0,1016,4428,0,5444,0,0,5444,0,5444,0,2743080,-2743080,0,0,0,2743080,12003515,0,14746595,0,0,14746595,0,14746595
2020-06-24,2700,2760,2630,2755,5004,-0.18115942028985507,34,-775,741,0,0,34,25,4945,0,5004,0,800,4204,0,5004,91970,-2097845,2005875,0,0,91970,66165,13269750,0,13427885,0,2164010,11263875,0,13427885
2020-06-25,2745,2750,2695,2750,81,-0.18148820326678766,-10,8,2,0,0,0,8,73,0,81,10,0,71,0,81,-27500,21840,5660,0,0,0,21840,199285,0,221125,27500,0,193625,0,221125
2020-06-26,2685,2765,2670,2670,191,-2.909090909090909,2,2,-4,0,0,2,2,187,0,191,0,0,191,0,191,5405,5440,-10845,0,0,5405,5440,501665,0,512510,0,0,512510,0,512510
2020-06-29,2670,2690,2620,2680,330,0.37453183520599254,0,0,0,0,0,0,0,330,0,330,0,0,330,0,330,0,0,0,0,0,0,0,876655,0,876655,0,0,876655,0,876655
2020-06-30,2680,2710,2600,2710,3067,1.1194029850746268,320,952,-1272,0,0,320,952,1795,0,3067,0,0,3067,0,3067,835200,2475255,-3310455,0,0,835200,2475255,4789465,0,8099920,0,0,8099920,0,8099920
2020-07-01,2710,2710,2690,2710,296,0.0,0,-59,59,0,0,0,1,295,0,296,0,60,236,0,296,0,-159890,159890,0,0,0,2710,798425,0,801135,0,162600,638535,0,801135
2020-07-02,2715,2790,2705,2715,105,0.18450184501845018,21,1,-22,0,0,21,1,83,0,105,0,0,105,0,105,57845,2715,-60560,0,0,57845,2715,226735,0,287295,0,0,287295,0,287295
2020-07-03,2715,2795,2635,2710,3397,-0.1841620626151013,-815,3,812,0,0,52,3,3342,0,3397,867,0,2530,0,3397,-2172620,8095,2164525,0,0,139880,8095,8973500,0,9121475,2312500,0,6808975,0,9121475
2020-07-06,2700,2710,2650,2685,321,-0.9225092250922509,0,0,0,0,0,0,0,321,0,321,0,0,321,0,321,0,0,0,0,0,0,0,869040,0,869040,0,0,869040,0,869040
2020-07-07,2685,2715,2680,2680,4067,-0.186219739292365,-861,-1500,2361,0,0,2,0,4065,0,4067,863,1500,1704,0,4067,-2311770,-4045000,6356770,0,0,5390,0,10947060,0,10952450,2317160,4045000,4590290,0,10952450
2020-07-08,2715,2715,2675,2700,3854,0.7462686567164178,0,1600,-1600,0,0,0,1600,2254,0,3854,0,0,3854,0,3854,0,4288000,-4288000,0,0,0,4288000,6063320,0,10351320,0,0,10351320,0,10351320
2020-07-09,2680,2705,2675,2700,6299,0.0,0,-389,389,0,0,0,2,6297,0,6299,0,391,5908,0,6299,0,-1052270,1052270,0,0,0,5385,16968810,0,16974195,0,1057655,15916540,0,16974195
2020-07-10,2705,2705,2670,2705,11382,0.1851851851851852,-3,2,1,0,0,209,2,11171,0,11382,212,0,11170,0,11382,-7135,5385,1750,0,0,563175,5385,29865610,0,30434170,570310,0,29863860,0,30434170
2020-07-13,2645,2865,2645,2845,37767,5.175600739371535,-301,6082,-5714,-67,0,0,6082,31685,0,37767,301,0,37399,67,37767,-844220,16915700,-15884885,-186595,0,0,16915700,88131570,0,105047270,844220,0,104016455,186595,105047270
2020-07-14,2805,2825,2745,2765,371,-2.8119507908611596,0,0,0,0,0,0,0,371,0,371,0,0,371,0,371,0,0,0,0,0,0,0,1026085,0,1026085,0,0,1026085,0,1026085
2020-07-15,2765,3195,2765,2895,103407,4.701627486437613,-1615,9678,-7063,-1000,0,156,15678,87073,500,103407,1771,6000,94136,1500,103407,-4568450,27688050,-20256880,-2862720,0,438305,44851230,254811780,1530000,301631315,5006755,17163180,275068660,4392720,301631315
2020-07-16,2900,2900,2820,2840,5444,-1.8998272884283247,33,3,-36,0,0,44,3,5397,0,5444,11,0,5433,0,5444,93490,8630,-102120,0,0,124740,8630,15380375,0,15513745,31250,0,15482495,0,15513745
2020-07-17,2950,2950,2745,2780,2777,-2.112676056338028,11,-695,684,0,0,11,0,2766,0,2777,0,695,2082,0,2777,30700,-2005075,1974375,0,0,30700,0,7885160,0,7915860,0,2005075,5910785,0,7915860
2020-07-20,2910,2910,2760,2760,2285,-0.7194244604316548,200,-368,168,0,0,210,0,2075,0,2285,10,368,1907,0,2285,581250,-1048800,467550,0,0,609950,0,5897735,0,6507685,28700,1048800,5430185,0,6507685
2020-07-21,2760,2795,2760,2795,1366,1.2681159420289856,-100,0,100,0,0,1,0,1365,0,1366,101,0,1265,0,1366,-277320,0,277320,0,0,2795,0,3806790,0,3809585,280115,0,3529470,0,3809585
2020-07-22,2945,2945,2800,2830,2838,1.2522361359570662,-245,-900,1145,0,0,13,0,2825,0,2838,258,900,1680,0,2838,-695830,-2547000,3242830,0,0,36955,0,8012385,0,8049340,732785,2547000,4769555,0,8049340
2020-07-23,2830,2830,2745,2755,6829,-2.65017667844523,-528,-2897,3425,0,0,685,3,6141,0,6829,1213,2900,2716,0,6829,-1453270,-8041625,9494895,0,0,1898710,8375,16979295,0,18886380,3351980,8050000,7484400,0,18886380
2020-07-24,2755,2780,2740,2780,432,0.9074410163339384,-59,0,59,0,0,5,0,427,0,432,64,0,368,0,432,-163130,0,163130,0,0,13775,0,1179350,0,1193125,176905,0,1016220,0,1193125
2020-07-27,2725,2900,2725,2825,4327,1.618705035971223,150,0,-150,0,0,175,0,4152,0,4327,25,0,4302,0,4327,424895,0,-424895,0,0,495270,0,11779290,0,12274560,70375,0,12204185,0,12274560
2020-07-28,2850,2890,2750,2755,2910,-2.47787610619469,-375,-998,1373,0,0,0,2,2908,0,2910,375,1000,1535,0,2910,-1043230,-2785585,3828815,0,0,0,5600,8133705,0,8139305,1043230,2791185,4304890,0,8139305
2020-07-29,2755,2830,2725,2805,1797,1.8148820326678767,0,0,0,0,0,0,0,1797,0,1797,0,0,1797,0,1797,0,0,0,0,0,0,0,5004260,0,5004260,0,0,5004260,0,5004260
2020-07-30,2805,2890,2790,2790,818,-0.53475935828877,0,2,-2,0,0,0,2,816,0,818,0,0,818,0,818,0,5585,-5585,0,0,0,5585,2295050,0,2300635,0,0,2300635,0,2300635
2020-07-31,2790,3620,2760,2975,201201,6.630824372759856,-15622,-999,16621,0,0,20,1,201180,0,201201,15642,1000,184559,0,201201,-45196700,-2972205,48168905,0,0,67300,2795,631530055,0,631600150,45264000,2975000,583361150,0,631600150
2020-08-03,2970,2970,2860,2920,16796,-1.8487394957983194,315,-5297,4982,0,0,315,3,16478,0,16796,0,5300,11496,0,16796,904330,-15414315,14509985,0,0,904330,8685,47965145,0,48878160,0,15423000,33455160,0,48878160
2020-08-04,2960,2960,2860,2875,9160,-1.5410958904109588,6,-2496,2490,0,0,6,4,9150,0,9160,0,2500,6660,0,9160,17635,-7281000,7263365,0,0,17635,11500,26528640,0,26557775,0,7292500,19265275,0,26557775
2020-08-05,2875,2920,2850,2865,9416,-0.34782608695652173,318,1,-319,0,0,618,1,8797,0,9416,300,0,9116,0,9416,915840,2875,-918715,0,0,1770845,2875,25229980,0,27003700,855005,0,26148695,0,27003700
2020-08-06,2865,2930,2845,2885,3717,0.6980802792321117,516,0,-517,1,0,516,0,3200,1,3717,0,0,3717,0,3717,1478640,0,-1481515,2875,0,1478640,0,9311935,2875,10793450,0,0,10793450,0,10793450
2020-08-07,2885,2950,2865,2920,46634,1.2131715771230502,-140,0,140,0,0,345,0,46289,0,46634,485,0,46149,0,46634,-426375,0,426375,0,0,992600,0,133207805,0,134200405,1418975,0,132781430,0,134200405
2020-08-10,2920,2945,2890,2895,4650,-0.8561643835616438,-25,0,26,-1,0,10,0,4640,0,4650,35,0,4614,1,4650,-72225,0,75125,-2900,0,29100,0,13504845,0,13533945,101325,0,13429720,2900,13533945
2020-08-11,2915,2980,2890,2925,14676,1.0362694300518136,1729,-4000,2271,0,0,1730,0,12946,0,14676,1,4000,10675,0,14676,5012690,-11636725,6624035,0,0,5015600,0,37700625,0,42716225,2910,11636725,31076590,0,42716225
2020-08-12,2950,3375,2850,2935,136278,0.3418803418803419,450,0,-450,0,0,470,0,135808,0,136278,20,0,136258,0,136278,1306365,0,-1306365,0,0,1370415,0,417233475,0,418603890,64050,0,418539840,0,418603890
2020-08-13,2935,2980,2930,2965,25806,1.0221465076660987,6597,-9700,3103,0,0,6597,0,19209,0,25806,0,9700,16106,0,25806,19372265,-28585510,9213245,0,0,19372265,0,56736710,0,76108975,0,28585510,47523465,0,76108975
2020-08-14,2965,2985,2930,2930,9552,-1.1804384485666104,640,-1000,360,0,0,640,0,8912,0,9552,0,1000,8552,0,9552,1878415,-2940000,1061585,0,0,1878415,0,26258140,0,28136555,0,2940000,25196555,0,28136555
2020-08-18,2905,2935,2670,2670,26875,-8.873720136518772,3391,2000,-5391,0,0,3392,3000,20483,0,26875,1,1000,25874,0,26875,9587125,5314350,-14901475,0,0,9589930,8220000,58351790,0,76161720,2805,2905650,73253265,0,76161720
2020-08-19,2675,2830,2675,2800,4221,4.868913857677903,195,0,-277,82,0,1110,0,3029,82,4221,915,0,3306,0,4221,514435,0,-745195,230760,0,3091350,0,8473695,230760,11795805,2576915,0,9218890,0,11795805
2020-08-20,2810,2810,2675,2680,6664,-4.285714285714286,2622,0,-2622,0,0,3093,0,3571,0,6664,471,0,6193,0,6664,7115585,0,-7115585,0,0,8382835,0,9650455,0,18033290,1267250,0,16766040,0,18033290
2020-08-21,2700,2735,2695,2700,2935,0.7462686567164178,-33,0,33,0,0,323,0,2612,0,2935,356,0,2579,0,2935,-95395,0,95395,0,0,870495,0,7059865,0,7930360,965890,0,6964470,0,7930360
2020-08-24,2700,2735,2700,2735,1627,1.2962962962962963,-881,1,880,0,0,0,1,1626,0,1627,881,0,746,0,1627,-2403735,2730,2401005,0,0,0,2730,4427795,0,4430525,2403735,0,2026790,0,4430525
2020-08-25,2730,2770,2730,2770,4466,1.2797074954296161,-2941,0,2941,0,0,59,0,4407,0,4466,3000,0,1466,0,4466,-8106360,0,8106360,0,0,161730,0,12131570,0,12293300,8268090,0,4025210,0,12293300
2020-08-26,2780,2780,2710,2730,7006,-1.444043321299639,765,-1997,1232,0,0,2601,3,4402,0,7006,1836,2000,3170,0,7006,2093770,-5450290,3356520,0,0,7146835,8270,12090130,0,19245235,5053065,5458560,8733610,0,19245235
2020-08-27,2750,2755,2705,2735,6739,0.18315018315018314,590,-3199,2609,0,0,2941,1,3797,0,6739,2351,3200,1188,0,6739,1556000,-8705800,7149800,0,0,8016740,2735,10394900,0,18414375,6460740,8708535,3245100,0,18414375
2020-08-28,2740,2750,2720,2750,3452,0.5484460694698354,-1593,-1000,2593,0,0,548,0,2904,0,3452,2141,1000,311,0,3452,-4372320,-2727745,7100065,0,0,1495510,0,7952120,0,9447630,5867830,2727745,852055,0,9447630
2020-08-31,2750,2760,2715,2740,3691,-0.36363636363636365,1122,-399,-725,2,0,1559,1,2129,2,3691,437,400,2854,0,3691,3056800,-1085120,-1977180,5500,0,4258440,2730,5818805,5500,10085475,1201640,1087850,7795985,0,10085475
2020-09-01,2750,2750,2700,2710,4167,-1.094890510948905,-196,0,194,2,0,1379,0,2786,2,4167,1575,0,2592,0,4167,-555020,0,549520,5500,0,3737225,0,7589840,5500,11332565,4292245,0,7040320,0,11332565
2020-09-02,2735,2740,2710,2740,3921,1.107011070110701,-116,0,194,-78,0,310,0,3609,2,3921,426,0,3415,80,3921,-322500,0,535030,-212530,0,841115,0,9810190,5470,10656775,1163615,0,9275160,218000,10656775
2020-09-03,2760,2880,2760,2860,21776,4.37956204379562,-132,6768,-6636,0,0,12,18568,3196,0,21776,144,11800,9832,0,21776,-363175,19165265,-18802090,0,0,34265,52765430,9004020,0,61803715,397440,33600165,27806110,0,61803715
2020-09-04,2830,2860,2820,2855,8035,-0.17482517482517482,13,427,-440,0,0,13,3927,4095,0,8035,0,3500,4535,0,8035,36825,1219010,-1255835,0,0,36825,11201905,11833140,0,23071870,0,9982895,13088975,0,23071870
2020-09-07,2975,2975,2860,2945,21794,3.1523642732049035,1,8469,-8470,0,0,2,18678,3114,0,21794,1,10209,11584,0,21794,2900,24795185,-24798085,0,0,5825,54669930,9109240,0,63784995,2925,29874745,33907325,0,63784995
2020-09-08,3045,3075,2900,2950,24430,0.1697792869269949,325,8637,-8962,0,0,741,14337,9352,0,24430,416,5700,18314,0,24430,974105,25550685,-26524790,0,0,2201305,42422465,27963775,0,72587545,1227200,16871780,54488565,0,72587545
2020-09-09,2995,3040,2905,3000,41650,1.694915254237288,11,-5134,5123,0,0,12,16773,24865,0,41650,1,21907,19742,0,41650,32385,-16771495,16739110,0,0,35380,49889535,79329135,0,129254050,2995,66661030,62590025,0,129254050
2020-09-10,3120,3300,2940,2950,79490,-1.6666666666666667,49,-3400,3351,0,0,364,5000,74126,0,79490,315,8400,70775,0,79490,136790,-9635175,9498385,0,0,1090445,15295000,231184320,0,247569765,953655,24930175,221685935,0,247569765
2020-09-11,2950,3035,2820,2965,16636,0.5084745762711864,-3940,-2320,6260,0,0,31,1000,15605,0,16636,3971,3320,9345,0,16636,-11653510,-6836000,18489510,0,0,89715,2850000,45749115,0,48688830,11743225,9686000,27259605,0,48688830
2020-09-14,2995,2995,2955,2970,6079,0.16863406408094433,-422,-3328,3750,0,0,12,0,6067,0,6079,434,3328,2317,0,6079,-1251420,-9857660,11109080,0,0,35580,0,17976485,0,18012065,1287000,9857660,6867405,0,18012065
2020-09-15,2970,3040,2955,2970,4439,0.0,-56,0,612,-556,0,11,0,4428,0,4439,67,0,3816,556,4439,-165710,0,1817030,-1651320,0,32655,0,13120935,0,13153590,198365,0,11303905,1651320,13153590
2020-09-16,2970,2985,2900,2955,13204,-0.5050505050505051,-479,1500,-1021,0,0,11,8000,5193,0,13204,490,6500,6214,0,13204,-1420680,4455150,-3034470,0,0,32610,23785000,15218120,0,39035730,1453290,19329850,18252590,0,39035730
2020-09-17,2995,3020,2955,2970,15784,0.5076142131979695,-349,9600,-7807,-1444,0,11,15000,773,0,15784,360,5400,8580,1444,15784,-1043210,28777550,-23404280,-4330060,0,32510,44940000,2311990,0,47284500,1075720,16162450,25716270,4330060,47284500
2020-09-18,3025,3025,2940,2965,31333,-0.16835016835016833,-658,14201,-13543,0,0,28,28001,3304,0,31333,686,13800,16847,0,31333,-1983395,42845600,-40862205,0,0,83845,84357950,9865675,0,94307470,2067240,41512350,50727880,0,94307470
2020-09-21,2965,3085,2955,3070,76925,3.541315345699832,-653,-4107,4760,0,0,11,32000,44914,0,76925,664,36107,40154,0,76925,-2004725,-12285005,14289730,0,0,32730,98135000,137122270,0,235290000,2037455,110420005,122832540,0,235290000
2020-09-22,3030,3500,2995,3220,122404,4.88599348534202,-5928,18263,-12336,1,0,814,20331,101258,1,122404,6742,2068,113594,0,122404,-18235520,56235265,-38002965,3220,0,2638030,63473265,328706460,3220,394820975,20873550,7238000,366709425,0,394820975
2020-09-23,3260,3285,3045,3100,53165,-3.7267080745341614,-1,-8899,8890,10,0,12,11553,41590,10,53165,13,20452,32700,0,53165,-2105,-27391430,27362435,31100,0,38440,36749405,130803055,31100,167622000,40545,64140835,103440620,0,167622000
2020-09-24,3095,3095,2910,2960,44095,-4.516129032258064,20607,-3260,-17357,10,0,20608,4,23473,10,44095,1,3264,40830,0,44095,60199385,-9685890,-50542995,29500,0,60202360,11870,69574170,29500,129817900,2975,9697760,120117165,0,129817900
2020-09-25,2960,3080,2930,3000,3318,1.3513513513513513,-503,0,503,0,0,10,0,3308,0,3318,513,0,2805,0,3318,-1509450,0,1509450,0,0,29600,0,9978555,0,10008155,1539050,0,8469105,0,10008155
2020-09-28,3295,3295,2970,2990,11703,-0.33333333333333337,-451,1,450,0,0,49,1,11653,0,11703,500,0,11203,0,11703,-1347925,2995,1344930,0,0,147075,2995,35736515,0,35886585,1495000,0,34391585,0,35886585
2020-09-29,2990,3040,2980,2980,6260,-0.33444816053511706,361,0,-361,0,0,361,0,5899,0,6260,0,0,6260,0,6260,1077635,0,-1077635,0,0,1077635,0,17610550,0,18688185,0,0,18688185,0,18688185
2020-10-05,2985,2995,2965,2970,7620,-0.33557046979865773,-2724,0,2724,0,0,3282,0,4338,0,7620,6006,0,1614,0,7620,-8108005,0,8108005,0,0,9747980,0,12913250,0,22661230,17855985,0,4805245,0,22661230
2020-10-06,2970,3025,2970,3000,4024,1.0101010101010102,-801,0,801,0,0,57,0,3967,0,4024,858,0,3166,0,4024,-2410030,0,2410030,0,0,170380,0,11900785,0,12071165,2580410,0,9490755,0,12071165
2020-10-07,2995,3015,2970,3010,521,0.33333333333333337,11,0,-11,0,0,11,0,510,0,521,0,0,521,0,521,32925,0,-32925,0,0,32925,0,1525645,0,1558570,0,0,1558570,0,1558570
2020-10-08,3010,3040,2995,3035,5458,0.8305647840531563,-657,0,657,0,0,300,0,5158,0,5458,957,0,4501,0,5458,-1977575,0,1977575,0,0,903100,0,15535245,0,16438345,2880675,0,13557670,0,16438345
2020-10-12,3045,3180,3000,3055,12196,0.6589785831960462,4982,0,-4982,0,0,5010,0,7186,0,12196,28,0,12168,0,12196,15628920,0,-15628920,0,0,15716430,0,22124950,0,37841380,87510,0,37753870,0,37841380
2020-10-13,3170,3200,3025,3025,19215,-0.9819967266775778,1827,0,-1827,0,0,2646,0,16569,0,19215,819,0,18396,0,19215,5481430,0,-5481430,0,0,8053085,0,50914520,0,58967605,2571655,0,56395950,0,58967605
2020-10-14,3085,3085,3000,3025,6356,0.0,68,0,-68,0,0,68,0,6288,0,6356,0,0,6356,0,6356,204895,0,-204895,0,0,204895,0,18976285,0,19181180,0,0,19181180,0,19181180
2020-10-15,2995,3070,2995,3035,5295,0.3305785123966942,-9,0,9,0,0,11,0,5284,0,5295,20,0,5275,0,5295,-28405,0,28405,0,0,32995,0,16097400,0,16130395,61400,0,16068995,0,16130395
2020-10-16,3035,3080,3000,3015,14609,-0.6589785831960462,-4646,0,4646,0,0,354,0,14255,0,14609,5000,0,9609,0,14609,-14031245,0,14031245,0,0,1068755,0,43013140,0,44081895,15100000,0,28981895,0,44081895
2020-10-19,3015,3500,3015,3400,149562,12.769485903814262,-19129,-263,19393,-1,0,22,0,148940,600,149562,19151,263,129547,601,149562,-63422190,-920500,64274380,68310,0,69835,0,492976875,1995000,495041710,63492025,920500,428702495,1926690,495041710
2020-10-20,3300,3400,3050,3120,24636,-8.235294117647058,301,0,-301,0,0,456,0,24180,0,24636,155,0,24481,0,24636,956925,0,-956925,0,0,1461095,0,75891640,0,77352735,504170,0,76848565,0,77352735
2020-10-21,3120,3180,3080,3140,42327,0.641025641025641,14631,263,-14895,1,0,14688,263,27375,1,42327,57,0,42270,0,42327,45618335,812670,-46434125,3120,0,45797590,812670,85045710,3120,131659090,179255,0,131479835,0,131659090
2020-10-22,3180,3180,3085,3145,13141,0.15923566878980894,8338,0,-8339,1,0,8338,0,4802,1,13141,0,0,13141,0,13141,25848250,0,-25851430,3180,0,25848250,0,14921850,3180,40773280,0,0,40773280,0,40773280
2020-10-23,3090,3240,3085,3190,12597,1.4308426073131957,572,0,-573,1,0,736,0,11860,1,12597,164,0,12433,0,12597,1842895,0,-1845985,3090,0,2356100,0,37329190,3090,39688380,513205,0,39175175,0,39688380
2020-10-26,3130,3195,3055,3055,28421,-4.231974921630094,-3329,-7291,10609,11,0,1752,2,26656,11,28421,5081,7293,16047,0,28421,-10107045,-22490985,32564350,33680,0,5465845,6150,82368430,33680,87874105,15572890,22497135,49804080,0,87874105
2020-10-27,3040,3080,3010,3055,32360,0.0,-2547,-498,2709,336,0,2529,3502,25993,336,32360,5076,4000,23284,0,32360,-7662355,-1538990,8176545,1024800,0,7672095,10576070,78879680,1024800,98152645,15334450,12115060,70703135,0,98152645
2020-10-28,3070,3080,3020,3060,26361,0.16366612111292964,244,-3998,3754,0,0,1264,2,25095,0,26361,1020,4000,21341,0,26361,697115,-12193935,11496820,0,0,3828415,6065,76605665,0,80440145,3131300,12200000,65108845,0,80440145
2020-10-29,3020,3055,2950,2960,33113,-3.2679738562091507,6449,-4996,-1355,-98,0,6636,1004,25471,2,33113,187,6000,26826,100,33113,19294615,-15011790,-3987845,-294980,0,19860015,2961935,76177695,6020,99005665,565400,17973725,80165540,301000,99005665
2020-10-30,2970,3020,2675,2770,128689,-6.418918918918918,4611,1868,-6993,514,0,5439,5000,117552,698,128689,828,3132,124545,184,128689,13073225,4820670,-19285685,1391790,0,15559210,13970000,328722825,1894630,360146665,2485985,9149330,348008510,502840,360146665
2020-11-02,2805,2880,2795,2840,19786,2.527075812274368,3852,0,-3516,-336,0,4532,0,15253,1,19786,680,0,18769,337,19786,10862260,0,-9906770,-955490,0,12807260,0,43182410,2805,55992475,1945000,0,53089180,958295,55992475
2020-11-03,2845,2930,2815,2875,17285,1.232394366197183,-3369,1,3779,-411,0,1687,1,15596,1,17285,5056,0,11817,412,17285,-9650140,2820,10822805,-1175485,0,4794970,2820,44681195,2845,49481830,14445110,0,33858390,1178330,49481830
2020-11-04,2925,2965,2875,2940,7051,2.2608695652173916,900,0,-901,1,0,900,0,6150,1,7051,0,0,7051,0,7051,2615200,0,-2618125,2925,0,2615200,0,17872995,2925,20491120,0,0,20491120,0,20491120
2020-11-05,2900,2945,2890,2935,4477,-0.17006802721088435,236,0,-236,0,0,379,0,4098,0,4477,143,0,4334,0,4477,685105,0,-685105,0,0,1104130,0,11920785,0,13024915,419025,0,12605890,0,13024915
2020-11-06,2935,2950,2880,2925,19062,-0.34071550255536626,11116,-7497,-4327,708,0,11116,503,6735,708,19062,0,8000,11062,0,19062,32080270,-21620190,-12506200,2046120,0,32080270,1448695,19571830,2046120,55146915,0,23068885,32078030,0,55146915
2020-11-09,2925,2990,2875,2990,10138,2.2222222222222223,-40,1,78,-39,0,261,1,9774,102,10138,301,0,9696,141,10138,-137490,2895,247845,-113250,0,761935,2895,28705240,299880,29769950,899425,0,28457395,413130,29769950
2020-11-10,3170,3175,3015,3050,49533,2.0066889632107023,-6543,-4000,11212,-669,0,1348,0,48185,0,49533,7891,4000,36973,669,49533,-20663860,-12137270,34899345,-2098215,0,4138440,0,149159320,0,153297760,24802300,12137270,114259975,2098215,153297760
2020-11-11,3050,3110,2975,3085,45217,1.1475409836065573,13583,-2000,-11583,0,0,17635,0,27582,0,45217,4052,2000,39165,0,45217,41441910,-6150750,-35291160,0,0,53948400,0,84816975,0,138765375,12506490,6150750,120108135,0,138765375
2020-11-12,3085,3095,3035,3080,4750,-0.1620745542949757,47,0,-47,0,0,48,0,4702,0,4750,1,0,4749,0,4750,144445,0,-144445,0,0,147515,0,14463740,0,14611255,3070,0,14608185,0,14611255
2020-11-13,3080,3125,3075,3105,3310,0.8116883116883116,11,0,-11,0,0,11,0,3299,0,3310,0,0,3310,0,3310,34100,0,-34100,0,0,34100,0,10212390,0,10246490,0,0,10246490,0,10246490
2020-11-16,3140,3140,3080,3130,8982,0.8051529790660225,-453,0,453,0,0,0,0,8982,0,8982,453,0,8529,0,8982,-1400900,0,1400900,0,0,0,0,27882050,0,27882050,1400900,0,26481150,0,27882050
2020-11-17,3130,3135,3050,3110,11026,-0.6389776357827476,-83,0,83,0,0,245,0,10781,0,11026,328,0,10698,0,11026,-253930,0,253930,0,0,755875,0,33516860,0,34272735,1009805,0,33262930,0,34272735
2020-11-18,3070,3105,3025,3055,5624,-1.7684887459807075,-38,0,37,1,0,242,0,5381,1,5624,280,0,5344,0,5624,-118000,0,114930,3070,0,742600,0,16513195,3070,17258865,860600,0,16398265,0,17258865
2020-11-19,3060,3110,3060,3100,7354,1.4729950900163666,34,0,-34,0,0,83,0,7271,0,7354,49,0,7305,0,7354,106455,0,-106455,0,0,256570,0,22498535,0,22755105,150115,0,22604990,0,22755105
2020-11-20,3145,3170,3030,3090,9922,-0.3225806451612903,1019,3,-1023,1,0,1311,3,8607,1,9922,292,0,9630,0,9922,3143020,9220,-3155385,3145,0,4048635,9220,27106910,3145,31167910,905615,0,30262295,0,31167910
2020-11-23,3090,3185,3035,3115,10249,0.8090614886731391,-1362,0,1361,1,0,862,0,9386,1,10249,2224,0,8025,0,10249,-4207540,0,4204450,3090,0,2661685,0,29049970,3090,31714745,6869225,0,24845520,0,31714745
2020-11-24,3165,3165,3105,3115,6418,0.0,1033,0,-1033,0,0,1171,0,5247,0,6418,138,0,6280,0,6418,3213255,0,-3213255,0,0,3645070,0,16381875,0,20026945,431815,0,19595130,0,20026945
2020-11-25,3120,3120,3085,3115,7939,0.0,382,1,-383,0,0,3425,1,4513,0,7939,3043,0,4896,0,7939,1209040,3095,-1212135,0,0,10634435,3095,13993745,0,24631275,9425395,0,15205880,0,24631275
2020-11-26,3115,3125,3080,3090,7605,-0.8025682182985553,1640,1,-1641,0,0,2156,1,5448,0,7605,516,0,7089,0,7605,5068830,3090,-5071920,0,0,6671450,3090,16845090,0,23519630,1602620,0,21917010,0,23519630
2020-11-27,3090,3120,3090,3120,9991,0.9708737864077669,1698,0,-1698,0,0,3287,0,6704,0,9991,1589,0,8402,0,9991,5297290,0,-5297290,0,0,10223280,0,20784580,0,31007860,4925990,0,26081870,0,31007860
2020-11-30,3100,3110,3075,3075,4594,-1.4423076923076923,125,2,-127,0,0,390,2,4202,0,4594,265,0,4329,0,4594,380565,6180,-386745,0,0,1201630,6180,12976920,0,14184730,821065,0,13363665,0,14184730
2020-12-01,3075,3190,3065,3100,71624,0.8130081300813009,58,500,-558,0,0,523,500,70601,0,71624,465,0,71159,0,71624,166385,1535000,-1701385,0,0,1613235,1535000,220365990,0,223514225,1446850,0,222067375,0,223514225
2020-12-02,3100,3200,3095,3125,21655,0.8064516129032258,3986,-5000,1014,0,0,3986,0,17669,0,21655,0,5000,16655,0,21655,12664690,-15583790,2919100,0,0,12664690,0,55308440,0,67973130,0,15583790,52389340,0,67973130
2020-12-03,3160,3200,3095,3195,33722,2.2399999999999998,8612,-2400,-6212,0,0,9084,0,24638,0,33722,472,2400,30850,0,33722,27069210,-7496595,-19572615,0,0,28560410,0,77636190,0,106196600,1491200,7496595,97208805,0,106196600
2020-12-04,3250,3280,3125,3150,61149,-1.4084507042253522,-223,-4000,4223,0,0,0,0,61149,0,61149,223,4000,56926,0,61149,-719945,-12614550,13334495,0,0,0,0,194482675,0,194482675,719945,12614550,181148180,0,194482675
2020-12-07,3150,3190,3085,3115,24799,-1.1111111111111112,5024,-8000,2976,0,0,5027,0,19772,0,24799,3,8000,16796,0,24799,15643175,-24841215,9198040,0,0,15652580,0,61558760,0,77211340,9405,24841215,52360720,0,77211340
2020-12-08,3115,3135,3060,3060,11467,-1.7656500802568218,243,-4500,4257,0,0,243,500,10724,0,11467,0,5000,6467,0,11467,748065,-13821765,13073700,0,0,748065,1535000,33105575,0,35388640,0,15356765,20031875,0,35388640
2020-12-09,3135,3135,3080,3095,7684,1.1437908496732025,1331,-4411,3080,0,0,1561,1589,4534,0,7684,230,6000,1454,0,7684,4108245,-13600830,9492585,0,0,4822335,4894120,14003020,0,23719475,714090,18494950,4510435,0,23719475
2020-12-10,3130,3130,3065,3065,5081,-0.9693053311793215,318,-2055,1737,0,0,318,0,4763,0,5081,0,2055,3026,0,5081,986965,-6306215,5319250,0,0,986965,0,14638940,0,15625905,0,6306215,9319690,0,15625905
2020-12-11,3160,3160,3080,3095,12848,0.9787928221859705,358,-10000,9642,0,0,590,0,12258,0,12848,232,10000,2616,0,12848,1121960,-30985050,29863090,0,0,1840300,0,38041315,0,39881615,718340,30985050,8178225,0,39881615
2020-12-14,3090,3100,3020,3060,29277,-1.1308562197092082,297,-23796,23498,1,0,648,2200,26428,1,29277,351,25996,2930,0,29277,900305,-72706615,71803250,3060,0,1968070,6765000,80783100,3060,89519230,1067765,79471615,8979850,0,89519230
2020-12-15,3060,3075,3000,3070,20161,0.32679738562091504,-346,-13998,14344,0,0,654,2,19505,0,20161,1000,14000,5161,0,20161,-1071595,-42240595,43312190,0,0,1963405,6030,58906310,0,60875745,3035000,42246625,15594120,0,60875745
2020-12-16,3070,3090,3000,3035,8809,-1.1400651465798046,471,-3661,3190,0,0,1471,2,7336,0,8809,1000,3663,4146,0,8809,1391945,-11139635,9747690,0,0,4461945,6025,22282595,0,26750565,3070000,11145660,12534905,0,26750565
2020-12-17,3020,3085,3005,3020,27371,-0.4942339373970346,16282,-21937,5655,0,0,16348,1707,9316,0,27371,66,23644,3661,0,27371,49383885,-66503155,17119270,0,0,49584525,5135680,28216430,0,82936635,200640,71638835,11097160,0,82936635
2020-12-18,3020,3100,2990,3030,35171,0.33112582781456956,9227,-29762,20535,0,0,9801,0,25370,0,35171,574,29762,4835,0,35171,27798720,-89591685,61792965,0,0,29541455,0,76594330,0,106135785,1742735,89591685,14801365,0,106135785
2020-12-21,3035,3035,2950,2980,39325,-1.65016501650165,7512,-12232,4720,0,0,7684,1268,30373,0,39325,172,13500,25653,0,39325,22506275,-36608370,14102095,0,0,23021695,3794300,90491370,0,117307365,515420,40402670,76389275,0,117307365
2020-12-22,2960,2985,2945,2950,18405,-1.006711409395973,2893,-8744,5851,0,0,3629,256,14520,0,18405,736,9000,8669,0,18405,8565295,-25873995,17308700,0,0,10755995,753945,43014660,0,54524600,2190700,26627940,25705960,0,54524600
2020-12-23,2955,2955,2900,2935,78304,-0.5084745762711864,16962,-66596,49634,0,0,23665,0,54639,0,78304,6703,66596,5005,0,78304,49561780,-194006470,144444690,0,0,69222585,0,159053920,0,228276505,19660805,194006470,14609230,0,228276505
2020-12-24,2935,2995,2935,2950,14184,0.5110732538330494,-555,-10184,10739,0,0,562,750,12872,0,14184,1117,10934,2133,0,14184,-1644810,-30050860,31695670,0,0,1654655,2211980,38031785,0,41898420,3299465,32262840,6336115,0,41898420
2020-12-28,3055,3055,2965,2990,24825,1.3559322033898304,4817,-10701,5163,721,0,5627,0,18477,721,24825,810,10701,13314,0,24825,14338840,-31853675,15369705,2145130,0,16813390,0,55170345,2145130,74128865,2474550,31853675,39800640,0,74128865
2020-12-29,2985,2985,2900,2935,22473,-1.839464882943144,2959,-12097,8867,271,0,3075,3,18705,690,22473,116,12100,9838,419,22473,8667745,-35293460,25843245,782470,0,9008920,8835,54699965,2011350,65729070,341175,35302295,28856720,1228880,65729070
2020-12-30,2930,2940,2905,2935,20981,0.0,3079,-13999,11321,-401,0,3810,1,17170,0,20981,731,14000,5849,401,20981,8997645,-40774180,32947455,-1170920,0,11142040,2910,50015030,0,61159980,2144395,40777090,17067575,1170920,61159980
2021-01-04,2940,3035,2910,2995,19699,2.0442930153321974,-2834,-5000,7113,721,0,345,0,18633,721,19699,3179,5000,11520,0,19699,-8299185,-14643635,20807645,2135175,0,1012505,0,54796885,2135175,57944565,9311690,14643635,33989240,0,57944565
2021-01-05,2995,3000,2900,2990,19038,-0.1669449081803005,-236,-10000,10881,-645,0,598,0,18439,1,19038,834,10000,7558,646,19038,-707805,-29299545,31890910,-1883560,0,1780795,0,54334435,2960,56118190,2488600,29299545,22443525,1886520,56118190
2021-01-06,2990,3035,2955,2975,49626,-0.5016722408026756,28099,-4611,-23872,384,0,30864,0,18041,721,49626,2765,4611,41913,337,49626,84222505,-13726890,-71622145,1126530,0,92539225,0,53985680,2134160,148659065,8316720,13726890,125607825,1007630,148659065
2021-01-07,3005,3005,2965,2990,28278,0.5042016806722689,3371,-12000,9124,-495,0,3471,0,24252,555,28278,100,12000,15128,1050,28278,10029995,-35672975,27102165,-1459185,0,10328000,0,72380455,1664565,84373020,298005,35672975,45278290,3123750,84373020
2021-01-08,2990,3000,2940,2965,20863,-0.8361204013377926,-421,-9000,9234,187,0,468,0,20208,187,20863,889,9000,10974,0,20863,-1270785,-26553300,27272435,551650,0,1379325,0,59807205,551650,61738180,2650110,26553300,32534770,0,61738180
2021-01-11,2975,2980,2875,2950,11699,-0.5059021922428331,1090,-3139,1600,449,0,1152,0,9911,636,11699,62,3139,8311,187,11699,3192605,-9187650,4680410,1314635,0,3375505,0,28987535,1863480,34226520,182900,9187650,24307125,548845,34226520
2021-01-12,2950,2980,2900,2975,21277,0.847457627118644,3961,-8000,4540,-501,0,4097,0,17045,135,21277,136,8000,12505,636,21277,11739840,-23301505,13029595,-1467930,0,12140105,0,49788075,395550,62323730,400265,23301505,36758480,1863480,62323730
2021-01-13,2970,3080,2930,3005,31956,1.0084033613445378,8475,-11000,2660,-135,0,8818,0,23138,0,31956,343,11000,20478,135,31956,25291500,-32746515,7853255,-398240,0,26318360,0,69074005,0,95392365,1026860,32746515,61220750,398240,95392365
2021-01-14,3010,3080,2970,3055,50352,1.6638935108153077,-8503,-6000,13789,714,0,3627,0,46011,714,50352,12130,6000,32222,0,50352,-25505895,-18025595,41386780,2144710,0,11005805,0,139208645,2144710,152359160,36511700,18025595,97821865,0,152359160
2021-01-15,3085,3100,2990,3020,16090,-1.1456628477905073,1030,-4998,4265,-297,0,1353,2,14735,0,16090,323,5000,10470,297,16090,3096910,-15010210,12807270,-893970,0,4070265,6015,44432090,0,48508370,973355,15016225,31624820,893970,48508370
2021-01-18,3065,3065,2960,3000,16771,-0.6622516556291391,647,-5998,6058,-707,0,847,2,15922,0,16771,200,6000,9864,707,16771,1914175,-17810085,17995790,-2099880,0,2508195,5965,47511640,0,50025800,594020,17816050,29515850,2099880,50025800
2021-01-19,3035,3035,2965,3010,13395,0.33333333333333337,2405,-3999,873,721,0,2405,1,10268,721,13395,0,4000,9395,0,13395,7168945,-11899450,2568955,2161550,0,7168945,2985,30695340,2161550,40028820,0,11902435,28126385,0,40028820
2021-01-20,3010,3035,2970,2980,25881,-0.9966777408637874,964,-21923,21680,-721,0,1064,2,24815,0,25881,100,21925,3135,721,25881,2872985,-65150140,64425905,-2148750,0,3170990,5960,73791700,0,76968650,298005,65156100,9365795,2148750,76968650
2021-01-21,2995,3000,2965,3000,12184,0.6711409395973155,-1279,1,661,617,0,75,1,11387,721,12184,1354,0,10726,104,12184,-3805745,2965,1959625,1843155,0,223550,2965,33960645,2153075,36340235,4029295,0,32001020,309920,36340235
2021-01-22,3030,3030,2965,3005,12005,0.16666666666666669,3093,2,-2884,-211,0,3303,2,8700,0,12005,210,0,11584,211,12005,9200555,5955,-8574565,-631945,0,9834430,5955,26108730,0,35949115,633875,0,34683295,631945,35949115
2021-01-25,3005,3035,2990,3015,8355,0.33277870216306155,1125,1,-1052,-74,0,1505,1,6649,200,8355,380,0,7701,274,8355,3381840,2990,-3168900,-215930,0,4521840,2990,19993185,604000,25122015,1140000,0,23162085,819930,25122015
2021-01-26,3020,3025,2995,3015,646565,0.0,-637042,635292,331,1419,0,164,635292,9293,1816,646565,637206,0,8962,397,646565,-1920669190,1915405360,978675,4285155,0,492955,1915405360,27959110,5484000,1949341425,1921162145,0,26980435,1198845,1949341425
2021-01-27,3065,3065,2995,3000,9760,-0.4975124378109453,-66,-754,820,0,0,42,0,9718,0,9760,108,754,8898,0,9760,-199010,-2269540,2468550,0,0,126020,0,29202565,0,29328585,325030,2269540,26734015,0,29328585
2021-01-28,2985,3020,2970,2990,20706,-0.33333333333333337,-9669,0,9667,2,0,2293,0,18411,2,20706,11962,0,8744,0,20706,-29084950,0,29078935,6015,0,6840450,0,55299055,6015,62145520,35925400,0,26220120,0,62145520
2021-01-29,3055,3225,2970,2980,87786,-0.33444816053511706,-3782,0,5798,-2016,0,212,0,87574,0,87786,3994,0,81776,2016,87786,-11787935,0,18189775,-6401840,0,631415,0,269621880,0,270253295,12419350,0,251432105,6401840,270253295
2021-02-01,2980,3040,2960,3040,12592,2.013422818791946,445,-1000,555,0,0,560,0,12032,0,12592,115,1000,11477,0,12592,1347540,-3030000,1682460,0,0,1693615,0,36127005,0,37820620,346075,3030000,34444545,0,37820620
2021-02-02,3050,3085,3020,3055,25810,0.4934210526315789,18820,-19210,390,0,0,18820,0,6990,0,25810,0,19210,6600,0,25810,57018560,-58205555,1186995,0,0,57018560,0,21282965,0,78301525,0,58205555,20095970,0,78301525
2021-02-03,3075,3080,3010,3020,13416,-1.1456628477905073,550,-8453,7903,0,0,645,0,12771,0,13416,95,8453,4868,0,13416,1664050,-25627415,23963365,0,0,1951625,0,38725440,0,40677065,287575,25627415,14762075,0,40677065
2021-02-04,3090,3090,3020,3030,12017,0.33112582781456956,6,-6000,5994,0,0,6,0,12011,0,12017,0,6000,6017,0,12017,18220,-18140210,18121990,0,0,18220,0,36450670,0,36468890,0,18140210,18328680,0,36468890
2021-02-05,3015,3075,3015,3025,9052,-0.16501650165016502,631,-4967,4336,0,0,631,33,8388,0,9052,0,5000,4052,0,9052,1924525,-14983870,13059345,0,0,1924525,100320,25367200,0,27392045,0,15084190,12307855,0,27392045
2021-02-08,3040,3040,3010,3030,22618,0.1652892561983471,-1373,-13031,14404,0,0,1127,2,21489,0,22618,2500,13033,7085,0,22618,-4128105,-39239455,43367560,0,0,3397365,6040,64769115,0,68172520,7525470,39245495,21401555,0,68172520
2021-02-09,3015,3045,3010,3015,31730,-0.49504950495049505,2290,-26998,24708,0,0,2290,1002,28438,0,31730,0,28000,3730,0,31730,6907395,-81293895,74386500,0,0,6907395,3021040,85683915,0,95612350,0,84314935,11297415,0,95612350
2021-02-10,3060,3060,3005,3025,43416,0.33167495854063017,2100,-26301,24201,0,0,2302,8002,33112,0,43416,202,34303,8911,0,43416,6326640,-79181095,72854455,0,0,6935670,24086020,99696300,0,130717990,609030,103267115,26841845,0,130717990
2021-02-15,3015,3055,3010,3025,9933,0.0,638,0,-638,0,0,638,0,9295,0,9933,0,0,9933,0,9933,1929740,0,-1929740,0,0,1929740,0,28123060,0,30052800,0,0,30052800,0,30052800
2021-02-16,3030,3060,3025,3060,7766,1.1570247933884297,88,0,-88,0,0,1079,0,6687,0,7766,991,0,6775,0,7766,285195,0,-285195,0,0,3289755,0,20289475,0,23579230,3004560,0,20574670,0,23579230
2021-02-17,3070,3070,3035,3065,9835,0.16339869281045752,2499,1,-2500,0,0,2506,1,7328,0,9835,7,0,9828,0,9835,7636910,3035,-7639945,0,0,7658300,3035,22373615,0,30034950,21390,0,30013560,0,30034950
2021-02-18,3070,3110,3070,3110,20842,1.468189233278956,-494,0,494,0,0,300,0,20542,0,20842,794,0,20048,0,20842,-1528525,0,1528525,0,0,927000,0,63475640,0,64402640,2455525,0,61947115,0,64402640
2021-02-19,3110,3130,3045,3130,39489,0.6430868167202572,-10806,2,10804,0,0,9209,2,30278,0,39489,20015,0,19474,0,39489,-33171095,6145,33164950,0,0,28690715,6145,93576960,0,122273820,61861810,0,60412010,0,122273820
2021-02-22,3130,3160,3080,3160,29699,0.9584664536741214,7181,0,-7181,0,0,8681,0,21018,0,29699,1500,0,28199,0,29699,22544935,0,-22544935,0,0,27258075,0,66041865,0,93299940,4713140,0,88586800,0,93299940
2021-02-23,3115,3175,3115,3155,21493,-0.15822784810126583,-9313,0,9313,0,0,1092,0,20401,0,21493,10405,0,11088,0,21493,-29423830,0,29423830,0,0,3429045,0,64238915,0,67667960,32852875,0,34815085,0,67667960
2021-02-24,3155,3230,3000,3080,35293,-2.3771790808240887,1184,1000,-2928,744,0,2146,1000,31403,744,35293,962,0,34331,0,35293,3714485,3000000,-9086660,2372175,0,6790885,3000000,98651385,2372175,110814445,3076400,0,107738045,0,110814445
2021-02-25,3100,3140,3080,3120,16110,1.2987012987012987,-820,0,806,14,0,4330,0,11649,131,16110,5150,0,10843,117,16110,-2673595,0,2633305,40290,0,13379405,0,36234235,404745,50018385,16053000,0,33600930,364455,50018385
2021-02-26,3100,3100,3040,3090,17969,-0.9615384615384616,-6650,0,7210,-560,0,4059,0,13910,0,17969,10709,0,6700,560,17969,-20267720,0,21988500,-1720780,0,12419450,0,42588665,0,55008115,32687170,0,20600165,1720780,55008115
2021-03-02,3090,3155,3090,3130,25159,1.2944983818770228,-13798,0,10693,3105,0,29,0,21909,3221,25159,13827,0,11216,116,25159,-43102925,0,33395965,9706960,0,90535,0,68471920,10065720,78628175,43193460,0,35075955,358760,78628175
2021-03-03,3150,3170,3110,3160,10132,0.9584664536741214,-102,0,-568,670,0,36,0,9426,670,10132,138,0,9994,0,10132,-324800,0,-1791900,2116700,0,112660,0,29526885,2116700,31756245,437460,0,31318785,0,31756245
2021-03-04,3170,3170,3110,3140,4514,-0.6329113924050633,1124,0,-1023,-101,0,1124,0,3390,0,4514,0,0,4413,101,4514,3528870,0,-3212235,-316635,0,3528870,0,10663685,0,14192555,0,0,13875920,316635,14192555
2021-03-05,3150,3160,3030,3105,4260,-1.1146496815286624,1098,0,-756,-342,0,1193,0,3067,0,4260,95,0,3823,342,4260,3417260,0,-2351930,-1065330,0,3713185,0,9497060,0,13210245,295925,0,11848990,1065330,13210245
2021-03-08,3105,3170,3105,3125,5307,0.644122383252818,2292,0,-2113,-179,0,2302,0,2987,18,5307,10,0,5100,197,5307,7218180,0,-6652035,-566145,0,7249320,0,9382380,56375,16688075,31140,0,16034415,622520,16688075
2021-03-09,3140,3140,3040,3070,18535,-1.76,-2108,0,2138,-30,0,3509,0,15026,0,18535,5617,0,12888,30,18535,-6495410,0,6588110,-92700,0,10799615,0,46097865,0,56897480,17295025,0,39509755,92700,56897480
2021-03-10,3140,3140,3060,3060,13315,-0.32573289902280134,-10106,0,10106,0,0,769,0,12546,0,13315,10875,0,2440,0,13315,-31195950,0,31195950,0,0,2360545,0,38688185,0,41048730,33556495,0,7492235,0,41048730
2021-03-11,3070,3135,3060,3085,27670,0.8169934640522877,-844,0,-200,1044,0,3400,0,23223,1047,27670,4244,0,23423,3,27670,-2803300,0,-427810,3231110,0,10485685,0,71777145,3240465,85503295,13288985,0,72204955,9355,85503295
2021-03-12,3090,3190,3070,3165,25496,2.593192868719611,-341,0,341,0,0,149,0,25347,0,25496,490,0,25006,0,25496,-1083235,0,1083235,0,0,458500,0,79291275,0,79749775,1541735,0,78208040,0,79749775
2021-03-15,3185,3230,3165,3210,19482,1.4218009478672986,4266,0,-4071,-195,0,4379,0,15103,0,19482,113,0,19174,195,19482,13644155,0,-13020745,-623410,0,14005870,0,48346230,0,62352100,361715,0,61366975,623410,62352100
2021-03-16,3235,3300,3180,3215,13783,0.1557632398753894,409,0,-406,-3,0,577,0,13206,0,13783,168,0,13612,3,13783,1325265,0,-1315635,-9630,0,1872115,0,42448675,0,44320790,546850,0,43764310,9630,44320790
2021-03-17,3215,3285,3200,3245,15487,0.9331259720062209,2914,0,-2906,-8,0,2914,0,12573,0,15487,0,0,15479,8,15487,9498840,0,-9472620,-26220,0,9498840,0,40828975,0,50327815,0,0,50301595,26220,50327815
2021-03-18,3285,3300,3225,3250,18000,0.15408320493066258,455,0,-456,1,0,455,0,17544,1,18000,0,0,18000,0,18000,1475905,0,-1479175,3270,0,1475905,0,56951205,3270,58430380,0,0,58430380,0,58430380
2021-03-19,3280,3280,3200,3275,21767,0.7692307692307693,4071,3,-4199,125,0,4201,3,17360,203,21767,130,0,21559,78,21767,13119210,9665,-13537230,408355,0,13539190,9665,56024185,658735,70231775,419980,0,69561415,250380,70231775
2021-03-22,3285,3350,3215,3285,18547,0.3053435114503817,5576,0,-5576,0,0,6453,0,12094,0,18547,877,0,17670,0,18547,18125950,0,-18125950,0,0,21063250,0,39557320,0,60620570,2937300,0,57683270,0,60620570
2021-03-23,3330,3330,3240,3260,16148,-0.76103500761035,1189,0,-971,-218,0,2146,0,14002,0,16148,957,0,14973,218,16148,3851250,0,-3138730,-712520,0,6986745,0,45765810,0,52752555,3135495,0,48904540,712520,52752555
2021-03-24,3320,3320,3240,3275,14957,0.4601226993865031,-2506,0,3126,-620,0,155,0,14802,0,14957,2661,0,11676,620,14957,-8188850,0,10234990,-2046140,0,505455,0,48716870,0,49222325,8694305,0,38481880,2046140,49222325
2021-03-25,3330,3330,3240,3280,9951,0.15267175572519084,3562,1,-3559,-4,0,3567,1,6383,0,9951,5,0,9942,4,9951,11671880,3255,-11661895,-13240,0,11688255,3255,20932530,0,32624040,16375,0,32594425,13240,32624040
2021-03-26,3290,3335,3250,3310,19014,0.9146341463414633,-532,0,482,50,0,2187,0,16777,50,19014,2719,0,16295,0,19014,-1803565,0,1637565,166000,0,7170480,0,55081155,166000,62417635,8974045,0,53443590,0,62417635
2021-03-29,3310,3380,3295,3340,19360,0.906344410876133,-865,0,864,1,0,2350,0,17009,1,19360,3215,0,16145,0,19360,-2957700,0,2954355,3345,0,7817650,0,56891395,3345,64712390,10775350,0,53937040,0,64712390
2021-03-30,3380,3390,3335,3340,16601,0.0,4468,0,-4450,-18,0,5178,0,11423,0,16601,710,0,15873,18,16601,14912990,0,-14852580,-60410,0,17298815,0,38277175,0,55575990,2385825,0,53129755,60410,55575990
2021-03-31,3340,3435,3315,3400,21689,1.7964071856287425,-1579,0,1579,0,0,1764,0,19925,0,21689,3343,0,18346,0,21689,-5442480,0,5442480,0,0,5952110,0,67541880,0,73493990,11394590,0,62099400,0,73493990
2021-04-01,3405,3450,3350,3430,45267,0.8823529411764706,2190,7354,-9544,0,0,5771,7354,32142,0,45267,3581,0,41686,0,45267,7502390,25044335,-32546725,0,0,19645375,25044335,109683105,0,154372815,12142985,0,142229830,0,154372815
2021-04-02,3485,3500,3400,3470,41545,1.1661807580174928,-69,6000,-6561,630,0,3960,6000,30955,630,41545,4029,0,37516,0,41545,-222710,20610000,-22557640,2170350,0,13689530,20610000,107302060,2170350,143771940,13912240,0,129859700,0,143771940
2021-04-05,3485,3505,3455,3500,19673,0.8645533141210375,2376,3000,-5236,-140,0,3522,3000,13151,0,19673,1146,0,18387,140,19673,8293135,10380000,-18186635,-486500,0,12265115,10380000,45816945,0,68462060,3971980,0,64003580,486500,68462060
2021-04-06,3520,3570,3420,3515,37244,0.4285714285714286,2780,3000,-5637,-143,0,6970,3000,27273,1,37244,4190,0,32910,144,37244,9774270,10515000,-19784540,-504730,0,24412825,10515000,95587445,3485,130518755,14638555,0,115371985,508215,130518755
2021-04-07,3540,3550,3400,3520,69246,0.1422475106685633,-8851,3000,6414,-563,0,8100,3000,58144,2,69246,16951,0,51730,565,69246,-30702745,10260000,22387525,-1944780,0,27995045,10260000,201582085,6830,239843960,58697790,0,179194560,1951610,239843960
2021-04-08,3505,3565,3460,3565,51877,1.278409090909091,4043,3000,-7066,23,0,12797,3000,36056,24,51877,8754,0,43122,1,51877,14110220,10410000,-24601140,80920,0,44723010,10410000,126515505,84480,181732995,30612790,0,151116645,3560,181732995
2021-04-09,3465,3595,3460,3570,27443,0.1402524544179523,111,0,-212,101,0,2334,0,25008,101,27443,2223,0,25220,0,27443,381370,0,-737415,356045,0,8267940,0,88059245,356045,96683230,7886570,0,88796660,0,96683230
2021-04-12,3570,3640,3510,3585,35604,0.42016806722689076,-248,0,248,0,0,5416,0,30188,0,35604,5664,0,29940,0,35604,-962785,0,962785,0,0,19173730,0,107417885,0,126591615,20136515,0,106455100,0,126591615
2021-04-13,3620,3620,3490,3600,73823,0.41841004184100417,4061,6,-3891,-176,0,13375,6,60340,102,73823,9314,0,64231,278,73823,14700160,21490,-14077655,-643995,0,47545275,21490,215237785,358585,263163135,32845115,0,229315440,1002580,263163135
2021-04-14,3610,3655,3530,3630,81831,0.8333333333333334,2309,0,-1782,-527,0,18306,0,63391,134,81831,15997,0,65173,661,81831,8412325,0,-6481165,-1931160,0,65734510,0,228513670,477755,294725935,57322185,0,234994835,2408915,294725935
2021-04-15,3580,3750,3580,3750,44701,3.3057851239669422,9452,0,-9452,0,0,12629,0,32072,0,44701,3177,0,41524,0,44701,34641210,0,-34641210,0,0,46308270,0,117683900,0,163992170,11667060,0,152325110,0,163992170
2021-04-16,3690,3860,3690,3815,33392,1.7333333333333332,-25,0,-128,153,0,3000,0,30213,179,33392,3025,0,30341,26,33392,-110105,0,-475840,585945,0,11432595,0,115104485,685915,127222995,11542700,0,115580325,99970,127222995
2021-04-19,3825,4340,3825,4000,254631,4.849279161205767,944,0,1501,-2445,0,23695,600,217975,12361,254631,22751,600,216474,14806,254631,727460,15000,10773215,-11515675,0,94087630,2430000,884582575,49139245,1030239450,93360170,2415000,873809360,60654920,1030239450
2021-04-20,4015,4050,3930,3985,37216,-0.375,509,0,-3135,2626,0,4329,0,30194,2693,37216,3820,0,33329,67,37216,1976450,0,-12394035,10417585,0,17120785,0,120139165,10688135,147948085,15144335,0,132533200,270550,147948085
2021-04-21,3985,3985,3800,3865,59226,-3.0112923462986196,6378,3,-8575,2194,0,14060,3,41895,3268,59226,7682,0,50470,1074,59226,24635360,11735,-33136975,8489880,0,54154720,11735,162011780,12678465,228856700,29519360,0,195148755,4188585,228856700
2021-04-22,3940,3960,3870,3890,24101,0.646830530401035,2049,0,-3852,1803,0,3262,0,18752,2087,24101,1213,0,22604,284,24101,7955950,0,-14946615,6990665,0,12698500,0,73157960,8107390,93963850,4742550,0,88104575,1116725,93963850
2021-04-23,3890,3890,3800,3840,39199,-1.2853470437017995,1241,0,-4838,3597,0,9490,0,25361,4348,39199,8249,0,30199,751,39199,4636490,0,-18346145,13709655,0,36182955,0,96928945,16586380,149698280,31546465,0,115275090,2876725,149698280
2021-04-26,3850,3850,3735,3755,50661,-2.213541666666667,-8061,2,892,7167,0,12795,2,30198,7666,50661,20856,0,29306,499,50661,-30320605,7585,3275670,27037350,0,48121820,7585,114163015,28936330,191228750,78442425,0,110887345,1898980,191228750
2021-04-27,3755,3785,3710,3750,24960,-0.13315579227696406,2724,1,-6098,3373,0,5510,1,14932,4517,24960,2786,0,21030,1144,24960,10132390,3720,-22730660,12594550,0,20547095,3720,55759915,16863770,93174500,10414705,0,78490575,4269220,93174500
2021-04-28,3755,3785,3710,3730,20239,-0.5333333333333333,3597,0,-6944,3347,0,6516,0,8982,4741,20239,2919,0,15926,1394,20239,13398560,0,-25907930,12509370,0,24317485,0,33553175,17696575,75567235,10918925,0,59461105,5187205,75567235
2021-04-29,3725,3730,3655,3710,16838,-0.5361930294906166,-1572,0,-502,2074,0,1724,0,12187,2927,16838,3296,0,12689,853,16838,-5786945,0,-1891045,7677990,0,6385365,0,44895605,10832635,62113605,12172310,0,46786650,3154645,62113605
2021-04-30,3705,3785,3680,3710,25922,0.0,3626,0,-8272,4646,0,6971,0,13692,5259,25922,3345,0,21964,613,25922,13531100,0,-30812545,17281445,0,25984670,0,50951580,19570090,96506340,12453570,0,81764125,2288645,96506340
2021-05-03,3710,3810,3665,3800,24603,2.4258760107816713,1310,0,-6706,5396,0,3506,0,15316,5781,24603,2196,0,22022,385,24603,4912670,0,-25233165,20320495,0,13193775,0,57490970,21760420,92445165,8281105,0,82724135,1439925,92445165
2021-05-04,3850,3850,3715,3750,19552,-1.3157894736842104,5318,1,-5971,652,0,6416,1,10815,2320,19552,1098,0,16786,1668,19552,20213315,3740,-22535685,2318630,0,24352655,3740,40782765,8695440,73834600,4139340,0,63318450,6376810,73834600
2021-05-06,3750,3950,3750,3865,43176,3.0666666666666664,-205,0,-9819,10024,0,7774,0,24867,10535,43176,7979,0,34686,511,43176,-697655,0,-38058770,38756425,0,30134700,0,96256665,40755070,167146435,30832355,0,134315435,1998645,167146435
2021-05-07,3950,4050,3880,3995,46008,3.363518758085381,-2720,-202,-4656,7578,0,3995,0,32506,9507,46008,6715,202,37162,1929,46008,-11018965,-810080,-18538000,30367045,0,15903715,0,129855655,38027870,183787240,26922680,810080,148393655,7660825,183787240
2021-05-10,4050,4050,3900,3935,57269,-1.5018773466833542,2878,4,-882,-2000,0,9376,4,43557,4332,57269,6498,0,44439,6332,57269,11412075,15810,-3266930,-8160955,0,37156785,15810,172826520,17103030,227102145,25744710,0,176093450,25263985,227102145
2021-05-11,3935,4045,3905,4030,48006,2.41423125794155,397,0,-15532,15135,0,3061,0,29078,15867,48006,2664,0,44610,732,48006,1604160,0,-62458235,60854075,0,12300255,0,116644060,63780735,192725050,10696095,0,179102295,2926660,192725050
2021-05-12,4060,4060,3940,4030,24712,0.0,3977,3,-3152,-828,0,7220,3,16255,1234,24712,3243,0,19407,2062,24712,15804970,11915,-12460685,-3356200,0,28685280,11915,64799230,4916105,98412530,12880310,0,77259915,8272305,98412530
2021-05-13,4020,4300,3970,4190,124534,3.970223325062035,-2689,0,-7658,10347,0,10494,0,94349,19691,124534,13183,0,102007,9344,124534,-11532440,0,-31726145,43258585,0,43632725,0,395002620,82258800,520894145,55165165,0,426728765,39000215,520894145
2021-05-14,4165,4250,4035,4080,49144,-2.6252983293556085,8667,0,-4961,-3706,0,13906,0,32547,2691,49144,5239,0,37508,6397,49144,36123185,0,-20571210,-15551975,0,57682220,0,134442540,11025515,203150275,21559035,0,155013750,26577490,203150275
2021-05-17,4300,4300,4105,4220,53572,3.431372549019608,-688,0,-1288,1976,0,10475,0,32208,10889,53572,11163,0,33496,8913,53572,-2959230,0,-5208620,8167850,0,43372025,0,133984345,45334325,222690695,46331255,0,139192965,37166475,222690695
2021-05-18,4265,4310,4090,4180,37091,-0.9478672985781991,2641,2,-3027,384,0,8824,2,24677,3588,37091,6183,0,27704,3204,37091,11025415,8340,-12510220,1476465,0,36785905,8340,103058895,14903730,154756870,25760490,0,115569115,13427265,154756870
2021-05-20,4170,4180,4090,4115,30923,-1.555023923444976,6299,2,-8684,2383,0,11014,2,16938,2969,30923,4715,0,25622,586,30923,25955920,8240,-35762890,9798730,0,45364645,8240,69784120,12232980,127389985,19408725,0,105547010,2434250,127389985
2021-05-21,4150,4150,4000,4015,31704,-2.4301336573511545,449,1,-1010,560,0,6305,1,20836,4562,31704,5856,0,21846,4002,31704,1822255,4070,-3954830,2128505,0,25440130,4070,84228385,18388870,128061455,23617875,0,88183215,16260365,128061455
2021-05-24,3960,4030,3955,4000,13260,-0.37359900373599003,-682,1,-532,1213,0,1691,1,10013,1555,13260,2373,0,10545,342,13260,-2698580,3980,-2120335,4814935,0,6708055,3980,39804865,6174570,52691470,9406635,0,41925200,1359635,52691470
2021-05-25,4010,4050,3965,4045,20240,1.125,1402,0,-4837,3435,0,2017,0,14483,3740,20240,615,0,19320,305,20240,5612640,0,-19394990,13782350,0,8082465,0,58069225,15008920,81160610,2469825,0,77464215,1226570,81160610
2021-05-26,4060,4060,4000,4045,17715,0.0,3563,2,-7084,3519,0,5306,2,8448,3959,17715,1743,0,15532,440,17715,14293390,8025,-28517180,14215765,0,21346500,8025,34038840,15990510,71383875,7053110,0,62556020,1774745,71383875
2021-05-27,4045,4140,4040,4095,20752,1.2360939431396787,-445,0,-1825,2270,0,4025,0,13535,3192,20752,4470,0,15360,922,20752,-1836235,0,-7329935,9166170,0,16339635,0,55104395,12970355,84414385,18175870,0,62434330,3804185,84414385
2021-05-28,4095,4160,4065,4085,26763,-0.2442002442002442,725,0,548,-1273,0,4549,0,19860,2354,26763,3824,0,19312,3627,26763,3013820,0,2231255,-5245075,0,18686045,0,81609295,9650335,109945675,15672225,0,79378040,14895410,109945675
2021-05-31,4160,4315,4095,4250,51751,4.039167686658507,-789,-398,-7563,8750,0,16341,0,23262,12148,51751,17130,398,30825,3398,51751,-3164255,-1691375,-32413980,37269610,0,69283905,0,97847705,51452165,218583775,72448160,1691375,130261685,14182555,218583775
2021-06-01,4350,4385,4225,4340,52244,2.1176470588235294,4664,0,-14277,9613,0,14804,0,25913,11527,52244,10140,0,40190,1914,52244,20490770,0,-62508835,42018065,0,64241905,0,112144190,50248450,226634545,43751135,0,174653025,8230385,226634545
2021-06-02,4425,4870,4405,4870,501914,12.211981566820276,-25486,-400,37185,-11299,0,23214,0,461611,17089,501914,48700,400,424426,28388,501914,-119648470,-1946000,174340690,-52746220,0,109176980,0,2193315255,79559305,2382051540,228825450,1946000,2018974565,132305525,2382051540
2021-06-03,4970,6330,4885,5150,2520068,5.749486652977413,6614,-46508,53215,-13321,0,57940,1,2400268,61859,2520068,51326,46509,2347053,75180,2520068,20883505,-258175070,310450760,-73159195,0,305158225,6330,13697381445,343835485,14346381485,284274720,258181400,13386930685,416994680,14346381485
2021-06-04,5180,5180,4900,4910,380227,-4.660194174757281,-2421,200,12822,-10601,0,94627,200,277272,8128,380227,97048,0,264450,18729,380227,-9505775,1000000,61103610,-52597835,0,469792990,1000000,1379623800,40736280,1891153070,479298765,0,1318520190,93334115,1891153070
2021-06-07,4955,4970,4640,4650,178649,-5.295315682281059,-17250,6,6398,10846,0,24074,6,140071,14498,178649,41324,0,133673,3652,178649,-83295280,28170,32046365,51220745,0,114081485,28170,666445805,68827750,849383210,197376765,0,634399440,17607005,849383210
2021-06-08,4650,4890,4585,4790,114065,3.010752688172043,3849,0,-16545,12696,0,19056,0,79645,15364,114065,15207,0,96190,2668,114065,18484675,0,-78836110,60351435,0,91152380,0,377910070,72783995,541846445,72667705,0,456746180,12432560,541846445
2021-06-09,4885,5100,4800,5040,179595,5.219206680584551,12034,0,-26167,14133,0,15397,0,143564,20634,179595,3363,0,169731,6501,179595,60091735,0,-129759200,69667465,0,76800610,0,714179625,101946870,892927105,16708875,0,843938825,32279405,892927105
2021-06-10,5120,5350,4995,5190,285440,2.976190476190476,23283,-4713,-10025,-8545,0,34430,0,233116,17894,285440,11147,4713,243141,26439,285440,122503900,-25044270,-51312970,-46146660,0,179802510,0,1212009165,92412700,1484224375,57298610,25044270,1263322135,138559360,1484224375
2021-06-11,5250,5280,4975,5140,80026,-0.9633911368015413,6895,0,-7454,559,0,10753,0,63653,5620,80026,3858,0,71107,5061,80026,34630975,0,-37230010,2599035,0,54039885,0,320904545,28366380,403310810,19408910,0,358134555,25767345,403310810
2021-06-14,5150,5150,5020,5110,59256,-0.5836575875486382,-9648,200,10957,-1509,0,1486,200,55890,1680,59256,11134,0,44933,3189,59256,-48757360,1016000,55513700,-7772340,0,7521500,1016000,283193690,8520060,300251250,56278860,0,227679990,16292400,300251250
2021-06-15,5110,5120,4960,5090,54673,-0.3913894324853229,-5974,1,-2423,8396,0,2507,1,42785,9380,54673,8481,0,45208,984,54673,-29898840,5060,-12450805,42344585,0,12665895,5060,215784710,47298720,275754385,42564735,0,228235515,4954135,275754385
2021-06-16,5090,5090,5000,5010,46272,-1.5717092337917484,784,1,-2046,1261,0,4661,1,39231,2379,46272,3877,0,41277,1118,46272,3859160,5010,-10209490,6345320,0,23428600,5010,196899000,11964680,232297290,19569440,0,207108490,5619360,232297290
2021-06-17,5130,5130,4965,5030,42177,0.39920159680638717,-6158,0,9746,-3588,0,1352,0,38619,2206,42177,7510,0,28873,5794,42177,-30686080,0,48635290,-17949210,0,6733285,0,192580595,10993025,210306905,37419365,0,143945305,28942235,210306905
2021-06-18,5060,5060,4900,5030,35473,0.0,1284,0,973,-2257,0,4000,0,31021,452,35473,2716,0,30048,2709,35473,6437415,0,4837625,-11275040,0,19832690,0,154370495,2248660,176451845,13395275,0,149532870,13523700,176451845
2021-06-21,5050,5050,4795,4915,58105,-2.286282306163022,-7685,3330,1621,2734,0,2642,3330,45186,6947,58105,10327,0,43565,4213,58105,-37669410,16119700,8238885,13310825,0,12941455,16119700,219988380,34084500,283134035,50610865,0,211749495,20773675,283134035
2021-06-22,5100,5100,4920,4935,25925,0.40691759918616477,-3781,800,6608,-3627,0,1448,1000,22358,1119,25925,5229,200,15750,4746,25925,-18697265,3960000,32819895,-18082630,0,7202100,4980000,110941470,5532040,128655610,25899365,1020000,78121575,23614670,128655610
2021-06-23,4930,4930,4835,4860,30812,-1.5197568389057752,2247,1000,-1761,-1486,0,2631,1000,25879,1302,30812,384,0,27640,2788,30812,10900755,4860000,-8484010,-7276745,0,12767025,4860000,125563560,6311950,149502535,1866270,0,134047570,13588695,149502535
2021-06-24,4815,4840,4450,4720,42051,-2.880658436213992,-9746,1300,8396,50,0,5519,1300,32774,2458,42051,15265,0,24378,2408,42051,-45989385,6128400,39647985,213000,0,26131915,6128400,155053600,11676460,198990375,72121300,0,115405615,11463460,198990375
2021-06-25,4795,4900,4695,4830,24633,2.330508474576271,-22,0,-708,730,0,1557,0,19654,3422,24633,1579,0,20362,2692,24633,-85115,0,-3329310,3414425,0,7498600,0,94371770,16388530,118258900,7583715,0,97701080,12974105,118258900
2021-06-28,4850,4895,4830,4855,14245,0.5175983436853002,3071,0,-2532,-539,0,3170,0,10406,669,14245,99,0,12938,1208,14245,14956565,0,-12330335,-2626230,0,15438505,0,50727960,3241535,69408000,481940,0,63058295,5867765,69408000
2021-06-29,4900,4935,4725,4810,12761,-0.9268795056642637,-2326,5,2555,-234,0,1082,5,10900,774,12761,3408,0,8345,1008,12761,-11271320,24090,12385375,-1138145,0,5204460,24090,52698350,3726810,61653710,16475780,0,40312975,4864955,61653710
2021-06-30,4805,4805,4750,4780,19160,-0.6237006237006237,-24,2,-255,277,0,847,2,17577,734,19160,871,0,17832,457,19160,-118370,9515,-1207975,1316830,0,4039270,9515,83819550,3500755,91369090,4157640,0,85027525,2183925,91369090
2021-07-01,4785,4900,4700,4840,25647,1.2552301255230125,6459,0,-6762,303,0,9649,0,13158,2840,25647,3190,0,19920,2537,25647,30654385,0,-32060200,1405815,0,45992480,0,63249915,13530290,122772685,15338095,0,95310115,12124475,122772685
2021-07-02,4900,4900,4800,4800,8572,-0.8264462809917356,-672,0,1869,-1197,0,704,0,7745,123,8572,1376,0,5876,1320,8572,-3233880,0,8994595,-5760715,0,3392685,0,37271950,590965,41255600,6626565,0,28277355,6351680,41255600
2021-07-05,4870,4870,4790,4805,10001,0.10416666666666667,2099,0,-391,-1708,0,2389,0,7609,3,10001,290,0,8000,1711,10001,10061675,0,-1856020,-8205655,0,11456545,0,36561505,14460,48032510,1394870,0,38417525,8220115,48032510
2021-07-06,4815,4815,4765,4770,15994,-0.72840790842872,-790,1,-4469,5258,0,683,1,9762,5548,15994,1473,0,14231,290,15994,-3767060,4770,-21313930,25076220,0,3262220,4770,46619400,26467705,76354095,7029280,0,67933330,1391485,76354095
2021-07-07,4805,4805,4700,4740,14072,-0.628930817610063,2821,3,-210,-2614,0,3618,3,10440,11,14072,797,0,10650,2625,14072,13322775,14190,-971740,-12365225,0,17083225,14190,49677100,52055,66826570,3760450,0,50648840,12417280,66826570
2021-07-08,4740,4745,4505,4605,49048,-2.848101265822785,9873,4,-9778,-99,0,26340,4,19057,3647,49048,16467,0,28835,3746,49048,45937090,18565,-45227455,-728200,0,121195165,18565,87689650,16646470,225549850,75258075,0,132917105,17374670,225549850
2021-07-09,4480,4585,4465,4490,26582,-2.49728555917481,-430,2003,-2593,1020,0,5145,2003,15073,4361,26582,5575,0,17666,3341,26582,-1912040,8993485,-11651750,4570305,0,23089395,8993485,67588775,19560715,119232370,25001435,0,79240525,14990410,119232370
2021-07-12,4590,4590,4530,4575,11509,1.893095768374165,-1578,0,156,1422,0,1875,0,8031,1603,11509,3453,0,7875,181,11509,-7181055,0,715510,6465545,0,8528670,0,36546890,7289120,52364680,15709725,0,35831380,823575,52364680
2021-07-13,4485,4605,4485,4595,6148,0.4371584699453552,-615,0,635,-20,0,691,0,5036,421,6148,1306,0,4401,441,6148,-2834545,0,2926255,-91710,0,3161345,0,23067265,1930010,28158620,5995890,0,20141010,2021720,28158620
2021-07-14,4640,4640,4525,4535,14909,-1.3057671381936888,5479,3,-5962,480,0,7015,3,6730,1161,14909,1536,0,12692,681,14909,25068030,13630,-27307645,2225985,0,32073985,13630,30602925,5360325,68050865,7005955,0,57910570,3134340,68050865
2021-07-15,4600,4600,4435,4490,10960,-0.9922822491730982,824,1,1169,-1994,0,1783,1,9050,126,10960,959,0,7881,2120,10960,3678640,4485,5263895,-8947020,0,8019285,4485,40597930,564340,49186040,4340645,0,35334035,9511360,49186040
2021-07-16,4530,4530,4410,4475,18978,-0.33407572383073497,-1347,2,3084,-1739,0,7467,2,11335,174,18978,8814,0,8251,1913,18978,-5968975,8835,13685080,-7724940,0,33079345,8835,50438285,773355,84299820,39048320,0,36753205,8498295,84299820
2021-07-19,4335,4465,4310,4310,32028,-3.687150837988827,-4586,5,5626,-1045,0,4692,5,27174,157,32028,9278,0,21548,1202,32028,-19890320,21700,24397945,-4529325,0,20339125,21700,117934555,683550,138978930,40229445,0,93536610,5212875,138978930
2021-07-20,4305,4305,4230,4275,17073,-0.8120649651972157,539,2,2368,-2909,0,578,2,16486,7,17073,39,0,14118,2916,17073,2299425,8510,10064405,-12372340,0,2465185,8510,70213805,29835,72717335,165760,0,60149400,12402175,72717335
2021-07-21,4275,4330,4210,4210,19806,-1.5204678362573099,2314,0,-1842,-472,0,6022,0,13686,98,19806,3708,0,15528,570,19806,9826250,0,-7831625,-1994625,0,25474585,0,58074860,417875,83967320,15648335,0,65906485,2412500,83967320
2021-07-22,4185,4355,4185,4230,25624,0.4750593824228029,882,0,-1710,828,0,5972,0,18506,1146,25624,5090,0,20216,318,25624,3775375,0,-7253160,3477785,0,25324805,0,78844600,4851185,109020590,21549430,0,86097760,1373400,109020590
2021-07-23,4380,4380,4210,4270,5370,0.9456264775413712,-723,0,802,-79,0,943,0,4203,224,5370,1666,0,3401,303,5370,-3071675,0,3441335,-369660,0,3996385,0,17862545,946150,22805080,7068060,0,14421210,1315810,22805080
2021-07-26,4310,4310,4215,4245,12309,-0.5854800936768151,1191,0,-915,-276,0,2596,0,9582,131,12309,1405,0,10497,407,12309,5074765,0,-3880345,-1194420,0,11019070,0,40602315,555425,52176810,5944305,0,44482660,1749845,52176810
2021-07-27,4205,4255,4200,4230,5855,-0.35335689045936397,-721,1,805,-85,0,526,1,5317,11,5855,1247,0,4512,96,5855,-3053885,4215,3409645,-359975,0,2222545,4215,22505855,46640,24779255,5276430,0,19096210,406615,24779255
2021-07-28,4200,4230,4200,4205,4909,-0.5910165484633569,1218,1,-724,-495,0,1243,1,3401,264,4909,25,0,4125,759,4909,5128805,4210,-3052110,-2080905,0,5233930,4210,14310955,1111235,20660330,105125,0,17363065,3192140,20660330
2021-07-29,4180,4220,4175,4185,7198,-0.47562425683709864,1659,0,-1529,-130,0,1680,0,5518,0,7198,21,0,7047,130,7198,6945350,0,-6399880,-545470,0,7033970,0,23093830,0,30127800,88620,0,29493710,545470,30127800
2021-07-30,4230,4230,4025,4105,27369,-1.911589008363202,1955,3,-1467,-491,0,5744,3,21545,77,27369,3789,0,23012,568,27369,8078990,12275,-6049600,-2041665,0,23623555,12275,88984255,315700,112935785,15544565,0,95033855,2357365,112935785
2021-08-02,4105,4160,4055,4110,8011,0.12180267965895249,3691,1,-3110,-582,0,4074,1,3886,50,8011,383,0,6996,632,8011,15096675,4085,-12712695,-2388065,0,16668800,4085,15930120,206250,32809255,1572125,0,28642815,2594315,32809255
2021-08-03,4075,4110,4025,4085,24651,-0.6082725060827251,2370,3,-1739,-634,0,10811,3,13837,0,24651,8441,0,15576,634,24651,9759725,12160,-7184460,-2587425,0,44031845,12160,56329410,0,100373415,34272120,0,63513870,2587425,100373415
2021-08-04,4025,4195,4025,4195,12405,2.692778457772338,-1503,0,815,688,0,1153,0,10534,718,12405,2656,0,9719,30,12405,-6237730,0,3403725,2834005,0,4743620,0,43603955,2957095,51304670,10981350,0,40200230,123090,51304670
2021-08-05,4185,4210,4155,4200,4959,0.11918951132300357,1143,1,-1063,-81,0,2063,1,2885,10,4959,920,0,3948,91,4959,4772820,4160,-4439215,-337765,0,8637520,4160,12093065,41650,20776395,3864700,0,16532280,379415,20776395
2021-08-06,4250,4250,4110,4200,17894,0.0,1241,0,-925,-316,0,4302,0,13586,6,17894,3061,0,14511,322,17894,5131540,0,-3796335,-1335205,0,17811845,0,56684635,25045,74521525,12680305,0,60480970,1360250,74521525
2021-08-09,4185,4195,4105,4195,19672,-0.11904761904761905,-8490,1,8936,-447,0,1916,1,17755,0,19672,10406,0,8819,447,19672,-35040635,4115,36902775,-1866255,0,8004055,4115,73631575,0,81639745,43044690,0,36728800,1866255,81639745
2021-08-10,4190,4250,4175,4180,10188,-0.3575685339690107,-120,0,720,-600,0,1742,0,8446,0,10188,1862,0,7726,600,10188,-478840,0,2999660,-2520820,0,7325425,0,35445505,0,42770930,7804265,0,32445845,2520820,42770930
2021-08-11,4150,4185,4130,4170,9323,-0.23923444976076555,307,2,474,-783,0,309,2,9012,0,9323,2,0,8538,783,9323,1273250,8300,1986175,-3267725,0,1281570,8300,37419175,0,38709045,8320,0,35433000,3267725,38709045
2021-08-12,4170,4185,4170,4180,6725,0.2398081534772182,1206,0,-1133,-73,0,1274,0,5398,53,6725,68,0,6531,126,6725,5044975,0,-4739835,-305140,0,5329380,0,22535860,221540,28086780,284405,0,27275695,526680,28086780
2021-08-13,4180,4180,4140,4140,12296,-0.9569377990430622,2741,1001,-3153,-589,0,3444,1001,7612,239,12296,703,0,10765,828,12296,11385230,4148390,-13076640,-2456980,0,14311885,4148390,31661410,993865,51115550,2926655,0,44738050,3450845,51115550
2021-08-17,4110,4175,4060,4060,14004,-1.932367149758454,7399,4,-6802,-601,0,7955,4,5130,915,14004,556,0,11932,1516,14004,30355670,16375,-27904400,-2467645,0,32644640,16375,21025350,3766100,57452465,2288970,0,48929750,6233745,57452465
2021-08-18,4045,4100,4025,4090,10219,0.7389162561576355,174,246,-573,153,0,3534,246,6051,388,10219,3360,0,6624,235,10219,737430,999375,-2352630,615825,0,14361720,999375,24531660,1564770,41457525,13624290,0,26884290,948945,41457525
2021-08-19,4090,4135,3955,4000,42177,-2.2004889975550124,-12437,226,13102,-891,0,5643,226,36203,105,42177,18080,0,23101,996,42177,-47465570,915250,50142025,-3591705,0,22673770,915250,142086445,425100,166100565,70139340,0,91944420,4016805,166100565
2021-08-20,3900,3955,3690,3690,46957,-7.75,2880,-465,-1787,-628,0,10303,3,35250,1401,46957,7423,468,37037,2029,46957,10894390,-1808865,-6639975,-2445550,0,39561060,11655,134326145,5391425,179290285,28666670,1820520,140966120,7836975,179290285
2021-08-23,3655,3930,3600,3760,29006,1.8970189701897018,855,1,-1041,185,0,5516,1,23069,420,29006,4661,0,24110,235,29006,3243665,3675,-3897075,649735,0,20397615,3675,85154020,1531440,107086750,17153950,0,89051095,881705,107086750
2021-08-24,3860,3920,3785,3920,10281,4.25531914893617,-242,0,154,88,0,461,0,9493,327,10281,703,0,9339,239,10281,-933715,0,593910,339805,0,1782620,0,36870685,1270395,39923700,2716335,0,36276775,930590,39923700
2021-08-25,3935,3975,3905,3955,5972,0.8928571428571428,-2427,0,2570,-143,0,589,0,5352,31,5972,3016,0,2782,174,5972,-9537230,0,10100645,-563415,0,2317970,0,21041940,121675,23481585,11855200,0,10941295,685090,23481585
2021-08-26,3955,3980,3910,3970,12660,0.37926675094816686,151,0,-103,-48,0,2829,0,9688,143,12660,2678,0,9791,191,12660,552435,0,-364125,-188310,0,11166555,0,38342790,567800,50077145,10614120,0,38706915,756110,50077145
2021-08-27,3990,3990,3930,3985,6851,0.3778337531486146,287,0,-302,15,0,866,0,5955,30,6851,579,0,6257,15,6851,1130155,0,-1190080,59925,0,3433315,0,23686460,119400,27239175,2303160,0,24876540,59475,27239175
2021-08-30,4060,4060,3995,4035,7700,1.2547051442910917,1085,0,-1082,-3,0,1828,0,5836,36,7700,743,0,6918,39,7700,4346575,0,-4334180,-12395,0,7337130,0,23469370,144160,30950660,2990555,0,27803550,156555,30950660
2021-08-31,4005,4030,4000,4020,6822,-0.37174721189591076,1995,0,-1997,2,0,2296,0,4524,2,6822,301,0,6521,0,6822,7999680,0,-8007720,8040,0,9206705,0,18142815,8040,27357560,1207025,0,26150535,0,27357560
2021-09-01,3965,4010,3965,4000,24734,-0.4975124378109453,4075,-16440,12366,-1,0,6076,1,18657,0,24734,2001,16441,6291,1,24734,16216325,-65568610,49356290,-4005,0,24197070,3985,74464950,0,98666005,7980745,65572595,25108660,4005,98666005
2021-09-02,4000,4000,3985,3990,7546,-0.25,2404,0,-2366,-38,0,2489,0,5057,0,7546,85,0,7423,38,7546,9613925,0,-9462115,-151810,0,9953425,0,20201035,0,30154460,339500,0,29663150,151810,30154460
2021-09-03,3985,4015,3985,4000,12030,0.2506265664160401,1098,0,-1098,0,0,1182,0,10848,0,12030,84,0,11946,0,12030,4393455,0,-4393455,0,0,4730280,0,43402295,0,48132575,336825,0,47795750,0,48132575
2021-09-06,3955,3990,3955,3980,13615,-0.5,1990,2,-1976,-16,0,2590,2,11023,0,13615,600,0,12999,16,13615,7918135,7950,-7862375,-63710,0,10309410,7950,43868555,0,54185915,2391275,0,51730930,63710,54185915
2021-09-07,3965,4005,3965,3990,5064,0.25125628140703515,-69,0,69,0,0,893,0,4171,0,5064,962,0,4102,0,5064,-284320,0,284320,0,0,3564010,0,16675825,0,20239835,3848330,0,16391505,0,20239835
2021-09-08,4005,4005,3980,3985,7529,-0.12531328320802004,1782,0,-1863,81,0,1848,0,5600,81,7529,66,0,7463,0,7529,7096385,0,-7419170,322785,0,7360715,0,22345795,322785,30029295,264330,0,29764965,0,30029295
2021-09-09,3985,3985,3960,3980,9144,-0.12547051442910914,-1375,0,1391,-16,0,1587,0,7390,167,9144,2962,0,5999,183,9144,-5456460,0,5518745,-62285,0,6301595,0,29352070,663380,36317045,11758055,0,23833325,725665,36317045
2021-09-10,4000,4000,3970,3990,8290,0.25125628140703515,1706,0,0,-1706,0,1766,0,6426,98,8290,60,0,6426,1804,8290,6802645,0,-5330,-6797315,0,7041230,0,25615385,390530,33047145,238585,0,25620715,7187845,33047145
2021-09-13,3990,4010,3935,3985,10488,-0.12531328320802004,592,234,373,-1199,0,1649,234,8592,13,10488,1057,0,8219,1212,10488,2353885,934270,1493885,-4782040,0,6571335,934270,34173515,51860,41730980,4217450,0,32679630,4833900,41730980
2021-09-14,3960,4050,3925,4030,29172,1.1292346298619824,-2650,836,1343,471,0,3365,836,24476,495,29172,6015,0,23133,24,29172,-10497285,3362025,5249020,1886240,0,13504855,3362025,98113915,1982870,116963665,24002140,0,92864895,96630,116963665
2021-09-15,4030,4080,3995,4075,27840,1.1166253101736971,6723,500,-7150,-73,0,8772,500,18409,159,27840,2049,0,25559,232,27840,27153385,2000000,-28860260,-293125,0,35461845,2000000,74264550,640500,112366895,8308460,0,103124810,933625,112366895
2021-09-16,4090,4090,4000,4050,27802,-0.6134969325153374,-2126,2135,2571,-2580,0,2316,3702,21146,638,27802,4442,1567,18575,3218,27802,-8504710,8691695,10275615,-10462600,0,9369435,15050500,85702635,2584875,112707445,17874145,6358805,75427020,13047475,112707445
2021-09-17,4050,4060,4015,4060,8996,0.24691358024691357,-272,0,450,-178,0,213,0,8783,0,8996,485,0,8333,178,8996,-1085400,0,1802065,-716665,0,861925,0,35481025,0,36342950,1947325,0,33678960,716665,36342950
2021-09-23,4030,4060,4000,4040,10938,-0.49261083743842365,702,3,437,-1142,0,1853,3,8953,129,10938,1151,0,8516,1271,10938,2795435,12085,1800435,-4607955,0,7423845,12085,36025970,519975,43981875,4628410,0,34225535,5127930,43981875
2021-09-24,4045,4090,4030,4045,12163,0.12376237623762376,1685,0,-1577,-108,0,3377,0,8440,346,12163,1692,0,10017,454,12163,6866120,0,-6420815,-445305,0,13704875,0,34173040,1399785,49277700,6838755,0,40593855,1845090,49277700
2021-09-27,4025,4285,4000,4045,26586,0.0,2273,-2183,-82,-8,0,2505,1,23966,114,26586,232,2184,24048,122,26586,9204125,-8758910,-403220,-41995,0,10147820,4030,97783350,462840,108398040,943695,8762940,98186570,504835,108398040
2021-09-28,4045,4265,4030,4090,14656,1.1124845488257107,359,0,365,-724,0,892,0,13709,55,14656,533,0,13344,779,14656,1503950,0,1482395,-2986345,0,3673105,0,55848320,224950,59746375,2169155,0,54365925,3211295,59746375
2021-09-29,4090,4105,3875,4010,35293,-1.9559902200488997,2056,-17,-1800,-239,0,3437,3,31342,511,35293,1381,20,33142,750,35293,8243960,-66455,-7161530,-1015975,0,13791350,12045,124091740,2009415,139904550,5547390,78500,131253270,3025390,139904550
2021-09-30,4010,4085,3975,4085,12711,1.8703241895261846,443,0,-305,-138,0,696,0,11894,121,12711,253,0,12199,259,12711,1784940,0,-1223705,-561235,0,2811940,0,48178505,489170,51479615,1027000,0,49402210,1050405,51479615
2021-10-01,4295,4295,4085,4170,26139,2.08078335373317,-102,0,1734,-1632,0,3152,0,22791,196,26139,3254,0,21057,1828,26139,-485220,0,7279830,-6794610,0,13081410,0,94698165,810070,108589645,13566630,0,87418335,7604680,108589645
2021-10-05,4155,4170,4030,4165,18596,-0.1199040767386091,1813,3,-1160,-656,0,2213,3,15963,417,18596,400,0,17123,1073,18596,7445070,12260,-4753135,-2704195,0,9091165,12260,65470425,1697530,76271380,1646095,0,70223560,4401725,76271380
2021-10-06,4165,4245,4150,4200,31768,0.8403361344537815,4690,377,-4055,-1012,0,6186,377,24737,468,31768,1496,0,28792,1480,31768,19743305,1568320,-17061580,-4250045,0,26033875,1568320,103951390,1967995,133521580,6290570,0,121012970,6218040,133521580
2021-10-07,4200,4350,4100,4200,27237,0.0,-603,5701,-3996,-1102,0,4890,5701,16646,0,27237,5493,0,20642,1102,27237,-2292505,23596300,-16633760,-4670035,0,20810370,23596300,70346660,0,114753330,23102875,0,86980420,4670035,114753330
2021-10-08,4200,4280,4165,4175,20627,-0.5952380952380952,779,2388,-2218,-949,0,3270,2388,13574,1395,20627,2491,0,15792,2344,20627,3302330,9969900,-9244810,-4027420,0,13853560,9969900,57014965,5867020,86705445,10551230,0,66259775,9894440,86705445
2021-10-12,4185,4195,4080,4150,17262,-0.5988023952095809,-4091,3654,1763,-1326,0,755,3654,12813,40,17262,4846,0,11050,1366,17262,-16802170,15014000,7279325,-5491155,0,3102935,15014000,52792830,165630,71075395,19905105,0,45513505,5656785,71075395
2021-10-13,4150,4200,4130,4185,11364,0.8433734939759037,-1877,-2524,3792,609,0,316,2551,7469,1028,11364,2193,5075,3677,419,11364,-7798465,-10494590,15760615,2532440,0,1313475,10548385,31031825,4271340,47165025,9111940,21042975,15271210,1738900,47165025
2021-10-14,4185,4245,4120,4245,13526,1.4336917562724014,-4,721,-206,-511,0,1,3778,9747,0,13526,5,3057,9953,511,13526,-16775,2783295,-630985,-2135535,0,4130,15622030,40856350,0,56482510,20905,12838735,41487335,2135535,56482510
2021-10-15,4245,4295,4215,4250,10503,0.11778563015312131,267,-122,107,-252,0,757,1,9745,0,10503,490,123,9638,252,10503,1123675,-517915,460260,-1066020,0,3196375,4220,41254320,0,44454915,2072700,522135,40794060,1066020,44454915
2021-10-18,4245,4270,4230,4255,15787,0.1176470588235294,1086,222,-1220,-88,0,1186,333,14268,0,15787,100,111,15488,88,15787,4618035,941835,-5186630,-373240,0,5043530,1413585,60577180,0,67034295,425495,471750,65763810,373240,67034295
2021-10-19,4255,4260,4245,4260,5835,0.11750881316098707,656,0,-518,-138,0,728,0,5106,1,5835,72,0,5624,139,5835,2790805,0,-2204305,-586500,0,3097165,0,21723465,4260,24824890,306360,0,23927770,590760,24824890
2021-10-20,4260,4310,4220,4300,12513,0.9389671361502347,4361,-1900,-2244,-217,0,4471,0,7971,71,12513,110,1900,10215,288,12513,18646340,-8165080,-9554570,-926690,0,19116610,0,34140830,299620,53557060,470270,8165080,43695400,1226310,53557060
2021-10-21,4440,4440,4325,4420,30969,2.7906976744186047,4526,-3,-3724,-799,0,4595,0,26374,0,30969,69,3,30098,799,30969,19891070,-13305,-16378385,-3499380,0,20197225,0,116077650,0,136274875,306155,13305,132456035,3499380,136274875
2021-10-22,4420,4540,4420,4480,30623,1.3574660633484164,1480,-3869,3874,-1485,0,2864,0,27759,0,30623,1384,3869,23885,1485,30623,6561935,-17427330,17515595,-6650200,0,12773560,0,124380100,0,137153660,6211625,17427330,106864505,6650200,137153660
2021-10-25,4600,4600,4465,4525,29629,1.0044642857142858,1088,-1802,1091,-377,0,2047,0,26976,606,29629,959,1802,25885,983,29629,4946315,-8163040,4954370,-1737645,0,9306175,0,122360150,2732860,134399185,4359860,8163040,117405780,4470505,134399185
2021-10-26,4530,4600,4480,4585,19709,1.3259668508287292,-210,-3817,4719,-692,0,2688,0,16971,50,19709,2898,3817,12252,742,19709,-925240,-17453360,21531880,-3153280,0,12295795,0,77511190,229000,90035985,13221035,17453360,55979310,3382280,90035985
2021-10-27,4600,4645,4530,4580,14346,-0.10905125408942204,-3034,-4326,8494,-1134,0,529,0,13817,0,14346,3563,4326,5323,1134,14346,-13846375,-19830220,38879180,-5202585,0,2423780,0,63226655,0,65650435,16270155,19830220,24347475,5202585,65650435
2021-10-28,4600,4635,4420,4495,22636,-1.8558951965065504,-1739,-2774,4361,152,0,3224,236,18588,588,22636,4963,3010,14227,436,22636,-7647590,-12514125,19551875,609840,0,14518510,1066715,83695775,2602170,101883170,22166100,13580840,64143900,1992330,101883170
2021-10-29,4495,4540,4375,4410,10346,-1.8909899888765296,-1475,-1499,3117,-143,0,1207,2,9137,0,10346,2682,1501,6020,143,10346,-6537070,-6616520,13795810,-642220,0,5336820,8895,40495815,0,45841530,11873890,6625415,26700005,642220,45841530
2021-11-01,4410,4595,4410,4535,25086,2.8344671201814062,714,-100,-340,-274,0,3646,0,21287,153,25086,2932,100,21627,427,25086,3106190,-442000,-1426455,-1237735,0,16445745,0,96523725,689020,113658490,13339555,442000,97950180,1926755,113658490
2021-11-02,4595,4595,4270,4495,16766,-0.8820286659316428,-914,0,1411,-497,0,590,0,16176,0,16766,1504,0,14765,497,16766,-4126420,0,6377440,-2251020,0,2656625,0,72519890,0,75176515,6783045,0,66142450,2251020,75176515
2021-11-03,4545,4545,4400,4460,13348,-0.778642936596218,3392,3,-3064,-331,0,3688,3,9657,0,13348,296,0,12721,331,13348,15017125,13315,-13553455,-1476985,0,16336375,13315,42980020,0,59329710,1319250,0,56533475,1476985,59329710
2021-11-04,4465,4475,4410,4445,13104,-0.336322869955157,4881,10,-4707,-184,0,5800,10,7238,56,13104,919,0,11945,240,13104,21648165,44550,-20872510,-820205,0,25739575,44550,32145770,248640,58178535,4091410,0,53018280,1068845,58178535
2021-11-05,4445,4530,4300,4425,18687,-0.44994375703037126,3461,914,-4239,-136,0,4014,914,13759,0,18687,553,0,17998,136,18687,15179730,4044055,-18617395,-606390,0,17642425,4044055,60470310,0,82156790,2462695,0,79087705,606390,82156790
2021-11-08,4485,4540,4425,4520,6990,2.1468926553672314,-1087,383,1110,-406,0,206,383,6392,9,6990,1293,0,5282,415,6990,-4852230,1708180,4972735,-1828685,0,929395,1708180,28680640,40630,31358845,5781625,0,23707905,1869315,31358845
2021-11-09,4540,4550,4505,4520,18095,0.0,3488,866,-3917,-437,0,5307,1248,11540,0,18095,1819,382,15457,437,18095,15773945,3902470,-17696530,-1979885,0,24003810,5629110,52072240,0,81705160,8229865,1726640,69768770,1979885,81705160
2021-11-10,4545,4545,4400,4495,29083,-0.5530973451327433,9489,-15251,6366,-604,0,10044,712,18096,231,29083,555,15963,11730,835,29083,42126730,-67424310,28038440,-2740860,0,44599825,3168750,80197070,1016400,128982045,2473095,70593060,52158630,3757260,128982045
2021-11-11,4500,4505,4330,4415,13557,-1.7797552836484982,3275,55,-1875,-1455,0,4347,555,8655,0,13557,1072,500,10530,1455,13557,14462870,213405,-8252950,-6423325,0,19126630,2433405,37966295,0,59526330,4663760,2220000,46219245,6423325,59526330
2021-11-12,4415,4425,4365,4415,6276,0.0,-289,-750,748,291,0,813,370,4611,482,6276,1102,1120,3863,191,6276,-1286240,-3316850,3338980,1264110,0,3580355,1633550,20329110,2106500,27649515,4866595,4950400,16990130,842390,27649515
2021-11-15,4435,4435,4395,4400,4068,-0.33975084937712347,-149,-350,782,-283,0,455,2,3611,0,4068,604,352,2829,283,4068,-661265,-1544810,3455405,-1249330,0,2004070,8805,15925820,0,17938695,2665335,1553615,12470415,1249330,17938695
2021-11-16,4330,4405,4320,4325,18212,-1.7045454545454544,-712,-5050,6321,-559,0,4896,5,13297,14,18212,5608,5055,6976,573,18212,-3116020,-21999590,27562475,-2446865,0,21271615,21780,57931095,60900,79285390,24387635,22021370,30368620,2507765,79285390
2021-11-17,4280,4365,4230,4230,15444,-2.1965317919075145,-293,-484,1995,-1218,0,2335,3,13105,1,15444,2628,487,11110,1219,15444,-1251320,-2072455,8524135,-5200360,0,9952135,12790,55880860,4250,65850035,11203455,2085245,47356725,5204610,65850035
2021-11-18,4200,4325,4160,4275,12097,1.0638297872340425,4144,1,-4059,-86,0,5839,1,6044,213,12097,1695,0,10103,299,12097,17748580,4300,-17375910,-376970,0,25014165,4300,25567285,900480,51486230,7265585,0,42943195,1277450,51486230
2021-11-19,4305,4320,4250,4270,4323,-0.11695906432748539,96,0,100,-196,0,784,1,3538,0,4323,688,1,3438,196,4323,389615,5,451855,-841475,0,3347690,4255,15181320,0,18533265,2958075,4250,14729465,841475,18533265
2021-11-22,4305,4305,4175,4240,8285,-0.702576112412178,1021,-2286,1581,-316,0,1036,2,7247,0,8285,15,2288,5666,316,8285,4289095,-9565750,6621205,-1344550,0,4352400,8430,30567550,0,34928380,63305,9574180,23946345,1344550,34928380
2021-11-23,4245,4245,4160,4190,4097,-1.179245283018868,876,-341,-373,-162,0,878,3,3110,106,4097,2,344,3483,268,4097,3676655,-1423345,-1570195,-683115,0,3685080,12615,13033605,444670,17175970,8425,1435960,14603800,1127785,17175970
2021-11-24,4275,4275,4170,4220,3720,0.7159904534606205,488,1,81,-570,0,628,1,3026,65,3720,140,0,2945,635,3720,2038670,4200,340760,-2383630,0,2628850,4200,12665870,273485,15572405,590180,0,12325110,2657115,15572405
2021-11-25,4280,4365,4220,4330,8709,2.6066350710900474,445,0,79,-524,0,3634,0,4979,96,8709,3189,0,4900,620,8709,2003185,0,247725,-2250910,0,15786155,0,21446610,409125,37641890,13782970,0,21198885,2660035,37641890
2021-11-26,4340,4340,4220,4250,7995,-1.8475750577367205,1002,0,128,-1130,0,3177,0,4808,10,7995,2175,0,4680,1140,7995,4311590,0,502650,-4814240,0,13537585,0,20416675,42500,33996760,9225995,0,19914025,4856740,33996760
2021-11-29,4005,4245,4005,4045,23028,-4.823529411764706,-1256,15,1135,106,0,2298,15,19816,899,23028,3554,0,18681,793,23028,-5314290,61295,4877105,375890,0,9388220,61295,80767865,3632080,93849460,14702510,0,75890760,3256190,93849460
2021-11-30,4190,4190,4010,4010,9225,-0.865265760197775,1857,-2,-506,-1349,0,1857,2,7366,0,9225,0,4,7872,1349,9225,7514085,-8130,-2050660,-5455295,0,7514085,8025,29764940,0,37287050,0,16155,31815600,5455295,37287050
2021-12-01,4010,4140,3990,4075,6049,1.6209476309226933,-64,313,96,-345,0,753,313,4790,193,6049,817,0,4694,538,6049,-204745,1270780,327190,-1393225,0,3069740,1270780,19246610,773335,24360465,3274485,0,18919420,2166560,24360465
2021-12-02,3950,4100,3950,4100,7676,0.6134969325153374,2020,0,-1686,-334,0,2324,0,5026,326,7676,304,0,6712,660,7676,8168700,0,-6803220,-1365480,0,9409720,0,20445185,1317870,31172775,1241020,0,27248405,2683350,31172775
2021-12-03,4150,4550,4070,4300,26646,4.878048780487805,-2529,0,4660,-2131,0,2350,0,24014,282,26646,4879,0,19354,2413,26646,-11088475,0,20361970,-9273495,0,10206175,0,104821755,1216330,116244260,21294650,0,84459785,10489825,116244260
2021-12-06,4385,4385,4300,4320,11076,0.46511627906976744,-788,-2,1058,-268,0,91,0,10983,2,11076,879,2,9925,270,11076,-3399645,-8620,4566160,-1157895,0,392025,0,47401245,8620,47801890,3791670,8620,42835085,1166515,47801890
2021-12-07,4350,4360,4245,4335,5910,0.3472222222222222,-116,-3,671,-552,0,21,0,5867,22,5910,137,3,5196,574,5910,-503295,-12970,2909180,-2392915,0,91120,0,25342220,94710,25528050,594415,12970,22433040,2487625,25528050
2021-12-08,4370,4375,4315,4350,4813,0.34602076124567477,168,2,500,-670,0,199,2,4612,0,4813,31,0,4112,670,4813,727550,8705,2168160,-2904415,0,862615,8705,20010495,0,20881815,135065,0,17842335,2904415,20881815
2021-12-09,4350,4420,4330,4405,11005,1.264367816091954,3463,-2,-3109,-352,0,4891,0,6114,0,11005,1428,2,9223,352,11005,15176730,-8780,-13627940,-1540010,0,21415930,0,26786625,0,48202555,6239200,8780,40414565,1540010,48202555
2021-12-10,4450,4450,4355,4425,7335,0.4540295119182747,-934,0,1110,-176,0,2652,0,4682,1,7335,3586,0,3572,177,7335,-4149475,0,4927355,-777880,0,11717870,0,20708710,4530,32431110,15867345,0,15781355,782410,32431110
2021-12-13,4430,4450,4400,4410,3030,-0.3389830508474576,-894,0,1306,-412,0,219,0,2811,0,3030,1113,0,1505,412,3030,-3941310,0,5760370,-1819060,0,967145,0,12460255,0,13427400,4908455,0,6699885,1819060,13427400
2021-12-14,4440,4455,4375,4435,12627,0.5668934240362812,3475,0,-3253,-222,0,4202,0,8353,72,12627,727,0,11606,294,12627,15407120,0,-14425550,-981570,0,18637605,0,36788715,317080,55743400,3230485,0,51214265,1298650,55743400
2021-12-15,4480,4480,4390,4425,6281,-0.2254791431792559,410,2,-206,-206,0,810,2,5469,0,6281,400,0,5675,206,6281,1790210,8815,-888270,-910755,0,3563700,8815,24145925,0,27718440,1773490,0,25034195,910755,27718440
2021-12-16,4430,4435,4370,4435,6542,0.22598870056497175,-1055,1,1161,-107,0,254,1,6286,1,6542,1309,0,5125,108,6542,-4658815,4400,5127520,-473105,0,1122440,4400,27718355,4415,28849610,5781255,0,22590835,477520,28849610
2021-12-17,4445,4445,4300,4385,4252,-1.1273957158962795,-1099,4,1039,56,0,512,4,3539,197,4252,1611,0,2500,141,4252,-4751915,17310,4501165,233440,0,2238920,17310,15449155,856430,18561815,6990835,0,10947990,622990,18561815
2021-12-20,4410,4410,4300,4310,8066,-1.7103762827822122,-3209,0,3430,-221,0,181,0,7885,0,8066,3390,0,4455,221,8066,-13905035,0,14872505,-967470,0,778760,0,34285915,0,35064675,14683795,0,19413410,967470,35064675
2021-12-21,4375,4420,4305,4325,9814,0.34802784222737815,-1298,2,1325,-29,0,5580,2,4201,31,9814,6878,0,2876,60,9814,-5686240,8645,5804325,-126730,0,24125075,8645,18260315,133825,42527860,29811315,0,12455990,260555,42527860
2021-12-22,4330,4395,4305,4370,17820,1.0404624277456647,-5036,0,5103,-67,0,1559,0,16261,0,17820,6595,0,11158,67,17820,-22076420,0,22370290,-293870,0,6843350,0,71248550,0,78091900,28919770,0,48878260,293870,78091900
2021-12-23,4405,4405,4355,4380,5339,0.2288329519450801,1734,-2,-1543,-189,0,1734,0,3605,0,5339,0,2,5148,189,5339,7569395,-8740,-6735175,-825480,0,7569395,0,15762030,0,23331425,0,8740,22497205,825480,23331425
2021-12-24,4400,4635,4360,4635,32701,5.821917808219178,-7975,0,7809,166,0,254,0,32271,176,32701,8229,0,24462,10,32701,-37008290,0,36282450,725840,0,1117585,0,145100970,772640,146991195,38125875,0,108818520,46800,146991195
2021-12-27,4740,4760,4630,4665,115145,0.6472491909385114,27184,-3,-26753,-428,0,31330,0,83706,109,115145,4146,3,110459,537,115145,127973130,-14005,-125932335,-2026790,0,147389705,0,393271795,509550,541171050,19416575,14005,519204130,2536340,541171050
2021-12-28,4670,4720,4670,4710,57869,0.964630225080386,22660,0,-22553,-107,0,24032,0,33609,228,57869,1372,0,56162,335,57869,106650775,0,-106144675,-506100,0,113116750,0,157940520,1072945,272130215,6465975,0,264085195,1579045,272130215
2021-12-29,4710,4790,4560,4765,48430,1.167728237791932,6828,-3,-8362,1537,0,15217,1,31670,1542,48430,8389,4,40032,5,48430,32602655,-14230,-39872625,7284200,0,72152380,4675,149305025,7308100,228770180,39549725,18905,189177650,23900,228770180
2021-12-30,4765,4765,4695,4750,13732,-0.3147953830010493,-703,2,372,329,0,402,2,12334,994,13732,1105,0,11962,665,13732,-3330935,9490,1763350,1558095,0,1908010,9490,58468835,4714200,65100535,5238945,0,56705485,3156105,65100535
2022-01-03,5050,5050,4805,4830,55325,1.6842105263157894,5355,0,-5908,553,0,9707,0,44939,679,55325,4352,0,50847,126,55325,25610705,0,-28293970,2683265,0,47011285,0,219510260,3306565,269828110,21400580,0,247804230,623300,269828110
2022-01-04,4830,4885,4770,4800,25539,-0.6211180124223602,2766,7,-1595,-1178,0,4506,7,19042,1984,25539,1740,0,20637,3162,25539,13471965,33595,-7841310,-5664250,0,21777665,33595,91435720,9531190,122778170,8305700,0,99277030,15195440,122778170
2022-01-05,4835,4835,4650,4705,30952,-1.9791666666666665,6124,-6521,-1124,1521,0,10775,4,18575,1598,30952,4651,6525,19699,77,30952,29223860,-30653415,-5721380,7150935,0,51120810,18905,87349440,7519125,146008280,21896950,30672320,93070820,368190,146008280
2022-01-06,4560,4705,4560,4665,11275,-0.8501594048884166,28,-4492,2748,1716,0,30,8,9211,2026,11275,2,4500,6463,310,11275,129740,-20817935,12778565,7909630,0,139070,37065,42640615,9356745,52173495,9330,20855000,29862050,1447115,52173495
2022-01-07,4670,4795,4665,4710,8521,0.964630225080386,1762,1,-3286,1523,0,3233,1,3564,1723,8521,1471,0,6850,200,8521,8341655,4715,-15507265,7160895,0,15225950,4715,16742120,8102895,40075680,6884295,0,32249385,942000,40075680
2022-01-10,4710,4765,4690,4755,30356,0.9554140127388535,14779,-15710,-626,1557,0,16728,0,11990,1638,30356,1949,15710,12616,81,30356,69828290,-74287045,-2942995,7401750,0,79101120,0,56793525,7782500,143677145,9272830,74287045,59736520,380750,143677145
2022-01-11,4755,4800,4655,4760,13714,0.10515247108307045,8805,-1500,-7270,-35,0,8866,0,4564,284,13714,61,1500,11834,319,13714,41792095,-7130000,-34500040,-162055,0,42082355,0,21468355,1352110,64902820,290260,7130000,55968395,1514165,64902820
2022-01-12,4760,4800,4705,4760,23733,0.0,-1056,1,59,996,0,532,1,22158,1042,23733,1588,0,22099,46,23733,-5034570,4785,283625,4746160,0,2532295,4785,105728370,4966200,113231650,7566865,0,105444745,220040,113231650
2022-01-13,4765,4795,4745,4765,10963,0.10504201680672269,4831,0,-6071,1240,0,5016,0,4707,1240,10963,185,0,10778,0,10963,23034450,0,-28937775,5903325,0,23915975,0,22400575,5903325,52219875,881525,0,51338350,0,52219875
2022-01-14,4765,4780,4735,4760,18399,-0.1049317943336831,1802,-1,-3623,1822,0,6363,0,10214,1822,18399,4561,1,13837,0,18399,8598240,-4750,-17266150,8672660,0,30304250,0,48598690,8672660,87575600,21706010,4750,65864840,0,87575600
2022-01-17,4800,4800,4740,4740,24187,-0.42016806722689076,7918,2,-9039,1119,0,10096,2,12970,1119,24187,2178,0,22009,0,24187,37610160,9490,-42942780,5323130,0,47950375,9490,61628185,5323130,114911180,10340215,0,104570965,0,114911180
2022-01-18,4780,4885,4745,4815,34724,1.5822784810126582,69,0,-5182,5113,0,3690,0,25921,5113,34724,3621,0,31103,0,34724,346625,0,-24951045,24604420,0,17727610,0,124833630,24604420,167165660,17380985,0,149784675,0,167165660
2022-01-19,4820,4880,4760,4855,45477,0.8307372793354102,8526,0,-8028,-498,0,12139,0,30214,3124,45477,3613,0,38242,3622,45477,41080825,0,-38714405,-2366420,0,58542110,0,146054015,15090480,219686605,17461285,0,184768420,17456900,219686605
2022-01-20,4855,4995,4805,4960,38510,2.1627188465499483,-3735,0,-1661,5396,0,1966,0,30970,5574,38510,5701,0,32631,178,38510,-18585550,0,-8049505,26635055,0,9688110,0,153209435,27506755,190404300,28273660,0,161258940,871700,190404300
2022-01-21,5030,5100,4935,4970,37091,0.20161290322580644,-6022,-201,7194,-971,0,2579,0,32347,2165,37091,8601,201,25153,3136,37091,-29969450,-1011040,35801080,-4820590,0,12926685,0,162733835,10985840,186646360,42896135,1011040,126932755,15806430,186646360
2022-01-24,5120,5120,4855,4910,24702,-1.2072434607645874,-8290,0,7692,598,0,2720,0,19873,2109,24702,11010,0,12181,1511,24702,-40718815,0,37902145,2816670,0,13562500,0,98331200,10388660,122282360,54281315,0,60429055,7571990,122282360
2022-01-25,5000,5030,4900,4915,38019,0.10183299389002036,-5550,2,383,5165,0,1,2,31515,6501,38019,5551,0,31132,1336,38019,-27335315,9920,1931110,25394285,0,4930,9920,155944655,32071090,188030595,27340245,0,154013545,6676805,188030595
2022-01-26,4920,5020,4900,5000,41168,1.7293997965412005,-4382,10,-8563,12935,0,12,10,28041,13105,41168,4394,0,36604,170,41168,-21778870,49865,-42528175,64257180,0,60055,49865,139491055,65094760,204695735,21838925,0,182019230,837580,204695735
2022-01-27,5010,5040,4900,4930,24669,-1.4000000000000001,-10469,3,13033,-2567,0,206,3,22774,1686,24669,10675,0,9741,4253,24669,-51475775,14860,64069395,-12608480,0,1019185,14860,112045595,8312800,121392440,52494960,0,47976200,20921280,121392440
2022-01-28,4980,5040,4935,4950,22506,0.4056795131845842,-769,0,-3139,3908,0,315,0,17127,5064,22506,1084,0,20266,1156,22506,-3870240,0,-15773485,19643725,0,1559310,0,85535260,25414820,112509390,5429550,0,101308745,5771095,112509390
2022-02-03,5040,5060,4960,5030,17657,1.6161616161616161,-524,20,-465,969,0,388,20,16186,1063,17657,912,0,16651,94,17657,-2639360,100000,-2313405,4852765,0,1957160,100000,81467980,5325915,88851055,4596520,0,83781385,473150,88851055
2022-02-04,5030,5060,4995,5060,11264,0.5964214711729622,793,48,-1376,535,0,992,51,8331,1890,11264,199,3,9707,1355,11264,3979840,240550,-6908910,2688520,0,4979890,255600,41881385,9492870,56609745,1000050,15050,48790295,6804350,56609745
2022-02-07,5010,5070,5010,5030,9765,-0.592885375494071,-586,228,289,69,0,21,230,9263,251,9765,607,2,8974,182,9765,-2948330,1151900,1451060,345370,0,105650,1162000,46749260,1264080,49280990,3053980,10100,45298200,918710,49280990
2022-02-08,5030,5150,5010,5030,17474,0.0,6127,255,-4730,-1652,0,6705,255,10217,297,17474,578,0,14947,1949,17474,30791060,1286450,-23698280,-8379230,0,33710700,1286450,51712980,1510200,88220330,2919640,0,75411260,9889430,88220330
2022-02-09,5100,5120,4990,5030,6742,0.0,-684,757,996,-1069,0,2,757,5902,81,6742,686,0,4906,1150,6742,-3447730,3796665,5043845,-5392780,0,10020,3796665,29693240,413100,33913025,3457750,0,24649395,5805880,33913025
2022-02-10,5030,5060,4960,5030,8813,0.0,-1193,866,2167,-1840,0,17,881,7593,322,8813,1210,15,5426,2162,8813,-5974990,4355020,10787255,-9167285,0,85980,4430180,37958075,1601650,44075885,6060970,75160,27170820,10768935,44075885
2022-02-11,5030,5050,5000,5030,7299,0.0,-8,6,388,-386,0,2,10,7255,32,7299,10,4,6867,418,7299,-40350,29940,1944110,-1933700,0,10050,50000,36368630,160640,36589320,50400,20060,34424520,2094340,36589320
2022-02-14,5020,5050,4980,5030,10962,0.0,-79,720,-232,-409,0,1,722,9538,701,10962,80,2,9770,1110,10962,-394180,3621140,-1159460,-2067500,0,5020,3631190,47873545,3504005,55013760,399200,10050,49033005,5571505,55013760
2022-02-15,5030,5150,5010,5040,20989,0.19880715705765406,-1911,-1,304,1608,0,304,0,18958,1727,20989,2215,1,18654,119,20989,-9665850,-5040,1534170,8136720,0,1541160,0,96145090,8739640,106425890,11207010,5040,94610920,602920,106425890
2022-02-16,5040,5090,5000,5030,14355,-0.1984126984126984,4614,2272,-6667,-219,0,4654,2272,7347,82,14355,40,0,14014,301,14355,23231320,11428160,-33555940,-1103540,0,23433200,11428160,36997390,413320,72272070,201880,0,70553330,1516860,72272070
2022-02-17,5030,5070,4995,5030,4326,0.0,-512,20,1069,-577,0,13,20,3752,541,4326,525,0,2683,1118,4326,-2585770,100400,5383340,-2897970,0,65510,100400,18902835,2724040,21792785,2651280,0,13519495,5622010,21792785
2022-02-18,5020,5020,4730,4900,57583,-2.584493041749503,-5032,6,4736,290,0,1027,6,53158,3392,57583,6059,0,48422,3102,57583,-24705040,29250,23322575,1353215,0,4973470,29250,258798945,16492600,280294265,29678510,0,235476370,15139385,280294265
2022-02-21,4895,4895,4780,4810,17900,-1.8367346938775513,890,45,-150,-785,0,905,45,16858,92,17900,15,0,17008,877,17900,4288325,217190,-716315,-3789200,0,4360535,217190,81084255,442415,86104395,72210,0,81800570,4231615,86104395
2022-02-22,4810,4830,4750,4800,6895,-0.2079002079002079,172,10,682,-864,0,184,10,6410,291,6895,12,0,5728,1155,6895,823725,48000,3293655,-4165380,0,881445,48000,30748360,1399215,33077020,57720,0,27454705,5564595,33077020
2022-02-23,4800,4800,4750,4800,3471,0.0,-366,12,493,-139,0,231,12,3197,31,3471,597,0,2704,170,3471,-1751035,57260,2358295,-664520,0,1104815,57260,15306290,148605,16616970,2855850,0,12947995,813125,16616970
2022-02-24,4795,4795,4400,4550,122238,-5.208333333333334,12405,5532,-9426,-8511,0,14003,5532,101815,888,122238,1598,0,111241,9399,122238,56957880,24852070,-42991095,-38818855,0,64022815,24852070,463942535,4025505,556842925,7064935,0,506933630,42844360,556842925
2022-02-25,4615,4625,4555,4590,3368,0.8791208791208791,1058,-48,-1014,4,0,1067,2,2253,46,3368,9,50,3267,42,3368,4874930,-220570,-4671415,17055,0,4916265,9180,10360570,210400,15496415,41335,229750,15031985,193345,15496415
2022-02-28,4560,4625,4560,4620,10779,0.6535947712418301,611,-246,312,-677,0,612,4,10073,90,10779,1,250,9761,767,10779,2817555,-1135085,1442905,-3125375,0,2822160,18415,46382975,410850,49634400,4605,1153500,44940070,3536225,49634400
2022-03-02,4635,4995,4590,4665,11516,0.974025974025974,1074,-49,-725,-300,0,1123,1,9783,609,11516,49,50,10508,909,11516,5308990,-227150,-3444550,-1637290,0,5538680,4600,46183375,2850850,54577505,229690,231750,49627925,4488140,54577505
2022-03-03,4780,4790,4635,4720,12867,1.1789924973204717,2250,0,-2341,91,0,4082,0,8585,200,12867,1832,0,10926,109,12867,10537600,0,-10961375,423775,0,19131210,0,40235020,933795,60300025,8593610,0,51196395,510020,60300025
2022-03-04,4800,4805,4630,4795,9555,1.5889830508474576,2919,-3,-2551,-365,0,3415,0,6140,0,9555,496,3,8691,365,9555,13899665,-14310,-12153680,-1731675,0,16263905,0,29216140,0,45480045,2364240,14310,41369820,1731675,45480045
2022-03-07,4810,4850,4675,4740,11118,-1.1470281543274243,1489,0,-1145,-344,0,1507,1,9610,0,11118,18,1,10755,344,11118,7032505,40,-5390350,-1642195,0,7118205,4715,45523325,0,52646245,85700,4675,50913675,1642195,52646245
2022-03-08,4725,4725,4565,4565,20852,-3.691983122362869,164,1007,-807,-364,0,342,1007,19461,42,20852,178,0,20268,406,20852,741555,4597265,-3639525,-1699295,0,1571020,4597265,89566575,193110,95927970,829465,0,93206100,1892405,95927970
2022-03-10,4565,4820,4565,4700,12087,2.9572836801752467,-48,4,218,-174,0,14,4,11977,92,12087,62,0,11759,266,12087,-226710,18715,1009755,-801760,0,65585,18715,56163445,431020,56678765,292295,0,55153690,1232780,56678765
2022-03-11,4735,4780,4710,4745,17156,0.9574468085106382,71,-3,-274,206,0,449,0,16436,271,17156,378,3,16710,65,17156,343340,-14150,-1306615,977425,0,2129720,0,77964605,1286115,81380440,1786380,14150,79271220,308690,81380440
2022-03-14,4775,4780,4680,4745,2392,0.0,205,1,-38,-168,0,215,2,2175,0,2392,10,1,2213,168,2392,961210,4705,-166070,-799845,0,1008360,9395,10266330,0,11284085,47150,4690,10432400,799845,11284085
2022-03-15,4795,4895,4740,4880,20065,2.845100105374078,2821,0,-2782,-39,0,3681,0,16068,316,20065,860,0,18850,355,20065,13692525,0,-13502545,-189980,0,17805450,0,77133615,1517180,96456245,4112925,0,90636160,1707160,96456245
2022-03-16,4880,4880,4755,4855,25670,-0.5122950819672131,-8025,4,7915,106,0,385,4,24897,384,25670,8410,0,16982,278,25670,-38566965,19320,38045020,502625,0,1851830,19320,119796995,1846755,123514900,40418795,0,81751975,1344130,123514900
2022-03-17,4850,4855,4790,4820,13807,-0.7209062821833162,1638,3,-1389,-252,0,2443,3,11310,51,13807,805,0,12699,303,13807,7839475,14435,-6635985,-1217925,0,11718465,14435,54482005,244295,66459200,3878990,0,61117990,1462220,66459200
2022-03-18,4825,4825,4800,4800,3982,-0.4149377593360996,206,3,-135,-74,0,684,3,3234,61,3982,478,0,3369,135,3982,990800,14415,-648665,-356550,0,3285225,14415,15550230,293105,19142975,2294425,0,16198895,649655,19142975
2022-03-21,4800,4820,4785,4795,3460,-0.10416666666666667,403,0,-333,-70,0,408,0,3052,0,3460,5,0,3385,70,3460,1936490,0,-1599700,-336790,0,1960565,0,14653385,0,16613950,24075,0,16253085,336790,16613950
2022-03-22,4820,4820,4715,4790,2894,-0.10427528675703858,510,3,-414,-99,0,510,3,2381,0,2894,0,0,2795,99,2894,2428555,14255,-1970710,-472100,0,2428555,14255,11328030,0,13770840,0,0,13298740,472100,13770840
2022-03-23,4790,4830,4790,4815,3350,0.5219206680584552,378,0,-287,-91,0,574,0,2776,0,3350,196,0,3063,91,3350,1821600,0,-1383045,-438555,0,2767070,0,13380145,0,16147215,945470,0,14763190,438555,16147215
2022-03-24,4815,4950,4810,4910,18187,1.9730010384215992,1618,0,-1518,-100,0,2316,0,15636,235,18187,698,0,17154,335,18187,7926710,0,-7444530,-482180,0,11312755,0,76589295,1137075,89039125,3386045,0,84033825,1619255,89039125
2022-03-25,4950,4950,4845,4910,8977,0.0,1753,1,-1961,207,0,1764,1,6996,216,8977,11,0,8957,9,8977,8566100,4885,-9575610,1004625,0,8620030,4885,34242810,1048860,43916585,53930,0,43818420,44235,43916585
2022-03-28,4900,4920,4850,4905,5769,-0.10183299389002036,1483,0,-1239,-244,0,1523,0,4225,21,5769,40,0,5464,265,5769,7276090,0,-6080535,-1195555,0,7472140,0,20704725,101850,28278715,196050,0,26785260,1297405,28278715
2022-03-29,4920,4920,4840,4870,5864,-0.7135575942915392,1390,3,-1091,-302,0,1643,3,4208,10,5864,253,0,5299,312,5864,6796165,14605,-5336090,-1474680,0,8032175,14605,20503455,48480,28598715,1236010,0,25839545,1523160,28598715
2022-03-30,4865,4875,4850,4875,9259,0.10266940451745381,2787,-3,-2593,-191,0,3115,0,6106,38,9259,328,3,8699,229,9259,13554900,-14565,-12611540,-928795,0,15150620,0,29682835,185190,45018645,1595720,14565,42294375,1113985,45018645
2022-03-31,4880,4930,4870,4895,10829,0.41025641025641024,3480,1,-3433,-48,0,5299,1,5527,2,10829,1819,0,8960,50,10829,17026345,4900,-16795975,-235270,0,25950735,4900,27120740,9800,53086175,8924390,0,43916715,245070,53086175
2022-04-01,4895,4965,4890,4965,19761,1.4300306435137897,1922,0,-2033,111,0,1988,0,17602,171,19761,66,0,19635,60,19761,9484680,0,-10032515,547835,0,9810215,0,86941235,842965,97594415,325535,0,96973750,295130,97594415
2022-04-04,4965,5130,4865,5120,53321,3.121852970795569,-17667,-1,17613,55,0,4828,0,48171,322,53321,22495,1,30558,267,53321,-88815005,-4965,88545600,274370,0,24412450,0,243508095,1623460,269544005,113227455,4965,154962495,1349090,269544005
2022-04-05,5120,5240,5100,5200,66331,1.5625,24327,5000,-30770,1443,0,26490,5000,33015,1826,66331,2163,0,63785,383,66331,126591610,25750000,-159796530,7454920,0,137873390,25750000,170499250,9435060,343557700,11281780,0,330295780,1980140,343557700
2022-04-06,5200,5320,5150,5230,33606,0.576923076923077,8107,-8082,580,-605,0,9546,0,24041,19,33606,1439,8082,23461,624,33606,42333350,-42149680,2969840,-3153510,0,49819250,0,125416040,98220,175333510,7485900,42149680,122446200,3251730,175333510
2022-04-07,5220,5240,4910,5240,25051,0.19120458891013384,10346,2752,-12896,-202,0,10996,2752,10953,350,25051,650,0,23849,552,25051,53834190,14200350,-66960970,-1073570,0,57220840,14200350,55665150,1789390,128875730,3386650,0,122626120,2862960,128875730
2022-04-08,5210,5240,5140,5230,14221,-0.19083969465648853,1443,314,-1779,22,0,3932,314,9689,286,14221,2489,0,11468,264,14221,7653660,1638440,-9394400,102300,0,20540690,1638440,50308410,1480210,73967750,12887030,0,59702810,1377910,73967750
2022-04-11,5230,5230,5110,5190,25716,-0.7648183556405354,7482,-8535,1326,-273,0,11141,402,13967,206,25716,3659,8937,12641,479,25716,38571900,-43933110,6758150,-1396940,0,57362130,2060270,71688050,1058430,132168880,18790230,45993380,64929900,2455370,132168880
2022-04-12,5180,5180,5090,5180,14456,-0.1926782273603083,2079,3,-1968,-114,0,2219,3,12052,182,14456,140,0,14020,296,14456,10667220,15410,-10083820,-598810,0,11385970,15410,61681840,927860,74011080,718750,0,71765660,1526670,74011080
2022-04-13,5160,5200,5100,5160,11113,-0.3861003861003861,6865,-100,-6839,74,0,7368,0,3587,158,11113,503,100,10426,84,11113,35505500,-516000,-35365010,375510,0,38103270,0,18407450,810120,57320840,2597770,516000,53772460,434610,57320840
2022-04-14,5160,5300,5160,5240,8668,1.550387596899225,4591,0,-4297,-294,0,4816,0,3852,0,8668,225,0,8149,294,8668,23999230,0,-22461900,-1537330,0,25172800,0,20190330,0,45363130,1173570,0,42652230,1537330,45363130
2022-04-15,5240,5330,5210,5310,21403,1.3358778625954197,5143,-8288,3084,61,0,6943,1,14352,107,21403,1800,8289,11268,46,21403,27298070,-44045330,16421680,325580,0,36770360,5220,76110780,567750,113454110,9472290,44050550,59689100,242170,113454110
2022-04-18,5390,5390,5270,5290,25791,-0.3766478342749529,10439,-9732,-472,-235,0,17555,0,8225,11,25791,7116,9732,8697,246,25791,55391070,-51647410,-2494110,-1249550,0,93138460,0,43616100,58630,136813190,37747390,51647410,46110210,1308180,136813190
2022-04-19,5210,5320,5210,5290,10305,0.0,1395,-1940,624,-79,0,5346,1,4953,5,10305,3951,1941,4329,84,10305,7380920,-10293050,3329520,-417390,0,28347150,5250,26196730,26410,54575540,20966230,10298300,22867210,443800,54575540
2022-04-20,5290,5330,5280,5290,7369,0.0,1179,-1657,372,106,0,3012,0,4116,241,7369,1833,1657,3744,135,7369,6248600,-8782100,1972790,560710,0,15971980,0,21773650,1274890,39020520,9723380,8782100,19800860,714180,39020520
2022-04-21,5280,5370,5270,5280,14940,-0.1890359168241966,4679,-4525,11,-165,0,7202,0,7738,0,14940,2523,4525,7727,165,14940,24834270,-24025280,70360,-879350,0,38210570,0,40963850,0,79174420,13376300,24025280,40893490,879350,79174420
2022-04-22,5190,5300,5190,5300,9329,0.3787878787878788,3031,2,-2805,-228,0,5444,2,3839,44,9329,2413,0,6644,272,9329,15938250,10530,-14754950,-1193830,0,28727150,10530,20226400,228800,49192880,12788900,0,34981350,1422630,49192880
2022-04-25,5300,5300,5200,5270,8197,-0.5660377358490566,-371,4,369,-2,0,514,4,7679,0,8197,885,0,7310,2,8197,-1926560,20930,1916130,-10500,0,2697930,20930,40190710,0,42909570,4624490,0,38274580,10500,42909570
2022-04-26,5290,5300,5210,5250,3544,-0.3795066413662239,-28,1,73,-46,0,2,1,3541,0,3544,30,0,3468,46,3544,-147890,5220,384790,-242120,0,10510,5220,18661490,0,18677220,158400,0,18276700,242120,18677220
2022-04-27,5230,5230,5180,5220,5223,-0.5714285714285714,676,1454,-1828,-302,0,686,1454,3082,1,5223,10,0,4910,303,5223,3527060,7589770,-9540430,-1576400,0,3579160,7589770,16059910,5190,27234030,52100,0,25600340,1581590,27234030
2022-04-28,5290,5290,5220,5250,7998,0.5747126436781609,1962,0,-1757,-205,0,2607,0,5391,0,7998,645,0,7148,205,7998,10347290,0,-9270460,-1076830,0,13726780,0,28342510,0,42069290,3379490,0,37612970,1076830,42069290
2022-04-29,5300,5330,5200,5300,27276,0.9523809523809524,5493,-609,-4702,-182,0,20512,0,6633,131,27276,15019,609,11335,313,27276,29257770,-3230540,-25060880,-966350,0,108809900,0,35049090,691870,144550860,79552130,3230540,60109970,1658220,144550860
2022-05-02,5300,5300,5230,5260,6265,-0.7547169811320755,738,2,-861,121,0,1222,2,4909,132,6265,484,0,5770,11,6265,3883100,10530,-4528520,634890,0,6437380,10530,25829010,693000,32969920,2554280,0,30357530,58110,32969920
2022-05-03,5260,5260,5200,5200,1953,-1.1406844106463878,459,3,-462,0,0,459,3,1491,0,1953,0,0,1953,0,1953,2400420,15730,-2416150,0,0,2400420,15730,7805950,0,10222100,0,0,10222100,0,10222100
2022-05-04,5190,5200,5100,5160,9789,-0.7692307692307693,-267,2859,-2128,-464,0,459,2859,6470,1,9789,726,0,8598,465,9789,-1377550,14729830,-10957740,-2394540,0,2368870,14729830,33232620,5100,50336420,3746420,0,44190360,2399640,50336420
2022-05-06,5160,5160,5120,5140,7586,-0.3875968992248062,-115,2,300,-187,0,286,2,7298,0,7586,401,0,6998,187,7586,-593610,10270,1543290,-959950,0,1465940,10270,37500510,0,38976720,2059550,0,35957220,959950,38976720
2022-05-09,5380,5380,5100,5210,22851,1.3618677042801557,2295,0,-2031,-264,0,2298,0,20530,23,22851,3,0,22561,287,22851,11857290,0,-10475280,-1382010,0,11873200,0,105583240,117810,117574250,15910,0,116058520,1499820,117574250
2022-05-10,5100,5290,5100,5270,9376,1.1516314779270633,-175,9,386,-220,0,1267,9,8053,47,9376,1442,0,7667,267,9376,-894170,46370,1992840,-1145040,0,6513230,46370,41762170,244650,48566420,7407400,0,39769330,1389690,48566420
2022-05-11,5220,5320,5220,5310,4783,0.7590132827324478,36,0,-24,-12,0,51,0,4726,6,4783,15,0,4750,18,4783,191460,0,-127680,-63780,0,271110,0,25080930,31800,25383840,79650,0,25208610,95580,25383840
2022-05-12,5310,5340,5290,5320,13101,0.18832391713747645,-2701,-3,2876,-172,0,5099,0,8002,0,13101,7800,3,5126,172,13101,-14331970,-15960,15261430,-913500,0,27123040,0,42529880,0,69652920,41455010,15960,27268450,913500,69652920
2022-05-13,5250,5340,5250,5330,12091,0.18796992481203006,5461,-2001,-3431,-29,0,5777,0,6313,1,12091,316,2001,9744,30,12091,29039320,-10625310,-18260020,-153990,0,30709130,0,33549880,5310,64264320,1669810,10625310,51809900,159300,64264320
2022-05-16,5390,5390,5280,5310,49196,-0.37523452157598497,2835,-34343,31317,191,0,2876,2903,43226,191,49196,41,37246,11909,0,49196,15030960,-182123230,166078420,1013850,0,15251230,15385910,229363330,1013850,261014320,220270,197509140,63284910,0,261014320
2022-05-17,5250,5330,5250,5290,8912,-0.3766478342749529,-737,-5,876,-134,0,4,1,8850,57,8912,741,6,7974,191,8912,-3895290,-26640,4633630,-711700,0,21150,5280,46804190,300570,47131190,3916440,31920,42170560,1012270,47131190
2022-05-18,5240,5300,5230,5290,26773,0.0,5074,-1699,-3246,-129,0,5539,2,21224,8,26773,465,1701,24470,137,26773,26693120,-8942770,-17070190,-680160,0,29150060,10500,111359700,41990,140562250,2456940,8953270,128429890,722150,140562250
2022-05-19,5290,5330,5250,5290,10580,0.0,6896,-4687,-1925,-284,0,6896,2,3680,2,10580,0,4689,5605,286,10580,36502150,-24835560,-10168870,-1497720,0,36502150,10550,19424230,10580,55947510,0,24846110,29593100,1508300,55947510
2022-05-20,5320,5540,5270,5280,25168,-0.1890359168241966,-2157,-4325,6427,55,0,1212,0,23738,218,25168,3369,4325,17311,163,25168,-11398650,-23075870,34215760,258760,0,6421360,0,128294270,1153810,135869440,17820010,23075870,94078510,895050,135869440
2022-05-23,5280,5310,5250,5290,25942,0.1893939393939394,-1118,-19937,21061,-6,0,102,0,25818,22,25942,1220,19937,4757,28,25942,-5926320,-105666090,111624010,-31600,0,539580,0,136801260,116490,137457330,6465900,105666090,25177250,148090,137457330
2022-05-24,5250,5500,5240,5290,86694,0.0,-1870,-25209,27587,-508,0,31,1,86306,356,86694,1901,25210,58719,864,86694,-9837520,-133619370,146244240,-2787350,0,163950,5250,467840470,1896690,469906360,10001470,133624620,321596230,4684040,469906360
2022-05-25,5250,5330,5250,5300,5788,0.1890359168241966,-1566,-1,1876,-309,0,352,0,5410,26,5788,1918,1,3534,335,5788,-8252650,-5310,9897380,-1639420,0,1868340,0,28599860,137090,30605290,10120990,5310,18702480,1776510,30605290
2022-05-26,5300,5360,5260,5330,14310,0.5660377358490566,5011,-9767,4751,5,0,5021,0,9272,17,14310,10,9767,4521,12,14310,26633890,-51844290,25184410,25990,0,26686990,0,49154470,89960,75931420,53100,51844290,23970060,63970,75931420
2022-05-27,5390,5390,5270,5280,3301,-0.9380863039399625,-27,-376,566,-163,0,241,2,3058,0,3301,268,378,2492,163,3301,-147700,-1992790,3002730,-862240,0,1272750,10590,16167490,0,17450830,1420450,2003380,13164760,862240,17450830
2022-05-30,5250,5500,5230,5270,41814,-0.1893939393939394,31742,-4529,-26818,-395,0,32192,1,9458,163,41814,450,4530,36276,558,41814,173670970,-24052230,-147478760,-2139980,0,176046970,5280,50259650,862160,227174060,2376000,24057510,197738410,3002140,227174060
2022-05-31,5280,5300,5260,5300,10691,0.5692599620493358,-1301,-2216,3594,-77,0,362,1,9220,1108,10691,1663,2217,5626,1185,10691,-6875640,-11744800,19028490,-408050,0,1911960,5300,48737090,5872400,56526750,8787600,11750100,29708600,6280450,56526750
2022-06-02,5240,5320,5240,5290,27826,-0.18867924528301888,6833,-18836,12112,-109,0,7418,0,20384,24,27826,585,18836,8272,133,27826,36215570,-99830800,64190300,-575070,0,39310220,0,107901700,127170,147339090,3094650,99830800,43711400,702240,147339090
2022-06-03,5260,5460,5260,5320,47641,0.5671077504725899,39084,-12140,-26747,-197,0,40611,0,6618,412,47641,1527,12140,33365,609,47641,211446430,-64422220,-145938500,-1085710,0,219601260,0,35189090,2191110,256981460,8154830,64422220,181127590,3276820,256981460
2022-06-07,5320,5430,5270,5290,6419,-0.5639097744360901,-840,1,861,-22,0,504,1,5914,0,6419,1344,0,5053,22,6419,-4635080,5290,4746830,-117040,0,2661240,5290,31523260,0,34189790,7296320,0,26776430,117040,34189790
2022-06-08,5280,5470,5280,5330,13246,0.7561436672967864,526,0,-582,56,0,1961,0,11207,78,13246,1435,0,11789,22,13246,2758560,0,-3056590,298030,0,10449870,0,60725790,416490,71592150,7691310,0,63782380,118460,71592150
2022-06-09,5330,5370,5300,5330,8714,0.0,210,2,-212,0,0,211,2,8500,1,8714,1,0,8712,1,8714,1118350,10630,-1128950,-30,0,1123680,10630,45149940,5340,46289590,5330,0,46278890,5370,46289590
2022-06-10,5330,5340,5300,5330,3523,0.0,-13,1,114,-102,0,37,1,3482,3,3523,50,0,3368,105,3523,-70130,5310,609580,-544760,0,196870,5310,18543740,15900,18761820,267000,0,17934160,560660,18761820
2022-06-13,5320,5320,5250,5250,22826,-1.5009380863039399,-8120,2,8904,-786,0,883,2,21938,3,22826,9003,0,13034,789,22826,-42720840,10560,46854950,-4144670,0,4650220,10560,115481860,15850,120158490,47371060,0,68626910,4160520,120158490
2022-06-14,5250,5460,5140,5260,81491,0.19047619047619047,-6641,20499,-12712,-1146,0,5583,20501,54905,502,81491,12224,2,67617,1648,81491,-34631340,109123760,-68327490,-6164930,0,29439510,109134270,290887620,2616720,432078120,64070850,10510,359215110,8781650,432078120
2022-06-15,5250,5380,5250,5270,3639,0.19011406844106463,-752,1,1243,-492,0,141,1,3485,12,3639,893,0,2242,504,3639,-3964450,5270,6580260,-2621080,0,741660,5270,18410290,63240,19220460,4706110,0,11830030,2684320,19220460
2022-06-16,5250,5370,5250,5270,3032,0.0,-166,4,596,-434,0,78,4,2872,78,3032,244,0,2276,512,3032,-872460,21060,3133580,-2282180,0,410020,21060,15115160,411060,15957300,1282480,0,11981580,2693240,15957300
2022-06-17,5280,5280,5200,5210,10339,-1.1385199240986716,-66,3,771,-708,0,55,3,10279,2,10339,121,0,9508,710,10339,-342620,15720,4017810,-3690910,0,286740,15720,53637050,10540,53950050,629360,0,49619240,3701450,53950050
2022-06-20,5190,5360,4900,5140,84041,-1.3435700575815739,-7131,10000,-11697,8828,0,1880,13078,58182,10901,84041,9011,3078,69879,2073,84041,-35720260,49870225,-60832135,46682170,0,9372490,65629585,297577050,57125310,429704435,45092750,15759360,358409185,10443140,429704435
2022-06-21,5100,5220,4910,5010,19849,-2.529182879377432,244,10000,-10061,-183,0,314,10000,9389,146,19849,70,0,19450,329,19849,1213955,51884110,-52147150,-950915,0,1564655,51884110,46592585,730035,100771385,350700,0,98739735,1680950,100771385
2022-06-22,5180,5230,4955,4990,19088,-0.39920159680638717,-1330,0,2505,-1175,0,123,0,18961,4,19088,1453,0,16456,1179,19088,-6642705,0,12555630,-5912925,0,614210,0,96347040,19935,96981185,7256915,0,83791410,5932860,96981185
2022-06-23,5100,5100,4885,4950,8951,-0.8016032064128256,362,2,433,-797,0,594,2,8101,254,8951,232,0,7668,1051,8951,1862490,9870,2105065,-3977425,0,3005375,9870,39932510,1248835,44196590,1142885,0,37827445,5226260,44196590
2022-06-24,4890,5140,4780,4960,16118,0.20202020202020202,698,8002,-8675,-25,0,2167,8002,5387,562,16118,1469,0,14062,587,16118,3491180,40973905,-44275660,-189425,0,10763885,40973905,26376460,2777775,80892025,7272705,0,70652120,2967200,80892025
2022-06-27,4960,5100,4805,4960,17664,0.0,163,9,-328,156,0,229,9,17141,285,17664,66,0,17469,129,17664,803890,44510,-1623450,775050,0,1130750,44510,84769610,1416485,87361355,326860,0,86393060,641435,87361355
2022-06-28,5100,5100,4840,4995,9867,0.7056451612903225,972,4,-456,-520,0,1319,4,8524,20,9867,347,0,8980,540,9867,4807765,19655,-2244810,-2582610,0,6542765,19655,42190755,97100,48850275,1735000,0,44435565,2679710,48850275
2022-06-29,4945,4995,4910,4980,1964,-0.3003003003003003,-520,1,607,-88,0,243,1,1629,91,1964,763,0,1022,179,1964,-2557210,4925,2989200,-436915,0,1204030,4925,8029430,453575,9691960,3761240,0,5040230,890490,9691960
2022-06-30,5020,5020,4880,4925,9439,-1.104417670682731,-4909,2,5583,-676,0,892,2,8401,144,9439,5801,0,2818,820,9439,-23932390,9800,27255395,-3332805,0,4385305,9800,41103900,704530,46203535,28317695,0,13848505,4037335,46203535
2022-07-01,4875,4915,4710,4885,18506,-0.8121827411167513,5663,2505,-7484,-684,0,5663,2505,10283,55,18506,0,0,17767,739,18506,27360395,11899195,-35939495,-3320095,0,27360395,11899195,49199510,262285,88721385,0,0,85139005,3582380,88721385
2022-07-04,4885,4885,4685,4690,3086,-3.991811668372569,296,8,46,-350,0,846,8,2229,3,3086,550,0,2183,353,3086,1381295,37880,236105,-1655280,0,3989080,37880,10553245,14135,14594340,2607785,0,10317140,1669415,14594340
2022-07-05,4750,4750,4555,4655,2147,-0.7462686567164178,694,6,-616,-84,0,1474,6,662,5,2147,780,0,1278,89,2147,3268255,28080,-2900200,-396135,0,6973245,28080,3082760,23280,10107365,3704990,0,5982960,419415,10107365
2022-07-06,4745,4745,4460,4525,3091,-2.7926960257787328,147,1006,-862,-291,0,211,1008,1745,127,3091,64,2,2607,418,3091,664760,4547630,-3839710,-1372680,0,959820,4556775,7962935,582745,14062275,295060,9145,11802645,1955425,14062275
2022-07-07,4590,4590,4440,4540,1586,0.3314917127071823,-233,-11,134,110,0,256,3,1216,111,1586,489,14,1082,1,1586,-1045965,-49635,603715,491885,0,1159055,13430,5496680,496420,7165585,2205020,63065,4892965,4535,7165585
2022-07-08,4590,4700,4545,4560,6955,0.4405286343612335,-1063,-1,1126,-62,0,13,0,6555,387,6955,1076,1,5429,449,6955,-4855045,-4560,5191315,-331710,0,59300,0,30225180,1761210,32045690,4914345,4560,25033865,2092920,32045690
2022-07-11,4595,4595,4560,4595,1543,0.7675438596491228,1007,-1,-919,-87,0,1007,0,536,0,1543,0,1,1455,87,1543,4607025,-4560,-4203590,-398875,0,4607025,0,2456715,0,7063740,0,4560,6660305,398875,7063740
2022-07-12,4415,4690,4415,4570,2242,-0.544069640914037,86,2,343,-431,0,104,2,2133,3,2242,18,0,1790,434,2242,389550,9065,1566195,-1964810,0,472620,9065,9694500,13580,10189765,83070,0,8128305,1978390,10189765
2022-07-13,4570,4715,4570,4650,15225,1.75054704595186,-299,0,810,-511,0,138,0,15079,8,15225,437,0,14269,519,15225,-1370435,0,3736570,-2366135,0,637365,0,70717495,36960,71391820,2007800,0,66980925,2403095,71391820
2022-07-14,4780,4800,4670,4680,14791,0.6451612903225806,-5669,-2,5724,-53,0,0,0,14666,125,14791,5669,2,8942,178,14791,-26980975,-9395,27242735,-252365,0,0,0,70023815,596230,70620045,26980975,9395,42781080,848595,70620045
2022-07-15,4835,4835,4550,4685,1733,0.10683760683760685,-194,2,451,-259,0,323,2,1370,38,1733,517,0,919,297,1733,-879075,9275,2078950,-1209150,0,1484220,9275,6382775,175705,8051975,2363295,0,4303825,1384855,8051975
2022-07-18,4685,4805,4660,4685,6243,0.0,-4969,1,5232,-264,0,31,1,6202,9,6243,5000,0,970,273,6243,-23279835,4675,24518955,-1243795,0,145165,4675,29099035,42165,29291040,23425000,0,4580080,1285960,29291040
2022-07-19,4860,4860,4675,4705,2828,0.42689434364994666,66,0,177,-243,0,85,0,2743,0,2828,19,0,2566,243,2828,311160,0,830130,-1141290,0,400670,0,12896930,0,13297600,89510,0,12066800,1141290,13297600
2022-07-20,4705,4730,4690,4715,15859,0.21253985122210414,-13398,0,13657,-259,0,167,0,15692,0,15859,13565,0,2035,259,15859,-62995360,0,64216330,-1220970,0,786540,0,73815495,0,74602035,63781900,0,9599165,1220970,74602035
2022-07-21,4735,4740,4690,4710,2116,-0.10604453870625664,1171,0,-953,-218,0,1189,0,927,0,2116,18,0,1880,218,2116,5497735,0,-4469015,-1028720,0,5582335,0,4369720,0,9952055,84600,0,8838735,1028720,9952055
2022-07-22,4885,4885,4685,4690,2314,-0.42462845010615713,117,1,202,-320,0,1407,1,906,0,2314,1290,0,704,320,2314,550470,4690,959095,-1514255,0,6639270,4690,4271830,0,10915790,6088800,0,3312735,1514255,10915790
2022-07-25,4710,4745,4665,4695,993,0.10660980810234541,1,-2,120,-119,0,1,1,991,0,993,0,3,871,119,993,4700,-9415,563805,-559090,0,4700,4670,4651285,0,4660655,0,14085,4087480,559090,4660655
2022-07-26,4720,4720,4615,4690,825,-0.10649627263045794,3,2,222,-227,0,3,2,820,0,825,0,0,598,227,825,13945,9345,1040920,-1064210,0,13945,9345,3816680,0,3839970,0,0,2775760,1064210,3839970
2022-07-27,4705,4705,4650,4680,94,-0.21321961620469082,34,-1,15,-48,0,34,0,60,0,94,0,1,45,48,94,158720,-4670,70380,-224430,0,158720,0,280635,0,439355,0,4670,210255,224430,439355
2022-07-28,4680,4815,4675,4750,645,1.4957264957264957,18,0,142,-160,0,18,0,627,0,645,0,0,485,160,645,84240,0,668080,-752320,0,84240,0,2945145,0,3029385,0,0,2277065,752320,3029385
2022-07-29,4745,4780,4580,4730,2524,-0.42105263157894735,724,0,-215,-509,0,1099,0,1425,0,2524,375,0,1640,509,2524,3426240,0,-1029900,-2396340,0,5196965,0,6728640,0,11925605,1770725,0,7758540,2396340,11925605
2022-08-01,4795,4795,4550,4720,2225,-0.21141649048625794,499,0,-168,-331,0,618,0,1594,13,2225,119,0,1762,344,2225,2342990,0,-793500,-1549490,0,2902595,0,7369445,60545,10332585,559605,0,8162945,1610035,10332585
2022-08-02,4740,4740,4625,4685,7068,-0.7415254237288136,1835,4,-1503,-336,0,2464,4,4600,0,7068,629,0,6103,336,7068,8555420,18670,-7003640,-1570450,0,11496035,18670,21422745,0,32937450,2940615,0,28426385,1570450,32937450
2022-08-03,4690,4700,4650,4700,560,0.32017075773745995,23,-1,73,-95,0,63,0,497,0,560,40,1,424,95,560,108450,-4690,341995,-445755,0,296055,0,2332910,0,2628965,187605,4690,1990915,445755,2628965
2022-08-04,4760,4770,4650,4700,1066,0.0,264,-4,-24,-236,0,267,0,791,8,1066,3,4,815,244,1066,1237970,-18695,-103770,-1115505,0,1252070,0,3732440,37200,5021710,14100,18695,3836210,1152705,5021710
2022-08-05,4740,4740,4645,4705,630,0.10638297872340426,18,-2,139,-155,0,19,0,611,0,630,1,2,472,155,630,84885,-9385,653945,-729445,0,89625,0,2877395,0,2967020,4740,9385,2223450,729445,2967020
2022-08-08,4765,4765,4700,4700,1931,-0.10626992561105207,386,1,-27,-360,0,411,1,1508,11,1931,25,0,1535,371,1931,1812975,4705,-123215,-1694465,0,1931755,4705,7099040,51755,9087255,118780,0,7222255,1746220,9087255
2022-08-09,4775,4840,4695,4840,2646,2.9787234042553195,2529,9,-2104,-434,0,2557,9,74,6,2646,28,0,2178,440,2646,12015185,42505,-10017575,-2040115,0,12150705,42505,349025,28200,12570435,135520,0,10366600,2068315,12570435
2022-08-10,4845,4845,4795,4820,3380,-0.4132231404958678,312,2,119,-433,0,2410,2,968,0,3380,2098,0,849,433,3380,1496290,9610,575330,-2081230,0,11650610,9610,4667230,0,16327450,10154320,0,4091900,2081230,16327450
2022-08-11,4825,4875,4820,4830,1781,0.2074688796680498,1071,-1,-650,-420,0,1191,0,590,0,1781,120,1,1240,420,1781,5160470,-4825,-3130260,-2025385,0,5740670,0,2858475,0,8599145,580200,4825,5988735,2025385,8599145
2022-08-12,4875,4875,4830,4845,765,0.3105590062111801,480,1,12,-493,0,480,1,284,0,765,0,0,272,493,765,2319400,4840,58025,-2382265,0,2319400,4840,1373290,0,3697530,0,0,1315265,2382265,3697530
2022-08-16,4875,4875,4790,4830,4789,-0.30959752321981426,-1393,2,1796,-405,0,2330,2,2444,13,4789,3723,0,648,418,4789,-6668350,9585,8602170,-1943405,0,11175740,9585,11710780,62335,22958440,17844090,0,3108610,2005740,22958440
2022-08-17,4830,4830,4765,4780,2918,-1.0351966873706004,1069,3,-585,-487,0,1099,3,1816,0,2918,30,0,2401,487,2918,5102015,14325,-2790980,-2325360,0,5245115,14325,8662390,0,13921830,143100,0,11453370,2325360,13921830
2022-08-18,4770,4800,4710,4795,12325,0.3138075313807531,-1097,2,1603,-508,0,2377,2,9919,27,12325,3474,0,8316,535,12325,-5218735,9510,7627740,-2418515,0,11291220,9510,47377570,128270,58806570,16509955,0,39749830,2546785,58806570
2022-08-19,4795,4975,4795,4855,10075,1.251303441084463,79,0,422,-501,0,159,0,9716,200,10075,80,0,9294,701,10075,375045,0,2036595,-2411640,0,763315,0,47024645,964230,48752190,388270,0,44988050,3375870,48752190
2022-08-22,4855,4970,4790,4810,5568,-0.9268795056642637,-1958,2,2924,-968,0,25,2,5541,0,5568,1983,0,2617,968,5568,-9458760,9645,14099010,-4649895,0,120190,9645,26765980,0,26895815,9578950,0,12666970,4649895,26895815
2022-08-23,4835,4835,4745,4810,7836,0.0,1786,3,-706,-1083,0,2167,3,5666,0,7836,381,0,6372,1083,7836,8554835,14325,-3391325,-5177835,0,10383635,14325,27036385,0,37434345,1828800,0,30427710,5177835,37434345
2022-08-24,4845,4980,4710,4800,2464,-0.2079002079002079,146,6,1002,-1154,0,306,6,2141,11,2464,160,0,1139,1165,2464,688985,28380,4748440,-5465805,0,1450265,28380,10173995,52025,11704665,761280,0,5425555,5517830,11704665
2022-08-25,4800,5000,4775,4835,8543,0.7291666666666666,-3458,0,4540,-1082,0,2,0,8510,31,8543,3460,0,3970,1113,8543,-16671785,0,21870980,-5199195,0,9575,0,41061405,149835,41220815,16681360,0,19190425,5349030,41220815
2022-08-26,5010,5010,4780,4815,11041,-0.4136504653567736,-3835,-3,5089,-1251,0,467,0,10574,0,11041,4302,3,5485,1251,11041,-18804175,-14565,24851150,-6032410,0,2247035,0,51761670,0,54008705,21051210,14565,26910520,6032410,54008705
2022-08-29,4810,4810,4675,4695,5768,-2.4922118380062304,126,4,1315,-1445,0,510,4,5254,0,5768,384,0,3939,1445,5768,584955,18875,6209650,-6813480,0,2395280,18875,24834825,0,27248980,1810325,0,18625175,6813480,27248980
2022-08-30,4785,4900,4625,4725,9340,0.6389776357827476,-3178,2,4431,-1255,0,2237,3,6752,348,9340,5415,1,2321,1603,9340,-14760435,9285,20580835,-5829685,0,10368415,13915,31437275,1614550,43434155,25128850,4630,10856440,7444235,43434155
2022-08-31,5190,5200,4685,4725,86392,0.0,-5493,0,7433,-1940,0,10115,0,76277,0,86392,15608,0,68844,1940,86392,-27225275,0,36452335,-9227060,0,47844465,0,373647885,0,421492350,75069740,0,337195550,9227060,421492350
2022-09-01,4700,4845,4665,4695,38132,-0.6349206349206349,13961,2,-13402,-561,0,15391,2,20739,2000,38132,1430,0,34141,2561,38132,66662045,9395,-64277045,-2394395,0,73378565,9395,97218030,9642450,180248440,6716520,0,161495075,12036845,180248440
2022-09-02,4775,4775,4640,4705,16311,0.21299254526091588,-6591,-3,9752,-3158,0,1718,2,14567,24,16311,8309,5,4815,3182,16311,-30898365,-14020,45664285,-14751900,0,8039675,9335,68152320,111630,76312960,38938040,23355,22488035,14863530,76312960
2022-09-05,4710,4750,4675,4705,26421,0.0,-1208,1,4638,-3431,0,2583,1,23789,48,26421,3791,0,19151,3479,26421,-5699410,4690,21825200,-16130480,0,12119535,4690,111883340,224880,124232445,17818945,0,90058140,16355360,124232445
2022-09-06,4945,4945,4700,4700,9316,-0.10626992561105207,-1617,0,4830,-3213,0,390,0,8907,19,9316,2007,0,4077,3232,9316,-7664200,0,22818750,-15154550,0,1835690,0,42496665,89435,44421790,9499890,0,19677915,15243985,44421790
2022-09-07,4740,4740,4610,4630,14211,-1.4893617021276597,2291,0,1196,-3487,0,3679,0,10418,114,14211,1388,0,9222,3601,14211,10571500,0,5569845,-16141345,0,17019170,0,48244350,527345,65790865,6447670,0,42674505,16668690,65790865
2022-09-08,4720,4720,4615,4625,12576,-0.10799136069114472,-4689,0,8182,-3493,0,2325,0,10222,29,12576,7014,0,2040,3522,12576,-21757350,0,37957795,-16200445,0,10777100,0,47462335,134620,58374055,32534450,0,9504540,16335065,58374055
2022-09-13,4675,4675,4590,4625,10307,0.0,959,0,2658,-3617,0,2194,0,8050,63,10307,1235,0,5392,3680,10307,4400630,0,12321260,-16721890,0,10127350,0,37276295,289540,47693185,5726720,0,24955035,17011430,47693185
2022-09-14,4590,4720,4505,4645,13301,0.43243243243243246,-1455,2,4843,-3390,0,1767,2,11500,32,13301,3222,0,6657,3422,13301,-6720185,9225,22358485,-15647525,0,8161465,9225,53396780,148180,61715650,14881650,0,31038295,15795705,61715650
2022-09-15,4730,4730,4595,4650,9716,0.1076426264800861,-4417,0,8212,-3795,0,464,0,9180,72,9716,4881,0,968,3867,9716,-20540455,0,38159955,-17619500,0,2150340,0,42670985,333870,45155195,22690795,0,4511030,17953370,45155195
2022-09-16,4760,4760,4630,4670,8410,0.43010752688172044,-1729,0,5086,-3357,0,291,0,8119,0,8410,2020,0,3033,3357,8410,-8054475,0,23664105,-15609630,0,1347340,0,37770535,0,39117875,9401815,0,14106430,15609630,39117875
2022-09-19,4730,4730,4590,4630,8532,-0.8565310492505354,-4229,0,7907,-3678,0,87,0,8357,88,8532,4316,0,450,3766,8532,-19537800,0,36527130,-16989330,0,400435,0,38606530,405510,39412475,19938235,0,2079400,17394840,39412475
2022-09-20,4720,4725,4615,4630,6391,0.0,171,0,3075,-3246,0,349,0,6028,14,6391,178,0,2953,3260,6391,793310,0,14268480,-15061790,0,1617735,0,28141640,64690,29824065,824425,0,13873160,15126480,29824065
2022-09-21,4690,4690,4580,4600,8570,-0.6479481641468683,-358,2,3995,-3639,0,1208,2,7360,0,8570,1566,0,3365,3639,8570,-1654085,9210,18436955,-16792080,0,5564710,9210,33958775,0,39532695,7218795,0,15521820,16792080,39532695
2022-09-22,4635,4660,4570,4605,10159,0.10869565217391304,-3601,1,3879,-279,0,709,1,9439,10,10159,4310,0,5560,289,10159,-16546125,4580,17821200,-1279655,0,3262490,4580,43316400,45885,46629355,19808615,0,25495200,1325540,46629355
2022-09-23,4620,4695,4605,4660,8515,1.1943539630836049,825,0,-945,120,0,2422,0,5973,120,8515,1597,0,6918,0,8515,3822200,0,-4381325,559125,0,11280245,0,27862320,559125,39701690,7458045,0,32243645,0,39701690
2022-09-26,4710,4720,4490,4505,33293,-3.3261802575107295,2029,1006,-2891,-144,0,2977,1006,29310,0,33293,948,0,32201,144,33293,9307130,4532350,-13166405,-673075,0,13660570,4532350,134393755,0,152586675,4353440,0,147560160,673075,152586675
2022-09-27,4635,4640,4465,4560,10409,1.2208657047724751,63,0,-115,52,0,2851,0,7506,52,10409,2788,0,7621,0,10409,259720,0,-495935,236215,0,12984165,0,34242305,236215,47462685,12724445,0,34738240,0,47462685
2022-09-28,4615,4615,4420,4510,10800,-1.0964912280701753,8386,-8495,100,9,0,8891,5,1895,9,10800,505,8500,1795,0,10800,37903840,-38349220,404520,40860,0,40183005,22485,8529625,40860,48775975,2279165,38371705,8125105,0,48775975
2022-09-29,4620,4620,4540,4555,1672,0.9977827050997782,-680,0,689,-9,0,192,0,1480,0,1672,872,0,791,9,1672,-3096740,0,3137600,-40860,0,871680,0,6741685,0,7613365,3968420,0,3604085,40860,7613365
2022-09-30,4595,4745,4505,4555,12514,0.0,474,0,-447,-27,0,2011,0,10503,0,12514,1537,0,10950,27,12514,2213630,0,-2089755,-123875,0,9224770,0,48784560,0,58009330,7011140,0,50874315,123875,58009330
2022-10-04,4640,4670,4485,4485,16599,-1.5367727771679474,1056,0,-1033,-23,0,4421,0,12178,0,16599,3365,0,13211,23,16599,4933555,0,-4826950,-106605,0,20170405,0,55299130,0,75469535,15236850,0,60126080,106605,75469535
2022-10-05,4585,4585,4415,4540,4167,1.2263099219620959,109,0,-111,2,0,1818,0,2347,2,4167,1709,0,2458,0,4167,551310,0,-560270,8960,0,8197825,0,10538850,8960,18745635,7646515,0,11099120,0,18745635
2022-10-06,4560,4565,4430,4555,4036,0.3303964757709251,-246,0,248,-2,0,537,0,3499,0,4036,783,0,3251,2,4036,-1123920,0,1133040,-9120,0,2440315,0,15928165,0,18368480,3564235,0,14795125,9120,18368480
2022-10-07,4555,4670,4475,4530,2493,-0.5488474204171241,-465,0,465,0,0,212,0,2281,0,2493,677,0,1816,0,2493,-2104180,0,2104180,0,0,958265,0,10362860,0,11321125,3062445,0,8258680,0,11321125
2022-10-11,4520,4620,4430,4460,14949,-1.545253863134658,951,0,-961,10,0,2163,0,12776,10,14949,1212,0,13737,0,14949,4286370,0,-4331310,44940,0,9783265,0,57256225,44940,67084430,5496895,0,61587535,0,67084430
2022-10-12,4460,4500,4460,4470,4260,0.2242152466367713,-987,0,997,-10,0,480,0,3780,0,4260,1467,0,2783,10,4260,-4414950,0,4459600,-44650,0,2152760,0,16899175,0,19051935,6567710,0,12439575,44650,19051935
2022-10-13,4480,4590,4100,4195,28444,-6.152125279642058,5018,1004,-6263,241,0,7702,1004,19479,259,28444,2684,0,25742,18,28444,22728025,4267645,-28017110,1021440,0,34432945,4267645,82700410,1097695,122498695,11704920,0,110717520,76255,122498695
2022-10-14,4330,4330,4165,4250,13468,1.3110846245530394,911,1,-851,-61,0,5644,1,7705,118,13468,4733,0,8556,179,13468,3794820,4215,-3542845,-256190,0,23682855,4215,32424695,496190,56607955,19888035,0,35967540,752380,56607955
2022-10-17,4250,4250,4025,4210,3540,-0.9411764705882352,281,4,-167,-118,0,1446,4,2090,0,3540,1165,0,2257,118,3540,1195150,16850,-714705,-497295,0,6071580,16850,8769345,0,14857775,4876430,0,9484050,497295,14857775
2022-10-18,4210,4210,4115,4195,4812,-0.35629453681710216,-2842,2,2816,24,0,1065,2,3716,29,4812,3907,0,900,5,4812,-11881385,8355,11774455,98575,0,4458330,8355,15532290,119525,20118500,16339715,0,3757835,20950,20118500
2022-10-19,4235,4240,4185,4240,5767,1.0727056019070322,-2942,0,2943,-1,0,1060,0,4707,0,5767,4002,0,1764,1,5767,-12389460,0,12393660,-4200,0,4441480,0,19829235,0,24270715,16830940,0,7435575,4200,24270715
2022-10-20,4235,4235,4205,4210,5563,-0.7075471698113208,-1947,4,1943,0,0,44,5,5514,0,5563,1991,1,3571,0,5563,-8232650,16905,8215745,0,0,185295,21125,23253965,0,23460385,8417945,4220,15038220,0,23460385
2022-10-21,4210,4280,4190,4230,4405,0.4750593824228029,-482,0,481,1,0,821,0,3583,1,4405,1303,0,3102,0,4405,-2048865,0,2044670,4195,0,3459890,0,15138565,4195,18602650,5508755,0,13093895,0,18602650
2022-10-24,4130,4285,4080,4105,18543,-2.955082742316785,1020,12,-1226,194,0,2665,12,15623,243,18543,1645,0,16849,49,18543,4172420,49490,-5027630,805720,0,10960055,49490,64363030,1009160,76381735,6787635,0,69390660,203440,76381735
2022-10-25,4135,4135,4000,4060,16604,-1.0962241169305724,863,1869,-2732,0,0,5273,1869,9462,0,16604,4410,0,12194,0,16604,3523255,7476280,-10999535,0,0,21388855,7476280,38326665,0,67191800,17865600,0,49326200,0,67191800
2022-10-26,4090,4165,4015,4165,7365,2.586206896551724,-2012,407,1597,8,0,164,407,6775,19,7365,2176,0,5178,11,7365,-8127555,1695010,6401585,30960,0,662650,1695010,27460725,76475,29894860,8790205,0,21059140,45515,29894860
2022-10-27,4165,4560,4110,4390,13748,5.402160864345738,-842,0,928,-86,0,259,0,13474,15,13748,1101,0,12546,101,13748,-3876915,0,4257360,-380445,0,1113200,0,58503895,63060,59680155,4990115,0,54246535,443505,59680155
2022-10-28,4390,4525,4345,4495,21245,2.3917995444191344,175,-2,-114,-59,0,1766,0,19386,93,21245,1591,2,19500,152,21245,785665,-8920,-500840,-275905,0,7896605,0,87012470,407280,95316355,7110940,8920,87513310,683185,95316355
2022-10-31,4495,4525,4470,4495,18096,0.0,31,0,-34,3,0,1320,0,16758,18,18096,1289,0,16792,15,18096,134830,0,-148495,13665,0,5930320,0,75437790,81090,81449200,5795490,0,75586285,67425,81449200
2022-11-01,4515,4540,4415,4535,11177,0.8898776418242491,169,2,-126,-45,0,551,2,10622,2,11177,382,0,10748,47,11177,768070,8950,-574490,-202530,0,2500090,8950,47976150,8930,50494120,1732020,0,48550640,211460,50494120
2022-11-02,4585,4585,4495,4520,5610,-0.33076074972436603,2,2,-4,0,0,9,2,5599,0,5610,7,0,5603,0,5610,9530,9015,-18545,0,0,41035,9015,25243465,0,25293515,31505,0,25262010,0,25293515
2022-11-03,4480,4565,4400,4450,25930,-1.5486725663716814,-2941,5,2876,60,0,2717,5,23131,77,25930,5658,0,20255,17,25930,-12937210,22295,12648245,266670,0,12131005,22295,103366885,343420,115863605,25068215,0,90718640,76750,115863605
2022-11-04,4450,4505,4180,4320,14729,-2.9213483146067416,-3768,-9,3610,167,0,3584,0,10977,168,14729,7352,9,7367,1,14729,-16411435,-39855,15729285,722005,0,15773210,0,48045880,726470,64545560,32184645,39855,32316595,4465,64545560
2022-11-07,4320,4420,4205,4205,11254,-2.662037037037037,-5844,1004,4891,-51,0,1513,1004,8731,6,11254,7357,0,3840,57,11254,-25159335,4324670,21054980,-220315,0,6505210,4324670,37383580,25650,48239110,31664545,0,16328600,245965,48239110
2022-11-08,4220,4470,4170,4470,39009,6.302021403091558,-13916,0,14082,-166,0,1990,0,36981,38,39009,15906,0,22899,204,39009,-60534485,0,61261890,-727405,0,8508755,0,159525210,162415,168196380,69043240,0,98263320,889820,168196380
2022-11-09,4550,4550,4430,4480,23351,0.22371364653243847,-2379,0,2376,3,0,459,0,22883,9,23351,2838,0,20507,6,23351,-10619495,0,10606005,13490,0,2050910,0,102907160,40450,104998520,12670405,0,92301155,26960,104998520
2022-11-10,4530,4560,4440,4555,43189,1.6741071428571428,-2083,0,1700,383,0,6044,0,36459,686,43189,8127,0,34759,303,43189,-9361130,0,7633030,1728100,0,27482710,0,165455555,3104855,196043120,36843840,0,157822525,1376755,196043120
2022-11-11,4710,4710,4520,4575,41199,0.43907793633369924,-2543,2,2600,-59,0,1836,2,39045,316,41199,4379,0,36445,375,41199,-11710205,9065,11995760,-294620,0,8461715,9065,179947245,1443780,189861805,20171920,0,167951485,1738400,189861805
2022-11-14,4665,4665,4405,4575,27955,0.0,-4158,0,4129,29,0,1097,0,26494,364,27955,5255,0,22365,335,27955,-19058820,0,18948010,110810,0,4982445,0,120647435,1645210,127275090,24041265,0,101699425,1534400,127275090
2022-11-15,4575,4660,4525,4575,13088,0.0,-899,2,581,316,0,280,2,12464,342,13088,1179,0,11883,26,13088,-4123245,9075,2645690,1468480,0,1272145,9075,57298885,1588900,60169005,5395390,0,54653195,120420,60169005
2022-11-16,4570,4620,4565,4620,25956,0.9836065573770493,-4243,0,4273,-30,0,464,0,25485,7,25956,4707,0,21212,37,25956,-19400875,0,19537835,-136960,0,2125160,0,116851330,32025,119008515,21526035,0,97313495,168985,119008515
2022-11-17,4600,4620,4510,4520,3549,-2.1645021645021645,174,2,-176,0,0,767,2,2780,0,3549,593,0,2956,0,3549,798665,9115,-807780,0,0,3492720,9115,12655305,0,16157140,2694055,0,13463085,0,16157140
2022-11-18,4570,4720,4510,4685,30783,3.650442477876106,247,0,-316,69,0,1442,0,29074,267,30783,1195,0,29390,198,30783,1170445,0,-1508090,337645,0,6735055,0,135043310,1251235,143029600,5564610,0,136551400,913590,143029600
2022-11-21,4855,4905,4660,4780,31581,2.0277481323372464,-4884,-1,2786,2099,0,4179,0,25066,2336,31581,9063,1,22280,237,31581,-23403885,-4720,13377630,10030975,0,19945640,0,120129890,11181095,151256625,43349525,4720,106752260,1150120,151256625
2022-11-22,4605,4900,4605,4875,37235,1.9874476987447698,-4050,0,3845,205,0,8,0,36596,631,37235,4058,0,32751,426,37235,-19734495,0,18723770,1010725,0,38725,0,174793130,3056540,177888395,19773220,0,156069360,2045815,177888395
2022-11-23,4875,5000,4815,4935,21604,1.2307692307692308,-6975,1,5967,1007,0,1212,1,18376,2015,21604,8187,0,12409,1008,21604,-34463820,4845,29433745,5025230,0,5942890,4845,90370150,9986880,106304765,40406710,0,60936405,4961650,106304765
2022-11-24,4940,4950,4900,4925,38043,-0.2026342451874367,-10155,2,9986,167,0,1031,2,35381,1629,38043,11186,0,25395,1462,38043,-50049075,9840,49172770,866465,0,5085015,9840,174531755,8054375,187680985,55134090,0,125358985,7187910,187680985
2022-11-25,4970,4980,4905,4915,21920,-0.20304568527918782,-8696,0,10956,-2260,0,315,0,21547,58,21920,9011,0,10591,2318,21920,-43213120,0,54433720,-11220600,0,1549250,0,106958010,288840,108796100,44762370,0,52524290,11509440,108796100
2022-11-28,4995,5000,4905,4975,25049,1.2207527975584944,-1365,0,-1809,3174,0,4608,0,16572,3869,25049,5973,0,18381,695,25049,-6545575,0,-9240640,15786215,0,22900225,0,81996530,19206230,124102985,29445800,0,91237170,3420015,124102985
2022-11-29,4760,5040,4760,5000,20433,0.5025125628140703,214,0,-2204,1990,0,2910,0,14931,2592,20433,2696,0,17135,602,20433,1130935,0,-11118595,9987660,0,14525915,0,74378140,12992830,101896885,13394980,0,85496735,3005170,101896885
2022-11-30,5120,5120,4870,4960,13232,-0.8,1190,0,-645,-545,0,2580,0,10462,190,13232,1390,0,11107,735,13232,5997550,0,-3251920,-2745630,0,12870120,0,51899060,944645,65713825,6872570,0,55150980,3690275,65713825
2022-12-01,4860,4965,4815,4920,39768,-0.8064516129032258,20853,1,-20911,57,0,22640,1,15860,1267,39768,1787,0,36771,1210,39768,102152965,4875,-102460675,302835,0,110876460,4875,77531150,6195250,194607735,8723495,0,179991825,5892415,194607735
2022-12-02,4900,4900,4835,4885,7313,-0.7113821138211381,2874,3,-2954,77,0,4201,3,3032,77,7313,1327,0,5986,0,7313,13964915,14585,-14352560,373060,0,20421700,14585,14710940,373060,35520285,6456785,0,29063500,0,35520285
2022-12-05,4885,4885,4725,4725,20801,-3.2753326509723646,4267,2,-2318,-1951,0,4998,2,15801,0,20801,731,0,18119,1951,20801,20274630,9700,-10942235,-9342095,0,23742405,9700,75215720,0,98967825,3467775,0,86157955,9342095,98967825
2022-12-06,4770,4775,4675,4730,28223,0.10582010582010583,15327,1,-15432,104,0,21166,1,6949,107,28223,5839,0,22381,3,28223,72686915,4695,-73178670,487060,0,100198260,4695,32776965,501085,133481005,27511345,0,105955635,14025,133481005
2022-12-07,4535,4875,4535,4640,28784,-1.9027484143763214,-1133,0,-1158,2291,0,2563,0,22684,3537,28784,3696,0,23842,1246,28784,-5429515,0,-5514630,10944145,0,12071605,0,107307570,16791655,136170830,17501120,0,112822200,5847510,136170830
2022-12-08,4675,4715,4645,4645,22916,0.10775862068965517,-16906,0,16792,114,0,1037,0,21765,114,22916,17943,0,4973,0,22916,-79215935,0,78679790,536145,0,4848025,0,101952090,536145,107336260,84063960,0,23272300,0,107336260
2022-12-09,4645,4805,4635,4685,5127,0.8611410118406888,167,0,-327,160,0,670,0,4297,160,5127,503,0,4624,0,5127,782855,0,-1526575,743720,0,3126345,0,20049560,743720,23919625,2343490,0,21576135,0,23919625
2022-12-12,4675,4845,4655,4680,6462,-0.10672358591248667,-7,0,769,-762,0,75,0,6322,65,6462,82,0,5553,827,6462,-37210,0,3654545,-3617335,0,352830,0,30197840,307350,30858020,390040,0,26543295,3924685,30858020
2022-12-13,4680,4750,4650,4695,1030,0.3205128205128205,25,0,-67,42,0,172,0,799,59,1030,147,0,866,17,1030,118240,0,-312750,194510,0,806005,0,3747990,274440,4828435,687765,0,4060740,79930,4828435
2022-12-14,4785,4785,4660,4690,2959,-0.10649627263045794,1094,0,-1079,-15,0,1101,0,1857,1,2959,7,0,2936,16,2959,5124000,0,-5053430,-70570,0,5157080,0,8694310,4685,13856075,33080,0,13747740,75255,13856075
2022-12-15,4635,4730,4635,4710,6918,0.42643923240938164,2355,0,-2281,-74,0,3668,0,3018,232,6918,1313,0,5299,306,6918,11165460,0,-10814575,-350885,0,17316765,0,14188545,1092455,32597765,6151305,0,25003120,1443340,32597765
2022-12-16,4710,4760,4665,4735,4660,0.5307855626326964,1613,27,-1832,192,0,2370,27,2064,199,4660,757,0,3896,7,4660,7581405,127375,-8617890,909110,0,11155320,127375,9734120,942010,21958825,3573915,0,18352010,32900,21958825
2022-12-19,4820,4820,4660,4675,16001,-1.2671594508975714,9811,7,-9831,13,0,10276,7,5439,279,16001,465,0,15270,266,16001,45784140,32815,-45881505,64550,0,47973890,32815,25835390,1308840,75150935,2189750,0,71716895,1244290,75150935
2022-12-20,4715,4745,4635,4635,7659,-0.8556149732620321,5395,0,-5395,0,0,6461,1,1197,0,7659,1066,1,6592,0,7659,25234275,0,-25234275,0,0,30202610,4660,5576115,0,35783385,4968335,4660,30810390,0,35783385
2022-12-21,4635,4675,4635,4650,2323,0.3236245954692557,-1020,-3,722,301,0,21,0,2000,302,2323,1041,3,1278,1,2323,-4755515,-13980,3368035,1401460,0,97755,0,9323290,1406120,10827165,4853270,13980,5955255,4660,10827165
2022-12-22,4650,4830,4650,4695,4692,0.967741935483871,789,2,-106,-685,0,1214,3,2833,642,4692,425,1,2939,1327,4692,3670025,9455,-428070,-3251410,0,5702645,14140,13523060,3015780,22255625,2032620,4685,13951130,6267190,22255625
2022-12-23,4730,4800,4715,4790,12236,2.023429179978701,187,1,1461,-1649,0,705,2,11336,193,12236,518,1,9875,1842,12236,876800,4770,6978315,-7859885,0,3349255,9510,54157420,918555,58434740,2472455,4740,47179105,8778440,58434740
2022-12-26,4840,4870,4790,4865,24384,1.5657620041753653,1494,-1,-1746,253,0,2874,1,21114,395,24384,1380,2,22860,142,24384,7209835,-4850,-8428815,1223830,0,13883745,4825,101843235,1910995,117642800,6673910,9675,110272050,687165,117642800
2022-12-27,4895,4895,4810,4890,19803,0.513874614594039,117,3,-278,158,0,2200,4,17115,484,19803,2083,1,17393,326,19803,514580,14620,-1281205,752005,0,10659215,19430,82945180,2336070,95959895,10144635,4810,84226385,1584065,95959895
2022-12-28,4170,4235,3990,4000,195981,-18.200408997955012,-26998,-3527,35290,-4765,0,3684,1000,187808,3489,195981,30682,4527,152518,8254,195981,-110992020,-14720180,145097710,-19385510,0,15028985,4000000,765545065,14431385,799005435,126021005,18720180,620447355,33816895,799005435
2022-12-29,4000,4000,3630,3715,54039,-7.124999999999999,-12147,-6579,18828,-102,0,5094,18,48852,75,54039,17241,6597,30024,177,54039,-45263760,-24632745,70283670,-387165,0,19469250,65985,182949225,283500,202767960,64733010,24698730,112665555,670665,202767960
2023-01-02,3650,3730,3630,3700,16789,-0.4037685060565276,3054,-492,-2460,-102,0,3764,10,13015,0,16789,710,502,15475,102,16789,11245805,-1793035,-9075660,-377110,0,13861410,36870,47873005,0,61771285,2615605,1829905,56948665,377110,61771285
2023-01-03,3700,3700,3430,3500,63305,-5.405405405405405,-24696,999,22097,1600,0,10834,1004,49593,1874,63305,35530,5,27496,274,63305,-85825490,3496390,76805975,5523125,0,37751620,3514480,174558305,6502165,222326570,123577110,18090,97752330,979040,222326570
2023-01-04,3585,3585,3435,3500,7411,0.0,120,6,617,-743,0,198,6,7204,3,7411,78,0,6587,746,7411,409670,21140,2180025,-2610835,0,688445,21140,25287425,10515,26007525,278775,0,23107400,2621350,26007525
2023-01-05,3550,3560,3465,3560,13949,1.7142857142857144,1618,1502,-2849,-271,0,1702,1506,10417,324,13949,84,4,13266,595,13949,5641570,5302060,-9984585,-959045,0,5939325,5316210,36785455,1136350,49177340,297755,14150,46770040,2095395,49177340
2023-01-06,3560,3560,3475,3535,6046,-0.7022471910112359,-72,3,-441,510,0,232,4,5099,711,6046,304,1,5540,201,6046,-260580,10555,-1525010,1775035,0,814670,14095,17972010,2487840,21288615,1075250,3540,19497020,712805,21288615
2023-01-09,3535,3595,3515,3530,20334,-0.14144271570014144,159,-1,-871,713,0,1258,2,18116,958,20334,1099,3,18987,245,20334,534095,-3615,-3067560,2537080,0,4465810,7050,64260900,3406050,72139810,3931715,10665,67328460,868970,72139810
2023-01-10,3565,3565,3500,3550,5280,0.56657223796034,2282,0,-2143,-139,0,2677,2,2489,112,5280,395,2,4632,251,5280,8039130,30,-7543685,-495475,0,9434710,7070,8770980,394485,18607245,1395580,7040,16314665,889960,18607245
2023-01-11,3520,3625,3515,3590,11455,1.1267605633802817,-2094,-1,1401,694,0,877,1,9834,743,11455,2971,2,8433,49,11455,-7525615,-3515,5034930,2494200,0,3139940,3575,35295390,2667845,41106750,10665555,7090,30260460,173645,41106750
2023-01-12,3605,3605,3470,3520,17412,-1.9498607242339834,-688,3,-410,1095,0,4712,5,11482,1213,17412,5400,2,11892,118,17412,-2382220,10695,-1466240,3837765,0,16602315,17720,40342760,4253235,61216030,18984535,7025,41809000,415470,61216030
2023-01-13,3520,3535,3485,3490,12899,-0.8522727272727272,-3750,-2,2826,926,0,2482,1,9459,957,12899,6232,3,6633,31,12899,-13104185,-7025,9867375,3243835,0,8685000,3510,33154130,3352965,45195605,21789185,10535,23286755,109130,45195605
2023-01-16,3500,3515,3485,3515,9823,0.7163323782234957,-1124,1,587,536,0,1605,2,7451,765,9823,2729,1,6864,229,9823,-3953990,3520,2072425,1878045,0,5605160,7015,26093875,2679365,34385415,9559150,3495,24021450,801320,34385415
2023-01-17,3490,3595,3490,3540,8041,0.7112375533428165,-703,5,439,259,0,20,6,7607,408,8041,723,1,7168,149,8041,-2508885,17745,1580650,910490,0,70775,21320,27072845,1441365,28606305,2579660,3575,25492195,530875,28606305
2023-01-18,3515,3665,3480,3575,18561,0.9887005649717515,-3822,1,3639,182,0,5172,2,12377,1010,18561,8994,1,8738,828,18561,-13652525,3680,13057205,591640,0,18768865,7200,44328150,3612800,66717015,32421390,3520,31270945,3021160,66717015
2023-01-19,3585,3655,3560,3655,10269,2.237762237762238,-855,0,270,585,0,88,0,9569,612,10269,943,0,9299,27,10269,-3089890,0,966705,2123185,0,321325,0,34633325,2220520,37175170,3411215,0,33666620,97335,37175170
2023-01-20,3750,3750,3640,3670,19047,0.4103967168262654,-733,-701,1104,330,0,1513,2,16538,994,19047,2246,703,15434,664,19047,-2664805,-2551530,4035775,1180560,0,5552050,7395,60718950,3640605,69919000,8216855,2558925,56683175,2460045,69919000
2023-01-25,3670,3710,3620,3665,24130,-0.13623978201634876,5145,0,-5350,205,0,6203,0,17722,205,24130,1058,0,23072,0,24130,18722590,0,-19468270,745680,0,22632525,0,64848680,745680,88226885,3909935,0,84316950,0,88226885
2023-01-26,3660,3665,3630,3660,11843,-0.1364256480218281,1032,3,-1316,281,0,2247,3,9227,366,11843,1215,0,10543,85,11843,3750705,10955,-4786410,1024750,0,8188865,10955,33674010,1335170,43209000,4438160,0,38460420,310420,43209000
2023-01-27,3660,3680,3590,3595,19835,-1.7759562841530054,1804,2,-2819,1013,0,4603,2,14126,1104,19835,2799,0,16945,91,19835,6486505,7290,-10151830,3658035,0,16640015,7290,51153485,3988250,71789040,10153510,0,61305315,330215,71789040
2023-01-30,3630,3650,3605,3620,23556,0.6954102920723227,-204,0,-582,786,0,3582,0,19168,806,23556,3786,0,19750,20,23556,-756685,0,-2081255,2837940,0,12932070,0,69337930,2910760,85180760,13688755,0,71419185,72820,85180760
2023-01-31,3635,3645,3590,3620,7638,0.0,-81,0,-1159,1240,0,203,0,5957,1478,7638,284,0,7116,238,7638,-297250,0,-4197515,4494765,0,736860,0,21605470,5359745,27702075,1034110,0,25802985,864980,27702075
2023-02-01,3620,3650,3600,3625,14943,0.13812154696132595,48,1,-453,404,0,547,1,13796,599,14943,499,0,14249,195,14943,170545,3625,-1640000,1465830,0,1988290,3625,50200775,2175160,54367850,1817745,0,51840775,709330,54367850
2023-02-02,3670,3680,3605,3605,15504,-0.5517241379310345,-4561,5,2365,2191,0,1382,9,11922,2191,15504,5943,4,9557,0,15504,-16558835,18170,8585685,7954980,0,5018935,32685,43266500,7954980,56273100,21577770,14515,34680815,0,56273100
2023-02-03,3635,3640,3600,3600,7503,-0.13869625520110956,-4300,-13,4128,185,0,347,2,6969,185,7503,4647,15,2841,0,7503,-15527055,-46975,14905755,668275,0,1253540,7250,25196600,668275,27125665,16780595,54225,10290845,0,27125665
2023-02-06,3625,3640,3600,3625,7818,0.6944444444444444,-598,0,-213,811,0,600,0,6398,820,7818,1198,0,6611,9,7818,-2161245,0,-778165,2939410,0,2171000,0,23164725,2971990,28307715,4332245,0,23942890,32580,28307715
2023-02-07,3655,3655,3600,3645,7302,0.5517241379310345,-534,0,405,129,0,170,1,6966,165,7302,704,1,6561,36,7302,-1943070,20,1479250,463800,0,613050,3635,25277975,594855,26489515,2556120,3615,23798725,131055,26489515
2023-02-08,3660,3740,3640,3700,16447,1.5089163237311385,3733,-1,-4492,760,0,3902,0,11758,787,16447,169,1,16250,27,16447,13775215,-3740,-16575380,2803905,0,14403695,0,43230485,2904380,60538560,628480,3740,59805865,100475,60538560
2023-02-09,3745,3745,3675,3700,2861,0.0,90,1,-146,55,0,100,1,2678,82,2861,10,0,2824,27,2861,333200,3700,-540160,203260,0,370000,3700,9919585,303620,10596905,36800,0,10459745,100360,10596905
2023-02-10,3700,3745,3635,3670,15014,-0.8108108108108109,498,-1,246,-743,0,1739,0,13017,258,15014,1241,1,12771,1001,15014,1843285,-3730,943630,-2783185,0,6434930,0,47931825,954410,55321165,4591645,3730,46988195,3737595,55321165
2023-02-13,3680,3755,3620,3620,8638,-1.3623978201634876,3956,1,-3986,29,0,3957,1,4423,257,8638,1,0,8409,228,8638,14484220,3665,-14590565,102680,0,14487945,3665,16169675,943580,31604865,3725,0,30760240,840900,31604865
2023-02-14,3660,3680,3620,3655,8056,0.9668508287292817,906,1,-2792,1885,0,907,1,5107,2041,8056,1,0,7899,156,8056,3306875,3650,-10129835,6819310,0,3310535,3650,18684140,7391320,29389645,3660,0,28813975,572010,29389645
2023-02-15,3700,3740,3600,3610,3250,-1.231190150478796,358,91,-126,-323,0,561,92,2324,273,3250,203,1,2450,596,3250,1309965,328480,-458500,-1179945,0,2043440,332120,8382875,990910,11749345,733475,3640,8841375,2170855,11749345
2023-02-16,3635,3760,3605,3630,8433,0.554016620498615,-5556,126,5681,-251,0,197,128,8108,0,8433,5753,2,2427,251,8433,-20286365,457670,20743220,-914525,0,717390,464915,29761070,0,30943375,21003755,7245,9017850,914525,30943375
2023-02-17,3630,3760,3525,3525,24485,-2.8925619834710745,363,1020,-1009,-374,0,2133,1112,21012,228,24485,1770,92,22021,602,24485,1283290,3611670,-3537805,-1357155,0,7582900,3936050,75385295,829605,87733850,6299610,324380,78923100,2186760,87733850
2023-02-20,3590,3590,3445,3465,25555,-1.702127659574468,982,94,-702,-374,0,1351,95,24109,0,25555,369,1,24811,374,25555,3445835,325470,-2459525,-1311780,0,4719230,329010,83854510,0,88902750,1273395,3540,86314035,1311780,88902750
2023-02-21,3465,3525,3440,3470,4593,0.1443001443001443,-130,-307,815,-378,0,89,3,4501,0,4593,219,310,3686,378,4593,-459065,-1065260,2841495,-1317170,0,307580,10440,15633950,0,15951970,766645,1075700,12792455,1317170,15951970
2023-02-22,3495,3570,3350,3415,18725,-1.585014409221902,365,-1,311,-675,0,655,0,18054,16,18725,290,1,17743,691,18725,1211960,-3390,1106950,-2315520,0,2228645,0,61669755,54080,63952480,1016685,3390,60562805,2369600,63952480
2023-02-23,3415,3415,3350,3400,5630,-0.43923865300146414,320,60,-344,-36,0,320,60,5103,147,5630,0,0,5447,183,5630,1078280,204000,-1158940,-123340,0,1078280,204000,17301010,498825,19082115,0,0,18459950,622165,19082115
2023-02-24,3575,3575,3375,3405,4787,0.14705882352941177,84,49,578,-711,0,121,50,4323,293,4787,37,1,3745,1004,4787,279085,167155,1985445,-2431685,0,411360,170570,14781730,1000595,16364255,132275,3415,12796285,3432280,16364255
2023-02-27,3500,3500,3330,3335,10226,-2.0558002936857562,-2855,81,3012,-238,0,1645,81,8441,59,10226,4500,0,5429,297,10226,-9551470,272875,10087225,-808630,0,5511975,272875,28287325,198075,34270250,15063445,0,18200100,1006705,34270250
2023-02-28,3440,3450,3335,3375,3849,1.199400299850075,-1926,-344,2329,-59,0,10,1,3693,145,3849,1936,345,1364,204,3849,-6481350,-1161000,7852815,-210465,0,33695,3365,12465540,485025,12987625,6515045,1164365,4612725,695490,12987625
2023-03-02,3475,3475,3390,3415,5965,1.1851851851851851,-1098,-197,1610,-315,0,382,2,5565,16,5965,1480,199,3955,331,5965,-3726935,-673760,5478140,-1077445,0,1300730,6820,18943445,54490,20305485,5027665,680580,13465305,1131935,20305485
2023-03-03,3420,3535,3390,3445,6093,0.8784773060029283,-995,-1,1277,-281,0,34,0,6029,30,6093,1029,1,4752,311,6093,-3414740,-3420,4386400,-968240,0,116975,0,20791010,103650,21011635,3531715,3420,16404610,1071890,21011635
2023-03-06,3450,3480,3425,3465,5796,0.5805515239477503,486,0,-259,-227,0,738,0,4957,101,5796,252,0,5216,328,5796,1678235,0,-891845,-786390,0,2551345,0,17131620,347085,20030050,873110,0,18023465,1133475,20030050
2023-03-07,3500,3500,3430,3455,2025,-0.2886002886002886,285,1,48,-334,0,308,1,1716,0,2025,23,0,1668,334,2025,983580,3450,172635,-1159665,0,1063515,3450,5938835,0,7005800,79935,0,5766200,1159665,7005800
2023-03-08,3450,3450,3340,3425,5193,-0.8683068017366137,-1624,999,1106,-481,0,376,1000,3782,35,5193,2000,1,2676,516,5193,-5538845,3416130,3766170,-1643455,0,1280420,3419485,12809575,117320,17626800,6819265,3355,9043405,1760775,17626800
2023-03-09,3480,3480,3410,3430,1247,0.145985401459854,7,0,98,-105,0,7,0,1140,100,1247,0,0,1042,205,1247,24010,0,332140,-356150,0,24010,0,3903430,346500,4273940,0,0,3571290,702650,4273940
2023-03-10,3330,3430,3330,3365,8149,-1.8950437317784257,-4678,0,5080,-402,0,322,0,7811,16,8149,5000,0,2731,418,8149,-15601485,0,16968265,-1366780,0,1082805,0,26198050,54225,27335080,16684290,0,9229785,1421005,27335080
2023-03-13,3370,3370,3045,3130,26176,-6.983655274888559,-5708,1,5394,313,0,1882,1,23470,823,26176,7590,0,18076,510,26176,-18412045,3360,17427985,980700,0,6109970,3360,75372780,2649780,84135890,24522015,0,57944795,1669080,84135890
2023-03-14,3125,3200,3020,3200,12332,2.2364217252396164,-2291,-1,2467,-175,0,944,0,11128,260,12332,3235,1,8661,435,12332,-6945115,-3160,7496195,-547920,0,2928660,0,34415505,810765,38154930,9873775,3160,26919310,1358685,38154930
2023-03-15,3250,3285,3200,3205,2611,0.15625,-45,-227,575,-303,0,127,0,2403,81,2611,172,227,1828,384,2611,-147800,-730555,1855585,-977230,0,411370,0,7761400,262170,8434940,559170,730555,5905815,1239400,8434940
2023-03-16,3290,3290,3200,3220,2697,0.46801872074883,70,1,493,-564,0,220,1,2476,0,2697,150,0,1983,564,2697,221255,3225,1591915,-1816395,0,707255,3225,7992120,0,8702600,486000,0,6400205,1816395,8702600
2023-03-17,3220,3295,3125,3230,3374,0.3105590062111801,146,-6,148,-288,0,397,0,2976,1,3374,251,6,2828,289,3374,459895,-19105,479830,-920620,0,1264550,0,9476730,3140,10744420,804655,19105,8996900,923760,10744420
2023-03-20,3230,3255,3120,3205,7018,-0.7739938080495357,-10,-3401,3862,-451,0,190,0,6828,0,7018,200,3401,2966,451,7018,-31990,-10849195,12324455,-1443270,0,608010,0,21838240,0,22446250,640000,10849195,9513785,1443270,22446250
2023-03-21,3275,3275,3160,3205,1021,0.0,137,0,152,-289,0,157,0,864,0,1021,20,0,712,289,1021,438010,0,493090,-931100,0,502810,0,2783700,0,3286510,64800,0,2290610,931100,3286510
2023-03-22,3245,3245,3150,3215,13457,0.31201248049922,-1201,10544,-9042,-301,0,247,11001,2209,0,13457,1448,457,11251,301,13457,-3795285,33484925,-28732725,-956915,0,782420,34928215,6991485,0,42702120,4577705,1443290,35724210,956915,42702120
2023-03-23,3245,3245,3160,3190,2990,-0.7776049766718507,1394,-301,-816,-277,0,1394,0,1596,0,2990,0,301,2412,277,2990,4452195,-963200,-2600165,-888830,0,4452195,0,5103710,0,9555905,0,963200,7703875,888830,9555905
2023-03-24,3190,3240,3185,3225,1991,1.09717868338558,127,-301,474,-300,0,142,0,1849,0,1991,15,301,1375,300,1991,408755,-961700,1513400,-960455,0,457230,0,5915530,0,6372760,48475,961700,4402130,960455,6372760
2023-03-27,3200,3255,3150,3230,2678,0.15503875968992248,-770,2,993,-225,0,29,2,2637,10,2678,799,0,1644,235,2678,-2473595,6380,3189670,-722455,0,92200,6380,8460080,31650,8590310,2565795,0,5270410,754105,8590310
2023-03-28,3230,3235,3165,3210,2094,-0.6191950464396285,-34,-648,866,-184,0,18,0,2076,0,2094,52,648,1210,184,2094,-109825,-2080080,2781635,-591730,0,58035,0,6680475,0,6738510,167860,2080080,3898840,591730,6738510
2023-03-29,3210,3255,3200,3210,5986,0.0,74,-3320,3312,-66,0,151,0,5744,91,5986,77,3320,2432,157,5986,234095,-10676645,10656595,-214045,0,484710,0,18514120,292865,19291695,250615,10676645,7857525,506910,19291695
2023-03-30,3205,3250,3155,3200,12796,-0.3115264797507788,313,-236,123,-200,0,314,0,12286,196,12796,1,236,12163,396,12796,999620,-759920,402135,-641835,0,1002820,0,39172200,621860,40796880,3200,759920,38770065,1263695,40796880
2023-03-31,3155,3285,3155,3285,19829,2.65625,-3226,16,3022,188,0,364,1000,18045,420,19829,3590,984,15023,232,19829,-10547720,69900,9864570,613250,0,1186850,3274990,58826080,1369075,64656995,11734570,3205090,48961510,755825,64656995
2023-04-03,3280,3720,3250,3470,69370,5.6316590563165905,-4045,1,2332,1712,0,1674,1,64664,3031,69370,5719,0,62332,1319,69370,-13497270,3410,7878985,5614875,0,5558510,3410,224079005,10311295,239952220,19055780,0,216200020,4696420,239952220
2023-04-04,3500,3585,3485,3525,35860,1.585014409221902,133,-1,-367,235,0,5787,0,28592,1481,35860,5654,1,28959,1246,35860,417640,-3535,-1234760,820655,0,20517755,0,101155310,5240200,126913265,20100115,3535,102390070,4419545,126913265
2023-04-05,3655,3655,3400,3515,44095,-0.28368794326241137,-205,-79,135,149,0,702,1,41471,1921,44095,907,80,41336,1772,44095,-700115,-288945,562295,426765,0,2459650,3455,143597780,6615645,152676530,3159765,292400,143035485,6188880,152676530
2023-04-06,3515,3530,3410,3520,18788,0.1422475106685633,-273,-1,1569,-1295,0,44,0,18744,0,18788,317,1,17175,1295,18788,-944710,-3505,5468095,-4519880,0,154345,0,65423055,0,65577400,1099055,3505,59954960,4519880,65577400
2023-04-07,3520,3595,3500,3575,27493,1.5625,-4362,1,5527,-1166,0,54,1,27371,67,27493,4416,0,21844,1233,27493,-15583880,3545,19727710,-4147375,0,191805,3545,97658825,239090,98093265,15775685,0,77931115,4386465,98093265
2023-04-10,3575,3610,3560,3565,19534,-0.27972027972027974,2129,0,-1286,-843,0,3374,0,16068,92,19534,1245,0,17354,935,19534,7616935,0,-4602050,-3014885,0,12079525,0,57501700,329205,69910430,4462590,0,62103750,3344090,69910430
2023-04-11,3565,3645,3555,3645,23700,2.244039270687237,-5166,-5501,10758,-91,0,12,0,23325,363,23700,5178,5501,12567,454,23700,-18666445,-19790365,38763490,-306680,0,43700,0,84447210,1315765,85806675,18710145,19790365,45683720,1622445,85806675
2023-04-12,3645,3895,3595,3615,51672,-0.823045267489712,-1379,-2080,210,3249,0,2959,1,44738,3974,51672,4338,2081,44528,725,51672,-5272695,-7949100,986255,12235540,0,11145305,3610,168202715,14967765,194319395,16418000,7952710,167216460,2732225,194319395
2023-04-13,3615,3700,3550,3645,17677,0.8298755186721992,-611,-664,1541,-266,0,80,0,17082,515,17677,691,664,15541,781,17677,-2212160,-2440150,5641305,-988995,0,287675,0,62184270,1829970,64301915,2499835,2440150,56542965,2818965,64301915
2023-04-14,3895,3895,3655,3750,73796,2.880658436213992,-17093,-5776,30462,-7593,0,2636,0,69513,1647,73796,19729,5776,39051,9240,73796,-64394580,-21897485,114880195,-28588130,0,9882410,0,260988970,6182560,277053940,74276990,21897485,146108775,34770690,277053940
2023-04-17,3750,3915,3750,3910,37557,4.266666666666667,2976,-7999,3653,1370,0,4178,1,27969,5409,37557,1202,8000,24316,4039,37557,11226790,-30596210,14018530,5350890,0,15867055,3790,106690445,20661595,143222885,4640265,30600000,92671915,15310705,143222885
2023-04-18,3985,4205,3900,4105,183211,4.987212276214834,-30344,-14001,31111,13234,0,479,0,167469,15263,183211,30823,14001,136358,2029,183211,-123524685,-57339550,126788100,54076135,0,1920950,0,684053950,62344355,748319255,125445635,57339550,557265850,8268220,748319255
2023-04-19,4150,4355,4120,4340,129835,5.724725943970768,-43228,4781,37893,554,0,5149,15783,103109,5794,129835,48377,11002,65216,5240,129835,-185772220,20759330,162477165,2535725,0,22103000,68335435,441829740,24861240,557129415,207875220,47576105,279352575,22325515,557129415
2023-04-20,4345,4395,4115,4290,66963,-1.1520737327188941,-9911,-1000,17629,-6718,0,973,0,64367,1623,66963,10884,1000,46738,8341,66963,-41472260,-4223270,73755770,-28060240,0,4045875,0,269984100,6791445,280821420,45518135,4223270,196228330,34851685,280821420
2023-04-21,4285,4290,4050,4140,31707,-3.4965034965034967,2461,0,-3284,823,0,2514,0,24860,4333,31707,53,0,28144,3510,31707,10081700,0,-13474380,3392680,0,10299770,0,102558950,17875030,130733750,218070,0,116033330,14482350,130733750
2023-04-24,4195,4195,3745,3800,66967,-8.212560386473431,6131,-9483,8326,-4974,0,9057,517,52724,4669,66967,2926,10000,44398,9643,66967,23365470,-35863720,32045115,-19546865,0,34580390,1936165,204636905,18246840,259400300,11214920,37799885,172591790,37793705,259400300
2023-04-25,3800,4685,3700,4070,147011,7.105263157894736,-21203,6503,-375,15075,0,7048,6503,112878,20582,147011,28251,0,113253,5507,147011,-89276315,25012090,4988030,59276195,0,27592525,25012090,467819580,82362975,602787170,116868840,0,462831550,23086780,602787170
2023-04-26,4230,4230,3815,3940,16217,-3.194103194103194,-1536,1205,625,-294,0,194,1205,13433,1385,16217,1730,0,12808,1679,16217,-6123540,4811860,2512315,-1200635,0,761660,4811860,53229190,5441045,64243755,6885200,0,50716875,6641680,64243755
2023-04-27,3870,3980,3810,3915,13951,-0.6345177664974619,-1889,1,-413,2301,0,208,1,10311,3431,13951,2097,0,10724,1130,13951,-7386310,3945,-1633965,9016330,0,815710,3945,40292780,13445865,54558300,8202020,0,41926745,4429535,54558300
2023-04-28,3915,3975,3860,3895,12674,-0.5108556832694764,-793,0,1767,-974,0,639,0,11715,320,12674,1432,0,9948,1294,12674,-3102965,0,6918265,-3815300,0,2487255,0,45798930,1246040,49532225,5590220,0,38880665,5061340,49532225
2023-05-02,3895,3900,3745,3810,25875,-2.1822849807445444,1796,0,578,-2374,0,1801,0,23425,649,25875,5,0,22847,3023,25875,6949460,0,2108770,-9058230,0,6968935,0,89579390,2521985,99070310,19475,0,87470620,11580215,99070310
2023-05-03,3810,3845,3800,3825,12075,0.39370078740157477,-888,29,-134,993,0,2,29,10769,1275,12075,890,0,10903,282,12075,-3383250,110845,-519695,3792100,0,7650,110845,41092885,4868425,46079805,3390900,0,41612580,1076325,46079805
2023-05-04,3825,3835,3810,3825,14526,0.0,322,30,-802,450,0,323,30,13094,1079,14526,1,0,13896,629,14526,1229935,114765,-3072865,1728165,0,1233760,114765,50027225,4131715,55507465,3825,0,53100090,2403550,55507465
2023-05-08,3830,3890,3810,3860,13252,0.9150326797385622,332,31,-1825,1462,0,371,31,10606,2244,13252,39,0,12431,782,13252,1276395,119390,-6979760,5583975,0,1426845,119390,40749825,8596840,50892900,150450,0,47729585,3012865,50892900
2023-05-09,3890,3890,3835,3860,6111,0.0,3030,0,-3826,796,0,3032,0,2079,1000,6111,2,0,5905,204,6111,11680845,0,-14745790,3064945,0,11688625,0,8027090,3850000,23565715,7780,0,22772880,785055,23565715
2023-05-10,3860,3895,3825,3840,3715,-0.5181347150259068,59,2,20,-81,0,102,2,3611,0,3715,43,0,3591,81,3715,223650,7705,80545,-311900,0,391135,7705,13891675,0,14290515,167485,0,13811130,311900,14290515
2023-05-11,3880,3880,3750,3825,30548,-0.390625,157,0,775,-932,0,732,0,28713,1103,30548,575,0,27938,2035,30548,574810,0,3034680,-3609490,0,2770190,0,109002035,4161295,115933520,2195380,0,105967355,7770785,115933520
2023-05-12,3880,3880,3750,3780,28597,-1.1764705882352942,88,1,2687,-2776,0,527,1,25318,2751,28597,439,0,22631,5527,28597,315040,3775,10178650,-10497465,0,1991430,3775,95970285,10509515,108475005,1676390,0,85791635,21006980,108475005
2023-05-15,3780,3825,3745,3775,11899,-0.13227513227513227,235,2,-578,341,0,319,2,10995,583,11899,84,0,11573,242,11899,880570,7510,-2172085,1284005,0,1197670,7510,41458105,2193465,44856750,317100,0,43630190,909460,44856750
2023-05-16,3825,3825,3765,3780,3565,0.13245033112582782,-766,2,1167,-403,0,80,2,3303,180,3565,846,0,2136,583,3565,-2900210,7540,4418575,-1525905,0,301900,7540,12502810,680400,13492650,3202110,0,8084235,2206305,13492650
2023-05-17,3780,3780,3720,3755,10697,-0.6613756613756614,-3403,0,3718,-315,0,177,0,10520,0,10697,3580,0,6802,315,10697,-12689360,0,13869660,-1180300,0,661165,0,39285600,0,39946765,13350525,0,25415940,1180300,39946765
2023-05-18,3805,3805,3660,3750,18231,-0.13315579227696406,747,-2,3404,-4149,0,847,0,17346,38,18231,100,2,13942,4187,18231,2766495,-7360,12469715,-15228850,0,3136710,0,63972065,140190,67248965,370215,7360,51502350,15369040,67248965
2023-05-19,3730,3790,3655,3730,10603,-0.5333333333333333,847,-23,-1071,247,0,870,0,9439,294,10603,23,23,10510,47,10603,3130765,-85345,-3951565,906145,0,3217935,0,34923295,1082935,39224165,87170,85345,38874860,176790,39224165
2023-05-22,3655,3765,3620,3685,13785,-1.2064343163538873,849,4,-937,84,0,1162,4,12460,159,13785,313,0,13397,75,13785,3079470,14740,-3393720,299510,0,4247175,14740,45638055,577070,50477040,1167705,0,49031775,277560,50477040
2023-05-23,3690,3690,3565,3615,27817,-1.8995929443690638,1433,1,-1205,-229,0,1448,1,26347,21,27817,15,0,27552,250,27817,5169435,3610,-4345750,-827295,0,5224705,3610,95080755,75600,100384670,55270,0,99426505,902895,100384670
2023-05-24,3600,3675,3520,3610,16922,-0.13831258644536654,-3784,-3,4986,-1199,0,2569,0,14235,118,16922,6353,3,9249,1317,16922,-13652090,-10800,18007335,-4344445,0,9291690,0,51316260,423400,61031350,22943780,10800,33308925,4767845,61031350
2023-05-25,3600,3600,3525,3555,16116,-1.5235457063711912,-110,2,1121,-1013,0,3032,2,12900,182,16116,3142,0,11779,1195,16116,-379210,7120,4013175,-3641085,0,10740510,7120,45890015,650215,57287860,11119720,0,41876840,4291300,57287860
2023-05-26,3540,3590,3540,3575,5537,0.5625879043600562,1182,5,-1044,-143,0,1382,5,4100,50,5537,200,0,5144,193,5537,4220310,17915,-3724560,-513665,0,4935810,17915,14642805,178610,19775140,715500,0,18367365,692275,19775140
2023-05-30,3590,3600,3565,3600,19716,0.6993006993006993,4506,4505,-8299,-712,0,5661,4505,9457,93,19716,1155,0,17756,805,19716,16157090,16110880,-29711610,-2556360,0,20298065,16110880,33914730,334420,70658095,4140975,0,63626340,2890780,70658095
2023-05-31,3640,3640,3540,3540,16335,-1.6666666666666667,-1292,1,1532,-241,0,685,1,15276,373,16335,1977,0,13744,614,16335,-4707970,3615,5594500,-890145,0,2452765,3615,54959160,1335755,58751295,7160735,0,49364660,2225900,58751295
2023-06-01,3460,3590,3460,3570,20414,0.847457627118644,-369,7,8820,-8458,0,350,7,19902,155,20414,719,0,11082,8613,20414,-1343625,24935,31411075,-30092385,0,1221220,24935,70562020,544370,72352545,2564845,0,39150945,30636755,72352545
2023-06-02,3600,3655,3575,3635,9571,1.8207282913165268,-1093,-22,4325,-3210,0,44,0,9527,0,9571,1137,22,5202,3210,9571,-3930395,-79080,15551070,-11541595,0,157985,0,34460655,0,34618640,4088380,79080,18909585,11541595,34618640
2023-06-05,3655,3690,3635,3640,7054,0.1375515818431912,48,-24,-13,-11,0,78,0,6976,0,7054,30,24,6989,11,7054,174645,-87240,-47255,-40150,0,285195,0,25387300,0,25672495,110550,87240,25434555,40150,25672495
2023-06-07,3640,3660,3610,3640,7916,0.0,-749,-15,841,-77,0,347,0,7547,22,7916,1096,15,6706,99,7916,-2737245,-54635,3073280,-281400,0,1257250,0,27452445,79530,28789225,3994495,54635,24379165,360930,28789225
2023-06-08,3655,3655,3560,3610,6752,-0.8241758241758242,-1172,-3,1132,43,0,493,0,6098,161,6752,1665,3,4966,118,6752,-4257480,-10805,4122040,146245,0,1771695,0,21983295,575830,24330820,6029175,10805,17861255,429585,24330820
2023-06-09,3635,3635,3585,3595,6478,-0.41551246537396125,-2019,0,2152,-133,0,499,0,5979,0,6478,2518,0,3827,133,6478,-7269750,0,7748210,-478460,0,1801245,0,21545185,0,23346430,9070995,0,13796975,478460,23346430
2023-06-12,3635,4520,3590,3940,435214,9.596662030598054,-11156,2476,10886,-2206,0,803,2476,422333,9602,435214,11959,0,411447,11808,435214,-43369430,9563065,43740635,-9934270,0,3099615,9563065,1696294155,37053610,1746010445,46469045,0,1652553520,46987880,1746010445
2023-06-13,4000,4125,3965,4000,94010,1.5228426395939088,-5112,1168,146,3798,0,2659,3641,81786,5924,94010,7771,2473,81640,2126,94010,-20475670,4771690,343545,15360435,0,10766775,14713095,329260115,23928130,378668115,31242445,9941405,328916570,8567695,378668115
2023-06-14,4000,4035,3860,3895,26809,-2.625,530,460,-717,-273,0,685,460,24603,1061,26809,155,0,25320,1334,26809,2041050,1806510,-2786830,-1060730,0,2650790,1806510,95912330,4142545,104512175,609740,0,98699160,5203275,104512175
2023-06-15,3890,3890,3710,3800,21467,-2.4390243902439024,277,-2963,4637,-1951,0,332,1537,19275,323,21467,55,4500,14638,2274,21467,1055325,-11191865,17595510,-7458970,0,1265225,5887260,73309675,1234185,81696345,209900,17079125,55714165,8693155,81696345
2023-06-16,3835,3905,3765,3905,15889,2.763157894736842,-1057,151,1776,-870,0,542,151,14920,276,15889,1599,0,13144,1146,15889,-4046215,575580,6804125,-3333490,0,2108660,575580,56840280,1049800,60574320,6154875,0,50036155,4383290,60574320
2023-06-19,3985,3990,3895,3975,28619,1.792573623559539,-1965,789,583,593,0,894,790,25561,1374,28619,2859,1,24978,781,28619,-7862290,3080980,2403875,2377435,0,3521845,3084950,101490810,5459375,113556980,11384135,3970,99086935,3081940,113556980
2023-06-20,4165,4165,4015,4075,71235,2.515723270440252,2918,-3044,1069,-943,0,5555,3830,61250,600,71235,2637,6874,60181,1543,71235,11878155,-12381510,4370575,-3867220,0,22618050,15592200,249167480,2435440,289813170,10739895,27973710,244796905,6302660,289813170
2023-06-21,4080,4080,3830,3955,79391,-2.9447852760736195,443,245,-3412,2724,0,1673,248,73311,4159,79391,1230,3,76723,1435,79391,1695695,964135,-13292880,10633050,0,6549810,975880,287953750,16284535,311763975,4854115,11745,301246630,5651485,311763975
2023-06-22,3980,3980,3835,3880,14294,-1.8963337547408345,1166,5,-785,-386,0,1371,5,12284,634,14294,205,0,13069,1020,14294,4553715,19555,-3070405,-1502865,0,5359890,19555,47862560,2475445,55717450,806175,0,50932965,3978310,55717450
2023-06-23,3825,4200,3820,3885,71138,0.12886597938144329,-266,1,2558,-2293,0,229,1,68639,2269,71138,495,0,66081,4562,71138,-1059695,3915,10807170,-9751390,0,876640,3915,271766075,8799820,281446450,1936335,0,260958905,18551210,281446450
2023-06-26,3885,3975,3845,3915,11478,0.7722007722007722,2,-1,-1507,1506,0,2,0,9770,1706,11478,0,1,11277,200,11478,7825,-3920,-5879395,5875490,0,7825,0,38139520,6668580,44815925,0,3920,44018915,793090,44815925
2023-06-27,3975,3975,3855,3900,11073,-0.38314176245210724,-891,0,925,-34,0,142,0,10575,356,11073,1033,0,9650,390,11073,-3502045,0,3646140,-144095,0,553950,0,41402725,1393885,43350560,4055995,0,37756585,1537980,43350560
2023-06-28,3845,4000,3845,3910,6209,0.2564102564102564,333,-1,-504,172,0,750,0,5250,209,6209,417,1,5754,37,6209,1287125,-3910,-1953575,670360,0,2913555,0,20313560,814505,24041620,1626430,3910,22267135,144145,24041620
2023-06-29,3910,3930,3840,3870,19184,-1.0230179028132993,1101,3,-504,-600,0,1101,4,18079,0,19184,0,1,18583,600,19184,4245430,11605,-1932930,-2324105,0,4245430,15450,69803305,0,74064185,0,3845,71736235,2324105,74064185
2023-06-30,3870,3890,3840,3890,21758,0.516795865633075,-113,0,-497,610,0,7,0,21043,708,21758,120,0,21540,98,21758,-438015,0,-1918580,2356595,0,27075,0,81174430,2737295,83938800,465090,0,83093010,380700,83938800
2023-07-03,3890,3910,3830,3830,14290,-1.5424164524421593,305,0,-3067,2762,0,305,0,11097,2888,14290,0,0,14164,126,14290,1182730,0,-11928955,10746225,0,1182730,0,43012450,11236790,55431970,0,0,54941405,490565,55431970
2023-07-04,3850,3905,3815,3905,7662,1.95822454308094,343,3,-547,201,0,713,6,6572,371,7662,370,3,7119,170,7662,1321300,11585,-2107925,775040,0,2744880,23160,25396825,1428740,29593605,1423580,11575,27504750,653700,29593605
2023-07-05,3960,3960,3885,3925,11590,0.5121638924455826,-1580,-6,1721,-135,0,12,0,11363,215,11590,1592,6,9642,350,11590,-6172390,-23465,6720100,-524245,0,46740,0,44433810,841345,45321895,6219130,23465,37713710,1365590,45321895
2023-07-06,3930,3930,3820,3820,12326,-2.67515923566879,469,-4,1079,-1544,0,469,0,11857,0,12326,0,4,10778,1544,12326,1828960,-15605,4214090,-6027445,0,1828960,0,45858120,0,47687080,0,15605,41644030,6027445,47687080
2023-07-07,3820,3995,3765,3805,71436,-0.3926701570680628,822,0,-720,-102,0,841,0,69512,1083,71436,19,0,70232,1185,71436,3111230,0,-2729220,-382010,0,3183525,0,272592500,4172010,279948035,72295,0,275321720,4554020,279948035
2023-07-10,3755,3815,3750,3755,8160,-1.314060446780552,-25,-1,255,-229,0,9,0,8146,5,8160,34,1,7891,234,8160,-95635,-3810,971285,-871840,0,33795,0,30838785,18925,30891505,129430,3810,29867500,890765,30891505
2023-07-11,3795,3855,3700,3805,14738,1.3315579227696404,3038,-4,-2594,-440,0,3132,0,11528,78,14738,94,4,14122,518,14738,11551640,-15180,-9856005,-1680455,0,11907250,0,43388735,290130,55586115,355610,15180,53244740,1970585,55586115
2023-07-12,3785,3805,3765,3770,6854,-0.9198423127463863,153,3,-85,-71,0,164,3,6687,0,6854,11,0,6772,71,6854,578545,11370,-321885,-268030,0,620015,11370,25254680,0,25886065,41470,0,25576565,268030,25886065
2023-07-13,3800,3800,3700,3715,34100,-1.4588859416445623,1410,-2,-1228,-180,0,1571,0,32457,72,34100,161,2,33685,252,34100,5246540,-7460,-4557285,-681795,0,5848680,0,121015615,267480,127131775,602140,7460,125572900,949275,127131775
2023-07-14,3725,3790,3705,3730,14261,0.4037685060565276,-3611,0,4067,-456,0,301,0,13762,198,14261,3912,0,9695,654,14261,-13481230,0,15206170,-1724940,0,1124220,0,51417285,735865,53277370,14605450,0,36211115,2460805,53277370
2023-07-17,3730,3730,3625,3690,22686,-1.0723860589812333,675,0,-394,-281,0,675,0,21873,138,22686,0,0,22267,419,22686,2484730,0,-1442975,-1041755,0,2484730,0,80463560,508885,83457175,0,0,81906535,1550640,83457175
2023-07-18,3690,3690,3635,3675,12070,-0.40650406504065045,500,-1,-4,-495,0,500,0,11570,0,12070,0,1,11574,495,12070,1832830,-3680,-6830,-1822320,0,1832830,0,42454345,0,44287175,0,3680,42461175,1822320,44287175
2023-07-19,3685,3720,3640,3685,17387,0.27210884353741494,-1506,1414,693,-601,0,1658,1414,14315,0,17387,3164,0,13622,601,17387,-5526530,5204590,2533920,-2211980,0,6087680,5204590,52625255,0,63917525,11614210,0,50091335,2211980,63917525
2023-07-20,3680,3700,3680,3695,12277,0.27137042062415195,1010,20,-1114,84,0,1020,20,11049,188,12277,10,0,12163,104,12277,3727350,73900,-4111850,310600,0,3764300,73900,40814615,693630,45346445,36950,0,44926465,383030,45346445
2023-07-21,3710,3710,3660,3670,19042,-0.6765899864682002,317,117,294,-728,0,319,117,18606,0,19042,2,0,18312,728,19042,1167755,431625,1082670,-2682050,0,1175125,431625,69402785,0,71009535,7370,0,68320115,2682050,71009535
2023-07-24,3785,4160,3685,3725,116857,1.4986376021798364,3090,-1000,2399,-4489,0,4414,0,112245,198,116857,1324,1000,109846,4687,116857,11486065,-3810000,9843760,-17519825,0,16496365,0,428689885,750985,445937235,5010300,3810000,418846125,18270810,445937235
2023-07-25,3800,3870,3720,3785,31400,1.6107382550335572,-2560,-4122,5982,700,0,313,1024,29248,815,31400,2873,5146,23266,115,31400,-9628140,-15679235,22674920,2632455,0,1181180,3875160,110610280,3070135,118736755,10809320,19554395,87935360,437680,118736755
2023-07-26,3785,3840,3715,3790,23040,0.13210039630118892,1055,3,-829,-229,0,1270,4,21758,8,23040,215,1,22587,237,23040,3959970,11205,-3106345,-864830,0,4768720,14980,81485625,29880,86299205,808750,3775,84591970,894710,86299205
2023-07-27,3790,3820,3755,3800,26244,0.2638522427440633,57,0,-326,269,0,2915,0,22264,1065,26244,2858,0,22590,796,26244,317600,0,-1338825,1021225,0,11128760,0,84284350,4033245,99446355,10811160,0,85623175,3012020,99446355
2023-07-28,3740,3845,3740,3835,15975,0.9210526315789472,-1648,-4998,5967,679,0,82,3,14292,1598,15975,1730,5001,8325,919,15975,-6282710,-18992480,22700225,2574965,0,313685,11335,54401335,6076095,60802450,6596395,19003815,31701110,3501130,60802450
2023-07-31,3840,3905,3800,3900,38129,1.694915254237288,8927,-12871,3244,700,0,9173,2,27715,1239,38129,246,12873,24471,539,38129,34384695,-49618755,12543305,2690755,0,35338110,7685,106914145,4759855,147019795,953415,49626440,94370840,2069100,147019795
2023-08-01,3960,3975,3805,3965,43063,1.6666666666666667,778,8,-1360,574,0,6710,10,35100,1243,43063,5932,2,36460,669,43063,2958080,31600,-5262250,2272570,0,26454480,39500,138324450,4899110,169717540,23496400,7900,143586700,2626540,169717540
2023-08-02,4010,4010,3935,3940,25315,-0.6305170239596469,-2119,-1,1699,421,0,2045,0,22414,856,25315,4164,1,20715,435,25315,-8538610,-3975,6853615,1688970,0,8112040,0,89236635,3414830,100763505,16650650,3975,82383020,1725860,100763505
2023-08-03,3970,3970,3835,3885,22156,-1.3959390862944163,8689,546,-9732,497,0,10087,546,10770,753,22156,1398,0,20502,256,22156,33852710,2110705,-37878485,1915070,0,39346110,2110705,41607750,2912230,85976795,5493400,0,79486235,997160,85976795
2023-08-04,3885,3950,3850,3890,11873,0.1287001287001287,537,-2,-1333,798,0,3966,0,6822,1085,11873,3429,2,8155,287,11873,2102895,-7785,-5213385,3118275,0,15331830,0,26486200,4229410,46047440,13228935,7785,31699585,1111135,46047440
2023-08-07,3885,3915,3845,3915,11967,0.6426735218508998,3451,4,-4806,1351,0,3551,5,7058,1353,11967,100,1,11864,2,11967,13262130,15560,-18523390,5245700,0,13653630,19450,27437095,5253470,46363645,391500,3890,45960485,7770,46363645
2023-08-08,3905,3930,3865,3895,22003,-0.5108556832694764,15200,0,-16532,1332,0,15205,0,5372,1426,22003,5,0,21904,94,22003,59485660,0,-64699150,5213490,0,59505160,0,20952430,5581165,86038755,19500,0,85651580,367675,86038755
2023-08-09,3900,3930,3875,3905,5892,0.25673940949935814,-310,-84,-322,716,0,2,0,5022,868,5892,312,84,5344,152,5892,-1210675,-327180,-1254675,2792530,0,7790,0,19614310,3387275,23009375,1218465,327180,20868985,594745,23009375
2023-08-10,3915,3990,3895,3950,17278,1.1523687580025608,5486,2,-6276,788,0,5486,2,10776,1014,17278,0,0,17052,226,17278,21469990,7845,-24564350,3086515,0,21469990,7845,42332005,3974940,67784780,0,0,66896355,888425,67784780
2023-08-11,4070,4070,3945,4000,37476,1.2658227848101267,-412,-136,-582,1130,0,169,2000,34086,1221,37476,581,2136,34668,91,37476,-1649990,-484915,-2370375,4505280,0,676165,7965000,136119720,4868355,149629240,2326155,8449915,138490095,363075,149629240
2023-08-14,4165,4165,3985,3995,30364,-0.125,-1981,-480,3331,-870,0,925,176,27721,1542,30364,2906,656,24390,2412,30364,-7964375,-1913075,13436905,-3559455,0,3703730,701360,111113960,6170240,121689290,11668105,2614435,97677055,9729695,121689290
2023-08-16,4115,4115,3945,4000,33202,0.1251564455569462,2094,-5578,2428,1056,0,2095,0,29553,1554,33202,1,5578,27125,498,33202,8395795,-22246115,9612615,4237705,0,8399910,0,118009730,6226875,132636515,4115,22246115,108397115,1989170,132636515
2023-08-17,4090,4090,3930,3990,43936,-0.25,3940,0,-4688,748,0,5006,0,36857,2073,43936,1066,0,41545,1325,43936,15716445,0,-18703480,2987035,0,19976965,0,147201405,8289635,175468005,4260520,0,165904885,5302600,175468005
2023-08-18,4000,4025,3965,4025,11791,0.8771929824561403,706,-103,-904,301,0,1003,0,10071,717,11791,297,103,10975,416,11791,2844695,-411990,-3644125,1211420,0,4036935,0,40316835,2875060,47228830,1192240,411990,43960960,1663640,47228830
2023-08-21,4030,4045,3845,4020,16050,-0.12422360248447205,-1693,0,904,789,0,259,0,14631,1160,16050,1952,0,13727,371,16050,-6831995,0,3656300,3175695,0,1038000,0,58451005,4668980,64157985,7869995,0,54794705,1493285,64157985
2023-08-22,4180,4180,3880,4010,26633,-0.24875621890547264,-2876,0,2348,528,0,1406,0,24476,751,26633,4282,0,22128,223,26633,-11401180,0,9276155,2125025,0,5577865,0,98100840,3018255,106696960,16979045,0,88824685,893230,106696960
2023-08-23,3960,4055,3955,4010,10805,0.0,-1434,0,72,1362,0,2,0,9411,1392,10805,1436,0,9339,30,10805,-5778250,0,300085,5478165,0,7970,0,37799160,5598395,43405525,5786220,0,37499075,120230,43405525
2023-08-24,4010,4040,3990,4030,15627,0.4987531172069825,-1404,0,-272,1676,0,240,0,13391,1996,15627,1644,0,13663,320,15627,-5658225,0,-1086160,6744385,0,966550,0,53922350,8031085,62919985,6624775,0,55008510,1286700,62919985
2023-08-25,4090,4090,3990,4040,7974,0.24813895781637718,-1015,0,693,322,0,7,0,7644,323,7974,1022,0,6951,1,7974,-4101195,0,2804150,1297045,0,28140,0,30771135,1301110,32100385,4129335,0,27966985,4065,32100385
2023-08-28,4050,4050,4000,4035,11845,-0.12376237623762376,-3511,0,2378,1133,0,169,0,10516,1160,11845,3680,0,8138,27,11845,-14184175,0,9613990,4570185,0,681830,0,42369755,4679135,47730720,14866005,0,32755765,108950,47730720
2023-08-29,4035,4050,3985,4020,16548,-0.37174721189591076,662,1,-1785,1122,0,1339,1,13986,1222,16548,677,0,15771,100,16548,2629860,4015,-7141215,4507340,0,5365350,4015,56116930,4909270,66395565,2735490,0,63258145,401930,66395565
2023-08-30,4050,4050,3990,4035,22903,0.3731343283582089,-598,0,-853,1451,0,565,0,20879,1459,22903,1163,0,21732,8,22903,-2419690,0,-3414485,5834175,0,2273970,0,83883100,5866340,92023410,4693660,0,87297585,32165,92023410
2023-08-31,4020,4035,4005,4015,24137,-0.49566294919454773,621,-15,-1508,902,0,722,0,22509,906,24137,101,15,24017,4,24137,2497425,-60375,-6065775,3628725,0,2902345,0,90527460,3644810,97074615,404920,60375,96593235,16085,97074615
2023-09-01,4015,4050,4015,4035,58728,0.49813200498132004,-4269,0,2565,1704,0,1077,0,55897,1754,58728,5346,0,53332,50,58728,-17174930,0,10316715,6858215,0,4345955,0,224739210,7059375,236144540,21520885,0,214422495,201160,236144540
2023-09-04,4040,4195,4040,4150,33422,2.8500619578686495,-1260,-67,-1601,2928,0,4,3,30442,2973,33422,1264,70,32043,45,33422,-5179490,-273925,-6497180,11950595,0,16430,12450,124958810,12138340,137126030,5195920,286375,131455990,187745,137126030
2023-09-05,4110,4235,4100,4220,17419,1.6867469879518073,-1659,1,1437,221,0,422,1,16630,366,17419,2081,0,15193,145,17419,-6972815,4150,6056380,912285,0,1744085,4150,69447140,1515310,72710685,8716900,0,63390760,603025,72710685
2023-09-06,4250,4250,4130,4215,13848,-0.11848341232227488,347,-17,697,-1027,0,1208,0,12568,72,13848,861,17,11871,1099,13848,1458470,-71715,2948450,-4335205,0,5096815,0,52978275,302300,58377390,3638345,71715,50029825,4637505,58377390
2023-09-07,4145,4250,4140,4235,17937,0.4744958481613286,1314,-3,-862,-449,0,1334,0,16210,393,17937,20,3,17072,842,17937,5508935,-12545,-3624170,-1872220,0,5593535,0,67947225,1649745,75190505,84600,12545,71571395,3521965,75190505
2023-09-08,4280,4400,4235,4290,23355,1.2987012987012987,-954,-30,432,552,0,600,0,22118,637,23355,1554,30,21686,85,23355,-4077430,-130450,1829845,2378035,0,2627745,0,95317565,2744365,100689675,6705175,130450,93487720,366330,100689675
2023-09-11,4460,4460,4260,4300,11143,0.2331002331002331,4227,0,-3426,-801,0,4228,0,6836,79,11143,1,0,10262,880,11143,18157910,0,-14721210,-3436700,0,18162210,0,29322570,338015,47822795,4300,0,44043780,3774715,47822795
2023-09-12,4315,4315,4235,4270,8806,-0.6976744186046512,61,0,322,-383,0,61,0,8732,13,8806,0,0,8410,396,8806,260985,0,1376750,-1637735,0,260985,0,37306600,55665,37623250,0,0,35929850,1693400,37623250
2023-09-13,4280,4290,4200,4225,8353,-1.053864168618267,1596,0,-1686,90,0,1799,0,6120,434,8353,203,0,7806,344,8353,6704505,0,-7061895,357390,0,7562180,0,25925235,1824670,35312085,857675,0,32987130,1467280,35312085
2023-09-14,4210,4315,4205,4280,17506,1.301775147928994,7521,0,-8186,665,0,8541,0,7797,1168,17506,1020,0,15983,503,17506,32268190,0,-35100855,2832665,0,36635955,0,33136595,4989845,74762395,4367765,0,68237450,2157180,74762395
2023-09-15,4370,4370,4265,4310,3861,0.7009345794392523,161,0,-381,220,0,161,0,3288,412,3861,0,0,3669,192,3861,695700,0,-1633475,937775,0,695700,0,14118840,1771080,16585620,0,0,15752315,833305,16585620
2023-09-18,4310,4360,4270,4330,6739,0.46403712296983757,3,0,445,-448,0,284,0,6443,12,6739,281,0,5998,460,6739,885,0,1938890,-1939775,0,1220335,0,27812290,51240,29083865,1219450,0,25873400,1991015,29083865
2023-09-19,4295,4330,4205,4305,7040,-0.5773672055427251,828,0,-944,116,0,897,0,5842,301,7040,69,0,6786,185,7040,3544260,0,-4037065,492805,0,3840615,0,25034610,1287885,30163110,296355,0,29071675,795080,30163110
2023-09-20,4395,4395,4330,4330,18573,0.5807200929152149,-494,0,-156,650,0,1,0,17739,833,18573,495,0,17895,183,18573,-2147990,0,-679570,2827560,0,4365,0,77088000,3622980,80715345,2152355,0,77767570,795420,80715345
2023-09-21,4300,4355,4300,4305,17831,-0.5773672055427251,13,0,-891,878,0,41,0,16826,964,17831,28,0,17717,86,17831,55770,0,-3847275,3791505,0,177540,0,72677110,4163920,77018570,121770,0,76524385,372415,77018570
2023-09-22,4215,4375,4215,4370,13313,1.5098722415795587,-4785,0,4668,117,0,325,0,12798,190,13313,5110,0,8130,73,13313,-20851900,0,20350415,501485,0,1396410,0,55517420,818770,57732600,22248310,0,35167005,317285,57732600
2023-09-25,4420,5000,4350,4455,125917,1.9450800915331807,4883,511,-9605,4211,0,10689,4311,100495,10422,125917,5806,3800,110100,6211,125917,22486560,408945,-40346745,17451240,0,50235680,19206045,471732190,46272205,587446120,27749120,18797100,512078935,28820965,587446120
2023-09-26,4485,4685,4415,4635,31763,4.040404040404041,-726,-213,-2019,2958,0,1929,0,26416,3418,31763,2655,213,28435,460,31763,-3432910,-985390,-9069895,13488195,0,8808035,0,121419230,15621960,145849225,12240945,985390,130489125,2133765,145849225
2023-09-27,4635,4700,4505,4630,27120,-0.10787486515641855,647,0,2224,-2871,0,1411,0,25616,93,27120,764,0,23392,2964,27120,2935490,0,10143315,-13078805,0,6405630,0,116565915,424430,123395975,3470140,0,106422600,13503235,123395975
2023-10-04,4630,4630,4470,4535,13527,-2.0518358531317493,2006,0,-1493,-513,0,2136,0,11352,39,13527,130,0,12845,552,13527,9087460,0,-6752800,-2334660,0,9676660,0,51625015,175325,61477000,589200,0,58377815,2509985,61477000
2023-10-05,4535,4765,4415,4545,11090,0.2205071664829107,-1731,-1926,4421,-764,0,968,24,9917,181,11090,2699,1950,5496,945,11090,-7683625,-8542685,19681680,-3455370,0,4366070,107270,44408790,805555,49687685,12049695,8649955,24727110,4260925,49687685
2023-10-06,4545,4545,4475,4500,6881,-0.9900990099009901,-920,29,1352,-461,0,569,29,6283,0,6881,1489,0,4931,461,6881,-4132670,130410,6082075,-2079815,0,2563690,130410,28237740,0,30931840,6696360,0,22155665,2079815,30931840
2023-10-10,4500,4500,4395,4410,25530,-2.0,1407,25,-5491,4059,0,1493,25,19409,4603,25530,86,0,24900,544,25530,6195500,111240,-24405215,18098475,0,6578345,111240,86207350,20526335,113423270,382845,0,110612565,2427860,113423270
2023-10-11,4410,4485,4340,4460,30266,1.1337868480725624,-478,3,-931,1406,0,1024,3,27812,1427,30266,1502,0,28743,21,30266,-2192195,13385,-4069400,6248210,0,4481470,13385,122951775,6341335,133787965,6673665,0,127021175,93125,133787965
2023-10-12,4550,4600,4505,4530,17256,1.5695067264573992,155,-1,-1489,1335,0,1143,0,14460,1653,17256,988,1,15949,318,17256,683905,-4555,-6763085,6083735,0,5198875,0,65849715,7523205,78571795,4514970,4555,72612800,1439470,78571795
2023-10-13,4530,4655,4530,4645,23540,2.5386313465783665,-2136,-2,572,1566,0,2,0,21808,1730,23540,2138,2,21236,164,23540,-9843540,-9250,2625215,7227575,0,9245,0,100989750,7984840,108983835,9852785,9250,98364535,757265,108983835
2023-10-16,4990,4990,4650,4695,20889,1.0764262648008611,-987,-24,1330,-319,0,1100,0,19546,243,20889,2087,24,18216,562,20889,-4603770,-112450,6218825,-1502605,0,5205000,0,92125530,1142245,98472775,9808770,112450,85906705,2644850,98472775
2023-10-17,4780,4780,4650,4725,12637,0.6389776357827476,-2466,-13,3296,-817,0,81,2,12392,162,12637,2547,15,9096,979,12637,-11629105,-61305,15573690,-3883280,0,381085,9420,58437815,755265,59583585,12010190,70725,42864125,4638545,59583585
2023-10-18,4720,4730,4675,4695,25853,-0.6349206349206349,578,0,-754,176,0,588,0,24782,483,25853,10,0,25536,307,25853,2715945,0,-3541655,825710,0,2762980,0,116496900,2269385,121529265,47035,0,120038555,1443675,121529265
2023-10-19,4705,4745,4650,4715,11394,0.42598509052183176,-351,0,771,-420,0,252,0,11139,3,11394,603,0,10368,423,11394,-1646900,0,3622400,-1975500,0,1186855,0,52397375,14085,53598315,2833755,0,48774975,1989585,53598315
2023-10-20,4715,4765,4690,4750,14151,0.7423117709437964,-166,-102,-85,353,0,223,0,13277,651,14151,389,102,13362,298,14151,-785985,-483240,-424670,1693895,0,1051445,0,62671335,3094395,66817175,1837430,483240,63096005,1400500,66817175
2023-10-23,4830,4830,4630,4700,23416,-1.0526315789473684,-1635,0,2927,-1292,0,332,0,22910,174,23416,1967,0,19983,1466,23416,-7716000,0,13816595,-6100595,0,1557500,0,108089240,823885,110470625,9273500,0,94272645,6924480,110470625
2023-10-24,4895,4895,4660,4750,8832,1.0638297872340425,-1305,0,1854,-549,0,38,8,8781,5,8832,1343,8,6927,554,8832,-6195420,-1600,8783455,-2586435,0,179770,37500,41476470,23575,41717315,6375190,39100,32693015,2610010,41717315
2023-10-25,4815,4815,4705,4740,45793,-0.21052631578947367,-27628,-1082,26792,1918,0,310,0,43544,1939,45793,27938,1082,16752,21,45793,-130959305,-5117920,127002165,9075060,0,1469400,0,206163555,9174680,216807635,132428705,5117920,79161390,99620,216807635
2023-10-26,4925,4925,4640,4705,16817,-0.7383966244725738,-1063,0,643,420,0,10,0,15889,918,16817,1073,0,15246,498,16817,-4981455,0,3062310,1919145,0,47085,0,74732245,4271510,79050840,5028540,0,71669935,2352365,79050840
2023-10-27,4850,4850,4650,4710,10146,0.10626992561105207,33,-1,-36,4,0,38,0,9818,290,10146,5,1,9854,286,10146,154915,-4710,-172500,22295,0,178465,0,46219320,1366110,47763895,23550,4710,46391820,1343815,47763895
2023-10-30,4710,4845,4710,4810,48139,2.1231422505307855,-7222,0,3107,4115,0,300,0,43637,4202,48139,7522,0,40530,87,48139,-34505090,0,14813495,19691595,0,1434000,0,207949950,20104150,229488100,35939090,0,193136455,412555,229488100
2023-10-31,4980,4980,4805,4880,22594,1.4553014553014554,-367,-1,-26,394,0,15,492,21142,945,22594,382,493,21168,551,22594,-1818705,-58500,-36620,1913825,0,72935,2381280,103100860,4612040,110167115,1891640,2439780,103137480,2698215,110167115
2023-11-01,4885,5200,4885,5120,136655,4.918032786885246,-9053,-1000,2694,7359,0,2565,0,126499,7591,136655,11618,1000,123805,232,136655,-45427165,-5155000,13406060,37176105,0,13133505,0,639762915,38328740,691225160,58560670,5155000,626356855,1152635,691225160
2023-11-02,5190,5420,5150,5300,152796,3.515625,-9226,-37526,45171,1581,0,1414,0,147062,4320,152796,10640,37526,101891,2739,152796,-49381250,-200169340,241275390,8275200,0,7497660,0,784072270,22990480,814560410,56878910,200169340,542796880,14715280,814560410
2023-11-03,5290,5710,5280,5700,153796,7.547169811320755,-20166,-59803,65217,14752,0,860,0,132865,20071,153796,21026,59803,67648,5319,153796,-111571430,-325442470,357918890,79095010,0,4756120,0,729725760,109286120,843768000,116327550,325442470,371806870,30191110,843768000
2023-11-06,5700,5810,5150,5750,161507,0.8771929824561403,-10508,-15703,32568,-6357,0,374,0,151576,9557,161507,10882,15703,119008,15914,161507,-60060690,-86246660,183735410,-37428060,0,2087980,0,846774450,52480850,901343280,62148670,86246660,663039040,89908910,901343280
2023-11-07,5700,5760,5280,5300,145396,-7.82608695652174,-1008,-6592,12654,-5054,0,3109,0,126837,15450,145396,4117,6592,114183,20504,145396,-5974500,-36572260,73762700,-31215940,0,16669330,0,700217000,84138400,801024730,22643830,36572260,626454300,115354340,801024730
2023-11-08,5310,5540,5270,5450,81199,2.8301886792452833,1242,-2000,-10178,10936,0,5649,0,61632,13918,81199,4407,2000,71810,2982,81199,6525970,-10890000,-54789800,59153830,0,30569570,0,333974940,75201600,439746110,24043600,10890000,388764740,16047770,439746110
2023-11-09,5450,5950,5450,5940,326488,8.990825688073395,-21135,-38885,48173,11847,0,3408,0,297734,25346,326488,24543,38885,249561,13499,326488,-121942130,-221584740,276750580,66776290,0,19467430,0,1714844040,144341520,1878652990,141409560,221584740,1438093460,77565230,1878652990
2023-11-10,5980,6490,5730,6470,298254,8.922558922558922,-23099,499,22109,491,0,784,500,273929,23041,298254,23883,1,251820,22550,298254,-143929470,3023950,138045370,2860150,0,5004480,3030000,1669287600,138920260,1816242340,148933950,6050,1531242230,136060110,1816242340
2023-11-13,6230,6280,5520,5920,296427,-8.500772797527048,9262,-1001,27510,-35771,0,28457,5,257701,10264,296427,19195,1006,230191,46035,296427,54920910,-6005650,166183120,-215098380,0,170514880,30300,1541539970,62039260,1774124410,115593970,6035950,1375356850,277137640,1774124410
2023-11-14,5860,5900,5520,5690,128009,-3.885135135135135,-11727,0,14766,-3039,0,10017,0,109596,8396,128009,21744,0,94830,11435,128009,-65773140,0,83408950,-17635810,0,57084500,0,619447650,47493190,724025340,122857640,0,536038700,65129000,724025340
2023-11-15,5690,6000,5590,5790,95769,1.7574692442882252,-7995,0,-6948,14943,0,3231,0,74972,17566,95769,11226,0,81920,2623,95769,-46776800,0,-38490160,85266960,0,18381800,0,435758930,100575740,554716470,65158600,0,474249090,15308780,554716470
2023-11-16,5770,6100,5770,5970,62268,3.1088082901554404,-51,0,-14092,14143,0,6057,0,38619,17592,62268,6108,0,52711,3449,62268,-336600,0,-84356010,84692610,0,35961160,0,230217500,105180280,371358940,36297760,0,314573510,20487670,371358940
2023-11-17,5970,6080,5940,6020,34035,0.8375209380234505,-1031,720,6873,-6562,0,405,720,32689,221,34035,1436,0,25816,6783,34035,-6186900,4335000,41354020,-39502120,0,2435100,4335000,196101730,1333190,204205020,8622000,0,154747710,40835310,204205020
2023-11-20,6020,6180,5860,6070,68807,0.8305647840531563,-6156,536,3319,2301,0,371,536,55830,12070,68807,6527,0,52511,9769,68807,-37329840,3250380,20215010,13864450,0,2230640,3250380,337617750,72820540,415919310,39560480,0,317402740,58956090,415919310
2023-11-21,6070,6690,6070,6450,153704,6.260296540362438,-9357,-400,-12104,21861,0,1151,600,116246,35707,153704,10508,1000,128350,13846,153704,-60107080,-2714000,-74210160,137031240,0,7439180,3786000,745524230,226319760,983069170,67546260,6500000,819734390,89288520,983069170
2023-11-22,6450,6550,6180,6410,37448,-0.6201550387596899,1036,800,4321,-6157,0,2201,800,32279,2168,37448,1165,0,27958,8325,37448,6658350,5135000,27713160,-39506510,0,14089250,5135000,206210900,13667720,239102870,7430900,0,178497740,53174230,239102870
2023-11-23,6390,7370,6390,7290,358590,13.72854914196568,-32354,31800,-30494,31048,0,3196,31800,260355,63239,358590,35550,0,290849,32191,358590,-228734160,220255210,-208133310,216612260,0,23062190,220255210,1827681040,442873070,2513871510,251796350,0,2035814350,226260810,2513871510
2023-11-24,7440,8370,7310,8050,452447,10.425240054869684,-23804,57626,-25177,-8645,0,3380,59903,335474,53690,452447,27184,2277,360651,62335,452447,-186844390,460758840,-210748830,-63165620,0,27099810,478965410,2632216170,421547400,3559828790,213944200,18206570,2842965000,484713020,3559828790
2023-11-27,8700,10090,8360,9810,600638,21.86335403726708,-28871,807,17576,10488,0,12634,2540,524997,60467,600638,41505,1733,507421,49979,600638,-250379620,6668180,154555680,89155760,0,117105870,22132440,4869588130,546882660,5555709100,367485490,15464260,4715032450,457726900,5555709100
2023-11-28,10500,12750,9650,12750,486869,29.96941896024465,-3412,-1003,6116,-1701,0,4819,46,404064,77940,486869,8231,1049,397948,79641,486869,-34340170,-10232910,90927860,-46354780,0,50074400,469690,4435892050,797319510,5283755650,84414570,10702600,4344964190,843674290,5283755650
2023-11-29,12970,14260,11710,12910,819180,1.2549019607843137,-6285,118494,-84430,-27779,0,5272,118714,628120,67074,819180,11557,220,712550,94853,819180,-76161890,1547751190,-1104927790,-366661510,0,70672090,1550526090,8092312690,849929590,10563440460,146833980,2774900,9197240480,1216591100,10563440460
2023-11-30,12900,13650,11480,12810,328294,-0.774593338497289,-4743,1144,16256,-12657,0,7848,1330,291709,27407,328294,12591,186,275453,40064,328294,-56193040,14882710,203808060,-162497730,0,98220730,17077860,3666157520,340679580,4122135690,154413770,2195150,3462349460,503177310,4122135690
2023-12-01,12900,13000,11790,11790,146491,-7.962529274004685,-14736,-550,29360,-14074,0,1267,0,133655,11569,146491,16003,550,104295,25643,146491,-178844490,-6898970,356240580,-170497120,0,15342700,0,1631236800,142748380,1789327880,194187190,6898970,1274996220,313245500,1789327880
2023-12-04,11790,13100,11700,12410,138313,5.258693808312128,-8831,1061,-29045,36815,0,4007,1061,91252,41993,138313,12838,0,120297,5178,138313,-112850320,13158250,-363553140,463245210,0,50158690,13158250,1155014800,529444930,1747776670,163009010,0,1518567940,66199720,1747776670
2023-12-05,12410,13000,11990,12490,83302,0.6446414182111201,979,-7521,1478,5064,0,1575,0,69199,12528,83302,596,7521,67721,7464,83302,12114960,-92512910,16830450,63567500,0,19624730,0,858885840,156460690,1034971260,7509770,92512910,842055390,92893190,1034971260
2023-12-06,12320,12920,11780,12600,88946,0.8807045636509208,-5081,0,-3203,8284,0,513,0,69856,18577,88946,5594,0,73059,10293,88946,-65589440,0,-36820640,102410080,0,6238040,0,872692930,229620900,1108551870,71827480,0,909513570,127210820,1108551870
2023-12-07,12210,12550,12050,12390,47872,-1.6666666666666667,2146,-3894,5604,-3856,0,2594,0,42301,2977,47872,448,3894,36697,6833,47872,26114990,-47668520,68903890,-47350360,0,31572270,0,516547280,36446810,584566360,5457280,47668520,447643390,83797170,584566360
2023-12-08,12240,13050,12040,12800,75254,3.3091202582728005,-3106,1,-13574,16679,0,2857,2,51392,21003,75254,5963,1,64966,4324,75254,-40098140,12650,-170878360,210963850,0,35420090,25500,656969420,265697790,958112800,75518230,12850,827847780,54733940,958112800
2023-12-11,13200,14000,12800,14000,120604,9.375,11101,-7989,-30728,27616,0,12176,12,78503,29913,120604,1075,8001,109231,2297,120604,149793630,-108182100,-410723460,369111930,0,164419040,162510,1053006210,399620260,1617208020,14625410,108344610,1463729670,30508330,1617208020
2023-12-12,14510,14510,11910,12890,104374,-7.928571428571428,53,1637,19803,-21493,0,2734,2800,91734,7106,104374,2681,1163,71931,28599,104374,-85390,21363490,260570980,-281849080,0,35354930,36394370,1191242760,89175470,1352167530,35440320,15030880,930671780,371024550,1352167530
2023-12-13,13240,13420,12490,12870,63197,-0.1551590380139643,-941,500,8583,-8142,0,702,1027,48379,13089,63197,1643,527,39796,21231,63197,-11897710,6628790,110551530,-105282610,0,9045850,13237190,621829890,169105180,813218110,20943560,6608400,511278360,274387790,813218110
2023-12-14,12510,13000,12280,12780,60971,-0.6993006993006993,243,2,6531,-6776,0,5575,2,42309,13085,60971,5332,0,35778,19861,60971,3083120,25050,81417450,-84525620,0,69500890,25050,532240580,165644510,767411030,66417770,0,450823130,250170130,767411030
2023-12-15,12830,12830,11600,12180,89550,-4.694835680751173,708,-16,8449,-9141,0,5315,0,71599,12636,89550,4607,16,63150,21777,89550,7131380,-192800,104990240,-111928820,0,63145770,0,863790190,151710220,1078646180,56014390,192800,758799950,263639040,1078646180
2023-12-18,12220,12480,11810,12200,38944,0.16420361247947454,-2040,3,800,1237,0,2350,3,24202,12389,38944,4390,0,23402,11152,38944,-24502560,36980,8993250,15472330,0,28806290,36980,295693510,152069070,476605850,53308850,0,286700260,136596740,476605850
2023-12-19,12510,13000,11760,12710,74931,4.180327868852459,-4772,0,-5007,9779,0,3350,0,50539,21042,74931,8122,0,55546,11263,74931,-56726820,0,-64110980,120837800,0,40851030,0,633265580,259921880,934038490,97577850,0,697376560,139084080,934038490
2023-12-20,12720,12840,12150,12150,63989,-4.405979543666405,5532,-3,6466,-11995,0,6653,0,50029,7307,63989,1121,3,43563,19302,63989,69121510,-36870,79316670,-148401310,0,83017600,0,618599970,91230150,792847720,13896090,36870,539283300,239631460,792847720
2023-12-21,11830,12340,11150,11810,96332,-2.7983539094650207,-3837,2003,-1777,3611,0,9208,2003,60047,25074,96332,13045,0,61824,21463,96332,-45118410,23948870,-24616850,45786390,0,108989320,23948870,708288130,298275040,1139501360,154107730,0,732904980,252488650,1139501360
2023-12-22,11700,11930,10600,10950,77175,-7.281964436917867,46,840,8491,-9377,0,7603,844,56579,12149,77175,7557,4,48088,21526,77175,1785280,9640240,97901390,-109326910,0,86222490,9686260,647654090,137217030,880779870,84437210,46020,549752700,246543940,880779870
2023-12-26,11500,12350,10900,12240,121556,11.78082191780822,-3126,21,-17046,20151,0,1814,21,79781,39940,121556,4940,0,96827,19789,121556,-36402080,229460,-197779330,233951950,0,21186550,229460,934811510,468165160,1424392680,57588630,0,1132590840,234213210,1424392680
2023-12-27,11700,11900,11110,11580,99326,-5.392156862745098,-753,9,16150,-15406,0,3216,879,76785,18446,99326,3969,870,60635,33852,99326,-9004580,-56920,186217110,-177155610,0,36922240,10213370,886624370,213093230,1146853210,45926820,10270290,700407260,390248840,1146853210
2023-12-28,11550,11880,11280,11680,69513,0.8635578583765112,-4245,836,4039,-630,0,3040,1035,48068,17370,69513,7285,199,44029,18000,69513,-49605290,9787890,47224920,-7407520,0,35371770,12146040,560844490,201886710,810249010,84977060,2358150,513619570,209294230,810249010
2024-01-02,11450,11600,11100,11140,80943,-4.623287671232877,707,178,11215,-12100,0,3910,178,58625,18230,80943,3203,0,47410,30330,80943,7715750,2035680,127033360,-136784790,0,44028930,2035680,663004060,206281700,915350370,36313180,0,535970700,343066490,915350370
2024-01-03,11110,11140,10010,10750,82322,-3.500897666068223,-2228,2,-7369,9595,0,4353,2,56140,21827,82322,6581,0,63509,12232,82322,-24437800,21200,-76128530,100545130,0,45384670,21200,592916000,230604310,868926180,69822470,0,669044530,130059180,868926180
2024-01-04,10840,12140,10840,11680,112876,8.651162790697674,-3286,-601,-17396,21283,0,2337,5,70334,40200,112876,5623,606,87730,18917,112876,-38281760,-7156220,-204209070,249647050,0,27678240,59320,824534360,471364100,1323636020,65960000,7215540,1028743430,221717050,1323636020
2024-01-05,11680,12110,10640,11800,49641,1.0273972602739725,-1802,-7153,14575,-5620,0,199,50,41589,7803,49641,2001,7203,27014,13423,49641,-20931880,-83173020,172433930,-68329030,0,2334530,582630,482266030,89418120,574601310,23266410,83755650,309832100,157747150,574601310
2024-01-08,11350,11940,11350,11410,40497,-3.305084745762712,1502,-7187,17711,-12026,0,2149,0,31620,6728,40497,647,7187,13909,18754,40497,17269250,-83450150,205668700,-139487800,0,24665490,0,366711040,78582690,469959220,7396240,83450150,161042340,218070490,469959220
2024-01-09,11460,12410,11460,12150,91626,6.4855390008764235,-2846,-4530,-13722,21098,0,203,1223,55583,34617,91626,3049,5753,69305,13519,91626,-34323070,-54807340,-167039910,256170320,0,2430570,14814820,671613020,419484520,1108342930,36753640,69622160,838652930,163314200,1108342930
2024-01-10,12240,12440,11920,12200,47344,0.411522633744856,-305,8,-6304,6601,0,1368,10,31318,14648,47344,1673,2,37622,8047,47344,-3447400,96790,-75118050,78468660,0,16827670,120820,379161030,177016610,573126130,20275070,24030,454279080,98547950,573126130
2024-01-11,12210,12440,11850,11870,42308,-2.7049180327868854,1840,65,8705,-10610,0,2885,66,35916,3441,42308,1045,1,27211,14051,42308,21963750,778160,104272800,-127014710,0,34429060,790060,429420890,41204400,505844410,12465310,11900,325148090,168219110,505844410
2024-01-12,11880,12550,11640,12370,57151,4.212299915754001,-2092,-39,-17226,19357,0,120,2,33531,23498,57151,2212,41,50757,4141,57151,-25770380,-485650,-213643860,239899890,0,1488130,24960,413240620,290061410,704815120,27258510,510610,626884480,50161520,704815120
2024-01-15,12350,12890,12000,12370,138951,0.0,-1305,-7741,30946,-21900,0,1780,2350,113431,21390,138951,3085,10091,82485,43290,138951,-16139850,-95762260,381738180,-269836070,0,22091530,28997540,1409902800,265965850,1726957720,38231380,124759800,1028164620,535801920,1726957720
2024-01-16,12240,12430,11700,11990,96292,-3.0719482619240095,105,-39244,50320,-11181,0,2422,1241,84657,7972,96292,2317,40485,34337,19153,96292,2305830,-471858560,603170250,-133617520,0,29712740,14909530,1018507720,96890500,1160020490,27406910,486768090,415337470,230508020,1160020490
2024-01-17,11750,12260,11660,12200,51279,1.7514595496246872,-1890,-12468,9027,5331,0,719,1032,36418,13110,51279,2609,13500,27391,7779,51279,-22719090,-147131020,105650930,64199180,0,8481890,12345650,433657510,157213020,611698070,31200980,159476670,328006580,93013840,611698070
2024-01-18,12280,12810,11960,12120,71192,-0.6557377049180327,-50,2034,-5304,3320,0,1070,2314,47574,20234,71192,1120,280,52878,16914,71192,-520630,25722200,-67930890,42729320,0,13361600,29180760,589769390,252784410,885096160,13882230,3458560,657700280,210055090,885096160
2024-01-19,12190,12480,12000,12120,31244,0.0,-692,2006,-1827,513,0,283,2006,22049,6906,31244,975,0,23876,6393,31244,-8440100,24812820,-22693280,6320560,0,3452660,24812820,268799630,84516170,381581280,11892760,0,291492910,78195610,381581280
2024-01-22,12130,12160,11420,11910,72194,-1.7326732673267329,435,-4,24570,-25001,0,1320,0,65065,5809,72194,885,4,40495,30810,72194,4837040,-47740,288805580,-293594880,0,15424890,0,766529590,68911290,850865770,10587850,47740,477724010,362506170,850865770
2024-01-23,11940,12310,11230,12300,78338,3.27455919395466,-2148,-10060,-13255,25463,0,1896,0,39950,36492,78338,4044,10060,53205,11029,78338,-25328410,-117799990,-165913210,309041610,0,22956660,0,475911450,440150090,939018200,48285070,117799990,641824660,131108480,939018200
2024-01-24,12400,12450,11990,12230,43993,-0.5691056910569106,-134,-10003,15904,-5767,0,101,49,34996,8847,43993,235,10052,19092,14614,43993,-1647150,-121417790,192702460,-69637520,0,1223170,593560,425434250,108153550,535404530,2870320,122011350,232731790,177791070,535404530
2024-01-25,12230,12390,11760,12370,66467,1.1447260834014716,10,-4300,200,4090,0,540,700,45309,19918,66467,530,5000,45109,15828,66467,21270,-51352980,-3848510,55180220,0,6373140,8584000,545817800,243726750,804501690,6351870,59936980,549666310,188546530,804501690
2024-01-26,12360,12580,11900,12060,94331,-2.506063055780113,788,500,11761,-13049,0,2660,500,67678,23493,94331,1872,0,55917,36542,94331,9524120,6075000,136404450,-152003570,0,32081960,6075000,818831670,290043500,1147032130,22557840,0,682427220,442047070,1147032130
2024-01-29,12060,12550,12060,12400,69693,2.8192371475953566,-1190,-682,-18098,19970,0,20,200,42236,27237,69693,1210,882,60334,7267,69693,-14736680,-8415910,-223183730,246336320,0,247000,2465800,520796580,336075020,859584400,14983680,10881710,743980310,89738700,859584400
2024-01-30,12400,12400,11280,11280,105628,-9.032258064516128,2004,7865,21640,-31509,0,2705,7865,89816,5242,105628,701,0,68176,36751,105628,23408680,95517110,257562800,-376488590,0,31712740,95517110,1071095030,62958400,1261283280,8304060,0,813532230,439446990,1261283280
2024-01-31,11700,12010,11280,11470,63237,1.6843971631205674,-370,3040,-951,-1719,0,5272,3040,39456,15469,63237,5642,0,40407,17188,63237,-3931110,34795430,-12269370,-18594950,0,60852150,34795430,453289860,180228990,729166430,64783260,0,465559230,198823940,729166430
2024-02-01,10850,11890,10850,11380,23783,-0.7846556233653008,-362,50,7428,-7116,0,247,50,22051,1435,23783,609,0,14623,8551,23783,-4192790,568500,84559550,-80935260,0,2787220,568500,249809120,16110790,269275630,6980010,0,165249570,97046050,269275630
2024-02-02,11380,11700,11090,11400,40579,0.17574692442882248,1558,0,7529,-9087,0,3321,0,31545,5713,40579,1763,0,24016,14800,40579,17572460,0,84252830,-101825290,0,37638830,0,356710870,65187650,459537350,20066370,0,272458040,167012940,459537350
2024-02-05,11390,11390,10490,11090,61575,-2.719298245614035,1186,2139,2519,-5844,0,2266,2139,46600,10570,61575,1080,0,44081,16414,61575,12971280,23516850,26864290,-63352420,0,24830470,23516850,507788310,115827070,671962700,11859190,0,480924020,179179490,671962700
2024-02-06,11070,11350,10810,10980,35062,-0.9918845807033363,-2646,1000,2442,-796,0,995,4000,22057,8010,35062,3641,3000,19615,8806,35062,-29172050,10646880,26960520,-8435350,0,10841790,44376880,243870650,88777020,387866340,40013840,33730000,216910130,97212370,387866340
2024-02-07,11600,11600,10790,10980,18986,0.0,733,384,1639,-2756,0,2837,400,14514,1235,18986,2104,16,12875,3991,18986,8078670,4151500,17894880,-30125050,0,31036080,4326000,158224630,13458060,207044770,22957410,174500,140329750,43583110,207044770
2024-02-08,10770,11790,10400,11790,104066,7.377049180327869,-1646,-233,-4054,5933,0,795,5,80678,22588,104066,2441,238,84732,16655,104066,-18533500,-2521420,-39115770,60170690,0,8526700,54120,881693630,244967020,1135241470,27060200,2575540,920809400,184796330,1135241470
2024-02-13,11790,11810,11250,11250,99364,-4.580152671755725,-421,-10001,31948,-21526,0,3297,4000,84397,7670,99364,3718,14001,52449,29196,99364,-4841780,-113944410,363671230,-244885040,0,37349700,45600000,963484930,88023860,1134458490,42191480,159544410,599813700,332908900,1134458490
2024-02-14,11250,11600,11020,11400,43166,1.3333333333333335,-1694,-6344,1995,6043,0,3798,1962,25049,12357,43166,5492,8306,23054,6314,43166,-19579130,-72083860,22525060,69137930,0,42540480,22268700,283767280,140530240,489106700,62119610,94352560,261242220,71392310,489106700
2024-02-15,11400,11960,10500,11380,104017,-0.17543859649122806,-362,-4487,12098,-7249,0,16,2001,87878,14122,104017,378,6488,75780,21371,104017,-4150150,-52521800,135497380,-78825430,0,182330,23802890,990090070,164229540,1178304830,4332480,76324690,854592690,243054970,1178304830
2024-02-16,11380,11700,11220,11680,65896,2.6362038664323375,-3337,1,-15477,18813,0,530,1,43018,22347,65896,3867,0,58495,3534,65896,-38265250,11600,-177686680,215940330,0,6104760,11600,490972180,256159040,753247580,44370010,0,668658860,40218710,753247580
2024-02-19,11680,11920,11100,11570,103106,-0.9417808219178082,302,-11657,8398,2957,0,4188,2038,70679,26201,103106,3886,13695,62281,23244,103106,3354850,-132389940,91408990,37626100,0,47686600,23322190,807023850,301201120,1179233760,44331750,155712130,715614860,263575020,1179233760
2024-02-20,11580,12950,11270,12940,184428,11.840968020743302,-3157,-2695,-69409,75261,0,7385,2006,84151,90886,184428,10542,4701,153560,15625,184428,-37963220,-33410870,-840656040,912030130,0,88028970,24757720,1027274270,1100737660,2240798620,125992190,58168590,1867930310,188707530,2240798620
2024-02-21,13250,13640,12390,12510,198411,-3.323029366306028,545,3720,897,-5162,0,1235,5703,140219,51254,198411,690,1983,139322,56416,198411,6725970,49351290,12161050,-68238310,0,15754730,75022740,1833303080,672791330,2596871880,9028760,25671450,1821142030,741029640,2596871880
2024-02-22,12550,12900,11700,12510,92276,0.0,3469,354,25102,-28925,0,7815,2039,71480,10942,92276,4346,1685,46378,39867,92276,41262570,3863470,305850490,-350976530,0,94915840,23998300,874285020,134879790,1128078950,53653270,20134830,568434530,485856320,1128078950
2024-02-23,12250,13900,12120,13600,270490,8.71302957633893,1715,-33938,27341,4882,0,14757,7173,176302,72258,270490,13042,41111,148961,67376,270490,22352430,-435830830,333484520,79993880,0,191229270,90465870,2285658270,943538040,3510891450,168876840,526296700,1952173750,863544160,3510891450
2024-02-26,13600,13600,12250,12790,90606,-5.955882352941176,3416,3932,16864,-24212,0,12210,8634,67468,2294,90606,8794,4702,50604,26506,90606,44042800,52035200,220062730,-316140730,0,159196230,112203800,876420380,30112910,1177933320,115153430,60168600,656357650,346253640,1177933320
2024-02-27,13200,13200,12000,12410,98780,-2.9710711493354185,2302,0,4315,-6617,0,5658,0,90735,2387,98780,3356,0,86420,9004,98780,27699110,0,55090130,-82789240,0,69693360,0,1125363890,29495250,1224552500,41994250,0,1070273760,112284490,1224552500
2024-02-28,12310,12490,12060,12470,32270,0.4834810636583401,358,0,-459,101,0,3027,0,27374,1869,32270,2669,0,27833,1768,32270,3813230,0,-5022750,1209520,0,36914910,0,336834720,23021910,396771540,33101680,0,341857470,21812390,396771540
2024-02-29,12360,12480,11900,12100,36174,-2.967121090617482,3182,0,2041,-5223,0,5408,0,29091,1675,36174,2226,0,27050,6898,36174,38368770,0,25597800,-63966570,0,65743660,0,353705820,20436380,439885860,27374890,0,328108020,84402950,439885860
2024-03-04,12300,12300,11500,11700,56445,-3.3057851239669422,2054,0,-3037,983,0,10075,0,43566,2804,56445,8021,0,46603,1821,56445,23881950,0,-35008100,11126150,0,119209390,0,516563710,32899650,668672750,95327440,0,551571810,21773500,668672750
2024-03-05,11700,11710,11280,11530,24603,-1.452991452991453,2228,0,-1794,-434,0,4998,0,18108,1497,24603,2770,0,19902,1931,24603,25528460,0,-20506490,-5021970,0,57299700,0,207198820,17075810,281574330,31771240,0,227705310,22097780,281574330
2024-03-06,11500,11500,10940,11120,58214,-3.5559410234171724,3224,0,-4702,1478,0,8602,0,46328,3284,58214,5378,0,51030,1806,58214,35588300,0,-52492600,16904300,0,95326320,0,512168520,37001400,644496240,59738020,0,564661120,20097100,644496240
2024-03-07,10980,11090,10600,10710,32223,-3.6870503597122304,299,-4250,5926,-1975,0,5036,0,23993,3194,32223,4737,4250,18067,5169,32223,2831680,-45887160,64322460,-21266980,0,54261080,0,259028110,34578270,347867460,51429400,45887160,194705650,55845250,347867460
2024-03-08,10710,11100,10710,10870,33204,1.4939309056956116,-769,-22204,22876,97,0,2486,0,30175,543,33204,3255,22204,7299,446,33204,-8410840,-240931220,248298960,1043100,0,27009290,0,327464600,5908850,360382740,35420130,240931220,79165640,4865750,360382740
2024-03-11,11420,11790,10590,11730,121323,7.911683532658693,-4872,-54135,37833,21174,0,6875,0,88826,25622,121323,11747,54135,50993,4448,121323,-55725850,-595957180,414340450,237342580,0,76570770,0,984389430,287348680,1348308880,132296620,595957180,570048980,50006100,1348308880
2024-03-12,11830,12460,11830,12000,118790,2.3017902813299234,5770,-18599,36998,-24169,0,13377,7,79986,25420,118790,7607,18606,42988,49589,118790,69591300,-226445080,447220360,-290366580,0,162014880,86170,969913500,309879600,1441894150,92423580,226531250,522693140,600246180,1441894150
2024-03-13,12030,12100,11030,11150,136202,-7.083333333333333,4029,-3411,34462,-35080,0,13692,0,120591,1919,136202,9663,3411,86129,36999,136202,43877120,-39382160,397753560,-402248520,0,155071450,0,1378320760,21408260,1554800470,111194330,39382160,980567200,423656780,1554800470
2024-03-14,11280,11450,10850,11000,81315,-1.345291479820628,1576,-10485,19393,-10484,0,8228,0,63769,9318,81315,6652,10485,44376,19802,81315,16384050,-116182260,215936300,-116138090,0,90573140,0,704989670,103095360,898658170,74189090,116182260,489053370,219233450,898658170
2024-03-15,10950,10950,10320,10360,96216,-5.818181818181818,3064,-13807,16903,-6160,0,8860,0,78895,8461,96216,5796,13807,61992,14621,96216,31757000,-146321250,179282610,-64718360,0,93644290,0,833416040,90160120,1017220450,61887290,146321250,654133430,154878480,1017220450
2024-03-18,10370,12030,10370,11600,292171,11.96911196911197,-10314,-46058,-21003,77375,0,19993,2550,146930,122698,292171,30307,48608,167933,45323,292171,-115506530,-528913900,-247787660,892208090,0,230331650,29160560,1690457300,1414316420,3364265930,345838180,558074460,1938244960,522108330,3364265930
2024-03-19,11700,11700,10680,10750,75754,-7.327586206896551,5287,-8844,27651,-24094,0,5515,0,64975,5264,75754,228,8844,37324,29358,75754,57974010,-97441890,306029730,-266561850,0,60484100,0,717139840,58328650,835952590,2510090,97441890,411110110,324890500,835952590
2024-03-20,10810,11000,10390,10580,43918,-1.5813953488372092,476,-10,9235,-9701,0,715,0,39666,3537,43918,239,10,30431,13238,43918,5034830,-105640,99058570,-103987760,0,7601460,0,420675400,37255530,465532390,2566630,105640,321616830,141243290,465532390
2024-03-21,10660,10790,10480,10790,16907,1.9848771266540641,238,0,4079,-4317,0,1477,0,14798,632,16907,1239,0,10719,4949,16907,2470530,0,43344610,-45815140,0,15642730,0,157816500,6702310,180161540,13172200,0,114471890,52517450,180161540
2024-03-22,11450,11640,10740,10870,102332,0.7414272474513438,345,-5339,20246,-15252,0,5466,0,82114,14752,102332,5121,5339,61868,30004,102332,3264940,-59871880,225060150,-168453210,0,61216440,0,914838430,165554880,1141609750,57951500,59871880,689778280,334008090,1141609750
2024-03-25,11300,11300,10650,10670,30817,-1.8399264029438822,2621,-4350,11657,-9928,0,3382,0,24138,3297,30817,761,4350,12481,13225,30817,28498700,-47379370,126431620,-107550950,0,36841310,0,262321440,35966210,335128960,8342610,47379370,135889820,143517160,335128960
2024-03-26,10800,10800,10410,10520,35147,-1.4058106841611997,1919,2823,3922,-8664,0,9121,4300,20595,1131,35147,7202,1477,16673,9795,35147,20120120,30080040,41804120,-92004280,0,96368490,45618760,217939680,11909450,371836380,76248370,15538720,176135560,103913730,371836380
2024-03-27,10520,11100,10400,10920,93250,3.802281368821293,-5053,-14782,-9780,29615,0,4108,200,52941,36001,93250,9161,14982,62721,6386,93250,-55659330,-160369010,-103716480,319744820,0,43610650,2143660,571375590,387398130,1004528030,99269980,162512670,675092070,67653310,1004528030
2024-03-28,10920,11150,10700,10800,74568,-1.098901098901099,646,-9274,7252,1376,0,2973,44,59815,11736,74568,2327,9318,52563,10360,74568,7013100,-100988550,78248300,15727150,0,32267120,483330,648874000,128105550,809730000,25254020,101471880,570625700,112378400,809730000
2024-03-29,10810,11260,10680,10800,54924,0.0,2729,-2804,5968,-5893,0,7523,34,34159,13208,54924,4794,2838,28191,19101,54924,29709400,-30994830,61376230,-60090800,0,82712250,373420,373388070,147155270,603629010,53002850,31368250,312011840,207246070,603629010
2024-04-01,10890,11090,10480,10570,25793,-2.1296296296296298,2128,-500,12621,-14249,0,3838,0,21430,525,25793,1710,500,8809,14774,25793,22785370,-5289920,134085140,-151580590,0,40807790,0,227301540,5569600,273678930,18022420,5289920,93216400,157150190,273678930
2024-04-02,10570,10720,10280,10400,185171,-1.608325449385052,1453,-5,1964,-3412,0,4641,0,170015,10515,185171,3188,5,168051,13927,185171,14936590,-52270,19983700,-34868020,0,48760550,0,1782220620,111233210,1942214380,33823960,52270,1762236920,146101230,1942214380
2024-04-03,10310,10540,10050,10400,57271,0.0,-818,11883,-4184,-6881,0,5729,11883,36272,3387,57271,6547,0,40456,10268,57271,-9235410,122725640,-42507680,-70982550,0,58636400,122725640,373474260,35080930,589917230,67871810,0,415981940,106063480,589917230
2024-04-04,10400,10460,10100,10230,38139,-1.6346153846153848,62,670,-696,-36,0,4085,870,27874,5310,38139,4023,200,28570,5346,38139,261930,6905700,-6426700,-740930,0,41708350,8952200,285949210,54219230,390828990,41446420,2046500,292375910,54960160,390828990
2024-04-05,10200,10200,7170,7170,200397,-29.91202346041056,12003,-9731,-19552,17280,0,16926,3022,156210,24239,200397,4923,12753,175762,6959,200397,101989410,-82015350,-170673730,150699670,0,149046210,29990100,1290505200,216616680,1686158190,47056800,112005450,1461178930,65917010,1686158190
2024-04-08,5230,7270,5230,7170,2509368,0.0,-4706,-378970,199774,183902,0,58201,55326,1888141,507700,2509368,62907,434296,1688367,323798,2509368,-29674490,-1912824820,885650020,1056849290,0,377546520,375110420,11280037570,3118551400,15151245910,407221010,2287935240,10394387550,2061702110,15151245910
2024-04-09,7210,7440,6560,6890,326529,-3.905160390516039,6352,8524,9420,-24296,0,33325,31810,199274,62120,326529,26973,23286,189854,86416,326529,43353570,55767430,68763530,-167884530,0,228648910,217457250,1375978210,430673520,2252757890,185295340,161689820,1307214680,598558050,2252757890
2024-04-11,6880,7100,4830,4830,4430097,-29.898403483309146,22400,-1415475,1294161,98914,0,42492,47270,4072999,267336,4430097,20092,1462745,2778838,168422,4430097,110695375,-6935388965,6296749005,527944585,0,222781675,231773240,19953986185,1390912045,21799453145,112086300,7167162205,13657237180,862967460,21799453145
2024-04-12,4600,4730,4120,4145,2599923,-14.182194616977226,2782,15349,5096,-23227,0,78306,25306,2232823,263488,2599923,75524,9957,2227727,286715,2599923,15198820,66956525,28652305,-110807650,0,334761045,109048345,9718389190,1156450890,11318649470,319562225,42091820,9689736885,1267258540,11318649470
2024-04-15,3990,4220,3855,3915,933434,-5.548854041013269,15510,-9580,-19792,13862,0,72575,3076,730868,126915,933434,57065,12656,750660,113053,933434,62460065,-37552445,-79722725,54815105,0,286261150,12174290,2891508760,504322625,3694266825,223801085,49726735,2971231485,449507520,3694266825
2024-04-16,3955,4085,3850,3920,420719,0.1277139208173691,8431,2252,31996,-42679,0,21415,3252,347880,48172,420719,12984,1000,315884,90851,420719,32644980,8840295,126350870,-167836145,0,83583090,12802110,1360847835,188606880,1645839915,50938110,3961815,1234496965,356443025,1645839915
2024-04-17,3915,3995,3830,3920,262232,0.0,4732,-744,3127,-7115,0,20193,0,198642,43397,262232,15461,744,195515,50512,262232,18602970,-2922010,12025760,-27706720,0,78980225,0,774729450,169173305,1022882980,60377255,2922010,762703690,196880025,1022882980
2024-04-18,3885,4200,3865,4110,478925,4.846938775510204,10396,-5,-79725,69334,0,37871,0,319883,121171,478925,27475,5,399608,51837,478925,42268795,-20550,-325866950,283618705,0,155380905,0,1314445735,496718770,1966545410,113112110,20550,1640312685,213100065,1966545410
2024-04-19,4110,4225,3960,3980,322821,-3.1630170316301705,10580,-5,22927,-33502,0,28512,0,243939,50370,322821,17932,5,221012,83872,322821,42877340,-20245,92075935,-134933030,0,115747890,0,994645585,206519920,1316913395,72870550,20245,902569650,341452950,1316913395
2024-04-22,4000,4025,3900,3935,140991,-1.1306532663316584,-3087,-61,2865,283,0,6971,0,103402,30618,140991,10058,61,100537,30335,140991,-12332645,-240340,11151860,1421125,0,27558965,0,409845630,121903290,559307885,39891610,240340,398693770,120482165,559307885
2024-04-23,3910,4020,3910,3950,120761,0.3811944091486658,2216,-569,-23722,22075,0,3496,0,84872,32393,120761,1280,569,108594,10318,120761,8719350,-2246920,-93973710,87501280,0,13834030,0,336237430,128402040,478473500,5114680,2246920,430211140,40900760,478473500
2024-04-24,3955,4135,3950,4075,124945,3.1645569620253164,-455,-491,-21594,22540,0,14651,0,74859,35435,124945,15106,491,96453,12895,124945,-1771490,-2000825,-87617755,91390070,0,59729715,0,304439070,143884240,508053025,61501205,2000825,392056825,52494170,508053025
2024-04-25,4060,4165,3990,4075,79031,0.0,2320,0,-5262,2942,0,5080,0,54938,19013,79031,2760,0,60200,16071,79031,9288585,0,-21306995,12018410,0,20617525,0,223464595,77479190,321561310,11328940,0,244771590,65460780,321561310
2024-04-26,4075,4080,3975,4060,113500,-0.36809815950920244,4168,62,2454,-6684,0,5137,186,84810,23367,113500,969,124,82356,30051,113500,16648890,251155,9699880,-26599925,0,20568480,749635,340031830,93876395,455226340,3919590,498480,330331950,120476320,455226340
2024-04-29,4050,4070,3940,3970,150913,-2.2167487684729066,8923,-105,8697,-17515,0,9854,20,119217,21822,150913,931,125,110520,39337,150913,35351875,-415100,33019235,-67956010,0,39104125,79900,474116135,88176880,601477040,3752250,495000,441096900,156132890,601477040
2024-04-30,3970,4000,3895,3905,157394,-1.63727959697733,-1169,-58227,50482,8914,0,6619,0,127450,23325,157394,7788,58227,76968,14411,157394,-4658890,-228075840,197492520,35242210,0,26046080,0,500839745,92098580,618984405,30704970,228075840,303347225,56856370,618984405
2024-05-02,3915,3915,3680,3760,194383,-3.713188220230474,-7101,-8918,21228,-5209,0,14068,1,151608,28706,194383,21169,8919,130380,33915,194383,-26958545,-33259100,81216520,-20998875,0,52844890,3770,571838400,108034890,732721950,79803435,33262870,490621880,129033765,732721950
2024-05-03,3800,3800,3680,3715,167999,-1.196808510638298,3876,-11069,-9350,16543,0,11136,0,126517,30346,167999,7260,11069,135867,13803,167999,14056005,-41753595,-34240215,61937805,0,41291810,0,471115060,113784775,626191645,27235805,41753595,505355275,51846970,626191645
2024-05-07,3755,3765,3690,3700,134380,-0.4037685060565276,3715,-24643,25599,-4671,0,16221,0,98424,19735,134380,12506,24643,72825,24406,134380,13727340,-91604925,94851445,-16973860,0,60109775,0,365329200,73511995,498950970,46382435,91604925,270477755,90485855,498950970
2024-05-08,3790,3820,3705,3795,108561,2.5675675675675675,12210,0,-38343,26133,0,28507,1,42753,37300,108561,16297,1,81096,11167,108561,46342790,0,-144604815,98262025,0,107418225,3775,160099335,140250285,407771620,61075435,3775,304704150,41988260,407771620
2024-05-09,3830,3830,3660,3680,245979,-3.0303030303030303,-3645,-110857,132489,-17987,0,15936,1,210401,19641,245979,19581,110858,77912,37628,245979,-13689805,-410614335,490649065,-66344925,0,58941565,3715,778954785,72959205,910859270,72631370,410618050,288305720,139304130,910859270
2024-05-10,3730,3770,3675,3710,111038,0.8152173913043478,1701,-26656,317,24638,0,13140,501,63288,34109,111038,11439,27157,62971,9471,111038,6469315,-98891880,1008860,91413705,0,48824605,1856200,234661235,126773955,412115995,42355290,100748080,233652375,35360250,412115995
2024-05-13,3710,3750,3670,3710,87640,0.0,14311,199,-25726,11216,0,15429,200,54785,17226,87640,1118,1,80511,6010,87640,52786205,737280,-95359455,41835970,0,56933105,741000,203226225,64204015,325104345,4146900,3720,298585680,22368045,325104345
2024-05-14,3680,3805,3670,3760,143645,1.3477088948787064,-14406,-32915,12040,35281,0,2583,304,99432,41326,143645,16989,33219,87392,6045,143645,-54122290,-121510385,43064035,132568640,0,9560715,1141460,370436475,155088765,536227415,63683005,122651845,327372440,22520125,536227415
2024-05-16,3800,3810,3740,3805,101913,1.196808510638298,2945,-1,-15896,12952,0,4572,0,79011,18330,101913,1627,1,94907,5378,101913,11051020,-3785,-60038510,48991275,0,17219070,0,298621535,69375600,385216205,6168050,3785,358660045,20384325,385216205
2024-05-17,3800,3845,3780,3810,80259,0.1314060446780552,3546,0,280,-3826,0,5034,1,63744,11480,80259,1488,1,63464,15306,80259,13534450,25,1019055,-14553530,0,19195825,3825,242971865,43845180,306016695,5661375,3800,241952810,58398710,306016695
2024-05-20,3850,4125,3810,3985,357354,4.593175853018373,-1112,0,-38392,39504,0,29041,74,243260,84979,357354,30153,74,281652,45475,357354,-4937255,2940,-152999065,157933380,0,116152115,303750,978211185,340403900,1435070950,121089370,300810,1131210250,182470520,1435070950
2024-05-21,4040,4085,3925,4010,149398,0.6273525721455459,790,-16501,30211,-14500,0,19584,0,102051,27763,149398,18794,16501,71840,42263,149398,3679440,-66030280,119614530,-57263690,0,78779970,0,406210365,111142830,596133165,75100530,66030280,286595835,168406520,596133165
2024-05-22,4025,4025,3850,3855,127669,-3.865336658354115,13961,-27674,61938,-48225,0,15784,0,106625,5260,127669,1823,27674,44687,53485,127669,54446205,-107821925,241993855,-188618135,0,61547325,0,416211215,20614115,498372655,7101120,107821925,174217360,209232250,498372655
2024-05-23,3855,3855,3650,3690,309101,-4.280155642023346,34171,-161326,170315,-43160,0,45158,501,241698,21744,309101,10987,161827,71383,64904,309101,126226050,-598468585,631565475,-159322940,0,167120030,1891195,898146895,81612745,1148770865,40893980,600359780,266581420,240935685,1148770865
2024-05-24,3685,3730,3655,3680,122563,-0.27100271002710025,-2805,3,2978,-176,0,21019,3,80327,21214,122563,23824,0,77349,21390,122563,-10449560,11090,11544615,-1106145,0,77619055,11090,296006045,77880365,451516555,88068615,0,284461430,78986510,451516555
2024-05-27,3700,3700,3560,3600,129876,-2.1739130434782608,18125,-45348,26877,346,0,23606,0,88213,18057,129876,5481,45348,61336,17711,129876,65537745,-164542635,97702550,1302340,0,85302240,0,318998845,65389570,469690655,19764495,164542635,221296295,64087230,469690655
2024-05-28,3630,3630,3535,3535,166483,-1.8055555555555554,-5441,-50002,58569,-3126,0,15406,1,132314,18762,166483,20847,50003,73745,21888,166483,-19088980,-177811455,208349110,-11448675,0,55269710,3605,471689240,66879950,593842505,74358690,177815060,263340130,78328625,593842505
2024-05-29,3535,3545,3490,3510,63511,-0.7072135785007072,-2955,0,10431,-7476,0,6333,0,51799,5379,63511,9288,0,41368,12855,63511,-10404165,0,36664665,-26260500,0,22277600,0,182000480,18918745,223196825,32681765,0,145335815,45179245,223196825
2024-05-30,3500,3560,3420,3455,91851,-1.566951566951567,6635,-15241,31072,-22466,0,19382,298,63455,8716,91851,12747,15539,32383,31182,91851,23214885,-53115965,107982895,-78081815,0,67497170,1028835,220174920,30208095,318909020,44282285,54144800,112192025,108289910,318909020
2024-05-31,3495,3515,3440,3445,76010,-0.2894356005788712,3753,-24494,24753,-4012,0,7602,6,64851,3551,76010,3849,24500,40098,7563,76010,13039970,-84684265,85559495,-13915200,0,26390675,20735,224221190,12293655,262926255,13350705,84705000,138661695,26208855,262926255
2024-06-03,3460,3470,3395,3395,144998,-1.4513788098693758,3118,-23579,24745,-4284,0,6813,0,118958,19227,144998,3695,23579,94213,23511,144998,10698740,-80898670,84614280,-14414350,0,23387085,0,407601160,66158945,497147190,12688345,80898670,322986880,80573295,497147190
2024-06-04,3395,3410,3175,3205,398941,-5.596465390279824,20460,-74236,7725,46051,0,25523,1660,275446,96312,398941,5063,75896,267721,50261,398941,66384055,-238619240,24241255,147993930,0,82903425,5505455,899920900,312537450,1300867230,16519370,244124695,875679645,164543520,1300867230
2024-06-05,3220,3270,3200,3250,93147,1.40405616224649,-5267,1,4667,599,0,1938,1,68722,22486,93147,7205,0,64055,21887,93147,-17029070,3215,14852750,2173105,0,6244795,3215,221792525,72720435,300760970,23273865,0,206939775,70547330,300760970
2024-06-07,3250,3285,3235,3260,66203,0.3076923076923077,4554,-9378,13054,-8230,0,4828,303,55300,5772,66203,274,9681,42246,14002,66203,14889295,-30605120,42506960,-26791135,0,15784565,987780,180262845,18838885,215874075,895270,31592900,137755885,45630020,215874075
2024-06-10,3260,3260,3045,3130,355027,-3.9877300613496933,16027,375,-48075,31673,0,26653,378,251457,76539,355027,10626,3,299532,44866,355027,49955195,1172965,-149738825,98610665,0,83007730,1182485,783064390,238931730,1106186335,33052535,9520,932803215,140321065,1106186335
2024-06-11,3130,3135,3070,3105,119907,-0.7987220447284344,-15476,-7024,35260,-12760,0,9915,12976,78279,18737,119907,25391,20000,43019,31497,119907,-47869975,-21950880,109612395,-39791540,0,30904780,40469145,243502370,58301305,373177600,78774755,62420025,133889975,98092845,373177600
2024-06-12,3105,3120,3045,3070,70887,-1.1272141706924315,-1050,-2719,21845,-18076,0,2088,314,63074,5411,70887,3138,3033,41229,23487,70887,-3223385,-8378475,67280025,-55678165,0,6417510,963165,193952575,16682255,218015505,9640895,9341640,126672550,72360420,218015505
2024-06-13,3070,3100,3050,3060,84527,-0.32573289902280134,-3785,-428,7666,-3453,0,1779,316,71224,11208,84527,5564,744,63558,14661,84527,-11632975,-1311160,23468320,-10524185,0,5471380,972970,219044825,34560630,260049805,17104355,2284130,195576505,45084815,260049805
2024-06-14,3065,3080,3035,3065,60350,0.16339869281045752,402,239,6660,-7301,0,12625,319,42545,4861,60350,12223,80,35885,12162,60350,1338335,733345,20216825,-22288505,0,38650140,978545,130035210,14855435,184519330,37311805,245200,109818385,37143940,184519330
2024-06-17,3065,3225,3050,3145,117318,2.6101141924959217,10019,317,-1311,-9025,0,26214,317,70701,20086,117318,16195,0,72012,29111,117318,31841885,1003265,-4409815,-28435335,0,82937755,1003265,222746910,63540940,370228870,51095870,0,227156725,91976275,370228870
2024-06-18,3150,3170,3060,3080,86060,-2.066772655007949,-1230,2988,19055,-20813,0,8592,2988,65285,9195,86060,9822,0,46230,30008,86060,-3692685,9164400,59506290,-64978005,0,26887265,9164400,202439850,28708595,267200110,30579950,0,142933560,93686600,267200110
2024-06-19,3080,3120,3080,3110,39194,0.974025974025974,-1350,314,-26,1062,0,3496,314,28195,7189,39194,4846,0,28221,6127,39194,-4148345,976540,-59100,3230905,0,10791700,976540,87171160,22190355,121129755,14940045,0,87230260,18959450,121129755
2024-06-20,3110,3240,3105,3240,98340,4.180064308681672,7955,-1365,-128,-6462,0,26519,296,56475,15050,98340,18564,1661,56603,21512,98340,26396625,-4401495,-1801830,-20193300,0,84984600,952645,179120305,48322895,313380445,58587975,5354140,180922135,68516195,313380445
2024-06-21,3240,3240,3150,3185,74552,-1.6975308641975309,13856,-10842,10180,-13194,0,16988,159,49845,7560,74552,3132,11001,39665,20754,74552,43859100,-34553545,32604075,-41909630,0,53775760,504020,158395885,24012990,236688655,9916660,35057565,125791810,65922620,236688655
2024-06-24,3190,3190,3035,3115,56606,-2.197802197802198,-1753,451,11812,-10510,0,5593,452,48394,2167,56606,7346,1,36582,12677,56606,-5404120,1396275,36892505,-32884660,0,17487700,1399405,150847220,6758470,176492795,22891820,3130,113954715,39643130,176492795
2024-06-25,3110,3160,3060,3145,36560,0.9630818619582664,-2104,153,-8201,10152,0,3926,153,18554,13927,36560,6030,0,26755,3775,36560,-6551705,481680,-25486590,31556615,0,12189180,481680,57716025,43336005,113722890,18740885,0,83202615,11779390,113722890
2024-06-26,3160,3160,3070,3070,49117,-2.384737678855326,4000,449,21159,-25608,0,7462,450,39558,1647,49117,3462,1,18399,27255,49117,12369575,1384945,65272425,-79026945,0,23012370,1388025,122093685,5126290,151620370,10642795,3080,56821260,84153235,151620370
2024-06-27,3095,3100,3035,3065,47492,-0.16286644951140067,4515,-4690,16490,-16315,0,7460,310,37901,1821,47492,2945,5000,21411,18136,47492,13825365,-14335175,50317360,-49807550,0,22822050,950600,115991440,5560045,145324135,8996685,15285775,65674080,55367595,145324135
2024-06-28,3050,3120,3050,3055,73839,-0.3262642740619902,4865,-2370,-18454,15959,0,5811,310,48046,19672,73839,946,2680,66500,3713,73839,14858915,-7328710,-56443405,48913200,0,17781945,952490,147884460,60424145,227043040,2923030,8281200,204327865,11510945,227043040
2024-07-01,3055,3100,3010,3055,46262,0.0,314,219,-4002,3469,0,2433,219,36750,6860,46262,2119,0,40752,3391,46262,915230,671885,-12119790,10532675,0,7409430,671885,111659040,20954205,140694560,6494200,0,123778830,10421530,140694560
2024-07-02,3065,3090,2975,3005,99315,-1.6366612111292964,6490,-1,13849,-20338,0,12020,0,83304,3991,99315,5530,1,69455,24329,99315,19635430,-3025,41736525,-61368930,0,36160890,0,250651190,12120830,298932910,16525460,3025,208914665,73489760,298932910
2024-07-03,3010,3030,2940,2970,99556,-1.1647254575707155,-2067,2,20252,-18187,0,3759,2,92007,3788,99556,5826,0,71755,21975,99556,-6237050,5980,60688260,-54457190,0,11256735,5980,274604480,11342930,297210125,17493785,0,213916220,65800120,297210125
2024-07-04,2970,3000,2895,2905,72270,-2.1885521885521886,-7685,-1,12464,-4778,0,1532,0,55039,15699,72270,9217,1,42575,20477,72270,-22322710,-2950,35617240,-13291580,0,4515900,0,161494940,46649540,212660380,26838610,2950,125877700,59941120,212660380
2024-07-05,2925,2925,2850,2905,82399,0.0,-8664,78,-14638,23224,0,4036,78,49835,28450,82399,12700,0,64473,5226,82399,-24809240,226585,-42335020,66917675,0,11601725,226585,143060930,82023360,236912600,36410965,0,185395950,15105685,236912600
2024-07-08,2905,2925,2875,2920,50392,0.5163511187607573,-2069,-1,-19514,21584,0,122,0,25494,24776,50392,2191,1,45008,3192,50392,-5998845,-2895,-56722780,62724520,0,353800,0,73743140,71994910,146091850,6352645,2895,130465920,9270390,146091850
2024-07-09,2920,2940,2750,2780,273499,-4.794520547945205,-10125,-77,39566,-29364,0,10799,0,239278,23422,273499,20924,77,199712,52786,273499,-27579070,-214060,110817505,-83024375,0,30195550,0,671180610,65825755,767201915,57774620,214060,560363105,148850130,767201915
2024-07-10,2780,2875,2765,2855,75361,2.697841726618705,-866,187,-13151,13830,0,820,187,56392,17962,75361,1686,0,69543,4132,75361,-2489330,536550,-37106390,39059170,0,2299005,536550,158873140,50611205,212319900,4788335,0,195979530,11552035,212319900
2024-07-11,2850,2930,2845,2900,76571,1.5761821366024518,3505,1500,-15582,10577,0,9348,1500,44457,21266,76571,5843,0,60039,10689,76571,10247295,4370000,-44940015,30322720,0,27120800,4370000,129264265,61374770,222129835,16873505,0,174204280,31052050,222129835
2024-07-12,2885,2900,2810,2830,72442,-2.413793103448276,1221,-640,-4947,4366,0,1280,0,57525,13637,72442,59,640,62472,9271,72442,3470750,-1830400,-13914125,12273775,0,3638360,0,163937180,38851825,206427365,167610,1830400,177851305,26578050,206427365
2024-07-15,2830,2865,2750,2835,88519,0.17667844522968199,5950,-5266,-31136,30452,0,6199,0,50638,31682,88519,249,5266,81774,1230,88519,16814410,-14885370,-87148065,85219025,0,17515995,0,141423695,88678790,247618480,701585,14885370,228571760,3459765,247618480
2024-07-16,2830,2845,2760,2785,62813,-1.763668430335097,1892,-2423,11200,-10669,0,2327,0,56136,4350,62813,435,2423,44936,15019,62813,5292635,-6786880,31647060,-30152815,0,6501610,0,156832280,12122635,175456525,1208975,6786880,125185220,42275450,175456525
2024-07-17,2785,2840,2780,2820,31900,1.2567324955116697,5612,1,-3575,-2038,0,6194,1,21070,4635,31900,582,0,24645,6673,31900,15869785,2830,-10064660,-5807955,0,17512590,2830,59379060,13060355,89954835,1642805,0,69443720,18868310,89954835
2024-07-18,2820,2840,2780,2835,32583,0.5319148936170213,506,170,1982,-2658,0,846,170,25081,6486,32583,340,0,23099,9144,32583,1408235,480025,5413775,-7302035,0,2368285,480025,70506750,18326800,91681860,960050,0,65092975,25628835,91681860
2024-07-19,2810,2850,2785,2810,31709,-0.8818342151675485,1844,1020,13049,-15913,0,2410,1020,27961,318,31709,566,0,14912,16231,31709,5196015,2861070,36556195,-44613280,0,6776955,2861070,78335340,888440,88861805,1580940,0,41779145,45501720,88861805
2024-07-22,2835,2835,2770,2785,29526,-0.8896797153024912,1164,12,7465,-8641,0,1380,12,26415,1719,29526,216,0,18950,10360,29526,3228635,33585,20778810,-24041030,0,3840145,33585,73702575,4806330,82382635,611510,0,52923765,28847360,82382635
2024-07-23,2785,2860,2700,2785,136674,0.0,-398,1,-44835,45232,0,3377,1,84428,48868,136674,3775,0,129263,3636,136674,-1289655,2760,-123463605,124750500,0,9344715,2760,232192825,134877740,376418040,10634370,0,355656430,10127240,376418040
2024-07-24,2785,2925,2720,2785,144019,0.0,577,59980,-71436,10879,0,10132,59980,50663,23244,144019,9555,0,122099,12365,144019,1869245,171686105,-203886605,30331255,0,28869930,171686105,141285870,64887835,406729740,27000685,0,345172475,34556580,406729740
2024-07-25,2785,2995,2725,2915,91861,4.66786355475763,-593,7005,-8839,2427,0,9715,7005,60894,14247,91861,10308,0,69733,11820,91861,-1634920,20058995,-24729425,6305350,0,28165725,20058995,174921855,40551940,263698515,29800645,0,199651280,34246590,263698515
2024-07-26,2925,3150,2890,3110,204227,6.689536878216123,477,13487,-41075,27111,0,18595,13490,108626,63516,204227,18118,3,149701,36405,204227,336690,41155255,-124868320,83376375,0,56162075,41164555,333408485,194671110,625406225,55825385,9300,458276805,111294735,625406225
2024-07-29,3060,3325,3060,3310,227545,6.430868167202572,-194,-104,-17674,17972,0,36626,0,146140,44779,227545,36820,104,163814,26807,227545,-1067765,-340995,-56581065,57989825,0,118707085,0,475470180,145032325,739209590,119774850,340995,532051245,87042500,739209590
2024-07-30,3310,3310,3100,3100,122952,-6.3444108761329305,8804,-14,29204,-37994,0,9814,0,105947,7191,122952,1010,14,76743,45185,122952,28000355,-44585,93314070,-121269840,0,31270795,0,336775570,22950060,390996425,3270440,44585,243461500,144219900,390996425
2024-07-31,3100,3290,3100,3165,59430,2.0967741935483875,-774,-2513,15909,-12622,0,9408,5,45440,4577,59430,10182,2518,29531,17199,59430,-2245380,-7963315,50393085,-40184390,0,30052700,15865,144010275,14472895,188551735,32298080,7979180,93617190,54657285,188551735
2024-08-01,3165,3470,3165,3280,180114,3.6334913112164293,4812,-3674,-20972,19834,0,29208,0,110803,40103,180114,24396,3674,131775,20269,180114,15807545,-12234370,-68676495,65103320,0,96905745,0,370842125,132851305,600599175,81098200,12234370,439518620,67747985,600599175
2024-08-02,3270,3270,3075,3165,114073,-3.50609756097561,4109,-34641,44293,-13761,0,9692,0,96548,7833,114073,5583,34641,52255,21594,114073,12759370,-107798685,138872915,-43833600,0,30472405,0,303022030,24486985,357981420,17713035,107798685,164149115,68320585,357981420
2024-08-05,3100,3100,2805,2880,168000,-9.004739336492891,8835,-20720,29697,-17812,0,25424,0,120575,22001,168000,16589,20720,90878,39813,168000,26123520,-62002135,89273630,-53395015,0,74793290,0,355137175,63860115,493790580,48669770,62002135,265863545,117255130,493790580
2024-08-06,2885,3050,2880,3040,140558,5.555555555555555,-2494,-18800,-26825,48119,0,15813,0,61798,62947,140558,18307,18800,88623,14828,140558,-8163570,-56527080,-79889335,144579985,0,47111970,0,185817485,188949185,421878640,55275540,56527080,265706820,44369200,421878640
2024-08-07,3040,3090,3005,3030,35982,-0.3289473684210526,2767,-2,6384,-9149,0,7057,0,26271,2654,35982,4290,2,19887,11803,35982,8387060,-6060,19424240,-27805240,0,21365805,0,79881070,8055315,109302190,12978745,6060,60456830,35860555,109302190
2024-08-08,3030,3030,2950,3030,50223,0.0,5769,0,-4941,-828,0,8303,0,35087,6833,50223,2534,0,40028,7661,50223,16932500,0,-14523640,-2408860,0,24587030,0,104740340,20480805,149808175,7654530,0,119263980,22889665,149808175
2024-08-09,3030,3125,3030,3100,43878,2.31023102310231,4364,0,-11437,7073,0,7075,0,28685,8118,43878,2711,0,40122,1045,43878,13437695,0,-35244985,21807290,0,21813650,0,88621185,25041340,135476175,8375955,0,123866170,3234050,135476175
2024-08-12,3100,3150,3100,3140,32184,1.2903225806451613,4088,997,-7609,2524,0,8246,1000,17301,5637,32184,4158,3,24910,3113,32184,12659890,3125665,-23554440,7768885,0,25672700,3135000,54133960,17521850,100463510,13012810,9335,77688400,9752965,100463510
2024-08-13,3140,3140,2890,3040,64697,-3.1847133757961785,-2596,3,4991,-2398,0,2521,3,57045,5128,64697,5117,0,52054,7526,64697,-8073235,9205,15247960,-7183930,0,7710665,9205,173185950,15899105,196804925,15783900,0,157937990,23083035,196804925
2024-08-14,3040,3065,2990,3010,26118,-0.9868421052631579,6624,-883,2622,-8363,0,6852,0,17810,1456,26118,228,883,15188,9819,26118,19945265,-2684320,7922035,-25182980,0,20638825,0,53691465,4405640,78735930,693560,2684320,45769430,29588620,78735930
2024-08-16,3010,3025,2890,2955,45730,-1.8272425249169437,6090,-1829,2853,-7114,0,7003,1,34193,4533,45730,913,1830,31340,11647,45730,17782495,-5395455,8771480,-21158520,0,20490325,2985,100847175,13349020,134689505,2707830,5398440,92075695,34507540,134689505
2024-08-19,2955,2980,2895,2900,48964,-1.8612521150592216,-8163,1,5622,2540,0,6657,1,32342,9964,48964,14820,0,26720,7424,48964,-23774820,2945,16457600,7314275,0,19492990,2945,94644610,29127430,143267975,43267810,0,78187010,21813155,143267975
2024-08-20,2925,2950,2900,2935,25193,1.206896551724138,-2012,-2567,-285,4864,0,982,3,14815,9393,25193,2994,2570,15100,4529,25193,-5863400,-7521320,-807530,14192250,0,2852530,8780,43248480,27417150,73526940,8715930,7530100,44056010,13224900,73526940
2024-08-21,2935,3000,2830,2920,56719,-0.5110732538330494,2157,0,-3365,1208,0,8552,0,39750,8417,56719,6395,0,43115,7209,56719,6207085,0,-9736300,3529215,0,24903615,0,115524940,24516660,164945215,18696530,0,125261240,20987445,164945215
2024-08-22,2920,2970,2890,2955,34494,1.1986301369863013,4226,0,5339,-9565,0,6155,0,26846,1493,34494,1929,0,21507,11058,34494,12258435,0,15674460,-27932895,0,17965970,0,78425560,4374840,100766370,5707535,0,62751100,32307735,100766370
2024-08-23,2955,2955,2880,2920,31029,-1.1844331641285957,4277,0,12098,-16375,0,4377,0,25979,673,31029,100,0,13881,17048,31029,12377675,0,35104110,-47481785,0,12669675,0,75326575,1950170,89946420,292000,0,40222465,49431955,89946420
2024-08-26,2930,2930,2885,2920,23071,0.0,3449,0,226,-3675,0,3551,0,18848,672,23071,102,0,18622,4347,23071,9978810,0,722600,-10701410,0,10277660,0,54624825,1953155,66855640,298850,0,53902225,12654565,66855640
2024-08-27,2920,2930,2885,2910,12961,-0.3424657534246575,35,0,801,-836,0,556,0,11646,759,12961,521,0,10845,1595,12961,89340,0,2340810,-2430150,0,1610760,0,33779240,2202860,37592860,1521420,0,31438430,4633010,37592860
2024-08-28,2930,2965,2880,2905,34604,-0.1718213058419244,-2581,0,3373,-792,0,1218,0,30430,2956,34604,3799,0,27057,3748,34604,-7573320,0,9856310,-2282990,0,3532375,0,88369470,8640315,100542160,11105695,0,78513160,10923305,100542160
2024-08-29,2880,2925,2860,2870,37365,-1.2048192771084338,2171,5,7380,-9556,0,3401,5,33194,765,37365,1230,0,25814,10321,37365,6220495,14445,21338045,-27572985,0,9786590,14445,95693320,2216350,107710705,3566095,0,74355275,29789335,107710705
2024-08-30,2895,2950,2860,2870,20990,0.0,2220,175,3979,-6374,0,2471,175,16391,1953,20990,251,0,12412,8327,20990,6362025,504435,11432205,-18298665,0,7094190,504435,47170525,5634395,60403545,732165,0,35738320,23933060,60403545
2024-09-02,2900,2900,2810,2860,26395,-0.34843205574912894,1027,2,5546,-6575,0,1173,2,24282,938,26395,146,0,18736,7513,26395,2929665,5710,15793015,-18728390,0,3341385,5710,68891285,2650770,74889150,411720,0,53098270,21379160,74889150
2024-09-03,2880,2920,2810,2860,14341,0.0,189,-18,4303,-4474,0,834,0,12234,1273,14341,645,18,7931,5747,14341,500000,-51525,12334980,-12783455,0,2357540,0,34926165,3632935,40916640,1857540,51525,22591185,16416390,40916640
2024-09-04,2820,2845,2720,2765,69357,-3.3216783216783217,4581,-24,16791,-21348,0,6360,0,58682,4315,69357,1779,24,41891,25663,69357,12749410,-66530,46722415,-59405295,0,17703605,0,162507795,11912460,192123860,4954195,66530,115785380,71317755,192123860
2024-09-05,2790,2790,2710,2720,41385,-1.62748643761302,4575,16,5233,-9824,0,4586,16,34832,1951,41385,11,0,29599,11775,41385,12505940,43860,14306350,-26856150,0,12536535,43860,95183180,5341600,113105175,30595,0,80876830,32197750,113105175
2024-09-06,2720,2820,2690,2710,34860,-0.3676470588235294,2983,5,7899,-10887,0,5249,5,28577,1029,34860,2266,0,20678,11916,34860,7977985,13625,21733350,-29724960,0,14253610,13625,77962655,2789875,95019765,6275625,0,56229305,32514835,95019765
2024-09-09,2705,2720,2635,2700,29498,-0.36900369003690037,-1129,0,-1164,2293,0,1926,0,21088,6484,29498,3055,0,22252,4191,29498,-3038110,0,-2985920,6024030,0,5116740,0,56343545,17227475,78687760,8154850,0,59329465,11203445,78687760
2024-09-10,2705,2730,2655,2695,34204,-0.1851851851851852,703,3,6021,-6727,0,704,3,31615,1882,34204,1,0,25594,8609,34204,1889915,8095,16277495,-18175505,0,1892645,8095,85128225,5064080,92093045,2730,0,68850730,23239585,92093045
2024-09-11,2695,2720,2665,2665,18917,-1.1131725417439702,54,-110,4179,-4123,0,1172,1,17317,427,18917,1118,111,13138,4550,18917,142845,-294230,11229105,-11077720,0,3137255,2695,46471815,1144360,50756125,2994410,296925,35242710,12222080,50756125
2024-09-12,2710,2715,2640,2705,14818,1.5009380863039399,1773,-68,-3994,2289,0,2123,5,9785,2905,14818,350,73,13779,616,14818,4744015,-182555,-10577695,6016235,0,5690450,13450,26298480,7675930,39678310,946435,196005,36876175,1659695,39678310
2024-09-13,2720,2745,2710,2730,16482,0.9242144177449169,-2893,-2033,5557,-631,0,530,0,15795,157,16482,3423,2033,10238,788,16482,-7904540,-5528430,15155605,-1722635,0,1444605,0,43115120,428045,44987770,9349145,5528430,27959515,2150680,44987770
2024-09-19,2750,2895,2735,2850,52095,4.395604395604396,-1202,-69,-1092,2363,0,7379,0,34893,9823,52095,8581,69,35985,7460,52095,-3188980,-197685,-3260085,6646750,0,20999025,0,98663190,27778880,147441095,24188005,197685,101923275,21132130,147441095
2024-09-20,2850,2885,2800,2825,25184,-0.8771929824561403,-1100,-74,3337,-2163,0,1363,0,19459,4362,25184,2463,74,16122,6525,25184,-3111870,-207630,9434370,-6114870,0,3841360,0,54900045,12312055,71053460,6953230,207630,45465675,18426925,71053460
2024-09-23,2825,2825,2770,2795,16694,-1.0619469026548671,608,-71,3063,-3600,0,803,0,15831,60,16694,195,71,12768,3660,16694,1702235,-198445,8566170,-10069960,0,2249210,0,44231075,166800,46647085,546975,198445,35664905,10236760,46647085
2024-09-24,2795,2810,2735,2775,38292,-0.7155635062611807,2252,-11528,14368,-5092,0,2712,1,33971,1608,38292,460,11529,19603,6700,38292,6237445,-32011615,39942585,-14168415,0,7513920,2775,94123570,4415080,106055345,1276475,32014390,54180985,18583495,106055345
2024-09-25,2775,2815,2655,2775,18659,0.0,378,-70,4516,-4824,0,441,2,18158,58,18659,63,72,13642,4882,18659,1043155,-193875,12575120,-13424400,0,1219615,5565,50281530,160870,51667580,176460,199440,37706410,13585270,51667580
2024-09-26,2775,2790,2745,2775,9415,0.0,2319,-73,78,-2324,0,2319,0,7028,68,9415,0,73,6950,2392,9415,6439590,-202575,220375,-6457390,0,6439590,0,19492705,188360,26120655,0,202575,19272330,6645750,26120655
2024-09-27,2775,2825,2755,2795,31953,0.7207207207207207,493,0,2520,-3013,0,843,0,30005,1105,31953,350,0,27485,4118,31953,1369040,0,7025880,-8394920,0,2348490,0,83856035,3086165,89290690,979450,0,76830155,11481085,89290690
2024-09-30,2800,2800,2755,2780,14219,-0.5366726296958855,1365,2,491,-1858,0,1379,2,12578,260,14219,14,0,12087,2118,14219,3786440,5570,1373210,-5165220,0,3825430,5570,34859535,719190,39409725,38990,0,33486325,5884410,39409725
2024-10-02,2790,2790,2700,2700,36388,-2.877697841726619,2866,-2,1796,-4660,0,3426,0,32256,706,36388,560,2,30460,5366,36388,7832615,-5515,4983140,-12810240,0,9376065,0,88337735,1941180,99654980,1543450,5515,83354595,14751420,99654980
2024-10-04,2720,2750,2620,2650,35097,-1.8518518518518516,3384,-2,-302,-3080,0,3461,0,30842,1015,35318,77,2,31144,4095,35318,9112670,-5435,-716560,-8390675,0,9323710,0,82914925,2706930,94945565,211040,5435,83631485,11097605,94945565
