날짜,시가,고가,저가,종가,거래량,등락률,기관합계_거래량_순매수,기타법인_거래량_순매수,개인_거래량_순매수,외국인합계_거래량_순매수,전체_거래량_순매수,기관합계_거래량_매수,기타법인_거래량_매수,개인_거래량_매수,외국인합계_거래량_매수,전체_거래량_매수,기관합계_거래량_매도,기타법인_거래량_매도,개인_거래량_매도,외국인합계_거래량_매도,전체_거래량_매도,기관합계_거래대금_순매수,기타법인_거래대금_순매수,개인_거래대금_순매수,외국인합계_거래대금_순매수,전체_거래대금_순매수,기관합계_거래대금_매수,기타법인_거래대금_매수,개인_거래대금_매수,외국인합계_거래대금_매수,전체_거래대금_매수,기관합계_거래대금_매도,기타법인_거래대금_매도,개인_거래대금_매도,외국인합계_거래대금_매도,전체_거래대금_매도
2019-01-02,5433,5433,5386,5416,26439,-0.3312476996687523,2766,5004,-7328,-442,0,8541,5004,13108,0,26653,5775,0,20436,442,26653,15498700,28002440,-41024800,-2476340,0,47825530,28002440,73436730,0,149264700,32326830,0,114461530,2476340,149264700
2019-01-03,5415,5462,5376,5406,55510,-0.1846381093057607,8072,22057,-28696,-1433,0,10439,22057,21304,2155,55955,2367,0,50000,3588,55955,45281090,123859900,-161267790,-7873200,0,58584240,123859900,119325290,12131140,313900570,13303150,0,280593080,20004340,313900570
2019-01-04,5393,5413,5344,5356,57382,-0.924898261191269,-24158,13005,10943,210,0,20182,13005,24433,221,57841,44340,0,13490,11,57841,-134213620,72417800,60632870,1162950,0,112192460,72417800,135708430,1224340,321543030,246406080,0,75075560,61390,321543030
2019-01-07,5403,5403,5219,5269,129528,-1.6243465272591486,-26505,7009,15309,4187,0,34574,7009,83137,5826,130546,61079,0,67828,1639,130546,-144474660,38219620,83471470,22783570,0,188368790,38219620,452293330,31744120,710625860,332843450,0,368821860,8960550,710625860
2019-01-08,5265,5285,5219,5259,121404,-0.18978933383943822,-90797,14993,75259,545,0,11137,16993,92262,1965,122357,101934,2000,17003,1420,122357,-493272320,81501160,408776100,2995060,0,60708690,92381160,501368880,10739360,665198090,553981010,10880000,92592780,7744300,665198090
2019-01-09,5211,5267,5211,5241,61495,-0.3422703936109527,-19909,6182,15129,-1402,0,14371,6182,40856,580,61989,34280,0,25727,1982,61989,-108049890,33609050,82053850,-7613010,0,78034770,33609050,221809190,3155200,336608210,186084660,0,139755340,10768210,336608210
2019-01-10,5250,5257,5201,5251,80695,0.19080328181644723,-41186,-4998,52629,-6445,0,11047,2,70293,0,81342,52233,5000,17664,6445,81342,-222323250,-27039240,284117070,-34754580,0,59788620,10760,379638590,0,439437970,282111870,27050000,95521520,34754580,439437970
2019-01-11,5257,5257,5211,5231,95147,-0.3808798324128737,-30501,-22154,59439,-6784,0,14979,5005,74854,1071,95909,45480,27159,15415,7855,95909,-165018240,-119683440,321334910,-36633230,0,81072360,27077020,404822830,5826240,518798450,246090600,146760460,83487920,42459470,518798450
2019-01-14,5240,5240,5222,5222,52967,-0.17205123303383674,-6251,-9999,18089,-1839,0,25739,1,27651,0,53391,31990,10000,9562,1839,53391,-33851380,-53994600,97789460,-9943480,0,139093880,5400,149450380,0,288549660,172945260,54000000,51660920,9943480,288549660
2019-01-15,5220,5239,5171,5172,104752,-0.9574875526618154,-36000,2500,32688,812,0,22624,2500,74791,5668,105583,58624,0,42103,4856,105583,-193901210,13445000,175957290,4498920,0,121736960,13445000,401993390,30680700,567856050,315638170,0,226036100,26181780,567856050
2019-01-16,5181,5210,5171,5202,96921,0.580046403712297,-63002,4500,54763,3739,0,15352,4500,70359,7482,97693,78354,0,15596,3743,97693,-337729860,24090000,293562720,20077140,0,82291300,24090000,377176170,40163610,523721080,420021160,0,83613450,20086470,523721080
2019-01-17,5200,5210,5162,5182,46359,-0.3844675124951942,4069,0,3536,-7605,0,13607,0,32477,645,46729,9538,0,28941,8250,46729,21903370,0,18915250,-40818620,0,73090250,0,174203700,3459500,250753450,51186880,0,155288450,44278120,250753450
2019-01-18,5182,5212,5182,5212,31817,0.5789270551910459,7587,0,-3805,-3782,0,12695,0,19078,300,32073,5108,0,22883,4082,32073,40690840,0,-20372260,-20318580,0,68092330,0,102424040,1617000,172133370,27401490,0,122796300,21935580,172133370
2019-01-21,5221,5257,5211,5251,49934,0.7482732156561781,19,0,4690,-4709,0,5262,0,45070,4,50336,5243,0,40380,4713,50336,91300,0,25409550,-25500850,0,28471580,0,243983480,21640,272476700,28380280,0,218573930,25522490,272476700
2019-01-22,5257,5277,5240,5251,63750,0.0,9239,0,-6324,-2915,0,14604,0,49658,0,64262,5365,0,55982,2915,64262,50252840,0,-34388350,-15864490,0,79464140,0,269889340,0,349353480,29211300,0,304277690,15864490,349353480
2019-01-23,5257,5277,5229,5279,87359,0.5332317653780233,15005,3,-9785,-5223,0,22868,3,61480,3696,88047,7863,0,71265,8919,88047,81505140,16310,-53228520,-28292930,0,124259930,16310,333980080,20136300,478392620,42754790,0,387208600,48429230,478392620
2019-01-24,5286,5373,5286,5346,34389,1.2691797688956241,-3426,0,721,2705,0,7949,0,21480,5234,34663,11375,0,20759,2529,34663,-18922620,0,3906640,15015980,0,43994150,0,118522660,28954000,191470810,62916770,0,114616020,13938020,191470810
2019-01-25,5346,5462,5346,5386,55325,0.7482229704451926,-5650,0,10545,-4895,0,11499,0,42888,1381,55768,17149,0,32343,6276,55768,-31508920,0,58808820,-27299900,0,64284480,0,239691820,7771180,311747480,95793400,0,180883000,35071080,311747480
2019-01-28,5336,5385,5221,5309,80142,-1.4296323802450799,17859,-49971,27542,4570,0,28933,3004,43758,5081,80776,11074,52975,16216,511,80776,98383220,-275145920,151523470,25239230,0,159345450,16491970,240689500,28051080,444578000,60962230,291637890,89166030,2811850,444578000
2019-01-29,5374,5403,5306,5376,418913,1.262007911094368,13040,303327,-335202,18835,0,21671,354721,23359,22499,422250,8631,51394,358561,3664,422250,72553530,1664650020,-1841883580,104680030,0,120563340,1948851970,129677300,125025970,2324118580,48009810,284201950,1971560880,20345940,2324118580
2019-01-30,5431,5431,5326,5356,64521,-0.3720238095238095,3786,-98,15835,-19523,0,31618,2,32577,839,65036,27832,100,16742,20362,65036,21493580,-548950,87369550,-108314180,0,175537530,11050,180493800,4648750,360691130,154043950,560000,93124250,112962930,360691130
2019-01-31,5403,5449,5353,5443,115820,1.6243465272591486,72049,-55839,-38619,22409,0,81927,3096,9199,22510,116732,9878,58935,47818,101,116732,402529780,-311818370,-215924820,125213410,0,457583510,17275680,51433620,125780750,652073560,55053730,329094050,267358440,567340,652073560
2019-02-01,5431,5470,5374,5376,37482,-1.2309388205033989,6875,-7093,4736,-4518,0,13567,2,23874,340,37783,6692,7095,19138,4858,37783,38515490,-39740780,26528330,-25303040,0,76075990,11220,134014610,1908960,212010780,37560500,39752000,107486280,27212000,212010780
2019-02-07,5386,5433,5376,5386,29252,0.18601190476190474,5523,-6999,4548,-3072,0,10648,1,18818,20,29487,5125,7000,14270,3092,29487,30979650,-39228010,25422260,-17173900,0,59626540,5570,105283490,111820,165027420,28646890,39233580,79861230,17285720,165027420
2019-02-08,5384,5440,5384,5434,22950,0.8911994058670627,3841,0,-5859,2018,0,8819,0,12293,2020,23132,4978,0,18152,2,23132,21557630,0,-32889390,11331760,0,49483250,0,68959530,11343000,129785780,27925620,0,101848920,11240,129785780
2019-02-11,5431,5489,5422,5472,52487,0.6993006993006993,-402,-1500,-13405,15307,0,5398,0,31869,15637,52904,5800,1500,45274,330,52904,-2255360,-8490000,-75885920,86631280,0,30544540,0,180329700,88482580,299356820,32799900,8490000,256215620,1851300,299356820
2019-02-12,5451,5520,5432,5521,64796,0.8954678362573099,-5870,-10147,-1647,17664,0,5560,1,34382,25369,65312,11430,10148,36029,7705,65312,-33450690,-57920520,-9425790,100797000,0,31577610,5640,195452960,144518510,371554720,65028300,57926160,204878750,43721510,371554720
2019-02-13,5460,5547,5431,5482,52704,-0.7063937692447021,5848,-5495,-6736,6383,0,14519,5,31129,7469,53122,8671,5500,37865,1086,53122,33167580,-31180910,-38396490,36409820,0,82457960,28360,176599330,42578380,301664030,49290380,31209270,214995820,6168560,301664030
2019-02-14,5479,5499,5440,5472,29289,-0.18241517694272164,8072,1,-4970,-3103,0,16813,1,12709,0,29523,8741,0,17679,3103,29523,45762560,5640,-28231030,-17537170,0,95220130,5640,71935920,0,167161690,49457570,0,100166950,17537170,167161690
2019-02-15,5432,5510,5432,5434,76422,-0.6944444444444444,10017,-2069,-24277,16329,0,17768,0,42928,16329,77025,7751,2069,67205,0,77025,56734810,-11674820,-137471030,92411040,0,100627410,0,242923420,92411040,435961870,43892600,11674820,380394450,0,435961870
2019-02-18,5441,5491,5441,5492,45272,1.0673536989326464,-857,0,-5942,6799,0,12404,0,21045,12183,45632,13261,0,26987,5384,45632,-4845430,0,-33737170,38582600,0,70191380,0,118930150,68971120,258092650,75036810,0,152667320,30388520,258092650
2019-02-19,5489,5489,5440,5463,103767,-0.528040786598689,-64141,300,39420,24421,0,15154,300,60266,28867,104587,79295,0,20846,4446,104587,-362002030,1700000,222465240,137836790,0,85583020,1700000,340064110,162912230,590259360,447585050,0,117598870,25075440,590259360
2019-02-20,5489,5489,5440,5443,59916,-0.3660992128866923,-7409,105,8909,-1605,0,24243,105,33111,2931,60390,31652,0,24202,4536,60390,-41741080,591150,50110610,-8960680,0,136789430,591150,186624300,16618770,340623650,178530510,0,136513690,25579450,340623650
2019-02-21,5479,5479,5431,5453,45905,0.18372221201543268,6079,1870,-8083,134,0,13386,1870,30878,134,46268,7307,0,38961,0,46268,34278690,10546260,-45580710,755760,0,75453320,10546260,174008240,755760,260763580,41174630,0,219588950,0,260763580
2019-02-22,5462,5472,5396,5406,69970,-0.8619108747478452,-5792,-1234,7802,-776,0,17065,100,52764,603,70532,22857,1334,44962,1379,70532,-32374270,-6963760,43685980,-4347950,0,95828420,560000,296295570,3412980,396096970,128202690,7523760,252609590,7760930,396096970
2019-02-25,5405,5462,5376,5386,65736,-0.3699593044765076,4076,0,-3278,-798,0,11193,0,53628,1442,66263,7117,0,56906,2240,66263,22772650,0,-18372930,-4399720,0,62522920,0,299279210,8075200,369877330,39750270,0,317652140,12474920,369877330
2019-02-26,5384,5460,5384,5434,48283,0.8911994058670627,-2099,-3695,534,5260,0,10243,100,30057,8263,48663,12342,3795,29523,3003,48663,-11770180,-20765480,2897570,29638090,0,57535970,561500,169195090,46504870,273797430,69306150,21326980,166297520,16866780,273797430
2019-02-27,5489,5489,5413,5443,65185,0.16562384983437614,-23611,19600,-2912,6923,0,13496,20100,20656,11447,65699,37107,500,23568,4524,65699,-132127540,109738000,-16936110,39325650,0,76124430,112563000,116223790,64785170,369696390,208251970,2825000,133159900,25459520,369696390
2019-02-28,5422,5459,5422,5443,23602,0.0,-5386,-1405,8185,-1394,0,1625,595,20077,1493,23790,7011,2000,11892,2887,23790,-30277210,-7902900,46017210,-7837100,0,9135960,3344900,112866200,8409630,133756690,39413170,11247800,66848990,16246730,133756690
2019-03-04,5440,5479,5431,5463,89046,0.36744442403086536,-23371,-19570,45843,-2902,0,10364,100,77198,2088,89750,33735,19670,31355,4990,89750,-131806640,-110318670,258458620,-16333310,0,58442380,565000,435372700,11795680,506175760,190249020,110883670,176914080,28128990,506175760
2019-03-05,5460,5479,5431,5463,50531,0.0,-20182,-812,23988,-2994,0,9818,101,39745,1267,50931,30000,913,15757,4261,50931,-113627650,-4591930,135077420,-16857840,0,55394780,570650,224038560,7161650,287165640,169022430,5162580,88961140,24019490,287165640
2019-03-06,5460,5479,5422,5463,66822,0.0,-33821,-486,30827,3480,0,12179,101,49601,5470,67351,46000,587,18774,1990,67351,-190312630,-2757650,173393610,19676670,0,68729090,570640,279467120,30919660,379686510,259041720,3328290,106073510,11242990,379686510
2019-03-07,5470,5489,5450,5472,38338,0.16474464579901155,-15516,200,15378,-62,0,5666,200,29781,2996,38643,21182,0,14403,3058,38643,-87779420,1132000,86993920,-346500,0,32075690,1132000,168510300,16959410,218677400,119855110,0,81516380,17305910,218677400
2019-03-08,5472,5511,5472,5502,59168,0.5482456140350876,5935,1825,72,-7832,0,19083,2575,34344,3637,59639,13148,750,34272,11469,59639,33722230,10346250,258750,-44327230,0,108362460,14603750,195008540,20680770,338655520,74640230,4257500,194749790,65008000,338655520
2019-03-11,5501,5539,5481,5531,122640,0.5270810614322065,3343,-31353,17585,10425,0,14535,3134,90587,15361,123617,11192,34487,73002,4936,123617,19086760,-179096090,100353480,59655850,0,82797190,17824680,516683510,87787510,705092890,63710430,196920770,416330030,28131660,705092890
2019-03-12,5530,5548,5471,5531,105244,0.0,-43200,7912,42587,-7299,0,12788,10333,77202,5760,106083,55988,2421,34615,13059,106083,-246521010,45269070,242816370,-41564430,0,73040340,59100500,440822410,33034430,605997680,319561350,13831430,198006040,74598860,605997680
2019-03-13,5512,5540,5492,5512,76176,-0.34351835111191464,-20048,1301,15641,3106,0,16336,1301,51985,7160,76782,36384,0,36344,4054,76782,-114101120,7428080,88995370,17677670,0,93007350,7428080,295952230,40778160,437165820,207108470,0,206956860,23100490,437165820
2019-03-14,5501,5539,5491,5521,46992,0.1632801161103048,-15491,200,1808,13483,0,10004,200,21780,15384,47368,25495,0,19972,1901,47368,-88146250,1142000,10173110,76831140,0,57062770,1142000,124113200,87676270,269994240,145209020,0,113940090,10845130,269994240
2019-03-15,5500,5548,5500,5550,51157,0.5252671617460605,9303,200,-22784,13281,0,9909,200,26260,15198,51567,606,0,49044,1917,51567,53265240,1147000,-130488810,76076570,0,56737840,1147000,150334930,87054650,295274420,3472600,0,280823740,10978080,295274420
2019-03-18,5548,5646,5548,5647,94771,1.7477477477477477,-30247,-4910,23499,11658,0,11012,100,68904,15507,95523,41259,5010,45405,3849,95523,-175505710,-28543700,136615490,67433920,0,63963960,579000,399834550,89722600,554100110,239469670,29122700,263219060,22288680,554100110
2019-03-19,5654,5722,5596,5656,83195,0.1593766601735435,9966,603,2222,-12791,0,29113,2103,49637,3002,83855,19147,1500,47415,15793,83855,58416180,3356370,12886590,-74659140,0,171363990,12201370,290834420,17545350,491945130,112947810,8845000,277947830,92204490,491945130
2019-03-20,5654,5703,5626,5647,166165,-0.15912305516265912,-91660,100,82246,9314,0,13887,100,139474,14019,167480,105547,0,57228,4705,167480,-536032530,588000,480910220,54534310,0,81283680,588000,815741070,82054350,979667100,617316210,0,334830850,27520040,979667100
2019-03-21,5616,5665,5616,5666,120076,0.3364618381441473,-40017,100,31839,8078,0,26012,100,83537,11380,121029,66029,0,51698,3302,121029,-234263730,585000,186393530,47285200,0,152166190,585000,488856490,66598520,708206200,386429920,0,302462960,19313320,708206200
2019-03-22,5673,5692,5635,5656,156266,-0.17649135192375573,-76309,101,65160,11048,0,26857,101,107934,22613,157505,103166,0,42774,11565,157505,-446608720,589850,381115420,64903450,0,157342600,589850,631335580,132627630,921895660,603951320,0,250220160,67724180,921895660
2019-03-25,5674,5683,5606,5666,147318,0.1768033946251768,-78775,10387,61845,6543,0,15011,10387,105761,17328,148487,93786,0,43916,10785,148487,-458403600,60530190,359186430,38686980,0,87618290,60530190,615989850,101482260,865620590,546021890,0,256803420,62795280,865620590
2019-03-26,5637,5781,5637,5735,143936,1.2177903282739144,27593,-47737,-18887,39031,0,33272,100,71423,40295,145090,5679,47837,90310,1264,145090,163710930,-283101890,-111907710,231298670,0,197260610,593720,423145740,238752930,859753000,33549680,283695610,535053450,7454260,859753000
2019-03-27,5735,5753,5705,5735,140094,0.0,39256,-38124,-1967,835,0,39256,706,92845,8410,141217,0,38830,94812,7575,141217,232408380,-225634800,-11689420,4915840,0,232408380,4179520,549084880,49730040,835402820,0,229814320,560774300,44814200,835402820
2019-03-28,5684,5714,5636,5715,83183,-0.34873583260680036,5433,-2781,-16124,13472,0,25980,100,40835,16933,83848,20547,2881,56959,3461,83848,31862990,-16435710,-94759580,79332300,0,152829030,591000,240006140,99627500,493053670,120966040,17026710,334765720,20295200,493053670
2019-03-29,5713,5713,5675,5705,93705,-0.17497812773403326,9067,-31432,15117,7248,0,29379,4077,47315,13683,94454,20312,35509,32198,6435,94454,53693060,-185785570,89286300,42806210,0,173256220,24072620,279162530,80678990,557170360,119563160,209858190,189876230,37872780,557170360
2019-04-01,5704,5770,5646,5705,173269,0.0,35103,-48875,-5204,18976,0,51773,105,93021,29752,174651,16670,48980,98225,10776,174651,206673710,-287573160,-31464830,112364280,0,304826960,618380,546764730,175802440,1028012510,98153250,288191540,578229560,63438160,1028012510
2019-04-02,5702,5722,5683,5685,62108,-0.35056967572305,20112,2479,-24440,1849,0,38953,2479,19236,1936,62604,18841,0,43676,87,62604,118682950,14649840,-144231870,10899080,0,229801590,14649840,113381830,11411510,369244770,111118640,0,257613700,512430,369244770
2019-04-03,5693,5722,5683,5695,48064,0.1759014951627089,5100,4301,-16232,6831,0,17704,4301,17277,9166,48448,12604,0,33509,2335,48448,30024390,25382240,-95718510,40311880,0,104363340,25382240,101948970,54061850,285756400,74338950,0,197667480,13749970,285756400
2019-04-04,5693,5703,5558,5589,145694,-1.861281826163301,-15907,4122,25898,-14113,0,24629,4122,115734,2354,146839,40536,0,89836,16467,146839,-91971340,23904060,150643180,-82575900,0,143799980,23904060,674235590,13636890,855576520,235771320,0,523592410,96212790,855576520
2019-04-05,5654,5674,5606,5608,28134,0.3399534800500984,5704,700,-4274,-2130,0,8175,700,17022,2460,28357,2471,0,21296,4590,28357,33226980,4078000,-24800780,-12504200,0,47635770,4078000,99186450,14269350,165169570,14408790,0,123987230,26773550,165169570
2019-04-08,5664,5692,5615,5685,82674,1.3730385164051355,1731,10606,-18671,6334,0,3818,10606,59999,8910,83333,2087,0,78670,2576,83333,10078360,62188550,-109258860,36991950,0,22338590,62188550,352353030,52069680,488949850,12260230,0,461611890,15077730,488949850
2019-04-09,5675,5714,5655,5715,62905,0.5277044854881267,13081,33837,-46557,-361,0,13385,33837,12356,3832,63410,304,0,58913,4193,63410,76919160,199411170,-274266320,-2064010,0,78712390,199411170,72768160,22559000,373450720,1793230,0,347034480,24623010,373450720
2019-04-10,5655,5770,5655,5754,163478,0.6824146981627297,55045,3922,-107337,48370,0,55218,9848,51320,48376,164762,173,5926,158657,6,164762,327343970,23381520,-638351130,287625640,0,328373090,58625480,304688990,287661130,979348690,1029120,35243960,943040120,35490,979348690
2019-04-11,5770,5936,5770,5909,409240,2.6937782412234967,164042,-95743,-114729,46430,0,195768,26724,111353,78674,412519,31726,122467,226082,32244,412519,995402490,-581328190,-697330310,283256010,0,1188151200,161984830,672971240,477319350,2500426620,192748710,743313020,1370301550,194063340,2500426620
2019-04-12,5906,5935,5779,5869,183120,-0.6769334912844813,-52756,-6739,71729,-12234,0,33337,3540,124466,23237,184580,86093,10279,52737,35471,184580,-317180920,-40611280,431256410,-73464210,0,200723990,21385250,749737050,140284150,1112130440,517904910,61996530,318480640,213748360,1112130440
2019-04-15,5847,5865,5768,5801,122538,-1.1586300903049924,-51987,11409,44553,-3975,0,35153,11409,70715,6231,123508,87140,0,26162,10206,123508,-311912460,68448220,267311420,-23847180,0,210880080,68448220,424165120,37385970,740879390,522792540,0,156853700,61233150,740879390
2019-04-16,5809,5935,5799,5879,148883,1.3445957593518358,-62782,1578,27751,33453,0,22512,1578,85139,40844,150073,85294,0,57388,7391,150073,-377925430,9551010,165526480,202847940,0,136233820,9551010,513776000,247398500,906959330,514159250,0,348249520,44550560,906959330
2019-04-17,5839,5925,5809,5899,68848,0.34019391052900155,33875,650,-35717,1192,0,38007,1150,26436,3808,69401,4132,500,62153,2616,69401,207234650,3982000,-218502220,7285570,0,232510050,7037000,161521610,23258830,424327490,25275400,3055000,380023830,15973260,424327490
2019-04-18,5897,5925,5877,5917,81684,0.305136463807425,40509,-4659,-39772,3922,0,42528,160,31703,7936,82327,2019,4819,71475,4014,82327,247619580,-28544470,-243045300,23970190,0,259975790,976000,193767380,48375310,503094480,12356210,29520470,436812680,24405120,503094480
2019-04-19,5916,5926,5878,5909,42710,-0.13520365049856345,13040,-13669,7923,-7294,0,13056,600,29398,0,43054,16,14269,21475,7294,43054,79675960,-83525590,48376570,-44526940,0,79773470,3658000,179420070,0,262851540,97510,87183590,131043500,44526940,262851540
2019-04-22,5945,6053,5908,5909,113740,0.0,6345,14062,-13359,-7048,0,12181,30043,69113,3316,114653,5836,15981,82472,10364,114653,38944580,87371410,-82728970,-43587020,0,74754800,185923240,425366380,20447340,706491760,35810220,98551830,508095350,64034360,706491760
2019-04-23,5972,5992,5915,5966,79413,0.964630225080386,9990,-2497,-5852,-1641,0,11368,0,68097,578,80043,1378,2497,73949,2219,80043,61730860,-15401550,-36185680,-10143630,0,70248340,0,420111390,3557200,493916930,8517480,15401550,456297070,13700830,493916930
2019-04-24,5983,6003,5829,5899,132847,-1.1230305062018102,-55005,-32746,86841,910,0,11154,1650,116294,4814,133912,66159,34396,29453,3904,133912,-335570990,-200230110,530407310,5393790,0,68151830,10023580,710372090,29401530,817949030,403722820,210253690,179964780,24007740,817949030
2019-04-25,5886,5915,5809,5869,143720,-0.5085607730123749,-2224,-19262,32204,-10718,0,28984,3698,111000,1185,144867,31208,22960,78796,11903,144867,-13606930,-117753160,196698960,-65338870,0,176108330,22394940,675195260,7171810,880870340,189715260,140148100,478496300,72510680,880870340
2019-04-26,5868,5945,5859,5909,46485,0.6815471119441131,2565,-20156,19901,-2310,0,10942,0,35738,180,46860,8377,20156,15837,2490,46860,15724040,-123392780,121792910,-14124170,0,66912030,0,218535380,1091310,286538720,51187990,123392780,96742470,15215480,286538720
2019-04-29,5944,5944,5876,5946,103009,0.6261634794381452,-23502,-25629,50207,-1076,0,24897,0,78843,83,103823,48399,25629,28636,1159,103823,-143631070,-156861370,307080040,-6587600,0,152600060,0,482638530,509430,635748020,296231130,156861370,175558490,7097030,635748020
2019-04-30,5983,6032,5897,5937,43701,-0.15136226034308778,15237,-26683,13596,-2150,0,16601,686,26310,450,44047,1364,27369,12714,2600,44047,93520490,-163722780,83379340,-13177050,0,101904450,4205160,161352030,2780100,270241740,8383960,167927940,77972690,15957150,270241740
2019-05-02,5925,5992,5925,5966,76092,0.4884621862893717,7803,-38282,34021,-3542,0,12960,2100,59464,2172,76696,5157,40382,25443,5714,76696,48057640,-235573320,209191000,-21675320,0,79917750,12878000,365776110,13422030,471993890,31860110,248451320,156585110,35097350,471993890
2019-05-03,5991,5991,5924,5985,44332,0.3184713375796179,19933,-22321,6517,-4129,0,19935,875,23572,303,44685,2,23196,17055,4432,44685,123325760,-138079510,40152810,-25399060,0,123338140,5416250,145588990,1873570,276216950,12380,143495760,105436180,27272630,276216950
2019-05-07,5963,6021,5934,5975,64437,-0.1670843776106934,23880,-17876,-5821,-183,0,25590,1,35642,3715,64948,1710,17877,41463,3898,64948,147676930,-110657450,-35909330,-1110150,0,158254730,6180,220349210,22976780,401586900,10577800,110663630,256258540,24086930,401586900
2019-05-08,6002,6089,5963,6091,177522,1.9414225941422594,87819,-14491,-79088,5760,0,96625,3509,60292,18494,178920,8806,18000,139380,12734,178920,548990880,-90844300,-494043590,35897010,0,604130270,22035700,377157610,115394000,1118717580,55139390,112880000,871201200,79496990,1118717580
2019-05-09,6079,6177,6061,6081,174652,-0.16417665407978985,5601,-7727,5924,-3798,0,5846,101,161594,8485,176026,245,7828,155670,12283,176026,35382210,-48646820,37216550,-23951940,0,36933920,636300,1019057970,53680110,1110308300,1551710,49283120,981841420,77632050,1110308300
2019-05-10,6079,6137,6041,6091,60454,0.164446637066272,4542,1517,5898,-11957,0,4722,8193,47635,382,60932,180,6676,41737,12339,60932,28498280,9640720,37013110,-75152110,0,29632100,51815560,299824880,2406600,383679140,1133820,42174840,262811770,77558710,383679140
2019-05-13,6089,6137,6041,6111,51449,0.3283533081595797,5521,24,2282,-7827,0,5526,48,46151,133,51858,5,24,43869,7960,51858,34765440,149040,14463860,-49378340,0,34796980,300480,290988450,836360,326922270,31540,151440,276524590,50214700,326922270
2019-05-14,6051,6109,6051,6111,69872,0.0,3438,98,9638,-13174,0,8461,98,61521,345,70425,5023,0,51883,13519,70425,21788360,613540,60529930,-82931830,0,53333230,613540,387179750,2173100,443299620,31544870,0,326649820,85104930,443299620
2019-05-15,6108,6126,6070,6120,42292,0.14727540500736377,9649,-9703,3429,-3375,0,12676,470,28371,1111,42628,3027,10173,24942,4486,42628,61164180,-61517450,21699300,-21346030,0,80235090,2976870,179259340,7001940,269473240,19070910,64494320,157560040,28347970,269473240
2019-05-16,6126,6156,6117,6120,56787,0.0,6474,-12327,4924,929,0,6484,0,47334,3420,57238,10,12327,42410,2491,57238,41110170,-78407220,31388950,5908100,0,41173570,0,300796640,21719970,363690180,63400,78407220,269407690,15811870,363690180
2019-05-17,6150,6237,6140,6170,119898,0.8169934640522877,10799,-9961,-20484,19646,0,20644,1289,78931,19987,120851,9845,11250,99415,341,120851,68959640,-63906340,-131015300,125962000,0,132177660,8296160,506150510,128147220,774771550,63218020,72202500,637165810,2185220,774771550
2019-05-20,6167,6283,6167,6227,122115,0.9238249594813613,-5822,546,5390,-114,0,3818,5796,102013,11468,123095,9640,5250,96623,11582,123095,-37517500,3322430,34385230,-190160,0,24615950,37287430,658065880,74386950,794356210,62133450,33965000,623680650,74577110,794356210
2019-05-21,6234,6340,6224,6304,122379,1.2365505058615707,24770,-24746,-5448,5424,0,27363,7354,76557,12076,123350,2593,32100,82005,6652,123350,161007360,-161125540,-35263480,35381660,0,177862990,47803460,497871650,78551300,802089400,16855630,208929000,533135130,43169640,802089400
2019-05-22,6285,6312,6236,6286,79132,-0.28553299492385786,16163,3125,-11718,-7570,0,16252,8362,48795,6351,79760,89,5237,60513,13921,79760,104799130,20256690,-75988140,-49067680,0,105377550,54409620,316933550,41171280,517892000,578420,34152930,392921690,90238960,517892000
2019-05-23,6284,6302,6255,6276,84834,-0.1590836780146357,3097,-27841,23527,1217,0,8222,19941,48256,9087,85506,5125,47782,24729,7870,85506,20138380,-180671170,152687820,7844970,0,53360410,129502050,313221370,59019790,555103620,33222030,310173220,160533550,51174820,555103620
2019-05-24,6285,6302,6226,6286,132604,0.15933715742511154,14947,-11913,-24437,21403,0,17312,3847,88302,24193,133654,2365,15760,112739,2790,133654,96779910,-77448720,-158132770,138801580,0,112154090,24953150,572338700,156892900,866338840,15374180,102401870,730471470,18091320,866338840
2019-05-27,6284,6284,6236,6237,104905,-0.779510022271715,22272,-25161,-3790,6679,0,35049,7997,50662,12039,105747,12777,33158,54452,5360,105747,144256720,-163177240,-24379270,43299790,0,227071760,51821130,328096520,78014010,685003420,82815040,214998370,352475790,34714220,685003420
2019-05-28,6256,6256,6101,6170,170563,-1.074234407567741,-15697,-34261,57458,-7500,0,35173,5825,125255,5667,171920,50870,40086,67797,13167,171920,-98421710,-217159650,363733820,-48152460,0,224020470,37191280,795946740,35938240,1093096730,322442180,254350930,432212920,84090700,1093096730
2019-05-29,6150,6180,6101,6180,68794,0.1620745542949757,20887,-21614,-7153,7880,0,20964,1692,37717,8970,69343,77,23306,44870,1090,69343,132584560,-137254640,-45372970,50043050,0,133072910,10738460,239446290,56964070,440221730,488350,147993100,284819260,6921020,440221730
2019-05-30,6180,6227,6160,6180,77425,0.0,13227,-18532,5104,201,0,13297,2504,57182,5060,78043,70,21036,52078,4859,78043,84527310,-118636100,32775550,1333240,0,84974610,16015020,365705510,32354710,499049850,447300,134651120,332929960,31021470,499049850
2019-05-31,6216,6216,6100,6199,116625,0.3074433656957929,19142,-17323,-7690,5871,0,36035,1641,68513,11367,117556,16893,18964,76203,5496,117556,122117390,-110553320,-49009370,37445300,0,229638060,10437000,435745680,72448960,748269700,107520670,120990320,484755050,35003660,748269700
2019-06-03,6188,6216,6179,6189,150767,-0.16131634134537828,11345,-9348,-164,-1833,0,113361,1652,33732,3225,151970,102016,11000,33896,5058,151970,72709890,-59922700,-1008050,-11779140,0,725565120,10577300,216037940,20670010,972850370,652855230,70500000,217045990,32449150,972850370
2019-06-04,6188,6207,6170,6180,51417,-0.1454192922927775,356,1835,-1722,-469,0,3529,6948,34557,6793,51827,3173,5113,36279,7262,51827,2262950,11823720,-11076830,-3009840,0,22558330,44546920,220867940,43426310,331399500,20295380,32723200,231944770,46436150,331399500
2019-06-05,6237,6237,6140,6180,66278,0.0,11162,-9305,941,-2798,0,21058,819,42612,2318,66807,9896,10124,41671,5116,66807,71351800,-59566010,6095570,-17881360,0,134596750,5232330,272737310,14832580,427398970,63244950,64798340,266641740,32713940,427398970
2019-06-07,6179,6227,6160,6170,37353,-0.16181229773462785,-533,-4127,8063,-3403,0,1272,636,33877,1866,37651,1805,4763,25814,5269,37651,-3382960,-26422850,51505380,-21699570,0,8151290,4060350,216578210,11963570,240753420,11534250,30483200,165072830,33663140,240753420
2019-06-10,6226,6226,6149,6199,57782,0.4700162074554295,24234,-11713,-17557,5036,0,24304,400,27642,5898,58244,70,12113,45199,862,58244,155130090,-75014960,-112310920,32195790,0,155577880,2550500,176900350,37716350,372745080,447790,77565460,289211270,5520560,372745080
2019-06-11,6226,6264,6158,6246,111491,0.758186804323278,20133,-25135,-10806,15808,0,20922,2026,70563,18858,112369,789,27161,81369,3050,112369,129560520,-161609960,-69924050,101973490,0,134601090,13019620,452732490,121451260,721804460,5040570,174629580,522656540,19477770,721804460
2019-06-12,6274,6274,6197,6256,59842,0.1601024655779699,-4148,-9179,10485,2842,0,11083,1547,40412,7273,60315,15231,10726,29927,4431,60315,-26594470,-59435480,67794570,18235380,0,71513860,9961740,260971510,46856740,389303850,98108330,69397220,193176940,28621360,389303850
2019-06-13,6245,6332,6236,6286,51988,0.47953964194373405,-5073,-9014,12721,1366,0,7123,194,38543,6541,52401,12196,9208,25822,5175,52401,-32967740,-58657840,82703200,8922380,0,46262250,1254680,250836610,42556150,340909690,79229990,59912520,168133410,33633770,340909690
2019-06-14,6312,6312,6226,6256,51591,-0.47725103404390706,-9313,-15422,31302,-6567,0,1539,1242,45014,4204,51999,10852,16664,13712,10771,51999,-60567220,-100173380,203316970,-42576370,0,9970100,8042400,292149090,27252350,337413940,70537320,108215780,88832120,69828720,337413940
2019-06-17,6302,6302,5926,6286,61403,0.47953964194373405,12321,-7126,-23467,18272,0,12570,1518,28687,19116,61891,249,8644,52154,844,61891,79794410,-46234610,-151054460,117494660,0,81403280,9783970,184495030,122906980,398589260,1608870,56018580,335549490,5412320,398589260
2019-06-18,6290,6765,6282,6410,137682,1.9726376073814826,11753,9055,-16609,-4199,0,23426,10055,90470,14816,138767,11673,1000,107079,19015,138767,76182550,63006710,-112192890,-26996370,0,155830130,69611710,600258530,98558700,924259070,79647580,6605000,712451420,125555070,924259070
2019-06-19,6477,6555,6419,6460,58759,0.7800312012480499,7074,-5500,1167,-2741,0,17068,0,40850,1307,59225,9994,5500,39683,4048,59225,47044070,-36675000,7981060,-18350130,0,113736310,0,272281460,8712950,394730720,66692240,36675000,264300400,27063080,394730720
2019-06-20,6477,6612,6477,6605,128694,2.244582043343653,18023,-333,-17852,162,0,23262,1200,98899,6350,129711,5239,1533,116751,6188,129711,122149090,-2265520,-120895580,1012010,0,157646090,8143000,669788700,42896920,878474710,35497000,10408520,790684280,41884910,878474710
2019-06-21,6641,6641,6526,6566,77463,-0.5904617713853142,6233,2728,3187,-12148,0,17743,2732,56676,934,78085,11510,4,53489,13082,78085,42254030,18521440,21754880,-82530350,0,120480270,18548640,384464110,6327180,529820200,78226240,27200,362709230,88857530,529820200
2019-06-24,6593,6593,6467,6566,75038,0.0,2677,-1473,2351,-3555,0,13673,527,55864,5577,75641,10996,2000,53513,9132,75641,18145200,-9871240,15759570,-24033530,0,92240970,3548760,376703710,37667190,510160630,74095770,13420000,360944140,61700720,510160630
2019-06-25,6593,6612,6546,6566,98537,0.0,-63,762,3587,-4286,0,5698,800,84315,8515,99328,5761,38,80728,12801,99328,-599820,5173230,24496140,-29069550,0,38767370,5432000,574781930,58012610,676993910,39367190,258770,550285790,87082160,676993910
2019-06-26,6564,6573,6458,6479,103213,-1.325007614986293,-15772,2106,13321,345,0,23023,2106,72784,6121,104034,38795,0,59463,5776,104034,-105819160,14182180,89721570,1915410,0,154911490,14182180,488960580,41016180,699070430,260730650,0,399239010,39100770,699070430
2019-06-27,6488,6546,6488,6499,45468,0.3086896125945362,19977,-4,-12646,-7327,0,20022,0,24917,892,45831,45,4,37563,8219,45831,134484950,-27000,-85118760,-49339190,0,134788110,0,167729000,5998570,308515680,303160,27000,252847760,55337760,308515680
2019-06-28,6497,6555,6458,6556,64439,0.8770580089244499,17534,1313,-21505,2658,0,20520,1313,36376,6747,64956,2986,0,57881,4089,64956,117950910,8811530,-144405440,17643000,0,138038940,8811530,244096480,45200740,436147690,20088030,0,388501920,27557740,436147690
2019-07-01,6506,6671,6506,6595,83807,0.5948749237339841,848,679,-3024,1497,0,1658,722,75932,6158,84470,810,43,78956,4661,84470,5829390,4631810,-20655800,10194600,0,11377390,4925190,517972210,41944090,576218880,5548000,293380,538628010,31749490,576218880
2019-07-02,6594,6816,6594,6769,226741,2.6383623957543594,-26608,-8505,10719,24394,0,33601,3140,161304,30489,228534,60209,11645,150585,6095,228534,-185309260,-58721460,73714970,170315750,0,235446110,21973080,1124538670,212563590,1594521450,420755370,80694540,1050823700,42247840,1594521450
2019-07-03,6807,6932,6807,6876,178444,1.5807357068990988,-38127,2002,4772,31353,0,10329,4000,131992,33552,179873,48456,1998,127220,2199,179873,-271422580,14242370,33327900,223852310,0,73747780,28480000,941565340,239539960,1283333080,345170360,14237630,908237440,15687650,1283333080
2019-07-04,6952,6952,6817,6876,83797,0.0,-10847,413,14604,-4170,0,892,1613,75925,6039,84469,11739,1200,61321,10209,84469,-77212900,2896480,104132330,-29815910,0,6363100,11468480,541478720,42974890,602285190,83576000,8572000,437346390,72790800,602285190
2019-07-05,6922,6922,6825,6866,46165,-0.14543339150668994,-8171,473,14619,-6921,0,1008,1473,42768,1287,46536,9179,1000,28149,8208,46536,-58241920,3323800,104159320,-49241200,0,7154140,10453800,304141380,9154220,330903540,65396060,7130000,199982060,58395420,330903540
2019-07-08,6865,6923,6778,6789,96549,-1.1214681036993883,-21301,5072,12513,3716,0,6063,9697,75698,5857,97315,27364,4625,63185,2141,97315,-150271490,35702130,88404660,26164700,0,42864920,68416080,534749020,41359400,687389420,193136410,32713950,446344360,15194700,687389420
2019-07-09,6795,6823,6679,6759,124350,-0.44189129474149363,9283,2919,-17529,5327,0,10813,3919,95017,15584,125333,1530,1000,112546,10257,125333,64694040,20308130,-122084930,37082760,0,75367860,27328130,662092470,108601550,873390010,10673820,7020000,784177400,71518790,873390010
2019-07-10,6748,6886,6632,6886,151200,1.8789761799082705,28041,-3365,-17074,-7602,0,52898,1135,84158,14221,152412,24857,4500,101232,21823,152412,198423940,-23819300,-121765780,-52838860,0,371861820,7885700,585709630,99467510,1064924660,173437880,31705000,707475410,152306370,1064924660
2019-07-11,6952,6952,6778,6876,93721,-0.14522218995062444,26826,-847,-1020,-24959,0,30438,153,62073,1808,94472,3612,1000,63093,26767,94472,189831560,-5987630,-7517400,-176326530,0,215386490,1082370,438411600,12886540,667767000,25554930,7070000,445929000,189213070,667767000
2019-07-12,6901,6901,6766,6826,93247,-0.7271669575334496,24193,-1050,-9559,-13584,0,28178,450,65352,10,93990,3985,1500,74911,13594,93990,170717770,-7387410,-67632750,-95697610,0,198727860,3157590,459764980,70300,661720730,28010090,10545000,527397730,95767910,661720730
2019-07-15,6863,6863,6639,6749,220020,-1.1280398476413713,24149,16916,-65896,24831,0,61754,19118,102240,38644,221756,37605,2202,168136,13813,221756,168836720,116651760,-457606230,172117750,0,430085210,131941300,709100320,268042660,1539169490,261248490,15289540,1166706550,95924910,1539169490
2019-07-16,6834,6834,6660,6798,124901,0.7260334864424359,28728,-5498,-27581,4351,0,64258,229,44915,16491,125893,35530,5727,72496,12140,125893,200485120,-38270060,-192602540,30387480,0,448472470,1597070,312853730,115318040,878241310,247987350,39867130,505456270,84930560,878241310
2019-07-17,6797,6825,6701,6769,104352,-0.4265960576640188,31766,479,-39138,6893,0,42451,1132,45106,16489,105178,10685,653,84244,9596,105178,221740470,3325760,-272979020,47912790,0,296216390,7880040,314861720,115014400,733972550,74475920,4554280,587840740,67101610,733972550
2019-07-18,6679,6765,6679,6759,76743,-0.14773230905599055,11690,1045,-31230,18495,0,14958,1045,40660,20688,77351,3268,0,71890,2193,77351,81622680,7314070,-217862400,128925650,0,104444270,7314070,283467870,144213490,539439700,22821590,0,501330270,15287840,539439700
2019-07-19,6766,6883,6766,6846,100544,1.2871726586773191,11694,142,-37102,25266,0,14092,1042,59966,26248,101348,2398,900,97068,982,101348,82907470,1008040,-263003180,179087670,0,99916740,7399040,425158110,186050730,718524620,17009270,6391000,688161290,6963060,718524620
2019-07-22,6845,6892,6777,6866,98626,0.292141396435875,38685,14600,-59459,6174,0,39695,14600,36783,8337,99415,1010,0,96242,2163,99415,274771220,103851610,-422492650,43869820,0,281941020,103851610,261118950,59212170,706123750,7169800,0,683611600,15342350,706123750
2019-07-23,6999,6999,6864,6924,57141,0.8447422079813574,5238,1000,-315,-5923,0,22812,1000,32323,1459,57594,17574,0,32638,7382,57594,37501340,7179820,-2255840,-42425320,0,163063160,7179820,230990890,10411070,411644940,125561820,0,233246730,52836390,411644940
2019-07-24,6873,6969,6873,6952,78408,0.4043905257076834,40788,1738,-40655,-1871,0,51907,2041,23850,1232,79030,11119,303,64505,3103,79030,293240390,12478000,-292246710,-13471680,0,373263860,14656570,171315960,8827340,568063730,80023470,2178570,463562670,22299020,568063730
2019-07-25,6961,6980,6892,6981,85905,0.41714614499424624,22885,1410,-13784,-10511,0,48130,1410,36381,668,86589,25245,0,50165,11179,86589,164258600,10132230,-99003310,-75387520,0,345901800,10132230,262028250,4822960,622885240,181643200,0,361031560,80210480,622885240
2019-07-26,6969,6969,6921,6962,61583,-0.2721673112734565,-7197,1401,10731,-4935,0,32336,1401,26451,1885,62073,39533,0,15720,6820,62073,-51787160,10071200,77192660,-35476700,0,232653750,10071200,190256310,13568790,446550050,284440910,0,113063650,49045490,446550050
2019-07-29,6960,6960,6844,6914,101369,-0.6894570525711002,42687,1842,-26868,-17661,0,66841,1842,30070,3417,102170,24154,0,56938,21078,102170,304559650,13132290,-191533660,-126158280,0,477041300,13132290,214194600,24355110,728723300,172481650,0,405728260,150513390,728723300
2019-07-30,6921,6940,6805,6914,77195,0.0,18750,-15835,-9372,6457,0,27804,1603,39282,9117,77806,9054,17438,48654,2660,77806,132658580,-111748090,-66485630,45575140,0,197299080,11415230,279012690,64506730,552233730,64640500,123163320,345498320,18931590,552233730
2019-07-31,6961,7048,6855,7040,122707,1.8223893549320218,49254,-168,-37931,-11155,0,80654,3026,30907,9104,123691,31400,3194,68838,20259,123691,354700350,-1594950,-272797740,-80307660,0,580341960,21565120,221763740,65461610,889132430,225641610,23160070,494561480,145769270,889132430
2019-08-01,7038,7038,6922,6924,99325,-1.6477272727272725,15393,5874,6909,-28176,0,35267,9278,52888,2679,100112,19874,3404,45979,30855,100112,111276490,42582620,49574170,-203433280,0,254355030,67152610,381592370,19293420,722393430,143078540,24569990,332018200,222726700,722393430
2019-08-02,6921,6921,6844,6914,66401,-0.14442518775274407,10068,-2055,-14103,6090,0,17509,1,39155,10262,66927,7441,2056,53258,4172,66927,71623400,-14642500,-100370410,43389510,0,124599510,7110,278532890,73081390,476220900,52976110,14649610,378903300,29691880,476220900
2019-08-05,6901,6901,6786,6826,122204,-1.2727798669366504,31893,-949,-24177,-6767,0,59323,207,47347,16300,123177,27430,1156,71524,23067,123177,225907970,-6735510,-171148880,-48023580,0,420386460,1465530,334962070,115369250,872183310,194478490,8201040,506110950,163392830,872183310
2019-08-06,6788,6798,6574,6712,229596,-1.6700849692352768,-38800,1995,4873,31932,0,57639,2012,102952,68829,231432,96439,17,98079,36897,231432,-269640850,13826110,33472360,222342380,0,401764380,13944260,715608820,479001600,1610319060,671405230,118150,682136460,256659220,1610319060
2019-08-07,6814,6814,6659,6749,164764,0.5512514898688915,32630,-5533,-28404,1307,0,96558,310,55417,13779,166064,63928,5843,83821,12472,166064,226006290,-38453240,-196432150,8879100,0,671071080,2154000,385380530,95813970,1154419580,445064790,40607240,581812680,86934870,1154419580
2019-08-08,6775,6795,6726,6729,68343,-0.29634019854793303,-8761,241,10830,-2310,0,23940,241,31766,12935,68882,32701,0,20936,15245,68882,-61486780,1688780,75928280,-16130280,0,167362750,1688780,222384420,90538410,481974360,228849530,0,146456140,106668690,481974360
2019-08-09,6719,6892,6719,6866,72425,2.035963739039976,32117,100,-29323,-2894,0,32975,100,28081,11850,73006,858,0,57404,14744,73006,227179580,710000,-207682310,-20207270,0,233240190,710000,197722800,83763210,515436200,6060610,0,405405110,103970480,515436200
2019-08-12,6864,6940,6844,6904,52340,0.5534517914360617,339,1096,788,-2223,0,15689,1096,32474,3496,52755,15350,0,31686,5719,52755,2399640,7781600,5548980,-15730220,0,111396780,7781600,230995140,24855070,375028590,108997140,0,225446160,40585290,375028590
2019-08-13,6884,6921,6844,6904,54324,0.0,7165,4,-8156,987,0,22941,246,22941,8626,54754,15776,242,31097,7639,54754,50984650,22710,-58167610,7160250,0,163594200,1750590,163499130,61592310,390436230,112609550,1727880,221666740,54432060,390436230
2019-08-14,6940,6950,6766,6952,68168,0.6952491309385863,39524,3197,-35767,-6954,0,47773,3197,14845,2894,68709,8249,0,50612,9848,68709,282131600,22780140,-255163090,-49748650,0,340853680,22780140,105592920,20620400,489847140,58722080,0,360756010,70369050,489847140
2019-08-16,6950,6950,6805,6924,64306,-0.4027617951668585,29938,1901,-31064,-775,0,40752,1901,16224,5939,64816,10814,0,47288,6714,64816,213966070,13537160,-221826450,-5676780,0,291331580,13537160,116018580,42337980,463225300,77365510,0,337845030,48014760,463225300
2019-08-19,6940,6988,6901,6962,76636,0.5488157134604276,7176,6064,-11395,-1845,0,12771,6064,50564,7846,77245,5595,0,61959,9691,77245,51473820,43430050,-81849090,-13054780,0,91577710,43430050,363183470,56369160,554560390,40103890,0,445032560,69423940,554560390
2019-08-20,6961,6989,6951,6981,60484,0.2729100833093938,-3141,1010,-8450,10581,0,11797,1010,36434,11725,60966,14938,0,44884,1144,60966,-22754480,7275000,-60854400,76333880,0,84956840,7275000,262719750,84559540,439511130,107711320,0,323574150,8225660,439511130
2019-08-21,7020,7057,6961,7040,68984,0.8451511244807334,-7332,-6596,16031,-2103,0,5732,562,57446,5797,69537,13064,7158,41415,7900,69537,-53231920,-48015550,116265990,-15018520,0,41509610,4068890,416757390,42094760,504430650,94741530,52084440,300491400,57113280,504430650
2019-08-22,7048,7136,6941,7137,136257,1.3778409090909092,47469,-9210,-48365,10106,0,65939,390,50882,20129,137340,18470,9600,99247,10023,137340,348231950,-67200700,-355381070,74349820,0,483558200,2814300,371514580,147321650,1005208730,135326250,70015000,726895650,72971830,1005208730
2019-08-23,7136,7250,7086,7146,66994,0.12610340479192939,1752,4686,-7042,604,0,9904,6286,40030,11308,67528,8152,1600,47072,10704,67528,12999110,34688070,-51906980,4219800,0,73386750,46496070,296000880,83534210,499417910,60387640,11808000,347907860,79314410,499417910
2019-08-26,7203,7203,7106,7146,76918,0.0,8332,1550,-3940,-5942,0,26790,1550,46613,2577,77530,18458,0,50553,8519,77530,61494810,11487000,-29172910,-43808900,0,198123190,11487000,345177680,19077160,573865030,136628380,0,374350590,62886060,573865030
2019-08-27,7144,7192,7065,7165,58732,0.265883011474951,4704,1339,-1104,-4939,0,17225,1400,34438,6139,59202,12521,61,35542,11078,59202,34708800,9879270,-8205940,-36382130,0,127315780,10332500,253921510,45324410,436894200,92606980,453230,262127450,81706540,436894200
2019-08-28,7175,7281,7155,7205,91900,0.5582693649685974,-23907,-453,19414,4946,0,909,47,81011,10670,92637,24816,500,61597,5724,92637,-178597880,-3398910,144757320,37239470,0,6768460,351090,604304370,79683640,691107560,185366340,3750000,459547050,42444170,691107560
2019-08-29,7212,7240,7162,7242,25115,0.5135322692574601,4948,1351,-2101,-4198,0,4968,1370,15610,3367,25315,20,19,17711,7565,25315,36886070,10103870,-15694440,-31295500,0,37035370,10245800,116500780,25136870,188918820,149300,141930,132195220,56432370,188918820
2019-08-30,7250,7367,7204,7350,112359,1.4913007456503728,215,11879,-11528,-566,0,27198,12579,64249,9231,113257,26983,700,75777,9797,113257,2248300,89053320,-87344210,-3957410,0,205380770,94363320,482888160,69685100,852317350,203132470,5310000,570232370,73642510,852317350
2019-09-02,7396,7734,7338,7562,218068,2.8843537414965987,-29800,40903,-30611,19508,0,4900,42403,141149,31338,219790,34700,1500,171760,11830,219790,-232136620,317969890,-236420930,150587660,0,37818990,329669890,1094372720,243017090,1704878690,269955610,11700000,1330793650,92429430,1704878690
2019-09-03,7561,7822,7415,7804,223265,3.2002115842369743,-16589,49326,-47644,14907,0,15801,51377,138123,19742,225043,32390,2051,185767,4835,225043,-131292580,391086290,-378376030,118582320,0,126062530,407416730,1095117650,156777290,1785374200,257355110,16330440,1473493680,38194970,1785374200
2019-09-04,7802,7977,7706,7872,218800,0.8713480266529985,-40126,18350,-70,21846,0,16056,21400,148091,35006,220553,56182,3050,148161,13160,220553,-326193360,148833180,-755030,178115210,0,129191080,173527680,1200231930,283930400,1786881090,455384440,24694500,1200986960,105815190,1786881090
2019-09-05,7880,7909,7686,7804,238109,-0.8638211382113822,-30893,21148,24708,-14963,0,60032,21148,153431,5393,240004,90925,0,128723,20356,240004,-248195780,170209050,197838170,-119851440,0,481291290,170209050,1230784640,43224070,1925509050,729487070,0,1032946470,163075510,1925509050
2019-09-06,7773,7773,7696,7746,71982,-0.743208610968734,2100,1101,-4929,1728,0,15469,1101,48814,7170,72554,13369,0,53743,5442,72554,16745800,8808990,-39386900,13832110,0,123835830,8808990,390488350,57384310,580517480,107090030,0,429875250,43552200,580517480
2019-09-09,7743,7780,7597,7610,165483,-1.7557449005938548,10673,-12449,-3107,4883,0,40808,811,112182,12995,166796,30135,13260,115289,8112,166796,83896420,-98160970,-23908720,38173270,0,322175420,6387620,886984330,102564560,1318111930,238279000,104548590,910893050,64391290,1318111930
2019-09-10,7629,7629,7464,7534,212958,-0.9986859395532195,-9410,23431,-62135,48114,0,28032,24323,111691,50616,214662,37442,892,173826,2502,214662,-73176190,182386000,-483814100,374604290,0,218199260,189325760,869544680,394136260,1671205960,291375450,6939760,1353358780,19531970,1671205960
2019-09-11,7511,7723,7511,7707,151808,2.296256968409875,6569,17697,-48308,24042,0,25508,17697,75551,34269,153025,18939,0,123859,10227,153025,51677290,139745930,-379766960,188343740,0,200630720,139745930,593230920,268886810,1202494380,148953430,0,972997880,80543070,1202494380
2019-09-16,7752,7821,7685,7716,119876,0.11677695601401324,-27112,0,41682,-14570,0,2205,0,118536,82,120823,29317,0,76854,14652,120823,-216889200,0,333553400,-116664200,0,17642930,0,948794690,654360,967091980,234532130,0,615241290,117318560,967091980
2019-09-17,7723,7723,7647,7687,85561,-0.3758424053913945,-6315,-6400,17276,-4561,0,6503,100,70541,9102,86246,12818,6500,53265,13663,86246,-50129220,-50819300,137311940,-36363420,0,51770240,795000,560782580,72405450,685753270,101899460,51614300,423470640,108768870,685753270
2019-09-18,7660,7697,7630,7660,62451,-0.3512423572264863,-19529,-6193,28541,-2819,0,2640,307,57732,2272,62951,22169,6500,29191,5091,62951,-154545340,-49119140,226040360,-22375880,0,20909200,2429430,457118500,17999460,498456590,175454540,51548570,231078140,40375340,498456590
2019-09-19,7618,7773,7618,7736,127741,0.9921671018276762,27222,-6576,-28139,7493,0,52414,15,57280,19043,128752,25192,6591,85419,11550,128752,216907780,-52211990,-224853340,60157550,0,418060130,120550,457241560,152224950,1027647190,201152350,52332540,682094900,92067400,1027647190
2019-09-20,7735,7782,7696,7736,141558,0.0,-12411,-10147,9680,12878,0,22608,0,91901,28169,142678,35019,10147,82221,15291,142678,-99367900,-81247280,77535780,103079400,0,180548740,0,734508070,225284820,1140341630,279916640,81247280,656972290,122205420,1140341630
2019-09-23,7733,7733,7675,7716,102372,-0.25853154084798347,4979,2218,-9444,2247,0,19635,19342,52229,11975,103181,14656,17124,61673,9728,103181,39616240,17873860,-75471900,17981800,0,156589300,154348160,416462700,95516150,822916310,116973060,136474300,491934600,77534350,822916310
2019-09-24,7724,7733,7705,7726,103676,0.12960082944530846,-7129,-29087,11889,24327,0,23868,100,51311,29218,104497,30997,29187,39422,4891,104497,-56812450,-232698000,95050760,194459690,0,190769570,798000,409979070,233497130,835043770,247582020,233496000,314928310,39037440,835043770
2019-09-25,7715,7735,7667,7736,121539,0.12943308309603935,-18683,-17776,40234,-3775,0,11985,101,103460,6954,122500,30668,17877,63226,10729,122500,-148546950,-141532720,320099450,-30019780,0,95373140,807930,823972090,55437880,975591040,243920090,142340650,503872640,85457660,975591040
2019-09-26,7706,7735,7676,7736,97681,0.0,24633,-5278,-16192,-3163,0,35760,125,56368,6201,98454,11127,5403,72560,9364,98454,196699310,-42224250,-129310980,-25164080,0,285457350,999750,449620210,49537720,785615030,88758040,43224000,578931190,74701800,785615030
2019-09-27,7772,7772,7666,7726,110177,-0.12926577042399173,-13311,200,25223,-12112,0,46905,200,61680,2263,111048,60216,0,36457,14375,111048,-105909270,1590000,200742530,-96423260,0,373218110,1590000,491763250,18040680,884612040,479127380,0,291020720,114463940,884612040
2019-09-30,7725,7735,7676,7736,116013,0.12943308309603935,45322,-10000,-47709,12387,0,56863,0,37693,22376,116932,11541,10000,85402,9989,116932,362025590,-79900000,-381357710,99232120,0,454140120,0,300872780,178874330,933887230,92114530,79900000,682230490,79642210,933887230
2019-10-01,7733,7752,7695,7726,74149,-0.12926577042399173,16251,3362,-12518,-7095,0,48266,3362,19700,3409,74737,32015,0,32218,10504,74737,129739080,26862380,-100016990,-56584470,0,385433930,26862380,157252650,27256510,596805470,255694850,0,257269640,83840980,596805470
2019-10-02,7724,7762,7714,7755,109769,0.3753559409785141,43498,-27962,-26795,11259,0,56504,0,39424,14711,110639,13006,27962,66219,3452,110639,348015850,-223637600,-214512590,90134340,0,452111930,0,315655920,117765330,885533180,104096080,223637600,530168510,27630990,885533180
2019-10-04,7763,7792,7696,7736,113485,-0.245003223726628,18521,3000,-32189,10668,0,23660,3000,58889,28835,114384,5139,0,91078,18167,114384,148428710,23940000,-258527310,86158600,0,189544700,23940000,471200200,231505500,916190400,41115990,0,729727510,145346900,916190400
2019-10-07,7733,7733,7627,7726,110817,-0.12926577042399173,18475,1953,-10079,-10349,0,18720,1953,75161,15859,111693,245,0,85240,26208,111693,146512820,15501320,-79918740,-82095400,0,148466370,15501320,595892360,126103290,885963340,1953550,0,675811100,208198690,885963340
2019-10-08,7713,7723,7647,7707,92708,-0.24592285788247475,27582,802,-33113,4729,0,31103,802,46890,14656,93451,3521,0,80003,9927,93451,219276230,6392870,-263521550,37852450,0,247318860,6392870,372197300,116739300,742648330,28042630,0,635718850,78886850,742648330
2019-10-10,7706,7735,7667,7736,83082,0.3762813027118204,36751,0,-43746,6995,0,50423,0,19289,14028,83740,13672,0,63035,7033,83740,293494590,0,-349412880,55918290,0,402610600,0,153820800,112027050,668458450,109116010,0,503233680,56108760,668458450
2019-10-11,7733,7733,7675,7726,84280,-0.12926577042399173,23282,-3022,-32092,11832,0,23282,1978,32754,26933,84947,0,5000,64846,15101,84947,185526000,-24075790,-255968280,94518070,0,185526000,15804210,261106170,214855530,677291910,0,39880000,517074450,120337460,677291910
2019-10-14,7724,7733,7685,7726,82625,0.0,22976,-4886,-17886,-204,0,24836,114,44846,13483,83279,1860,5000,62732,13687,83279,183255220,-38992180,-142770290,-1492750,0,198111520,910820,357811730,107612240,664446310,14856300,39903000,500582020,109104990,664446310
2019-10-15,7705,7897,7705,7881,219873,2.00621278798861,33210,-4226,-111373,82389,0,78659,674,57766,84509,221608,45449,4900,169139,2120,221608,266616570,-33714930,-898630410,665728770,0,635584030,5493070,466084240,682779760,1789941100,368967460,39208000,1364714650,17050990,1789941100
2019-10-16,7879,8014,7822,7842,170209,-0.49486105824133997,-21904,223,10044,11637,0,20892,673,117252,32752,171569,42796,450,107208,21115,171569,-178315680,1845610,80625750,95844320,0,170817700,5528110,957072050,267838480,1401256340,349133380,3682500,876446300,171994160,1401256340
2019-10-17,7851,7996,7841,7978,199529,1.7342514664626372,-56205,-48,-30181,86434,0,23525,10,90215,87369,201119,79730,58,120396,935,201119,-460419740,-389460,-246772030,707581230,0,192367810,81500,739117070,715183410,1646749790,652787550,470960,985889100,7602180,1646749790
2019-10-18,8015,8200,7987,8201,230604,2.7951867635999,-5185,-1590,-35615,42390,0,69827,60,117269,45296,232452,75012,1650,152884,2906,232452,-42662090,-13274600,-297997690,353934380,0,585462280,503400,982749990,378517960,1947233630,628124370,13778000,1280747680,24583580,1947233630
2019-10-21,8237,8315,7735,8191,252253,-0.12193634922570418,-991,-3869,-10920,15780,0,73502,731,141761,38279,254273,74493,4600,152681,22499,254273,-2967680,-32787270,-97360800,133115750,0,619045940,6190730,1194919670,324446130,2144602470,622013620,38978000,1292280470,191330380,2144602470
2019-10-22,8218,8218,7988,7988,179085,-2.4783298742522284,43868,-2823,5699,-46744,0,44711,68,123632,12103,180514,843,2891,117933,58847,180514,364050350,-23373440,48401370,-389078280,0,371048220,569690,1027696390,100417650,1499731950,6997870,23943130,979295020,489495930,1499731950
2019-10-23,7987,8190,7957,8191,145980,2.541311967951928,39075,307,-33435,-5947,0,40981,439,67363,38366,147149,1906,132,100798,44313,147149,326160800,2573180,-279230560,-49503420,0,342145900,3681980,562659930,320587920,1229075730,15985100,1108800,841890490,370091340,1229075730
2019-10-24,8188,8188,8005,8036,113099,-1.8923208399462825,15417,200,19647,-35264,0,47519,200,56747,9540,114006,32102,0,37100,44804,114006,128345450,1670000,164677060,-294692510,0,396548290,1670000,473850970,79562850,951632110,268202840,0,309173910,374255360,951632110
2019-10-25,8035,8093,7967,8075,138836,0.4853160776505724,57281,5041,-51939,-10383,0,72510,5585,44655,17186,139936,15229,544,96594,27569,139936,475450770,41751690,-430685980,-86516480,0,601456670,46294090,369600410,142558870,1159910040,126005900,4542400,800286390,229075350,1159910040
2019-10-28,8072,8100,7956,8026,169697,-0.6068111455108359,-35503,-798,-36398,72699,0,30095,202,56304,84456,171057,65598,1000,92702,11757,171057,-293899630,-6634210,-300868580,601402420,0,249086890,1673600,465844090,698890470,1415495050,542986520,8307810,766712670,97488050,1415495050
2019-10-29,8005,8063,7898,7997,149712,-0.3613256915026165,-5898,1446,9663,-5211,0,52601,1751,70031,26525,150908,58499,305,60368,31736,150908,-48244820,11862720,79917350,-43535250,0,432639430,14385070,577577630,218629880,1243232010,480884250,2522350,497660280,262165130,1243232010
2019-10-30,8016,8218,7909,8182,279657,2.3133675128173063,34947,2105,-125051,87999,0,84606,6481,94801,96005,281893,49659,4376,219852,8006,281893,295528770,17728340,-1051248240,737991130,0,711197630,54673680,792210280,804466660,2362548250,415668860,36945340,1843458520,66475530,2362548250
2019-10-31,8179,8285,8110,8287,189044,1.2833048154485456,61071,-938,-97360,37227,0,76831,350,73576,39792,190549,15760,1288,170936,2565,190549,520541890,-7953500,-829589740,317001350,0,654689500,2999500,624911100,338795750,1621395850,134147610,10953000,1454500840,21794400,1621395850
2019-11-01,8313,8313,8226,8287,602295,0.0,16497,1210,-22680,4973,0,537737,1410,42176,25760,607083,521240,200,64856,20787,607083,141103310,10365610,-194540660,43071740,0,4446313990,12085610,361752060,221021640,5041173300,4305210680,1720000,556292720,177949900,5041173300
2019-11-04,8286,8663,8286,8607,211971,3.861469771931941,54864,-567,-76815,22518,0,69146,1733,105841,36937,213657,14282,2300,182656,14419,213657,483180390,-4780420,-677431690,199031720,0,609486120,15362080,933107710,325467380,1883423290,126305730,20142500,1610539400,126435660,1883423290
2019-11-05,8605,8779,8605,8713,279105,1.2315557104682235,17967,-12371,-11414,5818,0,127867,1612,121464,30369,281312,109900,13983,132878,24551,281312,162536830,-111147820,-104110990,52721980,0,1152097110,14534010,1094396060,273655830,2534683010,989560280,125681830,1198507050,220933850,2534683010
2019-11-06,8605,8797,8605,8771,326812,0.6656719843911396,81859,-545,-157933,76619,0,122915,205,115610,90681,329411,41056,750,273543,14062,329411,738737460,-4965800,-1426534850,692763190,0,1109453690,1856700,1044367980,819512890,2975191260,370716230,6822500,2470902830,126749700,2975191260
2019-11-07,8760,9079,8721,8946,297920,1.9952114924181963,79451,-8527,-145364,74440,0,82552,1173,132091,84475,300291,3101,9700,277455,10035,300291,725304970,-78229140,-1324259570,677183740,0,753875240,10866860,1207822620,770378990,2742943710,28570270,89096000,2532082190,93195250,2742943710
2019-11-08,9040,9128,8469,8607,521120,-3.789403085177733,-22405,-2701,88215,-63109,0,85932,243,344959,94127,525261,108337,2944,256744,157236,525261,-197490620,-24511540,805810450,-583808290,0,774148360,2205300,3111242500,835120190,4722716350,971638980,26716840,2305432050,1418928480,4722716350
2019-11-11,8491,8577,8364,8511,282612,-1.1153712094806554,-33983,204,-418,34197,0,71185,204,148541,64942,284872,105168,0,148959,30745,284872,-296641070,1782840,-3785500,298643730,0,619861750,1782840,1297482800,567125200,2486252590,916502820,0,1301268300,268481470,2486252590
2019-11-12,8509,8555,8382,8529,105692,0.21149101163200562,17382,4366,9907,-31655,0,20098,4807,73746,7890,106541,2716,441,63839,39545,106541,152456520,38186350,87156310,-277799180,0,176358690,42067720,645829240,69136170,933391820,23902170,3881370,558672930,346935350,933391820
2019-11-13,8535,8535,8275,8384,294666,-1.7000820729276587,5090,304,-16095,10701,0,121640,304,130882,44170,296996,116550,0,146977,33469,296996,45369930,2633730,-139664050,91660390,0,1050875330,2633730,1132249500,381766440,2567525000,1005505400,0,1271913550,290106050,2567525000
2019-11-14,8402,8412,7841,8307,500688,-0.9184160305343512,-26671,1106,-47058,72623,0,225815,1106,160108,117648,504677,252486,0,207166,45025,504677,-220579340,9403780,-400364290,611539850,0,1907838920,9403780,1348291440,993614630,4259148770,2128418260,0,1748655730,382074780,4259148770
2019-11-15,8141,8295,7967,8142,319767,-1.9862766341639582,-40559,106,14908,25545,0,93280,106,181064,47865,322315,133839,0,166156,22320,322315,-343577270,892160,128743610,213941500,0,781369150,892160,1518610340,401614600,2702486250,1124946420,0,1389866730,187673100,2702486250
2019-11-18,8035,8122,7813,7988,737478,-1.8914271677720462,-84307,-17158,-56006,157471,0,179248,398,395767,167942,743355,263555,17556,451773,10471,743355,-686375910,-140212280,-458370300,1284958490,0,1463240090,3259160,3227998970,1370919270,6065417490,2149616000,143471440,3686369270,85960780,6065417490
2019-11-19,7958,8190,7938,8162,268417,2.1782674011016527,48215,103,-24384,-23934,0,98236,103,120810,51410,270559,50021,0,145194,75344,270559,404150390,869230,-204908590,-200111030,0,822511070,869230,1011502190,430384620,2265267110,418360680,0,1216410780,630495650,2265267110
2019-11-20,8218,8218,7967,8075,183513,-1.065915216858613,23875,709,-29110,4526,0,58739,709,62602,62917,184967,34864,0,91712,58391,184967,198945280,5914070,-241205040,36345690,0,489098380,5914070,520923470,522832820,1538768740,290153100,0,762128510,486487130,1538768740
2019-11-21,8013,8129,7936,8103,182732,0.34674922600619196,60710,302,-47417,-13595,0,74814,302,47661,61407,184184,14104,0,95078,75002,184184,507563980,2521490,-394918310,-115167160,0,625395690,2521490,396997730,512054870,1536969780,117831710,0,791916040,627222030,1536969780
2019-11-22,8110,8159,8013,8132,95133,0.35789213871405656,19666,-197,-4747,-14722,0,36826,103,28235,30728,95892,17160,300,32982,45450,95892,165578950,-1637040,-40045880,-123896030,0,308905750,864960,236648150,257395910,803814770,143326800,2502000,276694030,381291940,803814770
2019-11-25,8132,8200,8026,8172,106800,0.49188391539596654,49673,-5549,-15466,-28658,0,49912,684,53223,3836,107655,239,6233,68689,32494,107655,419622160,-46835510,-130854210,-241932440,0,421645720,5768160,449144320,32324550,908882750,2023560,52603670,579998530,274256990,908882750
2019-11-26,8171,8171,7967,8085,132718,-1.064610866372981,17386,-10203,14971,-22154,0,63388,505,49756,20122,133771,46002,10708,34785,42276,133771,146480930,-85131340,123998880,-185348470,0,528841170,4181850,414132490,167632800,1114788310,382360240,89313190,290133610,352981270,1114788310
2019-11-27,8014,8093,7967,7997,66456,-1.0884353741496597,16877,-5933,19171,-30115,0,24104,167,40594,2122,66987,7227,6100,21423,32237,66987,139827720,-49134030,158664540,-249358230,0,199628950,1384130,335816700,17585040,554414820,59801230,50518160,177152160,266943270,554414820
2019-11-28,8005,8005,7860,7881,86815,-1.4505439539827434,13481,13764,-18603,-8642,0,18047,20100,47224,2131,87502,4566,6336,65827,10773,87502,110092930,112591490,-151973940,-70710480,0,147374580,164425000,385769530,17415410,714984520,37281650,51833510,537743470,88125890,714984520
2019-11-29,7840,8023,7831,8016,122704,1.712980586220023,67218,-4650,-45635,-16933,0,69227,5129,40352,8979,123687,2009,9779,85987,25912,123687,551075830,-37512840,-373937510,-139625480,0,567596950,42051900,329179660,73021610,1011850120,16521120,79564740,703117170,212647090,1011850120
2019-12-02,8014,8024,7870,7890,81199,-1.5718562874251496,-483,23943,-1042,-22418,0,21025,30143,23114,7560,81842,21508,6200,24156,29978,81842,-2834460,194944950,-8507440,-183603050,0,172608440,245711530,189206180,61816250,669342400,175442900,50766580,197713620,245419300,669342400
2019-12-03,7839,7859,7587,7610,254202,-3.5487959442332064,9260,1580,7192,-18032,0,94662,4580,142154,14823,256219,85402,3000,134962,32855,256219,74485310,12682800,56686950,-143855060,0,749621930,36720800,1130680600,118072400,2035095730,675136620,24038000,1073993650,261927460,2035095730
2019-12-04,7569,7733,7569,7726,127265,1.5243101182654402,-31344,4900,-2990,29434,0,10884,5300,68054,44033,128271,42228,400,71044,14599,128271,-250218460,39066040,-23648230,234800650,0,86695770,42223000,542841580,351178990,1022939340,336914230,3156960,566489810,116378340,1022939340
2019-12-05,7781,7830,7733,7784,113660,0.7507118819570282,-11405,9900,-16573,18078,0,15530,15100,43603,40330,114563,26935,5200,60176,22252,114563,-92046200,79737830,-133342130,145650500,0,124866560,121596400,351155360,324990390,922608710,216912760,41858570,484497490,179339890,922608710
2019-12-06,7697,7833,7650,7660,114140,-1.5930113052415211,-18605,9901,8023,681,0,31351,10710,53580,19410,115051,49956,809,45557,18729,115051,-147777060,78894960,64073720,4808380,0,249489920,85327260,427050950,154728890,916597020,397266980,6432300,362977230,149920510,916597020
2019-12-09,7657,7666,7366,7436,277000,-2.9242819843342036,-52874,-35344,7444,80774,0,49743,4065,127899,97487,279194,102617,39409,120455,16713,279194,-410875410,-269982800,58315760,622542450,0,382816630,31441450,990260460,752400610,2156919150,793692040,301424250,931944700,129858160,2156919150
2019-12-10,7571,7571,7281,7311,336402,-1.6810112963959118,-129621,201,25793,103627,0,112861,201,108207,117808,339077,242482,0,82414,14181,339077,-982992590,1533610,197192290,784266690,0,854162040,1533610,821995700,891801130,2569492480,1837154630,0,624803410,107534440,2569492480
2019-12-11,7424,7424,7066,7137,389619,-2.379975379565039,-138896,-250,36760,102386,0,85909,942,189822,116040,392713,224805,1192,153062,13654,392713,-1026227430,-1840840,272523390,755544880,0,637025380,7039560,1409975490,858324670,2912365100,1663252810,8880400,1137452100,102779790,2912365100
2019-12-12,7096,7289,7048,7127,385911,-0.14011489421325488,-122374,7814,29321,85239,0,169772,8100,111513,99587,388972,292146,286,82192,14348,388972,-900795780,57570750,214828710,628396320,0,1250984480,59656000,820997170,734501970,2866139620,2151780260,2085250,606168460,106105650,2866139620
2019-12-13,7106,7300,7106,7301,444545,2.4414199522940927,-80377,81397,-32826,31806,0,218023,81397,80661,67995,448076,298400,0,113487,36189,448076,-598628770,607490920,-245951500,237089350,0,1631545890,607490920,601983440,507392150,3348412400,2230174660,0,847934940,270302800,3348412400
2019-12-16,7366,7577,7318,7571,412048,3.6981235447199015,-30998,55140,-37902,13760,0,199737,55640,109556,50371,415304,230735,500,147458,36611,415304,-235302000,423672690,-292871960,104501270,0,1539014120,427561690,846416650,389338570,3202331030,1774316120,3889000,1139288610,284837300,3202331030
2019-12-17,7609,7609,7425,7524,165109,-0.6207898560295866,75546,28206,-36823,-66929,0,77702,28206,46411,14111,166430,2156,0,83234,81040,166430,586471350,218590480,-284825070,-520236760,0,603110200,218590480,360387940,109551320,1291639940,16638850,0,645213010,629788080,1291639940
2019-12-18,7570,7570,7357,7456,101941,-0.9037745879851143,36930,-1598,-14217,-21115,0,44633,202,44237,13680,102752,7703,1800,58454,34795,102752,284445280,-12321630,-109049360,-163074290,0,343697210,1556370,340343980,105091150,790688710,59251930,13878000,449393340,268165440,790688710
2019-12-19,7358,7456,7204,7321,152708,-1.8106223175965668,30955,29606,-32944,-27617,0,40745,30981,71597,10602,153925,9790,1375,104541,38219,153925,233234430,222761310,-246821920,-209173820,0,306827570,233187440,539954610,79911950,1159881570,73593140,10426130,786776530,289085770,1159881570
2019-12-20,7241,7367,7213,7340,110843,0.2595273869689933,22873,-258,-20789,-1826,0,34173,402,50011,27142,111728,11300,660,70800,28968,111728,172850440,-1935410,-156448730,-14466300,0,257876980,3024000,376105770,204438180,841444930,85026540,4959410,532554500,218904480,841444930
2019-12-23,7337,7337,7162,7242,77739,-1.335149863760218,19395,252,-1882,-17765,0,19419,252,57606,1078,78355,24,0,59488,18843,78355,144799270,1883880,-14063820,-132619330,0,144979760,1883880,429661810,8052790,584578240,180490,0,443725630,140672120,584578240
2019-12-24,7267,7267,7171,7261,83701,0.2623584645125656,14415,9790,2637,-26842,0,21245,10633,50982,1505,84365,6830,843,48345,28347,84365,107885200,73427530,19252220,-200564950,0,158699720,79695070,380548520,11229590,630172900,50814520,6267540,361296300,211794540,630172900
2019-12-26,7202,7395,7202,7397,138278,1.8730202451452966,48955,3740,-38593,-14102,0,62702,10528,44746,21394,139370,13747,6788,83339,35496,139370,372284400,28601470,-293124210,-107761660,0,476646130,79943030,338952020,162032570,1057573750,104361730,51341560,632076230,269794230,1057573750
2019-12-27,7385,7443,7231,7407,130004,0.135189941868325,29057,12000,-11103,-29954,0,69757,12000,48947,329,131033,40700,0,60050,30283,131033,222103680,91685360,-84690470,-229098570,0,533840600,91685360,374601350,2499350,1002626660,311736920,0,459291820,231597920,1002626660
2019-12-30,7473,7473,7309,7359,97490,-0.6480356419603078,29748,0,-2127,-27621,0,66269,0,31460,542,98271,36521,0,33587,28163,98271,227605260,0,-16629640,-210975620,0,506730450,0,240108910,4136750,750976110,279125190,0,256738550,215112370,750976110
2020-01-02,7355,7597,7355,7600,189927,3.274901481179508,23796,11870,-24501,-11165,0,64995,12120,84305,30013,191433,41199,250,108806,41178,191433,186069330,92287640,-190326630,-88030340,0,505791910,94251640,655922730,232233230,1488199510,319722580,1964000,846249360,320263570,1488199510
2020-01-03,7597,7656,7443,7600,191509,0.0,99287,10115,-23994,-85408,0,115958,12403,62589,2077,193027,16671,2288,86583,87485,193027,773164640,77958660,-187806510,-663316790,0,904062000,95745420,484270660,16172580,1500250660,130897360,17786760,672077170,679489370,1500250660
2020-01-06,7570,7570,7377,7456,85868,-1.8947368421052633,32261,2112,-9942,-24431,0,41959,2112,42066,414,86551,9698,0,52008,24845,86551,249026550,16355230,-77617730,-187764050,0,323428460,16355230,323240650,3187830,666212170,74401910,0,400858380,190951880,666212170
2020-01-07,7443,7453,7308,7426,75188,-0.4023605150214592,37636,2213,8892,-48741,0,44858,2213,27040,1673,75784,7222,0,18148,50414,75784,287618150,16913500,67656420,-372188070,0,342699220,16913500,206233930,12851060,578697710,55081070,0,138577510,385039130,578697710
2020-01-08,7425,7425,7300,7379,85722,-0.6329113924050633,56634,1796,-20940,-37490,0,58468,2800,24271,871,86410,1834,1004,45211,38361,86410,429599220,13589840,-158923340,-284265720,0,443498730,21210200,183866910,6616910,655192750,13899510,7620360,342790250,290882630,655192750
2020-01-09,7376,7511,7337,7397,69179,0.24393549261417535,22015,-1200,-11131,-9684,0,32426,2300,26938,8063,69727,10411,3500,38069,17747,69727,169363520,-8956570,-86652060,-73754890,0,248989720,17733430,206416800,62085060,535225010,79626200,26690000,293068860,135839950,535225010
2020-01-10,7503,7503,7310,7369,57055,-0.37853183723131,19646,2101,-7845,-13902,0,20401,2101,30643,4369,57514,755,0,38488,18271,57514,149853900,16047610,-59923340,-105978170,0,155582040,16047610,233759230,33336900,438725780,5728140,0,293682570,139315070,438725780
2020-01-13,7377,7377,7066,7107,192015,-3.555434930112634,-1876,-11088,41147,-28183,0,60032,1814,126520,5170,193536,61908,12902,85373,33353,193536,-12031880,-82211290,303856620,-209613450,0,446455970,13618610,940414650,38455580,1438944810,458487850,95829900,636558030,248069030,1438944810
2020-01-14,7144,7173,6864,7137,217912,0.42211903756859437,52198,15885,-84096,16013,0,67669,16063,95513,40399,219644,15471,178,179609,24386,219644,381398700,116710530,-611096510,112987280,0,493523160,118002850,689105380,291497990,1592129380,112124460,1292320,1300201890,178510710,1592129380
2020-01-15,7075,7288,7075,7281,105246,2.01765447667087,41858,5547,-59932,12527,0,55942,13500,16088,20552,106082,14084,7953,76020,8025,106082,314544120,41259340,-449822800,94019340,0,420293390,101011840,120647710,154207630,796160570,105749270,59752500,570470510,60188290,796160570
2020-01-16,7277,7481,7220,7261,136125,-0.2746875429199286,16949,188,-24132,6995,0,39789,1000,71715,24698,137202,22840,812,95847,17703,137202,128171310,1416040,-184376190,54788840,0,301204620,7520000,544630370,188593000,1041947990,173033310,6103960,729006560,133804160,1041947990
2020-01-17,7268,7326,7171,7271,62549,0.13772207684891888,30872,-368,-14396,-16108,0,45607,101,15360,1978,63046,14735,469,29756,18086,63046,231664630,-2752780,-108242790,-120669060,0,341800400,759450,114766970,14922590,472249410,110135770,3512230,223009760,135591650,472249410
2020-01-20,7164,7241,7164,7224,65238,-0.6464035208361986,39527,-9997,-6038,-23492,0,43753,3,20099,1898,65753,4226,10000,26137,25390,65753,294577670,-74432690,-45154860,-174990120,0,326010680,22310,149595030,14136650,489764670,31433010,74455000,194749890,189126770,489764670
2020-01-21,7174,7311,7137,7311,162049,1.2043189368770766,106012,-18,-98311,-7683,0,119842,1700,33010,8786,163338,13830,1718,131321,16469,163338,793122440,-275000,-735036300,-57811140,0,896972430,12610000,245327170,65636840,1220546440,103849990,12885000,980363470,123447980,1220546440
2020-01-22,7202,7298,7192,7281,49555,-0.4103405826836274,21301,2,-9864,-11439,0,28303,2,20480,1164,49949,7002,0,30344,12603,49949,160025260,14980,-74209840,-85830400,0,212720010,14980,153415260,8737500,374887750,52694750,0,227625100,94567900,374887750
2020-01-23,7220,7287,7171,7261,64138,-0.2746875429199286,29316,-9073,1158,-21401,0,29881,2312,31110,1344,64647,565,11385,29952,22745,64647,219166080,-67547410,8075520,-159694190,0,223389680,17302440,231939470,10066770,482698360,4223600,84849850,223863950,169760960,482698360
2020-01-28,7031,7251,7011,7205,101449,-0.7712436303539457,29560,588,-20303,-9845,0,33021,1003,57899,10338,102261,3461,415,78202,20183,102261,217699450,4367560,-149359530,-72707480,0,243184150,7411840,425894410,76269970,752760370,25484700,3044280,575253940,148977450,752760370
2020-01-29,7248,7277,7124,7271,68977,0.9160305343511451,33581,104,-14515,-19170,0,34793,104,32713,1915,69525,1212,0,47228,21085,69525,250972150,775560,-108665800,-143081910,0,260014200,775560,243616310,14186800,518592870,9042050,0,352282110,157268710,518592870
2020-01-30,7310,7310,7174,7234,71526,-0.5088708568284968,38989,-2437,-39696,3144,0,46483,0,11860,13748,72091,7494,2437,51556,10604,72091,292920600,-18228760,-298485520,23793680,0,349196830,0,89158780,103409490,541765100,56276230,18228760,387644300,79615810,541765100
2020-01-31,7240,7298,7221,7291,90332,0.7879458114459497,45041,100,-38803,-6338,0,71095,100,15018,4837,91050,26054,0,53821,11175,91050,338151430,753000,-291398650,-47505780,0,533592000,753000,112529090,36192480,683066570,195440570,0,403927740,83698260,683066570
2020-02-03,7249,7453,7162,7436,150500,1.9887532574406803,55995,10062,-74349,8292,0,78075,13062,34193,26364,151694,22080,3000,108542,18072,151694,423044890,77684240,-563927440,63198310,0,592355970,100244240,260685750,200868080,1154154040,169311080,22560000,824613190,137669770,1154154040
2020-02-04,7444,7483,7338,7359,66703,-1.0355029585798818,14871,3,-8617,-6257,0,25980,3,34932,6323,67238,11109,0,43549,12580,67238,113401950,22890,-65756620,-47668220,0,198434280,22890,267003240,48419590,513880000,85032330,0,332759860,96087810,513880000
2020-02-05,7368,7368,7251,7321,118743,-0.5163745074058975,-1222,302,4759,-3839,0,70689,302,42922,5776,119689,71911,0,38163,9615,119689,-9153400,2274050,35715470,-28836120,0,532829530,2274050,324040680,43838780,902983040,541982930,0,288325210,72674900,902983040
2020-02-06,7281,7349,7261,7311,50637,-0.13659336156262805,13076,101,-9941,-3236,0,15369,101,28442,7129,51041,2293,0,38383,10365,51041,98635080,763530,-75010500,-24388110,0,115897560,763530,214380520,53804340,384845950,17262480,0,289391020,78192450,384845950
2020-02-07,7339,7339,7271,7311,22436,0.0,8811,222,-6027,-3006,0,9707,222,11268,1419,22616,896,0,17295,4425,22616,66452790,1677100,-45452350,-22677540,0,73229970,1677100,85056210,10726830,170690110,6777180,0,130508560,33404370,170690110
2020-02-10,7310,7348,7241,7330,44534,0.259882369032964,21668,103,-17809,-3962,0,25030,103,16138,3619,44890,3362,0,33947,7581,44890,163477560,778530,-134362350,-29893740,0,188828260,778530,121528980,27210490,338346260,25350700,0,255891330,57104230,338346260
2020-02-11,7329,7396,7260,7350,124159,0.2728512960436562,1740,-23,-12025,10308,0,75221,100,32125,17705,125151,73481,123,44150,7397,125151,13673250,-173600,-92281420,78781770,0,569094930,760000,243695160,134560140,948110230,555421680,933600,335976580,55778370,948110230
2020-02-12,7377,7377,7213,7340,123660,-0.13605442176870747,-24494,893,34610,-11009,0,57218,893,64779,1757,124647,81712,0,30169,12766,124647,-183350200,6679790,259332500,-82662090,0,428867930,6679790,485797690,13171710,934517120,612218130,0,226465190,95833800,934517120
2020-02-13,7337,7347,7240,7281,77736,-0.8038147138964579,6707,179,-2261,-4625,0,53210,179,23449,1516,78354,46503,0,25710,6141,78354,51176230,1351220,-17550820,-34976630,0,401513330,1351220,176642150,11412090,590918790,350337100,0,194192970,46388720,590918790
2020-02-14,7301,7321,7097,7215,166017,-0.9064688916357644,-39015,-29338,82598,-14245,0,54235,662,111999,451,167347,93250,30000,29401,14696,167347,-287443450,-216867820,609810890,-105499620,0,400893000,4888740,827048860,3358880,1236189480,688336450,221756560,217237970,108858500,1236189480
2020-02-17,7202,7202,7105,7185,123799,-0.4158004158004158,8642,-17900,14381,-5123,0,52232,2100,65252,5204,124788,43590,20000,50871,10327,124788,63832590,-132095920,106063270,-37799940,0,385942380,15603000,481356590,38554560,921456530,322109790,147698920,375293320,76354500,921456530
2020-02-18,7144,7203,7086,7088,86034,-1.350034794711204,-11495,-4115,15719,-109,0,34853,5910,40800,5153,86716,46348,10025,25081,5262,86716,-84085720,-30216140,115079830,-777970,0,256233090,43574900,300032960,38073930,637914880,340318810,73791040,184953130,38851900,637914880
2020-02-19,7075,7143,6959,7097,140463,0.12697516930022573,-24536,-9319,5093,28762,0,58076,944,47536,35019,141575,82612,10263,42443,6257,141575,-178288040,-67756690,36594950,209449780,0,422308590,6855820,345331070,255085790,1029581270,600596630,74612510,308736120,45636010,1029581270
2020-02-20,7096,7096,6971,7050,69417,-0.6622516556291391,8224,-8630,-11575,11981,0,19231,1424,32211,17108,69974,11007,10054,43786,5127,69974,59513180,-62549090,-83827940,86863850,0,139260480,10321330,233277280,124108760,506967850,79747300,72870420,317105220,37244910,506967850
2020-02-21,6980,7057,6971,6981,59477,-0.9787234042553191,14866,-9792,-12514,7440,0,19308,214,28689,11741,59952,4442,10006,41203,4301,59952,107611250,-70812670,-90470310,53671730,0,139706670,1545150,207404800,84893210,433549830,32095420,72357820,297875110,31221480,433549830
2020-02-24,6931,7010,6778,6779,148751,-2.8935682566967484,32360,808,-16255,-16913,0,51114,808,78383,19624,149929,18754,0,94638,36537,149929,229701780,5743250,-115054650,-120390380,0,362573900,5743250,555872090,139253990,1063443230,132872120,0,670926740,259644370,1063443230
2020-02-25,6766,6911,6710,6904,117108,1.8439297831538575,23701,0,-36422,12721,0,38228,0,44067,35736,118031,14527,0,80489,23015,118031,166600250,0,-255447190,88846940,0,268594350,0,309324660,250488500,828407510,101994100,0,564771850,161641560,828407510
2020-02-26,6768,6903,6758,6886,105376,-0.2607184241019699,18379,2,6425,-24806,0,53671,2,49547,3001,106221,35292,0,43122,27807,106221,130788780,14050,43787190,-174590020,0,378291950,14050,348311150,21181070,747798220,247503170,0,304523960,195771090,747798220
2020-02-27,6892,6892,6777,6856,40811,-0.43566656985187335,9396,5,322,-9723,0,17500,5,22899,734,41138,8104,0,22577,10457,41138,66475170,35250,2126860,-68637280,0,123651540,35250,161440720,5183220,290310730,57176370,0,159313860,73820500,290310730
2020-02-28,6853,6853,6485,6759,235788,-1.4148191365227538,44895,-1402,-6639,-36854,0,110383,1508,123038,2721,237650,65488,2910,129677,39575,237650,307843790,-9347870,-45215900,-253280020,0,755430960,10294630,840339310,18620330,1624685230,447587170,19642500,885555210,271900350,1624685230
2020-03-02,6681,6806,6536,6769,169887,0.14795088030773784,62212,-1073,-54131,-7008,0,96869,427,57696,16239,171231,34657,1500,111827,23247,171231,431885970,-7541300,-376151880,-48192790,0,673789190,2938700,397063500,112606530,1186397920,241903220,10480000,773215380,160799320,1186397920
2020-03-03,6777,6885,6758,6769,60420,0.0,1564,-9740,11464,-3288,0,16253,201,37462,6983,60899,14689,9941,25998,10271,60899,10954470,-68267710,80411670,-23098430,0,114097790,1409100,263214330,49050580,427771800,103143320,69676810,182802660,72149010,427771800
2020-03-04,6786,7008,6746,6962,321686,2.8512335647806175,15752,-119601,77339,26510,0,131774,200,140666,51597,324237,116022,119801,63327,25087,324237,109113240,-848166910,549830040,189223630,0,940186250,1440000,1001890160,367678290,2311194700,831073010,849606910,452060120,178454660,2311194700
2020-03-05,7001,7242,6962,7205,305670,3.4903763286411955,-84949,-800,16225,69524,0,126826,0,103873,77417,308116,211775,800,87648,7893,308116,-618152800,-5976000,111310660,512818140,0,939811370,0,761236780,571311090,2272359240,1557964170,5976000,649926120,58492950,2272359240
2020-03-06,7154,7232,7057,7195,111254,-0.13879250520471895,46236,304,-41786,-4754,0,73009,304,31604,7227,112144,26773,0,73390,11981,112144,343026170,2258640,-309783370,-35501440,0,542047340,2258640,234822030,53538440,832666450,199021170,0,544605400,89039880,832666450
2020-03-09,7047,7143,6863,7097,184954,-1.3620569840166783,96666,-1181,-60119,-35366,0,123592,204,49526,13095,186417,26926,1385,109645,48461,186417,702042600,-8540370,-436800060,-256702170,0,897258440,1487030,358457430,95290640,1352493540,195215840,10027400,795257490,351992810,1352493540
2020-03-10,6971,7126,6884,7127,113145,0.4227138227420037,48467,402,-43101,-5768,0,55376,402,30821,27446,114045,6909,0,73922,33214,114045,352396750,2936480,-313446850,-41886380,0,402573600,2936480,223586440,200192010,829288530,50176850,0,537033290,242078390,829288530
2020-03-11,7163,7249,7066,7107,153996,-0.2806229830223095,875,3082,2814,-6771,0,72269,3082,63295,16571,155217,71394,0,60481,23342,155217,5440950,22791370,20919500,-49151820,0,533663900,22791370,468290080,123064710,1147810060,528222950,0,447370580,172216530,1147810060
2020-03-12,6930,7065,6823,6952,237492,-2.180948360771071,91955,-26,-59794,-32135,0,157473,436,74662,6803,239374,65518,462,134456,38938,239374,657316700,-188280,-425924600,-231203820,0,1124160480,3146160,533720580,48699150,1709726370,466843780,3334440,959645180,279902970,1709726370
2020-03-13,6399,6746,6341,6585,498093,-5.279056386651323,40231,-49918,-23345,33032,0,198346,123,228737,74813,502019,158115,50041,252082,41781,502019,278591800,-335092990,-164776530,221277720,0,1337811230,834900,1538123480,501711720,3378481330,1059219430,335927890,1702900010,280434000,3378481330
2020-03-16,6622,6701,6197,6450,220211,-2.050113895216401,-28395,-14433,54055,-11227,0,61679,747,141311,18215,221952,90074,15180,87256,29442,221952,-188710340,-98598230,363955690,-76647120,0,408435480,4993260,945528990,120801790,1479759520,597145820,103591490,581573300,197448910,1479759520
2020-03-17,6284,6573,5993,6575,219609,1.937984496124031,72241,-41469,-24952,-5820,0,101114,5001,88368,26856,221339,28873,46470,113320,32676,221339,482097760,-270752400,-170012460,-41332900,0,672586210,32206440,576833050,174360720,1455986420,190488450,302958840,746845510,215693620,1455986420
2020-03-18,6496,6670,6476,6575,197395,0.0,42037,-3900,-28796,-9341,0,115613,100,75541,7696,198950,73576,4000,104337,17037,198950,285359580,-26602000,-195233580,-63524000,0,786585080,678000,515023510,52556100,1354842690,501225500,27280000,710257090,116080100,1354842690
2020-03-19,6468,6575,5753,6025,372992,-8.365019011406844,81194,-12247,-64561,-4386,0,152701,10004,176511,36746,375962,71507,22251,241072,41132,375962,500799950,-76927000,-398820430,-25052520,0,939275330,61025960,1092863570,229169050,2322333910,438475380,137952960,1491684000,254221570,2322333910
2020-03-20,6042,6168,5761,5995,309606,-0.49792531120331945,-45328,301,67113,-22086,0,117522,301,180072,14169,312064,162850,0,112959,36255,312064,-270134390,1876050,404050700,-135792360,0,721370010,1876050,1097299190,85745640,1906290890,991504400,0,693248490,221538000,1906290890
2020-03-23,5830,5830,5424,5725,208969,-4.5037531276063385,16350,5504,-11997,-9857,0,69252,5504,130635,5249,210640,52902,0,142632,15106,210640,98536060,31938080,-73292630,-57181510,0,404285580,31938080,756507350,30352130,1223083140,305749520,0,829799980,87533640,1223083140
2020-03-24,5799,5896,5587,5879,209527,2.6899563318777293,7695,-423,-8242,970,0,76466,103,121789,12843,211201,68771,526,130031,11873,211201,48522440,-2474590,-51683500,5635650,0,455722950,625550,718943060,75969090,1251260650,407200510,3100140,770626560,70333440,1251260650
2020-03-25,6081,6198,5821,6170,302056,4.949821398196972,45982,-8859,-25532,-11591,0,130972,1141,150479,21865,304457,84990,10000,176011,33456,304457,290479250,-54274110,-162990350,-73214790,0,813647490,7025890,931650360,135141290,1887465030,523168240,61300000,1094640710,208356080,1887465030
2020-03-26,6168,6322,6003,6266,263787,1.5559157212317665,31035,-19608,-19833,8406,0,130458,456,89552,45402,265868,99423,20064,109385,36996,265868,201124830,-126525100,-128794740,54195010,0,842123690,2931280,578038820,292637460,1715731250,640998860,129456380,706833560,238442450,1715731250
2020-03-27,6362,6641,6332,6605,377344,5.410150015959145,76670,28,-85871,9173,0,236716,100,111281,32229,380326,160046,72,197152,23056,380326,520969910,199690,-581139280,59969680,0,1594900910,681000,747961140,215356590,2558899640,1073931000,481310,1329100420,155386910,2558899640
2020-03-30,6565,6594,6090,6595,174579,-0.1514004542013626,65269,-1506,-28654,-35109,0,108058,101,53445,14353,175957,42789,1607,82099,49462,175957,439842710,-9997900,-194059200,-235785610,0,727934980,688650,356334370,95952470,1180910470,288092270,10686550,550393570,331738080,1180910470
2020-03-31,6711,6711,6536,6605,110737,0.1516300227445034,45908,-394,-16699,-28815,0,56979,102,42725,11806,111612,11071,496,59424,40621,111612,312969340,-2670380,-114007410,-196291550,0,388578730,696550,290612610,80287650,760175540,75609390,3366930,404620020,276579200,760175540
2020-04-01,6555,6555,6381,6556,209956,-0.7418622255866768,44652,5435,-33535,-16552,0,108983,8753,62983,30918,211637,64331,3318,96518,47470,211637,298305280,35801830,-222871550,-111235560,0,726020240,57857370,418925900,205607990,1408411500,427714960,22055540,641797450,316843550,1408411500
2020-04-02,6554,6554,6390,6527,60552,-0.4423428920073216,19884,4770,-22682,-1972,0,25308,6253,23175,6301,61037,5424,1483,45857,8273,61037,133232790,31836720,-152040580,-13028930,0,169584870,41763900,154941360,42225950,408516080,36352080,9927180,306981940,55254880,408516080
2020-04-03,6467,6535,6381,6527,91351,0.0,53168,-1864,-58906,7602,0,58777,104,19340,13860,92081,5609,1968,78246,6258,92081,355433630,-12383690,-393689750,50639810,0,392833340,701570,128246700,92355870,614137480,37399710,13085260,521936450,41716060,614137480
2020-04-06,6516,6554,6418,6537,100166,0.1532097441397273,40324,1951,-48872,6597,0,41649,3251,41737,14330,100967,1325,1300,90609,7733,100967,271246450,13235460,-329028840,44546930,0,280159460,21924320,280705240,96312080,679101100,8913010,8688860,609734080,51765150,679101100
2020-04-07,6845,6845,6487,6566,107083,0.4436285757992963,-36035,-200,41167,-4932,0,19934,0,80412,7597,107943,55969,200,39245,12529,107943,-244317790,-1416000,278928090,-33194300,0,134933800,0,546244650,51795980,732974430,379251590,1416000,267316560,84990280,732974430
2020-04-08,6450,6517,6391,6450,163154,-1.7666768199817242,-19674,10713,-20935,29896,0,44546,10713,69918,40260,165437,64220,0,90853,10364,165437,-130399500,70818860,-138056200,197636840,0,294507650,70818860,462234960,266227060,1093788530,424907150,0,600291160,68590220,1093788530
2020-04-09,6468,6487,6419,6479,65483,0.44961240310077516,-6961,2080,-2929,7810,0,29192,2080,20132,14995,66399,36153,0,23061,7185,66399,-46383800,13781590,-19377720,51979930,0,194127320,13781590,133639100,99676630,441224640,240511120,0,153016820,47696700,441224640
2020-04-10,6478,6536,6342,6489,92770,0.1543448062972681,-2752,120,-14339,16971,0,29531,401,35084,29053,94069,32283,281,49423,12082,94069,-17940210,781340,-96132360,113291230,0,196545840,2655610,233068790,193490500,625760740,214486050,1874270,329201150,80199270,625760740
2020-04-13,6517,6517,6410,6460,93221,-0.4469101556480197,-12360,-38,13136,-738,0,51977,302,29638,12609,94526,64337,340,16502,13347,94526,-82052350,-258330,87128870,-4818190,0,345126180,1999270,196790230,83888850,627804530,427178530,2257600,109661360,88707040,627804530
2020-04-14,6496,6496,6330,6410,92997,-0.7739938080495357,-34868,1334,37441,-3907,0,16440,1334,71894,4630,94298,51308,0,34453,8537,94298,-228053680,8732260,245095770,-25774350,0,107644530,8732260,470792030,30440160,617608980,335698210,0,225696260,56214510,617608980
2020-04-16,6466,6466,6320,6410,41861,0.0,3475,-3474,-6869,6868,0,3537,2369,26859,9683,42448,62,5843,33728,2815,42448,22727190,-22793910,-45216530,45283250,0,23134800,15534740,176093960,63687040,278450540,407610,38328650,221310490,18403790,278450540
2020-04-17,6449,6477,6371,6469,128195,0.9204368174726989,23236,601,-28296,4459,0,81462,601,30572,17354,129989,58226,0,58868,12895,129989,154472550,3993650,-188085080,29618880,0,541199130,3993650,203006600,115226890,863426270,386726580,0,391091680,85608010,863426270
2020-04-20,6516,6516,6419,6479,83332,0.15458339774308238,-29087,930,27108,1049,0,24398,930,50462,8709,84499,53485,0,23354,7660,84499,-193126600,6184390,179993530,6948680,0,161862540,6184390,335128100,57825260,561000290,354989140,0,155134570,50876580,561000290
2020-04-21,6460,6460,6235,6343,120689,-2.099089365642846,-41404,4303,43811,-6710,0,22675,5303,79103,15296,122377,64079,1000,35292,22006,122377,-270125130,28095670,285434480,-43405020,0,147662770,34575670,515205690,99385060,796829190,417787900,6480000,229771210,142790080,796829190
2020-04-22,6300,6330,6125,6225,195740,-1.8603184612959167,-93880,4614,93354,-4088,0,47212,4614,125638,21015,198479,141092,0,32284,25103,198479,-595065730,29321190,592142280,-26397740,0,303468130,29321190,798084410,133841880,1264715610,898533860,0,205942130,160239620,1264715610
2020-04-23,6272,6272,6125,6205,112833,-0.321285140562249,-11149,2103,8026,1020,0,38107,4103,58855,13347,114412,49256,2000,50829,12327,114412,-70668530,13366950,51027450,6274130,0,242216320,26166950,374298560,84851730,727533560,312884850,12800000,323271110,78577600,727533560
2020-04-24,6204,6204,6127,6138,65477,-1.0797743755036262,-23660,2521,36940,-15801,0,9340,4611,51736,706,66393,33000,2090,14796,16507,66393,-149357460,15936520,233272500,-99851560,0,59033220,29145320,326723820,4454860,419357220,208390680,13208800,93451320,104306420,419357220
2020-04-27,6205,6205,6128,6178,68229,0.6516780710329098,-30607,4920,20764,4923,0,11570,4920,34013,18682,69185,42177,0,13249,13759,69185,-193371720,31107600,131159420,31104700,0,73063270,31107600,214919620,118064630,437155120,266434990,0,83760200,86959930,437155120
2020-04-28,6204,6234,6147,6197,86023,0.30754289414049857,-19583,13405,5627,551,0,22258,13405,30415,21150,87228,41841,0,24788,20599,87228,-124541040,85281700,35674910,3584430,0,141432730,85281700,193301920,134387920,554404270,265973770,0,157627010,130803490,554404270
2020-04-29,6195,6390,6176,6391,101676,3.130547038889785,9706,2746,-32656,20204,0,32968,3000,32176,34955,103099,23262,254,64832,14751,103099,63217560,17661220,-211499520,130620740,0,213971040,19330000,207498940,225509880,666309860,150753480,1668780,418998460,94889140,666309860
2020-05-04,6388,6388,6175,6225,83613,-2.5974025974025974,-10834,4102,52759,-46027,0,11518,4402,61573,7290,84783,22352,300,8814,53317,84783,-69192660,26213750,336973660,-293994750,0,73721300,28133750,393441740,46465400,541762190,142913960,1920000,56468080,340460150,541762190
2020-05-06,6235,6312,6167,6255,80115,0.48192771084337355,13982,3750,26732,-44464,0,30287,4100,40835,6015,81237,16305,350,14103,50479,81237,89474350,24019500,170736550,-284230400,0,193442280,26270000,261197600,38519200,519429080,103967930,2250500,90461050,322749600,519429080
2020-05-07,6284,6284,6137,6187,184029,-1.0871302957633893,26468,3803,18166,-48437,0,85574,4103,81128,15799,186604,59106,300,62962,64236,186604,168131620,24190150,115129750,-307451520,0,542912600,26098150,514657100,100104270,1183772120,374780980,1908000,399527350,407555790,1183772120
2020-05-08,6195,6214,6117,6158,223710,-0.46872474543397447,-6183,32,74527,-68376,0,93858,382,107944,24656,226840,100041,350,33417,93032,226840,-38871280,205720,470379940,-431714380,0,593672750,2421220,681975660,156182970,1434252600,632544030,2215500,211595720,587897350,1434252600
2020-05-11,6168,6245,6118,6178,108605,0.3247807729782397,-39923,144,16556,23223,0,12065,300,62196,35564,110125,51988,156,45640,12341,110125,-252973100,914400,104369250,147689450,0,76522950,1905000,394355190,225925600,698708740,329496050,990600,289985940,78236150,698708740
2020-05-12,6224,6224,6069,6109,137609,-1.1168662997733896,-50023,-1803,73729,-21903,0,22723,404,99096,17311,139534,72746,2207,25367,39214,139534,-313997750,-11286810,463001870,-137717310,0,142354060,2533150,622320390,108449780,875657380,456351810,13819960,159318520,246167090,875657380
2020-05-13,6078,6116,6029,6079,145762,-0.4910787362907186,-31291,101,66946,-35756,0,32618,301,103853,11030,147802,63909,200,36907,46786,147802,-194637390,625230,416474880,-222462720,0,203131540,1875230,646515180,68794160,920316110,397768930,1250000,230040300,291256880,920316110
2020-05-14,6010,6126,5923,5953,253342,-2.0727093271919723,-79493,-158,158128,-78477,0,58792,2042,178415,17636,256885,138285,2200,20287,96113,256885,-489155950,-796310,975269990,-485317730,0,362183900,12677690,1100782740,108361290,1584005620,851339850,13474000,125512750,593679020,1584005620
2020-05-15,5952,6088,5952,6041,100990,1.4782462623887116,-14981,-226,17279,-2072,0,30343,0,46339,25722,102404,45324,226,29060,27794,102404,-92745880,-1403460,106822070,-12672730,0,188562350,0,287463240,159825950,635851540,281308230,1403460,180641170,172498680,635851540
2020-05-18,6068,6175,6028,6128,139143,1.4401589140870716,-35743,1811,15921,18011,0,14667,3672,90443,32308,141090,50410,1861,74522,14297,141090,-224313850,11359020,99451840,113502990,0,92660100,23064710,568038010,203397350,887160170,316973950,11705690,468586170,89894360,887160170
2020-05-19,6167,6409,6147,6333,260490,3.3453002610966056,-17572,60,-43417,60929,0,31814,1994,138833,91492,264133,49386,1934,182250,30563,264133,-113578640,452490,-280168680,393294830,0,206580880,12984810,899640120,591932850,1711138660,320159520,12532320,1179808800,198638020,1711138660
2020-05-20,6343,6362,6245,6343,171827,0.15790304752881731,-41783,625,33686,7472,0,15303,1125,122612,35191,174231,57086,500,88926,27719,174231,-271143200,4044250,218721500,48377450,0,99551310,7304250,797065530,228634570,1132555660,370694510,3260000,578344030,180257120,1132555660
2020-05-21,6428,6642,6428,6537,403046,3.0584896736559988,-50091,3404,26554,20133,0,51075,4404,268576,84627,408682,101166,1000,242022,64494,408682,-338083250,22802880,176900870,138379500,0,345470150,29572880,1814563080,573701220,2763307330,683553400,6770000,1637662210,435321720,2763307330
2020-05-22,6545,6798,6545,6741,325651,3.1206975676916016,7137,-168,-3872,-3097,0,116888,1097,155434,56786,330205,109751,1265,159306,59883,330205,50138030,-1224510,-28284320,-20629200,0,809846750,7578500,1074312090,393459590,2285196930,759708720,8803010,1102596410,414088790,2285196930
2020-05-25,6768,6798,6631,6741,150006,0.0,15727,1145,-10454,-6418,0,39863,1524,78780,31938,152105,24136,379,89234,38356,152105,108308350,7918160,-71706480,-44520030,0,274678730,10530710,542530300,219918910,1047658650,166370380,2612550,614236780,264438940,1047658650
2020-05-26,6738,6914,6738,6848,239294,1.5873015873015872,-47761,1277,41823,4661,0,45672,1300,148284,47385,242641,93433,23,106461,42724,242641,-333876500,8925880,292381500,32569120,0,321311060,9087000,1039506660,332089200,1701993920,655187560,161120,747125160,299520080,1701993920
2020-05-27,6935,6935,6800,6878,147793,0.4380841121495327,9954,1451,26064,-37469,0,69386,1712,68797,9966,149861,59432,261,42733,47435,149861,70237600,10216620,184575410,-265029630,0,490130810,12060820,486130010,70217310,1058538950,419893210,1844200,301554600,335246940,1058538950
2020-05-28,6905,6934,6749,6819,180135,-0.8578075021808665,-40963,12,40323,628,0,24248,12,114843,43553,182656,65211,0,74520,42925,182656,-288822590,83990,285203970,3534630,0,170671610,83990,809252430,305309170,1285317200,459494200,0,524048460,301774540,1285317200
2020-05-29,6878,6887,6760,6878,77857,0.8652295057926381,-16878,50,-11878,28706,0,15911,200,28412,34424,78947,32789,150,40290,5718,78947,-117920820,351500,-83178220,200747540,0,111583980,1400000,198604540,240815530,552404050,229504800,1048500,281782760,40067990,552404050
2020-06-01,6886,6895,6789,6809,101834,-1.0031986042454202,-16200,1026,4182,10992,0,25760,1026,60964,15510,103260,41960,0,56782,4518,103260,-113341850,7181900,29225890,76934060,0,180467710,7181900,427206830,108681730,723538170,293809560,0,397980940,31747670,723538170
2020-06-02,6759,6856,6759,6819,131359,0.146864444118079,-59611,-2199,25046,36764,0,30414,1001,63253,38529,133197,90025,3200,38207,1765,133197,-416960650,-15442030,174976920,257425760,0,212926920,7016970,443414020,269780450,933138360,629887570,22459000,268437100,12354690,933138360
2020-06-03,6826,6866,6701,6751,190285,-0.9972136676932102,-51342,-15231,50693,15880,0,52293,4770,113509,22374,192946,103635,20001,62816,6494,192946,-357322400,-106108870,352506700,110924570,0,364700280,33213490,790896950,156231700,1345042420,722022680,139322360,438390250,45307130,1345042420
2020-06-04,6749,6876,6642,6673,191403,-1.1553843874981484,-33024,-64369,86512,10881,0,32823,6590,140037,14631,194081,65847,70959,53525,3750,194081,-229588780,-447071270,601254020,75406030,0,227849190,45681630,972500960,101468880,1347500660,457437970,492752900,371246940,26062850,1347500660
2020-06-05,6604,7069,6535,6634,358696,-0.5844447774614117,-153868,-62793,185719,30942,0,25019,3010,286576,49108,363713,178887,65803,100857,18166,363713,-1056114900,-431028150,1275684580,211458470,0,171039340,20542970,1966717910,336334680,2494634900,1227154240,451571120,691033330,124876210,2494634900
2020-06-08,6760,6760,6595,6625,162075,-0.13566475731082303,-43709,-44022,66713,21018,0,18316,8903,107173,29950,164342,62025,52925,40460,8932,164342,-297728930,-300032590,454199370,143562150,0,124836050,60568380,730403360,204409330,1120217120,422564980,360600970,276203990,60847180,1120217120
2020-06-09,6663,6750,6614,6683,220906,0.8754716981132076,-80284,-12875,71103,22056,0,25923,10618,134471,52984,223996,106207,23493,63368,30928,223996,-551129220,-87285640,486837600,151577260,0,177824700,73102940,921833900,363477230,1536238770,728953920,160388580,434996300,211899970,1536238770
2020-06-10,6683,6781,6653,6781,174942,1.466407302109831,-42121,5287,26128,10706,0,30630,5293,91684,49782,177389,72751,6,65556,39076,177389,-290172010,36550630,180011060,73610320,0,210903390,36592210,631777770,342930210,1222203580,501075400,41580,451766710,269319890,1222203580
2020-06-11,6809,6809,6673,6703,190637,-1.1502728211178292,1062,7293,17296,-25651,0,53264,7412,115254,17374,193304,52202,119,97958,43025,193304,7621440,50517290,119564500,-177703230,0,368861640,51343150,797045610,120091510,1337341910,361240200,825860,677481110,297794740,1337341910
2020-06-12,6555,6632,6477,6566,184288,-2.0438609577800984,-30921,821,29215,885,0,59899,1616,103248,22104,186867,90820,795,74033,21219,186867,-208555060,5509380,197423810,5621870,0,405070960,10913520,696844800,149128830,1261958110,613626020,5404140,499420990,143506960,1261958110
2020-06-15,6623,6623,6399,6469,163141,-1.4773073408467865,-18546,6827,28107,-16388,0,43890,6834,105221,9479,165424,62436,7,77114,25867,165424,-125957950,46062170,189580630,-109684850,0,295458850,46109840,708264470,63745980,1113579140,421416800,47670,518683840,173430830,1113579140
2020-06-16,6564,6574,6497,6547,96117,1.2057505023960426,-19097,603,32097,-13603,0,22983,610,66979,6890,97462,42080,7,34882,20493,97462,-128389730,4049660,215477790,-91137720,0,154302820,4096910,449771880,46313450,654485060,282692550,47250,234294090,137451170,654485060
2020-06-17,6604,6604,6516,6556,98599,0.13746754238582556,5839,-721,-14373,9255,0,34448,200,31403,33928,99979,28609,921,45776,24673,99979,38941070,-4850330,-97015150,62924410,0,231892960,1348000,211605190,229059820,673905970,192951890,6198330,308620340,166135410,673905970
2020-06-18,6546,6585,6497,6586,84059,0.4575960951799878,7642,-69,-16030,8457,0,23373,3,45992,15867,85235,15731,72,62022,7410,85235,51105070,-460850,-107568910,56924690,0,156891130,20110,309015980,106685620,572612840,105786060,480960,416584890,49760930,572612840
2020-06-19,6584,6604,6487,6517,77069,-1.0476768903735194,-1658,2002,18643,-18987,0,18104,2002,55261,2781,78148,19762,0,36618,21768,78148,-11124990,13426730,124878660,-127180400,0,121213900,13426730,370601390,18664570,523906590,132338890,0,245722730,145844970,523906590
2020-06-22,6555,6555,6468,6479,82461,-0.5830903790087464,406,2000,19247,-21653,0,35344,2000,45455,817,83616,34938,0,26208,22470,83616,2764690,13352210,128345210,-144462110,0,235974630,13352210,303328080,5458030,558112950,233209940,0,174982870,149920140,558112950
2020-06-23,6488,6517,6440,6460,91066,-0.2932551319648094,-8637,4301,19009,-14673,0,28411,4301,57838,1790,92340,37048,0,38829,16463,92340,-57461410,28689770,126595650,-97824010,0,189335310,28689770,384862770,11893530,614781380,246796720,0,258267120,109717540,614781380
2020-06-24,6460,6478,6400,6460,63346,0.0,-3739,803,7548,-4612,0,17000,803,40619,5812,64234,20739,0,33071,10424,64234,-24932980,5317550,50017410,-30401980,0,112537540,5317550,268755600,38528140,425138830,137470520,0,218738190,68930120,425138830
2020-06-25,6460,6460,6372,6460,102570,0.0,10731,1105,20798,-32634,0,29208,1105,71682,2011,104006,18477,0,50884,34645,104006,70902300,7264880,136429450,-214596630,0,192891750,7264880,470870470,13236920,684264020,121989450,0,334441020,227833550,684264020
2020-06-26,6458,6682,6458,6566,84145,1.6408668730650156,18724,-200,-5684,-12840,0,40180,0,35116,10027,85323,21456,200,40800,22867,85323,125828200,-1350000,-38026750,-86451450,0,270887600,0,237311970,67735680,575935250,145059400,1350000,275338720,154187130,575935250
2020-06-29,6497,6516,6418,6517,99317,-0.7462686567164178,40100,22,9581,-49703,0,40902,22,58250,1534,100708,802,0,48669,51237,100708,266472140,145950,63273930,-329892020,0,271819760,145950,386697620,10216630,668879960,5347620,0,323423690,340108650,668879960
2020-06-30,6467,6574,6467,6517,108252,0.0,63543,1,-2809,-60735,0,73559,1,27873,8334,109767,10016,0,30682,69069,109767,426277410,6670,-19313650,-406970430,0,493394090,6670,186500310,55827400,735728470,67116680,0,205813960,462797830,735728470
2020-07-01,6584,6584,6438,6517,62724,0.0,14697,1014,9646,-25357,0,23075,1014,32868,6646,63603,8378,0,23222,32003,63603,97838070,6723230,64536640,-169097940,0,153946050,6723230,219544850,44340470,424554600,56107980,0,155008210,213438410,424554600
2020-07-02,6468,6516,6449,6489,66905,-0.4296455424274973,13760,-968,8463,-21255,0,15361,3,42287,10192,67843,1601,971,33824,31447,67843,91607600,-6437190,56271260,-141441670,0,102300390,19960,281405750,67934460,451660560,10692790,6457150,225134490,209376130,451660560
2020-07-03,6487,6497,6419,6420,87788,-1.06333795654184,18406,10,23917,-42333,0,31732,10,52258,5017,89017,13326,0,28341,47350,89017,121918740,66100,158298300,-280283140,0,210095580,66100,346036090,33295700,589493470,88176840,0,187737790,313578840,589493470
2020-07-06,6427,6427,6330,6410,148656,-0.1557632398753894,37937,863,12514,-51314,0,45656,863,100864,3353,150736,7719,0,88350,54667,150736,248567800,5651650,81784330,-336003780,0,299048450,5651650,660260190,21997340,986957630,50480650,0,578475860,358001120,986957630
2020-07-07,6409,6409,6322,6333,101652,-1.2012480499219969,2214,1000,32679,-35893,0,32625,1000,60978,8471,103074,30411,0,28299,44364,103074,14929650,6530000,212915950,-234375600,0,212945020,6530000,397564370,55165030,672204420,198015370,0,184648420,289540630,672204420
2020-07-08,6418,6418,6214,6245,192792,-1.3895468182535924,-20496,-19700,86258,-46062,0,74894,800,118685,1110,195489,95390,20500,32427,47172,195489,-131923140,-126786300,556034770,-297325330,0,481226480,5132130,765499490,7142280,1259000380,613149620,131918430,209464720,304467610,1259000380
2020-07-09,6244,6399,6244,6362,81726,1.8734987990392316,30280,0,-14844,-15436,0,44961,0,31653,6256,82870,14681,0,46497,21692,82870,197208090,0,-96286220,-100921870,0,292897490,0,205776280,40378820,539052590,95689400,0,302062500,141300690,539052590
2020-07-10,6362,6372,6285,6353,79942,-0.141464948129519,21829,100,11387,-33316,0,33185,100,47698,78,81061,11356,0,36311,33394,81061,142288200,651130,73837690,-216777020,0,215975690,651130,310178080,508760,527313660,73687490,0,236340390,217285780,527313660
2020-07-13,6362,6439,6254,6362,127910,0.14166535495041713,46158,61,-6595,-39624,0,69943,61,59686,10,129700,23785,0,66281,39634,129700,299192720,393450,-42668170,-256918000,0,453160090,393450,387009620,64900,840628060,153967370,0,429677790,256982900,840628060
2020-07-14,6391,6391,6293,6343,43306,-0.2986482238289846,10113,2500,1662,-14275,0,11131,2500,29278,1003,43912,1018,0,27616,15278,43912,65862020,16220000,10668630,-92750650,0,72466240,16220000,190084070,6512470,285282780,6604220,0,179415440,99263120,285282780
2020-07-15,6350,6370,6291,6303,71749,-0.6306164275579379,-377,3200,11924,-14747,0,12255,3200,53561,3737,72753,12632,0,41637,18484,72753,-2378790,20942910,77305940,-95870060,0,79709450,20942910,348227760,24364750,473244870,82088240,0,270921820,120234810,473244870
2020-07-16,6311,6340,6223,6313,87358,0.15865460891638902,4435,300,-3767,-968,0,20373,300,59253,8655,88581,15938,0,63020,9623,88581,28819900,1935000,-24346200,-6408700,0,131891330,1935000,383339220,55865340,573030890,103071430,0,407685420,62274040,573030890
2020-07-17,6273,6340,6243,6303,83047,-0.1584032947885316,-480,2772,5448,-7740,0,7183,6875,63656,6495,84209,7663,4103,58208,14235,84209,-3086070,18089750,35160970,-50164650,0,46531240,44511000,412549670,42036000,545627910,49617310,26421250,377388700,92200650,545627910
2020-07-20,6273,6398,6263,6391,165187,1.3961605584642234,1815,100,-23094,21179,0,18812,100,112326,36260,167498,16997,0,135420,15081,167498,12032700,657000,-151343590,138653890,0,123243090,657000,733469780,237337610,1094707480,111210390,0,884813370,98683720,1094707480
2020-07-21,6408,6428,6341,6391,105980,0.0,18973,0,-8503,-10470,0,25925,0,78294,3244,107463,6952,0,86797,13714,107463,124631740,0,-55658880,-68972860,0,170302200,0,514688120,21216950,706207270,45670460,0,570347000,90189810,706207270
2020-07-22,6360,6535,6320,6400,77283,0.14082303238929744,19766,3300,-16956,-6110,0,24652,3300,48723,1690,78365,4886,0,65679,7800,78365,129405820,21584000,-110833710,-40156110,0,161430730,21584000,319421810,11074080,513510620,32024910,0,430255520,51230190,513510620
2020-07-23,6410,6410,6323,6353,76170,-0.734375,15858,3505,-10119,-9244,0,25977,3505,47553,201,77236,10119,0,57672,9445,77236,103689460,22877800,-66067460,-60499800,0,169777730,22877800,310673770,1313520,504642820,66088270,0,376741230,61813320,504642820
2020-07-24,6353,6362,6275,6353,106406,0.0,21590,1100,-17687,-5003,0,35511,1100,69271,2013,107895,13921,0,86958,7016,107895,140122970,7108000,-114709070,-32521900,0,230477430,7108000,449115680,13053550,699754660,90354460,0,563824750,45575450,699754660
2020-07-27,6350,6379,6223,6303,165682,-0.7870297497245395,-43044,15700,36072,-8728,0,37018,15700,106255,9028,168001,80062,0,70183,17756,168001,-275929590,101305930,230717700,-56094040,0,239564820,101305930,685947390,58675050,1085493190,515494410,0,455229690,114769090,1085493190
2020-07-28,6301,6350,6283,6323,82197,0.31730921783277805,15840,-9124,-458,-6258,0,36388,4176,41294,1490,83348,20548,13300,41752,7748,83348,102955660,-59494560,-2758970,-40702130,0,236435500,27162440,268411000,9650620,541659560,133479840,86657000,271169970,50352750,541659560
2020-07-29,6322,6419,6302,6333,72910,0.15815277558121146,-24808,-429,21977,3260,0,12082,300,54671,6877,73930,36890,729,32694,3617,73930,-161258170,-2820660,142892300,21186530,0,78604080,1947000,356109350,44719960,481380390,239862250,4767660,213217050,23533430,481380390
2020-07-30,6321,6379,6321,6323,59586,-0.15790304752881731,12299,-74,-8742,-3483,0,15390,0,44979,52,60421,3091,74,53721,3535,60421,80091780,-481740,-56928480,-22681560,0,100207080,0,292918280,339040,393464400,20115300,481740,349846760,23020600,393464400
2020-07-31,6341,6361,6312,6333,68997,0.15815277558121146,-14471,100,14410,-39,0,24398,100,44946,520,69964,38869,0,30536,559,69964,-94057040,653000,93668930,-264890,0,158748310,653000,292518030,3381200,455300540,252805350,0,198849100,3646090,455300540
2020-08-03,6371,6371,6322,6333,82618,0.0,-12461,368,7332,4761,0,17930,368,60080,5397,83775,30391,0,52748,636,83775,-81445130,2395680,47991300,31058150,0,116728020,2395680,391652860,35204870,545981430,198173150,0,343661560,4146720,545981430
2020-08-04,6341,6399,6322,6333,110205,0.0,-39585,100,28416,11069,0,11986,100,85899,13762,111747,51571,0,57483,2693,111747,-258786200,655000,185648270,72482930,0,78249250,655000,561552850,90098490,730555590,337035450,0,375904580,17615560,730555590
2020-08-05,6343,6391,6313,6353,122694,0.31580609505763463,332,3000,-3878,546,0,39225,3000,78557,3629,124411,38893,0,82435,3083,124411,1914610,19530000,-25057310,3612700,0,255239900,19530000,511358530,23661620,809790050,253325290,0,536415840,20048920,809790050
2020-08-06,6350,6350,6321,6323,69705,-0.4722178498347237,3243,1300,-9279,4736,0,13198,1300,46935,9249,70682,9955,0,56214,4513,70682,21161740,8461000,-60538890,30916150,0,85978140,8461000,305601570,60302260,460342970,64816400,0,366140460,29386110,460342970
2020-08-07,6320,6370,6283,6313,145257,-0.15815277558121146,9052,100,-20752,11600,0,31639,100,93558,21993,147290,22587,0,114310,10393,147290,59362610,649000,-136121220,76109610,0,205972890,649000,607761950,143596780,957980620,146610280,0,743883170,67487170,957980620
2020-08-10,6321,6350,6301,6323,106942,0.1584032947885316,-16304,2245,9219,4840,0,12226,2245,82470,11498,108439,28530,0,73251,6658,108439,-106082530,14587710,59994440,31500380,0,79433070,14587710,535976240,74762890,704759910,185515600,0,475981800,43262510,704759910
2020-08-11,6330,6350,6301,6313,160137,-0.15815277558121146,-7318,5111,-16141,18348,0,21276,5111,111151,24839,162377,28594,0,127292,6491,162377,-47405770,33140390,-104928390,119193770,0,138125510,33140390,721636980,161338440,1054241320,185531280,0,826565370,42144670,1054241320
2020-08-12,6322,6468,6312,6450,188482,2.170125138602883,-16305,3298,-40410,53417,0,22174,5058,105263,58624,191119,38479,1760,145673,5207,191119,-107829610,21567680,-264376020,350637950,0,146150640,33231480,692391370,384861370,1256634860,253980250,11663800,956767390,34223420,1256634860
2020-08-13,6458,6516,6361,6440,119303,-0.15503875968992248,2651,2803,28195,-33649,0,42991,3303,72843,1836,120973,40340,500,44648,35485,120973,17907800,18527710,186361040,-222796550,0,284878350,21847710,482121430,12143310,800990800,266970550,3320000,295760390,234939860,800990800
2020-08-14,6438,6438,6351,6430,93114,-0.15527950310559005,5859,-2661,4063,-7261,0,34714,0,56199,3505,94418,28855,2661,52136,10766,94418,38545530,-17541270,26697580,-47701840,0,228807540,0,370200220,23121030,622128790,190262010,17541270,343502640,70822870,622128790
2020-08-18,6438,6438,6243,6313,200574,-1.8195956454121305,-7273,1000,47824,-41551,0,74375,1000,125529,2476,203380,81648,0,77705,44027,203380,-46867130,6530000,310088930,-269751800,0,482891380,6530000,814746380,16121190,1320288950,529758510,0,504657450,285872990,1320288950
2020-08-19,6322,6419,6322,6372,91461,0.9345794392523363,12976,0,-19224,6248,0,36299,0,47012,9431,92742,23323,0,66236,3183,92742,85229520,0,-126259380,41029860,0,238268720,0,308206020,61911760,608386500,153039200,0,434465400,20881900,608386500
2020-08-20,6389,6389,6243,6303,97991,-1.0828625235404896,6759,1495,-251,-8003,0,21922,2395,73525,1521,99363,15163,900,73776,9524,99363,43876960,9608800,-1397350,-52088410,0,142202870,15458800,476782330,9846260,644290260,98325910,5850000,478179680,61934670,644290260
2020-08-21,6323,6362,6303,6353,78800,0.7932730445819451,8451,392,-16056,7213,0,22270,2392,44162,11080,79904,13819,2000,60218,3867,79904,54966870,2561960,-104497760,46968930,0,144838090,15543000,287409550,72156910,519947550,89871220,12981040,391907310,25187980,519947550
2020-08-24,6361,6408,6301,6391,71401,0.5981426097906501,2022,600,-11059,8437,0,11530,600,44572,15698,72400,9508,0,55631,7261,72400,13451100,3921000,-72882630,55510530,0,75475370,3921000,292243680,102987160,474627210,62024270,0,365126310,47476630,474627210
2020-08-25,6399,6506,6399,6479,101433,1.376936316695353,-9566,2330,-11441,18677,0,24208,2330,53585,22730,102853,33774,0,65026,4053,102853,-63668480,15511640,-76293590,124450430,0,160818870,15511640,356416490,151353990,684100990,224487350,0,432710080,26903560,684100990
2020-08-26,6516,6516,6459,6479,50343,0.0,-8201,0,836,7365,0,12439,0,29327,9282,51048,20640,0,28491,1917,51048,-54441520,0,5341600,49099920,0,82923450,0,195469550,61874230,340267230,137364970,0,190127950,12774310,340267230
2020-08-27,6478,6517,6450,6460,69255,-0.2932551319648094,10081,194,-11404,1129,0,15436,194,45046,9549,70225,5355,0,56450,8420,70225,67185680,1288160,-76205030,7731190,0,102819510,1288160,300150760,63726680,467985110,35633830,0,376355790,55995490,467985110
2020-08-28,6467,6497,6399,6440,53665,-0.30959752321981426,17072,2100,-21027,1855,0,19769,2100,24513,8035,54417,2697,0,45540,6180,54417,113462890,13957000,-139599300,12179410,0,131340550,13957000,162656270,53274350,361228170,17877660,0,302255570,41094940,361228170
2020-08-31,6458,6497,6429,6430,98622,-0.15527950310559005,366,10829,-8632,-2563,0,26679,10829,54848,7646,100002,26313,0,63480,10209,100002,2248710,72116140,-57344380,-17020470,0,177393670,72116140,364700100,50840960,665050870,175144960,0,422044480,67861430,665050870
2020-09-01,6506,6506,6429,6430,56775,0.0,-9867,1500,6309,2058,0,15051,1500,37928,3092,57571,24918,0,31619,1034,57571,-65400470,9951000,41844660,13604810,0,99783050,9951000,251645310,20459180,381838540,165183520,0,209800650,6854370,381838540
2020-09-02,6487,6487,6399,6430,42359,0.0,4980,400,-11459,6079,0,6936,400,29538,6080,42954,1956,0,40997,1,42954,32874090,2648000,-75695010,40172920,0,45795320,2648000,195195770,40179520,283818610,12921230,0,270890780,6600,283818610
2020-09-03,6429,6477,6429,6469,63171,0.6065318818040436,32826,-624,-37532,5330,0,39400,376,18745,5535,64056,6574,1000,56277,205,64056,217565900,-4117120,-248730530,35281750,0,261169090,2492880,124219710,36645000,424526680,43603190,6610000,372950240,1363250,424526680
2020-09-04,6361,6497,6361,6469,92327,0.0,13381,150,-14882,1351,0,25858,150,61569,6043,93620,12477,0,76451,4692,93620,88775610,997500,-98877870,9104760,0,171843260,997500,408986420,40065380,621892560,83067650,0,507864290,30960620,621892560
2020-09-07,6448,6535,6438,6507,77090,0.5874169114237131,-8288,0,8682,-394,0,12677,0,62611,2881,78169,20965,0,53929,3275,78169,-55720580,0,58419990,-2699410,0,84635460,0,419067910,19198080,522901450,140356040,0,360647920,21897490,522901450
2020-09-08,6506,6642,6506,6547,163836,0.6147226064238512,-62959,11887,42218,8854,0,11412,12000,129674,13042,166128,74371,113,87456,4188,166128,-425499540,80317770,285293210,59888560,0,77011630,81080000,877776020,88289240,1124156890,502511170,762230,592482810,28400680,1124156890
2020-09-09,6438,6594,6438,6537,105162,-0.1527417137620284,11962,380,-1484,-10858,0,22478,380,78649,5128,106635,10516,0,80133,15986,106635,79970080,2546000,-9323340,-73192740,0,150668240,2546000,528361150,34406790,715982180,70698160,0,537684490,107599530,715982180
2020-09-10,6614,6614,6537,6596,87856,0.90255468869512,-42523,748,42289,-514,0,10430,748,75463,2446,89087,52953,0,33174,2960,89087,-286735120,5047190,285135640,-3447710,0,70314670,5047190,509114560,16554870,601031290,357049790,0,223978920,20002580,601031290
2020-09-11,6740,6740,6565,6625,69711,0.43966040024257125,-9807,2000,16207,-8400,0,18816,2000,48680,1192,70688,28623,0,32473,9592,70688,-65607420,13500000,109440590,-57333170,0,128278690,13500000,330492220,8099590,480370500,193886110,0,221051630,65432760,480370500
2020-09-14,6691,6719,6613,6663,106161,0.5735849056603773,-37405,2150,32994,2261,0,11594,2150,88325,5578,107647,48999,0,55331,3317,107647,-255520230,14724500,225315870,15479860,0,79377630,14724500,604085160,38224940,736412230,334897860,0,378769290,22745080,736412230
2020-09-15,6701,6701,6613,6663,100386,0.0,-33126,3491,25726,3909,0,16092,3491,72660,9548,101791,49218,0,46934,5639,101791,-225782350,23863650,175223090,26695610,0,110077560,23863650,496299970,65270820,695512000,335859910,0,321076880,38575210,695512000
2020-09-16,6700,6700,6631,6653,68511,-0.15008254539996999,-10044,-4779,15033,-210,0,16689,420,48491,3871,69471,26733,5199,33458,4081,69471,-68683590,-32741770,102843650,-1418290,0,114164840,2871380,331682190,26496510,475214920,182848430,35613150,228838540,27914800,475214920
2020-09-17,6651,6661,6623,6634,41672,-0.28558545017285436,4969,100,466,-5535,0,17914,100,23873,369,42256,12945,0,23407,5904,42256,33973180,682000,3105370,-37760550,0,122323130,682000,162911240,2520270,288436640,88349950,0,159805870,40280820,288436640
2020-09-18,6642,6692,6614,6625,69773,-0.13566475731082303,-2323,1800,1016,-493,0,13891,2000,43673,11185,70749,16214,200,42657,11678,70749,-15852790,12278000,6994610,-3419820,0,94821640,13640000,297915720,76380040,482757400,110674430,1362000,290921110,79799860,482757400
2020-09-21,6624,6703,6605,6606,66858,-0.28679245283018867,-5179,200,16983,-12004,0,12843,200,49391,5360,67794,18022,0,32408,17364,67794,-35138080,1364000,115409070,-81634990,0,87456240,1364000,336113890,36518110,461452240,122594320,0,220704820,118153100,461452240
2020-09-22,6604,6642,6546,6576,65425,-0.4541326067211626,-5323,-500,6406,-583,0,22159,500,33936,9747,66342,27482,1000,27530,10330,66342,-36034990,-3385000,43456600,-4036610,0,149950530,3385000,229825290,65944330,449105150,185985520,6770000,186368690,69980940,449105150
2020-09-23,6594,6613,6536,6576,83054,0.0,-13663,0,-5630,19293,0,28369,1000,28988,25860,84217,42032,1000,34618,6567,84217,-92732470,-10000,-38112230,130854700,0,191980320,6780000,196230390,175220490,570211200,284712790,6790000,234342620,44365790,570211200
2020-09-24,6604,6632,6565,6586,112074,0.15206812652068127,-7447,-3090,-5201,15738,0,22777,1010,58734,31122,113643,30224,4100,63935,15384,113643,-50278870,-21052090,-35556200,106887160,0,154273380,6832700,397691980,211251000,770049060,204552250,27884790,433248180,104363840,770049060
2020-09-25,6586,6633,6537,6596,150427,0.1518372304889159,-7564,0,8270,-706,0,11998,0,121045,19489,152532,19562,0,112775,20195,152532,-51093810,0,55876090,-4782280,0,81063980,0,817873410,131801810,1030739200,132157790,0,761997320,136584090,1030739200
2020-09-28,6564,6564,6418,6547,127476,-0.7428744693753789,42641,306,-47085,4138,0,45873,306,65211,17870,129260,3232,0,112296,13732,129260,285801330,2047440,-315230810,27382040,0,307353030,2047440,436211840,119350660,864962970,21551700,0,751442650,91968620,864962970
2020-09-29,6565,6683,6546,6683,105658,2.0772873071635867,77190,-452,-85016,8278,0,79705,448,17954,9029,107136,2515,900,102970,751,107136,524185110,-3015160,-577302290,56132340,0,541373140,3059840,121737600,61210850,727381430,17188030,6075000,699039890,5078510,727381430
2020-10-05,6565,6652,6565,6615,80248,-1.0175071075864133,43036,148,-41334,-1850,0,49958,148,24233,7032,81371,6922,0,65567,8882,81371,291846440,1004920,-280337200,-12514160,0,338769430,1004920,164304320,47680860,551759530,46922990,0,444641520,60195020,551759530
2020-10-06,6613,6623,6555,6586,49411,-0.4383975812547241,11192,647,-877,-10962,0,19722,647,28621,1113,50103,8530,0,29498,12075,50103,75813700,4379600,-5877020,-74316280,0,133723850,4379600,193976200,7540310,339619960,57910150,0,199853220,81856590,339619960
2020-10-07,6596,6605,6527,6606,112340,0.3036744609778318,-20275,448,28724,-8897,0,33802,448,72252,7410,113912,54077,0,43528,16307,113912,-137474240,3016520,194126340,-59668620,0,228235600,3016520,487683940,50115240,769051300,365709840,0,293557600,109783860,769051300
2020-10-08,6614,6614,6575,6615,81654,0.13623978201634876,8545,-5000,-3585,40,0,33508,0,46182,3107,82797,24963,5000,49767,3067,82797,58072250,-33950000,-24427170,304920,0,227254030,0,313274010,21096490,561624530,169181780,33950000,337701180,20791570,561624530
2020-10-12,6614,6643,6566,6596,44319,-0.2872260015117158,20773,-4853,-3611,-12309,0,23562,147,19426,1806,44941,2789,5000,23037,14115,44941,140822350,-32904810,-24424910,-83492630,0,159749620,995190,131765110,12244690,304754610,18927270,33900000,156190020,95737320,304754610
2020-10-13,6604,6604,6555,6576,82031,-0.3032140691328078,7926,297,-4732,-3491,0,29334,297,46787,6762,83180,21408,0,51519,10253,83180,53529540,2004750,-31905050,-23629240,0,198555930,2004750,316450080,45748230,562758990,145026390,0,348355130,69377470,562758990
2020-10-14,6565,6613,6555,6576,77474,0.0,-6812,200,13213,-6601,0,27524,200,48250,2585,78559,34336,0,35037,9186,78559,-46269260,1356000,89527700,-44614440,0,186415060,1356000,326854950,17533250,532159260,232684320,0,237327250,62147690,532159260
2020-10-15,6575,6614,6565,6615,106348,0.5930656934306568,30644,0,-32622,1978,0,75113,0,25621,7103,107837,44469,0,58243,5125,107837,208202770,0,-221684540,13481770,0,509928780,0,173899100,48198630,732026510,301726010,0,395583640,34716860,732026510
2020-10-16,6584,6632,6574,6634,107131,0.2872260015117158,7252,3258,-7556,-2954,0,76955,3258,24209,4208,108630,69703,0,31765,7162,108630,49422470,22071570,-51524380,-19969660,0,521834520,22071570,164029100,28593420,736528610,472412050,0,215553480,48563080,736528610
2020-10-19,6632,6701,6584,6673,108008,0.5878806150135665,56960,580,-69300,11760,0,61466,580,34239,13234,109519,4506,0,103539,1474,109519,389867850,3987500,-474155670,80300320,0,420772160,3987500,233928860,90355600,749044120,30904310,0,708084530,10055280,749044120
2020-10-20,6671,6728,6661,6721,101922,0.7193166491832759,1170,24108,-24817,-461,0,22323,24433,43543,13050,103349,21153,325,68360,13511,103349,7863260,165505580,-170230840,-3138000,0,153670550,167739030,299978020,89646310,711033910,145807290,2233450,470208860,92784310,711033910
2020-10-21,6739,6866,6719,6858,111206,2.0383871447701236,-18056,-3580,23541,-1905,0,26811,2219,77808,5925,112763,44867,5799,54267,7830,112763,-127068730,-24808930,165205130,-13327470,0,188251600,15518130,544866600,41418650,790054980,315320330,40327060,379661470,54746120,790054980
2020-10-22,6867,6915,6837,6897,136005,0.5686789151356081,-9769,8163,6920,-5314,0,56971,8563,62431,9943,137908,66740,400,55511,15257,137908,-68861220,57669320,48563930,-37372030,0,402773190,60501320,441006110,70322720,974603340,471634410,2832000,392442180,107694750,974603340
2020-10-23,6925,6982,6886,6975,154013,1.1309264897781643,-35044,5706,39547,-10209,0,44343,8706,102903,216,156168,79387,3000,63356,10425,156168,-250113450,40835000,282035040,-72756590,0,316988820,62335000,734268180,1547820,1115139820,567102270,21500000,452233140,74304410,1115139820
2020-10-26,7070,7070,6944,6984,105709,0.12903225806451613,-2191,7478,15612,-20899,0,43067,7858,56184,80,107189,45258,380,40572,20979,107189,-15754560,53602340,112191430,-150039210,0,309087840,56319010,403452930,574080,769433860,324842400,2716670,291261500,150613290,769433860
2020-10-27,6983,7033,6614,6927,129475,-0.816151202749141,34623,0,-22566,-12057,0,54618,0,63903,12766,131287,19995,0,86469,24823,131287,247575550,0,-161531000,-86044550,0,390082660,0,455209080,91570430,936862170,142507110,0,616740080,177614980,936862170
2020-10-28,6954,6954,6827,6907,57185,-0.28872527789808,-9708,8212,7951,-6455,0,12843,8217,30462,6464,57986,22551,5,22511,12919,57986,-68596120,57816010,56208350,-45428240,0,91078610,57851510,215733620,45739000,410402740,159674730,35500,159525270,91167240,410402740
2020-10-29,6809,6926,6809,6888,81273,-0.2750832488779499,-26384,2025,29697,-5338,0,9373,2025,68714,2299,82411,35757,0,39017,7637,82411,-187063930,14235650,210595190,-37766910,0,66458820,14235650,487164790,16264910,584124170,253522750,0,276569600,54031820,584124170
2020-10-30,6886,6992,6886,6975,150176,1.2630662020905923,80149,-2758,-79872,2481,0,105834,0,33209,13234,152277,25685,2758,113081,10753,152277,572225760,-19666290,-570178490,17619020,0,756069420,0,236629000,94487500,1087185920,183843660,19666290,806807490,76868480,1087185920
2020-11-02,6954,6993,6906,6927,103492,-0.6881720430107527,11159,0,-4540,-6619,0,77229,0,24976,2736,104941,66070,0,29516,9355,104941,79564100,0,-32495870,-47068230,0,552474100,0,178452260,19562610,750488970,472910000,0,210948130,66630840,750488970
2020-11-03,6944,6992,6915,6945,62882,0.25985275010827197,6247,10000,-18402,2155,0,32791,10000,17476,3496,63763,26544,0,35878,1341,63763,44709280,71500000,-131559830,15350550,0,233866270,71500000,124663260,24932330,454961860,189156990,0,256223090,9581780,454961860
2020-11-04,6953,6982,6876,6945,51597,0.0,18339,0,-13715,-4624,0,27892,0,21559,2869,52320,9553,0,35274,7493,52320,130937210,0,-97806660,-33130550,0,199280290,0,154284770,20492720,374057780,68343080,0,252091430,53623270,374057780
2020-11-05,6954,7080,6944,6984,81464,0.5615550755939525,17834,0,-11570,-6264,0,41730,0,39868,1006,82604,23896,0,51438,7270,82604,128092970,0,-83094550,-44998420,0,299580880,0,287019960,7211120,593811960,171487910,0,370114510,52209540,593811960
2020-11-06,6983,7002,6915,6994,44288,0.143184421534937,1877,410,-8700,6413,0,12332,410,17945,14222,44909,10455,0,26645,7809,44909,13412960,2952000,-62508700,46143740,0,88564830,2952000,128786420,102163200,322466450,75151870,0,191295120,56019460,322466450
2020-11-09,7002,7002,6964,6994,61638,0.0,7978,0,-2230,-5748,0,28290,0,34206,5,62501,20312,0,36436,5753,62501,57366100,0,-16113800,-41252300,0,203178570,0,245483710,35850,448698130,145812470,0,261597510,41288150,448698130
2020-11-10,6993,7080,6974,6994,77985,0.0,7340,400,-17742,10002,0,36141,400,27385,15150,79076,28801,0,45127,5148,79076,53209570,2874000,-127968230,71884660,0,260467900,2874000,197017200,109089470,569448570,207258330,0,324985430,37204810,569448570
2020-11-11,7012,7012,6915,6945,66584,-0.7006005147269088,17811,-2210,-2984,-12617,0,32431,194,33934,958,67517,14620,2404,36918,13575,67517,127357330,-15850940,-21406680,-90099710,0,231872440,1385740,242365600,6848930,482472710,104515110,17236680,263772280,96948640,482472710
2020-11-12,6954,6992,6915,6965,23132,0.28797696184305255,2943,0,-3582,639,0,9797,0,11969,1691,23457,6854,0,15551,1052,23457,21145260,0,-25706410,4561150,0,70178580,0,85703470,12084110,167966160,49033320,0,111409880,7522960,167966160
2020-11-13,6964,6964,6926,6936,50363,-0.416367552045944,12804,-700,-11682,-422,0,26962,400,22888,819,51069,14158,1100,34570,1241,51069,91368180,-4989640,-83375340,-3003200,0,192379240,2852000,163275180,5847040,364353460,101011060,7841640,246650520,8850240,364353460
2020-11-16,6944,6992,6944,6984,59750,0.6920415224913495,4556,0,-8632,4076,0,22451,0,33685,4451,60587,17895,0,42317,375,60587,32602070,0,-61849690,29247620,0,160935700,0,241360830,31929200,434225730,128333630,0,303210520,2681580,434225730
2020-11-17,6982,7012,6964,6975,43730,-0.12886597938144329,12349,-800,-10389,-1160,0,25545,200,18588,10,44343,13196,1000,28977,1170,44343,88665290,-5764000,-74575000,-8326290,0,183402780,1436000,133467680,71900,318378360,94737490,7200000,208042680,8398190,318378360
2020-11-18,6974,7012,6934,6975,60737,0.0,15708,0,-18605,2897,0,20017,0,35058,6513,61588,4309,0,53663,3616,61588,112331240,0,-133252650,20921410,0,143282000,0,251718780,46830560,441831340,30950760,0,384971430,25909150,441831340
2020-11-19,6963,6973,6934,6945,72030,-0.43010752688172044,37047,300,-26454,-10893,0,37871,300,34867,0,73038,824,0,61321,10893,73038,264593490,2142000,-188921320,-77814170,0,270480460,2142000,249065350,0,521687810,5886970,0,437986670,77814170,521687810
2020-11-20,6944,7100,6944,7014,117068,0.9935205183585313,637,0,6164,-6801,0,12552,0,93189,12965,118706,11915,0,87025,19766,118706,4710200,0,44785330,-49495530,0,90593240,0,673200510,94019600,857813350,85883040,0,628415180,143515130,857813350
2020-11-23,6993,7158,6993,7121,67828,1.525520387795837,7140,300,-14977,7537,0,21066,300,38093,9319,68778,13926,0,53070,1782,68778,51986650,2193000,-109238880,55059230,0,153845940,2193000,278266840,68040290,502346070,101859290,0,387505720,12981060,502346070
2020-11-24,7101,7295,7052,7121,100251,0.0,-7347,-750,2438,5659,0,36352,150,51770,13382,101654,43699,900,49332,7723,101654,-52914530,-5527500,16718980,41723050,0,268188650,1096500,381172160,98742880,749200190,321103180,6624000,364453180,57019830,749200190
2020-11-25,7149,7188,7111,7131,39235,0.1404297149276787,5203,0,-2239,-2964,0,14019,0,24212,1555,39786,8816,0,26451,4519,39786,38200670,0,-16476870,-21723800,0,102952200,0,177705690,11432190,292090080,64751530,0,194182560,33155990,292090080
2020-11-26,7196,7245,7109,7159,44690,0.3926518019913056,8242,0,-5103,-3139,0,19279,0,25463,574,45316,11037,0,30566,3713,45316,60932620,0,-37764260,-23168360,0,142370130,0,187679940,4249080,334299150,81437510,0,225444200,27417440,334299150
2020-11-27,7247,7247,7150,7209,54677,0.698421567257997,-13370,177,14764,-1571,0,13934,3970,37537,2,55443,27304,3793,22773,1573,55443,-99009050,1385500,109228460,-11604910,0,103022520,29350960,277390870,14740,409779090,202031570,27965460,168162410,11619650,409779090
2020-11-30,7209,7286,7169,7229,102952,0.27743098904147595,15648,135,-17931,2148,0,53880,135,43339,7038,104392,38232,0,61270,4890,104392,116530330,997650,-133444180,15916200,0,399511280,997650,320191170,52203900,772904000,282980950,0,453635350,36287700,772904000
2020-12-01,7373,7373,7199,7199,54614,-0.41499515838981876,-757,4031,3174,-6448,0,15193,4031,35284,871,55379,15950,0,32110,7319,55379,-5588230,29829410,23751250,-47992430,0,113038700,29829410,262204170,6497360,411569640,118626930,0,238452920,54489790,411569640
2020-12-02,7294,7294,7167,7189,42013,-0.13890818169190164,-5094,-299,9688,-4295,0,716,1202,39980,704,42602,5810,1501,30292,4999,42602,-37577590,-2209600,71565810,-31778620,0,5312850,8882780,295280270,5210150,314686050,42890440,11092380,223714460,36988770,314686050
2020-12-03,7186,7284,7157,7169,58118,-0.2782028098483795,-10711,-90,17901,-7100,0,11674,0,46980,278,58932,22385,90,29079,7378,58932,-79045420,-665100,132063970,-52353450,0,86323050,0,346947820,2057100,435327970,165368470,665100,214883850,54410550,435327970
2020-12-04,7256,7256,7111,7111,55030,-0.8090389175617241,-10388,-400,8555,2233,0,11667,0,41184,2951,55802,22055,400,32629,718,55802,-76310210,-2956000,62735870,16530340,0,85863090,0,303126110,21827440,410816640,162173300,2956000,240390240,5297100,410816640
2020-12-07,7081,7121,6965,7034,138141,-1.0828294192096752,12398,-150,-13108,860,0,69376,0,66138,4560,140074,56978,150,79246,3700,140074,89338160,-1078500,-94499100,6239440,0,499103250,0,475830010,32878270,1007811530,409765090,1078500,570329110,26638830,1007811530
2020-12-08,7071,7071,6916,7034,56443,0.0,14490,0,-18327,3837,0,25321,0,27657,4256,57234,10831,0,45984,419,57234,104545230,0,-132241120,27695890,0,182542470,0,198407820,30722950,411673240,77997240,0,330648940,3027060,411673240
2020-12-09,7141,7141,6906,7024,98209,-0.1421666192777936,19118,-24358,9205,-3965,0,53374,0,46209,0,99583,34256,24358,37004,3965,99583,137098790,-173375350,64757060,-28480500,0,381961940,0,329809420,0,711771360,244863150,173375350,265052360,28480500,711771360
2020-12-10,7051,7051,6915,6945,96799,-1.1247152619589977,18181,-124,-21795,3738,0,56747,0,35920,5487,98154,38566,124,57715,1749,98154,130318670,-888480,-156163960,26733770,0,405946180,0,256791830,39251310,701989320,275627510,888480,412955790,12517540,701989320
2020-12-11,6954,6993,6867,6936,180224,-0.12958963282937366,-30827,-347,26799,4375,0,92775,0,80258,9712,182745,123602,347,53459,5337,182745,-218415930,-2470440,189524210,31362160,0,660865280,0,570502090,69296220,1300663590,879281210,2470440,380977880,37934060,1300663590
2020-12-14,6935,6955,6848,6888,134415,-0.6920415224913495,-10217,10600,4073,-4456,0,54516,10600,63964,7216,136296,64733,0,59891,11672,136296,-71939700,74946000,28489550,-31495850,0,385153330,74946000,452218970,51152720,963471020,457093030,0,423729420,82648570,963471020
2020-12-15,6885,6885,6778,6838,147026,-0.7259001161440186,-3273,5000,-4318,2591,0,54241,5000,84185,5657,149083,57514,0,88503,3066,149083,-22751370,35000000,-30441760,18193130,0,380184730,35000000,589619190,39648170,1044452090,402936100,0,620060950,21455040,1044452090
2020-12-16,6836,6982,6817,6945,44155,1.5647850248610706,3622,0,-7645,4023,0,15650,0,21966,7158,44774,12028,0,29611,3135,44774,25720490,0,-53979990,28259500,0,110561140,0,155651070,50369250,316581460,84840650,0,209631060,22109750,316581460
2020-12-17,6926,7034,6868,6888,122966,-0.8207343412526997,41748,-1000,-48083,7335,0,56513,0,52071,16103,124687,14765,1000,100154,8768,124687,296290460,-7069390,-341518100,52297030,0,400818330,0,369495550,114504000,884817880,104527870,7069390,711013650,62206970,884817880
2020-12-18,6856,6974,6846,6975,52460,1.2630662020905923,18578,-13,-21340,2775,0,25453,100,21146,6496,53195,6875,113,42486,3721,53195,132294310,-92560,-151908560,19706810,0,181155160,712000,150485850,46200150,378553160,48860850,804560,302394410,26493340,378553160
2020-12-21,6973,6992,6808,6965,67945,-0.14336917562724014,923,0,4481,-5404,0,34179,0,32579,2139,68897,33256,0,28098,7543,68897,7234290,0,31330300,-38564590,0,244512060,0,232364190,15283880,492160130,237277770,0,201033890,53848470,492160130
2020-12-22,6964,6964,6906,6927,32237,-0.5455850681981335,2049,0,5513,-7562,0,10495,0,21308,887,32690,8446,0,15795,8449,32690,14576060,0,39180620,-53756680,0,74668100,0,151505080,6310930,232484110,60092040,0,112324460,60067610,232484110
2020-12-23,6954,6954,6847,6907,60877,-0.28872527789808,3066,1220,3463,-7749,0,26852,1500,31287,2091,61730,23786,280,27824,9840,61730,21849860,8603600,24353730,-54807190,0,190024040,10585000,221200490,14784900,436594430,168174180,1981400,196846760,69592090,436594430
2020-12-24,6954,6964,6857,6936,84726,0.41986390618213404,18631,-23600,396,4573,0,44860,0,34619,6434,85913,26229,23600,34223,1861,85913,132602760,-168023210,2777590,32642860,0,319369140,0,246046470,45875430,611291040,186766380,168023210,243268880,13232570,611291040
2020-12-28,6934,7003,6887,6927,82273,-0.12975778546712802,16983,-12561,-3589,-833,0,32748,0,43261,7416,83425,15765,12561,46850,8249,83425,121140800,-89706100,-25655510,-5779190,0,233706060,0,308741420,53071590,595519070,112565260,89706100,334396930,58850780,595519070
2020-12-29,6818,7033,6818,6907,94164,-0.28872527789808,6137,-11985,3723,2125,0,21346,10700,56488,6948,95482,15209,22685,52765,4823,95482,43318730,-85542610,27216550,15007330,0,151486030,75984000,401351150,49323820,678145000,108167300,161526610,374134600,34316490,678145000
2020-12-30,6916,6944,6887,6927,72145,0.2895613146083683,33708,-7971,-21568,-4169,0,47404,100,21792,3859,73155,13696,8071,43360,8028,73155,239383900,-56594100,-153296450,-29493350,0,336640330,711000,154750800,27449240,519551370,97256430,57305100,308047250,56942590,519551370
2021-01-04,6934,6974,6759,6868,118298,-0.851739569799336,34289,-9118,-26215,1044,0,42059,0,74066,3828,119953,7770,9118,100281,2784,119953,241640300,-64373080,-184542770,7275550,0,296432120,0,522188960,26970900,845591980,54791820,64373080,706731730,19695350,845591980
2021-01-05,6819,6965,6809,6888,138920,0.29120559114735,33142,0,-26599,-6543,0,71183,0,66206,3475,140864,38041,0,92805,10018,140864,235060950,0,-189072820,-45988130,0,503099190,0,464662000,24462450,992223640,268038240,0,653734820,70450580,992223640
2021-01-06,6905,6983,6866,6984,122877,1.3937282229965158,27167,-13100,-19369,5302,0,62340,0,51939,10317,124596,35173,13100,71308,5015,124596,194043570,-93858000,-137906180,37720610,0,444609520,0,369513980,73514520,887638020,250565950,93858000,507420160,35793910,887638020
2021-01-07,6992,6992,6925,6975,80585,-0.12886597938144329,8015,-2374,-5235,-406,0,15355,200,61788,4370,81713,7340,2574,67023,4776,81713,57385810,-17029580,-37468550,-2887680,0,109870720,1426000,441836320,31281900,584414940,52484910,18455580,479304870,34169580,584414940
2021-01-08,6964,6974,6857,6907,82055,-0.974910394265233,652,3500,2508,-6660,0,20525,3500,58134,1045,83204,19873,0,55626,7705,83204,4914220,24814000,17538140,-47266360,0,145758370,24814000,412228100,7473410,590273880,140844150,0,394689960,54739770,590273880
2021-01-11,6894,6904,6738,6838,216155,-0.9989865353988707,1426,3000,-6480,2054,0,39261,3000,169330,7588,219179,37835,0,175810,5534,219179,9367260,21030000,-44889260,14492000,0,274524790,21030000,1184572320,53320620,1533447730,265157530,0,1229461580,38828620,1533447730
2021-01-12,6799,6856,6789,6819,98159,-0.2778590231061714,-20959,-50,9876,11133,0,24266,0,62220,13047,99533,45225,50,52344,1914,99533,-146963010,-350500,69083910,78229600,0,170274100,0,436143250,91640060,698057410,317237110,350500,367059340,13410460,698057410
2021-01-13,6818,6876,6769,6819,97915,0.0,-6461,3300,5488,-2327,0,16868,3300,76843,2275,99286,23329,0,71355,4602,99286,-45319580,23284000,38364760,-16329180,0,118737570,23284000,539102710,16003910,697128190,164057150,0,500737950,32333090,697128190
2021-01-14,6826,6895,6799,6819,84101,0.0,-14829,-544,20030,-4657,0,25058,201,55639,4380,85278,39887,745,35609,9037,85278,-104149550,-3850670,140754210,-32753990,0,175811620,1409030,390312690,30732780,598266120,279961170,5259700,249558480,63486770,598266120
2021-01-15,6826,6866,6789,6809,83400,-0.14664906877841327,-7169,1099,8938,-2868,0,24157,1099,57382,1929,84567,31326,0,48444,4797,84567,-49967570,7683100,62374600,-20090130,0,169260560,7683100,402112920,13568080,592624660,219228130,0,339738320,33658210,592624660
2021-01-18,6807,6807,6739,6751,147856,-0.8518137758848583,-3395,2696,3147,-2448,0,86214,2696,57988,3028,149926,89609,0,54841,5476,149926,-23611230,18844640,21760730,-16994140,0,599822680,18844640,403752750,21096410,1043516480,623433910,0,381992020,38090550,1043516480
2021-01-19,6760,6809,6703,6703,106733,-0.7110057769219376,-47567,533,43342,3692,0,24576,533,75937,7181,108227,72143,0,32595,3489,108227,-329160460,3690900,299851570,25617990,0,170251690,3690900,525733110,49806490,749482190,499412150,0,225881540,24188500,749482190
2021-01-20,6730,6827,6702,6800,72622,1.4471132328807996,25798,2055,-27365,-488,0,45216,2055,21158,5210,73639,19418,0,48523,5698,73639,179361790,14372640,-190290660,-3443770,0,315026930,14372640,146952990,36083720,512436280,135665140,0,337243650,39527490,512436280
2021-01-21,6808,6826,6759,6809,62889,0.1323529411764706,-1612,2145,-2730,2197,0,27882,2145,28832,4911,63770,29494,0,31562,2714,63770,-11281170,14945000,-18980980,15317150,0,195363510,14945000,201661070,34284910,446254490,206644680,0,220642050,18967760,446254490
2021-01-22,6779,6826,6779,6819,82997,0.146864444118079,29042,1013,-28015,-2040,0,50154,1013,31098,1895,84160,21112,0,59113,3935,84160,203189130,7080870,-196019710,-14250290,0,351082930,7080870,217611840,13264850,589040490,147893800,0,413631550,27515140,589040490
2021-01-25,6826,6855,6788,6838,130749,0.2786332306789852,10183,-6998,-1506,-1679,0,47682,3002,57796,24099,132579,37499,10000,59302,25778,132579,71214590,-48973090,-10907470,-11334030,0,334657400,21014000,404876310,169374580,929922290,263442810,69987090,415783780,180708610,929922290
2021-01-26,6836,6856,6808,6819,43814,-0.2778590231061714,11821,0,-12153,332,0,16320,0,26469,1639,44428,4499,0,38622,1307,44428,82891930,0,-85205640,2313710,0,114460560,0,185768230,11481070,311709860,31568630,0,270973870,9167360,311709860
2021-01-27,6835,6845,6788,6828,83772,0.13198416190057194,41161,1700,-46591,3730,0,57080,1700,21918,4247,84945,15919,0,68509,517,84945,288386990,11898000,-326507390,26222400,0,399889430,11898000,153596140,29845990,595229560,111502440,0,480103530,3623590,595229560
2021-01-28,6808,6846,6799,6819,65670,-0.13181019332161686,24035,-2200,-18316,-3519,0,34170,0,28256,4163,66589,10135,2200,46572,7682,66589,168424510,-15444000,-128465570,-24514940,0,239662030,0,198152780,29188130,467002940,71237520,15444000,326618350,53703070,467002940
2021-01-29,6856,6895,6808,6809,112846,-0.14664906877841327,20268,-7733,-15635,3100,0,44257,2071,63335,4763,114426,23989,9804,78970,1663,114426,142472090,-54961940,-109424870,21914720,0,311626540,14508420,445588440,33614810,805338210,169154450,69470360,555013310,11700090,805338210
2021-02-01,6894,6894,6798,6828,67878,0.2790424438243501,5109,3060,-5780,-2389,0,24882,3060,35976,4911,68829,19773,0,41756,7300,68829,35590960,21420600,-40433480,-16578080,0,174391920,21420600,252618610,34464910,482896040,138800960,0,293052090,51042990,482896040
2021-02-02,6875,6875,6807,6848,97838,0.29291154071470415,-8965,14915,-28625,22675,0,17668,30663,22270,28607,99208,26633,15748,50895,5932,99208,-62993910,104638820,-201154580,159509670,0,124279570,215557220,156565370,201209050,697611210,187273480,110918400,357719950,41699380,697611210
2021-02-03,6855,6865,6798,6838,73877,-0.14602803738317757,201,15097,-14980,-318,0,20930,15098,32028,6855,74911,20729,1,47008,7173,74911,1480710,105987290,-105299770,-2168230,0,146979970,105994340,224569790,48137870,525681970,145499260,7050,329869560,50306100,525681970
2021-02-04,6924,6924,6817,6848,45933,0.14624159110851126,-14000,4071,5193,4736,0,15817,4071,20246,6443,46577,29817,0,15053,1707,46577,-98370050,28549130,36552840,33268080,0,111192480,28549130,142461300,45290190,327493100,209562530,0,105908460,12022110,327493100
2021-02-05,6846,6875,6846,6848,49872,0.0,3165,-1435,-12895,11165,0,16011,700,22531,11329,50571,12846,2135,35426,164,50571,22309650,-10125900,-90923690,78739940,0,112891330,4939200,158852860,79897200,356580590,90581680,15065100,249776550,1157260,356580590
2021-02-08,6848,6887,6828,6878,84654,0.4380841121495327,5179,-14033,194,8660,0,20063,280,53301,12195,85839,14884,14313,53107,3535,85839,36543120,-99165780,1509470,61113190,0,141444070,1974000,376155310,86083340,605656720,104900950,101139780,374645840,24970150,605656720
2021-02-09,6887,6915,6877,6897,88881,0.2762430939226519,38940,-39979,451,588,0,46711,300,33945,9169,90125,7771,40279,33494,8581,90125,276117150,-283504910,3072360,4315400,0,331203710,2127000,240459880,65038660,638829250,55086560,285631910,237387520,60723260,638829250
2021-02-10,6877,6944,6877,6907,75339,0.1449905756125852,7111,-1818,138,-5431,0,10475,22539,42128,1252,76394,3364,24357,41990,6683,76394,50415490,-13005010,1042760,-38453240,0,74241930,159679120,298389230,8872210,541182490,23826440,172684130,297346470,47325450,541182490
2021-02-15,6905,7002,6818,6858,177297,-0.7094252207905024,8504,-18470,14137,-4171,0,57435,1150,105547,15646,179778,48931,19620,91410,19817,179778,60809370,-131072500,100001890,-29738760,0,406420490,8118500,747513850,110719530,1272772370,345611120,139191000,647511960,140458290,1272772370
2021-02-16,6836,6894,6836,6848,55523,-0.1458151064450277,13037,2290,-24717,9390,0,19180,2290,23661,11169,56300,6143,0,48378,1779,56300,92079140,16144500,-174469690,66246050,0,135420890,16144500,167016510,78807210,397389110,43341750,0,341486200,12561160,397389110
2021-02-17,6847,6915,6827,6858,129897,0.14602803738317757,-30897,12455,13075,5367,0,52881,13455,51141,14238,131715,83778,1000,38066,8871,131715,-217471590,88119220,91610000,37742370,0,373386500,95209220,361135080,100507660,930238460,590858090,7090000,269525080,62765290,930238460
2021-02-18,6857,6915,6857,6858,83863,0.0,-26289,-1771,16990,11070,0,32819,703,38153,13363,85038,59108,2474,21163,2293,85038,-185909250,-12563480,120112810,78359920,0,232180300,4977180,269847150,94613150,601617780,418089550,17540660,149734340,16253230,601617780
2021-02-19,6858,6906,6838,6888,88518,0.4374453193350831,-11681,-299,12961,-981,0,43597,1,38839,7320,89757,55278,300,25878,8301,89757,-82666120,-2104960,91712550,-6941470,0,307579480,7040,274168910,51714790,633470220,390245600,2112000,182456360,58656260,633470220
2021-02-22,6925,6925,6877,6907,60880,0.27584204413472707,-14753,-500,8260,6993,0,25793,0,28405,7535,61733,40546,500,20145,542,61733,-104396900,-3560000,58375430,49581470,0,182775990,0,201293590,53433830,437503410,287172890,3560000,142918160,3852360,437503410
2021-02-23,6906,6925,6847,6907,101441,0.0,13930,329,-16540,2281,0,61594,2703,33935,4629,102861,47664,2374,50475,2348,102861,98870310,2231200,-117272980,16171470,0,435530420,19039120,239504270,32784490,726858300,336660110,16807920,356777250,16613020,726858300
2021-02-24,6857,6935,6847,6936,106318,0.41986390618213404,25258,-500,-22894,-1864,0,74380,0,25369,8057,107806,49122,500,48263,9921,107806,179590310,-3525000,-162962500,-13102810,0,526418220,0,179030070,57059030,762507320,346827910,3525000,341992570,70161840,762507320
2021-02-25,6934,7013,6895,7014,81163,1.124567474048443,17132,-1725,-11307,-4100,0,47774,0,28527,5999,82300,30642,1725,39834,10099,82300,122413200,-12270680,-81197480,-28945040,0,341573630,0,202950710,42941530,587465870,219160430,12270680,284148190,71886570,587465870
2021-02-26,7004,7034,6906,7034,91492,0.285143997718848,47737,2,-47486,-253,0,64661,2,21346,6763,92772,16924,0,68832,7016,92772,342958590,14340,-341184270,-1788660,0,464470530,14340,153053710,48568230,666106810,121511940,0,494237980,50356890,666106810
2021-03-02,7032,7070,7022,7072,79298,0.5402331532556156,11533,1,-3845,-7689,0,25793,1,46360,8253,80407,14260,0,50205,15942,80407,83600910,7230,-27816160,-55791980,0,186964440,7230,335902390,59818180,582692240,103363530,0,363718550,115610160,582692240
2021-03-03,7090,7090,7023,7053,38239,-0.2686651583710407,3754,153,2487,-6394,0,16266,2153,19675,680,38774,12512,2000,17188,7074,38774,27197390,1127700,18017730,-46342820,0,117637510,15587700,142444690,4930260,280600160,90440120,14460000,124426960,51273080,280600160
2021-03-04,7033,7033,6994,7024,49999,-0.41117255068765063,1457,353,1977,-3787,0,20685,353,29336,325,50699,19228,0,27359,4112,50699,10419540,2547600,14293900,-27261040,0,148952460,2547600,211328110,2343260,365171430,138532920,0,197034210,29604300,365171430
2021-03-05,7042,7091,7003,7092,94369,0.9681093394077449,13754,1779,-9743,-5790,0,54081,1779,39096,734,95690,40327,0,48839,6524,95690,100433130,12911860,-71427960,-41917030,0,392303250,12911860,283132220,5297950,693645280,291870120,0,354560180,47214980,693645280
2021-03-08,7139,7139,7061,7101,98551,0.12690355329949238,-3885,10465,-6077,-503,0,32883,10465,55893,690,99931,36768,0,61970,1193,99931,-28338850,76289820,-44267040,-3683930,0,239805730,76289820,407398140,5016120,728509810,268144580,0,451665180,8700050,728509810
2021-03-09,7139,7139,7012,7101,54321,0.0,12709,6,-5167,-7548,0,16463,6,34305,4307,55081,3754,0,39472,11855,55081,92400280,43410,-37598660,-54845030,0,119764470,43410,249739400,31363440,400910720,27364190,0,287338060,86208470,400910720
2021-03-10,7099,7109,7051,7082,49153,-0.2675679481763132,11354,-298,-8644,-2412,0,30716,2,15906,3217,49841,19362,300,24550,5629,49841,82906320,-2172450,-63162800,-17571070,0,224004520,14550,115931330,23453580,363403980,141098200,2187000,179094130,41024650,363403980
2021-03-11,7100,7100,7033,7092,1065595,0.1412030499858797,10486,5,-9462,-1029,0,1044322,5,29555,6614,1080496,1033836,0,39017,7643,1080496,76223450,36250,-68852300,-7407400,0,7572104330,36250,214395640,48058470,7834594690,7495880880,0,283247940,55465870,7834594690
2021-03-12,7091,7110,7052,7092,52692,0.0,11803,2004,-7828,-5979,0,29115,2004,21869,442,53430,17312,0,29697,6421,53430,86038230,14579060,-57138560,-43478730,0,211996300,14579060,159140130,3214200,388929690,125958070,0,216278690,46692930,388929690
2021-03-15,7089,7157,7089,7159,62399,0.9447264523406655,-5432,1,-4722,10153,0,12980,1,37128,13164,63273,18412,0,41850,3011,63273,-39619150,7290,-34747700,74359560,0,95286260,7290,271856100,96425610,463575260,134905410,0,306603800,22066050,463575260
2021-03-16,7157,7186,7099,7179,113158,0.27936862690319875,-23573,-16059,39491,141,0,40575,2676,62735,8756,114742,64148,18735,23244,8615,114742,-171975730,-118419210,289320080,1074860,0,297911840,19625090,459989880,64440310,841967120,469887570,138044300,170669800,63365450,841967120
2021-03-17,7196,7206,7148,7189,76909,0.1392951664577239,17874,-15603,-7571,5300,0,36530,504,33466,7485,77985,18656,16107,41037,2185,77985,132261280,-115385650,-56090890,39215260,0,270029260,3734500,247407910,55356400,576528070,137767980,119120150,303498800,16141140,576528070
2021-03-18,7196,7206,7177,7189,83886,0.0,-9119,-23997,31345,1771,0,18114,503,64598,1846,85061,27233,24500,33253,75,85061,-67227300,-177364850,231515220,13076930,0,133910710,3717150,477454410,13631050,628713320,201138010,181082000,245939190,554120,628713320
2021-03-19,7189,7199,7159,7199,118595,0.13910140492418974,-50432,8316,42828,-712,0,27374,15502,70149,7229,120254,77806,7186,27321,7941,120254,-371971250,61328350,315976460,-5333560,0,202283020,114464750,517758220,53338400,887844390,574254270,53136400,201781760,58671960,887844390
2021-03-22,7209,7229,7179,7229,90406,0.416724545075705,11401,-14861,-13293,16753,0,30040,992,41598,19042,91672,18639,15853,54891,2289,91672,84688570,-110176170,-98692460,124180060,0,222799370,7348670,308065930,141104350,679318320,138110800,117524840,406758390,16924290,679318320
2021-03-23,7228,7237,7218,7238,92909,0.12449854751694564,-3057,-11895,4726,10226,0,29849,105,50390,13865,94209,32906,12000,45664,3639,94209,-22805210,-88389870,35168380,76026700,0,221785000,780130,374386670,103058870,700010670,244590210,89170000,339218290,27032170,700010670
2021-03-24,7245,7263,7206,7256,104658,0.24868748273003594,-3270,-6575,6708,3137,0,22334,40,70886,12863,106123,25604,6615,64178,9726,106123,-24680400,-48976880,49931870,23725410,0,166179260,297170,527955310,95841110,790272850,190859660,49274050,478023440,72115700,790272850
2021-03-25,7265,7372,7227,7355,203741,1.3643880926130099,26641,-5985,-71279,50623,0,99347,0,53051,54193,206591,72706,5985,124330,3570,206591,201368010,-44884410,-537862340,381378740,0,748853080,0,398982910,408118680,1555954670,547485070,44884410,936845250,26739940,1555954670
2021-03-26,7334,7567,7334,7491,362649,1.8490822569680492,201212,-79818,-161096,39702,0,228103,2,78581,61036,367722,26891,79820,239677,21334,367722,1545730230,-612117970,-1238297640,304685380,0,1751791750,15330,602106370,468593130,2822506580,206061520,612133300,1840404010,163907750,2822506580
2021-03-29,7498,7576,7353,7510,316689,0.2536376985716193,156523,-15656,-106636,-34231,0,190741,1606,112851,15920,321118,34218,17262,219487,50151,321118,1200253130,-120128450,-820480820,-259643860,0,1463144550,12209370,863911610,122214380,2461479910,262891420,132337820,1684392430,381858240,2461479910
2021-03-30,7431,7489,7324,7335,190780,-2.330226364846871,37274,-8219,-13523,-15532,0,64515,581,111487,16866,193449,27241,8800,125010,32398,193449,281521680,-62290490,-101579870,-117651320,0,488083580,4400640,845483630,128068850,1466036700,206561900,66691130,947063500,245720170,1466036700
2021-03-31,7324,7392,7324,7325,110587,-0.136332651670075,7107,3580,-16697,6010,0,35008,3580,55611,17936,112135,27901,0,72308,11926,112135,53747230,27100390,-126416660,45569040,0,265364960,27100390,421028610,135859220,849353180,211617730,0,547445270,90290180,849353180
2021-04-01,7324,7362,7295,7325,105249,0.0,31221,-3660,-35639,8078,0,52388,5177,36765,12392,106722,21167,8837,72404,4314,106722,235159970,-27471410,-268684840,60996280,0,394533290,38964070,276779080,93459730,803736170,159373320,66435480,545463920,32463450,803736170
2021-04-02,7314,7314,7236,7286,133828,-0.5324232081911262,10968,1935,5878,-18781,0,55307,4159,76128,107,135701,44339,2224,70250,18888,135701,82312340,14395410,43703830,-140411580,0,413140620,31053170,568649840,798220,1013641850,330828280,16657760,524946010,141209800,1013641850
2021-04-05,7285,7285,7237,7238,104357,-0.6587976942080703,-4867,7247,21995,-24375,0,38517,7247,58914,1139,105817,43384,0,36919,25514,105817,-36275800,53990150,163976510,-181690860,0,286930880,53990150,439140730,8505710,788567470,323206680,0,275164220,190196570,788567470
2021-04-06,7237,7237,7179,7209,143935,-0.40066316662061346,33863,5239,-39849,747,0,67668,10239,63327,4715,145949,33805,5000,103176,3968,145949,250471550,38812570,-294781980,5497860,0,500856790,75839570,468663690,34907610,1080267660,250385240,37027000,763445670,29409750,1080267660
2021-04-07,7254,7273,7226,7266,76079,0.7906783187682065,-19598,-4990,8291,16297,0,31694,10,28355,17086,77145,51292,5000,20064,789,77145,-146196500,-37245500,61785170,121656830,0,236675560,74500,211600710,127543120,575893890,382872060,37320000,149815540,5886290,575893890
2021-04-08,7264,7294,7157,7247,110467,-0.2614918799889898,27858,-4900,-36979,14021,0,45453,100,49732,16728,112013,17595,5000,86711,2707,112013,207687450,-36555000,-275815010,104682560,0,338687150,747000,370512490,124900090,834846730,130999700,37302000,646327500,20217530,834846730
2021-04-09,7273,7283,7186,7266,117431,0.26217745273906445,-1678,8638,-16094,9134,0,64950,14130,29380,10614,119074,66628,5492,45474,1480,119074,-12947870,64457580,-119725950,68216240,0,484426280,105316900,218452090,79213370,887408640,497374150,40859320,338178040,10997130,887408640
2021-04-12,7265,7333,7265,7296,68385,0.41288191577208916,-13769,1154,-1703,14318,0,14234,1300,38536,15273,69343,28003,146,40239,955,69343,-103225280,8640390,-12867190,107452080,0,106789370,9734000,289048790,114607760,520179920,210014650,1093610,301915980,7155680,520179920
2021-04-13,7295,7411,7265,7355,116648,0.8086622807017545,7749,-5633,-13515,11399,0,39077,0,60600,18603,118280,31328,5633,74115,7204,118280,58159350,-42682350,-101955500,86478500,0,295263350,0,457402310,140615120,893280780,237104000,42682350,559357810,54136620,893280780
2021-04-14,7392,7421,7354,7384,67768,0.3942895989123046,14431,0,-14500,69,0,31821,0,27956,8940,68717,17390,0,42456,8871,68717,109710030,0,-110296040,586010,0,241843250,0,212341510,67897100,522081860,132133220,0,322637550,67311090,522081860
2021-04-15,7411,7421,7363,7374,55389,-0.13542795232936078,9124,0,-5264,-3860,0,18197,0,31248,6720,56165,9073,0,36512,10580,56165,69145800,0,-39899860,-29245940,0,138043550,0,237257920,51070950,426372420,68897750,0,277157780,80316890,426372420
2021-04-16,7372,7401,7372,7393,61943,0.25766205587198265,34,-563,-12472,13001,0,26553,0,22054,14204,62811,26519,563,34526,1203,62811,298980,-4278800,-94835730,98815550,0,201805310,0,167548880,107946890,477301080,201506330,4278800,262384610,9131340,477301080
2021-04-19,7420,7440,7372,7393,92056,0.0,-10829,1,8270,2558,0,33007,1,51539,8798,93345,43836,0,43269,6240,93345,-82508650,7590,62939420,19561640,0,250916970,7590,391675850,66937430,709537840,333425620,0,328736430,47375790,709537840
2021-04-20,7392,7489,7392,7422,126109,0.39226295144055184,-26408,-794,-16829,44031,0,26466,1206,49096,51106,127874,52874,2000,65925,7075,127874,-202090300,-6188060,-128512990,336791350,0,202180620,9191940,374944620,390803970,977121150,404270920,15380000,503457610,54012620,977121150
2021-04-21,7420,7508,7420,7510,104365,1.1856642414443546,-1696,-2807,-1829,6332,0,39787,1093,48873,16073,105826,41483,3900,50702,9741,105826,-13139670,-21616880,-14098680,48855230,0,305806480,8424100,375637310,123547460,813415350,318946150,30040980,389735990,74692230,813415350
2021-04-22,7517,7692,7517,7607,225216,1.2916111850865513,10546,807,-28710,17357,0,101281,1007,81424,44654,228366,90735,200,110134,27297,228366,84905920,6290950,-225638280,134441410,0,794953290,7854950,636884900,349157830,1788850970,710047370,1564000,862523180,214716420,1788850970
2021-04-23,7606,7703,7606,7676,200601,0.9070592874983567,-20835,-2000,-8042,30877,0,88507,0,73820,41080,203407,109342,2000,81862,10203,203407,-164359480,-15782000,-63361060,243502540,0,698319460,0,582195170,323906340,1604420970,862678940,15782000,645556230,80403800,1604420970
2021-04-26,7771,7771,7683,7724,172843,0.6253256904637832,-9758,-5541,7573,7726,0,78314,6450,67912,22586,175262,88072,11991,60339,14860,175262,-77679790,-44003330,59763900,61919220,0,622770420,51245000,538872850,179654110,1392542380,700450210,95248330,479108950,117734890,1392542380
2021-04-27,7723,7947,7693,7822,221117,1.2687726566545832,-9676,-1046,-39369,50091,0,62509,5086,93444,63171,224210,72185,6132,132813,13080,224210,-79042660,-7866830,-316676790,403586280,0,502355390,40938220,751612020,507781870,1802687500,581398050,48805050,1068288810,104195590,1802687500
2021-04-28,7848,7848,7702,7831,167630,0.1150600869342879,54440,-11099,-32935,-10406,0,95555,408,66294,7719,169976,41115,11507,99229,18125,169976,433671430,-88406890,-262039720,-83224820,0,761968140,3242120,529562990,61570410,1356343660,328296710,91649010,791602710,144795230,1356343660
2021-04-29,7830,7986,7800,7909,160621,0.9960413740263057,10915,-1502,-38272,28859,0,69287,0,57292,36290,162869,58372,1502,95564,7431,162869,88624130,-12289400,-310042590,233707860,0,562485170,0,464903030,294018040,1321406240,473861040,12289400,774945620,60310180,1321406240
2021-04-30,7976,8024,7830,7909,149779,0.0,7532,-3986,-27889,24343,0,68090,3614,50849,29323,151876,60558,7600,78738,4980,151876,61485670,-32490180,-228141790,199146300,0,556400420,29525640,415607460,239821570,1241355090,494914750,62015820,643749250,40675270,1241355090
2021-05-03,7926,8083,7887,8006,118181,1.2264508787457327,13184,0,-23292,10108,0,59719,0,38647,21469,119835,46535,0,61939,11361,119835,107377810,0,-190511850,83134040,0,489955090,0,317102160,176001390,983058640,382577280,0,507614010,92867350,983058640
2021-05-04,7995,8074,7743,7948,261856,-0.7244566575068698,-71038,7206,59867,3965,0,104167,13316,127725,20311,265519,175205,6110,67858,16346,265519,-571431630,58441970,483137130,29852530,0,843367970,107344560,1031936310,163362790,2146011630,1414799600,48902590,548799180,133510260,2146011630
2021-05-06,7945,7994,7907,7938,115889,-0.12581781580271767,-21180,0,-8993,30173,0,43505,0,34337,39668,117510,64685,0,43330,9495,117510,-173572770,0,-73332850,246905620,0,355447700,0,280590570,324501810,960540080,529020470,0,353923420,77596190,960540080
2021-05-07,7936,7965,7907,7938,87997,0.0,5922,0,-13339,7417,0,40732,0,37162,11335,89229,34810,0,50501,3918,89229,48314310,0,-108759000,60444690,0,332080970,0,302852420,92389110,727322500,283766660,0,411611420,31944420,727322500
2021-05-10,7938,8055,7928,7978,185645,0.5039052658100277,-24176,-5896,-12341,42413,0,63729,2000,74327,48185,188241,87905,7896,86668,5772,188241,-199868540,-48277200,-101203000,349348740,0,524351910,16470000,611959500,396945540,1549726950,724220450,64747200,713162500,47596800,1549726950
2021-05-11,8014,8034,7957,7968,150223,-0.12534469791927802,-18777,-10944,-9949,39670,0,68103,1160,35290,47773,152326,86880,12104,45239,8103,152326,-154562200,-89874640,-81862760,326299600,0,559093670,9565700,289245950,392710260,1250615580,713655870,99440340,371108710,66410660,1250615580
2021-05-12,8024,8024,7879,7987,131627,0.2384538152610442,38324,-763,4118,-41679,0,67789,0,57967,7714,133470,29465,763,53849,49393,133470,312442290,-6264230,34255360,-340433420,0,552614130,0,472831070,62786560,1088231760,240171840,6264230,438575710,403219980,1088231760
2021-05-13,7957,8024,7831,7987,135894,0.0,28667,-4606,-41204,17143,0,76626,246,34576,26348,137796,47959,4852,75780,9205,137796,232114690,-37860840,-334619660,140365810,0,623216470,1992600,281220160,215311310,1121740540,391101780,39853440,615839820,74945500,1121740540
2021-05-14,8023,8023,7907,8006,82917,0.23788656566921246,6414,4515,-9133,-1796,0,32486,10265,37799,3528,84078,26072,5750,46932,5324,84078,51621070,36909690,-73722430,-14808330,0,265934490,84128190,310547280,28802240,689412200,214313420,47218500,384269710,43610570,689412200
2021-05-17,8006,8006,7948,7978,85489,-0.3497376967274544,-2589,987,6876,-5274,0,33515,1007,44704,7460,86686,36104,20,37828,12734,86686,-21386290,8093730,56454150,-43161590,0,274506420,8257330,366457150,61161040,710381940,295892710,163600,310003000,104322630,710381940
2021-05-18,7945,8023,7945,8025,72524,0.5891200802206067,54,-100,-7934,7980,0,43332,0,19983,10225,73540,43278,100,27917,2245,73540,449560,-820000,-65189490,65559930,0,355553210,0,163951340,83980620,603485170,355103650,820000,229140830,18420690,603485170
2021-05-20,8032,8032,7935,8015,57620,-0.12461059190031153,1488,20,-3755,2247,0,31561,20,16918,9928,58427,30073,0,20673,7681,58427,12158140,163700,-30737720,18415880,0,258675280,163700,138686920,81557560,479083460,246517140,0,169424640,63141680,479083460
2021-05-21,8032,8032,7955,8015,89322,0.0,3517,6,-15429,11906,0,36715,6,40138,13713,90572,33198,0,55567,1807,90572,29046770,49210,-127004220,97908240,0,301465710,49210,329717540,112777180,744009640,272418940,0,456721760,14868940,744009640
2021-05-24,8023,8023,7966,8006,56642,-0.11228945726762321,5461,-594,-6524,1657,0,23470,1006,27753,5207,57436,18009,1600,34277,3550,57436,44987430,-4876800,-53693870,13583240,0,192663060,8259200,227645740,42757660,471325660,147675630,13136000,281339610,29174420,471325660
2021-05-25,8023,8043,7994,8045,95758,0.48713464901324005,-12368,3650,-1012,9730,0,41361,3660,40916,11162,97099,53729,10,41928,1432,97099,-102022900,30038900,-8302680,80286680,0,340919150,30121300,337311160,92105130,800456740,442942050,82400,345613840,11818450,800456740
2021-05-26,8072,8072,8023,8045,53858,0.0,-14594,1241,12699,654,0,16489,1241,32370,4512,54612,31083,0,19671,3858,54612,-120773440,10263060,105084460,5425920,0,136264340,10263060,267645560,37309100,451482060,257037780,0,162561100,31883180,451482060
2021-05-27,8075,8132,8055,8085,118154,0.4972032318210068,2686,-993,-9993,8300,0,51683,0,57166,10958,119807,48997,993,67159,2658,119807,21825800,-8244740,-82645930,69064870,0,429376160,0,475612930,91191950,996181040,407550360,8244740,558258860,22127080,996181040
2021-05-28,8131,8189,8073,8152,112493,0.8286951144094001,28873,3173,-37926,5880,0,64528,4773,31589,13178,114068,35655,1600,69515,7298,114068,241785460,26565090,-317841990,49491440,0,539841850,39959090,264036210,110387090,954224240,298056390,13394000,581878200,60895650,954224240
2021-05-31,8190,8277,8101,8201,101249,0.6010794896957802,36275,-100,-37634,1459,0,66298,0,24196,12172,102666,30023,100,61830,10713,102666,305300460,-849000,-317503970,13052510,0,558149350,0,202769180,102600090,863518620,252848890,849000,520273150,89547580,863518620
2021-06-01,8247,8413,8208,8356,167671,1.8900134129984147,29048,-2131,-25316,-1601,0,107411,777,44828,17000,170016,78363,2908,70144,18601,170016,249757930,-18353350,-217529830,-13874750,0,923816720,6698270,385250380,146052190,1461817560,674058790,25051620,602780210,159926940,1461817560
2021-06-02,8354,8481,8315,8434,281282,0.9334609861177597,-68882,4142,14199,50541,0,133231,6004,80147,65835,285217,202113,1862,65948,15294,285217,-596810390,36034720,122657870,438117800,0,1157125220,52159640,695088800,570639220,2475012880,1753935610,16124920,572430930,132521420,2475012880
2021-06-03,8493,8530,8443,8513,139965,0.9366848470476643,27423,6,-2133,-25296,0,97950,6,37767,6201,141924,70527,0,39900,31497,141924,238923990,52130,-18649460,-220326660,0,853352110,52130,328864630,54033410,1236302280,614428120,0,347514090,274360070,1236302280
2021-06-04,8600,8600,7996,8493,138025,-0.2349348055914484,8705,10,6974,-15689,0,73330,10,55533,11084,139957,64625,0,48559,26773,139957,76027870,86900,60438110,-136552880,0,636834730,86900,480827300,96231910,1213980840,560806860,0,420389190,232784790,1213980840
2021-06-07,8493,8493,8172,8406,129439,-1.0243730130695867,9131,4700,5489,-19320,0,62941,5000,58966,4343,131250,53810,300,53477,23663,131250,78854320,40073000,47062600,-165989920,0,538739250,42650000,504147010,37198650,1122734910,459884930,2577000,457084410,203188570,1122734910
2021-06-08,8396,8424,8210,8270,105427,-1.6178919819176778,-19951,2500,18325,-874,0,33487,2500,64187,6729,106903,53438,0,45862,7603,106903,-169118830,21280000,155005040,-7166210,0,284356700,21280000,544958160,57401640,907996500,453475530,0,389953120,64567850,907996500
2021-06-09,8268,8384,8218,8317,164754,0.5683192261185006,-7435,19165,-3470,-8260,0,102923,19181,37188,7767,167059,110358,16,40658,16027,167059,-62671110,163381130,-29974690,-70735330,0,878814520,163516490,316325130,66181260,1424837400,941485630,135360,346299820,136916590,1424837400
2021-06-10,8384,8384,8218,8317,73805,0.0,-8656,3284,16242,-10870,0,25982,3284,42571,3002,74839,34638,0,26329,13872,74839,-73307620,27873300,137900130,-92465810,0,220932370,27873300,361502150,25461740,635769560,294239990,0,223602020,117927550,635769560
2021-06-11,8316,8316,8101,8191,226635,-1.5149693399062163,-42220,7652,51109,-16541,0,87659,7819,133990,338,229806,129879,167,82881,16879,229806,-353120660,64193590,428043230,-139116160,0,735055180,65599730,1123317260,2844890,1926817060,1088175840,1406140,695274030,141961050,1926817060
2021-06-14,8172,8191,7978,7978,190616,-2.6004150897326337,-75391,5197,78163,-7969,0,54792,10297,125592,2601,193282,130183,5100,47429,10570,193282,-623882450,42930220,647149600,-66197370,0,453812230,85500500,1040785070,21662350,1601760150,1077694680,42570280,393635470,87859720,1601760150
2021-06-15,7975,8033,7935,8035,171173,0.7144647781398847,-46968,939,33865,12164,0,75517,939,77585,19527,173568,122485,0,43720,7363,173568,-384318420,7689920,276793770,99834730,0,618676210,7689920,635684790,160242800,1422293720,1002994630,0,358891020,60408070,1422293720
2021-06-16,8082,8082,7965,8025,119604,-0.12445550715619166,-37164,4260,47678,-14774,0,33273,4260,77906,5838,121277,70437,0,30228,20612,121277,-305346470,35028910,391519480,-121201920,0,273512150,35028910,640269560,48184840,996995460,578858620,0,248750080,169386760,996995460
2021-06-17,8073,8073,7966,7996,77107,-0.3613707165109034,-11266,-9262,31696,-11168,0,29353,1520,47077,236,78186,40619,10782,15381,11404,78186,-92436470,-76006220,260186990,-91744300,0,240976030,12464000,386463460,1938410,641841900,333412500,88470220,126276470,93682710,641841900
2021-06-18,8023,8052,7975,8025,94484,0.36268134067033514,-22278,0,22517,-239,0,24855,0,60550,10401,95806,47133,0,38033,10640,95806,-183155930,0,185000040,-1844110,0,204346310,0,497988400,85657080,787991790,387502240,0,312988360,87501190,787991790
2021-06-21,8025,8094,7870,8065,149892,0.4984423676012461,-6996,10913,16719,-20636,0,59225,10913,80638,1214,151990,66221,0,63919,21850,151990,-54050680,88588560,134438580,-168976460,0,484389170,88588560,656541730,9913970,1239433430,538439850,0,522103150,178890430,1239433430
2021-06-22,8100,8100,7935,8015,41965,-0.6199628022318662,5813,0,3119,-8932,0,16201,0,21876,4476,42553,10388,0,18757,13408,42553,47896530,0,25557080,-73453610,0,133476010,0,180214720,36993150,350683880,85579480,0,154657640,110446760,350683880
2021-06-23,8054,8054,7927,7958,86485,-0.7111665626949469,6417,-10200,24329,-20546,0,44812,452,40665,1767,87696,38395,10652,16336,22313,87696,52581870,-83350720,199017460,-168248610,0,366571420,3688320,332789900,14485320,717534960,313989550,87039040,133772440,182733930,717534960
2021-06-24,7888,7956,7879,7919,76314,-0.49007288263382753,-1808,-8300,11538,-1430,0,28245,700,43859,4578,77382,30053,9000,32321,6008,77382,-15017660,-67392750,94011620,-11601210,0,229825240,5689000,356660420,37301230,629475890,244842900,73081750,262648800,48902440,629475890
2021-06-25,7898,7956,7869,7909,96070,-0.12627857052658165,-5342,1000,5801,-1459,0,40693,1000,49668,6055,97416,46035,0,43867,7514,97416,-43370530,8125750,47121600,-11876820,0,330370560,8125750,403096340,49177820,790770470,373741090,0,355974740,61054640,790770470
2021-06-28,7907,7907,7869,7880,68205,-0.36667088127449743,-13079,500,23300,-10721,0,23221,500,45351,88,69160,36300,0,22051,10809,69160,-106168340,4050000,188984350,-86866010,0,188200880,4050000,367766800,712410,560730090,294369220,0,178782450,87578420,560730090
2021-06-29,7917,7945,7868,7938,60854,0.7360406091370558,13045,120,-1395,-11770,0,34643,225,24618,2220,61706,21598,105,26013,13990,61706,106035430,975600,-11496920,-95514110,0,281621750,1829250,199751590,18028480,501231070,175586320,853650,211248510,113542590,501231070
2021-06-30,7938,7978,7889,7978,77215,0.5039052658100277,-1042,-2729,10066,-6295,0,30877,2271,42928,2220,78296,31919,5000,32862,8515,78296,-8383820,-22243410,81920420,-51293190,0,251977310,18511250,349928540,18122740,638539840,260361130,40754660,268008120,69415930,638539840
2021-07-01,7976,7995,7801,7822,109660,-1.955377287540737,-36864,-18678,75957,-20415,0,17995,1322,91791,86,111194,54859,20000,15834,20501,111194,-297428480,-151242720,613923320,-165252120,0,145413790,10720960,742237570,694120,899066440,442842270,161963680,128314250,165946240,899066440
2021-07-02,7859,7888,7781,7802,79902,-0.25568908207619534,-15615,1000,24847,-10232,0,34559,1000,41473,3988,81020,50174,0,16626,14220,81020,-125455600,8050000,199537590,-82131990,0,277562430,8050000,333087790,32140210,650840430,403018030,0,133550200,114272200,650840430
2021-07-05,7800,7800,7333,7724,151441,-0.9997436554729556,-32904,2386,33990,-3472,0,32945,2386,107506,10723,153560,65849,0,73516,14195,153560,-261949110,19011580,270328650,-27391120,0,261611700,19011580,853893700,85526980,1220043960,523560810,0,583565050,112918100,1220043960
2021-07-06,7753,7762,7683,7763,118224,0.5049197307094769,-60608,2876,62699,-4967,0,21310,2876,91734,3959,119879,81918,0,29035,8926,119879,-481056150,22942500,497530700,-39417050,0,169169400,22942500,728049040,31438600,951599540,650225550,0,230518340,70855650,951599540
2021-07-07,7762,7762,7636,7744,121929,-0.24475074069303104,-18911,3164,35315,-19568,0,45832,3164,74405,235,123636,64743,0,39090,19803,123636,-148465740,24980960,278292850,-154808070,0,361801300,24980960,587108680,1854920,975745860,510267040,0,308815830,156662990,975745860
2021-07-08,7779,7779,7604,7694,147011,-0.6456611570247934,13277,-1846,-2064,-9367,0,77027,1200,65257,5584,149068,63750,3046,67321,14951,149068,104857780,-14427280,-16454290,-73976210,0,607770030,9431000,514525720,43978280,1175705030,502912250,23858280,530980010,117954490,1175705030
2021-07-09,7675,7694,7559,7637,137902,-0.7408370158565116,36087,147,-44151,7917,0,65314,211,56755,17552,139832,29227,64,100906,9635,139832,282317750,1152000,-345553490,62083740,0,510946730,1651840,444469270,137601050,1094668890,228628980,499840,790022760,75517310,1094668890
2021-07-12,7701,7701,7614,7684,72317,0.6154249050674349,-23851,700,17664,5487,0,22622,700,42843,7165,73330,46473,0,25179,1678,73330,-187533610,5517800,138866290,43149520,0,178025690,5517800,336727780,56325950,576597220,365559300,0,197861490,13176430,576597220
2021-07-13,7682,7760,7664,7684,119523,0.0,-63844,22221,32399,9224,0,33069,22221,52091,13815,121196,96913,0,19692,4591,121196,-505701530,176628790,256097680,72975060,0,261770250,176628790,412174150,109283190,959856380,767471780,0,156076470,36308130,959856380
2021-07-14,7724,7724,7587,7667,93688,-0.22123893805309736,-15956,-18101,39939,-5882,0,33252,1899,53395,6454,95000,49208,20000,13456,12336,95000,-125414010,-141960120,313524260,-46150130,0,261091920,14919190,419114920,50607490,745733520,386505930,156879310,105590660,96757620,745733520
2021-07-15,7664,7789,7557,7782,201748,1.4999347854441112,21817,-69900,18870,29213,0,122777,100,47423,34271,204571,100960,70000,28553,5058,204571,171197480,-546573810,145845100,229531230,0,967471950,800000,371221470,269340960,1608834380,796274470,547373810,225376370,39809730,1608834380
2021-07-16,7780,7780,7605,7714,92606,-0.8738113595476741,18175,-39673,36122,-14624,0,41224,327,48230,4121,93902,23049,40000,12108,18745,93902,143364030,-312963500,285047920,-115448450,0,325556750,2586760,380750400,32544980,741438890,182192720,315550260,95702480,147993430,741438890
2021-07-19,7713,7742,7625,7724,134866,0.12963443090484833,-38364,200,45681,-7517,0,65429,200,64749,6376,136754,103793,0,19068,13893,136754,-304168500,1587000,361536180,-58954680,0,517466650,1587000,512095180,50534380,1081683210,821635150,0,150559000,109489060,1081683210
2021-07-20,7723,7820,7656,7812,140002,1.1393060590367685,-16030,3997,21763,-9730,0,62159,4997,67686,7119,141961,78189,1000,45923,16849,141961,-125951890,31352360,171125190,-76525660,0,491177810,39382360,533984040,56237820,1120782030,617129700,8030000,362858850,132763480,1120782030
2021-07-21,7810,7810,7723,7724,232232,-1.1264720942140296,-196636,303,11075,185258,0,11506,303,23403,200269,235481,208142,0,12328,15011,235481,-1472969870,2406850,88038440,1382524580,0,91792600,2406850,186297150,1502145320,1782641920,1564762470,0,98258710,119620740,1782641920
2021-07-22,7741,7741,7664,7684,49166,-0.5178663904712585,2146,200,21660,-24006,0,13520,200,33819,2316,49855,11374,0,12159,26322,49855,16969500,1583370,171267840,-189820710,0,106938270,1583370,267474580,18326990,394323210,89968770,0,96206740,208147700,394323210
2021-07-23,7734,7734,7637,7667,68757,-0.22123893805309736,-1582,1978,21280,-21676,0,26088,1978,38225,3429,69720,27670,0,16945,25105,69720,-12404700,15551080,167450310,-170596690,0,205437330,15551080,301012350,27062340,549063100,217842030,0,133562040,197659030,549063100
2021-07-26,7694,7704,7607,7667,57029,0.0,12703,2785,6347,-21835,0,28942,2785,23717,2384,57828,16239,0,17370,24219,57828,99930500,21912210,49719750,-171562460,0,227532950,21912210,186331300,18751730,454528190,127602450,0,136611550,190314190,454528190
2021-07-27,7675,7683,7586,7676,70778,0.11738620059997393,-8966,429,33265,-24728,0,20145,2429,48059,1136,71769,29111,2000,14794,25864,71769,-70025920,3222050,260298570,-193494700,0,158061890,19002050,376213760,8884780,562162480,228087810,15780000,115915190,202379480,562162480
2021-07-28,7675,7675,7617,7657,41942,-0.24752475247524752,8008,-2547,5042,-10503,0,20894,200,19330,2107,42531,12886,2747,14288,12610,42531,62803660,-20073360,39724730,-82455030,0,164049790,1573000,151919160,16577460,334119410,101246130,21646360,112194430,99032490,334119410
2021-07-29,7673,7702,7614,7704,99308,0.6138174219668278,37566,1517,-24558,-14525,0,51658,1770,43945,3326,100699,14092,253,68503,17851,100699,296819130,11915920,-194619320,-114115730,0,407887850,13904500,345766470,26220550,793779370,111068720,1988580,540385790,140336280,793779370
2021-07-30,7692,7780,7625,7782,65926,1.0124610591900312,5655,100,-5917,162,0,32934,100,21362,12453,66849,27279,0,27279,12291,66849,45238140,795000,-47371180,1338040,0,260600410,795000,168427810,98235270,528058490,215362270,0,215798990,96897230,528058490
2021-08-02,7780,7780,7655,7763,60981,-0.24415317399126188,8577,200,-8456,-321,0,33932,200,15262,12442,61836,25355,0,23718,12763,61836,67869950,1595000,-67171150,-2293800,0,269693230,1595000,121219420,99119390,491627040,201823280,0,188390570,101413190,491627040
2021-08-03,7780,7780,7683,7763,59649,0.0,3400,102,-6757,3255,0,14006,190,29061,17228,60485,10606,88,35818,13973,60485,27268580,813820,-54158870,26076470,0,111295510,1509900,230283520,136846080,479935010,84026930,696080,284442390,110769610,479935010
2021-08-04,7761,7869,7693,7870,130551,1.3783331186397012,9926,100,-17404,7378,0,78907,100,38359,15012,132378,68981,0,55763,7634,132378,80124890,797000,-139707690,58785800,0,631520670,797000,306481910,119529630,1058329210,551395780,0,446189600,60743830,1058329210
2021-08-05,7859,7859,7762,7822,34010,-0.6099110546378653,-7143,0,6553,590,0,5720,0,24452,4315,34487,12863,0,17899,3725,34487,-57569660,0,52867370,4702290,0,46058740,0,196856000,34690220,277604960,103628400,0,143988630,29987930,277604960
2021-08-06,7868,7887,7771,7840,83164,0.2301201738685758,18209,-1290,-12989,-3930,0,45313,0,36878,2137,84328,27104,1290,49867,6067,84328,147524790,-10410300,-105621400,-31493090,0,365907980,0,297002560,17273410,680183950,218383190,10410300,402623960,48766500,680183950
2021-08-09,7868,7868,7790,7850,37934,0.12755102040816327,6755,0,-242,-6513,0,14661,490,23287,28,38466,7906,490,23529,6541,38466,54368030,-24500,-1988480,-52355050,0,118055530,3929800,187238060,224460,309447850,63687500,3954300,189226540,52579510,309447850
2021-08-10,7858,7858,7761,7850,60848,0.0,-12521,-10355,27875,-4999,0,20076,763,40848,13,61700,32597,11118,12973,5012,61700,-99719640,-82930850,222748680,-40098190,0,161311830,6089370,326845330,104610,494351140,261031470,89020220,104096650,40202800,494351140
2021-08-11,7849,7908,7780,7909,68105,0.7515923566878981,25260,322,-21545,-4037,0,51283,2982,14766,28,69059,26023,2660,36311,4065,69059,204270540,2587240,-174337950,-32519830,0,414079000,23965440,118544730,226080,556815250,209808460,21378200,292882680,32745910,556815250
2021-08-12,7898,7967,7849,7968,83241,0.7459855860412189,-19713,836,-3060,21937,0,27983,880,31333,24211,84407,47696,44,34393,2274,84407,-159057190,6772680,-25899140,178183650,0,228108210,7128200,253726240,196691530,685654180,387165400,355520,279625380,18507880,685654180
2021-08-13,7927,7957,7849,7958,100045,-0.12550200803212852,10526,124,-19006,8356,0,51664,124,35954,13703,101445,41138,0,54960,5347,101445,85715990,1003160,-154538000,67818850,0,419845040,1003160,290927020,111090920,822866140,334129050,0,445465020,43272070,822866140
2021-08-17,7956,7956,7859,7948,100315,-0.12565971349585323,26588,12573,-31265,-7896,0,54597,14169,31644,1309,101719,28009,1596,62909,9205,101719,216863190,101730820,-254567000,-64027010,0,444530720,114770140,256466470,10589830,826357160,227667530,13039320,511033470,74616840,826357160
2021-08-18,7945,7955,7858,7928,125507,-0.25163563160543534,2247,-218,-14831,12802,0,59386,3208,50762,13908,127264,57139,3426,65593,1106,127264,19114240,-2019150,-121072940,103977850,0,483105000,25971270,411130280,112949400,1033155950,463990760,27990420,532203220,8971550,1033155950
2021-08-19,7946,7946,7859,7889,95019,-0.4919273461150353,21260,-5055,-15330,-875,0,40048,4714,47930,3658,96350,18788,9769,63260,4533,96350,172570970,-40971390,-124521160,-7078420,0,324670650,38195200,387932800,29624520,780423170,152099680,79166590,512453960,36702940,780423170
2021-08-20,7907,7907,7780,7831,111457,-0.735200912663202,-9256,-2095,17502,-6151,0,38233,561,67579,6644,113017,47489,2656,50077,12795,113017,-74994750,-16966870,141255070,-49293450,0,306923390,4493610,543296220,53690150,908403370,381918140,21460480,402041150,102983600,908403370
2021-08-23,7868,7868,7732,7831,37423,0.0,2574,-4660,78,2008,0,14343,1134,19679,2792,37948,11769,5794,19601,784,37948,20805080,-37609690,617720,16186890,0,115514260,9089950,158295030,22478610,305377850,94709180,46699640,157677310,6291720,305377850
2021-08-24,7830,7868,7830,7860,41364,0.37032307495849826,7715,0,-2890,-4825,0,20437,0,18975,2531,41943,12722,0,21865,7356,41943,62265160,0,-23379060,-38886100,0,165014760,0,153191400,20449670,338655830,102749600,0,176570460,59335770,338655830
2021-08-25,7878,7878,7810,7870,36820,0.1272264631043257,4428,-756,-2276,-1396,0,19767,1305,15309,955,37336,15339,2061,17585,2351,37336,35759190,-6108350,-18434060,-11216780,0,159776770,10551140,123681710,7723890,301733510,124017580,16659490,142115770,18940670,301733510
2021-08-26,7849,7908,7780,7909,50866,0.4955527318932656,17405,0,-14389,-3016,0,31900,0,19158,521,51579,14495,0,33547,3537,51579,141097860,0,-116716100,-24381760,0,258414330,0,154772810,4184180,417371320,117316470,0,271488910,28565940,417371320
2021-08-27,7879,7907,7830,7899,47068,-0.1264382349222405,-7135,1,4744,2390,0,14571,2,29143,4011,47727,21706,1,24399,1621,47727,-57715590,8100,38411950,19295540,0,117824010,16180,235530620,32423730,385794540,175539600,8080,197118670,13128190,385794540
2021-08-30,7898,7917,7859,7909,39899,0.126598303582732,7428,100,-365,-7163,0,18557,100,21544,257,40458,11129,0,21909,7420,40458,60256900,811000,-2994220,-58073680,0,150417640,811000,174475740,2086640,327791020,90160740,0,177469960,60160320,327791020
2021-08-31,7907,7926,7848,7928,122975,0.2402326463522569,16529,445,-37415,20441,0,60679,2445,38973,22600,124697,44150,2000,76388,2159,124697,133946130,3485050,-303202620,165771440,0,491208800,19770050,315344730,183287340,1009610920,357262670,16285000,618547350,17515900,1009610920
2021-09-01,7955,7955,7858,7938,119660,0.12613521695257315,-16994,-8000,18392,6602,0,66821,5000,37983,11531,121335,83815,13000,19591,4929,121335,-137477190,-65136880,148995940,53618130,0,542848540,40590000,308368330,93634890,985441760,680325730,105726880,159372390,40016760,985441760
2021-09-02,7936,7955,7897,7938,59983,0.0,6626,3000,-17848,8222,0,20274,3000,27054,10495,60823,13648,0,44902,2273,60823,53859830,24390000,-145099130,66849300,0,164969550,24390000,220270530,85363190,494993270,111109720,0,365369660,18513890,494993270
2021-09-03,7938,8006,7880,7978,142990,0.5039052658100277,-15564,2500,48569,-35505,0,17909,3000,94025,30057,144991,33473,500,45456,65562,144991,-127287920,20267890,397135970,-290115940,0,146003290,24360000,769041530,245259520,1184664340,273291210,4092110,371905560,535375460,1184664340
2021-09-06,8005,8005,7937,7987,50529,0.11281022812735021,-355,11005,-13333,2683,0,13450,11200,16979,9608,51237,13805,195,30312,6925,51237,-2973350,90287600,-109424460,22110210,0,110295150,91888550,139180670,78820970,420185340,113268500,1600950,248605130,56710760,420185340
2021-09-07,7985,8013,7965,8015,66099,0.35056967572305,-22154,-465,9495,13124,0,2055,5,50842,14122,67024,24209,470,41347,998,67024,-182226470,-3822290,78183630,107865130,0,16876700,41110,417838640,116059650,550816100,199103170,3863400,339655010,8194520,550816100
2021-09-08,8013,8022,7965,8015,59265,0.0,-4825,650,-5104,9279,0,11603,650,32941,14901,60095,16428,0,38045,5622,60095,-39664740,5333250,-42074060,76405550,0,95429100,5333250,270873150,122612590,494248090,135093840,0,312947210,46207040,494248090
2021-09-09,8023,8023,7956,7996,59751,-0.23705552089831566,-27121,0,19686,7435,0,12536,3000,34454,10598,60588,39657,3000,14768,3163,60588,-222297480,0,161403080,60894400,0,102873050,24570000,282415260,86848890,496707200,325170530,24570000,121012180,25954490,496707200
2021-09-10,7995,8013,7966,8006,20131,0.12506253126563283,-2604,0,512,2092,0,4842,0,12977,2595,20414,7446,0,12465,503,20414,-21378390,0,4168470,17209920,0,39813180,0,106631520,21338240,167782940,61191570,0,102463050,4128320,167782940
2021-09-13,8023,8023,7946,8006,63748,0.0,-18068,0,15778,2290,0,16079,0,41875,6686,64640,34147,0,26097,4396,64640,-147827910,0,129107060,18720850,0,131908160,0,343090770,54787660,529786590,279736070,0,213983710,36066810,529786590
2021-09-14,8004,8004,7926,7996,51115,-0.12490632025980515,-11387,-1475,14202,-1340,0,12669,25,35872,3266,51832,24056,1500,21670,4606,51832,-93235720,-12125370,116307750,-10946660,0,103889140,204630,293896780,26789080,424779630,197124860,12330000,177589030,37735740,424779630
2021-09-15,7995,7995,7946,7996,32207,0.0,6161,-1745,-5756,1340,0,6731,0,23779,2149,32659,570,1745,29535,809,32659,50514020,-14332500,-47140970,10959450,0,55187230,0,194883540,17585840,267656610,4673210,14332500,242024510,6626390,267656610
2021-09-16,7996,7996,7948,7978,36412,-0.22511255627813906,2544,-7600,9847,-4791,0,10446,1000,23764,1712,36922,7902,8600,13917,6503,36922,20823520,-62254000,80601130,-39170650,0,85659210,8190000,194563450,14037030,302449690,64835690,70444000,113962320,53207680,302449690
2021-09-17,7996,7996,7948,7978,63923,0.0,10841,-800,9668,-19709,0,23612,200,40551,455,64818,12771,1000,30883,20164,64818,88908090,-6574000,79088300,-161422390,0,193619520,1636000,332146140,3730840,531132500,104711430,8210000,253057840,165153230,531132500
2021-09-23,7978,8015,7948,7978,89023,0.0,-517,-2322,6970,-4131,0,10622,0,59759,19888,90269,11139,2322,52789,24019,90269,-4319120,-19050400,56729620,-33360100,0,87045000,0,489390120,163112970,739548090,91364120,19050400,432660500,196473070,739548090
2021-09-24,7976,7976,7957,7958,94500,-0.25068939583855604,-9160,1,25971,-16812,0,13319,1,80058,2445,95823,22479,0,54087,19257,95823,-75022790,8200,212600740,-137586150,0,108993620,8200,655381100,20007560,784390480,184016410,0,442780360,157593710,784390480
2021-09-27,7966,7995,7936,7996,171174,0.4775069112842423,-30361,201,24887,5273,0,24501,6679,120933,21457,173570,54862,6478,96046,16184,173570,-248673570,1585680,203705370,43382520,0,200923910,54795060,991829340,176018140,1423566450,449597480,53209380,788123970,132635620,1423566450
2021-09-28,7994,8013,7945,8015,126737,0.23761880940470237,-51594,9056,26179,16359,0,14979,11956,79890,21685,128510,66573,2900,53711,5326,128510,-424041100,74453560,214966030,134621510,0,123088930,98292560,656443640,178206870,1056032000,547130030,23839000,441477610,43585360,1056032000
2021-09-29,7830,7869,7780,7870,165397,-1.8091079226450406,1297,1375,12580,-15252,0,47440,6438,97323,16510,167711,46143,5063,84743,31762,167711,10658260,10993760,100910530,-122562550,0,381912660,51847170,782571650,132930260,1349261740,371254400,40853410,681661120,255492810,1349261740
2021-09-30,7869,7908,7830,7909,56192,0.4955527318932656,3959,-609,-1720,-1630,0,19121,3141,23081,11637,56980,15162,3750,24801,13267,56980,32080450,-4914600,-13951920,-13213930,0,154820870,25422900,186811930,94193980,461249680,122740420,30337500,200763850,107407910,461249680
2021-10-01,7907,7936,7848,7938,101194,0.36667088127449743,3551,1184,1977,-6712,0,27845,1454,69593,3718,102610,24294,270,67616,10430,102610,28858280,9594370,16072460,-54525110,0,226262420,11792170,565959250,30200070,834213910,197404140,2197800,549886790,84725180,834213910
2021-10-05,7936,7936,7771,7840,111693,-1.2345679012345678,43198,743,-19546,-24395,0,59465,1930,41547,10314,113256,16267,1187,61093,34709,113256,347488260,5916350,-157594700,-195809910,0,478233430,15505070,333397350,83081420,910217270,130745170,9588720,490992050,278891330,910217270
2021-10-06,7771,7829,7722,7782,346474,-0.7397959183673469,-182863,10,9139,173714,0,67887,10,46534,236889,351320,250750,0,37395,63175,351320,-1364372360,79500,72641440,1291651420,0,541530480,79500,371027360,1795511980,2708149320,1905902840,0,298385920,503860560,2708149320
2021-10-07,7723,7869,7723,7870,105917,1.1308147005911076,11250,0,-9340,-1910,0,57462,0,33076,16861,107399,46212,0,42416,18771,107399,90562760,0,-75376300,-15186460,0,460342140,0,264435530,134838240,859615910,369779380,0,339811830,150024700,859615910
2021-10-08,7868,7897,7771,7850,56937,-0.25412960609911056,17162,-4727,-7773,-4662,0,24219,1000,23806,8709,57734,7057,5727,31579,13371,57734,138030460,-37973140,-62752990,-37304330,0,194730120,8010000,191023930,69982140,463746190,56699660,45983140,253776920,107286470,463746190
2021-10-12,7848,7848,7742,7831,102318,-0.24203821656050956,2070,1600,31833,-35503,0,22399,2000,74355,4996,103750,20329,400,42522,40499,103750,16611540,12772000,254560300,-283943840,0,179534480,16000000,596130680,40012820,831677980,162922940,3228000,341570380,323956660,831677980
2021-10-13,7830,7887,7761,7870,81833,0.49802068701315283,64863,-36542,-24162,-4159,0,66527,0,12219,4233,82979,1664,36542,36381,8392,82979,522210220,-294242180,-194622550,-33345490,0,535588410,0,98056590,33891420,667536420,13378190,294242180,292679140,67236910,667536420
2021-10-14,7869,7869,7771,7870,107324,0.0,57529,-11700,-33412,-12417,0,64543,2000,35217,7066,108826,7014,13700,68629,19483,108826,463131110,-94583000,-269220950,-99327160,0,519742050,15990000,282766960,56868750,875367760,56610940,110573000,551987910,156195910,875367760
2021-10-15,7869,7869,7762,7812,96821,-0.7369758576874206,726,3933,29248,-33907,0,26084,17327,45965,8801,98177,25358,13394,16717,42708,98177,5853580,31378290,233967110,-271198980,0,209221450,138910730,368109560,70548440,786790180,203367870,107532440,134142450,341747420,786790180
2021-10-18,7811,7830,7772,7822,46489,0.12800819252432155,1826,-6631,-4161,8966,0,16069,0,17640,13432,47141,14243,6631,21801,4466,47141,14586400,-53188770,-33555500,72157870,0,129087960,0,141476820,107942320,378507100,114501560,53188770,175032320,35784450,378507100
2021-10-19,7820,7868,7771,7850,97685,0.3579647149066735,11260,-1400,-3311,-6549,0,31044,0,48711,19298,99053,19784,1400,52022,25847,99053,90535660,-11286000,-27147270,-52102390,0,249874690,0,392040370,155289760,797204820,159339030,11286000,419187640,207392150,797204820
2021-10-20,7848,7868,7820,7840,63909,-0.12738853503184713,11627,1125,-22547,9795,0,32920,1125,17342,13417,64804,21293,0,39889,3622,64804,93794420,9077500,-181749880,78877960,0,265518460,9077500,139917510,108088410,522601880,171724040,0,321667390,29210450,522601880
2021-10-21,7848,7848,7800,7840,34533,0.0,17871,1000,-14291,-4580,0,27472,1000,6105,440,35017,9601,0,20396,5020,35017,143667560,8030000,-114909890,-36787670,0,220768520,8030000,49048600,3537490,281384610,77100960,0,163958490,40325160,281384610
2021-10-22,7800,7848,7800,7840,40260,0.0,12294,-11190,-15173,14069,0,14120,10,10005,16689,40824,1826,11200,25178,2620,40824,99001070,-90079500,-122210430,113288860,0,113692870,80500,80522100,134363340,328658810,14691800,90160000,202732530,21074480,328658810
2021-10-25,7839,7849,7762,7812,52513,-0.35714285714285715,7321,1676,-9297,300,0,26448,3186,20603,3011,53248,19127,1510,29900,2711,53248,58853170,13314000,-74594210,2427040,0,212418280,25474200,165441950,24208480,427542910,153565110,12160200,240036160,21781440,427542910
2021-10-26,7810,7848,7790,7831,62509,0.24321556579621098,-24650,-391,7967,17074,0,16630,0,25338,21416,63384,41280,391,17371,4342,63384,-197960240,-3155370,64039570,137076040,0,133514080,0,203644290,171963870,509122240,331474320,3155370,139604720,34887830,509122240
2021-10-27,7830,7848,7810,7840,87220,0.11492785084918913,-4921,2619,781,1521,0,28394,2619,53484,3944,88441,33315,0,52703,2423,88441,-39568400,21101080,6165110,12302210,0,228746640,21101080,430628560,31790370,712266650,268315040,0,424463450,19488160,712266650
2021-10-28,7848,7858,7780,7840,49946,0.0,15098,1753,-15051,-1800,0,28508,1753,14026,6359,50646,13410,0,29077,8159,50646,121482570,14101970,-120881340,-14703200,0,229157620,14101970,112555650,50938560,406753800,107675050,0,233436990,65641760,406753800
2021-10-29,7838,7838,7780,7831,72836,-0.11479591836734696,45467,1101,-33374,-13194,0,52276,1101,19714,766,73857,6809,0,53088,13960,73857,365295180,8835040,-268288820,-105841400,0,420042420,8835040,157926630,6152780,592956870,54747240,0,426215450,111994180,592956870
2021-11-01,7830,7849,7781,7822,150205,-0.11492785084918913,502,2000,47475,-49977,0,56236,2000,84974,9097,152307,55734,0,37499,59074,152307,4171330,16030000,380502520,-400703850,0,451248500,16030000,681362880,73071040,1221712420,447077170,0,300860360,473774890,1221712420
2021-11-02,7809,7809,7752,7782,115361,-0.5113781641523907,820,9310,11745,-21875,0,50456,9310,52713,4496,116975,49636,0,40968,26371,116975,6624640,74472000,93590790,-174687430,0,403122230,74472000,421063230,35953390,934610850,396497590,0,327472440,210640820,934610850
2021-11-03,7781,7791,7724,7744,80470,-0.48830634798252376,-21171,5468,31371,-15668,0,19832,5468,55214,1083,81597,41003,0,23843,16751,81597,-168577090,43529560,249776660,-124729130,0,157909710,43529560,439541230,8644140,649624640,326486800,0,189764570,133373270,649624640
2021-11-04,7742,7789,7732,7782,54444,0.490702479338843,9281,4,3383,-12668,0,36835,4,15784,2583,55206,27554,0,12401,15251,55206,74112230,31890,26836990,-100981110,0,293898520,31890,125744190,20589760,440264360,219786290,0,98907200,121570870,440264360
2021-11-05,7772,7772,7694,7744,112509,-0.48830634798252376,15624,1,-6795,-8830,0,47366,1,59516,7201,114084,31742,0,66311,16031,114084,124011760,7960,-53999340,-70020380,0,376456660,7960,471967740,57268400,905700760,252444900,0,525967080,127288780,905700760
2021-11-08,7772,7772,7684,7744,35939,0.0,6770,1000,-9689,1919,0,13556,1000,17244,4643,36443,6786,0,26933,2724,36443,53859160,7930000,-77006800,15217640,0,107746580,7930000,136942030,36852220,289470830,53887420,0,213948830,21634580,289470830
2021-11-09,7772,7772,7714,7754,51522,0.1291322314049587,8624,3000,-3088,-8536,0,25850,3000,22271,1122,52243,17226,0,25359,9658,52243,68694410,23850000,-24595960,-67948450,0,205763480,23850000,177232830,8929520,415775830,137069070,0,201828790,76877970,415775830
2021-11-10,7752,7780,7722,7782,54926,0.3611039463502708,13808,-198,-1382,-12228,0,39268,2,16298,127,55695,25460,200,17680,12355,55695,110097730,-1584060,-11124320,-97389350,0,313074870,15940,129755210,1012670,443858690,202977140,1600000,140879530,98402020,443858690
2021-11-11,7780,7780,7742,7782,56120,0.0,4694,-206,-7069,2581,0,19591,0,30372,6943,56906,14897,206,37441,4362,56906,37612870,-1648000,-56646880,20682010,0,156677910,0,242736520,55536170,454950600,119065040,1648000,299383400,34854160,454950600
2021-11-12,7790,7790,7753,7773,31823,-0.1156515034695451,-4107,13,704,3390,0,12825,13,12535,6897,32270,16932,0,11831,3507,32270,-32772130,103930,5561340,27106860,0,102479870,103930,100164700,55105720,257854220,135252000,0,94603360,27998860,257854220
2021-11-15,7781,7820,7762,7812,52805,0.5017367811655732,-5276,1,-1911,7186,0,21504,1,23872,8168,53545,26780,0,25783,982,53545,-42328710,8000,-15337920,57658630,0,172354360,8000,191293610,65503760,429159730,214683070,0,206631530,7845130,429159730
2021-11-16,7811,7820,7791,7812,35840,0.0,-16189,-1,14560,1630,0,10189,0,24023,2131,36343,26378,1,9463,501,36343,-129877520,-8020,116808920,13076620,0,81769210,0,192740340,17092280,291601830,211646730,8020,75931420,4015660,291601830
2021-11-17,7819,7829,7771,7782,35192,-0.38402457757296465,2865,0,4079,-6944,0,18433,0,17245,7,35685,15568,0,13166,6951,35685,23053320,0,32600570,-55653890,0,147849990,0,138187090,56070,286093150,124796670,0,105586520,55709960,286093150
2021-11-18,7780,7799,7752,7782,39566,0.0,1798,-2395,-1521,2118,0,13954,0,20420,5748,40122,12156,2395,21941,3630,40122,14418870,-19136050,-12224190,16941370,0,111530410,0,163089830,45953220,320573460,97111540,19136050,175314020,29011850,320573460
2021-11-19,7809,7809,7752,7782,26745,0.0,622,0,-340,-282,0,9504,0,16875,742,27121,8882,0,17215,1024,27121,4990760,0,-2752410,-2238350,0,75927850,0,134826260,5935990,216690100,70937090,0,137578670,8174340,216690100
2021-11-22,7801,7801,7753,7802,38340,0.2570033410434336,2451,30,438,-2919,0,19752,30,19085,11,38878,17301,0,18647,2930,38878,19617090,240000,3447210,-23304300,0,157956280,240000,152357750,87870,310641900,138339190,0,148910540,23392170,310641900
2021-11-23,7799,7809,7742,7792,63014,-0.12817226352217378,-11753,0,10583,1170,0,35795,0,24883,3219,63897,47548,0,14300,2049,63897,-93627760,0,84279550,9348210,0,286317850,0,198579150,25725170,510622170,379945610,0,114299600,16376960,510622170
2021-11-24,7791,7801,7753,7802,58644,0.12833675564681724,-5429,-710,5346,793,0,19671,2048,34860,2886,59465,25100,2758,29514,2093,59465,-43484550,-5749020,42858660,6374910,0,157389980,16342560,279022080,23122940,475877560,200874530,22091580,236163420,16748030,475877560
2021-11-25,7801,7810,7762,7802,55924,0.0,3018,3969,-3880,-3107,0,44889,3969,5497,2353,56708,41871,0,9377,5460,56708,24343350,31702790,-31164810,-24881330,0,359187140,31702790,43940780,18827510,453658220,334843790,0,75105590,43708840,453658220
2021-11-26,7801,7811,7762,7812,55117,0.12817226352217378,-14340,1285,14270,-1215,0,21738,5065,25567,3520,55890,36078,3780,11297,4735,55890,-114882330,10344530,114209460,-9671660,0,174101520,40536380,204752580,28233720,447624200,288983850,30191850,90543120,37905380,447624200
2021-11-29,7809,7809,7410,7782,61758,-0.38402457757296465,18877,95,-6418,-12554,0,38184,2504,18232,3703,62623,19307,2409,24650,16257,62623,150310810,764710,-51099780,-99975740,0,304257440,20036710,144910130,29532430,498736710,153946630,19272000,196009910,129508170,498736710
2021-11-30,7780,7780,7665,7724,91917,-0.7453096890259574,19932,1534,14868,-36334,0,49895,1539,39962,1808,93204,29963,5,25094,38142,93204,157544580,12237280,117978220,-287760080,0,395720930,12277000,317019930,14385000,739402860,238176350,39720,199041710,302145080,739402860
2021-12-01,7733,7772,7635,7773,95715,0.6343863283272916,13468,4091,-17651,92,0,46889,4091,31271,14803,97054,33421,0,48922,14711,97054,107255980,32378220,-140115740,481540,0,372294680,32378220,247851860,117178820,769703580,265038700,0,387967600,116697280,769703580
2021-12-02,7772,7772,7713,7773,44104,0.0,13353,750,-2560,-11543,0,31867,750,7841,4265,44723,18514,0,10401,15808,44723,106096220,5970000,-20392690,-91673530,0,253366390,5970000,62393500,33935010,355664900,147270170,0,82786190,125608540,355664900
2021-12-03,7771,7780,7723,7724,40762,-0.6303872378746944,9679,2000,2407,-14086,0,19602,2000,14465,5266,41333,9923,0,12058,19352,41333,77063770,15900000,19113060,-112076830,0,156019510,15900000,115069350,41944740,328933600,78955740,0,95956290,154021570,328933600
2021-12-06,7721,7731,7673,7684,44681,-0.5178663904712585,15250,178,14073,-29501,0,20338,178,22695,2096,45307,5088,0,8622,31597,45307,120368860,1407980,111196180,-232973020,0,160694510,1407980,179426330,16583130,358111950,40325650,0,68230150,249556150,358111950
2021-12-07,7724,7733,7666,7734,60163,0.6507027589796981,7543,0,16371,-23914,0,18822,0,33991,8192,61005,11279,0,17620,32106,61005,59430600,0,129208410,-188639010,0,148679260,0,268527390,64884300,482090950,89248660,0,139318980,253523310,482090950
2021-12-08,7732,7732,7693,7724,35707,-0.12929919834497025,16470,-2000,5181,-19651,0,21030,0,15175,2,36207,4560,2000,9994,19653,36207,130670050,-15880000,41027010,-155817060,0,166872320,0,120330560,15880,287218760,36202270,15880000,79303550,155832940,287218760
2021-12-09,7733,7772,7675,7676,73136,-0.6214396685655101,-28481,9,29068,-596,0,17173,9,53798,3180,74160,45654,0,24730,3776,74160,-226206190,71010,230866200,-4731020,0,136273520,71010,427613780,25206980,589165290,362479710,0,196747580,29938000,589165290
2021-12-10,7721,7760,7673,7704,72926,0.36477331943720687,23592,-9999,971,-14564,0,26939,1,39707,7300,73947,3347,10000,38736,21864,73947,187686140,-79792060,7856880,-115750960,0,214259170,7940,316011860,57884260,588163230,26573030,79800000,308154980,173635220,588163230
2021-12-13,7704,7752,7704,7734,26556,0.3894080996884735,18055,-30,-13704,-4321,0,20859,0,5883,187,26929,2804,30,19587,4508,26929,143627390,-239100,-108983460,-34404830,0,165935250,0,46753480,1484440,214173170,22307860,239100,155736940,35889270,214173170
2021-12-14,7733,7772,7703,7773,30828,0.504266873545384,12493,0,-7103,-5390,0,23924,0,6862,475,31261,11431,0,13965,5865,31261,99639430,0,-56669750,-42969680,0,190966680,0,54750910,3795100,249512690,91327250,0,111420660,46764780,249512690
2021-12-15,7723,7772,7723,7773,19179,0.0,3464,2580,-4262,-1782,0,5227,2581,11060,581,19449,1763,1,15322,2363,19449,27675020,20511920,-34007830,-14179110,0,41708860,20519890,88036280,4631380,154896410,14033840,7970,122044110,18810490,154896410
2021-12-16,7780,7780,7733,7773,19472,0.0,6901,94,-4823,-2172,0,10295,94,8491,866,19746,3394,0,13314,3038,19746,55083050,748240,-38522460,-17308830,0,82120800,748240,67712870,6918950,157500860,27037750,0,106235330,24227780,157500860
2021-12-17,7772,7820,7743,7812,81307,0.5017367811655732,-22038,16015,-12369,18392,0,15384,16015,27939,23108,82446,37422,0,40308,4716,82446,-176634140,128180760,-99081010,147534390,0,123240930,128180760,223618520,185264100,660304310,299875070,0,322699530,37729710,660304310
2021-12-20,7821,7821,7714,7744,98924,-0.8704557091653866,9498,9520,-9003,-10015,0,53156,9520,30797,6835,100308,43658,0,39800,16850,100308,75605710,75904600,-71475130,-80035180,0,424022240,75904600,245803970,54480900,800211710,348416530,0,317279100,134516080,800211710
2021-12-21,7772,7800,7693,7773,82948,0.3744834710743802,-4057,1,-3635,7691,0,41426,1,23073,19609,84109,45483,0,26708,11918,84109,-32756170,7990,-28819480,61567660,0,330063180,7990,183992400,156633410,670696980,362819350,0,212811880,95065750,670696980
2021-12-22,7809,7809,7761,7782,40601,0.11578541103820918,-7443,4493,-7777,10727,0,3772,4493,22178,10727,41170,11215,0,29955,0,41170,-59535530,35890120,-62100000,85745410,0,30164130,35890120,177223920,85745410,329023580,89699660,0,239323920,0,329023580
2021-12-23,7799,7809,7771,7782,68327,0.0,-19542,3407,3275,12860,0,19548,3407,31580,14749,69284,39090,0,28305,1889,69284,-156606800,27266440,26224650,103115710,0,156483950,27266440,252910860,118233230,554894480,313090750,0,226686210,15117520,554894480
2021-12-24,7791,7820,7781,7802,69178,0.2570033410434336,-41049,-5802,47914,-1063,0,9634,255,56610,3648,70147,50683,6057,8696,4711,70147,-328757320,-46497040,383751140,-8496780,0,77224260,2045100,453404200,29220740,561894300,405981580,48542140,69653060,37717520,561894300
2021-12-27,7809,7809,7790,7792,34847,-0.12817226352217378,-8351,-3004,525,10830,0,3484,0,20748,11104,35336,11835,3004,20223,274,35336,-66990370,-24102060,4237410,86855020,0,27921990,0,166424600,89051770,283398360,94912360,24102060,162187190,2196750,283398360
2021-12-28,7809,7809,7752,7782,151006,-0.12833675564681724,-108371,5,2729,105637,0,7155,5,32049,113910,153119,115526,0,29320,8273,153119,-817095060,40050,21854980,795200030,0,57350880,40050,256763290,861459610,1175613830,874445940,0,234908310,66259580,1175613830
2021-12-29,7780,7789,7742,7782,75393,0.0,18244,-6,-5755,-12483,0,42209,1,18530,15709,76449,23965,7,24285,28192,76449,145779490,-47880,-46202330,-99529280,0,337398770,8000,147931970,125536590,610875330,191619280,55880,194134300,225065870,610875330
2021-12-30,7801,7801,7733,7734,64248,-0.6168080185042405,14039,0,155,-14194,0,32130,0,19307,13711,65148,18091,0,19152,27905,65148,112180550,0,1038350,-113218900,0,256266180,0,153872130,109337510,519475820,144085630,0,152833780,222556410,519475820
2022-01-03,7801,7830,7733,7802,65672,0.8792345487457979,-502,-1,5302,-4799,0,24400,0,33108,9083,66591,24902,1,27806,13882,66591,-4050920,-8010,42361420,-38302490,0,195162090,0,265218930,72693920,533074940,199213010,8010,222857510,110996410,533074940
2022-01-04,7790,7799,7722,7792,104951,-0.12817226352217378,33794,1000,-14649,-20145,0,69096,1000,12210,24114,106420,35302,0,26859,44259,106420,269625910,7960000,-117079470,-160506440,0,551418580,7960000,97313920,192343210,849035710,281792670,0,214393390,352849650,849035710
2022-01-05,7801,7811,7753,7812,47595,0.25667351129363447,4745,1014,-12445,6686,0,28732,1015,9412,9104,48263,23987,1,21857,2418,48263,38073150,8091720,-99653410,53488540,0,229621030,8099700,75207810,72788750,385717290,191547880,7980,174861220,19300210,385717290
2022-01-06,7811,7811,7733,7812,57641,0.0,12680,4169,-19756,2907,0,40139,4169,6718,7423,58449,27459,0,26474,4516,58449,101518190,33307340,-158008950,23183420,0,320907670,33307340,53632240,59285100,467132350,219389480,0,211641190,36101680,467132350
2022-01-07,7809,7809,7752,7782,32225,-0.38402457757296465,69,7063,-4953,-2179,0,13893,8563,8610,1612,32678,13824,1500,13563,3791,32678,755140,56454610,-39774710,-17435040,0,111267150,68469610,68915020,12911960,261563740,110512010,12015000,108689730,30347000,261563740
2022-01-10,7752,7790,7722,7792,87333,0.1285016705217168,12172,-1822,-15432,5082,0,54693,7795,19471,6596,88555,42521,9617,34903,1514,88555,97789900,-14827670,-123563440,40601210,0,437170490,62108330,155120370,52664650,707063840,339380590,76936000,278683810,12063440,707063840
2022-01-11,7753,7801,7733,7802,50436,0.12833675564681724,14871,-600,-12637,-1634,0,33927,0,13566,3649,51142,19056,600,26203,5283,51142,119035790,-4807000,-101226410,-13002380,0,271586890,0,108345880,29171390,409104160,152551100,4807000,209572290,42173770,409104160
2022-01-12,7801,7811,7753,7812,29594,0.12817226352217378,15242,3446,-19364,676,0,17822,3546,2930,5711,30009,2580,100,22294,5035,30009,122040230,27600140,-155149920,5509550,0,142709850,28402140,23454720,45753170,240319880,20669620,802000,178604640,40243620,240319880
2022-01-13,7810,7810,7772,7802,40410,-0.12800819252432155,17762,87,-15744,-2105,0,33259,87,6894,736,40976,15497,0,22638,2841,40976,142467060,695130,-126321410,-16840780,0,266543260,695130,55178970,5888710,328306070,124076200,0,181500380,22729490,328306070
2022-01-14,7772,7821,7743,7822,46782,0.25634452704434757,16883,-3200,-24440,10757,0,29341,0,6025,12071,47437,12458,3200,30465,1314,47437,135415930,-25637000,-196052170,86273240,0,235333700,0,48288060,96803620,380425380,99917770,25637000,244340230,10530380,380425380
2022-01-17,7753,7821,7753,7822,38014,0.0,25343,-297,-26168,1122,0,28447,0,8184,1916,38547,3104,297,34352,794,38547,203291660,-2381940,-209872320,8962600,0,228140910,0,65481720,15326330,308948960,24849250,2381940,275354040,6363730,308948960
2022-01-18,7821,7830,7801,7822,42106,0.0,28448,-200,-25458,-2790,0,35026,0,5498,2172,42696,6578,200,30956,4962,42696,228735090,-1608000,-204694430,-22432660,0,281601670,0,44155080,17441440,343198190,52866580,1608000,248849510,39874100,343198190
2022-01-19,7820,7838,7780,7831,53478,0.1150600869342879,28292,0,-26705,-1587,0,38163,0,8683,7381,54227,9871,0,35388,8968,54227,227523040,0,-214698800,-12824240,0,306870850,0,69705560,59308460,435884870,79347810,0,284404360,72132700,435884870
2022-01-20,7820,7839,7790,7840,35427,0.11492785084918913,18534,-100,-16659,-1775,0,34357,0,1561,5,35923,15823,100,18220,1780,35923,149085180,-805000,-134009600,-14270580,0,276298070,0,12556570,40210,288894850,127212890,805000,146566170,14310790,288894850
2022-01-21,7839,7868,7800,7840,46222,0.0,5609,7,-16338,10722,0,21305,107,14192,11266,46870,15696,100,30530,544,46870,45218110,55320,-131665810,86392380,0,171626910,861320,114338200,90776200,377602630,126408800,806000,246004010,4383820,377602630
2022-01-24,7839,7849,7528,7850,65514,0.12755102040816327,27147,-15533,-10559,-1055,0,34493,7,23273,8659,66432,7346,15540,33832,9714,66432,217941590,-124542000,-84796710,-8602880,0,276984230,56210,186568330,69348320,532957090,59042640,124598210,271365040,77951200,532957090
2022-01-25,7753,7830,7683,7822,109824,-0.35668789808917195,36422,49,-20375,-16096,0,76452,1050,25919,7940,111361,40030,1001,46294,24036,111361,291341450,318580,-163311450,-128348580,0,610600560,8366500,206112970,63237350,888317380,319259110,8047920,369424420,191585930,888317380
2022-01-26,7830,7839,7743,7822,50474,0.0,4735,1800,-4892,-1643,0,37642,1800,3245,8494,51181,32907,0,8137,10137,51181,37855370,14418000,-39152620,-13120750,0,301224940,14418000,25952500,67971090,409566530,263369570,0,65105120,81091840,409566530
2022-01-27,7820,8170,7294,7831,228645,0.1150600869342879,47021,2730,-66030,16279,0,100931,6755,89385,34772,231843,53910,4025,155415,18493,231843,375517450,21392440,-526307930,129398040,0,806485010,53677190,712745700,277530040,1850437940,430967560,32284750,1239053630,148132000,1850437940
2022-01-28,7830,7838,7752,7831,75726,0.0,24824,3512,-7782,-20554,0,44013,5012,23922,3839,76786,19189,1500,31704,24393,76786,198809430,28045880,-62499650,-164355660,0,352479130,40045880,191166740,30684420,614376170,153669700,12000000,253666390,195040080,614376170
2022-02-03,7820,7848,7761,7840,94031,0.11492785084918913,-4542,2503,-20292,22331,0,31230,2503,32858,28756,95347,35772,0,53150,6425,95347,-36338430,19998970,-163205980,179545440,0,251270590,19998970,264150510,231194500,766614570,287609020,0,427356490,51649060,766614570
2022-02-04,7838,7838,7800,7831,62876,-0.11479591836734696,6593,0,-17289,10696,0,23747,0,27245,12764,63756,17154,0,44534,2068,63756,53104660,0,-139215300,86110640,0,191172430,0,219313530,102751510,513237470,138067770,0,358528830,16640870,513237470
2022-02-07,7839,7839,7780,7840,41514,0.11492785084918913,4542,-6048,-4073,5579,0,26389,0,6607,9100,42096,21847,6048,10680,3521,42096,36533500,-48624800,-32863490,44954790,0,212349510,0,53100860,73247480,338697850,175816010,48624800,85964350,28292690,338697850
2022-02-08,7839,7839,7771,7840,69691,0.0,-672,-4180,-8691,13543,0,32576,0,19123,18967,70666,33248,4180,27814,5424,70666,-5205660,-33588420,-70252920,109047000,0,262194310,0,153697510,152656270,568548090,267399970,33588420,223950430,43609270,568548090
2022-02-09,7839,7848,7800,7840,62075,0.0,-14980,0,6178,8802,0,27333,0,24879,10732,62944,42313,0,18701,1930,62944,-120179050,0,49491920,70687130,0,219802700,0,200166400,86211380,506180480,339981750,0,150674480,15524250,506180480
2022-02-10,7839,7926,7800,7919,82667,1.0076530612244898,-9503,-1106,-23029,33638,0,43669,0,5661,34495,83825,53172,1106,28690,857,83825,-76233260,-8998320,-185914350,271145930,0,352253940,0,45662170,278115160,676031270,428487200,8998320,231576520,6969230,676031270
2022-02-11,7887,7887,7800,7870,112919,-0.61876499558025,-10526,-6300,22034,-5208,0,46986,13059,42110,12343,114498,57512,19359,20076,17551,114498,-84036490,-50762590,177081850,-42282770,0,378441350,104883770,338546620,99229630,921101370,462477840,155646360,161464770,141512400,921101370
2022-02-14,7800,7868,7771,7860,35492,-0.12706480304955528,6051,730,-4818,-1963,0,11719,730,23208,333,35990,5668,0,28026,2296,35990,48587670,5832700,-38601270,-15819100,0,94271870,5832700,186502540,2684010,289291120,45684200,0,225103810,18503110,289291120
2022-02-15,7849,7878,7810,7860,45514,0.0,-18717,1,13043,5673,0,7632,1,31466,7054,46153,26349,0,18423,1381,46153,-151192590,8090,105274570,45909930,0,61607080,8090,254082600,57019500,372717270,212799670,0,148808030,11109570,372717270
2022-02-16,7868,7878,7810,7860,122508,0.0,25706,-45491,41197,-21412,0,43634,13940,61469,5179,124222,17928,59431,20272,26591,124222,206920930,-365823430,331462310,-172559810,0,351642110,112133130,494865390,41689170,1000329800,144721180,477956560,163403080,214248980,1000329800
2022-02-17,7869,7869,7791,7802,130447,-0.7379134860050891,3080,19234,10986,-33300,0,42881,19234,59376,10782,132273,39801,0,48390,44082,132273,24818220,154719440,88185520,-267723180,0,345087330,154719440,477555130,86944670,1064306570,320269110,0,389369610,354667850,1064306570
2022-02-18,7820,7830,7781,7802,80509,0.0,-9503,11795,-3385,1093,0,22213,11795,41808,5820,81636,31716,0,45193,4727,81636,-76340900,94679270,-27127670,8789300,0,178251670,94679270,335476590,46723950,655131480,254592570,0,362604260,37934650,655131480
2022-02-21,7801,7839,7762,7822,27724,0.25634452704434757,-4342,2000,-3167,5509,0,8725,2000,9362,8026,28113,13067,0,12529,2517,28113,-34825670,16030000,-25270880,44066550,0,70028670,16030000,75066100,64247900,225372670,104854340,0,100336980,20181350,225372670
2022-02-22,7820,7830,7772,7812,312014,-0.12784454103809767,18247,500,5662,-24409,0,264448,500,51105,325,316378,246201,0,45443,24734,316378,146299430,4000000,45344770,-195644200,0,2123303390,4000000,409716490,2606710,2539626590,1977003960,0,364371720,198250910,2539626590
2022-02-23,7821,7830,7781,7822,31205,0.12800819252432155,10914,-6844,182,-4252,0,14914,20,13389,3320,31643,4000,6864,13207,7572,31643,87571030,-54846500,1365850,-34090380,0,119706280,160600,107341990,26633750,253842620,32135250,55007100,105976140,60724130,253842620
2022-02-24,7781,7811,7733,7812,87919,-0.12784454103809767,13403,-1000,-6074,-6329,0,47637,0,20712,20800,89149,34234,1000,26786,27129,89149,107327400,-8014000,-48722110,-50591290,0,380682290,0,165361100,166245460,712288850,273354890,8014000,214083210,216836750,712288850
2022-02-25,7820,7820,7781,7812,43372,0.0,-2634,1762,7349,-6477,0,17002,2200,18018,6760,43980,19636,438,10669,13237,43980,-21051290,14131440,58818950,-51899100,0,136310070,17644000,144391880,54219120,352565070,157361360,3512560,85572930,106118220,352565070
2022-02-28,7821,7821,7744,7754,168890,-0.7424475166410651,-59856,7399,25414,27043,0,81981,7799,52202,29270,171252,141837,400,26788,2227,171252,-478244500,59035470,202302760,216906270,0,654371900,62247470,416778430,234667660,1368065460,1132616400,3212000,214475670,17761390,1368065460
2022-03-02,7792,7841,7703,7813,147300,0.7608976012380707,-112,1,-6944,7055,0,99093,1,34598,13982,147674,99205,0,41542,6927,147674,-647530,7940,-55429970,56069560,0,787011190,7940,274604130,110957450,1172580710,787658720,0,330034100,54887890,1172580710
2022-03-03,7831,7841,7773,7813,186916,0.0,-13664,8164,4550,950,0,142286,8164,23118,13822,187390,155950,0,18568,12872,187390,-108441840,64850490,36058740,7532610,0,1131991850,64850490,183744510,109921120,1490507970,1240433690,0,147685770,102388510,1490507970
2022-03-04,7831,7841,7792,7823,49376,0.12799180852425446,10952,1879,-5659,-7172,0,27545,2679,16560,2718,49502,16593,800,22219,9890,49502,87066860,14920550,-45062700,-56924710,0,218877250,21288550,131522540,21559970,393248310,131810390,6368000,176585240,78484680,393248310
2022-03-07,7821,7821,7703,7724,95314,-1.265499169116707,14595,-4882,9347,-19060,0,32106,2505,54260,6686,95557,17511,7387,44913,25746,95557,115519570,-38465910,73143850,-150197510,0,253473520,19752800,428304680,52853250,754384250,137953950,58218710,355160830,203050760,754384250
2022-03-08,7724,7724,7616,7646,113676,-1.0098394614189539,12320,3886,-15997,-209,0,49742,3886,52605,7731,113964,37422,0,68602,7940,113964,95667220,30194700,-124171940,-1689980,0,386748080,30194700,409264550,60148870,886356200,291080860,0,533436490,61838850,886356200
2022-03-10,7646,7744,7626,7676,182562,0.39236201935652626,12907,941,-26154,12306,0,57244,1150,91567,33064,183025,44337,209,117721,20758,183025,101019200,7336600,-203727400,95371600,0,446190380,8966900,712462060,257361920,1424981260,345171180,1630300,916189460,161990320,1424981260
2022-03-11,7676,7676,7567,7676,85322,0.0,10034,5587,688,-16309,0,44267,5587,27678,8007,85539,34233,0,26990,24316,85539,78330240,43488260,4810330,-126628830,0,344702610,43488260,215132340,62249040,665572250,266372370,0,210322010,188877870,665572250
2022-03-14,7676,7676,7646,7676,68029,0.0,10683,1463,-19579,7433,0,36995,1464,21390,8353,68202,26312,1,40969,920,68202,83445730,11394570,-152739160,57898860,0,288406620,11402360,166655150,65065660,531529790,204960890,7790,319394310,7166800,531529790
2022-03-15,7674,7762,7654,7714,96250,0.49504950495049505,26426,490,-34424,7508,0,62106,490,17526,16372,96494,35680,0,51950,8864,96494,207326270,3817100,-269667700,58524330,0,486044010,3817100,136770120,127975730,754606960,278717740,0,406437820,69451400,754606960
2022-03-16,7714,7743,7694,7734,34980,0.25926886180969666,819,781,199,-1799,0,19686,2049,10685,2649,35069,18867,1268,10486,4448,35069,6533160,6120850,1523900,-14177910,0,154388860,16049290,83715250,20743420,274896820,147855700,9928440,82191350,34921330,274896820
2022-03-17,7734,7734,7646,7676,71813,-0.7499353504008276,3312,-8835,28407,-22884,0,26065,3633,39071,3227,71996,22753,12468,10664,26111,71996,25898890,-68856880,221671990,-178714000,0,203294820,28314900,304895080,25197990,561702790,177395930,97171780,83223090,203911990,561702790
2022-03-18,7664,7712,7654,7694,70505,0.23449713392391872,-24395,605,5936,17854,0,26346,605,15007,28727,70685,50741,0,9071,10873,70685,-190413490,4722610,46231110,139459770,0,205650630,4722610,117094440,224288820,551756500,396064120,0,70863330,84829050,551756500
2022-03-21,7693,7693,7644,7694,57896,0.0,7313,3707,-4938,-6082,0,27135,3707,23294,3907,58043,19822,0,28232,9989,58043,57176090,28889530,-38582390,-47483230,0,211879530,28889530,181728420,30489060,452986540,154703440,0,220310810,77972290,452986540
2022-03-22,7693,7722,7683,7714,119402,0.25994281258123214,-3880,0,-20606,24486,0,60533,0,31104,28068,119705,64413,0,51710,3582,119705,-30232600,0,-161567430,191800030,0,474074900,0,243444410,219880590,937399900,504307500,0,405011840,28080560,937399900
2022-03-23,7714,7714,7636,7656,145459,-0.7518796992481203,-46846,6699,41159,-1012,0,66423,6699,61667,11040,145829,113269,0,20508,12052,145829,-364755000,52170310,320354200,-7769510,0,516829320,52170310,479921600,85946160,1134867390,881584320,0,159567400,93715670,1134867390
2022-03-24,7656,7684,7616,7666,115948,0.13061650992685475,6829,11637,-25858,7392,0,40878,11637,47641,16087,116243,34049,0,73499,8695,116243,53310680,90520460,-201440840,57609700,0,318189100,90520460,370279130,125205500,904194190,264878420,0,571719970,67595800,904194190
2022-03-25,7664,7722,7634,7704,257023,0.4956952778502478,-62087,-4575,39006,27656,0,118687,3925,104487,30576,257675,180774,8500,65481,2920,257675,-484902880,-35581550,304186520,216297910,0,928786360,30548450,815799660,239010160,2014144630,1413689240,66130000,511613140,22712250,2014144630
2022-03-28,7712,7732,7664,7694,108117,-0.12980269989615784,-13619,-829,8759,5689,0,48484,1917,48930,9061,108392,62103,2746,40171,3372,108392,-106373630,-6501950,68453440,44422140,0,379128400,14971770,382525970,70825520,847451660,485502030,21473720,314072530,26403380,847451660
2022-03-29,7712,7712,7664,7694,136473,0.0,-31518,7723,-1425,25220,0,38870,7731,60127,30091,136819,70388,8,61552,4871,136819,-246074100,60323790,-11367420,197117730,0,303655240,60386350,469760350,235165550,1068967490,549729340,62560,481127770,38047820,1068967490
2022-03-30,7575,7605,7537,7547,521022,-1.9105796724720563,-229738,662,85021,144055,0,186777,1662,144142,189761,522342,416515,1000,59121,45706,522342,-1747176880,5111550,652820130,1089245200,0,1435617350,12811550,1107205860,1440333100,3995967860,3182794230,7700000,454385730,351087900,3995967860
2022-03-31,7536,7536,7467,7488,446235,-0.7817675897707698,-226981,2331,154773,69877,0,190219,2331,168184,86632,447366,417200,0,13411,16755,447366,-1726516880,17806090,1179797620,528913170,0,1437593340,17806090,1282061790,656901330,3394362550,3164110220,0,102264170,127988160,3394362550
2022-04-01,7486,7526,7467,7478,273255,-0.13354700854700854,-69218,12758,20393,36067,0,151888,12758,71632,37669,273947,221106,0,51239,1602,273947,-526577940,97266280,154748900,274562760,0,1155094440,97266280,545193890,286771080,2084325690,1681672380,0,390444990,12208320,2084325690
2022-04-04,7458,7507,7359,7439,540640,-0.5215298208077026,-174421,11937,161328,1156,0,138010,13321,236475,154204,542010,312431,1384,75147,153048,542010,-1315273640,89867330,1213929270,11477040,0,1042770580,100339420,1781935090,1162861540,4087906630,2358044220,10472090,568005820,1151384500,4087906630
2022-04-05,7458,7605,7428,7606,360986,2.2449253931980104,137320,-16556,-198839,78075,0,231109,1912,45806,83074,361901,93789,18468,244645,4999,361901,1054150560,-126633120,-1523726760,596209320,0,1772145520,14460720,348741820,634660060,2770008120,717994960,141093840,1872468580,38450740,2770008120
2022-04-06,7596,7675,7527,7666,336053,0.7888509071785432,151317,-39944,-144409,33036,0,231475,1192,55354,48883,336904,80158,41136,199763,15847,336904,1170248470,-308271560,-1115996670,254019760,0,1788586350,9130820,426491960,376732350,2600941480,618337880,317402380,1542488630,122712590,2600941480
2022-04-07,7575,7644,7575,7616,125177,-0.6522306287503261,33773,2500,-53818,17545,0,60372,3002,32929,29192,125495,26599,502,86747,11647,125495,261101820,19258960,-416073010,135712230,0,466863770,23145420,254250260,225734820,969994270,205761950,3886460,670323270,90022590,969994270
2022-04-08,7626,7645,7576,7636,116234,0.26260504201680673,34518,-4499,-30317,298,0,68671,3301,31696,12861,116529,34153,7800,62013,12563,116529,267108810,-35003880,-234342600,2237670,0,531378010,25430750,245286250,99396700,901491710,264269200,60434630,479628850,97159030,901491710
2022-04-11,7675,7675,7616,7636,119235,0.0,2057,-4617,-15330,17890,0,81517,0,12234,25787,119538,79460,4617,27564,7897,119538,16016060,-35838830,-118961530,138784300,0,632549640,0,94932170,200061960,927543770,616533580,35838830,213893700,61277660,927543770
2022-04-12,7634,7683,7594,7684,160254,0.6286013619696176,39783,-6901,-73208,40326,0,85933,0,26555,48173,160661,46150,6901,99763,7847,160661,309800230,-53749810,-570137220,314086800,0,669552240,0,206886960,375106720,1251545920,359752010,53749810,777024180,61019920,1251545920
2022-04-13,7684,7773,7674,7774,178711,1.1712649661634564,24421,-18667,-29614,23860,0,99359,1270,38525,40010,179164,74938,19937,68139,16150,179164,191719290,-146573030,-232453270,187307010,0,780997230,10007600,302856290,314434130,1408295250,589277940,156580630,535309560,127127120,1408295250
2022-04-14,7773,7851,7733,7803,144632,0.3730383329045536,12284,-900,-27433,16049,0,82690,0,34597,27712,144999,70406,900,62030,11663,144999,97680840,-7140000,-217628630,127087790,0,655632130,0,274016500,219649300,1149297930,557951290,7140000,491645130,92561510,1149297930
2022-04-15,7802,7890,7773,7862,269662,0.7561194412405485,-20698,-9101,-11758,41557,0,132657,0,76534,61155,270346,153355,9101,88292,19598,270346,-166723560,-72704950,-92261340,331689850,0,1058516390,0,611696860,487667310,2157880560,1225239950,72704950,703958200,155977460,2157880560
2022-04-18,7870,7899,7762,7832,128327,-0.3815822945815314,17764,-9,-14307,-3448,0,72713,0,42262,13678,128653,54949,9,56569,17126,128653,141756420,-72210,-114215380,-27468830,0,578782910,0,336436510,109067010,1024286430,437026490,72210,450651890,136535840,1024286430
2022-04-19,7821,7821,7674,7783,99138,-0.625638406537283,-1293,-200,-5775,7268,0,64540,0,14866,19984,99390,65833,200,20641,12716,99390,-10008190,-1581000,-45687120,57276310,0,509487570,0,117330790,157647570,784465930,519495760,1581000,163017910,100371260,784465930
2022-04-20,7782,7842,7753,7842,178521,0.7580624437877426,14428,-3379,-57683,46634,0,113679,1,10280,55014,178974,99251,3380,67963,8380,178974,114455230,-26803670,-457128730,369477170,0,900768520,7930,81421100,435937580,1418135130,786313290,26811600,538549830,66460410,1418135130
2022-04-21,7900,7900,7832,7872,133687,0.3825554705432288,50100,-3913,-46040,-147,0,91936,5504,20067,16520,134027,41836,9417,66107,16667,134027,399525130,-31185590,-367152470,-1187070,0,733224850,43866910,160048960,131740120,1068880840,333699720,75052500,527201430,132927190,1068880840
2022-04-22,7871,7890,7851,7891,114740,0.24136178861788618,5618,-22458,-16187,33027,0,51436,0,19523,44072,115031,45818,22458,35710,11045,115031,45017860,-179830000,-129548060,264360200,0,411713710,0,156330590,352769140,920813440,366695850,179830000,285878650,88408940,920813440
2022-04-25,7890,7930,7861,7931,137866,0.506906602458497,31489,-24672,-48468,41651,0,72342,0,20289,45585,138216,40853,24672,68757,3934,138216,252907780,-198261160,-389374570,334727950,0,581319240,0,163055390,366367330,1110741960,328411460,198261160,552429960,31639380,1110741960
2022-04-26,7753,7812,7743,7813,1156647,-1.4878325557937209,-753844,-4631,-102266,860741,0,153153,10000,113694,882729,1159576,906997,14631,215960,21988,1159576,-5553126198,-36702470,-810522290,6400350958,0,1213948570,79200000,898966690,6574352148,8766467408,6767074768,115902470,1709488980,174001190,8766467408
2022-04-27,7792,7831,7773,7823,219694,0.12799180852425446,59684,-2348,-92158,34822,0,144415,751,29439,45647,220252,84731,3099,121597,10825,220252,473426860,-18657760,-731236800,276467700,0,1145941240,5963310,233515360,362262940,1747682850,672514380,24621070,964752160,85795240,1747682850
2022-04-28,7773,7782,7694,7774,382769,-0.6263581746133197,124574,-31898,-67762,-24914,0,231300,5004,128242,19193,383739,106726,36902,196004,44107,383739,982069650,-251340450,-534281980,-196447220,0,1822832240,39431560,1009318470,151085440,3022667710,840762590,290772010,1543600450,347532660,3022667710
2022-04-29,7773,7851,7733,7842,290066,0.8747105737072292,38218,4529,-87772,45025,0,213284,7160,21822,48535,290801,175066,2631,109594,3510,290801,302610200,35646680,-695680710,357423830,0,1690914700,56449200,172677790,385293210,2305334900,1388304500,20802520,868358500,27869380,2305334900
2022-05-02,7781,7850,7781,7832,244117,-0.12751849018107625,-12739,1994,-25729,36474,0,119747,1997,79965,43027,244736,132486,3,105694,6553,244736,-101736850,15892200,-204854360,290699010,0,954173360,15916090,637049220,342856120,1949994790,1055910210,23890,841903580,52157110,1949994790
2022-05-03,7792,7831,7693,7803,252377,-0.37027579162410623,-12363,2001,-15500,25862,0,105027,3001,87109,57880,253017,117390,1000,102609,32018,253017,-93955930,15577890,-124136880,202514920,0,827398180,23507890,685202450,455493980,1991602500,921354110,7930000,809339330,252979060,1991602500
2022-05-04,7821,7821,7683,7694,128115,-1.396898628732539,-33851,5312,9758,18781,0,57530,5314,38538,27058,128440,91381,2,28780,8277,128440,-265389990,41623160,76629220,147137610,0,450290450,41638810,302046010,212063110,1006038380,715680440,15650,225416790,64925500,1006038380
2022-05-06,7693,7693,7575,7616,147426,-1.0137769690668053,6900,1398,-289,-8009,0,51080,3017,66947,26756,147800,44180,1619,67236,34765,147800,53578690,10847070,-2362880,-62062880,0,395015120,23381300,517316940,206868650,1142582010,341436430,12534230,519679820,268931530,1142582010
2022-05-09,7645,7645,7467,7508,136772,-1.4180672268907564,10704,3018,20341,-34063,0,55359,3018,57097,21645,137119,44655,0,36756,55708,137119,82380130,23105220,156394360,-261879710,0,423547380,23105220,437158750,165382940,1049194290,341167250,0,280764390,427262650,1049194290
2022-05-10,7438,7604,7388,7596,208658,1.1720831113478956,99276,2980,-92263,-9993,0,133990,4010,38188,32999,209187,34714,1030,130451,42992,209187,751754380,22518080,-699126200,-75146260,0,1014384240,30285520,288745630,251286650,1584702040,262629860,7767440,987871830,326432910,1584702040
2022-05-11,7576,7636,7547,7636,151474,0.526592943654555,56547,12,-18655,-37904,0,110117,21,19239,22481,151858,53570,9,37894,60385,151858,436327500,92570,-144370930,-292049140,0,848841390,161830,148123820,173463600,1170590640,412513890,69260,292494750,465512740,1170590640
2022-05-12,7626,7646,7557,7646,139299,0.13095861707700368,82761,-6460,-35291,-41010,0,115127,3,13978,10545,139653,32366,6463,49269,51555,139653,641138640,-49791840,-273724850,-317621950,0,892014520,23260,107948730,81598760,1081585270,250875880,49815100,381673580,399220710,1081585270
2022-05-13,7624,7624,7526,7616,261198,-0.39236201935652626,146838,2208,11005,-160051,0,212689,2218,43198,3756,261861,65851,10,32193,163807,261861,1132323820,16959120,84257240,-1233540180,0,1639587880,17036230,332425750,28957190,2018007050,507264060,77110,248168510,1262497370,2018007050
2022-05-16,7624,7624,7556,7606,128035,-0.13130252100840337,22310,-9225,81,-13166,0,92518,97,27066,8679,128360,70208,9322,26985,21845,128360,171958210,-71094440,787640,-101651410,0,713003000,746870,208670020,66887620,989307510,541044790,71841310,207882380,168539030,989307510
2022-05-17,7606,7606,7459,7528,228754,-1.0255061793321063,66038,5013,-8932,-62119,0,153106,5013,67950,3265,229334,87068,0,76882,65384,229334,503537540,38373960,-68112350,-473799150,0,1166867260,38373960,517863480,24842030,1747946730,663329720,0,585975830,498641180,1747946730
2022-05-18,7528,7537,7459,7528,126947,0.0,39130,1063,-20256,-19937,0,85775,3165,23080,15249,127269,46645,2102,43336,35186,127269,299118350,8064450,-154815700,-152367100,0,654025800,24013680,175263950,116157070,969460500,354907450,15949230,330079650,268524170,969460500
2022-05-19,7476,7595,7476,7596,158952,0.9032943676939427,79260,1008,-27781,-52487,0,133064,1008,17688,7595,159355,53804,0,45469,60082,159355,605789900,7671000,-213133900,-400327000,0,1017800150,7671000,134859440,57999640,1218330230,412010250,0,347993340,458326640,1218330230
2022-05-20,7594,7712,7565,7704,331965,1.4218009478672986,10987,4707,-64777,49083,0,243745,4739,25462,58861,332807,232758,32,90239,9778,332807,86450040,36372070,-504686690,381864580,0,1892946030,36622470,197139960,457904660,2584613120,1806495990,250400,701826650,76040080,2584613120
2022-05-23,7693,7703,7644,7704,79576,0.0,6785,-1,-16877,10093,0,60078,0,4772,14929,79779,53293,1,21649,4836,79779,53122450,-7790,-131889410,78774750,0,468885780,0,37197270,116458280,622541330,415763330,7790,169086680,37683530,622541330
2022-05-24,7704,7753,7635,7744,150937,0.5192107995846313,51994,-7500,-68611,24117,0,115276,0,6616,29428,151320,63282,7500,75227,5311,151320,408331300,-58785000,-538761860,189215560,0,904492700,0,51753180,230935260,1187181140,496161400,58785000,590515040,41719700,1187181140
2022-05-25,7743,7811,7713,7803,232281,0.7618801652892562,20153,8004,-30177,2020,0,164942,9005,42632,16291,232870,144789,1001,72809,14271,232870,159855710,63411640,-239053060,15785710,0,1304047550,71319550,336248140,128552890,1840168130,1144191840,7907910,575301200,112767180,1840168130
2022-05-26,7802,7822,7763,7823,223618,0.2563116749967961,63644,-8487,-77883,22726,0,179070,13,20275,24827,224185,115426,8500,98158,2101,224185,504230960,-67236870,-617111280,180117190,0,1419369570,103130,160726110,196762330,1776961140,915138610,67340000,777837390,16645140,1776961140
2022-05-27,7831,7840,7801,7832,117103,0.11504537901060974,35366,-1299,-24594,-9473,0,79727,1,30549,7123,117400,44361,1300,55143,16596,117400,281321360,-10339440,-195586030,-75395890,0,633714780,7950,243024720,56586340,933333790,352393420,10347390,438610750,131982230,933333790
2022-05-30,7831,7851,7792,7823,119077,-0.11491317671092952,11513,1316,-15611,2782,0,73734,1316,32536,11793,119379,62221,0,48147,9011,119379,91452180,10475110,-124097690,22170400,0,586171180,10475110,258658330,93720820,949025440,494719000,0,382756020,71550420,949025440
2022-05-31,7832,7862,7802,7862,165549,0.4985299757126422,-15713,1008,7488,7217,0,85094,1008,32008,47860,165970,100807,0,24520,40643,165970,-124979800,8013640,59567780,57398380,0,677350740,8013640,254858410,381784700,1322007490,802330540,0,195290630,324386320,1322007490
2022-06-02,7872,7872,7822,7872,173233,0.1271940981938438,58287,-2,-36838,-21447,0,108037,0,45756,19880,173673,49750,2,82594,41327,173673,465189480,-15930,-294226080,-170947470,0,862576160,0,365198050,158641810,1386416020,397386680,15930,659424130,329589280,1386416020
2022-06-03,7852,7890,7842,7862,137405,-0.12703252032520324,37540,-2791,-41445,6696,0,94931,9,23146,19668,137754,57391,2800,64591,12972,137754,300294970,-22327960,-331476840,53509830,0,759705870,72040,185073800,157280010,1102131720,459410900,22400000,516550640,103770180,1102131720
2022-06-07,7831,7899,7831,7891,140280,0.368862884762147,24146,-12991,-7605,-3550,0,79388,1010,32738,27500,140636,55242,14001,40343,31050,140636,193396880,-104132820,-61034040,-28230020,0,635511560,8075200,261856600,220162310,1125605670,442114680,112208020,322890640,248392330,1125605670
2022-06-08,7821,7899,7821,7891,64431,0.0,16871,-589,-17919,1637,0,38299,611,13813,11872,64595,21428,1200,31732,10235,64595,135427150,-4741670,-143806390,13120910,0,307011960,4858330,110495400,95098820,517464510,171584810,9600000,254301790,81977910,517464510
2022-06-09,7890,7890,7831,7891,40731,0.0,9119,-3847,-202,-5070,0,24038,703,11303,4791,40835,14919,4550,11505,9861,40835,73064640,-30672640,-1835160,-40556840,0,192339970,5600020,90258340,38278040,326476370,119275330,36272660,92093500,78834880,326476370
2022-06-10,7900,7900,7842,7882,50921,-0.11405398555316183,13355,-4191,-7560,-1604,0,35229,0,9204,6618,51051,21874,4191,16764,8222,51051,106843970,-33546080,-60510600,-12787290,0,281859700,0,73585760,52954470,408399930,175015730,33546080,134096360,65741760,408399930
2022-06-13,7852,7872,7675,7764,101713,-1.4970819588936817,15000,-3210,-26539,14749,0,48761,1219,23177,28815,101972,33761,4429,49716,14066,101972,118346120,-25262750,-209976670,116893300,0,385941030,9682060,183749150,228251830,807624070,267594910,34944810,393725820,111358530,807624070
2022-06-14,7764,7773,7674,7774,102096,0.1287995878413189,19130,0,-7885,-11245,0,55507,2,32318,14528,102355,36377,2,40203,25773,102355,150849390,30,-62328710,-88520710,0,435986770,15710,253230390,113823290,803056160,285137380,15680,315559100,202344000,803056160
2022-06-15,7772,7772,7574,7704,89372,-0.9004373552868536,17836,872,12049,-30757,0,48250,872,36680,3798,89600,30414,0,24631,34555,89600,138885470,6849770,94840970,-240576210,0,376870800,6849770,286676760,29625170,700022500,237985330,0,191835790,270201380,700022500
2022-06-16,7762,7762,7634,7714,67014,0.12980269989615784,7023,0,128,-7151,0,28843,0,21055,17287,67185,21820,0,20927,24438,67185,55069160,0,770600,-55839760,0,225389970,0,164539060,135106810,525035840,170320810,0,163768460,190946570,525035840
2022-06-17,7693,7693,7496,7694,179908,-0.25926886180969666,53001,18656,-39798,-31859,0,77508,18656,67664,16536,180364,24507,0,107462,48395,180364,409589010,144600940,-308072580,-246117370,0,598515300,144600940,519863930,127897030,1390877200,188926290,0,827936510,374014400,1390877200
2022-06-20,7694,7714,7527,7656,223511,-0.4938913439043411,-3582,31556,-55818,27844,0,81619,31561,63775,47123,224078,85201,5,119593,19279,224078,-26356630,243871190,-432949750,215435190,0,631364240,243909790,493335080,364526330,1733135440,657720870,38600,926284830,149091140,1733135440
2022-06-21,7616,7646,7468,7646,163536,-0.13061650992685475,-25694,3578,537,21579,0,77724,3584,48088,34555,163951,103418,6,47551,12976,163951,-194617070,27449500,2004110,165163460,0,598613720,27495200,367504160,264902060,1258515140,793230790,45700,365500050,99738600,1258515140
2022-06-22,7536,7624,7320,7468,131547,-2.328014648182056,18111,-9200,-36825,27914,0,57070,1000,38246,35565,131881,38959,10200,75071,7651,131881,136834650,-69750000,-278612850,211528200,0,432927320,7570000,289941500,269820760,1000259580,296092670,77320000,568554350,58292560,1000259580
2022-06-23,7477,7477,7241,7370,333265,-1.3122656668452062,54163,8267,-140433,78003,0,171000,8267,56817,98026,334110,116837,0,197250,20023,334110,401911520,61365440,-1040410330,577133370,0,1268379900,61365440,421163040,725872870,2476781250,866468380,0,1461573370,148739500,2476781250
2022-06-24,7369,7566,7330,7557,174664,2.5373134328358207,31419,-32846,-37594,39021,0,88619,7168,27581,51739,175107,57200,40014,65175,12718,175107,238632070,-248873690,-285245340,295486960,0,670264640,54025790,207910750,391882210,1324083390,431632570,302899480,493156090,96395250,1324083390
2022-06-27,7566,7594,7201,7586,148438,0.38375016540955403,-3991,8213,-30665,26443,0,85266,8213,20558,34778,148815,89257,0,51223,8335,148815,-30415560,63097350,-235637710,202955920,0,654805950,63097350,157061640,266875020,1141839960,685221510,0,392699350,63919100,1141839960
2022-06-28,7595,7614,7536,7596,135315,0.1318217769575534,54037,-1405,-70159,17527,0,97307,8596,5931,23825,135659,43270,10001,76090,6298,135659,415929870,-10850620,-540183890,135104640,0,749450410,66257080,45700380,183648770,1045056640,333520540,77107700,585884270,48544130,1045056640
2022-06-29,7594,7594,7546,7586,42561,-0.13164823591363875,-13797,6941,-5952,12808,0,12319,6942,7993,15415,42669,26116,1,13945,2607,42669,-106211120,53454020,-45850840,98607940,0,94859830,53461700,61533680,118688340,328543550,201070950,7680,107384520,20080400,328543550
2022-06-30,7585,7585,7290,7547,84928,-0.5141049301344582,-5293,114,-17619,22798,0,31090,116,27235,26703,85144,36383,2,44854,3905,85144,-40188310,867840,-134733760,174054230,0,237492050,883140,206655140,203934200,648964530,277680360,15300,341388900,29879970,648964530
2022-07-01,7547,7556,7458,7547,63966,0.0,19800,101,-32468,12567,0,40554,201,7617,15756,64128,20754,100,40085,3189,64128,151186640,767640,-247986930,96032650,0,309673580,1529640,58135900,120425380,489764500,158486940,762000,306122830,24392730,489764500
2022-07-04,7625,7644,7330,7498,88975,-0.6492646084536902,17651,1384,-34630,15595,0,35964,1384,28180,23673,89201,18313,0,62810,8078,89201,133444760,10378900,-261079690,117256030,0,271661030,10378900,212049280,178477420,672566630,138216270,0,473128970,61221390,672566630
2022-07-05,7506,7693,7417,7694,117056,2.614030408108829,-6323,855,-15113,20581,0,46082,1060,43644,26568,117354,52405,205,58757,5987,117354,-45928670,6495700,-118310760,157743730,0,354090930,8098800,332066060,203449460,897705250,400019600,1603100,450376820,45705730,897705250
2022-07-06,7675,7675,7567,7666,73479,-0.363919937613725,-4440,296,-13293,17437,0,40266,300,11020,22081,73667,44706,4,24313,4644,73667,-34206240,2279060,-103139160,135066340,0,311859850,2310000,85099680,170989450,570258980,346066090,30940,188238840,35923110,570258980
2022-07-07,7666,7666,7576,7666,37068,0.0,-1900,100,-6696,8496,0,15968,101,11730,9364,37163,17868,1,18426,868,37163,-14406540,778980,-52177580,65805140,0,123925270,786760,90602760,72531950,287846740,138331810,7780,142780340,6726810,287846740
2022-07-08,7666,7684,7616,7666,44333,0.0,1246,-3649,-10514,12917,0,21449,1,7084,15912,44446,20203,3650,17598,2995,44446,9859570,-28406710,-81839070,100386210,0,166878460,7790,55039780,123715650,345641680,157018890,28414500,136878850,23329440,345641680
2022-07-11,7665,7665,7576,7656,61837,-0.1304461257500652,-16142,-695,-12097,28934,0,18248,100,12435,31212,61995,34390,795,24532,2278,61995,-124439910,-5413100,-94292340,224145350,0,141623500,772000,95941410,241840170,480177080,266063410,6185100,190233750,17694820,480177080
2022-07-12,7655,7655,7537,7636,56388,-0.2612330198537095,-3559,24,-17495,21030,0,19118,24,14074,23315,56531,22677,0,31569,2285,56531,-26589020,184320,-135581990,161986690,0,147611690,184320,108175120,179643380,435614510,174200710,0,243757110,17656690,435614510
2022-07-13,7646,7704,7547,7676,73198,0.5238344683080147,-19752,-999,-10584,31335,0,12360,1,14656,46367,73384,32112,1000,25240,15032,73384,-151855470,-7792280,-82657240,242304990,0,95943570,7720,112982750,358247110,567181150,247799040,7800000,195639990,115942120,567181150
2022-07-14,7614,7614,7585,7596,21959,-1.0422094841063054,-6486,-1000,-2530,10016,0,2729,0,7039,12248,22016,9215,1000,9569,2232,22016,-50085500,-7720000,-19543370,77348870,0,21075400,0,54337560,94579790,169992750,71160900,7720000,73880930,17230920,169992750
2022-07-15,7595,7595,7486,7596,82098,0.0,-24088,-900,-22891,47879,0,20385,100,10792,51030,82307,44473,1000,33683,3151,82307,-184569290,-6948000,-176501810,368019100,0,156922250,772000,82398290,392196670,632289210,341491540,7720000,258900100,24177570,632289210
2022-07-18,7606,7626,7527,7626,123598,0.3949447077409162,-27424,-1406,-19519,48349,0,53153,594,6955,63210,123912,80577,2000,26474,14861,123912,-211995990,-10888380,-150931700,373816070,0,410582200,4591620,53692120,488565340,957431280,622578190,15480000,204623820,114749270,957431280
2022-07-19,7635,7635,7586,7626,97452,0.0,-14047,1086,-15248,28209,0,30297,1106,6706,59590,97699,44344,20,21954,31381,97699,-109002460,8427540,-118212100,218787020,0,234581800,8582560,51937810,461733310,756835480,343584260,155020,170149910,242946290,756835480
2022-07-20,7656,7684,7557,7676,214952,0.6556517178075006,-39228,42372,-40307,37163,0,72085,42472,19146,81794,215497,111313,100,59453,44631,215497,-303452390,328207160,-312944690,288189920,0,558357800,328985160,148477150,635118650,1670938760,861810190,778000,461421840,346928730,1670938760
2022-07-21,7675,7704,7596,7656,206826,-0.26055237102657636,-877,55764,-74133,19246,0,80489,60645,12409,53807,207350,81366,4881,86542,34561,207350,-6674730,432853530,-575993170,149814370,0,624521280,470726480,96241710,417849690,1609339160,631196010,37872950,672234880,268035320,1609339160
2022-07-22,7684,7684,7567,7666,166887,0.13061650992685475,-14530,218,-14369,28681,0,72376,518,23208,71209,167311,86906,300,37577,42528,167311,-111642110,1672810,-112546360,222515660,0,560920460,4009810,179254180,551088400,1295272850,672562570,2337000,291800540,328572740,1295272850
2022-07-25,7674,7683,7604,7684,106264,0.2348030263501174,-1289,19538,-1122,-17127,0,49264,20543,14632,22095,106534,50553,1005,15754,39222,106534,-9943040,151700200,-9041070,-132716090,0,383590020,159549200,113686590,171826130,828651940,393533060,7849000,122727660,304542220,828651940
2022-07-26,7675,7675,7626,7666,54891,-0.2342529932326913,-10656,9965,-5688,6379,0,28540,10000,3956,12534,55030,39196,35,9644,6155,55030,-82898930,77538000,-44224740,49585670,0,222053840,77810000,30752190,97469220,428085250,304952770,272000,74976930,47883550,428085250
2022-07-27,7675,7684,7586,7646,87955,-0.2608922515001304,-11640,124,7185,4331,0,40476,129,22209,25364,88178,52116,5,15024,21033,88178,-90232030,958460,55005590,34267980,0,313812390,997170,171728850,196953820,683492230,404044420,38710,116723260,162685840,683492230
2022-07-28,7675,7675,7596,7656,88913,0.13078733978550877,-21772,1948,24946,-5122,0,31931,1948,33856,21404,89139,53703,0,8910,26526,89139,-168923690,15135960,193443890,-39656160,0,247783420,15135960,262578430,166312080,691809890,416707110,0,69134540,205968240,691809890
2022-07-29,7674,7683,7624,7684,97706,0.3657262277951933,-21897,8157,7345,6395,0,29869,10672,26890,30524,97955,51766,2515,19545,24129,97955,-170026200,63420980,56869650,49735570,0,232361550,82946240,208957980,237351210,761616980,402387750,19525260,152088330,187615640,761616980
2022-08-01,7674,7693,7614,7694,63882,0.1301405517959396,10599,3716,-5885,-8430,0,38043,3716,15679,6607,64045,27444,0,21564,15037,64045,83060700,28958210,-46287220,-65731690,0,296782390,28958210,121968370,51398440,499107410,213721690,0,168255590,117130130,499107410
2022-08-02,7694,7812,7616,7774,105647,1.0397712503249286,-6706,1000,-21946,27652,0,17833,1000,28664,58418,105915,24539,0,50610,30766,105915,-52592510,7760000,-173176660,218009170,0,139168950,7760000,222927970,457642470,827499390,191761460,0,396104630,239633300,827499390
2022-08-03,7744,7763,7675,7754,81943,-0.25726781579624386,15549,-4,-18895,3350,0,42244,7,24810,15091,82152,26695,11,43705,11741,82152,122622460,-31280,-148932950,26341770,0,332179620,54980,194573750,118628860,645437210,209557160,86260,343506700,92287090,645437210
2022-08-04,7754,7763,7694,7754,109312,0.0,12920,3,3367,-16290,0,40649,3,36665,32273,109590,27729,0,33298,48563,109590,101616650,23570,26052220,-127692440,0,319548550,23570,287909860,253657880,861139860,217931900,0,261857640,381350320,861139860
2022-08-05,7753,7753,7665,7744,73978,-0.12896569512509673,-4738,2180,13409,-10851,0,25553,3184,36153,9276,74166,30291,1004,22744,20127,74166,-36558690,17061140,104279030,-84781480,0,200654490,24962530,282945020,72659150,581221190,237213180,7901390,178665990,157440630,581221190
2022-08-08,7752,7752,7614,7704,100901,-0.5165289256198348,-11609,-807,16842,-4426,0,27710,1130,39315,33002,101157,39319,1937,22473,37428,101157,-90491140,-6355310,130699260,-33852810,0,216096530,8792660,306309390,257420080,788618660,306587670,15147970,175610130,291272890,788618660
2022-08-09,7714,7714,7636,7636,46399,-0.8826583592938734,-6431,801,-14828,20458,0,11727,801,9633,24357,46518,18158,0,24461,3899,46518,-49798380,6232800,-115799820,159365400,0,91556430,6232800,74941660,189814970,362545860,141354810,0,190741480,30449570,362545860
2022-08-10,7674,7683,7634,7684,23398,0.6286013619696176,5459,200,-13730,8071,0,9192,200,5326,8740,23458,3733,0,19056,669,23458,42464600,1552000,-106841950,62825350,0,71523930,1552000,41403560,68034760,182514250,29059330,0,148245510,5209410,182514250
2022-08-11,7694,7714,7616,7676,39443,-0.10411244143675169,8,-5847,-4918,10757,0,6870,961,20344,11369,39544,6862,6808,25262,612,39544,101530,-45577320,-38359860,83835650,0,53553060,7457000,158240530,88600600,307851190,53451530,53034320,196600390,4764950,307851190
2022-08-12,7675,7675,7507,7626,194538,-0.6513809275664408,26661,602,-103063,75800,0,45020,604,63906,85502,195032,18359,2,166969,9702,195032,203917080,4645440,-793275350,584712830,0,346589830,4660970,492161310,659665380,1503077490,142672750,15530,1285436660,74952550,1503077490
2022-08-16,7654,7674,7585,7606,223542,-0.26226068712300027,-10037,230,87823,-78016,0,42370,230,117083,64426,224109,52407,0,29260,142442,224109,-78239670,1780920,677900050,-601441300,0,328657210,1780920,905201860,500325670,1735965660,406896880,0,227301810,1101766970,1735965660
2022-08-17,7656,7676,7616,7676,164429,0.9203260583749672,-25005,9003,-8225,24227,0,18806,10003,25239,110798,164846,43811,1000,33464,86571,164846,-195364100,69823340,-64777730,190318490,0,145851010,77623340,195932720,862191200,1281598270,341215110,7800000,260710450,671872710,1281598270
2022-08-18,7674,7713,7614,7714,198150,0.49504950495049505,-73954,8996,-30488,95446,0,18390,10000,39515,130747,198652,92344,1004,70003,35301,198652,-576637450,69948840,-239060590,745749200,0,143449940,77800000,307652340,1019763160,1548665440,720087390,7851160,546712930,274013960,1548665440
2022-08-19,7713,7871,7713,7823,197277,1.4130152968628467,-45074,3606,-83330,124798,0,32084,5114,19181,141398,197777,77158,1508,102511,16600,197777,-357740370,28707230,-661383330,990416470,0,255123700,40708580,152533930,1122386670,1570752880,612864070,12001350,813917260,131970200,1570752880
2022-08-22,7831,7831,7713,7783,131099,-0.5113127956027099,39909,11398,4216,-55523,0,41814,11400,51054,27164,131432,1905,2,46838,82687,131432,315260730,89578240,32419530,-437258500,0,330276550,89594000,401767400,214437160,1036075110,15015820,15760,369347870,651695660,1036075110
2022-08-23,7773,7792,7694,7774,116842,-0.11563664396762173,-2818,10001,-16511,9328,0,21211,10001,12943,72984,117139,24029,0,29454,63656,117139,-22262040,78907870,-130606530,73960700,0,167486140,78907870,101893000,575913530,924200540,189748180,0,232499530,501952830,924200540
2022-08-24,7773,7773,7675,7744,90239,-0.3859017236943658,15972,9726,2195,-27893,0,17900,10010,20537,42022,90469,1928,284,18342,69915,90469,125567800,75957180,16548210,-218073190,0,140705110,78178480,160702230,329585320,709171140,15137310,2221300,144154020,547658510,709171140
2022-08-25,7743,7812,7743,7813,100690,0.8910123966942148,2888,-40,-13060,10212,0,42324,0,22735,35887,100946,39436,40,35795,25675,100946,23235350,-315600,-103573580,80653830,0,335386950,0,179703580,283993550,799084080,312151600,315600,283277160,203339720,799084080
2022-08-26,7811,7840,7762,7832,79172,0.24318443619608343,-17157,2000,-7762,22919,0,18820,2000,20759,37794,79373,35977,0,28521,14875,79373,-135711450,15900000,-62238980,182050430,0,149595080,15900000,164315980,299986690,629797750,285306530,0,226554960,117936260,629797750
2022-08-29,7724,7773,7704,7764,83581,-0.8682328907048007,157,669,-3574,2748,0,22410,669,26647,34068,83794,22253,0,30221,31320,83794,1320080,5251650,-28256050,21684320,0,176502520,5251650,209453450,268077990,659285610,175182440,0,237709500,246393670,659285610
2022-08-30,7763,7812,7733,7813,74985,0.6311179804224626,-4897,317,-17388,21968,0,21918,331,12608,40318,75175,26815,14,29996,18350,75175,-38429080,2497190,-137609790,173541680,0,173442610,2607590,99709550,318754220,594513970,211871690,110400,237319340,145212540,594513970
2022-08-31,7811,7909,7733,7901,87003,1.126327915013439,7667,9100,-48911,32144,0,18711,10100,12254,46160,87225,11044,1000,61165,14016,87225,61348580,71460000,-388214850,255406270,0,148976580,79490000,96693310,366507210,691667100,87628000,8030000,484908160,111100940,691667100
2022-09-01,7889,7889,7742,7832,92120,-0.8733071763067967,-13958,959,6890,6109,0,22766,1965,22339,45284,92354,36724,1006,15449,39175,92354,-110345260,7530960,54243070,48571230,0,180461540,15538700,177181080,359203950,732385270,290806800,8007740,122938010,310632720,732385270
2022-09-02,7841,7871,7782,7783,39528,-0.625638406537283,-6722,53,1196,5473,0,3919,54,13268,22388,39629,10641,1,12072,16915,39629,-53303130,419800,9417010,43466320,0,31019050,427750,105129770,177515630,314092200,84322180,7950,95712760,134049310,314092200
2022-09-05,7811,7811,7753,7793,30259,0.12848515996402415,-1445,209,-7690,8926,0,3898,209,7716,18514,30337,5343,0,15406,9588,30337,-11425370,1651230,-60845940,70620080,0,30842760,1651230,60978860,146404410,239877260,42268130,0,121824800,75784330,239877260
2022-09-06,7801,7860,7762,7832,70466,0.5004491210060311,-19229,200,-11453,30482,0,9981,200,16967,43498,70646,29210,0,28420,13016,70646,-153064230,1589000,-91241910,242717140,0,79304460,1589000,135082980,346278100,562254540,232368690,0,226324890,103560960,562254540
2022-09-07,7871,7871,7782,7842,85226,0.12768130745658834,5352,805,-24365,18208,0,30547,807,12779,41310,85443,25195,2,37144,23102,85443,42472520,6409640,-193822990,144940830,0,243063220,6425540,101508700,328591820,679589280,200590700,15900,295331690,183650990,679589280
2022-09-08,7881,7881,7802,7842,73020,0.0,18191,1266,-5396,-14061,0,26328,1268,16150,29460,73206,8137,2,21546,43521,73206,144841370,10111050,-43297300,-111655120,0,209687350,10126990,128488140,234717140,583019620,64845980,15940,171785440,346372260,583019620
2022-09-13,7861,7861,7832,7852,179896,0.12751849018107625,-10331,-6625,-32968,49924,0,8910,2112,7516,161814,180352,19241,8737,40484,111890,180352,-82259910,-52812210,-263139670,398211790,0,71118670,16833750,59962620,1290349050,1438264090,153378580,69645960,323102290,892137260,1438264090
2022-09-14,7822,7910,7822,7882,196493,0.38206826286296486,-4158,-97,-23105,27360,0,30044,103,69870,96975,196992,34202,200,92975,69615,196992,-33111970,-782950,-185587030,219481950,0,240701160,819050,558840260,776407590,1576768060,273813130,1602000,744427290,556925640,1576768060
2022-09-15,7881,7909,7831,7891,143005,0.1141842172037554,49199,1392,-65957,15366,0,61791,1400,4042,76135,143368,12592,8,69999,60769,143368,394295220,11107100,-528996950,123594630,0,495146640,11171000,32298050,610193530,1148809220,100851420,63900,561295000,486598900,1148809220
2022-09-16,7891,7900,7754,7754,1526724,-1.7361551134203523,4628,-1297,7283,-10614,0,55197,904,76393,1398096,1530590,50569,2201,69110,1408710,1530590,40019020,-10409070,59699360,-89309310,0,440823410,7160940,606167360,11022056420,12076208130,400804390,17570010,546468000,11111365730,12076208130
2022-09-19,7919,7919,7772,7832,127291,1.0059324219757546,32870,14831,-12890,-34811,0,79928,14831,12051,20804,127614,47058,0,24941,55615,127614,261872140,118296490,-103086750,-277081880,0,636593670,118296490,95879580,165719300,1016489040,374721530,0,198966330,442801180,1016489040
2022-09-20,7832,7872,7782,7872,27023,0.5107252298263534,15816,3445,-12913,-6348,0,19961,3565,1642,1925,27093,4145,120,14555,8273,27093,126234670,27486260,-103067630,-50653300,0,159285090,28444880,13078360,15380250,216188580,33050420,958620,116145990,66033550,216188580
2022-09-21,7862,7862,7773,7862,51108,-0.12703252032520324,-13450,14151,5491,-6192,0,10384,14248,21571,5035,51238,23834,97,16080,11227,51238,-106907620,112853430,43331080,-49276890,0,82688500,113627450,171557140,40167640,408040730,189596120,774020,128226060,89444530,408040730
2022-09-22,7861,7861,7822,7842,72616,-0.2543881963876876,-25779,14985,-7642,18436,0,29568,15487,4297,23448,72800,55347,502,11939,5012,72800,-205387310,119451660,-60872530,146808180,0,235406140,123462090,34236220,186741760,579846210,440793450,4010430,95108750,39933580,579846210
2022-09-23,7862,7872,7822,7872,76938,0.3825554705432288,18154,11915,-32897,2828,0,37643,12626,14827,12037,77133,19489,711,47724,9209,77133,145061650,95031650,-262647910,22554610,0,300371750,100712350,118138370,96015710,615238180,155310100,5680700,380786280,73461100,615238180
2022-09-26,7842,7851,7438,7842,193865,-0.38109756097560976,83075,13368,-91033,-5410,0,111038,15400,50240,17679,194357,27963,2032,141273,23089,194357,661974900,106328130,-724347240,-43955790,0,883864280,122483520,397641650,139678130,1543667580,221889380,16155390,1121988890,183633920,1543667580
2022-09-27,7862,7862,7635,7744,101813,-1.2496812037745473,41495,-3031,-33674,-4790,0,57431,0,33729,10912,102072,15936,3031,67403,15702,102072,326927270,-23822700,-265047680,-38056890,0,452195820,0,265887310,85807620,803890750,125268550,23822700,530934990,123864510,803890750
2022-09-28,7832,7832,7547,7636,128524,-1.3946280991735538,-981,14028,-27417,14370,0,42199,14028,36259,36364,128850,43180,0,63676,21994,128850,-4534710,109045740,-214772540,110261510,0,328766680,109045740,281009190,281649620,1000471230,333301390,0,495781730,171388110,1000471230
2022-09-29,7547,7625,7487,7557,94083,-1.0345730749083288,29464,4304,-18316,-15452,0,50867,7001,30065,6389,94322,21403,2697,48381,21841,94322,225651810,32921630,-140083630,-118489810,0,389188590,53500630,230095380,48872760,721657360,163536780,20579000,370179010,167362570,721657360
2022-09-30,7536,7536,7290,7498,196284,-0.7807330951435755,57371,-13907,-65865,22401,0,110171,108,42497,44006,196782,52800,14015,108362,21605,196782,434335620,-105468330,-497656010,168788720,0,831989580,816200,319245170,332908340,1484959290,397653960,106284530,816901180,164119620,1484959290
2022-10-04,7556,7566,7378,7508,63086,0.13336889837289945,14044,-2244,-24639,12839,0,23201,17,16551,23477,63246,9157,2261,41190,10638,63246,106779310,-16967030,-186987590,97175310,0,175784310,128820,125062060,177908320,478883510,69005000,17095850,312049650,80733010,478883510
2022-10-05,7547,7547,7310,7419,168251,-1.1854022376132125,-10521,-2608,-60864,73993,0,42875,4632,41738,79433,168678,53396,7240,102602,5440,168678,-77646750,-19480340,-456212180,553339270,0,321629920,34616560,311968270,594108940,1262323690,399276670,54096900,768180450,40769670,1262323690
2022-10-06,7418,7418,7250,7370,57332,-0.6604663701307454,9671,2239,-13805,1895,0,24879,3739,25625,3235,57478,15208,1500,39430,1340,57478,72383170,16640640,-103129660,14105850,0,185792010,27875640,190701460,24101420,428470530,113408840,11235000,293831120,9995570,428470530
2022-10-07,7359,7388,7270,7370,78399,0.0,-16339,0,-9833,26172,0,20564,0,18933,39101,78598,36903,0,28766,12929,78598,-120265800,0,-73302110,193567910,0,153385490,0,140787400,290239860,584412750,273651290,0,214089510,96671950,584412750
2022-10-11,7398,7398,7054,7055,113250,-4.274084124830393,-11412,2900,-15639,24151,0,22601,2900,49312,38725,113538,34013,0,64951,14574,113538,-81019980,21169470,-112664730,172515240,0,164712810,21169470,359146640,278841520,823870440,245732790,0,471811370,106326280,823870440
2022-10-12,7054,7113,6837,7055,86696,0.0,-3186,-112,-18742,22040,0,29402,116,23666,33733,86917,32588,228,42408,11693,86917,-22401750,-791990,-132057600,155251340,0,208743920,822250,167574100,238176430,615316700,231145670,1614240,299631700,82925090,615316700
2022-10-13,7053,7132,6522,6838,224885,-3.0758327427356487,950,-1026,-25765,25841,0,93837,1204,77276,53139,225456,92887,2230,103041,27298,225456,8064650,-7523860,-175806990,175266200,0,638838490,8074520,525482300,362646420,1535041730,630773840,15598380,701289290,187380220,1535041730
2022-10-14,6837,6837,6562,6799,101153,-0.5703422053231939,-9858,99,7552,2207,0,31176,99,45244,24891,101410,41034,0,37692,22684,101410,-65581420,664400,50436350,14480670,0,212490700,664400,306651190,169398750,689205040,278072120,0,256214840,154918080,689205040
2022-10-17,6750,6750,6435,6495,220578,-4.471245771436976,-92919,151,11960,80808,0,23517,2151,89790,105680,221138,116436,2000,77830,24872,221138,-611926060,977780,78318970,532629310,0,155253600,14177780,592589250,697043380,1459064010,767179660,13200000,514270280,164414070,1459064010
2022-10-18,6542,6610,6395,6543,246294,0.7390300230946882,-130857,9419,-9808,131246,0,38120,10016,42031,156752,246919,168977,597,51839,25506,246919,-860806320,61593540,-66188000,865400780,0,251579830,65485980,276251840,1034142370,1627460020,1112386150,3892440,342439840,168741590,1627460020
2022-10-19,6632,6632,6396,6495,218472,-0.7336084364970197,-88795,11495,15854,61446,0,57029,12602,52887,96508,219026,145824,1107,37033,35062,219026,-578880890,75337510,103147380,400396000,0,374305840,82560870,346129400,631354610,1434350720,953186730,7223360,242982020,230958610,1434350720
2022-10-20,6494,6661,6071,6583,253975,1.3548883756735952,-51558,-21338,-39807,112703,0,71770,604,34369,147876,254619,123328,21942,74176,35173,254619,-332296190,-139497180,-261647490,733440860,0,468934920,3909300,222275710,964373200,1659493130,801231110,143406480,483923200,230932340,1659493130
2022-10-21,6582,6680,6365,6632,101145,0.7443414856448427,28988,-6841,-18528,-3619,0,48821,300,25997,26285,101403,19833,7141,44525,29904,101403,192349310,-44807660,-125029360,-22512290,0,324615700,1959000,171337570,175777680,673689950,132266390,46766660,296366930,198289970,673689950
2022-10-24,6631,6739,6562,6701,41032,1.040410132689988,144,-475,-17447,17778,0,9284,4,6511,25338,41137,9140,479,23958,7560,41137,1032830,-3201910,-118767470,120936550,0,63056340,27250,44159770,172444760,279688120,62023510,3229160,162927240,51508210,279688120
2022-10-25,6789,6789,6582,6691,31572,-0.14923145799134457,3766,-568,-7642,4444,0,10977,0,11809,8867,31653,7211,568,19451,4423,31653,25606630,-3800100,-52121870,30315340,0,74377750,0,79463620,60157740,213999110,48771120,3800100,131585490,29842400,213999110
2022-10-26,6749,6789,6592,6691,71508,0.0,-4244,-3348,-5675,13267,0,27992,102,17629,25967,71690,32236,3450,23304,12700,71690,-27855430,-22574480,-39146100,89576010,0,189759280,684520,118776850,175633880,484854530,217614710,23259000,157922950,86057870,484854530
2022-10-27,6728,6886,6552,6868,53824,2.645344492602003,-376,-1705,2186,-105,0,20048,111,21845,11958,53962,20424,1816,19659,12063,53962,-2697290,-11686580,14889290,-505420,0,137965820,770500,150189980,82739880,371666180,140663110,12457080,135300690,83245300,371666180
2022-10-28,6976,6976,6760,6918,57391,0.7280139778683751,-23264,-8057,10835,20486,0,4049,300,26973,26216,57538,27313,8357,16138,5730,57538,-162224120,-56019510,75334150,142909480,0,28193820,2082000,187767290,182872490,400915600,190417940,58101510,112433140,39963010,400915600
2022-10-31,6917,7182,6769,7134,199240,3.1222896790980053,-29289,-22827,-24459,76575,0,57630,3,39542,102570,199745,86919,22830,64001,25995,199745,-201458530,-160452770,-177085390,538996690,0,406043980,20740,274905410,723717480,1404687610,607502510,160473510,451990800,184720790,1404687610
2022-11-01,7142,7142,6946,6986,114100,-2.0745724698626296,8611,957,4791,-14359,0,55950,1542,44112,12785,114389,47339,585,39321,27144,114389,60996860,6801910,33841020,-101639790,0,397123270,10951040,313252740,90816230,812143280,336126410,4149130,279411720,192456020,812143280
2022-11-02,7025,7025,6355,6632,322488,-5.06727741196679,-104860,174,70620,34066,0,101336,2051,141265,78654,323306,206196,1877,70645,44588,323306,-694592810,641770,467606880,226344160,0,677518460,13485770,940933710,524988290,2156926230,1372111270,12844000,473326830,298644130,2156926230
2022-11-03,6641,6729,6424,6711,95512,1.1911942098914354,-11081,312,-4141,14910,0,30019,1378,37313,27044,95754,41100,1066,41454,12134,95754,-72039120,1873120,-31227790,101393790,0,200905170,9128720,246563140,182015220,638612250,272944290,7255600,277790930,80621430,638612250
2022-11-04,6759,6759,6503,6711,85493,0.0,7791,-173,-18557,10939,0,37627,2027,21955,24102,85711,29836,2200,40512,13163,85711,53164230,-1435530,-125942940,74214240,0,252662860,13525170,146294640,162624140,575106810,199498630,14960700,272237580,88409900,575106810
2022-11-07,6701,6789,6603,6780,108675,1.0281627179257935,-48365,51752,-1617,-1770,0,19971,54126,25625,9229,108951,68336,2374,27242,10999,108951,-328907510,352481950,-11588730,-11985710,0,136527620,368727320,174751290,63260650,743266880,465435130,16245370,186340020,75246360,743266880
2022-11-08,6788,6807,6660,6661,49326,-1.7551622418879056,-10798,542,9191,1065,0,24341,543,21040,3528,49452,35139,1,11849,2463,49452,-73451570,3704510,62607800,7139260,0,166399440,3711300,143450310,24024800,337585850,239851010,6790,80842510,16885540,337585850
2022-11-09,6701,6799,6651,6790,58036,1.936646149226843,-10609,33,-6692,17268,0,26783,33,11548,19820,58184,37392,0,18240,2552,58184,-72624530,225830,-46033740,118432440,0,182869160,225830,78826540,135928200,397849730,255493690,0,124860280,17495760,397849730
2022-11-10,6789,6936,6650,6937,84319,2.1649484536082473,-10864,43,-8799,19620,0,38901,1044,17484,27105,84534,49765,1001,26283,7485,84534,-72946770,22860,-62043770,134967680,0,268863770,7079640,119495960,186710020,582149390,341810540,7056780,181539730,51742340,582149390
2022-11-11,6955,7054,6867,7055,128420,1.7010234971889866,6868,-67,-15257,8456,0,41665,42,30948,56091,128746,34797,109,46205,47635,128746,49240360,-472270,-109861950,61093860,0,295058610,297360,218206360,398302050,911864380,245818250,769630,328068310,337208190,911864380
2022-11-14,7054,7054,6927,7016,51836,-0.5527994330262225,15219,198,-9285,-6132,0,23228,200,12420,16120,51968,8009,2,21705,22252,51968,108262690,1409800,-66360170,-43312320,0,165089610,1424000,88005890,114851620,369371120,56826920,14200,154366060,158163940,369371120
2022-11-15,7036,7036,6858,6908,71144,-1.5393386545039909,25749,0,5931,-31680,0,48232,1000,19087,3006,71325,22483,1000,13156,34686,71325,180355020,-10000,41922500,-222267520,0,338914110,7010000,134445500,21106270,501475880,158559090,7020000,92523000,243373790,501475880
2022-11-16,6916,6916,6798,6848,76890,-0.8685581933989578,11898,-2705,16332,-25525,0,38047,2105,30910,6024,77086,26149,4810,14578,31549,77086,82878910,-18738980,113037280,-177177210,0,264482200,14571860,214466760,41833080,535353900,181603290,33310840,101429480,219010290,535353900
2022-11-17,6907,6907,6769,6888,41822,0.5841121495327103,15956,103,266,-16325,0,25790,104,15273,762,41929,9834,1,15007,17087,41929,110967340,711930,1653250,-113332520,0,179256870,718880,105856090,5267910,291099750,68289530,6950,104202840,118600430,291099750
2022-11-18,6848,6917,6799,6888,40936,0.0,8583,42,-3716,-4909,0,27537,43,11930,1530,41040,18954,1,15646,6439,41040,59993240,292320,-26027440,-34258120,0,192000150,299280,82861110,10638960,285799500,132006910,6960,108888550,44897080,285799500
2022-11-21,6896,6896,6758,6848,37812,-0.5807200929152149,5883,38,77,-5998,0,21296,44,15279,1289,37908,15413,6,15202,7287,37908,41180760,262040,201140,-41643940,0,147549320,303580,105447160,8893210,262193270,106368560,41540,105246020,50537150,262193270
2022-11-22,6846,6846,6738,6828,41302,-0.29205607476635514,8164,130,-2839,-5455,0,24223,130,12193,4862,41408,16059,0,15032,10317,41408,56689210,894470,-19787330,-37796350,0,167457430,894470,83947360,33549640,285848900,110768220,0,103734690,71345990,285848900
2022-11-23,6827,6847,6718,6848,82679,0.29291154071470415,588,1574,10592,-12754,0,25868,1574,36802,18646,82890,25280,0,26210,31400,82890,4449980,10885470,72332670,-87668120,0,178415340,10885470,253350150,128492200,571143160,173965360,0,181017480,216160320,571143160
2022-11-24,6856,6876,6748,6848,62708,0.0,-14196,143,7809,6244,0,19760,144,24156,18808,62868,33956,1,16347,12564,62868,-98306620,986680,54023080,43296860,0,136811410,993600,167153640,130319360,435278010,235118030,6920,113130560,87022500,435278010
2022-11-25,6886,6886,6788,6858,39027,0.14602803738317757,4065,101,1946,-6112,0,22206,101,14578,2242,39127,18141,0,12632,8354,39127,28271730,696920,13492570,-42461220,0,154167250,696920,101100420,15527190,271491780,125895520,0,87607850,57988410,271491780
2022-11-28,6886,6886,6700,6740,95698,-1.7206182560513268,-11715,201,11904,-390,0,52315,1201,35012,7413,95941,64030,1000,23108,7803,95941,-79735660,1361820,81088940,-2715100,0,359286420,8211820,240032940,50831310,658362490,439022080,6850000,158944000,53546410,658362490
2022-11-29,6729,6778,6710,6750,29551,0.1483679525222552,-1399,192,-1057,2264,0,6507,192,8862,14066,29627,7906,0,9919,11802,29627,-9560700,1311390,-7296600,15545910,0,44624060,1311390,60651720,96320940,202908110,54184760,0,67948320,80775030,202908110
2022-11-30,6778,6778,6700,6750,34754,0.0,-12461,2006,1075,9380,0,6610,2906,14571,10756,34843,19071,900,13496,1376,34843,-85262810,13682510,7440640,64139660,0,45227870,19847510,99584430,73541650,238201460,130490680,6165000,92143790,9401990,238201460
2022-12-01,6788,6798,6729,6760,49387,0.14814814814814814,-12151,49,11773,329,0,20777,50,20299,8387,49513,32928,1,8526,8058,49513,-83482150,335140,80893150,2253860,0,142688850,342000,139540200,57588290,340159340,226171000,6860,58647050,55334430,340159340
2022-12-02,6769,6769,6631,6691,53633,-1.0207100591715976,-8695,601,11245,-3151,0,17279,601,30309,5581,53770,25974,0,19064,8732,53770,-59214480,4071870,76425380,-21282770,0,117789550,4071870,206413010,38044880,366319310,177004030,0,129987630,59327650,366319310
2022-12-05,6690,6710,6592,6632,60309,-0.8817814975340008,-757,362,-1578,1973,0,29037,362,22626,8438,60463,29794,0,24204,6465,60463,-4470140,2430690,-11206620,13246070,0,196721020,2430690,152536920,57023070,408711700,201191160,0,163743540,43777000,408711700
2022-12-06,6670,6670,6552,6632,53467,0.0,3604,161,-4424,659,0,23125,161,25236,5081,53603,19521,0,29660,4422,53603,24148960,1081580,-29629190,4398650,0,155346500,1081580,169452330,34165960,360046370,131197540,0,199081520,29767310,360046370
2022-12-07,6631,6661,6573,6603,31218,-0.43727382388419783,10584,-7800,-152,-2632,0,17462,0,12992,844,31298,6878,7800,13144,3476,31298,70947680,-52260000,-1059230,-17628450,0,117004640,0,87040010,5652140,209696790,46056960,52260000,88099240,23280590,209696790
2022-12-08,6631,6641,6532,6642,41999,0.5906406179009541,236,1091,601,-1928,0,23338,1091,16651,1026,42106,23102,0,16050,2954,42106,1589160,7305050,4050900,-12945110,0,156221210,7305050,111243170,6837250,281606680,154632050,0,107192270,19782360,281606680
2022-12-09,6602,6680,6542,6612,84665,-0.45167118337850043,-4471,13,6438,-1980,0,61367,1016,18504,3993,84880,65838,1003,12066,5973,84880,-29251480,31920,42599900,-13380340,0,412276590,6757020,123813860,26737160,569584630,441528070,6725100,81213960,40117500,569584630
2022-12-12,6620,6620,6512,6513,32309,-1.4972776769509981,-9952,267,5354,4331,0,8238,1003,17152,5999,32392,18190,736,11798,1668,32392,-66200830,1764360,35677350,28759120,0,54769100,6659930,114038500,39858730,215326260,120969930,4895570,78361150,11099610,215326260
2022-12-13,6563,6563,6445,6465,37981,-0.7369875633348687,-12828,-193,9045,3976,0,6056,697,25002,6323,38078,18884,890,15957,2347,38078,-84351490,-1273310,59477890,26146910,0,39896770,4607070,164547380,41599900,250651120,124248260,5880380,105069490,15452990,250651120
2022-12-14,6493,6532,6433,6533,70369,1.051817478731632,-19290,-1207,2719,17778,0,35445,3,13689,21411,70548,54735,1210,10970,3633,70548,-127143980,-7916300,17805750,117254530,0,233696030,19800,90075320,141202230,464993380,360840010,7936100,72269570,23947700,464993380
2022-12-15,6533,6543,6465,6495,68667,-0.5816623297106995,-22547,-177,9606,13118,0,28606,24,23807,16405,68842,51153,201,14201,3287,68842,-148638070,-1164430,63334980,86467520,0,188564550,158160,156870390,108140090,453733190,337202620,1322590,93535410,21672570,453733190
2022-12-16,6513,6582,6434,6573,86061,1.2009237875288685,-868,-906,-24142,25916,0,45615,101,11371,29193,86280,46483,1007,35513,3277,86280,-5554440,-6049700,-160663790,172267930,0,303328360,676670,75379150,194043210,573427390,308882800,6726370,236042940,21775280,573427390
2022-12-19,6591,6591,6463,6503,61869,-1.0649627263045793,-17070,368,-526,17228,0,19982,1546,18223,22276,62027,37052,1178,18749,5048,62027,-112480850,2389420,-3608060,113699490,0,131769240,10178140,120094900,146993880,409036160,244250090,7788720,123702960,33294390,409036160
2022-12-20,6503,6513,6435,6485,57095,-0.2767953252345072,-6677,-694,1991,5380,0,29750,123,19572,7796,57241,36427,817,17581,2416,57241,-43910490,-4577140,13037120,35450510,0,195933660,810470,128826330,51328170,376898630,239844150,5387610,115789210,15877660,376898630
2022-12-21,6494,6494,6405,6465,46387,-0.30840400925212025,-16167,-5,-697,16869,0,15295,3,12580,18628,46506,31462,8,13277,1759,46506,-105875940,-32700,-4612330,110520970,0,100317900,19580,82323160,122058560,304719200,206193840,52280,86935490,11537590,304719200
2022-12-22,6453,6473,6404,6445,97602,-0.30935808197989173,-27836,95,12046,15695,0,47861,101,32054,17834,97850,75697,6,20008,2139,97850,-181790070,621320,78545330,102623420,0,312736370,660530,209301370,116637000,639335270,494526440,39210,130756040,14013580,639335270
2022-12-23,6503,6503,6405,6495,59069,0.7757951900698216,-2047,1,-4812,6858,0,36749,1,11986,10483,59219,38796,0,16798,3625,59219,-13452000,6550,-31522510,44967960,0,240669960,6550,78472810,68691330,387840650,254121960,0,109995320,23723370,387840650
2022-12-26,6493,6512,6453,6513,47633,0.27713625866050806,26218,1,-26383,164,0,31952,1,14224,1577,47754,5734,0,40607,1413,47754,173084920,6610,-174177870,1086340,0,210953860,6610,93811010,10417930,315189410,37868940,0,267988880,9331590,315189410
2022-12-27,6443,6493,6424,6435,43894,-1.1976047904191618,4559,-730,5593,-9422,0,22188,0,21300,518,44006,17629,730,15707,9940,44006,29942360,-4781500,36546130,-61706990,0,145452870,0,139521380,3397010,288371260,115510510,4781500,102975250,65104000,288371260
2022-12-28,6396,6513,6396,6495,35508,0.9324009324009324,5806,730,-12679,6143,0,12210,730,13736,8923,35599,6404,0,26415,2780,35599,38323960,4818000,-83736710,40594750,0,80616110,4818000,90508560,58838380,234781050,42292150,0,174245270,18243630,234781050
2022-12-29,6503,6513,6425,6465,26026,-0.4618937644341801,8003,133,-7487,-649,0,13152,133,7820,4988,26093,5149,0,15307,5637,26093,52852370,877830,-49431200,-4299000,0,86837560,877830,51582220,32912120,172209730,33985190,0,101013420,37211120,172209730
2023-01-02,6474,6691,6474,6691,94585,3.4957463263727764,-12731,10375,-33459,35815,0,30591,10470,8359,45406,94826,43322,95,41818,9591,94826,-84445190,69105890,-223625340,238964640,0,205216130,69747260,55787490,303153780,633904660,289661320,641370,279412830,64189140,633904660
2023-01-03,6661,6779,6593,6770,83650,1.1806904797489164,3115,14094,-37954,20745,0,24956,14142,9647,35118,83863,21841,48,47601,14373,83863,22351580,95114970,-258334350,140867800,0,170010400,95444280,65095070,238587330,569137080,147658820,329310,323429420,97719530,569137080
2023-01-04,6769,6798,6641,6799,260557,0.4283604135893649,3399,3,-12284,8882,0,18240,204256,22494,16228,261218,14841,204253,34778,7346,261218,23438020,20540,-84294400,60835840,0,124995970,1411408770,153503320,111087640,1800995700,101557950,1411388230,237797720,50251800,1800995700
2023-01-05,6818,6936,6710,6937,134103,2.029710251507575,-26895,-192,-19837,46924,0,37536,54,42424,54430,134444,64431,246,62261,7506,134444,-186913990,-1334220,-136020160,324268370,0,260520030,368670,295279670,376383160,932551530,447434020,1702890,431299830,52114790,932551530
2023-01-06,6888,6986,6838,6918,52867,-0.2738936139541589,6649,-760,-6084,195,0,27009,1,13062,12930,53002,20360,761,19146,12735,53002,46579710,-5335190,-42674310,1429790,0,189107320,7000,91499130,90625540,371238990,142527610,5342190,134173440,89195750,371238990
2023-01-09,6886,6916,6798,6858,70050,-0.8673026886383347,6605,-1,-5895,-709,0,29112,0,22320,18797,70229,22507,1,28215,19506,70229,45801710,-6950,-41062600,-4732160,0,202242780,0,155103990,130744760,488091530,156441070,6950,196166590,135476920,488091530
2023-01-10,6866,6866,6640,6838,70369,-0.2916302128900554,409,2041,-12980,10530,0,24553,3045,25254,17696,70548,24144,1004,38234,7166,70548,2974240,13855810,-89510850,72680800,0,169486910,20828250,173886240,122111150,486312550,166512670,6972440,263397090,49430350,486312550
2023-01-11,6837,6837,6758,6838,30772,0.0,-2928,-497,6771,-3346,0,10230,3,13473,7145,30851,13158,500,6702,10491,30851,-20144250,-3454310,46761160,-23162600,0,70660100,20690,93169410,49495270,213345470,90804350,3475000,46408250,72657870,213345470
2023-01-12,6837,6837,6799,6819,29208,-0.2778590231061714,-9591,600,8166,825,0,7460,602,17221,4000,29283,17051,2,9055,3175,29283,-66488660,4158020,56609580,5721060,0,51706830,4171880,119371260,27727310,202977280,118195490,13860,62761680,22006250,202977280
2023-01-13,6836,6836,6778,6828,35226,0.13198416190057194,-15837,0,16814,-977,0,8743,2,23843,2728,35316,24580,2,7029,3705,35316,-109559580,-40,116337490,-6777870,0,60474920,13810,164903910,18868680,244261320,170034500,13850,48566420,25646550,244261320
2023-01-16,6828,6888,6799,6888,69881,0.8787346221441126,1956,-624,-12249,10917,0,37796,2,15394,16867,70059,35840,626,27643,5950,70059,14051190,-4336780,-85687900,75973490,0,263584070,13960,107180530,117452260,488230820,249532880,4350740,192868430,41478770,488230820
2023-01-17,6907,6907,6819,6878,41039,-0.14518002322880372,9221,-2,4315,-13534,0,29449,1,11192,502,41144,20228,3,6877,14036,41144,64315540,-13900,30023790,-94325430,0,205187130,7000,77993150,3492380,286679660,140871590,20900,47969360,97817810,286679660
2023-01-18,6888,6956,6819,6898,71983,0.2907822041291073,1497,2,-7609,6110,0,41327,2,12488,18350,72167,39830,0,20097,12240,72167,10998860,14010,-53622460,42609590,0,289763420,14010,87104690,128314930,505197050,278764560,0,140727150,85705340,505197050
2023-01-19,6897,6897,6848,6888,70993,-0.14496955639315745,-27893,40771,2663,-15541,0,22528,40771,7240,634,71173,50421,0,4577,16175,71173,-194924380,284987010,18542020,-108604650,0,157485480,284987010,50553700,4431660,497457850,352409860,0,32011680,113036310,497457850
2023-01-20,6886,6984,6808,6976,71436,1.2775842044134729,2502,-612,-17750,15860,0,36700,102,13850,20966,71618,34198,714,31600,5106,71618,18184060,-4276590,-125743510,111836040,0,259400080,723170,97882880,147938640,505944770,241216020,4999760,223626390,36102600,505944770
2023-01-25,6995,7103,6965,7065,68960,1.275802752293578,-16730,-669,-2097,19496,0,27464,0,16013,25659,69136,44194,669,18110,6163,69136,-119347790,-4787980,-15319290,139455060,0,196578070,0,114357360,183626540,494561970,315925860,4787980,129676650,44171480,494561970
2023-01-26,7073,7073,6985,7065,74290,0.0,15405,10574,-18473,-7506,0,42511,11200,14407,6361,74479,27106,626,32880,13867,74479,109892870,75375070,-131650150,-53617790,0,303553390,79856000,102882930,45401020,531693340,193660520,4480930,234533080,99018810,531693340
2023-01-27,7074,7103,6995,7075,73771,0.14154281670205238,4845,2078,-5287,-1636,0,37921,2581,14647,18810,73959,33076,503,19934,20446,73959,35357680,14793720,-38477760,-11673640,0,272283560,18390260,104729400,135020710,530423930,236925880,3596540,143207160,146694350,530423930
2023-01-30,7073,7083,6995,7045,82636,-0.4240282685512367,-12304,-260,5486,7078,0,41195,66,25362,16223,82846,53499,326,19876,9145,82846,-87859850,-1863040,39207310,50515580,0,294472990,470580,181452620,115997060,592393250,382332840,2333620,142245310,65481480,592393250
2023-01-31,7044,7044,6956,7026,73899,-0.26969481902058196,-12691,-11975,13834,10832,0,27353,0,23151,23583,74087,40044,11975,9317,12751,74087,-90226110,-85157240,98318710,77064640,0,194633030,0,164757830,167813900,527204760,284859140,85157240,66439120,90749260,527204760
2023-02-01,6984,7093,6926,6966,75369,-0.8539709649871904,-10989,7393,959,2637,0,32395,7393,26032,9741,75561,43384,0,25073,7104,75561,-78706170,53134380,7230650,18341140,0,229633470,53134380,185475860,68848020,537091730,308339640,0,178245210,50506880,537091730
2023-02-02,6986,7044,6946,7036,73616,1.00488084984209,5776,6413,-7628,-4561,0,50959,7638,8507,6700,73804,45183,1225,16135,11261,73804,41278470,45448450,-54344500,-32382420,0,361746260,54145890,60333920,47571720,523797790,320467790,8697440,114678420,79954140,523797790
2023-02-03,7026,7044,6691,7036,136053,0.0,-58300,22287,24308,11705,0,32912,22296,45949,35242,136399,91212,9,21641,23537,136399,-415668860,158926690,173589440,83152730,0,233870310,158990630,326702700,250920000,970483640,649539170,63940,153113260,167767270,970483640
2023-02-06,7043,7043,6876,6956,56746,-1.137009664582149,7206,-729,14610,-21087,0,25628,1,22197,9065,56891,18422,730,7587,30152,56891,50948560,-5102990,102475930,-148321500,0,180529960,7010,155947520,63851280,400335770,129581400,5110000,53471590,212172780,400335770
2023-02-07,6935,6935,6808,6868,67811,-1.2650948821161587,-12449,-1995,19584,-5140,0,29852,1006,29611,7515,67984,42301,3001,10027,12655,67984,-86219200,-13881320,136020950,-35920430,0,208165980,6971760,205931150,52242490,473311380,294385180,20853080,69910200,88162920,473311380
2023-02-08,6846,6935,6778,6838,64066,-0.43680838672102507,-6447,315,8809,-2677,0,32602,315,27766,3546,64229,39049,0,18957,6223,64229,-44209420,2180250,60593530,-18564360,0,226760600,2180250,192219270,24548370,445708490,270970020,0,131625740,43112730,445708490
2023-02-09,6847,6847,6710,6760,85223,-1.1406844106463878,-6765,-1652,6894,1523,0,30595,92,40837,13916,85440,37360,1744,33943,12393,85440,-46560280,-11318040,47692480,10185840,0,209927870,628360,280210840,95329550,586096620,256488150,11946400,232518360,85143710,586096620
2023-02-10,6749,6759,6670,6760,49729,0.0,-8146,733,9066,-1653,0,18541,733,27288,3294,49856,26687,0,18222,4947,49856,-55200710,4999060,61596850,-11395200,0,126577360,4999060,185861010,22402210,339839640,181778070,0,124264160,33797410,339839640
2023-02-13,6758,6758,6610,6720,96386,-0.591715976331361,-34044,247,17715,16082,0,23769,1247,50134,21481,96631,57813,1000,32419,5399,96631,-230219180,1575540,119650250,108993390,0,161753450,8400540,339703140,145663160,655520290,391972630,6825000,220052890,36669770,655520290
2023-02-14,6749,6749,6641,6691,50273,-0.43154761904761907,-709,436,5469,-5196,0,22064,436,25990,1912,50402,22773,0,20521,7108,50402,-4870510,2958550,37205910,-35293950,0,149702090,2958550,176281800,12976730,341919170,154572600,0,139075890,48270680,341919170
2023-02-15,6729,6729,6582,6691,60390,0.0,16961,419,-13342,-4038,0,27693,419,26574,5858,60544,10732,0,39916,9896,60544,114949360,2825510,-90335190,-27439680,0,187216670,2825510,178839260,39298910,408180350,72267310,0,269174450,66738590,408180350
2023-02-16,6710,6710,6602,6622,88913,-1.0312359886414586,-14871,551,5047,9273,0,28260,551,37104,23224,89139,43131,0,32057,13951,89139,-100011720,3704150,33990090,62317480,0,190268420,3704150,249732920,156217400,599922890,290280140,0,215742830,93899920,599922890
2023-02-17,6650,6650,6562,6642,42293,0.30202355783751134,-8673,2,5775,2896,0,21958,3,16313,4127,42401,30631,1,10538,1231,42401,-58165040,13420,38667020,19484600,0,147657960,20130,109356850,27745280,284780220,205823000,6710,70689830,8260680,284780220
2023-02-20,6641,6641,6543,6563,62058,-1.1894007828967177,-28453,1278,32848,-5673,0,11316,1679,46147,3074,62216,39769,401,13299,8747,62216,-189569760,8500090,218978640,-37908970,0,75525570,11178910,307734610,20490360,414929450,265095330,2678820,88755970,58399330,414929450
2023-02-21,6602,6602,6494,6573,59131,0.15236934328813043,-30476,227,36034,-5785,0,13081,427,45429,345,59282,43557,200,9395,6130,59282,-201567020,1490730,238448520,-38372230,0,86821190,2826730,300963710,2287320,392898950,288388210,1336000,62515190,40659550,392898950
2023-02-22,6553,6583,6465,6495,58050,-1.1866727521679599,-33266,202,30220,2844,0,12143,202,38955,6898,58198,45409,0,8735,4054,58198,-220105090,1333290,199623070,19148730,0,80263990,1333290,257422160,45951440,384970880,300369080,0,57799090,26802710,384970880
2023-02-23,6495,6543,6396,6495,99455,0.0,-38670,-1,29233,9438,0,10788,0,70305,18615,99708,49458,1,41072,9177,99708,-253434560,-6610,192131500,61309670,0,70754550,0,461070430,121489180,653314160,324189110,6610,268938930,60179510,653314160
2023-02-24,6443,6542,6443,6543,78919,0.7390300230946882,-32082,878,30298,906,0,25146,879,37400,15695,79120,57228,1,7102,14789,79120,-211200310,5828170,200040890,5331250,0,166076070,5834770,247083860,103126580,522121280,377276380,6600,47042970,97795330,522121280
2023-02-27,6541,6541,6443,6513,45337,-0.4585052728106373,-13695,-1945,23889,-8249,0,9826,207,32561,2859,45453,23521,2152,8672,11108,45453,-89724190,-12803460,156810390,-54282740,0,64748720,1357960,213909460,18797630,298813770,154472910,14161420,57099070,73080370,298813770
2023-02-28,6523,6593,6454,6593,46983,1.2283126055581146,1692,-568,-1208,84,0,19588,1,21949,5565,47103,17896,569,23157,5481,47103,11665240,-3795840,-8583450,714050,0,130024170,6610,145492570,37036040,312559390,118358930,3802450,154076020,36321990,312559390
2023-03-02,6493,6650,6493,6632,69728,0.5915364780828152,-823,2,-6161,6982,0,27412,2,27699,14793,69906,28235,0,33860,7811,69906,-5378090,13420,-41889910,47254580,0,184208600,13420,185872760,99579740,469674520,189586690,0,227762670,52325160,469674520
2023-03-03,6552,6572,6355,6435,223374,-2.970446320868516,38801,-16824,-22854,877,0,99942,2475,93025,28499,223941,61141,19299,115879,27622,223941,252005240,-109456930,-149047920,6499610,0,651085430,16037790,606665970,186226910,1460016100,399080190,125494720,755713890,179727300,1460016100
2023-03-06,6404,6434,6356,6396,92886,-0.6060606060606061,-3120,-5850,23310,-14340,0,39496,1001,52037,588,93122,42616,6851,28727,14928,93122,-20539900,-37936470,151643930,-93167560,0,256545480,6498500,338273710,3814020,605131710,277085380,44434970,186629780,96981580,605131710
2023-03-07,6385,6404,6267,6297,118067,-1.547842401500938,-19850,-5155,31005,-6000,0,45395,708,67762,4502,118367,65245,5863,36757,10502,118367,-127697270,-33392040,199607190,-38517880,0,292900530,4574230,436643750,29161920,763280430,420597800,37966270,237036560,67679800,763280430
2023-03-08,6287,6306,6197,6307,98425,0.1588057805304113,3944,380,-7733,3409,0,32588,380,61289,4418,98675,28644,0,69022,1009,98675,25302970,2409200,-49311140,21598970,0,206847610,2409200,388337940,28020320,625615070,181544640,0,437649080,6421350,625615070
2023-03-09,6287,6296,6247,6297,31513,-0.15855398763278897,-1356,19,-1736,3073,0,7338,19,21164,3073,31594,8694,0,22900,0,31594,-8538190,121390,-11195140,19611940,0,46824430,121390,135067020,19611940,201624780,55362620,0,146262160,0,201624780
2023-03-10,6296,6444,6257,6366,69806,1.095759885659838,6942,-500,-14929,8487,0,32146,0,22831,15006,69983,25204,500,37760,6519,69983,44722540,-3250000,-96045310,54572770,0,208174730,0,147541840,96742810,452459380,163452190,3250000,243587150,42170040,452459380
2023-03-13,6277,6414,6277,6386,49000,0.3141690229343387,9793,-13207,1710,1704,0,24813,0,19897,4415,49125,15020,13207,18187,2711,49125,63328930,-85481810,11132940,11019940,0,160595500,0,128791690,28578620,317965810,97266570,85481810,117658750,17558680,317965810
2023-03-14,6385,6395,6336,6376,73037,-0.15659254619480112,19530,-1200,-30553,12223,0,40115,1,20217,12889,73222,20585,1201,50770,666,73222,126339860,-7766960,-197528070,78955170,0,259773590,6490,130941360,83268690,473990130,133433730,7773450,328469430,4313520,473990130
2023-03-15,6386,6414,6296,6396,107645,0.3136762860727729,-15976,-252,4807,11421,0,56410,49,39664,11796,107919,72386,301,34857,375,107919,-103635890,-1638910,31265930,74008870,0,366369130,314580,256983120,76433520,700100350,470005020,1953490,225717190,2424650,700100350
2023-03-16,6425,6425,6296,6356,88453,-0.6253908692933083,484,-199,-1196,911,0,57062,2,26524,4271,87859,56578,201,27720,3360,87859,3343460,-1273600,-7907920,5838060,0,365790080,12780,169293850,27265970,562362680,362446620,1286380,177201770,21427910,562362680
2023-03-17,6355,6385,6167,6207,211057,-2.344241661422278,-30887,3703,35605,-8421,0,23031,4309,57132,125167,209639,53918,606,21527,133588,209639,-192513800,23234290,222333750,-53054240,0,144733900,27024020,358244930,782729180,1312732030,337247700,3789730,135911180,835783420,1312732030
2023-03-20,6148,6207,5989,6039,153753,-2.706621556307395,-24952,5925,80660,-61633,0,38487,6126,104708,3399,152720,63439,201,24048,65032,152720,-152924390,36395220,492859100,-376329930,0,234338920,37639300,639907370,20660970,932546560,387263310,1244080,147048270,396990900,932546560
2023-03-21,6058,6098,6019,6039,46788,0.0,-17112,1604,14757,751,0,10071,1604,31523,3276,46474,27183,0,16766,2525,46474,-103946530,9752280,89606580,4587670,0,61363880,9752280,191663800,19970870,282750830,165310410,0,102057220,15383200,282750830
2023-03-22,6078,6078,5909,5959,136727,-1.324722636198046,-74316,2452,78093,-6229,0,28307,2828,100334,4339,135808,102623,376,22241,10568,135808,-445709840,14674060,468684070,-37648290,0,170126980,16952620,601930690,25940350,814950640,615836820,2278560,133246620,63588640,814950640
2023-03-23,5959,5959,5810,5900,110830,-0.9900990099009901,-37892,4962,28094,4836,0,27444,5413,69061,8167,110085,65336,451,40967,3331,110085,-223149470,29230770,165402250,28516450,0,162377410,31909710,407719920,48285870,650292910,385526880,2678940,242317670,19769420,650292910
2023-03-24,5909,5959,5750,5850,145899,-0.847457627118644,-26640,2591,38591,-14542,0,34146,3055,84707,23011,144919,60786,464,46116,37553,144919,-155589830,15241650,224963270,-84615090,0,199393940,17952630,495048940,134314170,846709680,354983770,2710980,270085670,218929260,846709680
2023-03-27,5850,5870,5592,5602,153602,-4.239316239316239,-54350,755,51451,2144,0,34781,1256,101490,15043,152570,89131,501,50039,12899,152570,-308635550,4281830,293678190,10675530,0,198210850,7127490,578182310,85097010,868617660,506846400,2845660,284504120,74421480,868617660
2023-03-28,5621,5651,5562,5602,128174,0.0,-47264,-2162,59211,-9785,0,26603,1438,94817,4455,127313,73867,3600,35606,14240,127313,-266462320,-12200340,333907720,-55245060,0,149985260,8123660,534487740,25175450,717772110,416447580,20324000,200580020,80420510,717772110
2023-03-29,5630,5670,5591,5621,151976,0.3391645840771153,-14074,-14,6886,7202,0,70166,987,67964,11838,150955,84240,1001,61078,4636,150955,-79238920,-102500,38509320,40832100,0,398016300,5593150,385225760,67118750,855953960,477255220,5695650,346716440,26286650,855953960
2023-03-30,5512,5512,5423,5453,283443,-2.9887920298879203,-54241,1678,126233,-73670,0,71564,1678,192192,16104,281538,125805,0,65959,89774,281538,-297888390,9193050,693184620,-404489280,0,393234990,9193050,1055379590,88459840,1546267470,691123380,0,362194970,492949120,1546267470
2023-03-31,5492,5542,5423,5463,103835,0.18338529249954152,-8942,103,38561,-29722,0,31922,303,63197,7715,103137,40864,200,24636,37437,103137,-48873690,563470,211642230,-163332010,0,175619360,1667470,347197340,42557050,567041220,224493050,1104000,135555110,205889060,567041220
2023-04-03,5492,5601,5472,5592,169371,2.361339923119165,-19237,2133,14075,3029,0,31383,2134,73028,61688,168233,50620,1,58953,58659,168233,-107528620,11926980,78654460,16947180,0,174723920,11932520,407178150,343489660,937324250,282252540,5540,328523690,326542480,937324250
2023-04-04,5592,5641,5532,5592,85645,0.0,-18635,10718,37110,-29193,0,18387,10718,54259,1706,85070,37022,0,17149,30899,85070,-105009500,60337130,208635580,-163963210,0,103166350,60337130,304906870,9634670,478045020,208175850,0,96271290,173597880,478045020
2023-04-05,5591,5611,5452,5532,149348,-1.0729613733905579,-12830,7699,51126,-45995,0,38274,7700,85902,16468,148344,51104,1,34776,62463,148344,-71089130,42517480,282272530,-253700880,0,212084560,42523000,475187340,91348650,821143550,283173690,5520,192914810,345049530,821143550
2023-04-06,5532,5532,5343,5413,358177,-2.1511207519884312,-104103,27199,128181,-51277,0,105446,27199,198594,24531,355770,209549,0,70413,75808,355770,-569037640,149073390,697791850,-277827600,0,574995950,149073390,1080527570,134244970,1938841880,1144033590,0,382735720,412072570,1938841880
2023-04-07,5462,5462,5283,5323,357092,-1.6626639571402182,-79408,4395,116266,-41253,0,136523,4395,175611,38163,354692,215931,0,59345,79416,354692,-426364900,23498920,622953270,-220087290,0,731664190,23498920,941101140,204685420,1900949670,1158029090,0,318147870,424772710,1900949670
2023-04-10,5343,5422,5303,5373,478688,0.9393199323689649,-171493,45141,70467,55885,0,141094,46901,148739,138736,475470,312587,1760,78272,82851,475470,-928131270,243937830,381362900,302830540,0,762810600,253426830,802198170,749984520,2568420120,1690941870,9489000,420835270,447153980,2568420120
2023-04-11,5403,5422,5333,5403,413013,0.5583472920156337,-168488,300,131348,36840,0,146258,300,163038,100641,410237,314746,0,31690,63801,410237,-911106580,1614000,709421180,200071400,0,793843690,1614000,880961210,544742060,2221160960,1704950270,0,171540030,344670660,2221160960
2023-04-12,5412,5581,5392,5492,253835,1.6472330186933184,-51642,-1,18779,32864,0,69466,0,72869,109794,252129,121108,1,54090,76930,252129,-288945180,-5440,103680750,185269870,0,382438040,0,402293700,608526710,1393258450,671383220,5440,298612950,423256840,1393258450
2023-04-13,5502,5710,5502,5532,270009,0.7283321194464676,-1639,244,54614,-53219,0,89067,1162,117547,60418,268194,90706,918,62933,113637,268194,-7228500,1395380,308362560,-302529440,0,503336190,6601500,665133470,340443460,1515514620,510564690,5206120,356770910,642972900,1515514620
2023-04-14,5532,5661,5522,5532,386637,0.0,-71330,11232,70406,-10308,0,86210,11232,161119,125477,384038,157540,0,90713,135785,384038,-397446850,63054160,394316770,-59924080,0,485445030,63054160,905484550,703851170,2157834910,882891880,0,511167780,763775250,2157834910
2023-04-17,5482,5612,5254,5612,599229,1.4461315979754157,-136769,2439,14996,119334,0,183890,3142,201256,206913,595201,320659,703,186260,87579,595201,-735814410,13131790,61302950,661379670,0,1004328390,17068590,1098878900,1139814170,3260090050,1740142800,3936800,1037575950,478434500,3260090050
2023-04-18,5591,5849,5571,5780,365871,2.993585174625802,-78352,6315,-31678,103715,0,104810,11006,95045,152551,363412,183162,4691,126723,48836,363412,-450141640,36495980,-185119830,598765490,0,608149610,63583180,549098120,881057840,2101888750,1058291250,27087200,734217950,282292350,2101888750
2023-04-19,5720,5799,5531,5621,312979,-2.7508650519031144,16748,-19758,116709,-113699,0,83148,56,212119,15552,310875,66400,19814,95410,129251,310875,95483870,-111946140,659503130,-643040860,0,469521280,314720,1197052460,87716770,1754605230,374037410,112260860,537549330,730757630,1754605230
2023-04-20,5601,5670,5521,5641,162318,0.3558085749866572,-1082,-3660,-13230,17972,0,61107,0,62284,37836,161227,62189,3660,75514,19864,161227,-6206020,-20732200,-75480340,102418560,0,346245280,0,351910220,214601420,912756920,352451300,20732200,427390560,112182860,912756920
2023-04-21,5651,5651,5512,5562,152162,-1.4004609111859598,80,-300,18527,-18307,0,64416,700,77152,8872,151140,64336,1000,58625,27179,151140,700480,-1693000,103570520,-102578000,0,359866610,3907000,430816050,49327670,843917330,359166130,5600000,327245530,151905670,843917330
2023-04-24,5561,5650,5412,5492,168557,-1.2585400934915498,4740,700,54162,-59602,0,72251,2700,89641,2832,167424,67511,2000,35479,62434,167424,26609790,3874630,299067540,-329551960,0,399681420,14915500,495437140,15611360,925645420,373071630,11040870,196369600,345163320,925645420
2023-04-25,5532,5701,5462,5701,428936,3.805535324107793,-52795,79636,-166439,139598,0,100140,80636,76156,169121,426053,152935,1000,242595,29523,426053,-296420030,449582890,-936437890,783275030,0,565783260,455292890,429327500,950246760,2400650410,862203290,5710000,1365765390,166971730,2400650410
2023-04-26,5681,5761,5631,5761,173445,1.0524469391334854,-18447,13668,-16669,21448,0,48102,17869,72906,33402,172279,66549,4201,89575,11954,172279,-106539780,79007760,-96020360,123552380,0,277097660,103183280,418949000,192227060,991457000,383637440,24175520,514969360,68674680,991457000
2023-04-27,5760,5760,5611,5711,114547,-0.8679048776254121,-7004,5022,24881,-22899,0,24841,5107,54907,28922,113777,31845,85,30026,51821,113777,-39305480,28747210,141950080,-131391810,0,142177330,29240180,313909790,165527750,650855050,181482810,492970,171959710,296919560,650855050
2023-04-28,5710,5830,5690,5830,191820,2.083698126422693,25769,-742,-36999,11972,0,91202,471,69933,28925,190531,65433,1213,106932,16953,190531,151604210,-4367780,-217305480,70069050,0,531729730,2711540,404798260,167967840,1107207370,380125520,7079320,622103740,97898790,1107207370
2023-05-02,5770,5830,5681,5761,112419,-1.183533447684391,3335,-657,31051,-33729,0,51129,347,54445,5743,111664,47794,1004,23394,39472,111664,19704070,-3810380,179025060,-194918750,0,295852580,2012770,314015520,33307860,645188730,276148510,5823150,134990460,228226610,645188730
2023-05-03,5700,5789,5700,5780,99725,0.3298038534976567,-22304,-7639,-4409,34352,0,34917,1,25268,38869,99055,57221,7640,29677,4517,99055,-128874760,-44153490,-25935450,198963700,0,202289720,5800,146086460,225089280,573471260,331164480,44159290,172021910,26125580,573471260
2023-05-04,5780,5790,5661,5761,80554,-0.328719723183391,-6216,-11754,6191,11779,0,20922,22,40145,18924,80013,27138,11776,33954,7145,80013,-35840840,-67508340,35315130,68034050,0,121076940,127820,231718620,109414130,462337510,156917780,67636160,196403490,41380080,462337510
2023-05-08,5810,5830,5721,5751,141092,-0.17358097552508245,-56411,31,36146,20234,0,36607,581,73764,29192,140144,93018,550,37618,8958,140144,-326869730,205950,209379410,117284370,0,212168230,3390960,427558820,169316850,812434860,539037960,3185010,218179410,52032480,812434860
2023-05-09,5751,5770,5691,5751,200209,0.0,-5754,-8551,3224,11081,0,74493,14579,57916,51876,198864,80247,23130,54692,40795,198864,-33355240,-49438740,17927440,64866540,0,430735660,84377500,334245470,300192480,1149551110,464090900,133816240,316318030,235325940,1149551110
2023-05-10,5750,5750,5621,5631,344823,-2.0865936358894106,-76518,-15046,127245,-35681,0,125521,16711,174216,26057,342505,202039,31757,46971,61738,342505,-439856550,-85934870,728365220,-202573800,0,718032410,95591690,996500900,149915160,1960040160,1157888960,181526560,268135680,352488960,1960040160
2023-05-11,5532,5840,5532,5761,707465,2.3086485526549456,-41883,72014,-293764,263633,0,189314,73514,148093,291788,702709,231197,1500,441857,28155,702709,-245556380,412583260,-1683311190,1516284310,0,1089079170,421313260,845761070,1678377090,4034530590,1334635550,8730000,2529072260,162092780,4034530590
2023-05-12,5741,5900,5741,5900,226155,2.412775559798646,-6375,21797,-46706,31284,0,78136,30000,64331,52168,224635,84511,8203,111037,20884,224635,-37840710,128591750,-275374890,184623850,0,461589720,176738730,379493460,307924630,1325746540,499430430,48146980,654868350,123300780,1325746540
2023-05-15,5859,6018,5780,5999,377773,1.6779661016949152,12722,24586,-84379,47071,0,129110,53720,105894,86510,375234,116388,29134,190273,39439,375234,76426240,148058260,-503427620,278943120,0,772558970,320536690,631461330,514294350,2238851340,696132730,172478430,1134888950,235351230,2238851340
2023-05-16,6058,6078,5948,6078,229338,1.3168861476912819,39332,28315,-811,-66836,0,117967,30703,72910,6217,227797,78635,2388,73721,73053,227797,239212120,171594400,-5855970,-404950550,0,715762350,186091680,440613810,37474440,1379942280,476550230,14497280,446469780,442424990,1379942280
2023-05-17,6078,6088,5989,6039,179935,-0.6416584402764067,40801,985,20537,-62323,0,108612,1485,57154,11475,178726,67811,500,36617,73798,178726,249533290,6026620,124461470,-380021380,0,663306010,9076620,348049320,70140500,1090572450,413772720,3050000,223587850,450161880,1090572450
2023-05-18,5998,6098,5998,6098,147987,0.976982944196059,-7505,1069,17107,-10671,0,58512,1569,76189,10723,146993,66017,500,59082,21394,146993,-45848080,6515710,104163250,-64830880,0,356990820,9570710,464795060,65529650,896886240,402838900,3055000,360631810,130360530,896886240
2023-05-19,6098,6108,6058,6108,159384,0.1639881928501148,50282,-9521,7499,-48260,0,90021,0,60368,7924,158313,39739,9521,52869,56184,158313,308115060,-58418710,45969420,-295665770,0,551754390,0,370032960,48570470,970357820,243639330,58418710,324063540,344236240,970357820
2023-05-22,6118,6138,6078,6138,135833,0.4911591355599214,9935,-499,18137,-27573,0,60622,1,60768,13529,134920,50687,500,42631,41102,134920,60884940,-3078840,111244900,-169051000,0,372785530,6160,373372660,83188170,829352520,311900590,3085000,262127760,252239170,829352520
2023-05-23,6148,6148,6098,6148,121858,0.16291951775822744,21350,-3501,849,-18698,0,75166,2000,32993,10880,121039,53816,5501,32144,29578,121039,131514160,-21631180,5004440,-114887420,0,462805940,12310000,203110440,67025340,745251720,331291780,33941180,198106000,181912760,745251720
2023-05-24,6128,6167,6118,6158,101248,0.16265452179570591,15814,-5499,10564,-20879,0,60086,1,27329,13152,100568,44272,5500,16765,34031,100568,97720200,-34043790,65385600,-129062010,0,371953300,6210,169144730,81442810,622547050,274233100,34050000,103759130,210504820,622547050
2023-05-25,6168,6247,6138,6188,277420,0.4871711594673595,-55658,93415,-24142,-13615,0,71103,104955,62625,36872,275555,126761,11540,86767,50487,275555,-347284170,580919200,-150304640,-83330390,0,442643080,652458410,389836010,229722640,1714660140,789927250,71539210,540140650,313053030,1714660140
2023-05-26,6187,6237,6187,6237,154945,0.7918552036199095,-27177,1181,8003,17993,0,65472,2082,58518,27832,153904,92649,901,50515,9839,153904,-169705340,7380820,49684730,112639790,0,408907880,13009060,365354990,174122890,961394820,578613220,5628240,315670260,61483100,961394820
2023-05-30,6237,6306,6167,6297,171726,0.9620009620009621,22392,-16397,-6305,310,0,93104,23064,42861,11543,170572,70712,39461,49166,11233,170572,140547840,-101955540,-40405640,1813340,0,584849140,145048690,268453330,72246310,1070597470,444301300,247004230,308858970,70432970,1070597470
2023-05-31,6296,6326,6167,6257,200214,-0.6352231221216452,47536,-5990,33113,-74659,0,79273,10010,61013,48573,198869,31737,16000,27900,123232,198869,300120240,-38030720,208970920,-471060440,0,501197720,63263200,385670740,305142940,1255274600,201077480,101293920,176699820,776203380,1255274600
2023-06-01,6227,6267,6118,6158,222516,-1.5822279047466838,56193,-4019,-8232,-43942,0,127528,10001,71420,12072,221021,71335,14020,79652,56014,221021,350798860,-25857330,-50811340,-274130190,0,794254850,61806180,444204060,74949080,1375214170,443455990,87663510,495015400,349079270,1375214170
2023-06-02,6197,6216,6107,6207,86978,0.7957128937966872,12885,2105,-15181,191,0,46009,2836,28878,8671,86394,33124,731,44059,8480,86394,80187090,13096200,-94404520,1121230,0,286244170,17657260,179487220,53959890,537348540,206057080,4561060,273891740,52838660,537348540
2023-06-05,6276,6276,6147,6257,156940,0.8055421298533914,19782,-2042,-22929,5189,0,72418,157,49830,33480,155885,52636,2199,72759,28291,155885,123769470,-12743260,-143354230,32328020,0,452892970,989100,310283420,209043430,973208920,329123500,13732360,453637650,176715410,973208920
2023-06-07,6286,6296,6227,6277,78950,0.31964200095892603,22276,231,-15491,-7016,0,40197,732,27700,9791,78420,17921,501,43191,16807,78420,140381270,1446550,-97543320,-44284500,0,253363720,4617850,174585750,61696310,494263630,112982450,3171300,272129070,105980810,494263630
2023-06-08,6276,6276,6147,6227,119447,-0.7965588657001752,28516,-30054,193,1345,0,37679,164,50693,30108,118644,9163,30218,50500,28763,118644,178015290,-187070530,543650,8511590,0,235205780,1026410,315789700,187997030,740018920,57190490,188096940,315246050,179485440,740018920
2023-06-09,6226,6226,6127,6217,135575,-0.16059097478721696,15391,-340,-37534,22483,0,54854,161,38078,41571,134664,39463,501,75612,19088,134664,95989120,-2135000,-234752390,140898270,0,342527250,1006240,236548880,259931750,840014120,246538130,3141240,471301270,119033480,840014120
2023-06-12,6197,6246,6167,6237,109784,0.32169856844137046,15967,-166,-11699,-4102,0,54092,103,48860,5991,109046,38125,269,60559,10093,109046,100164900,-1040850,-73291360,-25832690,0,338786800,645780,305519560,37338250,682290390,238621900,1686630,378810920,63170940,682290390
2023-06-13,6187,6236,6177,6207,93441,-0.48100048100048104,29890,-5400,-3924,-20566,0,47350,0,41974,3489,92813,17460,5400,45898,24055,92813,186831670,-33699340,-24750520,-128381810,0,295966200,0,262032630,21770300,579769130,109134530,33699340,286783150,150152110,579769130
2023-06-14,6227,6227,6138,6198,114181,-0.14499758337361043,34108,-262,-9881,-23965,0,59008,1015,48329,5062,113414,24900,1277,58210,29027,113414,212254200,-1641250,-61636860,-148976090,0,367363650,6303150,300592960,31460920,705720680,155109450,7944400,362229820,180437010,705720680
2023-06-15,6197,6197,6058,6148,149737,-0.8067118425298484,23424,1999,-3545,-21878,0,65972,2005,63834,16920,148731,42548,6,67379,38798,148731,144668580,12273930,-22213110,-134729400,0,406504720,12310590,392675170,104167040,915657520,261836140,36660,414888280,238896440,915657520
2023-06-16,6147,6187,6078,6078,138850,-1.1385816525699415,9764,90,8633,-18487,0,37560,90,50311,49956,137917,27796,0,41678,68443,137917,60005490,553000,52915010,-113473500,0,230774350,553000,308878580,305917480,846123410,170768860,0,255963570,419390980,846123410
2023-06-19,6077,6097,5948,6058,112419,-0.3290556103981573,13049,1000,-22591,8542,0,43558,1000,49860,17246,111664,30509,0,72451,8704,111664,79401680,6040000,-137061650,51619970,0,263838800,6040000,301113790,104532830,675525420,184437120,0,438175440,52912860,675525420
2023-06-20,6058,6097,5998,6058,60824,0.0,26691,1,-24944,-1748,0,42672,1,14897,2846,60416,15981,0,39841,4594,60416,162585070,6090,-151886170,-10704990,0,259849690,6090,90502130,17272750,367630660,97264620,0,242388300,27977740,367630660
2023-06-21,6077,6077,6018,6058,77119,0.0,38873,-10837,-19220,-8816,0,50881,1,24955,764,76601,12008,10838,44175,9580,76601,236690250,-65902810,-117110730,-53676710,0,309793730,6060,151626140,4646350,466072280,73103480,65908870,268736870,58323060,466072280
2023-06-22,6058,6098,6018,6098,88990,0.6602839220864972,29347,9867,-25994,-13220,0,50430,16903,16000,5059,88392,21083,7036,41994,18279,88392,178994530,60407610,-158872930,-80529210,0,307900140,103143210,97241970,30893890,539179210,128905610,42735600,256114900,111423100,539179210
2023-06-23,6097,6097,5948,6088,153972,-0.1639881928501148,9110,-863,-9084,837,0,75456,2006,47302,28173,152937,66346,2869,56386,27336,152937,58560590,-5330300,-57229520,3999230,0,458169160,12046190,285629380,170278990,926123720,399608570,17376490,342858900,166279760,926123720
2023-06-26,6058,6117,6028,6098,95793,0.164257555847569,25412,-1945,-18172,-5295,0,63386,100,24675,6989,95150,37974,2045,42847,12284,95150,155534970,-11922850,-111380560,-32231560,0,388163420,613000,150958710,42915730,582650860,232628450,12535850,262339270,75147290,582650860
2023-06-27,6147,6147,6028,6098,99766,0.0,16817,20200,-27146,-9871,0,47306,20500,22808,8482,99096,30489,300,49954,18353,99096,102928950,123396640,-165961280,-60364310,0,289780760,125232640,139240810,51808470,606062680,186851810,1836000,305202090,112172780,606062680
2023-06-28,6147,6147,6058,6098,66588,0.0,8772,0,-5460,-3312,0,49214,0,13923,3004,66141,40442,0,19383,6316,66141,53878030,0,-33564060,-20313970,0,301711220,0,85238890,18404070,405354180,247833190,0,118802950,38718040,405354180
2023-06-29,6098,6137,6008,6118,114597,0.3279763857002296,23779,20,-6780,-17019,0,62674,20,44026,7107,113827,38895,0,50806,24126,113827,146093780,123200,-41499700,-104717280,0,384795510,123200,269304600,43487160,697710470,238701730,0,310804300,148204440,697710470
2023-06-30,6118,6168,6108,6168,72924,0.8172605426610003,20810,-40,-29140,8370,0,48015,0,14342,10077,72434,27205,40,43482,1707,72434,128690380,-248400,-179988960,51546980,0,297068550,0,88562790,62108990,447740330,168378170,248400,268551750,10562010,447740330
2023-07-03,6207,6207,6157,6207,76772,0.632295719844358,29258,536,-17413,-12381,0,62088,537,13260,371,76256,32830,1,30673,12752,76256,182218510,3344670,-108490770,-77072410,0,386727800,3350880,82570920,2310630,474960230,204509290,6210,191061690,79383040,474960230
2023-07-04,6207,6207,6148,6198,53604,-0.14499758337361043,23760,3,-19619,-4144,0,33999,4,15099,4142,53244,10239,1,34718,8286,53244,148205960,18640,-122332320,-25892280,0,211965540,24860,93799030,25759640,331549070,63759580,6220,216131350,51651920,331549070
2023-07-05,6197,6197,6148,6178,63501,-0.32268473701193934,28091,12,-13153,-14950,0,50813,15,12153,94,63075,22722,3,25306,15044,63075,174619660,74380,-81835540,-92858500,0,315664280,93000,75390320,583520,391731120,141044620,18620,157225860,93442020,391731120
2023-07-06,6178,6178,6098,6178,372300,0.0,331050,2149,-23489,-309710,0,344516,2150,18537,4595,369798,13466,1,42026,314305,369798,2037064030,13350320,-145401510,-1905012840,0,2120072340,13356500,114282840,28322070,2276033750,83008310,6180,259684350,1933334910,2276033750
2023-07-07,6177,6187,6058,6128,112122,-0.809323405632891,39916,-152,-32931,-6833,0,70824,50,28017,12478,111369,30908,202,60948,19311,111369,246207970,-937850,-203077670,-42192450,0,436325240,308500,171972850,76809770,685416360,190117270,1246350,375050520,119002220,685416360
2023-07-10,6187,6187,6048,6128,36997,0.0,17588,-3000,-7382,-7206,0,24939,0,11305,505,36749,7351,3000,18687,7711,36749,108411620,-18510000,-45526420,-44375200,0,153623070,0,69359140,3090920,226073130,45211450,18510000,114885560,47466120,226073130
2023-07-11,6118,6127,6068,6118,56190,-0.1631853785900783,19876,937,-12725,-8088,0,39850,938,15002,23,55813,19974,1,27727,8111,55813,122331820,5734420,-78358120,-49708120,0,245164980,5740560,92111660,141190,343158390,122833160,6140,170469780,49849310,343158390
2023-07-12,6147,6147,6048,6118,100241,0.0,4233,-6197,-12149,14113,0,52133,92,27824,19519,99568,47900,6289,39973,5406,99568,25924990,-38089030,-74644760,86808800,0,320033210,563310,170452460,119969540,611018520,294108220,38652340,245097220,33160740,611018520
2023-07-13,6138,6138,6098,6138,56249,0.32690421706440015,5071,-5,3416,-8482,0,34634,0,14701,6536,55871,29563,5,11285,15018,55871,31293300,-30790,20969600,-52232110,0,213569530,0,90586260,40303610,344459400,182276230,30790,69616660,92535720,344459400
2023-07-14,6158,6217,6118,6188,138457,0.8145975887911373,-45042,-99,-6987,52128,0,44228,1,33621,59677,137527,89270,100,40608,7549,137527,-278845840,-617790,-44538120,324001750,0,274545540,6210,208112530,370824390,853488670,553391380,624000,252650650,46822640,853488670
2023-07-17,6187,6187,6078,6138,66780,-0.808015513897867,20031,14,3734,-23779,0,30403,15,20879,15035,66332,10372,1,17145,38814,66332,123189660,86100,22815690,-146091450,0,187076750,92250,128545000,92629190,408343190,63887090,6150,105729310,238720640,408343190
2023-07-18,6147,6147,6078,6118,52528,-0.3258390355164549,18911,0,-13892,-5019,0,36206,0,9658,6311,52175,17295,0,23550,11330,52175,116237100,0,-85434800,-30802300,0,222489910,0,59352120,38793110,320635140,106252810,0,144786920,69595410,320635140
2023-07-19,6137,6137,6058,6068,72549,-0.8172605426610003,4379,18308,8723,-31410,0,28981,18308,23419,1354,72062,24602,0,14696,32764,72062,26846570,112318160,53289060,-192453790,0,177753950,112318160,143446450,8309770,441828330,150907380,0,90157390,200763560,441828330
2023-07-20,6088,6167,6068,6148,91846,1.3183915622940012,7854,10296,-42790,24640,0,40683,10506,13049,26991,91229,32829,210,55839,2351,91229,48236200,63607010,-264310130,152466920,0,251207830,64898110,80545330,166883840,563535110,202971630,1291100,344855460,14416920,563535110
2023-07-21,6157,6306,6127,6227,182056,1.2849707221860767,-19936,21423,-77081,75594,0,55756,21424,20698,82955,180833,75692,1,97779,7361,180833,-123781840,134012360,-481824400,471593880,0,348869100,134018610,129291040,517790290,1129969040,472650940,6250,611115440,46196410,1129969040
2023-07-24,6177,6226,6147,6207,104985,-0.3211819495744339,46524,20478,-53522,-13480,0,62698,20478,12465,8639,104280,16174,0,65987,22119,104280,290015970,127836860,-333891900,-83960930,0,390875920,127836860,77451830,53823950,649988560,100859950,0,411343730,137784880,649988560
2023-07-25,6198,6198,6138,6198,87008,-0.14499758337361043,31020,11707,-11518,-31209,0,53957,11713,15818,4936,86424,22937,6,27336,36145,86424,192866520,72731840,-71910100,-193688260,0,335262950,72769060,98048290,30665170,536745470,142396430,37220,169958390,224353430,536745470
2023-07-26,6187,6187,6088,6148,129118,-0.8067118425298484,62668,2251,-33102,-31817,0,80793,2252,41089,4116,128250,18125,1,74191,35933,128250,387089090,13911160,-204275780,-196724470,0,499026130,13917350,254179620,25428550,792551650,111937040,6190,458455400,222153020,792551650
2023-07-27,6157,6167,6038,6088,143442,-0.9759271307742355,30592,6817,-1066,-36343,0,82940,6818,40115,12605,142478,52348,1,41181,48948,142478,187738380,41899380,-7000640,-222637120,0,507998610,41905480,245271120,77145000,872320210,320260230,6100,252271760,299782120,872320210
2023-07-28,6078,6088,5978,6088,171242,0.0,68327,-1411,-70328,3412,0,107875,1590,36055,24571,170091,39548,3001,106383,21159,170091,415762850,-8576610,-427884950,20698710,0,655769620,9655400,218742220,149373480,1033540720,240006770,18232010,646627170,128674770,1033540720
2023-07-31,6098,6138,6028,6138,112388,0.821287779237845,11302,24252,-28277,-7277,0,59569,24252,26810,1002,111633,48267,0,55087,8279,111633,70120540,148163230,-173782630,-44501140,0,364968430,148163230,163451920,6114950,682698530,294847890,0,337234550,50616090,682698530
2023-08-01,6138,6178,6078,6178,100299,0.6516780710329098,19516,659,-45667,25492,0,50293,659,18511,30162,99625,30777,0,64178,4670,99625,120757510,4079080,-282893190,158056600,0,311500430,4079080,114170530,186873130,616623170,190742920,0,397063720,28816530,616623170
2023-08-02,6138,6178,6128,6178,69719,0.0,4851,-1113,-12500,8762,0,36249,0,22971,10031,69251,31398,1113,35471,1269,69251,30327040,-6897690,-77765040,54335690,0,224909830,0,142262390,62193350,429365570,194582790,6897690,220027430,7857660,429365570
2023-08-03,6178,6207,6128,6198,85784,0.32372936225315635,3534,0,-24411,20877,0,48531,0,11667,25010,85208,44997,0,36078,4133,85208,22065420,0,-152069860,130004440,0,302071670,0,72520280,155734980,530326930,280006250,0,224590140,25730540,530326930
2023-08-04,6197,6197,6108,6168,107616,-0.48402710551790895,21789,-4583,-20633,3427,0,51655,417,33400,21421,106893,29866,5000,54033,17994,106893,135265070,-28285450,-128433190,21453570,0,319729420,2564550,206080750,132577410,660952130,184464350,30850000,334513940,111123840,660952130
2023-08-07,6167,6167,6068,6138,106852,-0.48638132295719844,10817,-2877,-8016,76,0,46841,100,43702,15491,106134,36024,2977,51718,15415,106134,67459780,-17616390,-50019940,176550,0,288257030,613620,268160430,94988370,652019450,220797250,18230010,318180370,94811820,652019450
2023-08-08,6147,6147,6028,6098,121924,-0.6516780710329098,-8355,187,32394,-24226,0,38411,7782,60378,14534,121105,46766,7595,27984,38760,121105,-50705040,1166210,197212230,-147673400,0,234499150,47463820,368622220,88918730,739503920,285204190,46297610,171409990,236592130,739503920
2023-08-09,6158,6287,6019,6198,535860,1.639881928501148,-115729,2080,-16344,129993,0,192719,12801,133776,192962,532258,308448,10721,150120,62969,532258,-711657700,13154170,-109189500,807693030,0,1190682990,80444260,829337350,1199020110,3299484710,1902340690,67290090,938526850,391327080,3299484710
2023-08-10,6187,6187,5928,6068,336798,-2.097450790577606,-34963,-3823,87612,-48826,0,89867,5474,155509,83684,334534,124830,9297,67897,132510,334534,-211922120,-22691770,529826030,-295212140,0,542831240,33151460,941076850,507818610,2024878160,754753360,55843230,411250820,803030750,2024878160
2023-08-11,6058,6058,5899,5959,245963,-1.796308503625577,-36537,48147,33990,-45600,0,63546,48148,112141,20475,244310,100083,1,78151,66075,244310,-218368830,288291990,203044450,-272967610,0,381121530,288297990,671609700,123023410,1464052630,599490360,6000,468565250,395991020,1464052630
2023-08-14,5958,5958,5819,5949,122929,-0.16781339150864238,6400,-12710,-11882,18192,0,53438,312,43332,25021,122103,47038,13022,55214,6829,122103,38462540,-75164520,-70890330,107592310,0,317929390,1849820,256711640,148424460,724915310,279466850,77014340,327601970,40832150,724915310
2023-08-16,5948,5948,5809,5919,129718,-0.5042864346949066,-8141,730,-38837,46248,0,22572,1501,50021,54752,128846,30713,771,88858,8504,128846,-48297760,4200770,-228883700,272980690,0,133581020,8795930,294702460,323393470,760472880,181878780,4595160,523586160,50412780,760472880
2023-08-17,5919,5919,5800,5890,117277,-0.48994762628822436,12888,69,-18572,5615,0,56360,1071,40873,18185,116489,43472,1002,59445,12570,116489,76833600,353780,-110362350,33174970,0,332067040,6305480,239603620,106960920,684937060,255233440,5951700,349965970,73785950,684937060
2023-08-18,5968,5968,5809,5949,88697,1.0016977928692699,6039,1291,-26692,19362,0,17325,1291,44074,25411,88101,11286,0,70766,6049,88101,35895250,7619910,-158462110,114946950,0,102987610,7619910,261336560,151127020,523071100,67092360,0,419798670,36180070,523071100
2023-08-21,5958,5958,5889,5939,35197,-0.16809547823163556,6012,-420,5951,-11543,0,14509,1,18419,2032,34961,8497,421,12468,13575,34961,35981300,-2511560,35394430,-68864170,0,86590490,6000,109844340,12132700,208573530,50609190,2517560,74449910,80996870,208573530
2023-08-22,5959,5959,5869,5959,47664,0.3367570298029971,17785,-1,-27524,9740,0,19792,1,14908,12643,47344,2007,2,42432,2903,47344,106228060,-6010,-164156560,57934510,0,118162080,5950,88658100,75302330,282128460,11934020,11960,252814660,17367820,282128460
2023-08-23,5909,5978,5909,5969,47003,0.16781339150864238,11427,0,-18205,6778,0,26300,0,11161,9227,46688,14873,0,29366,2449,46688,68568880,0,-109113760,40544880,0,157609190,0,66639790,55221590,279470570,89040310,0,175753550,14676710,279470570
2023-08-24,5998,5998,5929,5979,45466,0.16753224995811694,-12690,0,2646,10044,0,12988,0,18677,13496,45161,25678,0,16031,3452,45161,-75875970,0,15653620,60222350,0,78050390,0,111881100,80962920,270894410,153926360,0,96227480,20740570,270894410
2023-08-25,5979,6019,5939,6019,64261,0.6690081953503931,14535,0,-35852,21317,0,26286,0,11257,26286,63829,11751,0,47109,4969,63829,87422100,0,-215951150,128529050,0,158276530,0,67420350,158429520,384126400,70854430,0,283371500,29900470,384126400
2023-08-28,6019,6058,5979,6049,1093354,0.49842166472836025,1015697,-1000498,-10744,-4455,0,1041076,0,33413,11515,1086004,25379,1000498,44157,15970,1086004,5795776840,-5703002940,-65620030,-27153870,0,5949569540,0,202732320,69766410,6222068270,153792700,5703002940,268352350,96920280,6222068270
2023-08-29,6038,6137,6008,6108,96332,0.9753678293932881,29978,-7025,520,-23473,0,41497,1676,37991,14521,95685,11519,8701,37471,37994,95685,183841760,-43163100,3400040,-144078700,0,254591300,10284540,232807550,88754410,586437800,70749540,53447640,229407510,232833110,586437800
2023-08-30,6137,6147,6088,6128,86160,0.3274394237066143,9937,-300,-4649,-4988,0,45802,0,22019,17760,85581,35865,300,26668,22748,85581,61442030,-1851000,-28853560,-30737470,0,282614450,0,135631580,109533850,527779880,221172420,1851000,164485140,140271320,527779880
2023-08-31,6138,6247,6078,6178,83007,0.8159268929503918,1185,-2,-20461,19278,0,32075,0,22805,27569,82449,30890,2,43266,8291,82449,7587010,-12340,-127294630,119719960,0,199274620,0,140891390,171432100,511598110,191687610,12340,268186020,51712140,511598110
2023-09-01,6177,6226,6177,6207,52534,0.46940757526707677,-6930,0,2980,3950,0,21957,0,22365,7859,52181,28887,0,19385,3909,52181,-43256450,0,18579340,24677110,0,137241150,0,139676730,49066290,325984170,180497600,0,121097390,24389180,325984170
2023-09-04,6177,6226,6157,6227,32039,0.3222168519413565,8945,64,-8645,-364,0,20009,64,8108,3643,31824,11064,0,16753,4007,31824,55899980,397550,-54045170,-2252360,0,124930430,397550,50495840,22726930,198550750,69030450,0,104541010,24979290,198550750
2023-09-05,6177,6247,6127,6247,62572,0.3211819495744339,298,100,-12765,12367,0,22806,100,20420,18826,62152,22508,0,33185,6459,62152,2026560,622000,-79965570,77317010,0,142040240,622000,126587740,117619970,386869950,140013680,0,206553310,40302960,386869950
2023-09-06,6167,6246,6167,6227,65975,-0.3201536737634065,6853,-900,-10093,4140,0,38747,101,15853,10831,65532,31894,1001,25946,6691,65532,43161740,-5646990,-63347540,25832790,0,242429770,629270,98880440,67741300,409680780,199268030,6276260,162227980,41908510,409680780
2023-09-07,6236,6236,6167,6227,76165,0.0,9848,21,-23767,13898,0,39491,323,17375,18464,75653,29643,302,41142,4566,75653,61753860,124820,-148788390,86909710,0,246894220,2012290,108340520,115462710,472709740,185140360,1887470,257128910,28553000,472709740
2023-09-08,6207,6216,6157,6207,65372,-0.3211819495744339,-7042,2178,-9030,13894,0,17614,2184,27280,17855,64933,24656,6,36310,3961,64933,-43828490,13562130,-56445230,86711590,0,109869320,13599480,169877320,111389490,404735610,153697810,37350,226322550,24677900,404735610
2023-09-11,6207,6207,6158,6188,36194,-0.3061060093442887,10227,-1,-4059,-6167,0,23894,0,10965,1092,35951,13667,1,15024,7259,35951,63674750,-6200,-25267210,-38401340,0,148764630,0,68215770,6788310,223768710,85089880,6200,93482980,45189650,223768710
2023-09-12,6167,6187,6088,6158,83919,-0.4848093083387201,-4087,-899,-2756,7742,0,28378,111,30977,23889,83355,32465,1010,33733,16147,83355,-24912460,-5578460,-16970020,47460940,0,174851500,683740,190660670,147114200,513310110,199763960,6262200,207630690,99653260,513310110
2023-09-13,6158,6187,6058,6158,66663,0.0,1518,-974,-14890,14346,0,27972,1016,17058,20169,66215,26454,1990,31948,5823,66215,9383080,-6048800,-92235400,88901120,0,173328380,6289200,105170910,124956500,409744990,163945300,12338000,197406310,36055380,409744990
2023-09-14,6157,6157,6098,6108,49111,-0.8119519324455992,-294,3000,-6409,3703,0,16271,3000,20667,8843,48781,16565,0,27076,5140,48781,-1834240,18471740,-39434090,22796590,0,100290620,18471740,127331950,54473090,300567400,102124860,0,166766040,31676500,300567400
2023-09-15,6108,6167,6098,6148,108149,0.6548788474132285,-2589,-1,-26274,28864,0,37932,0,26433,43057,107422,40521,1,52707,14193,107422,-15925450,-6180,-162400560,178332190,0,234271240,0,163016630,265931700,663219570,250196690,6180,325417190,87599510,663219570
2023-09-18,6158,6187,6128,6178,75790,0.48796356538711777,-7229,-480,-22826,30535,0,22109,20,20169,32983,75281,29338,500,42995,2448,75281,-44899610,-2975800,-141546810,189422220,0,137080110,124200,124883530,204591540,466679380,181979720,3100000,266430340,15169320,466679380
2023-09-19,6158,6198,6128,6198,94385,0.32372936225315635,3773,4383,-28930,20774,0,45687,4704,11830,31530,93751,41914,321,40760,10756,93751,23527220,27324970,-180138220,129286030,0,284457850,29321590,73663470,196237410,583680320,260930630,1996620,253801690,66951380,583680320
2023-09-20,6157,6226,6147,6227,167091,0.467892868667312,-18511,2000,-58458,74969,0,42017,2000,37028,84923,165968,60528,0,95486,9954,165968,-115704100,12500000,-365530400,468734500,0,262461610,12500000,231348180,530692850,1037002640,378165710,0,596878580,61958350,1037002640
2023-09-21,6168,6237,6168,6198,133721,-0.4657138268829292,-2605,-1001,-26060,29666,0,56325,0,36833,39665,132823,58930,1001,62893,9999,132823,-16097090,-6246250,-163030460,185373800,0,351823060,0,229838340,247792230,829453630,367920150,6246250,392868800,62418430,829453630
2023-09-22,6197,6197,6118,6138,110953,-0.9680542110358179,-2321,7341,-2831,-2189,0,35711,7341,44195,22961,110208,38032,0,47026,25150,110208,-14273830,45474230,-17516300,-13684100,0,221432640,45474230,273555630,142169970,682632470,235706470,0,291071930,155854070,682632470
2023-09-25,6167,6167,6058,6088,206825,-0.8145975887911373,21092,8003,-20435,-8660,0,71938,8003,115920,9574,205435,50846,0,136355,18234,205435,129531700,49328370,-125362860,-53497210,0,442546510,49328370,714090770,58838310,1264803960,313014810,0,839453630,112335520,1264803960
2023-09-26,6019,6039,5909,6039,198185,-0.8048620236530881,75738,-28120,-15451,-32167,0,101377,1200,78856,15420,196853,25639,29320,94307,47587,196853,455005370,-168724690,-93345200,-192935480,0,608661910,7208000,472804420,92573690,1181248020,153656540,175932690,566149620,285509170,1181248020
2023-09-27,6048,6117,5958,6088,124417,0.8113926146713033,38757,-1000,-42545,4788,0,67854,0,13750,41977,123581,29097,1000,56295,37189,123581,237094510,-6130000,-260323420,29358910,0,413956530,0,83258550,256039700,753254780,176862020,6130000,343581970,226680790,753254780
2023-10-04,5978,6058,5918,6058,121091,-0.492772667542707,39043,6000,-28383,-16660,0,69309,7000,28117,15851,120277,30266,1000,56500,32511,120277,235756790,36085730,-171394860,-100447660,0,418267130,42185730,169043530,95670700,725167090,182510340,6100000,340438390,196118360,725167090
2023-10-05,6058,6077,5968,6068,97802,0.1650709805216243,25339,2360,-12092,-15607,0,54515,4360,27726,10544,97145,29176,2000,39818,26151,97145,154809370,14149090,-74324970,-94633490,0,331367880,26349090,168041990,63996790,589755750,176558510,12200000,242366960,158630280,589755750
2023-10-06,6058,6087,6008,6068,42300,0.0,1892,2,-7796,5902,0,16195,2,7837,17982,42016,14303,0,15633,12080,42016,11655830,12200,-47684250,36016220,0,98782300,12200,47736860,109663940,256195300,87126470,0,95421110,73647720,256195300
2023-10-10,6068,6068,6019,6049,30580,-0.3131179960448253,7400,1647,-5815,-3232,0,16949,1717,6292,5417,30375,9549,70,12107,8649,30375,45160630,9995210,-35488590,-19667250,0,103274690,10421500,38239560,32997600,184933350,58114060,426290,73728150,52664850,184933350
2023-10-11,6008,6098,6008,6098,60737,0.8100512481401885,-3195,6440,-17119,13874,0,26964,6440,2780,24145,60329,30159,0,19899,10271,60329,-19309620,39234000,-104679050,84754670,0,164549660,39234000,16936410,147570450,368290520,183859280,0,121615460,62815780,368290520
2023-10-12,6107,6107,6028,6098,62017,0.0,-23029,2312,20007,710,0,14266,2312,32038,12985,61601,37295,0,12031,12275,61601,-140502360,14119520,121972480,4410360,0,87226720,14119520,195700500,79415020,376461760,227729080,0,73728020,75004660,376461760
2023-10-13,6097,6097,6018,6078,54242,-0.3279763857002296,5566,1,-6086,519,0,29259,1,17465,7153,53878,23693,0,23551,6634,53878,34096150,6120,-37213790,3111520,0,178720910,6120,106573940,43624820,328925790,144624760,0,143787730,40513300,328925790
2023-10-16,6028,6246,6028,6098,77346,0.3290556103981573,17804,3340,-24753,3609,0,43917,4340,15635,12935,76827,26113,1000,40388,9326,76827,109316040,20365130,-150888820,21207650,0,269155280,26485130,96494090,79135030,471269530,159839240,6120000,247382910,57927380,471269530
2023-10-17,6157,6157,6088,6118,28735,0.3279763857002296,-1001,1634,-233,-400,0,14769,1634,10631,1508,28542,15770,0,10864,1908,28542,-6032410,10032760,-1552770,-2447580,0,90806240,10032760,65244690,9273690,175357380,96838650,0,66797460,11721270,175357380
2023-10-18,6118,6138,6048,6138,30250,0.32690421706440015,7438,-3727,-3221,-490,0,17831,2150,6829,3237,30047,10393,5877,10050,3727,30047,45772150,-22780280,-19918750,-3073120,0,109513630,13130400,41832330,19876050,184352410,63741480,35910680,61751080,22949170,184352410
2023-10-19,6147,6147,6028,6068,52989,-1.140436624307592,18117,500,-9803,-8814,0,31101,1000,14708,5824,52633,12984,500,24511,14638,52633,110850510,3035000,-60043960,-53841550,0,189983430,6090000,89690990,35574390,321338810,79132920,3055000,149734950,89415940,321338810
2023-10-20,6068,6098,5999,6049,72992,-0.3131179960448253,18945,500,-20925,1480,0,32653,500,13117,26232,72502,13708,0,34042,24752,72502,115316320,3030000,-127317470,8971150,0,198672670,3030000,79635020,159425050,440762740,83356350,0,206952490,150453900,440762740
2023-10-23,6058,6088,5909,6049,118488,0.0,-13497,0,-21333,34830,0,56254,0,19724,41714,117692,69751,0,41057,6884,117692,-81110610,0,-129428230,210538840,0,340569960,0,118958810,252227820,711756590,421680570,0,248387040,41688980,711756590
2023-10-24,6048,6088,5978,6088,57966,0.6447346668870888,8295,2653,-23881,12933,0,22782,6653,8795,19347,57577,14487,4000,32676,6414,57577,50563100,16100650,-145343360,78679610,0,138815670,40500650,53384380,117642780,350343480,88252570,24400000,198727740,38963170,350343480
2023-10-25,6058,6098,6048,6098,29418,0.164257555847569,-931,1992,-7196,6135,0,13648,1995,3590,9988,29221,14579,3,10786,3853,29221,-5632050,12131240,-44022750,37523560,0,83435690,12149550,21919780,61064620,178569640,89067740,18310,65942530,23541060,178569640
2023-10-26,6098,6098,5989,6039,101000,-0.9675303378156773,30204,3450,-59678,26024,0,40102,4451,22990,32779,100322,9898,1001,82668,6755,100322,183326980,20896010,-362115770,157892780,0,243281700,26982060,139330670,198934670,608529100,59954720,6086050,501446440,41041890,608529100
2023-10-27,6029,6068,5969,6049,62070,0.16559032952475575,732,-2771,-31297,33336,0,18351,1150,6935,35217,61653,17619,3921,38232,1881,61653,4685070,-16836180,-190503230,202654340,0,111581970,7003500,42051390,214060460,374697320,106896900,23839680,232554620,11406120,374697320
2023-10-30,6048,6058,6019,6049,30356,0.0,8471,-2409,-8980,2918,0,13999,835,6713,8605,30152,5528,3244,15693,5687,30152,51484550,-14663420,-54597360,17776230,0,85067790,5076700,40818130,52342650,183305270,33583240,19740120,95415490,34566420,183305270
2023-10-31,6048,6088,5998,6088,82174,0.6447346668870888,34053,-592,-29345,-4116,0,47371,6956,17199,10096,81622,13318,7548,46544,14212,81622,207605640,-3671140,-178905770,-25028730,0,288610250,42321660,104592910,61434800,496959620,81004610,45992800,283498680,86463530,496959620
2023-11-01,6097,6097,6048,6078,20072,-0.164257555847569,2487,2000,-6759,2272,0,8412,2000,4259,5267,19938,5925,0,11018,2995,19938,15170710,12220000,-41311740,13921030,0,51400100,12220000,26031690,32208790,121860580,36229390,0,67343430,18287760,121860580
2023-11-02,6087,6097,6008,6058,74354,-0.3290556103981573,11072,21,-11020,-73,0,43578,21,24202,6054,73855,32506,0,35222,6127,73855,67245220,127680,-67007370,-365530,0,265712960,127680,147370100,37003030,450213770,198467740,0,214377470,37368560,450213770
2023-11-03,6048,6098,6028,6098,66477,0.6602839220864972,-4780,759,-8413,12434,0,25975,759,25473,13824,66031,30755,0,33886,1390,66031,-29259020,4659860,-51389880,75989040,0,158743230,4659860,155496630,84486310,403386030,188002250,0,206886510,8497270,403386030
2023-11-06,6138,6167,6078,6158,131568,0.9839291571006887,-5669,4150,-13951,15470,0,53912,4843,47116,24813,130684,59581,693,61067,9343,130684,-35034020,25732290,-86420250,95721980,0,333427490,30012240,290832350,153480540,807752620,368461510,4279950,377252600,57758560,807752620
2023-11-07,6157,6177,6088,6138,103935,-0.3247807729782397,20499,11025,-34819,3295,0,59103,11025,21562,11547,103237,38604,0,56381,8252,103237,126579190,68074500,-215009860,20356170,0,364940460,68074500,132980470,71300280,637295710,238361270,0,347990330,50944110,637295710
2023-11-08,6148,6158,6108,6158,54325,0.3258390355164549,2996,-2180,-2586,1770,0,29635,2020,11353,10952,53960,26639,4200,13939,9182,53960,18654500,-13522800,-16072060,10940360,0,183092280,12473200,70056630,67607810,333229920,164437780,25996000,86128690,56667450,333229920
2023-11-09,6168,6217,6148,6198,131010,0.6495615459564794,-30791,-16000,8374,38417,0,37748,0,48118,44264,130130,68539,16000,39744,5847,130130,-191065370,-99560000,51431400,239193970,0,235102970,0,299007140,275570850,809680960,426168340,99560000,247575740,36376880,809680960
2023-11-10,6197,6197,6148,6188,48620,-0.16134236850596967,-594,-581,-3963,5138,0,22814,0,10848,14632,48294,23408,581,14811,9494,48294,-3571550,-3619630,-24678590,31869770,0,141655700,0,67393480,90836540,299885720,145227250,3619630,92072070,58966770,299885720
2023-11-13,6158,6197,6148,6188,61263,0.0,-8782,-4110,11376,1516,0,19515,300,33499,7538,60852,28297,4410,22123,6022,60852,-54478880,-25585610,70623150,9441340,0,121297400,1863000,208045260,46845570,378051230,175776280,27448610,137422110,37404230,378051230
2023-11-14,6168,6198,6158,6198,64530,0.16160310277957335,-3211,661,-27431,29981,0,15876,820,10880,36521,64097,19087,159,38311,6540,64097,-19911680,4105410,-170399870,186206140,0,98658690,5092800,67531570,226870830,398153890,118570370,987390,237931440,40664690,398153890
2023-11-15,6207,6217,6158,6168,119102,-0.48402710551790895,53246,-1262,17016,-69000,0,63427,2020,43812,9043,118302,10181,3282,26796,78043,118302,331125000,-7837220,105754390,-429042170,0,394559820,12544000,272560390,56270220,735934430,63434820,20381220,166806000,485312390,735934430
2023-11-16,6177,6177,6118,6148,82381,-0.324254215304799,16423,0,16466,-32889,0,41035,0,24153,16640,81828,24612,0,7687,49529,81828,101476590,0,101768260,-203244850,0,253705890,0,149359350,102923460,505988700,152229300,0,47591090,306168310,505988700
2023-11-17,6137,6147,6108,6128,73109,-0.32530904359141183,-24060,-826,52746,-27860,0,10504,0,58688,3426,72618,34564,826,5942,31286,72618,-148813120,-5088160,325713450,-171812170,0,64792200,0,362321960,21185150,448299310,213605320,5088160,36608510,192997320,448299310
2023-11-20,6178,6227,6128,6188,120863,0.97911227154047,-59908,-1513,28579,32842,0,21754,0,49496,48801,120051,81662,1513,20917,15959,120051,-372093480,-9395860,177462780,204026560,0,135052810,0,307334100,303241200,745628110,507146290,9395860,129871320,99214640,745628110
2023-11-21,6197,6197,6148,6178,88668,-0.16160310277957335,-25184,1861,-5082,28405,0,36840,2593,17583,31056,88072,62024,732,22665,2651,88072,-156589310,11549830,-31632600,176672080,0,229076370,16102870,109308800,193157390,547645430,385665680,4553040,140941400,16485310,547645430
2023-11-22,6188,6197,6148,6188,38156,0.16186468112657817,-21179,120,4479,16580,0,6997,120,12690,18093,37900,28176,0,8211,1513,37900,-131496720,745200,27790970,102960550,0,43426640,745200,78731720,112353780,235257340,174923360,0,50940750,9393230,235257340
2023-11-23,6197,6385,6147,6366,282427,2.876535229476406,-108960,-4422,-79616,192998,0,51231,78,30224,198996,280529,160191,4500,109840,5998,280529,-687109810,-28020020,-503947470,1219077300,0,324184460,499980,191334600,1257332090,1773351130,1011294270,28520000,695282070,38254790,1773351130
2023-11-24,6426,6446,6346,6446,188880,1.2566760917373547,-50977,7500,-18467,61944,0,29616,9000,78331,70664,187611,80593,1500,96798,8720,187611,-329340570,48370000,-119293720,400264290,0,191273130,58050000,506172710,456653240,1212149080,520613700,9680000,625466430,56388950,1212149080
2023-11-27,6456,6476,6416,6476,115128,0.46540490226497055,-5660,0,-13597,19257,0,58833,0,29333,26189,114355,64493,0,42930,6932,114355,-36710690,0,-88261240,124971930,0,381803680,0,190489900,169982140,742275720,418514370,0,278751140,45010210,742275720
2023-11-28,6475,6525,6436,6466,150231,-0.1544163063619518,8671,-2348,-87020,80697,0,30878,0,22503,95841,149222,22207,2348,109523,15144,149222,56371560,-15347480,-567892630,526868550,0,201235550,0,146612480,625730800,973578830,144863990,15347480,714505110,98862250,973578830
2023-11-29,6485,6485,6406,6456,135262,-0.1546551190844417,50995,3779,-21232,-33542,0,74794,3780,33266,22513,134353,23799,1,54498,56055,134353,330470150,24377440,-137948790,-216898800,0,484959380,24383950,215807780,146052010,871203120,154489230,6510,353756570,362950810,871203120
2023-11-30,6465,6465,6356,6416,157543,-0.6195786864931847,38442,1451,-29082,-10811,0,62202,4977,38799,50506,156484,23760,3526,67881,61317,156484,248814810,9153800,-188283710,-69684900,0,402584010,32002280,250557670,326646060,1011790020,153769200,22848480,438841380,396330960,1011790020
2023-12-01,6435,6445,6346,6406,80390,-0.15586034912718205,4071,0,7638,-11709,0,21810,0,36363,21677,79850,17739,0,28725,33386,79850,25872940,0,48896820,-74769760,0,140553080,0,234304040,140012620,514869740,114680140,0,185407220,214782380,514869740
2023-12-04,6416,6445,6366,6436,85483,0.46831095847642834,-5660,-22824,-1578,30062,0,22551,1,24755,37602,84909,28211,22825,26333,7540,84909,-36241140,-147578270,-10494990,194314400,0,145794030,6470,159592840,243027450,548420790,182035170,147584740,170087830,48713050,548420790
2023-12-05,6406,6455,6396,6446,138253,0.15537600994406464,18475,-37450,-3729,22704,0,56416,50,41204,39654,137324,37941,37500,44933,16950,137324,119243220,-242190090,-24093940,147040810,0,364815520,324500,266408680,256648340,888197040,245572300,242514590,290502620,109607530,888197040
2023-12-06,6455,6524,6445,6525,178270,1.225566242631089,-11457,-23152,20826,13783,0,37584,501,65087,73900,177072,49041,23653,44261,60117,177072,-74609340,-151262120,135737400,90134060,0,246043310,3251560,425410490,483343250,1158048610,320652650,154513680,289673090,393209190,1158048610
2023-12-07,6515,6564,6495,6555,136372,0.45977011494252873,31866,10445,-16297,-26014,0,83944,21007,14871,15634,135456,52078,10562,31168,41648,135456,210156830,68483420,-107238220,-171402030,0,553429590,138167560,98034250,102964940,892596340,343272760,69684140,205272470,274366970,892596340
2023-12-08,6555,6595,6515,6595,88121,0.6102212051868803,30163,-1853,-14256,-14054,0,54646,354,16417,16112,87529,24483,2207,30673,30166,87529,198812750,-12229660,-93852880,-92730210,0,360222620,2336400,108183960,106060030,576803010,161409870,14566060,202036840,198790240,576803010
2023-12-11,6604,6604,6515,6555,76290,-0.6065200909780136,27221,-1886,-13908,-11427,0,37525,11110,18408,8735,75778,10304,12996,32316,20162,75778,179362540,-12388440,-91628550,-75345550,0,247230710,73655300,121289520,57569410,499744940,67868170,86043740,212918070,132914960,499744940
2023-12-12,6594,6594,6495,6545,56875,-0.15255530129672007,13488,0,-5635,-7853,0,23683,0,24107,8703,56493,10195,0,29742,16556,56493,88532590,0,-36956240,-51576350,0,155578030,0,158227580,57251050,371056660,67045440,0,195183820,108827400,371056660
2023-12-13,6545,6564,6505,6555,53773,0.15278838808250572,7297,265,5286,-12848,0,29399,265,20291,3457,53412,22102,0,15005,16305,53412,47991370,1738400,34755480,-84485250,0,193453840,1738400,133436710,22727610,351356560,145462470,0,98681230,107212860,351356560
2023-12-14,6535,6604,6535,6605,139659,0.7627765064836003,23831,2931,-63895,37133,0,63159,4011,26758,44793,138721,39328,1080,90653,7660,138721,158113090,19373950,-423640670,246153630,0,418529250,26555950,176983500,296885570,918954270,260416160,7182000,600624170,50731940,918954270
2023-12-15,6604,6624,6515,6515,227249,-1.3626040878122634,113420,-20,21625,-135025,0,142341,0,56083,27298,225722,28921,20,34458,162323,225722,748613720,-132800,142192450,-890673370,0,940239070,0,370825370,179880200,1490944640,191625350,132800,228632920,1070553570,1490944640
2023-12-18,6515,6515,6366,6426,165235,-1.3660782808902534,4769,0,48293,-53062,0,65057,0,71714,27354,164125,60288,0,23421,80416,164125,31164140,0,312532210,-343696350,0,420513460,0,464256850,176424370,1061194680,389349320,0,151724640,520120720,1061194680
2023-12-19,6415,6435,6366,6386,120572,-0.6224712107065048,11564,1000,-5176,-7388,0,57036,1000,37249,24477,119762,45472,0,42425,31865,119762,74356280,6420000,-33185260,-47591020,0,367030620,6420000,239722400,157508070,770681090,292674340,0,272907660,205099090,770681090
2023-12-20,6366,6425,6336,6386,123162,0.0,18481,-16795,20820,-22506,0,61486,1000,48123,11726,122335,43005,17795,27303,34232,122335,118333920,-107680100,133723470,-144377290,0,393956440,6410000,308563090,75170320,784099850,275622520,114090100,174839620,219547610,784099850
2023-12-21,6366,6415,6356,6396,60477,0.15659254619480112,5807,-6012,10399,-10194,0,31476,0,23404,5191,60071,25669,6012,13005,15385,60071,37526620,-38718620,66804010,-65612010,0,202614230,0,150364620,33368890,386347740,165087610,38718620,83560610,98980900,386347740
2023-12-22,6396,6445,6376,6436,76573,0.6253908692933083,6004,-5467,11892,-12429,0,28432,100,32746,14781,76059,22428,5567,20854,27210,76059,38688400,-35286660,76928520,-80330260,0,183278310,648000,211230750,95293070,490450130,144589910,35934660,134302230,175623330,490450130
2023-12-26,6435,6465,6366,6376,110098,-0.9322560596643878,10627,-19669,1432,7610,0,34390,60,62110,12798,109358,23763,19729,60678,5188,109358,68373590,-126492890,8962860,49156440,0,222258980,387600,401111560,82691380,706449520,153885390,126880490,392148700,33534940,706449520
2023-12-27,6386,6426,6346,6426,60191,0.7841907151819323,2181,1104,14220,-17505,0,23175,1104,29072,6436,59787,20994,0,14852,23941,59787,14047390,7107510,91072040,-112226940,0,149188340,7107510,186587180,41536490,384419520,135140950,0,95515140,153763430,384419520
2023-12-28,6405,6435,6336,6356,146514,-1.0893246187363834,13459,3021,40176,-56656,0,55815,3021,67829,18865,145530,42356,0,27653,75521,145530,86030230,19379620,257540490,-362950340,0,358128510,19379620,435133580,120978200,933619910,272098280,0,177593090,483928540,933619910
2024-01-02,6356,6505,6356,6456,162527,1.5733165512901195,-14670,0,-36512,51182,0,48611,0,44986,67838,161435,63281,0,81498,16656,161435,-94951740,0,-236397000,331348740,0,314822400,0,290988760,439281050,1045092210,409774140,0,527385760,107932310,1045092210
2024-01-03,6416,6465,6396,6426,80490,-0.4646840148698885,19942,1135,8057,-29134,0,43015,1135,32417,3382,79949,23073,0,24360,32516,79949,128670450,7324800,51938560,-187933810,0,277685500,7324800,209480740,21858050,516349090,149015050,0,157542180,209791860,516349090
2024-01-04,6446,6535,6426,6476,174978,0.778089013383131,5704,4097,13225,-23026,0,84234,4097,55686,29785,173802,78530,0,42461,52811,173802,37453090,26743560,86114410,-150311060,0,550209320,26743560,363357720,194678150,1134988750,512756230,0,277243310,344989210,1134988750
2024-01-05,6465,6505,6425,6505,84814,0.44780728844966033,26604,6886,-1117,-32373,0,46040,6886,28354,2964,84244,19436,0,29471,35337,84244,173115060,44928030,-7292220,-210750870,0,299828640,44928030,184398260,19291880,548446810,126713580,0,191690480,230042750,548446810
2024-01-08,6505,6554,6455,6535,104715,0.4611837048424289,39104,1359,-3770,-36693,0,62825,1359,24821,15007,104012,23721,0,28591,51700,104012,256474360,8925810,-24991770,-240408400,0,412353500,8925810,162655200,98432530,682367040,155879140,0,187646970,338840930,682367040
2024-01-09,6535,6584,6505,6565,147455,0.45906656465187456,63679,-199,-17745,-45735,0,84405,1,29661,32397,146464,20726,200,47406,78132,146464,420272480,-1313420,-117579280,-301379780,0,557173170,6580,195352670,213717670,966250090,136900690,1320000,312931950,515097450,966250090
2024-01-10,6565,6585,6495,6585,92741,0.30464584920030463,20354,1199,-9375,-12178,0,49888,1200,24614,16416,92118,29534,1,33989,28594,92118,134838040,7925380,-62290250,-80473170,0,329014670,7932000,161823350,108115130,606885150,194176630,6620,224113600,188588300,606885150
2024-01-11,6585,6595,6476,6486,141155,-1.5034168564920272,35235,1060,44214,-80509,0,56864,1060,72301,9982,140207,21629,0,28087,90491,140207,231990450,6923600,289844720,-528758770,0,373790070,6923600,474987670,66036450,921737790,141799620,0,185142950,594795220,921737790
2024-01-12,6525,6535,6416,6476,66352,-0.1541782300339192,14339,489,471,-15299,0,33947,489,21579,9891,65906,19608,0,21108,25190,65906,93606110,3202950,3127240,-99936300,0,221749510,3202950,140632250,64360760,429945470,128143400,0,137505010,164297060,429945470
2024-01-15,6475,6485,6406,6436,76287,-0.6176652254478072,30899,219,-9120,-21998,0,50354,1022,22857,1542,75775,19455,803,31977,23540,75775,199952460,1422890,-58978670,-142396680,0,325734500,6602240,147845360,9979110,490161210,125782040,5179350,206824030,152375790,490161210
2024-01-16,6426,6495,6416,6486,314291,0.7768800497203232,215668,-203406,20107,-32369,0,257392,1,31789,22997,312179,41724,203407,11682,55366,312179,1399769903,-1319901543,130246930,-210115290,0,1670673223,6480,206109840,148975010,2025764553,270903320,1319908023,75862910,359090300,2025764553
2024-01-17,6485,6515,6406,6456,106222,-0.46253469010175763,36781,1601,-320,-38062,0,49638,1601,28156,26113,105508,12857,0,28476,64175,105508,238781140,10406450,-2195010,-246992580,0,322228560,10406450,182625170,169221110,684481290,83447420,0,184820180,416213690,684481290
2024-01-18,6406,6485,6406,6456,68753,0.0,229,0,8426,-8655,0,28253,0,30420,9618,68291,28024,0,21994,18273,68291,1643590,0,54487070,-56130660,0,183251040,0,197136440,62366730,442754210,181607450,0,142649370,118497390,442754210
2024-01-19,6456,6604,6426,6456,85538,0.0,13895,2587,24488,-40970,0,32109,2587,39764,10503,84963,18214,0,15276,51473,84963,90359180,16834220,158456830,-265650230,0,208837170,16834220,258337080,68817510,552825980,118477990,0,99880250,334467740,552825980
2024-01-22,6465,6544,6435,6505,140539,0.7589838909541511,9020,4871,-65816,51925,0,39645,4871,25593,69486,139595,30625,0,91409,17561,139595,58893220,31910880,-428878870,338074770,0,259286040,31910880,166995660,453033310,911225890,200392820,0,595874530,114958540,911225890
2024-01-23,6505,6524,6475,6505,54512,0.0,14424,0,3370,-17794,0,27104,0,18427,8615,54146,12680,0,15057,26409,54146,94241490,0,21934210,-116175700,0,177155740,0,120423100,56331110,353909950,82914250,0,98488890,172506810,353909950
2024-01-24,6535,6535,6426,6486,107537,-0.2920830130668716,39891,4511,13554,-57956,0,50356,4511,28930,23018,106815,10465,0,15376,80974,106815,259788630,29350590,87939690,-377078910,0,328109990,29350590,188200680,149898070,695559330,68321360,0,100260990,526976980,695559330
2024-01-25,6495,6505,6406,6486,148740,0.0,13455,100,76635,-90190,0,45656,100,87946,14039,147741,32201,0,11311,104229,147741,86900010,645000,496489830,-584034840,0,295618350,645000,569757140,90850020,956870510,208718340,0,73267310,674884860,956870510
2024-01-26,6495,6495,6446,6476,59395,-0.1541782300339192,-2611,767,987,857,0,32688,768,12080,13460,58996,35299,1,11093,12603,58996,-16928800,4985490,6408880,5534430,0,212971110,4992000,78649630,87619930,384232670,229899910,6510,72240750,82085500,384232670
2024-01-29,6485,6495,6426,6456,78313,-0.3088326127239036,19729,197,-7899,-12027,0,49181,1000,14346,13260,77787,29452,803,22245,25287,77787,128275900,1278530,-51400810,-78153620,0,319803170,6490000,93211980,86230840,505735990,191527270,5211470,144612790,164384460,505735990
2024-01-30,6426,6495,6426,6476,117415,0.30978934324659235,25319,-9233,-10419,-5667,0,60441,767,16457,38961,116626,35122,10000,26876,44628,116626,164638980,-60058850,-67880180,-36699950,0,393115170,4995820,106983590,253442400,758536980,228476190,65054670,174863770,290142350,758536980
2024-01-31,6465,6465,6416,6456,119368,-0.3088326127239036,9146,2312,14805,-26263,0,65194,2314,39311,11747,118566,56048,2,24506,38010,118566,59206690,14981760,95691050,-169879500,0,422540530,14994720,254644610,76212410,768392270,363333840,12960,158953560,246091910,768392270
2024-02-01,6476,6486,6436,6486,106626,0.4646840148698885,16348,1034,-19094,1712,0,43313,1034,14513,47050,105910,26965,0,33607,45338,105910,106404650,6700320,-124402180,11297210,0,281914420,6700320,94436380,306399720,689450840,175509770,0,218838560,295102510,689450840
2024-02-02,6485,6495,6386,6406,282395,-1.2334258402713536,-27457,19238,102038,-93819,0,91971,19238,133876,35412,280497,119428,0,31838,129231,280497,-175843750,124422900,659671220,-608250370,0,596119890,124422900,866009900,229178510,1815731200,771963640,0,206338680,837428880,1815731200
2024-02-05,6406,6485,6406,6476,119429,1.0927255697783327,-10274,1205,36,9033,0,36474,1205,41592,39356,118627,46748,0,41556,30323,118627,-66776800,7799700,-268480,59245580,0,236456980,7799700,269514650,255619970,769391300,303233780,0,269783130,196374390,769391300
2024-02-06,6476,6535,6456,6496,171080,0.3088326127239036,3351,-12118,-14305,23072,0,64370,600,39171,65789,169930,61019,12718,53476,42717,169930,21552140,-78980530,-94310530,151738920,0,420159250,3906000,255384500,430085820,1109535570,398607110,82886530,349695030,278346900,1109535570
2024-02-07,6505,6515,6445,6515,101879,0.29248768472906406,26273,1500,26045,-53818,0,45173,1500,47658,6864,101195,18900,0,21613,60682,101195,171462570,9765000,169903890,-351131460,0,294975050,9765000,311069970,44826850,660636870,123512480,0,141166080,395958310,660636870
2024-02-08,6505,6544,6465,6525,129977,0.15349194167306215,40993,-4500,-14129,-22364,0,66423,1500,23237,37944,129104,25430,6000,37366,60308,129104,268507780,-29370000,-93251190,-145886590,0,435424190,9840000,152095500,248710640,846070330,166916410,39210000,245346690,394597230,846070330
2024-02-13,6525,6525,6456,6496,177586,-0.4444444444444444,73605,2,20201,-93808,0,90250,2,74775,11366,176393,16645,0,54574,105174,176393,481134670,13080,131320500,-612468250,0,590121970,13080,488215630,74274660,1152625340,108987300,0,356895130,686742910,1152625340
2024-02-14,6495,6505,6446,6486,134586,-0.1539408866995074,10085,1519,67206,-78810,0,39148,1520,76103,16911,133682,29063,1,8897,95721,133682,65670710,9858400,436799250,-512328360,0,254674260,9864900,494790730,110029430,869359320,189003550,6500,57991480,622357790,869359320
2024-02-15,6485,6505,6466,6476,72928,-0.1541782300339192,17511,230,3158,-20899,0,50052,230,18469,3687,72438,32541,0,15311,24586,72438,114487650,1501900,20540870,-136530420,0,326754860,1501900,120564000,24066000,472886760,212267210,0,100023130,160596420,472886760
2024-02-16,6476,6505,6436,6496,130289,0.3088326127239036,34533,1,48692,-83226,0,49088,1,73998,6327,129414,14555,0,25306,89553,129414,225649690,6490,315942720,-541598900,0,320708920,6490,481327160,41280640,843323210,95059230,0,165384440,582879540,843323210
2024-02-19,6505,6673,6495,6654,276713,2.432266009852217,47142,-13924,-60538,27320,0,94585,3000,70734,106534,274853,47443,16924,131272,79214,274853,312537720,-92084400,-401417230,180963910,0,625935750,19710000,465836860,702680840,1814163450,313398030,111794400,867254090,521716930,1814163450
2024-02-20,6654,6893,6654,6784,512742,1.953712052900511,-59697,-19401,182045,-102947,0,69915,1200,353813,84367,509295,129612,20601,171768,187314,509295,-410387070,-133273550,1251002530,-707341910,0,479180600,8252000,2429358710,578927470,3495718780,889567670,141525550,1178356180,1286269380,3495718780
2024-02-21,6793,6823,6734,6774,200148,-0.1474056603773585,32651,-1927,-19045,-11679,0,94252,73,54711,49767,198803,61601,2000,73756,61446,198803,223650430,-13199140,-130694840,-79756450,0,645462890,497860,374543710,340566710,1361071170,421812460,13697000,505238550,420323160,1361071170
2024-02-22,6773,6803,6744,6754,108872,-0.29524653085326247,19785,1,176,-19962,0,36977,1,46298,24865,108141,17192,0,46122,44827,108141,134484950,6800,1764940,-136256690,0,251806950,6800,315966720,169172290,736952760,117322000,0,314201780,305428980,736952760
2024-02-23,6743,6812,6673,6803,180038,0.7254960023689665,13187,225,-45221,31809,0,75841,225,45763,56999,178828,62654,0,90984,25190,178828,90560130,1521850,-308569030,216487050,0,517001910,1521850,311485940,388472530,1218482230,426441780,0,620054970,171985480,1218482230
2024-02-26,6713,6872,6713,6813,243257,0.14699397324709687,-20347,4149,35248,-19050,0,87941,4390,102710,46581,241622,108288,241,67462,65631,241622,-138969540,28359600,241654830,-131044890,0,601421970,30005630,701633750,317515550,1650576900,740391510,1646030,459978920,448560440,1650576900
2024-02-27,6813,6833,6733,6833,111821,0.29355643622486427,17377,14429,-28607,-3199,0,42499,20229,28840,19502,111070,25122,5800,57447,22701,111070,119094010,98993220,-196143300,-21943930,0,291530100,138805320,197490080,133687460,761512960,172436090,39812100,393633380,155631390,761512960
2024-02-28,6833,6852,6793,6833,128809,0.0,51385,217,-5660,-45942,0,84974,217,37202,5551,127944,33589,0,42862,51493,127944,352778440,1490060,-38888450,-315380050,0,584015020,1490060,255632290,38152890,879290260,231236580,0,294520740,353532940,879290260
2024-02-29,6862,7299,6842,7121,1322666,4.214839748280403,-585077,-21836,-59323,666236,0,89559,66669,293131,864416,1313775,674636,88505,352454,198180,1313775,-4162261980,-155646440,-417819860,4735728280,0,635815380,478001920,2091403360,6151302560,9356523220,4798077360,633648360,2509223220,1415574280,9356523220
2024-03-04,7051,7170,6972,7161,375269,0.5617188597107148,-39655,-5518,-97857,143030,0,70807,26,73522,228392,372747,110462,5544,171379,85362,372747,-284234740,-39534350,-704797660,1028566750,0,508734530,186730,525319490,1641171020,2675411770,792969270,39721080,1230117150,612604270,2675411770
2024-03-05,7151,7200,7131,7191,461116,0.41893590280687054,-92141,-1432,-173581,267154,0,77883,69,56887,323178,458017,170024,1501,230468,56024,458017,-664547120,-10347660,-1255488520,1930383300,0,562760400,499560,410690320,2334558990,3308509270,1227307520,10847220,1666178840,404175690,3308509270
2024-03-06,7191,7220,7161,7201,408245,0.13906271728549574,-35455,10413,-183444,208486,0,116362,10413,45141,233585,405501,151817,0,228585,25099,405501,-256480990,75374030,-1328750550,1509857510,0,842148230,75374030,326491040,1691403470,2935416770,1098629220,0,1655241590,181545960,2935416770
2024-03-07,7210,7349,7131,7161,443496,-0.5554784057769755,-101632,1650,-44175,144157,0,73825,1800,99216,265674,440515,175457,150,143391,121517,440515,-744353800,11925660,-325358110,1057786250,0,536642310,13005660,723117690,1939794370,3212560030,1280996110,1080000,1048475800,882008120,3212560030
2024-03-08,7200,7200,7101,7151,278892,-0.13964530093562352,-64026,5494,-59290,117822,0,54836,12000,45641,164541,277018,118862,6506,104931,46719,277018,-460445320,39620840,-426477910,847302390,0,393928730,86380000,327852980,1182978710,1991140420,854374050,46759160,754330890,335676320,1991140420
2024-03-11,7151,7190,7111,7161,311925,0.13984058173682,-131206,-806,-54971,186983,0,36411,0,62265,211153,309829,167617,806,117236,24170,309829,-944238490,-5795130,-395754730,1345788350,0,261826330,0,447847610,1519649360,2229323300,1206064820,5795130,843602340,173861010,2229323300
2024-03-12,7161,7161,7022,7092,379060,-0.9635525764558024,-9287,-1038,29684,-19359,0,116453,1511,102443,156105,376512,125740,2549,72759,175464,376512,-64828290,-7415480,210555660,-138311890,0,829061560,10743960,729542450,1111406530,2680754500,893889850,18159440,518986790,1249718420,2680754500
2024-03-13,7091,7091,7002,7052,315617,-0.5640157924421884,-86175,-7308,-68036,161519,0,67708,1,49624,196163,313496,153883,7309,117660,34644,313496,-611396770,-51997600,-483120710,1146515080,0,480695080,7090,351686700,1392322010,2224710880,1092091850,52004690,834807410,245806930,2224710880
2024-03-14,7081,7091,7012,7062,410389,0.14180374361883152,-196054,4926,-72616,263744,0,58729,10926,33792,304184,407631,254783,6000,106408,40440,407631,-1391748650,34915080,-515314560,1872148130,0,416764820,77515080,239864460,2159322270,2893466630,1808513470,42600000,755179020,287174140,2893466630
2024-03-15,7051,7190,6882,6982,2572145,-1.1328235627301049,-802567,-18120,-50498,871185,0,97990,0,176772,2280092,2554854,900557,18120,227270,1408907,2554854,-5652238600,-127043200,-368060150,6147341950,0,684261760,0,1237409570,16052342040,17974013370,6336500360,127043200,1605469720,9905000090,17974013370
2024-03-18,7041,7041,6773,6803,206771,-2.563735319392724,53704,1100,43904,-98708,0,93153,1101,90007,21120,205381,39449,1,46103,119828,205381,370587340,7557890,302863650,-681008880,0,642576810,7564770,621074410,146300930,1417516920,271989470,6880,318210760,827309810,1417516920
2024-03-19,6803,6942,6803,6943,286471,2.0579156254593562,-78808,-1315,-38866,118989,0,74887,5685,43567,160407,284546,153695,7000,82433,41418,284546,-545528890,-9137070,-270103930,824769890,0,519799260,39260460,302546630,1112294150,1973900500,1065328150,48397530,572650560,287524260,1973900500
2024-03-20,7002,7002,6853,6893,213875,-0.7201497911565605,-14338,2289,30651,-18602,0,114622,2878,54252,40686,212438,128960,589,23601,59288,212438,-98515380,15906840,212126750,-129518210,0,795306960,20002110,376056760,281944430,1473310260,893822340,4095270,163930010,411462640,1473310260
2024-03-21,6942,6962,6853,6933,184745,0.5802988539097635,-51398,-1075,27532,24941,0,91395,1694,46874,43541,183504,142793,2769,19342,18600,183504,-356008650,-7643050,190972440,172679260,0,633894070,11719880,325792720,302032020,1273438690,989902720,19362930,134820280,129352760,1273438690
2024-03-22,6932,6952,6852,6952,179786,0.2740516370979374,-60215,501,21457,38257,0,68761,1501,60875,47441,178578,128976,1000,39418,9184,178578,-418068880,3466960,148380880,266221040,0,478884340,10461960,423663580,330275090,1243284970,896953220,6995000,275282700,64054050,1243284970
2024-03-25,7002,7012,6912,7012,303614,0.863060989643268,-18849,3480,-120053,135422,0,82372,11896,57309,149996,301573,101221,8416,177362,14574,301573,-131632610,24845980,-843242770,950029400,0,577746480,83509920,401581960,1052234090,2115072450,709379090,58663940,1244824730,102204690,2115072450
2024-03-26,7071,7071,6962,6982,155595,-0.4278379920136908,50922,-29060,-19454,-2408,0,60484,5600,72363,16102,154549,9562,34660,91817,18510,154549,358388430,-204372800,-136972940,-17042690,0,425701410,39368000,509522520,113402930,1087994860,67312980,243740800,646495460,130445620,1087994860
2024-03-27,7032,7071,6932,7042,343367,0.859352621025494,-1278,-29211,-62352,92841,0,69100,0,159257,112702,341059,70378,29211,221609,19861,341059,-8320330,-206069890,-439276900,653667120,0,486940090,0,1121300690,793793270,2402034050,495260420,206069890,1560577590,140126150,2402034050
2024-03-28,6505,6674,6366,6674,947751,-5.2257881283726215,-186332,1982,204730,-20380,0,195690,18125,403396,324169,941380,382022,16143,198666,344549,941380,-1221814120,12462750,1327832430,-118481060,0,1287023750,118719340,2638465100,2146189640,6190397830,2508837870,106256590,1310632670,2264670700,6190397830
2024-03-29,6674,6743,6565,6585,167351,-1.3335331135750674,13174,1554,12254,-26982,0,54233,6554,57889,47550,166226,41059,5000,45635,74532,166226,87084130,10459130,80560880,-178104140,0,362264680,43809130,386123650,319676330,1111873790,275180550,33350000,305562770,497780470,1111873790
2024-04-01,6515,6624,6436,6476,232556,-1.6552771450265755,1805,3514,27958,-33277,0,104206,3514,119844,3429,230993,102401,0,91886,36706,230993,13271060,22868710,181025910,-217165680,0,680723740,22868710,782148100,22487640,1508228190,667452680,0,601122190,239653320,1508228190
2024-04-02,6505,6595,6455,6595,156156,1.8375540457072268,-36278,-1320,-15171,52769,0,43065,0,44047,67995,155107,79343,1320,59218,15226,155107,-238446290,-8732830,-100053730,347232850,0,282574030,0,288722230,447311920,1018608180,521020320,8732830,388775960,100079070,1018608180
2024-04-03,6595,6625,6495,6625,79659,0.45489006823351025,14733,474,-10422,-4785,0,32652,474,26359,19639,79124,17919,0,36781,24424,79124,97912940,3122150,-69459160,-31575930,0,216613210,3122150,174034080,130474530,524243970,118700270,0,243493240,162050460,524243970
2024-04-04,6584,6624,6545,6575,100393,-0.7547169811320755,12367,209,-10886,-1690,0,46231,210,31858,21420,99719,33864,1,42744,23110,99719,81823320,1385370,-72040800,-11167890,0,306014010,1392000,211195150,141840370,660441530,224190690,6630,283235950,153008260,660441530
2024-04-05,6604,6604,6456,6456,121850,-1.8098859315589355,-26802,1553,8979,16270,0,33724,2439,53812,31056,121031,60526,886,44833,14786,121031,-175181940,10157950,58605650,106418340,0,220505940,15961250,351655710,203115900,791238800,395687880,5803300,293050060,96697560,791238800
2024-04-08,6455,6485,6356,6386,141328,-1.084262701363073,-31908,-2685,25942,8651,0,43960,1042,61158,34218,140378,75868,3727,35216,25567,140378,-205030530,-17536450,167209880,55357100,0,282964250,6690220,393627610,220157150,903439230,487994780,24226670,226417730,164800050,903439230
2024-04-09,6425,6425,6237,6257,205810,-2.0200438459129346,-28452,98,65215,-36861,0,64910,689,120154,18674,204427,93362,591,54939,55535,204427,-179851240,617540,412825780,-233592080,0,410391750,4352660,759923500,118046620,1292714530,590242990,3735120,347097720,351638700,1292714530
2024-04-11,6167,6216,6117,6207,151199,-0.799105002397315,-48061,5435,32461,10165,0,36560,5435,73625,34563,150183,84621,0,41164,24398,150183,-297562070,33553650,201181790,62826630,0,226820480,33553650,455969500,214345920,930689550,524382550,0,254787710,151519290,930689550
2024-04-12,6197,6317,6187,6317,200086,1.7721926856774608,-90610,724,-9937,99823,0,38233,724,28434,131350,198741,128843,0,38371,31527,198741,-568088970,4518330,-63375040,626945680,0,239797950,4518330,178272590,825143590,1247732460,807886920,0,241647630,198197910,1247732460
2024-04-15,6256,6276,6187,6247,78283,-1.108120943485832,-6416,-404,24348,-17528,0,32319,110,43302,2026,77757,38735,514,18954,19554,77757,-39748650,-2535300,151962610,-109678660,0,202128120,687400,270565320,12659570,486040410,241876770,3222700,118602710,122338230,486040410
2024-04-16,6256,6266,6038,6078,187126,-2.7052985433007843,-31957,1480,72355,-41878,0,59169,1480,106793,18427,185869,91126,0,34438,60305,185869,-195304840,9045030,443435860,-257176050,0,363442830,9045030,655405910,113351340,1141245110,558747670,0,211970050,370527390,1141245110
2024-04-17,6107,6107,5949,5959,209606,-1.9578808818690359,-9294,4342,31311,-26359,0,87164,4343,95241,21449,208197,96458,1,63930,47808,208197,-54977100,26151130,188249310,-159423340,0,526180810,26157220,573893810,129104780,1255336620,581157910,6090,385644500,288528120,1255336620
2024-04-18,5968,6018,5939,5969,128188,0.16781339150864238,-12016,211,34198,-22393,0,50284,211,58360,18472,127327,62300,0,24162,40865,127327,-71652320,1265910,205025090,-134638680,0,302653370,1265910,350426310,111055750,765401340,374305690,0,145401220,245694430,765401340
2024-04-19,6008,6008,5949,5979,125084,0.16753224995811694,-20318,61,47392,-27135,0,44637,61,76507,3039,124244,64955,0,29115,30174,124244,-122040330,367120,284972560,-163299350,0,268662540,367120,460248620,18296550,747574830,390702870,0,175276060,181595900,747574830
2024-04-22,5978,6108,5978,6108,166355,2.1575514300050176,-41563,994,17827,22742,0,33151,1702,80810,49574,165237,74714,708,62983,26832,165237,-253738120,6026780,108751560,138959780,0,202544940,10380980,492992160,303007730,1008925810,456283060,4354200,384240600,164047950,1008925810
2024-04-23,6108,6207,6058,6138,101799,0.4911591355599214,-6695,-221,33545,-26629,0,40967,71,56937,3140,101115,47662,292,23392,29769,101115,-41707790,-1364640,208094700,-165022270,0,253044410,435280,352756120,19347890,625583700,294752200,1799920,144661420,184370160,625583700
2024-04-24,6157,6247,6107,6247,80519,1.7758227435646792,-9484,10203,11073,-11792,0,30246,10203,34661,4868,79978,39730,0,23588,16660,79978,-59369960,63760350,69448250,-73838640,0,189114950,63760350,216789870,30161040,499826210,248484910,0,147341620,103999680,499826210
2024-04-25,6246,6256,6157,6237,63510,-0.16007683688170324,6163,201,10961,-17325,0,25582,201,29104,8197,63084,19419,0,18143,25522,63084,38744130,1256280,68140890,-108141300,0,159826780,1256280,181512370,51188660,393784090,121082650,0,113371480,159329960,393784090
2024-04-26,6237,6247,6177,6247,49072,0.160333493666827,16504,121,-2835,-13790,0,30495,121,17712,415,48743,13991,0,20547,14205,48743,103504910,755990,-17909070,-86351830,0,190892700,755990,110700750,2585920,304935360,87387790,0,128609820,88937750,304935360
2024-04-29,6246,6256,6177,6207,63414,-0.640307347526813,-1309,-1281,5747,-3157,0,20873,361,36878,4876,62988,22182,1642,31131,8033,62988,-8090400,-7971120,35935780,-19874260,0,130353390,2266750,230552990,30376710,393549840,138443790,10237870,194617210,50250970,393549840
2024-04-30,6197,6287,6167,6287,93209,1.288867407765426,-12773,77,-18377,31073,0,15987,77,34702,41817,92583,28760,0,53079,10744,92583,-79702560,478750,-115446560,194670370,0,99958500,478750,216490530,262131460,579059240,179661060,0,331937090,67461090,579059240
2024-05-02,6286,6286,6227,6257,60708,-0.4771751232702402,11970,1701,-5167,-8504,0,27405,1701,23271,7923,60300,15435,0,28438,16427,60300,75372830,10713440,-32521180,-53565090,0,172532740,10713440,146537600,49893610,379677390,97159910,0,179058780,103458700,379677390
2024-05-03,6257,6306,6237,6307,80198,0.799105002397315,10597,-2227,-27974,19604,0,35536,61,12245,31817,79659,24939,2288,40219,12213,79659,66999670,-14048630,-176925960,123974920,0,224441640,384950,77202330,201140590,503169510,157441970,14433580,254128290,77165670,503169510
2024-05-07,6306,6356,6267,6287,79396,-0.31710797526557793,19972,1,13898,-33871,0,36247,1,39648,2967,78863,16275,0,25750,36838,78863,126891090,6330,88007830,-214905250,0,229973100,6330,251431830,18898370,500309630,103082010,0,163424000,233803620,500309630
2024-05-08,6287,6316,6257,6297,90125,0.1590583744234134,-6726,280,4290,2156,0,24510,525,51957,12528,89520,31236,245,47667,10372,89520,-42428290,1774610,26909990,13743690,0,155149170,3320560,328606150,79375160,566451040,197577460,1545950,301696160,65631470,566451040
2024-05-09,6307,6396,6277,6327,122900,0.47641734159123394,-7714,16604,6573,-15463,0,45225,16604,55552,4693,122074,52939,0,48979,20156,122074,-49711360,106573420,42239570,-99101630,0,289187050,106573420,355378900,29951730,781091100,338898410,0,313139330,129053360,781091100
2024-05-10,6356,6426,6297,6337,127455,0.158052789631737,-8861,917,6011,1933,0,60954,917,47705,17023,126599,69815,0,41694,15090,126599,-55801210,5885120,38228720,11687370,0,390302930,5885120,305376640,108391830,809956520,446104140,0,267147920,96704460,809956520
2024-05-13,6356,6405,6326,6356,88089,0.29982641628530854,-17435,1,21071,-3637,0,30471,1,46490,10535,87497,47906,0,25419,14172,87497,-111415970,6400,134915160,-23505590,0,195194150,6400,297759180,67313440,560273170,306610120,0,162844020,90819030,560273170
2024-05-14,6326,6435,6326,6386,77608,0.4719949653870359,2306,1,6904,-9211,0,30386,1,39879,6821,77087,28080,0,32975,16032,77087,14951610,6430,44340690,-59298730,0,195499340,6430,256330930,43850260,495686960,180547730,0,211990240,103148990,495686960
2024-05-16,6405,6425,6366,6396,57661,0.15659254619480112,14140,1,6581,-20722,0,25851,1,30859,563,57274,11711,0,24278,21285,57274,91107370,6440,42304020,-133417830,0,166498990,6440,198689450,3621540,368816420,75391620,0,156385430,137039370,368816420
2024-05-17,6425,6425,6346,6396,70562,0.0,-3108,1036,1963,109,0,13712,1036,42802,12538,70088,16820,0,40839,12429,70088,-19833180,6631460,12644230,557490,0,88030460,6631460,274989380,80471600,450122900,107863640,0,262345150,79914110,450122900
2024-05-20,6416,6426,6337,6347,117504,-0.7661038148843027,1313,2001,14402,-17716,0,54341,2001,59654,719,116715,53028,0,45252,18435,116715,8757850,12806450,92291900,-113856200,0,348695560,12806450,382897550,4619020,749018580,339937710,0,290605650,118475220,749018580
2024-05-21,6396,6396,6257,6277,213920,-1.1028832519300458,-104512,1200,61036,42276,0,44735,1200,107446,59101,212482,149247,0,46410,16825,212482,-658695330,7595000,385594880,265505450,0,284083230,7595000,680778430,372402010,1344858670,942778560,0,295183550,106896560,1344858670
2024-05-22,6287,6337,6277,6337,77077,0.9558706388402103,-1565,53,-17189,18701,0,26754,53,26315,23437,76559,28319,0,43504,4736,76559,-9847970,337620,-109474760,118985110,0,170194990,337620,167170420,149118660,486821690,180042960,0,276645180,30133550,486821690
2024-05-23,6386,6386,6307,6327,48946,-0.15780337699226762,8462,231,3809,-12502,0,24436,231,23054,896,48617,15974,0,19245,13398,48617,54059390,1471320,24235480,-79766190,0,156018340,1471320,147122500,5717220,310329380,101958950,0,122887020,85483410,310329380
2024-05-24,6337,6346,6257,6337,77098,0.158052789631737,-21714,1000,16746,3968,0,29311,1000,34433,11836,76580,51025,0,17687,7868,76580,-137660820,6355950,106313710,24991160,0,186422530,6355950,218851500,75098850,486728830,324083350,0,112537790,50107690,486728830
2024-05-27,6356,6385,6306,6356,83430,0.29982641628530854,28783,-5911,-29580,6708,0,46725,90,19845,16210,82870,17942,6001,49425,9502,82870,184235480,-37837530,-189302370,42904420,0,298993920,576000,126854900,103691010,530115830,114758440,38413530,316157270,60786590,530115830
2024-05-28,6366,6376,6277,6337,83807,-0.29893014474512275,26443,12105,-30773,-7775,0,34388,12105,27106,9645,83244,7945,0,57879,17420,83244,168742940,77318240,-196269940,-49791240,0,219226540,77318240,172565370,61355100,530465250,50483600,0,368835310,111146340,530465250
2024-05-29,6346,6346,6217,6247,110368,-1.4202303929304085,39189,3461,-37774,-4876,0,54248,6260,38084,11035,109627,15059,2799,75858,15911,109627,248252140,21818540,-238693290,-31377390,0,343381280,39572900,240760920,69505980,693221080,95129140,17754360,479454210,100883370,693221080
2024-05-30,6247,6317,6237,6317,46406,1.1205378581719225,31805,49,-20556,-11298,0,34469,49,10451,1126,46095,2664,0,31007,12424,46095,201569950,309240,-130286300,-71592890,0,218447770,309240,66184820,7142650,292084480,16877820,0,196471120,78735540,292084480
2024-05-31,6316,6316,6247,6267,48098,-0.7915149596327371,4430,181,6294,-10905,0,21165,181,22334,4095,47775,16735,0,16040,15000,47775,28134610,1147110,39629990,-68911710,0,133846530,1147110,141012560,25875240,301881440,105711920,0,101382570,94786950,301881440
2024-06-03,6326,6326,6207,6257,104560,-0.15956598053295037,36696,3475,-30928,-9243,0,48635,3475,42997,8751,103858,11939,0,73925,17994,103858,231191160,21888700,-194535860,-58544000,0,306383830,21888700,270633550,55099910,654005990,75192670,0,465169410,113643910,654005990
2024-06-04,6256,6276,6217,6217,36393,-0.6392840019178521,6544,2198,5070,-13812,0,10239,2199,23700,11,36149,3695,1,18630,13823,36149,41197700,13767520,31783290,-86748510,0,64358770,13773810,148877200,69160,227078940,23161070,6290,117093910,86817670,227078940
2024-06-05,6256,6256,6187,6207,65638,-0.16084928422068523,-5857,941,23481,-18565,0,14182,941,49356,718,65197,20039,0,25875,19283,65197,-36641700,5873600,147038180,-116270080,0,88757100,5873600,308884730,4492950,408008380,125398800,0,161846550,120763030,408008380
2024-06-07,6236,6236,6187,6227,84248,0.3222168519413565,2940,-10511,2996,4575,0,27976,41,41832,13833,83682,25036,10552,38836,9258,83682,18413720,-65629630,18720000,28495910,0,174872680,255870,261455060,86418340,523001950,156458960,65885500,242735060,57922430,523001950
2024-06-10,6237,6276,6177,6267,89095,0.6423638991488678,2337,3397,3612,-9346,0,22036,3398,57503,5560,88497,19699,1,53891,14906,88497,14851360,21332580,22587810,-58771750,0,138624840,21338860,361256050,34958880,556178630,123773480,6280,338668240,93730630,556178630
2024-06-11,6316,6326,6207,6257,106297,-0.15956598053295037,-40866,6551,40935,-6620,0,37346,6551,55739,5947,105583,78212,0,14804,12567,105583,-256359950,40977750,257075480,-41693280,0,235467940,40977750,350880090,37344200,664669980,491827890,0,93804610,79037480,664669980
2024-06-12,6287,6287,6158,6168,141942,-1.4224069042672207,-9524,27142,21149,-38767,0,60270,27242,50560,2916,140988,69794,100,29411,41683,140988,-59493400,169836150,131668030,-242010780,0,377679370,170467350,316472500,18151820,882771040,437172770,631200,184804470,260162600,882771040
2024-06-13,6217,6227,6098,6108,172664,-0.9727626459143969,-30706,3363,27611,-268,0,73987,3363,85072,9082,171504,104693,0,57461,9350,171504,-188502660,20683790,169551850,-1732980,0,456985840,20683790,525724860,56042470,1059436960,645488500,0,356173010,57775450,1059436960
2024-06-14,6107,6147,6058,6068,161838,-0.6548788474132285,-18606,317,24390,-6101,0,70092,318,76346,13995,160751,88698,1,51956,20096,160751,-113884980,1947020,149594280,-37656320,0,430292250,1953160,468424280,85738640,986408330,544177230,6140,318830000,123394960,986408330
2024-06-17,6068,6157,6028,6068,122702,0.0,-22641,49,5636,16956,0,44478,52,49988,27360,121878,67119,3,44352,10404,121878,-137614070,297990,34414580,102901500,0,272399550,316230,305478260,166836600,745030640,410013620,18240,271063680,63935100,745030640
2024-06-18,6168,6168,5999,6049,174461,-0.3131179960448253,-29017,1353,42789,-15125,0,46229,1853,111887,13320,173289,75246,500,69098,28445,173289,-175760150,8181220,260535610,-92956680,0,280539520,11226220,679542500,80820730,1052128970,456299670,3045000,419006890,173777410,1052128970
2024-06-19,6048,6048,5979,5989,170796,-0.9918994875185981,-16206,1687,21823,-7304,0,57330,3286,105505,3527,169648,73536,1599,83682,10831,169648,-97567310,10201100,131653490,-44287280,0,346337700,19852380,636916250,21285010,1024391340,443905010,9651280,505262760,65572290,1024391340
2024-06-20,6018,6018,5949,5989,199031,0.0,-125232,4050,103467,17715,0,36182,4051,130392,27068,197693,161414,1,26925,9353,197693,-751813430,24277530,621228300,106307600,0,217459970,24283530,783089100,162641160,1187473760,969273400,6000,161860800,56333560,1187473760
2024-06-21,5999,6148,5959,6148,123090,2.6548672566371683,-31906,-188,-24209,56303,0,15345,812,29137,76969,122263,47251,1000,53346,20666,122263,-194111250,-1236710,-148374360,343722320,0,93438730,4953290,176890790,470786980,746069790,287549980,6190000,325265150,127064660,746069790
2024-06-24,6167,6167,6078,6108,109978,-0.6506180871828237,-21397,-227,7434,14190,0,21200,3,50848,37188,109239,42597,230,43414,22998,109239,-131910130,-1400610,45919440,87391300,0,130975360,18490,313195790,229573230,673762870,262885490,1419100,267276350,142181930,673762870
2024-06-25,6167,6167,6108,6148,98133,0.6548788474132285,-29229,-3621,1368,31482,0,13812,2299,41803,39560,97474,43041,5920,40435,8078,97474,-180330270,-22369610,8297530,194402350,0,85271170,14196500,258044210,244280150,601792030,265601440,36566110,249746680,49877800,601792030
2024-06-26,6157,6207,6107,6207,106480,0.9596616785946649,24567,1197,-47222,21458,0,36431,3001,33211,33122,105765,11864,1804,80433,11664,105765,153053520,7443400,-294013920,133517000,0,226892890,18646250,206468050,206179170,658186360,73839370,11202850,500481970,72662170,658186360
2024-06-27,6207,6286,6167,6247,147577,0.644433703882713,-13602,-8322,12217,9707,0,38657,9656,80723,17549,146585,52259,17978,68506,7842,146585,-85490870,-52480440,76748670,61222640,0,243309920,60601180,507449890,110258430,921619420,328800790,113081620,430701220,49035790,921619420
2024-06-28,6257,6286,6227,6257,109747,0.16007683688170324,-23178,497,33917,-11236,0,27716,5497,70619,5178,109010,50894,5000,36702,16414,109010,-145611770,3007630,213396280,-70792140,0,174598520,34532990,444741540,32623490,686496540,320210290,31525360,231345260,103415630,686496540
2024-07-01,6257,6277,6168,6198,133022,-0.9429439028288318,-34394,-4843,44642,-5405,0,43307,2190,74592,12039,132128,77701,7033,29950,17444,132128,-214424850,-30011130,278704700,-34268720,0,270400930,13734980,466062210,75015050,825213170,484825780,43746110,187357510,109283770,825213170
2024-07-02,6198,6217,6148,6198,90851,0.0,-25087,10137,9817,5133,0,23658,10138,47809,8636,90241,48745,1,37992,3503,90241,-156043970,62934060,61226160,31883750,0,147241240,62940280,297404800,53712360,561298680,303285210,6220,236178640,21828610,561298680
2024-07-03,6197,6247,6168,6178,116236,-0.32268473701193934,7456,10013,-9668,-7801,0,34736,10013,61008,9698,115455,27280,0,70676,17499,115455,46685400,62430770,-60529330,-48586840,0,216888390,62430770,380978340,60592460,720889960,170202990,0,441507670,109179300,720889960
2024-07-04,6187,6197,6138,6178,94738,0.0,5808,19000,-15963,-8845,0,36178,19001,38200,723,94102,30370,1,54163,9568,94102,36176250,117635030,-98903210,-54908070,0,224414330,117641220,236738330,4480960,583274840,188238080,6190,335641540,59389030,583274840
2024-07-05,6177,6187,6138,6158,146533,-0.32372936225315635,25666,-7444,1198,-19420,0,58693,7556,79129,170,145548,33027,15000,77931,19590,145548,159505970,-46141050,7049800,-120414720,0,364121960,46756120,490393910,1053800,902325790,204615990,92897170,483344110,121468520,902325790
2024-07-08,6177,6177,6138,6148,110950,-0.16239038648911985,-24863,8596,15980,287,0,30604,23596,49625,6380,110205,55467,15000,33645,6093,110205,-153948580,53181800,99018810,1747970,0,189758150,146084170,307618660,39542780,683003760,343706730,92902370,208599850,37794810,683003760
2024-07-09,6148,6158,6138,6158,174057,0.16265452179570591,-23327,-324,35156,-11505,0,48815,14676,87595,21801,172887,72142,15000,52439,33306,172887,-144584660,-2020810,217931840,-71326370,0,302147620,90737700,542382640,134768860,1070036820,446732280,92758510,324450800,206095230,1070036820
2024-07-10,6157,6177,6048,6068,204710,-1.4615134784020787,4043,-82269,101686,-23460,0,62479,11868,121690,7297,203334,58436,94137,20004,30757,203334,24405150,-503786080,623635450,-144254520,0,384163990,73169160,746840500,44923520,1249097170,359758840,576955240,123205050,189178040,1249097170
2024-07-11,6068,6127,6048,6088,148887,0.3295978905735003,-21633,-23683,54852,-9536,0,57252,2149,84033,4453,147887,78885,25832,29181,13989,147887,-131706760,-144697670,334971080,-58566650,0,350189820,13159880,513615990,27218520,904184210,481896580,157857550,178644910,85785170,904184210
2024-07-12,6098,6197,6098,6158,185072,1.149802890932983,-20632,-7352,-31354,59338,0,36481,8648,67179,71520,183828,57113,16000,98533,12182,183828,-127895430,-45476350,-193819980,367191760,0,225842610,53454940,415139520,442624630,1137061700,353738040,98931290,608959500,75432870,1137061700
2024-07-15,6167,6236,6147,6227,163358,1.120493666774927,30486,-14999,-32147,16660,0,77779,1,48218,36262,162260,47293,15000,80365,19602,162260,190750360,-93313350,-201420210,103983200,0,485575040,6270,299922280,226176690,1011680280,294824680,93319620,501342490,122193490,1011680280
2024-07-16,6227,6276,6217,6257,213464,0.48177292436165087,43847,-14872,-36712,7737,0,142557,255,37586,31631,212029,98710,15127,74298,23894,212029,276232320,-93499670,-231208770,48476120,0,897314480,1606500,236189240,198861590,1333971810,621082160,95106170,467398010,150385470,1333971810
2024-07-17,6306,6396,6266,6396,283142,2.221511906664536,9617,10500,-101332,81215,0,127026,10501,44600,99112,281239,117409,1,145932,17897,281239,61360820,67339320,-649538190,520838050,0,814401700,67345740,285740770,635507140,1802995350,753040880,6420,935278960,114669090,1802995350
2024-07-18,6395,6405,6336,6366,197717,-0.46904315196998125,18919,3012,-14497,-7434,0,95513,6312,70376,24187,196388,76594,3300,84873,31621,196388,121421450,19289060,-92858740,-47851770,0,613407430,40541060,451641400,155239850,1260829740,491985980,21252000,544500140,203091620,1260829740
2024-07-19,6366,6386,6297,6317,98992,-0.7697141061891298,11026,3,71,-11100,0,50089,3,37605,10630,98327,39063,0,37534,21730,98327,70708050,19150,471670,-71198870,0,320244110,19150,240039340,67834560,628137160,249536060,0,239567670,139033430,628137160
2024-07-22,6316,6405,6316,6386,171839,1.092290644293177,9429,-3882,-12627,7080,0,83468,943,46642,39631,170684,74039,4825,59269,32551,170684,61420650,-24944000,-81433200,44956550,0,536013840,6063100,299225610,253947420,1095249970,474593190,31007100,380658810,208990870,1095249970
2024-07-23,6406,6445,6356,6426,168085,0.6263701847792045,38455,7727,-13420,-32762,0,89813,7728,52706,16709,166956,51358,1,66126,49471,166956,248846150,49993690,-87185340,-211654500,0,580368800,50000160,339951660,107969020,1078289640,331522650,6470,427137000,319623520,1078289640
2024-07-24,6445,6564,6406,6565,269114,2.1630874572051044,56007,-11613,-81233,36839,0,142524,0,69588,55193,267305,86517,11613,150821,18354,267305,365754600,-75869670,-530809280,240924350,0,930525160,0,453424380,360221140,1744170680,564770560,75869670,984233660,119296790,1744170680
2024-07-25,6534,6544,6445,6515,143871,-0.7616146230007617,13285,-5000,19774,-28059,0,70498,1,58104,14301,142904,57213,5001,38330,42360,142904,87685810,-32719960,128625300,-183591150,0,461256750,6560,379492570,93367590,934123470,373570940,32726520,250867270,276958740,934123470
2024-07-26,6515,6554,6445,6535,169978,0.3069838833461243,-19913,-380,2927,17366,0,80646,3,45684,42503,168836,100559,383,42757,25137,168836,-129230070,-2496670,18773900,112952840,0,527257500,19640,298391020,277472030,1103140190,656487570,2516310,279617120,164519190,1103140190
2024-07-29,6555,6634,6505,6605,124870,1.0711553175210407,-3168,-4182,-3802,11152,0,64144,1,41008,18878,124031,67312,4183,44810,7726,124031,-20629580,-27748690,-25548250,73926520,0,425887960,6650,272034120,125165800,823094530,446517540,27755340,297582370,51239280,823094530
2024-07-30,6605,6634,6565,6625,170339,0.3028009084027252,4676,-199,-13290,8813,0,82105,1,49623,37465,169194,77429,200,62913,28652,169194,31717530,-1321330,-88831990,58435790,0,546301370,6670,329618680,249178380,1125105100,514583840,1328000,418450670,190742590,1125105100
2024-07-31,6614,6753,6574,6714,248484,1.3433962264150943,17663,-142,-35879,18358,0,130164,58,41775,74817,246814,112501,200,77654,56459,246814,120628720,-950780,-241753860,122075920,0,877840670,393220,281253860,503202110,1662689860,757211950,1344000,523007720,381126190,1662689860
2024-08-01,6713,6753,6654,6694,194712,-0.2978850163836759,33434,-999,12575,-45010,0,73114,1,47409,72880,193404,39680,1000,34834,117890,193404,225120930,-6713260,84746940,-303154610,0,492416400,6740,319467110,491256660,1303146910,267295470,6720000,234720170,794411270,1303146910
2024-08-02,6694,6694,6525,6585,141711,-1.6283238721242905,6395,-1199,-14612,9416,0,42442,1,63548,34768,140759,36047,1200,78160,25352,140759,42976340,-8009760,-97220540,62253960,0,281932040,6630,421056610,230975470,933970750,238955700,8016390,518277150,168721510,933970750
2024-08-05,6555,6555,6267,6317,326667,-4.069855732725893,16538,38862,-100388,44988,0,90557,39363,93949,100602,324471,74019,501,194337,55614,324471,107366900,249068130,-643345300,286910270,0,583047880,252312580,604399890,644108980,2083869330,475680980,3244450,1247745190,357198710,2083869330
2024-08-06,6386,6495,6336,6466,275586,2.3587145797055564,-77839,18583,-7685,66941,0,40938,30620,82788,119388,273734,118777,12037,90473,52447,273734,-504371140,119977300,-50493330,434887170,0,265573320,197901880,536210920,774420210,1774106330,769944460,77924580,586704250,339533040,1774106330
2024-08-07,6495,6625,6456,6625,166133,2.459016393442623,57277,5,-47897,-9385,0,87485,5,52331,25196,165017,30208,0,100228,34581,165017,380109500,33050,-317221370,-62921180,0,580166430,33050,346789850,166073800,1093063130,200056930,0,664011220,228994980,1093063130
2024-08-08,6604,6664,6505,6565,174203,-0.9056603773584906,5224,-5206,-28401,28383,0,71398,1,22604,79029,173032,66174,5207,51005,50646,173032,38047430,-34443980,-190371240,186767790,0,476126870,6610,149845280,524198750,1150177510,438079440,34450590,340216520,337430960,1150177510
2024-08-09,6575,6684,6575,6635,170631,1.0662604722010662,-7483,-198,-15883,23564,0,72326,2,41782,55374,169484,79809,200,57665,31810,169484,-48725550,-1327600,-106829880,156883030,0,484320180,13400,279590840,369734520,1133658940,533045730,1341000,386420720,212851490,1133658940
2024-08-12,6624,6654,6545,6615,129119,-0.30143180105501133,-5603,-100,35825,-30122,0,60623,1,58121,9506,128251,66226,101,22296,39628,128251,-37341670,-663980,237707470,-199701820,0,402191340,6660,385851070,63209840,851258910,439533010,670640,148143600,262911660,851258910
2024-08-13,6614,6614,6485,6555,133029,-0.9070294784580499,-23095,-6000,1423,27672,0,52109,0,40748,39278,132135,75204,6000,39325,11606,132135,-151156630,-39436520,9009810,181583340,0,343317770,0,267884210,258261140,869463120,494474400,39436520,258874400,76677800,869463120
2024-08-14,6564,6604,6505,6525,149762,-0.4576659038901602,-14481,-14449,22273,6657,0,72664,5168,47432,23492,148756,87145,19617,25159,16835,148756,-94958970,-95085350,146463840,43580480,0,478133530,33913740,312312230,154453330,978812830,573092500,128999090,165848390,110872850,978812830
2024-08-16,6535,6545,6466,6496,132250,-0.4444444444444444,17048,-14102,21640,-24586,0,68039,2781,51778,8763,131361,50991,16883,30138,33349,131361,111777290,-92431840,141744750,-161090200,0,445264270,18195530,338865530,57267010,859592340,333486980,110627370,197120780,218357210,859592340
2024-08-19,6485,6545,6446,6456,102800,-0.6157635467980296,-1229,-18375,3438,16166,0,37466,201,40301,24141,102109,38695,18576,36863,7975,102109,-7688190,-119713480,22435230,104966440,0,244271060,1304490,262897210,157122140,665594900,251959250,121017970,240461980,52155700,665594900
2024-08-20,6455,6495,6386,6446,140996,-0.15489467162329618,995,-30028,24972,4061,0,73747,2002,45730,18570,140049,72752,32030,20758,14509,140049,6748260,-194310900,161525550,26037090,0,477227370,13012840,295751870,120074950,906067030,470479110,207323740,134226320,94037860,906067030
2024-08-21,6445,6475,6396,6426,147926,-0.31026993484331367,-10212,-40697,-7160,58069,0,46374,0,41370,59188,146932,56586,40697,48530,1119,146932,-66157450,-262971340,-46800490,375929280,0,300269850,0,267761570,383177410,951208830,366427300,262971340,314562060,7248130,951208830
2024-08-22,6445,6455,6356,6426,127096,0.0,7791,-2732,-6703,1644,0,70246,1,37063,18932,126242,62455,2733,43766,17288,126242,50770590,-17610720,-43509850,10349980,0,452642570,6470,238711130,121916470,813276640,401871980,17617190,282220980,111566490,813276640
2024-08-23,6376,6456,6356,6456,111013,0.4668534080298786,-19111,201,23916,-5006,0,42570,201,59425,8071,110267,61681,0,35509,13077,110267,-122353020,1292500,153487820,-32427300,0,273933870,1292500,382586550,51915830,709728750,396286890,0,229098730,84343130,709728750
2024-08-26,6456,6575,6446,6496,252014,0.6195786864931847,-94332,2987,5977,85368,0,78114,2987,68988,100231,250320,172446,0,63011,14863,250320,-614708280,19551760,37182200,557974320,0,512441580,19551760,450828800,655267630,1638089770,1127149860,0,413646600,97293310,1638089770
2024-08-27,6495,6534,6455,6515,112166,0.29248768472906406,-13963,0,3331,10632,0,57333,1,34898,19180,111412,71296,1,31567,8548,111412,-90826240,40,21586340,69239860,0,374145110,6560,227508770,125144940,726805380,464971350,6520,205922430,55905080,726805380
2024-08-28,6544,6544,6137,6227,391862,-4.42056792018419,-15904,-3553,44104,-24647,0,118722,1569,216177,52760,389228,134626,5122,172073,77407,389228,-91350290,-22384850,278056070,-164320930,0,757583440,9777650,1368291770,331118570,2466771430,848933730,32162500,1090235700,495439500,2466771430
2024-08-29,6187,6197,6058,6148,300564,-1.268668700819014,-46929,-5607,39795,12741,0,99552,406,150489,48097,298544,146481,6013,110694,35356,298544,-289958140,-34834790,246088390,78704540,0,616086180,2500040,930113570,297301380,1846001170,906044320,37334830,684025180,218596840,1846001170
2024-08-30,6147,6256,6147,6227,180342,1.2849707221860767,3663,161,14306,-18130,0,77964,161,59373,41632,179130,74301,0,45067,59762,179130,23432260,1007880,89265760,-113705900,0,488679650,1007880,371520340,260610600,1121818470,465247390,0,282254580,374316500,1121818470
2024-09-02,6226,6256,6177,6227,105191,0.0,3632,2002,18789,-24423,0,41173,2002,56422,4887,104484,37541,0,37633,29310,104484,22960240,12552500,117302210,-152814950,0,257273430,12552500,352284770,30503820,652614520,234313190,0,234982560,183318770,652614520
2024-09-03,6286,6286,6207,6257,137781,0.48177292436165087,-13290,3002,4643,5645,0,52016,3002,52272,29565,136855,65306,0,47629,23920,136855,-82952590,18822560,28679490,35450540,0,326275260,18822560,327738010,185545120,858380950,409227850,0,299058520,150094580,858380950
2024-09-04,6276,6276,6177,6247,220776,-0.15982100047946302,-38480,17267,14054,7159,0,63694,17493,88636,49469,219292,102174,226,74582,42310,219292,-239975220,107990080,87667830,44317310,0,398102580,109403840,553747370,309140690,1370394480,638077800,1413760,466079540,264823380,1370394480
2024-09-05,6197,6247,6128,6138,203186,-1.7448375220105652,-5806,2831,78131,-75156,0,62440,2831,111868,24682,201821,68246,0,33737,99838,201821,-34828480,17585930,484623830,-467381280,0,388134770,17585930,694112870,153114550,1252948120,422963250,0,209489040,620495830,1252948120
2024-09-06,6157,6226,6097,6217,188883,1.2870641902899966,-21095,-38157,16239,43013,0,63426,3843,60816,59529,187614,84521,42000,44577,16516,187614,-130607050,-235578230,100082440,266102840,0,393060730,23649680,375682690,368409170,1160802270,523667780,259227910,275600250,102306330,1160802270
2024-09-09,6168,6217,6138,6168,125333,-0.7881614926813576,-44670,4,33755,10911,0,32998,268,56380,34845,124491,77668,264,22625,23934,124491,-276542410,27390,209094670,67420350,0,204914020,1661550,349609000,216097860,772282430,481456430,1634160,140514330,148677510,772282430
2024-09-10,6168,6207,5910,5910,1126196,-4.182879377431906,-643754,127937,468833,46984,0,200135,129937,564378,224175,1118625,843889,2000,95545,177191,1118625,-3883435940,770376830,2827433170,285625940,0,1208019850,782276830,3403277410,1348459580,6742033670,5091455790,11900000,575844240,1062833640,6742033670
2024-09-11,5940,6030,5740,5910,737697,0.0,-372799,41470,255919,75410,0,142735,44670,363694,186598,737697,515534,3200,107775,111188,737697,-2169095450,244413580,1493544880,431136990,0,836246850,263133580,2124098090,1086452730,4309931250,3005342300,18720000,630553210,655315740,4309931250
2024-09-12,5920,5980,5790,5790,683707,-2.030456852791878,-327053,38187,323546,-34680,0,158923,38187,360017,126580,683707,485976,0,36471,161260,683707,-1905138470,222076370,1886764230,-203702130,0,927325630,222076370,2099207480,739154070,3987763550,2832464100,0,212443250,942856200,3987763550
2024-09-13,5790,5920,5790,5900,456107,1.8998272884283247,-203634,13135,34796,155703,0,156909,13135,104129,181934,456107,360543,0,69333,26231,456107,-1193526220,77203040,203064020,913259160,0,922406820,77203040,609744600,1067144990,2676499450,2115933040,0,406680580,153885830,2676499450
2024-09-19,5900,6030,5900,6010,358217,1.864406779661017,11982,15936,-104146,76228,0,74173,15936,125960,142905,358974,62191,0,230106,66677,358974,73852010,95350530,-624913020,455710480,0,443902140,95350530,752270830,854204670,2145728170,370050130,0,1377183850,398494190,2145728170
