날짜,시가,고가,저가,종가,거래량,등락률,기관합계_거래량_순매수,기타법인_거래량_순매수,개인_거래량_순매수,외국인합계_거래량_순매수,전체_거래량_순매수,기관합계_거래량_매수,기타법인_거래량_매수,개인_거래량_매수,외국인합계_거래량_매수,전체_거래량_매수,기관합계_거래량_매도,기타법인_거래량_매도,개인_거래량_매도,외국인합계_거래량_매도,전체_거래량_매도,기관합계_거래대금_순매수,기타법인_거래대금_순매수,개인_거래대금_순매수,외국인합계_거래대금_순매수,전체_거래대금_순매수,기관합계_거래대금_매수,기타법인_거래대금_매수,개인_거래대금_매수,외국인합계_거래대금_매수,전체_거래대금_매수,기관합계_거래대금_매도,기타법인_거래대금_매도,개인_거래대금_매도,외국인합계_거래대금_매도,전체_거래대금_매도
2019-10-30,5825,6311,5708,6312,47782291,,-348633,-43553,8647192,-8255006,0,6150573,1335470,38400544,517648,46404235,6499206,1379023,29753352,8772654,46404235,-2357286620,-455261310,53749448340,-50936900410,0,37361773090,8069982700,238228117980,3170817800,286830691570,39719059710,8525244010,184478669640,54107718210,286830691570
2019-10-31,6670,6894,6117,6312,39549190,0.0,-1614960,251462,4955743,-3592245,0,1392883,543479,36214194,258023,38408579,3007843,292017,31258451,3850268,38408579,-11101795260,1682961990,33621736550,-24202903280,0,9268088260,3684332160,245397495690,1751318060,260101234170,20369883520,2001370170,211775759140,25954221340,260101234170
2019-11-01,6214,6321,6059,6176,6898984,-2.1546261089987326,249466,227283,-5469,-471280,0,588188,277492,5598650,236052,6700382,338722,50209,5604119,707332,6700382,1596528370,1437472070,-21140440,-3012860000,0,3738199010,1758327410,35551518740,1501533600,42549578760,2141670640,320855340,35572659180,4514393600,42549578760
2019-11-04,6223,6242,5980,6205,5365631,0.469559585492228,768860,168257,-497551,-439566,0,851587,219899,4096224,43279,5210989,82727,51642,4593775,482845,5210989,4828297210,1052917480,-3119091590,-2762123100,0,5349379590,1375922160,25726265250,270205980,32721772980,521082380,323004680,28845356840,3032329080,32721772980
2019-11-05,6244,6545,6205,6439,8150274,3.771152296535053,338392,-166523,79132,-251001,0,641665,206983,6822162,244899,7915709,303273,373506,6743030,495900,7915709,2223373750,-1096063660,491336330,-1618646420,0,4219531430,1365796710,44856594980,1616667280,52058590400,1996157680,2461860370,44365258650,3235313700,52058590400
2019-11-06,6477,6487,6361,6371,3069002,-1.056064606305327,544577,48759,288780,-882116,0,577823,48759,2303578,50597,2980757,33246,0,2014798,932713,2980757,3594046490,321007910,1900715260,-5815769660,0,3813244880,321007910,15198025380,334033700,19666311870,219198390,0,13297310120,6149803360,19666311870
2019-11-07,6371,6478,6351,6478,2200546,1.6794851671637105,507363,101223,-520097,-88489,0,527955,122423,1446956,39895,2137229,20592,21200,1967053,128384,2137229,3351351660,668334690,-3435313890,-584372460,0,3487259080,808330690,9550950980,263362090,14109902840,135907420,139996000,12986264870,847734550,14109902840
2019-11-08,6496,6583,6409,6497,2939582,0.29330040135844393,294267,66404,-334533,-26138,0,602770,103409,2120506,28106,2854791,308503,37005,2455039,54244,2854791,1977067410,445001580,-2246923730,-175145260,0,4040454840,693815280,14221487650,188286360,19144044130,2063387430,248813700,16468411380,363431620,19144044130
2019-11-11,6535,6555,6449,6478,1141245,-0.29244266584577494,190177,11057,-146968,-54266,0,226838,24957,853468,3145,1108408,36661,13900,1000436,57411,1108408,1267680890,73479100,-978979790,-362180200,0,1511978990,166223100,5693126580,21047580,7392376250,244298100,92744000,6672106370,383227780,7392376250
2019-11-12,6477,6477,6371,6449,1320481,-0.4476690336523618,159248,73425,-200952,-31721,0,253562,86181,941860,927,1282530,94314,12756,1142812,32648,1282530,1054996870,486245980,-1331885910,-209356940,0,1675224560,570578020,6223879730,6116820,8475799130,620227690,84332040,7555765640,215473760,8475799130
2019-11-13,6447,6456,6331,6390,1154282,-0.9148705225616375,154109,-36154,-76447,-41508,0,362611,33105,723608,1685,1121009,208502,69259,800055,43193,1121009,1015744860,-236640380,-505849480,-273255000,0,2385407170,216808750,4749021290,11087850,7362325060,1369662310,453449130,5254870770,284342850,7362325060
2019-11-14,6418,6428,6283,6342,1020340,-0.7511737089201878,115197,-31620,-77275,-6302,0,154831,11380,815392,9434,991037,39634,43000,892667,15736,991037,751842780,-205693970,-504993460,-41155350,0,1010697260,74288500,5320336860,61513550,6466836170,258854480,279982470,5825330320,102668900,6466836170
2019-11-15,6342,6360,6234,6342,1294106,0.0,140437,9812,-145670,-4579,0,322429,50404,873645,10462,1256940,181992,40592,1019315,15041,1256940,917299190,60852170,-948613710,-29537650,0,2093789740,325458730,5657631560,67855860,8144735890,1176490550,264606560,6606245270,97393510,8144735890
2019-11-18,6321,6341,6215,6225,1147343,-1.8448438978240302,74966,69273,55742,-199981,0,118842,84273,907269,3985,1114369,43876,15000,851527,203966,1114369,483555790,446678920,359869060,-1290103770,0,766355240,543728920,5850714240,25654330,7186452730,282799450,97050000,5490845180,1315758100,7186452730
2019-11-19,6233,6379,6194,6351,1211053,2.0240963855421685,279189,-1580,-249822,-27787,0,453531,37420,666078,19107,1176136,174342,39000,915900,46894,1176136,1817029000,-12814490,-1626136990,-178077520,0,2947531310,241105510,4308280530,123246750,7620164100,1130502310,253920000,5934417520,301324270,7620164100
2019-11-20,6349,6349,6282,6322,599229,-0.45662100456621,128714,12876,-111461,-30129,0,152312,31320,390454,7886,581972,23598,18444,501915,38015,581972,837363860,84205370,-725867940,-195701290,0,990609550,203889640,2536589270,51310590,3782399050,153245690,119684270,3262457210,247011880,3782399050
2019-11-21,6340,6340,6233,6322,626420,0.0,148043,39521,-205151,17587,0,162342,41121,366610,38306,608379,14299,1600,571761,20719,608379,959835800,255401040,-1329579060,114342220,0,1052273410,265798170,2373088170,248867950,3940027700,92437610,10397130,3702667230,134525730,3940027700
2019-11-22,6321,6369,6282,6322,798079,0.0,142612,-24445,-120716,2549,0,182107,10635,549882,32471,775095,39495,35080,670598,29922,775095,929370580,-159841630,-786120910,16591960,0,1187201590,69237850,3584962160,211725610,5053127210,257831010,229079480,4371083070,195133650,5053127210
2019-11-25,6320,6340,6263,6312,537465,-0.15817779183802594,53215,40325,-96720,3180,0,124370,48261,337782,11552,521965,71155,7936,434502,8372,521965,345307960,261573130,-627445100,20564010,0,807439920,313236490,2191530350,74911930,3387118690,462131960,51663360,2818975450,54347920,3387118690
2019-11-26,6272,6320,6263,6273,560589,-0.6178707224334601,157216,11460,-173670,4994,0,167764,26460,339204,10990,544418,10548,15000,512874,5996,544418,1018748900,74211300,-1125427900,32467700,0,1087301350,171261300,2196990380,71206870,3526759900,68552450,97050000,3322418280,38739170,3526759900
2019-11-27,6272,6340,6263,6312,727091,0.6217120994739359,371325,-8352,-341734,-21239,0,410541,100,281978,13504,706123,39216,8452,623712,34743,706123,2411626870,-54373520,-2219459790,-137793560,0,2666573190,648000,1829021160,87698790,4583941140,254946320,55021520,4048480950,225492350,4583941140
2019-11-28,6311,6320,6272,6312,443985,0.0,114464,110,-108591,-5983,0,217269,110,212724,1079,431182,102805,0,321315,7062,431182,743684610,713800,-705553760,-38844650,0,1410527060,713800,1379449890,7003330,2797694080,666842450,0,2085003650,45847980,2797694080
2019-11-29,6282,6320,6282,6312,608885,0.0,296273,-2896,-322761,29384,0,335463,104,226334,29425,591326,39190,3000,549095,41,591326,1923283030,-18824000,-2095357200,190898170,0,2177773230,676000,1469985600,191163880,3839598710,254490200,19500000,3565342800,265710,3839598710
2019-12-02,6233,6263,6088,6157,3117788,-2.455640050697085,-414876,65818,841661,-492603,0,878633,213276,1892947,43415,3028271,1293509,147458,1051286,536018,3028271,-2634374540,414834290,5357128140,-3137587890,0,5608179320,1359642550,12048180550,276770720,19292773140,8242553860,944808260,6691052410,3414358610,19292773140
2019-12-03,6098,6108,5992,6041,1700072,-1.8840344323534188,167964,151092,189233,-508289,0,546807,176513,858095,69812,1651227,378843,25421,668862,578101,1651227,1044212660,944017960,1175475060,-3163705680,0,3404414830,1101922370,5338854340,434319120,10279510660,2360202170,157904410,4163379280,3598024800,10279510660
2019-12-04,6039,6194,6029,6195,829948,2.549246813441483,269255,17463,-181668,-105050,0,362405,29501,391599,22490,805995,93150,12038,573267,127540,805995,1702409750,108464170,-1147625140,-663248780,0,2291661640,184089050,2477183340,141897120,5094831150,589251890,75624880,3624808480,805145900,5094831150
2019-12-05,6272,6292,6176,6225,983234,0.48426150121065376,176493,-36423,-73453,-66617,0,275834,26307,649884,2952,954977,99341,62730,723337,69569,954977,1129495660,-232784750,-469997840,-426713070,0,1762982270,169143020,4161793490,18823750,6112742530,633486610,401927770,4631791330,445536820,6112742530
2019-12-06,6195,6215,6089,6119,975323,-1.7028112449799195,16307,26520,-27602,-15225,0,400651,30530,515766,367,947314,384344,4010,543368,15592,947314,103875230,166555300,-174520180,-95910350,0,2524602620,191938300,3253491190,2332310,5972364420,2420727390,25383000,3428011370,98242660,5972364420
2019-12-09,6118,6118,6011,6080,794301,-0.6373590455956856,41852,-18641,-33430,10219,0,363533,5771,388502,13679,771485,321681,24412,421932,3460,771485,265619040,-116179300,-213217180,63777440,0,2265042160,35847810,2414584650,85322700,4800797320,1999423120,152027110,2627801830,21545260,4800797320
2019-12-10,6079,6165,6059,6128,805423,0.7894736842105263,294886,30710,-334540,8944,0,521368,30710,198781,31341,782200,226482,0,533321,22397,782200,1861655330,193266810,-2111331260,56409120,0,3292988840,193266810,1255102790,197873310,4939231750,1431333510,0,3366434050,141464190,4939231750
2019-12-11,6108,6156,6079,6128,876509,0.0,123021,450,-141960,18489,0,638026,450,184886,27874,851236,515005,0,326846,9385,851236,776462810,2834500,-895979980,116682670,0,4027892040,2834500,1165131420,175853890,5371711850,3251429230,0,2061111400,59171220,5371711850
2019-12-12,6109,6127,6089,6119,836034,-0.14686684073107048,416097,-341384,-53583,-21130,0,611694,5578,194731,22,812025,195597,346962,248314,21152,812025,2620437380,-2149857200,-337646080,-132934100,0,3851322370,35133400,1224871760,138310,5111465840,1230884990,2184990600,1562517840,133072410,5111465840
2019-12-13,6118,6118,6070,6109,1509836,-0.16342539630658603,193812,-157765,-6109,-29938,0,1042718,14260,380656,28780,1466414,848906,172025,386765,58718,1466414,1217821860,-990313810,-39364000,-188144050,0,6555157020,89463200,2388955070,180768220,9214343510,5337335160,1079777010,2428319070,368912270,9214343510
2019-12-16,6108,6214,6079,6176,1428706,1.0967425110492715,369116,-55381,-346716,32981,0,927464,6338,398834,54942,1387578,558348,61719,745550,21961,1387578,2342925320,-350878470,-2200905760,208858910,0,5879513630,40235800,2531361570,348190270,8799301270,3536588310,391114270,4732267330,139331360,8799301270
2019-12-17,6176,6176,6080,6119,520645,-0.9229274611398963,-47327,57818,18476,-28967,0,51885,57818,391421,4570,505694,99212,0,372945,33537,505694,-296619760,362962100,116024460,-182366800,0,325954920,362962100,2460236920,28708280,3177862220,622574680,0,2344212460,211075080,3177862220
2019-12-18,6088,6118,6060,6080,538668,-0.6373590455956856,-60352,-4009,68455,-4094,0,60275,2760,436146,24015,523196,120627,6769,367691,28109,523196,-378842060,-25068300,428899690,-24989330,0,377372300,17309000,2733463370,151173110,3279317780,756214360,42377300,2304563680,176162440,3279317780
2019-12-19,6078,6078,6001,6050,865529,-0.4934210526315789,120140,-70788,23824,-73176,0,289145,19566,527374,4474,840559,169005,90354,503550,77650,840559,746552360,-438831340,146271340,-453992360,0,1793655670,121500900,3269973780,27739050,5212869400,1047103310,560332240,3123702440,481731410,5212869400
2019-12-20,6069,6108,6002,6070,486560,0.3305785123966942,75391,19400,-42610,-52181,0,120042,19400,315593,17529,472564,44651,0,358203,69710,472564,468414260,120356000,-262545570,-326224690,0,748169660,120356000,1966331020,109151650,2944008330,279755400,0,2228876590,435376340,2944008330
2019-12-23,6079,6117,6069,6089,407052,0.3130148270181219,-44170,-4264,-16508,64942,0,75762,410,225371,93770,395313,119932,4674,241879,28828,395313,-276838350,-26812820,-103659800,407310970,0,474650730,2569900,1412927830,588110290,2478258750,751489080,29382720,1516587630,180799320,2478258750
2019-12-24,6117,6117,6020,6060,502009,-0.47626868122844473,-66652,22499,48667,-4514,0,113713,35379,331935,6521,487548,180365,12880,283268,11035,487548,-414999630,140153510,302947210,-28101090,0,709650350,220426510,2068218280,40751680,3039046820,1124649980,80273000,1765271070,68852770,3039046820
2019-12-26,6059,6078,6030,6060,896276,0.0,25624,23298,-67047,18125,0,187928,31250,621625,29654,870457,162304,7952,688672,11529,870457,160155570,144814280,-418247910,113278060,0,1171738870,194379310,3871785370,185104020,5423007570,1011583300,49565030,4290033280,71825960,5423007570
2019-12-27,6001,6087,5952,6050,916197,-0.16501650165016502,256736,-16945,-250790,10999,0,527316,3056,333678,25715,889765,270580,20001,584468,14716,889765,1603653200,-106324280,-1565612320,68283400,0,3291273860,18851960,2069946570,159513690,5539586080,1687620660,125176240,3635558890,91230290,5539586080
2019-12-30,6048,6048,5962,5982,486678,-1.1239669421487601,-47702,-24412,66601,5513,0,59191,0,404919,8542,472652,106893,24412,338318,3029,472652,-294597950,-150770960,411361260,34007650,0,365215140,0,2496784940,52692580,2914692660,659813090,150770960,2085423680,18684930,2914692660
2020-01-02,5971,5981,5875,5953,676859,-0.48478769642260117,-119290,30700,130,88460,0,205566,38000,318990,94818,657374,324856,7300,318860,6358,657374,-725384530,187629810,-2273500,540028220,0,1254351770,232013810,1944416080,578842860,4009624520,1979736300,44384000,1946689580,38814640,4009624520
2020-01-03,5924,5962,5895,5924,564199,-0.48714933646900727,-4478,-181,-71590,76249,0,62544,1500,321511,162423,547978,67022,1681,393101,86174,547978,-27321630,-1121290,-436227370,464670290,0,380862310,9116000,1957353290,989415890,3336747490,408183940,10237290,2393580660,524745600,3336747490
2020-01-06,5865,5913,5817,5885,1034967,-0.6583389601620527,-221808,43139,-89635,268304,0,115403,43149,489788,356863,1005203,337211,10,579423,88559,1005203,-1331727770,259807100,-547195690,1619116360,0,696043300,259867600,2952145860,2154033970,6062090730,2027771070,60500,3499341550,534917610,6062090730
2020-01-07,5884,5903,5787,5807,854182,-1.3254035683942227,-133148,31486,55837,45825,0,181171,34204,463014,151216,829605,314319,2718,407177,105391,829605,-796836820,188275960,334549170,274011690,0,1084977890,204608120,2776615590,907150880,4973352480,1881814710,16332160,2442066420,633139190,4973352480
2020-01-08,5807,5807,5681,5740,1167968,-1.1537799207852593,108246,-4884,-98144,-5218,0,249571,62927,710590,111309,1134397,141325,67811,808734,116527,1134397,642377670,-29394810,-583310830,-29672030,0,1473417830,370616770,4184711390,656392770,6685138760,831040160,400011580,4768022220,686064800,6685138760
2020-01-09,5758,5825,5748,5759,423025,0.3310104529616725,-11405,-36472,21299,26578,0,106041,1586,270585,32621,410833,117446,38058,249286,6043,410833,-66965350,-216533120,124857980,158640490,0,633564070,9444340,1613763490,194642500,2451414400,700529420,225977460,1488905510,36002010,2451414400
2020-01-10,5767,5796,5651,5681,733291,-1.3544018058690745,-102924,-94135,186834,10225,0,163746,6255,512167,29976,712144,266670,100390,325333,19751,712144,-604205440,-553252510,1098275510,59182440,0,959576970,36569980,3006400650,176278780,4178826380,1563782410,589822490,1908125140,117096340,4178826380
2020-01-13,5661,5680,5506,5545,1574641,-2.393944728040838,17899,13698,-10942,-20655,0,388727,98698,953789,88108,1529322,370828,85000,964731,108763,1529322,102699880,74674410,-57230900,-120143390,0,2228215660,563474410,5479599130,506395770,8777684970,2125515780,488800000,5536830030,626539160,8777684970
2020-01-14,5524,5524,5350,5438,2405994,-1.9296663660955817,-25347,16678,116605,-107936,0,804291,31833,1285023,215656,2336803,829638,15155,1168418,323592,2336803,-134004970,92751140,640930490,-599676660,0,4474462760,176877970,7149327720,1199922020,13000590470,4608467730,84126830,6508397230,1799598680,13000590470
2020-01-15,5408,5563,5398,5564,975493,2.3170283192350127,-13591,7451,34734,-28594,0,315623,8907,542215,80591,947336,329214,1456,507481,109185,947336,-77430490,42658570,203458840,-168686920,0,1789507950,50951210,3078901770,453707220,5373068150,1866938440,8292640,2875442930,622394140,5373068150
2020-01-16,5563,5611,5515,5564,487364,0.0,55187,-254,-24130,-30803,0,203072,6646,251672,11907,473297,147885,6900,275802,42710,473297,317511250,-1797680,-138703740,-177009830,0,1165744490,37897330,1442106140,68050790,2713798750,848233240,39695010,1580809880,245060620,2713798750
2020-01-17,5544,5582,5505,5574,591791,0.17972681524083392,-13351,183622,-59827,-110444,0,172427,184622,216222,1466,574737,185778,1000,276049,111910,574737,-77414510,1053192080,-343296900,-632480670,0,987332440,1058927080,1236707020,8402850,3291369390,1064746950,5735000,1580003920,640883520,3291369390
2020-01-20,5582,5592,5524,5535,418440,-0.6996770721205597,51809,-1678,-47108,-3023,0,133937,600,261010,10831,406378,82128,2278,308118,13854,406378,296505380,-9603160,-269335000,-17567220,0,768103280,3435000,1494764180,61886230,2328188690,471597900,13038160,1764099180,79453450,2328188690
2020-01-21,5525,5554,5516,5545,479176,0.18066847335140018,86867,3063,-23850,-66080,0,235417,3063,199644,27262,465386,148550,0,223494,93342,465386,495355600,17486660,-135550460,-377291800,0,1342814340,17486660,1139067350,155578610,2654946960,847458740,0,1274617810,532870410,2654946960
2020-01-22,5543,5562,5466,5496,390578,-0.8836789900811541,-21552,19566,17453,-15467,0,70810,19588,270969,17950,379317,92362,22,253516,33417,379317,-120794120,111128590,97554280,-87888750,0,401623400,111254270,1534233040,101960850,2149071560,522417520,125680,1436678760,189849600,2149071560
2020-01-23,5466,5485,5379,5380,1041883,-2.1106259097525473,-23409,-15437,27839,11007,0,273526,4946,578220,155123,1011815,296935,20383,550381,144116,1011815,-130965370,-86119790,155174600,61910560,0,1529222200,27516300,3232306080,866253920,5655298500,1660187570,113636090,3077131480,804343360,5655298500
2020-01-28,5300,5339,5194,5234,1452208,-2.7137546468401488,131440,31474,-97116,-65798,0,511012,42766,749824,106716,1410318,379572,11292,846940,172514,1410318,723104790,169397100,-536163490,-356338400,0,2768611610,231147040,4061413040,576797550,7637969240,2045506820,61749940,4597576530,933135950,7637969240
2020-01-29,5263,5428,5263,5410,486305,3.3626289644631253,48589,-6900,-73531,31842,0,179365,100,238900,53975,472340,130776,7000,312431,22133,472340,269933260,-38432000,-405863990,174362730,0,995939800,558000,1321206740,297592330,2615296870,726006540,38990000,1727070730,123229600,2615296870
2020-01-30,5283,5428,5273,5410,1494085,0.0,178805,-51424,-1585,-125796,0,1047345,20650,345295,37887,1451177,868540,72074,346880,163683,1451177,1003946100,-286553130,-17319040,-700073930,0,5794326670,113105500,1906426400,208357530,8022216100,4790380570,399658630,1923745440,908431460,8022216100
2020-01-31,5409,5467,5340,5467,856980,1.0536044362292052,131966,-36707,-204161,108902,0,384928,2518,253966,190890,832302,252962,39225,458127,81988,832302,740468130,-205139590,-1141607480,606278940,0,2146043890,14065840,1410208610,1063216450,4633534790,1405575760,219205430,2551816090,456937510,4633534790
2020-02-03,5438,5573,5350,5555,931238,1.6096579476861168,212825,-28775,-200979,16929,0,425978,23983,302471,152048,904480,213153,52758,503450,135119,904480,1207752060,-162423580,-1140804080,95475600,0,2418093980,136280300,1707998880,859612070,5121985230,1210341920,298703880,2848802960,764136470,5121985230
2020-02-04,5573,5573,5486,5545,460192,-0.18001800180018002,8625,-6404,34973,-37194,0,213063,137,231493,2255,446948,204438,6541,196520,39449,446948,49375160,-36241230,198224500,-211358430,0,1211670990,775420,1315601570,12870450,2540918430,1162295830,37016650,1117377070,224228880,2540918430
2020-02-05,5554,5612,5516,5545,345204,0.0,91432,-33700,-75995,18263,0,111756,300,199996,23217,335269,20324,34000,275991,4954,335269,525925290,-194202000,-436189700,104466410,0,642845920,1728000,1149252020,132930900,1926756840,116920630,195930000,1585441720,28464490,1926756840
2020-02-06,5544,5601,5534,5574,378562,0.5229936880072137,28516,-13808,19182,-33890,0,110894,6100,229159,21500,367653,82378,19908,209977,55390,367653,162648150,-79498920,110896650,-194045880,0,635334150,34773000,1313055470,123050100,2106212720,472686000,114271920,1202158820,317095980,2106212720
2020-02-07,5601,5601,5534,5574,361459,0.0,-26590,-4197,35441,-4654,0,191382,8100,141016,10545,351043,217972,12297,105575,15199,351043,-151964780,-24135780,202723610,-26623050,0,1096441130,46333000,808156600,60416720,2011347450,1248405910,70468780,605432990,87039770,2011347450
2020-02-10,5574,5594,5555,5594,204441,0.3588087549336204,35475,100,-32335,-3240,0,98217,100,97999,2253,198569,62742,0,130334,5493,198569,203871600,576000,-185869560,-18578040,0,563781550,576000,562667340,12942370,1139967260,359909950,0,748536900,31520410,1139967260
2020-02-11,5593,5612,5574,5584,443185,-0.1787629603146228,76376,-20878,-74054,18556,0,219772,6519,176530,27613,430434,143396,27397,250584,9057,430434,439032110,-120005920,-426180250,107154060,0,1263417880,37470060,1015317550,159168150,2475373640,824385770,157475980,1441497800,52014090,2475373640
2020-02-12,5572,5572,5505,5535,547854,-0.8775071633237822,-67867,14000,31682,22185,0,243264,17000,235186,36612,532062,311131,3000,203504,14427,532062,-387538620,79637900,181485780,126414940,0,1386372760,96770000,1340673810,208516100,3032332670,1773911380,17132100,1159188030,82101160,3032332670
2020-02-13,5544,5544,5496,5516,331451,-0.34327009936766034,-64479,9027,49572,5880,0,112420,9027,190557,9921,321925,176899,0,140985,4041,321925,-364994780,51097310,280472860,33424610,0,638411610,51097310,1081305290,56357250,1827171460,1003406390,0,800832430,22932640,1827171460
2020-02-14,5438,5466,5350,5448,1470171,-1.2327773749093547,-173274,24173,83487,65614,0,572001,69563,677395,109002,1427961,745275,45390,593908,43388,1427961,-961558120,136170070,458149240,367238810,0,3188806230,388424280,3773182780,609028650,7959441940,4150364350,252254210,3315033540,241789840,7959441940
2020-02-17,5378,5437,5321,5341,830301,-1.9640234948604993,-362320,-19414,379487,2247,0,130282,6216,642014,27821,806333,492602,25630,262527,25574,806333,-1999251100,-107749260,2094056700,12943660,0,718610890,34195240,3543660290,154625650,4451092070,2717861990,141944500,1449603590,141681990,4451092070
2020-02-18,5332,5340,5302,5332,458149,-0.16850777008050927,27574,19822,-27876,-19520,0,214890,20100,193980,16016,444986,187316,278,221856,35536,444986,151792400,108430120,-153227100,-106995420,0,1177096410,109948000,1062155430,87716700,2436916540,1025304010,1517880,1215382530,194712120,2436916540
2020-02-19,5322,5410,5322,5410,393267,1.4628657164291075,47610,-11138,-72782,36310,0,182916,696,152943,45419,381974,135306,11834,225725,9109,381974,264293330,-61499320,-402735830,199941820,0,1009615250,3829040,844970180,250319600,2108734070,745321920,65328360,1247706010,50377780,2108734070
2020-02-20,5388,5408,5340,5380,355072,-0.5545286506469501,95932,1273,-20230,-76975,0,214366,6863,122676,921,344826,118434,5590,142906,77896,344826,532029750,6821270,-112651520,-426199500,0,1187936560,37845770,679225530,5083660,1910091520,655906810,31024500,791877050,431283160,1910091520
2020-02-21,5379,5379,5322,5332,724376,-0.8921933085501859,-98219,659,113614,-16054,0,394742,659,300236,7925,703562,492961,0,186622,23979,703562,-540748950,3634690,625411430,-88297170,0,2172019650,3634690,1652834230,43629410,3872117980,2712768600,0,1027422800,131926580,3872117980
2020-02-24,5271,5291,5175,5195,1626186,-2.569392348087022,381034,-54437,12837,-339434,0,903274,22003,625086,28900,1579263,522240,76440,612249,368334,1579263,2052376520,-291620140,63294970,-1824051350,0,4858809020,117851370,3358764790,155353290,8490778470,2806432500,409471510,3295469820,1979404640,8490778470
2020-02-25,5186,5224,5156,5215,741603,0.384985563041386,-35586,-18091,39764,13913,0,260530,3128,297110,159510,720278,296116,21219,257346,145597,720278,-190296330,-96880610,211212030,75964910,0,1391845240,16655960,1585833840,853583860,3847918900,1582141570,113536570,1374621810,777618950,3847918900
2020-02-26,5146,5213,5136,5205,489883,-0.19175455417066153,102808,24650,-22977,-104481,0,233886,29528,176860,35498,475772,131078,4878,199837,139979,475772,546851180,131837020,-123875230,-554812970,0,1246965840,157676640,939638940,189100850,2533382270,700114660,25839620,1063514170,743913820,2533382270
2020-02-27,5204,5224,5127,5176,542804,-0.5571565802113353,196088,18959,-76041,-139006,0,285357,19165,197835,24834,527191,89269,206,273876,163840,527191,1046288070,101417350,-405652150,-742053270,0,1521680370,102519450,1053280290,132600350,2810080460,475392300,1102100,1458932440,874653620,2810080460
2020-02-28,5146,5146,4932,4943,1425069,-4.501545595054096,-69031,20982,357049,-309000,0,437473,21011,870275,55246,1384005,506504,29,513226,364246,1384005,-348121670,107576860,1834389680,-1593844870,0,2247551040,107730560,4477234360,284093440,7116609400,2595672710,153700,2642844680,1877938310,7116609400
2020-03-02,4913,5019,4903,5011,458418,1.375682783734574,-60051,4210,-31390,87231,0,139902,5680,209353,90259,445194,199953,1470,240743,3028,445194,-306014430,21469900,-161139410,445683940,0,715843110,28916200,1067254660,461200170,2273214140,1021857540,7446300,1228394070,15516230,2273214140
2020-03-03,5059,5097,5010,5069,367369,1.157453602075434,41424,-4800,-38697,2073,0,171519,200,121674,63419,356812,130095,5000,160371,61346,356812,216915460,-25104000,-203126520,11315060,0,895664010,1046000,633937850,330706160,1861354020,678748550,26150000,837064370,319391100,1861354020
2020-03-04,5038,5213,5019,5205,795291,2.6829749457486685,76419,2746,-260407,181242,0,361026,2746,201160,207451,772383,284607,0,461567,26209,772383,403069430,14534100,-1373669800,956066270,0,1908800220,14534100,1062592580,1093742480,4079669380,1505730790,0,2436262380,137676210,4079669380
2020-03-05,5233,5271,5185,5263,801280,1.1143131604226706,226426,-40245,-102663,-83518,0,451147,100,218126,108762,778135,224721,40345,320789,192280,778135,1223223340,-217323000,-554164680,-451735660,0,2436687140,542000,1177548960,586983270,4201761370,1213463800,217865000,1731713640,1038718930,4201761370
2020-03-06,5186,5243,5186,5215,334498,-0.9120273608208246,57226,-853,-118056,61683,0,139441,900,109920,74619,324880,82215,1753,227976,12936,324880,308432500,-4579620,-634902150,331049270,0,749723040,4833000,590407940,400599790,1745563770,441290540,9412620,1225310090,69550520,1745563770
2020-03-09,5136,5184,5097,5156,534014,-1.1313518696069031,64359,-702,-159180,95523,0,163803,1600,217669,135529,518601,99444,2302,376849,40006,518601,341001870,-3718740,-843067780,505784650,0,868833500,8496000,1154147320,717756690,2749233510,527831630,12214740,1997215100,211972040,2749233510
2020-03-10,5108,5243,5078,5225,437156,1.3382467028704423,54536,710,-15391,-39855,0,92358,900,198139,133210,424607,37822,190,213530,173065,424607,289546440,3775160,-81481160,-211840440,0,490461140,4797000,1048904420,706681510,2250844070,200914700,1021840,1130385580,918521950,2250844070
2020-03-11,5261,5261,5146,5205,424416,-0.3827751196172249,87219,1200,-56982,-31437,0,104640,1200,154338,152014,412192,17421,0,211320,183451,412192,465898390,6425000,-304021430,-168301960,0,558830430,6425000,826253830,813111720,2204620980,92932040,0,1130275260,981413680,2204620980
2020-03-12,5146,5204,4981,5011,798640,-3.727185398655139,152430,915,-73269,-80076,0,412008,4615,346031,12946,775600,259578,3700,419300,93022,775600,800580540,5367130,-384469340,-421478330,0,2149655970,24459130,1807303450,67245480,4048664030,1349075430,19092000,2191772790,488723810,4048664030
2020-03-13,4795,4834,4557,4714,1916942,-5.926960686489722,-26054,28180,694,-2820,0,534850,30180,1016983,279635,1861648,560904,2000,1016289,282455,1861648,-109984490,137952740,-10368450,-17599800,0,2605901465,147773390,4940344920,1357292470,9051312245,2715885955,9820650,4950713370,1374892270,9051312245
2020-03-16,4712,4922,4703,4709,972896,-0.10606703436571914,-55098,6810,173905,-125617,0,245609,6810,583397,108992,944808,300707,0,409492,234609,944808,-264203570,33373100,843087065,-612256595,0,1214195270,33373100,2882875005,540631310,4671074685,1478398840,0,2039787940,1152887905,4671074685
2020-03-17,4694,4854,4562,4855,708808,3.100445954555107,202147,17153,-140210,-79090,0,279793,18496,303572,86473,688334,77646,1343,443782,165563,688334,985536620,82401005,-681046700,-386890925,0,1364918150,88866205,1470355315,421510300,3345649970,379381530,6465200,2151402015,808401225,3345649970
2020-03-18,4854,4932,4821,4836,413644,-0.3913491246138002,146017,-9700,-106180,-30137,0,232690,700,136337,32008,401735,86673,10400,242517,62145,401735,733432790,-48508140,-533724990,-151199660,0,1169187855,3504200,683803690,160906655,2017402400,435755065,52012340,1217528680,312106315,2017402400
2020-03-19,4807,4826,4408,4545,1317220,-6.0173697270471465,318981,22314,-39720,-301575,0,519390,53714,680995,25245,1279344,200409,31400,720715,326820,1279344,1494189025,102997745,-189805945,-1407380825,0,2442605815,249525445,3201431810,118485130,6012048200,948416790,146527700,3391237755,1525865955,6012048200
2020-03-20,4709,4709,4452,4545,1013289,0.0,-267220,72238,276988,-82006,0,278824,74472,590746,40111,984153,546044,2234,313758,122117,984153,-1233384705,332651735,1277584885,-376851915,0,1288080720,343078855,2732576980,186816865,4550553420,2521465425,10427120,1454992095,563668780,4550553420
2020-03-23,4358,4455,4305,4345,973340,-4.400440044004401,95022,63297,-158954,635,0,459936,63297,373156,48888,945277,364914,0,532110,48253,945277,426785870,282897475,-711668450,1985105,0,2059332415,282897475,1668269305,218467860,4228967055,1632546545,0,2379937755,216482755,4228967055
2020-03-24,4369,4398,4335,4389,677538,1.0126582278481013,48313,50253,-103986,5420,0,347672,51853,242674,15831,658030,299359,1600,346660,10411,658030,217099515,227007385,-468611550,24504650,0,1567784005,234236885,1094217480,71486535,2967724905,1350684490,7229500,1562829030,46981885,2967724905
2020-03-25,4496,4583,4472,4550,699493,3.6682615629984054,-27659,-5383,-10228,43270,0,209372,100,401761,68167,679400,237031,5483,411989,24897,679400,-125641305,-25301600,-51030240,201973145,0,978243220,468500,1873891585,318140695,3170744000,1103884525,25770100,1924921825,116167550,3170744000
2020-03-26,4573,4747,4519,4681,685750,2.879120879120879,-3633,-2200,-19510,25343,0,243349,300,348352,73982,665983,246982,2500,367862,48639,665983,-15402190,-10625300,-94298300,120325790,0,1174372380,1449700,1673188270,355330520,3204340870,1189774570,12075000,1767486570,235004730,3204340870
2020-03-27,4748,4806,4680,4768,584465,1.858577227088229,85477,5430,-177234,86327,0,172170,5700,280849,108940,567659,86693,270,458083,22613,567659,416144740,26755800,-864165835,421265295,0,840150105,28064500,1371224155,531622095,2771060855,424005365,1308700,2235389990,110356800,2771060855
2020-03-30,4700,4850,4563,4846,485257,1.6359060402684564,90756,58651,-238297,88890,0,181190,58651,111665,119806,471312,90434,0,349962,30916,471312,445552370,287813235,-1170614245,437248640,0,893349370,287813235,547463910,589136075,2317762590,447797000,0,1718078155,151887435,2317762590
2020-03-31,4855,4971,4851,4924,384651,1.609574907139909,-99604,0,13986,85618,0,76480,0,206673,90451,373604,176084,0,192687,4833,373604,-504061000,0,71021090,433039910,0,386577250,0,1045213740,457435910,1889226900,890638250,0,974192650,24396000,1889226900
2020-04-01,4922,4922,4845,4855,408037,-1.4012997562956946,-34172,22490,-59294,70976,0,100840,22490,139338,133583,396251,135012,0,198632,62607,396251,-172099880,112874500,-299234940,358460320,0,509134140,112874500,699804665,673499115,1995312420,681234020,0,999039605,315038795,1995312420
2020-04-02,4834,4849,4757,4831,243123,-0.4943357363542739,-32734,9427,21829,1478,0,56192,9427,124281,46218,236118,88926,0,102452,44740,236118,-162686745,46677920,108446490,7562335,0,278486310,46677920,616312360,229229490,1170706080,441173055,0,507865870,221667155,1170706080
2020-04-03,4884,4884,4777,4807,224342,-0.49679155454357277,-76622,1195,67943,7484,0,32299,1195,169571,14829,217894,108921,0,101628,7345,217894,-379472915,5910800,336557650,37004465,0,159960240,5910800,840046455,73403130,1079320625,539433155,0,503488805,36398665,1079320625
2020-04-06,4747,4839,4747,4816,312990,0.18722696068233824,-46514,-4700,21329,29885,0,50073,300,216772,36802,303947,96587,5000,195443,6917,303947,-230479725,-23236000,105294845,148420880,0,248559730,1489000,1074723185,182641850,1507413765,479039455,24725000,969428340,34220970,1507413765
2020-04-07,4864,4874,4768,4797,656783,-0.3945182724252492,-326230,2390,228571,95269,0,73221,2400,446351,115897,637869,399451,10,217780,20628,637869,-1616226855,11877350,1132435115,471914390,0,362077225,11927000,2211620360,574344395,3159968980,1978304080,49650,1079185245,102430005,3159968980
2020-04-08,4806,4806,4748,4773,354514,-0.5003126954346466,-136329,430,113797,22102,0,32170,430,287405,24325,344330,168499,0,173608,2223,344330,-668283965,2110850,557689310,108483805,0,157828170,2110850,1410145225,119406530,1689490775,826112135,0,852455915,10922725,1689490775
2020-04-09,4806,4815,4767,4816,363478,0.9009009009009009,-16940,300,-84706,101346,0,120881,300,126901,104894,352976,137821,0,211607,3548,352976,-83705555,1486500,-419100605,501319660,0,597548360,1486500,627307235,518862350,1745204445,681253915,0,1046407840,17542690,1745204445
2020-04-10,4820,4912,4806,4904,643135,1.8272425249169437,62454,300,-60465,-2289,0,200360,300,389710,34227,624597,137906,0,450175,36516,624597,309475175,1515000,-298791980,-12198195,0,1002388170,1515000,1954404210,171032360,3129339740,692912995,0,2253196190,183230555,3129339740
2020-04-13,4885,4893,4821,4885,305059,-0.3874388254486134,167577,-700,-136586,-30291,0,184829,300,106752,4415,296296,17252,1000,243338,34706,296296,840094235,-3498000,-684641320,-151954915,0,926576505,1512000,534059065,22063120,1484210690,86482270,5010000,1218700385,174018035,1484210690
2020-04-14,4884,4903,4846,4851,395171,-0.6960081883316274,71758,985,-27577,-45166,0,165314,985,205891,11635,383825,93556,0,233468,56801,383825,360884430,4947700,-139579455,-226252675,0,830991450,4947700,1032782320,58432370,1927153840,470107020,0,1172361775,284685045,1927153840
2020-04-16,4845,4912,4825,4855,384147,0.08245722531436817,31367,-4864,-51170,24667,0,192160,1728,128232,50932,373052,160793,6592,179402,26265,373052,159769200,-24609040,-258363830,123203670,0,968021530,8680560,644090930,255247330,1876040350,808252330,33289600,902454760,132043660,1876040350
2020-04-17,4864,5048,4854,5040,762422,3.810504634397528,-92104,-2621,-176753,271478,0,124470,600,317991,297335,740396,216574,3221,494744,25857,740396,-469881090,-13361680,-903213460,1386456230,0,636424260,3111000,1626673030,1518779480,3784987770,1106305350,16472680,2529886490,132323250,3784987770
2020-04-20,5031,5078,4963,5060,521947,0.3968253968253968,69169,-19501,-12476,-37192,0,198521,1600,261845,44955,506921,129352,21101,274321,82147,506921,359944210,-101738620,-65842890,-192362700,0,1033324580,8336000,1359128690,233895470,2634684740,673380370,110074620,1424971580,426258170,2634684740
2020-04-21,5049,5059,4924,5031,457692,-0.5731225296442688,71201,-36718,-43035,8552,0,170773,300,189135,84327,444535,99572,37018,232170,75775,444535,366263440,-188571420,-221144290,43452270,0,879125780,1554000,971833010,433163080,2285675870,512862340,190125420,1192977300,389710810,2285675870
2020-04-22,5010,5215,4923,5215,1399486,3.657324587557146,322221,-67811,-325664,71254,0,920565,1867,308604,128205,1359241,598344,69678,634268,56951,1359241,1715507070,-360604610,-1730080590,375178130,0,4885015810,10015790,1631279080,677216850,7203527530,3169508740,370620400,3361359670,302038720,7203527530
2020-04-23,5261,5310,5146,5205,798812,-0.19175455417066153,-3389,-20958,17492,6855,0,190155,11130,467622,106896,775803,193544,32088,450130,100041,775803,-12120830,-114236620,91432270,34925180,0,1025107690,59263300,2522666970,574353160,4181391120,1037228520,173499920,2431234700,539427980,4181391120
2020-04-24,5164,5174,4999,5088,640962,-2.2478386167146973,-257792,13384,173907,70501,0,124354,17220,371049,109860,622483,382146,3836,197142,39359,622483,-1346172350,69486800,910072090,366613460,0,648245610,89756000,1939017490,573123280,3250142380,1994417960,20269200,1028945400,206509820,3250142380
2020-04-27,5096,5106,4980,5088,321024,0.0,-63459,17400,30083,15976,0,73184,17400,201649,19536,311769,136643,0,171566,3560,311769,-330419390,90810700,156181570,83427120,0,381203800,90810700,1048257020,101910910,1622182430,711623190,0,892075450,18483790,1622182430
2020-04-28,5108,5262,5098,5215,1066858,2.4960691823899372,-116410,-37562,138467,15505,0,129320,3994,862104,40760,1036178,245730,41556,723637,25255,1036178,-624421230,-200491140,742985600,81926770,0,686692710,21140780,4609554640,216694380,5534082510,1311113940,221631920,3866569040,134767610,5534082510
2020-04-29,5224,5224,5078,5147,568568,-1.3039309683604985,-88398,-6088,32827,61659,0,114211,3162,334726,100138,552237,202609,9250,301899,38479,552237,-466258050,-32322740,171466050,327114740,0,604855470,16740220,1771417740,531339690,2924353120,1071113520,49062960,1599951690,204224950,2924353120
2020-05-04,5077,5165,4952,4972,981493,-3.400038857586944,-630722,40510,518381,71831,0,147133,46735,662924,96378,953170,777855,6225,144543,24547,953170,-3262473020,208928850,2684872960,368671210,0,758652330,241933850,3432128420,495725570,4928440170,4021125350,33005000,747255460,127054360,4928440170
2020-05-06,5020,5098,4981,5098,250885,2.5341914722445695,-29306,-16867,15267,30906,0,29422,300,164872,49071,243665,58728,17167,149605,18165,243665,-153115260,-87983730,79408150,161690840,0,153593460,1569000,857952210,256046940,1269161610,306708720,89552730,778544060,94356100,1269161610
2020-05-07,5107,5107,4991,5011,386112,-1.7065515888583758,-107825,1150,85485,21190,0,67210,1150,255306,51308,374974,175035,0,169821,30118,374974,-556750430,5971000,441208140,109571290,0,347519930,5971000,1319682440,265495340,1938668710,904270360,0,878474300,155924050,1938668710
2020-05-08,5058,5068,5010,5040,284795,0.578726801037717,-97266,401,45723,51142,0,80161,601,143481,52325,276568,177427,200,97758,1183,276568,-503272350,2087180,235995210,265189960,0,415688560,3125180,744159010,271348480,1434321230,918960910,1038000,508163800,6158520,1434321230
2020-05-11,5059,5155,5039,5098,393925,1.150793650793651,-62761,10236,-36964,89489,0,32946,10236,241055,98351,382588,95707,0,278019,8862,382588,-330364250,53437920,-193180720,470107050,0,173204160,53437920,1268139460,516749230,2011530770,503568410,0,1461320180,46642180,2011530770
2020-05-12,5137,5147,5011,5031,366817,-1.3142408787759905,-94311,401,91098,2812,0,78986,2901,216657,57729,356273,173297,2500,125559,54917,356273,-487553530,2249020,471703170,13601340,0,409273080,15158180,1123921190,298866860,1847219310,896826610,12909160,652218020,285265520,1847219310
2020-05-13,5010,5108,5000,5108,391110,1.5305108328364143,-47875,698,-155289,202466,0,29413,700,137235,212526,379874,77288,2,292524,10060,379874,-250470280,3628500,-811071220,1057913000,0,153475740,3639000,716591500,1110469940,1984176180,403946020,10500,1527662720,52556940,1984176180
2020-05-14,5108,5108,4982,5021,428056,-1.7032106499608457,-50780,-5000,44582,11198,0,34422,0,325457,55851,415730,85202,5000,280875,44653,415730,-262798660,-25904800,230839560,57863900,0,177957780,0,1683827800,289778080,2151563660,440756440,25904800,1452988240,231914180,2151563660
2020-05-15,5068,5096,5009,5078,306391,1.1352320254929298,-107242,30558,-32309,108993,0,7496,30828,144774,114445,297543,114738,270,177083,5452,297543,-556841950,159321160,-169293600,566814390,0,38957750,160720860,752618720,595189400,1547486730,595799700,1399700,921912320,28375010,1547486730
2020-05-18,5078,5098,5020,5098,264626,0.3938558487593541,-62130,3299,-37480,96311,0,21377,3300,116490,115843,257010,83507,1,153970,19532,257010,-324916540,17185640,-196381110,504112010,0,111986420,17190860,608902710,606001860,1344081850,436902960,5220,805283820,101889850,1344081850
2020-05-19,5127,5244,5117,5244,852759,2.8638681836014124,-131148,-8200,-93688,233036,0,66213,6800,517665,237524,828202,197361,15000,611353,4488,828202,-702878290,-44277000,-501387680,1248542970,0,355502260,36123000,2773105140,1272671130,4437401530,1058380550,80400000,3274492820,24128160,4437401530
2020-05-20,5244,5244,5069,5244,382834,0.0,-19942,4435,-38684,54191,0,24037,4435,246541,96797,371810,43979,0,285225,42606,371810,-106861780,23592960,-208879710,292148530,0,129406060,23592960,1322794790,520446330,1996240140,236267840,0,1531674500,228297800,1996240140
2020-05-21,5283,5438,5283,5410,992726,3.1655225019069415,-145305,-12610,-17900,175815,0,86755,1390,678183,197889,964217,232060,14000,696083,22074,964217,-804484980,-69389700,-101007640,974882320,0,481724140,7650300,3749839670,1096938940,5336153050,1286209120,77040000,3850847310,122056620,5336153050
2020-05-22,5457,5516,5341,5400,1528030,-0.18484288354898337,-334022,-10940,234245,110717,0,230066,8347,1024579,221084,1484076,564088,19287,790334,110367,1484076,-1880884750,-61821050,1320438410,622267390,0,1291828710,46232700,5757313870,1241274070,8336649350,3172713460,108053750,4436875460,619006680,8336649350
2020-05-25,5448,5485,5418,5477,708537,1.425925925925926,-172157,15736,64597,91824,0,96245,21643,393833,176446,688167,268402,5907,329236,84622,688167,-969233170,88749180,363393390,517090600,0,541148900,121946520,2213097470,992287740,3868480630,1510382070,33197340,1849704080,475197140,3868480630
2020-05-26,5477,5583,5467,5506,997323,0.5294869454080701,-274076,-3650,74469,203257,0,72803,1350,598159,296300,968612,346879,5000,523690,93043,968612,-1552886690,-20919500,417946360,1155859830,0,412934900,7680500,3397024240,1682332940,5499972580,1965821590,28600000,2979077880,526473110,5499972580
2020-05-27,5506,5602,5457,5594,723856,1.5982564475118053,37305,-3583,-100533,66811,0,196537,1843,380243,124439,703062,159232,5426,480776,57628,703062,214587930,-20305700,-576750430,382468200,0,1128045810,10472290,2179087370,713217440,4030822910,913457880,30777990,2755837800,330749240,4030822910
2020-05-28,5631,5631,5544,5613,808974,0.3396496245977833,38316,-1402,-125703,88789,0,160532,80,454786,170270,785668,122216,1482,580489,81481,785668,219806600,-8024460,-722783080,511000940,0,925123740,460800,2623282620,980643910,4529511070,705317140,8485260,3346065700,469642970,4529511070
2020-05-29,5603,5730,5555,5730,2292389,2.084446819882416,-256953,-315,-471056,728324,0,127540,7099,354854,1736903,2226396,384493,7414,825910,1008579,2226396,-1508354110,-2201590,-2754239220,4264794920,0,736082430,40960790,2054873860,10202952340,13034869420,2244436540,43162380,4809113080,5938157420,13034869420
2020-06-01,5738,5757,5651,5681,720812,-0.8551483420593368,-63268,29355,19811,14102,0,135262,29981,450317,84464,700024,198530,626,430506,70362,700024,-369994690,171885930,116119650,81989110,0,792510640,175560590,2638620590,494882430,4101574250,1162505330,3674660,2522500940,412893320,4101574250
2020-06-02,5700,5718,5641,5710,621630,0.5104735081851787,-232208,4639,97480,130089,0,42471,10198,408242,142770,603681,274679,5559,310762,12681,603681,-1351823950,26925570,564172980,760725400,0,248188680,59397360,2382680930,834891400,3525158370,1600012630,32471790,1818507950,74166000,3525158370
2020-06-03,5729,5757,5700,5749,956490,0.6830122591943958,-73700,-3295,-16124,93119,0,152834,15600,617512,142932,928878,226534,18895,633636,49813,928878,-435325520,-19848220,-94449500,549623240,0,902014650,91862000,3644928200,843546870,5482351720,1337340170,111710220,3739377700,293923630,5482351720
2020-06-04,5747,5757,5651,5652,779861,-1.6872499565141763,-75978,-64658,132240,8396,0,125198,22000,553676,56525,757399,201176,86658,421436,48129,757399,-445258690,-378595880,773830200,50024370,0,733631170,128725000,3246062960,331938590,4440357720,1178889860,507320880,2472232760,281914220,4440357720
2020-06-05,5641,5690,5594,5633,648913,-0.3361641896673744,-227702,11079,191871,24752,0,33955,15079,502983,78259,630276,261657,4000,311112,53507,630276,-1321981050,64207040,1114081440,143692570,0,197046310,87567040,2920849110,454509550,3659972010,1519027360,23360000,1806767670,310816980,3659972010
2020-06-08,5633,5680,5603,5633,478141,0.0,-113234,-23721,-2559,139514,0,27947,6000,249197,181265,464409,141181,29721,251756,41751,464409,-656169530,-137187440,-14786970,808143940,0,161776680,34800000,1444918810,1049898280,2691393770,817946210,171987440,1459705780,241754340,2691393770
2020-06-09,5632,5671,5545,5584,781765,-0.869873957038878,-238170,-20175,74766,183579,0,102300,18000,441037,197935,759272,340470,38175,366271,14356,759272,-1370592810,-118654870,429675860,1059571820,0,590361990,102960000,2541854710,1142391740,4377568440,1960954800,221614870,2112178850,82819920,4377568440
2020-06-10,5583,5593,5496,5506,588757,-1.3968481375358166,-155386,-40964,171654,24696,0,70786,22,452515,48485,571808,226172,40986,280861,23789,571808,-882942440,-233154360,975389800,140707000,0,402971780,125460,2574126510,276234030,3253457780,1285914220,233279820,1598736710,135527030,3253457780
2020-06-11,5505,5572,5495,5525,463700,0.34507809662186706,-113009,-11016,78972,45053,0,60967,100,323634,65611,450312,173976,11116,244662,20558,450312,-643570230,-62769880,449734890,256605220,0,347181020,570000,1841946990,373767950,2563465960,990751250,63339880,1392212100,117162730,2563465960
2020-06-12,5379,5524,5340,5516,690879,-0.16289592760180996,51762,160,-133159,81237,0,150715,160,380163,139984,671022,98953,0,513322,58747,671022,289733700,886400,-746666950,456046850,0,844429120,886400,2122142260,783439500,3750897280,554695420,0,2868809210,327392650,3750897280
2020-06-15,5545,5545,5371,5371,689130,-2.6287164612037706,-112882,2100,-61302,172084,0,79681,15100,322448,252105,669334,192563,13000,383750,80021,669334,-639159260,12643000,-343834950,970351210,0,447250860,84923000,1808259670,1421015050,3761448580,1086410120,72280000,2152094620,450663840,3761448580
2020-06-16,5476,5514,5437,5486,651320,2.141128281511823,-292081,1970,-40477,330588,0,7650,2000,266567,356293,632510,299731,30,307044,25705,632510,-1643597260,11129600,-229446240,1861913900,0,42976020,11300000,1498697080,2006509420,3559482520,1686573280,170400,1728143320,144595520,3559482520
2020-06-17,5525,5622,5486,5555,656617,1.2577469923441487,-105306,-13073,-70062,188441,0,50059,2000,282131,303559,637749,155365,15073,352193,115118,637749,-600868290,-74837140,-400758070,1076463500,0,285763870,11380000,1612873150,1734348180,3644365200,886632160,86217140,2013631220,657884680,3644365200
2020-06-18,5583,5651,5544,5652,605332,1.7461746174617463,-125847,-15000,-160699,301546,0,22577,0,231551,333770,587898,148424,15000,392250,32224,587898,-726446670,-87300000,-930224950,1743971620,0,130820510,0,1338436110,1929989780,3399246400,857267180,87300000,2268661060,186018160,3399246400
2020-06-19,5670,5708,5612,5642,2693759,-0.17692852087756544,-186490,1000,-108717,294207,0,53068,3000,377804,2182177,2616049,239558,2000,486521,1887970,2616049,-1088068650,5830000,-635246660,1717485310,0,309082470,17550000,2200736260,12690606550,15217975280,1397151120,11720000,2835982920,10973121240,15217975280
2020-06-22,5651,5651,5506,5516,537489,-2.2332506203473943,-73621,1805,131895,-60079,0,109915,1805,404465,5856,522041,183536,0,272570,65935,522041,-420806220,10275580,754057180,-343526540,0,627276690,10275580,2312069800,33549640,2983171710,1048082910,0,1558012620,377076180,2983171710
2020-06-23,5524,5554,5389,5438,475986,-1.4140681653372007,-44245,13913,50148,-19816,0,101258,15913,322022,23105,462298,145503,2000,271874,42921,462298,-246715320,79110840,279098880,-111494400,0,566590620,90270840,1801497260,128961660,2587320380,813305940,11160000,1522398380,240456060,2587320380
2020-06-24,5418,5467,5409,5467,254999,0.5332842956969475,21691,300,16080,-38071,0,75969,300,171362,26,247657,54278,0,155282,38097,247657,121370940,1683000,90195820,-213249760,0,425430320,1683000,960529830,145700,1387788850,304059380,0,870334010,213395460,1387788850
2020-06-25,5408,5475,5398,5428,297563,-0.7133711359063472,-26396,-1684,10340,17740,0,75911,316,172793,39973,288993,102307,2000,162453,22233,288993,-148649160,-9367880,58256320,99760720,0,425394780,1772120,969283710,224465240,1620915850,574043940,11140000,911027390,124704520,1620915850
2020-06-26,5467,5534,5438,5506,487196,1.4369933677229183,-5705,-10728,25512,-9079,0,33803,0,413993,25376,473172,39508,10728,388481,34455,473172,-32821190,-60666420,143821660,-50334050,0,190757980,0,2339600560,143677040,2674035580,223579170,60666420,2195778900,194011090,2674035580
2020-06-29,5351,5389,5302,5371,364482,-2.451870686523792,78805,505,-96308,16998,0,93094,650,203662,56607,354013,14289,145,299970,39609,354013,435186810,2787550,-530847740,92873380,0,514105480,3586500,1124813080,311719590,1954224650,78918670,798950,1655660820,218846210,1954224650
2020-06-30,5369,5427,5340,5351,296250,-0.3723701359150996,61650,3855,-55685,-9820,0,88972,6000,120129,72612,287713,27322,2145,175814,82432,287713,341454270,21219600,-307818140,-54855730,0,492242350,33060000,663915910,400986640,1590204900,150788080,11840400,971734050,455842370,1590204900
2020-07-01,5359,5378,5340,5341,212170,-0.186880956830499,19739,20907,-60848,20202,0,45544,20907,103831,35764,206046,25805,0,164679,15562,206046,108769600,115397570,-335526510,111359340,0,250985010,115397570,572016270,197034800,1135433650,142215410,0,907542780,85675460,1135433650
2020-07-02,5331,5369,5311,5351,275253,0.1872308556450103,-9171,-38531,-51594,99296,0,48035,0,115111,104175,267321,57206,38531,166705,4879,267321,-50473870,-211709500,-283653730,545837100,0,264009260,0,632011850,572632310,1468653420,314483130,211709500,915665580,26795210,1468653420
2020-07-03,5370,5370,5322,5322,418774,-0.541954774808447,-50212,-18227,-28641,97080,0,35584,0,167596,203542,406722,85796,18227,196237,106462,406722,-275617930,-100248500,-157478910,533345340,0,195477430,0,920398990,1118134860,2234011280,471095360,100248500,1077877900,584789520,2234011280
2020-07-06,5320,5339,5204,5234,549799,-1.6535137166478766,-111546,-30523,155886,-13817,0,94387,20000,409633,9921,533941,205933,50523,253747,23738,533941,-601224780,-164516100,840244200,-74503320,0,510120060,108400000,2214237470,54116790,2886874320,1111344840,272916100,1373993270,128620110,2886874320
2020-07-07,5253,5253,5147,5147,426566,-1.6622086358425678,4270,-17302,-28790,41822,0,120870,1010,236574,55860,414314,116600,18312,265364,14038,414314,23972730,-92096340,-155694580,223818190,0,645275920,5403500,1263469540,298711900,2212860860,621303190,97499840,1419164120,74893710,2212860860
2020-07-08,5175,5185,5030,5040,541179,-2.0788809014960172,-157642,-48223,202180,3685,0,123535,9330,382481,10199,525545,281177,57553,180301,6514,525545,-821766640,-254234360,1057273060,18727940,0,648765060,49068100,2003908210,53093550,2754834920,1470531700,303302460,946635150,34365610,2754834920
2020-07-09,5020,5097,5010,5069,440161,0.5753968253968255,38344,-86908,21271,27293,0,149734,100,236633,41044,427511,111390,87008,215362,13751,427511,199964810,-452504230,111007570,141531850,0,780780950,518000,1231788440,213377670,2226465060,580816140,453022230,1120780870,71845820,2226465060
2020-07-10,5049,5136,5030,5098,222998,0.5721049516669955,-6181,-11200,2315,15066,0,52654,200,138924,24802,216580,58835,11400,136609,9736,216580,-30844030,-58141000,10784210,78200820,0,276018400,1039000,725059000,128972220,1131088620,306862430,59180000,714274790,50771400,1131088620
2020-07-13,5126,5146,5069,5069,117468,-0.5688505296194586,2958,50,9671,-12679,0,18025,50,95435,582,114092,15067,0,85764,13261,114092,15624590,261500,50677470,-66563560,0,94586840,261500,500046530,3055380,597950250,78962250,0,449369060,69618940,597950250
2020-07-14,5078,5098,5031,5060,165318,-0.17754981258630895,22584,-1950,-4995,-15639,0,37371,50,122603,535,160559,14787,2000,127598,16174,160559,117445010,-10150500,-25907120,-81387390,0,194372410,259500,637479410,2782000,834893320,76927400,10410000,663386530,84169390,834893320
2020-07-15,5088,5108,5001,5021,418961,-0.7707509881422925,-47511,-6978,82714,-28225,0,95056,300,302253,9288,406897,142567,7278,219539,37513,406897,-246153350,-36110040,428456930,-146193540,0,491468750,1550000,1564949560,48323260,2106291570,737622100,37660040,1136492630,194516800,2106291570
2020-07-16,5031,5049,4992,5031,324504,0.19916351324437365,-140247,-1612,44153,97706,0,32655,2388,168926,111207,315176,172902,4000,124773,13501,315176,-723815260,-8405800,227362120,504858940,0,168856890,12304200,871701320,574617290,1627479700,892672150,20710000,644339200,69758350,1627479700
2020-07-17,5029,5077,4999,5078,394878,0.934207910952097,-160246,-89,76547,83788,0,35143,211,221812,126308,383474,195389,300,145265,42520,383474,-830649340,-472920,393903980,437218280,0,182678360,1093080,1150351470,657974370,1992097280,1013327700,1566000,756447490,220756090,1992097280
2020-07-20,5087,5097,5020,5050,227884,-0.5513981882630957,-86379,1103,98909,-13633,0,18846,1103,194246,7118,221313,105225,0,95337,20751,221313,-447617710,5704720,512495780,-70582790,0,97759440,5704720,1008802220,36946170,1149212550,545377150,0,496306440,107528960,1149212550
2020-07-21,5039,5078,5021,5021,405797,-0.5742574257425742,-12623,200,102455,-90032,0,26998,200,281326,85587,394111,39621,0,178871,175619,394111,-65672430,1036000,529900070,-465263640,0,140088180,1036000,1460444490,444434400,2046003070,205760610,0,930544420,909698040,2046003070
2020-07-22,5039,5049,5001,5021,369678,0.0,94807,1301,74986,-171094,0,135297,1301,196453,25982,359033,40490,0,121467,197076,359033,490765200,6706180,388078300,-885549680,0,700479890,6706180,1016793550,134612620,1858592240,209714690,0,628715250,1020162300,1858592240
2020-07-23,5038,5038,4962,5001,528747,-0.3983270264887473,37535,9899,-49249,1815,0,234727,10401,251565,16774,513467,197192,502,300814,14959,513467,193097400,51085930,-253587780,9404450,0,1207637230,53661190,1294384510,86490310,2642173240,1014539830,2575260,1547972290,77085860,2642173240
2020-07-24,4999,4999,4962,4982,273013,-0.3799240151969606,46201,-958,-43573,-1670,0,108298,200,148713,7938,265149,62097,1158,192286,9608,265149,237459450,-4938120,-223980600,-8540730,0,555852680,1024000,762584640,40807000,1360268320,318393230,5962120,986565240,49347730,1360268320
2020-07-27,4990,4999,4903,4982,392435,0.0,65620,10082,-177128,101426,0,113242,11000,138142,118747,381131,47622,918,315270,17321,381131,335180000,51779840,-907216150,520256310,0,579519860,56480000,706055500,608734360,1950789720,244339860,4700160,1613271650,88478050,1950789720
2020-07-28,4981,5020,4904,4953,342426,-0.5820955439582497,-12666,400,12454,-188,0,128091,400,199319,4767,332577,140757,0,186865,4955,332577,-64277960,2045000,63232990,-1000030,0,655262600,2045000,1017494790,24358470,1699160860,719540560,0,954261800,25358500,1699160860
2020-07-29,4924,5069,4924,5021,323607,1.372905309913184,42347,-7699,-106741,72093,0,127048,301,100474,86466,314289,84701,8000,207215,14373,314289,219526510,-39324930,-552807750,372606170,0,658865680,1565070,519655770,447350980,1627437500,439339170,40890000,1072463520,74744810,1627437500
2020-07-30,5039,5049,4992,5021,172499,0.0,-5661,5000,44394,-43733,0,65374,5000,97092,67,167533,71035,0,52698,43800,167533,-28886700,25750000,229071740,-225935040,0,337601830,25750000,501415490,345890,865113210,366488530,0,272343750,226280930,865113210
2020-07-31,5021,5059,5001,5031,146581,0.19916351324437365,31273,100,-34230,2857,0,84891,100,46918,10459,142368,53618,0,81148,7602,142368,161804330,519000,-177179020,14855690,0,438931490,519000,242558370,54181720,736190580,277127160,0,419737390,39326030,736190580
2020-08-03,5020,5049,4992,4992,248246,-0.7751937984496124,75479,1071,1439,-77989,0,104715,1071,128453,6870,241109,29236,0,127014,84859,241109,389596850,5515650,6822010,-401934510,0,540434140,5515650,662718190,35649300,1244317280,150837290,0,655896180,437583810,1244317280
2020-08-04,4992,5049,4992,5021,326491,0.5809294871794872,85556,-1837,13027,-96746,0,180170,1163,132043,3714,317090,94614,3000,119016,100460,317090,442106270,-9488620,66699280,-499316930,0,929729100,5991380,681185970,19165200,1636071650,487622830,15480000,614486690,518482130,1636071650
2020-08-05,5030,5030,4943,4953,526713,-1.3543118900617408,-7512,-69030,140721,-64179,0,88160,970,375750,46683,511563,95672,70000,235029,110862,511563,-37434660,-352308090,718454510,-328711760,0,451457740,4995500,1921078960,238082360,2615614560,488892400,357303590,1202624450,566794120,2615614560
2020-08-06,4962,5000,4943,4953,243474,0.0,-65194,19220,32770,13204,0,20007,19220,181875,15370,236472,85201,0,149105,2166,236472,-333250410,98402400,167241080,67606930,0,102308130,98402400,929626280,78735590,1209072400,435558540,0,762385200,11128660,1209072400
2020-08-07,4991,5000,4933,4953,400267,0.0,-48672,-10411,59578,-495,0,26756,18589,331164,12245,388754,75428,29000,271586,12740,388754,-247722120,-53247600,303068370,-2098650,0,136412020,94806770,1688532300,62675890,1982426980,384134140,148054370,1385463930,64774540,1982426980
2020-08-10,4943,4981,4924,4953,228357,0.0,-28166,6592,14407,7167,0,32830,12592,161461,14907,221790,60996,6000,147054,7740,221790,-143465340,33717240,73143590,36604510,0,167643430,64317240,823139150,76023700,1131123520,311108770,30600000,749995560,39419190,1131123520
2020-08-11,4952,4980,4942,4972,377369,0.38360589541691903,-28893,-28100,35287,21706,0,11348,1900,317301,35930,366479,40241,30000,282014,14224,366479,-147730670,-143287000,179940020,111077650,0,57940240,9713000,1620130550,183698210,1871482000,205670910,153000000,1440190530,72620560,1871482000
2020-08-12,4970,5135,4951,5088,619690,2.333065164923572,58628,-69431,-38501,49304,0,130903,4090,388872,77959,601824,72275,73521,427373,28655,601824,305236940,-354310670,-207739210,256812940,0,683181620,21304520,2022263760,406785600,3133535500,377944680,375615190,2230002970,149972660,3133535500
2020-08-13,5087,5106,5038,5088,281853,0.0,-3927,-10911,49013,-34175,0,48626,10861,191742,22499,273728,52553,21772,142729,56674,273728,-19616070,-56614220,254184690,-177954400,0,253990950,56635450,998885850,117413760,1426926010,273607020,113249670,744701160,295368160,1426926010
2020-08-14,5087,5107,5030,5040,277307,-0.9433962264150944,-30075,2,-22846,52919,0,36610,2,168315,64370,269297,66685,0,191161,11451,269297,-154844400,10370,-119836730,274670760,0,191556340,10370,875210090,334275130,1401051930,346400740,0,995046820,59604370,1401051930
2020-08-18,5058,5058,4962,4982,355673,-1.150793650793651,-29472,1017,8108,20347,0,107563,1017,194129,42719,345428,137035,0,186021,22372,345428,-150213240,5277730,39927080,105008430,0,553423260,5277730,999144740,220600940,1778446670,703636500,0,959217660,115592510,1778446670
2020-08-19,4982,5030,4953,5021,385486,0.7828181453231634,34664,-19995,-65081,50412,0,176266,5,128587,69527,374385,141602,20000,193668,19115,374385,178147110,-102073760,-336308380,260235030,0,905673740,25700,660306090,358367210,1924372740,727526630,102099460,996614470,98132180,1924372740
2020-08-20,5010,5010,4924,4953,478711,-1.3543118900617408,-34483,-667,32034,3116,0,147106,1273,293553,23010,464942,181589,1940,261519,19894,464942,-175431700,-3362630,163047260,15747070,0,750424490,6511970,1496515130,117375720,2370827310,925856190,9874600,1333467870,101628650,2370827310
2020-08-21,4990,4990,4913,4933,345066,-0.40379567938623057,-163758,882,149919,12957,0,28278,982,255118,50728,335106,192036,100,105199,37771,335106,-831121670,4488130,760926920,65706620,0,143691770,4995130,1295361500,257457920,1701506320,974813440,507000,534434580,191751300,1701506320
2020-08-24,4931,4941,4903,4904,277123,-0.5878775592945469,-75619,5000,96777,-26158,0,40771,5000,213156,10209,269136,116390,0,116379,36367,269136,-382295240,25250000,489246530,-132201290,0,206226400,25250000,1077889090,51676530,1361042020,588521640,0,588642560,183877820,1361042020
2020-08-25,4913,4990,4903,4943,229373,0.7952691680261013,-22724,-29079,23735,28068,0,20703,0,157744,44318,222765,43427,29079,134009,16250,222765,-116070130,-147594390,120328830,143335690,0,105099960,0,801631410,225896190,1132627560,221170090,147594390,681302580,82560500,1132627560
2020-08-26,4951,4951,4903,4933,268970,-0.20230629172567266,-22538,-10407,1592,31353,0,16615,500,199572,44520,261207,39153,10907,197980,13167,261207,-114310010,-52874150,8244800,158939360,0,84243440,2525000,1011284020,225662430,1323714890,198553450,55399150,1003039220,66723070,1323714890
2020-08-27,4951,4980,4903,4904,211506,-0.5878775592945469,27240,-20,-29744,2524,0,40453,0,143805,21152,205410,13213,20,173549,18628,205410,138810760,-101400,-151400180,12690820,0,206010840,0,728313980,107181760,1041506580,67200080,101400,879714160,94490940,1041506580
2020-08-28,4912,4941,4903,4904,235284,0.0,-7320,-2752,11681,-1609,0,17567,12451,184389,14095,228502,24887,15203,172708,15704,228502,-37151820,-14104670,59403830,-8147340,0,88828100,63126570,934144550,71415100,1157514320,125979920,77231240,874740720,79562440,1157514320
2020-08-31,4903,4941,4893,4933,239557,0.5913539967373572,-2534,2000,-89622,90156,0,17516,2000,100581,112546,232643,20050,0,190203,22390,232643,-12944680,10160000,-454567030,457351710,0,88717620,10160000,509116200,571030260,1179024080,101662300,0,963683230,113678550,1179024080
2020-09-01,4932,4951,4903,4933,250854,0.0,-26442,18150,-111239,119531,0,15924,18150,82972,126567,243613,42366,0,194211,7036,243613,-134168140,92030000,-565051650,607189790,0,80859760,92030000,421354350,642939860,1237183970,215027900,0,986406000,35750070,1237183970
2020-09-02,4932,4932,4893,4933,127895,0.0,3482,7842,-21620,10296,0,21870,11442,76069,14823,124204,18388,3600,97689,4527,124204,17722650,39733550,-109544650,52088450,0,110884160,57937420,385372990,75023530,629218100,93161510,18203870,494917640,22935080,629218100
2020-09-03,4932,4941,4903,4933,264710,0.0,-9309,197,13701,-4589,0,84064,197,152432,20376,257069,93373,0,138731,24965,257069,-46539610,998790,68839730,-23298910,0,426362810,998790,772326320,103114440,1302802360,472902420,0,703486590,126413350,1302802360
2020-09-04,4914,4942,4885,4924,240204,-0.18244475978106628,4128,11197,-76098,60773,0,24772,11197,124334,73003,233306,20644,0,200432,12230,233306,20943590,56868790,-386275320,308462940,0,125683530,56868790,630621940,370506710,1183680970,104739940,0,1016897260,62043770,1183680970
2020-09-07,4924,4942,4904,4924,240547,0.0,65832,-25957,-69948,30073,0,83081,3197,112741,34620,233639,17249,29154,182689,4547,233639,334196500,-131466260,-355402090,152671850,0,421709980,16176820,571706170,175731320,1185324290,87513480,147643080,927108260,23059470,1185324290
2020-09-08,4932,4961,4913,4943,326662,0.3858651502843217,-90749,8010,43757,38982,0,69233,8010,192274,47732,317249,159982,0,148517,8750,317249,-460062860,40690700,220960370,198411790,0,351428010,40690700,975607790,242876080,1610602580,811490870,0,754647420,44464290,1610602580
2020-09-09,4923,4942,4903,4943,333240,0.0,-45147,-59990,76778,28359,0,83079,12510,189655,38394,323638,128226,72500,112877,10035,323638,-228280510,-303834400,388175830,143939080,0,421628240,63290600,960502330,194746650,1640167820,649908750,367125000,572326500,50807570,1640167820
2020-09-10,4942,4971,4923,4972,195484,0.5866882460044507,-38480,-1059,-31429,70968,0,15147,0,91449,83247,189843,53627,1059,122878,12279,189843,-195926920,-5390310,-160723020,362040250,0,77172120,0,465536640,424566750,967275510,273099040,5390310,626259660,62526500,967275510
2020-09-11,4972,5000,4943,4992,155533,0.4022526146419952,-5672,2898,-47251,50025,0,13887,2898,78894,55382,151061,19559,0,126145,5357,151061,-29093160,14788780,-242085780,256390160,0,71206750,14788780,404026630,283796230,773818390,100299910,0,646112410,27406070,773818390
2020-09-14,4991,5000,4971,5001,153609,0.18028846153846154,-2673,6300,-12097,8470,0,9508,6300,103339,30024,149171,12181,0,115436,21554,149171,-13803460,32362000,-62258730,43700190,0,48785220,32362000,530498050,154330520,765975790,62588680,0,592756780,110630330,765975790
2020-09-15,5010,5010,4972,4992,178666,-0.1799640071985603,-6101,-12017,19373,-1255,0,15102,2000,144309,12118,173529,21203,14017,124936,13373,173529,-31529960,-61737040,99646310,-6379310,0,77589680,10280000,742180990,62379970,892430640,109119640,72017040,642534680,68759280,892430640
2020-09-16,4991,5010,4981,5011,187742,0.38060897435897434,-13269,-25489,15971,22787,0,18400,4511,129354,30062,182327,31669,30000,113383,7275,182327,-68267570,-130818570,81865780,117220360,0,94721570,23181430,665287120,154625600,937815720,162989140,154000000,583421340,37405240,937815720
2020-09-17,5001,5108,5001,5060,346761,0.9778487327878668,-53186,4880,-54654,102960,0,6747,5000,205100,119932,336779,59933,120,259754,16972,336779,-277096290,25482200,-284951220,536565310,0,35137020,26110000,1068212040,625117150,1754576210,312233310,627800,1353163260,88551840,1754576210
2020-09-18,5049,5087,5000,5050,211281,-0.1976284584980237,-57289,-17626,101666,-26751,0,27189,2000,175896,104,205189,84478,19626,74230,26855,205189,-295840670,-91338270,526102590,-138923650,0,141231340,10420000,911661260,539100,1063851700,437072010,101758270,385558670,139462750,1063851700
2020-09-21,5048,5048,4991,5001,233107,-0.9702970297029703,18050,-99612,58156,23406,0,20006,388,172548,33429,226371,1956,100000,114392,10023,226371,93307540,-513020740,299458690,120254510,0,103381020,1998200,889853910,172172830,1167405960,10073480,515018940,590395220,51918320,1167405960
2020-09-22,4981,5009,4962,5001,193986,0.0,29169,500,-54174,24505,0,39417,500,81310,67153,188380,10248,0,135484,42648,188380,149646060,2570000,-278167430,125951370,0,202240840,2570000,417605750,344901590,967318180,52594780,0,695773180,218950220,967318180
2020-09-23,5009,5009,4942,4982,137460,-0.3799240151969606,20040,-27712,21059,-13387,0,30576,2288,94868,5769,133501,10536,30000,73809,19156,133501,102806320,-141594410,107293490,-68505400,0,156711090,11690810,485552710,29567900,683522510,53904770,153285220,378259220,98073300,683522510
2020-09-24,4970,4990,4932,4933,196560,-0.9835407466880771,15583,3095,5080,-23758,0,30042,3853,150319,6673,190887,14459,758,145239,30431,190887,79445220,15732030,25801270,-120978520,0,153047010,19590250,765511430,34182020,972330710,73601790,3858220,739710160,155160540,972330710
2020-09-25,4933,4971,4933,4953,196522,0.4054327995134806,-66323,1807,28554,35962,0,10023,1807,140180,38860,190870,76346,0,111626,2898,190870,-338144760,9232790,145390570,183521400,0,51137900,9232790,715141690,198257900,973770280,389282660,0,569751120,14736500,973770280
2020-09-28,4943,4981,4933,4963,150125,0.20189783969311528,-48616,0,19310,29306,0,11159,0,74969,59687,145815,59775,0,55659,30381,145815,-248804610,0,98673890,150130720,0,57073460,0,383532450,305507000,746112910,305878070,0,284858560,155376280,746112910
2020-09-29,4963,5039,4963,5031,163207,1.3701390288132178,-7529,12195,-20775,16109,0,7358,12195,92207,46756,158516,14887,0,112982,30647,158516,-38941580,62638400,-106647570,82950750,0,37722160,62638400,474914810,240734180,816009550,76663740,0,581562380,157783430,816009550
2020-10-05,5021,5030,4972,5021,195109,-0.19876764062810573,22113,-9806,17630,-29937,0,51501,18194,102819,16977,189491,29388,28000,85189,46914,189491,113676960,-50853820,91061080,-153884220,0,265426390,93679100,530218870,87676460,977000820,151749430,144532920,439157790,241560680,977000820
2020-10-06,5039,5039,5000,5040,101084,0.37841067516430993,311,-4500,-7519,11708,0,7677,7500,59450,23538,98165,7366,12000,66969,11830,98165,1620080,-23170760,-39084600,60635280,0,39722280,38830000,307462210,121814930,507829420,38102200,62000760,346546810,61179650,507829420
2020-10-07,5019,5038,4991,5011,188154,-0.5753968253968255,46205,293,-51138,4640,0,72590,293,84260,25583,182726,26385,0,135398,20943,182726,238136570,1512880,-263812710,24163260,0,374496150,1512880,434936880,132254090,943200000,136359580,0,698749590,108090830,943200000
2020-10-08,5011,5060,4972,5060,216619,0.9778487327878668,6296,14400,341,-21037,0,25889,14400,158615,11480,210384,19593,0,158274,32517,210384,32736320,74856000,1179890,-108772210,0,134189510,74856000,821492340,59343180,1089881030,101453190,0,820312450,168115390,1089881030
2020-10-12,5060,5069,5050,5060,196191,0.0,-21103,-3809,26242,-1330,0,17813,191,154031,18508,190543,38916,4000,127789,19838,190543,-109959320,-19844890,136715020,-6910810,0,92817160,995110,802385060,96445530,992642860,202776480,20840000,665670040,103356340,992642860
2020-10-13,5068,5106,5048,5078,240054,0.3557312252964427,-2144,-1988,-4269,8401,0,21226,100,174129,37667,233122,23370,2088,178398,29266,233122,-11322580,-10461840,-22409140,44193560,0,111100890,521040,911669550,197369670,1220661150,122423470,10982880,934078690,153176110,1220661150
2020-10-14,5115,5115,5068,5088,193621,0.19692792437967704,39280,0,-19612,-19668,0,59403,0,104621,24015,188039,20123,0,124233,43683,188039,206303340,0,-103166200,-103137140,0,312175010,0,550060600,126321240,988556850,105871670,0,653226800,229458380,988556850
2020-10-15,5096,5115,5048,5088,322282,0.0,-64765,0,65565,-800,0,77124,0,184796,51071,312991,141889,0,119231,51871,312991,-338873990,0,343285420,-4411430,0,403502650,0,968490350,267628860,1639621860,742376640,0,625204930,272040290,1639621860
2020-10-16,5087,5116,5077,5117,228056,0.5699685534591195,27330,-3000,-38402,14072,0,58081,0,126504,36887,221472,30751,3000,164906,22815,221472,143685510,-15765000,-201898600,73978090,0,305208520,0,663817710,193657210,1162683440,161523010,15765000,865716310,119679120,1162683440
2020-10-19,5135,5135,5087,5117,275220,0.0,960,2099,64594,-67653,0,99599,2099,165537,39,267274,98639,0,100943,67692,267274,4881290,11042630,340150230,-356074150,0,524172990,11042630,871579660,204950,1407000230,519291700,0,531429430,356279100,1407000230
2020-10-20,5108,5116,5088,5108,178053,-0.17588430721125659,48751,3190,18496,-70437,0,62876,3190,101147,5725,172938,14125,0,82651,76162,172938,256038510,16767500,97057280,-369863290,0,330356350,16767500,531379980,30102550,908606380,74317840,0,434322700,399965840,908606380
2020-10-21,5108,5137,5098,5137,288319,0.5677368833202818,-6506,56190,-28791,-20893,0,57250,66190,143451,13133,280024,63756,10000,172242,34026,280024,-34124200,295971300,-151780460,-110066640,0,301864440,348771300,756087880,69252380,1475976000,335988640,52800000,907868340,179319020,1475976000
2020-10-22,5137,5262,5127,5225,649870,1.7130620985010707,-139978,35932,6793,97253,0,61465,35969,373521,160259,631214,201443,37,366728,63006,631214,-751108940,190823570,39437070,520848300,0,328287540,191022630,2003292270,858454110,3381056550,1079396480,199060,1963855200,337605810,3381056550
2020-10-23,5281,5281,5185,5205,376044,-0.3827751196172249,1715,-3346,97147,-95516,0,64016,49869,198184,53144,365213,62301,53215,101037,148660,365213,9226370,-16782080,519630370,-512074660,0,342795670,268038470,1062268630,284264350,1957367120,333569300,284820550,542638260,796339010,1957367120
2020-10-26,5234,5292,5195,5283,457271,1.4985590778097981,-40678,7655,-5908,38931,0,90249,8655,292715,52488,444107,130927,1000,298623,13557,444107,-221364360,41157350,-29812540,210019550,0,487866520,46537350,1584672320,283018060,2402094250,709230880,5380000,1614484860,72998510,2402094250
2020-10-27,5263,5311,5224,5293,325724,0.18928639030853683,72595,2000,-41748,-32847,0,111196,2000,196620,6547,316363,38601,0,238368,39394,316363,394959470,10857420,-227646120,-178170770,0,605042600,10857420,1069186790,35678560,1720765370,210083130,0,1296832910,213849330,1720765370
2020-10-28,5225,5301,5215,5254,270736,-0.736822218023805,26325,28225,-29987,-24563,0,58317,28225,161711,14701,262954,31992,0,191698,39264,262954,143046090,152806000,-163139710,-132712380,0,316149960,152806000,875531530,79781490,1424268980,173103870,0,1038671240,212493870,1424268980
2020-10-29,5215,5243,5186,5225,263596,-0.5519604111153407,21828,6166,15403,-43397,0,58469,6666,125468,65426,256029,36641,500,110065,108823,256029,117306540,33099580,83185200,-233591320,0,314412910,35794580,674865110,351844920,1376917520,197106370,2695000,591679910,585436240,1376917520
2020-10-30,5225,5292,5195,5244,209163,0.36363636363636365,48632,-907,-50838,3113,0,87836,0,96727,18577,203140,39204,907,147565,15464,203140,264377580,-4870590,-276724260,17217270,0,476543150,0,523979530,100710960,1101233640,212165570,4870590,800703790,83493690,1101233640
2020-11-02,5242,5271,5185,5234,297034,-0.19069412662090007,184525,8881,-62429,-130977,0,210264,8881,62744,6578,288467,25739,0,125173,137555,288467,995655180,47848590,-337795130,-705708640,0,1134698720,47848590,337492130,35322790,1555362230,139043540,0,675287260,741031430,1555362230
2020-11-03,5233,5262,5205,5215,186167,-0.3630110813909056,40930,200,9715,-50845,0,76458,200,74920,29236,180814,35528,0,65205,80081,180814,220173460,1074000,52323820,-273571280,0,411724890,1074000,403262940,157512620,973574450,191551430,0,350939120,431083900,973574450
2020-11-04,5215,5254,5215,5254,122902,0.74784276126558,15350,3000,-17397,-953,0,46585,3000,59827,9957,119369,31235,0,77224,10910,119369,82778090,16160000,-93733870,-5204220,0,251266480,16160000,322626490,53620850,643673820,168488390,0,416360360,58825070,643673820
2020-11-05,5254,5321,5254,5283,279332,0.5519604111153407,35822,-394,-43477,8049,0,95805,0,144447,31039,271291,59983,394,187924,22990,271291,195220980,-2135480,-237599430,44513930,0,521499210,0,786145410,169479200,1477123820,326278230,2135480,1023744840,124965270,1477123820
2020-11-06,5301,5301,5215,5244,190120,-0.7382169222032936,-59343,1500,90490,-32647,0,25711,1500,153502,3933,184646,85054,0,63012,36580,184646,-320194870,8080000,488760710,-176645840,0,139295040,8080000,830038050,21301810,998714900,459489910,0,341277340,197947650,998714900
2020-11-09,5242,5261,5194,5234,220971,-0.19069412662090007,-9345,1400,4596,3349,0,55541,1500,131501,26056,214598,64886,100,126905,22707,214598,-50225260,7522000,24536170,18167090,0,299060060,8060000,707692830,140600490,1155413380,349285320,538000,683156660,122433400,1155413380
2020-11-10,5233,5378,5214,5312,391417,1.4902560183416125,40636,4668,-90386,45082,0,91053,5068,220751,63262,380134,50417,400,311137,18180,380134,222511400,25366200,-493877200,245999600,0,496756370,27554200,1208417160,345116280,2077844010,274244970,2188000,1702294360,99116680,2077844010
2020-11-11,5339,5339,5282,5312,158736,0.0,-6674,1000,7991,-2317,0,17924,1000,110795,24442,154161,24598,0,102804,26759,154161,-36510800,5440000,43378470,-12307670,0,97816250,5440000,604905430,133918150,842079830,134327050,0,561526960,146225820,842079830
2020-11-12,5311,5320,5253,5312,122727,0.0,21953,1500,-19829,-3624,0,35184,1500,81621,885,119190,13231,0,101450,4509,119190,119742400,8180000,-108133450,-19788950,0,192002210,8180000,444968230,4816510,649966950,72259810,0,553101680,24605460,649966950
2020-11-13,5340,5340,5244,5254,429267,-1.091867469879518,-108263,3036,95555,9672,0,52737,3036,344368,16785,416926,161000,0,248813,7113,416926,-589828040,16578000,520208200,53041840,0,288299810,16578000,1880404950,91954700,2277237460,878127850,0,1360196750,38912860,2277237460
2020-11-16,5242,5252,5175,5195,561815,-1.1229539398553483,-177679,5900,216711,-44932,0,72378,5900,452987,14340,545605,250057,0,236276,59272,545605,-952813930,31631000,1162434890,-241251960,0,388358020,31631000,2430218140,77136610,2927343770,1341171950,0,1267783250,318388570,2927343770
2020-11-17,5194,5233,5185,5234,275972,0.7507218479307026,-15549,6400,6145,3004,0,44109,6400,190819,26684,268012,59658,0,184674,23680,268012,-83161660,34412000,32108140,16641520,0,237207230,34412000,1024329330,143528660,1439477220,320368890,0,992221190,126887140,1439477220
2020-11-18,5243,5272,5204,5273,194427,0.7451280091708062,24014,-4830,-23389,4205,0,64571,200,111335,12715,188821,40557,5030,134724,8510,188821,130008610,-26175900,-126462520,22629810,0,348874090,1077000,601569970,68584550,1020105610,218865480,27252900,728032490,45954740,1020105610
2020-11-19,5282,5349,5243,5341,515694,1.2895884695619193,18207,-14085,1484,-5606,0,162639,0,320192,17977,500808,144432,14085,318708,23583,500808,101147520,-77145700,6074280,-30076100,0,891926200,0,1750559810,98535100,2741021110,790778680,77145700,1744485530,128611200,2741021110
2020-11-20,5340,5350,5302,5332,222372,-0.16850777008050927,34048,-7912,-33852,7716,0,61491,0,133081,21411,215983,27443,7912,166933,13695,215983,187265580,-43534400,-186051240,42320060,0,337920020,0,730522410,117574130,1186016560,150654440,43534400,916573650,75254070,1186016560
2020-11-23,5321,5359,5311,5351,405257,0.3563390847711928,105259,-5609,-48584,-51066,0,139195,800,232627,20957,393579,33936,6409,281211,72023,393579,578520460,-30914630,-267031940,-280573890,0,765264090,4394000,1278758710,115275540,2163692340,186743630,35308630,1545790650,395849430,2163692340
2020-11-24,5351,5418,5341,5371,456732,0.373761913660998,-69047,-4138,14423,58762,0,67754,0,298096,77763,443613,136801,4138,283673,19001,443613,-382505910,-22841760,78970660,326377010,0,375134840,0,1650277420,431243300,2456655560,757640750,22841760,1571306760,104866290,2456655560
2020-11-25,5390,5410,5341,5410,301004,0.7261217650344443,29537,-4575,-42921,17959,0,64801,425,199598,27536,292360,35264,5000,242519,9577,292360,162824680,-25334550,-236737420,99247290,0,358667930,2365450,1105415270,152287330,1618735980,195843250,27700000,1342152690,53040040,1618735980
2020-11-26,5398,5398,5321,5341,273717,-1.2754158964879854,66933,1000,67818,-135751,0,80886,1000,177406,6524,265816,13953,0,109588,142275,265816,369011880,5500000,373076020,-747587900,0,445840850,5500000,976856190,35969850,1464166890,76828970,0,603780170,783557750,1464166890
2020-11-27,5340,5340,5234,5244,372022,-1.8161392997566002,10957,1250,88713,-100920,0,46919,1250,300366,12774,361309,35962,0,211653,113694,361309,59635910,6805000,483322160,-549763070,0,255583670,6805000,1633421680,69615080,1965425430,195947760,0,1150099520,619378150,1965425430
2020-11-30,5242,5281,5175,5195,426623,-0.9344012204424104,42939,2100,103492,-148531,0,134508,2100,255761,21945,414314,91569,0,152269,170476,414314,230716310,11286000,556350890,-798353200,0,725027000,11286000,1375870970,117803810,2229987780,494310690,0,819520080,916157010,2229987780
2020-12-01,5195,5243,5195,5215,260128,0.384985563041386,-9098,-14215,121376,-98063,0,50794,50,195864,5940,252648,59892,14265,74488,104003,252648,-48963830,-76232550,651449650,-526253270,0,273053630,268500,1051349450,31895200,1356566780,322017460,76501050,399899800,558148470,1356566780
2020-12-02,5214,5214,5166,5186,378509,-0.5560882070949186,139524,0,45035,-184559,0,162794,1000,194458,9388,367640,23270,1000,149423,193947,367640,746387220,0,240263350,-986650570,0,870904250,5350000,1039863930,50310800,1966428980,124517030,5350000,799600580,1036961370,1966428980
2020-12-03,5203,5223,5116,5117,677908,-1.3305052063247205,99761,2800,320968,-423529,0,192908,2800,442008,20620,658336,93147,0,121040,444149,658336,532724780,14954500,1703276600,-2250955880,0,1029108090,14954500,2347307210,109863370,3501233170,496383310,0,644030610,2360819250,3501233170
2020-12-04,5146,5165,5049,5098,796529,-0.3713113152237639,90301,1000,260476,-351777,0,208431,1000,537684,26489,773604,118130,0,277208,378266,773604,477310600,5280000,1368132040,-1850722640,0,1097341450,5280000,2825789640,140132830,4068543920,620030850,0,1457657600,1990855470,4068543920
2020-12-07,5098,5108,5059,5108,407026,0.1961553550411926,73689,1100,-116043,41254,0,139726,1100,206857,47649,395332,66037,0,322900,6395,395332,385570270,5743000,-607474250,216160980,0,731061490,5743000,1082324950,249624980,2068754420,345491220,0,1689799200,33464000,2068754420
2020-12-08,5107,5116,5049,5098,167645,-0.19577133907595928,-24662,1026,28118,-4482,0,15233,1120,123764,22704,162821,39895,94,95646,27186,162821,-129338650,5385130,147426160,-23472640,0,79789160,5879000,648751830,119156100,853576090,209127810,493870,501325670,142628740,853576090
2020-12-09,5096,5115,5077,5078,225589,-0.3923107100823852,-8558,-155,53864,-45151,0,45782,100,166192,7000,219074,54340,255,112328,52151,219074,-44442810,-812080,282173660,-236918770,0,240215340,525000,871139110,36728570,1148608020,284658150,1337080,588965450,273647340,1148608020
2020-12-10,5068,5096,5058,5078,454648,0.0,-26682,-71,177819,-151066,0,112501,95,316181,12741,441518,139183,166,138362,163807,441518,-139791600,-371760,929762270,-789598910,0,587456470,495900,1652922000,66670930,2307545300,727248070,867660,723159730,856269840,2307545300
2020-12-11,5077,5204,5068,5205,496193,2.5009846396218984,215189,-95,-42803,-172291,0,260502,0,189491,31908,481901,45313,95,232294,204199,481901,1141697720,-501700,-225987290,-915208730,0,1382300400,0,1004155590,168080490,2554536480,240602680,501700,1230142880,1083289220,2554536480
2020-12-14,5185,5204,5136,5205,355624,0.0,78142,500,-59801,-18841,0,100644,500,209654,34582,345380,22502,0,269455,53423,345380,416305310,2657000,-318906170,-100056140,0,535952600,2657000,1114720590,183912050,1837242240,119647290,0,1433626760,283968190,1837242240
2020-12-15,5233,5233,5166,5215,229581,0.19212295869356388,73297,-16476,-54251,-2570,0,119482,1704,73004,28790,222980,46185,18180,127255,31360,222980,392429440,-88087720,-290554000,-13787720,0,639392250,9065280,389536440,153864780,1191858750,246962810,97153000,680090440,167652500,1191858750
2020-12-16,5224,5233,5186,5215,128749,0.0,-23121,20,14465,8636,0,4461,20,106690,13876,125047,27582,0,92225,5240,125047,-123965190,107400,77475550,46382240,0,23939420,107400,572208170,74480570,670735560,147904610,0,494732620,28098330,670735560
2020-12-17,5224,5281,5185,5263,515165,0.9204218600191754,-28792,-6950,-28569,64311,0,56160,33,375218,68874,500285,84952,6983,403787,4563,500285,-156097420,-38227640,-152640840,346965900,0,302421890,178860,2026419070,371626950,2700646770,458519310,38406500,2179059910,24661050,2700646770
2020-12-18,5283,5361,5254,5361,584948,1.8620558616758505,-36756,-70,-224719,261545,0,12877,0,209550,345691,568118,49633,70,434269,84146,568118,-201028460,-380100,-1237599950,1439008510,0,70027520,0,1140113930,1898983000,3109124450,271055980,380100,2377713880,459974490,3109124450
2020-12-21,5369,5369,5292,5302,368646,-1.1005409438537586,4507,-1033,-52319,48845,0,35960,0,262026,60016,358002,31453,1033,314345,11171,358002,24784290,-5710180,-286137230,267063120,0,196680820,0,1433928450,328238270,1958847540,171896530,5710180,1720065680,61175150,1958847540
2020-12-22,5300,5300,5253,5263,387060,-0.7355714824594493,-34215,20000,-43869,58084,0,6309,20000,284699,64873,375881,40524,0,328568,6789,375881,-185739120,108400000,-238331430,315670550,0,34233010,108400000,1545702070,352518860,2040853940,219972130,0,1784033500,36848310,2040853940
2020-12-23,5244,5283,5225,5283,410085,0.38001140034201025,-13386,1400,-45624,57610,0,52712,1500,268142,75926,398280,66098,100,313766,18316,398280,-72141200,7575300,-247549750,312115650,0,285633210,8115000,1451517220,411401260,2156666690,357774410,539700,1699066970,99285610,2156666690
2020-12-24,5272,5300,5253,5273,340760,-0.18928639030853683,951,-210,24692,-25433,0,65418,0,260842,4674,330934,64467,210,236150,30107,330934,5237850,-1141000,133959820,-138056670,0,355537760,0,1416690010,25376260,1797604030,350299910,1141000,1282730190,163432930,1797604030
2020-12-28,5282,5311,5225,5244,690491,-0.5499715531955244,-35293,-7876,35644,7525,0,59411,0,579799,31398,670608,94704,7876,544155,23873,670608,-190195450,-42549160,191432370,41312240,0,321523590,0,3135499010,170533860,3627556460,511719040,42549160,2944066640,129221620,3627556460
2020-12-29,5135,5154,5116,5127,620116,-2.231121281464531,-60354,-7390,-52867,120611,0,47980,2620,402029,149615,602244,108334,10010,454896,29004,602244,-318380140,-39317800,-280316840,638014780,0,253840230,13835000,2125700660,791237500,3184613390,572220370,53152800,2406017500,153222720,3184613390
2020-12-30,5146,5213,5126,5195,569889,1.3263116832455628,-119333,-7736,34037,93032,0,12116,9244,421548,110538,553446,131449,16980,387511,17506,553446,-634628850,-40822240,177527930,497923160,0,64637390,49470760,2248463840,591086950,2953658940,699266240,90293000,2070935910,93163790,2953658940
2021-01-04,5176,5244,5156,5244,654702,0.9432146294513956,-19567,-27821,-312966,360354,0,12457,600,236359,386433,635849,32024,28421,549325,26079,635849,-104234370,-149471760,-1676427170,1930133300,0,66849720,3203000,1263188720,2069732630,3402974070,171084090,152674760,2939615890,139599330,3402974070
2021-01-05,5215,5331,5166,5322,1585642,1.4874141876430207,-422005,-49436,155613,315828,0,91279,21830,1039762,387134,1540005,513284,71266,884149,71306,1540005,-2303166350,-267823030,851037310,1719952070,0,499090500,119427060,5670529010,2105090500,8394137070,2802256850,387250090,4819491700,385138430,8394137070
2021-01-06,5331,5360,5234,5244,1272267,-1.4656144306651635,-424575,129,524153,-99707,0,37620,1129,1060714,136167,1235630,462195,1000,536561,235874,1235630,-2316836700,623210,2853950700,-537737210,0,205381470,6133210,5790522730,746756570,6748793980,2522218170,5510000,2936572030,1284493780,6748793980
2021-01-07,5331,5331,5195,5244,572569,0.0,-15004,-9666,99135,-74465,0,27488,6022,511728,10843,556081,42492,15688,412593,85308,556081,-81262240,-52361300,535838010,-402214470,0,148112350,32533580,2761441900,58611720,3000699550,229374590,84894880,2225603890,460826190,3000699550
2021-01-08,5261,5291,5204,5234,551824,-0.19069412662090007,-102655,700,54985,46970,0,7517,1200,454119,73071,535907,110172,500,399134,26101,535907,-552382850,3773000,295958460,252651390,0,40512670,6463000,2445045490,393607470,2885628630,592895520,2690000,2149087030,140956080,2885628630
2021-01-11,5185,5194,5088,5108,942458,-2.407336645013374,-104588,4891,139340,-39643,0,83121,6134,741841,84284,915380,187709,1243,602501,123927,915380,-548930300,25780110,730677680,-207527490,0,437569820,32293430,3906202530,444001730,4820067510,986500120,6513320,3175524850,651529220,4820067510
2021-01-12,5135,5135,5058,5078,398202,-0.5873140172278779,-79418,-9810,73685,15543,0,52062,590,309694,24356,386702,131480,10400,236009,8813,386702,-415803930,-51610200,385768750,81645380,0,273130790,3085800,1624150450,127868530,2028235570,688934720,54696000,1238381700,46223150,2028235570
2021-01-13,5069,5116,5069,5069,479062,-0.17723513194170934,-127990,409,64343,63238,0,38732,600,349576,76387,465295,166722,191,285233,13149,465295,-670342300,2152520,336682570,331507210,0,203089360,3154000,1831523890,400345640,2438112890,873431660,1001480,1494841320,68838430,2438112890
2021-01-14,5098,5098,5049,5098,590261,0.5721049516669955,-220430,-15510,141518,94422,0,58196,10,404350,110717,573273,278626,15520,262832,16295,573273,-1150483530,-80853010,737283000,494053540,0,304032920,52400,2111120540,579183180,2994389040,1454516450,80905410,1373837540,85129640,2994389040
2021-01-15,5125,5135,5058,5078,513989,-0.3923107100823852,-221044,1050,231538,-11544,0,11071,1050,477478,9547,499146,232115,0,245940,21091,499146,-1157499860,5481500,1212593470,-60575110,0,58040290,5481500,2503035580,49959890,2616517260,1215540150,0,1290442110,110535000,2616517260
2021-01-18,5077,5087,5000,5001,614331,-1.5163450177235132,-210352,225,253166,-43039,0,30988,525,550485,14580,596578,241340,300,297319,57619,596578,-1088985430,1155550,1312461330,-224631450,0,160849850,2721550,2860629180,75929900,3100130480,1249835280,1566000,1548167850,300561350,3100130480
2021-01-19,5029,5068,4962,4982,699106,-0.3799240151969606,-182715,16410,358262,-191957,0,19653,16510,608459,34346,678968,202368,100,250197,226303,678968,-938361930,84019750,1838636640,-984294460,0,100751710,84532750,3126590120,177858660,3489733240,1039113640,513000,1287953480,1162153120,3489733240
2021-01-20,4981,4990,4952,4982,356190,0.0,-30369,23354,22481,-15466,0,46553,27604,268157,3616,345930,76922,4250,245676,19082,345930,-155264520,119453980,114983110,-79172570,0,238094540,141171480,1371262140,18510390,1769038550,393359060,21717500,1256279030,97682960,1769038550
2021-01-21,4982,5078,4972,5060,406660,1.5656362906463268,-68278,50299,-48807,66786,0,10558,50299,263376,70720,394953,78836,0,312183,3934,394953,-353943950,260911790,-252091670,345123830,0,54837540,260911790,1361100640,365311800,2042161770,408781490,0,1613192310,20187970,2042161770
2021-01-22,5087,5116,5029,5117,474556,1.1264822134387351,6820,3001,-32084,22263,0,59202,3001,328084,70568,460855,52382,0,360168,48305,460855,35640510,15575180,-169200750,117985060,0,310018900,15575180,1717597280,369368340,2412559700,274378390,0,1886798030,251383280,2412559700
2021-01-25,5117,5243,5117,5225,1109489,2.110611686535079,-71098,-40426,-132560,244084,0,61765,10002,738773,267098,1077638,132863,50428,871333,23014,1077638,-380291710,-213771460,-710637670,1304700840,0,330895950,53510740,3947931880,1427060520,5759399090,711187660,267282200,4658569550,122359680,5759399090
2021-01-26,5164,5264,5075,5085,980221,-2.6794258373205744,-314401,-85226,547298,-147671,0,106600,750,806960,63207,977517,421001,85976,259662,210878,977517,-1609594680,-441897630,2814792480,-763300170,0,551255660,3844000,4161764470,325336670,5042200800,2160850340,445741630,1346971990,1088636840,5042200800
2021-01-27,5105,5124,5065,5105,454416,0.39331366764995085,-182909,84000,114997,-16088,0,40945,84000,253665,74553,453163,223854,0,138668,90641,453163,-933526980,429040000,586410410,-81923430,0,209158160,429040000,1294334530,381448850,2313981540,1142685140,0,707924120,463372280,2313981540
2021-01-28,5065,5144,5065,5075,424165,-0.5876591576885406,-25675,-4899,66638,-36064,0,39601,201,303743,79450,422995,65276,5100,237105,115514,422995,-130992270,-24935870,338766630,-182838490,0,202496900,1023130,1549417200,406850930,2159788160,333489170,25959000,1210650570,589689420,2159788160
2021-01-29,5094,5104,5045,5065,472767,-0.19704433497536944,-124751,402,32,124317,0,52462,402,273507,145092,471463,177213,0,273475,20775,471463,-634470690,2045160,-1105600,633531130,0,267143000,2045160,1390526720,739308380,2399023260,901613690,0,1391632320,105777250,2399023260
2021-02-01,5085,5095,5036,5046,433203,-0.3751233958538993,-201290,4061,197645,-416,0,37932,4110,363799,26167,432008,239222,49,166154,26583,432008,-1019201320,20569150,1000625170,-1993000,0,191880250,20816600,1842549190,132621910,2187867950,1211081570,247450,841924020,134614910,2187867950
2021-02-02,5075,5075,5036,5056,463108,0.19817677368212444,-211806,100,181652,30054,0,64905,100,366771,30055,461831,276711,0,185119,1,461831,-1073391640,505000,920484500,152402140,0,328250290,505000,1857327190,152407210,2338489690,1401641930,0,936842690,5070,2338489690
2021-02-03,5055,5104,5035,5075,424820,0.37579113924050633,-202044,7000,186136,8908,0,47237,7000,302657,66755,423649,249281,0,116521,57847,423649,-1022334040,35520000,941397590,45416450,0,239145140,35520000,1532154730,339687370,2146507240,1261479180,0,590757140,294270920,2146507240
2021-02-04,5075,5075,5036,5036,352426,-0.7684729064039408,-160968,-3503,138969,25502,0,35876,2547,279520,33511,351454,196844,6050,140551,8009,351454,-814587950,-17690650,703177540,129101060,0,181578410,12872350,1414554140,169691750,1778696650,996166360,30563000,711376600,40590690,1778696650
2021-02-05,5065,5084,5045,5075,158269,0.7744241461477364,-62968,-200,51182,11986,0,11243,0,134100,12490,157833,74211,200,82918,504,157833,-319227730,-1016000,259323190,60920540,0,57086730,0,680273260,63480780,800840770,376314460,1016000,420950070,2560240,800840770
2021-02-08,5055,5094,5055,5065,354744,-0.19704433497536944,-99539,-2047,74511,27075,0,91093,0,234798,27875,353766,190632,2047,160287,800,353766,-505990540,-10419230,378642320,137767450,0,463323190,0,1193768630,141847450,1798939270,969313730,10419230,815126310,4080000,1798939270
2021-02-09,5065,5114,5055,5105,306270,0.7897334649555774,-52812,350,49807,2655,0,43374,350,247426,14276,305426,96186,0,197619,11621,305426,-268706100,1789500,253106450,13810150,0,221348720,1789500,1259983860,72860450,1555982530,490054820,0,1006877410,59050300,1555982530
2021-02-10,5104,5104,5035,5065,383706,-0.7835455435847208,-76264,350,125106,-49192,0,100166,350,267608,14524,382648,176430,0,142502,63716,382648,-386630520,1777500,634616700,-249763680,0,509272340,1777500,1359260540,74085570,1944395950,895902860,0,724643840,323849250,1944395950
2021-02-15,5065,5114,5065,5105,518855,0.7897334649555774,-95992,10219,-67493,153266,0,93909,10369,236409,176737,517424,189901,150,303902,23471,517424,-490322030,52174520,-344901330,783048840,0,479865670,52936520,1208069900,903031970,2643904060,970187700,762000,1552971230,119983130,2643904060
2021-02-16,5085,5104,5065,5085,341036,-0.3917727717923604,-71346,-28931,9991,90286,0,64551,1069,173967,100509,340096,135897,30000,163976,10223,340096,-363223440,-147357150,50714600,459865990,0,328738610,5433520,885781490,511956320,1731909940,691962050,152790670,835066890,52090330,1731909940
2021-02-17,5075,5085,5036,5046,1027689,-0.7669616519174041,-479996,10650,56365,412981,0,40795,10650,552371,421038,1024854,520791,0,496006,8057,1024854,-2432825810,53993000,285057690,2093775120,0,206838590,53993000,2798646750,2134678780,5194157120,2639664400,0,2513589060,40903660,5194157120
2021-02-18,5045,5045,5006,5016,1304583,-0.5945303210463734,-810275,-10833,322729,498379,0,38337,5293,719017,538338,1300985,848612,16126,396288,39959,1300985,-4076335860,-54378930,1622737650,2507977140,0,192766840,26573590,3616397840,2709128470,6544866740,4269102700,80952520,1993660190,201151330,6544866740
2021-02-19,5015,5025,4986,4996,618836,-0.3987240829346092,-94598,12131,158278,-75811,0,75831,12200,513829,15269,617129,170429,69,355551,91080,617129,-473565450,60662930,792410810,-379508290,0,379874640,61010000,2572475000,76511830,3089871470,853440090,347070,1780064190,456020120,3089871470
2021-02-22,4995,5015,4971,4976,466105,-0.4003202562049639,-96003,11025,95442,-10464,0,45558,13200,390760,15302,464820,141561,2175,295318,25766,464820,-479548450,55105250,476547790,-52104590,0,227657990,66002000,1952449670,76560770,2322670430,707206440,10896750,1475901880,128665360,2322670430
2021-02-23,4976,4981,4956,4981,349987,0.10048231511254019,-101271,-564,89986,11849,0,59582,7593,248314,33533,349022,160853,8157,158328,21684,349022,-504118145,-2825185,447954410,58988920,0,296509590,37780890,1236309600,166949320,1737549400,800627735,40606075,788355190,107960400,1737549400
2021-02-24,4976,5025,4966,4976,335732,-0.10038144950813091,-87985,-20692,127337,-18660,0,14322,4150,259815,56519,334806,102307,24842,132478,75179,334806,-440484450,-103456230,636889415,-92948735,0,71572095,20738500,1299952515,282366845,1674629955,512056545,124194730,663063100,375315580,1674629955
2021-02-25,4980,4985,4961,4976,240968,0.0,-60074,3214,48248,8612,0,20584,3214,204384,12122,240304,80658,0,156136,3510,240304,-299310465,16011770,240396160,42902535,0,102592405,16011770,1018581540,60390005,1197575720,401902870,0,778185380,17487470,1197575720
2021-02-26,4961,4981,4951,4981,373010,0.10048231511254019,142,5000,-60736,55594,0,56101,5000,243447,67434,371982,55959,0,304183,11840,371982,206435,24865000,-302684285,277612850,0,279117125,24865000,1210878120,336514640,1851374885,278910690,0,1513562405,58901790,1851374885
2021-03-02,4980,4980,4946,4951,428745,-0.6022886970487854,-104916,15984,149451,-60519,0,53725,16021,340727,17090,427563,158641,37,191276,77609,427563,-521815010,79438515,742977735,-300601240,0,267218330,79622370,1695192260,85218720,2127251680,789033340,183855,952214525,385819960,2127251680
2021-03-03,4950,4955,4921,4926,491961,-0.5049484952534842,-258596,4815,254118,-337,0,39668,4815,401543,44578,490604,298264,0,147425,44915,490604,-1278431305,23830825,1256271455,-1670975,0,196063105,23830825,1985545735,220215380,2425655045,1474494410,0,729274280,221886355,2425655045
2021-03-04,4920,4940,4886,4891,639663,-0.7105156313438896,-124158,-10808,173927,-38961,0,35425,905,582927,18642,637899,159583,11713,409000,57603,637899,-610786305,-53049680,855947250,-192111265,0,174528855,4461150,2872488850,91949780,3143428635,785315160,57510830,2016541600,284061045,3143428635
2021-03-05,4880,4890,4856,4871,499081,-0.40891433244735226,7453,-35124,-77265,104936,0,61951,3406,298701,133647,497705,54498,38530,375966,28711,497705,36621090,-171780770,-377377995,512537675,0,302669540,16634280,1458502805,652823670,2430630295,266048450,188415050,1835880800,140285995,2430630295
2021-03-08,4881,5005,4881,4936,498619,1.3344282488195442,-59961,9900,2894,47167,0,51859,10000,342286,93099,497244,111820,100,339392,45932,497244,-297219775,48902000,13375045,234942730,0,256388985,49400000,1695147430,462355400,2463291815,553608760,498000,1681772385,227412670,2463291815
2021-03-09,4935,4935,4861,4916,374739,-0.4051863857374392,-29105,7109,51300,-29304,0,41371,7509,296483,28343,373706,70476,400,245183,57647,373706,-143142340,34816245,251831170,-143505075,0,202883340,36776245,1454214735,139376655,1833250975,346025680,1960000,1202383565,282881730,1833250975
2021-03-10,4955,4955,4886,4916,192743,0.0,15951,2131,11842,-29924,0,28641,5131,131473,26967,192212,12690,3000,119631,56891,192212,78395405,10461995,58550505,-147407905,0,140936850,25251995,647545055,132948090,946681990,62541445,14790000,588994550,280355995,946681990
2021-03-11,4931,4965,4921,4946,244362,0.6102522375915379,-76701,0,109878,-33177,0,46206,0,186326,11156,243688,122907,0,76448,44333,243688,-379745160,0,544187850,-164442690,0,228659360,0,922885465,55200905,1206745730,608404520,0,378697615,219643595,1206745730
2021-03-12,4956,4980,4951,4971,255859,0.5054589567327133,-85753,-3771,126235,-36711,0,22156,2016,223203,7779,255154,107909,5787,96968,44490,255154,-427117865,-18807610,628628335,-182702860,0,110421525,10049520,1111709665,38744290,1270925000,537539390,28857130,483081330,221447150,1270925000
2021-03-15,4976,5065,4971,5056,368884,1.7099175216254276,-53589,-100,-13325,67014,0,64106,0,227602,76159,367867,117695,100,240927,9145,367867,-270438980,-508000,-66472530,337419510,0,323818780,0,1149081455,383554020,1856454255,594257760,508000,1215553985,46134510,1856454255
2021-03-16,5074,5084,5045,5065,277516,0.17800632911392406,32630,-1600,-25985,-5045,0,68830,500,187117,20304,276751,36200,2100,213102,25349,276751,165436330,-8128000,-131843390,-25464940,0,349512770,2540000,950419090,103249960,1405721820,184076440,10668000,1082262480,128714900,1405721820
2021-03-17,5075,5085,5055,5085,244840,0.3948667324777887,29610,-30400,4943,-4153,0,54513,14700,157287,17665,244165,24903,45100,152344,21818,244165,150907690,-154868000,24946090,-20985780,0,277666560,74842000,800383530,89990530,1242882620,126758870,229710000,775437440,110976310,1242882620
2021-03-18,5105,5184,5095,5175,500151,1.7699115044247788,-50316,36282,-159699,173733,0,17586,41552,224744,214890,498772,67902,5270,384443,41157,498772,-260412920,187541280,-823400920,896272560,0,90461000,214884680,1160224410,1108306160,2573876250,350873920,27343400,1983625330,212033600,2573876250
2021-03-19,5144,5214,5105,5135,710782,-0.7729468599033816,-1283,-1343,-65929,68555,0,86207,13000,263974,345641,708822,87490,14343,329903,277086,708822,-8179730,-7418790,-344971080,360569600,0,447427610,67095000,1366024900,1790376300,3670923810,455607340,74513790,1710995980,1429806700,3670923810
2021-03-22,5134,5164,5065,5065,295725,-1.3631937682570594,15535,-5077,-1894,-8564,0,53848,600,169405,71057,294910,38313,5677,171299,79621,294910,78669590,-25908290,-9514110,-43247190,0,274736910,3048000,866526430,363770790,1508082130,196067320,28956290,876040540,407017980,1508082130
2021-03-23,5055,5114,5055,5075,272937,0.19743336623889435,38301,-400,-85436,47535,0,103212,0,76186,92787,272185,64911,400,161622,45252,272185,195051160,-2040000,-435951130,242939970,0,526585830,0,388476240,473673900,1388735970,331534670,2040000,824427370,230733930,1388735970
2021-03-24,5006,5095,4986,5016,1056585,-1.1625615763546797,-369625,3609,78541,287475,0,115419,23750,543788,370714,1053671,485044,20141,465247,83239,1053671,-1859611530,17815280,390302050,1451494200,0,581116850,119463000,2737553650,1871198220,5309331720,2440728380,101647720,2347251600,419704020,5309331720
2021-03-25,5036,5065,5006,5036,450003,0.3987240829346092,42489,-17095,-90231,64837,0,187973,9905,143674,107210,448762,145484,27000,233905,42373,448762,214484320,-86403300,-456185030,328104010,0,950020560,49946700,726175090,542269870,2268412220,735536240,136350000,1182360120,214165860,2268412220
2021-03-26,5035,5164,5025,5155,1329902,2.3629864972200156,185890,36144,-583949,361915,0,310988,39937,610733,364576,1326234,125098,3793,1194682,2661,1326234,955003140,184995000,-2985960790,1845962650,0,1597008230,204313510,3118983190,1859602740,6779907670,642005090,19318510,6104943980,13640090,6779907670
2021-03-29,5155,5214,5155,5205,1027506,0.9699321047526674,94615,12757,-281142,173770,0,344558,17720,399376,263018,1024672,249943,4963,680518,89248,1024672,492492860,66099570,-1463062480,904470050,0,1794289350,91951800,2078402050,1369011650,5333654850,1301796490,25852230,3541464530,464541600,5333654850
2021-03-30,5224,5224,5155,5205,575949,0.0,231255,-5984,-132205,-93066,0,272911,27927,243080,30443,574361,41656,33911,375285,123509,574361,1203889300,-30918630,-688691390,-484279280,0,1420919740,145593300,1264500160,158235930,2989249130,217030440,176511930,1953191550,642515210,2989249130
2021-03-31,5185,5204,5165,5195,445469,-0.19212295869356388,75191,11169,-81549,-4811,0,117492,13700,238084,74965,444241,42301,2531,319633,79776,444241,390473450,58123490,-423803110,-24793830,0,610730460,71310000,1237885760,389977970,2309904190,220257010,13186510,1661688870,414771800,2309904190
2021-04-01,5195,5205,5165,5205,502350,0.192492781520693,191125,37164,-207752,-20537,0,244318,48958,162995,44694,500965,53193,11794,370747,65231,500965,995307970,193824730,-1082430290,-106702410,0,1272402630,255191440,848539700,232851530,2608985300,277094660,61366710,1930969990,339553940,2608985300
2021-04-02,5185,5204,5165,5195,397425,-0.19212295869356388,62557,3482,-62377,-3662,0,169600,8450,211417,6862,396329,107043,4968,273794,10524,396329,325639130,18140040,-324710500,-19068670,0,881913990,43923960,1099220080,35695460,2060753490,556274860,25783920,1423930580,54764130,2060753490
2021-04-05,5205,5214,5185,5205,425637,0.192492781520693,-49586,6950,48234,-5598,0,81978,7000,295314,40171,424463,131564,50,247080,45769,424463,-258658250,36249000,251184760,-28775510,0,427039160,36510000,1539160330,209691560,2212401050,685697410,261000,1287975570,238467070,2212401050
2021-04-06,5205,5215,5165,5215,384049,0.19212295869356388,108776,14411,-82756,-40431,0,142495,15755,203651,21089,382990,33719,1344,286407,61520,382990,566138630,75032260,-430944110,-210226780,0,742232480,82047740,1060862040,109874880,1995017140,176093850,7015480,1491806150,320101660,1995017140
2021-04-07,5215,5225,5195,5225,392015,0.19175455417066153,90697,-8090,-73222,-9385,0,123689,3910,222725,40610,390934,32992,12000,295947,49995,390934,473752220,-42277700,-382684550,-48789970,0,646437730,20412300,1164193660,212349930,2043393620,172685510,62690000,1546878210,261139900,2043393620
2021-04-08,5225,5284,5215,5245,724244,0.3827751196172249,71709,-10904,7089,-67894,0,127085,3992,507930,83240,722247,55376,14896,500841,151134,722247,378310900,-57796280,37054880,-357569500,0,670571030,21003560,2679749570,439237010,3810561170,292260130,78799840,2642694690,796806510,3810561170
2021-04-09,5245,5274,5245,5245,294608,0.0,29894,-7838,20391,-42447,0,78149,3794,209708,2145,293796,48255,11632,189317,44592,293796,157413750,-41244480,107594220,-223763490,0,411977650,20056160,1105886430,11302940,1549223180,254563900,61300640,998292210,235066430,1549223180
2021-04-12,5235,5285,5235,5285,398647,0.7626310772163966,99592,2989,-111050,8469,0,145722,3800,230610,17416,397548,46130,811,341660,8947,397548,526534530,15799850,-587290560,44956180,0,770532870,20084000,1219166880,92109870,2101893620,243998340,4284150,1806457440,47153690,2101893620
2021-04-13,5285,5314,5275,5305,450622,0.3784295175023652,58708,-3309,-23276,-32123,0,153880,5264,285634,4601,449379,95172,8573,308910,36724,449379,312018510,-17556920,-123915330,-170546260,0,817944050,27984480,1517990600,24475300,2388394430,505925540,45541400,1641905930,195021560,2388394430
2021-04-14,5315,5344,5305,5335,354077,0.5655042412818096,109431,3780,-98296,-14915,0,120419,3780,228685,217,353101,10988,0,326981,15132,353101,584330490,20186380,-524945730,-79571140,0,643000960,20186380,1221037100,1160290,1885384730,58670470,0,1745982830,80731430,1885384730
2021-04-15,5344,5354,5315,5325,480660,-0.18744142455482662,168222,-6583,-114321,-47318,0,190087,3721,285467,60,479335,21865,10304,399788,47378,479335,898643850,-35234440,-610597880,-252811530,0,1015537150,19849930,1525732830,321290,2561441200,116893300,55084370,2136330710,253132820,2561441200
2021-04-16,5335,5355,5325,5355,402963,0.5633802816901409,101464,37300,-114104,-24660,0,134980,37450,228072,1350,401852,33516,150,342176,26010,401852,543408830,199801950,-611185650,-132025130,0,722824800,200605950,1220752310,7235060,2151418120,179415970,804000,1831937960,139260190,2151418120
2021-04-19,5364,5374,5315,5345,640479,-0.18674136321195145,96039,-128,-57459,-38452,0,335267,22,301863,1561,638713,239228,150,359322,40013,638713,515319170,-686460,-308675430,-205957280,0,1796404850,117540,1616633160,8370390,3421525940,1281085680,804000,1925308590,214327670,3421525940
2021-04-20,5355,5404,5345,5375,719057,0.5612722170252572,21910,-45299,-89095,112484,0,194997,19,394698,127360,717074,173087,45318,483793,14876,717074,118198490,-244215110,-481296230,607312850,0,1052675340,102790,2130240820,687626830,3870645780,934476850,244317900,2611537050,80313980,3870645780
2021-04-21,5375,5385,5355,5385,580603,0.18604651162790697,125803,-20698,-42950,-62155,0,172439,1300,401838,3425,579002,46636,21998,444788,65580,579002,678163260,-111532130,-232143980,-334487150,0,929396640,7004000,2164346730,18490200,3119237570,251233380,118536130,2396490710,352977350,3119237570
2021-04-22,5384,5404,5365,5365,473422,-0.3714020427112349,58961,462,-25765,-33658,0,217307,1553,245363,7894,472117,158346,1091,271128,41552,472117,319635100,2484950,-140642470,-181477580,0,1174683240,8397260,1325673000,42692550,2551446050,855048140,5912310,1466315470,224170130,2551446050
2021-04-23,5365,5394,5365,5385,348868,0.3727865796831314,89308,-1886,-88411,989,0,143559,0,197568,6779,347906,54251,1886,285979,5790,347906,481772070,-10184400,-476928920,5341250,0,774390290,0,1065714620,36549660,1876654570,292618220,10184400,1542643540,31208410,1876654570
2021-04-26,5394,5394,5355,5385,530272,0.0,135302,-1681,-130061,-3560,0,235594,19,289993,3204,528810,100292,1700,420054,6764,528810,728902970,-9077780,-700542040,-19283150,0,1269031460,102220,1562138530,17242450,2848514660,540128490,9180000,2262680570,36525600,2848514660
2021-04-27,5375,5405,5365,5405,634700,0.3714020427112349,67211,4929,-139632,67492,0,158859,12307,375603,86181,632950,91648,7378,515235,18689,632950,363087180,26782160,-754692950,364823610,0,858420880,66623360,2028530900,465604490,3419179630,495333700,39841200,2783223850,100780880,3419179630
2021-04-28,5404,5424,5365,5385,552674,-0.37002775208140615,101419,-13442,-42835,-45142,0,225861,2558,313341,9390,551150,124442,16000,356176,54532,551150,546962580,-72595320,-231024810,-243342450,0,1219937970,13834680,1693449500,50954850,2978177000,672975390,86430000,1924474310,294297300,2978177000
2021-04-29,5394,5414,5365,5375,423334,-0.18570102135561745,113625,-10949,-109270,6594,0,194651,551,213312,13653,422167,81026,11500,322582,7059,422167,613477690,-59125110,-589801150,35448570,0,1050974120,2974890,1151362710,73663620,2278975340,437496430,62100000,1741163860,38215050,2278975340
2021-04-30,5395,5395,5365,5395,434855,0.37209302325581395,137339,-5259,-179486,47406,0,201299,6322,172913,53122,433656,63960,11581,352399,5716,433656,741173070,-28165220,-968931950,255924100,0,1085768770,34156370,931517910,286734740,2338177790,344595700,62321590,1900449860,30810640,2338177790
2021-05-03,5395,5454,5385,5415,621201,0.3707136237256719,64700,112,-110411,45599,0,195809,116,362474,61089,619488,131109,4,472885,15490,619488,351318670,606110,-599795540,247870760,0,1062390960,627750,1968290750,331709410,3363018870,711072290,21640,2568086290,83838650,3363018870
2021-05-04,5414,5434,5374,5434,500394,0.3508771929824561,130705,3404,-88031,-46078,0,180718,3704,302767,11825,499014,50013,300,390798,57903,499014,707441390,18372600,-476818450,-248995540,0,978921910,20001600,1640237750,64324340,2703485600,271480520,1629000,2117056200,313319880,2703485600
2021-05-06,5434,5523,5434,5514,637036,1.4722119985277882,60515,-848,-147821,88154,0,145739,722,381488,107330,635279,85224,1570,529309,19176,635279,334072450,-4658040,-814276740,484862330,0,803801770,3992660,2101856920,590383160,3500034510,469729320,8650700,2916133660,105520830,3500034510
2021-05-07,5514,5533,5494,5514,521193,0.0,34736,-47633,41481,-28584,0,155940,14670,315155,33991,519756,121204,62303,273674,62575,519756,191333220,-263337990,229738180,-157733410,0,862016440,81197600,1742106780,188070160,2873390980,670683220,344535590,1512368600,345803570,2873390980
2021-05-10,5524,5534,5494,5534,650260,0.3627130939426913,109214,-19593,-53837,-35784,0,235536,2530,386431,23970,648467,126322,22123,440268,59754,648467,604423800,-108387260,-298136000,-197900540,0,1304133350,14020900,2138527400,132683840,3589365490,699709550,122408160,2436663400,330584380,3589365490
2021-05-11,5544,5553,5514,5544,503243,0.18070112034694613,127953,3120,-12051,-119022,0,203536,3717,259071,35531,501855,75583,597,271122,154553,501855,710248990,17356500,-67170600,-660434890,0,1129911830,20671350,1437997850,197335000,2785916030,419662840,3314850,1505168450,857769890,2785916030
2021-05-12,5544,5613,5534,5584,891850,0.7215007215007215,122948,-7350,-152772,37174,0,309995,0,450985,128410,889390,187047,7350,603757,91236,889390,690318560,-41220000,-857610760,208512200,0,1736607030,0,2522256510,718469340,4977332880,1046288470,41220000,3379867270,509957140,4977332880
2021-05-13,5583,5583,5494,5534,575449,-0.8954154727793696,-10108,-4290,85694,-71296,0,140407,710,415468,17277,573862,150515,5000,329774,88573,573862,-56410090,-23977200,478170810,-397783520,0,782541930,3962800,2315277870,96080900,3197863500,838952020,27940000,1837107060,493864420,3197863500
2021-05-14,5553,5553,5494,5524,551030,-0.18070112034694613,74179,15050,-28849,-60380,0,208046,18700,299528,23236,549510,133867,3650,328377,83616,549510,409937010,83423340,-159074880,-334285470,0,1149793900,103636000,1656154710,128556070,3038140680,739856890,20212660,1815229590,462841540,3038140680
2021-05-17,5524,5553,5524,5534,320327,0.18102824040550325,51321,-2732,-58441,9852,0,83298,2500,202836,30810,319444,31977,5232,261277,20958,319444,284807240,-15195280,-324602880,54990920,0,462452290,13890000,1126179730,171185760,1773707780,177645050,29085280,1450782610,116194840,1773707780
2021-05-18,5544,5564,5524,5564,357206,0.5421033610408384,64791,-1219,-71584,8012,0,97021,2481,223922,32797,356221,32230,3700,295506,24785,356221,359764410,-6830860,-397757980,44824430,0,539059280,13787140,1244645740,182574760,1980066920,179294870,20618000,1642403720,137750330,1980066920
2021-05-20,5563,5573,5514,5544,243393,-0.35945363048166784,-7846,-5299,-10674,23819,0,47417,100,158117,37088,242722,55263,5399,168791,13269,242722,-43882790,-29491440,-59292070,132666300,0,263782630,557000,880282410,206534040,1351156080,307665420,30048440,939574480,73867740,1351156080
2021-05-21,5554,5584,5534,5584,328679,0.7215007215007215,37623,-2719,-33450,-1454,0,81311,0,229017,17445,327773,43688,2719,262467,18899,327773,209236760,-15206400,-186277010,-7753350,0,453112130,0,1276939730,97306840,1827358700,243875370,15206400,1463216740,105060190,1827358700
2021-05-24,5583,5583,5544,5574,289492,-0.17908309455587393,119456,30,-94626,-24860,0,155321,1030,129747,2596,288694,35865,1000,224373,27456,288694,667286390,157700,-528782540,-138661550,0,867635360,5757700,724159690,14511790,1612064540,200348970,5600000,1252942230,153173340,1612064540
2021-05-25,5584,5584,5564,5584,281212,0.1794043774668102,106764,-4157,-85816,-16791,0,112361,2000,165167,909,280437,5597,6157,250983,17700,280437,596521820,-23239200,-479546220,-93736400,0,627790390,11180000,922695540,5081310,1566747240,31268570,34419200,1402241760,98817710,1566747240
2021-05-26,5584,5594,5574,5594,272339,0.17908309455587393,51991,9642,-56976,-4657,0,66733,15799,189026,30,271588,14742,6157,246002,4687,271588,291063470,54034990,-319017030,-26081430,0,373605150,88505100,1058569960,168000,1520848210,82541680,34470110,1377586990,26249430,1520848210
2021-05-27,5584,5694,5564,5694,762918,1.787629603146228,109796,2528,-335711,223387,0,145504,16231,296315,302764,760814,35708,13703,632026,79377,760814,619298910,15616590,-1905595350,1270679850,0,820778340,92571320,1670278160,1720859430,4304487250,201479430,76954730,3575873510,450179580,4304487250
2021-05-28,5693,5862,5663,5823,1486686,2.265542676501581,107577,8082,-199914,84255,0,215975,54122,999427,213061,1482585,108398,46040,1199341,128806,1482585,621714840,43338860,-1162019770,496966070,0,1252008900,312593860,5803288960,1246321280,8614213000,630294060,269255000,6965308730,749355210,8614213000
2021-05-31,5843,5942,5843,5933,1332833,1.8890606216726773,-6530,32972,181147,-207589,0,203760,45746,994328,85323,1329157,210290,12774,813181,292912,1329157,-39044290,195329390,1074289590,-1230574690,0,1207727430,270979610,5895571490,505550680,7879829210,1246771720,75650220,4821281900,1736125370,7879829210
2021-06-01,5933,6012,5883,5993,1255332,1.0112927692566998,115363,115850,-223199,-8014,0,385225,201352,543480,121813,1251870,269862,85502,766679,129827,1251870,690487380,698137930,-1338255490,-50369820,0,2305942040,1208095910,3251236680,726227760,7491502390,1615454660,509957980,4589492170,776597580,7491502390
2021-06-02,6012,6171,5982,6152,1727125,2.653095277824128,-47526,63694,-214102,197934,0,346569,106725,1021005,248062,1722361,394095,43031,1235107,50128,1722361,-293240570,390927930,-1308377810,1210690450,0,2124031360,654525260,6256744640,1516027310,10551328570,2417271930,263597330,7565122450,305336860,10551328570
2021-06-03,6162,6232,5933,6023,2061311,-2.0968790637191157,104368,-14905,-91294,1831,0,418513,11675,1469149,156288,2055625,314145,26580,1560443,154457,2055625,635044350,-91168440,-550670680,6794770,0,2560115050,70751160,9002896410,955573780,12589336400,1925070700,161919600,9553567090,948779010,12589336400
2021-06-04,6032,6082,5873,5963,1187245,-0.9961813049975096,15304,35229,-36718,-13815,0,219179,35229,818975,110587,1183970,203875,0,855693,124402,1183970,90154240,211206120,-215550810,-85809550,0,1311243320,211206120,4900590050,659106130,7082145620,1221089080,0,5116140860,744915680,7082145620
2021-06-07,5943,6022,5883,6003,742050,0.670803286936106,42237,26272,-32867,-35642,0,173581,26872,508337,31213,740003,131344,600,541204,66855,740003,249863170,157687680,-195796540,-211754310,0,1036948760,161270680,3036157360,186707360,4421084160,787085590,3583000,3231953900,398461670,4421084160
2021-06-08,6032,6032,5963,5983,624990,-0.33316674995835416,134601,-26937,-29923,-77741,0,155987,29853,419077,18349,623266,21386,56790,449000,96090,623266,806692480,-161216520,-179940600,-465535360,0,934897520,178973480,2512998550,110630530,3737500080,128205040,340190000,2692939150,576165890,3737500080
2021-06-09,6003,6122,6003,6093,1026047,1.8385425371887014,103044,-21559,-174652,93167,0,266081,19276,615679,122181,1023217,163037,40835,790331,29014,1023217,630805890,-130924840,-1065717590,565836540,0,1626260100,117901810,3757905210,742799610,6244866730,995454210,248826650,4823622800,176963070,6244866730
2021-06-10,6122,6132,6073,6113,593446,0.32824552765468573,117757,11005,-31321,-97441,0,193692,12247,366578,19292,591809,75935,1242,397899,116733,591809,720221320,67241860,-192086020,-595377160,0,1185012370,74842580,2241120010,118197800,3619172760,464791050,7600720,2433206030,713574960,3619172760
2021-06-11,6113,6162,6093,6123,885619,0.16358580075249468,170924,52692,-236876,13260,0,328273,66283,464951,23669,883176,157349,13591,701827,10409,883176,1050875280,322928900,-1455344730,81540550,0,2018423970,406685080,2856918430,145331230,5427358710,967548690,83756180,4312263160,63790680,5427358710
2021-06-14,6132,6132,6063,6093,663910,-0.4899559039686428,-21026,-12747,87795,-54022,0,109064,15350,527570,10095,662079,130090,28097,439775,64117,662079,-128418660,-77474890,536136100,-330242550,0,666173630,93819710,3222330250,61726210,4044049800,794592290,171294600,2686194150,391968760,4044049800
2021-06-15,6102,6211,6062,6192,1164904,1.6248153618906942,371237,2898,-420569,46434,0,562993,14688,496073,87937,1161691,191756,11790,916642,41503,1161691,2294019190,17112710,-2597198960,286067060,0,3472676500,90329050,3050051280,540634020,7153690850,1178657310,73216340,5647250240,254566960,7153690850
2021-06-16,6191,6201,6132,6152,546757,-0.6459948320413437,85085,21849,25224,-132158,0,163813,21969,330646,28821,545249,78728,120,305422,160979,545249,524949590,134920250,155736690,-815606530,0,1011400700,135661850,2042259500,178192540,3367514590,486451110,741600,1886522810,993799070,3367514590
2021-06-17,6162,6172,6073,6093,633073,-0.959037711313394,-25116,18757,72251,-65892,0,105635,20010,485315,20367,631327,130751,1253,413064,86259,631327,-155598190,114591670,444656230,-403649710,0,647339400,122321110,2976585410,124952320,3871198240,802937590,7729440,2531929180,528602030,3871198240
2021-06-18,6092,6161,6042,6152,735188,0.9683243065813227,161018,8743,-230875,61114,0,216116,44080,381385,91579,733160,55098,35337,612260,30465,733160,979710790,54691840,-1408211190,373808560,0,1315752640,270321130,2324522110,561459610,4472055490,336041850,215629290,3732733300,187651050,4472055490
2021-06-21,6142,6142,6063,6083,573182,-1.121586475942783,-47293,-15700,108621,-45628,0,110502,12300,448209,590,571601,157795,28000,339588,46218,571601,-287906200,-96386300,663505280,-279212780,0,675626190,75098000,2741423230,3608600,3495756020,963532390,171484300,2077917950,282821380,3495756020
2021-06-22,6073,6112,6053,6083,455086,0.0,24631,-63947,-23037,62353,0,83582,8295,268704,93250,453831,58951,72242,291741,30897,453831,149385630,-389085650,-140105140,379805160,0,508865790,50497150,1637148810,568040700,2764552450,359480160,439582800,1777253950,188235540,2764552450
2021-06-23,6072,6082,6033,6043,556496,-0.6575702778234425,118994,8400,-122609,-4785,0,217446,8400,318882,10233,554961,98452,0,441491,15018,554961,723356640,50987000,-745372700,-28970940,0,1321872550,50987000,1936000660,62187730,3371047940,598515910,0,2681373360,91158670,3371047940
2021-06-24,6043,6062,6033,6043,403040,0.0,11874,500,-36767,24393,0,121728,500,252686,27015,401929,109854,0,289453,2622,401929,72170870,3030000,-223136160,147935290,0,738085260,3030000,1532164390,163862240,2437141890,665914390,0,1755300550,15926950,2437141890
2021-06-25,6082,6102,6053,6063,537346,0.33096144299189145,36574,1030,-17363,-20241,0,105963,1600,419703,8598,535864,69389,570,437066,28839,535864,223145870,6312000,-105983100,-123474770,0,645757220,9786000,2557633240,52348460,3265524920,422611350,3474000,2663616340,175823230,3265524920
2021-06-28,6073,6112,6053,6083,786487,0.32986970146792016,157524,16891,-219227,44812,0,198993,17891,484415,83019,784318,41469,1000,703642,38207,784318,959926130,102938080,-1336312060,273447850,0,1212271540,109018080,2951746690,506142470,4779178780,252345410,6080000,4288058750,232694620,4779178780
2021-06-29,5992,6002,5953,5983,692137,-1.643925694558606,14058,-4416,-11206,1564,0,114107,10572,542984,22565,690228,100049,14988,554190,21001,690228,84110450,-26502200,-66838690,9230440,0,683522830,63325560,3252513530,135104690,4134466610,599412380,89827760,3319352220,125874250,4134466610
2021-06-30,5952,5972,5893,5943,778645,-0.6685609226140732,72339,8568,-79787,-1120,0,258079,12009,476732,29678,776498,185740,3441,556519,30798,776498,429504830,51021400,-473922410,-6603820,0,1532720410,71416530,2832899760,176639970,4613676670,1103215580,20395130,3306822170,183243790,4613676670
2021-07-01,5933,5963,5893,5963,529144,0.3365303718660609,3394,-21830,-106735,125171,0,142883,4170,250966,129666,527685,139489,26000,357701,4495,527685,20154660,-129332400,-633820200,742997940,0,847432660,24696800,1488737350,769729720,3130596530,827278000,154029200,2122557550,26731780,3130596530
2021-07-02,5943,6003,5943,6003,582058,0.670803286936106,-134929,-500,-142160,277589,0,101090,0,199369,279994,580453,236019,500,341529,2405,580453,-810061160,-3010000,-855430810,1668501970,0,607200400,0,1197472620,1682864260,3487537280,1417261560,3010000,2052903430,14362290,3487537280
2021-07-05,6043,6052,5983,6043,536231,0.6663334999167083,-88729,8100,-178436,259065,0,93982,8100,138557,294113,534752,182711,0,316993,35048,534752,-537345670,48764000,-1077702700,1566284370,0,567578440,48764000,836988290,1778034800,3231365530,1104924110,0,1914690990,211750430,3231365530
2021-07-06,6032,6032,5983,6033,386276,-0.16548072149594573,96398,2545,-198112,99169,0,131698,5545,114191,133777,385211,35300,3000,312303,34608,385211,580570230,15410450,-1194086210,598105530,0,793640010,33500450,688385310,806675750,2322201520,213069780,18090000,1882471520,208570220,2322201520
2021-07-07,6032,6032,5983,6013,346359,-0.3315100281783524,81624,4381,-176891,90886,0,126820,4381,107592,106611,345404,45196,0,284483,15725,345404,491170330,26369910,-1064984740,547444500,0,763403620,26369910,647750290,642017500,2079541320,272233290,0,1712735030,94573000,2079541320
2021-07-08,6002,6012,5893,5963,624821,-0.8315316813570598,54114,-11838,-143262,100986,0,175287,4162,328554,115095,623098,121173,16000,471816,14109,623098,324208060,-70837230,-857092250,603721420,0,1048394770,25002770,1961548940,688436270,3723382750,724186710,95840000,2818641190,84714850,3723382750
2021-07-09,5933,5963,5853,5963,824097,0.0,174516,-49882,-230066,105432,0,265991,1850,424180,129803,821824,91475,51732,654246,24371,821824,1032335150,-295544280,-1361240240,624449370,0,1573505290,10912000,2510792790,768516960,4863727040,541170140,306456280,3872033030,144067590,4863727040
2021-07-12,5962,5982,5923,5953,427357,-0.1677008217340265,66959,-27799,-90127,50967,0,134702,10250,212971,68256,426179,67743,38049,303098,17289,426179,399848600,-165395840,-538770710,304317950,0,804742370,61490000,1272273130,407860140,2546365640,404893770,226885840,1811043840,103542190,2546365640
2021-07-13,5953,5982,5953,5963,231642,0.16798252981689904,28715,-1000,-52629,24914,0,88363,0,108485,34155,231003,59648,1000,161114,9241,231003,171592190,-5990000,-314596970,148994780,0,528378620,0,648773180,204286430,1381438230,356786430,5990000,963370150,55291650,1381438230
2021-07-14,5942,5962,5923,5923,330872,-0.670803286936106,-69863,950,70295,-1382,0,63200,2950,236981,26829,329960,133063,2000,166686,28211,329960,-415945260,5628000,418492250,-8174990,0,376241700,17558000,1411451200,159859450,1965110350,792186960,11930000,992958950,168034440,1965110350
2021-07-15,5922,5922,5823,5833,880624,-1.5195002532500421,-31787,46242,-26707,12252,0,205427,46262,562431,64075,878195,237214,20,589138,51823,878195,-186896880,271639110,-155272750,70530520,0,1206521730,271756910,3307885840,376423550,5162588030,1393418610,117800,3463158590,305893030,5162588030
2021-07-16,5853,5912,5843,5883,586501,0.8571918395336876,-185434,-7774,-102869,296077,0,82620,0,196316,305948,584884,268054,7774,299185,9871,584884,-1094558000,-45904340,-608276670,1748739010,0,487403030,0,1158428640,1807045800,3452877470,1581961030,45904340,1766705310,58306790,3452877470
2021-07-19,5912,5912,5833,5863,292467,-0.3399626041135475,17277,-5999,-42252,30974,0,61073,1,181396,49191,291661,43796,6000,223648,18217,291661,101949330,-35454100,-249538330,183043100,0,360391900,5900,1069927870,290267000,1720592670,258442570,35460000,1319466200,107223900,1720592670
2021-07-20,5843,5882,5803,5863,388055,0.0,16626,147,-81366,64593,0,57760,5980,236164,87081,386985,41134,5833,317530,22488,386985,97736100,824690,-478743830,380183040,0,339712720,35114400,1387836080,512150170,2274813370,241976620,34289710,1866579910,131967130,2274813370
2021-07-21,5882,5882,5843,5873,309447,0.17056114617090226,49092,-1861,-125466,78235,0,74497,500,137714,95883,308594,25405,2361,263180,17648,308594,288711170,-10982680,-738263300,460534810,0,438222660,2940000,810411080,564469210,1816042950,149511490,13922680,1548674380,103934400,1816042950
2021-07-22,5892,5942,5853,5883,815435,0.17027073046143368,99987,10095,-74059,-36023,0,279900,23665,437237,72384,813186,179913,13570,511296,108407,813186,586282170,60042080,-433539460,-212784790,0,1653142050,140213540,2589916500,428297380,4811569470,1066859880,80171460,3023455960,641082170,4811569470
2021-07-23,5883,5912,5863,5913,243623,0.5099439061703213,98708,-3000,-60813,-34895,0,129550,0,105720,7681,242951,30842,3000,166533,42576,242951,584081370,-17760000,-360306190,-206015180,0,766448690,0,624763590,45433360,1436645640,182367320,17760000,985069780,251448540,1436645640
2021-07-26,5922,5922,5863,5883,263472,-0.5073566717402334,-13073,520,-23493,36046,0,50410,520,159271,52545,262746,63483,0,182764,16499,262746,-76789680,3066000,-138805840,212529520,0,297282230,3066000,939622380,309920130,1549890740,374071910,0,1078428220,97390610,1549890740
2021-07-27,5903,5932,5863,5903,286883,0.3399626041135475,-4666,-3461,5992,2135,0,42726,0,221524,21842,286092,47392,3461,215532,19707,286092,-27819150,-20532950,35634500,12717600,0,252024990,0,1308437770,129047750,1689510510,279844140,20532950,1272803270,116330150,1689510510
2021-07-28,5903,5922,5863,5903,262882,0.0,1106,-1900,-32960,33754,0,29977,100,153176,78904,262157,28871,2000,186136,45150,262157,6490700,-11268000,-195468650,200245950,0,177693300,592000,907051420,467755940,1553092660,171202600,11860000,1102520070,267509990,1553092660
2021-07-29,5912,5922,5883,5913,248271,0.1694053870913095,-24544,8783,14488,1273,0,53213,10853,167369,16152,247587,77757,2070,152881,14879,247587,-144980840,52065490,85337330,7578020,0,314985030,64361290,990187100,95697810,1465231230,459965870,12295800,904849770,88119790,1465231230
2021-07-30,5903,5912,5863,5913,301539,0.0,25252,-4667,-39461,18876,0,114536,0,161259,24913,300708,89284,4667,200720,6037,300708,148966460,-27585310,-232882500,111501350,0,676577350,0,951801740,147129790,1775508880,527610890,27585310,1184684240,35628440,1775508880
2021-08-02,5922,5922,5872,5873,194741,-0.6764755623203111,-5733,99,31132,-25498,0,43096,99,144259,6750,194204,48829,0,113127,32248,194204,-33957480,583110,183823390,-150449020,0,254541550,583110,851813080,39860140,1146797880,288499030,0,667989690,190309160,1146797880
2021-08-03,5872,5872,5843,5853,229151,-0.34054146092286736,6870,100,-22201,15231,0,40955,100,165248,22216,228519,34085,0,187449,6985,228519,40277440,587000,-130199090,89334650,0,240284390,587000,969724670,130399190,1340995250,200006950,0,1099923760,41064540,1340995250
2021-08-04,5832,5892,5813,5823,497250,-0.5125576627370578,-143570,-4300,140528,7342,0,62547,1700,405177,26455,495879,206117,6000,264649,19113,495879,-842404000,-25262000,824303390,43362610,0,365757780,9938000,2373391220,155054030,2904141030,1208161780,35200000,1549087830,111691420,2904141030
2021-08-05,5823,5872,5803,5833,316915,0.17173278378842521,51729,-3900,-68886,21057,0,130214,100,152628,33099,316041,78485,4000,221514,12042,316041,302887600,-22898000,-403385770,123396170,0,762247600,582000,892889100,193847860,1849566560,459360000,23480000,1296274870,70451690,1849566560
2021-08-06,5843,5912,5843,5873,291942,0.6857534716269501,32091,-4971,-26403,-717,0,120461,1000,129714,39962,291137,88370,5971,156117,40679,291137,189251540,-29375530,-156171200,-3704810,0,710582190,5912500,764883550,235943250,1717321490,521330650,35288030,921054750,239648060,1717321490
2021-08-09,5853,5912,5843,5873,233371,0.0,53013,-6000,-54151,7138,0,67073,0,134252,31403,232728,14060,6000,188403,24265,232728,312592360,-35460000,-319074660,41942300,0,395390660,0,790943600,184957150,1371291410,82798300,35460000,1110018260,143014850,1371291410
2021-08-10,5902,5902,5813,5873,312469,0.0,32442,-1000,-99286,67844,0,78656,0,156013,76939,311608,46214,1000,255299,9095,311608,190917220,-5900000,-584226010,399208790,0,462712440,0,916397830,452517940,1831628210,271795220,5900000,1500623840,53309150,1831628210
2021-08-11,5892,5892,5813,5863,415496,-0.17027073046143368,38580,-1000,-67292,29712,0,103367,0,264355,46628,414350,64787,1000,331647,16916,414350,226252430,-5900000,-394832300,174479870,0,606141520,0,1549756260,273698550,2429596330,379889090,5900000,1944588560,99218680,2429596330
2021-08-12,5882,5902,5853,5873,206974,0.17056114617090226,61892,0,-63262,1370,0,70203,0,120867,15334,206404,8311,0,184129,13964,206404,364396050,0,-372455330,8059280,0,413333780,0,711776880,90337790,1215448450,48937730,0,1084232210,82278510,1215448450
2021-08-13,5882,5882,5773,5823,577169,-0.8513536523071683,109919,-50818,-147305,88204,0,145022,4098,288049,138408,575577,35103,54916,435354,50204,575577,640276800,-296561740,-859046260,515331200,0,845153860,23915800,1679161970,808197560,3356429190,204877060,320477540,2538208230,292866360,3356429190
2021-08-17,5853,5863,5684,5714,686917,-1.8718873432938348,151825,15094,-181634,14715,0,214438,17940,380666,71979,685023,62613,2846,562300,57264,685023,871785450,87616540,-1045466100,86064110,0,1232624390,103907200,2192793110,417679080,3947003780,360838940,16290660,3238259210,331614970,3947003780
2021-08-18,5723,5832,5633,5823,653744,1.9075953797689886,74610,-9100,-233488,167978,0,199411,7000,254959,190571,651941,124801,16100,488447,22593,651941,434445870,-53317000,-1346579860,965450990,0,1158520900,39930000,1464538820,1095614340,3758604060,724075030,93247000,2811118680,130163350,3758604060
2021-08-19,5843,5843,5704,5754,580679,-1.184956208140134,109121,-34711,-130492,56082,0,161389,7280,275940,134469,579078,52268,41991,406432,78387,579078,630543140,-200425290,-754484900,324367050,0,933838440,42167600,1595124730,778089150,3349219920,303295300,242592890,2349609630,453722100,3349219920
2021-08-20,5753,5813,5714,5724,687699,-0.5213764337851928,153376,-61299,-222064,129987,0,205179,4000,264128,212495,685802,51803,65299,486192,82508,685802,882493430,-352852560,-1280223920,750583050,0,1181726470,22990000,1521499440,1225989860,3952205770,299233040,375842560,2801723360,475406810,3952205770
2021-08-23,5773,5803,5714,5724,562333,0.0,-25829,-8767,-103146,137742,0,122604,20301,220295,197582,560782,148433,29068,323441,59840,560782,-149236690,-50550200,-598385270,798172160,0,709497280,117737930,1274704470,1143153390,3245093070,858733970,168288130,1873089740,344981230,3245093070
2021-08-24,5744,5783,5734,5744,307508,0.3494060097833683,85147,-21775,-57471,-5901,0,132746,13229,120055,40630,306660,47599,35004,177526,46531,306660,492155660,-125336380,-332377830,-34441450,0,767618930,76676780,693482160,234592890,1772370760,275463270,202013160,1025859990,269034340,1772370760
2021-08-25,5784,5784,5734,5784,219492,0.6963788300835655,68714,-6075,-82666,20027,0,86147,13,89808,42919,218887,17433,6088,172474,22892,218887,396571070,-35071780,-477271150,115771860,0,497348770,75140,518606290,247892200,1263922400,100777700,35146920,995877440,132120340,1263922400
2021-08-26,5793,5803,5754,5774,288992,-0.17289073305670816,22495,-69,5833,-28259,0,54076,51,219252,14816,288195,31581,120,213419,43075,288195,130246100,-399700,33954690,-163801090,0,313535040,295800,1271421180,85885380,1671137400,183288940,695500,1237466490,249686470,1671137400
2021-08-27,5773,5813,5754,5754,339436,-0.3463803255975061,26954,-2519,-56468,32033,0,141098,14,143531,53857,338500,114144,2533,199999,21824,338500,156393520,-14584890,-327578470,185769840,0,817588700,81180,830366570,312127290,1960163740,661195180,14666070,1157945040,126357450,1960163740
2021-08-30,5803,5803,5714,5754,302731,0.0,14942,-4697,-55786,45541,0,44424,313,179393,77766,301896,29482,5010,235179,32225,301896,86262840,-27097850,-322202210,263037220,0,256221710,1809750,1034751450,448922590,1741705500,169958870,28907600,1356953660,185885370,1741705500
2021-08-31,5753,5773,5694,5744,448027,-0.1737921445950643,32957,-2050,-67410,36503,0,100586,100,288158,57948,446792,67629,2150,355568,21445,446792,188624650,-11854400,-386658740,209888490,0,576677380,572000,1652533260,333242420,2563025060,388052730,12426400,2039192000,123353930,2563025060
2021-09-01,5744,5773,5694,5744,480596,0.0,-39336,-2862,30964,11234,0,133093,138,252078,93962,479271,172429,3000,221114,82728,479271,-223657750,-16334640,174203170,65789220,0,763861900,795360,1445380550,540840010,2750877820,987519650,17130000,1271177380,475050790,2750877820
2021-09-02,5763,5763,5564,5624,1383952,-2.0891364902506964,203266,11651,487643,-702560,0,225708,14205,1086012,54210,1380135,22442,2554,598369,756770,1380135,1145041320,65255340,2761649210,-3971945870,0,1271826240,79813140,6132200320,305711940,7789551640,126784920,14557800,3370551110,4277657810,7789551640
2021-09-03,5634,5673,5584,5634,370079,0.17780938833570412,-45734,4418,71610,-30294,0,58980,4418,277922,27739,369059,104714,0,206312,58033,369059,-258899830,24867370,405218740,-171186280,0,333332420,24867370,1569893220,156655780,2084748790,592232250,0,1164674480,327842060,2084748790
2021-09-06,5624,5653,5584,5644,292178,0.1774937877174299,66151,31000,-33198,-63953,0,102360,31000,151762,6250,291372,36209,0,184960,70203,291372,372672720,174546400,-187187970,-360031150,0,576644080,174546400,853200050,35199580,1639590110,203971360,0,1040388020,395230730,1639590110
2021-09-07,5623,5653,5574,5594,385605,-0.885896527285613,11340,13559,77127,-102026,0,107241,13600,217256,46445,384542,95901,41,140129,148471,384542,65300430,76124990,432376190,-573801610,0,603461540,76355000,1220885560,260974860,2161676960,538161110,230010,788509370,834776470,2161676960
2021-09-08,5563,5593,5484,5494,695788,-1.787629603146228,18508,3566,113062,-135136,0,147116,11750,485508,49495,693869,128608,8184,372446,184631,693869,103321210,20110320,625034000,-748465530,0,814666540,65286000,2689670860,274106670,3843730070,711345330,45175680,2064636860,1022572200,3843730070
2021-09-09,5484,5574,5464,5574,438489,1.456133964324718,-3186,27344,-97584,73426,0,126459,28444,138855,143522,437280,129645,1100,236439,70096,437280,-17065100,150854190,-540064660,406275570,0,699636140,156981190,767311720,794332450,2418261500,716701240,6127000,1307376380,388056880,2418261500
2021-09-10,5594,5624,5534,5624,348864,0.897021887334051,48878,5044,-73789,19867,0,94048,5114,180560,68180,347902,45170,70,254349,48313,347902,272926810,28097100,-411980230,110956320,0,526354650,28487000,1011075340,381016110,1946933100,253427840,389900,1423055570,270059790,1946933100
2021-09-13,5623,5633,5574,5604,253725,-0.35561877667140823,15113,974,1431,-17518,0,84375,1106,153574,13971,253026,69262,132,152143,31489,253026,84990260,5462810,8090410,-98543480,0,474234740,6205620,863678700,78472530,1422591590,389244480,742810,855588290,177016010,1422591590
2021-09-14,5604,5623,5564,5604,204041,0.0,37968,7595,8789,-54352,0,50933,7595,133225,11726,203479,12965,0,124436,66078,203479,212939080,42642900,49293910,-304875890,0,285728920,42642900,747349200,65750990,1141472010,72789840,0,698055290,370626880,1141472010
2021-09-15,5603,5613,5534,5554,269618,-0.8922198429693077,54992,2629,-27476,-30145,0,85324,2729,167284,13538,268875,30332,100,194760,43683,268875,306423170,14640540,-153089100,-167974610,0,475458330,15197540,931621770,75456090,1497733730,169035160,557000,1084710870,243430700,1497733730
2021-09-16,5583,5583,5494,5514,300094,-0.7202016564638098,-33175,2201,52945,-21971,0,87643,3901,194355,13368,299267,120818,1700,141410,35339,299267,-182558550,12104530,292257860,-121803840,0,484826890,21573530,1075261060,73909760,1655571240,667385440,9469000,783003200,195713600,1655571240
2021-09-17,5514,5553,5504,5544,278808,0.544069640914037,7877,4322,11792,-23991,0,77608,4322,127587,68522,278039,69731,0,115795,92513,278039,43730690,23943900,65178180,-132852770,0,430721280,23943900,707487810,380662900,1542815890,386990590,0,642309630,513515670,1542815890
2021-09-23,5524,5543,5494,5534,295458,-0.18037518037518038,102396,1000,-68631,-34765,0,119685,1000,129131,44827,294643,17289,0,197762,79592,294643,566787990,5520000,-379793690,-192514300,0,662603820,5520000,714835660,248273220,1631232700,95815830,0,1094629350,440787520,1631232700
2021-09-24,5543,5543,5504,5514,256049,-0.36140224069389226,44190,-36225,26752,-34717,0,75181,1010,173415,5737,255343,30991,37235,146663,40454,255343,244679410,-200334750,147594170,-191938830,0,415931920,5575500,958816800,31760680,1412084900,171252510,205910250,811222630,223699510,1412084900
2021-09-27,5514,5534,5494,5534,347119,0.3627130939426913,-71818,19478,68902,-16562,0,106481,19478,200813,19390,346162,178299,0,131911,35952,346162,-396968210,107592500,380900410,-91524700,0,589216220,107592500,1110651920,107444090,1914904730,986184430,0,729751510,198968790,1914904730
2021-09-28,5533,5533,5504,5504,304812,-0.5421033610408384,70427,13465,-58515,-25377,0,152539,13465,132804,5164,303972,82112,0,191319,30541,303972,390015950,74419510,-324044580,-140390880,0,843839070,74419510,734295760,28544140,1681098480,453823120,0,1058340340,168935020,1681098480
2021-09-29,5493,5513,5454,5484,467911,-0.3633720930232558,111538,11367,-124201,1296,0,198587,11567,220199,36268,466621,87049,200,344400,34972,466621,612550380,62472490,-682453290,7430420,0,1091149860,63575490,1208840290,199633940,2563199580,478599480,1103000,1891293580,192203520,2563199580
2021-09-30,5484,5533,5484,5524,292509,0.7293946024799417,99565,11422,-52887,-58100,0,164727,11422,88773,26781,291703,65162,0,141660,84881,291703,549806330,63007400,-291569590,-321244140,0,910801100,63007400,490624060,147773450,1612206010,360994770,0,782193650,469017590,1612206010
2021-10-01,5523,5543,5464,5514,388373,-0.18102824040550325,104174,5348,-12372,-97150,0,187101,5896,181395,12910,387302,82927,548,193767,110060,387302,575705230,29491070,-68954360,-536241940,0,1031853630,32513950,999989260,71255290,2135612130,456148400,3022880,1068943620,607497230,2135612130
2021-10-05,5513,5523,5434,5454,425234,-1.088139281828074,34299,12106,488,-46893,0,138051,12206,238589,35215,424061,103752,100,238101,82108,424061,187990600,66142600,2414450,-256547650,0,754786410,66689600,1304123270,192702630,2318301910,566795810,547000,1301708820,449250280,2318301910
2021-10-06,5473,5493,5404,5464,410912,0.18335166850018336,142456,-6900,-145027,9471,0,187180,14100,161326,47173,409779,44724,21000,306353,37702,409779,779046120,-37637570,-792841260,51432710,0,1023142830,77284000,880132930,257744720,2238304480,244096710,114921570,1672974190,206312010,2238304480
2021-10-07,5444,5523,5444,5484,329224,0.36603221083455345,63014,5835,-70330,1481,0,157232,7935,118073,45076,328316,94218,2100,188403,43595,328316,346775350,32247200,-387229310,8206760,0,865245650,43818200,648533510,247962300,1805559660,518470300,11571000,1035762820,239755540,1805559660
2021-10-08,5524,5573,5474,5554,412628,1.2764405543398978,152624,-18962,-108027,-25635,0,199781,38,196698,14973,411490,47157,19000,304725,40608,411490,850217790,-104548880,-604116800,-141552110,0,1112704300,212120,1091391800,83465900,2287774120,262486510,104761000,1695508600,225018010,2287774120
2021-10-12,5563,5563,5514,5544,277743,-0.18005041411595246,9618,1828,24774,-36220,0,99854,1828,164822,10473,276977,90236,0,140048,46693,276977,53400200,10117220,137699170,-201216590,0,554917290,10117220,916015140,58144650,1539194300,501517090,0,778315970,259361240,1539194300
2021-10-13,5524,5564,5524,5564,194400,0.36075036075036077,-27731,25000,-5947,8678,0,65173,25000,83787,19904,193864,92904,0,89734,11226,193864,-154158250,139020580,-33080240,48217910,0,362500390,139020580,465966720,110654660,1078142350,516658640,0,499046960,62436750,1078142350
2021-10-14,5524,5563,5524,5554,259992,-0.17972681524083392,-10242,0,11899,-1657,0,119009,0,120952,19314,259275,129251,0,109053,20971,259275,-56248930,0,65417910,-9168980,0,661791040,0,671541130,107358370,1440690540,718039970,0,606123220,116527350,1440690540
2021-10-15,5534,5563,5474,5544,342539,-0.18005041411595246,-4789,6300,1979,-3490,0,111968,6400,180560,42667,341595,116757,100,178581,46157,341595,-26765820,34862000,10961190,-19057370,0,619995920,35418000,998310600,236654970,1890379490,646761740,556000,987349410,255712340,1890379490
2021-10-18,5544,5544,5514,5544,174653,0.0,13181,-6981,4241,-10441,0,77883,400,91441,4448,174172,64702,7381,87200,14889,174172,73229380,-38731240,23429170,-57927310,0,432193100,2216000,507250040,24705880,966365020,358963720,40947240,483820870,82633190,966365020
2021-10-19,5554,5554,5524,5554,256564,0.18037518037518038,1880,2920,5356,-10156,0,123232,2920,112214,17491,255857,121352,0,106858,27647,255857,10795280,16204000,29238310,-56237590,0,684603800,16204000,622884440,97342610,1421034850,673808520,0,593646130,153580200,1421034850
2021-10-20,5554,5683,5544,5634,615154,1.4404033129276197,-77387,19900,-206,57693,0,213526,20000,287998,91934,613458,290913,100,288204,34241,613458,-433567120,112834000,-3496400,324229520,0,1206032270,113400000,1622365080,518044730,3459842080,1639599390,566000,1625861480,193815210,3459842080
2021-10-21,5664,5683,5624,5674,388229,0.7099751508697196,70229,-64379,12563,-18413,0,179531,9123,178069,20436,387159,109302,73502,165506,38849,387159,399470620,-365750120,70754460,-104474960,0,1019700350,51729870,1010377980,116007410,2197815610,620229730,417479990,939623520,220482370,2197815610
2021-10-22,5684,5723,5674,5714,233018,0.7049700387733522,66381,-14319,-44655,-7407,0,110473,381,107328,14194,232376,44092,14700,151983,21601,232376,379102290,-81613560,-254900310,-42588420,0,630988520,2176440,613763790,80945790,1327874540,251886230,83790000,868664100,123534210,1327874540
2021-10-25,5724,5733,5674,5724,177043,0.17500875043752187,51324,-69,-25074,-26181,0,70144,1,95611,10799,176555,18820,70,120685,36980,176555,293582440,-395380,-143303850,-149883210,0,401207060,5720,546370260,61621350,1009204390,107624620,401100,689674110,211504560,1009204390
2021-10-26,5723,5723,5674,5704,243856,-0.3494060097833683,-2368,1810,29654,-29096,0,89736,3880,149118,450,243184,92104,2070,119464,29546,243184,-13285510,10302000,169161870,-166178360,0,513001650,22162400,851867500,2569520,1389601070,526287160,11860400,682705630,168747880,1389601070
2021-10-27,5703,5703,5634,5684,248016,-0.3506311360448808,22495,6830,4117,-33442,0,112749,6830,124147,3606,247332,90254,0,120030,37048,247332,128213770,38734500,23053740,-190002010,0,640670960,38734500,705130850,20520040,1405056350,512457190,0,682077110,210522050,1405056350
2021-10-28,5644,5673,5634,5644,173455,-0.7037297677691766,30767,2884,-20395,-13256,0,98836,2884,67267,3990,172977,68069,0,87662,17246,172977,174361000,16344980,-115631580,-75074400,0,559730040,16344980,380733920,22596090,979405030,385369040,0,496365500,97670490,979405030
2021-10-29,5624,5663,5594,5644,356849,0.0,118737,520,-154948,35691,0,147119,520,135570,72656,355865,28382,0,290518,36965,355865,670630330,2918200,-873060640,199512110,0,831210490,2918200,763975340,408546020,2006650050,160580160,0,1637035980,209033910,2006650050
2021-11-01,5644,5693,5634,5684,279238,0.7087172218284904,109221,4400,-66800,-46821,0,187746,4400,68097,18225,278468,78525,0,134897,65046,278468,622194390,25080000,-380443810,-266830580,0,1069103530,25080000,387402820,103637130,1585223480,446909140,0,767846630,370467710,1585223480
2021-11-02,5664,5693,5634,5674,370404,-0.17593244194229415,157,25867,34072,-60096,0,189617,29067,144773,5926,369383,189460,3200,110701,66022,369383,1260940,147536560,192944620,-341742120,0,1077406450,165680560,821511090,33653120,2098251220,1076145510,18144000,628566470,375395240,2098251220
2021-11-03,5663,5703,5584,5634,245624,-0.7049700387733522,3150,1150,15094,-19394,0,125500,1150,107056,11241,244947,122350,0,91962,30635,244947,17812910,6440000,85169850,-109422760,0,707696030,6440000,603550200,63527840,1381214070,689883120,0,518380350,172950600,1381214070
2021-11-04,5623,5663,5584,5604,227028,-0.5324813631522897,17224,110,-4227,-13107,0,132344,110,85646,8302,226402,115120,0,89873,21409,226402,97381670,618430,-24307200,-73692900,0,745442280,618430,481734230,46780330,1274575270,648060610,0,506041430,120473230,1274575270
2021-11-05,5594,5633,5564,5594,156249,-0.17844396859386152,12620,-44,4006,-16582,0,71574,51,78831,5362,155818,58954,95,74825,21944,155818,70995270,-245450,22207840,-92957660,0,401126090,285600,441164360,30035560,872611610,330130820,531050,418956520,122993220,872611610
2021-11-08,5564,5604,5524,5604,245504,0.1787629603146228,-20234,19649,854,-269,0,69428,19650,136195,19554,244827,89662,1,135341,19823,244827,-112367110,109765360,4105040,-1503290,0,387138190,109770920,758293490,109073780,1364276380,499505300,5560,754188450,110577070,1364276380
2021-11-09,5603,5613,5554,5594,190206,-0.17844396859386152,63492,0,-52776,-10716,0,128477,0,46158,15047,189682,64985,0,98934,25763,189682,355857690,0,-295911960,-59945730,0,719608210,0,258351330,84328050,1062287590,363750520,0,554263290,144273780,1062287590
2021-11-10,5574,5603,5544,5574,243822,-0.3575259206292456,84355,1052,-67897,-17510,0,153561,1052,83670,4867,243150,69206,0,151567,22377,243150,471242740,5870660,-379426040,-97687360,0,857339700,5870660,466575670,27166530,1356952560,386096960,0,846001710,124853890,1356952560
2021-11-11,5603,5613,5554,5594,250237,0.3588087549336204,147241,-55074,-69747,-22420,0,163474,1,78269,7803,249547,16233,55075,148016,30223,249547,826538620,-308990190,-391577310,-125971120,0,917696110,5630,439353950,43786640,1400842330,91157490,308995820,830931260,169757760,1400842330
2021-11-12,5584,5604,5564,5604,211704,0.1787629603146228,55291,-64,-41286,-13941,0,124268,15,71788,15049,211120,68977,79,113074,28990,211120,309936830,-358390,-231405570,-78172870,0,696142070,84010,401503890,84274680,1182004650,386205240,442400,632909460,162447550,1182004650
2021-11-15,5594,5643,5584,5634,196193,0.5353319057815845,35926,1,-7687,-28240,0,43653,1,148103,3895,195652,7727,0,155790,32135,195652,202521720,5650,-43576490,-158950880,0,246060330,5650,833676910,21919060,1101661950,43538610,0,877253400,180869940,1101661950
2021-11-16,5634,5693,5634,5674,289707,0.7099751508697196,22853,-5050,61956,-79759,0,70177,20,215409,3302,288908,47324,5070,153453,83061,288908,129413100,-28733600,352385080,-453064580,0,399158070,114000,1225538050,18733400,1643543520,269744970,28847600,873152970,471797980,1643543520
2021-11-17,5674,5693,5604,5684,323619,0.17624250969333805,111416,-70,-70485,-40861,0,165934,0,144848,11945,322727,54518,70,215333,52806,322727,632908320,-398300,-401038470,-231471550,0,943201260,0,819044910,67943350,1830189520,310292940,398300,1220083380,299414900,1830189520
2021-11-18,5673,5693,5634,5654,351457,-0.5277973258268824,97795,-5000,-88989,-3806,0,130720,0,184062,35706,350488,32925,5000,273051,39512,350488,554752430,-28300000,-504851190,-21601240,0,741901030,0,1043576740,202395150,1987872920,187148600,28300000,1548427930,223996390,1987872920
2021-11-19,5634,5693,5624,5664,189771,0.17686593562079944,102707,-70,-81619,-21018,0,124547,0,57101,7600,189248,21840,70,138720,28618,189248,585232130,-399000,-465411900,-119421230,0,709697580,0,324850750,43321060,1077869390,124465450,399000,790262650,162742290,1077869390
2021-11-22,5663,5683,5644,5654,151215,-0.1765536723163842,72195,0,-56747,-15448,0,80147,0,68103,2548,150798,7952,0,124850,17996,150798,409931380,0,-322191900,-87739480,0,455114380,0,386531510,14448630,856094520,45183000,0,708723410,102188110,856094520
2021-11-23,5644,5683,5634,5644,119681,-0.17686593562079944,46493,127,-21829,-24791,0,61383,2197,55738,33,119351,14890,2070,77567,24824,119351,264298120,699240,-124446110,-140551250,0,348778770,12457540,316164030,187230,677587570,84480650,11758300,440610140,140738480,677587570
2021-11-24,5674,5683,5634,5674,135547,0.5315379163713678,18079,3187,-23006,1740,0,55160,9781,65386,4847,135174,37081,6594,88392,3107,135174,103149770,18005910,-131017630,9861950,0,313241680,55393890,371292770,27530660,767459000,210091910,37387980,502310400,17668710,767459000
2021-11-25,5664,5683,5624,5664,217183,-0.17624250969333805,-11722,1900,25197,-15375,0,32348,8000,167445,8791,216584,44070,6100,142248,24166,216584,-66398970,10511980,143353780,-87466790,0,183042450,45269980,949764050,49839930,1227916410,249441420,34758000,806410270,137306720,1227916410
2021-11-26,5663,5663,5604,5634,194770,-0.5296610169491525,6212,25400,-15193,-16419,0,58061,25400,109989,783,194233,51849,0,125182,17202,194233,35735110,143419430,-86620320,-92534220,0,328071840,143419430,620686650,4431590,1096609510,292336730,0,707306970,96965810,1096609510
2021-11-29,5564,5603,5524,5584,352098,-0.8874689385871495,92902,-3900,-106871,17869,0,150353,6100,158105,36569,351127,57451,10000,264976,18700,351127,519473630,-21863000,-596924980,99314350,0,840351950,34137000,882582820,203842340,1960914110,320878320,56000000,1479507800,104527990,1960914110
2021-11-30,5603,5603,5374,5424,959324,-2.865329512893983,18366,7197,222097,-247660,0,311383,12299,604314,28682,956678,293017,5102,382217,276342,956678,103768080,39383470,1219880410,-1363031960,0,1715284200,67600540,3324348930,155770160,5263003830,1611516120,28217070,2104468520,1518802120,5263003830
2021-12-01,5444,5574,5424,5574,367901,2.765486725663717,180049,-3154,-187503,10608,0,236473,2001,85088,43325,366887,56424,5155,272591,32717,366887,997827870,-17869790,-1035790870,55832790,0,1311859570,10945580,468279610,237833650,2028918410,314031700,28815370,1504070480,182000860,2028918410
2021-12-02,5564,5603,5524,5574,205864,0.0,122902,-14447,-92862,-15593,0,152923,500,36172,15702,205297,30021,14947,129034,31295,205297,687107650,-80903200,-518932680,-87271770,0,855322530,2800000,202367440,87687650,1148177620,168214880,83703200,721300120,174959420,1148177620
2021-12-03,5604,5634,5554,5634,247077,1.0764262648008611,107054,-10400,-94752,-1902,0,134832,29600,62811,19153,246396,27778,40000,157563,21055,246396,602034330,-58386700,-533131750,-10515880,0,758425490,166415470,352951190,107949220,1385741370,156391160,224802170,886082940,118465100,1385741370
2021-12-06,5613,5613,5504,5604,358230,-0.5324813631522897,92680,2200,-110775,15895,0,140401,7200,163685,45956,357242,47721,5000,274460,30061,357242,517132380,12010500,-616260210,87117330,0,783485690,40060500,909627330,255079800,1988253320,266353310,28050000,1525887540,167962470,1988253320
2021-12-07,5613,5613,5534,5584,190854,-0.35688793718772305,24327,38207,-32603,-29931,0,38927,41313,93165,16923,190328,14600,3106,125768,46854,190328,135515280,213017200,-181544690,-166987790,0,216929190,230441860,519615590,94547420,1061534060,81413910,17424660,701160280,261535210,1061534060
2021-12-08,5584,5613,5554,5604,207056,0.35816618911174786,98537,-35776,-23935,-38826,0,102533,1001,88583,14368,206485,3996,36777,112518,53194,206485,552346190,-200391090,-134728640,-217226460,0,574782820,5625590,496076080,80513640,1156998130,22436630,206016680,630804720,297740100,1156998130
2021-12-09,5603,5603,5534,5534,295181,-1.2491077801570307,-14347,-61613,109012,-33052,0,77967,20001,193331,3068,294367,92314,81614,84319,36120,294367,-79332770,-343224790,606932500,-184374940,0,434165380,111355560,1077083340,17112670,1639716950,513498150,454580350,470150840,201487610,1639716950
2021-12-10,5553,5553,5514,5514,143765,-0.36140224069389226,-8497,6073,21308,-18884,0,35382,19000,84686,4301,143369,43879,12927,63378,23185,143369,-46963560,33660700,117881170,-104578310,0,196129920,105415120,469326370,23859960,794731370,243093480,71754420,351445200,128438270,794731370
2021-12-13,5544,5604,5514,5604,203763,1.632208922742111,36202,-5164,-120560,89522,0,47742,100,52486,102873,203201,11540,5264,173046,13351,203201,202293330,-28750840,-674303500,500761010,0,266761730,559000,292782740,575606280,1135709750,64468400,29309840,967086240,74845270,1135709750
2021-12-14,5594,5623,5574,5614,256044,0.17844396859386152,-35944,-200,87390,-51246,0,31967,0,209674,13697,255338,67911,200,122284,64943,255338,-202001500,-1124000,490834820,-287709320,0,179824810,0,1178358620,77065600,1435249030,381826310,1124000,687523800,364774920,1435249030
2021-12-15,5613,5613,5564,5604,103398,-0.17812611328820804,4472,0,-2707,-1765,0,38592,0,57787,6734,103113,34120,0,60494,8499,103113,25082030,0,-15168900,-9913130,0,216780860,0,324724660,37842840,579348360,191698830,0,339893560,47755970,579348360
2021-12-16,5614,5623,5594,5614,160696,0.17844396859386152,50493,-5280,-49083,3870,0,86435,0,63548,10270,160253,35942,5280,112631,6400,160253,283743590,-29726400,-275847690,21830500,0,485973810,0,357770110,57807910,901551830,202230220,29726400,633617800,35977410,901551830
2021-12-17,5613,5613,5544,5544,200538,-1.2468827930174564,20149,-3219,74117,-91047,0,69017,2000,125642,3326,199985,48868,5219,51525,94373,199985,113075200,-18111160,413386390,-508350430,0,387542310,11140000,702872490,18535790,1120090590,274467110,29251160,289486100,526886220,1120090590
2021-12-20,5593,5593,5544,5584,277965,0.7215007215007215,54138,-20770,-79558,46190,0,134979,0,73548,68672,277199,80841,20770,153106,22482,277199,303736500,-116312000,-445123120,257698620,0,754577500,0,409873480,383335440,1547786420,450841000,116312000,854996600,125636820,1547786420
2021-12-21,5584,5614,5534,5614,296585,0.5372492836676217,46670,-699,-35309,-10662,0,164019,1,112088,19659,295767,117349,700,147397,30321,295767,263793150,-3932430,-201158870,-58701850,0,917753160,5570,625304780,110482960,1653546470,653960010,3938000,826463650,169184810,1653546470
2021-12-22,5614,5624,5564,5624,204648,0.17812611328820804,57349,-6884,-56861,6396,0,97517,3616,94287,8664,204084,40168,10500,151148,2268,204084,322598500,-38597810,-319783580,35782890,0,548062990,20322190,529270290,48530400,1146185870,225464490,58920000,849053870,12747510,1146185870
2021-12-23,5624,5624,5594,5624,193052,0.0,79446,5188,-82009,-2625,0,90751,5188,94423,2158,192520,11305,0,176432,4783,192520,447431310,29205490,-461884030,-14752770,0,511173500,29205490,531253480,12148630,1083781100,63742190,0,993137510,26901400,1083781100
2021-12-24,5624,5633,5604,5624,196850,0.0,31763,362,-40796,8671,0,99868,362,83135,12942,196307,68105,0,123931,4271,196307,179105670,2041680,-230059550,48912200,0,562884890,2041680,468605010,72973860,1106505440,383779220,0,698664560,24061660,1106505440
2021-12-27,5634,5634,5604,5634,293276,0.17780938833570412,60332,34997,-111955,16626,0,102406,36000,128500,25561,292467,42074,1003,240455,8935,292467,340304590,197383080,-631486940,93799270,0,577489940,203050000,724534530,144194130,1649268600,237185350,5666920,1356021470,50394860,1649268600
2021-12-28,5634,5653,5614,5644,516490,0.1774937877174299,118833,-501,-212269,93937,0,174100,0,203484,137482,515066,55267,501,415753,43545,515066,672501130,-2835650,-1201518110,531852630,0,985355580,0,1151826260,778296790,2915478630,312854450,2835650,2353344370,246444160,2915478630
2021-12-29,5504,5553,5474,5514,349243,-2.303330970942594,-6402,4710,30231,-28539,0,43186,4720,252421,47953,348280,49588,10,222190,76492,348280,-35508960,25999600,166498360,-156989000,0,238863930,26054900,1395180370,265237070,1925336270,274372890,55300,1228682010,422226070,1925336270
2021-12-30,5514,5543,5514,5534,172202,0.3627130939426913,37804,1,-31934,-5871,0,105725,1,53131,12870,171727,67921,0,85065,18741,171727,209609330,5550,-177177780,-32437100,0,585642130,5550,294350190,71409580,951407450,376032800,0,471527970,103846680,951407450
2022-01-03,5523,5533,5484,5504,212985,-0.5421033610408384,75551,40168,-108262,-7457,0,95575,40168,71334,5321,212398,20024,0,179596,12778,212398,417036210,221727360,-597585460,-41178110,0,527594580,221727360,393687760,29350810,1172360510,110558370,0,991273220,70528920,1172360510
2022-01-04,5493,5513,5444,5444,380341,-1.0901162790697674,53083,39756,-2484,-90355,0,169107,39756,169158,1271,379292,116024,0,171642,91626,379292,292902550,218220210,-15287320,-495835440,0,929661030,218220210,928614680,6981760,2083477680,636758480,0,943902000,502817200,2083477680
2022-01-05,5444,5484,5434,5484,248825,0.7347538574577517,54262,3049,-52189,-5122,0,140699,3050,85219,19171,248139,86437,1,137408,24293,248139,297468450,16678020,-286462170,-27684300,0,770637900,16683500,465893520,105122090,1358337010,473169450,5480,752355690,132806390,1358337010
2022-01-06,5484,5484,5434,5484,196846,0.0,35881,6462,-50911,8568,0,108636,6462,71335,9870,196303,72755,0,122246,1302,196303,197042900,35497280,-279449320,46909140,0,595901930,35497280,390753740,54057540,1076210490,398859030,0,670203060,7148400,1076210490
2022-01-07,5483,5493,5454,5474,136299,-0.18234865061998543,5498,-6716,-25954,27172,0,57839,0,46838,31247,135924,52341,6716,72792,4075,135924,30004810,-36989160,-142507100,149491450,0,317932750,0,257422670,171900950,747256370,287927940,36989160,399929770,22409500,747256370
2022-01-10,5454,5473,5434,5454,164214,-0.36536353671903543,52259,400,-50140,-2519,0,62354,2000,85474,13933,163761,10095,1600,135614,16452,163761,285487010,2170000,-273980690,-13676320,0,340624270,10930000,466671310,76185990,894411570,55137260,8760000,740652000,89862310,894411570
2022-01-11,5454,5473,5434,5454,164509,0.0,99094,-997,-99805,1708,0,109613,1003,43101,10339,164056,10519,2000,142906,8631,164056,541903240,-5483560,-545899400,9479720,0,599432070,5476440,235610600,56609850,897128960,57528830,10960000,781510000,47130130,897128960
2022-01-12,5453,5463,5394,5424,269197,-0.5500550055005501,-270,-10912,14074,-2892,0,79110,13418,168694,7233,268455,79380,24330,154620,10125,268455,-1184900,-59641150,76447590,-15621540,0,430167520,73063920,917355110,39378710,1459965260,431352420,132705070,840907520,55000250,1459965260
2022-01-13,5424,5434,5405,5405,168723,-0.35029498525073743,8601,516,-21419,12302,0,71269,3516,73585,19888,168258,62668,3000,95004,7586,168258,46788760,2800880,-116384610,66794970,0,386622120,19090880,399223230,107959230,912895460,339833360,16290000,515607840,41164260,912895460
2022-01-14,5434,5444,5375,5385,259617,-0.37002775208140615,86494,3800,-89704,-590,0,95856,4100,128936,30009,258901,9362,300,218640,30599,258901,467828480,20530000,-485450670,-2907810,0,518427420,22159000,696564270,162649390,1399800080,50598940,1629000,1182014940,165557200,1399800080
2022-01-17,5384,5394,5335,5375,276056,-0.18570102135561745,92884,43230,-134890,-1224,0,139159,43230,82028,10878,275295,46275,0,216918,12102,275295,498997440,232047100,-724547740,-6496800,0,747319120,232047100,440175810,58450650,1477992680,248321680,0,1164723550,64947450,1477992680
2022-01-18,5374,5384,5335,5365,112591,-0.18604651162790697,52545,7700,-34623,-25622,0,59983,10000,39142,3156,112281,7438,2300,73765,28778,112281,282535780,41300000,-186399230,-137436550,0,322553240,53690000,210483140,17001200,603727580,40017460,12390000,396882370,154437750,603727580
2022-01-19,5344,5344,5275,5285,227938,-1.4911463187325256,64654,10101,4363,-79118,0,84413,10101,127878,4918,227310,19759,0,123515,84036,227310,343548260,53666320,23160380,-420374960,0,448664810,53666320,679929650,26229130,1208489910,105116550,0,656769270,446604090,1208489910
2022-01-20,5265,5314,5265,5265,183949,-0.3784295175023652,21795,14551,-30111,-6235,0,55772,14551,96967,16152,183442,33977,0,127078,22387,183442,115710810,77016810,-159965040,-32762580,0,295543350,77016810,513399440,85621960,971581560,179832540,0,673364480,118384540,971581560
2022-01-21,5265,5325,5255,5325,218685,1.1396011396011396,76005,-2200,-74898,1093,0,93249,3000,111877,9956,218082,17244,5200,186775,8863,218082,402358590,-11625000,-396494890,5761300,0,493769470,15840000,591486260,52605820,1153701550,91410880,27465000,987981150,46844520,1153701550
2022-01-24,5304,5344,5255,5275,224377,-0.9389671361502347,53144,-13022,-17623,-22499,0,86172,3100,121150,13337,223759,33028,16122,138773,35836,223759,281930940,-69084990,-93257300,-119588650,0,457101210,16378000,642631550,70645030,1186755790,175170270,85462990,735888850,190233680,1186755790
2022-01-25,5304,5304,5155,5165,332145,-2.085308056872038,17248,1611,7859,-26718,0,98517,10062,217094,5556,331229,81269,8451,209235,32274,331229,91076390,8641910,40650010,-140368310,0,513844430,52845430,1134554040,28908930,1730152830,422768040,44203520,1093904030,169277240,1730152830
2022-01-26,5145,5204,5135,5175,156760,0.1936108422071636,32321,4294,-40741,4126,0,86842,4800,51850,12836,156328,54521,506,92591,8710,156328,168555260,22300780,-212272220,21416180,0,451933490,24942000,269382200,66734570,812992260,283378230,2641220,481654420,45318390,812992260
2022-01-27,5174,5224,5125,5125,279354,-0.966183574879227,17572,6799,-15565,-8806,0,121614,8000,145243,3727,278584,104042,1201,160808,12533,278584,91251150,35143840,-80905010,-45489980,0,627215150,41320000,750378410,19382500,1438296060,535964000,6176160,831283420,64872480,1438296060
2022-01-28,5105,5184,5085,5165,173329,0.7804878048780488,-5792,2400,15479,-12087,0,49190,2400,112034,9227,172851,54982,0,96555,21314,172851,-29964480,12298000,80442790,-62776310,0,254448340,12298000,578219350,47493000,892458690,284412820,0,497776560,110269310,892458690
2022-02-03,5204,5284,5195,5195,280016,0.5808325266214909,32353,6865,-42909,3691,0,145772,6965,93728,32779,279244,113419,100,136637,29088,279244,172438270,35955850,-226795900,18401780,0,768663750,36483850,491981570,171476350,1468605520,596225480,528000,718777470,153074570,1468605520
2022-02-04,5185,5274,5185,5245,191675,0.9624639076034648,10864,5174,-51458,35420,0,75097,5174,61408,49468,191147,64233,0,112866,14048,191147,57577890,27075980,-271125310,186471440,0,396079670,27075980,323426460,260513680,1007095790,338501780,0,594551770,74042240,1007095790
2022-02-07,5305,5404,5255,5305,343038,1.1439466158245948,30194,18089,-67067,18784,0,142604,22189,107682,69617,342092,112410,4100,174749,50833,342092,162172990,96932180,-357931400,98826230,0,762800730,119008180,574061180,370757150,1826627240,600627740,22076000,931992580,271930920,1826627240
2022-02-08,5324,5384,5305,5305,229830,0.0,2521,-43287,8797,31969,0,83704,8779,82370,54343,229196,81183,52066,73573,22374,229196,15459860,-232545750,45957000,171128890,0,449666740,47060930,441626220,291419600,1229773490,434206880,279606680,395669220,120290710,1229773490
2022-02-09,5364,5374,5305,5315,190280,0.1885014137606032,8137,-29715,29294,-7716,0,79562,8100,91078,11016,189756,71425,37815,61784,18732,189756,44388950,-158941530,156093260,-41540680,0,426555410,43354000,487429630,58792730,1016131770,382166460,202295530,331336370,100333410,1016131770
2022-02-10,5335,5394,5305,5345,207837,0.5644402634054563,72675,-25411,-56267,9003,0,134874,16535,32910,22945,207264,62199,41946,89177,13942,207264,391719940,-137103580,-302503990,47887630,0,725968980,88772800,176694040,122946110,1114381930,334249040,225876380,479198030,75058480,1114381930
2022-02-11,5375,5385,5315,5385,190564,0.7483629560336763,35851,-3417,-41527,9093,0,72923,7411,87403,22302,190039,37072,10828,128930,13209,190039,191985340,-18496980,-222446080,48957720,0,390730920,39657660,468439460,119810860,1018638900,198745580,58154640,690885540,70853140,1018638900
2022-02-14,5374,5384,5315,5355,169370,-0.5571030640668524,97969,10889,-78184,-30674,0,104801,10889,45454,7759,168903,6832,0,123638,38433,168903,526452620,58347460,-419717410,-165082670,0,563143260,58347460,243401720,41549460,906441900,36690640,0,663119130,206632130,906441900
2022-02-15,5355,5384,5335,5365,119218,0.18674136321195145,71315,591,-37283,-34623,0,73468,591,41104,3727,118890,2153,0,78387,38350,118890,383191730,3163850,-200311590,-186043990,0,394770070,3163850,220640080,20026360,638600360,11578340,0,420951670,206070350,638600360
2022-02-16,5385,5405,5355,5405,131427,0.7455731593662628,61673,0,-54272,-7401,0,99674,0,31371,20,131065,38001,0,85643,7421,131065,333063080,0,-293113880,-39949200,0,537841860,0,169065410,107920,707015190,204778780,0,462179290,40057120,707015190
2022-02-17,5404,5434,5374,5434,178348,0.5365402405180388,101093,-42869,-49654,-8570,0,106516,641,58193,12507,177857,5423,43510,107847,21077,177857,548536980,-232410710,-269658880,-46467390,0,578017220,3482440,315990640,67809310,965299610,29480240,235893150,585649520,114276700,965299610
2022-02-18,5434,5493,5404,5484,199379,0.9201324990798674,120594,20,-110678,-9936,0,138567,20,59866,376,198829,17973,0,170544,10312,198829,661214450,109800,-606976890,-54347360,0,759820800,109800,327322610,2062880,1089316090,98606350,0,934299500,56410240,1089316090
2022-02-21,5464,5494,5444,5494,122541,0.18234865061998543,74818,-390,-77239,2811,0,90117,10,24726,7350,122203,15299,400,101965,4539,122203,411321160,-2145000,-424663910,15487750,0,495459860,55000,136021640,40427330,671963830,84138700,2200000,560685550,24939580,671963830
2022-02-22,5484,5493,5434,5484,150404,-0.18201674554058975,76664,1744,-75309,-3099,0,116567,1814,26827,4782,149990,39903,70,102136,7881,149990,421179340,9611540,-413778770,-17012110,0,640081430,9995140,147179500,26249990,823506060,218902090,383600,560958270,43262100,823506060
2022-02-23,5473,5493,5454,5464,129879,-0.36469730123997085,65870,-8218,-39029,-18623,0,96009,230,32709,573,129521,30139,8448,71738,19196,129521,361315010,-45035840,-214088080,-102191090,0,526877050,1259200,179535630,3153490,710825370,165562040,46295040,393623710,105344580,710825370
2022-02-24,5434,5503,5434,5464,306559,0.0,197648,-8751,-205788,16891,0,249648,0,28124,27942,305714,52000,8751,233912,11051,305714,1084192210,-48068300,-1128997450,92873540,0,1369459280,0,154286840,153537420,1677283540,285267070,48068300,1283284290,60663880,1677283540
2022-02-25,5464,5493,5454,5484,243581,0.36603221083455345,186030,0,-110730,-75300,0,205396,0,24322,13192,242910,19366,0,135052,88492,242910,1022678130,0,-608989600,-413688530,0,1129123200,0,133630340,72448250,1335201790,106445070,0,742619940,486136780,1335201790
2022-02-28,5483,5493,5444,5444,230463,-0.7293946024799417,71235,238,1529,-73002,0,110639,238,76803,42148,229828,39404,0,75274,115150,229828,390735260,1301020,7897730,-399934010,0,606649100,1301020,420854920,230324960,1259130000,215913840,0,412957190,630258970,1259130000
2022-03-02,5444,5483,5424,5474,201971,0.5510653930933138,103952,5,-78489,-25468,0,154509,5005,21485,20415,201414,50557,5000,99974,45883,201414,570676540,-222800,-430928640,-139525100,0,848148610,27277200,117774510,111934830,1105135150,277472070,27500000,548703150,251459930,1105135150
2022-03-03,5484,5533,5474,5524,232344,0.9134088417975886,140104,20,-164659,24535,0,180302,20,26684,24698,231704,40198,0,191343,163,231704,773868130,110800,-909392180,135413250,0,995979620,110800,147333280,136313270,1279736970,222111490,0,1056725460,900020,1279736970
2022-03-04,5524,5584,5514,5584,346127,1.0861694424330195,130296,-45949,-174677,90330,0,165325,2513,82829,94506,345173,35029,48462,257506,4176,345173,724961030,-254730480,-972875580,502645030,0,919850750,13975300,461064010,525795630,1920685690,194889720,268705780,1433939590,23150600,1920685690
2022-03-07,5583,5593,5544,5574,211853,-0.17908309455587393,115883,-14053,-88873,-12957,0,148307,1463,50465,11034,211269,32424,15516,139338,23991,211269,646936800,-78375400,-496247180,-72314220,0,827867340,8177870,281737590,61640800,1179423600,180930540,86553270,777984770,133955020,1179423600
2022-03-08,5534,5623,5514,5594,266793,0.3588087549336204,162253,-910,-110453,-50890,0,192549,4390,53561,15558,266058,30296,5300,164014,66448,266058,911478250,-5088000,-621011920,-285378330,0,1081670100,24638000,300171140,87241760,1493721000,170191850,29726000,921183060,372620090,1493721000
2022-03-10,5624,5643,5584,5634,239752,0.7150518412584912,151233,-16326,-126985,-7922,0,185089,1674,42050,10278,239091,33856,18000,169035,18200,239091,853614320,-91892080,-717023500,-44698740,0,1044842840,9463240,237133830,57961920,1349401830,191228520,101355320,954157330,102660660,1349401830
2022-03-11,5604,5674,5604,5674,321611,0.7099751508697196,140377,1696,-163905,21832,0,217741,7996,59248,35739,320724,77364,6300,223153,13907,320724,795416310,9490560,-928927760,124020890,0,1233457920,45201560,335735020,202646050,1817040550,438041610,35711000,1264662780,78625160,1817040550
2022-03-14,5674,5684,5644,5684,188678,0.17624250969333805,55243,-3683,-67255,15695,0,111521,1677,44303,30657,188158,56278,5360,111558,14962,188158,314348570,-20991320,-382586280,89229030,0,634302600,9507680,251855010,174276660,1069941950,319954030,30499000,634441290,85047630,1069941950
2022-03-15,5673,5683,5434,5594,199508,-1.5833919774806475,31190,1098,-31938,-350,0,99598,1098,84851,13411,198958,68408,0,116789,13761,198958,176297500,6225590,-180436410,-2086680,0,561409470,6225590,477341280,75746900,1120723240,385111970,0,657777690,77833580,1120723240
2022-03-16,5594,5633,5594,5624,144159,0.5362888809438684,44167,6076,-54322,4079,0,104155,7945,24772,6890,143762,59988,1869,79094,2811,143762,248678430,34156310,-305758420,22923680,0,586022860,44678780,139328030,38754810,808784480,337344430,10522470,445086450,15831130,808784480
2022-03-17,5663,5663,5564,5614,251065,-0.17780938833570412,51378,-16230,-12999,-22149,0,127576,15667,64834,42296,250373,76198,31897,77833,64445,250373,288531710,-90708090,-73426950,-124396670,0,715594600,88124420,363614440,237560060,1404893520,427062890,178832510,437041390,361956730,1404893520
2022-03-18,5613,5633,5504,5504,370483,-1.9593872461702886,95291,6333,57820,-159444,0,161806,8257,161689,37709,369461,66515,1924,103869,197153,369461,531936190,35185530,320507740,-887629460,0,903536150,46056130,899373200,208929580,2057895060,371599960,10870600,578865460,1096559040,2057895060
2022-03-21,5554,5583,5504,5574,150005,1.2718023255813953,67732,538,-85626,17356,0,96736,638,29810,22408,149592,29004,100,115436,5052,149592,378029790,2993080,-477710370,96687500,0,539986980,3553080,166125320,124811300,834476680,161957190,560000,643835690,28123800,834476680
2022-03-22,5594,5644,5574,5644,186464,1.2558306422676713,74332,-1821,-109274,36763,0,104894,0,23656,57400,185950,30562,1821,132930,20637,185950,418961540,-10252230,-616101840,207392530,0,591113910,0,133183780,324116310,1048414000,172152370,10252230,749285620,116723780,1048414000
2022-03-23,5653,5653,5574,5624,207021,-0.3543586109142452,32406,-1366,1040,-32080,0,108460,12337,85177,476,206450,76054,13703,84137,32556,206450,182339650,-7647130,5851010,-180543530,0,609448550,69363700,478358270,2677180,1159847700,427108900,77010830,472507260,183220710,1159847700
2022-03-24,5604,5674,5604,5674,255688,0.8890469416785207,32848,-5053,-129419,101624,0,101021,2065,45767,106130,254983,68173,7118,175186,4506,254983,186674370,-28750550,-734854980,576931160,0,573213870,11676850,259426990,602484000,1446801710,386539500,40427400,994281970,25552840,1446801710
2022-03-25,5674,5684,5654,5684,188593,0.17624250969333805,26040,-864,-72780,47604,0,91241,7346,32455,57031,188073,65201,8210,105235,9427,188073,148269710,-4904380,-414570000,271204670,0,519380270,41830520,184744720,324834430,1070789940,371110560,46734900,599314720,53629760,1070789940
2022-03-28,5684,5693,5644,5684,185888,0.0,61011,-10773,-53885,3647,0,121243,9227,48351,6555,185376,60232,20000,102236,2908,185376,347481890,-61358370,-306797830,20674310,0,690106710,52491630,275130640,37226300,1054955280,342624820,113850000,581928470,16551990,1054955280
2022-03-29,5683,5693,5644,5674,253644,-0.17593244194229415,76261,-618,-14727,-60916,0,134377,2658,108853,7057,252945,58116,3276,123580,67973,252945,433940480,-3549170,-83839660,-346551650,0,764489060,15124020,619579350,40096560,1439288990,330548580,18673190,703419010,386648210,1439288990
2022-03-30,5674,5714,5674,5714,194683,0.7049700387733522,74996,2874,-90364,12494,0,122389,3229,53606,14922,194146,47393,355,143970,2428,194146,428666500,16419360,-516449820,71363960,0,699279590,18449880,305992410,85204630,1108926510,270613090,2030520,822442230,13840670,1108926510
2022-03-31,5704,5774,5694,5774,342946,1.0500525026251313,97847,-64302,-74196,40651,0,160775,2176,126547,52502,342000,62928,66478,200743,11851,342000,565145090,-371685710,-427792690,234333310,0,928118670,12555530,730128070,302706260,1973508530,362973580,384241240,1157920760,68372950,1973508530
2022-04-01,5744,5784,5744,5784,266285,0.17319016279875304,76027,679,-92114,15408,0,156763,2928,77609,28251,265551,80736,2249,169723,12843,265551,440708970,3873340,-533605750,89023440,0,907715340,16894560,449231260,163450450,1537291610,467006370,13021220,982837010,74427010,1537291610
2022-04-04,5763,5773,5724,5754,288607,-0.5186721991701244,104438,6406,-44631,-66213,0,130337,6476,123309,27689,287811,25899,70,167940,93902,287811,602456600,37005980,-257188910,-382273670,0,752024130,37411280,711863790,159540540,1660839740,149567530,405300,969052700,541814210,1660839740
2022-04-05,5743,5783,5694,5694,510011,-1.0427528675703857,91319,3761,-3533,-91547,0,316648,3866,102390,85701,508605,225329,105,105923,177248,508605,528639600,21708480,-22317230,-528030850,0,1823338500,22315480,588354680,492169010,2926177670,1294698900,607000,610671910,1020199860,2926177670
2022-04-06,5693,5713,5614,5624,612276,-1.2293642430628733,91435,6535,-1445,-96525,0,335435,7971,166724,100457,610587,244000,1436,168169,196982,610587,523041400,37016360,-11419470,-548638290,0,1905333130,45144120,944024580,569286690,3463788520,1382291730,8127760,955444050,1117924980,3463788520
2022-04-07,5624,5683,5614,5644,348567,0.35561877667140823,-9039,1593,-39738,47184,0,182022,3006,87534,75044,347606,191061,1413,127272,27860,347606,-50569700,9074820,-225034060,266528940,0,1029613500,17044140,495150910,424282430,1966090980,1080183200,7969320,720184970,157753490,1966090980
2022-04-08,5634,5724,5634,5724,343478,1.4174344436569808,83268,2995,-60748,-25515,0,207708,4562,62761,67500,342531,124440,1567,123509,93015,342531,475140440,17055830,-347156690,-145039580,0,1186184170,26003400,357950190,385806100,1955943860,711043730,8947570,705106880,530845680,1955943860
2022-04-11,5724,5754,5694,5754,348554,0.5241090146750524,108798,-30704,-74376,-3718,0,214434,0,64173,68986,347593,105636,30704,138549,72704,347593,625839740,-176348570,-427343940,-22147230,0,1232712330,0,368561930,396047940,1997322200,606872590,176348570,795905870,418195170,1997322200
2022-04-12,5743,5773,5714,5734,375725,-0.3475842891901286,111055,-25035,-36323,-49697,0,198051,20000,73651,82987,374689,86996,45035,109974,132684,374689,640282460,-144252150,-210054040,-285976270,0,1141066180,115400000,423769850,477992460,2158228490,500783720,259652150,633823890,763968730,2158228490
2022-04-13,5734,5784,5714,5784,406610,0.8719916288803629,245760,-1559,-104595,-139606,0,303511,0,70178,31800,405489,57751,1559,174773,171406,405489,1421639350,-9040570,-606062440,-806536340,0,1754503900,0,404933030,183613960,2343050890,332864550,9040570,1010995470,990150300,2343050890
2022-04-14,5764,5803,5764,5784,465147,0.0,329213,-7756,-185207,-136250,0,349636,0,49303,64925,463864,20423,7756,234510,201175,463864,1912458470,-45139230,-1075816690,-791502550,0,2031090500,0,286118800,376931180,2694140480,118632030,45139230,1361935490,1168433730,2694140480
2022-04-15,5783,5922,5763,5903,824507,2.057399723374827,205334,-90,-277496,72252,0,375842,3310,262520,180561,822233,170508,3400,540016,108309,822233,1206558580,-528000,-1629756590,423726010,0,2213040740,19529000,1548155620,1061061100,4841786460,1006482160,20057000,3177912210,637335090,4841786460
2022-04-18,5862,5932,5733,5833,442714,-1.1858377096391666,91195,188,-88229,-3154,0,271776,3814,132575,33328,441493,180581,3626,220804,36482,441493,538472050,1182690,-519700380,-19954360,0,1595553530,22453960,776857460,194767860,2589632810,1057081480,21271270,1296557840,214722220,2589632810
2022-04-19,5823,5872,5773,5873,311600,0.6857534716269501,122466,-33827,-84166,-4473,0,216839,172,72815,20915,310741,94373,33999,156981,25388,310741,715185490,-197694950,-491937300,-25553240,0,1265461020,1004500,424316770,122617180,1813399470,550275530,198699450,916254070,148170420,1813399470
2022-04-20,5813,5883,5813,5883,261168,0.17027073046143368,119678,-25347,-86773,-7558,0,214155,0,32577,13716,260448,94477,25347,119350,21274,260448,704862190,-149303830,-510969720,-44588640,0,1261516320,0,191850020,80705460,1534071800,556654130,149303830,702819740,125294100,1534071800
2022-04-21,5883,5912,5873,5903,346983,0.3399626041135475,183094,-79447,-118986,15339,0,245702,10006,59344,30974,346026,62608,89453,178330,15635,346026,1082039250,-468913720,-703662930,90537400,0,1452260990,59135360,350951440,182980080,2045327870,370221740,528049080,1054614370,92442680,2045327870
2022-04-22,5903,5982,5883,5973,604987,1.1858377096391666,267661,-9510,-376637,118486,0,382119,500,100064,120636,603319,114458,10010,476701,2150,603319,1603285700,-56773360,-2252155190,705642850,0,2285705050,2955000,597086770,718479370,3604226190,682419350,59728360,2849241960,12836520,3604226190
2022-04-25,5953,5992,5953,5983,539608,0.16742005692281936,50679,-1749,-49359,429,0,291502,3255,184875,58488,538120,240823,5004,234234,58059,538120,303338400,-10561140,-295538080,2760820,0,1748103320,19512860,1108976880,351060390,3227653450,1444764920,30074000,1404514960,348299570,3227653450
2022-04-26,5982,5982,5953,5973,349136,-0.1671402306535183,167345,-37099,-117886,-12360,0,257175,500,78372,12126,348173,89830,37599,196258,24486,348173,1002149450,-222266000,-705881200,-74002250,0,1540501790,2995000,469282220,72629920,2085408930,538352340,225261000,1175163420,146632170,2085408930
2022-04-27,5963,5972,5903,5963,453968,-0.16742005692281936,126203,-2375,-141380,17552,0,317928,3325,90252,41211,452716,191725,5700,231632,23659,452716,753652490,-14243240,-843523120,104113870,0,1893798300,19737130,536712180,244939730,2695187340,1140145810,33980370,1380235300,140825860,2695187340
2022-04-28,5962,5962,5833,5853,401349,-1.8447090390742913,128763,-9850,-125313,6400,0,269006,150,109443,21643,400242,140243,10000,234756,15243,400242,759138560,-58114260,-738188540,37164240,0,1583888860,882000,644266710,127402800,2356440370,824750300,58996260,1382455250,90238560,2356440370
2022-04-29,5903,5952,5873,5923,253168,1.1959678797198017,93035,-11299,-98502,16766,0,177517,1,45227,29725,252470,84482,11300,143729,12959,252470,550057480,-66788080,-582453770,99184370,0,1050575600,5920,268028950,175886430,1494496900,500518120,66794000,850482720,76702060,1494496900
2022-05-02,5903,5943,5893,5943,252931,0.3376667229444538,95274,-200,-113361,18287,0,175272,0,49369,27593,252234,79998,200,162730,9306,252234,565584150,-1190000,-672870880,108476730,0,1040434930,0,292688710,163603650,1496727290,474850780,1190000,965559590,55126920,1496727290
2022-05-03,5912,5942,5783,5823,355531,-2.0191822311963654,-58399,654,46734,11011,0,150748,6579,172604,24620,354551,209147,5925,125870,13609,354551,-342004620,3719910,274032360,64252350,0,884439480,38499740,1011704090,144365070,2079008380,1226444100,34779830,737671730,80112720,2079008380
2022-05-04,5843,5843,5744,5784,320547,-0.6697578567748583,-35436,3116,-25674,57994,0,151961,3116,96239,68347,319663,187397,0,121913,10353,319663,-204697130,18000720,-148732980,335429390,0,879574630,18000720,557086080,395505860,1850167290,1084271760,0,705819060,60076470,1850167290
2022-05-06,5743,5783,5704,5734,221497,-0.8644536652835408,-39138,3100,35239,799,0,72720,3100,130120,14946,220886,111858,0,94881,14147,220886,-224602660,17795000,202215560,4592100,0,418251540,17795000,748423070,85978330,1270447940,642854200,0,546207510,81386230,1270447940
2022-05-09,5744,5793,5734,5754,162426,0.3487966515521451,67008,967,-49551,-18424,0,99511,967,50751,10749,161978,32503,0,100302,29173,161978,387147550,5585360,-286365090,-106367820,0,574775250,5585360,293024580,62091100,935476290,187627700,0,579389670,168458920,935476290
2022-05-10,5744,5744,5644,5744,259057,-0.1737921445950643,-28173,2101,-12797,38869,0,89127,2101,92848,74267,258343,117300,0,105645,35398,258343,-160063850,11976730,-73358410,221445530,0,509330440,11976730,529766970,424030360,1475104500,669394290,0,603125380,202584830,1475104500
2022-05-11,5753,5812,5723,5803,240353,1.027158774373259,100047,-3813,-102959,6725,0,110620,1000,25173,102897,239690,10573,4813,128132,96172,239690,581677200,-21971900,-598131200,38425900,0,643163880,5800000,146193450,597377510,1392534840,61486680,27771900,744324650,558951610,1392534840
2022-05-12,5803,5803,5734,5734,237442,-1.1890401516457005,135002,902,-58333,-77571,0,155822,1002,48863,31100,236787,20820,100,107196,108671,236787,781762160,5216620,-337856810,-449121970,0,902489730,5791620,282937470,180010050,1371228870,120727570,575000,620794280,629132020,1371228870
2022-05-13,5734,5783,5724,5764,157490,0.5231949773282176,44511,18,-14528,-30001,0,86337,19,41938,28762,157056,41826,1,56466,58763,157056,256684410,103780,-84029060,-172759130,0,497870190,109540,241356470,165953310,905289510,241185780,5760,325385530,338712440,905289510
2022-05-16,5764,5813,5764,5784,196187,0.3469812630117973,69151,2011,-26614,-44548,0,145376,2011,40981,7278,195646,76225,0,67595,51826,195646,402055810,11663910,-155019060,-258700660,0,844635500,11663910,237964530,42237670,1136501610,442579690,0,392983590,300938330,1136501610
2022-05-17,5812,5832,5763,5793,212958,0.15560165975103735,87176,761,-23390,-64547,0,146333,2000,53652,10386,212371,59157,1239,77042,74933,212371,506722750,4384240,-136469070,-374637920,0,850541490,11620000,311766000,60360190,1234287680,343818740,7235760,448235070,434998110,1234287680
2022-05-18,5753,5822,5753,5803,166805,0.17262213015708613,41986,-8140,-36209,2363,0,94086,246,13454,58559,166345,52100,8386,49663,56196,166345,244322330,-47206320,-210732730,13616720,0,547082900,1425460,78104540,340504160,967117060,302760570,48631780,288837270,326887440,967117060
2022-05-19,5744,5803,5724,5754,147338,-0.8443908323281062,27559,-291,275,-27543,0,93020,5,48604,5303,146932,65461,296,48329,32846,146932,159028360,-1676160,1444530,-158796730,0,536151060,28800,280014590,30533440,846727890,377122700,1704960,278570060,189330170,846727890
2022-05-20,5783,5822,5753,5813,170035,1.0253736531108792,84077,-4507,-62426,-17144,0,117765,1985,6167,43649,169566,33688,6492,68593,60793,169566,489761720,-26150950,-363802840,-99807930,0,686079060,11563700,35858700,254323260,987824720,196317340,37714650,399661540,354131190,987824720
2022-05-23,5813,5813,5783,5813,114318,0.0,73555,5,-54084,-19476,0,77732,1005,14194,21072,114003,4177,1000,68278,40548,114003,427768870,9050,-314496050,-113281870,0,452057780,5829050,82511310,122589810,662987950,24288910,5820000,397007360,235871680,662987950
2022-05-24,5822,5832,5773,5813,126935,0.0,67441,-5120,-43519,-18802,0,86782,21,22714,17068,126585,19341,5141,66233,35870,126585,393334790,-29901380,-253837130,-109596280,0,506010110,122060,132442670,99484280,738059120,112675320,30023440,386279800,209080560,738059120
2022-05-25,5813,5882,5793,5873,348285,1.0321692757612249,129966,-14083,-110320,-5563,0,183091,10170,29165,124899,347325,53125,24253,139485,130462,347325,762888030,-82872150,-648165860,-31850020,0,1075063840,59824470,171356820,734557360,2040802490,312175810,142696620,819522680,766407380,2040802490
2022-05-26,5893,5973,5873,5973,526804,1.7027073046143366,52736,-11148,-290185,248597,0,134168,35275,79718,276190,525351,81432,46423,369903,27593,525351,316119570,-68437470,-1732539270,1484857170,0,801368300,208428060,476177310,1649475330,3135449000,485248730,276865530,2208716580,164618160,3135449000
2022-05-27,5982,5982,5953,5973,377746,0.0,49088,-38190,-128391,117493,0,161162,1,42574,172967,376704,112074,38191,170965,55474,376704,294174200,-228507500,-769169150,703502450,0,965186360,5990,254953020,1035767810,2255913180,671012160,228513490,1024122170,332265360,2255913180
2022-05-30,5943,5982,5933,5973,292251,0.0,72247,-4014,-115559,47326,0,141489,2026,48206,99724,291445,69242,6040,163765,52398,291445,431615930,-24064260,-690104550,282552880,0,845337220,12054740,287926920,595496990,1740815870,413721290,36119000,978031470,312944110,1740815870
2022-05-31,5983,6003,5963,6003,606707,0.5022601707684581,84953,-4600,-296003,215650,0,217376,500,54011,333147,605034,132423,5100,350014,117497,605034,509769050,-27612000,-1777160730,1295003680,0,1304672660,2990000,324103150,2002070240,3633836050,794903610,30602000,2101263880,707066560,3633836050
2022-06-02,5963,6092,5963,6043,1100770,0.6663334999167083,-346017,-78631,-339082,763730,0,141940,0,135860,819934,1097734,487957,78631,474942,56204,1097734,-2098230040,-475253720,-2060580700,4634064460,0,861047030,0,823384640,4975401830,6659833500,2959277070,475253720,2883965340,341337370,6659833500
2022-06-03,6043,6072,5993,6073,364508,0.4964421644878371,81249,-10100,-217185,146036,0,153423,10000,19137,180943,363503,72174,20100,236322,34907,363503,493932990,-61408000,-1319774400,887249410,0,932454540,60800000,116075180,1099193030,2208522750,438521550,122208000,1435849580,211943620,2208522750
2022-06-07,6073,6092,6033,6083,640973,0.16466326362588507,-186101,16942,-187052,356211,0,109497,17042,97004,415662,639205,295598,100,284056,59451,639205,-1135082290,103077480,-1139008220,2171013030,0,667616280,103687480,591030220,2532922460,3895256440,1802698570,610000,1730038440,361909430,3895256440
2022-06-08,6093,6122,6083,6113,531272,0.4931777083675818,-59380,21211,-244731,282900,0,124665,26311,70295,308536,529807,184045,5100,315026,25636,529807,-363103240,129284130,-1496979190,1730798300,0,762591330,160497130,429929050,1887480040,3240497550,1125694570,31213000,1926908240,156681740,3240497550
2022-06-09,6112,6122,6093,6113,404268,0.0,-77389,69055,-177728,186062,0,60611,75500,54990,212052,403153,138000,6445,232718,25990,403153,-473960700,422582560,-1088620370,1139998510,0,371223630,462005000,336957220,1299220500,2469406350,845184330,39422440,1425577590,159221990,2469406350
2022-06-10,6112,6132,6043,6043,470870,-1.1451006052674628,-208459,134278,-86318,160499,0,88285,141678,48653,190956,469572,296744,7400,134971,30457,469572,-1271863910,819091270,-528030410,980803050,0,538485720,864453270,296931040,1166883170,2866753200,1810349630,45362000,824961450,186080120,2866753200
2022-06-13,6022,6042,5983,5983,578655,-0.9928843289756742,71234,27703,-314714,215777,0,117623,58117,63552,337767,577059,46389,30414,378266,121990,577059,429567060,166856450,-1899287360,1302863850,0,709538680,349342450,383327770,2038826400,3481035300,279971620,182486000,2282615130,735962550,3481035300
2022-06-14,5903,6012,5903,5973,536678,-0.1671402306535183,47561,-3347,-164315,120101,0,152629,202,85749,296618,535198,105068,3549,250064,176517,535198,285365240,-20154930,-987094930,721884620,0,916018960,1210000,514339050,1781384330,3212952340,630653720,21364930,1501433980,1059499710,3212952340
2022-06-15,5913,6012,5913,5973,458674,0.0,-116763,45898,-186373,257238,0,24260,51999,63984,317166,457409,141023,6101,250357,59928,457409,-700944240,274936970,-1119267560,1545274830,0,145736660,311495980,383377480,1904999040,2745609160,846680900,36559010,1502645040,359724210,2745609160
2022-06-16,5983,6062,5973,5993,585963,0.3348401138456387,-182261,27345,-66368,221284,0,15065,29115,64502,475665,584347,197326,1770,130870,254381,584347,-1097221870,163723050,-401144070,1334642890,0,90749740,174413850,388759170,2869058740,3522981500,1187971610,10690800,789903240,1534415850,3522981500
2022-06-17,5983,5992,5673,5983,5192459,-0.1668613382279326,-225209,110757,-174271,288723,0,192872,121658,311947,4551658,5178135,418081,10901,486218,4262935,5178135,-1353295070,656588030,-1062609800,1759316840,0,1121680980,721925940,1811786600,27160781350,30816174870,2474976050,65337910,2874396400,25401464510,30816174870
2022-06-20,5953,5963,5704,5704,289527,-4.66321243523316,-2285,10755,-33642,25172,0,93086,10901,126682,58060,288729,95371,146,160324,32888,288729,-10291690,62588040,-199108970,146812620,0,544250130,63446480,738215550,339063520,1684975680,554541820,858440,937324520,192250900,1684975680
2022-06-21,5683,5753,5644,5644,287637,-1.0518934081346423,28153,300,-54877,26424,0,84434,5300,137382,59728,286844,56281,5000,192259,33304,286844,159977080,1919960,-312099850,150202810,0,480074570,30519960,782805370,340370220,1633770120,320097490,28600000,1094905220,190167410,1633770120
2022-06-22,5663,5673,5524,5524,306444,-2.1261516654854713,39732,-271,-32555,-6906,0,135791,329,118398,51081,305599,96059,600,150953,57987,305599,225808080,-1538520,-184997720,-39271840,0,763740810,1845480,663444780,286907940,1715939010,537932730,3384000,848442500,326179780,1715939010
2022-06-23,5514,5554,5395,5415,308227,-1.9732078204199854,37252,17628,-34552,-20328,0,104057,17628,107009,78683,307377,66805,0,141561,99011,307377,204078760,96434600,-187811540,-112701820,0,567838840,96434600,585377130,429044840,1678695410,363760080,0,773188670,541746660,1678695410
2022-06-24,5394,5523,5374,5514,226002,1.8282548476454294,60447,1928,34433,-96808,0,121430,13898,81009,9042,225379,60983,11970,46576,105850,225379,332230700,10438350,189115840,-531784890,0,666829660,76236090,443803010,49321620,1236190380,334598960,65797740,254687170,581106510,1236190380
2022-06-27,5554,5623,5524,5614,207226,1.8135654697134567,27323,13570,-8102,-32791,0,78104,14721,57521,56309,206655,50781,1151,65623,89100,206655,153242630,75857400,-45977320,-183122710,0,436439060,82251140,320807930,314301890,1153800020,283196430,6393740,366785250,497424600,1153800020
2022-06-28,5634,5643,5504,5634,411157,0.3562522265764161,7678,15280,-19474,-3484,0,138554,15280,108075,148114,410023,130876,0,127549,151598,410023,47586140,85546650,-114073110,-19059680,0,777527590,85546650,602547690,831673880,2297295810,729941450,0,716620800,850733560,2297295810
2022-06-29,5523,5523,5434,5464,199797,-3.017394391196308,-15101,12937,36081,-33917,0,25157,12937,84876,76276,199246,40258,0,48795,110193,199246,-82804710,70824510,197140890,-185160690,0,137543530,70824510,464547560,417797600,1090713200,220348240,0,267406670,602958290,1090713200
2022-06-30,5464,5464,5345,5355,282772,-1.9948755490483163,-8004,2462,-6106,11648,0,47115,2523,84189,148165,281992,55119,61,90295,136517,281992,-43731260,13269950,-33678880,64140190,0,254984240,13600850,454557430,802949630,1526092150,298715500,330900,488236310,738809440,1526092150
2022-07-01,5364,5454,5295,5315,236789,-0.7469654528478058,104800,3888,-19505,-89183,0,120084,4108,66819,45125,236136,15284,220,86324,134308,236136,563971650,20821480,-106496980,-478296150,0,646551620,21996880,359468540,244000800,1272017840,82579970,1175400,465965520,722296950,1272017840
2022-07-04,5374,5374,5215,5255,249485,-1.1288805268109126,-53674,10208,-24697,68163,0,40063,11244,59353,138137,248797,93737,1036,84050,69974,248797,-282924940,53792390,-129861290,358993840,0,210849730,59248110,312929730,727112580,1310140150,493774670,5455720,442791020,368118740,1310140150
2022-07-05,5255,5424,5205,5405,231824,2.8544243577545196,23040,-4219,-84426,65605,0,70955,100,27460,132670,231185,47915,4319,111886,67065,231185,126464760,-22374670,-450948420,346858330,0,381156990,542000,145858530,705363680,1232921200,254692230,22916670,596806950,358505350,1232921200
2022-07-06,5404,5414,5355,5385,120349,-0.37002775208140615,2766,-270,-36825,34329,0,21437,230,10421,87930,120018,18671,500,47246,53601,120018,14994270,-1459700,-198622570,185088000,0,115760710,1241300,56204710,474242530,647449250,100766440,2701000,254827280,289154530,647449250
2022-07-07,5384,5384,5305,5335,108953,-0.9285051067780872,27265,5300,14166,-46731,0,31403,5300,64370,7580,108653,4138,0,50204,54311,108653,145908740,28310000,75891430,-250110170,0,168036770,28310000,344162920,40600120,581109810,22128030,0,268271490,290710290,581109810
2022-07-08,5374,5374,5275,5275,108117,-1.1246485473289598,15283,4843,-3737,-16389,0,22081,4843,60626,20269,107819,6798,0,64363,36658,107819,81402190,25729470,-19660730,-87470930,0,117515010,25729470,322642900,107856170,573743550,36112820,0,342303630,195327100,573743550
2022-07-11,5314,5314,5235,5235,105641,-0.7582938388625593,317,9694,4703,-14714,0,13268,9694,66071,16317,105350,12951,0,61368,31031,105350,1827010,51103320,24634440,-77564770,0,69908960,51103320,348058870,85959950,555031100,68081950,0,323424430,163524720,555031100
2022-07-12,5234,5234,5175,5195,109080,-0.7640878701050621,-15652,5170,-14458,24940,0,20344,5220,27524,55692,108780,35996,50,41982,30752,108780,-81498470,27006100,-75443350,129935720,0,106229040,27268100,143429860,290398380,567325380,187727510,262000,218873210,160462660,567325380
2022-07-13,5224,5244,5165,5165,107077,-0.5774783445620789,-19591,1947,11411,6233,0,18982,2047,42108,43645,106782,38573,100,30697,37412,106782,-102371760,10142960,59379310,32849490,0,98774270,10660960,219423650,227742730,556601610,201146030,518000,160044340,194893240,556601610
2022-07-14,5134,5184,5085,5095,139061,-1.3552758954501452,-12715,3002,27555,-17842,0,24074,3052,95123,16429,138678,36789,50,67568,34271,138678,-65041550,15462320,141489010,-91909780,0,123755450,15717820,488612770,84443180,712529220,188797000,255500,347123760,176352960,712529220
2022-07-15,5125,5125,5016,5056,218203,-0.7654563297350344,-128193,3800,53915,70478,0,13846,3800,98149,101807,217602,142039,0,44234,31329,217602,-646811950,19201000,272088740,355522210,0,69978810,19201000,495549910,514017920,1098747640,716790760,0,223461170,158495710,1098747640
2022-07-18,5055,5055,5006,5046,194605,-0.19778481012658228,-65299,-1779,87173,-20095,0,32072,13221,132625,16151,194069,97371,15000,45452,36246,194069,-329179080,-9125520,439682090,-101377490,0,161935990,66774480,669181220,81539850,979431540,491115070,75900000,229499130,182917340,979431540
2022-07-19,5065,5095,5016,5046,121412,0.0,-54769,372,27372,27025,0,13986,600,57597,48895,121078,68755,228,30225,21870,121078,-276409110,1867760,137848710,136692640,0,70699810,3024000,291274460,247507180,612505450,347108920,1156240,153425750,110814540,612505450
2022-07-20,5055,5125,5026,5036,221352,-0.19817677368212444,-78534,3099,49055,26380,0,29246,3100,125891,62505,220742,107780,1,76836,36125,220742,-398881540,15708920,249640250,133532370,0,148595460,15714000,639145210,317597540,1121052210,547477000,5080,389504960,184065170,1121052210
2022-07-21,5035,5065,4986,5026,250653,-0.19857029388403494,-107922,9941,92877,5104,0,37915,9941,151115,50991,249962,145837,0,58238,45887,249962,-541435320,49926410,466157090,25351820,0,190896590,49926410,759123430,256360250,1256306680,732331910,0,292966340,231008430,1256306680
2022-07-22,5045,5055,5006,5026,145974,0.0,-44089,2349,36050,5690,0,57759,2349,62120,23344,145572,101848,0,26070,17654,145572,-222036100,11815470,181489380,28731250,0,290775840,11815470,312769440,117622710,732983460,512811940,0,131280060,88891460,732983460
2022-07-25,5045,5045,4971,4986,448858,-0.7958615200955035,-315364,2200,268325,44839,0,34445,2200,338315,72660,447620,349809,0,69990,27821,447620,-1576227875,11018500,1341367655,223841720,0,172177820,11018500,1691299355,362993340,2237489015,1748405695,0,349931700,139151620,2237489015
2022-07-26,5006,5046,4986,5046,487532,1.203369434416366,-358626,6094,3682,348850,0,31726,6094,84692,363676,486188,390352,0,81010,14826,486188,-1800102980,30569820,16653260,1752879900,0,159504620,30569820,424515810,1827477130,2442067380,1959607600,0,407862550,74597230,2442067380
2022-07-27,5045,5045,4981,5006,257813,-0.7927070947284978,-155383,1398,133272,20713,0,48201,1410,167699,39792,257102,203584,12,34427,19079,257102,-777728425,7004740,667068425,103655260,0,241745900,7065000,839566550,199377980,1287755430,1019474325,60260,172498125,95722720,1287755430
2022-07-28,5015,5025,4981,4986,258730,-0.3995205753096284,-149952,200,166583,-16831,0,40694,200,208208,8915,258017,190646,0,41625,25746,258017,-750592505,1000750,833751135,-84159380,0,203578155,1000750,1042089375,44723420,1291391700,954170660,0,208338240,128882800,1291391700
2022-07-29,5015,5065,4995,5065,294537,1.5844364219815485,-98317,-6075,58659,45733,0,84478,1100,145929,62218,293725,182795,7175,87270,16485,293725,-495444700,-30601660,295284460,230761900,0,426202170,5533000,735991590,313997320,1481724080,921646870,36134660,440707130,83235420,1481724080
2022-08-01,5075,5095,5035,5095,274904,0.5923000987166831,-27180,4495,23860,-1175,0,119772,4595,90244,59535,274146,146952,100,66384,60710,274146,-137639950,22828910,120615440,-5804400,0,608999850,23335910,458165630,302367240,1392868630,746639800,507000,337550190,308171640,1392868630
2022-08-02,5085,5124,5055,5085,218526,-0.19627085377821393,-53399,-188,34734,18853,0,61516,300,90560,65548,217924,114915,488,55826,46695,217924,-271139070,-963700,176199390,95903380,0,313363510,1524100,460796940,333474890,1109159440,584502580,2487800,284597550,237571510,1109159440
2022-08-03,5084,5084,5035,5065,251989,-0.39331366764995085,-73381,17101,48847,7433,0,87426,17101,88790,57977,251294,160807,0,39943,50544,251294,-371524730,86694160,247548670,37281900,0,443851350,86694160,450250800,294171520,1274967830,815376080,0,202702130,256889620,1274967830
2022-08-04,5075,5085,5006,5026,365240,-0.7699901283316881,44019,2402,62337,-108758,0,117492,2402,133236,111103,364233,73473,0,70899,219861,364233,221702970,12113100,314529260,-548345330,0,592950970,12113100,672075210,560547168,1837686448,371248000,0,357545950,1108892498,1837686448
2022-08-05,5065,5074,5025,5065,192066,0.7759649820931158,-68819,-300,30570,38549,0,82397,0,64218,44922,191537,151216,300,33648,6373,191537,-348224800,-1521500,154654680,195091620,0,417191770,0,325156670,227464470,969812910,765416570,1521500,170501990,32372850,969812910
2022-08-08,5065,5065,5026,5026,202614,-0.7699901283316881,-108230,68,81350,26812,0,24894,70,110266,66826,202056,133124,2,28916,40014,202056,-546446340,343380,411140870,134962090,0,126091090,353500,557395250,337798540,1021638380,672537430,10120,146254380,202836450,1021638380
2022-08-09,5046,5085,5016,5046,364935,0.39793076004775174,-193044,4801,109835,78408,0,66921,4801,155571,136636,363929,259965,0,45736,58228,363929,-972958600,24266040,553047070,395645490,0,337715740,24266040,784151190,689169380,1835302350,1310674340,0,231104120,293523890,1835302350
2022-08-10,5016,5055,5006,5016,236895,-0.5945303210463734,-70419,300,86188,-16069,0,37450,300,127053,71439,236242,107869,0,40865,87508,236242,-354651630,1509000,434103820,-80961190,0,188893730,1509000,640036010,359928470,1190367210,543545360,0,205932190,440889660,1190367210
2022-08-11,5045,5085,5025,5085,324921,1.375598086124402,-10265,732,-49613,59146,0,63455,732,78920,180918,324025,73720,0,128533,121772,324025,-51736770,3725870,-252356550,300367450,0,322313500,3725870,400436770,918588890,1645065030,374050270,0,652793320,618221440,1645065030
2022-08-12,5085,5085,5026,5056,252294,-0.5703048180924287,-65681,398,67943,-2660,0,53600,400,128151,69448,251599,119281,2,60208,72108,251599,-332224860,2013850,343803360,-13592350,0,271447880,2024000,648647010,351646150,1273765040,603672740,10150,304843650,365238500,1273765040
2022-08-16,5065,5085,5045,5085,280113,0.5735759493670887,-17620,-2627,66190,-45943,0,81400,1973,142305,53663,279341,99020,4600,76115,99606,279341,-89017640,-13302150,335395520,-233075730,0,413221830,10022850,722093070,272398700,1417736450,502239470,23325000,386697550,505474430,1417736450
2022-08-17,5085,5094,5055,5085,212375,0.0,30783,15002,6811,-52596,0,98864,15002,74543,23381,211790,68081,0,67732,75977,211790,157056000,76310190,34176560,-267542750,0,503236590,76310190,379162040,118955990,1077664810,346180590,0,344985480,386498740,1077664810
2022-08-18,5075,5085,5055,5085,166422,0.0,-25094,12000,41151,-28057,0,52522,12000,77439,24002,165963,77616,0,36288,52059,165963,-127270110,60950000,208942420,-142622310,0,267131490,60950000,393570460,122013960,843665910,394401600,0,184628040,264636270,843665910
2022-08-19,5085,5134,5075,5125,234453,0.7866273352999017,49705,5001,-29484,-25222,0,57670,10001,92858,73278,233807,7965,5000,122342,98500,233807,254062910,25405110,-151020650,-128447370,0,294813890,50905110,474588730,375100600,1195408330,40750980,25500000,625609380,503547970,1195408330
2022-08-22,5115,5115,5065,5115,175990,-0.1951219512195122,42597,10000,-20540,-32057,0,59763,10000,61903,43839,175505,17166,0,82443,75896,175505,217928010,51000000,-105382860,-163545150,0,305592710,51000000,315787210,224028200,896408120,87664700,0,421170070,387573350,896408120
2022-08-23,5075,5105,5036,5036,237117,-1.5444770283479963,55651,17881,63973,-137505,0,85459,18081,115384,17539,236463,29808,200,51411,155044,236463,283082970,90589200,324422960,-698095130,0,434613790,91599200,585272180,88956000,1200441170,151530820,1010000,260849220,787051130,1200441170
2022-08-24,5036,5055,5026,5036,158141,0.0,-10449,40924,27137,-57612,0,20645,40924,95042,1094,157705,31094,0,67905,58706,157705,-52571060,206731890,136902890,-291063720,0,104448800,206731890,480042450,5531500,796754640,157019860,0,343139560,296595220,796754640
2022-08-25,5035,5065,5035,5065,166049,0.5758538522637013,-24207,1460,67844,-45097,0,43726,2200,95762,23903,165591,67933,740,27918,69000,165591,-122210340,7359650,342835570,-227984880,0,221368090,11112000,484060550,121106780,837647420,343578430,3752350,141224980,349091660,837647420
2022-08-26,5075,5094,5035,5075,154926,0.19743336623889435,3008,11304,15648,-29960,0,44314,11304,80402,18479,154499,41306,0,64754,48439,154499,15307150,57301280,78983490,-151591920,0,224742780,57301280,407489030,93965280,783498370,209435630,0,328505540,245557200,783498370
2022-08-29,5035,5035,4996,5016,222840,-1.1625615763546797,-8405,8213,30496,-30304,0,50165,8813,127043,36205,222226,58570,600,96547,66509,222226,-42208350,41272650,153558700,-152623000,0,252531630,44290650,639179120,182149780,1118151180,294739980,3018000,485620420,334772780,1118151180
2022-08-30,5036,5065,5026,5056,104497,0.7974481658692184,11654,1,7421,-19076,0,19905,1,66372,17931,104209,8251,0,58951,37007,104209,58986670,5060,37162820,-96154550,0,100710020,5060,335230020,90765650,526710750,41723350,0,298067200,186920200,526710750
2022-08-31,5035,5115,5025,5115,157070,1.1669303797468353,-21898,10059,-18569,30408,0,17302,10060,35523,93752,156637,39200,1,54092,63344,156637,-111029540,50988540,-95001930,155042930,0,87955910,50993600,180192840,477162760,796305110,198985450,5060,275194770,322119830,796305110
2022-09-01,5104,5104,5035,5075,121237,-0.7820136852394917,361,-1096,12804,-12069,0,24538,904,41271,54190,120903,24177,2000,28467,66259,120903,1817620,-5563800,64621220,-60875040,0,124395040,4581280,209300200,275367820,613644340,122577420,10145080,144678980,336242860,613644340
2022-09-02,5075,5075,5026,5056,224050,-0.37438423645320196,-58208,1446,59766,-3004,0,19707,1796,123746,78183,223432,77915,350,63980,81187,223432,-293600270,7300800,301391960,-15092490,0,99546330,9064800,624494100,395075690,1128180920,393146600,1764000,323102140,410168180,1128180920
2022-09-05,5045,5055,5006,5016,177959,-0.7911392405063291,-5614,3200,10951,-8537,0,63517,3200,99661,11091,177469,69131,0,88710,19628,177469,-28040450,16096000,55016380,-43071930,0,320148340,16096000,501763250,55930620,893938210,348188790,0,446746870,99002550,893938210
2022-09-06,5016,5045,5006,5026,128261,0.1993620414673046,-14775,4753,20216,-10194,0,39101,4753,62146,21908,127908,53876,0,41930,32102,127908,-74231540,23897590,101547240,-51213290,0,196732510,23897590,312585480,110326150,643541730,270964050,0,211038240,161539440,643541730
2022-09-07,5025,5035,4976,4976,273838,-0.9948269001193792,-34322,159,47707,-13544,0,34162,4212,168853,65856,273083,68484,4053,121146,79400,273083,-171402665,779375,237961495,-67338205,0,170852135,21078905,844415955,329442400,1365789395,342254800,20299530,606454460,396780605,1365789395
2022-09-08,4981,5045,4981,4981,143194,0.10048231511254019,7015,285,-10214,2914,0,18261,605,39143,84790,142799,11246,320,49357,81876,142799,35304985,1415420,-51774000,15053595,0,91702595,3025020,196245315,425905960,716878890,56397610,1609600,248019315,410852365,716878890
2022-09-13,4981,5055,4981,5026,201867,0.903433045573178,32876,-17825,-50424,35373,0,45670,2,38846,116793,201311,12794,17827,89270,81420,201311,165922420,-89678240,-254769530,178525350,0,230329100,10030,195200600,588252030,1013791760,64406680,89688270,449970130,409726680,1013791760
2022-09-14,4986,5045,4981,5006,248178,-0.39793076004775174,28939,-12861,-10103,-5975,0,50503,1284,111389,84318,247494,21564,14145,121492,90293,247494,145120665,-64457360,-50922415,-29740890,0,253723830,6435520,557891730,423044965,1241096045,108603165,70892880,608814145,452785855,1241096045
2022-09-15,5006,5055,4996,5016,118641,0.1997602876548142,-9473,0,-29036,38509,0,5078,0,16027,97209,118314,14551,0,45063,58700,118314,-47892300,0,-146488390,194380690,0,25587120,0,80749090,490342090,596678300,73479420,0,227237480,295961400,596678300
2022-09-16,5015,5074,5005,5065,767487,0.9768740031897927,-33759,-130,-116123,150012,0,8030,70,21922,735348,765370,41789,200,138045,585336,765370,-170787870,-661900,-589177940,760627710,0,40569400,352100,110544760,3731928100,3883394360,211357270,1014000,699722700,2971300390,3883394360
2022-09-19,5036,5065,5006,5036,182606,-0.5725567620927937,42255,33584,-8934,-66905,0,67672,33984,37749,42698,182103,25417,400,46683,109603,182103,213143020,169230680,-45061390,-337312310,0,341403700,171250680,190061730,215216860,917932970,128260680,2020000,235123120,552529170,917932970
2022-09-20,5025,5035,4986,4996,105363,-0.7942811755361397,-12422,14833,22645,-25056,0,8534,14928,69467,12144,105073,20956,95,46822,37200,105073,-62388770,74442120,113395920,-125449270,0,42766110,74919020,348308890,61003230,526997250,105154880,476900,234912970,186452500,526997250
2022-09-21,4995,5025,4986,4986,159268,-0.20016012810248196,47190,6117,27525,-80832,0,78589,6665,68423,5152,158829,31399,548,40898,85984,158829,236301470,30768350,137822590,-404892410,0,393438700,33508350,342997410,25776710,795721170,157137230,2740000,205174820,430669120,795721170
2022-09-22,4981,5005,4976,4981,101465,-0.10028078620136383,7943,-3699,-6249,2005,0,21990,301,57162,21733,101186,14047,4000,63411,19728,101186,39640540,-18496005,-31169720,10025185,0,109830235,1503995,285615890,108622665,505572785,70189695,20000000,316785610,98597480,505572785
2022-09-23,5005,5005,4966,4966,188966,-0.3011443485243927,30727,-10008,15298,-36017,0,72289,1110,89282,25764,188445,41562,11118,73984,61781,188445,153267320,-49950460,76238985,-179555845,0,360477290,5537900,445104695,128562840,939682725,207209970,55488360,368865710,308118685,939682725
2022-09-26,4965,4975,4921,4921,284655,-0.9061619009262988,-14797,37403,-49989,27383,0,62622,40303,93119,87826,283870,77419,2900,143108,60443,283870,-73332865,185173325,-247138780,135298320,0,309641935,199542325,461069595,434642515,1404896370,382974800,14369000,708208375,299344195,1404896370
2022-09-27,4915,4935,4896,4896,167231,-0.5080268238162975,60466,418,-2588,-58296,0,92029,500,67327,6914,166770,31563,82,69915,65210,166770,297741555,2060315,-12790715,-287011155,0,453138785,2465000,331502145,34081975,821187905,155397230,404685,344292860,321093130,821187905
2022-09-28,4905,4910,4806,4846,257325,-1.0212418300653594,25775,39407,-41012,-24170,0,84097,40009,117680,14830,256616,58322,602,158692,39000,256616,124021075,191453260,-197774045,-117700290,0,407318745,194371450,572399200,71995785,1246085180,283297670,2918190,770173245,189696075,1246085180
2022-09-29,4786,4870,4786,4826,194062,-0.41271151465125877,10557,20000,9079,-39636,0,95953,20000,68064,9510,193527,85396,0,58985,49146,193527,51112925,97116370,43645965,-191875260,0,465373860,97116370,330059225,46128035,938677490,414260935,0,286413260,238003295,938677490
2022-09-30,4816,4895,4746,4886,308906,1.2432656444260257,-14790,1722,-28801,41869,0,81050,4302,60826,161876,308054,95840,2580,89627,120007,308054,-73284440,8330370,-140132345,205086415,0,392504185,20887070,294083710,790096615,1497571580,465788625,12556700,434216055,585010200,1497571580
2022-10-04,4910,4910,4856,4886,258883,0.0,-15037,-6866,-43775,65678,0,57622,234,27948,172365,258169,72659,7100,71723,106687,258169,-74155315,-33651580,-214112480,321919375,0,281714955,1141920,136764995,844621665,1264243535,355870270,34793500,350877475,522702290,1264243535
2022-10-05,4935,4935,4861,4881,186066,-0.1023331968890708,-15762,7900,-12769,20631,0,44398,10200,25769,105186,185553,60160,2300,38538,84555,185553,-77178765,38673500,-62414250,100919515,0,217203145,49974000,126193335,514801610,908172090,294381910,11300500,188607585,413882095,908172090
2022-10-06,4891,4896,4846,4896,150105,0.30731407498463426,5642,5497,-9719,-1420,0,17386,10000,27692,94613,149691,11744,4503,37411,96033,149691,27719915,26899715,-47669460,-6950170,0,85174580,48940000,135396685,462846100,732357365,57454665,22040285,183066145,469796270,732357365
2022-10-07,4890,4890,4851,4876,150119,-0.40849673202614384,-42730,1900,-10064,50894,0,3821,5000,23092,117792,149705,46551,3100,33156,66898,149705,-208427555,9274530,-49182075,248335100,0,18645840,24389530,112658175,574705030,730398575,227073395,15115000,161840250,326369930,730398575
2022-10-11,4875,4875,4736,4746,314462,-2.6661197703035273,67828,-3885,-35295,-28648,0,162492,5566,62335,83202,313595,94664,9451,97630,111850,313595,323690250,-18486005,-168531125,-136673120,0,775865380,26625665,298113670,397811475,1498416190,452175130,45111670,466644795,534484595,1498416190
2022-10-12,4786,4786,4647,4697,364967,-1.0324483775811208,6367,-567,45219,-51019,0,152457,1238,78283,131983,363961,146090,1805,33064,183002,363961,32563215,-2698900,213643690,-243508005,0,724430920,5911495,370139195,625442235,1725923845,691867705,8610395,156495505,868950240,1725923845
2022-10-13,4666,4696,4422,4422,258335,-5.85480093676815,-8287,799,74362,-66874,0,80134,1693,130907,44889,257623,88421,894,56545,111763,257623,-36416330,3643930,338285175,-305512775,0,367138310,7736330,597304430,204666990,1176846060,403554640,4092400,259019255,510179765,1176846060
2022-10-14,4426,4481,4302,4377,395494,-1.01763907734057,-58770,-2647,157775,-96358,0,54415,5502,257740,76746,394403,113185,8149,99965,173104,394403,-256679090,-11165765,690797405,-422952550,0,238306610,24122785,1127858225,335054615,1725342235,494985700,35288550,437060820,758007165,1725342235
2022-10-17,4377,4377,4173,4188,338749,-4.318026045236463,-74338,-580,126894,-51976,0,77091,2000,238744,19980,337815,151429,2580,111850,71956,337815,-313657720,-2632300,536480670,-220190650,0,326100585,8400000,1009411235,85251980,1429163800,639758305,11032300,472930565,305442630,1429163800
2022-10-18,4187,4202,4033,4083,492622,-2.5071633237822346,-270620,-7131,254269,23482,0,33535,1072,361334,95323,491264,304155,8203,107065,71841,491264,-1108655770,-29449490,1045248845,92856415,0,137453920,4354840,1485560160,390315500,2017684420,1246109690,33804330,440311315,297459085,2017684420
2022-10-19,4082,4102,3983,3998,781565,-2.0818025961302964,-482968,-6131,376170,112929,0,53868,1910,488635,234996,779409,536836,8041,112465,122067,779409,-1942275405,-24662415,1513852750,453085070,0,217444480,7718550,1967512315,947606635,3140281980,2159719885,32380965,453659565,494521565,3140281980
2022-10-20,3998,3998,3789,3804,771393,-4.852426213106553,-235182,-11879,350603,-103542,0,36314,207,584973,147772,769266,271496,12086,234370,251314,769266,-904730565,-46139330,1356052225,-405182330,0,139895185,819890,2261695755,568001755,2970412585,1044625750,46959220,905643530,973184085,2970412585
2022-10-21,3748,3788,3664,3689,678182,-3.0231335436382754,-185804,1177,165270,19357,0,60344,4595,376144,235229,676312,246148,3418,210874,215872,676312,-689754355,4329230,611733310,73691815,0,224272635,17031450,1396977705,876121345,2514403135,914026990,12702220,785244395,802429530,2514403135
2022-10-24,3743,3753,3649,3694,571242,0.13553808620222282,-23038,3448,172316,-152726,0,115051,9401,305467,139748,569667,138089,5953,133151,292474,569667,-85054290,12874340,637246565,-565066615,0,425996680,34998400,1131884450,518365745,2111245275,511050970,22124060,494637885,1083432360,2111245275
2022-10-25,3694,3694,3540,3575,585805,-3.2214401732539253,-16396,-5369,294004,-272239,0,111670,2,414681,57836,584189,128066,5371,120677,330075,584189,-59180510,-19377980,1059682275,-981123785,0,400973855,7185,1494488585,207602470,2103072095,460154365,19385165,434806310,1188726255,2103072095
2022-10-26,3609,3609,3490,3570,373542,-0.13986013986013987,-51850,3923,122805,-74878,0,95724,4823,218374,53591,372512,147574,900,95569,128469,372512,-184839995,14012610,438153090,-267325705,0,341676865,17227110,779224120,191416030,1329544125,526516860,3214500,341071030,458741735,1329544125
2022-10-27,3564,3674,3554,3674,659193,2.9131652661064424,-224798,-5677,178392,52083,0,89425,2093,306105,259752,657375,314223,7770,127713,207669,657375,-818108625,-20660910,647578415,191191120,0,325354990,7607440,1112466420,945724340,2391153190,1143463615,28268350,464888005,754533220,2391153190
2022-10-28,3629,3678,3609,3659,282492,-0.40827436037016873,-73695,-815,131104,-56594,0,36845,1495,189433,53940,281713,110540,2310,58329,110534,281713,-269664105,-3024245,479283375,-206595025,0,134924270,5464255,692721870,197631345,1030741740,404588375,8488500,213438495,404226370,1030741740
2022-10-31,3679,3724,3530,3580,570876,-2.1590598524186935,-95350,-1452,246818,-150016,0,63249,2548,384010,119495,569302,158599,4000,137192,269511,569302,-340261070,-5529580,891328255,-545537605,0,229000720,9360420,1387215955,430699145,2056276240,569261790,14890000,495887700,976236750,2056276240
2022-11-01,3579,3648,3564,3629,411636,1.3687150837988826,-111798,2150,125885,-16237,0,86188,5150,189043,130120,410501,197986,3000,63158,146357,410501,-402031980,7819215,453265000,-59052235,0,311817980,18724215,681734410,469450335,1481726940,713849960,10905000,228469410,528502570,1481726940
2022-11-02,3594,3619,3530,3570,431373,-1.6257922292642601,-53136,-28852,198431,-116443,0,33053,4290,313961,78880,430184,86189,33142,115530,195323,430184,-189541220,-102584935,707230405,-415104250,0,117887105,15284890,1119154400,281444555,1533770950,307428325,117869825,411923995,696548805,1533770950
2022-11-03,3549,3549,3445,3455,539852,-3.221288515406162,-91065,2315,315844,-227094,0,45137,2455,437207,53564,538363,136202,140,121363,280658,538363,-315346640,8056775,1096489725,-789199860,0,156731005,8541875,1518840875,185840490,1869954245,472077645,485100,422351150,975040350,1869954245
2022-11-04,3454,3459,3315,3385,697229,-2.0260492040520983,-173115,22832,255148,-104865,0,58563,22870,491923,121950,695306,231678,38,236775,226815,695306,-579785195,77028855,856131605,-353375265,0,197331680,77159320,1655222480,410646055,2340359535,777116875,130465,799090875,764021320,2340359535
2022-11-07,3385,3404,3340,3385,232721,0.0,-39997,31801,-811,9007,0,16547,31801,119407,64325,232080,56544,0,120218,55318,232080,-136129305,107806155,-2812995,31136145,0,56208240,107806155,405490360,218597480,788102235,192337545,0,408303355,187461335,788102235
2022-11-08,3410,3439,3405,3430,135265,1.329394387001477,-28692,0,24560,4132,0,8409,0,110406,16077,134892,37101,0,85846,11945,134892,-98665675,0,84402465,14263210,0,28902455,0,379376565,55304320,463583340,127568130,0,294974100,41041110,463583340
2022-11-09,3440,3534,3430,3525,234660,2.7696793002915454,14846,99,-862,-14083,0,38052,299,172768,22894,234013,23206,200,173630,36977,234013,52320515,344485,-3195695,-49469305,0,134070135,1050985,607389230,80537180,823047530,81749620,706500,610584925,130006485,823047530
2022-11-10,3505,3544,3495,3535,134717,0.28368794326241137,9617,1698,27350,-38665,0,27387,2000,101285,3674,134346,17770,302,73935,42339,134346,34120800,6020915,96612345,-136754060,0,97093625,7090000,358292120,13021725,475497470,62972825,1069085,261679775,149775785,475497470
2022-11-11,3599,3648,3569,3644,415164,3.083451202263084,-75286,-11202,47022,39466,0,35055,1000,291455,86509,414019,110341,12202,244433,47043,414019,-274122605,-40760665,170999050,143884220,0,127174375,3650000,1059336860,314699960,1504861195,401296980,44410665,888337810,170815740,1504861195
2022-11-14,3674,3833,3639,3789,445332,3.979143798024149,41265,-2279,-21076,-17910,0,76906,0,299663,67535,444104,35641,2279,320739,85445,444104,156659035,-8682235,-77360545,-70616255,0,291300135,0,1131836065,253015895,1676152095,134641100,8682235,1209196610,323632150,1676152095
2022-11-15,3769,3838,3764,3779,144350,-0.26392187912377935,8411,80,44088,-52579,0,24204,80,113838,5830,143952,15793,0,69750,58409,143952,31926010,304000,167294015,-199524025,0,91831490,304000,432020415,22098230,546254135,59905480,0,264726400,221622255,546254135
2022-11-16,3789,3823,3709,3799,212661,0.5292405398253507,11842,3778,-25160,9540,0,16916,7998,119011,68150,212075,5074,4220,144171,58610,212075,45064595,14398040,-96460780,36998145,0,64319210,30456540,451449415,259779405,806004570,19254615,16058500,547910195,222781260,806004570
2022-11-17,3808,3813,3729,3769,161169,-0.7896814951302974,-14731,0,30440,-15709,0,10842,0,138370,11513,160725,25573,0,107930,27222,160725,-55478640,0,115115105,-59636465,0,41016260,0,523533440,43538125,608087825,96494900,0,408418335,103174590,608087825
2022-11-18,3788,3803,3759,3779,189396,0.26532236667551073,73259,0,-85253,11994,0,78434,0,72033,38407,188874,5175,0,157286,26413,188874,278306750,0,-323865655,45558905,0,297959210,0,273504825,145930485,717394520,19652460,0,597370480,100371580,717394520
2022-11-21,3778,3813,3729,3749,188577,-0.793860809738026,8021,-2,34512,-42531,0,58171,0,116631,13255,188057,50150,2,82119,55786,188057,30257215,-7570,130404535,-160654180,0,219918770,0,441070075,50253885,711242730,189661555,7570,310665540,210908065,711242730
2022-11-22,3769,3779,3739,3779,83101,0.8002133902373967,-3377,-1700,5680,-603,0,15434,0,56750,10688,82872,18811,1700,51070,11291,82872,-12346005,-6383500,20975595,-2246090,0,58326235,0,213533605,40354780,312214620,70672240,6383500,192558010,42600870,312214620
2022-11-23,3798,3808,3774,3794,112426,0.396930404869013,-11586,-100,-758,12444,0,24162,0,67871,20083,112116,35748,100,68629,7639,112116,-43991055,-380500,-3001470,47373025,0,91876490,0,257867620,76407880,426151990,135867545,380500,260869090,29034855,426151990
2022-11-24,3814,3838,3794,3829,98251,0.9225092250922509,21715,2310,-24262,237,0,22689,2310,65403,7578,97980,974,0,89665,7341,97980,83261465,8849200,-93087640,976975,0,86999810,8849200,250633245,29054155,375536410,3738345,0,343720885,28077180,375536410
2022-11-25,3834,3878,3819,3869,131615,1.0446591799425438,27353,100,-39207,11754,0,35277,300,78143,17532,131252,7924,200,117350,5778,131252,106079060,388500,-151789810,45322250,0,136781425,1164000,302574165,67730420,508250010,30702365,775500,454363975,22408170,508250010
2022-11-28,3869,3928,3854,3889,211820,0.5169294391315585,695,2807,-14391,10889,0,29284,2807,140415,38730,211236,28589,0,154806,27841,211236,3200825,10967370,-57137605,42969410,0,114316000,10967370,547575155,151269705,824128230,111115175,0,604712760,108300295,824128230
2022-11-29,3884,3968,3839,3919,188462,0.7714065312419645,61066,1960,-45144,-17882,0,70034,2660,95897,19352,187943,8968,700,141041,37234,187943,239484310,7606100,-177994435,-69095975,0,274697615,10347100,376047205,76052990,737144910,35213305,2741000,554041640,145148965,737144910
2022-11-30,3963,3978,3909,3909,301700,-0.25516713447307987,-2386,-51600,80363,-26377,0,20165,2000,218625,60078,300868,22551,53600,138262,86455,300868,-9159735,-202839505,315568690,-103569450,0,79477715,7850000,859784010,236125040,1183236765,88637450,210689505,544215320,339694490,1183236765
2022-12-01,3978,4008,3914,3964,310097,1.4070094653364031,11079,0,-74234,63155,0,40828,0,183168,85246,309242,29749,0,257402,22091,309242,43988370,0,-295541650,251553280,0,162114435,0,726096780,339229455,1227440670,118126065,0,1021638430,87676175,1227440670
2022-12-02,3983,3988,3904,3914,128636,-1.2613521695257317,-15349,400,31122,-16173,0,14169,400,87817,25896,128282,29518,0,56695,42069,128282,-60439105,1584000,123483955,-64628850,0,56141570,1584000,348246625,102115550,508087745,116580675,0,224762670,166744400,508087745
2022-12-05,3973,3978,3849,3939,91081,0.6387327542156361,11994,3162,6840,-21996,0,27070,3241,55726,4793,90830,15076,79,48886,26789,90830,47178275,12426285,27107220,-86711780,0,106555615,12739125,219593415,18861500,357749655,59377340,312840,192486195,105573280,357749655
2022-12-06,3938,3948,3894,3929,81577,-0.2538715410002539,20619,2635,13405,-36659,0,27230,2636,46310,5176,81352,6611,1,32905,41835,81352,81272425,10368720,52787610,-144428755,0,107368665,10372665,182366005,20395025,320502360,26096240,3945,129578395,164823780,320502360
2022-12-07,3963,3983,3903,3983,116672,1.374395520488674,19917,27066,-57519,10536,0,23288,27166,48637,17260,116351,3371,100,106156,6724,116351,78991025,107704085,-228645485,41950375,0,92388255,108098585,192337800,68653950,461478590,13397230,394500,420983285,26703575,461478590
2022-12-08,3938,4027,3938,3998,103613,0.37660055234747675,28949,95,-35590,6546,0,45332,96,42185,15715,103328,16383,1,77775,9169,103328,116479070,381015,-142991055,26130970,0,182215690,385040,169335325,62990575,414926630,65736620,4025,312326380,36859605,414926630
2022-12-09,4022,4027,3988,3993,96622,-0.12506253126563283,43388,2508,-26284,-19612,0,60467,2510,32850,529,96356,17079,2,59134,20141,96356,174106885,10059615,-105446360,-78720140,0,242721645,10067650,131793190,2124955,386707440,68614760,8035,237239550,80845095,386707440
2022-12-12,3993,4062,3993,4038,109192,1.1269722013523666,41645,501,-46695,4549,0,48128,502,46640,13621,108891,6483,1,93335,9072,108891,168816775,2036550,-189271880,18418555,0,195082140,2040615,189093545,55203260,441419560,26265365,4065,378365425,36784705,441419560
2022-12-13,4062,4087,3993,3993,110920,-1.1144130757800892,44948,-868,-30674,-13406,0,49875,102,51203,9435,110615,4927,970,81877,22841,110615,182188830,-3473290,-124342565,-54372975,0,202124610,411560,207114355,37960650,447611175,19935780,3884850,331456920,92333625,447611175
2022-12-14,4063,4157,4003,4153,279882,4.007012271475081,99492,-3063,-172360,75931,0,123318,1,45550,110241,279110,23826,3064,217910,34310,279110,412999845,-12756895,-711068205,310825255,0,510727910,4040,187519190,452984020,1151235160,97728065,12760935,898587395,142158765,1151235160
2022-12-15,4152,4157,4098,4128,236430,-0.6019744762822056,136100,933,-7263,-129770,0,175527,1003,55434,3814,235778,39427,70,62697,133584,235778,565170525,3861955,-30520330,-538512150,0,728948095,4152455,229767955,15761140,978629645,163777570,290500,260288285,554273290,978629645
2022-12-16,4067,4137,4038,4048,238298,-1.937984496124031,35354,1520,90405,-127279,0,68812,1522,137279,30028,237641,33458,2,46874,157307,237641,145316790,6219790,368820110,-520356690,0,281525100,6228015,560665890,122153270,970572275,136208310,8225,191845780,642509960,970572275
2022-12-19,4047,4047,3998,4028,91970,-0.4940711462450593,-9277,510,39760,-30993,0,29238,510,61043,926,91717,38515,0,21283,31919,91717,-37388380,2057840,160091465,-124760925,0,117829510,2057840,245947375,3736475,369571200,155217890,0,85855910,128497400,369571200
2022-12-20,3988,4118,3954,3974,152639,-1.3406156901688182,-3090,-41,62767,-59636,0,29667,1599,119958,994,152218,32757,1640,57191,60630,152218,-12187680,-169380,250817400,-238460340,0,118585395,6378835,479459910,3973660,608397800,130773075,6548215,228642510,242434000,608397800
2022-12-21,3973,4062,3968,4053,79752,1.9879214896829391,40949,3101,-38696,-5354,0,46302,3105,18013,12112,79532,5353,4,56709,17466,79532,165696515,12597980,-156502915,-21791580,0,187366900,12614210,72567260,48752500,321300870,21670385,16230,229070175,70544080,321300870
2022-12-22,4053,4178,4023,4178,211945,3.08413520848754,131737,15823,-137371,-10189,0,141278,16001,35932,18150,211361,9541,178,173303,28339,211361,545391465,65504805,-567828140,-43068130,0,585104465,66246610,149270955,74509820,875131850,39713000,741805,717099095,117577950,875131850
2022-12-23,4103,4237,4103,4183,134391,0.11967448539971279,72283,-197,-59001,-13085,0,75860,4,42586,15571,134021,3577,201,101587,28656,134021,304165075,-829445,-248242255,-55093375,0,319141500,16680,178405945,65298670,562862795,14976425,846125,426648200,120392045,562862795
2022-12-26,4182,4227,4138,4178,135696,-0.11953143676786994,48757,-2607,-52362,6212,0,84852,3960,26968,19542,135322,36095,6567,79330,13330,135322,205369880,-10850640,-220519125,25999885,0,357156955,16690800,113228385,82101845,569177985,151787075,27541440,333747510,56101960,569177985
2022-12-27,4178,4227,4158,4208,206487,0.7180469123982767,101801,-3683,-111610,13492,0,115438,1003,67544,21933,205918,13637,4686,179154,8441,205918,429205100,-15558780,-470572085,56925765,0,486494700,4192620,284231385,92352940,867271645,57289600,19751400,754803470,35427175,867271645
2022-12-28,4117,4117,3978,3988,417937,-5.228136882129278,-52200,3576,185553,-136929,0,138641,3778,258282,16084,416785,190841,202,72729,153013,416785,-208783820,14336525,743379130,-548931835,0,554647150,15143070,1035268505,64581990,1669640715,763430970,806545,291889375,613513825,1669640715
2022-12-29,3987,4137,3968,3978,162428,-0.25075225677031093,-5818,-326,-7645,13789,0,66910,178,56514,38378,161980,72728,504,64159,24589,161980,-20956740,-1316790,-32307390,54580920,0,270245990,709695,225774260,153885910,650615855,291202730,2026485,258081650,99304990,650615855
2023-01-02,3978,4072,3978,4003,70669,0.628456510809452,28346,271,-12767,-15850,0,35401,272,33146,1656,70475,7055,1,45913,17506,70475,113530110,1083985,-51174630,-63439465,0,141788215,1087985,132472045,6623615,281971860,28258105,4000,183646675,70063080,281971860
2023-01-03,4038,4038,3879,3889,419561,-2.8478641019235575,86499,5827,69248,-161574,0,106623,5928,277073,28780,418404,20124,101,207825,190354,418404,341852660,22879270,270469100,-635201030,0,421580130,23281225,1093932815,113226790,1652020960,79727470,401955,823463715,748427820,1652020960
2023-01-04,3889,3919,3864,3919,99422,0.7714065312419645,27636,6963,-12710,-21889,0,37512,7163,47516,6957,99148,9876,200,60226,28846,99148,108013640,27236210,-49533860,-85715990,0,146605920,28021210,185540380,27137865,387305375,38592280,785000,235074240,112853855,387305375
2023-01-05,3918,4062,3898,4048,270127,3.29165603470273,33895,481,-128139,93763,0,103208,633,43152,122389,269382,69313,152,171291,28626,269382,136630920,1943620,-516539475,377964935,0,416592555,2558655,173791945,493188910,1086132065,279961635,615035,690331420,115223975,1086132065
2023-01-06,4057,4077,4003,4013,165896,-0.8646245059288538,67339,-100,-13753,-53486,0,102767,2,42726,19944,165439,35428,102,56479,73430,165439,273349970,-405525,-56223205,-216721240,0,416571475,8090,172953495,80794565,670327625,143221505,413615,229176700,297515805,670327625
2023-01-09,4018,4067,4018,4033,124039,0.49838026414153996,5557,1025,2391,-8973,0,66620,1027,39395,16655,123697,61063,2,37004,25628,123697,22515935,4141005,9591110,-36248050,0,269590625,4149090,159290845,67395030,500425590,247074690,8085,149699735,103643080,500425590
2023-01-10,4037,4037,4018,4023,118212,-0.24795437639474338,15687,1367,7004,-24058,0,89531,1370,25313,1672,117886,73844,3,18309,25730,117886,63457585,5524420,28273070,-97255075,0,362100860,5536550,102324805,6763240,476725455,298643275,12130,74051735,104018315,476725455
2023-01-11,4022,4067,4003,4008,126352,-0.37285607755406414,42013,-8565,6358,-39806,0,73274,4435,37650,10645,126004,31261,13000,31292,50451,126004,169587295,-34606085,25614845,-160596055,0,296152190,17860650,151998425,43057435,509068700,126564895,52466735,126383580,203653490,509068700
2023-01-12,4003,4092,4003,4033,291739,0.6237524950099801,-76289,13623,-23503,86169,0,65760,15626,67570,141979,290935,142049,2003,91073,55810,290935,-310607730,55405870,-95053015,350254875,0,267203495,63486660,275086160,577053765,1182830080,577811225,8080790,370139175,226798890,1182830080
2023-01-13,4033,4082,4028,4038,129270,0.12397718819737169,-21179,1546,29007,-9374,0,39054,1851,59357,28652,128914,60233,305,30350,38026,128914,-85746710,6259775,117527350,-38040415,0,158552900,7496550,240704660,116203905,522958015,244299610,1236775,123177310,154244320,522958015
2023-01-16,4038,4272,4038,4238,419609,4.952947003467063,-9711,-808,-108951,119470,0,170243,1844,108608,137757,418452,179954,2652,217559,18287,418452,-40109460,-3489225,-456454930,500053615,0,716336800,7652710,455810340,577439600,1757239450,756446260,11141935,912265270,77385985,1757239450
2023-01-17,4193,4237,4188,4228,212416,-0.23596035865974516,65475,6854,30569,-102898,0,116025,7106,63795,24905,211831,50550,252,33226,127803,211831,275935570,29008005,129089900,-434033475,0,490023540,30075205,269497100,105379710,894975555,214087970,1067200,140407200,539413185,894975555
2023-01-18,4268,4337,4188,4293,265580,1.5373699148533586,71136,4913,-49224,-26825,0,107289,5016,75466,77077,264848,36153,103,124690,103902,264848,306411715,21239120,-213471850,-114178985,0,462152285,21685875,323551545,332279875,1139669580,155740570,446755,537023395,446458860,1139669580
2023-01-19,4292,4327,4218,4288,217942,-0.11646866992778944,-30544,9761,44747,-23964,0,113484,9761,73786,20310,217341,144028,0,29039,44274,217341,-130674085,41801865,191414005,-102541785,0,485081125,41801865,315627820,86868265,929379075,615755210,0,124213815,189410050,929379075
2023-01-20,4287,4287,4198,4213,294650,-1.7490671641791042,-43707,7502,60407,-24202,0,139153,9255,130670,14760,293838,182860,1753,70263,38962,293838,-185473175,31819510,256592060,-102938395,0,591130935,39303530,554842465,62729355,1248006285,776604110,7484020,298250405,165667750,1248006285
2023-01-25,4247,4247,4198,4213,190922,0.0,23540,2773,292,-26605,0,67396,4523,117109,1368,190396,43856,1750,116817,27973,190396,99292845,11712625,1437380,-112442850,0,284704740,19104000,494802770,5778705,804390215,185411895,7391375,493365390,118221555,804390215
2023-01-26,4192,4207,4133,4168,271588,-1.068122478044149,5525,1563,112851,-119939,0,71414,3313,195052,1060,270839,65889,1750,82201,120999,270839,22398550,6447525,471554525,-500400600,0,298895680,13812525,815669905,4443675,1132821785,276497130,7365000,344115380,504844275,1132821785
2023-01-27,4177,4182,4103,4138,248597,-0.7197696737044146,23517,892,117151,-141560,0,73033,1393,137588,35898,247912,49516,501,20437,177458,247912,97619785,3675615,484981835,-586277235,0,302744940,5744840,569698430,148547360,1026735570,205125155,2069225,84716595,734824595,1026735570
2023-01-30,4082,4127,4058,4058,243030,-1.9333011116481391,46069,1710,55764,-103543,0,77735,9512,131252,23861,242360,31666,7802,75488,127404,242360,188993820,7043305,227996215,-424033340,0,318343125,38992515,537326740,97851215,992513595,129349305,31949210,309330525,521884555,992513595
2023-01-31,4087,4132,4028,4068,1487128,0.2464268112370626,-1310404,-500,-36317,1347221,0,65021,0,32035,1385970,1483026,1375425,500,68352,38749,1483026,-5099745155,-2040000,-149606870,5251392025,0,267556310,0,131195080,5410497965,5809249355,5367301465,2040000,280801950,159105940,5809249355
2023-02-01,4067,4077,3983,4043,349893,-0.6145526057030481,46275,2463,182449,-231187,0,83538,2463,243187,19740,348928,37263,0,60738,250927,348928,186634335,9960745,732987680,-929582760,0,336615525,9960745,978178905,79219600,1403974775,149981190,0,245191225,1008802360,1403974775
2023-02-02,4058,4122,4028,4108,241806,1.607717041800643,59038,-2603,-49991,-6444,0,93567,1047,103944,42581,241139,34529,3650,153935,49025,241139,240980195,-10494475,-204058795,-26426925,0,381932385,4288075,422836755,173184980,982242195,140952190,14782550,626895550,199611905,982242195
2023-02-03,4088,4152,4083,4128,352772,0.4868549172346641,60929,34731,38582,-134242,0,72826,34742,150793,93438,351799,11897,11,112211,227680,351799,252143465,144079350,158938975,-555161790,0,301466715,144124890,624082790,387142070,1456816465,49323250,45540,465143815,942303860,1456816465
2023-02-06,4137,4137,4048,4093,175330,-0.8478682170542635,73550,526,45414,-119490,0,79359,874,88411,6203,174847,5809,348,42997,125693,174847,300564075,2155040,185229005,-487948120,0,324309835,3568190,360859980,25321825,714059830,23745760,1413150,175630975,513269945,714059830
2023-02-07,4107,4107,4033,4033,167720,-1.4659174199853409,18562,-24355,81950,-76157,0,52846,650,110174,3588,167258,34284,25005,28224,79745,167258,75867705,-98779280,332634080,-309722505,0,214925805,2645140,447423935,14569795,679564675,139058100,101424420,114789855,324292300,679564675
2023-02-08,4043,4077,4033,4048,80124,0.37193156459211507,8132,3,17408,-25543,0,31223,4,44193,4483,79903,23091,1,26785,30026,79903,33189240,12200,70631385,-103832825,0,127083500,16250,179564150,18194770,324858670,93894260,4050,108932765,122027595,324858670
2023-02-09,4027,4047,4008,4023,98490,-0.6175889328063241,7011,2820,42031,-51862,0,23663,2821,71100,635,98219,16652,1,29069,52497,98219,28230800,11365285,169626790,-209222875,0,95458250,11369335,286944060,2567245,396338890,67227450,4050,117317270,211790120,396338890
2023-02-10,4022,4037,3923,3978,387886,-1.1185682326621924,4538,6753,134887,-146178,0,55422,6754,292486,32154,386816,50884,1,157599,178332,386816,17976270,26841310,538080270,-582897850,0,221041085,26845310,1166286080,127826255,1541998730,203064815,4000,628205810,710724105,1541998730
2023-02-13,3973,3973,3894,3904,242404,-1.860231271995978,-24507,3175,126197,-104865,0,46754,3175,183171,8636,241736,71261,0,56974,113501,241736,-95990010,12469965,493896195,-410376150,0,182995220,12469965,716949745,33811455,946226385,278985230,0,223053550,444187605,946226385
2023-02-14,3904,3919,3889,3919,100211,0.38422131147540983,-28679,4854,54261,-30436,0,20358,4854,72100,2623,99935,49037,0,17839,33059,99935,-112183595,19016140,212244370,-119076915,0,79712380,19016140,282036625,10279235,391044380,191895975,0,69792255,129356150,391044380
2023-02-15,3953,3953,3869,3884,158754,-0.8930849706557796,2518,2778,37932,-43228,0,48440,2779,99822,7276,158317,45922,1,61890,50504,158317,9779655,10837680,148160275,-168777610,0,189194815,10841580,389694085,28390485,618120965,179415160,3900,241533810,197168095,618120965
2023-02-16,3888,3913,3879,3884,101527,0.0,-12467,276,41060,-28869,0,16758,277,68193,16019,101247,29225,1,27133,44888,101247,-48563565,1074825,160007150,-112518410,0,65293390,1078715,265714115,62407630,394493850,113856955,3890,105706965,174926040,394493850
2023-02-17,3883,3888,3854,3869,119811,-0.3861997940267765,4853,3104,63600,-71557,0,25446,3105,87323,3607,119481,20593,1,23723,75164,119481,19062445,12062615,246809375,-277934435,0,98952385,12066495,338987140,14015510,464021530,79889940,3880,92177765,291949945,464021530
2023-02-20,3868,3873,3819,3829,162816,-1.033858878263117,-4606,2804,55287,-53485,0,25123,2805,126171,8268,162367,29729,1,70884,61753,162367,-17969115,10851115,213330905,-206212905,0,96722245,10854975,486663915,31848570,626089705,114691360,3860,273333010,238061475,626089705
2023-02-21,3833,3848,3804,3809,159166,-0.5223295899712719,2787,815,46833,-50435,0,28827,817,123530,5553,158727,26040,2,76697,55988,158727,10632415,3133960,179675730,-193442105,0,110504980,3141610,474029695,21294825,608971110,99872565,7650,294353965,214736930,608971110
2023-02-22,3759,3798,3734,3789,236010,-0.5250721974271462,-2134,13559,106051,-117476,0,22143,13559,145295,54362,235359,24277,0,39244,171838,235359,-8089535,51260480,399877365,-443048310,0,83637735,51260480,548343005,204728270,887969490,91727270,0,148465640,647776580,887969490
2023-02-23,3788,3863,3749,3754,126889,-0.9237265769332278,5791,6449,28939,-41179,0,20015,6450,88216,11858,126539,14224,1,59277,53037,126539,21959155,24671535,110013475,-156644165,0,76450880,24675380,337595280,45200505,483922045,54491725,3845,227581805,201844670,483922045
2023-02-24,3789,3918,3769,3894,202130,3.7293553542887588,26067,-15432,-35548,24913,0,71399,2932,61626,65616,201573,45332,18364,97174,40703,201573,102000430,-58793335,-138814715,95607620,0,276476660,11381590,236823070,253436025,778117345,174476230,70174925,375637785,157828405,778117345
2023-02-27,3889,3948,3874,3909,158247,0.3852080123266564,-25151,358,-33088,57881,0,29949,360,42726,84776,157811,55100,2,75814,26895,157811,-98190055,1399960,-130078805,226868900,0,117248070,1407775,167200130,332180445,618036420,215438125,7815,297278935,105311545,618036420
2023-02-28,3919,3939,3799,3939,154576,0.7674597083653107,-18259,4675,-3468,17052,0,32556,4676,48894,68024,154150,50815,1,52362,50972,154150,-71465295,18318280,-14274265,67421280,0,127746835,18322190,191517800,267582885,605169710,199212130,3910,205792065,200161605,605169710
2023-03-02,3939,3968,3884,3949,125585,0.2538715410002539,-38023,7148,19421,11454,0,19839,7149,55612,42639,125239,57862,1,36191,31185,125239,-148804955,27996945,75778785,45029225,0,77810275,28000845,218135355,167231470,491177945,226615230,3900,142356570,122202245,491177945
2023-03-03,3933,3997,3908,3988,93833,0.9875917953912383,1661,7292,-17937,8984,0,26541,7293,34992,24749,93575,24880,1,52929,15765,93575,6633785,28780310,-71113580,35699485,0,104802030,28784235,138055310,98013520,369655095,98168245,3925,209168890,62314035,369655095
2023-03-06,3988,4003,3959,3969,120241,-0.4764292878635908,-28241,-2,16210,12033,0,31641,0,51199,37070,119910,59882,2,34989,25037,119910,-112582230,-7970,64536300,48053900,0,126158065,0,204165095,147857870,478181030,238740295,7970,139628795,99803970,478181030
2023-03-07,3988,3988,3954,3969,118178,0.0,-21486,-7072,-2033,30591,0,31375,2,42284,44191,117852,52861,7074,44317,13600,117852,-85208330,-28100585,-8299785,121608700,0,124961330,7955,168004860,175685170,468659315,210169660,28108540,176304645,54076470,468659315
2023-03-08,3963,3963,3924,3959,101782,-0.25195263290501385,-4570,2999,-29133,30704,0,24290,6102,27851,43259,101502,28860,3103,56984,12555,101502,-17850350,11831310,-115208270,121227310,0,96024395,24111900,109976585,170855370,400968250,113874745,12280590,225184855,49628060,400968250
2023-03-09,3958,3963,3914,3929,77332,-0.7577671129072998,-13189,4131,-2176,11234,0,15809,4132,35432,21746,77119,28998,1,37608,10512,77119,-51964665,16245165,-8756075,44475575,0,62393140,16249110,139622035,85932080,304196365,114357805,3945,148378110,41456505,304196365
2023-03-10,3948,3948,3839,3839,116514,-2.2906592008144564,884,3982,-8271,3405,0,27284,3982,65730,19197,116193,26400,0,74001,15792,116193,3506305,15491500,-32308110,13310305,0,106201725,15491500,255465370,74910730,452069325,102695420,0,287773480,61600425,452069325
2023-03-13,3809,3829,3774,3829,131603,-0.26048450117218025,-35332,7599,10476,17257,0,15002,7601,78255,30382,131240,50334,2,67779,13125,131240,-134649925,28959660,39722885,65967380,0,57308985,28967310,298283215,116077560,500637070,191958910,7650,258560330,50110180,500637070
2023-03-14,3828,3833,3744,3759,158192,-1.8281535648994516,-26748,1606,43876,-18734,0,25203,1606,125817,5130,157756,51951,0,81941,23864,157756,-100686205,6102450,165967945,-71384190,0,95751530,6102450,477076570,19376165,598306715,196437735,0,311108625,90760355,598306715
2023-03-15,3769,3813,3764,3809,61724,1.3301409949454641,7060,1647,-5095,-3612,0,34174,1648,21023,4709,61554,27114,1,26118,8321,61554,26938845,6242130,-19469335,-13711640,0,130019780,6245930,79892115,17929225,234087050,103080935,3800,99361450,31640865,234087050
2023-03-16,3808,3813,3759,3759,106756,-1.3126804935678658,-3922,2388,-592,2126,0,14669,2389,78209,11195,106462,18591,1,78801,9069,106462,-14673700,9021210,-2410030,8062520,0,55548890,9025000,295865315,42363100,402802305,70222590,3790,298275345,34300580,402802305
2023-03-17,3768,3863,3709,3709,293359,-1.3301409949454641,-2416,2147,128846,-128577,0,69774,2157,209581,11038,292550,72190,10,80735,139615,292550,-7946605,8060740,481375895,-481490030,0,262439545,8098440,785708920,41147650,1097394555,270386150,37700,304333025,522637680,1097394555
2023-03-20,3719,3738,3709,3734,64384,0.6740361283364789,-14764,500,4354,9910,0,11454,500,35966,16287,64207,26218,0,31612,6377,64207,-55052910,1860000,16175705,37017205,0,42734070,1860000,134081175,60796895,239472140,97786980,0,117905470,23779690,239472140
2023-03-21,3734,3773,3724,3759,48291,0.6695232994108195,19659,3,-9451,-10211,0,27710,3,17792,2653,48158,8051,0,27243,12864,48158,73853525,11250,-35535270,-38329505,0,104038370,11250,66712970,9958045,180720635,30184845,0,102248240,48287550,180720635
2023-03-22,3774,3803,3754,3794,94902,0.931098696461825,19495,79,547,-20121,0,35752,79,47153,11657,94641,16257,0,46606,31778,94641,74043230,300040,2102050,-76445320,0,135755685,300040,178768720,44083985,358908430,61712455,0,176666670,120529305,358908430
2023-03-23,3788,3793,3719,3734,171374,-1.58144438587243,-60820,1130,101057,-41367,0,31853,1130,129536,8383,170902,92673,0,28479,49750,170902,-228035755,4256250,379480085,-155700580,0,119847140,4256250,486950335,31473680,642527405,347882895,0,107470250,187174260,642527405
2023-03-24,3758,3758,3689,3704,117357,-0.8034279592929834,-28992,-6810,70872,-35070,0,17932,690,92799,5613,117034,46924,7500,21927,40683,117034,-107542030,-25306050,263116860,-130268780,0,66593710,2556450,344603010,20856445,434609615,174135740,27862500,81486150,151125225,434609615
2023-03-27,3689,3694,3590,3610,277111,-2.537796976241901,-62937,-10752,166153,-92464,0,32028,4258,231699,8362,276347,94965,15010,65546,100826,276347,-227484040,-39212620,602353200,-335656540,0,116226045,15415030,840592370,30322185,1002555630,343710085,54627650,238239170,365978725,1002555630
2023-03-28,3648,3658,3619,3639,80902,0.8033240997229917,-7287,1750,33476,-27939,0,15810,1750,55440,7679,80679,23097,0,21964,35618,80679,-26573275,6362475,121842340,-101631540,0,57580565,6362475,201912970,28038210,293894220,84153840,0,80070630,129669750,293894220
2023-03-29,3619,3663,3619,3624,131692,-0.4122011541632316,-44549,962,63063,-19476,0,46896,962,81240,2231,131329,91445,0,18177,21707,131329,-162681300,3507550,230211450,-71037700,0,171351900,3507550,296622280,8170295,479652025,334033200,0,66410830,79207995,479652025
2023-03-30,3639,3708,3639,3664,162044,1.1037527593818985,-81823,2435,25903,53485,0,11963,2435,73296,73903,161597,93786,0,47393,20418,161597,-299935650,8925780,94661510,196348360,0,44004870,8925780,269006255,271419580,593356485,343940520,0,174344745,75071220,593356485
2023-03-31,3679,3708,3669,3679,257770,0.4093886462882096,-3727,4186,-11308,10849,0,93718,4186,88505,70650,257059,97445,0,99813,59801,257059,-13997510,15438200,-41765650,40324960,0,346231960,15438200,326889330,261104480,949663970,360229470,0,368654980,220779520,949663970
2023-04-03,3679,3708,3669,3679,138098,0.0,-38844,-58,40350,-1448,0,16845,3260,78498,39115,137718,55689,3318,38148,40563,137718,-143269530,-200140,148735975,-5266305,0,62184580,12043400,289785795,144476655,508490430,205454110,12243540,141049820,149742960,508490430
2023-04-04,3684,3699,3649,3699,156164,0.5436259853220984,-46394,300,53169,-7075,0,45526,300,89928,19980,155734,91920,0,36759,27055,155734,-170018565,1099500,194974900,-26055835,0,167498300,1099500,330558365,73630480,572786645,337516865,0,135583465,99686315,572786645
2023-04-05,3713,3723,3654,3684,251562,-0.40551500405515,-59128,-23617,128814,-46069,0,52223,6383,167290,24973,250869,111351,30000,38476,71042,250869,-217188010,-87122270,473482445,-169172165,0,192184285,23395065,615407620,92134375,923121345,409372295,110517335,141925175,261306540,923121345
2023-04-06,3683,3683,3619,3619,196526,-1.7643865363735072,-30494,8701,74899,-53106,0,45099,8701,130216,11968,195984,75593,0,55317,65074,195984,-110744100,31703655,272721040,-193680595,0,164521780,31703655,474464620,43625765,714315820,275265880,0,201743580,237306360,714315820
2023-04-07,3619,3648,3619,3639,118843,0.5526388505111909,-60952,304,67026,-6378,0,21044,304,89127,8041,118516,81996,0,22101,14419,118516,-221612380,1105060,243731845,-23224525,0,76656070,1105060,324206955,29235410,431203495,298268450,0,80475110,52459935,431203495
2023-04-10,3619,3629,3590,3595,251061,-1.2091233855454795,-64805,39140,59115,-33450,0,49081,39140,153376,8772,250369,113886,0,94261,42222,250369,-233451205,141967905,212566800,-121083500,0,177798690,141967905,554070335,31695635,905532565,411249895,0,341503535,152779135,905532565
2023-04-11,3619,3619,3580,3605,221281,0.27816411682892905,-3109,-50872,47827,6154,0,58054,9128,118159,35330,220671,61163,60000,70332,29176,220671,-10941835,-183264730,172024870,22181695,0,209434315,32885395,425628245,127402415,795350370,220376150,216150125,253603375,105220720,795350370
2023-04-12,3604,3653,3599,3634,156305,0.8044382801664356,-10745,-50008,18456,42297,0,26625,2,63498,65749,155874,37370,50010,45042,23452,155874,-38880010,-181423750,66699640,153604120,0,96735665,7250,230107420,238738290,565588625,135615675,181431000,163407780,85134170,565588625
2023-04-13,3658,3673,3619,3634,211780,0.0,-74080,-29212,31846,71446,0,20047,788,90619,99742,211196,94127,30000,58773,28296,211196,-269586840,-106367405,115702825,260251420,0,73136340,2870125,329988275,363419120,769413860,342723180,109237530,214285450,103167700,769413860
2023-04-14,3634,3669,3624,3669,251942,0.9631260319207484,-47920,-70069,55228,62761,0,43368,7155,94928,105796,251247,91288,77224,39700,43035,251247,-175052070,-256144355,201542125,229654300,0,158732615,26239830,346625430,386856035,918453910,333784685,282384185,145083305,157201735,918453910
2023-04-17,3673,3673,3609,3619,274159,-1.362769146906514,-86081,-3541,143182,-53560,0,54383,3504,190004,25512,273403,140464,7045,46822,79072,273403,-312113660,-12935050,520376940,-195328230,0,198191870,12787130,691007670,92827450,994814120,510305530,25722180,170630730,288155680,994814120
2023-04-18,3624,3703,3624,3689,282273,1.9342359767891684,-74826,-63127,1217,136736,0,45396,7250,82280,146569,281495,120222,70377,81063,9833,281495,-275709860,-232124070,4177540,503656390,0,167130040,26806575,301986235,539858995,1035781845,442839900,258930645,297808695,36202605,1035781845
2023-04-19,3693,3693,3649,3684,200118,-0.13553808620222282,-17201,-13080,77535,-47254,0,64398,420,125101,9647,199566,81599,13500,47566,56901,199566,-63029610,-48105320,284809975,-173675045,0,236740740,1543300,459636695,35545430,733466165,299770350,49648620,174826720,209220475,733466165
2023-04-20,3659,3703,3649,3694,261663,0.2714440825190011,-94253,-42641,48695,88199,0,48829,859,104540,106714,260942,143082,43500,55845,18515,260942,-344871040,-156902935,178100270,323673705,0,180199225,3168700,383847545,391996835,959212305,525070265,160071635,205747275,68323130,959212305
2023-04-21,3639,3688,3609,3659,326681,-0.9474824038982134,-115518,-5923,160975,-39534,0,72955,13315,223913,15597,325780,188473,19238,62938,55131,325780,-419054260,-21688325,585273125,-144530540,0,266405655,48393515,814575245,56741565,1186115980,685459915,70081840,229302120,201272105,1186115980
2023-04-24,3658,3658,3594,3634,272351,-0.6832467887400929,-135523,10018,108885,16620,0,37801,10419,192624,30756,271600,173324,401,83739,14136,271600,-489728495,36252355,393410735,60065405,0,137203005,37711980,696900855,111469500,983285340,626931500,1459625,303490120,51404095,983285340
2023-04-25,3624,3638,3589,3629,259899,-0.13758943313153552,-126754,6490,118844,1420,0,63062,6490,152511,37120,259183,189816,0,33667,35700,259183,-456582545,23387500,428635525,4559520,0,228064510,23387500,550323550,133934020,935709580,684647055,0,121688025,129374500,935709580
2023-04-26,3629,3644,3595,3600,143927,-0.7991182143841279,17067,-38796,21163,566,0,39443,1204,76917,25966,143530,22376,40000,55754,25400,143530,62216240,-140822070,76587330,2018500,0,143272195,4382505,279198215,94203345,521056260,81055955,145204575,202610885,92184845,521056260
2023-04-27,3589,3619,3540,3585,199474,-0.4166666666666667,32882,6715,13670,-53267,0,59458,6715,122436,10315,198924,26576,0,108766,63582,198924,118200320,24018400,49050435,-191269155,0,213656405,24018400,439179100,37060220,713914125,95456085,0,390128665,228329375,713914125
2023-04-28,3575,3604,3570,3595,169396,0.2789400278940028,-1263,-37000,4491,33772,0,49793,3000,72997,43139,168929,51056,40000,68506,9367,168929,-4532760,-133078915,16150685,121460990,0,178977480,10770000,262227355,155127195,607102030,183510240,143848915,246076670,33666205,607102030
2023-05-02,3600,3615,3585,3615,129540,0.5563282336578581,-24542,-42840,45668,21714,0,15776,4022,78994,30391,129183,40318,46862,33326,8677,129183,-88464130,-154645570,164730890,78378810,0,56993920,14547660,285019195,109716080,466276855,145458050,169193230,120288305,31337270,466276855
2023-05-03,3614,3638,3604,3624,130241,0.24896265560165973,39545,-37972,-21433,19860,0,53691,2028,53698,20465,129882,14146,40000,75131,605,129882,143534885,-137820280,-77903655,72189050,0,194875270,7366545,194901145,74382925,471525885,51340385,145186825,272804800,2193875,471525885
2023-05-04,3634,3663,3624,3659,169762,0.9657836644591612,-17062,-48995,17523,48534,0,34147,1005,80394,53748,169294,51209,50000,62871,5214,169294,-62150900,-178864455,63817260,177198095,0,124963325,3688260,293842415,196316190,618810190,187114225,182552715,230025155,19118095,618810190
2023-05-08,3664,3699,3639,3699,188103,1.0931948619841487,6004,-59498,-20546,74040,0,40249,502,69051,77783,187585,34245,60000,89597,3743,187585,22193835,-219215020,-75103460,272124645,0,148488655,1862370,254159160,285954250,690464435,126294820,221077390,329262620,13829605,690464435
2023-05-09,3709,3788,3699,3744,218298,1.2165450121654502,36591,-43500,-52407,59316,0,62146,10000,79218,66332,217696,25555,53500,131625,7016,217696,136839435,-162954330,-196480910,222595805,0,232689065,37371690,295945520,248796870,814803145,95849630,200326020,492426430,26201065,814803145
2023-05-10,3734,3798,3734,3744,235729,0.0,20061,-32025,40291,-28327,0,78202,1045,132290,23542,235079,58141,33070,91999,51869,235079,77034755,-121573605,152209100,-107670250,0,296363385,3950280,500894420,88713535,889921620,219328630,125523885,348685320,196383785,889921620
2023-05-11,3739,3788,3739,3784,143165,1.0683760683760684,26920,-50601,-12572,36253,0,48847,1450,50823,41651,142771,21927,52051,63395,5398,142771,102271655,-191808420,-47697660,137234425,0,185230430,5470500,192529015,157684955,540914900,82958775,197278920,240226675,20450530,540914900
2023-05-12,3788,3798,3759,3779,146764,-0.1321353065539112,48001,-29999,15564,-33566,0,87077,1,57694,1588,146360,39076,30000,42130,35154,146360,182140855,-113448575,58465245,-127157525,0,329687555,3785,218072180,6009575,553773095,147546700,113452360,159606935,133167100,553773095
2023-05-15,3774,3828,3749,3819,180053,1.0584810796507014,53296,2569,-72269,16404,0,86858,2640,60554,29505,179557,33562,71,132823,13101,179557,203020870,9800405,-275429585,62608310,0,330831130,10071600,230472380,112421370,683796480,127810260,271195,505901965,49813060,683796480
2023-05-16,3854,3908,3839,3884,343405,1.7020162346163918,65238,-38886,-28207,1855,0,170900,1114,101183,69261,342458,105662,40000,129390,67406,342458,253106960,-150807040,-109741395,7441475,0,663531985,4295485,393011270,269187305,1330026045,410425025,155102525,502752665,261745830,1330026045
2023-05-17,3883,3893,3859,3859,174648,-0.6436663233779609,63226,-28944,33616,-67898,0,86715,1100,85643,709,174167,23489,30044,52027,68607,174167,245580690,-112377275,130490590,-263694005,0,336852565,4263000,332588800,2747170,676451535,91271875,116640275,202098210,266441175,676451535
2023-05-18,3868,3888,3819,3864,141630,0.1295672454003628,63821,-18293,1731,-47259,0,75138,1757,55515,8830,141240,11317,20050,53784,56089,141240,246797080,-70567825,6488810,-182718065,0,290394665,6808305,214392055,34033735,545628760,43597585,77376130,207903245,216751800,545628760
2023-05-19,3829,3868,3829,3849,122640,-0.38819875776397517,49592,-29964,-6046,-13582,0,60819,109,60554,820,122302,11227,30073,66600,14402,122302,191887235,-115841610,-23522160,-52523465,0,235309660,421430,234182065,3171320,473084475,43422425,116263040,257704225,55694785,473084475
2023-05-22,3829,3938,3829,3894,153707,1.1691348402182384,54611,-40049,-17903,3341,0,64528,1,62694,26060,153283,9917,40050,80597,22719,153283,212677730,-155910775,-69872135,13105180,0,251265745,3895,244058430,101645970,596974040,38588015,155914670,313930565,88540790,596974040
2023-05-23,3888,3888,3869,3874,109724,-0.5136106831022085,24239,4322,-10660,-17901,0,46490,4323,58373,236,109422,22251,1,69033,18137,109422,94539325,16793935,-41726045,-69607215,0,181058645,16797830,227055685,917340,425829500,86519320,3895,268781730,70524555,425829500
2023-05-24,3874,3898,3709,3874,119789,0.0,25165,-37300,41987,-29852,0,37980,200,76694,4585,119459,12815,37500,34707,34437,119459,97571470,-144591290,162772540,-115752720,0,147255410,756000,296744595,17677810,462433815,49683940,145347290,133972055,133430530,462433815
2023-05-25,3879,3908,3854,3879,284358,0.12906556530717606,72787,-30230,-407,-42150,0,89906,0,172540,21128,283574,17119,30230,172947,63278,283574,283230310,-117289100,-2611050,-163330160,0,349781955,0,669218620,82254060,1101254635,66551645,117289100,671829670,245584220,1101254635
2023-05-26,3883,3888,3824,3859,141033,-0.5155968032998196,11008,5563,20215,-36786,0,41965,5563,91676,1440,140644,30957,0,71461,38226,140644,42633760,21500685,77956455,-142090900,0,162169860,21500685,354057695,5567345,543295585,119536100,0,276101240,147658245,543295585
2023-05-30,3874,3913,3869,3904,332021,1.166105208603265,35315,-47899,46216,-33632,0,89651,12101,138292,91062,331106,54336,60000,92076,124694,331106,137649065,-186391595,179492775,-130750245,0,349450105,47182645,538427650,355048670,1290109070,211801040,233574240,358934875,485798915,1290109070
2023-05-31,3904,3948,3869,3904,482926,0.0,48845,-15300,49077,-82622,0,147095,25000,229970,79529,481594,98250,40300,180893,162151,481594,192123620,-60126970,192354430,-324351080,0,579149760,98642640,905287730,312647410,1895727540,387026140,158769610,712933300,636998490,1895727540
2023-06-01,3909,3953,3899,3929,247237,0.6403688524590164,40899,-25307,13790,-29382,0,105985,4743,99248,36579,246555,65086,30050,85458,65961,246555,160657650,-99249575,53699475,-115107550,0,416558835,18661230,389592300,143989690,968802055,255901185,117910805,335892825,259097240,968802055
2023-06-02,3948,3948,3904,3924,191960,-0.12725884448969205,34947,-29927,25520,-30540,0,89286,73,93993,8079,191431,54339,30000,68473,38619,191431,137309860,-117516545,100233885,-120027200,0,350771070,286065,369073330,31740300,751870765,213461210,117802610,268839445,151767500,751870765
2023-06-05,3929,3964,3919,3964,216667,1.019367991845056,36053,-40000,10775,-6828,0,84329,0,95228,36513,216070,48276,40000,84453,43341,216070,142721235,-158103380,42144595,-26762450,0,333553225,0,376133635,144524880,854211740,190831990,158103380,333989040,171287330,854211740
2023-06-07,3973,4008,3954,3969,280073,0.12613521695257315,40618,-20331,17747,-38034,0,93981,10769,147840,26711,279301,53363,31100,130093,64745,279301,161659210,-80882180,70384285,-151161315,0,374135515,42835440,588511375,106581250,1112063580,212476305,123717620,518127090,257742565,1112063580
2023-06-08,3978,4017,3963,3998,350762,0.7306626354245402,-2292,-31169,-60475,93936,0,56652,12432,109194,171517,349795,58944,43601,169669,77581,349795,-9538205,-124317740,-242185445,376041390,0,226280655,49850820,436079330,686217760,1398428565,235818860,174168560,678264775,310176370,1398428565
2023-06-09,3992,4002,3978,3988,307467,-0.25012506253126565,80872,3601,-18430,-66043,0,127789,4601,160538,13691,306619,46917,1000,178968,79734,306619,323568345,14414505,-73890415,-264092435,0,511285095,18419505,641868960,54751335,1226324895,187716750,4005000,715759375,318843770,1226324895
2023-06-12,4002,4002,3983,3993,213028,0.12537612838515547,27919,-41697,25857,-12079,0,70467,303,116817,24854,212441,42548,42000,90960,36933,212441,111758420,-166867985,103439240,-48329675,0,282087540,1212015,467525685,99495880,850321120,170329120,168080000,364086445,147825555,850321120
2023-06-13,3998,4018,3964,3964,342754,-0.7262709742048585,46087,-33987,66636,-78736,0,91977,840,242333,6659,341809,45890,34827,175697,85395,341809,184245150,-135786755,265775190,-314233585,0,367579070,3353600,967189850,26635295,1364757815,183333920,139140355,701414660,340868880,1364757815
2023-06-14,3963,3963,3929,3944,257615,-0.5045408678102926,9147,-41564,54785,-22368,0,84874,1200,138997,31834,256905,75727,42764,84212,54202,256905,36243170,-164406395,216677115,-88513890,0,335657075,4735000,549312010,125843710,1015547795,299413905,169141395,332634895,214357600,1015547795
2023-06-15,3918,3938,3839,3864,331251,-2.028397565922921,-30452,629,96701,-66878,0,53369,629,243382,32958,330338,83821,0,146681,99836,330338,-118161010,2448640,376524455,-260812085,0,207536440,2448640,945565670,127897955,1283448705,325697450,0,569041215,388710040,1283448705
2023-06-16,3893,3918,3829,3889,301291,0.6469979296066253,-27108,-39246,46625,19729,0,60718,2989,98404,138349,300460,87826,42235,51779,118620,300460,-104844175,-152294870,180553065,76585980,0,235230160,11547135,380514030,536723250,1164014575,340074335,163842005,199960965,460137270,1164014575
2023-06-19,3898,3938,3834,3879,231991,-0.2571355104139882,-6157,-37707,103158,-59294,0,62330,3000,136996,29026,231352,68487,40707,33838,88320,231352,-23746695,-145786655,398944390,-229411040,0,241348365,11649765,530126265,113049740,896174135,265095060,157436420,131181875,342460780,896174135
2023-06-20,3879,3908,3844,3904,161915,0.6444960041247745,43701,-35942,-9883,2124,0,93420,4351,50916,12782,161469,49719,40293,60799,10658,161469,170588745,-140383250,-38720495,8515000,0,364520805,16968910,198495855,49779495,629765065,193932060,157352160,237216350,41264495,629765065
2023-06-21,3918,3918,3849,3869,129221,-0.8965163934426229,44847,-50785,20436,-14498,0,73574,566,52029,2696,128865,28727,51351,31593,17194,128865,174181820,-197001920,79194430,-56374330,0,285671090,2196280,201788255,10455980,500111605,111489270,199198200,122593825,66830310,500111605
2023-06-22,3868,3868,3834,3864,206877,-0.12923235978288963,24817,-17277,26721,-34261,0,81134,26389,92153,6631,206307,56317,43666,65432,40892,206307,95882990,-66637145,102995450,-132241295,0,313181115,101887050,355426655,25598785,796093605,217298125,168524195,252431205,157840080,796093605
2023-06-23,3833,3848,3779,3779,301060,-2.199792960662526,59498,-7391,52940,-105047,0,104013,12609,178710,4898,300230,44515,20000,125770,109945,300230,227091155,-27809015,201097920,-400380060,0,397010625,48368150,681370210,18753130,1145502115,169919470,76177165,480272290,419133190,1145502115
2023-06-26,3788,3788,3709,3754,176980,-0.6615506747816883,13710,1700,-504,-14906,0,52603,1700,99480,22709,176492,38893,0,99984,37615,176492,51192470,6360500,-1565155,-55987815,0,196708760,6360500,372082250,84963065,660114575,145516290,0,373647405,140950880,660114575
2023-06-27,3764,3813,3739,3799,206015,1.1987213638785295,5183,-10129,62521,-57575,0,50896,29871,116099,8581,205447,45713,40000,53578,66156,205447,20185475,-37684305,236019650,-218520820,0,193089380,113707385,438877365,32456525,778130655,172903905,151391690,202857715,250977345,778130655
2023-06-28,3788,3793,3744,3784,260452,-0.3948407475651487,15545,-30961,57776,-42360,0,67492,10040,169092,13110,259734,51947,41001,111316,55470,259734,58354265,-117222475,219203760,-160335550,0,255173275,38086000,640230260,49763055,983252590,196819010,155308475,421026500,210098605,983252590
2023-06-29,3668,3718,3639,3639,423950,-3.8319238900634245,19513,-16626,203985,-206872,0,63175,3475,343356,12775,422781,43662,20101,139371,219647,422781,71766130,-60911405,750929105,-761783830,0,232121965,12758580,1263026730,46921290,1554828565,160355835,73669985,512097625,808705120,1554828565
2023-06-30,3624,3648,3594,3644,257908,0.1374003847210772,36743,-8019,94776,-123500,0,84807,12051,137186,23153,257197,48064,20070,42410,146653,257197,133795450,-29024525,343424290,-448195215,0,308011735,43718325,496956420,84011125,932697605,174216285,72742850,153532130,532206340,932697605
2023-07-03,3644,3668,3624,3644,185526,0.0,-14541,5197,48274,-38930,0,41850,5268,130242,7655,185015,56391,71,81968,46585,185015,-52986895,18954805,176236520,-142204430,0,152998425,19214300,475706210,27929855,675848790,205985320,259495,299469690,170134285,675848790
2023-07-04,3664,3808,3629,3694,214881,1.3721185510428102,-19197,200,23258,-4261,0,51129,310,108854,53996,214289,70326,110,85596,58257,214289,-69466830,731385,84042605,-15307160,0,188056525,1136035,398937030,198455845,786585435,257523355,404650,314894425,213763005,786585435
2023-07-05,3698,3698,3634,3634,145157,-1.6242555495397943,-6635,722,80673,-74760,0,25841,772,109798,8346,144757,32476,50,29125,83106,144757,-24341350,2639425,295289315,-273587390,0,94525970,2821675,401943275,30668390,529959310,118867320,182250,106653960,304255780,529959310
2023-07-06,3619,3658,3604,3629,169328,-0.13758943313153552,-43610,20711,46748,-23849,0,31535,20711,109866,6749,168861,75145,0,63118,30598,168861,-158549260,75432770,169800950,-86684460,0,114620275,75432770,399301535,24525540,613880120,273169535,0,229500585,111210000,613880120
2023-07-07,3619,3673,3529,3624,221402,-0.13777900248002206,-50563,8599,27797,14167,0,29723,8700,99229,83140,220792,80286,101,71432,68973,220792,-182621505,31122955,99970195,51528355,0,107663000,31490060,358199220,301009815,798362095,290284505,367105,258229025,249481460,798362095
2023-07-10,3609,3614,3565,3565,167239,-1.6280353200883002,-52218,8065,76109,-31956,0,16850,8268,129981,11679,166778,69068,203,53872,43635,166778,-187755370,28965985,273694810,-114905425,0,60632275,29691800,467976405,42168755,600469235,248387645,725815,194281595,157074180,600469235
2023-07-11,3565,3604,3555,3570,104518,0.1402524544179523,-48658,4494,52259,-8095,0,19297,4500,78021,2412,104230,67955,6,25762,10507,104230,-174184650,16131620,187061285,-29008255,0,69180430,16153130,279451550,8640855,373425965,243365080,21510,92390265,37649110,373425965
2023-07-12,3569,3628,3559,3619,101421,1.3725490196078431,-41460,-4000,32492,12968,0,19717,1000,61584,18841,101142,61177,5000,29092,5873,101142,-148590555,-14362500,116312875,46640180,0,70990225,3580000,220771230,67814125,363155580,219580780,17942500,104458355,21173945,363155580
2023-07-13,3624,3718,3589,3669,205608,1.3815971262779774,30543,-8461,-18526,-3556,0,95972,1589,76322,31158,205041,65429,10050,94848,34714,205041,113495830,-31230705,-68578220,-13686905,0,353211275,5752795,279326785,114304450,752595305,239715445,36983500,347905005,127991355,752595305
2023-07-14,3679,3758,3639,3709,144337,1.0902153175252112,-24615,1038,-4268,27845,0,42868,1040,62429,37602,143939,67483,2,66697,9757,143939,-90634545,3848935,-16275585,103061195,0,158406100,3856300,230465800,138996935,531725135,249040645,7365,246741385,35935740,531725135
2023-07-17,3728,3728,3589,3649,121317,-1.6176867080075492,-40050,-1491,44171,-2630,0,20607,1150,89024,10202,120983,60657,2641,44853,12832,120983,-146233890,-5414755,161409110,-9760465,0,75363025,4196000,325189030,37343130,442091185,221596915,9610755,163779920,47103595,442091185
2023-07-18,3599,3653,3599,3619,81921,-0.822143052891203,-22187,1190,27006,-6009,0,10804,1200,64134,5558,81696,32991,10,37128,11567,81696,-80503780,4330560,98024580,-21851360,0,39346115,4368410,232868460,20185825,296768810,119849895,37850,134843880,42037185,296768810
2023-07-19,3624,3628,3589,3624,121184,0.13815971262779772,-48542,25261,24719,-1438,0,16397,25261,68533,10659,120850,64939,0,43814,12097,120850,-175407760,91323365,89285685,-5201290,0,59277755,91323365,247751955,38589665,436942740,234685515,0,158466270,43790955,436942740
2023-07-20,3639,3639,3590,3615,83412,-0.24834437086092717,-20798,12052,7486,1260,0,16088,12052,49212,5830,83182,36886,0,41726,4570,83182,-75198925,43567035,27070115,4561775,0,58245675,43567035,177960435,21120190,300893335,133444600,0,150890320,16558415,300893335
2023-07-21,3614,3663,3599,3639,124708,0.6639004149377593,-14368,28484,-42298,28182,0,44908,28624,17368,33464,124364,59276,140,59666,5282,124364,-52406410,103954360,-154217720,102669770,0,163673595,104464660,63268915,122008485,453415655,216080005,510300,217486635,19338715,453415655
2023-07-24,3643,3643,3584,3634,196458,-0.1374003847210772,-3805,15654,-15558,3709,0,65574,25657,89722,14964,195917,69379,10003,105280,11255,195917,-13355025,56523325,-56520265,13351965,0,237601035,92684175,323893670,54174435,708353315,250956060,36160850,380413935,40822470,708353315
2023-07-25,3599,3633,3549,3624,217573,-0.27517886626307103,41157,12579,-52175,-1561,0,121542,12600,67306,15525,216973,80385,21,119481,17086,216973,148442090,45403130,-188240785,-5604435,0,438327990,45478840,242376140,56089765,782272735,289885900,75710,430616925,61694200,782272735
2023-07-26,3600,3609,3565,3600,245130,-0.6622516556291391,39455,1023,-6086,-34392,0,101269,3123,129289,10773,244454,61814,2100,135375,45165,244454,141984170,3612535,-22016230,-123580475,0,364139965,11193535,464453880,38768990,878556370,222155795,7581000,486470110,162349465,878556370
2023-07-27,3579,3599,3535,3545,324148,-1.5277777777777777,-45120,16109,68904,-39893,0,52154,16510,239697,14893,323254,97274,401,170793,54786,323254,-160959700,57520540,245802175,-142363015,0,185705525,58946105,854024430,53080055,1151756115,346665225,1425565,608222255,195443070,1151756115
2023-07-28,3544,3544,3490,3535,256022,-0.2820874471086037,-67608,8521,45556,13531,0,47727,8521,139364,59704,255316,115335,0,93808,46173,255316,-237185200,29917525,159847565,47420110,0,167814775,29917525,489512000,209837510,897081810,404999975,0,329664435,162417400,897081810
2023-07-31,3539,3539,3500,3510,215952,-0.7072135785007072,-68378,36665,47567,-15854,0,36862,36885,95826,45784,215357,105240,220,48259,61638,215357,-240641280,128996715,167437730,-55793165,0,129691005,129777685,337312875,161220855,758002420,370332285,780970,169875145,217014020,758002420
2023-08-01,3495,3549,3480,3540,208621,0.8547008547008548,-66190,24445,67311,-25566,0,51106,25445,120206,11289,208046,117296,1000,52895,36855,208046,-231982565,86155355,235769700,-89942490,0,180088045,89710355,422228515,39740815,731767730,412070610,3555000,186458815,129683305,731767730
2023-08-02,3519,3529,3485,3495,363181,-1.2711864406779663,25562,-59397,35334,-1499,0,104770,2618,223248,31544,362180,79208,62015,187914,33043,362180,89500265,-208498995,124334040,-5335310,0,368149505,9184270,783768765,110878180,1271980720,278649240,217683265,659434725,116213490,1271980720
2023-08-03,3494,3499,3480,3485,149811,-0.28612303290414876,-42363,-56,54578,-12159,0,41793,0,86737,20868,149398,84156,56,32159,33027,149398,-148173565,-195735,190871400,-42502100,0,146253630,0,303388450,73060520,522702600,294427195,195735,112517050,115562620,522702600
2023-08-04,3480,3499,3470,3480,124584,-0.1434720229555237,-39460,-11973,56044,-4611,0,25611,1030,88796,8804,124241,65071,13003,32752,13415,124241,-137650070,-41789425,195636765,-16197270,0,89473280,3594600,309820415,30701785,433590080,227123350,45384025,114183650,46899055,433590080
2023-08-07,3470,3500,3460,3500,194617,0.5747126436781609,-76392,9600,57432,9360,0,42768,9601,119006,22706,194081,119160,1,61574,13346,194081,-265278200,33360510,199539430,32378260,0,149086535,33363985,413684015,79005315,675139850,414364735,3475,214144585,46627055,675139850
2023-08-08,3494,3499,3465,3475,172212,-0.7142857142857143,-81421,21949,64813,-5341,0,28894,21951,119015,1877,171737,110315,2,54202,7218,171737,-283430420,76377755,225691500,-18638835,0,100784215,76384730,414459615,6552020,598180580,384214635,6975,188768115,25190855,598180580
2023-08-09,3464,3479,3410,3445,487457,-0.8633093525179856,-305134,11917,307723,-14506,0,106747,11917,351697,15752,486113,411881,0,43974,30258,486113,-1049350750,40985230,1058684110,-50318590,0,367274165,40985230,1210356075,54125715,1672741185,1416624915,0,151671965,104444305,1672741185
2023-08-10,3439,3464,3405,3415,312187,-0.8708272859216255,-100240,8129,100995,-8884,0,91716,8132,193029,18449,311326,191956,3,92034,27333,311326,-343271780,27856170,345809275,-30393665,0,314905515,27866470,661592510,63552430,1067916925,658177295,10300,315783235,93946095,1067916925
2023-08-11,3405,3449,3395,3410,173509,-0.14641288433382138,-87098,4979,86719,-4600,0,33437,4980,122767,11847,173031,120535,1,36048,16447,173031,-297559870,17003660,296394315,-15838105,0,114443655,17007100,419788980,40537745,591777480,412003525,3440,123394665,56375850,591777480
2023-08-14,3410,3415,3370,3415,238946,0.1466275659824047,-38920,3302,53334,-17716,0,64617,3302,161217,9151,238287,103537,0,107883,26867,238287,-132061945,11224800,181184570,-60347425,0,219741165,11224800,547293995,31100510,809360470,351803110,0,366109425,91447935,809360470
2023-08-16,3409,3409,3375,3375,154968,-1.171303074670571,-33885,300,35383,-1798,0,53983,300,93297,6961,154541,87868,0,57914,8759,154541,-115152065,1018250,120222135,-6088320,0,183519775,1018250,316826830,23654325,525019180,298671840,0,196604695,29742645,525019180
2023-08-17,3389,3399,3340,3380,142809,0.14814814814814814,-39785,2120,31705,5960,0,40863,2121,83829,15603,142416,80648,1,52124,9643,142416,-133861105,7154310,106677370,20029425,0,137741965,7157665,282173305,52588860,479661795,271603070,3355,175495935,32559435,479661795
2023-08-18,3379,3384,3335,3370,72555,-0.2958579881656805,-25750,2100,15183,8467,0,14096,2100,44565,11594,72355,39846,0,29382,3127,72355,-86795540,7064250,51132625,28598665,0,47538625,7064250,150178190,39142950,243924015,134334165,0,99045565,10544285,243924015
2023-08-21,3380,3399,3350,3390,80791,0.5934718100890208,-8380,1,-5016,13395,0,17322,1,49083,14163,80569,25702,0,54099,768,80569,-28232960,3375,-17087110,45316695,0,58627255,3375,165784870,47921915,272337415,86860215,0,182871980,2605220,272337415
2023-08-22,3390,3399,3375,3395,69498,0.14749262536873156,-18285,41,13603,4641,0,13969,41,44302,10995,69307,32254,0,30699,6354,69307,-61997900,139300,46106550,15752050,0,47471705,139300,150386885,37363740,235361630,109469605,0,104280335,21611690,235361630
2023-08-23,3390,3399,3365,3390,103330,-0.14727540500736377,-30657,3499,51370,-24212,0,24068,3600,70988,4389,103045,54725,101,19618,28601,103045,-103509345,11821625,173526120,-81838400,0,81373630,12165000,239894190,14858490,348291310,184882975,343375,66368070,96696890,348291310
2023-08-24,3389,3389,3345,3380,118785,-0.2949852507374631,-23542,180,38300,-14938,0,27587,180,77190,13501,118458,51129,0,38890,28439,118458,-79310970,606300,129218270,-50513600,0,93134930,606300,260491610,45488815,399721655,172445900,0,131273340,96002415,399721655
2023-08-25,3359,3369,3340,3345,148006,-1.0355029585798818,-38099,-2996,88176,-47081,0,24921,1700,119343,1634,147598,63020,4696,31167,48715,147598,-127772730,-10056070,295791275,-157962475,0,83603250,5712000,400352995,5487825,495156070,211375980,15768070,104561720,163450300,495156070
2023-08-28,3345,3384,3335,3360,144385,0.4484304932735426,-529,0,4312,-3783,0,53716,0,58201,32070,143987,54245,0,53889,35853,143987,-1565520,0,14245115,-12679595,0,180970250,0,195672845,108024860,484667955,182535770,0,181427730,120704455,484667955
2023-08-29,3360,3410,3355,3410,123412,1.488095238095238,-14924,1770,-3010,16164,0,21588,1771,46060,53653,123072,36512,1,49070,37489,123072,-50479545,6053405,-10402835,54828975,0,73299675,6056785,155940865,181894265,417191590,123779220,3380,166343700,127065290,417191590
2023-08-30,3420,3439,3400,3435,98027,0.7331378299120235,-1864,999,-902,1767,0,27226,1000,49988,19543,97757,29090,1,50890,17776,97757,-6214000,3416590,-3235865,6033275,0,93310085,3420000,171086485,66914925,334731495,99524085,3410,174322350,60881650,334731495
2023-08-31,3434,3434,3395,3395,193779,-1.1644832605531297,-6768,4585,77365,-75182,0,49232,4585,109548,29880,193245,56000,0,32183,105062,193245,-23095180,15685705,264392690,-256983215,0,168414305,15685705,374418610,102070120,660588740,191509485,0,110025920,359053335,660588740
2023-09-01,3405,3425,3405,3425,180355,0.8836524300441826,-37297,-1050,27867,10480,0,34335,0,85282,60241,179858,71632,1050,57415,49761,179858,-127612310,-3601750,95303390,35910670,0,117516925,0,291837870,206245675,615600470,245129235,3601750,196534480,170335005,615600470
2023-09-04,3424,3429,3375,3420,139891,-0.145985401459854,-5329,1204,57481,-53356,0,28004,2204,96774,12524,139506,33333,1000,39293,65880,139506,-17844530,4133385,195758335,-182047190,0,95609300,7553385,329686230,42633140,475482055,113453830,3420000,133927895,224680330,475482055
2023-09-05,3414,3429,3385,3390,105953,-0.8771929824561403,-27158,18000,33942,-24784,0,16952,21000,57344,10365,105661,44110,3000,23402,35149,105661,-92443600,61558645,115579340,-84694385,0,57793275,71788645,195245590,35309430,360136940,150236875,10230000,79666250,120003815,360136940
2023-09-06,3410,3410,3380,3410,144265,0.5899705014749262,-49496,17357,15534,16605,0,43477,17359,62515,20517,143868,92973,2,46981,3912,143868,-168279060,58987020,52865320,56426720,0,147988375,58993810,212602815,69765930,489350930,316267435,6790,159737495,13339210,489350930
2023-09-07,3410,3459,3380,3420,125793,0.2932551319648094,-5172,-18202,9786,13588,0,47896,0,58173,19377,125446,53068,18202,48387,5789,125446,-17367520,-61964345,33140330,46191535,0,163659660,0,198466255,66022070,428147985,181027180,61964345,165325925,19830535,428147985
2023-09-08,3425,3440,3390,3440,71255,0.5847953216374269,-3580,1278,-8961,11263,0,22718,2282,32215,13844,71059,26298,1004,41176,2581,71059,-12235600,4385810,-30509045,38358835,0,77561605,7809460,110122220,47213830,242707115,89797205,3423650,140631265,8854995,242707115
2023-09-11,3434,3454,3405,3430,128985,-0.29069767441860467,-4135,-52,9472,-5285,0,40294,0,81454,6882,128630,44429,52,71982,12167,128630,-14092655,-179130,32508830,-18237045,0,138491590,0,279821600,23656360,441969550,152584245,179130,247312770,41893405,441969550
2023-09-12,3395,3424,3395,3410,137349,-0.5830903790087464,-22824,101,10272,12451,0,31733,101,78642,26495,136971,54557,0,68370,14044,136971,-77941820,344670,34976505,42620645,0,108487060,344670,268722420,90652020,468206170,186428880,0,233745915,48031375,468206170
2023-09-13,3399,3469,3365,3385,197863,-0.7331378299120235,-48428,0,79404,-30976,0,41525,0,154444,1349,197318,89953,0,75040,32325,197318,-164165515,0,269482000,-105316485,0,140840240,0,524359890,4579605,669779735,305005755,0,254877890,109896090,669779735
2023-09-14,3384,3384,3340,3365,287393,-0.5908419497784343,-126588,10660,152458,-36530,0,51745,10660,221204,2992,286601,178333,0,68746,39522,286601,-425752075,35898340,512895140,-123041405,0,173847680,35898340,744236325,10067845,964050190,599599755,0,231341185,133109250,964050190
2023-09-15,3405,3420,3355,3420,374907,1.634472511144131,-161307,2413,40727,118167,0,34155,4013,183141,152564,373873,195462,1600,142414,34397,373873,-544465505,8091240,134716475,401657790,0,115387175,13539240,619471780,519302745,1267700940,659852680,5448000,484755305,117644955,1267700940
2023-09-18,3365,3429,3360,3405,169663,-0.43859649122807015,-77967,-1901,43269,36599,0,24344,100,100170,44581,169195,102311,2001,56901,7982,169195,-263607720,-6525880,145851580,124282020,0,82523605,337500,338859040,151434265,573154410,346131325,6863380,193007460,27152245,573154410
2023-09-19,3404,3404,3350,3380,191875,-0.7342143906020557,-77480,3000,115990,-41510,0,24138,3000,156019,8189,191346,101618,0,40029,49699,191346,-261199300,10139200,391105040,-140044940,0,81368065,10139200,526188010,27678085,645373360,342567365,0,135082970,167723025,645373360
2023-09-20,3379,3379,3350,3370,228316,-0.2958579881656805,-78487,5060,79219,-5792,0,59278,5060,122612,40737,227687,137765,0,43393,46529,227687,-264261985,17022350,266803530,-19563895,0,199928690,17022350,413262045,137311525,767524610,464190675,0,146458515,156875420,767524610
2023-09-21,3354,3369,3315,3330,301423,-1.1869436201780417,-88016,4001,159691,-75676,0,71155,4001,221866,3570,300592,159171,0,62175,79246,300592,-293838610,13358330,533810700,-253330420,0,238085205,13358330,741498800,11936830,1004879165,531923815,0,207688100,265267250,1004879165
2023-09-22,3329,3334,3300,3315,239911,-0.45045045045045046,-69879,6796,76362,-13279,0,22062,6796,161412,48980,239250,91941,0,85050,62259,239250,-232213910,22600485,253528345,-43914920,0,73334690,22600485,536234500,162978320,795147995,305548600,0,282706155,206893240,795147995
2023-09-25,3300,3314,3290,3300,233231,-0.4524886877828055,12350,238,23599,-36187,0,105809,238,90029,36512,232588,93459,0,66430,72699,232588,40961225,788965,78169620,-119919810,0,350840620,788965,298091765,120934100,770655450,309879395,0,219922145,240853910,770655450
2023-09-26,3294,3299,3270,3275,268918,-0.7575757575757576,37681,799,-25357,-13123,0,79872,900,160988,26417,268177,42191,101,186345,39540,268177,124123400,2629205,-83421240,-43331365,0,263048295,2961000,530038305,86992555,883040155,138924895,331795,613459545,130323920,883040155
2023-09-27,3269,3294,3255,3260,209758,-0.45801526717557256,-3075,4105,42364,-43394,0,98605,5105,98612,6858,209180,101680,1000,56248,50252,209180,-10131440,13476180,139065430,-142410170,0,324474395,16766180,323680110,22547690,687468375,334605835,3290000,184614680,164957860,687468375
2023-10-04,3260,3260,3166,3166,327930,-2.883435582822086,-65859,-39328,179950,-74763,0,46448,599,262961,17018,327026,112307,39927,83011,91781,327026,-209761255,-125245235,573965360,-238958870,0,148432960,1911260,839617340,54600595,1044562155,358194215,127156495,265651980,293559465,1044562155
2023-10-05,3170,3180,3091,3101,258322,-2.053063802905875,-65047,4284,96064,-35301,0,47195,4284,184607,21524,257610,112242,0,88543,56825,257610,-203609065,13450385,300984870,-110826190,0,148563060,13450385,579020735,67255250,808289430,352172125,0,278035865,178081440,808289430
2023-10-06,3105,3130,3091,3101,174035,0.0,-35832,4702,52824,-21694,0,41439,4702,117996,9418,173555,77271,0,65172,31112,173555,-111445390,14684720,164264480,-67503810,0,129138720,14684720,367177365,29308670,540309475,240584110,0,202912885,96812480,540309475
2023-10-10,3100,3110,3086,3091,120725,-0.32247662044501774,-4463,2,21469,-17008,0,38312,2,76118,5960,120392,42775,0,54649,22968,120392,-13928145,6200,66764035,-52842090,0,119030370,6200,236378015,18506250,373920835,132958515,0,169613980,71348340,373920835
2023-10-11,3081,3125,3081,3091,189699,0.0,-40927,-1998,74618,-31693,0,35013,2,138028,16133,189176,75940,2000,63410,47826,189176,-126731610,-6198795,231092860,-98162455,0,108635705,6205,427790890,50051050,586483850,235367315,6205000,196698030,148213505,586483850
2023-10-12,3110,3110,3061,3066,201108,-0.8087997411840828,-48252,-17432,104510,-38826,0,40051,94,159438,971,200554,88303,17526,54928,39797,200554,-148697190,-53730210,322113690,-119686290,0,123586895,289875,491592345,2998855,618467970,272284085,54020085,169478655,122685145,618467970
2023-10-13,3075,3080,2901,2941,1194457,-4.076973255055447,-693665,2816,645288,45561,0,80625,3291,851295,255951,1191162,774290,475,206007,210390,1191162,-2059289615,8325925,1918462800,132500890,0,239901360,9748550,2537313935,757261005,3544224850,2299190975,1422625,618851135,624760115,3544224850
2023-10-16,2951,2995,2936,2976,197737,1.190071404284257,-50679,8638,21695,20346,0,24323,8639,108404,55826,197192,75002,1,86709,35480,197192,-150137160,25529970,63901375,60705815,0,72195715,25532925,321277145,165945330,584951115,222332875,2955,257375770,105239515,584951115
2023-10-17,2966,3015,2946,3006,184516,1.0080645161290323,-63060,5502,-11267,68825,0,31481,5502,71112,75912,184007,94541,0,82379,7087,184007,-189576970,16613925,-34318435,207281480,0,94646220,16613925,213592480,228508785,553361410,284223190,0,247910915,21227305,553361410
2023-10-18,3011,3016,2991,3016,71714,0.332667997338656,-9210,1302,3241,4667,0,23058,1302,33694,13463,71517,32268,0,30453,8796,71517,-27700885,3919030,9663365,14118490,0,69533405,3919030,101420340,40597260,215470035,97234290,0,91756975,26478770,215470035
2023-10-19,3015,3015,2946,2946,234409,-2.320954907161804,3902,36353,24580,-64835,0,51470,36355,134974,10964,233763,47568,2,110394,75799,233763,12025565,107672715,73473325,-193171605,0,153484465,107678675,401494345,32571315,695228800,141458900,5960,328021020,225742920,695228800
2023-10-20,2945,2970,2901,2911,216632,-1.1880515953835709,-72260,101,45564,26595,0,25791,101,127035,63108,216035,98051,0,81471,36513,216035,-212139840,297300,133520495,78322045,0,75691585,297300,372835785,185499655,634324325,287831425,0,239315290,107177610,634324325
2023-10-23,2946,2946,2797,2842,466409,-2.3703194778426657,-141898,20484,99495,21919,0,54285,20484,317516,72838,465123,196183,0,218021,50919,465123,-404215730,59910115,285837825,58467790,0,155496100,59910115,906024165,205903070,1327333450,559711830,0,620186340,147435280,1327333450
2023-10-24,2866,2866,2807,2862,115627,0.7037297677691766,-27664,4499,32139,-8974,0,17778,4500,73287,19744,115309,45442,1,41148,28718,115309,-78546770,12727145,90843020,-25023395,0,50450135,12730000,207810350,56360725,327351210,128996905,2855,116967330,81384120,327351210
2023-10-25,2886,2945,2861,2926,133347,2.2361984626135567,3465,-1018,-22408,19961,0,41498,0,44498,46984,132980,38033,1018,66906,27023,132980,10456240,-2982475,-65732950,58259185,0,121437565,0,129537430,136989260,387964255,110981325,2982475,195270380,78730075,387964255
2023-10-26,2891,2896,2857,2857,131843,-2.3581681476418317,659,5830,29325,-35814,0,33054,5830,85868,6728,131480,32395,0,56543,42542,131480,1793865,16817050,84623925,-103234840,0,95316575,16817050,247411280,19416735,378961640,93522710,0,162787355,122651575,378961640
2023-10-27,2817,2886,2817,2847,107386,-0.35001750087504374,-27812,2501,47319,-22008,0,33499,2501,59647,11443,107090,61311,0,12328,33451,107090,-79193625,7198155,134882555,-62887085,0,95742690,7198155,170141575,32635065,305717485,174936315,0,35259020,95522150,305717485
2023-10-30,2852,2886,2832,2862,109573,0.5268703898840885,2580,-500,39652,-41732,0,33964,1,70406,4900,109271,31384,501,30754,46632,109271,7405105,-1432500,113130110,-119102715,0,96933150,2860,200785245,13967740,311688995,89528045,1435360,87655135,133070455,311688995
2023-10-31,2862,2901,2842,2867,144998,0.17470300489168414,-9870,6094,36869,-33093,0,35938,6095,71487,31079,144599,45808,1,34618,64172,144599,-28138945,17486500,105621420,-94968975,0,103260465,17489370,204961140,89332550,415043525,131399410,2870,99339720,184301525,415043525
2023-11-01,2871,2901,2842,2857,102166,-0.3487966515521451,-18678,1002,49022,-31346,0,11458,1002,80063,9362,101885,30136,0,31041,40708,101885,-53759845,2900760,140940715,-90081630,0,33023305,2900760,230854830,26895860,293674755,86783150,0,89914115,116977490,293674755
2023-11-02,2891,2935,2876,2916,130696,2.065103255162758,-17331,-1,-4957,22289,0,34507,0,64105,31724,130336,51838,1,69062,9435,130336,-50581140,-2930,-14458370,65042440,0,100935165,0,187126015,92594825,380656005,151516305,2930,201584385,27552385,380656005
2023-11-03,2916,3001,2901,3001,201723,2.914951989026063,-8571,38033,-43143,13681,0,39675,38533,92295,30664,201167,48246,500,135438,16983,201167,-25763260,114263340,-129180635,40680555,0,117836675,115760840,274161710,90953345,598712570,143599935,1497500,403342345,50272790,598712570
2023-11-06,3040,3060,2976,3031,205238,0.9996667777407532,9638,2449,-29289,17202,0,59911,2650,103122,38989,204672,50273,201,132411,21787,204672,29239555,7477470,-88781225,52064200,0,182254020,8084565,313604695,118257230,622200510,153014465,607095,402385920,66193030,622200510
2023-11-07,3010,3015,2971,2991,143168,-1.3196964698119433,8118,-16383,22916,-14651,0,62141,617,66610,13406,142774,54023,17000,43694,28057,142774,24510815,-49071085,68520915,-43960645,0,186127555,1848915,199139445,40104970,427220885,161616740,50920000,130618530,84065615,427220885
2023-11-08,3011,3056,2986,3056,131422,2.1731862253426946,-20369,-1,-17018,37388,0,46224,0,38767,46069,131060,66593,1,55785,8681,131060,-60963620,-3005,-51713990,112680615,0,140286525,0,117123885,139060675,396471085,201250145,3005,168837875,26380060,396471085
2023-11-09,3055,3070,3031,3041,52364,-0.4908376963350785,1882,1001,9053,-11936,0,21513,1001,25747,3959,52220,19631,0,16694,15895,52220,5802465,3048060,27627550,-36478075,0,65749805,3048060,78681175,12103265,159582305,59947340,0,51053625,48581340,159582305
2023-11-10,3041,3055,2996,3051,102039,0.3288391976323578,-21824,1021,-1440,22243,0,26397,1021,40842,33498,101758,48221,0,42282,11255,101758,-65883150,3123265,-4386135,67146020,0,79910605,3123265,123537205,101351345,307922420,145793755,0,127923340,34205325,307922420
2023-11-13,3050,3055,3001,3041,99275,-0.32776138970829233,-26471,1759,18613,6099,0,23024,1761,56748,17469,99002,49495,2,38135,11370,99002,-79674265,5334615,56040010,18299640,0,69998610,5340675,171724680,52791665,299855630,149672875,6060,115684670,34492025,299855630
2023-11-14,3040,3065,3021,3026,73710,-0.4932587964485367,-22472,-1,27062,-4589,0,17590,0,49778,6139,73507,40062,1,22716,10728,73507,-68267835,-3040,82210920,-13940045,0,53474400,0,151357605,18681610,223513615,121742235,3040,69146685,32621655,223513615
2023-11-15,3051,3095,3051,3081,229478,1.8175809649702577,30166,2001,-27714,-4453,0,110891,2001,79906,36047,228845,80725,0,107620,40500,228845,93444410,6173080,-85786195,-13831295,0,342461320,6173080,246778325,111204190,706616915,249016910,0,332564520,125035485,706616915
2023-11-16,3091,3095,3061,3091,67234,0.32456994482310936,3410,2625,-18502,12467,0,18599,2626,24379,21445,67049,15189,1,42881,8978,67049,10581705,8116645,-57254020,38555670,0,57554040,8119730,75439275,66372940,207485985,46972335,3085,132693295,27817270,207485985
2023-11-17,3111,3151,3091,3151,195037,1.9411193788417986,-52947,22094,9305,21548,0,29194,25584,100922,38799,194499,82141,3490,91617,17251,194499,-166268865,69313050,29329850,67625965,0,91611460,80306645,316925885,121751375,610595365,257880325,10993595,287596035,54125410,610595365
2023-11-20,3151,3191,3136,3191,194035,1.2694382735639478,-44802,10075,34638,89,0,36948,10075,120954,25523,193500,81750,0,86316,25434,193500,-142438865,32096550,109855785,486530,0,117349775,32096550,384415855,81258775,615120955,259788640,0,274560070,80772245,615120955
2023-11-21,3206,3225,3201,3211,165727,0.6267627702914447,8591,1,-35283,26691,0,52566,1,80065,32638,165270,43975,0,115348,5947,165270,27650825,3220,-113835215,86181170,0,169482220,3220,257927010,105317825,532730275,141831395,0,371762225,19136655,532730275
2023-11-22,3211,3225,3196,3221,84304,0.3114294612270321,-17058,-20001,42834,-5775,0,16038,0,64105,3929,84072,33096,20001,21271,9704,84072,-54890750,-64372050,137905040,-18642240,0,51502170,0,206367975,12629950,270500095,106392920,64372050,68462935,31272190,270500095
2023-11-23,3221,3225,3201,3221,97426,0.0,-20591,75,853,19663,0,24333,75,48188,24562,97158,44924,0,47335,4899,97158,-66105495,241125,2578460,63285910,0,78250160,241125,154858965,79049640,312399890,144355655,0,152280505,15763730,312399890
2023-11-24,3210,3225,3176,3181,135564,-1.2418503570319777,-24041,3352,61137,-40448,0,26404,3352,97132,8303,135191,50445,0,35995,48751,135191,-76812150,10709640,195643155,-129540645,0,84539815,10709640,311174830,26601295,433025580,161351965,0,115531675,156141940,433025580
2023-11-27,3205,3205,3141,3186,142637,0.15718327569946558,-9500,22849,26843,-40192,0,36237,23850,70268,11889,142244,45737,1001,43425,52081,142244,-29919245,72405590,84900750,-127387095,0,115028415,75573750,222417790,37723405,450743360,144947660,3168160,137517040,165110500,450743360
2023-11-28,3190,3195,3151,3166,147553,-0.6277463904582549,-47903,0,64361,-16458,0,23958,0,95915,27273,147146,71861,0,31554,43731,147146,-151987600,0,204311735,-52324135,0,76164655,0,304522540,86665760,467352955,228152255,0,100210805,138989895,467352955
2023-11-29,3170,3170,3081,3096,198979,-2.2109917877447884,-42675,5937,107495,-70757,0,22375,5938,166334,3784,198431,65050,1,58839,74541,198431,-132707520,18426755,334769350,-220488585,0,69830535,18429860,519098755,11802475,619161625,202538055,3105,184329405,232291060,619161625
2023-11-30,3095,3130,3036,3036,240386,-1.937984496124031,-22754,1651,140992,-119889,0,24554,1651,169731,43787,239723,47308,0,28739,163676,239723,-69683760,5081085,432523810,-367921135,0,75386645,5081085,520801955,133715340,734985025,145070405,0,88278145,501636475,734985025
2023-12-01,3051,3096,3036,3096,215264,1.9762845849802373,373,10500,13874,-24747,0,42689,10501,86294,75187,214671,42316,1,72420,99934,214671,1741095,32399975,41440200,-75581270,0,131720240,32403070,264952235,231106815,660182360,129979145,3095,223512035,306688085,660182360
2023-12-04,3116,3205,3101,3161,208388,2.099483204134367,-21044,-477,-10458,31979,0,50491,1,99695,57627,207814,71535,478,110153,25648,207814,-66687640,-1526405,-33536495,101750540,0,160087690,3140,316308585,183118065,659517480,226775330,1529545,349845080,81367525,659517480
2023-12-05,3191,3225,3146,3211,204221,1.5817779183802596,-19271,-1,-42967,62239,0,62302,0,70076,71280,203658,81573,1,113043,9041,203658,-61817730,-3165,-137788730,199609625,0,199778660,0,225188915,228520040,653487615,261596390,3165,362977645,28910415,653487615
2023-12-06,3216,3240,3171,3226,171464,0.4671441918405481,25933,1,-7172,-18762,0,82760,1,75102,13128,170991,56827,0,82274,31890,170991,83889035,3215,-23255895,-60636355,0,267478630,3215,242285500,42352370,552119715,183589595,0,265541395,102988725,552119715
2023-12-07,3235,3250,3211,3231,158444,0.15499070055796654,10447,-1938,-27161,18652,0,79137,2062,48113,28695,158007,68690,4000,75274,10043,158007,34211015,-6229515,-88465020,60483520,0,256843230,6690485,156014750,93050880,512599345,222632215,12920000,244479770,32567360,512599345
2023-12-08,3230,3245,3201,3221,167795,-0.3095017022593624,-17175,-4385,31345,-9785,0,74058,619,90865,1791,167333,91233,5004,59520,11576,167333,-55247410,-14067745,100920635,-31605480,0,238727030,1995140,292709705,5790950,539222825,293974440,16062885,191789070,37396430,539222825
2023-12-11,3211,3225,3176,3211,121930,-0.3104625892579944,-9044,-680,16907,-7183,0,35570,476,78723,6825,121594,44614,1156,61816,14008,121594,-28772135,-2168955,53930295,-22989205,0,113900965,1524465,251749215,21902670,389077315,142673100,3693420,197818920,44891875,389077315
2023-12-12,3205,3215,3191,3191,111883,-0.6228589224540642,9667,5001,25577,-40245,0,43324,5002,63124,125,111575,33657,1,37547,40370,111575,31189220,16058215,81998375,-129245810,0,139249755,16061430,202599885,401055,358312125,108060535,3215,120601510,129646865,358312125
2023-12-13,3181,3215,3161,3191,120658,0.0,28532,-2002,-7589,-18941,0,46956,1001,68787,3582,120326,18424,3003,76376,22523,120326,91345505,-6416385,-24257770,-60671350,0,150260160,3193210,219537845,11448145,384439360,58914655,9609595,243795615,72119495,384439360
2023-12-14,3240,3240,3196,3201,277624,0.31338138514572234,71683,3005,-17018,-57670,0,135103,3005,111539,27212,276859,63420,0,128557,84882,276859,231933680,9706150,-55408930,-186230900,0,436498500,9706150,360155480,87738695,894098825,204564820,0,415564410,273969595,894098825
2023-12-15,3201,3235,3201,3201,290673,0.0,51640,3727,23411,-78778,0,131195,3731,107207,47739,289872,79555,4,83796,126517,289872,166690105,11994855,75166950,-253851910,0,423281810,12007775,345658230,153558190,934506005,256591705,12920,270491280,407410100,934506005
2023-12-18,3205,3205,3141,3166,230126,-1.0934083099031553,6730,503,90322,-97555,0,76279,503,151782,928,229492,69549,0,61460,98483,229492,21868530,1597605,287215305,-310681440,0,242790940,1597605,482757260,2938960,730084765,220922410,0,195541955,313620400,730084765
2023-12-19,3171,3210,3161,3181,149012,0.4737839545167404,1841,-1761,-9192,9112,0,64607,1902,57812,24280,148601,62766,3663,67004,15168,148601,6072415,-5696485,-29591260,29215330,0,206865530,6043370,184801135,77570440,475280475,200793115,11739855,214392395,48355110,475280475
2023-12-20,3181,3210,3181,3196,100282,0.4715498270983967,2034,-1,-1004,-1029,0,49836,0,43749,6421,100006,47802,1,44753,7450,100006,6559870,-3210,-3249580,-3307080,0,159874865,0,140290945,20589650,320755460,153314995,3210,143540525,23896730,320755460
2023-12-21,3205,3215,3181,3196,126407,0.0,16678,-9710,1228,-8196,0,55266,1002,65219,4572,126059,38588,10712,63991,12768,126059,53777675,-31251210,3746155,-26272620,0,177731475,3221430,209493370,14680120,405126395,123953800,34472640,205747215,40952740,405126395
2023-12-22,3181,3215,3176,3206,122911,0.31289111389236546,3957,-1742,16517,-18732,0,49980,2811,67926,1855,122572,46023,4553,51409,20587,122572,12961115,-5527185,52710305,-60144235,0,160456810,9029650,217424355,5945745,392856560,147495695,14556835,164714050,66089980,392856560
2023-12-26,3210,3235,3191,3196,414314,-0.3119151590767312,23823,1180,-140555,115552,0,133001,1192,141573,137406,413172,109178,12,282128,21854,413172,77000160,3803250,-454570135,373766725,0,428371765,3841845,455283585,444015635,1331512830,351371605,38595,909853720,70248910,1331512830
2023-12-27,3190,3190,3116,3131,263273,-2.033792240300375,-7249,194,107049,-99994,0,58670,195,198814,4868,262547,65919,1,91765,104862,262547,-22619785,606375,336062675,-314049265,0,184412610,609515,623913985,15270685,824206795,207032395,3140,287851310,329319950,824206795
2023-12-28,3131,3155,3116,3146,159234,0.47908016608112425,18810,27,-2295,-16542,0,62517,28,89175,7075,158795,43707,1,91470,23617,158795,59202120,84805,-7254730,-52032195,0,196492805,87955,279931915,22242720,498755395,137290685,3150,287186645,74274915,498755395
2024-01-02,3146,3210,3141,3171,234824,0.7946598855689765,8109,2,-14793,6682,0,92927,4,93522,47724,234177,84818,2,108315,41042,234177,25984105,6385,-46813560,20823070,0,295719345,12730,297273340,151746150,744751565,269735240,6345,344086900,130923080,744751565
2024-01-03,3171,3191,3156,3191,145819,0.630715862503942,45424,3004,-54680,6252,0,87312,3005,36656,18444,145417,41888,1,91336,12192,145417,144872105,9567775,-174476330,20036450,0,278323475,9570965,116660535,58857385,463412360,133451370,3190,291136865,38820935,463412360
2024-01-04,3170,3195,3151,3166,191921,-0.7834534628643058,-2501,144,35378,-33021,0,63016,151,124321,3904,191392,65517,7,88943,36925,191392,-8034545,457930,112517425,-104940810,0,200305965,480195,395115085,12404535,608305780,208340510,22265,282597660,117345345,608305780
2024-01-05,3155,3185,3071,3111,331271,-1.737207833228048,14762,101,138700,-153563,0,91845,102,235832,2579,330358,77083,1,97132,156142,330358,46004610,312335,432343485,-478660430,0,285294155,315425,734422175,8007705,1028039460,239289545,3090,302078690,486668135,1028039460
2024-01-08,3110,3110,3066,3071,193181,-1.285760205721633,-60855,-10186,93226,-22185,0,50035,2081,139097,1436,192649,110890,12267,45871,23621,192649,-187728745,-31479060,287923200,-68715395,0,154547755,6409635,429649515,4445980,595052885,342276500,37888695,141726315,73161375,595052885
2024-01-09,3076,3100,3076,3091,144936,0.6512536633018561,-29962,3942,4991,21029,0,49634,3942,56086,34875,144537,79596,0,51095,13846,144537,-92793435,12220205,15457820,65115410,0,153912675,12220205,173794670,108088805,448016355,246706110,0,158336850,42973395,448016355
2024-01-10,3081,3120,3056,3081,100233,-0.3235198964736331,-1882,21,8998,-7137,0,51463,22,45013,3459,99957,53345,1,36015,10596,99957,-5488815,64480,27497450,-22073115,0,158666055,67550,138449955,10671140,307854700,164154870,3070,110952505,32744255,307854700
2024-01-11,3090,3105,3066,3081,115530,0.0,-2845,3291,-1629,1183,0,57198,3291,45972,8751,115212,60043,0,47601,7568,115212,-8665955,10168400,-5158255,3655810,0,176780560,10168400,141932290,27065515,355946765,185446515,0,147090545,23409705,355946765
2024-01-12,3090,3105,3051,3066,146284,-0.4868549172346641,1846,-16716,56613,-41743,0,51574,3287,88753,2267,145881,49728,20003,32140,44010,145881,5930365,-51274330,173899855,-128555890,0,158862855,10091095,272801830,6980800,448736580,152932490,61365425,98901975,135536690,448736580
2024-01-15,3065,3065,3021,3036,155548,-0.9784735812133072,-32419,-1304,61468,-27745,0,46999,1197,105287,1636,155119,79418,2501,43819,29381,155119,-98562140,-3939985,186921760,-84419635,0,142979830,3638055,320185780,4972620,471776285,241541970,7578040,133264020,89392255,471776285
2024-01-16,3041,3056,3031,3056,102068,0.6587615283267457,-34995,8021,25037,1937,0,32088,8022,58199,3478,101787,67083,1,33162,1541,101787,-106507990,24438860,76170880,5898250,0,97874385,24441905,177405990,10614445,310336725,204382375,3045,101235110,4716195,310336725
2024-01-17,3055,3060,3001,3016,170934,-1.3089005235602094,-2455,-8142,40658,-30061,0,61909,330,82695,25529,170463,64364,8472,42037,55590,170463,-7268130,-24720880,122988760,-90999750,0,187840680,999900,250499885,77495540,516836005,195108810,25720780,127511125,168495290,516836005
2024-01-18,3005,3010,2981,3001,161355,-0.49734748010610075,-47139,-4532,75575,-23904,0,29462,1041,126664,3743,160910,76601,5573,51089,27647,160910,-141413840,-13651825,226850795,-71785130,0,88477260,3122905,380216500,11223185,483039850,229891100,16774730,153365705,83008315,483039850
2024-01-19,3000,3020,2991,2991,124263,-0.33322225924691773,-5017,8538,30863,-34384,0,36752,13540,71927,1702,123921,41769,5002,41064,36086,123921,-15094620,25714655,92733815,-103353850,0,110506840,40745915,216226650,5123390,372602795,125601460,15031260,123492835,108477240,372602795
2024-01-22,2991,3005,2976,3001,138280,0.3343363423604146,-23684,15792,7484,408,0,41920,15794,77347,2838,137899,65604,2,69863,2430,137899,-70821690,47218075,22362210,1241405,0,125562750,47224070,231527530,8517375,412831725,196384440,5995,209165320,7275970,412831725
2024-01-23,3000,3015,2986,2991,97703,-0.33322225924691773,-3669,-2521,11717,-5527,0,28237,3,42397,26797,97434,31906,2524,30680,32324,97434,-10931265,-7588085,35077205,-16557855,0,84971025,9025,127326840,80619705,292926595,95902290,7597110,92249635,97177560,292926595
2024-01-24,2991,3045,2991,2996,135244,0.1671681711802073,15593,-7498,-19516,11421,0,64356,2,24626,45887,134871,48763,7500,44142,34466,134871,47228335,-22543945,-59045945,34361555,0,194154885,6055,74193160,138395275,406749375,146926550,22550000,133239105,104033720,406749375
2024-01-25,2996,3040,2996,3016,99087,0.6675567423230975,19798,1002,647,-21447,0,53832,1004,28641,15337,98814,34034,2,27994,36784,98814,60018230,3031080,1810145,-64859455,0,163026015,3037125,86672210,46456115,299191465,103007785,6045,84862065,111315570,299191465
2024-01-26,3016,3060,3016,3051,138477,1.160477453580902,20855,97,-7893,-13059,0,58751,100,42621,36623,138095,37896,3,50514,49682,138095,63811075,296830,-24139330,-39968575,0,179733325,306000,130146970,112033390,422219685,115922250,9170,154286300,152001965,422219685
2024-01-29,3056,3081,3026,3081,128560,0.983284169124877,5960,2,17850,-23812,0,39472,3,66282,22449,128206,33512,1,48432,46261,128206,18343855,6145,54601890,-72951890,0,120993640,9200,202815350,68817505,392635695,102649785,3055,148213460,141769395,392635695
2024-01-30,3080,3085,3056,3076,203513,-0.16228497241155468,23942,-4,10321,-34259,0,96271,0,79444,27237,202952,72329,4,69123,61496,202952,73712655,-12280,31541980,-105242355,0,295994490,0,244086355,83760360,623841205,222281835,12280,212544375,189002715,623841205
2024-01-31,3061,3076,3041,3076,217716,0.0,-11563,-2889,76067,-61615,0,63788,2000,104246,47082,217116,75351,4889,28179,108697,217116,-35300455,-8830340,232642080,-188511285,0,195303855,6130000,318993150,144511205,664938210,230604310,14960340,86351070,333022490,664938210
2024-02-01,3076,3105,3056,3101,273768,0.8127438231469442,4588,999,-48507,42920,0,51485,3000,90553,127975,273013,46897,2001,139060,85055,273013,14215965,3106910,-150278125,132955250,0,159573780,9290000,280465725,396408435,845737940,145357815,6183090,430743850,263453185,845737940
2024-02-02,3091,3120,3071,3101,327528,0.0,5422,1858,70830,-78110,0,128379,11858,129321,57067,326625,122957,10000,58491,135177,326625,17072660,5801430,218674885,-241548975,0,397702505,36841430,399883290,176858205,1011285430,380629845,31040000,181208405,418407180,1011285430
2024-02-05,3101,3155,3071,3151,389549,1.6123831022250887,-106755,0,22747,84008,0,33132,0,231122,124221,388475,139887,0,208375,40213,388475,-335452070,0,72123810,263328260,0,103169410,0,723766035,389139040,1216074485,438621480,0,651642225,125810780,1216074485
2024-02-06,3140,3155,3101,3136,327410,-0.47603935258648045,-18399,-772,88452,-69281,0,99615,7228,195164,24500,326507,118014,8000,106712,93781,326507,-57473890,-2497985,277167955,-217196080,0,312026530,22642015,612347125,76832260,1023847930,369500420,25140000,335179170,294028340,1023847930
2024-02-07,3135,3150,3126,3131,301480,-0.15943877551020408,-74409,3997,12686,57726,0,87993,4000,108735,99921,300649,162402,3,96049,42195,300649,-233872800,12550560,39629240,181693000,0,276753485,12560000,341751465,314321640,945386590,510626285,9440,302122225,132628640,945386590
2024-02-08,3131,3150,3116,3146,128757,0.47908016608112425,7377,0,-13259,5882,0,70593,0,38559,19250,128402,63216,0,51818,13368,128402,23393300,0,-41904330,18511030,0,222086200,0,121130225,60577805,403794230,198692900,0,163034555,42066775,403794230
2024-02-13,3146,3215,3146,3166,306242,0.6357279084551812,-1605,0,-8866,10471,0,53241,0,205524,46633,305398,54846,0,214390,36162,305398,-5194035,0,-28229340,33423375,0,169279345,0,653769815,148340790,971389950,174473380,0,681999155,114917415,971389950
2024-02-14,3146,3165,3141,3151,146693,-0.4737839545167404,52167,299,-23216,-29250,0,75366,300,61051,9572,146289,23199,1,84267,38822,146289,165101225,947330,-73437840,-92610715,0,238522425,950500,193212265,30281635,462966825,73421200,3170,266650105,122892350,462966825
2024-02-15,3165,3165,3131,3141,134960,-0.31735956839098695,-8456,-2095,32718,-22167,0,50315,0,82044,2229,134588,58771,2095,49326,24396,134588,-26684680,-6588775,103039195,-69765740,0,158468360,0,258276495,7021760,423766615,185153040,6588775,155237300,76787500,423766615
2024-02-16,3140,3160,3121,3136,127783,-0.1591849729385546,-16368,-4538,31463,-10557,0,28784,2420,86335,9892,127431,45152,6958,54872,20449,127431,-51220670,-14238510,98637190,-33178010,0,90374975,7584610,270684705,31042240,399686530,141595645,21823120,172047515,64220250,399686530
2024-02-19,3116,3155,3116,3141,160791,0.15943877551020408,-50942,0,3961,46981,0,19918,0,93071,47359,160348,70860,0,89110,378,160348,-160415435,0,12469285,147946150,0,62781595,0,293025485,149134745,504941825,223197030,0,280556200,1188595,504941825
2024-02-20,3136,3161,3136,3161,136467,0.6367398917542184,-37839,-17319,18085,37073,0,41161,0,56031,38899,136091,79000,17319,37946,1826,136091,-119573880,-54728035,57103090,117198825,0,129963585,0,177072380,122978320,430014285,249537465,54728035,119969290,5779495,430014285
2024-02-21,3161,3165,3141,3161,122775,0.0,-17105,161,2993,13951,0,21830,161,79926,20520,122437,38935,0,76933,6569,122437,-54196835,508760,9605370,44082705,0,68896620,508760,252515550,64852825,386773755,123093455,0,242910180,20770120,386773755
2024-02-22,3161,3161,3136,3161,138130,0.0,-23268,3440,-15146,34974,0,23487,3441,73720,37101,137749,46755,1,88866,2127,137749,-73609835,10853610,-47887885,110644110,0,74186800,10856770,232751275,117365905,435160750,147796635,3160,280639160,6721795,435160750
2024-02-23,3146,3180,3146,3176,133188,0.4745333755140778,332,230,-46505,45943,0,39143,230,43999,49449,132821,38811,0,90504,3506,132821,1099495,730100,-147891270,146061675,0,124308780,730100,139734295,157174385,421947560,123209285,0,287625565,11112710,421947560
2024-02-26,3121,3191,3121,3191,185147,0.4722921914357683,30958,21,-26133,-4846,0,89938,21,67364,27314,184637,58980,0,93497,32160,184637,97938310,66470,-82621955,-15382825,0,284669560,66470,212795500,86467670,583999200,186731250,0,295417455,101850495,583999200
2024-02-27,3190,3190,3146,3161,156523,-0.940144155437167,59,20102,12963,-33124,0,51971,20103,70935,13083,156092,51912,1,57972,46207,156092,273995,63726570,40928990,-104929555,0,164753030,63729750,224714330,41527540,494724650,164479035,3180,183785340,146457095,494724650
2024-02-28,3145,3165,3126,3141,259492,-0.6327111673521038,71982,977,-2280,-70679,0,117384,977,125262,15154,258777,45402,0,127542,85833,258777,226298685,3077545,-6853075,-222523155,0,369243335,3077545,394104040,47677885,814102805,142944650,0,400957115,270201040,814102805
2024-02-29,3130,3140,3116,3121,266536,-0.6367398917542184,-42906,4179,87336,-48609,0,18715,102740,132764,11582,265801,61621,98561,45428,60191,265801,-134707625,13117060,273913620,-152323055,0,58679020,321613000,416483635,36338710,833114365,193386645,308495940,142570015,188661765,833114365
2024-03-04,3111,3175,3111,3171,196327,1.6020506247997435,-9307,723,5805,2779,0,64011,723,81173,49879,195786,73318,0,75368,47100,195786,-29288845,2274000,17866095,9148750,0,201495710,2274000,255018395,157310855,616098960,230784555,0,237152300,148162105,616098960
2024-03-05,3166,3195,3136,3186,337944,0.47303689687795647,-114,-13405,-59472,72991,0,85305,362,97152,154193,337012,85419,13767,156624,81202,337012,-170375,-42492380,-190481095,233143850,0,271843350,1149010,308597215,491397000,1072986575,272013725,43641390,499078310,258253150,1072986575
2024-03-06,3171,3260,3171,3241,500658,1.726302573760201,41656,40147,-115555,33752,0,159878,48147,159343,131909,499277,118222,8000,274898,98157,499277,134663170,130239815,-372862720,107959735,0,515907035,156039815,514438375,424697450,1611082675,381243865,25800000,887301095,316737715,1611082675
2024-03-07,3240,3349,3225,3290,333990,1.511879049676026,3492,3111,-20167,13564,0,100405,3111,172376,57177,333069,96913,0,192543,43613,333069,11167575,10250745,-66251505,44833185,0,331990810,10250745,569898825,189135425,1101275805,320823235,0,636150330,144302240,1101275805
2024-03-08,3299,3329,3280,3290,256390,0.0,14014,-15893,11610,-9731,0,89112,19407,99207,47957,255683,75098,35300,87597,57688,255683,46458510,-52202465,37842110,-32098155,0,294897910,64293690,327913235,158580135,845684970,248439400,116496155,290071125,190678290,845684970
2024-03-11,3270,3350,3270,3350,286837,1.82370820668693,46921,8036,-94011,39054,0,101997,8037,91981,84031,286046,55076,1,185992,44977,286046,156524615,26795810,-314433700,131113275,0,340245360,26799140,306297245,280744640,954086385,183720745,3330,620730945,149631365,954086385
2024-03-12,3349,3369,3275,3295,478029,-1.6417910447761193,90786,23998,-33698,-81086,0,153253,23998,243307,56153,476711,62467,0,277005,137239,476711,303153830,79932255,-114315415,-268770670,0,511333945,79932255,809753635,187842780,1588862615,208180115,0,924069050,456613450,1588862615
2024-03-13,3294,3299,3250,3290,204081,-0.15174506828528073,13754,-5942,24242,-32054,0,77638,758,105990,19133,203519,63884,6700,81748,51187,203519,45448435,-19483215,79401215,-105366435,0,254867170,2492785,347264385,62677970,667302310,209418735,21976000,267863170,168044405,667302310
2024-03-14,3290,3330,3260,3330,192591,1.21580547112462,46244,23000,-83617,14373,0,91597,23000,39316,38147,192060,45353,0,122933,23774,192060,152992170,76170430,-276581685,47419085,0,302788220,76170430,129583095,126015760,634557505,149796050,0,406164780,78596675,634557505
2024-03-15,3330,3340,3275,3340,301881,0.3003003003003003,-19313,14902,-20161,24572,0,72125,14902,65762,148260,301049,91438,0,85923,123688,301049,-63880525,49446665,-67663695,82097555,0,239997090,49446665,218426615,495089060,1002959430,303877615,0,286090310,412991505,1002959430
2024-03-18,3340,3345,3241,3246,356746,-2.81437125748503,-29264,35161,131724,-137621,0,67542,38161,228736,21323,355762,96806,3000,97012,158944,355762,-95556650,114691960,430626050,-449761360,0,220998315,124471960,748859050,69800550,1164129875,316554965,9780000,318233000,519561910,1164129875
2024-03-19,3240,3265,3210,3265,162300,0.5853357979051139,-7151,3500,-10578,14229,0,53320,9000,67818,31715,161853,60471,5500,78396,17486,161853,-23135230,11343010,-34129155,45921375,0,172953875,29125000,219495695,102875055,524449625,196089105,17781990,253624850,56953680,524449625
2024-03-20,3270,3279,3240,3275,159371,0.3062787136294028,48519,4902,-21169,-32252,0,101638,4902,43195,9197,158932,53119,0,64364,41449,158932,158911045,16033335,-69282280,-105662100,0,332832430,16033335,141486680,30095000,520447445,173921385,0,210768960,135757100,520447445
2024-03-21,3275,3294,3255,3285,334027,0.3053435114503817,57167,19700,15661,-92528,0,126976,19700,148390,38040,333106,69809,0,132729,130568,333106,188151310,64597795,51322880,-304071985,0,417091025,64597795,487133625,124876210,1093698655,228939715,0,435810745,428948195,1093698655
2024-03-22,3270,3309,3265,3290,276458,0.15220700152207,30777,4403,-36350,1170,0,112522,4403,53478,105293,275696,81745,0,89828,104123,275696,101675970,14499880,-120042400,3866550,0,370953025,14499880,175966130,347092730,908511765,269277055,0,296008530,343226180,908511765
2024-03-25,3290,3304,3265,3290,244122,0.0,5811,-3455,-29483,27127,0,88500,3770,75964,75215,243449,82689,7225,105447,48088,243449,19173580,-11304315,-97325200,89455935,0,292043555,12429875,250161715,248041910,802677055,272869975,23734190,347486915,158585975,802677055
2024-03-26,3290,3314,3270,3290,273493,0.0,-41351,-37,66952,-25564,0,76613,2000,138199,55927,272739,117964,2037,71247,81491,272739,-136548045,-112000,220353835,-83693790,0,252467030,6609975,455700350,184941145,899718500,389015075,6721975,235346515,268634935,899718500
2024-03-27,3294,3294,3245,3255,290378,-1.0638297872340425,44228,2083,25254,-71565,0,104303,10468,159113,15693,289577,60075,8385,133859,87258,289577,144841730,6697875,82473575,-234013180,0,341238245,34191865,519919550,51305535,946655195,196396515,27493990,437445975,285318715,946655195
2024-03-28,3245,3290,3236,3236,324544,-0.5837173579109063,17923,10716,63786,-92425,0,173442,13518,119229,17460,323649,155519,2802,55443,109885,323649,59285115,34959805,207465065,-301709985,0,566151905,44108335,388539970,56949470,1055749680,506866790,9148530,181074905,358659455,1055749680
2024-03-29,3240,3260,3216,3221,307396,-0.46353522867737945,107090,1331,50611,-159032,0,168763,1331,129212,7243,306549,61673,0,78601,166275,306549,346285300,4302065,163721345,-514308710,0,545864270,4302065,418026235,23454000,991646570,199578970,0,254304890,537762710,991646570
2024-04-01,3210,3284,3205,3280,254523,1.8317292766221671,70962,20000,-72350,-18612,0,118696,20000,46531,68594,253821,47734,0,118881,87206,253821,231658320,65700000,-237125990,-60232330,0,387461130,65700000,151932965,224270170,829364265,155802810,0,389058955,284502500,829364265
2024-04-02,3279,3279,3235,3255,141522,-0.7621951219512195,19155,200,-1373,-17982,0,55673,200,64003,21256,141132,36518,0,65376,39238,141132,62644680,653000,-4453175,-58844505,0,181727110,653000,208692600,69298645,460371355,119082430,0,213145775,128143150,460371355
2024-04-03,3225,3304,3215,3290,280587,1.0752688172043012,-23300,57100,-42123,8323,0,60548,57100,72903,89262,279813,83848,0,115026,80939,279813,-74507405,186309805,-138305440,26503040,0,199010950,186309805,238410440,292078620,915809815,273518355,0,376715880,265575580,915809815
2024-04-04,3270,3329,3270,3320,273966,0.911854103343465,89918,-663,-112348,23093,0,143940,2534,77343,49394,273211,54022,3197,189691,26301,273211,299308710,-2294330,-373865080,76850700,0,478607080,8335695,256765900,164136845,907845520,179298370,10630025,630630980,87286145,907845520
2024-04-05,3320,3339,3270,3325,218487,0.15060240963855423,6840,28734,-101419,65845,0,84204,30735,31498,71448,217885,77364,2001,132917,5603,217885,22723230,95909710,-337025215,218392275,0,279461045,102553035,104415360,236977245,723406685,256737815,6643325,441440575,18584970,723406685
2024-04-08,3324,3329,3265,3275,241487,-1.5037593984962405,70271,3036,14052,-87359,0,127508,3041,93972,16300,240821,57237,5,79920,103659,240821,232485295,9958360,45314360,-287758015,0,421740845,9974895,310293375,53947615,795956730,189255550,16535,264979015,341705630,795956730
2024-04-09,3264,3284,3230,3260,280990,-0.45801526717557256,97304,4155,-2715,-98744,0,161313,4155,81910,32837,280215,64009,0,84625,131581,280215,317669025,13506755,-9147685,-322028095,0,526505005,13506755,267337490,107258870,914608120,208835980,0,276485175,429286965,914608120
2024-04-11,3250,3250,3196,3226,295333,-1.0429447852760736,-8395,-43939,70430,-18096,0,110418,75,120600,63426,294519,118813,44014,50170,81522,294519,-26994680,-141471245,226825085,-58359160,0,356457525,241500,388766130,204853960,950319115,383452205,141712745,161941045,263213120,950319115
2024-04-12,3240,3250,3196,3221,201720,-0.15499070055796654,-1327,121,57295,-56089,0,80300,121,85958,34785,201164,81627,0,28663,90874,201164,-4065660,389135,184566810,-180890285,0,258926495,389135,277010270,112150155,648476055,262992155,0,92443460,293040440,648476055
2024-04-15,3200,3200,3156,3186,169564,-1.0866190624029806,-6008,2023,40478,-36493,0,58475,2151,86277,22194,169097,64483,128,45799,58687,169097,-18817205,6423665,128441065,-116047525,0,186049650,6829425,274147260,70654610,537680945,204866855,405760,145706195,186702135,537680945
2024-04-16,3185,3185,3096,3101,321992,-2.667922159447583,-40276,1901,121138,-82763,0,61497,2004,222395,35208,321104,101773,103,101257,117971,321104,-125446920,5918015,379008240,-259479335,0,192741805,6242465,696541675,110493035,1006018980,318188725,324450,317533435,369972370,1006018980
2024-04-17,3096,3120,3086,3106,273928,0.16123831022250887,28029,119,49307,-77455,0,100974,120,146943,25136,273173,72945,1,97636,102591,273173,87246365,369500,152975820,-240591685,0,313998220,372600,456773720,78135985,849280525,226751855,3100,303797900,318727670,849280525
2024-04-18,3086,3240,3086,3096,284450,-0.3219575016097875,-12463,5854,114025,-107416,0,79256,5854,167769,30787,283666,91719,0,53744,138203,283666,-38280075,18194940,354839230,-334754095,0,247341825,18194940,522588475,95962265,884087505,285621900,0,167749245,430716360,884087505
2024-04-19,3100,3115,3071,3081,208856,-0.4844961240310077,39520,20,-13934,-25606,0,102859,323,64567,40531,208280,63339,303,78501,66137,208280,122590825,55900,-43124225,-79522500,0,318918935,999685,199855975,125475400,645249995,196328110,943785,242980200,204997900,645249995
2024-04-22,3081,3140,3081,3136,201645,1.7851346965271015,17255,1000,-10913,-7342,0,105654,1000,46957,47478,201089,88399,0,57870,54820,201089,54777620,3125000,-34841440,-23061180,0,330144480,3125000,146141290,148086470,627497240,275366860,0,180982730,171147650,627497240
2024-04-23,3135,3155,3121,3131,181811,-0.15943877551020408,23893,0,48111,-72004,0,89827,0,72264,19219,181310,65934,0,24153,91223,181310,75168240,0,151046465,-226214705,0,282249365,0,227060960,60382940,569693265,207081125,0,76014495,286597645,569693265
2024-04-24,3136,3180,3131,3171,164910,1.2775471095496647,39148,252,-13606,-25794,0,91850,252,40257,32097,164456,52702,0,53863,57891,164456,124385885,797190,-43294145,-81888930,0,291644210,797190,127742920,101888005,522072325,167258325,0,171037065,183776935,522072325
2024-04-25,3161,3191,3141,3191,114780,0.630715862503942,23679,300,-26860,2881,0,59074,300,17201,37889,114464,35395,0,44061,35008,114464,75815525,958500,-85841975,9067950,0,188593230,958500,54692370,120750765,364994865,112777705,0,140534345,111682815,364994865
2024-04-26,3185,3190,3151,3176,237096,-0.4700720777185835,21574,60,-37799,16165,0,98457,60,81677,56248,236442,76883,0,119476,40083,236442,68837875,190500,-120175635,51147260,0,312978190,190500,259011390,178476125,750656205,244140315,0,379187025,127328865,750656205
2024-04-29,3175,3190,3131,3131,161613,-1.4168765743073046,-26537,375,21294,4868,0,25207,375,102886,32700,161168,51744,0,81592,27832,161168,-83772455,1183875,67136990,15451590,0,79720205,1183875,324998060,103477915,509380055,163492660,0,257861070,88026325,509380055
2024-04-30,3146,3166,3126,3166,209173,1.1178537208559567,-980,3000,7641,-9661,0,51423,3000,90707,63466,208596,52403,0,83066,73127,208596,-3006250,9455000,23804560,-30253310,0,162433265,9455000,286134570,200621740,658644575,165439515,0,262330010,230875050,658644575
2024-05-02,3186,3200,3141,3191,172094,0.7896399241945672,20574,1300,-32002,10128,0,70245,1300,61044,39031,171620,49671,0,93046,28903,171620,65856020,4124500,-102185540,32205020,0,223556545,4124500,193513505,123920495,545115045,157700525,0,295699045,91715475,545115045
2024-05-03,3210,3210,3171,3201,217375,0.31338138514572234,21918,-4525,-74631,57238,0,110624,0,39734,66418,216776,88706,4525,114365,9180,216776,70323735,-14439250,-238596080,182711595,0,353590875,0,126889580,212118430,692598885,283267140,14439250,365485660,29406835,692598885
2024-05-07,3201,3241,3201,3241,211026,1.2496094970321776,26573,0,-44059,17486,0,97306,0,79303,33835,210444,70733,0,123362,16349,210444,86042550,0,-142592995,56550445,0,314764650,0,256222140,109445490,680432280,228722100,0,398815135,52895045,680432280
2024-05-08,3240,3300,3220,3300,278445,1.820425794507868,14471,-1203,-135085,121817,0,69965,0,67132,140580,277677,55494,1203,202217,18763,277677,47270005,-3946930,-444500390,401177315,0,228612725,0,219518905,462979735,911111365,181342720,3946930,664019295,61802420,911111365
2024-05-09,3300,3339,3260,3330,297667,0.9090909090909091,-87390,15402,-38701,110689,0,48134,15402,117296,116014,296846,135524,0,155997,5325,296846,-290892830,51385495,-128406880,367914215,0,159770635,51385495,390329845,385609360,987095335,450663465,0,518736725,17695145,987095335
2024-05-10,3330,3409,3325,3360,425287,0.9009009009009009,-39671,-12000,-85901,137572,0,118313,0,134742,171059,424114,157984,12000,220643,33487,424114,-136041385,-40255000,-290809565,467105950,0,397613245,0,454856470,579605545,1432075260,533654630,40255000,745666035,112499595,1432075260
2024-05-13,3354,3359,3320,3345,141968,-0.4464285714285714,10537,5149,-53430,37744,0,66297,5149,23273,46858,141577,55760,0,76703,9114,141577,35515940,17298405,-179487260,126672915,0,222953895,17298405,78080225,157280085,475612610,187437955,0,257567485,30607170,475612610
2024-05-14,3335,3370,3335,3370,156156,0.7473841554559043,-6724,380,-36304,42648,0,46540,380,45390,63416,155726,53264,0,81694,20768,155726,-22430755,1271100,-122441045,143600700,0,156692440,1271100,152534435,213416540,523914515,179123195,0,274975480,69815840,523914515
2024-05-16,3400,3430,3380,3430,486826,1.7804154302670623,-139353,0,-90929,230282,0,63237,0,180675,241572,485484,202590,0,271604,11290,485484,-476536600,0,-310873215,787409815,0,215909560,0,617307780,825902970,1659120310,692446160,0,928180995,38493155,1659120310
2024-05-17,3435,3470,3410,3470,365932,1.1661807580174928,-40123,-8000,-83617,131740,0,66148,0,151790,146985,364923,106271,8000,235407,15245,364923,-138794495,-27720000,-288531110,455045605,0,228775925,0,524622350,507760115,1261158390,367570420,27720000,813153460,52714510,1261158390
2024-05-20,3469,3474,3365,3385,396688,-2.4495677233429394,12342,814,176533,-189689,0,118369,814,268297,8114,395594,106027,0,91764,197803,395594,43295805,2776985,602926825,-648999615,0,405127785,2776985,917233685,27856340,1352994795,361831980,0,314306860,676855955,1352994795
2024-05-21,3384,3384,3350,3355,158880,-0.8862629246676514,7622,15029,4643,-27294,0,62098,15029,61191,20124,158442,54476,0,56548,47418,158442,25951065,50772585,15439945,-92163595,0,209707380,50772585,206534420,67873690,534888075,183756315,0,191094475,160037285,534888075
2024-05-22,3354,3369,3325,3325,160547,-0.8941877794336811,-11653,658,13650,-2655,0,53943,658,75092,30412,160105,65596,0,61442,33067,160105,-38834155,2195825,45609800,-8971470,0,180935815,2195825,251831040,101972465,536935145,219769970,0,206221240,110943935,536935145
2024-05-23,3314,3344,3295,3310,295476,-0.4511278195488722,-48718,496,76923,-28701,0,78605,496,162539,53021,294661,127323,0,85616,81722,294661,-161003225,1645490,254948930,-95591195,0,261862990,1645490,540013960,176362385,979884825,422866215,0,285065030,271953580,979884825
2024-05-24,3310,3359,3280,3350,206305,1.2084592145015105,23181,17,-45990,22792,0,84593,17,54417,66709,205736,61412,0,100407,43917,205736,77587800,56015,-152752065,75108250,0,281603585,56015,180239275,221424925,683323800,204015785,0,332991340,146316675,683323800
2024-05-27,3325,3349,3290,3330,414070,-0.5970149253731344,61808,2996,450,-65254,0,102006,2996,102851,205075,412928,40198,0,102401,270329,412928,206263835,9962300,1272775,-217498910,0,340425810,9962300,342381825,682370779,1375140714,134161975,0,341109050,899869689,1375140714
2024-05-28,3315,3374,3315,3370,228164,1.2012012012012012,25852,0,-36272,10420,0,76985,0,124774,25776,227535,51133,0,161046,15356,227535,86873245,0,-121911615,35038370,0,258808460,0,419251865,86700365,764760690,171935215,0,541163480,51661995,764760690
2024-05-29,3349,3369,3340,3345,135500,-0.741839762611276,28263,0,-594,-27669,0,69742,0,63769,1616,135127,41479,0,64363,29285,135127,95377210,0,-2296805,-93080405,0,234714075,0,214103990,5437280,454255345,139336865,0,216400795,98517685,454255345
2024-05-30,3354,3359,3295,3300,162965,-1.345291479820628,1018,280,-188,-1110,0,67399,280,47804,47033,162516,66381,0,47992,48143,162516,3410865,927450,-542825,-3795490,0,223574230,927450,158653750,156016460,539171890,220163365,0,159196575,159811950,539171890
2024-05-31,3315,3384,3305,3375,218925,2.272727272727273,195,1864,-45651,43592,0,59930,1864,62294,94234,218322,59735,0,107945,50642,218322,1177190,6197715,-153400065,146025160,0,200676250,6197715,207767475,316751270,731392710,199499060,0,361167540,170726110,731392710
2024-06-03,3370,3394,3325,3385,191873,0.2962962962962963,46458,11600,-18075,-39983,0,85889,11600,74026,19829,191344,39431,0,92101,59812,191344,157316190,38832000,-61125745,-135022445,0,289745940,38832000,248071775,66553180,643202895,132429750,0,309197520,201575625,643202895
2024-06-04,3364,3389,3325,3325,152918,-1.7725258493353029,15407,0,30701,-46108,0,49185,0,72969,30343,152497,33778,0,42268,76451,152497,52309445,0,102628595,-154938040,0,166541955,0,245910710,101758005,514210670,114232510,0,143282115,256696045,514210670
2024-06-05,3325,3404,3325,3375,250877,1.5037593984962405,-25664,4200,-41769,63233,0,49799,4200,122013,74173,250185,75463,0,163782,10940,250185,-86937945,14266000,-141840830,214512775,0,168862605,14266000,413446880,251529145,848104630,255800550,0,555287710,37016370,848104630
2024-06-07,3385,3449,3385,3435,358721,1.7777777777777777,-4892,-11498,-89693,106083,0,86676,2,138746,132308,357732,91568,11500,228439,26225,357732,-16132260,-39520605,-308234695,363887560,0,297567255,6895,474821475,454018855,1226414480,313699515,39527500,783056170,90131295,1226414480
2024-06-10,3424,3429,3395,3395,202558,-1.1644832605531297,50146,0,11791,-61937,0,99457,0,91932,10611,202000,49311,0,80141,72548,202000,171870495,0,40363815,-212234310,0,340856715,0,314839810,36349100,692045625,168986220,0,274475995,248583410,692045625
2024-06-11,3390,3434,3390,3420,170644,0.7363770250368188,75969,-2999,-23264,-49706,0,97457,1,66443,6273,170174,21488,3000,89707,55979,170174,260421780,-10311580,-79715060,-170395140,0,334108495,3420,227630560,21484625,583227100,73686715,10315000,307345620,191879765,583227100
2024-06-12,3415,3439,3405,3425,201902,0.14619883040935672,44984,-1,-33973,-11010,0,105379,0,74059,21908,201346,60395,1,108032,32918,201346,154683310,-3440,-116904320,-37775550,0,362324965,0,254636310,75328835,692290110,207641655,3440,371540630,113104385,692290110
2024-06-13,3424,3444,3355,3360,382853,-1.897810218978102,19896,13013,47441,-80350,0,157587,13013,193047,18150,381797,137691,0,145606,98500,381797,68863740,44004175,159588365,-272456280,0,536456825,44004175,654770600,61803995,1297035595,467593085,0,495182235,334260275,1297035595
2024-06-14,3344,3349,3300,3320,436609,-1.1904761904761905,-13179,7186,154573,-148580,0,170628,8687,217098,38992,435405,183807,1501,62525,187572,435405,-43198745,23917395,514007730,-494726380,0,567225645,28923220,722312200,129720830,1448181895,610424390,5005825,208304470,624447210,1448181895
2024-06-17,3314,3329,3290,3290,302025,-0.9036144578313252,-19102,902,74757,-56557,0,150603,902,124406,25281,301192,169705,0,49649,81838,301192,-62655235,2985615,247114740,-187445120,0,498625030,2985615,411446130,83623805,996680580,561280265,0,164331390,271068925,996680580
2024-06-18,3290,3309,3235,3290,472227,0.0,-9069,4000,53114,-48045,0,162826,4000,226241,77858,470925,171895,0,173127,125903,470925,-30067975,13060000,173753075,-156745100,0,532091000,13060000,739253240,254945110,1539349350,562158975,0,565500165,411690210,1539349350
2024-06-19,3265,3294,3255,3270,345665,-0.60790273556231,-15353,-762,57976,-41861,0,183423,70,136555,24664,344712,198776,832,78579,66525,344712,-49942220,-2491290,190136110,-137702600,0,601331215,229350,447540415,80749460,1129850440,651273435,2720640,257404305,218452060,1129850440
2024-06-20,3270,3294,3245,3275,253805,0.1529051987767584,-114543,0,103341,11202,0,88477,0,132137,32491,253105,203020,0,28796,21289,253105,-374086795,0,337646570,36440225,0,289464850,0,431751335,106314840,827531025,663551645,0,94104765,69874615,827531025
2024-06-21,3260,3360,3250,3360,291333,2.595419847328244,-503,0,-92757,93260,0,73825,0,57809,158896,290530,74328,0,150566,65636,290530,-2081345,0,-309456800,311538145,0,245629430,0,190919765,531614305,968163500,247710775,0,500376565,220076160,968163500
2024-06-24,3349,3349,3315,3325,185019,-1.0416666666666665,34470,-1,-15826,-18643,0,99095,0,75716,9698,184509,64625,1,91542,28341,184509,114979410,-3330,-52715175,-62260905,0,330826105,0,252775570,32365395,615967070,215846695,3330,305490745,94626300,615967070
2024-06-25,3329,3359,3290,3325,297265,0.0,13550,-11642,-29680,27772,0,141536,1,113970,40938,296445,127986,11643,143650,13166,296445,45694275,-38829650,-99192470,92327845,0,471002650,3325,378479505,136230205,985715685,425308375,38832975,477671975,43902360,985715685
2024-06-26,3320,3369,3310,3340,444630,0.4511278195488722,45483,-3000,-162542,120059,0,160418,0,156891,126095,443404,114935,3000,319433,6036,443404,152911910,-10035000,-545051730,402174820,0,538860915,0,526353130,422406615,1487620660,385949005,10035000,1071404860,20231795,1487620660
2024-06-27,3280,3280,3246,3251,374174,-2.6646706586826348,15517,-17941,140465,-138041,0,93862,1574,264844,12862,373142,78345,19515,124379,150903,373142,50447500,-58470100,458868225,-450845625,0,306519815,5148800,865532290,42050530,1219251435,256072315,63618900,406664065,492896155,1219251435
2024-06-28,3250,3269,3230,3260,204598,0.27683789603199016,49362,-7085,29129,-71406,0,95989,0,99836,8209,204034,46627,7085,70707,79615,204034,160925915,-23019810,94639145,-232545250,0,312598910,0,324624135,26759605,663982650,151672995,23019810,229984990,259304855,663982650
2024-07-01,3260,3265,3201,3251,331355,-0.27607361963190186,68964,63,-236,-68791,0,121680,63,182520,26178,330441,52716,0,182756,94969,330441,223060850,203505,-551745,-222712610,0,393628710,203505,590121875,84768720,1068722810,170567860,0,590673620,307481330,1068722810
2024-07-02,3221,3240,3201,3221,219855,-0.9227929867733005,73340,5573,-12227,-66686,0,117380,5573,71813,24483,219249,44040,0,84040,91169,219249,236989160,17961585,-39477440,-215473305,0,379037180,17961585,231407060,78998090,707403915,142048020,0,270884500,294471395,707403915
2024-07-03,3206,3240,3206,3236,246921,0.4656938838869916,93843,800,-70945,-23698,0,137001,800,58516,49923,246240,43158,0,129461,73621,246240,303489655,2584000,-229058625,-77015030,0,442919570,2584000,188884260,161219770,795607600,139429915,0,417942885,238234800,795607600
2024-07-04,3230,3269,3215,3265,199675,0.896168108776267,86642,3399,-20967,-69074,0,126012,3400,43054,26659,199125,39370,1,64021,95733,199125,282873380,11080745,-68287325,-225666800,0,411234200,11084000,140199765,86660195,649178160,128360820,3255,208487090,312326995,649178160
2024-07-05,3269,3269,3230,3255,247935,-0.3062787136294028,107092,-28999,10237,-88330,0,167083,2001,62624,15544,247252,59991,31000,52387,103874,247252,348607585,-94184885,33216055,-287638755,0,543708000,6493260,203735315,50526235,804462810,195100415,100678145,170519260,338164990,804462810
2024-07-08,3255,3280,3210,3280,273331,0.7680491551459293,54805,-29991,-109972,85158,0,93731,9,40741,138096,272577,38926,30000,150713,52938,272577,178267220,-97536815,-360606040,279875635,0,304786015,29310,132396080,452998360,890209765,126518795,97566125,493002120,173122725,890209765
2024-07-09,3250,3294,3245,3290,306142,0.3048780487804878,92602,-31611,-42765,-18226,0,131796,0,55901,117601,305298,39194,31611,98666,135827,305298,304637835,-103835505,-140823270,-59979060,0,433302330,0,183556420,385941065,1002799815,128664495,103835505,324379690,445920125,1002799815
2024-07-10,3269,3304,3250,3265,337619,-0.7598784194528876,50441,-41149,6700,-15992,0,175173,1001,69025,91489,336688,124732,42150,62325,107481,336688,166449045,-135704775,21700870,-52445140,0,578214025,3278310,227310690,301855075,1110658100,411764980,138983085,205609820,354300215,1110658100
2024-07-11,3285,3289,3250,3285,215160,0.6125574272588056,105171,-30000,-46134,-29037,0,139224,0,39543,35800,214567,34053,30000,85677,64837,214567,345828135,-98519300,-151488140,-95820695,0,457737665,0,129704590,117341785,704784040,111909530,98519300,281192730,213162480,704784040
2024-07-12,3285,3305,3265,3305,224851,0.60882800608828,68732,-32101,-37265,634,0,121744,0,44657,57830,224231,53012,32101,81922,57196,224231,227208355,-106069065,-123440295,2301005,0,402543460,0,147551920,191338935,741434315,175335105,106069065,270992215,189037930,741434315
2024-07-15,3285,3330,3285,3330,338789,0.7564296520423601,117190,-73499,-64996,21305,0,234577,1,41000,62277,337855,117387,73500,105996,40972,337855,389246615,-243934660,-216145200,70833245,0,779319345,3330,135888095,206584945,1121795715,390072730,243937990,352033295,135751700,1121795715
2024-07-16,3330,3399,3330,3380,478697,1.5015015015015014,136785,-31225,-201471,95911,0,281420,0,68772,127185,477377,144635,31225,270243,31274,477377,464718045,-105820065,-683449945,324551965,0,955057130,0,232731665,430707690,1618496485,490339085,105820065,916181610,106155725,1618496485
2024-07-17,3400,3509,3385,3490,669854,3.2544378698224854,150808,1,-299349,148540,0,354607,2,139713,173685,668007,203799,1,439062,25145,668007,527489745,3415,-1041300040,513806880,0,1236063565,6915,487071520,601735805,2324877805,708573820,3500,1528371560,87928925,2324877805
2024-07-18,3490,3530,3440,3530,510975,1.146131805157593,237797,-6961,-195516,-35320,0,338578,39,123879,47070,509566,100781,7000,319395,82390,509566,836720065,-24538675,-687353150,-124828240,0,1191040540,136325,434704200,164569550,1790450615,354320475,24675000,1122057350,289397790,1790450615
2024-07-19,3510,3599,3490,3565,488345,0.9915014164305949,120189,-2458,-159019,41288,0,228199,542,148620,109637,486998,108010,3000,307639,68349,486998,429488565,-8786950,-568111895,147410280,0,815801550,1938050,530819865,392085420,1740644885,386312985,10725000,1098931760,244675140,1740644885
2024-07-22,3564,3564,3495,3510,267007,-1.5427769985974753,53372,-2,-50912,-2458,0,140044,3,83685,42539,266271,86672,5,134597,44997,266271,189267920,-7120,-180315090,-8945710,0,496237315,10680,295634420,150379625,942262040,306969395,17800,475949510,159325335,942262040
2024-07-23,3500,3559,3485,3550,287165,1.1396011396011396,118484,3,-44927,-73560,0,183229,3,81317,21824,286373,64745,0,126244,95384,286373,421421435,10555,-160507680,-260924310,0,651054035,10555,286521575,77043465,1014629630,229632600,0,447029255,337967775,1014629630
2024-07-24,3569,3604,3525,3565,468239,0.42253521126760557,154610,-15000,-179973,40363,0,252040,1,139349,75558,466948,97430,15001,319322,35195,466948,556207175,-54200060,-646615070,144607955,0,906158110,3550,500672125,270883035,1677716820,349950935,54203610,1147287195,126275080,1677716820
2024-07-25,3540,3589,3500,3585,269131,0.5610098176718092,105170,-18998,-59627,-26545,0,166831,2,56664,44892,268389,61661,19000,116291,71437,268389,377107655,-67537835,-213132865,-96436955,0,596250685,7070,201238545,159050095,956546395,219143030,67544905,414371410,255487050,956546395
2024-07-26,3565,3609,3550,3585,258347,0.0,64860,-8543,-78521,22204,0,134899,0,74439,48297,257635,70039,8543,152960,26093,257635,232977890,-30660795,-281761690,79444595,0,484047585,0,266720335,173081490,923849410,251069695,30660795,548482025,93636895,923849410
2024-07-29,3584,3659,3569,3659,346914,2.0641562064156207,56684,-11000,-134314,88630,0,148333,0,82238,115386,345957,91649,11000,216552,26756,345957,207088240,-40070000,-488419705,321401465,0,539859920,0,299065815,418176245,1257101980,332771680,40070000,787485520,96774780,1257101980
2024-07-30,3659,3738,3624,3719,556016,1.6397922929762232,211621,-18002,-154843,-38776,0,299382,0,207637,47464,554483,87761,18002,362480,86240,554483,786334180,-66727415,-573909590,-145697175,0,1111198545,0,767052130,174895725,2053146400,324864365,66727415,1340961720,320592900,2053146400
2024-07-31,3719,3853,3719,3789,950639,1.8822264049475665,232155,-17883,-302573,88301,0,355342,128,324942,267605,948017,123187,18011,627515,179304,948017,891283510,-68652570,-1157824095,335193155,0,1363927880,485185,1244629310,1023120510,3632162885,472644370,69137755,2402453405,687927355,3632162885
2024-08-01,3814,3884,3784,3884,706607,2.507257851675904,164068,-9192,-162750,7874,0,301673,10,206854,196121,704658,137605,9202,369604,188247,704658,633698130,-35574870,-628183550,30060290,0,1165205100,38700,797367465,760214200,2722825465,531506970,35613570,1425551015,730153910,2722825465
2024-08-02,3858,3928,3829,3839,715168,-1.1585993820803295,159853,-9754,-77446,-72653,0,349828,47,284246,79075,713196,189975,9801,361692,151728,713196,621997755,-38041365,-302908155,-281048235,0,1360611580,182495,1107128755,308392925,2776315755,738613825,38223860,1410036910,589441160,2776315755
2024-08-05,3793,3793,3579,3639,1087541,-5.2096900234436045,158287,-16642,-240761,99116,0,466889,30,321874,295748,1084541,308602,16672,562635,196632,1084541,587823970,-61939205,-890518650,364633885,0,1727146960,110800,1187152870,1090125035,4004535665,1139322990,62050005,2077671520,725491150,4004535665
2024-08-06,3649,3783,3649,3774,552769,3.709810387469085,80134,28979,-105519,-3594,0,267902,32000,148486,102857,551245,187768,3021,254005,106451,551245,301143810,109394800,-396375155,-14163455,0,1005923575,120663365,556647845,384896150,2068130935,704779765,11268565,953023000,399059605,2068130935
2024-08-07,3754,3873,3739,3844,470859,1.8547959724430314,210693,-49457,-108529,-52707,0,292827,0,107961,68773,469561,82134,49457,216490,121480,469561,812113970,-189298225,-418161580,-204654165,0,1128355120,0,415003390,263227310,1806585820,316241150,189298225,833164970,467881475,1806585820
2024-08-08,3843,3848,3684,3729,474807,-2.991675338189386,39685,-1801,-37428,-456,0,235847,200,117912,119539,473498,196162,2001,155340,119995,473498,161151190,-6798635,-146781555,-7571000,0,898545170,762000,445626065,449849905,1794783140,737393980,7560635,592407620,457420905,1794783140
2024-08-09,3734,3843,3734,3834,434550,2.815768302493966,138646,6500,-126691,-18455,0,322139,6500,59223,45490,433352,183493,0,185914,63945,433352,528397150,24700000,-481865925,-71231225,0,1226423850,24700000,226153880,172727060,1650004790,698026700,0,708019805,243958285,1650004790
2024-08-12,3813,4037,3813,4028,1055549,5.0599895670318205,218200,-33882,-350008,165690,0,375945,120,384942,291631,1052638,157745,34002,734950,125941,1052638,866773750,-133172265,-1380131820,646530335,0,1492177960,470880,1535469955,1149911395,4178030190,625404210,133643145,2915601775,503381060,4178030190
2024-08-13,3993,4028,3929,3969,541740,-1.464746772591857,139361,-4411,33518,-168468,0,217426,97,272203,50520,540246,78065,4508,238685,218988,540246,554095670,-17577355,133215130,-669733445,0,865046695,388000,1084020050,201461415,2150916160,310951025,17965355,950804920,871194860,2150916160
2024-08-14,3993,4017,3953,4013,399923,1.1085915847820609,115544,-12169,-142154,38779,0,215023,1,92325,91471,398820,99479,12170,234479,52692,398820,462032040,-48480040,-568673605,155121605,0,860066705,4010,370087055,366158540,1596316310,398034665,48484050,938760660,211036935,1596316310
2024-08-16,4013,4042,3993,4018,386161,0.12459506603538499,117007,-19781,-39805,-57421,0,187122,0,119993,77981,385096,70115,19781,159798,135402,385096,471340305,-79747720,-159815400,-231777185,0,753570580,0,483611460,313978560,1551160600,282230275,79747720,643426860,545755745,1551160600
2024-08-19,4028,4028,3864,3954,403653,-1.5928322548531608,183202,-41318,-88100,-53784,0,213166,301,148502,40571,402540,29964,41619,236602,94355,402540,729941810,-164503100,-349957975,-215480735,0,849066955,1197970,588732400,160080890,1599078215,119125145,165701070,938690375,375561625,1599078215
2024-08-20,3983,3983,3924,3954,293189,0.0,131594,-25721,-33794,-72079,0,187047,2000,96416,6918,292381,55453,27721,130210,78997,292381,520661275,-102003830,-133268095,-285389350,0,740273670,7960000,381577450,27511160,1157322280,219612395,109963830,514845545,312900510,1157322280
2024-08-21,3924,3948,3849,3939,352738,-0.37936267071320184,60952,1,-81034,20081,0,165682,1,105328,80754,351765,104730,0,186362,60673,351765,240011295,3930,-316895855,76880630,0,648781815,3930,411630550,314774360,1375190655,408770520,0,728526405,237893730,1375190655
2024-08-22,3914,3943,3859,3934,321063,-0.12693577050012694,136336,-9499,-58048,-68789,0,197072,501,99638,22967,320178,60736,10000,157686,91756,320178,534659565,-37447745,-227701240,-269510580,0,771731015,1954885,388357945,89582955,1251626800,237071450,39402630,616059185,359093535,1251626800
2024-08-23,3934,3958,3889,3934,120861,0.0,39455,0,179,-39634,0,58436,0,43665,18427,120528,18981,0,43486,58061,120528,155731735,0,752545,-156484280,0,230627245,0,172203185,72547520,475377950,74895510,0,171450640,229031800,475377950
2024-08-26,3934,4018,3924,3969,365770,0.8896797153024912,96168,-4416,-158825,67073,0,158135,2,77218,129406,364761,61967,4418,236043,62333,364761,383766180,-17686150,-632063925,265983895,0,630777485,7940,307968545,514654810,1453408780,247011305,17694090,940032470,248670915,1453408780
2024-08-27,3973,3973,3834,3859,436165,-2.7714789619551525,151105,11497,-122837,-39765,0,188477,12500,172291,61694,434962,37372,1003,295128,101459,434962,594284410,44382910,-480754955,-157912365,0,741109905,48334760,671885345,240390835,1701720845,146825495,3951850,1152640300,398303200,1701720845
2024-08-28,3854,3933,3824,3914,346841,1.4252396994039906,126233,453,-126757,71,0,204851,2503,56837,81694,345885,78618,2050,183594,81623,345885,495383515,1748045,-495916510,-1215050,0,802626905,9724295,221606980,318648080,1352606260,307243390,7976250,717523490,319863130,1352606260
2024-08-29,3874,3938,3874,3929,252365,0.38323965252938175,140623,-4450,-127516,-8657,0,173047,10500,15010,53112,251669,32424,14950,142526,61769,251669,553184140,-17503635,-500784925,-34895580,0,680602565,41379865,58944165,208298035,989224630,127418425,58883500,559729090,243193615,989224630
2024-08-30,3899,3943,3899,3939,292155,0.2545176889793841,97803,-1065,-50415,-46323,0,165036,5003,52653,68658,291350,67233,6068,103068,114981,291350,385164820,-4180770,-198902100,-182081950,0,650175045,19761810,207277890,271059440,1148274185,265010225,23942580,406179990,453141390,1148274185
2024-09-02,3963,3963,3849,3914,190869,-0.6346788525006346,80973,-2999,-61692,-16282,0,108173,1,49737,32432,190343,27200,3000,111429,48714,190343,317823915,-11846095,-241894965,-64082855,0,424556930,3905,195080280,127250955,746892070,106733015,11850000,436975245,191333810,746892070
2024-09-03,3894,3953,3884,3919,267187,0.12774655084312722,74296,-1750,-124070,51524,0,148775,0,38862,78813,266450,74479,1750,162932,27289,266450,292415940,-6912085,-487897115,202393260,0,585568095,0,152896915,309654225,1048119235,293152155,6912085,640794030,107260965,1048119235
2024-09-04,3859,3888,3829,3869,358864,-1.2758356723653992,139282,248,-78012,-61518,0,224583,271,78811,54210,357875,85301,23,156823,115728,357875,539793925,965115,-302424790,-238334250,0,869869405,1054165,304799070,209976240,1385698880,330075480,89050,607223860,448310490,1385698880
2024-09-05,3873,3888,3754,3759,468638,-2.843111915223572,54191,2256,22452,-78899,0,227656,2273,165679,71738,467346,173465,17,143227,150637,467346,207990460,8623620,87400875,-304014955,0,871301075,8689155,634818925,273639405,1788448560,663310615,65535,547418050,577654360,1788448560
2024-09-06,3749,3793,3724,3779,431860,0.5320563979781857,107008,48454,-130623,-24839,0,185987,48504,59683,136495,430669,78979,50,190306,161334,430669,406164090,182487675,-494001900,-94649865,0,705009330,182675175,224804240,515655905,1628144650,298845240,187500,718806140,610305770,1628144650
2024-09-09,3773,3773,3729,3744,216589,-0.9261709446943637,31032,561,-51502,19909,0,98244,571,36548,80629,215992,67212,10,88050,60720,215992,117115390,2102065,-193674780,74457325,0,369888740,2139615,137451975,303030355,812510685,252773350,37550,331126755,228573030,812510685
2024-09-10,3729,3898,3729,3859,465708,3.0715811965811963,73479,-3048,-239400,168969,0,154033,952,48300,261139,464424,80554,4000,287700,92170,464424,283849475,-11796920,-925887300,653834745,0,596083650,3698080,186526785,1009938325,1796246840,312234175,15495000,1112414085,356103580,1796246840
2024-09-11,3854,3878,3814,3864,296695,0.1295672454003628,79175,-702,-58540,-19933,0,160818,1298,71722,62039,295877,81643,2000,130262,81972,295877,306157820,-2717060,-226304095,-77136665,0,621463605,5027940,276784775,239445095,1142721415,315305785,7745000,503088870,316581760,1142721415
2024-09-12,3828,3828,3729,3799,732947,-1.6821946169772257,200549,16805,-191293,-26061,0,426977,16816,172778,114355,730926,226428,11,364071,140416,730926,759598865,63254140,-723342300,-99510705,0,1614564085,63295505,652463185,432175445,2762498220,854965220,41365,1375805485,531686150,2762498220
2024-09-13,3809,3833,3784,3829,167828,0.7896814951302974,42393,546,-17277,-25662,0,100484,546,41747,24589,167366,58091,0,59024,50251,167366,162120855,2082985,-66296835,-97907005,0,384386715,2082985,159513230,94064190,640047120,222265860,0,225810065,191971195,640047120
2024-09-19,3829,3923,3829,3914,373769,2.2199007573779057,43562,1624,-159359,114173,0,127758,8809,59936,176235,372738,84196,7185,219295,62062,372738,170554990,6376145,-621899285,444968150,0,499155415,34467800,234063595,687580230,1455267040,328600425,28091655,855962880,242612080,1455267040
2024-09-20,3933,3933,3789,3799,673560,-2.9381706693919263,45889,57870,70388,-174147,0,196473,57873,201505,215851,671702,150584,3,131117,389998,671702,177121495,223904415,268881520,-669907430,0,761935660,223916135,776914460,832665910,2595432165,584814165,11720,508032940,1502573340,2595432165
2024-09-23,3788,3828,3724,3729,431723,-1.8425901553040274,22862,-21361,562,-2063,0,170181,3793,118884,137675,430533,147319,25154,118322,139738,430533,88154520,-81134280,502370,-7522610,0,646326660,14402555,448636495,520837930,1630203640,558172140,95536835,448134125,528360540,1630203640
2024-09-24,3729,3789,3600,3615,1681666,-3.057119871279163,-853105,5766,519043,328296,0,449704,6380,693195,527748,1677027,1302809,614,174152,199452,1677027,-3094377840,20977000,1884761860,1188638980,0,1637808830,23224240,2521179785,1918011725,6100224580,4732186670,2247240,636417925,729372745,6100224580
2024-09-25,3630,3660,3505,3605,2486876,-0.2766251728907331,-763586,19981,500106,243499,0,1003483,19981,779626,683786,2486876,1767069,0,279520,440287,2486876,-2689652740,70592550,1766056525,853003665,0,3579058585,70592550,2762261880,2420992310,8832905325,6268711325,0,996205355,1567988645,8832905325
2024-09-26,3615,3715,3615,3685,564479,2.219140083217753,-36941,8996,-95762,123707,0,166509,9996,128692,259386,564583,203450,1000,224454,135679,564583,-135617285,32886185,-352235025,454966125,0,612125995,36561185,473147480,953513475,2075348135,747743280,3675000,825382505,498547350,2075348135
