날짜,시가,고가,저가,종가,거래량,등락률,기관합계_거래량_순매수,기타법인_거래량_순매수,개인_거래량_순매수,외국인합계_거래량_순매수,전체_거래량_순매수,기관합계_거래량_매수,기타법인_거래량_매수,개인_거래량_매수,외국인합계_거래량_매수,전체_거래량_매수,기관합계_거래량_매도,기타법인_거래량_매도,개인_거래량_매도,외국인합계_거래량_매도,전체_거래량_매도,기관합계_거래대금_순매수,기타법인_거래대금_순매수,개인_거래대금_순매수,외국인합계_거래대금_순매수,전체_거래대금_순매수,기관합계_거래대금_매수,기타법인_거래대금_매수,개인_거래대금_매수,외국인합계_거래대금_매수,전체_거래대금_매수,기관합계_거래대금_매도,기타법인_거래대금_매도,개인_거래대금_매도,외국인합계_거래대금_매도,전체_거래대금_매도
2020-07-16,4687,4912,4272,4307,7608585,,-1231970,-24213,2485576,-1229393,0,144822,18545,7252120,14711,7430198,1376792,42758,4766544,1244104,7430198,-5823299575,-121973420,11556015135,-5610742140,0,664326940,84503030,34074783170,70185820,34893798960,6487626515,206476450,22518768035,5680927960,34893798960
2020-07-17,4404,4492,4306,4487,2545028,4.179243092639888,179688,48589,265468,-493745,0,521321,52802,1877830,33406,2485359,341633,4213,1612362,527151,2485359,821085435,222122085,1175101890,-2218309410,0,2358840940,241168420,8441059695,149469540,11190538595,1537755505,19046335,7265957805,2367778950,11190538595
2020-07-20,4453,4472,4355,4370,746215,-2.607532872743481,-133256,53404,159781,-79929,0,27137,53404,623547,24632,728720,160393,0,463766,104561,728720,-597666000,240863475,715801870,-358999345,0,122186340,240863475,2807927430,111133345,3282110590,719852340,0,2092125560,470132690,3282110590
2020-07-21,4374,4433,4340,4360,407387,-0.2288329519450801,-48379,41157,3046,4176,0,8656,41157,328224,19799,397836,57035,0,325178,15623,397836,-216909170,183864855,14502215,18542100,0,38638570,183864855,1468637540,88637520,1779778485,255547740,0,1454135325,70095420,1779778485
2020-07-22,4355,4384,4335,4360,390292,0.0,-72742,86000,-23509,10251,0,48279,86000,235579,11283,381141,121021,0,259088,1032,381141,-324468940,383781790,-105092710,45779860,0,215082520,383781790,1049812915,50378980,1699056205,539551460,0,1154905625,4599120,1699056205
2020-07-23,4365,4379,4345,4365,249945,0.11467889908256881,31598,53101,-109285,24586,0,33832,53101,132546,24606,244085,2234,0,241831,20,244085,141057820,237094975,-487990405,109837610,0,151041820,237094975,592572430,109927010,1090636235,9984000,0,1080562835,89400,1090636235
2020-07-24,4374,4379,4345,4370,194267,0.11454753722794961,55348,41680,-80616,-16412,0,56648,41680,90605,779,189712,1300,0,171221,17191,189712,246729135,186095670,-359740370,-73084435,0,252527135,186095670,404292395,3485175,846400375,5798000,0,764032765,76569610,846400375
2020-07-27,4370,4374,4350,4360,123612,-0.2288329519450801,-9050,27558,-37257,18749,0,18604,27558,53888,20664,120714,27654,0,91145,1915,120714,-40310015,123054895,-166468195,83723315,0,83094465,123054895,240592250,92264760,539006370,123404480,0,407060445,8541445,539006370
2020-07-28,4365,4394,4331,4351,334028,-0.20642201834862386,-15667,95000,-69378,-9955,0,61889,95000,164962,4346,326197,77556,0,234340,14301,326197,-69924915,423925000,-309653030,-44347055,0,275823900,423925000,735111360,19519080,1454379340,345748815,0,1044764390,63866135,1454379340
2020-07-29,4350,4365,4326,4341,384269,-0.22983222247759133,-88919,15000,93918,-19999,0,55184,15000,292141,12935,375260,144103,0,198223,32934,375260,-394701905,66625000,416822310,-88745405,0,245090770,66625000,1297556410,57553955,1666826135,639792675,0,880734100,146299360,1666826135
2020-07-30,4345,4394,4340,4355,178784,0.322506334945865,-40897,0,50763,-9866,0,38771,0,124955,10866,174592,79668,0,74192,20732,174592,-182040875,0,226051615,-44010740,0,172639630,0,556927515,48356295,777923440,354680505,0,330875900,92367035,777923440
2020-07-31,4355,4394,4340,4365,166162,0.2296211251435132,-49967,20000,47485,-17518,0,21488,20000,118296,2482,162266,71455,0,70811,20000,162266,-223131385,89200000,212145710,-78214325,0,95836335,89200000,528423145,11085300,724544780,318967720,0,316277435,89299625,724544780
2020-08-03,4350,4374,4335,4355,201124,-0.22909507445589922,-33334,9787,29934,-6387,0,40445,10449,126519,18996,196409,73779,662,96585,25383,196409,-148002550,43453215,132904820,-28355485,0,180202230,46395805,563344600,84723035,874665670,328204780,2942590,430439780,113078520,874665670
2020-08-04,4355,4360,4316,4321,277180,-0.7807118254879449,-76232,24808,72665,-21241,0,13499,24808,231862,512,270681,89731,0,159197,21753,270681,-337767770,110014710,321980605,-94227545,0,59891615,110014710,1028004080,2274775,1200185180,397659385,0,706023475,96502320,1200185180
2020-08-05,4350,4350,4282,4287,367394,-0.7868548947003009,-32353,63263,62329,-93239,0,33196,63263,261841,480,358780,65549,0,199512,93719,358780,-142552450,278902200,273374355,-409724105,0,146012865,278902200,1153408705,2112975,1580436745,288565315,0,880034350,411837080,1580436745
2020-08-06,4311,4355,4291,4346,166110,1.3762537905295078,-52,-1112,-5562,6726,0,45326,0,107365,9524,162215,45378,1112,112927,2798,162215,-292640,-4915040,-24671050,29878730,0,200758100,0,475713560,42231475,718703135,201050740,4915040,500384610,12352745,718703135
2020-08-07,4345,4350,4321,4331,111163,-0.3451449608835711,3595,600,1491,-5686,0,21874,600,85021,1062,108557,18279,0,83530,6748,108557,15877655,2663500,6685995,-25227150,0,97046805,2663500,377545685,4708110,481964100,81169150,0,370859690,29935260,481964100
2020-08-10,4345,4355,4311,4341,216210,0.23089355806972986,-89796,20227,71493,-1924,0,32052,20227,157499,1363,211141,121848,0,86006,3287,211141,-398026395,89994940,316566825,-8535370,0,142216960,89994940,698707030,6067365,936986295,540243355,0,382140205,14602735,936986295
2020-08-11,4345,4414,4340,4409,213779,1.56645934116563,16210,52295,-80316,11811,0,23042,52295,121616,11814,208767,6832,0,201932,3,208767,72807630,234830195,-360554975,52917150,0,103441230,234830195,546005300,52930575,937207300,30633600,0,906560275,13425,937207300
2020-08-12,4414,4550,4399,4546,297938,3.1072805624858244,95370,3678,-101176,2128,0,115064,3678,158123,14088,290953,19694,0,259299,11960,290953,441724620,16840710,-468133780,9568450,0,532714555,16840710,729286830,64293675,1343135770,90989935,0,1197420610,54725225,1343135770
2020-08-13,4545,4619,4545,4595,171251,1.0778706555213375,-14495,16190,-1371,-324,0,17079,18190,127635,4332,167236,31574,2000,129006,4656,167236,-68247675,76089720,-6314085,-1527960,0,80490360,85489720,600861170,20418985,787260235,148738035,9400000,607175255,21946945,787260235
2020-08-14,4594,4614,4492,4590,74779,-0.1088139281828074,11694,4000,-15616,-78,0,12714,5000,53298,2014,73026,1020,1000,68914,2092,73026,54639685,18720000,-72994175,-365510,0,59338585,23400000,248284965,9374840,340398390,4698900,4680000,321279140,9740350,340398390
2020-08-18,4609,4609,4453,4453,192752,-2.9847494553376905,-35338,3900,45613,-14175,0,36291,3900,146243,1799,188233,71629,0,100630,15974,188233,-162205560,18039000,210097010,-65930450,0,168154275,18039000,674259955,8278590,868731820,330359835,0,464162945,74209040,868731820
2020-08-19,4492,4492,4438,4482,59956,0.6512463507747586,-18534,400,18224,-90,0,11888,400,45754,508,58550,30422,0,27530,598,58550,-84413510,1818000,83000680,-405170,0,54253070,1818000,208764015,2317980,267153065,138666580,0,125763335,2723150,267153065
2020-08-20,4511,4511,4394,4424,134571,-1.2940651494868363,-7265,12200,-8421,3486,0,14016,12200,101263,3937,131416,21281,0,109684,451,131416,-32749565,55484000,-38539625,15805190,0,63506750,55484000,458105160,17855755,594951665,96256315,0,496644785,2050565,594951665
2020-08-21,4477,4477,4409,4438,72351,0.31645569620253167,-703,-9000,12555,-2852,0,29171,2000,37428,2056,70655,29874,11000,24873,4908,70655,-3072670,-40856365,56834505,-12905470,0,132625390,9085000,170077085,9354800,321142275,135698060,49941365,113242580,22260270,321142275
2020-08-24,4492,4492,4433,4468,82993,0.67598017124831,-3893,-22200,26426,-333,0,18250,0,62797,0,81047,22143,22200,36371,333,81047,-18056895,-100948405,120520450,-1515150,0,83189095,0,286571620,0,369760715,101245990,100948405,166051170,1515150,369760715
2020-08-25,4457,4482,4448,4473,108876,0.11190689346463742,-45130,0,44739,391,0,17335,0,87981,1007,106323,62465,0,43242,616,106323,-206454365,0,204666245,1788120,0,79362100,0,402559690,4606070,486527860,285816465,0,197893445,2817950,486527860
2020-08-26,4487,4501,4467,4497,105660,0.5365526492287056,-12094,0,12094,0,0,28808,0,68974,5401,103183,40902,0,56880,5401,103183,-55413990,0,55375355,38635,0,132245145,0,316494760,24775215,473515120,187659135,0,261119405,24736580,473515120
2020-08-27,4501,4501,4448,4487,187052,-0.22237046920169004,206,11810,-11966,-50,0,24580,11810,143583,2693,182666,24374,0,155549,2743,182666,1037695,54084800,-54890395,-232100,0,112461170,54084800,657288625,12331060,836165655,111423475,0,712179020,12563160,836165655
2020-08-28,4462,4462,4414,4438,150755,-1.0920436817472698,-52623,13200,39423,0,0,48278,13300,85142,500,147220,100901,100,45719,500,147220,-238736060,60057730,178673330,5000,0,219500755,60511730,386643530,2280000,668936015,458236815,454000,207970200,2275000,668936015
2020-08-31,4438,4443,4379,4380,122823,-1.3068949977467328,6701,1400,-7801,-300,0,30054,1400,88489,0,119943,23353,0,96290,300,119943,30131085,6295000,-35079085,-1347000,0,135320100,6295000,398469360,0,540084460,105189015,0,433548445,1347000,540084460
2020-09-01,4379,4389,4335,4346,119847,-0.776255707762557,-40726,1400,39326,0,0,13348,1400,102289,0,117037,54074,0,62963,0,117037,-181147050,6240500,174906550,0,0,59470385,6240500,455230245,0,520941130,240617435,0,280323695,0,520941130
2020-09-02,4345,4394,4306,4370,122776,0.5522319374137138,-28285,1448,26837,0,0,3056,1448,115393,0,119897,31341,0,88556,0,119897,-126423210,6420120,120003090,0,0,13537975,6420120,514449065,0,534407160,139961185,0,394445975,0,534407160
2020-09-03,4365,4384,4350,4370,70147,0.0,-8045,0,8045,0,0,12431,0,56071,0,68502,20476,0,48026,0,68502,-36006135,0,36006135,0,0,55546135,0,250521265,0,306067400,91552270,0,214515130,0,306067400
2020-09-04,4345,4355,4316,4331,65613,-0.8924485125858124,-24374,224,24150,0,0,7164,224,56120,567,64075,31538,0,31970,567,64075,-108193595,995680,107198935,-1020,0,31846600,995680,249224410,2517480,284584170,140040195,0,142025475,2518500,284584170
2020-09-07,4331,4399,4321,4346,66548,0.3463403371045948,-34394,100,34294,0,0,4417,100,60471,0,64988,38811,0,26177,0,64988,-152775265,446100,152329165,0,0,19631245,446100,268737680,0,288815025,172406510,0,116408515,0,288815025
2020-09-08,4345,4374,4340,4355,40065,0.20708697653014269,-19746,8374,9790,1582,0,3398,8374,25772,1582,39126,23144,0,15982,0,39126,-87962605,37264350,43649520,7048735,0,15130775,37264350,114795300,7048735,174239160,103093380,0,71145780,0,174239160
2020-09-09,4350,4350,4321,4346,60900,-0.20665901262916186,-7271,0,6175,1096,0,8964,0,46218,4290,59472,16235,0,40043,3194,59472,-32347030,0,27482090,4864940,0,39867605,0,205412790,19058620,264339015,72214635,0,177930700,14193680,264339015
2020-09-10,4355,4355,4340,4351,39165,0.11504832029452369,-3688,-216,3904,0,0,7032,224,30991,0,38247,10720,440,27087,0,38247,-16395675,-965600,17361275,0,0,31327610,996800,137962745,0,170287155,47723285,1962400,120601470,0,170287155
2020-09-11,4350,4370,4345,4365,54227,0.3217651114686279,-6984,1224,5740,20,0,5063,1224,43624,3045,52956,12047,0,37884,3025,52956,-31113775,5467920,25530320,115535,0,22573825,5467920,194439690,13601950,236083385,53687600,0,168909370,13486415,236083385
2020-09-14,4374,4379,4345,4355,69883,-0.22909507445589922,-16069,6224,8432,1413,0,3543,6224,56195,2283,68245,19612,0,47763,870,68245,-71657425,27789040,37547925,6320460,0,15789340,27789040,250769910,10196310,304544600,87446765,0,213221985,3875850,304544600
2020-09-15,4355,4370,4340,4346,55196,-0.20665901262916186,1541,3336,-6817,1940,0,14752,3336,33874,1940,53902,13211,0,40691,0,53902,6794860,14891320,-30329015,8642835,0,65643385,14891320,150918110,8642835,240095650,58848525,0,181247125,0,240095650
2020-09-16,4355,4355,4335,4355,56234,0.20708697653014269,9106,4000,-19609,6503,0,19002,4000,25411,6503,54916,9896,0,45020,0,54916,40408170,17840000,-87228105,28979935,0,84498675,17840000,113090130,28979935,244408740,44090505,0,200318235,0,244408740
2020-09-17,4360,4379,4340,4365,45634,0.2296211251435132,-4278,967,1821,1490,0,1929,1000,37196,4439,44564,6207,33,35375,2949,44564,-19201335,4322935,8203150,6675250,0,8588025,4470000,166420115,19838160,199316300,27789360,147065,158216965,13162910,199316300
2020-09-18,4374,4379,4360,4375,27798,0.22909507445589922,7368,0,-7789,421,0,8344,0,16210,2592,27146,976,0,23999,2171,27146,32969050,0,-34857505,1888455,0,37336680,0,72559395,11598345,121494420,4367630,0,107416900,9709890,121494420
2020-09-21,4374,4404,4321,4360,25244,-0.34285714285714286,4944,0,-4874,-70,0,5344,0,17143,2165,24652,400,0,22017,2235,24652,22128930,0,-21817655,-311275,0,23924430,0,76711905,9694610,110330945,1795500,0,98529560,10005885,110330945
2020-09-22,4374,4374,4345,4351,50120,-0.20642201834862386,9519,723,1913,-12155,0,19006,723,29216,0,48945,9487,0,27303,12155,48945,42426820,3225695,8557140,-54209655,0,84768050,3225695,130422950,0,218416695,42341230,0,121865810,54209655,218416695
2020-09-23,4350,4370,4340,4365,50507,0.3217651114686279,11733,1733,-17888,4422,0,16605,1733,26104,4881,49323,4872,0,43992,459,49323,52252670,7731850,-79668205,19683685,0,73939805,7731850,116303155,21727215,219702025,21687135,0,195971360,2043530,219702025
2020-09-24,4384,4453,4340,4429,109429,1.4662084765177548,20677,500,-29164,7987,0,21256,500,76041,9066,106863,579,0,105205,1079,106863,92858645,2247500,-130966860,35860715,0,95465965,2247500,341995170,40696115,480404750,2607320,0,472962030,4835400,480404750
2020-09-25,4423,4433,4394,4399,72751,-0.6773538044705352,10603,-13890,-2927,6214,0,10818,110,52886,7231,71045,215,14000,55813,1017,71045,47916015,-62792155,-13305410,28181550,0,48889895,497750,238642915,32777545,320808105,973880,63289905,251948325,4595995,320808105
2020-09-28,4394,4457,4389,4453,54002,1.227551716299159,12629,-2637,-9357,-635,0,14023,0,38329,384,52736,1394,2637,47686,1019,52736,57344610,-12029720,-42425570,-2889320,0,63672260,0,173915360,1741440,239329060,6327650,12029720,216340930,4630760,239329060
2020-09-29,4467,4477,4443,4463,37567,0.22456770716370988,6517,412,-4704,-2225,0,10565,412,23912,1797,36686,4048,0,28616,4022,36686,29797095,1880235,-21526390,-10150940,0,48265135,1880235,109200835,8206535,167552740,18468040,0,130727225,18357475,167552740
2020-10-05,4457,4521,4438,4453,26933,-0.2240645305848084,3989,220,1530,-5739,0,8109,220,17910,63,26302,4120,0,16380,5802,26302,18140885,1005400,6995290,-26141575,0,36920035,1005400,81716300,287205,119928940,18779150,0,74721010,26428780,119928940
2020-10-06,4467,4482,4443,4473,41107,0.44913541432741977,4858,500,-3166,-2192,0,10552,500,27456,1635,40143,5694,0,30622,3827,40143,22253690,2295000,-14569005,-9979685,0,48278265,2295000,125522900,7483480,183579645,26024575,0,140091905,17463165,183579645
2020-10-07,4462,4487,4453,4482,61586,0.2012072434607646,6549,5218,-12467,700,0,14438,5218,37546,2940,60142,7889,0,50013,2240,60142,30078255,23856530,-57168765,3233980,0,66180240,23856530,171978055,13488465,275503290,36101985,0,229146820,10254485,275503290
2020-10-08,4487,4614,4482,4614,266487,2.9451137884872822,90170,3000,-111618,18448,0,110830,3000,127961,18448,260239,20660,0,239579,0,260239,422824835,14050000,-522636655,85761820,0,519938695,14050000,597390055,85761820,1217140570,97113860,0,1120026710,0,1217140570
2020-10-12,4614,4623,4550,4624,61269,0.21673168617251842,14883,0,-8682,-6201,0,20080,0,37661,2092,59833,5197,0,46343,8293,59833,70401970,0,-40990920,-29411050,0,94959005,0,177476090,9788350,282223445,24557035,0,218467010,39199400,282223445
2020-10-13,4633,4633,4550,4585,88590,-0.8434256055363323,13098,835,-8762,-5171,0,22179,835,58247,5252,86513,9081,0,67009,10423,86513,61597425,3930030,-41157765,-24369690,0,104313520,3930030,273490605,24697430,406431585,42716095,0,314648370,49067120,406431585
2020-10-14,4599,4667,4584,4668,161178,1.8102508178844057,10167,0,-11838,1671,0,38218,0,111017,8164,157399,28051,0,122855,6493,157399,48232855,0,-56143160,7910305,0,181510905,0,527130105,38731335,747372345,133278050,0,583273265,30821030,747372345
2020-10-15,4682,4697,4653,4692,164802,0.5141388174807198,18109,0,-32660,14551,0,62074,0,80535,18329,160938,43965,0,113195,3778,160938,86946510,0,-156907360,69960850,0,298172450,0,386568410,88020305,772761165,211225940,0,543475770,18059455,772761165
2020-10-16,4697,4785,4648,4756,243310,1.3640238704177323,62048,-12891,-57397,8240,0,87770,207,123947,25681,237605,25722,13098,181344,17441,237605,299827660,-62123280,-278219815,40515435,0,424889220,1012230,601854295,124448315,1152204060,125061560,63135510,880074110,83932880,1152204060
2020-10-19,4775,4853,4741,4844,417408,1.8502943650126156,47850,1334,-44868,-4316,0,151547,88034,154127,13914,407622,103697,86700,198995,18230,407622,234937410,6584015,-221153195,-20368230,0,746838465,435315515,759628065,68839770,2010621815,511901055,428731500,980781260,89208000,2010621815
2020-10-20,4843,4843,4770,4810,148722,-0.7018992568125516,31588,-25,-26201,-5362,0,49840,1607,88576,5212,145235,18252,1632,114777,10574,145235,155779525,-152375,-129046820,-26580330,0,245551875,7906550,436705250,25711365,715875040,89772350,8058925,565752070,52291695,715875040
2020-10-21,4863,4863,4809,4844,144764,0.7068607068607069,22305,5999,-35612,7308,0,36596,20202,74639,9933,141370,14291,14203,110251,2625,141370,110219705,29615815,-176046795,36211275,0,180924830,99898890,369370210,49185570,699379500,70705125,70283075,545417005,12974295,699379500
2020-10-22,4848,4868,4833,4868,141063,0.495458298926507,-3489,6891,-10149,6747,0,42319,14891,71215,9331,137756,45808,8000,81364,2584,137756,-17467465,34249585,-50294690,33512570,0,210180100,73929585,353978610,46357310,684445605,227647565,39680000,404273300,12844740,684445605
2020-10-23,4868,4892,4853,4893,243164,0.5135579293344289,11119,22866,-44562,10577,0,76764,42043,103495,15161,237463,65645,19177,148057,4584,237463,55756915,114141340,-222741550,52843295,0,383645290,209890665,516737340,75706115,1185979410,327888375,95749325,739478890,22862820,1185979410
2020-10-26,4912,4912,4868,4883,157551,-0.20437359493153487,10414,998,-8482,-2930,0,47326,12998,79009,14524,153857,36912,12000,87491,17454,153857,52122285,4980010,-42469505,-14632790,0,236752900,64980010,395164170,72585770,769482850,184630615,60000000,437633675,87218560,769482850
2020-10-27,4882,4892,4858,4868,288684,-0.3071882039729675,-18633,30000,-9100,-2267,0,104086,30000,133340,14490,281916,122719,0,142440,16757,281916,-93028420,149750000,-45571065,-11150515,0,519483445,149750000,665423175,72439785,1407096405,612511865,0,710994240,83590300,1407096405
2020-10-28,4868,4882,4833,4858,150609,-0.2054231717337716,-24140,19707,-196,4629,0,16513,20119,103837,6609,147078,40653,412,104033,1980,147078,-120230315,97887175,-685695,23028835,0,82146840,99942025,516590235,32868615,731547715,202377155,2054850,517275930,9839780,731547715
2020-10-29,4858,4858,4789,4824,123375,-0.699876492383697,-22773,-5334,22801,5306,0,7061,0,106441,6980,120482,29834,5334,83640,1674,120482,-112081105,-26184145,112013810,26251440,0,34839080,0,524340980,34504260,593684320,146920185,26184145,412327170,8252820,593684320
2020-10-30,4853,4882,4829,4878,226509,1.1194029850746268,7235,0,82852,-90087,0,50478,0,140415,30305,221198,43243,0,57563,120392,221198,35880220,0,409762480,-445642700,0,250467705,0,696437060,150663075,1097567840,214587485,0,286674580,596305775,1097567840
2020-11-02,4877,4882,4838,4863,100012,-0.3075030750307503,-31857,-3131,48305,-13317,0,4554,2203,90043,867,97667,36411,5334,41738,14184,97667,-158907095,-15641465,240978130,-66429570,0,22676550,10992970,449094265,4327075,487090860,181583645,26634435,208116135,70756645,487090860
2020-11-03,4873,4873,4819,4839,110623,-0.4935225169648365,-32140,0,41642,-9502,0,16549,0,83754,7726,108029,48689,0,42112,17228,108029,-159344415,0,206265935,-46921520,0,81908825,0,414925300,38461490,535295615,241253240,0,208659365,85383010,535295615
2020-11-04,4838,4848,4824,4839,165909,0.0,-10385,3000,43164,-35779,0,59421,3000,83088,16510,162019,69806,0,39924,52289,162019,-51675380,14840000,213788365,-176952985,0,294170050,14840000,411397920,81857890,802265860,345845430,0,197609555,258810875,802265860
2020-11-05,4838,4838,4750,4785,239706,-1.115933044017359,-99340,-400,108887,-9147,0,70025,0,160585,3476,234086,169365,400,51698,12623,234086,-487396240,-1960000,534141250,-44785010,0,343143070,0,787159730,17189075,1147491875,830539310,1960000,253018480,61974085,1147491875
2020-11-06,4809,4809,4750,4790,91527,0.10449320794148381,-58822,0,27942,30880,0,14914,0,43587,30880,89381,73736,0,15645,0,89381,-288490580,0,137076615,151413965,0,73151540,0,213705315,151413965,438270820,361642120,0,76628700,0,438270820
2020-11-09,4790,4790,4736,4766,135315,-0.5010438413361169,6761,0,-5952,-809,0,38408,0,83995,9739,132142,31647,0,89947,10548,132142,32851270,0,-28873515,-3977755,0,186774500,0,408406660,47437820,642618980,153923230,0,437280175,51415575,642618980
2020-11-10,4785,4794,4741,4795,93699,0.6084767100293748,-14222,2000,-6321,18543,0,22295,2000,35666,31541,91502,36517,0,41987,12998,91502,-70068320,9765000,-30805945,91109265,0,108905495,9765000,174232815,154441275,447344585,178973815,0,205038760,63332010,447344585
2020-11-11,4794,4799,4765,4785,108611,-0.20855057351407716,-43339,1200,42075,64,0,10195,1200,83176,11494,106065,53534,0,41101,11430,106065,-211982350,5860020,205798670,323660,0,49873065,5860020,406938520,56231755,518903360,261855415,0,201139850,55908095,518903360
2020-11-12,4785,4790,4765,4790,86239,0.10449320794148381,11016,1102,-17339,5221,0,40176,1102,30220,12719,84217,29160,0,47559,7498,84217,53959035,5389800,-84959600,25610765,0,196807865,5389800,147926160,62308955,412432780,142848830,0,232885760,36698190,412432780
2020-11-13,4790,4794,4780,4785,98291,-0.10438413361169101,-26048,1000,20857,4191,0,44309,1000,32858,17820,95987,70357,0,12001,13629,95987,-127743615,4900000,102187530,20656085,0,217090140,4900000,160977115,87396465,470363720,344833755,0,58789585,66740380,470363720
2020-11-16,4785,4785,4760,4780,92199,-0.10449320794148381,23850,1890,-17591,-8149,0,57762,1890,26786,3599,90037,33912,0,44377,11748,90037,116629905,9236700,-86121000,-39745605,0,282559260,9236700,131015850,17608125,440419935,165929355,0,217136850,57353730,440419935
2020-11-17,4780,4785,4492,4775,82024,-0.10460251046025104,20320,500,-27893,7073,0,24672,500,46359,8570,80101,4352,0,74252,1497,80101,99221860,2440000,-136230915,34569055,0,120494770,2440000,224868450,41877290,389680510,21272910,0,361099365,7308235,389680510
2020-11-18,4775,4799,4731,4795,110824,0.41884816753926707,-5236,2880,-1547,3903,0,18234,2880,81601,5511,108226,23470,0,83148,1608,108226,-25711420,14121350,-7530580,19120650,0,89283080,14121350,399660865,26997375,530062670,114994500,0,407191445,7876725,530062670
2020-11-19,4765,4804,4765,4805,94689,0.20855057351407716,-43366,5112,38252,2,0,6864,5152,78351,2102,92469,50230,40,40099,2100,92469,-213051220,25119360,187915420,16440,0,33729430,25315560,385086365,10337940,454469295,246780650,196200,197170945,10321500,454469295
2020-11-20,4833,4833,4785,4800,128250,-0.10405827263267431,-17824,-3987,27948,-6137,0,47671,0,72311,5261,125243,65495,3987,44363,11398,125243,-87560550,-19537955,137300545,-30202040,0,234248505,0,355964220,25884005,616096730,321809055,19537955,218663675,56086045,616096730
2020-11-23,4780,4794,4765,4790,69338,-0.20833333333333334,-6697,0,13117,-6420,0,31748,0,26576,9388,67712,38445,0,13459,15808,67712,-32873520,0,64201635,-31328115,0,155452210,0,130120385,46021170,331593765,188325730,0,65918750,77349285,331593765
2020-11-24,4790,4794,4755,4780,72346,-0.20876826722338201,-33199,0,37275,-4076,0,17487,0,52163,1000,70650,50686,0,14888,5076,70650,-162294405,0,182205235,-19910830,0,85491475,0,254920665,4880000,345292140,247785880,0,72715430,24790830,345292140
2020-11-25,4780,4780,4746,4761,71516,-0.39748953974895396,-20408,0,27577,-7169,0,11545,0,58293,1,69839,31953,0,30716,7170,69839,-99476470,0,134422775,-34946305,0,56269850,0,284203965,4870,340478685,155746320,0,149781190,34951175,340478685
2020-11-26,4750,4765,4746,4766,68683,0.10501995379122034,-1957,0,5102,-3145,0,18581,0,48492,0,67073,20538,0,43390,3145,67073,-9530110,0,24839740,-15309630,0,90529405,0,236179295,0,326708700,100059515,0,211339555,15309630,326708700
2020-11-27,4765,4765,4746,4766,35835,0.0,-6768,400,11008,-4640,0,3667,400,30928,0,34995,10435,0,19920,4640,34995,-32996915,1944000,53627550,-22574635,0,17843465,1944000,150622760,0,170410225,50840380,0,96995210,22574635,170410225
2020-11-30,4765,4765,4731,4746,82448,-0.41963911036508605,2341,0,5263,-7604,0,38909,0,41080,526,80515,36568,0,35817,8130,80515,11665230,0,25280895,-36946125,0,189183065,0,199416210,2558990,391158265,177517835,0,174135315,39505115,391158265
2020-12-01,4760,4760,4677,4678,66928,-1.4327855035819637,-14667,1340,19942,-6615,0,9170,1340,53574,1275,65359,23837,0,33632,7890,65359,-70575000,6484190,96129360,-32038550,0,44256660,6484190,258486585,6163750,315391185,114831660,0,162357225,38202300,315391185
2020-12-02,4697,4697,4663,4673,69402,-0.10688328345446774,-6665,-353,17786,-10768,0,17363,0,50412,0,67775,24028,353,32626,10768,67775,-31938545,-1687340,85121575,-51495690,0,83041155,0,241228870,0,324270025,114979700,1687340,156107295,51495690,324270025
2020-12-03,4682,4682,4628,4644,93494,-0.6205863471003638,-38064,-8693,50553,-3796,0,14389,0,76682,231,91302,52453,8693,26129,4027,91302,-180822020,-41316000,240236530,-18098510,0,68493820,0,364628460,1107645,434229925,249315840,41316000,124391930,19206155,434229925
2020-12-04,4643,4687,4633,4658,76972,0.3014642549526271,-29481,-6972,43975,-7522,0,4671,0,69152,1344,75167,34152,6972,25177,8866,75167,-140647135,-33250740,209731715,-35833840,0,22260040,0,329977030,6442190,358679260,162907175,33250740,120245315,42276030,358679260
2020-12-07,4658,4687,4414,4678,75988,0.42936882782310004,10685,-3800,-12153,5268,0,21970,0,45820,6416,74206,11285,3800,57973,1148,74206,50976660,-18134000,-57920355,25077695,0,104844300,0,217701630,30567935,353113865,53867640,18134000,275621985,5490240,353113865
2020-12-08,4687,4687,4648,4668,11335,-0.21376656690893547,4027,-1292,-620,-2115,0,5358,0,5711,0,11069,1331,1292,6331,2115,11069,19216445,-6160760,-2947565,-10108120,0,25568330,0,27272075,0,52840405,6351885,6160760,30219640,10108120,52840405
2020-12-09,4677,4687,4643,4668,37891,0.0,-1029,-6290,11374,-4055,0,11836,210,24934,23,37003,12865,6500,13560,4078,37003,-4903785,-30007900,54260255,-19348570,0,56462315,999600,118913400,109800,176485115,61366100,31007500,64653145,19458370,176485115
2020-12-10,4672,4672,4619,4629,68978,-0.8354755784061696,-12141,-1804,16303,-2358,0,2777,209,64374,1,67361,14918,2013,48071,2359,67361,-57845245,-8595620,77637185,-11196320,0,13190455,995885,306291105,4740,320482185,71035700,9591505,228653920,11201060,320482185
2020-12-11,4628,4633,4619,4629,79828,0.0,-10368,210,11228,-1070,0,13465,210,64281,0,77956,23833,0,53053,1070,77956,-49302570,995400,53376685,-5069515,0,63726775,995400,304634455,0,369356630,113029345,0,251257770,5069515,369356630
2020-12-14,4628,4653,4599,4629,99356,0.0,-31412,8697,23908,-1193,0,41886,9000,43221,2920,97027,73298,303,19313,4113,97027,-148609455,41184335,112979760,-5554640,0,198276665,42615000,204520080,13885360,459297105,346886120,1430665,91540320,19440000,459297105
2020-12-15,4648,4648,4614,4639,34188,0.21602937999567942,-40,0,-15356,15396,0,3810,0,14162,15414,33386,3850,0,29518,18,33386,-168860,0,-72927630,73096490,0,18069995,0,67101870,73181990,158353855,18238855,0,140029500,85500,158353855
2020-12-16,4638,4643,4609,4629,104497,-0.21556369907307613,-54593,-20000,36966,37627,0,10685,0,50971,40391,102047,65278,20000,14005,2764,102047,-258361110,-94800000,174895775,178265335,0,50478960,0,241188370,191364235,483031565,308840070,94800000,66292595,13098900,483031565
2020-12-17,4643,4643,4589,4624,127523,-0.10801468999783971,-17385,-14826,-29785,61996,0,17876,1067,40836,64754,124533,35261,15893,70621,2758,124533,-82549580,-70217920,-140741705,293509205,0,84318310,5014900,192840880,306537100,588711190,166867890,75232820,333582585,13027895,588711190
2020-12-18,4628,4672,4614,4614,295532,-0.21626297577854672,-113817,-16000,73604,56213,0,8376,4000,116563,159664,288603,122193,20000,42959,103451,288603,-539735175,-75925000,348012290,267647885,0,39632875,18900000,551905995,756484255,1366923125,579368050,94825000,203893705,488836370,1366923125
2020-12-21,4633,4633,4614,4614,72330,0.0,-14941,-11000,26599,-658,0,6236,10000,43121,11277,70634,21177,21000,16522,11935,70634,-70685390,-52166670,125913160,-3061100,0,29548670,47373330,204140365,53432085,334494450,100234060,99540000,78227205,56493185,334494450
2020-12-22,4628,4628,4599,4609,68286,-0.10836584308625921,-8051,3214,5867,-1030,0,10499,10000,45000,1186,66685,18550,6786,39133,2216,66685,-38114715,15186150,27779595,-4851030,0,49486990,47250000,212457670,5608490,314803150,87601705,32063850,184678075,10459520,314803150
2020-12-23,4623,4648,4599,4634,37952,0.5424170101974397,403,-5427,5166,-142,0,8125,0,25526,3411,37062,7722,5427,20360,3553,37062,1912690,-25805385,24528325,-635630,0,38529275,0,120899770,16183555,175612600,36616585,25805385,96371445,16819185,175612600
2020-12-24,4653,4653,4628,4644,31514,0.21579628830384118,4122,-3224,-5376,4478,0,6292,0,20005,4478,30775,2170,3224,25381,0,30775,19576090,-15346240,-25518290,21288440,0,29893280,0,95028670,21288440,146210390,10317190,15346240,120546960,0,146210390
2020-12-28,4677,4692,4599,4609,133124,-0.7536606373815676,-4893,-19639,16692,7840,0,21463,3000,95902,9638,130003,26356,22639,79210,1798,130003,-23321990,-93801620,79647980,37475630,0,102128935,14200000,454809050,46012100,617150085,125450925,108001620,375161070,8536470,617150085
2020-12-29,4609,4658,4589,4644,96554,0.7593838142764157,-45897,1334,21143,23420,0,15933,3433,49677,25247,94290,61830,2099,28534,1827,94290,-215941375,6252820,98905770,110782785,0,75308585,16160100,234289605,119385890,445144180,291249960,9907280,135383835,8603105,445144180
2020-12-30,4658,4658,4614,4624,46207,-0.4306632213608958,6829,-2200,8151,-12780,0,15303,0,29187,634,45124,8474,2200,21036,13414,45124,32335920,-10413370,38616080,-60538630,0,72541505,0,138255255,3011900,213808660,40205585,10413370,99639175,63550530,213808660
2021-01-04,4628,4638,4345,4639,143891,0.32439446366782004,78729,-13000,-57761,-7968,0,88526,0,42079,9912,140517,9797,13000,99840,17880,140517,372560985,-61190500,-273560265,-37810220,0,418848970,0,197094225,46644865,662588060,46287985,61190500,470654490,84455085,662588060
2021-01-05,4638,4873,4589,4629,108351,-0.21556369907307613,54373,-32636,-28768,7031,0,55323,2200,34356,13932,105811,950,34836,63124,6901,105811,257841475,-154890820,-136225090,33274435,0,262358395,10406000,162861840,65939865,501566100,4516920,165296820,299086930,32665430,501566100
2021-01-06,4653,4672,4614,4624,65158,-0.10801468999783971,7152,11037,-9674,-8515,0,9265,11037,43182,146,63630,2113,0,52856,8661,63630,33867390,52310195,-45836890,-40340695,0,43866985,52310195,204505610,693500,301376290,9999595,0,250342500,41034195,301376290
2021-01-07,4628,4628,4589,4619,69190,-0.10813148788927336,8194,1200,-6535,-2859,0,13607,1200,52471,290,67568,5413,0,59006,3149,67568,38722600,5668000,-30870270,-13520330,0,64303860,5668000,247956015,1364700,319292575,25581260,0,278826285,14885030,319292575
2021-01-08,4623,4687,4589,4600,117762,-0.41134444684996757,19188,1600,-19493,-1295,0,25499,1600,85701,2201,115001,6311,0,105194,3496,115001,90539750,7533000,-91967870,-6104880,0,120284970,7533000,403723110,10380320,541921400,29745220,0,495690980,16485200,541921400
2021-01-11,4589,4604,4555,4590,117222,-0.21739130434782608,-1923,11214,-6743,-2548,0,30394,11214,72540,326,114474,32317,0,79283,2874,114474,-8629030,52405450,-31850730,-11925690,0,142567555,52405450,339560025,1525675,536058705,151196585,0,371410755,13451365,536058705
2021-01-12,4565,4609,4550,4570,76801,-0.4357298474945534,-14483,770,6248,7465,0,7856,770,55858,10516,75000,22339,0,49610,3051,75000,-67803110,3599750,29248455,34954905,0,36890740,3599750,262153085,49294615,351938190,104693850,0,232904630,14339710,351938190
2021-01-13,4589,4604,4560,4590,28394,0.437636761487965,1523,1000,-1474,-1049,0,12613,1000,10710,3405,27728,11090,0,12184,4454,27728,7159470,4695000,-6923660,-4930810,0,59210445,4695000,50190635,15990900,130086980,52050975,0,57114295,20921710,130086980
2021-01-14,4594,4599,4584,4600,60671,0.2178649237472767,1592,1656,2423,-5671,0,10251,1656,45152,2190,59249,8659,0,42729,7861,59249,7467040,7783485,11435105,-26685630,0,48207220,7783485,212520920,10308865,278820490,40740180,0,201085815,36994495,278820490
2021-01-15,4604,4619,4584,4590,88486,-0.21739130434782608,-15103,2500,9161,3442,0,8243,2500,69540,6128,86411,23346,0,60379,2686,86411,-70967670,11762500,42926970,16278200,0,38781395,11762500,327209315,28929540,406682750,109749065,0,284282345,12651340,406682750
2021-01-18,4589,4604,4580,4604,50994,0.30501089324618735,11099,312,-4868,-6543,0,16523,312,32493,470,49798,5424,0,37361,7013,49798,52166165,1464840,-22910320,-30720685,0,77658105,1464840,152696125,2209000,234028070,25491940,0,175606445,32929685,234028070
2021-01-19,4604,4609,4584,4604,62705,0.0,40789,1830,-41127,-1492,0,41158,1830,18194,53,61235,369,0,59321,1545,61235,191743250,8601000,-193334345,-7009905,0,193479975,8601000,85601790,249200,287931965,1736725,0,278936135,7259105,287931965
2021-01-20,4609,4623,4584,4614,101141,0.2172024326672459,12826,10000,-23941,1115,0,49146,10000,34688,4936,98770,36320,0,58629,3821,98770,60679390,47000000,-113029005,5349615,0,231679100,47000000,163445790,23324785,465449675,170999710,0,276474795,17975170,465449675
2021-01-21,4604,4623,4589,4604,53892,-0.21673168617251842,-14952,5400,10386,-834,0,19162,5400,26079,1987,52628,34114,0,15693,2821,52628,-70398825,25457000,48828445,-3886620,0,90322990,25457000,122852140,9397185,248029315,160721815,0,74023695,13283805,248029315
2021-01-22,4609,4623,4594,4600,78698,-0.08688097306689835,19892,24170,-45730,1668,0,27234,24170,20539,4910,76853,7342,0,66269,3242,76853,93835700,114283095,-215996625,7877830,0,128448625,114283095,96834780,23209295,362775795,34612925,0,312831405,15331465,362775795
2021-01-25,4619,4658,4614,4653,81659,1.1521739130434783,26020,1279,-32705,5406,0,27755,1679,42834,7476,79744,1735,400,75539,2070,79744,123779070,6090035,-155555235,25686130,0,132003670,7992035,203520670,35524475,379040850,8224600,1902000,359075905,9838345,379040850
2021-01-26,4687,4697,4667,4683,91571,0.6447453255963894,31159,0,-38268,7109,0,35346,0,45636,8442,89424,4187,0,83904,1333,89424,149414080,0,-183529170,34115090,0,169483645,0,218674210,40506530,428664385,20069565,0,402203380,6391440,428664385
2021-01-27,4687,4706,4667,4697,49247,0.29895366218236175,15461,208,-14757,-912,0,16613,208,30898,373,48092,1152,0,45655,1285,48092,74212340,999440,-70855150,-4356630,0,79756960,999440,148398870,1790400,230945670,5544620,0,219254020,6147030,230945670
2021-01-28,4731,4731,4682,4697,100873,0.0,52626,0,-43923,-8703,0,54458,0,41697,2353,98508,1832,0,85620,11056,98508,252974680,0,-211134625,-41840055,0,261787640,0,200178720,11304800,473271160,8812960,0,411313345,53144855,473271160
2021-01-29,4706,4731,4667,4687,46804,-0.21290185224611455,9104,104,-8760,-448,0,12232,104,31822,1549,45707,3128,0,40582,1997,45707,43854635,498160,-42212880,-2139915,0,58872905,498160,152874885,7473785,219719735,15018270,0,195087765,9613700,219719735
2021-02-01,4682,4726,4648,4702,40676,0.32003413697461064,2948,0,-2297,-651,0,4674,0,33803,1245,39722,1726,0,36100,1896,39722,14086585,0,-10968540,-3118045,0,22395100,0,162178215,5948115,190521430,8308515,0,173146755,9066160,190521430
2021-02-02,4706,4770,4697,4741,80710,0.829434283283709,11053,0,-11961,908,0,30700,0,45180,2938,78818,19647,0,57141,2030,78818,53417635,0,-57826170,4408535,0,148450800,0,218784740,14228120,381463660,95033165,0,276610910,9819585,381463660
2021-02-03,4746,4755,4716,4751,75188,0.2109259649862898,13550,-1000,-7596,-4954,0,36467,0,34246,2712,73425,22917,1000,41842,7666,73425,65662745,-4865000,-36787990,-24009755,0,176861340,0,165982650,13140320,355984310,111198595,4865000,202770640,37150075,355984310
2021-02-04,4750,4760,4721,4741,52520,-0.2104820037886761,3868,250,-6273,2155,0,22282,250,25911,2846,51289,18414,0,32184,691,51289,18832725,1212500,-30535545,10490320,0,108252870,1212500,125753920,13845790,249065080,89420145,0,156289465,3355470,249065080
2021-02-05,4741,4804,4731,4775,189122,0.7171482809533853,-38155,-10300,43124,5331,0,7679,10000,155959,11050,184688,45834,20300,112835,5719,184688,-185674560,-50412500,210111865,25975195,0,37319205,48550000,759220410,53714515,898804130,222993765,98962500,549108545,27739320,898804130
2021-02-08,4785,4794,4750,4775,151453,0.0,14354,-14586,-13732,13964,0,30796,0,95248,21858,147902,16442,14586,108980,7894,147902,70287020,-71316840,-67286280,68316100,0,150716860,0,465431985,106873735,723022580,80429840,71316840,532718265,38557635,723022580
2021-02-09,4775,4785,4750,4775,79090,0.0,27012,-9700,-28590,11278,0,28151,300,33144,15641,77236,1139,10000,61734,4363,77236,132078910,-47433000,-139827970,55182060,0,137637675,1467000,161884895,76473500,377463070,5558765,48900000,301712865,21291440,377463070
2021-02-10,4775,4819,4765,4819,139840,0.9214659685863874,1139,-9600,8165,296,0,4025,400,127943,4193,136561,2886,10000,119778,3897,136561,5570975,-47036500,40126630,1338895,0,19716785,1963500,627342345,20503770,669526400,14145810,49000000,587215715,19164875,669526400
2021-02-15,4819,4824,4794,4805,112352,-0.2905167047105208,1892,-10203,14071,-5760,0,25677,287,75115,8639,109718,23785,10490,61044,14399,109718,9298480,-50303660,69281375,-28276195,0,126447955,1412040,369914380,42580360,540354735,117149475,51715700,300633005,70856555,540354735
2021-02-16,4814,4819,4780,4785,127830,-0.41623309053069724,-18445,-10250,26623,2072,0,12159,13,110031,2630,124833,30604,10263,83408,558,124833,-90539245,-50224935,130590110,10174070,0,59712450,63765,539948835,12913300,612638350,150251695,50288700,409358725,2739230,612638350
2021-02-17,4804,4804,4726,4770,141459,-0.3134796238244514,-15515,400,17261,-2146,0,46393,400,91074,275,138142,61908,0,73813,2421,138142,-75402075,1946000,83904355,-10448280,0,226065245,1946000,443417660,1331000,672759905,301467320,0,359513305,11779280,672759905
2021-02-18,4775,4780,4755,4761,62116,-0.18867924528301888,-1111,-2472,4971,-1388,0,14722,0,45938,0,60660,15833,2472,40967,1388,60660,-5371380,-12053640,24205790,-6780770,0,71885285,0,224070560,0,295955845,77256665,12053640,199864770,6780770,295955845
2021-02-19,4765,4785,4750,4766,58586,0.10501995379122034,-9835,-5500,14293,1042,0,5057,0,50568,1587,57212,14892,5500,36275,545,57212,-47904530,-26797540,69615175,5086895,0,24657530,0,246571035,7746495,278975060,72562060,26797540,176955860,2659600,278975060
2021-02-22,4775,4785,4750,4770,63857,0.0839278220730172,-14024,0,14065,-41,0,5770,0,56590,0,62360,19794,0,42525,41,62360,-68379050,0,68579035,-199985,0,28148360,0,276066875,0,304215235,96527410,0,207487840,199985,304215235
2021-02-23,4770,4770,4746,4751,79586,-0.3983228511530398,-5946,10000,-4054,0,0,4244,10000,63476,0,77720,10190,0,67530,0,77720,-28929935,48700000,-19770065,0,0,20656840,48700000,309047735,0,378404575,49586775,0,328817800,0,378404575
2021-02-24,4780,4780,4746,4761,94635,0.2104820037886761,1559,10000,-12720,1161,0,20464,10000,59740,2212,92416,18905,0,72460,1051,92416,7605680,48650000,-61905615,5649935,0,99625805,48650000,290820635,10763440,449859880,92020125,0,352726250,5113505,449859880
2021-02-25,4677,4677,4638,4658,131895,-2.163411048099139,11450,1830,-11422,-1858,0,26417,1830,94779,5777,128803,14967,0,106201,7635,128803,54444680,8701650,-54348405,-8797925,0,125655660,8701650,451516165,27567035,613440510,71210980,0,505864570,36364960,613440510
2021-02-26,4658,4658,4619,4639,60231,-0.40790038643194504,5934,0,-7651,1717,0,12763,0,40750,5306,58819,6829,0,48401,3589,58819,28094570,0,-36212875,8118305,0,60437675,0,193106635,25150440,278694750,32343105,0,229319510,17032135,278694750
2021-03-02,4672,4672,4638,4648,58493,0.1940073291657685,-3842,3460,-4393,4775,0,4211,3460,42169,7282,57122,8053,0,46562,2507,57122,-18331270,16521500,-21065245,22875015,0,20060345,16521500,201266505,34794570,272642920,38391615,0,222331750,11919555,272642920
2021-03-03,4658,4663,4619,4644,36554,-0.08605851979345956,12230,100,-1774,-10556,0,15019,100,20578,0,35697,2789,0,22352,10556,35697,58040250,475500,-8361800,-50153950,0,71289265,475500,97647110,0,169411875,13249015,0,106008910,50153950,169411875
2021-03-04,4643,4648,4599,4639,52855,-0.10766580534022395,3424,700,-4134,10,0,9213,700,41640,63,51616,5789,0,45774,53,51616,16224040,3315000,-19584700,45660,0,43586405,3315000,196688330,297360,243887095,27362365,0,216273030,251700,243887095
2021-03-05,4638,4638,4594,4604,41463,-0.7544729467557664,-11183,1300,10184,-301,0,7504,1300,31687,0,40491,18687,0,21503,301,40491,-52800060,6153875,48072870,-1426685,0,35475630,6153875,149579340,0,191208845,88275690,0,101506470,1426685,191208845
2021-03-08,4609,4638,4589,4590,43134,-0.3040834057341442,958,212,-1170,0,0,10227,212,30443,1241,42123,9269,0,31613,1241,42123,4531615,999580,-5546720,15525,0,48278620,999580,143658115,5870345,198806660,43747005,0,149204835,5854820,198806660
2021-03-09,4594,4638,4589,4634,37525,0.9586056644880174,-3272,1561,-6383,8094,0,10995,1561,15040,9049,36645,14267,0,21423,955,36645,-15604495,7336700,-30051605,38319400,0,52061485,7336700,71006960,42847305,173252450,67665980,0,101058565,4527905,173252450
2021-03-10,4638,4658,4619,4629,22406,-0.10789814415192059,2096,0,1488,-3584,0,12925,0,7708,1248,21881,10829,0,6220,4832,21881,9899190,0,7126405,-17025595,0,61244445,0,36581345,5918520,103744310,51345255,0,29454940,22944115,103744310
2021-03-11,4628,4633,4609,4634,32960,0.10801468999783971,2864,600,-3404,-60,0,18032,600,12474,1081,32187,15168,0,15878,1141,32187,13649170,2836500,-16202260,-283410,0,85460705,2836500,59059415,5119000,152475620,71811535,0,75261675,5402410,152475620
2021-03-12,4638,4643,4619,4644,18049,0.21579628830384118,4139,0,-1796,-2343,0,6147,0,10008,1471,17626,2008,0,11804,3814,17626,19650030,0,-8544955,-11105075,0,29181330,0,47535505,6994590,83711425,9531300,0,56080460,18099665,83711425
2021-03-15,4653,4658,4643,4658,43167,0.3014642549526271,8908,20173,-31263,2182,0,9163,20173,10393,2426,42155,255,0,41656,244,42155,42424520,96023480,-148846450,10398450,0,43638570,96023480,49499910,11559890,200721850,1214050,0,198346360,1161440,200721850
2021-03-16,4663,4682,4653,4668,27257,0.21468441391155002,7981,500,-10246,1765,0,8591,500,15762,1765,26618,610,0,26008,0,26618,38132745,2390000,-48972155,8449410,0,41052595,2390000,75326315,8449410,127218320,2919850,0,124298470,0,127218320
2021-03-17,4672,4672,4643,4668,38400,0.0,10645,500,-12745,1600,0,11591,500,22124,3285,37500,946,0,34869,1685,37500,50799350,2390000,-60820970,7631620,0,55320435,2390000,105519335,15677495,178907265,4521085,0,166340305,8045875,178907265
2021-03-18,4672,4677,4658,4673,20221,0.10711225364181663,4013,500,-5061,548,0,4013,500,13330,1904,19747,0,0,18391,1356,19747,19187635,2392500,-24209960,2629825,0,19187635,2392500,63786570,9108465,94475170,0,0,87996530,6478640,94475170
2021-03-19,4672,4736,4658,4736,71416,1.3481703402525145,12509,10612,-57726,34605,0,15498,10612,8342,35290,69742,2989,0,66068,685,69742,60158505,50797530,-278432130,167476095,0,74503625,50797530,40060890,170759155,336121200,14345120,0,318493020,3283060,336121200
2021-03-22,4736,4760,4706,4756,31440,0.4222972972972973,16404,0,-7080,-9324,0,17015,0,13568,120,30703,611,0,20648,9444,30703,79695875,0,-34496475,-45199400,0,82661820,0,65690320,580800,148932940,2965945,0,100186795,45780200,148932940
2021-03-23,4770,4775,4741,4761,51329,0.10513036164844407,20038,-223,-18295,-1520,0,22939,0,27187,0,50126,2901,223,45482,1520,50126,97770650,-1088240,-89281010,-7401400,0,111916090,0,132504290,0,244420380,14145440,1088240,221785300,7401400,244420380
2021-03-24,4760,4760,4716,4741,9765,-0.42007981516488135,-577,0,576,1,0,1294,0,8241,1,9536,1871,0,7665,0,9536,-2812345,0,2807470,4875,0,6285395,0,40045440,4875,46335710,9097740,0,37237970,0,46335710
2021-03-25,4755,4755,4589,4644,484785,-2.0459818603670112,-148357,-6728,158939,-3854,0,143853,5272,319680,4614,473419,292210,12000,160741,8468,473419,-706018465,-31326925,755907900,-18562510,0,683132770,25237635,1518630660,22012470,2249013535,1389151235,56564560,762722760,40574980,2249013535
2021-03-26,4643,4755,4643,4741,117874,2.0887166236003445,55285,500,-61863,6078,0,66734,500,41264,6612,115110,11449,0,103127,534,115110,267264020,2397500,-298855920,29194400,0,322616150,2397500,199102960,31760270,555876880,55352130,0,497958880,2565870,555876880
2021-03-29,4780,4824,4755,4766,247440,0.5273149124657245,-41809,-3490,38731,6568,0,32775,0,165852,43012,241639,74584,3490,127121,36444,241639,-205194265,-17076000,189248145,33022120,0,160280060,0,813081880,211395935,1184757875,365474325,17076000,623833735,178373815,1184757875
2021-03-30,4804,4804,4755,4780,142707,0.2937473772555602,-44448,10000,47630,-13182,0,17340,10000,110327,1694,139361,61788,0,62697,14876,139361,-216995560,48900000,232466055,-64370495,0,85024660,48900000,539682445,8322980,681930085,302020220,0,307216390,72693475,681930085
2021-03-31,4804,4804,4750,4780,147155,0.0,-47897,6967,31488,9442,0,22374,6967,104498,9866,143705,70271,0,73010,424,143705,-234605005,34133000,154228325,46243680,0,109424010,34133000,511517070,48317215,703391295,344029015,0,357288745,2073535,703391295
2021-04-01,4785,4794,4746,4761,82317,-0.39748953974895396,19084,-11778,-7179,-127,0,34023,1000,43962,1402,80387,14939,12778,51141,1529,80387,93032820,-57378935,-35066395,-587490,0,165976290,4880000,214463675,6869395,392189360,72943470,62258935,249530070,7456885,392189360
2021-04-02,4765,4775,4746,4770,122359,0.1890359168241966,-14516,-3215,12251,5480,0,32988,0,76883,9619,119490,47504,3215,64632,4139,119490,-70853065,-15673125,59759830,26766360,0,160961835,0,374646970,46951310,582560115,231814900,15673125,314887140,20184950,582560115
2021-04-05,4780,4814,4775,4790,119544,0.41928721174004197,-48880,500,39763,8617,0,13210,500,89861,13170,116741,62090,0,50098,4553,116741,-239641300,2450000,194808810,42382490,0,64797950,2450000,440645830,64696060,572589840,304439250,0,245837020,22313570,572589840
2021-04-06,4785,4809,4775,4800,148162,0.20876826722338201,-38243,19430,19432,-619,0,28001,19430,91790,5467,144688,66244,0,72358,6086,144688,-187533970,95301300,95222765,-2990095,0,137467020,95301300,449827905,26813780,709410005,325000990,0,354605140,29803875,709410005
2021-04-07,4799,4804,4780,4790,74371,-0.20833333333333334,-12560,8266,11742,-7448,0,10030,8266,52598,1733,72627,22590,0,40856,9181,72627,-61581790,40598520,57506245,-36522975,0,49248805,40598520,258000740,8519030,356367095,110830595,0,200494495,45042005,356367095
2021-04-08,4814,4814,4765,4795,79276,0.10438413361169101,-25219,0,37333,-12114,0,8184,0,68432,801,77417,33403,0,31099,12915,77417,-123775825,0,182994370,-59218545,0,40079385,0,335523625,3924890,379527900,163855210,0,152529255,63143435,379527900
2021-04-09,4794,4804,4765,4805,56117,0.20855057351407716,518,145,-4756,4093,0,16087,145,34476,4093,54801,15569,0,39232,0,54801,2474965,712675,-23286990,20099350,0,78949395,712675,169272410,20099350,269033830,76474430,0,192559400,0,269033830
2021-04-12,4814,4833,4809,4824,109419,0.39542143600416235,-16066,-4989,2552,18503,0,25171,2500,58612,20571,106854,41237,7489,56060,2068,106854,-79455405,-24636610,12704180,91387835,0,124126200,12337500,289570750,101589305,527623755,203581605,36974110,276866570,10201470,527623755
2021-04-13,4838,4838,4809,4819,149246,-0.10364842454394693,19716,-7997,-6836,-4883,0,77611,0,61826,6310,145747,57895,7997,68662,11193,145747,97451495,-39509935,-33889470,-24052090,0,383502935,0,305238535,31159570,719901040,286051440,39509935,339128005,55211660,719901040
2021-04-14,4858,4858,4814,4839,48769,0.4150238638721726,11081,0,-5760,-5321,0,25585,0,20993,1048,47626,14504,0,26753,6369,47626,54792875,0,-28510940,-26281935,0,126567965,0,103745820,5177120,235490905,71775090,0,132256760,31459055,235490905
2021-04-15,4833,4863,4829,4863,160750,0.49597024178549287,-24079,6364,-10953,28668,0,45995,10000,66834,34152,156981,70074,3636,77787,5484,156981,-119735640,31629080,-54323140,142429700,0,228456210,49700000,332014295,169641100,779811605,348191850,18070920,386337435,27211400,779811605
2021-04-16,4858,4863,4843,4863,81856,0.0,-12492,1338,25482,-14328,0,18628,1338,59150,821,79937,31120,0,33668,15149,79937,-62220700,6656550,126732670,-71168520,0,92575700,6656550,294119745,4080370,397432365,154796400,0,167387075,75248890,397432365
2021-04-19,4863,4902,4858,4873,133738,0.20563438206868187,-894,9,-17512,18397,0,31153,3012,65048,31389,130602,32047,3003,82560,12992,130602,-4639920,-225,-87261105,91901250,0,155493125,14999760,324856810,156683010,652032705,160133045,14999985,412117915,64781760,652032705
2021-04-20,4882,4882,4863,4873,175432,0.0,-19520,-17203,53068,-16345,0,54695,2000,105767,8857,171319,74215,19203,52699,25202,171319,-97526130,-85756955,264702875,-81419790,0,272797680,9970000,527584975,44210800,854563455,370323810,95726955,262882100,125630590,854563455
2021-04-21,4882,4882,4858,4873,138571,0.0,-23403,1600,25747,-3944,0,56628,1600,65378,11716,135322,80031,0,39631,15660,135322,-116878605,7979500,128421505,-19522400,0,282826075,7979500,326317215,58553060,675675850,399704680,0,197895710,78075460,675675850
2021-04-22,4873,4882,4868,4868,131849,-0.10260619741432384,-363,11808,2032,-13477,0,60824,11808,56126,0,128758,61187,0,54094,13477,128758,-1712585,58912880,10046960,-67247255,0,303608065,58912880,280134060,0,642655005,305320650,0,270087100,67247255,642655005
2021-04-23,4873,4877,4863,4873,107270,0.1027115858668858,-34057,20192,13832,33,0,16094,20192,63582,4887,104755,50151,0,49750,4854,104755,-169692100,100641160,68885140,165800,0,80204840,100641160,317011850,24362860,522220710,249896940,0,248126710,24197060,522220710
2021-04-26,4873,4892,4873,4883,168217,0.20521239482864767,-10742,-10361,13188,7915,0,36197,10004,107519,10553,164273,46939,20365,94331,2638,164273,-53620145,-51865655,65913540,39572260,0,181002350,49959345,537302805,52749120,821013620,234622495,101825000,471389265,13176860,821013620
2021-04-27,4882,4882,4868,4878,117299,-0.10239606799098913,-2984,-17965,36504,-15555,0,30187,11000,68839,4523,114549,33171,28965,32335,20078,114549,-14857020,-89691730,182166945,-77618195,0,150654140,54895000,343620870,22614975,571784985,165511160,144586730,161453925,100233170,571784985
2021-04-28,4882,4892,4848,4858,105465,-0.4100041000410004,-49710,4248,47685,-2223,0,17687,4248,81057,0,102992,67397,0,33372,2223,102992,-247546640,21112560,237513065,-11078985,0,88057755,21112560,403589550,0,512759865,335604395,0,166076485,11078985,512759865
2021-04-29,4858,4863,4824,4853,61638,-0.10292301358583779,6833,6100,-14929,1996,0,32248,6102,18655,3188,60193,25415,2,33584,1192,60193,33993750,30199470,-74136160,9942940,0,160222040,30209390,92478260,15849300,298758990,126228290,9920,166614420,5906360,298758990
2021-04-30,4873,4877,4843,4849,45651,-0.082423243354626,-3543,400,1891,1252,0,13649,400,27736,2796,44581,17192,0,25845,1544,44581,-17504545,1984000,9325075,6195470,0,67899405,1984000,137767960,13884590,221535955,85403950,0,128442885,7689120,221535955
2021-05-03,4877,4877,4858,4858,99457,0.1856052794390596,-30576,10629,16308,3639,0,4130,10629,77636,4730,97125,34706,0,61328,1091,97125,-152334640,52931595,81251745,18151300,0,20572250,52931595,386765185,23579025,483848055,172906890,0,305513440,5427725,483848055
2021-05-04,4863,4877,4843,4873,125147,0.3087690407575134,-22488,21999,-32596,33085,0,33486,21999,26146,40582,122213,55974,0,58742,7497,122213,-112027240,109560015,-162653580,165120805,0,167033780,109560015,130236590,202401400,609231785,279061020,0,292890170,37280595,609231785
2021-05-06,4873,4892,4858,4873,144561,0.0,22721,-32251,16984,-7454,0,23901,5954,93714,17603,141172,1180,38205,76730,25057,141172,113254515,-160731990,84520100,-37042625,0,119142725,29710460,467338320,87926885,704118390,5888210,190442450,382818220,124969510,704118390
2021-05-07,4882,4882,4868,4873,72101,0.0,3928,-1128,13041,-15841,0,36317,1000,28692,4402,70411,32389,2128,15651,20243,70411,19662150,-5655000,64997470,-79004620,0,181215565,4985000,143113640,21984755,351298960,161553415,10640000,78116170,100989375,351298960
2021-05-10,4877,4882,4868,4873,142711,0.0,-25536,2000,21356,2180,0,18379,2000,104042,14944,139365,43915,0,82686,12764,139365,-127496255,9980000,106541995,10974260,0,91760100,9980000,519457270,74668790,695866160,219256355,0,412915275,63694530,695866160
2021-05-11,4873,4882,4863,4878,135492,0.10260619741432384,1913,-13034,11053,68,0,50821,11966,61986,7542,132315,48908,25000,50933,7474,132315,9633715,-65009220,54972700,402805,0,253711750,59740780,309248715,37660695,660361940,244078035,124750000,254276015,37257890,660361940
2021-05-12,4868,4877,4853,4863,204777,-0.3075030750307503,-34377,2000,36919,-4542,0,50452,2000,118361,29163,199976,84829,0,81442,33705,199976,-171376870,9960000,183764595,-22347725,0,251254060,9960000,589647370,145522165,996383595,422630930,0,405882775,167869890,996383595
2021-05-13,4863,4902,4858,4878,463363,0.30845157310302285,-91622,151158,-84791,25255,0,31253,170372,214926,35948,452499,122875,19214,299717,10693,452499,-459085385,756228830,-423347130,126203685,0,155889545,852429240,1075030040,179652315,2263001140,614974930,96200410,1498377170,53448630,2263001140
2021-05-14,4882,4892,4863,4893,144128,0.3075030750307503,13130,0,-19729,6599,0,77480,0,52747,10522,140749,64350,0,72476,3923,140749,65952060,0,-98964190,33012130,0,387622195,0,263651545,52609670,703883410,321670135,0,362615735,19597540,703883410
2021-05-17,4892,4892,4863,4878,91608,-0.30656039239730226,-4371,3400,33570,-32599,0,12285,3700,72923,552,89460,16656,300,39353,33151,89460,-21670045,16944500,167302975,-162577430,0,61369455,18444500,363720435,2755670,446290060,83039500,1500000,196417460,165333100,446290060
2021-05-18,4873,4902,4873,4893,204304,0.3075030750307503,-57634,18773,21520,17341,0,18606,23773,138953,18182,199514,76240,5000,117433,841,199514,-288667500,94002730,107766540,86898230,0,93251160,119102730,696103445,91103230,999560565,381918660,25100000,588336905,4205000,999560565
2021-05-20,4902,4921,4892,4922,202430,0.592683425301451,-40822,48211,-66448,59059,0,19402,50572,66690,61020,197684,60224,2361,133138,1961,197684,-205351960,242484570,-333874260,296741650,0,97533470,254377160,335555890,306566260,994032780,302885430,11892590,669430150,9824610,994032780
2021-05-21,4921,4921,4902,4922,97654,0.0,11222,-2000,6919,-16141,0,40093,0,55271,0,95364,28871,2000,48352,16141,95364,56747930,-10080000,34525320,-81193250,0,201986060,0,278125430,0,480111490,145238130,10080000,243600110,81193250,480111490
2021-05-24,4921,4990,4912,4990,267835,1.3815522145469321,2847,-13200,-40860,51213,0,69604,10000,127581,54370,261555,66757,23200,168441,3157,261555,14273050,-67176090,-206956100,259859140,0,353480760,50779910,648254110,275858080,1328372860,339207710,117956000,855210210,15998940,1328372860
2021-05-25,4999,5029,4970,5029,202539,0.781563126252505,83357,15000,-75884,-22473,0,113212,15000,67705,1873,197790,29855,0,143589,24346,197790,427104300,76650000,-388857640,-114896660,0,579893950,76650000,346044970,9563800,1012152720,152789650,0,734902610,124460460,1012152720
2021-05-26,5029,5039,4999,5019,134601,-0.1988466892026248,20546,3000,6870,-30416,0,49761,3000,78684,0,131445,29215,0,71814,30416,131445,105935910,15360000,34886590,-156182500,0,255997880,15360000,404095520,0,675453400,150061970,0,369208930,156182500,675453400
2021-05-27,5029,5224,4990,5137,381327,2.3510659493923094,-537,-6602,-14748,21887,0,147788,20000,172628,31971,372387,148325,26602,187376,10084,372387,-2783800,-35498410,-74626050,112908260,0,775590410,103165050,904658490,165997120,1949411070,778374210,138663460,979284540,53088860,1949411070
2021-05-28,5165,5185,5117,5186,205525,0.9538641230290054,46536,-17636,-1588,-27312,0,115707,0,79970,5029,200706,69171,17636,81558,32341,200706,245490750,-93095080,-8238290,-144157380,0,611060860,0,421570620,26429280,1059060760,365570110,93095080,429808910,170586660,1059060760
2021-05-31,5214,5273,5185,5273,216284,1.6775935210181256,-3369,-46237,34941,14665,0,67276,2000,117546,24391,211213,70645,48237,82605,9726,211213,-17859770,-248753360,188044250,78568880,0,361797500,10769700,631710890,130779210,1135057300,379657270,259523060,443666640,52210330,1135057300
2021-06-01,5302,5371,5273,5322,294244,0.9292622795372654,75698,-18641,-95657,38600,0,140058,1459,94680,51148,287345,64360,20100,190337,12548,287345,413959220,-102174000,-523097810,211312590,0,765496700,7971000,516932580,279724680,1570124960,351537480,110145000,1040030390,68412090,1570124960
2021-06-02,5380,5458,5341,5459,258049,2.574220217963172,60416,-13988,-56226,9798,0,117285,1012,110729,22973,251999,56869,15000,166955,13175,251999,334240300,-77734040,-310951170,54444910,0,649399560,5565960,613056990,127075010,1395097520,315159260,83300000,924008160,72630100,1395097520
2021-06-03,5488,5517,5351,5381,282726,-1.4288331196189779,33360,-10000,-27945,4585,0,109753,0,130817,35527,276097,76393,10000,158762,30942,276097,187071840,-56400000,-156787350,26115510,0,616531870,0,731130670,199390930,1547053470,429460030,56400000,887918020,173275420,1547053470
2021-06-04,5380,5419,5273,5381,177559,0.0,18912,929,-31465,11624,0,96702,2000,47179,27515,173396,77790,1071,78644,15891,173396,104748760,5079600,-173342920,63514560,0,531487120,11023650,258635950,150843430,951990150,426738360,5944050,431978870,87328870,951990150
2021-06-07,5380,5390,5253,5381,201072,0.0,70877,-8534,-61974,-369,0,108243,2000,64904,21211,196358,37366,10534,126878,21580,196358,387815810,-46996100,-339617970,-1201740,0,591476230,10981580,353374500,116398430,1072230740,203660420,57977680,692992470,117600170,1072230740
2021-06-08,5380,5429,5331,5381,82277,0.0,8463,-12100,-2972,6609,0,46448,2900,22881,8119,80348,37985,15000,25853,1510,80348,46449840,-66599550,-16311140,36460850,0,255928240,16000450,126222740,44789180,442940610,209478400,82600000,142533880,8328330,442940610
2021-06-09,5400,5498,5371,5478,142674,1.8026389146998698,42094,5000,-43182,-3912,0,80193,15000,36696,7440,139329,38099,10000,79878,11352,139329,234561220,28170940,-241002460,-21729700,0,446278510,83920940,203174390,41310560,774684400,211717290,55750000,444176850,63040260,774684400
2021-06-10,5507,5507,5429,5439,68852,-0.7119386637458927,14687,1255,-15558,-384,0,24233,1255,35485,6265,67238,9546,0,51043,6649,67238,82268640,7040970,-87222180,-2087430,0,135958160,7040970,198850460,35145920,376995510,53689520,0,286072640,37233350,376995510
2021-06-11,5546,5546,5419,5420,85781,-0.34932892075749217,1615,6738,-896,-7457,0,27734,6738,45141,4157,83770,26119,0,46037,11614,83770,9347330,37551180,-5250670,-41647840,0,155320660,37551180,253123670,23371630,469367140,145973330,0,258374340,65019470,469367140
2021-06-14,5419,5468,5410,5459,126172,0.7195571955719557,12166,598,-24499,11735,0,77919,5598,26852,12845,123214,65753,5000,51351,1110,123214,68573950,3274720,-137441860,65593190,0,435811410,31274720,149778590,71798090,688662810,367237460,28000000,287220450,6204900,688662810
2021-06-15,5458,5458,5410,5459,96123,0.0,-2486,2553,-4508,4441,0,37503,4353,47529,4484,93869,39989,1800,52037,43,93869,-13648440,14199820,-25219520,24668140,0,208625830,24193100,264084350,24908080,521811360,222274270,9993280,289303870,239940,521811360
2021-06-16,5478,5478,5390,5400,94451,-1.0807840263784576,-20313,6748,17863,-4298,0,18387,6748,63245,3857,92237,38700,0,45382,8155,92237,-112723810,37396210,99194180,-23866580,0,101967580,37396210,350890480,21386200,511640470,214691390,0,251696300,45252780,511640470
2021-06-17,5419,5419,5351,5400,180859,0.0,63134,-10975,-71209,19050,0,89737,8000,53850,25032,176619,26603,18975,125059,5982,176619,347525030,-60281750,-391963270,104719990,0,493894480,44020000,296040350,137708570,971663400,146369450,104301750,688003620,32988580,971663400
2021-06-18,5400,5419,5361,5361,74931,-0.7222222222222222,-20864,-3320,31248,-7064,0,25175,1680,43584,2735,73174,46039,5000,12336,9799,73174,-114989740,-18472800,172379540,-38917000,0,139148350,9277200,240622230,15065840,404113620,254138090,27750000,68242690,53982840,404113620
2021-06-21,5341,5380,5292,5371,74251,0.18653236336504384,-4812,-3423,3518,4717,0,25468,1577,34601,10864,72510,30280,5000,31083,6147,72510,-26258690,-18838040,19070540,26026190,0,139934660,8661960,189583160,59617990,397797770,166193350,27500000,170512620,33591800,397797770
2021-06-22,5351,5419,5351,5371,99211,0.0,-25858,32013,-7354,1199,0,28888,44505,21325,2167,96885,54746,12492,28679,968,96885,-141867430,175858180,-40575310,6584560,0,159611180,244762500,117260390,11947280,533581350,301478610,68904320,157835700,5362720,533581350
2021-06-23,5380,5468,5380,5410,143027,0.7261217650344443,-56304,75306,-9628,-9374,0,23649,97181,18516,328,139674,79953,21875,28144,9702,139674,-314818560,421614820,-54323800,-52472460,0,131069100,543623070,102629580,1816920,779138670,445887660,122008250,156953380,54289380,779138670
2021-06-24,5410,5439,5371,5430,38637,0.36968576709796674,-6763,5000,-11,1774,0,7242,5000,22204,3285,37731,14005,0,22215,1511,37731,-37355170,27600000,-35420,9790590,0,40062530,27600000,122897540,18151750,208711820,77417700,0,122932960,8361160,208711820
2021-06-25,5449,5449,5380,5420,33555,-0.1841620626151013,-5143,5180,-266,229,0,11435,5180,15318,835,32768,16578,0,15584,606,32768,-28490430,28645400,-1425820,1270850,0,63402240,28645400,84875990,4634250,181557880,91892670,0,86301810,3363400,181557880
2021-06-28,5449,5556,5400,5557,151741,2.5276752767527677,-26018,5000,18354,2664,0,28154,15000,99421,5608,148183,54172,10000,81067,2944,148183,-146420700,28028280,103502990,14889430,0,158209620,84278280,559499000,31468090,833454990,304630320,56250000,455996010,16578660,833454990
2021-06-29,5556,5556,5517,5527,51953,-0.5398596364945114,-583,-4936,12541,-7022,0,3578,0,47151,6,50735,4161,4936,34610,7028,50735,-3300370,-27937760,70996850,-39758720,0,20250530,0,266963490,33970,287247990,23550900,27937760,195966640,39792690,287247990
2021-06-30,5527,5527,5478,5508,29737,-0.3437669621856342,-12644,0,12647,-3,0,3429,0,25610,1,29040,16073,0,12963,4,29040,-71200370,0,71217290,-16920,0,19318500,0,144359210,5640,163683350,90518870,0,73141920,22560,163683350
2021-07-01,5507,5537,5458,5518,48959,0.18155410312273057,4037,0,-3650,-387,0,22842,0,23122,1847,47811,18805,0,26772,2234,47811,23033870,0,-20916620,-2117250,0,128679200,0,130037580,10437540,269154320,105645330,0,150954200,12554790,269154320
2021-07-02,5478,5527,5478,5498,39112,-0.3624501631025734,2811,1000,-5503,1692,0,15371,3000,17659,2165,38195,12560,2000,23162,473,38195,16002790,5590000,-31161830,9569040,0,86695000,16890000,99540020,12232230,215357250,70692210,11300000,130701850,2663190,215357250
2021-07-05,5517,5537,5488,5527,61777,0.5274645325572935,8872,-1823,-10569,3520,0,37118,177,17204,5830,60329,28246,2000,27773,2310,60329,50365180,-10319950,-60026630,19981400,0,210177540,1000050,97208460,32963600,341349650,159812360,11320000,157235090,12982200,341349650
2021-07-06,5537,5664,5507,5586,83052,1.067486882576443,-28791,50200,-24513,3104,0,7565,50200,19737,3603,81105,36356,0,44250,499,81105,-164551780,286753110,-139919090,17717760,0,43430680,286753110,112771510,20563380,463518680,207982460,0,252690600,2845620,463518680
2021-07-07,5576,5605,5556,5586,79999,0.0,14058,14900,-25261,-3697,0,37688,14900,25053,482,78123,23630,0,50314,4179,78123,80338220,85216000,-144480420,-21073800,0,215107530,85216000,142930470,2759010,446013010,134769310,0,287410890,23832810,446013010
2021-07-08,5576,5585,5498,5547,75068,-0.6981740064446832,-11653,11000,5447,-4794,0,9670,11000,52236,402,73308,21323,0,46789,5196,73308,-66235700,62656870,30758050,-27179220,0,54957690,62656870,296692610,2267320,416574490,121193390,0,265934560,29446540,416574490
2021-07-09,5527,5566,5458,5527,94920,-0.360555255092843,16970,-70,-21687,4787,0,51190,2070,32464,6971,92695,34220,2140,54151,2184,92695,96021650,-531800,-122669230,27179380,0,289381450,11666200,183225780,39540110,523813540,193359800,12198000,305895010,12360730,523813540
2021-07-12,5527,5566,5458,5478,58758,-0.8865569024787406,-8787,2000,11162,-4375,0,20970,2000,33837,573,57380,29757,0,22675,4948,57380,-49178830,11230000,62651210,-24702380,0,117975010,11230000,190171170,3262670,322638850,167153840,0,127519960,27965050,322638850
2021-07-13,5478,5566,5468,5498,38824,0.36509675063891933,4047,2746,-2528,-4265,0,23046,2746,11798,324,37914,18999,0,14326,4589,37914,23438290,15443420,-14850290,-24031420,0,130157260,15443420,66291160,1833010,213724850,106718970,0,81141450,25864430,213724850
2021-07-14,5498,5507,5429,5449,39189,-0.8912331757002546,-2176,2945,-153,-616,0,14212,2945,19204,1909,38270,16388,0,19357,2525,38270,-12087890,16433100,-867530,-3477680,0,79618730,16433100,107562650,10662800,214277280,91706620,0,108430180,14140480,214277280
2021-07-15,5517,5517,5429,5430,51131,-0.3486878326298403,9665,0,-9105,-560,0,26821,0,22110,1001,49932,17156,0,31215,1561,49932,54038220,0,-50907750,-3130470,0,149568100,0,123229600,5593900,278391600,95529880,0,174137350,8724370,278391600
2021-07-16,5546,5546,5400,5400,48646,-0.5524861878453038,-12092,5181,5379,1532,0,9411,5181,30781,2132,47505,21503,0,25402,600,47505,-67261120,28854550,29909970,8496600,0,52224450,28854550,170962560,11832600,263874160,119485570,0,141052590,3336000,263874160
2021-07-19,5468,5468,5341,5400,59157,0.0,-1094,583,377,134,0,26220,583,28828,2139,57770,27314,0,28451,2005,57770,-5807010,3193010,1872940,741060,0,144867930,3193010,158891850,11823970,318776760,150674940,0,157018910,11082910,318776760
2021-07-20,5400,5429,5380,5410,55393,0.1851851851851852,1644,9164,-15365,4557,0,5281,10000,33641,5172,54094,3637,836,49006,615,54094,9105530,50582280,-84909770,25221960,0,29213470,55200000,185993050,28619170,299025690,20107940,4617720,270902820,3397210,299025690
2021-07-21,5458,5468,5429,5459,40876,0.9057301293900186,2598,0,-5971,3373,0,9266,0,25319,5333,39918,6668,0,31290,1960,39918,14505350,0,-33411980,18906630,0,51769470,0,141454300,29831220,223054990,37264120,0,174866280,10924590,223054990
2021-07-22,5449,5458,5371,5459,58424,0.0,22509,4000,-24426,-2083,0,24077,4000,23961,5016,57054,1568,0,48387,7099,57054,125438450,22120000,-135870630,-11687820,0,134175490,22120000,133426460,27856520,317578470,8737040,0,269297090,39544340,317578470
2021-07-23,5458,5478,5371,5469,86549,0.18318373328448434,50989,2257,-52261,-985,0,52602,2257,28106,1555,84520,1613,0,80367,2540,84520,285400590,12452990,-292370220,-5483360,0,294412650,12452990,155677480,8707580,471250700,9012060,0,448047700,14190940,471250700
2021-07-26,5468,5468,5400,5449,66163,-0.36569756811117204,33085,2000,-31745,-3340,0,34393,2000,26028,2191,64612,1308,0,57773,5531,64612,184174840,11100000,-176676060,-18598780,0,191437720,11100000,144250240,12146300,358934260,7262880,0,320926300,30745080,358934260
2021-07-27,5449,5449,5390,5449,37120,0.0,17689,1000,-12748,-5941,0,20557,1000,14692,1,36250,2868,0,27440,5942,36250,98315120,5530000,-70927250,-32917870,0,114298460,5530000,81391710,5580,201225750,15983340,0,152318960,32923450,201225750
2021-07-28,5488,5488,5429,5478,27894,0.5322077445402826,10119,-400,-13586,3867,0,19729,0,1573,5938,27240,9610,400,15159,2071,27240,56697710,-2240000,-75977470,21519760,0,110494890,0,8801330,33095230,152391450,53797180,2240000,84778800,11575470,152391450
2021-07-29,5478,5517,5449,5488,42379,0.18254837531945967,26844,-6403,-21642,1201,0,28096,0,7180,6109,41385,1252,6403,28822,4908,41385,150859330,-35965770,-121587260,6693700,0,157893090,0,40310820,34219470,232423380,7033760,35965770,161898080,27525770,232423380
2021-07-30,5468,5507,5400,5469,70064,-0.3462099125364432,-3253,-9170,7825,4598,0,38127,180,20889,9225,68421,41380,9350,13064,4627,68421,-17673270,-51448000,43341510,25779760,0,212963440,1000800,116356420,51598340,381919000,230636710,52448800,73014910,25818580,381919000
2021-08-02,5468,5468,5400,5469,37430,0.0,24379,189,-12786,-11782,0,28594,189,7769,0,36552,4215,0,20555,11782,36552,136045320,1052730,-71405120,-65692930,0,159551120,1052730,43208260,0,203812110,23505800,0,114613380,65692930,203812110
2021-08-03,5468,5507,5419,5439,23664,-0.5485463521667581,938,-819,6119,-6238,0,8631,181,12201,2096,23109,7693,1000,6082,8334,23109,5244540,-4575450,34028980,-34698070,0,48143970,1004550,68002700,11737600,128888820,42899430,5580000,33973720,46435670,128888820
2021-08-04,5400,5488,5400,5459,19365,0.36771465342893916,8576,-2419,-2051,-4106,0,9373,51,9378,109,18911,797,2470,11429,4215,18911,47861920,-13512100,-11451710,-22898110,0,52327310,285200,52307740,605890,105526140,4465390,13797300,63759450,23504000,105526140
2021-08-05,5468,5468,5410,5439,57694,-0.3663674665689687,9078,-35165,27923,-1836,0,19189,299,34583,2270,56341,10111,35464,6660,4106,56341,50619600,-195787840,155455810,-10287570,0,106910060,1665830,192661990,12617850,313855730,56290460,197453670,37206180,22905420,313855730
2021-08-06,5439,5458,5419,5420,53800,-0.34932892075749217,23530,1191,-26622,1901,0,29584,1191,15210,6554,52539,6054,0,41832,4653,52539,131137780,6633870,-148400730,10629080,0,164842160,6633870,84728790,36530510,292735330,33704380,0,233129520,25901430,292735330
2021-08-09,5449,5449,5410,5439,41330,0.3505535055350553,-3740,26,4919,-1205,0,17410,26,22388,537,40361,21150,0,17469,1742,40361,-20765040,144560,27331080,-6710600,0,96701210,144560,124544110,2985740,224375620,117466250,0,97213030,9696340,224375620
2021-08-10,5410,5458,5410,5420,38893,-0.34932892075749217,-2387,-10500,13073,-186,0,19532,0,16442,2007,37981,21919,10500,3369,2193,37981,-13200270,-58306960,72567960,-1060730,0,108542190,0,91307730,11142870,210992790,121742460,58306960,18739770,12203600,210992790
2021-08-11,5410,5468,5410,5469,39620,0.904059040590406,16812,0,-18062,1250,0,20657,0,14186,3848,38691,3845,0,32248,2598,38691,93795670,0,-100820530,7024860,0,115279770,0,79212360,21495180,215987310,21484100,0,180032890,14470320,215987310
2021-08-12,5429,5517,5429,5508,85376,0.7131102578167855,39681,-30000,-30925,21244,0,41828,0,16841,24705,83374,2147,30000,47766,3461,83374,223155630,-168600000,-174000120,119444490,0,235208130,0,94640550,138823920,468672600,12052500,168600000,268640670,19379430,468672600
2021-08-13,5527,5527,5400,5469,58143,-0.7080610021786492,9824,1000,-9888,-936,0,11591,1000,33077,11112,56780,1767,0,42965,12048,56780,54890650,5560000,-55080300,-5370350,0,64768170,5560000,185164080,62142240,317634490,9877520,0,240244380,67512590,317634490
2021-08-17,5468,5507,5400,5488,26126,0.34741268970561345,-1452,181,8467,-7196,0,5233,181,18247,1852,25513,6685,0,9780,9048,25513,-7965480,1002740,46977340,-40014600,0,29269120,1002740,101667220,10328770,142267850,37234600,0,54689880,50343370,142267850
2021-08-18,5488,5507,5439,5478,48547,-0.18221574344023322,5141,2300,-10835,3394,0,23060,2300,13386,8663,47409,17919,0,24221,5269,47409,28961180,12870000,-60883710,19052530,0,129427840,12870000,74790000,48580490,265668330,100466660,0,135673710,29527960,265668330
2021-08-19,5488,5498,5449,5449,47356,-0.529390288426433,20508,1309,-21140,-677,0,26705,1500,16058,1983,46246,6197,191,37198,2660,46246,115074860,7323490,-118594390,-3803960,0,149770880,8395000,89817140,11093120,259076140,34696020,1071510,208411530,14897080,259076140
2021-08-20,5458,5488,5439,5449,108607,0.0,7365,-25750,12608,5777,0,21988,7000,62118,14955,106061,14623,32750,49510,9178,106061,41230930,-144081820,70545840,32305050,0,122886400,39110000,347186350,83606000,592788750,81655470,183191820,276640510,51300950,592788750
2021-08-23,5478,5517,5449,5498,99695,0.8992475683611673,13336,7819,-47424,26269,0,18238,27142,22676,29302,97358,4902,19323,70100,3033,97358,75103450,43820000,-266974790,148051340,0,102731660,152601720,127672480,165122400,548128260,27628210,108781720,394647270,17071060,548128260
2021-08-24,5507,5517,5458,5498,63711,0.0,3691,33320,-29168,-7843,0,5915,33320,18585,4397,62217,2224,0,47753,12240,62217,20748750,187480600,-164176970,-44052380,0,33252520,187480600,104387990,24715710,349836820,12503770,0,268564960,68768090,349836820
2021-08-25,5498,5537,5488,5537,33898,0.7093488541287741,8048,-1000,-12440,5392,0,10815,0,15481,6807,33103,2767,1000,27921,1415,33103,45485780,-5670000,-70314740,30498960,0,61142370,0,87539330,38477130,187158830,15656590,5670000,157854070,7978170,187158830
2021-08-26,5537,5566,5517,5566,47984,0.5237493227379447,18328,-2000,-17415,1087,0,21719,0,20665,4475,46859,3391,2000,38080,3388,46859,104197660,-11360000,-99039390,6201730,0,123433640,0,117250470,25418820,266102930,19235980,11360000,216289860,19217090,266102930
2021-08-27,5556,5576,5527,5537,133749,-0.5210204814947897,43134,-15000,-36800,8666,0,49487,0,63892,17234,130613,6353,15000,100692,8568,130613,244764120,-85290000,-208925740,49451620,0,280880160,0,363375720,98094580,742350460,36116040,85290000,572301460,48642960,742350460
2021-08-30,5429,5429,5351,5391,139879,-2.6368069351634458,6525,15636,18888,-41049,0,36588,15636,75507,8868,136599,30063,0,56619,49917,136599,35898320,86088340,104299810,-226286470,0,201865010,86088340,416439100,48868300,753260750,165966690,0,312139290,275154770,753260750
2021-08-31,5419,5419,5361,5391,27807,0.0,8136,-2886,8341,-13591,0,10174,1114,14619,1248,27155,2038,4000,6278,14839,27155,44828940,-15951800,45850560,-74727700,0,56039180,6128200,80454300,6876490,149498170,11210240,22080000,34603740,81604190,149498170
2021-09-01,5410,5410,5322,5332,80342,-1.0944166202930812,-30071,3981,39520,-13430,0,16430,4514,57514,0,78458,46501,533,17994,13430,78458,-164730590,21865550,216511360,-73646320,0,89976980,24763800,315269090,0,430009870,254707570,2898250,98757730,73646320,430009870
2021-09-02,5331,5351,5322,5322,24591,-0.1875468867216804,3712,1084,2539,-7335,0,6299,1084,15427,1204,24014,2587,0,12888,8539,24014,20266390,5918640,13846350,-40031380,0,34389800,5918640,84201890,6584470,131094800,14123410,0,70355540,46615850,131094800
2021-09-03,5331,5429,5331,5400,70297,1.4656144306651635,7825,2417,-9252,-990,0,29741,4817,31029,3062,68649,21916,2400,40281,4052,68649,43089140,13400180,-51167090,-5322230,0,164349480,26686180,171483950,16946920,379466530,121260340,13286000,222651040,22269150,379466530
2021-09-06,5410,5517,5400,5459,95780,1.0925925925925926,-21113,1487,6057,13569,0,23188,1487,53709,15150,93534,44301,0,47652,1581,93534,-118408960,8272590,34186870,75949500,0,129345480,8272590,300817560,84734980,523170610,247754440,0,266630690,8785480,523170610
2021-09-07,5468,5478,5429,5469,51303,0.18318373328448434,5185,5,587,-5777,0,16792,2000,28761,2547,50100,11607,1995,28174,8324,50100,28906380,17900,3350420,-32274700,0,93854780,11150000,160767500,14237130,280009410,64948400,11132100,157417080,46511830,280009410
2021-09-08,5468,5468,5429,5459,24130,-0.18284878405558602,-2840,1000,1979,-139,0,5645,1000,13295,3624,23564,8485,0,11316,3763,23564,-15865010,5570000,11047740,-752730,0,31479420,5570000,74230580,20219400,131499400,47344430,0,63182840,20972130,131499400
2021-09-09,5458,5478,5390,5469,58552,0.18318373328448434,6080,-5257,-4982,4159,0,7224,1673,39817,8465,57179,1144,6930,44799,4306,57179,33945250,-29461140,-27742420,23258310,0,40340490,9250960,222182830,47249620,319023900,6395240,38712100,249925250,23991310,319023900
2021-09-10,5468,5468,5410,5430,35832,-0.7131102578167855,-762,1180,-871,453,0,5283,1180,22022,6507,34992,6045,0,22893,6054,34992,-4243910,6550800,-4805620,2498730,0,29347890,6550800,122479990,36170610,194549290,33591800,0,127285610,33671880,194549290
2021-09-13,5458,5458,5400,5430,42052,0.0,13127,181,-13647,339,0,24531,181,10871,5483,41066,11404,0,24518,5144,41066,72999850,1002740,-75955440,1952850,0,136351210,1002740,60312510,30475240,228141700,63351360,0,136267950,28522390,228141700
2021-09-14,5439,5439,5390,5410,46843,-0.3683241252302026,11680,0,-15369,3689,0,19672,0,19365,6708,45745,7992,0,34734,3019,45745,65011960,0,-85524390,20512430,0,109385470,0,107468050,37276310,254129830,44373510,0,192992440,16763880,254129830
2021-09-15,5410,5419,5380,5420,41064,0.18484288354898337,16133,2032,-19953,1788,0,20652,2032,12919,4498,40101,4519,0,32872,2710,40101,89371100,11246640,-110565650,9947910,0,114415790,11246640,71429950,24906500,221998880,25044690,0,181995600,14958590,221998880
2021-09-16,5419,5439,5390,5439,38845,0.3505535055350553,11742,182,-17145,5221,0,15106,182,13923,8723,37934,3364,0,31068,3502,37934,65118380,1004640,-95160410,29037390,0,83818170,1004640,77200040,48410000,210432850,18699790,0,172360450,19372610,210432850
2021-09-17,5439,5449,5390,5430,60024,-0.1654715940430226,17029,4181,-22563,1353,0,20008,4181,30721,3707,58617,2979,0,53284,2354,58617,94556170,23232740,-125312930,7524020,0,111133570,23232740,170036610,20586680,324989600,16577400,0,295349540,13062660,324989600
2021-09-23,5429,5458,5390,5449,110464,0.34990791896869244,44847,0,-38585,-6262,0,54101,0,40547,13226,107874,9254,0,79132,19488,107874,249753010,0,-215024580,-34728430,0,301302850,0,225031120,73496270,599830240,51549840,0,440055700,108224700,599830240
2021-09-24,5429,5507,5429,5498,139729,0.8992475683611673,-7304,-1000,12420,-4116,0,20291,0,89638,26524,136453,27595,1000,77218,30640,136453,-40305290,-5580000,68717740,-22832450,0,114042450,0,501637910,148770660,764451020,154347740,5580000,432920170,171603110,764451020
2021-09-27,5507,5517,5429,5478,71759,-0.36376864314296103,4463,-7873,12149,-8739,0,7314,7127,45531,10105,70077,2851,15000,33382,18844,70077,24917230,-43701400,67949250,-49165080,0,40976030,40112800,255737200,56612030,393438060,16058800,83814200,187787950,105777110,393438060
2021-09-28,5478,5605,5478,5605,267087,2.3183643665571374,-48555,152682,-103564,-563,0,9703,172682,17343,61097,260825,58258,20000,120907,61660,260825,-276142030,866867160,-589158230,-1566900,0,55589070,980917160,98968920,348710490,1484185640,331731100,114050000,688127150,350277390,1484185640
2021-09-29,5566,5693,5371,5664,127960,1.0526315789473684,7828,52949,-56150,-4627,0,18850,52949,28143,25018,124960,11022,0,84293,29645,124960,45542850,306746960,-325335980,-26953830,0,109236620,306746960,162513660,144690560,723187800,63693770,0,487849640,171644390,723187800
2021-09-30,5683,5683,5576,5664,42629,0.0,14066,5040,1067,-20173,0,20556,5040,15548,486,41630,6490,0,14481,20659,41630,81328380,29112340,5985840,-116426560,0,118913540,29112340,89615100,2789640,240430620,37585160,0,83629260,119216200,240430620
2021-10-01,5654,5664,5615,5664,358343,0.0,14956,40230,-26039,-29147,0,22894,314850,7972,4225,349941,7938,274620,34011,33372,349941,86555260,232606180,-150577070,-168584370,0,132429310,1825394180,46051790,24425180,2028300460,45874050,1592788000,196628860,193009550,2028300460
2021-10-05,5644,5654,5595,5615,46431,-0.8651129943502824,23852,-5129,-2560,-16163,0,28036,1077,14772,1457,45342,4184,6206,17332,17620,45342,137597690,-29528460,-14925100,-93144130,0,161737320,6208290,85071510,8400050,261417170,24139630,35736750,99996610,101544180,261417170
2021-10-06,5644,5644,5380,5527,72840,-1.5672306322350844,31763,-1800,-6919,-23044,0,38629,3000,26358,3145,71132,6866,4800,33277,26189,71132,180118930,-10183510,-38892730,-131042690,0,219169670,16920000,150170010,17744660,404004340,39050740,27103510,189062740,148787350,404004340
2021-10-07,5527,5624,5488,5605,80372,1.411253844762077,3590,40966,-16392,-28164,0,18145,46000,7257,7086,78488,14555,5034,23649,35250,78488,20445350,233474320,-94205480,-159714190,0,103394910,262234480,41055560,40456210,447141160,82949560,28760160,135261040,200170400,447141160
2021-10-08,5615,5615,5537,5576,37177,-0.5173951828724354,21421,-1000,-6149,-14272,0,25211,0,10476,618,36305,3790,1000,16625,14890,36305,122219130,-5730000,-35067640,-81421490,0,143823120,0,59769310,3526380,207118810,21603990,5730000,94836950,84947870,207118810
2021-10-12,5585,5595,5507,5566,80796,-0.1793400286944046,-3518,40000,-22916,-13566,0,17869,42000,9769,9264,78902,21387,2000,32685,22830,78902,-20046460,227565270,-130469110,-77049700,0,102154470,238995270,55550390,52793680,449493810,122200930,11430000,186019500,129843380,449493810
2021-10-13,5595,5595,5546,5557,50113,-0.16169601149838303,13931,-7446,1313,-7798,0,19215,15375,7389,6959,48938,5284,22821,6076,14757,48938,79396550,-42512200,7462490,-44346840,0,109522060,87547500,42077680,39650520,278797760,30125510,130059700,34615190,83997360,278797760
2021-10-14,5546,5566,5537,5547,44731,-0.17995321216483715,25266,1000,-22515,-3751,0,30539,1000,7524,4619,43682,5273,0,30039,8370,43682,143823030,5680000,-128178600,-21324430,0,173868300,5680000,42795780,26278760,248622840,30045270,0,170974380,47603190,248622840
2021-10-15,5556,5595,5498,5586,73939,0.7030827474310438,21766,-7934,-4071,-9761,0,38884,1650,14079,17592,72205,17118,9584,18150,27353,72205,123892010,-45101140,-23220730,-55570140,0,221625300,9337000,79893460,99979870,410835630,97733290,54438140,103114190,155550010,410835630
2021-10-18,5585,5605,5546,5596,79064,0.17901897601145722,19581,-8797,-12677,1893,0,32590,1200,27710,15710,77210,13009,9997,40387,13817,77210,111869060,-50176280,-72675730,10982950,0,186376300,6832000,158033330,89869120,441110750,74507240,57008280,230709060,78886170,441110750
2021-10-19,5644,5790,5585,5674,142772,1.3938527519656898,-26937,-1301,-4560,32798,0,39823,320,40610,58672,139425,66760,1621,45170,25874,139425,-156458860,-7432540,-26924360,190815760,0,231609150,1872000,236392380,341257720,811131250,388068010,9304540,263316740,150441960,811131250
2021-10-20,5683,5761,5673,5752,65547,1.3746915756080367,-19761,1500,3620,14641,0,18771,1500,27297,16442,64010,38532,0,23677,1801,64010,-116084670,8715000,21753550,85616120,0,109763020,8715000,160107830,96190520,374776370,225847690,0,138354280,10574400,374776370
2021-10-21,5751,5849,5419,5771,129222,0.33031988873435325,17980,2170,8307,-28457,0,54035,2170,38835,31152,126192,36055,0,30528,59609,126192,105958290,12736200,49041570,-167736060,0,319319210,12736200,227619230,184488440,744163080,213360920,0,178577660,352224500,744163080
2021-10-22,5771,5781,5683,5693,58628,-1.3515855137757755,17407,139,6931,-24477,0,25745,172,29449,1887,57253,8338,33,22518,26364,57253,102129200,810370,40687210,-143626780,0,150874120,1002760,172721960,11131220,335730060,48744920,192390,132034750,154758000,335730060
2021-10-25,5693,5703,5634,5703,32931,0.17565431231336728,15000,-2989,-3852,-8159,0,25186,500,5020,1453,32159,10186,3489,8872,9612,32159,87255850,-17440870,-22369360,-47445620,0,146619020,2900000,29103140,8431220,187053380,59363170,20340870,51472500,55876840,187053380
2021-10-26,5703,5712,5673,5713,34720,0.1753463089601964,16469,1677,-10232,-7914,0,21618,4077,8196,15,33906,5149,2400,18428,7929,33906,96021680,9802680,-59680760,-46143600,0,126081510,23794680,47803990,87600,197767780,30059830,13992000,107484750,46231200,197767780
2021-10-27,5712,5761,5693,5762,26403,0.8576929809207071,2828,-700,2092,-4220,0,13104,0,12038,642,25784,10276,700,9946,4862,25784,16600490,-4123000,12364570,-24842060,0,76938150,0,70804920,3756980,151500050,60337660,4123000,58440350,28599040,151500050
2021-10-28,5781,5790,5751,5771,22644,0.15619576535925028,8922,1473,-7160,-3235,0,11264,2823,6892,1134,22113,2342,1350,14052,4369,22113,52660150,8699850,-42258340,-19101660,0,66493700,16678350,40719690,6690700,130582440,13833550,7978500,82978030,25792360,130582440
2021-10-29,5771,5790,5693,5742,55958,-0.5025125628140703,-1522,2479,11556,-12513,0,32555,2979,17692,1420,54646,34077,500,6136,13933,54646,-9071600,14623100,67928200,-73479700,0,191925960,17573100,104162590,8374860,322036510,200997560,2950000,36234390,81854560,322036510
2021-11-01,5742,5761,5703,5732,54721,-0.17415534656913967,7629,-2524,-10810,5705,0,17799,0,23320,12319,53438,10170,2524,34130,6614,53438,44927270,-14873810,-63634630,33581170,0,104710970,0,136885750,72431860,314028580,59783700,14873810,200520380,38850690,314028580
2021-11-02,5732,5761,5673,5762,74049,0.52337752965806,-7972,-29526,22292,15206,0,17505,171,37083,17554,72313,25477,29697,14791,2348,72313,-46858340,-174106820,131313690,89651470,0,103193140,1005480,218351510,103463600,426013730,150051480,175112300,87037820,13812130,426013730
2021-11-03,5761,5761,5683,5703,72201,-1.023950017355085,-11831,5871,6374,-414,0,17612,5871,36522,10503,70508,29443,0,30148,10917,70508,-69177970,34281770,37346940,-2450740,0,102701970,34281770,213712500,61372860,412069100,171879940,0,176365560,63823600,412069100
2021-11-04,5703,5722,5673,5723,60203,0.3506926179203928,547,6772,-7009,-310,0,18921,7679,21811,10381,58792,18374,907,28820,10691,58792,3238220,39632010,-41048760,-1821470,0,110529380,44938890,127424400,60594290,343486960,107291160,5306880,168473160,62415760,343486960
2021-11-05,5742,5751,5703,5752,42787,0.5067272409575397,5719,6356,-15994,3919,0,17784,6776,12171,5053,41784,12065,420,28165,1134,41784,33373980,37281660,-93655030,22999390,0,104117960,39751260,71382130,29655520,244906870,70743980,2469600,165037160,6656130,244906870
2021-11-08,5761,5781,5712,5771,103388,0.33031988873435325,4618,9712,-26318,11988,0,33459,10212,40770,16523,100964,28841,500,67088,4535,100964,27594450,57106200,-155323160,70622510,0,197105640,60061200,240296430,97298960,594762230,169511190,2955000,395619590,26676450,594762230
2021-11-09,5722,5771,5712,5742,105597,-0.5025125628140703,28275,-43072,2191,12606,0,49883,21791,17484,13963,103121,21608,64863,15293,1357,103121,166733480,-253779450,12777320,74268650,0,294001590,128207780,102891130,82257380,607357880,127268110,381987230,90113810,7988730,607357880
2021-11-10,5742,5761,5703,5732,66187,-0.17415534656913967,-3256,-4305,-129,7690,0,35919,173,16097,12446,64635,39175,4478,16226,4756,64635,-18630630,-25400710,-992910,45024250,0,211090020,1015490,94397990,73009180,379512680,229720650,26416200,95390900,27984930,379512680
2021-11-11,5742,5761,5683,5752,75001,0.34891835310537334,14858,-11170,-8606,4918,0,48388,172,12645,12038,73243,33530,11342,21251,7120,73243,87126420,-65913320,-50270320,29057220,0,283646720,1004480,74197360,70806810,429655370,196520300,66917800,124467680,41749590,429655370
2021-11-12,5703,5761,5703,5752,16430,0.0,2738,-10043,8923,-1618,0,2968,185,9733,3159,16045,230,10228,810,4777,16045,16121940,-59087170,52487860,-9522630,0,17476640,1082830,57249520,18607430,94416420,1354700,60170000,4761660,28130060,94416420
2021-11-15,5751,5761,5712,5762,42721,0.17385257301808069,31520,-33649,3119,-990,0,31520,1253,7513,1433,41719,0,34902,4394,2423,41719,185527090,-198102220,18379260,-5804130,0,185527090,7330090,44194740,8435220,245487140,0,205432310,25815480,14239350,245487140
2021-11-16,5732,5761,5712,5742,66737,-0.3471017007983339,5077,-8266,-10388,13577,0,25590,5721,18724,15137,65172,20513,13987,29112,1560,65172,29996720,-48926950,-60934810,79865040,0,150518830,33596350,110216220,89052560,383383960,120522110,82523300,171151030,9187520,383383960
2021-11-17,5742,5742,5654,5703,95750,-0.6792058516196446,-22706,18753,3897,56,0,34300,18753,32124,8328,93505,57006,0,28227,8272,93505,-132551170,109666320,22498210,386640,0,200003600,109666320,187061830,48633880,545365630,332554770,0,164563620,48247240,545365630
2021-11-18,5693,5703,5654,5703,51968,0.0,2267,4401,-15881,9213,0,17201,4401,15012,14136,50750,14934,0,30893,4923,50750,13057570,25608920,-92214170,53547680,0,100103960,25608920,87258330,82188240,295159450,87046390,0,179472500,28640560,295159450
2021-11-19,5693,5751,5683,5723,56555,0.3506926179203928,-20170,2369,3688,14113,0,18458,2369,17525,16877,55229,38628,0,13837,2764,55229,-117992760,13801270,21698430,82493060,0,107849920,13801270,103026940,98669240,323347370,225842680,0,81328510,16176180,323347370
2021-11-22,5742,5761,5703,5713,52788,-0.17473353136466888,12201,3181,-11957,-3425,0,27747,3181,19669,953,51550,15546,0,31626,4378,51550,71513670,18598850,-69989380,-20123140,0,162580330,18598850,115492390,5581710,302253280,91066660,0,185481770,25704850,302253280
2021-11-23,5751,5751,5703,5752,15379,0.6826535970593384,-3971,1564,-1582,3989,0,4177,1564,4923,4354,15018,8148,0,6505,365,15018,-23249080,9145470,-9281340,23384950,0,24459800,9145470,28833930,25527880,87967080,47708880,0,38115270,2142930,87967080
2021-11-24,5761,5771,5712,5752,77700,0.0,8764,-13267,-15317,19820,0,32986,2581,20295,20016,75878,24222,15848,35612,196,75878,51866520,-78290410,-90402310,116826200,0,194317930,15149930,119669200,117979110,447116170,142451410,93440340,210071510,1152910,447116170
2021-11-25,5751,5761,5703,5762,62058,0.17385257301808069,30337,-1843,-8092,-20402,0,47580,367,12656,0,60603,17243,2210,20748,20402,60603,178278080,-10886420,-47740540,-119651120,0,279675230,2152580,74337350,0,356165160,101397150,13039000,122077890,119651120,356165160
2021-11-26,5761,5761,5673,5723,42107,-0.6768483165567512,15725,171,-10729,-5167,0,18593,171,21279,1077,41120,2868,0,32008,6244,41120,92108800,1002060,-62839640,-30271220,0,108933260,1002060,124497820,6277940,240711080,16824460,0,187337460,36549160,240711080
2021-11-29,5722,5722,5576,5703,45052,-0.34946706272933775,15868,1863,-9688,-8043,0,34179,1873,7926,18,43996,18311,10,17614,8061,43996,92511270,10903630,-56550980,-46863920,0,199266830,10961930,45919780,104400,256252940,106755560,58300,102470760,46968320,256252940
2021-11-30,5732,5742,5566,5576,101092,-2.226898123794494,169,1172,4016,-5357,0,25291,1173,69760,2498,98722,25122,1,65744,7855,98722,720110,6759330,23374180,-30853620,0,145758920,6765130,403203840,14493250,570221140,145038810,5800,379829660,45346870,570221140
2021-12-01,5537,5673,5537,5605,35417,0.5200860832137733,11325,3482,-14160,-647,0,13805,3482,9289,8011,34587,2480,0,23449,8658,34587,65219650,19945330,-81486510,-3678470,0,79505010,19945330,53425750,46100610,198976700,14285360,0,134912260,49779080,198976700
2021-12-02,5615,5683,5605,5644,26859,0.695807314897413,-6144,174,-5884,11854,0,1536,174,10363,14156,26229,7680,0,16247,2302,26229,-35710240,1003980,-34023160,68729420,0,8874590,1003980,59825130,81999380,151703080,44584830,0,93848290,13269960,151703080
2021-12-03,5644,5673,5615,5635,35253,-0.15946137491141033,9568,2174,-5808,-5934,0,13401,2174,12637,6214,34426,3833,0,18445,12148,34426,55350320,12524600,-33569280,-34305640,0,77488730,12524600,73037400,35895460,198946190,22138410,0,106606680,70201100,198946190
2021-12-06,5664,5673,5615,5664,31800,0.5146406388642414,-1253,542,2492,-1781,0,11123,542,16398,2991,31054,12376,0,13906,4772,31054,-7202630,3118240,14346000,-10261610,0,64227740,3118240,94529390,17249880,179125250,71430370,0,80183390,27511490,179125250
2021-12-07,5664,5664,5595,5625,37841,-0.6885593220338982,-82,-868,9114,-8164,0,10472,2132,24322,28,36954,10554,3000,15208,8192,36954,-386560,-4981000,52353510,-46985950,0,60450720,12269000,140129080,161560,213010360,60837280,17250000,87775570,47147510,213010360
2021-12-08,5624,5624,5566,5605,33903,-0.35555555555555557,6653,5000,-10254,-1399,0,12137,5000,15786,185,33108,5484,0,26040,1584,33108,38109870,28600000,-58691130,-8018740,0,69617240,28600000,90524350,1056350,189797940,31507370,0,149215480,9075090,189797940
2021-12-09,5605,5605,5566,5605,18372,0.0,-1465,2106,-3301,2660,0,1853,2876,7646,5566,17941,3318,770,10947,2906,17941,-8364290,12058160,-19030130,15336260,0,10620680,16477960,43759860,31948840,102807340,18984970,4419800,62789990,16612580,102807340
2021-12-10,5595,5624,5585,5605,16109,0.0,3275,1500,-4339,-436,0,7543,1500,6688,0,15731,4268,0,11027,436,15731,18772680,8590000,-24857980,-2504700,0,43303750,8590000,38337740,0,90231490,24531070,0,63195720,2504700,90231490
2021-12-13,5615,5615,5566,5615,18205,0.17841213202497772,7370,-133,-6157,-1080,0,9520,164,8056,38,17778,2150,297,14213,1118,17778,42338530,-763730,-35373670,-6201130,0,54679530,938080,46102690,216980,101937280,12341000,1701810,81476360,6418110,101937280
2021-12-14,5624,5624,5576,5615,8932,0.0,4776,0,-1802,-2974,0,6699,0,2019,5,8723,1923,0,3821,2979,8723,27416360,0,-10357180,-17059180,0,38473610,0,11592730,28700,50095040,11057250,0,21949910,17087880,50095040
2021-12-15,5624,5624,5576,5596,12657,-0.3383793410507569,5809,500,-4372,-1937,0,7649,500,4206,5,12360,1840,0,8578,1942,12360,33287750,2855000,-25045130,-11097620,0,43811130,2855000,24070440,28650,70765220,10523380,0,49115570,11126270,70765220
2021-12-16,5615,5644,5595,5625,15660,0.5182273052180129,9452,200,-9813,161,0,11671,200,1989,1433,15293,2219,0,11802,1272,15293,54465270,1152000,-56553740,936470,0,67247020,1152000,11426270,8250410,88075700,12781750,0,67980010,7313940,88075700
2021-12-17,5644,5683,5624,5644,35988,0.3377777777777778,15485,-774,-26270,11559,0,16042,0,7115,11987,35144,557,774,33385,428,35144,89522300,-4465980,-152014830,66958510,0,92739130,0,41157180,69430100,203326410,3216830,4465980,193172010,2471590,203326410
2021-12-20,5703,5703,5605,5644,23491,0.0,4417,2986,-4648,-2755,0,5768,3000,14172,0,22940,1351,14,18820,2755,22940,25453330,17159080,-26721730,-15890680,0,33235790,17240000,81756690,0,132232480,7782460,80920,108478420,15890680,132232480
2021-12-21,5664,5664,5605,5625,12087,-0.33664068036853295,2504,2001,-2367,-2138,0,3405,2001,6398,0,11804,901,0,8765,2138,11804,14442730,11505770,-13628840,-12319660,0,19645970,11505770,36819650,0,67971390,5203240,0,50448490,12319660,67971390
2021-12-22,5624,5664,5605,5664,10589,0.6933333333333334,-1770,4182,-1451,-961,0,1532,4285,4373,151,10341,3302,103,5824,1112,10341,-10262740,24194720,-8373400,-5558580,0,8866240,24791090,25311060,869760,59838150,19128980,596370,33684460,6428340,59838150
2021-12-23,5664,5712,5624,5703,21721,0.6885593220338982,1837,2979,-6326,1510,0,3168,2980,12752,2312,21212,1331,1,19078,802,21212,10745760,17386010,-36857690,8725920,0,18488570,17391840,73817210,13409600,123107220,7742810,5830,110674900,4683680,123107220
2021-12-24,5732,5732,5693,5703,30949,0.0,3634,350,-3150,-834,0,11122,350,18750,1,30223,7488,0,21900,835,30223,21243330,2047500,-18419110,-4871720,0,64983920,2047500,109571730,5840,176608990,43740590,0,127990840,4877560,176608990
2021-12-27,5742,5742,5664,5693,52383,-0.1753463089601964,-4127,217,5696,-1786,0,17959,221,31524,1451,51155,22086,4,25828,3237,51155,-24330280,1260770,33540100,-10470590,0,105274600,1284010,184667850,8480720,299707180,129604880,23240,151127750,18951310,299707180
2021-12-28,5693,5742,5654,5693,30044,0.0,12609,477,-11200,-1886,0,19331,2000,7718,291,29340,6722,1523,18918,2177,29340,73813890,2669990,-65440860,-11043020,0,113202520,11610000,44947160,1696530,171456210,39388630,8940010,110388020,12739550,171456210
2021-12-29,5693,5761,5664,5762,24990,1.2120147549622344,14159,-30,-14521,392,0,18118,0,4707,1579,24404,3959,30,19228,1187,24404,83439440,-175850,-85506350,2242760,0,106541890,0,27535920,9215970,143293780,23102450,175850,113042270,6973210,143293780
2021-12-30,5761,5761,5664,5742,29041,-0.3471017007983339,12664,-4,-13392,732,0,18299,0,7841,2220,28360,5635,4,21233,1488,28360,74498910,-23420,-78769870,4294380,0,107431520,0,45952780,13037210,166421510,32932610,23420,124722650,8742830,166421510
2022-01-03,5761,5761,5693,5732,42823,-0.17415534656913967,7261,-4,-3718,-3539,0,26291,0,15160,368,41819,19030,4,18878,3907,41819,42534230,-23370,-21808120,-20702740,0,153809970,0,88621490,2156480,244587940,111275740,23370,110429610,22859220,244587940
2022-01-04,5732,5732,5605,5625,151787,-1.8667131891137472,-26318,11486,8615,6217,0,56379,11486,69931,10432,148228,82697,0,61316,4215,148228,-152132210,66331800,49863960,35936450,0,326347020,66331800,404233020,60320970,857232810,478479230,0,354369060,24384520,857232810
2022-01-05,5595,5683,5595,5654,47835,0.5155555555555555,6842,1998,-10001,1161,0,33560,2000,8308,2845,46713,26718,2,18309,1684,46713,39727460,11588420,-58050620,6734740,0,194592560,11600000,48118070,16493860,270804490,154865100,11580,106168690,9759120,270804490
2022-01-06,5654,5664,5595,5615,47407,-0.6897771489211179,-10635,500,7496,2639,0,21196,500,19634,4966,46296,31831,0,12138,2327,46296,-61351530,2885000,43230990,15235540,0,122071900,2885000,113242400,28651430,266850730,183423430,0,70011410,13415890,266850730
2022-01-07,5654,5654,5566,5605,78606,-0.17809439002671415,-30891,3320,29949,-2378,0,29237,3600,40643,3283,76763,60128,280,10694,5661,76763,-176597320,19044000,171209110,-13655790,0,167427790,20654000,232623470,18737820,439443080,344025110,1610000,61414360,32393610,439443080
2022-01-10,5624,5634,5556,5605,69098,0.0,-5341,6234,-6114,5221,0,40734,6234,13435,7075,67478,46075,0,19549,1854,67478,-30470490,35690820,-35006970,29786640,0,232989750,35690820,76782920,40441480,385904970,263460240,0,111789890,10654840,385904970
2022-01-11,5605,5644,5546,5557,64672,-0.856378233719893,-10321,3001,756,6564,0,22155,3001,31436,6564,63156,32476,0,30680,0,63156,-59067880,17085700,4533460,37448720,0,126444940,17085700,179796350,37448720,360775710,185512820,0,175262890,0,360775710
2022-01-12,5605,5605,5527,5576,60476,0.34191110311319056,-3827,1917,3654,-1744,0,20156,1917,35338,1647,59058,23983,0,31684,3391,59058,-21768720,10890220,20836470,-9957970,0,114741580,10890220,200757430,9364390,335753620,136510300,0,179920960,19322360,335753620
2022-01-13,5576,5585,5498,5518,65769,-1.0401721664275465,25378,8000,-34630,1252,0,34682,8000,17872,3673,64227,9304,0,52502,2421,64227,144124200,45280000,-196452080,7047880,0,197258130,45280000,101397260,20852230,364787620,53133930,0,297849340,13804350,364787620
2022-01-14,5546,5566,5517,5537,22441,0.3443276549474447,492,0,1126,-1618,0,6116,0,15787,12,21915,5624,0,14661,1630,21915,2748680,0,6409090,-9157770,0,34747080,0,89662650,68160,124477890,31998400,0,83253560,9225930,124477890
2022-01-17,5566,5566,5498,5518,43839,-0.3431461080007224,13717,-18574,8876,-4019,0,18474,1600,22152,585,42811,4757,20174,13276,4604,42811,77396080,-104833910,50089870,-22652040,0,104272650,9020000,125023190,3305250,241621090,26876570,113853910,74933320,25957290,241621090
2022-01-18,5507,5546,5488,5518,41594,0.0,11707,-14449,-854,3596,0,12357,7621,15758,4883,40619,650,22070,16612,1287,40619,66085260,-81736800,-4664480,20316020,0,69757790,42991070,89024540,27553570,229326970,3672530,124727870,93689020,7237550,229326970
2022-01-19,5566,5566,5478,5527,16600,0.16310257339615802,494,0,-540,46,0,6798,0,7636,1777,16211,6304,0,8176,1731,16211,2730420,0,-2959870,229450,0,38220650,0,42989310,10004510,91214470,35490230,0,45949180,9775060,91214470
2022-01-20,5527,5537,5468,5527,43556,0.0,4840,4020,-8962,102,0,17971,5120,16286,3158,42535,13131,1100,25248,3056,42535,27238250,22516200,-50348670,594220,0,101308900,28712000,91640520,17784630,239446050,74070650,6195800,141989190,17190410,239446050
2022-01-21,5566,5595,5507,5596,28875,1.248416862674145,9639,-1512,-9128,1001,0,22557,0,4169,1472,28198,12918,1512,13297,471,28198,54742230,-8547800,-51940780,5746350,0,127918380,0,23575060,8409440,159902880,73176150,8547800,75515840,2663090,159902880
2022-01-24,5556,5595,5517,5527,59839,-1.233023588277341,-474,1052,-7324,6746,0,33540,1052,14298,9546,58436,34014,0,21622,2800,58436,-2720290,5943800,-41658360,38434850,0,190530110,5943800,81394610,54337020,332205540,193250400,0,123052970,15902170,332205540
2022-01-25,5566,5566,5449,5449,71067,-1.411253844762077,-12045,3499,10891,-2345,0,22883,4000,36534,5984,69401,34928,501,25643,8329,69401,-67595360,19609390,61242240,-13256270,0,128572760,22430000,204946400,33600230,389549390,196168120,2820610,143704160,46856500,389549390
2022-01-26,5517,5546,5449,5527,73045,1.4314553129014498,32811,1006,-42297,8480,0,47598,1006,13226,9502,71332,14787,0,55523,1022,71332,184954680,5633680,-238238550,47650190,0,268241430,5633680,74074660,53437600,401387370,83286750,0,312313210,5787410,401387370
2022-01-27,5546,5556,5498,5518,46207,-0.162836982087932,19570,1,-20358,787,0,33938,1,5240,5945,45124,14368,0,25598,5158,45124,110593980,5660,-115053010,4453370,0,191912440,5660,29641170,33608580,255167850,81318460,0,144694180,29155210,255167850
2022-01-28,5498,5537,5468,5488,51581,-0.5436752446538601,4737,8904,-9282,-4359,0,17146,11200,19626,2400,50372,12409,2296,28908,6759,50372,26584580,50041560,-52082710,-24543430,0,96576170,62945080,110470730,13545790,283537770,69991590,12903520,162553440,38089220,283537770
2022-02-03,5517,5566,5498,5518,103144,0.5466472303206997,39506,-18581,-17274,-3651,0,47571,9191,28598,15366,100726,8065,27772,45872,19017,100726,223486730,-105310400,-97629760,-20546570,0,269282840,51817240,161711020,86884830,569695930,45796110,157127640,259340780,107431400,569695930
2022-02-04,5517,5546,5498,5518,115397,0.0,25913,-15275,-36913,26275,0,30542,4830,46433,30886,112691,4629,20105,83346,4611,112691,146469790,-86411800,-208601850,148543860,0,172623570,27251500,262332500,174564500,636772070,26153780,113663300,470934350,26020640,636772070
2022-02-07,5517,5556,5507,5547,176881,0.5255527364987314,27787,-20005,-65119,57337,0,49622,11711,47226,64175,172734,21835,31716,112345,6838,172734,157376180,-113533380,-368152710,324309910,0,280915600,66129150,266865520,362947030,976857300,123539420,179662530,635018230,38637120,976857300
2022-02-08,5566,5615,5537,5566,106764,0.34252749233820085,32325,-25328,-22577,15580,0,48535,4522,21284,29920,104261,16210,29850,43861,14340,104261,184573620,-144440240,-128904290,88770910,0,276868350,25730490,120983050,170308170,593890060,92294730,170170730,249887340,81537260,593890060
2022-02-09,5595,5664,5566,5664,78953,1.760689902982393,8864,-7203,-11001,9340,0,28758,106,30011,18227,77102,19894,7309,41012,8887,77102,51186870,-41273490,-63660710,53747330,0,165553880,607080,172314180,104839880,443315020,114367010,41880570,235974890,51092550,443315020
2022-02-10,5664,5693,5615,5684,46847,0.3531073446327684,24126,-147,-26581,2602,0,27266,10,9209,9264,45749,3140,157,35790,6662,45749,140005070,-852910,-154085660,14933500,0,158191070,57600,53202550,53550910,265002130,18186000,910510,207288210,38617410,265002130
2022-02-11,5693,5722,5664,5713,64733,0.5102040816326531,2245,-8568,8364,-2041,0,23803,0,27047,12365,63215,21558,8568,18683,14406,63215,13302540,-50142760,48668630,-11828410,0,139113160,0,157784840,72162400,369060400,125810620,50142760,109116210,83990810,369060400
2022-02-14,5693,5703,5615,5684,69095,-0.5076142131979695,33528,-6970,-27046,488,0,36583,30,13657,17205,67475,3055,7000,40703,16717,67475,195563210,-40685900,-157722240,2844930,0,213359890,174100,79546000,100210540,393290530,17796680,40860000,237268240,97365610,393290530
2022-02-15,5703,5712,5664,5693,56173,0.15833919774806474,18244,-4508,-14824,1088,0,23563,2,20165,11126,54856,5319,4510,34989,10038,54856,106524880,-26281630,-86664970,6421720,0,137555250,11670,117379920,64881640,319828480,31030370,26293300,204044890,58459920,319828480
2022-02-16,5654,5722,5654,5713,66728,0.35130862462673457,21393,-4990,-41647,25244,0,28919,10,10729,25506,65164,7526,5000,52376,262,65164,125201480,-29221500,-243530760,147550780,0,169222360,58500,62676570,149080860,381038290,44020880,29280000,306207330,1530080,381038290
2022-02-17,5712,5771,5693,5742,102923,0.5076142131979695,9208,-8990,-24236,24018,0,35213,10,38106,27181,100510,26005,9000,62342,3163,100510,54031470,-52881200,-142362400,141212130,0,206884380,58800,224007870,159773550,590724600,152852910,52940000,366370270,18561420,590724600
2022-02-18,5732,5761,5722,5752,19994,0.17415534656913967,1566,1210,-337,-2439,0,4206,1210,11055,3054,19525,2640,0,11392,5493,19525,9230300,7107800,-1990010,-14348090,0,24748340,7107800,64977250,17956400,114789790,15518040,0,66967260,32304490,114789790
2022-02-21,5742,5771,5673,5752,72778,0.0,16932,11300,-29297,1065,0,21096,11300,17276,21400,71072,4164,0,46573,20335,71072,99716770,66388000,-172423060,6318290,0,124272160,66388000,101487640,125974780,418122580,24555390,0,273910700,119656490,418122580
2022-02-22,5761,5761,5693,5703,154709,-0.8518776077885953,3698,60010,-52270,-11438,0,22893,60010,65878,2301,151082,19195,0,118148,13739,151082,21662340,351818400,-306417810,-67062930,0,134521950,351818400,386016840,13506940,885864130,112859610,0,692434650,80569870,885864130
2022-02-23,5742,5751,5683,5693,125048,-0.1753463089601964,3513,46501,-62085,12071,0,18017,54534,28151,21414,122116,14504,8033,90236,9343,122116,20414690,271809480,-362817410,70593240,0,105204150,318743220,164718260,125220530,713886160,84789460,46933740,527535670,54627290,713886160
2022-02-24,5683,5732,5683,5713,120325,0.35130862462673457,4143,21895,-19867,-6171,0,20387,23065,58238,15814,117504,16244,1170,78105,21985,117504,24231460,127983050,-116241900,-35972610,0,119130090,134827550,340164140,92408160,686529940,94898630,6844500,456406040,128380770,686529940
2022-02-25,5556,5624,5556,5615,135508,-1.7153859618414142,4595,495,-32782,27692,0,38982,4800,49387,39162,132331,34387,4305,82169,11470,132331,27005100,2874550,-188724290,158844640,0,223527670,27370000,282765460,224531070,758194200,196522570,24495450,471489750,65686430,758194200
2022-02-28,5624,5624,5585,5596,17255,-0.3383793410507569,10601,12,-6900,-3713,0,11449,12,5093,296,16850,848,0,11993,4009,16850,60659020,68760,-39465390,-21262390,0,65515980,68760,29189410,1696080,96470230,4856960,0,68654800,22958470,96470230
2022-03-02,5615,5654,5566,5654,47484,1.0364546104360257,30804,1000,-20732,-11072,0,36133,1000,9101,137,46371,5329,0,29833,11209,46371,177253910,5710000,-119568510,-63395400,0,208014570,5710000,52006880,793230,266524680,30760660,0,171575390,64188630,266524680
2022-03-03,5673,5673,5624,5625,50563,-0.5129112133003184,12182,90,-10510,-1762,0,38468,90,7365,3455,49378,26286,0,17875,5217,49378,70596670,519700,-60884980,-10231390,0,222820280,519700,42693940,20006130,286040050,152223610,0,103578920,30237520,286040050
2022-03-04,5654,5673,5634,5654,39585,0.5155555555555555,14458,663,-17580,2459,0,30852,1663,1390,4752,38657,16394,1000,18970,2293,38657,83860720,3852120,-101943630,14230790,0,178846190,9645400,8038250,27510560,224040400,94985470,5793280,109981880,13279770,224040400
2022-03-07,5673,5673,5605,5605,28169,-0.8666430845419172,9168,-2836,-4896,-1436,0,19622,1507,6210,170,27509,10454,4343,11106,1606,27509,52634750,-16256570,-28089210,-8288970,0,112675850,8710160,35733710,978790,158098510,60041100,24966730,63822920,9267760,158098510
2022-03-08,5605,5664,5585,5644,43083,0.695807314897413,20431,675,-15717,-5389,0,36384,1675,3805,209,42073,15953,1000,19522,5598,42073,118226520,3868040,-90990210,-31104350,0,210613470,9668040,21894900,1209860,243386270,92386950,5800000,112885110,32314210,243386270
2022-03-10,5664,5673,5644,5664,42799,0.3543586109142452,22064,-1265,-22722,1923,0,33966,1735,3670,2425,41796,11902,3000,26392,502,41796,128095170,-7347000,-131907580,11159410,0,197212400,10063000,21295390,14071010,242641800,69117230,17410000,153202970,2911600,242641800
2022-03-11,5693,5693,5673,5684,42973,0.3531073446327684,12026,5482,-20163,2655,0,22596,8293,7396,3680,41965,10570,2811,27559,1025,41965,70091670,31955580,-117523030,15475780,0,131618280,48315600,43060410,21435190,244429480,61526610,16360020,160583440,5959410,244429480
2022-03-14,5712,5771,5654,5723,76717,0.6861365235749473,16091,1761,-36940,19088,0,44196,1763,6927,22032,74918,28105,2,43867,2944,74918,94311480,10256030,-216454880,111887370,0,258899250,10267770,40490850,129069540,438727410,164587770,11740,256945730,17182170,438727410
2022-03-15,5703,5790,5693,5752,58921,0.5067272409575397,31306,-1745,-30393,832,0,46400,55,5799,5286,57540,15094,1800,36192,4454,57540,184813870,-10342250,-179453000,4981380,0,273608230,321750,34199480,31164850,339294310,88794360,10664000,213652480,26183470,339294310
2022-03-16,5771,5781,5722,5771,94532,0.33031988873435325,45670,392,-47593,1531,0,59688,2169,24026,6433,92316,14018,1777,71619,4902,92316,269531140,2293290,-280852910,9028480,0,352202050,12776340,141626900,37905630,544510920,82670910,10483050,422479810,28877150,544510920
2022-03-17,5761,5781,5722,5762,32347,-0.15595217466643563,25664,652,-25576,-740,0,25888,652,1737,3312,31589,224,0,27313,4052,31589,151624670,3852180,-151168080,-4308770,0,152948650,3852180,10230020,19592410,186623260,1323980,0,161398100,23901180,186623260
2022-03-18,5781,5790,5742,5791,34966,0.5032974661575842,-1844,0,-20541,22385,0,4382,0,6390,23374,34146,6226,0,26931,989,34146,-10883310,0,-121626130,132509440,0,25869990,0,37699670,138352510,201922170,36753300,0,159325800,5843070,201922170
2022-03-21,5790,5810,5761,5762,17200,-0.5007770678639268,10176,-287,-12791,2902,0,10189,713,2983,2912,16797,13,1000,15774,10,16797,60305060,-1697110,-75789510,17181560,0,60381920,4227890,17674480,17240860,99525150,76860,5925000,93463990,59300,99525150
2022-03-22,5761,5771,5712,5742,62463,-0.3471017007983339,19780,-470,-29736,10426,0,29868,30,20575,10526,60999,10088,500,50311,100,60999,116446190,-2778900,-175038310,61371020,0,176055960,176100,120896260,61958050,359086370,59609770,2955000,295934570,587030,359086370
2022-03-23,5751,5751,5693,5693,42297,-0.8533611981887843,16960,7511,-23731,-740,0,23680,7511,10114,0,41305,6720,0,33845,740,41305,99463540,44014160,-139143290,-4334410,0,138747040,44014160,59185290,0,241946490,39283500,0,198328580,4334410,241946490
2022-03-24,5703,5722,5683,5723,23974,0.5269629369401019,-12367,10,2391,9966,0,7015,10,5304,11083,23412,19382,0,2913,1117,23412,-72262220,58300,13947800,58256120,0,40920610,58300,30957970,64786920,136723800,113182830,0,17010170,6530800,136723800
2022-03-25,5742,5771,5703,5742,36949,0.3319937095928709,1353,2082,-7415,3980,0,10988,3082,17453,4560,36083,9635,1000,24868,580,36083,7955810,12242160,-43620310,23422340,0,64338920,18122160,102542500,26813140,211816720,56383110,5880000,146162810,3390800,211816720
2022-03-28,5751,5751,5673,5693,38019,-0.8533611981887843,8497,-6047,-918,-1532,0,19969,3787,13100,272,37128,11472,9834,14018,1804,37128,49629200,-35342350,-5351880,-8934970,0,116532650,22088210,76458700,1584030,216663590,66903450,57430560,81810580,10519000,216663590
2022-03-29,5693,5751,5664,5752,44482,1.036360442648867,22858,-3757,-19178,77,0,24540,2527,13006,3366,43439,1682,6284,32184,3289,43439,133662530,-22066150,-112015440,419060,0,143499350,14732410,75705190,19656350,253593300,9836820,36798560,187720630,19237290,253593300
2022-03-30,5751,5761,5722,5762,25033,0.17385257301808069,5066,2604,-9202,1532,0,15468,2604,3648,2726,24446,10402,0,12850,1194,24446,29783020,15338290,-54106500,8985190,0,91006610,15338290,21432630,16010140,143787670,61223590,0,75539130,7024950,143787670
2022-03-31,5761,5781,5722,5762,32823,0.0,17447,-6543,-10463,-441,0,18940,3457,8414,1242,32053,1493,10000,18877,1683,32053,102726290,-38437270,-61683350,-2605670,0,111548740,20362730,49498390,7315400,188725260,8822450,58800000,111181740,9921070,188725260
2022-04-01,5771,5771,5722,5732,22746,-0.5206525511975009,-3680,3239,-2277,2718,0,6497,5439,6862,3415,22213,10177,2200,9139,697,22213,-21551470,18995760,-13421400,15977110,0,38201200,31931760,40317520,20072890,130523370,59752670,12936000,53738920,4095780,130523370
2022-04-04,5732,5761,5703,5732,35982,0.0,14834,2725,-17684,125,0,19071,2725,10528,2814,35138,4237,0,28212,2689,35138,87152770,15968500,-103972030,850760,0,112103220,15968500,61638620,16569160,206279500,24950450,0,165610650,15718400,206279500
2022-04-05,5761,5790,5693,5732,54471,0.0,25945,-13567,-13565,1187,0,26437,6104,15940,4713,53194,492,19671,29505,3526,53194,152766000,-80505220,-79463560,7202780,0,155668670,35823600,93524200,27835970,312852440,2902670,116328820,172987760,20633190,312852440
2022-04-06,5693,5781,5693,5762,47569,0.52337752965806,26094,0,-30419,4325,0,35094,0,5388,5972,46454,9000,0,35807,1647,46454,153408850,0,-178791610,25382760,0,206455230,0,31582970,35082160,273120360,53046380,0,210374580,9699400,273120360
2022-04-07,5781,5790,5751,5781,89545,0.3297466157584172,65316,-20000,-48262,2946,0,70605,0,13357,3484,87446,5289,20000,61619,538,87446,385364310,-118200000,-284608970,17444660,0,416562040,0,78913760,20628500,516104300,31197730,118200000,363522730,3183840,516104300
2022-04-08,5761,5859,5751,5850,104841,1.1935651271406331,58697,2451,-80995,19847,0,66577,2451,12035,21320,102383,7880,0,93030,1473,102383,350847270,14632470,-483801400,118321660,0,397922960,14632470,71961290,127100930,611617650,47075690,0,555762690,8779270,611617650
2022-04-11,5898,5917,5830,5908,51180,0.9914529914529915,21889,-2848,-8635,-10406,0,27452,0,16307,6221,49980,5563,2848,24942,16627,49980,132020250,-17187760,-52407090,-62425400,0,165574060,0,98190820,37534040,301298920,33553810,17187760,150597910,99959440,301298920
2022-04-12,5917,6015,5898,5986,67718,1.3202437373053486,36991,-3976,-41891,8876,0,42822,0,12750,10558,66130,5831,3976,54641,1682,66130,226626040,-24442640,-256596650,54413250,0,262376430,0,78076110,64717580,405170120,35750390,24442640,334672760,10304330,405170120
2022-04-13,5976,6103,5976,6016,68119,0.5011693952555965,3384,1623,-11133,6126,0,18598,1623,38313,7988,66522,15214,0,49446,1862,66522,21122040,10010880,-69070540,37937620,0,114958290,10010880,236031310,49433590,410434070,93836250,0,305101850,11495970,410434070
2022-04-14,6035,6074,5996,6025,68119,0.14960106382978725,38176,-5000,-40600,7424,0,40761,0,17268,8493,66522,2585,5000,57868,1069,66522,236221290,-30960640,-251220220,45959570,0,252224880,0,106533990,52591190,411350060,16003590,30960640,357754210,6631620,411350060
2022-04-15,6035,6083,6005,6074,42491,0.8132780082987552,11678,0,-15754,4076,0,20602,0,16552,4341,41495,8924,0,32306,265,41495,72436990,0,-97713210,25276220,0,127857100,0,102703100,26921370,257481570,55420110,0,200416310,1645150,257481570
2022-04-18,6113,6201,5986,6055,128353,-0.31280869278893647,3199,3942,-6370,-771,0,23731,3942,86297,11374,125344,20532,0,92667,12145,125344,19569920,24522740,-38893700,-5198960,0,146727090,24522740,537296380,70169200,778715410,127157170,0,576190080,75368160,778715410
2022-04-19,6044,6044,5869,5967,81366,-1.453344343517754,-19839,0,18647,1192,0,14443,0,56143,8872,79458,34282,0,37496,7680,79458,-121568180,0,114313730,7254450,0,88586020,0,343468860,54390000,486444880,210154200,0,229155130,47135550,486444880
2022-04-20,5966,5976,5908,5967,43186,0.0,-8795,-116,6472,2439,0,15322,0,22908,3943,42173,24117,116,16436,1504,42173,-53335200,-702960,39204510,14833650,0,93164510,0,139183070,23994350,256341930,146499710,702960,99978560,9160700,256341930
2022-04-21,5976,6074,5937,6074,42379,1.7931959108429696,501,1003,-8326,6822,0,17272,3003,14000,7110,41385,16771,2000,22326,288,41385,3209520,6038240,-50968610,41720850,0,105428170,18258240,86071360,43480090,253237860,102218650,12220000,137039970,1759240,253237860
2022-04-22,6035,6083,6005,6074,37244,0.0,-2440,0,2482,-42,0,15799,0,16884,3688,36371,18239,0,14402,3730,36371,-14893000,0,15136690,-243690,0,97628720,0,104350700,22808120,224787540,112521720,0,89214010,23051810,224787540
2022-04-25,6074,6074,5927,5996,117839,-1.284162001975634,-57712,0,45403,12309,0,51628,0,48565,14883,115076,109340,0,3162,2574,115076,-352338620,0,277241170,75097450,0,315315250,0,296574550,90944250,702834050,667653870,0,19333380,15846800,702834050
2022-04-26,5996,6064,5956,6045,40727,0.8172114743162108,18959,0,-14521,-4438,0,29062,0,6553,4157,39772,10103,0,21074,8595,39772,117359850,0,-89950800,-27409050,0,179462070,0,40432270,25597350,245491690,62102220,0,130383070,53006400,245491690
2022-04-27,6025,6074,5966,6055,78868,0.1654259718775848,17624,-1654,-33211,17241,0,38964,1346,11320,25389,77019,21340,3000,44531,8148,77019,109055350,-10238480,-205398870,106582000,0,241122920,8331520,70017910,156957860,476430210,132067570,18570000,275416780,50375860,476430210
2022-04-28,6064,6064,5927,6006,49588,-0.8092485549132947,17280,189,-6841,-10628,0,29014,1000,14156,4255,48425,11734,811,20997,14883,48425,106281910,1112350,-41943430,-65450830,0,178000380,6100000,86739300,26124990,296964670,71718470,4987650,128682730,91575820,296964670
2022-04-29,6025,6093,5966,6084,65312,1.2987012987012987,21795,7791,-29663,77,0,45548,11791,3282,3160,63781,23753,4000,32945,3083,63781,135070050,48334330,-183924400,520020,0,282501860,73224330,20378710,19620310,395725210,147431810,24890000,204303110,19100290,395725210
2022-05-02,6103,6122,6054,6103,62588,0.31229454306377386,9974,-6352,-3043,-579,0,31067,0,28248,1806,61121,21093,6352,31291,2385,61121,62003090,-39530000,-18844690,-3628400,0,193303720,0,176245810,11258300,380807830,131300630,39530000,195090500,14886700,380807830
2022-05-03,6152,6152,5888,5937,68427,-2.7199737833852202,4105,6830,-10021,-914,0,27747,8505,26505,4066,66823,23642,1675,36526,4980,66823,26048680,41646150,-61778080,-5916750,0,170499150,51870400,161758170,24806430,408934150,144450470,10224250,223536250,30723180,408934150
2022-05-04,5956,5956,5869,5898,34935,-0.6568974229408793,12267,6259,-10302,-8224,0,12868,6351,14781,116,34116,601,92,25083,8340,34116,74150400,37842520,-62215990,-49776930,0,77800390,38400960,89094460,699970,205995780,3649990,558440,151310450,50476900,205995780
2022-05-06,5947,5947,5830,5869,48356,-0.4916920990166158,6455,4271,-3879,-6847,0,20211,4677,21942,392,47222,13756,406,25821,7239,47222,38754860,25701270,-23431980,-41024150,0,121263850,28129080,131528430,2353610,283274970,82508990,2427810,154960410,43377760,283274970
2022-05-09,5937,5937,5849,5879,31311,0.17038677798602828,4645,2958,-6226,-1377,0,10321,2958,17016,282,30577,5676,0,23242,1659,30577,27910550,17766220,-37391730,-8285040,0,62071620,17766220,102397360,1697610,183932810,34161070,0,139789090,9982650,183932810
2022-05-10,5849,5869,5771,5781,52951,-1.6669501615921074,-962,8550,-2458,-5130,0,11554,11553,20601,8002,51710,12516,3003,23059,13132,51710,-5722540,50964540,-14694500,-30547500,0,68847670,68769190,122573070,47592180,307782110,74570210,17804650,137267570,78139680,307782110
2022-05-11,5781,5830,5673,5674,45885,-1.8508908493340253,10563,849,-1288,-10124,0,17180,850,22748,4031,44809,6617,1,24036,14155,44809,62462870,5017590,-7563660,-59916800,0,101473500,5023500,133673640,23735680,263906320,39010630,5910,141237300,83652480,263906320
2022-05-12,5693,5771,5683,5723,41702,0.8635882974973563,26238,-11878,-14334,-26,0,29137,1622,4588,5377,40724,2899,13500,18922,5403,40724,154182500,-69696310,-84277890,-208300,0,171232660,9531170,26940000,31547750,239251580,17050160,79227480,111217890,31756050,239251580
2022-05-13,5703,5771,5703,5742,75167,0.3319937095928709,21659,-4696,-15883,-1080,0,56355,5839,4511,6700,73405,34696,10535,20394,7780,73405,127257440,-27747160,-93213780,-6296500,0,331236500,34284930,26504640,39403990,431430060,203979060,62032090,119718420,45700490,431430060
2022-05-16,5742,5810,5742,5791,17021,0.8533611981887843,11955,-1713,-5382,-4860,0,13771,505,2346,0,16622,1816,2218,7728,4860,16622,70897580,-10222700,-31857750,-28817130,0,81644380,2974400,13918940,0,98537720,10746800,13197100,45776690,28817130,98537720
2022-05-17,5839,5839,5722,5762,62233,-0.5007770678639268,13869,137,-8290,-5716,0,44120,9138,6889,627,60774,30251,9001,15179,6343,60774,81646480,1064140,-48894690,-33815930,0,260337200,54067360,40695210,3692620,358792390,178690720,53003220,89589900,37508550,358792390
2022-05-18,5732,5742,5615,5703,73648,-1.023950017355085,-17839,3687,18595,-4443,0,33886,7030,28286,2719,71921,51725,3343,9691,7162,71921,-103201730,21408860,107777740,-25984870,0,197115470,40968750,164144330,15779240,418007790,300317200,19559890,56366590,41764110,418007790
2022-05-19,5703,6035,5624,5723,42946,0.3506926179203928,4143,295,-4274,-164,0,25530,4500,6928,4981,41939,21387,4205,11202,5145,41939,25448790,1390320,-25847770,-991340,0,150422310,26072220,40454610,29107230,246056370,124973520,24681900,66302380,30098570,246056370
2022-05-20,5771,5790,5703,5791,26963,1.1881880132797484,-6380,1843,4191,346,0,7979,4000,7714,6638,26331,14359,2157,3523,6292,26331,-37772630,10953590,24810040,2009000,0,47129250,23676460,45558040,39164520,155528270,84901880,12722870,20748000,37155520,155528270
2022-05-23,5830,5830,5722,5723,35189,-1.1742358832671387,7934,855,2266,-11055,0,9831,3356,18252,2925,34364,1897,2501,15986,13980,34364,46641360,5087570,13297260,-65026190,0,57808450,19833460,107406160,17248080,202296150,11167090,14745890,94108900,82274270,202296150
2022-05-24,5771,5781,5732,5771,21422,0.8387209505504107,15919,-3099,-10512,-2308,0,17458,1,1111,2350,20920,1539,3100,11623,4658,20920,93880440,-18269480,-62033660,-13577300,0,102964910,5910,6553920,13887150,123411890,9084470,18275390,68587580,27464450,123411890
2022-05-25,5800,5830,5781,5820,30572,0.8490729509617051,8032,-10000,-446,2414,0,12962,0,12918,3975,29855,4930,10000,13364,1561,29855,47696600,-59500000,-2585690,14389090,0,77057500,0,76876740,23664110,177598350,29360900,59500000,79462430,9275020,177598350
2022-05-26,5830,5859,5800,5859,23920,0.6701030927835051,19933,-8879,-8964,-2090,0,21022,0,2337,0,23359,1089,8879,11301,2090,23359,119003970,-52877620,-53648320,-12478030,0,125514860,0,13981770,0,139496630,6510890,52877620,67630090,12478030,139496630
2022-05-27,5898,5898,5800,5820,12426,-0.6656426011264721,5207,-7222,2987,-972,0,6830,0,5298,7,12135,1623,7222,2311,979,12135,31097250,-43097520,17818380,-5818110,0,40816560,0,31672690,41990,72531240,9719310,43097520,13854310,5860100,72531240
2022-05-30,5820,5908,5751,5869,22516,0.8419243986254296,7940,-340,-4586,-3014,0,10532,1700,8813,943,21988,2592,2040,13399,3957,21988,47668740,-2039760,-27484250,-18144730,0,63270580,10200000,52969640,5620370,132060590,15601840,12239760,80453890,23765100,132060590
2022-05-31,5859,5908,5859,5898,37984,0.494121656159482,6739,0,-5640,-1099,0,7971,0,2318,26804,37093,1232,0,7958,27903,37093,40560660,0,-33942420,-6618240,0,47985760,0,13941920,161896160,223823840,7425100,0,47884340,168514400,223823840
2022-06-02,5898,5956,5869,5928,20013,0.508646998982706,5321,-73,-10403,5155,0,6913,0,5262,7369,19544,1592,73,15665,2214,19544,32286380,-445300,-63051120,31210040,0,41967060,0,31727900,44630890,118325850,9680680,445300,94779020,13420850,118325850
2022-06-03,5927,5976,5878,5967,33861,0.6578947368421052,8178,-2000,-15716,9538,0,15267,0,3615,14185,33067,7089,2000,19331,4647,33067,49390680,-12170000,-95380050,58159370,0,92545360,0,21827260,86351380,200724000,43154680,12170000,117207310,28192010,200724000
2022-06-07,5956,5976,5908,5947,12065,-0.33517680576504105,2555,-502,-3365,1312,0,5500,0,3701,2581,11782,2945,502,7066,1269,11782,15604480,-3067240,-20538260,8001020,0,33540610,0,22540340,15737100,71818050,17936130,3067240,43078600,7736080,71818050
2022-06-08,5986,5986,5869,5937,10549,-0.16815200941651254,7029,0,-4413,-2616,0,7329,0,1970,1003,10302,300,0,6383,3619,10302,42698950,0,-26795350,-15903600,0,44525680,0,11948420,6097650,62571750,1826730,0,38743770,22001250,62571750
2022-06-09,5937,5947,5820,5840,40189,-1.6338217955196226,-996,-6759,5246,2509,0,9278,3000,22522,4447,39247,10274,9759,17276,1938,39247,-5979840,-40792550,31561190,15211200,0,55730110,17970000,135218230,26887340,235805680,61709950,58762550,103657040,11676140,235805680
2022-06-10,5859,5859,5800,5830,7271,-0.17123287671232876,-1065,-1989,2329,725,0,1298,11,3543,2249,7101,2363,2000,1214,1524,7101,-6354120,-11934330,13913970,4374480,0,7755810,65670,21179420,13485650,42486550,14109930,12000000,7265450,9111170,42486550
2022-06-13,5742,5790,5732,5732,35048,-1.6809605488850772,6772,3410,-12803,2621,0,16804,3410,7145,6867,34226,10032,0,19948,4246,34226,39866870,20068300,-75384960,15449790,0,98906580,20068300,42068280,40449740,201492900,59039710,0,117453240,24999950,201492900
2022-06-14,5712,5722,5605,5664,52244,-1.1863224005582695,2794,6296,-11652,2562,0,23610,6296,12830,8283,51019,20816,0,24482,5721,51019,16155310,36420810,-67441880,14865760,0,136512730,36420810,74186260,47966080,295085880,120357420,0,141628140,33100320,295085880
2022-06-15,5664,5664,5566,5576,31599,-1.5536723163841808,-1610,3316,3347,-5053,0,14472,3316,12098,972,30858,16082,0,8751,6025,30858,-9192950,19069420,19188180,-29064650,0,83262270,19069420,69541910,5633930,177507530,92455220,0,50353730,34698580,177507530
2022-06-16,5566,5605,5507,5576,47710,0.0,-12235,6460,5706,69,0,6550,6460,30418,3163,46591,18785,0,24712,3094,46591,-69287190,36573560,32423110,290520,0,37163350,36573560,172827880,17896760,264461550,106450540,0,140404770,17606240,264461550
2022-06-17,5517,5537,5449,5478,19687,-1.7575322812051648,7165,2576,-3239,-6502,0,8703,2576,7319,627,19225,1538,0,10558,7129,19225,40243840,14461870,-18213260,-36492450,0,48873930,14461870,41281080,3520020,108136900,8630090,0,59494340,40012470,108136900
2022-06-20,5507,5507,5185,5371,219896,-1.9532676159182183,109591,5795,-124712,9326,0,148716,5935,24255,35834,214740,39125,140,148967,26508,214740,604146800,31406980,-684038520,48484740,0,818911050,32168980,131201460,194430330,1176711820,214764250,762000,815239980,145945590,1176711820
2022-06-21,5361,5556,5283,5322,93343,-0.912306832991994,1523,-245,-5924,4646,0,52694,755,21746,15960,91155,51171,1000,27670,11314,91155,9096110,-1520180,-32308670,24732740,0,292276420,4099820,119609380,88045690,504031310,283180310,5620000,151918050,63312950,504031310
2022-06-22,5468,5468,5126,5146,81158,-3.307027433295753,-26441,11917,19657,-5133,0,19001,11917,39136,9201,79255,45442,0,19479,14334,79255,-140251260,63530920,104792770,-28072430,0,100741220,63530920,207984540,48811430,421068110,240992480,0,103191770,76883860,421068110
2022-06-23,5361,5361,5019,5068,71021,-1.515740380878352,-15000,27835,-12743,-92,0,9407,27835,19376,12738,69356,24407,0,32119,12830,69356,-78886480,145908370,-66634510,-387380,0,49127470,145908370,100989970,67172360,363198170,128013950,0,167624480,67559740,363198170
2022-06-24,5029,5195,5029,5088,70565,0.3946329913180742,-32212,15688,9426,7098,0,17876,15688,17842,17505,68911,50088,0,8416,10407,68911,-167993160,81989670,49104000,36899490,0,93422060,81989670,93001960,91288800,359702490,261415220,0,43897960,54389310,359702490
2022-06-27,5175,5302,5087,5273,43273,3.636006289308176,-6319,12677,651,-7009,0,14282,14677,7943,5356,42258,20601,2000,7292,12365,42258,-33637780,68050300,3211410,-37623930,0,76634410,78850300,42417090,28690240,226592040,110272190,10800000,39205680,66314170,226592040
2022-06-28,5097,5322,5097,5264,50807,-0.17068082685378344,7924,-1704,-8351,2131,0,13200,18296,9478,8642,49616,5276,20000,17829,6511,49616,42727240,-9045670,-45118830,11437260,0,71078600,98586570,50982050,46533960,267181180,28351360,107632240,96100880,35096700,267181180
2022-06-29,5292,5292,5205,5205,42304,-1.1208206686930091,7073,-2948,2100,-6225,0,10722,14814,7414,8362,41312,3649,17762,5314,14587,41312,37819030,-15827830,11146090,-33137290,0,57338060,79554450,39651440,44834860,221378810,19519030,95382280,28505350,77972150,221378810
2022-06-30,5263,5273,5117,5137,15337,-1.3064361191162344,1042,988,2965,-4995,0,4894,1000,7801,1282,14977,3852,12,4836,6277,14977,5408610,5186830,15673260,-26268700,0,25768160,5250000,41078390,6796710,78893260,20359550,63170,25405130,33065410,78893260
2022-07-01,5136,5244,5039,5039,26789,-1.9077282460580107,5400,4489,-4829,-5060,0,14735,4500,5976,950,26161,9335,11,10805,6010,26161,28165360,23297910,-25115180,-26348090,0,76796480,23355000,31183240,4993190,136327910,48631120,57090,56298420,31341280,136327910
2022-07-04,5126,5126,4843,4932,53338,-2.1234371899186346,-9734,2029,4228,3477,0,17057,2029,25978,7023,52087,26791,0,21750,3546,52087,-48805725,10139930,21200065,17465730,0,86782640,10139930,131342290,35404745,263669605,135588365,0,110142225,17939015,263669605
2022-07-05,4931,5029,4931,5019,25645,1.7639902676399026,-4564,1000,-1371,4935,0,7843,1000,9849,6352,25044,12407,0,11220,1417,25044,-23355570,5140000,-6931250,25146820,0,39690350,5140000,50056370,32338300,127225020,63045920,0,56987620,7191480,127225020
2022-07-06,5107,5107,4833,5019,34904,0.0,11404,3359,-7640,-7123,0,23494,3359,5349,1884,34086,12090,0,12989,9007,34086,58695290,16717050,-38668850,-36743490,0,121003170,16717050,27480300,9684950,174885470,62307880,0,66149150,46428440,174885470
2022-07-07,4980,5058,4980,5059,13377,0.7969715082685794,-4896,1810,3597,-511,0,6428,1810,4389,436,13063,11324,0,792,947,13063,-25170690,9306150,18500380,-2635840,0,33114120,9306150,22586710,2245820,67252800,58284810,0,4086330,4881660,67252800
2022-07-08,5078,5078,4990,5019,37429,-0.7906700929037358,-8166,14275,-360,-5749,0,14993,14475,6594,489,36551,23159,200,6954,6238,36551,-41827540,73226020,-1870970,-29527510,0,76824770,74254020,33857940,2512220,187448950,118652310,1028000,35728910,32039730,187448950
2022-07-11,5019,5019,4912,4941,54452,-1.5540944411237299,-10452,12131,4314,-5993,0,18609,12706,18088,3772,53175,29061,575,13774,9765,53175,-52819630,61425560,21700920,-30306850,0,94314760,64352560,91395590,19122550,269185460,147134390,2927000,69694670,49429400,269185460
2022-07-12,4912,4912,4741,4770,169844,-3.4608378870673953,-64198,11944,48178,4076,0,43877,12344,96040,13601,165862,108075,400,47862,9525,165862,-315213050,58880695,236604120,19728235,0,216204160,60844695,472528575,66636040,816213470,531417210,1964000,235924455,46907805,816213470
2022-07-13,4765,4819,4697,4717,77288,-1.1111111111111112,-23374,7364,15426,584,0,9001,7537,48861,10077,75476,32375,173,33435,9493,75476,-112852205,35536925,74482565,2832715,0,43463475,36373935,236316795,48680070,364834275,156315680,837010,161834230,45847355,364834275
2022-07-14,4711,4736,4667,4727,33136,0.21199915200339198,-6572,8430,4770,-6628,0,5449,8430,18226,254,32359,12021,0,13456,6882,32359,-31625440,40500190,22951010,-31825760,0,26165635,40500190,87603745,1223915,155493485,57791075,0,64652735,33049675,155493485
2022-07-15,4726,4726,4653,4668,42217,-1.2481489316691348,-204,8543,9193,-17532,0,11929,8943,19901,454,41227,12133,400,10708,17986,41227,-879350,40939850,43926400,-83986900,0,57272485,42847850,95151705,2177345,197449385,58151835,1908000,51225305,86164245,197449385
2022-07-18,4697,4770,4697,4707,36576,0.8354755784061696,-28527,23749,3992,786,0,1745,23749,7560,2664,35718,30272,0,3568,1878,35718,-137659335,114619225,19265140,3774970,0,8442105,114619225,36524980,12872635,172458945,146101440,0,17259840,9097665,172458945
2022-07-19,4736,4746,4638,4687,71241,-0.42489908646696406,-25700,14103,10298,1299,0,16479,19103,24207,9782,69571,42179,5000,13909,8483,69571,-123207135,67389575,49647910,6169650,0,79075550,91232540,116325600,46880715,333514405,202282685,23842965,66677690,40711065,333514405
2022-07-20,4721,4785,4697,4707,98894,0.4267121826328142,-63561,77589,-8852,-5176,0,6941,79427,7800,2407,96575,70502,1838,16652,7583,96575,-306753365,374780105,-42922715,-25104025,0,33636510,383651835,37845360,11637685,466771390,340389875,8871730,80768075,36741710,466771390
2022-07-21,4706,4741,4687,4707,56929,0.0,-25703,24397,6459,-5153,0,7882,24397,21366,1949,55594,33585,0,14907,7102,55594,-123770775,117555270,31121630,-24906125,0,38078320,117555270,102968410,9398325,268000325,161849095,0,71846780,34304450,268000325
2022-07-22,4706,4765,4697,4717,53468,0.21244954323348203,-33205,25861,11026,-3682,0,8710,25861,17595,48,52214,41915,0,6569,3730,52214,-160126705,124726425,53191565,-17791285,0,42034250,124726425,84887770,233200,251881645,202160955,0,31696205,18024485,251881645
2022-07-25,4760,4760,4682,4692,39050,-0.52999788000848,-17531,12921,4770,-160,0,5480,13421,18457,776,38134,23011,500,13687,936,38134,-84154950,62076220,22870260,-791530,0,26467025,64478720,88718025,3745320,183409090,110621975,2402500,65847765,4536850,183409090
2022-07-26,4726,4726,4633,4663,68859,-0.618073316283035,-23494,8929,17997,-3432,0,11682,15500,37838,2225,67245,35176,6571,19841,5657,67245,-112061395,42570030,85965355,-16473990,0,55742340,73937220,180658740,10639825,320978125,167803735,31367190,94693385,27113815,320978125
2022-07-27,4658,4711,4643,4653,52344,-0.2144542140253056,-27274,3410,21977,1887,0,5736,3510,36726,5145,51117,33010,100,14749,3258,51117,-129863890,16234650,104684660,8944580,0,27337090,16710150,174918260,24515925,243481425,157200980,475500,70233600,15571345,243481425
2022-07-28,4658,4765,4658,4766,66993,2.4285407264130665,-10349,1,-1305,11653,0,24205,1,24251,16965,65422,34554,0,25556,5312,65422,-49698070,4840,-6599205,56292435,0,117210370,4840,117352725,81968110,316536045,166908440,0,123951930,25675675,316536045
2022-07-29,4804,5146,4785,5010,49513,5.1195971464540495,-1605,938,-12341,13008,0,16257,1048,14822,16225,48352,17862,110,27163,3217,48352,-7497805,4700460,-62323170,65120515,0,81526720,5255360,74699095,81405585,242886760,89024525,554900,137022265,16285070,242886760
2022-08-01,5097,5097,4999,5088,51788,1.5568862275449102,-3777,1430,8183,-5836,0,11960,1500,36735,379,50574,15737,70,28552,6215,50574,-19718680,7435700,42405770,-30122790,0,61916130,7800000,190373990,1954880,262045000,81634810,364300,147968220,32077670,262045000
2022-08-02,5097,5136,5048,5088,21029,0.0,-710,0,4160,-3450,0,10723,0,9282,531,20536,11433,0,5122,3981,20536,-3411890,0,21436140,-18024250,0,55977740,0,48174040,2759590,106911370,59389630,0,26737900,20783840,106911370
2022-08-03,5107,5107,4990,5019,127895,-1.3561320754716981,5208,1021,-1460,-4769,0,103310,1021,20475,90,124896,98102,0,21935,4859,124896,26773310,5257950,-7415790,-24615470,0,531894420,5257950,105247440,461040,642860850,505121110,0,112663230,25076510,642860850
2022-08-04,5068,5087,4980,5039,17908,0.3984857541342897,-3882,2,6259,-2379,0,6386,2,10413,687,17488,10268,0,4154,3066,17488,-19723870,10240,31957360,-12243730,0,32946840,10240,53345900,3527210,89830190,52670710,0,21388540,15770940,89830190
2022-08-05,5048,5058,5009,5049,73637,0.1984520738241715,-8556,1,5634,2921,0,55776,1,9286,6848,71911,64332,0,3652,3927,71911,-44129570,5160,29039790,15084620,0,287694340,5160,47870810,35311820,370882130,331823910,0,18831020,20227200,370882130
2022-08-08,5048,5048,4902,5010,50006,-0.7724301841948901,702,0,-4878,4176,0,25699,0,15863,7272,48834,24997,0,20741,3096,48834,3527160,0,-25152770,21625610,0,132065380,0,81149400,37452520,250667300,128538220,0,106302170,15826910,250667300
2022-08-09,5019,5039,4951,5000,14539,-0.19960079840319359,-3127,1,4355,-1229,0,8445,1,5526,226,14198,11572,0,1171,1455,14198,-15955550,5150,22221090,-6270690,0,43111630,5150,28210640,1151290,72478710,59067180,0,5989550,7421980,72478710
2022-08-10,5009,5009,4912,4932,35184,-1.3599999999999999,8876,197,-2908,-6165,0,25668,197,8377,117,34359,16792,0,11285,6282,34359,45104290,998790,-14822400,-31280680,0,130359170,998790,42507040,593280,174458280,85254880,0,57329440,31873960,174458280
2022-08-11,5087,5087,4912,4922,51832,-0.202757502027575,-29658,900,25716,3042,0,16132,900,30231,3354,50617,45790,0,4515,312,50617,-149766200,4536000,129888540,15341660,0,81364320,4536000,152730480,16950390,255581190,231130520,0,22841940,1608730,255581190
2022-08-12,4951,4951,4912,4922,76309,0.0,-347,500,-1504,1351,0,46476,500,20534,7010,74520,46823,0,22038,5659,74520,-1802390,2520000,-7573540,6855930,0,234175510,2520000,103498370,35357030,375550910,235977900,0,111071910,28501100,375550910
2022-08-16,4960,4980,4912,4980,75343,1.178382771231207,-42751,312,16753,25686,0,17882,501,28627,26567,73577,60633,189,11874,881,73577,-215763490,1566700,84469050,129727740,0,90163110,2525040,144361830,134184060,371234040,305926600,958340,59892780,4456320,371234040
2022-08-17,4980,4990,4941,4971,80631,-0.18072289156626506,-26231,-1,24506,1726,0,44438,0,28086,6217,78741,70669,1,3580,4491,78741,-133262510,-5070,124462190,8805390,0,225703680,0,142643990,31607450,399955120,358966190,5070,18181800,22802060,399955120
2022-08-18,4960,5058,4960,5010,34402,0.7845503922751962,-13849,1,5987,7861,0,7111,1,16960,9523,33595,20960,0,10973,1662,33595,-70779170,5110,30527520,40246540,0,36330030,5110,86704070,48730100,171769310,107109200,0,56176550,8483560,171769310
2022-08-19,5039,5058,5019,5059,43733,0.9780439121756487,-18234,-1,17417,818,0,15150,0,23655,3903,42708,33384,1,6238,3085,42708,-93912600,-5150,89689810,4227940,0,78040120,0,121894310,20115700,220050130,171952720,5150,32204500,15887760,220050130
2022-08-22,5058,5087,4999,5010,31828,-0.9685708638070766,8984,-35,7623,-16572,0,11047,0,20006,29,31082,2063,35,12383,16601,31082,46281830,-179900,39346430,-85448360,0,56916880,0,103224840,150220,160291940,10635050,179900,63878410,85598580,160291940
2022-08-23,4999,5009,4902,4932,88894,-1.5568862275449102,-19746,4416,22188,-6858,0,34558,4456,45066,2730,86810,54304,40,22878,9588,86810,-100165060,22314800,112594060,-34743800,0,174670460,22517800,227901760,13806130,438896150,274835520,203000,115307700,48549930,438896150
2022-08-24,4941,4951,4912,4922,42611,-0.202757502027575,-12114,-10,10244,1880,0,14526,0,24356,2730,41612,26640,10,14112,850,41612,-61184350,-50700,51736150,9498900,0,73339130,0,122904700,13792440,210036270,134523480,50700,71168550,4293540,210036270
2022-08-25,4931,4980,4931,4980,34694,1.178382771231207,-11493,0,12063,-570,0,14673,0,18494,714,33881,26166,0,6431,1284,33881,-58400620,0,61314130,-2913510,0,74644040,0,94022890,3629110,172296040,133044660,0,32708760,6542620,172296040
2022-08-26,4990,4990,4960,4971,65628,-0.18072289156626506,-16636,4972,12045,-381,0,37314,4972,21632,171,64089,53950,0,9587,552,64089,-84786530,25307480,61417020,-1937970,0,190100730,25307480,110161900,870390,326440500,274887260,0,48744880,2808360,326440500
2022-08-29,4931,4931,4848,4902,110762,-1.388050694025347,-16236,1000,12578,2658,0,44628,1000,47758,14779,108165,60864,0,35180,12121,108165,-80860690,5031000,62598195,13231495,0,222420455,5031000,237952735,73607355,539011545,303281145,0,175354540,60375860,539011545
2022-08-30,4790,4829,4790,4814,71226,-1.7951856385148919,-887,724,11427,-11264,0,27651,725,40376,804,69556,28538,1,28949,12068,69556,-4388680,3565565,56291940,-55468825,0,136057555,3570505,198875120,3965820,342469000,140446235,4940,142583180,59434645,342469000
2022-08-31,4833,4833,4760,4800,24371,-0.29081844619858743,-4762,0,8777,-4015,0,7894,0,15869,37,23800,12656,0,7092,4052,23800,-23245800,0,42883070,-19637270,0,38574980,0,77501740,180990,116257710,61820780,0,34618670,19818260,116257710
2022-09-01,4814,4814,4711,4712,30233,-1.8333333333333333,2824,1001,5772,-9597,0,16499,1001,11673,351,29524,13675,0,5901,9948,29524,13945900,4839860,27928810,-46714570,0,80316840,4839860,56698155,1714635,143569490,66370940,0,28769345,48429205,143569490
2022-09-02,4799,4799,4702,4722,17927,0.21222410865874364,3490,5224,-3306,-5408,0,7297,5893,4317,0,17507,3807,669,7623,5408,17507,16903085,25300475,-16010600,-26192960,0,35346620,28545125,20907290,0,84799035,18443535,3244650,36917890,26192960,84799035
2022-09-05,4643,4746,4643,4673,14298,-1.037695891571368,932,999,-730,-1201,0,6632,1000,6027,304,13963,5700,1,6757,1505,13963,4601070,4835195,-3617710,-5818555,0,32127405,4840000,29101110,1470150,67538665,27526335,4805,32718820,7288705,67538665
2022-09-06,4672,4721,4648,4717,25021,0.9415792852557244,-4903,-3170,4713,3360,0,8258,830,11986,3360,24434,13161,4000,7273,0,24434,-23468920,-15116905,22504485,16081340,0,39717030,3959100,57517535,16081340,117275005,63185950,19076005,35013050,0,117275005
2022-09-07,4716,4716,4648,4692,25350,-0.52999788000848,-88,854,654,-1420,0,12701,1154,7175,3726,24756,12789,300,6521,5146,24756,-384870,4072940,3155130,-6843200,0,60837120,5509940,34325195,17772455,118444710,61221990,1437000,31170065,24615655,118444710
2022-09-08,4731,4731,4653,4692,31118,0.0,-7774,-5461,12724,511,0,7366,1,19736,3285,30388,15140,5462,7012,2774,30388,-37236370,-26101175,60820310,2517235,0,35307570,4785,94484680,15806040,145603075,72543940,26105960,33664370,13288805,145603075
2022-09-13,4750,4750,4687,4722,30419,0.639386189258312,-8709,-12320,20926,103,0,4337,0,24404,965,29706,13046,12320,3478,862,29706,-41966440,-59336570,100804640,498370,0,20885250,0,117581180,4652775,143119205,62851690,59336570,16776540,4154405,143119205
2022-09-14,4716,4716,4667,4697,12625,-0.529436679373147,-3791,-56,6591,-2744,0,1950,136,9337,906,12329,5741,192,2746,3650,12329,-18155300,-269115,31620310,-13195895,0,9357980,651525,44810635,4336635,59156775,27513280,920640,13190325,17532530,59156775
2022-09-15,4687,4736,4667,4673,37179,-0.5109644453906749,-4970,-10171,15805,-664,0,16800,538,18726,243,36307,21770,10709,2921,907,36307,-23954640,-48722165,75853095,-3176290,0,80582845,2600910,89892410,1169980,174246145,104537485,51323075,14039315,4346270,174246145
2022-09-16,4623,4711,4623,4712,19051,0.8345816392039376,-5955,2395,4345,-785,0,3401,2501,9513,3189,18604,9356,106,5168,3974,18604,-28353050,11386100,20636625,-3669675,0,16133770,11890660,45190155,15248355,88462940,44486820,504560,24553530,18918030,88462940
2022-09-19,4672,4721,4663,4707,20272,-0.10611205432937182,-2612,-6536,-1045,10193,0,6310,0,608,12879,19797,8922,6536,1653,2686,19797,-12590370,-31567880,-5048790,49207040,0,30430540,0,2925620,62167720,95523880,43020910,31567880,7974410,12960680,95523880
2022-09-20,4711,4736,4687,4736,13874,0.616103675377098,-5977,50,982,4945,0,1890,50,6037,5572,13549,7867,0,5055,627,13549,-28895325,240000,4738275,23917050,0,9120990,240000,29174860,26948805,65484655,38016315,0,24436585,3031755,65484655
2022-09-21,4736,4746,4716,4731,23650,-0.10557432432432433,-5184,999,-1804,5989,0,7998,1000,5598,8500,23096,13182,1,7402,2511,23096,-25139935,4850150,-8755815,29045600,0,38761545,4855000,27108345,41216640,111941530,63901480,4850,35864160,12171040,111941530
2022-09-22,4711,4711,4614,4639,42917,-1.9446205876136122,-5872,1015,-126,4983,0,25354,1017,8629,6911,41911,31226,2,8755,1928,41911,-28115545,4821750,-551725,23845520,0,121236985,4831340,41245380,33082160,200395865,149352530,9590,41797105,9236640,200395865
2022-09-23,4682,4682,4580,4595,23811,-0.9484802759215347,7039,1,-3141,-3899,0,10467,2,12766,18,23253,3428,1,15907,3917,23253,33071275,4705,-14667070,-18408910,0,49233250,9425,60100360,84720,109427755,16161975,4720,74767430,18493630,109427755
2022-09-26,4677,4677,4477,4482,30801,-2.4591947769314473,1959,2100,3741,-7800,0,9502,2102,18032,443,30079,7543,2,14291,8243,30079,9243865,9683065,17327580,-36254510,0,44011980,9692315,83412405,2064225,139180925,34768115,9250,66084825,38318735,139180925
2022-09-27,4531,4531,4326,4346,60462,-3.034359660865685,-5713,-2,8000,-2285,0,15227,0,40214,3603,59044,20940,2,32214,5888,59044,-25373850,-9030,35698665,-10315785,0,68642500,0,180475990,16127955,265246445,94016350,9030,144777325,26443740,265246445
2022-09-28,4360,4360,4184,4360,56866,0.32213529682466635,-18787,1749,16108,930,0,9221,2749,37269,6294,55533,28008,1000,21161,5364,55533,-81480535,7677995,70223015,3579525,0,39985205,12107995,162352780,27169500,241615480,121465740,4430000,92129765,23589975,241615480
2022-09-29,4365,4389,4272,4307,31311,-1.2155963302752295,-7342,335,13834,-6827,0,5553,337,23013,1674,30577,12895,2,9179,8501,30577,-32325065,1497535,60782290,-29954760,0,24386085,1506390,101097270,7375535,134365280,56711150,8855,40314980,37330295,134365280
2022-09-30,4272,4335,4208,4297,42687,-0.23218017181332712,-7891,-9892,20092,-2309,0,15415,5,24116,2150,41686,23306,9897,4024,4459,41686,-34310280,-43454920,87864380,-10099180,0,67865985,22035,105580210,9524350,182992580,102176265,43476955,17715830,19623530,182992580
2022-10-04,4384,4384,4228,4238,45359,-1.373050965790086,-8233,-5242,13810,-335,0,14026,228,29090,952,44296,22259,5470,15280,1287,44296,-35948630,-22909395,60314860,-1456835,0,61092335,998640,126869250,4178455,193138680,97040965,23908035,66554390,5635290,193138680
2022-10-05,4238,4326,4140,4155,74113,-1.9584709768758848,-34121,923,35284,-2086,0,18918,1003,48388,4066,72375,53039,80,13104,6152,72375,-146082330,3959880,151021135,-8898685,0,81019610,4301880,206912015,17450730,309684235,227101940,342000,55890880,26349415,309684235
2022-10-06,4179,4179,4042,4180,118800,0.601684717208183,-55686,-22997,67477,11206,0,11269,3,91121,13622,116015,66955,23000,23644,2416,116015,-232010225,-95538520,280832825,46715920,0,47016370,12605,379487595,56791475,483308045,279026595,95551125,98654770,10075555,483308045
2022-10-07,4179,4179,4067,4111,52369,-1.6507177033492824,-6353,736,10476,-4859,0,25567,738,22977,1859,51141,31920,2,12501,6718,51141,-26618085,3095125,43868170,-20345210,0,107473360,3103480,96231585,7844890,214653315,134091445,8355,52363415,28190100,214653315
2022-10-11,4091,4111,4013,4106,101852,-0.12162490878131842,-18446,3979,18223,-3756,0,30649,13979,47279,7557,99464,49095,10000,29056,11313,99464,-76047780,16187340,75300390,-15439950,0,127478355,57587340,195145260,31498645,411709600,203526135,41400000,119844870,46938595,411709600
2022-10-12,4106,4130,4052,4062,43539,-1.071602532878714,-868,12458,-11599,9,0,12272,12900,13276,4070,42518,13140,442,24875,4061,42518,-3656625,52035740,-48510860,131745,0,51267480,53872350,55518885,17067525,177726240,54924105,1836610,104029745,16935780,177726240
2022-10-13,4077,4077,3906,3936,56816,-3.10192023633678,-12874,6,5678,7190,0,10071,6,22946,22461,55484,22945,0,17268,15271,55484,-52301900,24575,23076845,29200480,0,41036165,24575,93427100,91495000,225982840,93338065,0,70350255,62294520,225982840
2022-10-14,3974,3974,3886,3916,45686,-0.5081300813008129,-14917,899,9900,4118,0,10051,899,27231,6434,44615,24968,0,17331,2316,44615,-59782880,3595690,39694590,16492600,0,40220420,3595690,109050475,25771585,178638170,100003300,0,69355885,9278985,178638170
2022-10-17,3886,3911,3813,3882,55695,-0.8682328907048007,-14177,-10999,33959,-8783,0,9677,1,44470,241,54389,23854,11000,10511,9024,54389,-55843730,-43448310,134012790,-34720750,0,38219120,3960,175376290,944565,214543935,94062850,43452270,41363500,35665315,214543935
2022-10-18,3881,3950,3789,3921,48146,1.0046367851622875,-1950,2513,4014,-4577,0,16045,2517,25822,2633,47017,17995,4,21808,7210,47017,-7204955,9842360,15321025,-17958430,0,63779110,9858260,100729735,10437350,184804455,70984065,15900,85408710,28395780,184804455
2022-10-19,3920,3925,3818,3906,58428,-0.3825554705432288,-8960,6754,16635,-14429,0,22102,6754,24533,3669,57058,31062,0,7898,18098,57058,-35270165,26945225,65254540,-56929600,0,87749600,26945225,96757250,14516750,225968825,123019765,0,31502710,71446350,225968825
2022-10-20,3925,3925,3852,3887,45600,-0.48643113159242196,-6099,-34,-3788,9921,0,8264,1149,12377,22741,44531,14363,1183,16165,12820,44531,-24173405,-188065,-15128330,39489800,0,32833485,4538020,49188795,90422660,176982960,57006890,4726085,64317125,50932860,176982960
2022-10-21,3891,3891,3769,3838,44784,-1.260612297401595,2780,-65,4548,-7263,0,18332,0,23042,2360,43734,15552,65,18494,9623,43734,10963675,-255395,17715480,-28423760,0,71570355,0,89796970,9160090,170527415,60606680,255395,72081490,37583850,170527415
2022-10-24,3872,4003,3837,3975,59977,3.5695674830640955,4228,1139,-10583,5216,0,24957,1251,23716,8647,58571,20729,112,34299,3431,58571,16767945,4606110,-41995055,20621000,0,100665760,5060275,94782510,34478245,234986790,83897815,454165,136777565,13857245,234986790
2022-10-25,3998,4072,3964,4023,23009,1.2075471698113207,-3876,-2,871,3007,0,10394,0,6817,5259,22470,14270,2,5946,2252,22470,-16005680,-8230,3677525,12336385,0,42767735,0,28116555,21595925,92480215,58773415,8230,24439030,9259540,92480215
2022-10-26,4067,4169,4023,4062,99058,0.9694258016405668,-31582,-2474,16887,17169,0,40073,2526,31186,22951,96736,71655,5000,14299,5782,96736,-131423925,-10235285,70075980,71583230,0,167296015,10586110,130080695,95660090,403622910,298719940,20821395,60004715,24076860,403622910
2022-10-27,4101,4248,4072,4204,58359,3.4958148695224027,-21413,4221,23357,-6165,0,17722,5221,29837,4211,56991,39135,1000,6480,10376,56991,-91075685,18089165,99148905,-26162385,0,75186670,22379165,126853255,17762335,242181425,166262355,4290000,27704350,43924720,242181425
2022-10-28,4248,4306,4150,4287,47256,1.9743101807802093,-10408,5488,2461,2459,0,14604,6490,19517,5537,46148,25012,1002,17056,3078,46148,-45619485,24063805,10809340,10746340,0,63857925,28417550,85475370,24105675,201856520,109477410,4353745,74666030,13359335,201856520
2022-10-31,4287,4384,4272,4341,23283,1.2596221133659902,1457,1421,3720,-6598,0,8328,1421,11626,1362,22737,6871,0,7906,7960,22737,6544425,6354665,16597330,-29496420,0,37088680,6354665,51659800,5977280,101080425,30544255,0,35062470,35473700,101080425
2022-11-01,4389,4389,4321,4336,17527,-0.11518083390923751,4531,0,-332,-4199,0,9288,0,7095,733,17116,4757,0,7427,4932,17116,20088565,0,-1434115,-18654450,0,41220830,0,31511180,3255370,75987380,21132265,0,32945295,21909820,75987380
2022-11-02,4335,4365,4272,4302,16043,-0.7841328413284132,3047,191,-4467,1229,0,6509,192,4784,4182,15667,3462,1,9251,2953,15667,13400300,839810,-19652435,5412325,0,28638985,844220,21077085,18434590,68994880,15238685,4410,40729520,13022265,68994880
2022-11-03,4301,4301,4223,4248,18779,-1.2552301255230125,2626,-2332,4006,-4300,0,8741,2,9573,23,18339,6115,2334,5567,4323,18339,11518620,-10216350,17441060,-18743330,0,38222435,8760,41791520,100855,80123570,26703815,10225110,24350460,18844185,80123570
2022-11-04,4248,4394,4179,4219,21427,-0.6826741996233522,5257,704,-397,-5564,0,11419,718,8086,702,20925,6162,14,8483,6266,20925,22794145,3170560,-1866900,-24097805,0,49300455,3231000,35062515,3038490,90632460,26506310,60440,36929415,27136295,90632460
2022-11-07,4277,4277,4184,4224,19113,0.11851149561507467,1875,-114,-49,-1712,0,5317,1136,8949,3263,18665,3442,1250,8998,4975,18665,8029955,-491265,-199390,-7339300,0,22884725,4889985,38532185,14077155,80384050,14854770,5381250,38731575,21416455,80384050
2022-11-08,4223,4521,4218,4316,36738,2.178030303030303,-19452,9942,16604,-7094,0,2539,9943,17986,5409,35877,21991,1,1382,12503,35877,-85034035,43567885,72713030,-31246880,0,11129050,43572265,78801700,23529525,157032540,96163085,4380,6088670,54776405,157032540
2022-11-09,4316,4350,4248,4321,14183,0.11584800741427247,2753,0,606,-3359,0,8314,0,4047,1489,13850,5561,0,3441,4848,13850,12143275,0,2730915,-14874190,0,36763470,0,17909240,6578790,61251500,24620195,0,15178325,21452980,61251500
2022-11-10,4321,4321,4272,4297,13456,-0.55542698449433,2472,64,-357,-2179,0,6456,64,6621,0,13141,3984,0,6978,2179,13141,10851020,280960,-1548860,-9583120,0,28367810,280960,29118065,0,57766835,17516790,0,30666925,9583120,57766835
2022-11-11,4311,4453,4311,4414,73532,2.7228298813125438,-7348,0,-10874,18222,0,35538,0,17223,19047,71808,42886,0,28097,825,71808,-32784690,0,-49172035,81956725,0,159772820,0,77537765,85653760,322964345,192557510,0,126709800,3697035,322964345
2022-11-14,4477,4477,4414,4434,8524,0.4531037607612143,-830,-2,1045,-213,0,3124,0,5049,151,8324,3954,2,4004,364,8324,-3776115,-9070,4751740,-966555,0,14163140,0,22891260,685375,37739775,17939255,9070,18139520,1651930,37739775
2022-11-15,4433,4487,4404,4487,12350,1.1953089760938205,6507,1,-4811,-1697,0,9168,1,2891,0,12060,2661,0,7702,1697,12060,29708700,4590,-21978880,-7734410,0,41845115,4590,13176610,0,55026315,12136415,0,35155490,7734410,55026315
2022-11-16,4487,4580,4472,4507,20587,0.44573211499888565,6819,4298,-4711,-6406,0,10473,4300,5286,45,20104,3654,2,9997,6451,20104,31368640,20022520,-21953575,-29437585,0,48168125,20031710,24286160,208420,92694415,16799485,9190,46239735,29646005,92694415
2022-11-17,4536,4536,4443,4502,18460,-0.11093854004881294,7410,0,-3421,-3989,0,13539,1,3978,509,18027,6129,1,7399,4498,18027,33952440,25,-15661890,-18290575,0,62088295,4610,18220040,2323735,82636680,28135855,4585,33881930,20614310,82636680
2022-11-18,4526,4526,4467,4492,15001,-0.2221235006663705,7314,2,-6819,-497,0,10434,2,4108,105,14649,3120,0,10927,602,14649,33695600,9230,-31413310,-2291520,0,48068865,9230,18928145,482000,67488240,14373265,0,50341455,2773520,67488240
2022-11-21,4492,4492,4438,4478,13380,-0.3116651825467498,5651,-2,-3678,-1971,0,9108,0,3958,0,13066,3457,2,7636,1971,13066,25944580,-9100,-16923400,-9012080,0,41753955,0,18054470,0,59808425,15809375,9100,34977870,9012080,59808425
2022-11-22,4477,4511,4296,4302,69649,-3.9303260384100045,-26398,69,24406,1923,0,18738,69,36132,13077,68016,45136,0,11726,11154,68016,-116633660,307790,108267225,8058645,0,83758870,307790,160854285,58327990,303248935,200392530,0,52587060,50269345,303248935
2022-11-23,4301,4423,4301,4375,9691,1.6968851696885172,-3257,4,2924,329,0,2274,4,6627,559,9464,5531,0,3703,230,9464,-14621545,17960,13119215,1484370,0,10192645,17960,29743660,2515220,42469485,24814190,0,16624445,1030850,42469485
2022-11-24,4409,4423,4345,4424,16280,1.1199999999999999,2504,-2,-2728,226,0,6615,0,8286,997,15898,4111,2,11014,771,15898,11218650,-9000,-12215970,1006320,0,29628435,0,37060630,4476650,71165715,18409785,9000,49276600,3470330,71165715
2022-11-25,4448,4453,4394,4453,23659,0.6555153707052441,-2030,222,1335,473,0,7599,223,14086,1196,23104,9629,1,12751,723,23104,-9253410,999000,6098400,2156010,0,34407885,1003500,63730350,5436140,104577875,43661295,4500,57631950,3280130,104577875
2022-11-28,4492,4492,4414,4424,24608,-0.6512463507747586,7111,-1665,-468,-4978,0,7772,0,16126,133,24031,661,1665,16594,5111,24031,32388050,-7550775,-2236760,-22600515,0,35385475,0,73057660,602560,109045695,2997425,7550775,75294420,23203075,109045695
2022-11-29,4423,4443,4414,4438,16341,0.31645569620253167,-4535,-2247,6416,366,0,4322,0,10992,644,15958,8857,2247,4576,278,15958,-20553075,-10183450,29076520,1660005,0,19582970,0,49840315,2920085,72343370,40136045,10183450,20763795,1260080,72343370
2022-11-30,4492,4492,4443,4492,13619,1.2167643082469581,-410,-2000,1048,1362,0,3010,0,8896,1394,13300,3420,2000,7848,32,13300,-1875485,-9155000,4794850,6235635,0,13783540,0,40690320,6382135,60855995,15659025,9155000,35895470,146500,60855995
2022-12-01,4536,4589,4506,4531,18816,0.8682101513802316,-7131,-1271,12714,-4312,0,1948,0,15319,1108,18375,9079,1271,2605,5420,18375,-33014815,-5916925,58923590,-19991850,0,9026410,0,71079340,5144465,85250215,42041225,5916925,12155750,25136315,85250215
2022-12-02,4565,4570,4521,4556,34946,0.5517545795630104,-6173,-1,3835,2339,0,5096,0,26214,2817,34127,11269,1,22379,478,34127,-28662985,-4650,17796120,10871515,0,23668100,0,121687395,13095860,158451355,52331085,4650,103891275,2224345,158451355
2022-12-05,4570,4594,4526,4551,13908,-0.10974539069359088,-4508,-653,6758,-1597,0,2921,0,10151,510,13582,7429,653,3393,2107,13582,-20963895,-3063335,31457275,-7430045,0,13627875,0,47333740,2388005,63349620,34591770,3063335,15876465,9818050,63349620
2022-12-06,4550,4589,4296,4473,43337,-1.7139090309822018,-8645,-2195,7660,3180,0,13010,0,25816,3495,42321,21655,2195,18156,315,42321,-38735505,-10306500,34462820,14579185,0,60284355,0,118426055,16029320,194739730,99019860,10306500,83963235,1450135,194739730
2022-12-07,4545,4545,4418,4502,22900,0.6483344511513526,10197,-1900,-8183,-114,0,13305,2,8130,926,22363,3108,1902,16313,1040,22363,46562040,-8687900,-37353710,-520430,0,60756555,9190,37066500,4240225,102072470,14194515,8697090,74420210,4760655,102072470
2022-12-08,4531,4531,4433,4512,19723,0.2221235006663705,7794,-745,-6265,-784,0,11310,7,7087,857,19261,3516,752,13352,1641,19261,35830585,-3436010,-28793000,-3601575,0,51999495,32230,32566465,3946480,88544670,16168910,3468240,61359465,7548055,88544670
2022-12-09,4536,4536,4453,4473,20254,-0.8643617021276596,-2549,1,2515,33,0,7752,1,11416,610,19779,10301,0,8901,577,19779,-11675745,4630,11515485,155630,0,35548990,4630,52306035,2800840,90660495,47224735,0,40790550,2645210,90660495
2022-12-12,4472,4560,4394,4434,17936,-0.8718980549966466,7559,336,-4741,-3154,0,11256,338,5921,0,17515,3697,2,10662,3154,17515,34437380,1525380,-21593470,-14369290,0,51252350,1534520,26952205,0,79739075,16814970,9140,48545675,14369290,79739075
2022-12-13,4433,4438,4404,4404,21079,-0.6765899864682002,3639,221,-3906,46,0,12985,221,7270,109,20585,9346,0,11176,63,20585,16452910,997815,-17658050,207325,0,58714900,997815,32886905,492655,93092275,42261990,0,50544955,285330,93092275
2022-12-14,4414,4443,4374,4434,14281,0.6811989100817438,-3585,-5442,8314,713,0,482,1,12276,1187,13946,4067,5443,3962,474,13946,-16180055,-24706685,37649205,3237535,0,2187145,4535,55550960,5386805,63129445,18367200,24711220,17901755,2149270,63129445
2022-12-15,4433,4487,4394,4487,7123,1.1953089760938205,1549,-1,-1298,-250,0,3419,0,3283,254,6956,1870,1,4581,504,6956,6986135,-4535,-5849120,-1132480,0,15488795,0,14925980,1153160,31567935,8502660,4535,20775100,2285640,31567935
2022-12-16,4487,4570,4423,4570,37867,1.8497882772453753,8681,0,-24274,15593,0,14543,0,6054,16382,36979,5862,0,30328,789,36979,40280105,0,-112470100,72189995,0,66978815,0,27574145,75843630,170396590,26698710,0,140044245,3653635,170396590
2022-12-19,4570,4653,4540,4556,22305,-0.3063457330415755,9417,-90,-8478,-849,0,10073,3,11456,250,21782,656,93,19934,1099,21782,43920595,-421215,-39511550,-3987830,0,46983300,14025,53531120,1166215,101694660,3062705,435240,93042670,5154045,101694660
2022-12-20,4589,4589,4540,4546,33787,-0.21949078138718175,7299,1707,-7699,-1307,0,14373,2401,15270,951,32995,7074,694,22969,2258,32995,34066420,7984080,-35977750,-6072750,0,67042165,11214670,71166105,4441160,153864100,32975745,3230590,107143855,10513910,153864100
2022-12-21,4560,4565,4511,4561,21565,0.32996040475142985,6932,399,-8843,1512,0,7872,401,11249,1537,21059,940,2,20092,25,21059,32346365,1863350,-41258100,7048385,0,36718800,1872670,52412990,7164765,98169225,4372435,9320,93671090,116380,98169225
2022-12-22,4589,4609,4526,4570,19412,0.19732514799386097,-279,394,-2626,2511,0,10603,401,5431,2522,18957,10882,7,8057,11,18957,-1274170,1852045,-12307425,11729550,0,49564275,1884670,25327085,11781015,88557045,50838445,32625,37634510,51465,88557045
2022-12-23,4589,4633,4511,4634,29894,1.400437636761488,9431,272,-12309,2606,0,13757,402,12089,2945,29193,4326,130,24398,339,29193,44536490,1276540,-58064125,12251095,0,64729615,1889490,56516670,13852170,136987945,20193125,612950,114580795,1601075,136987945
2022-12-26,4638,4643,4599,4639,13008,0.10789814415192059,3006,-599,-2577,170,0,8241,402,3792,268,12703,5235,1001,6369,98,12703,14268655,-2835255,-12240525,807125,0,39123120,1909500,17993430,1272155,60298205,24854465,4744755,30233955,465030,60298205
2022-12-27,4653,4653,4623,4639,11365,0.0,3608,-1,-3273,-334,0,4167,400,6453,79,11099,559,401,9726,413,11099,17132205,-3935,-15544755,-1583515,0,19790200,1903000,30614755,376040,52683995,2657995,1906935,46159510,1959555,52683995
2022-12-28,4638,4765,4599,4736,30151,2.0909678810088383,17810,401,-16846,-1365,0,21169,401,7270,604,29444,3359,0,24116,1969,29444,85544300,1924795,-80999490,-6469605,0,101590700,1924795,34523360,2890085,140928940,16046400,0,115522850,9359690,140928940
2022-12-29,4731,4760,4653,4727,20884,-0.1900337837837838,13842,403,-11782,-2463,0,14453,404,5110,427,20394,611,1,16892,2890,20394,66858215,1951415,-56952755,-11856875,0,69772455,1956205,24562710,2060660,98352030,2914240,4790,81515465,13917535,98352030
2023-01-02,4726,4770,4706,4746,29531,0.40194626613073836,6179,333,-4884,-1628,0,9914,401,18403,121,28839,3735,68,23287,1749,28839,29993390,1613110,-23687215,-7919285,0,48105505,1944855,89362655,587990,140001005,18112115,331745,113049870,8507275,140001005
2023-01-03,4760,4760,4687,4746,23936,0.0,2137,400,757,-3294,0,5963,401,16621,390,23375,3826,1,15864,3684,23375,10332445,1947000,3716300,-15995745,0,28818760,1951830,80491705,1879300,113141595,18486315,4830,76775405,17875045,113141595
2023-01-04,4755,4868,4706,4741,24398,-0.10535187526337969,1169,-491,-2005,1327,0,10982,402,10047,2395,23826,9813,893,12052,1068,23826,6297270,-2424860,-10291230,6418820,0,53884015,1954840,48905205,11628055,116372115,47586745,4379700,59196435,5209235,116372115
2023-01-05,4804,4931,4741,4893,61375,3.206074667791605,29971,280,-29139,-1112,0,45913,404,9916,3703,59936,15942,124,39055,4815,59936,148890205,1384875,-144676455,-5598625,0,227879775,2005605,48955400,18289155,297129935,78989570,620730,193631855,23887780,297129935
2023-01-06,4921,4921,4853,4893,34554,0.0,19798,-601,-16244,-2953,0,27769,400,5400,175,33744,7971,1001,21644,3128,33744,99015975,-3029130,-81233405,-14753440,0,138875805,2010000,27015365,875080,168776250,39859830,5039130,108248770,15628520,168776250
2023-01-09,4931,5029,4794,4883,32242,-0.20437359493153487,-5068,399,3852,817,0,9320,402,17580,4184,31486,14388,3,13728,3367,31486,-25219325,2005010,18774995,4439320,0,46248995,2019835,87782310,21245325,157296465,71468320,14825,69007315,16806005,157296465
2023-01-10,4877,4892,4824,4844,27171,-0.7986893303297153,-395,525,1350,-1480,0,10322,527,15219,466,26534,10717,2,13869,1946,26534,-1948160,2611330,6738490,-7401660,0,51222935,2621250,75581265,2308740,131734190,53171095,9920,68842775,9710400,131734190
2023-01-11,4858,4873,4819,4873,24311,0.5986787778695294,2626,-1199,-1893,466,0,14292,401,7976,1072,23741,11666,1600,9869,606,23741,13097400,-5965010,-9446500,2314110,0,71097270,1997990,39619360,5331270,118045890,57999870,7963000,49065860,3017160,118045890
2023-01-12,4921,4921,4863,4883,54307,0.20521239482864767,17380,-3601,-13489,-290,0,32420,400,14592,5622,53034,15040,4001,28081,5912,53034,86876325,-17974490,-67514930,-1386905,0,161973205,2008000,72869205,28106395,264956805,75096880,19982490,140384135,29493300,264956805
2023-01-13,4951,4951,4868,4873,47291,-0.20479213598197826,12615,-5713,-13342,6440,0,17562,400,20555,7665,46182,4947,6113,33897,1225,46182,63113160,-28552990,-66757205,32197035,0,87821125,2012000,102821505,38321790,230976420,24707965,30564990,169578710,6124755,230976420
2023-01-16,4902,4902,4853,4883,109780,0.20521239482864767,-23421,-4046,21318,6149,0,38117,704,61413,6972,107206,61538,4750,40095,823,107206,-116646245,-20222525,106142995,30725775,0,190223595,3519975,306174255,34832610,534750435,306869840,23742500,200031260,4106835,534750435
2023-01-17,4941,4941,4892,4932,43229,1.0034814663116935,-11668,5319,3956,2393,0,16681,10851,10689,3994,42215,28349,5532,6733,1601,42215,-58554000,26693580,19848000,12012420,0,83776600,54464220,53663100,20049690,211953610,142330600,27770640,33815100,8037270,211953610
2023-01-18,4931,4990,4868,4932,62263,0.0,-8681,1592,404,6685,0,17639,4915,29770,8479,60803,26320,3323,29366,1794,60803,-43577390,7897840,1953735,33725815,0,88919810,24665000,150112850,42747345,306445005,132497200,16767160,148159115,9021530,306445005
2023-01-19,4951,4951,4902,4932,20056,0.0,-3229,321,6830,-3922,0,3408,3321,11892,965,19586,6637,3000,5062,4887,19586,-16255670,1624690,34381680,-19750700,0,17157610,16774690,59932110,4845720,98710130,33413280,15150000,25550430,24596420,98710130
2023-01-20,4941,4970,4882,4951,49963,0.38523925385239255,-2906,-1529,-3576,8011,0,11122,391,27868,9411,48792,14028,1920,31444,1400,48792,-14882670,-7712170,-17938830,40533670,0,55966480,1962850,140251500,47548950,245729780,70849150,9675020,158190330,7015280,245729780
2023-01-25,4951,4980,4951,4971,42075,0.4039587962027873,-18430,-2750,20412,768,0,3320,100,33593,4076,41089,21750,2850,13181,3308,41089,-93692180,-13964100,103739430,3916850,0,16867600,508400,170817240,20712160,208905400,110559780,14472500,67077810,16795310,208905400
2023-01-26,4990,4990,4941,4941,25064,-0.6035003017501509,-7681,-1710,10838,-1447,0,2756,41,21679,0,24476,10437,1751,10841,1447,24476,-39005790,-8699820,55042590,-7336980,0,13995380,207770,110089110,0,124292260,53001170,8907590,55046520,7336980,124292260
2023-01-27,4960,4960,4902,4932,34394,-0.18214936247723132,-14819,1999,12856,-36,0,807,2003,29607,1171,33588,15626,4,16751,1207,33588,-74955940,10114940,65026730,-185730,0,4077350,10135180,149377100,5922150,169511780,79033290,20240,84350370,6107880,169511780
2023-01-30,4873,4999,4873,4902,40079,-0.6082725060827251,5172,-3834,-4769,3431,0,10109,1466,23086,4478,39139,4937,5300,27855,1047,39139,26005690,-19177680,-24069160,17241150,0,50889890,7329320,116059685,22479920,196758815,24884200,26507000,140128845,5238770,196758815
2023-01-31,4902,4912,4833,4834,38431,-1.38718890248878,8570,51,-5019,-3602,0,10812,51,24348,2319,37530,2242,0,29367,5921,37530,42858160,253995,-25159520,-17952635,0,54076520,253995,121648565,11605325,187584405,11218360,0,146808085,29557960,187584405
2023-02-01,4848,4882,4848,4863,27084,0.5999172527927182,-1141,0,3447,-2306,0,12260,0,13778,411,26449,13401,0,10331,2717,26449,-5757865,0,17270480,-11512615,0,61206985,0,68809320,2049595,132065900,66964850,0,51538840,13562210,132065900
2023-02-02,4921,4931,4882,4922,19574,1.2132428542052232,-5056,204,1389,3463,0,7834,209,7518,3554,19115,12890,5,6129,91,19115,-25408740,1024120,7003330,17381290,0,39337640,1049180,37733160,17838280,95958260,64746380,25060,30729830,456990,95958260
2023-02-03,4951,4951,4882,4922,53315,0.0,-8120,-12,5510,2622,0,15276,1,34156,2632,52065,23396,13,28646,10,52065,-40880270,-60520,27731820,13208970,0,77065760,5060,171793690,13259310,262123820,117946030,65580,144061870,50340,262123820
2023-02-06,4921,4941,4902,4932,13483,0.2031694433157253,-1283,1,1444,-162,0,6200,1,6781,185,13167,7483,0,5337,347,13167,-6483490,5040,7291100,-812650,0,31251880,5040,34193310,934250,66384480,37735370,0,26902210,1746900,66384480
2023-02-07,4912,4960,4902,4932,17490,0.0,-859,-480,422,917,0,3043,0,13073,964,17080,3902,480,12651,47,17080,-4350750,-2424000,2146630,4628120,0,15380430,0,66025690,4865910,86272030,19731180,2424000,63879060,237790,86272030
2023-02-08,4931,4941,4912,4922,21499,-0.202757502027575,1982,155,-5236,3099,0,5968,155,11752,3120,20995,3986,0,16988,21,20995,10014100,781200,-26433080,15637780,0,30111560,781200,59313000,15743620,105949380,20097460,0,85746080,105840,105949380
2023-02-09,4931,4931,4882,4902,29381,-0.4063388866314506,-11822,1,13196,-1375,0,3016,1,24979,696,28692,14838,0,11783,2071,28692,-59260300,5010,66164710,-6909420,0,15097470,5010,125221010,3486820,143810310,74357770,0,59056300,10396240,143810310
2023-02-10,4921,4931,4892,4912,11105,0.2039983680130559,3226,-1796,176,-1606,0,4242,4,6598,1,10845,1016,1800,6422,1607,10845,16170530,-9016020,912420,-8066930,0,21291150,20080,33192980,5050,54509260,5120620,9036100,32280560,8071980,54509260
2023-02-13,4892,4931,4877,4912,32586,0.0,2306,-2196,-199,89,0,7428,4,23598,792,31822,5122,2200,23797,703,31822,11621820,-11067880,-1003630,449690,0,37375840,20120,118358035,3978740,159732735,25754020,11088000,119361665,3529050,159732735
2023-02-14,4912,4931,4882,4912,29565,0.0,-8602,-190,8041,751,0,2852,4,24794,1222,28872,11454,194,16753,471,28872,-43015990,-952230,40194190,3774030,0,14289290,20080,124214580,6138450,144662400,57305280,972310,84020390,2364420,144662400
2023-02-15,4921,4921,4873,4922,32289,0.20358306188925082,703,92,-162,-633,0,7067,92,24302,71,31532,6364,0,24464,704,31532,3461505,461840,-756775,-3166570,0,35448295,461840,121896965,355090,158162190,31986790,0,122653740,3521660,158162190
2023-02-16,4921,4931,4882,4922,13789,0.0,-2385,124,1400,861,0,3148,124,9214,980,13466,5533,0,7814,119,13466,-11981910,624340,7025650,4331920,0,15833120,624340,46281940,4931700,67671100,27815030,0,39256290,599780,67671100
2023-02-17,4921,4960,4892,4922,40402,0.0,-21672,-4380,14289,11763,0,3844,120,23666,11825,39455,25516,4500,9377,62,39455,-109026420,-21976400,71861660,59141160,0,19324620,603600,118937960,59452410,198318590,128351040,22580000,47076300,311250,198318590
2023-02-20,4960,4960,4892,4912,19027,-0.2031694433157253,-6203,-2862,8981,84,0,5307,140,12845,289,18581,11510,3002,3864,205,18581,-31109580,-14367370,45057320,419630,0,26690310,702700,64500990,1450780,93344780,57799890,15070070,19443670,1031150,93344780
2023-02-21,4951,4951,4892,4912,25470,0.0,3400,-302,590,-3688,0,9154,260,15459,0,24873,5754,562,14869,3688,24873,17059310,-1522530,3010500,-18547280,0,46000330,1305800,77701580,0,125007710,28941020,2828330,74691080,18547280,125007710
2023-02-22,4912,4912,4882,4883,18175,-0.5903908794788274,-1867,-2865,5066,-334,0,692,135,16922,0,17749,2559,3000,11856,334,17749,-9345840,-14351850,25371080,-1673390,0,3466870,678150,84857630,0,89002650,12812710,15030000,59486550,1673390,89002650
2023-02-23,4912,4912,4882,4893,38883,0.20479213598197826,-4967,135,7780,-2948,0,169,135,34142,3525,37971,5136,0,26362,6473,37971,-24883480,678450,38974640,-14769610,0,849110,678450,171183700,17684120,190395380,25732590,0,132209060,32453730,190395380
2023-02-24,4902,4902,4873,4883,70275,-0.20437359493153487,1244,-7811,9689,-3122,0,6210,1184,59312,1921,68627,4966,8995,49623,5043,68627,6136400,-39063205,48537605,-15610800,0,31061720,5932590,296899860,9626670,343520840,24925320,44995795,248362255,25237470,343520840
2023-02-27,4755,4755,4716,4722,28422,-3.2971533893098504,-3556,256,4603,-1303,0,3805,256,21652,2043,27756,7361,0,17049,3346,27756,-17214765,1241990,22267860,-6295085,0,18470880,1241990,105025160,9933690,134671720,35685645,0,82757300,16228775,134671720
2023-02-28,4736,4741,4721,4741,6375,0.4023718763235917,-875,156,2003,-1284,0,924,156,5146,0,6226,1799,0,3143,1284,6226,-4233580,755665,9699850,-6221935,0,4476345,755665,24933005,0,30165015,8709925,0,15233155,6221935,30165015
2023-03-02,4614,4750,4614,4653,58868,-1.8561484918793503,-19735,479,21219,-1963,0,18936,480,37841,231,57488,38671,1,16622,2194,57488,-94152855,2287835,101222440,-9357420,0,90398470,2292605,180394255,1102850,274188180,184551325,4770,79171815,10460270,274188180
2023-03-03,4677,4692,4628,4648,22845,-0.1074575542660649,-4668,1,2440,2227,0,12006,3,6976,3324,22309,16674,2,4536,1097,22309,-22202240,4755,11605145,10592340,0,57209685,14270,33200925,15838350,106263230,79411925,9515,21595780,5246010,106263230
2023-03-06,4702,4702,4609,4624,38685,-0.5163511187607573,13813,-11445,4736,-7104,0,18143,120,18967,548,37778,4330,11565,14231,7652,37778,65286570,-54170510,22460465,-33576525,0,85831815,569815,89857480,2595720,178854830,20545245,54740325,67397015,36172245,178854830
2023-03-07,4614,4643,4614,4624,29499,0.0,-4926,-6913,8988,2851,0,13814,1126,10989,2878,28807,18740,8039,2001,27,28807,-23364245,-32729150,42586210,13507185,0,65454555,5328185,52056920,13635500,136475160,88818800,38057335,9470710,128315,136475160
2023-03-08,4638,4638,4614,4624,15090,0.0,7525,166,-5142,-2549,0,11086,166,3484,0,14736,3561,0,8626,2549,14736,35611670,786125,-24336280,-12061515,0,52478990,786125,16490790,0,69755905,16867320,0,40827070,12061515,69755905
2023-03-09,4628,4638,4609,4624,6502,0.0,-1245,146,1732,-633,0,1249,146,4955,0,6350,2494,0,3223,633,6350,-5896220,691980,8199505,-2995265,0,5906630,691980,23420560,0,30019170,11802850,0,15221055,2995265,30019170
2023-03-10,4643,4643,4589,4600,8367,-0.5190311418685121,-1062,128,2774,-1840,0,2301,128,5742,0,8171,3363,0,2968,1840,8171,-4980920,605120,13056725,-8680925,0,10840860,605120,27039135,0,38485115,15821780,0,13982410,8680925,38485115
2023-03-13,4638,4638,4521,4561,18778,-0.8478260869565218,-5671,196,8313,-2838,0,4880,196,12923,339,18338,10551,0,4610,3177,18338,-26282560,916880,38653465,-13287785,0,22808205,916880,60171285,1579390,85475760,49090765,0,21517820,14867175,85475760
2023-03-14,4628,4628,4453,4482,36377,-1.7320762990572243,-8857,268,11077,-2488,0,12235,268,20337,2684,35524,21092,0,9260,5172,35524,-40674700,1234875,50886005,-11446180,0,56348860,1234875,93481195,12362185,163427115,97023560,0,42595190,23808365,163427115
2023-03-15,4565,4565,4497,4526,9572,0.9817045961624274,2800,429,-1963,-1266,0,4939,430,2894,1085,9348,2139,1,4857,2351,9348,12944325,1985375,-9050800,-5878900,0,22817690,1990000,13391635,5001850,43201175,9873365,4625,22442435,10880750,43201175
2023-03-16,4531,4536,4492,4521,19642,-0.11047282368537341,-1158,65,434,659,0,5276,66,11900,1939,19181,6434,1,11466,1280,19181,-5318375,301280,2012760,3004335,0,24399090,305915,54979615,8938955,88623575,29717465,4635,52966855,5934620,88623575
2023-03-17,4589,4589,4409,4409,30292,-2.4773280247732803,6032,131,8703,-14866,0,8154,134,20871,423,29582,2122,3,12168,15289,29582,27965645,599535,39128090,-67693270,0,37730695,613460,95440380,1929920,135714455,9765050,13925,56312290,69623190,135714455
2023-03-20,4414,4477,4394,4478,78348,1.5649807212519846,-49947,13132,33684,3131,0,3332,13134,55938,4107,76511,53279,2,22254,976,76511,-226254390,59454615,152649880,14149895,0,15073430,59463675,253272830,18572420,346382355,241327820,9060,100622950,4422525,346382355
2023-03-21,4545,4545,4453,4487,13751,0.20098258150960252,-2468,228,7087,-4847,0,2509,229,10591,100,13429,4977,1,3504,4947,13429,-11371630,1045815,32525585,-22199770,0,11500575,1050385,48590655,459000,61600615,22872205,4570,16065070,22658770,61600615
2023-03-22,4497,4511,4443,4492,15934,0.11143302874972141,-4432,2224,3020,-812,0,4426,2224,8895,15,15560,8858,0,5875,827,15560,-20261900,10185770,13799695,-3723565,0,20283925,10185770,40707325,68345,71245365,40545825,0,26907630,3791910,71245365
2023-03-23,4492,4492,4326,4385,35150,-2.3820124666073017,270,501,-5865,5094,0,10470,501,17106,6249,34326,10200,0,22971,1155,34326,1261080,2255370,-26401345,22884895,0,47066010,2255370,76832675,28082815,154236870,45804930,0,103234020,5197920,154236870
2023-03-24,4428,4443,4335,4351,19280,-0.7753705815279361,-10360,175,12479,-2294,0,1186,175,17456,11,18828,11546,0,4977,2305,18828,-46138000,781805,55595410,-10239215,0,5280500,781805,77756825,48895,83868025,51418500,0,22161415,10288110,83868025
2023-03-27,4394,4394,4208,4307,59914,-1.011261778901402,7141,-255,13643,-20529,0,20358,1270,36431,450,58509,13217,1525,22788,20979,58509,31873460,-1239365,59161835,-89795930,0,89267085,5493510,158301855,1965660,255028110,57393625,6732875,99140020,91761590,255028110
2023-03-28,4306,4404,4277,4370,27427,1.4627350824239609,10102,155,-6089,-4168,0,11320,155,10981,4328,26784,1218,0,17070,8496,26784,44991295,685620,-26847920,-18828995,0,50397925,685620,48925700,19055300,119064545,5406630,0,75773620,37884295,119064545
2023-03-29,4399,4399,4326,4326,21892,-1.0068649885583525,3314,-1,-205,-3108,0,3526,0,17853,0,21379,212,1,18058,3108,21379,14753345,-4465,-860875,-13888005,0,15701185,0,79859390,0,95560575,947840,4465,80720265,13888005,95560575
2023-03-30,4326,4365,4326,4365,13963,0.9015256588072121,-3435,1,5635,-2201,0,1938,1,11396,301,13636,5373,0,5761,2502,13636,-15316245,4450,25087240,-9775445,0,8640935,4450,50732955,1343965,60722305,23957180,0,25645715,11119410,60722305
2023-03-31,4389,4404,4331,4336,22924,-0.6643757159221076,3762,-1,5967,-9728,0,4703,0,16662,1022,22387,941,1,10695,10750,22387,16711155,-4500,26653120,-43359775,0,20931020,0,74350025,4541460,99822505,4219865,4500,47696905,47901235,99822505
2023-04-03,4340,4560,4340,4561,29201,5.189114391143911,1974,2092,-12721,8655,0,5519,2195,7427,13375,28516,3545,103,20148,4720,28516,8838205,9403870,-57456415,39214340,0,24848720,9874220,33412690,60509695,128645325,16010515,470350,90869105,21295355,128645325
2023-04-04,4555,4584,4497,4585,10822,0.526200394650296,577,89,-2711,2045,0,1868,91,5336,3273,10568,1291,2,8047,1228,10568,2669875,411230,-12539525,9458420,0,8639890,420485,24701890,15143185,48905450,5970015,9255,37241415,5684765,48905450
2023-04-05,4501,4589,4501,4580,69729,-0.10905125408942204,51256,649,-50072,-1833,0,55318,650,9331,2795,68094,4062,1,59403,4628,68094,239900750,3022305,-234339770,-8583285,0,258867085,3026985,43534150,13020075,318448295,18966335,4680,277873920,21603360,318448295
2023-04-06,4599,4599,4497,4570,22395,-0.21834061135371177,9131,391,-3992,-5530,0,13974,391,7379,126,21870,4843,0,11371,5656,21870,42797685,1824845,-18817695,-25804835,0,65249630,1824845,34305090,582815,101962380,22451945,0,53122785,26387650,101962380
2023-04-07,4560,4614,4497,4570,20239,0.0,7592,432,-8460,436,0,10708,432,4813,3811,19764,3116,0,13273,3375,19764,35609940,2019385,-39469750,1840425,0,50073265,2019385,22301865,17623660,92018175,14463325,0,61771615,15783235,92018175
2023-04-10,4580,4604,4501,4502,30183,-1.487964989059081,-12021,873,14211,-3063,0,2248,874,26353,0,29475,14269,1,12142,3063,29475,-55568305,4030575,65771705,-14233975,0,10430430,4035190,122004980,0,136470600,65998735,4615,56233275,14233975,136470600
2023-04-11,4501,4570,4467,4546,24537,0.9773434029320303,2404,874,-1570,-1708,0,10444,874,8661,3983,23962,8040,0,10231,5691,23962,11341020,4069395,-7319625,-8090790,0,48394235,4069395,39899285,18383195,110746110,37053215,0,47218910,26473985,110746110
2023-04-12,4545,4545,4492,4502,27551,-0.9678838539375276,13924,172,-12546,-1550,0,16334,173,10348,50,26905,2410,1,22894,1600,26905,64308370,795940,-57927750,-7176560,0,75410305,800545,47731445,230250,124172545,11101935,4605,105659195,7406810,124172545
2023-04-13,4497,4516,4482,4502,10419,0.0,1599,175,80,-1854,0,5776,175,4224,0,10175,4177,0,4144,1854,10175,7344700,807025,396035,-8547760,0,26566010,807025,19474100,0,46847135,19221310,0,19078065,8547760,46847135
2023-04-14,4497,4570,4472,4565,34508,1.399378054198134,4855,173,-13302,8274,0,12334,173,12906,8286,33699,7479,0,26208,12,33699,22451395,802680,-61587120,38333045,0,57066000,802680,59646750,38388725,155904155,34614605,0,121233870,55680,155904155
2023-04-17,4570,4653,4565,4639,23837,1.6210295728368018,9404,516,-15647,5727,0,10767,517,4981,7013,23278,1363,1,20628,1286,23278,44405140,2418390,-73727890,26904360,0,50826305,2423075,23454530,32990630,109694540,6421165,4685,97182420,6086270,109694540
2023-04-18,4667,4912,4633,4712,68358,1.5736150032334555,10679,-14016,5964,-2627,0,14173,466,45175,6941,66755,3494,14482,39211,9568,66755,51434015,-67176450,28407820,-12665385,0,68149150,2248825,218151125,33455630,322004730,16715135,69425275,189743305,46121015,322004730
2023-04-19,4711,4775,4638,4639,26022,-1.5492359932088287,8336,-1175,-3698,-3463,0,12407,1188,11011,806,25412,4071,2363,14709,4269,25412,40136490,-5610865,-17864285,-16661340,0,59588850,5692750,52596570,3866950,121745120,19452360,11303615,70460855,20528290,121745120
2023-04-20,4785,4785,4594,4673,29358,0.7329165768484587,12788,-7630,-6411,1253,0,17352,169,3050,8099,28670,4564,7799,9461,6846,28670,60839530,-36368570,-30510290,6039330,0,82550175,805235,14477285,38600045,136432740,21710645,37173805,44987575,32560715,136432740
2023-04-21,4687,4746,4604,4673,22551,0.0,9365,469,-10132,298,0,13057,469,4772,3724,22022,3692,0,14904,3426,22022,44748165,2232790,-48406495,1425540,0,62357665,2232790,22758615,17760520,105109590,17609500,0,71165110,16334980,105109590
2023-04-24,4638,4697,4545,4590,55585,-1.776160924459662,22114,-19385,9162,-11891,0,27201,168,22701,4212,54282,5087,19553,13539,16103,54282,104309025,-91394935,43262480,-56176570,0,128210585,797460,107078690,19765640,255852375,23901560,92192395,63816210,75942210,255852375
2023-04-25,4623,4623,4560,4580,7038,-0.2178649237472767,-887,172,3969,-3254,0,998,172,5703,0,6873,1885,0,1734,3254,6873,-4159615,804960,18589905,-15235250,0,4670040,804960,26707310,0,32182310,8829655,0,8117405,15235250,32182310
2023-04-26,4599,4667,4545,4600,23784,0.43668122270742354,8311,160,-5031,-3440,0,17255,431,4251,1289,23226,8944,271,9282,4729,23226,39505430,757955,-23933855,-16329530,0,81712860,2031720,20086685,6064105,109895370,42207430,1273765,44020540,22393635,109895370
2023-04-27,4633,4643,4589,4595,13198,-0.10869565217391304,2433,170,-1289,-1314,0,5341,170,7378,0,12889,2908,0,8667,1314,12889,11368080,799845,-5973380,-6194545,0,25108165,799845,34833495,0,60741505,13740085,0,40806875,6194545,60741505
2023-04-28,4589,4648,4536,4575,21871,-0.4352557127312296,-5013,-364,6719,-1342,0,9247,171,11866,74,21358,14260,535,5147,1416,21358,-23368810,-1684610,31354535,-6301115,0,43108040,804370,55463150,344895,99720455,66476850,2488980,24108615,6646010,99720455
2023-05-02,4604,4628,4492,4556,7939,-0.41530054644808745,-577,-139,25,691,0,1100,171,5497,985,7753,1677,310,5472,294,7753,-2658280,-654935,118650,3194565,0,5143085,800515,25685900,4570025,36199525,7801365,1455450,25567250,1375460,36199525
2023-05-03,4594,4594,4487,4580,15210,0.5267778753292361,-3103,-2884,5666,321,0,1787,116,12307,643,14853,4890,3000,6641,322,14853,-14354290,-13339710,26181905,1512095,0,8234150,537350,56844790,2999335,68615625,22588440,13877060,30662885,1487240,68615625
2023-05-04,4580,4580,4521,4580,28448,0.0,10806,-4155,-5880,-771,0,15618,447,11626,90,27781,4812,4602,17506,861,27781,50284845,-19435780,-27257245,-3591820,0,72757760,2086510,54280335,418655,129543260,22472915,21522290,81537580,4010475,129543260
2023-05-08,4580,4628,4580,4595,53723,0.32751091703056767,-12202,1487,9126,1589,0,2154,2884,44979,2446,52463,14356,1397,35853,857,52463,-57619450,6992485,43108835,7518130,0,10161700,13594615,212306625,11556625,247619565,67781150,6602130,169197790,4038495,247619565
2023-05-09,4623,4623,4560,4595,22109,0.0,-4649,-1113,5173,589,0,4771,2043,14188,589,21591,9420,3156,9015,0,21591,-21878620,-5187730,24302250,2764100,0,22447110,9612315,66710515,2764100,101534040,44325730,14800045,42408265,0,101534040
2023-05-10,4614,4614,4584,4595,26004,0.0,-11188,-601,12385,-596,0,11203,143,13943,105,25394,22391,744,1558,701,25394,-52616345,-2825305,58239515,-2797865,0,52677990,671705,65565495,494235,119409425,105294335,3497010,7325980,3292100,119409425
2023-05-11,4638,4638,4580,4600,37215,0.1088139281828074,-4547,-10572,10800,4319,0,14426,82,17086,4748,36342,18973,10654,6286,429,36342,-21312585,-49778930,50760960,20330555,0,67906200,386410,80330130,22345850,170968590,89218785,50165340,29569170,2015295,170968590
2023-05-12,4599,4638,4589,4595,49220,-0.10869565217391304,3609,-2501,-6779,5671,0,16888,44,23127,8007,48066,13279,2545,29906,2336,48066,17371085,-11806420,-32415340,26850675,0,80005795,207440,109029430,37894800,227137465,62634710,12013860,141444770,11044125,227137465
2023-05-15,4599,4750,4599,4673,48895,1.6974972796517953,6913,-2358,-19091,14536,0,15551,2142,13819,16237,47749,8638,4500,32910,1701,47749,32980325,-11194100,-90830555,69044330,0,74099605,10238050,65897805,77266820,227502280,41119280,21432150,156728360,8222490,227502280
2023-05-16,4697,4741,4672,4702,37825,0.6205863471003638,7648,-4614,-6323,3289,0,18362,45,12029,6502,36938,10714,4659,18352,3213,36938,36827800,-22239820,-30458910,15870930,0,88330070,216560,57848790,31321535,177716955,51502270,22456380,88307700,15450605,177716955
2023-05-17,4716,4736,4648,4702,28799,0.0,-2084,41,7796,-5753,0,8076,42,19344,662,28124,10160,1,11548,6415,28124,-10061570,197440,37518795,-27654665,0,38751025,202230,92956175,3157900,135067330,48812595,4790,55437380,30812565,135067330
2023-05-18,4706,4706,4658,4697,18817,-0.10633772862611655,67,58,3837,-3962,0,1081,58,17120,117,18376,1014,0,13283,4079,18376,306600,278905,18461855,-19047360,0,5172070,278905,82304345,559480,88314800,4865470,0,63842490,19606840,88314800
2023-05-19,4697,4711,4687,4702,23707,0.10645092612305727,-13920,39,15583,-1702,0,1408,42,20723,978,23151,15328,3,5140,2680,23151,-67000615,187595,74996140,-8183120,0,6773545,202020,99724315,4704385,111404265,73774160,14425,24728175,12887505,111404265
2023-05-22,4711,4736,4697,4712,16475,0.2126754572522331,-7751,81,6943,727,0,1567,81,13051,1390,16089,9318,0,6108,663,16089,-37343635,390420,33450645,3502570,0,7546860,390420,62898830,6700960,77537070,44890495,0,29448185,3198390,77537070
2023-05-23,4716,4731,4663,4687,22943,-0.530560271646859,319,1576,843,-2738,0,5312,1576,15507,10,22405,4993,0,14664,2748,22405,1501660,7559240,4087070,-13147970,0,25465575,7559240,74379455,48050,107452320,23963915,0,70292385,13196020,107452320
2023-05-24,4687,4736,4653,4668,23420,-0.40537657350117345,1519,41,3627,-5187,0,3965,43,18863,0,22871,2446,2,15236,5187,22871,7259000,195870,17343635,-24798505,0,18960720,205435,90134435,0,109300590,11701720,9565,72790800,24798505,109300590
2023-05-25,4667,4692,4648,4668,14846,0.0,-7964,38,7919,7,0,443,42,12791,1222,14498,8407,4,4872,1215,14498,-38073700,182180,37857975,33545,0,2115735,201285,61113235,5841050,69271305,40189435,19105,23255260,5807505,69271305
2023-05-26,4682,4702,4653,4692,31223,0.5141388174807198,3338,44,-6261,2879,0,12146,44,14975,3326,30491,8808,0,21236,447,30491,16003460,210575,-30035520,13821485,0,58137065,210575,71642555,15962335,145952530,42133605,0,101678075,2140850,145952530
2023-05-30,4702,4755,4692,4751,47510,1.257459505541347,-5722,9365,-12292,8649,0,10139,10365,15953,9939,46396,15861,1000,28245,1290,46396,-27532180,45309260,-59647205,41870125,0,49149130,50169260,77270845,48098385,224687620,76681310,4860000,136918050,6228260,224687620
2023-05-31,4790,4868,4721,4853,80049,2.146916438644496,-13377,-3126,-10182,26685,0,23041,40,27737,27354,78172,36418,3166,37919,669,78172,-66601860,-15415000,-49636745,131653605,0,113203820,197400,136767920,134926705,385095845,179805680,15612400,186404665,3273100,385095845
2023-06-01,4858,4863,4833,4849,37633,-0.082423243354626,-8243,59,16105,-7921,0,8516,59,28176,0,36751,16759,0,12071,7921,36751,-41000620,292805,80019900,-39312085,0,42289930,292805,139878850,0,182461585,83290550,0,59858950,39312085,182461585
2023-06-02,4848,4848,4824,4839,23330,-0.20622808826562178,3728,-681,2828,-5875,0,7755,50,14978,0,22783,4027,731,12150,5875,22783,18451125,-3374355,13997835,-29074605,0,38406920,247750,74146810,0,112801480,19955795,3622105,60148975,29074605,112801480
2023-06-05,4843,4921,4833,4878,72614,0.805951642901426,4248,4105,1757,-10110,0,28599,14541,25396,2376,70912,24351,10436,23639,12486,70912,21442235,20348455,8846100,-50636790,0,143095920,72615630,127449635,11893090,355054275,121653685,52267175,118603535,62529880,355054275
2023-06-07,4794,4794,4609,4648,190245,-4.715047150471505,-17840,-7740,27350,-1770,0,22977,16262,137483,9063,185785,40817,24002,110133,10833,185785,-85232070,-37218630,130789830,-8339130,0,109635480,77534995,656727620,43421830,887319925,194867550,114753625,525937790,51760960,887319925
2023-06-08,4648,4663,4497,4551,163431,-2.0869191049913938,-60013,7094,52945,-26,0,41281,7094,108239,2985,159599,101294,0,55294,3011,159599,-280962850,33350935,247914305,-302390,0,192243950,33350935,505745205,13847435,745187525,473206800,0,257830900,14149825,745187525
2023-06-09,4531,4667,4531,4658,77839,2.351131619424302,5811,-1,-15780,9970,0,31962,0,33185,10867,76014,26151,1,48965,897,76014,28300440,-4645,-75387280,47091485,0,151298965,0,156075775,51323050,358697790,122998525,4645,231463055,4231565,358697790
2023-06-12,4677,4692,4658,4678,53802,0.42936882782310004,-17359,3,14055,3301,0,5020,3,42184,5334,52541,22379,0,28129,2033,52541,-82951185,14335,67113445,15823405,0,24009020,14335,201638790,25528955,251191100,106960205,0,134525345,9705550,251191100
2023-06-13,4677,4721,4658,4702,71195,0.5130397605814451,-2787,-19877,14417,8247,0,9418,0,49151,10957,69526,12205,19877,34734,2710,69526,-13448745,-95549870,69130775,39867840,0,45262735,0,236181245,52831945,334275925,58711480,95549870,167050470,12964105,334275925
2023-06-14,4702,4746,4682,4746,62337,0.9357720119098255,-14154,-300,16359,-1905,0,2034,0,50820,8021,60875,16188,300,34461,9926,60875,-68412515,-1453500,78901050,-9035035,0,9789615,0,245712940,38795235,294297790,78202130,1453500,166811890,47830270,294297790
2023-06-15,4726,4785,4716,4785,57131,0.8217446270543615,-3481,-4083,196,7368,0,11432,15,34099,10246,55792,14913,4098,33903,2878,55792,-17111010,-19862660,1109340,35864330,0,55611615,73050,166027995,49830915,271543575,72722625,19935710,164918655,13966585,271543575
2023-06-16,4799,4799,4702,4790,67194,0.10449320794148381,-19484,248,-3291,22527,0,6406,249,28752,30212,65619,25890,1,32043,7685,65619,-94775370,1205480,-16537105,110106995,0,31191860,1210365,140049610,147497280,319949115,125967230,4885,156586715,37390285,319949115
2023-06-19,4705,4760,4680,4690,47551,-2.0876826722338206,3968,505,1107,-5580,0,6645,505,39912,489,47551,2677,0,38805,6069,47551,18653640,2372925,5169110,-26195675,0,31253040,2372925,187863400,2303670,223793035,12599400,0,182694290,28499345,223793035
2023-06-20,4760,4760,4605,4700,49645,0.21321961620469082,-12171,1,11071,1099,0,14484,1,29768,5392,49645,26655,0,18697,4293,49645,-56789375,4650,51648980,5135745,0,67675050,4650,138824230,25156450,231660380,124464425,0,87175250,20020705,231660380
2023-06-21,4745,4745,4655,4690,10993,-0.2127659574468085,3271,-2,1997,-5266,0,3704,0,7289,0,10993,433,2,5292,5266,10993,15303775,-9380,9358585,-24652980,0,17337740,0,34139915,0,51477655,2033965,9380,24781330,24652980,51477655
2023-06-22,4625,4675,4625,4650,26694,-0.8528784648187633,7619,-9598,4650,-2671,0,8880,0,14902,2912,26694,1261,9598,10252,5583,26694,35484420,-44674180,21616760,-12427000,0,41337435,0,69303770,13544175,124185380,5853015,44674180,47687010,25971175,124185380
2023-06-23,4645,4645,4565,4575,41392,-1.6129032258064515,17549,-6500,-2093,-8956,0,18198,0,23141,53,41392,649,6500,25234,9009,41392,80683525,-29975000,-9615100,-41093425,0,83649545,0,106272490,242740,190164775,2966020,29975000,115887590,41336165,190164775
2023-06-26,4570,4570,4530,4565,16630,-0.2185792349726776,6066,-219,-6400,553,0,6733,1,7936,1960,16630,667,220,14336,1407,16630,27565895,-999740,-29044680,2478525,0,30607570,4560,36099210,8896600,75607940,3041675,1004300,65143890,6418075,75607940
2023-06-27,4580,4630,4575,4625,22928,1.3143483023001095,-2002,-2,-2635,4639,0,10932,0,5037,6959,22928,12934,2,7672,2320,22928,-9266360,-9215,-12083975,21359550,0,50467150,0,23165790,32031350,105664290,59733510,9215,35249765,10671800,105664290
2023-06-28,4625,4680,4625,4635,15165,0.21621621621621623,9034,0,-8383,-651,0,10194,0,4960,11,15165,1160,0,13343,662,15165,41972700,0,-38940110,-3032590,0,47366740,0,23011065,51095,70428900,5394040,0,61951175,3083685,70428900
2023-06-29,4645,4685,4585,4645,16637,0.2157497303128371,-3904,20,5832,-1948,0,8655,20,6786,1176,16637,12559,0,954,3124,16637,-17948535,92900,26936510,-9080875,0,40019355,92900,31367830,5416135,76896220,57967890,0,4431320,14497010,76896220
2023-06-30,4645,4670,4625,4645,7222,0.0,1049,640,-948,-741,0,2788,640,3433,361,7222,1739,0,4381,1102,7222,4880910,2968000,-4413900,-3435010,0,12942140,2968000,15914675,1675665,33500480,8061230,0,20328575,5110675,33500480
2023-07-03,4625,4695,4620,4670,49544,0.5382131324004306,817,25000,-23387,-2430,0,10580,25000,12670,1294,49544,9763,0,36057,3724,49544,3799855,116000000,-108442295,-11357560,0,49432765,116000000,59053845,6037685,230524295,45632910,0,167496140,17395245,230524295
2023-07-04,4670,4670,4640,4645,19730,-0.5353319057815845,6263,3,-4715,-1551,0,9884,3,9843,0,19730,3621,0,14558,1551,19730,29187995,13970,-21981650,-7220315,0,46040460,13970,45828985,0,91883415,16852465,0,67810635,7220315,91883415
2023-07-05,4700,4700,4595,4600,58530,-0.9687836383207751,9058,20957,-29065,-950,0,13647,25003,16969,2911,58530,4589,4046,46034,3861,58530,41788335,98857585,-136281340,-4364580,0,63088480,117513855,78444940,13466775,272514050,21300145,18656270,214726280,17831355,272514050
2023-07-06,4600,4630,4460,4495,40289,-2.282608695652174,7858,-1013,871,-7716,0,12710,6,27133,440,40289,4852,1019,26262,8156,40289,35702570,-4558515,3673425,-34817480,0,57516245,26985,122427690,2017190,181988110,21813675,4585500,118754265,36834670,181988110
2023-07-07,4495,4495,4435,4450,26798,-1.0011123470522802,5208,-1,-1022,-4185,0,6886,0,19912,0,26798,1678,1,20934,4185,26798,23204250,-4475,-4546440,-18653335,0,30674965,0,88749570,0,119424535,7470715,4475,93296010,18653335,119424535
2023-07-10,4450,4475,4405,4420,32076,-0.6741573033707865,4376,3787,-5666,-2497,0,9868,3788,18420,0,32076,5492,1,24086,2497,32076,19317465,16827260,-25086990,-11057735,0,43694800,16831705,81755985,0,142282490,24377335,4445,106842975,11057735,142282490
2023-07-11,4415,4415,4380,4400,27769,-0.4524886877828055,5770,-4100,1413,-3083,0,8200,905,18664,0,27769,2430,5005,17251,3083,27769,25352465,-17965030,6161585,-13549020,0,36016720,3981960,81995780,0,121994460,10664255,21946990,75834195,13549020,121994460
2023-07-12,4400,4400,4365,4390,54835,-0.22727272727272727,5626,-20100,12203,2271,0,8486,1,41569,4779,54835,2860,20101,29366,2508,54835,24599075,-88128845,53545145,9984625,0,37123615,4370,182085155,20959060,240172200,12524540,88133215,128540010,10974435,240172200
2023-07-13,4435,4440,4380,4405,68233,0.3416856492027335,11056,8899,-27330,7375,0,26215,8900,23922,9196,68233,15159,1,51252,1821,68233,48729975,39309610,-120508360,32468775,0,115498325,39314000,105405770,40512515,300730610,66768350,4390,225914130,8043740,300730610
2023-07-14,4425,4500,4395,4500,45379,2.1566401816118046,-3119,998,-11166,13287,0,11635,1000,18965,13779,45379,14754,2,30131,492,45379,-14054370,4401095,-49340510,58993785,0,51548930,4410000,83730805,61156405,200846140,65603300,8905,133071315,2162620,200846140
2023-07-17,4530,4575,4435,4575,44925,1.6666666666666667,-6479,-601,4240,2840,0,15591,0,24244,5090,44925,22070,601,20004,2250,44925,-29047980,-2731520,19131140,12648360,0,70525030,0,109649260,22808415,202982705,99573010,2731520,90518120,10160055,202982705
2023-07-18,4585,4595,4490,4570,41475,-0.1092896174863388,16943,-2,-7841,-9100,0,30871,0,10041,563,41475,13928,2,17882,9663,41475,77393260,-9070,-35996160,-41388030,0,140829345,0,45779255,2573195,189181795,63436085,9070,81775415,43961225,189181795
2023-07-19,4550,4595,4450,4450,81037,-2.62582056892779,1767,3402,-18134,12965,0,24381,3402,34305,18949,81037,22614,0,52439,5984,81037,8251565,15536460,-81491900,57703875,0,109998805,15536460,154551875,85003875,365091015,101747240,0,236043775,27300000,365091015
2023-07-20,4470,4555,4470,4475,39369,0.5617977528089888,4948,1,-9737,4788,0,25312,1,8341,5715,39369,20364,0,18078,927,39369,22340945,4500,-43837820,21492375,0,113834495,4500,37448105,25705360,176992460,91493550,0,81285925,4212985,176992460
2023-07-21,4470,4480,4410,4420,60053,-1.2290502793296088,13404,1,10845,-24250,0,23163,1,35422,1467,60053,9759,0,24577,25717,60053,59566345,4425,47829120,-107399890,0,102714980,4425,156830390,6525895,266075690,43148635,0,109001270,113925785,266075690
2023-07-24,4420,4430,4380,4400,97353,-0.4524886877828055,25025,3066,-39047,10956,0,30952,12011,36439,17951,97353,5927,8945,75486,6995,97353,110040740,13471045,-172066280,48554495,0,136106220,52968250,160284905,79285560,428644935,26065480,39497205,332351185,30731065,428644935
2023-07-25,4400,4410,4355,4400,70478,0.0,2928,-32356,23842,5586,0,6435,1000,54346,8697,70478,3507,33356,30504,3111,70478,12852510,-141643185,104317935,24472740,0,28185280,4360000,237852740,38059805,308457825,15332770,146003185,133534805,13587065,308457825
2023-07-26,4430,4525,4415,4460,46115,1.3636363636363635,23801,-1489,-9438,-12874,0,34850,4,10610,651,46115,11049,1493,20048,13525,46115,106226980,-6648405,-42138525,-57440050,0,155435490,17830,47251585,2893660,205598565,49208510,6666235,89390110,60333710,205598565
2023-07-27,4490,4490,4360,4460,37288,0.0,17043,641,-17254,-430,0,26747,951,5136,4454,37288,9704,310,22390,4884,37288,76176165,2803635,-76882955,-2096845,0,119461665,4193975,22815190,19731005,166201835,43285500,1390340,99698145,21827850,166201835
2023-07-28,4425,4500,4410,4495,66488,0.7847533632286996,17891,-2702,-30471,15282,0,27035,0,22492,16961,66488,9144,2702,52963,1679,66488,79979300,-12059925,-136153265,68233890,0,120839345,0,100465220,75714355,297018920,40860045,12059925,236618485,7480465,297018920
2023-07-31,4520,4530,4490,4530,18264,0.778642936596218,-97,-3364,2700,761,0,5747,1,9469,3047,18264,5844,3365,6769,2286,18264,-441975,-15179835,12099405,3522405,0,25867850,4495,42591875,13798165,82262385,26309825,15184330,30492470,10275760,82262385
2023-08-01,4490,4595,4490,4595,54628,1.434878587196468,14587,-11267,-11136,7816,0,29460,0,16244,8924,54628,14873,11267,27380,1108,54628,66707980,-51434795,-50953225,35680040,0,134379545,0,73952830,40689725,249022100,67671565,51434795,124906055,5009685,249022100
2023-08-02,4595,4600,4575,4595,38730,0.0,3511,-7262,3362,389,0,21897,2001,14261,571,38730,18386,9263,10899,182,38730,16103910,-33299155,15410140,1785105,0,100429900,9174590,65427640,2620485,177652615,84325990,42473745,50017500,835380,177652615
2023-08-03,4590,4595,4570,4585,39567,-0.2176278563656148,8612,-8310,-3637,3335,0,24012,0,11195,4360,39567,15400,8310,14832,1025,39567,39498360,-38126855,-16668790,15297285,0,110107245,0,51336440,19989760,181433445,70608885,38126855,68005230,4692475,181433445
2023-08-04,4585,4595,4540,4590,32720,0.10905125408942204,1680,-2336,2222,-1566,0,12502,3000,16509,709,32720,10822,5336,14287,2275,32720,7754760,-10774275,10173770,-7154255,0,57156105,13710000,75487370,3241550,149595025,49401345,24484275,65313600,10395805,149595025
2023-08-07,4585,4585,4470,4550,36390,-0.8714596949891068,-10177,8300,2967,-1090,0,13986,8300,13604,500,36390,24163,0,10637,1590,36390,-45703565,37696875,12959745,-4953055,0,63464220,37696875,61520780,2270480,164952355,109167785,0,48561035,7223535,164952355
2023-08-08,4540,4545,4365,4405,144075,-3.1868131868131866,-63232,11926,43526,7780,0,17979,21927,89918,14251,144075,81211,10001,46392,6471,144075,-278330925,52931195,191387970,34011760,0,79251190,97085615,395908215,62679460,634924480,357582115,44154420,204520245,28667700,634924480
2023-08-09,4405,4440,4360,4430,54366,0.5675368898978433,419,4270,-5043,354,0,34433,4270,12741,2922,54366,34014,0,17784,2568,54366,1902440,18889590,-22391650,1599620,0,151956230,18889590,56176050,12896240,239918110,150053790,0,78567700,11296620,239918110
2023-08-10,4405,4460,4350,4425,73537,-0.1128668171557562,12059,2464,-2721,-11802,0,31703,5883,29434,6517,73537,19644,3419,32155,18319,73537,53610480,10778845,-12732075,-51657250,0,140126880,25822465,129676845,28803320,324429510,86516400,15043620,142408920,80460570,324429510
2023-08-11,4300,4335,4260,4325,413951,-2.2598870056497176,52263,38632,-76524,-14371,0,200935,39606,163365,10045,413951,148672,974,239889,24416,413951,225290255,165861780,-329458895,-61693140,0,862420280,170079165,700707085,43054970,1776261500,637130025,4217385,1030165980,104748110,1776261500
2023-08-14,4295,4350,4285,4345,230027,0.46242774566473993,4787,97206,-128168,26175,0,69214,97206,36177,27430,230027,64427,0,164345,1255,230027,20830180,420704305,-554850535,113316050,0,299218515,420704305,156202635,118739240,994864695,278388335,0,711053170,5423190,994864695
2023-08-16,4370,4370,4295,4330,220211,-0.34522439585730724,24097,-267,-31285,7455,0,69261,3052,119602,28296,220211,45164,3319,150887,20841,220211,104051040,-1286265,-135622805,32858030,0,299359395,13144810,517309705,122949540,952763450,195308355,14431075,652932510,90091510,952763450
2023-08-17,4330,4335,4260,4275,124793,-1.2702078521939952,14559,-4200,-1088,-9271,0,49249,1000,72616,1928,124793,34690,5200,73704,11199,124793,62464025,-18131000,-4592410,-39740615,0,211020115,4274000,311016480,8301505,534612100,148556090,22405000,315608890,48042120,534612100
2023-08-18,4275,4295,4265,4290,55955,0.3508771929824561,11798,479,-7804,-4473,0,19692,479,31967,3817,55955,7894,0,39771,8290,55955,50473345,2045595,-33439550,-19079390,0,84206305,2045595,136544575,16374230,239170705,33732960,0,169984125,35453620,239170705
2023-08-21,4270,4295,4270,4280,64563,-0.2331002331002331,13233,14910,-21400,-6743,0,19333,14911,30317,2,64563,6100,1,51717,6745,64563,56707005,63814810,-91665025,-28856790,0,82796480,63819085,129691485,8540,276315590,26089475,4275,221356510,28865330,276315590
2023-08-22,4260,4350,4260,4340,206236,1.4018691588785046,73417,16052,-112148,22679,0,113043,19801,48570,24822,206236,39626,3749,160718,2143,206236,317506465,68917185,-484271355,97847705,0,488795170,85135300,209331165,107128490,890390125,171288705,16218115,693602520,9280785,890390125
2023-08-23,4310,4365,4280,4335,84238,-0.1152073732718894,26249,2974,-26021,-3202,0,37916,8427,30811,7084,84238,11667,5453,56832,10286,84238,113875470,12857290,-112913265,-13819495,0,164377790,36542510,133157830,30623760,364701890,50502320,23685220,246071095,44443255,364701890
2023-08-24,4305,4355,4305,4340,94065,0.11534025374855825,62802,8173,-72198,1223,0,67608,12397,10182,3878,94065,4806,4224,82380,2655,94065,272753410,35261575,-313362235,5347250,0,293628860,53625975,44142070,16845435,408242340,20875450,18364400,357504305,11498185,408242340
2023-08-25,4370,4370,4320,4365,125352,0.5760368663594471,82540,-16132,-79146,12738,0,91521,0,16229,17602,125352,8981,16132,95375,4864,125352,359082260,-70409065,-344040875,55367680,0,398098350,0,70552800,76482475,545133625,39016090,70409065,414593675,21114795,545133625
2023-08-28,4350,4495,4350,4455,285900,2.0618556701030926,80025,16262,-189716,93429,0,111439,20244,43597,110620,285900,31414,3982,233313,17191,285900,355635405,71412565,-839400315,412352345,0,494634200,89048625,192634690,489197130,1265514645,138998795,17636060,1032035005,76844785,1265514645
2023-08-29,4455,4560,4435,4535,550475,1.7957351290684627,298987,-41560,-376656,119229,0,347393,861,62566,139655,550475,48406,42421,439222,20426,550475,1355719145,-188143610,-1705293255,537717720,0,1575129800,3908940,282942370,629570950,2491552060,219410655,192052550,1988235625,91853230,2491552060
2023-08-30,4385,4535,4370,4475,157857,-1.3230429988974641,72619,1000,-5679,-67940,0,83259,1000,60428,13170,157857,10640,0,66107,81110,157857,320236835,4390000,-25254760,-299372075,0,367243925,4390000,266556100,57918480,696108505,47007090,0,291810860,357290555,696108505
2023-08-31,4475,4505,4380,4455,103561,-0.44692737430167595,55268,-499,-6471,-48298,0,65666,1,33761,4133,103561,10398,500,40232,52431,103561,246081665,-2230780,-29105575,-214745310,0,292224660,4430,149289655,18299455,459818200,46142995,2235210,178395230,233044765,459818200
2023-09-01,4410,4465,4405,4435,42402,-0.44893378226711567,4193,-751,17285,-20727,0,8288,1,31704,2409,42402,4095,752,14419,23136,42402,18650630,-3330695,76628815,-91948750,0,36777360,4430,140639850,10695960,188117600,18126730,3335125,64011035,102644710,188117600
2023-09-04,4390,4420,4320,4350,110981,-1.9165727170236753,13168,3447,34761,-51376,0,48695,3448,55050,3788,110981,35527,1,20289,55164,110981,57728255,15034380,151316260,-224078895,0,212653335,15038760,240170795,16600125,484463015,154925080,4380,88854535,240679020,484463015
2023-09-05,4350,4360,4280,4340,73907,-0.22988505747126436,17194,0,-2597,-14597,0,43436,1,25062,5408,73907,26242,1,27659,20005,73907,74186775,25,-11218380,-62968420,0,187343155,4325,108074310,23265275,318687065,113156380,4300,119292690,86233695,318687065
2023-09-06,4340,4340,4255,4290,119216,-1.1520737327188941,-17075,-1291,16902,1464,0,52069,12906,47185,7056,119216,69144,14197,30283,5592,119216,-72886005,-5760420,72473275,6173150,0,223004945,55083895,201925905,30171765,510186510,295890950,60844315,129452630,23998615,510186510
2023-09-07,4300,4300,4265,4300,43855,0.2331002331002331,18037,1735,-22093,2321,0,28805,1737,7986,5327,43855,10768,2,30079,3006,43855,77216670,7416445,-94564185,9931070,0,123249190,7425005,34179515,22795675,187649385,46032520,8560,128743700,12864605,187649385
2023-09-08,4300,4360,4300,4355,47608,1.2790697674418605,-1321,2332,-9695,8684,0,14806,2338,18645,11819,47608,16127,6,28340,3135,47608,-5651380,10057130,-41958070,37552320,0,63967090,10083030,80575210,51062715,205688045,69618470,25900,122533280,13510395,205688045
2023-09-11,4330,4365,4315,4345,33371,-0.2296211251435132,277,-1371,1852,-758,0,14015,100,17685,1571,33371,13738,1471,15833,2329,33371,1195715,-5967255,8085935,-3314395,0,60826580,433750,76733955,6810350,144804635,59630865,6401005,68648020,10124745,144804635
2023-09-12,4350,4350,4300,4335,40147,-0.23014959723820483,-2591,250,9500,-7159,0,22577,250,16555,765,40147,25168,0,7055,7924,40147,-11078155,1079750,41048040,-31049635,0,97715745,1079750,71624600,3302375,173722470,108793900,0,30576560,34352010,173722470
2023-09-13,4340,4350,4275,4300,46546,-0.8073817762399077,-10206,409,12045,-2248,0,15336,411,28182,2617,46546,25542,2,16137,4865,46546,-43903150,1757345,51895630,-9749825,0,65991125,1765995,121237760,11210250,200205130,109894275,8650,69342130,20960075,200205130
2023-09-14,4300,4325,4280,4305,57298,0.11627906976744186,4128,2400,18219,-24747,0,18589,2400,36307,2,57298,14461,0,18088,24749,57298,17690635,10318000,78340540,-106349175,0,79905115,10318000,156245290,8590,246476995,62214480,0,77904750,106357765,246476995
2023-09-15,4290,4315,4200,4200,315504,-2.4390243902439024,51936,1305,178103,-231344,0,59119,2655,198069,55661,315504,7183,1350,19966,287005,315504,220264650,5532315,754897295,-980694260,0,250905325,11310315,839313045,233787180,1335315865,30640675,5778000,84415750,1214481440,1335315865
2023-09-18,4200,4225,4155,4155,136604,-1.0714285714285714,15746,-7260,92025,-100511,0,21425,2740,106536,5903,136604,5679,10000,14511,106414,136604,65844385,-30223365,384985020,-420606040,0,89635505,11451050,445569130,24606345,571262030,23791120,41674415,60584110,445212385,571262030
2023-09-19,4160,4235,4160,4235,35808,1.9253910950661854,10739,600,-17133,5794,0,20739,600,6499,7970,35808,10000,0,23632,2176,35808,45266800,2541000,-72186100,24378300,0,87442625,2541000,27391115,33558570,150933310,42175825,0,99577215,9180270,150933310
2023-09-20,4215,4245,4205,4230,43420,-0.11806375442739078,10522,0,324,-10846,0,14320,0,22102,6998,43420,3798,0,21778,17844,43420,44466560,0,1281660,-45748220,0,60483135,0,93336820,29574525,183394480,16016575,0,92055160,75322745,183394480
2023-09-21,4235,4235,4165,4170,35659,-1.4184397163120568,12286,30,5015,-17331,0,15057,30,19873,699,35659,2771,0,14858,18030,35659,51573695,125925,20942515,-72642135,0,63172635,125925,83157360,2917550,149373470,11598940,0,62214845,75559685,149373470
2023-09-22,4170,4170,4135,4170,45247,0.0,6407,984,-2337,-5054,0,15560,987,25348,3352,45247,9153,3,27685,8406,45247,26549075,4076960,-9670975,-20955060,0,64508995,4089425,105056000,13906535,187560955,37959920,12465,114726975,34861595,187560955
2023-09-25,4175,4180,4130,4165,45024,-0.1199040767386091,15709,-2280,-6641,-6788,0,18524,1050,25139,311,45024,2815,3330,31780,7099,45024,65153145,-9444755,-27554370,-28154020,0,76810960,4341750,104132735,1291265,186576710,11657815,13786505,131687105,29445285,186576710
2023-09-26,4185,4195,4150,4175,14660,0.24009603841536614,7433,1700,-2957,-6176,0,7564,1700,5276,120,14660,131,0,8233,6296,14660,31006280,7074250,-12338915,-25741615,0,31552435,7074250,21985690,500490,61112865,546155,0,34324605,26242105,61112865
2023-09-27,4190,4190,4130,4185,41169,0.23952095808383234,17563,0,-13283,-4280,0,28490,0,12265,414,41169,10927,0,25548,4694,41169,73292030,0,-55477615,-17814415,0,118596925,0,50940610,1713565,171251100,45304895,0,106418225,19527980,171251100
2023-10-04,4185,4185,4085,4105,46836,-1.911589008363202,6089,2811,-7963,-937,0,13879,2811,25957,4189,46836,7790,0,33920,5126,46836,24991735,11525520,-32641425,-3875830,0,56938305,11525520,106670540,17216005,192350370,31946570,0,139311965,21091835,192350370
2023-10-05,4115,4135,4075,4100,30478,-0.12180267965895249,5535,230,-6610,845,0,6848,230,18423,4977,30478,1313,0,25033,4132,30478,22684155,940975,-27096905,3471775,0,28068420,940975,75481450,20395645,124886490,5384265,0,102578355,16923870,124886490
2023-10-06,4155,4155,4075,4115,26853,0.3658536585365854,-5111,50,8188,-3127,0,8957,50,17845,1,26853,14068,0,9657,3128,26853,-20862465,204250,33448800,-12790585,0,36658270,204250,73017555,4095,109884170,57520735,0,39568755,12794680,109884170
2023-10-10,4100,4140,4080,4095,16116,-0.48602673147023084,1354,0,2054,-3408,0,4239,0,11260,617,16116,2885,0,9206,4025,16116,5571210,0,8381000,-13952210,0,17370550,0,46075965,2520445,65966960,11799340,0,37694965,16472655,65966960
2023-10-11,4100,4155,4100,4120,26118,0.6105006105006106,3274,8000,-1175,-10099,0,7822,8000,10296,0,26118,4548,0,11471,10099,26118,13533290,33100170,-4881260,-41752200,0,32302815,33100170,42524705,0,107927690,18769525,0,47405965,41752200,107927690
2023-10-12,4125,4155,4110,4140,4639,0.48543689320388345,80,250,-278,-52,0,1286,250,2761,342,4639,1206,0,3039,394,4639,309020,1036250,-1128740,-216530,0,5303735,1036250,11422015,1409040,19171040,4994715,0,12550755,1625570,19171040
2023-10-13,4150,4180,4050,4165,59991,0.6038647342995169,-37,0,-17247,17284,0,22472,0,20218,17301,59991,22509,0,37465,17,59991,-194455,0,-71602865,71797320,0,93303555,0,83685850,71868055,248857460,93498010,0,155288715,70735,248857460
2023-10-16,4150,4190,4130,4180,34374,0.36014405762304924,5581,4020,-5727,-3874,0,9159,4810,19198,1207,34374,3578,790,24925,5081,34374,23285180,16732300,-23869580,-16147900,0,38200670,20034500,80012555,5021940,143269665,14915490,3302200,103882135,21169840,143269665
2023-10-17,4195,4225,4160,4205,17307,0.5980861244019139,6468,0,18,-6486,0,10093,0,7142,72,17307,3625,0,7124,6558,17307,27246700,0,-66190,-27180510,0,42394710,0,29871570,300275,72566555,15148010,0,29937760,27480785,72566555
2023-10-18,4205,4215,4180,4210,14825,0.11890606420927466,-1575,-578,7045,-4892,0,557,422,13807,39,14825,2132,1000,6762,4931,14825,-6606390,-2439710,29625355,-20579255,0,2340095,1770290,58004050,163590,62278025,8946485,4210000,28378695,20742845,62278025
2023-10-19,4210,4210,4160,4190,10715,-0.4750593824228029,776,2,-496,-282,0,1516,2,9003,194,10715,740,0,9499,476,10715,3245245,8380,-2067105,-1186520,0,6338795,8380,37665445,808055,44820675,3093550,0,39732550,1994575,44820675
2023-10-20,4190,4190,4080,4150,66351,-0.9546539379474941,-13912,300,23783,-10171,0,16640,300,43034,6377,66351,30552,0,19251,16548,66351,-57002540,1230000,97906425,-42133885,0,68399665,1230000,177307780,26155130,273092575,125402205,0,79401355,68289015,273092575
2023-10-23,4160,4180,4080,4095,42934,-1.3253012048192772,421,0,2611,-3032,0,25316,0,15612,2006,42934,24895,0,13001,5038,42934,1924820,0,10547510,-12472330,0,103945325,0,64001070,8242235,176188630,102020505,0,53453560,20714565,176188630
2023-10-24,4105,4145,4080,4095,9316,0.0,1054,-442,569,-1181,0,2729,0,6568,19,9316,1675,442,5999,1200,9316,4292670,-1809990,2350240,-4832920,0,11164895,0,26875655,77890,38118440,6872225,1809990,24525415,4910810,38118440
2023-10-25,4125,4135,4100,4125,15824,0.7326007326007326,3273,-599,-1993,-681,0,6154,0,9566,104,15824,2881,599,11559,785,15824,13497050,-2470875,-8225115,-2801060,0,25342875,0,39363675,428575,65135125,11845825,2470875,47588790,3229635,65135125
2023-10-26,4120,4120,4055,4120,17031,-0.12121212121212122,2497,-10000,6850,653,0,5556,1000,9715,760,17031,3059,11000,2865,107,17031,10174460,-40790910,27945175,2671275,0,22702285,4105000,39698235,3109625,69615145,12527825,44895910,11753060,438350,69615145
2023-10-27,4120,4120,4060,4120,23478,0.0,4489,-2067,-2410,-12,0,7871,120,14552,935,23478,3382,2187,16962,947,23478,18419680,-8520840,-9820475,-78365,0,32294680,489600,59565560,3810170,96160010,13875000,9010440,69386035,3888535,96160010
2023-10-30,4120,4150,4070,4115,25799,-0.12135922330097086,5720,0,-12242,6522,0,8040,0,9116,8643,25799,2320,0,21358,2121,25799,23512320,0,-50218095,26705775,0,33012540,0,37407230,35411990,105831760,9500220,0,87625325,8706215,105831760
2023-10-31,4135,4135,4090,4115,18771,0.0,6047,-3333,1641,-4355,0,7800,50,10912,9,18771,1753,3383,9271,4364,18771,24848825,-13716060,6766275,-17899040,0,32040220,205000,44842010,37000,77124230,7191395,13921060,38075735,17936040,77124230
2023-11-01,4115,4155,4095,4125,24379,0.24301336573511542,4002,-10142,14777,-8637,0,5770,47,18129,433,24379,1768,10189,3352,9070,24379,16429335,-41624705,60694290,-35498920,0,23706075,193170,74466760,1779445,100145450,7276740,41817875,13772470,37278365,100145450
2023-11-02,4125,4160,4100,4130,42311,0.12121212121212122,9306,0,13737,-23043,0,10305,0,31086,920,42311,999,0,17349,23963,42311,38382000,0,56307155,-94689155,0,42498020,0,127961885,3795500,174255405,4116020,0,71654730,98484655,174255405
2023-11-03,4165,4225,4125,4215,51703,2.0581113801452786,4115,0,-25689,21574,0,6271,0,23592,21840,51703,2156,0,49281,266,51703,17178325,0,-107017535,89839210,0,26169385,0,98016350,90945545,215131280,8991060,0,205033885,1106335,215131280
2023-11-06,4220,4280,4220,4275,72487,1.4234875444839856,19104,4334,1294,-24732,0,21077,4334,38354,8722,72487,1973,0,37060,33454,72487,81364240,18469240,5489060,-105322540,0,89786685,18469240,163254865,37136525,308647315,8422445,0,157765805,142459065,308647315
2023-11-07,4275,4285,4250,4280,28300,0.11695906432748539,10604,-2857,-9077,1330,0,14088,22,12809,1381,28300,3484,2879,21886,51,28300,45279090,-12193360,-38771085,5685355,0,60170120,94160,54723135,5902705,120890120,14891030,12287520,93494220,217350,120890120
2023-11-08,4280,4335,4275,4325,37294,1.0514018691588785,6560,-1700,-22415,17555,0,13221,0,5808,18265,37294,6661,1700,28223,710,37294,28217675,-7292865,-96382645,75457835,0,56898325,0,24957945,78505115,160361385,28680650,7292865,121340590,3047280,160361385
2023-11-09,4325,4360,4315,4355,41592,0.6936416184971098,10751,-7436,-12573,9258,0,13163,0,15896,12533,41592,2412,7436,28469,3275,41592,46580460,-32242600,-54594605,40256745,0,57061485,0,68766590,54404315,180232390,10481025,32242600,123361195,14147570,180232390
2023-11-10,4350,4370,4330,4370,29179,0.3444316877152698,9692,0,-13809,4117,0,15058,0,8565,5556,29179,5366,0,22374,1439,29179,42225180,0,-60122375,17897195,0,65576510,0,37280760,24168840,127026110,23351330,0,97403135,6271645,127026110
2023-11-13,4370,4400,4340,4360,16548,-0.2288329519450801,2054,153,1595,-3802,0,2126,1150,12549,723,16548,72,997,10954,4525,16548,8964950,667730,6944830,-16577510,0,9279015,5019635,54744335,3155415,72198400,314065,4351905,47799505,19732925,72198400
2023-11-14,4360,4360,4250,4295,40465,-1.4908256880733946,2858,1631,-628,-3861,0,3349,1631,29116,6369,40465,491,0,29744,10230,40465,12338125,7049370,-2188615,-17198880,0,14435090,7049370,125696420,27127830,174308710,2096965,0,127885035,44326710,174308710
2023-11-15,4295,4345,4295,4335,33936,0.9313154831199069,340,0,-4364,4024,0,8280,0,15498,10158,33936,7940,0,19862,6134,33936,1483855,0,-18842380,17358525,0,35880490,0,67108865,43932425,146921780,34396635,0,85951245,26573900,146921780
2023-11-16,4350,4385,4290,4330,27484,-0.11534025374855825,-5778,218,1684,3876,0,10106,221,10939,6218,27484,15884,3,9255,2342,27484,-24752020,949360,7168120,16634540,0,43666290,962455,47160250,26781050,118570045,68418310,13095,39992130,10146510,118570045
2023-11-17,4340,4350,4300,4345,37311,0.3464203233256351,-5392,2172,96,3124,0,9713,2172,21248,4178,37311,15105,0,21152,1054,37311,-23526320,9444245,540920,13541155,0,42024680,9444245,91989370,18100140,161558435,65551000,0,91448450,4558985,161558435
2023-11-20,4345,4395,4325,4375,76785,0.6904487917146145,-4644,1448,-14691,17887,0,13255,1500,43098,18932,76785,17899,52,57789,1045,76785,-20534380,6267240,-63677810,77944950,0,57618330,6495000,187881615,82509575,334504520,78152710,227760,251559425,4564625,334504520
2023-11-21,4380,4425,4365,4400,47084,0.5714285714285714,-2290,1,-12461,14750,0,8149,1,24068,14866,47084,10439,0,36529,116,47084,-10116495,4415,-54696295,64808375,0,35791645,4415,105653410,65317855,206767325,45908140,0,160349705,509480,206767325
2023-11-22,4405,4415,4380,4400,16433,0.0,-2204,300,5693,-3789,0,2519,300,13097,517,16433,4723,0,7404,4306,16433,-9680630,1318500,25039180,-16677050,0,11066220,1318500,57540525,2271650,72196895,20746850,0,32501345,18948700,72196895
2023-11-23,4395,4410,4390,4410,20314,0.22727272727272727,-8782,-299,9372,-291,0,2061,1,16219,2033,20314,10843,300,6847,2324,20314,-38615765,-1314165,41203250,-1273320,0,9068235,4400,71313070,8942400,89328105,47684000,1318565,30109820,10215720,89328105
2023-11-24,4420,4430,4370,4410,27127,0.0,7969,0,-2284,-5685,0,13602,0,11679,1846,27127,5633,0,13963,7531,27127,35031715,0,-10043030,-24988685,0,59793895,0,51253505,8102420,119149820,24762180,0,61296535,33091105,119149820
2023-11-27,4415,4440,4395,4435,45777,0.5668934240362812,-1247,0,-16570,17817,0,16997,0,10199,18581,45777,18244,0,26769,764,45777,-5536905,0,-73359095,78896000,0,75153670,0,45053650,82269615,202476935,80690575,0,118412745,3373615,202476935
2023-11-28,4440,4440,4390,4425,49985,-0.2254791431792559,8596,3000,-12582,986,0,19572,3000,22330,5083,49985,10976,0,34912,4097,49985,38080130,13221500,-55700650,4399020,0,86452590,13221500,98523450,22477445,220674985,48372460,0,154224100,18078425,220674985
2023-11-29,4470,4470,4410,4435,22321,0.22598870056497175,5234,100,78,-5412,0,6747,100,14786,688,22321,1513,0,14708,6100,22321,23160585,443000,363360,-23966945,0,29863085,443000,65566260,3045930,98918275,6702500,0,65202900,27012875,98918275
2023-11-30,4435,4445,4430,4440,23722,0.11273957158962795,4380,0,-2338,-2042,0,7904,0,14663,1155,23722,3524,0,17001,3197,23722,19420525,0,-10371855,-9048670,0,35058385,0,65101775,5127520,105287680,15637860,0,75473630,14176190,105287680
2023-12-01,4405,4455,4405,4445,24102,0.11261261261261261,-3686,4,-2330,6012,0,3945,4,13727,6426,24102,7631,0,16057,414,24102,-16378240,17800,-10352460,26712900,0,17518055,17800,61012295,28552175,107100325,33896295,0,71364755,1839275,107100325
2023-12-04,4430,4510,4430,4500,72935,1.2373453318335208,4115,2470,-41830,35245,0,6573,7600,23448,35314,72935,2458,5130,65278,69,72935,18368065,11248020,-187391075,157774990,0,29399690,34185000,104977450,158082940,326645080,11031625,22936980,292368525,307950,326645080
2023-12-05,4510,4575,4490,4555,44282,1.2222222222222223,4203,-2071,-15807,13675,0,12968,0,13801,17513,44282,8765,2071,29608,3838,44282,19059075,-9433405,-71431505,61805835,0,58779860,0,62539820,79258560,200578240,39720785,9433405,133971325,17452725,200578240
2023-12-06,4555,4670,4555,4670,91494,2.5246981339187706,5274,-1227,-17785,13738,0,33671,0,43481,14342,91494,28397,1227,61266,604,91494,24224420,-5696540,-82016545,63488665,0,155920720,0,200903210,66282720,423106650,131696300,5696540,282919755,2794055,423106650
2023-12-07,4685,4685,4610,4615,60047,-1.177730192719486,-4365,-217,4403,179,0,14405,57,33470,12115,60047,18770,274,29067,11936,60047,-20020230,-1003320,20210280,813270,0,66956620,265620,155239860,56338320,278800420,86976850,1268940,135029580,55525050,278800420
2023-12-08,4610,4655,4595,4640,44010,0.5417118093174431,-3261,185,2111,965,0,19568,1250,14038,9154,44010,22829,1065,11927,8189,44010,-15016385,841550,9639200,4535635,0,90609760,5772500,64808570,42357585,203548415,105626145,4930950,55169370,37821950,203548415
2023-12-11,4650,4660,4630,4660,48600,0.43103448275862066,9908,-356,-8401,-1151,0,16472,0,24854,7274,48600,6564,356,33255,8425,48600,46085550,-1653620,-39098235,-5333695,0,76578145,0,115503660,33824985,225906790,30492595,1653620,154601895,39158680,225906790
2023-12-12,4665,4680,4660,4665,34327,0.1072961373390558,9288,0,-3919,-5369,0,11365,0,16691,6271,34327,2077,0,20610,11640,34327,43400890,0,-18346200,-25054690,0,53110520,0,77952645,29307595,160370760,9709630,0,96298845,54362285,160370760
2023-12-13,4675,4675,4645,4665,37011,0.0,2208,-13000,11108,-316,0,8107,0,25330,3574,37011,5899,13000,14222,3890,37011,10308655,-60585860,51719620,-1442415,0,37783270,0,118025660,16662480,172471410,27474615,60585860,66306040,18104895,172471410
2023-12-14,4675,4765,4665,4735,88812,1.5005359056806002,-24575,14456,922,9197,0,13827,14456,50754,9775,88812,38402,0,49832,578,88812,-116032730,68005365,4666935,43360430,0,65328160,68005365,239860100,46095340,419288965,181360890,0,235193165,2734910,419288965
2023-12-15,4735,4765,4715,4725,57160,-0.21119324181626187,-1721,49,25423,-23751,0,20960,50,35873,277,57160,22681,1,10450,24028,57160,-8206640,231530,120185400,-112210290,0,99103165,236250,169562280,1308825,270210520,107309805,4720,49376880,113519115,270210520
2023-12-18,4725,4730,4555,4555,117840,-3.5978835978835977,6139,-12099,33235,-27275,0,47063,401,70357,19,117840,40924,12500,37122,27294,117840,27847265,-56144580,154327965,-126030650,0,216598675,1849605,325458380,87020,543993680,188751410,57994185,171130415,126117670,543993680
2023-12-19,4615,4615,4425,4470,141327,-1.8660812294182216,-344,-8558,-13340,22242,0,44119,9200,36389,51619,141327,44463,17758,49729,29377,141327,-328095,-38394335,-60144275,98866705,0,199919235,41603250,163014190,231378430,635915105,200247330,79997585,223158465,132511725,635915105
2023-12-20,4535,4540,4470,4505,51844,0.7829977628635347,-19299,5473,23077,-9251,0,10566,5473,30085,5720,51844,29865,0,7008,14971,51844,-86727215,24544040,103825730,-41642555,0,47556175,24544040,135299805,25741600,233141620,134283390,0,31474075,67384155,233141620
2023-12-21,4595,4595,4465,4525,23626,0.4439511653718091,-4701,-753,13571,-8117,0,3405,247,17456,2518,23626,8106,1000,3885,10635,23626,-21188810,-3409735,61248450,-36649905,0,15391200,1110265,78789690,11336200,106627355,36580010,4520000,17541240,47986105,106627355
2023-12-22,4575,4590,4500,4525,41701,0.0,-5228,2134,15433,-12339,0,6146,5263,29023,1269,41701,11374,3129,13590,13608,41701,-23538735,9592035,69641745,-55695045,0,27736025,23721130,130895595,5728325,188081075,51274760,14129095,61253850,61423370,188081075
2023-12-26,4535,4565,4490,4495,67073,-0.6629834254143646,-1568,900,4039,-3371,0,16903,6500,42460,1210,67073,18471,5600,38421,4581,67073,-6637110,4031615,17803690,-15198195,0,76474520,29250000,191185320,5448345,302358185,83111630,25218385,173381630,20646540,302358185
2023-12-27,4410,4560,4410,4535,28647,0.8898776418242491,10818,-2711,-1120,-6987,0,19777,0,8716,154,28647,8959,2711,9836,7141,28647,48982010,-12168705,-5209545,-31603760,0,89462550,0,39322930,692180,129477660,40480540,12168705,44532475,32295940,129477660
2023-12-28,4580,4580,4530,4545,35500,0.2205071664829107,7046,4521,-7119,-4448,0,15671,4521,14430,878,35500,8625,0,21549,5326,35500,32093135,20516285,-32345425,-20263995,0,71326130,20516285,65744180,3993660,161580255,39232995,0,98089605,24257655,161580255
2024-01-02,4600,4625,4545,4600,68886,1.21012101210121,10240,5454,-29731,14037,0,22806,5454,19338,21288,68886,12566,0,49069,7251,68886,47081020,25014625,-136632585,64536940,0,104718550,25014625,88890240,97824415,316447830,57637530,0,225522825,33287475,316447830
2024-01-03,4630,4645,4600,4645,74455,0.9782608695652175,11462,-1521,-25286,15345,0,26807,0,28803,18845,74455,15345,1521,54089,3500,74455,53138085,-7054835,-117210450,71127200,0,123948990,0,133158980,87273295,344381265,70810905,7054835,250369430,16146095,344381265
2024-01-04,4670,4730,4600,4695,102249,1.0764262648008611,10840,-1970,-24118,15248,0,27437,30,56343,18439,102249,16597,2000,80461,3191,102249,50966035,-9229000,-113279275,71542240,0,128875050,141000,264437395,86527550,479980995,77909015,9370000,377716670,14985310,479980995
2024-01-05,4700,4700,4620,4670,43394,-0.5324813631522897,18285,0,4160,-22445,0,20555,0,22839,0,43394,2270,0,18679,22445,43394,85213690,0,19279580,-104493270,0,95775160,0,106406675,0,202181835,10561470,0,87127095,104493270,202181835
2024-01-08,4695,4720,4660,4710,56927,0.8565310492505354,10101,16061,-23040,-3122,0,19402,16061,16650,4814,56927,9301,0,39690,7936,56927,47621660,75675965,-108494020,-14803605,0,91407245,75675965,78414915,22633380,268131505,43785585,0,186908935,37436985,268131505
2024-01-09,4710,4730,4690,4690,30331,-0.42462845010615713,4329,-1697,6147,-8779,0,11267,0,19064,0,30331,6938,1697,12917,8779,30331,20329115,-7967415,28878960,-41240660,0,52922435,0,89632505,0,142554940,32593320,7967415,60753545,41240660,142554940
2024-01-10,4720,4720,4655,4680,65031,-0.21321961620469082,166,0,-1916,1750,0,30181,0,28579,6271,65031,30015,0,30495,4521,65031,882215,0,-9049210,8166995,0,141112450,0,133341275,29286170,303739895,140230235,0,142390485,21119175,303739895
2024-01-11,4690,4690,4665,4685,38007,0.10683760683760685,3159,0,-6449,3290,0,18355,0,16295,3357,38007,15196,0,22744,67,38007,14745790,0,-30133315,15387525,0,85884370,0,76242355,15701100,177827825,71138580,0,106375670,313575,177827825
2024-01-12,4700,4700,4620,4640,50452,-0.96051227321238,-6778,0,17077,-10299,0,18059,0,32373,20,50452,24837,0,15296,10319,50452,-31555400,0,79537010,-47981610,0,83933350,0,150649055,93400,234675805,115488750,0,71112045,48075010,234675805
2024-01-15,4620,4700,4560,4580,65021,-1.293103448275862,-16443,-1063,27235,-9729,0,17062,70,46449,1440,65021,33505,1133,19214,11169,65021,-75474880,-4879795,124988195,-44633520,0,78290355,320675,213126650,6626010,298363690,153765235,5200470,88138455,51259530,298363690
2024-01-16,4600,4600,4490,4525,51831,-1.2008733624454149,-8696,502,8376,-182,0,14280,502,34029,3020,51831,22976,0,25653,3202,51831,-39606530,2259070,38257485,-910025,0,64666915,2259070,154110925,13634390,234671300,104273445,0,115853440,14544415,234671300
2024-01-17,4530,4530,4455,4510,52763,-0.3314917127071823,-22005,10553,7683,3769,0,13403,10768,22205,6387,52763,35408,215,14522,2618,52763,-98362390,47129255,34421845,16811290,0,59965365,48098905,99351385,28545845,235961500,158327755,969650,64929540,11734555,235961500
2024-01-18,4505,4510,4455,4500,43593,-0.22172949002217296,-5876,27,18226,-12377,0,14588,480,27628,897,43593,20464,453,9402,13274,43593,-26171460,126765,81428970,-55384275,0,65226895,2145300,123439455,4009040,194820690,91398355,2018535,42010485,59393315,194820690
2024-01-19,4500,4535,4465,4535,41896,0.7777777777777778,-13013,1826,4868,6319,0,6344,10130,17804,7618,41896,19357,8304,12936,1299,41896,-58799560,8267710,21935785,28596065,0,28644685,45838750,80401480,34435385,189320300,87444245,37571040,58465695,5839320,189320300
2024-01-22,4535,4600,4500,4600,48306,1.4332965821389196,-23103,-424,5268,18259,0,2041,576,27155,18534,48306,25144,1000,21887,275,48306,-104874645,-1922870,23884205,82913310,0,9244835,2617130,123025370,84165330,219052665,114119480,4540000,99141165,1252020,219052665
2024-01-23,4610,4635,4600,4615,45974,0.32608695652173914,-6136,98,4330,1708,0,14210,100,26168,5496,45974,20346,2,21838,3788,45974,-28297275,451775,19950625,7894875,0,65491440,461000,120615840,25342600,211910880,93788715,9225,100665215,17447725,211910880
2024-01-24,4630,4650,4610,4630,58513,0.3250270855904659,-7971,7100,-5969,6840,0,13585,7100,30285,7543,58513,21556,0,36254,703,58513,-36878335,32929390,-27774845,31723790,0,62885920,32929390,140152405,34984355,270952070,99764255,0,167927250,3260565,270952070
2024-01-25,4645,4645,4560,4620,39241,-0.21598272138228944,-10433,-8000,23808,-5375,0,4776,0,34257,208,39241,15209,8000,10449,5583,39241,-47917805,-36682500,109366145,-24765840,0,21880925,0,157454955,958580,180294460,69798730,36682500,48088810,25724420,180294460
2024-01-26,4635,4635,4570,4590,43639,-0.6493506493506493,-9060,642,15483,-7065,0,5752,642,36085,1160,43639,14812,0,20602,8225,43639,-41588335,2957140,71089210,-32458015,0,26412070,2957140,165743285,5324800,200437295,68000405,0,94654075,37782815,200437295
2024-01-29,4590,4620,4580,4580,66972,-0.2178649237472767,1271,3085,-2972,-1384,0,18286,4219,39432,5035,66972,17015,1134,42404,6419,66972,5850895,14106620,-13619255,-6338260,0,84035570,19323020,181127640,23139445,307625675,78184675,5216400,194746895,29477705,307625675
2024-01-30,4635,4635,4580,4610,40764,0.6550218340611353,-15279,1483,4770,9026,0,10333,1483,18529,10419,40764,25612,0,13759,1393,40764,-70098495,6829535,21726345,41542615,0,47558615,6829535,85078860,47935845,187402855,117657110,0,63352515,6393230,187402855
2024-01-31,4615,4615,4585,4615,37883,0.10845986984815618,-10163,323,10830,-990,0,7290,325,28148,2120,37883,17453,2,17318,3110,37883,-46686165,1485820,49750420,-4550075,0,33555750,1495000,129436040,9760610,174247400,80241915,9180,79685620,14310685,174247400
2024-02-01,4615,4630,4605,4630,60908,0.3250270855904659,-13330,0,-17120,30450,0,5358,0,24437,31113,60908,18688,0,41557,663,60908,-61468700,0,-79071775,140540475,0,24738625,0,112728345,143599820,281066790,86207325,0,191800120,3059345,281066790
2024-02-02,4630,4660,4620,4645,62179,0.32397408207343414,20120,0,-18089,-2031,0,40193,0,16960,5026,62179,20073,0,35049,7057,62179,93411260,0,-83977645,-9433615,0,186541600,0,78697915,23314005,288553520,93130340,0,162675560,32747620,288553520
2024-02-05,4665,4725,4620,4675,92974,0.6458557588805167,5484,-3629,-34698,32843,0,28414,630,27479,36451,92974,22930,4259,62177,3608,92974,25649635,-16954635,-162045350,153350350,0,132704285,2945575,127996945,170220470,433867275,107054650,19900210,290042295,16870120,433867275
2024-02-06,4685,4695,4650,4675,57044,0.0,-5154,0,2902,2252,0,17179,0,35919,3946,57044,22333,0,33017,1694,57044,-23924045,0,13394365,10529680,0,80386290,0,167805370,18443015,266634675,104310335,0,154411005,7913335,266634675
2024-02-07,4700,4700,4660,4675,47684,0.0,-16157,5650,10432,75,0,2034,5650,33653,6347,47684,18191,0,23221,6272,47684,-75529635,26413010,48689695,426930,0,9494145,26413010,157305430,29697555,222910140,85023780,0,108615735,29270625,222910140
2024-02-08,4690,4690,4670,4690,74073,0.32085561497326204,1623,15900,-20092,2569,0,21725,15900,32238,4210,74073,20102,0,52330,1641,74073,7567355,74343750,-93933230,12022125,0,101573880,74343750,150735060,19703535,346356225,94006525,0,244668290,7681410,346356225
2024-02-13,4690,4730,4685,4715,104627,0.5330490405117271,18760,8743,-38122,10619,0,52755,8743,26836,16293,104627,33995,0,64958,5674,104627,88593310,41154545,-179662900,49915045,0,248776445,41154545,126435875,76672395,493039260,160183135,0,306098775,26757350,493039260
2024-02-14,4685,4735,4680,4720,88621,0.10604453870625664,-22088,11000,-2266,13354,0,20203,11000,34250,23168,88621,42291,0,36516,9814,88621,-104002305,51855000,-10825020,62972325,0,95182690,51855000,161430180,109219185,417687055,199184995,0,172255200,46246860,417687055
2024-02-15,4720,4730,4690,4720,66071,0.0,2582,-461,24326,-26447,0,18288,0,46403,1380,66071,15706,461,22077,27827,66071,12168650,-2175920,114467045,-124459775,0,86099325,0,218568260,6490165,311157750,73930675,2175920,104101215,130949940,311157750
2024-02-16,4720,4740,4705,4725,55658,0.1059322033898305,-18193,-1023,16911,2305,0,5758,0,45476,4424,55658,23951,1023,28565,2119,55658,-85971095,-4832560,79903370,10900285,0,27193270,0,214798205,20903220,262894695,113164365,4832560,134894835,10002935,262894695
2024-02-19,4730,4740,4705,4725,97781,0.0,-35774,5237,13536,17001,0,22910,5937,47096,21838,97781,58684,700,33560,4837,97781,-168983795,24738825,63938910,80306060,0,108257340,28047325,222468475,103139770,461912910,277241135,3308500,158529565,22833710,461912910
2024-02-20,4725,4735,4700,4725,96104,0.0,17847,-300,-10998,-6549,0,41878,200,47545,6481,96104,24031,500,58543,13030,96104,84271120,-1418000,-51959700,-30893420,0,197574765,942000,224154635,30550440,453221840,113303645,2360000,276114335,61443860,453221840
2024-02-21,4725,4725,4700,4725,58226,0.0,15565,0,-13261,-2304,0,17195,0,36585,4446,58226,1630,0,49846,6750,58226,73369895,0,-62509675,-10860220,0,81056335,0,172450195,20962810,274469340,7686440,0,234959870,31823030,274469340
2024-02-22,4725,4725,4705,4725,82348,0.0,-14024,-2945,10631,6338,0,16183,0,53956,12209,82348,30207,2945,43325,5871,82348,-66321420,-13889275,50225680,29985015,0,76289910,0,254620785,57650805,388561500,142611330,13889275,204395105,27665790,388561500
2024-02-23,4725,4730,4715,4715,87144,-0.21164021164021166,-25118,1069,13410,10639,0,3270,1069,71777,11028,87144,28388,0,58367,389,87144,-118688900,5045680,63362905,50280315,0,15428760,5045680,338812100,52116595,411403135,134117660,0,275449195,1836280,411403135
2024-02-26,4725,4735,4710,4720,159914,0.10604453870625664,-20732,-33,-35147,55912,0,25381,0,78332,56201,159914,46113,33,113479,289,159914,-98076230,-155760,-166000440,264232430,0,119865685,0,369894390,265599390,755359465,217941915,155760,535894830,1366960,755359465
2024-02-27,4715,4730,4690,4720,130557,0.0,11390,-50000,48634,-10024,0,24406,0,103773,2378,130557,13016,50000,55139,12402,130557,53619865,-235236590,228869430,-47252705,0,115075275,0,489093770,11235785,615404830,61455410,235236590,260224340,58488490,615404830
2024-02-28,4540,4580,4510,4560,253733,-3.389830508474576,36055,-20120,12109,-28044,0,55917,80,143977,53759,253733,19862,20200,131868,81803,253733,163619720,-91551650,54236055,-126304125,0,253998575,361850,653985500,244889835,1153235760,90378855,91913500,599749445,371193960,1153235760
2024-02-29,4525,4580,4525,4580,51923,0.43859649122807015,-3595,15,-2754,6334,0,12204,15,29560,10144,51923,15799,0,32314,3810,51923,-16053235,68025,-12727925,28713135,0,55719445,68025,134734735,46055650,236577855,71772680,0,147462660,17342515,236577855
2024-03-04,4580,4630,4550,4625,104553,0.9825327510917031,-18302,-4484,-3712,26498,0,24607,0,49515,30431,104553,42909,4484,53227,3933,104553,-83449995,-20662300,-17472330,121584625,0,112918475,0,227047020,139645935,479611430,196368470,20662300,244519350,18061310,479611430
2024-03-05,4620,4675,4620,4675,65701,1.0810810810810811,6772,0,-20163,13391,0,25927,0,24513,15261,65701,19155,0,44676,1870,65701,31535340,0,-93878860,62343520,0,120627285,0,114053650,71037515,305718450,89091945,0,207932510,8693995,305718450
2024-03-06,4670,4755,4660,4720,154914,0.9625668449197862,-9048,16670,-34674,27052,0,49285,17592,48681,39356,154914,58333,922,83355,12304,154914,-43075480,78941970,-163850730,127984240,0,233055870,83298030,230068585,186109125,732531610,276131350,4356060,393919315,58124885,732531610
2024-03-07,4720,4775,4695,4695,123245,-0.5296610169491525,21301,80,16828,-38209,0,53504,80,52255,17406,123245,32203,0,35427,55615,123245,100798255,376400,79477815,-180652470,0,253970325,376400,247316925,82636895,584300545,153172070,0,167839110,263289365,584300545
2024-03-08,4695,4695,4630,4690,66984,-0.10649627263045794,5084,0,23036,-28120,0,9050,0,53929,4005,66984,3966,0,30893,32125,66984,23589580,0,107159360,-130748940,0,42037410,0,250718335,18580730,311336475,18447830,0,143558975,149329670,311336475
2024-03-11,4680,4725,4670,4715,117229,0.5330490405117271,-4598,635,-31243,35206,0,12996,635,55010,48588,117229,17594,0,86253,13382,117229,-21705375,2981325,-147154775,165878825,0,61215690,2981325,259072165,228877050,552146230,82921065,0,406226940,62998225,552146230
2024-03-12,4700,4740,4695,4725,98969,0.2120890774125133,-4010,-400,-2177,6587,0,30688,0,43466,24815,98969,34698,400,45643,18228,98969,-18973870,-1890000,-10242070,31105940,0,144723215,0,204933705,117056085,466713005,163697085,1890000,215175775,85950145,466713005
2024-03-13,4725,4725,4665,4675,63812,-1.0582010582010581,10415,3312,9683,-23410,0,17652,3312,37647,5201,63812,7237,0,27964,28611,63812,48909050,15483600,45377900,-109770550,0,82776490,15483600,176462300,24396440,299118830,33867440,0,131084400,134166990,299118830
2024-03-14,4675,4700,4660,4675,68181,0.0,-6464,10000,-3793,257,0,8072,10000,41582,8527,68181,14536,0,45375,8270,68181,-30175840,46800000,-17831425,1207265,0,37729495,46800000,194219775,39852515,318601785,67905335,0,212051200,38645250,318601785
2024-03-15,4680,4680,4645,4675,53847,0.0,1473,8236,-1779,-7930,0,12824,8236,27224,5563,53847,11351,0,29003,13493,53847,6911395,38343135,-8275450,-36979080,0,59748125,38343135,126861050,25892900,250845210,52836730,0,135136500,62871980,250845210
2024-03-18,4670,4685,4625,4665,40368,-0.21390374331550802,-26,-138,3333,-3169,0,9926,42,26780,3620,40368,9952,180,23447,6789,40368,-138330,-642430,15474475,-14693715,0,46154550,195570,124578345,16844590,187773055,46292880,838000,109103870,31538305,187773055
2024-03-19,4695,4695,4615,4645,76157,-0.4287245444801715,24902,60,-17960,-7002,0,33964,60,37954,4179,76157,9062,0,55914,11181,76157,115439715,277800,-83258255,-32459260,0,157501080,277800,176019745,19373650,353172275,42061365,0,259278000,51832910,353172275
2024-03-20,4655,4670,4625,4645,28317,0.0,-9195,0,5984,3211,0,7403,0,17181,3733,28317,16598,0,11197,522,28317,-42710625,0,27803460,14907165,0,34380040,0,79739165,17328770,131447975,77090665,0,51935705,2421605,131447975
2024-03-21,4655,4655,4620,4630,132412,-0.32292787944025836,15864,-50325,33963,498,0,24252,75,102473,5612,132412,8388,50400,68510,5114,132412,73439145,-232613225,156886825,2287255,0,112359760,347025,474521735,26009390,613237910,38920615,232960250,317634910,23722135,613237910
2024-03-22,4635,4660,4595,4655,60550,0.5399568034557235,-1319,100,2704,-1485,0,14422,100,35727,10301,60550,15741,0,33023,11786,60550,-6080000,460500,12324815,-6705315,0,66588945,460500,164882355,47588785,279520585,72668945,0,152557540,54294100,279520585
2024-03-25,4655,4665,4630,4645,89594,-0.21482277121374865,5289,0,-40760,35471,0,20033,0,31868,37693,89594,14744,0,72628,2222,89594,24531285,0,-189254205,164722920,0,93055820,0,148120600,175032990,416209410,68524535,0,337374805,10310070,416209410
2024-03-26,4680,4680,4580,4615,88408,-0.6458557588805167,180,5508,23237,-28925,0,24498,5508,57072,1330,88408,24318,0,33835,30255,88408,756680,25560720,106941405,-133258805,0,112837035,25560720,262885515,6163080,407446350,112080355,0,155944110,139421885,407446350
2024-03-27,4615,4615,4495,4495,212747,-2.600216684723727,11065,-1721,-7799,-1545,0,38043,23279,141107,10318,212747,26978,25000,148906,11863,212747,49922360,-7489225,-35690375,-6742760,0,172547115,105345930,640181230,46900205,964974480,122624755,112835155,675871605,53642965,964974480
2024-03-28,4480,4480,4345,4470,267076,-0.5561735261401557,2420,12127,-20360,5813,0,63417,12127,148366,43166,267076,60997,0,168726,37353,267076,12550295,53665250,-89944445,23728900,0,280237485,53665250,654491255,189821165,1178215155,267687190,0,744435700,166092265,1178215155
2024-03-29,4480,4545,4455,4540,95250,1.5659955257270695,20582,23562,-38378,-5766,0,29772,23913,33628,7937,95250,9190,351,72006,13703,95250,93166660,106513725,-173460435,-26219950,0,134765980,108100245,152175890,35823840,430865955,41599320,1586520,325636325,62043790,430865955
2024-04-01,4550,4585,4500,4550,39104,0.22026431718061676,1949,1446,-7549,4154,0,10923,1446,21169,5566,39104,8974,0,28718,1412,39104,8925135,6572110,-34282530,18785285,0,49523350,6572110,96048690,25186705,177330855,40598215,0,130331220,6401420,177330855
2024-04-02,4585,4600,4520,4550,101896,0.0,-12857,18694,-20254,14417,0,22329,19100,34448,26019,101896,35186,406,54702,11602,101896,-58428765,85392280,-92845720,65882205,0,101852785,87243640,157171260,118827635,465095320,160281550,1851360,250016980,52945430,465095320
2024-04-03,4560,4645,4530,4640,125452,1.9780219780219779,-41956,36193,-56157,61920,0,9458,36193,10205,69596,125452,51414,0,66362,7676,125452,-193550460,166794215,-257975280,284731525,0,43360215,166794215,46793790,320340035,577288255,236910675,0,304769070,35608510,577288255
2024-04-04,4645,4645,4550,4600,75648,-0.8620689655172413,2002,4615,21273,-27890,0,24907,4615,43958,2168,75648,22905,0,22685,30058,75648,9447110,21066610,97315650,-127829370,0,114088370,21066610,200901570,9927515,345984065,104641260,0,103585920,137756885,345984065
2024-04-05,4595,4610,4545,4610,51354,0.21739130434782608,-903,8271,3404,-10772,0,27744,8271,11945,3394,51354,28647,0,8541,14166,51354,-4104730,37898855,15396640,-49190765,0,126728265,37898855,54505815,15500560,234633495,130832995,0,39109175,64691325,234633495
2024-04-08,4610,4615,4550,4585,48612,-0.5422993492407809,-16143,23601,1525,-8983,0,12525,23601,9872,2614,48612,28668,0,8347,11597,48612,-73589040,107719430,6931600,-41061990,0,57186755,107719430,45042135,11928375,221876695,130775795,0,38110535,52990365,221876695
2024-04-09,4590,4650,4545,4605,89441,0.43620501635768816,-1159,950,10710,-10501,0,21369,1450,60643,5979,89441,22528,500,49933,16480,89441,-5435910,4308000,49437605,-48309695,0,98487835,6633000,279703740,27565130,412389705,103923745,2325000,230266135,75874825,412389705
2024-04-11,4610,4790,4590,4755,382612,3.257328990228013,-102342,12936,4268,85138,0,47034,39066,183083,113429,382612,149376,26130,178815,28291,382612,-484428230,63542275,21227290,399658665,0,222488160,185394985,865402455,533726315,1807011915,706916390,121852710,844175165,134067650,1807011915
2024-04-12,4755,4810,4745,4790,1994115,0.7360672975814931,1896872,-1894797,-6783,4708,0,1910585,5005,56550,21975,1994115,13713,1899802,63333,17267,1994115,9085973840,-9076031000,-32741365,22798525,0,9151659820,24010475,270548815,105274670,9551493780,65685980,9100041475,303290180,82476145,9551493780
2024-04-15,4800,4890,4795,4860,145096,1.4613778705636742,3061,2633,-52508,46814,0,12807,2633,64355,65301,145096,9746,0,116863,18487,145096,15053765,12724220,-254795970,227017985,0,62196930,12724220,311990190,316790975,703702315,47143165,0,566786160,89772990,703702315
2024-04-16,4860,4885,4800,4815,161242,-0.9259259259259258,-15167,13985,-25778,26960,0,22819,13985,84207,40231,161242,37986,0,109985,13271,161242,-72760680,67467225,-125691195,130984650,0,110602745,67467225,407178500,195266405,780514875,183363425,0,532869695,64281755,780514875
2024-04-17,4835,4835,4720,4785,107490,-0.6230529595015576,-12130,11165,26510,-25545,0,19518,11165,62282,14525,107490,31648,0,35772,40070,107490,-57161660,53053975,126174325,-122066640,0,93085785,53053975,296082335,69085570,511307665,150247445,0,169908010,191152210,511307665
2024-04-18,4790,4840,4775,4825,40202,0.8359456635318705,3516,390,1129,-5035,0,9355,390,22813,7644,40202,5839,0,21684,12679,40202,16897540,1866500,5329175,-24093215,0,44933175,1866500,109623905,36804300,193227880,28035635,0,104294730,60897515,193227880
2024-04-19,4825,4860,4800,4855,115336,0.6217616580310881,16606,4000,-52345,31739,0,27615,4000,50545,33176,115336,11009,0,102890,1437,115336,80365350,19340000,-253336050,153630700,0,133710625,19340000,244743795,160573210,558367630,53345275,0,498079845,6942510,558367630
2024-04-22,4870,4935,4845,4910,126062,1.132852729145211,-4285,4949,-63074,62410,0,11697,4949,42407,67009,126062,15982,0,105481,4599,126062,-21086345,24201905,-309138285,306022725,0,57039670,24201905,207399285,328377970,617018830,78126015,0,516537570,22355245,617018830
2024-04-23,4920,4920,4830,4845,122869,-1.3238289205702647,8974,650,21541,-31165,0,25923,650,86122,10174,122869,16949,0,64581,41339,122869,43715755,3159500,105453335,-152328590,0,126309510,3159500,418975845,49412155,597857010,82593755,0,313522510,201740745,597857010
2024-04-24,4855,4915,4840,4910,86389,1.3415892672858616,5061,1560,-12150,5529,0,17259,3100,56853,9177,86389,12198,1540,69003,3648,86389,24732920,7558500,-59357225,27065805,0,84175630,15027500,277820755,44766605,421790490,59442710,7469000,337177980,17700800,421790490
2024-04-25,4915,4985,4905,4980,110108,1.4256619144602851,12238,-2500,-57573,47835,0,18560,2500,38298,50750,110108,6322,5000,95871,2915,110108,60492150,-12297410,-284817195,236622455,0,91788110,12440090,189781100,251017575,545026875,31295960,24737500,474598295,14395120,545026875
2024-04-26,4950,4990,4910,4970,64707,-0.2008032128514056,17186,570,5292,-23048,0,22132,570,39297,2708,64707,4946,0,34005,25756,64707,85381460,2835145,26334930,-114551535,0,109915635,2835145,195073815,13401910,321226505,24534175,0,168738885,127953445,321226505
2024-04-29,4995,4995,4910,4945,58936,-0.5030181086519114,7712,1813,4059,-13584,0,12191,2320,39075,5350,58936,4479,507,35016,18934,58936,38205785,8993785,20085855,-67285425,0,60292925,11503435,193293595,26410800,291500755,22087140,2509650,173207740,93696225,291500755
2024-04-30,4945,4980,4930,4945,35911,0.0,9805,4290,-4955,-9140,0,12408,5000,15434,3069,35911,2603,710,20389,12209,35911,48512575,21196800,-24535280,-45174095,0,61367315,24705000,76341050,15173455,177586820,12854740,3508200,100876330,60347550,177586820
2024-05-02,4925,4960,4900,4945,50326,0.0,-24159,3000,14411,6748,0,6058,3000,30784,10484,50326,30217,0,16373,3736,50326,-118907680,14802500,70909055,33196125,0,29869295,14802500,151665520,51633760,247971075,148776975,0,80756465,18437635,247971075
2024-05-03,4925,4945,4920,4940,53319,-0.10111223458038424,-11401,1930,-1519,10990,0,4423,2000,33347,13549,53319,15824,70,34866,2559,53319,-56270690,9504900,-7489235,54255025,0,21826835,9850000,164552925,66870180,263099940,78097525,345100,172042160,12615155,263099940
2024-05-07,4940,4955,4890,4905,58380,-0.708502024291498,3884,5171,7328,-16383,0,10815,5171,37444,4950,58380,6931,0,30116,21333,58380,19004675,25376650,36271180,-80652505,0,53067050,25376650,183996675,24271105,286711480,34062375,0,147725495,104923610,286711480
2024-05-08,4885,4975,4885,4975,108137,1.4271151885830784,-24936,0,-21845,46781,0,14442,0,45252,48443,108137,39378,0,67097,1662,108137,-123578225,0,-107973170,231551395,0,71432500,0,223448400,239701265,534582165,195010725,0,331421570,8149870,534582165
2024-05-09,4975,5090,4975,5070,171448,1.9095477386934674,-598,-2117,-42289,45004,0,29918,83,80397,61050,171448,30516,2200,122686,16046,171448,-2360685,-10736810,-213619020,226716515,0,151317455,418490,405564625,307901130,865201700,153678140,11155300,619183645,81184615,865201700
2024-05-10,5070,5100,5010,5030,101310,-0.7889546351084813,10327,-1112,1763,-10978,0,18678,388,73002,9242,101310,8351,1500,71239,20220,101310,52159370,-5672720,9101470,-55588120,0,94390380,1954280,368920350,46658780,511923790,42231010,7627000,359818880,102246900,511923790
2024-05-13,5010,5080,5010,5070,88674,0.7952286282306162,23260,-1000,-25374,3114,0,32478,500,34185,21511,88674,9218,1500,59559,18397,88674,117842180,-5070000,-128536790,15764610,0,164481300,2535000,172998030,108853540,448867870,46639120,7605000,301534820,93088930,448867870
2024-05-14,5080,5090,5030,5040,94944,-0.591715976331361,34400,0,-48181,13781,0,42560,0,33630,18754,94944,8160,0,81811,4973,94944,173894370,0,-243467590,69573220,0,215173020,0,170347490,94719440,480239950,41278650,0,413815080,25146220,480239950
2024-05-16,5050,5070,5000,5050,58776,0.1984126984126984,11320,500,1897,-13717,0,13603,500,42227,2446,58776,2283,0,40330,16163,58776,56917960,2521000,9622270,-69061230,0,68407820,2521000,212292320,12316710,295537850,11489860,0,202670050,81377940,295537850
2024-05-17,5050,5070,5010,5070,72376,0.39603960396039606,3901,20520,-38092,13671,0,12984,20520,21496,17376,72376,9083,0,59588,3705,72376,19730830,103783770,-192376110,68861510,0,65622950,103783770,108415320,87558640,365380680,45892120,0,300791430,18697130,365380680
2024-05-20,5070,5140,5060,5100,123195,0.591715976331361,47765,-469,-70056,22760,0,50322,31,35683,37159,123195,2557,500,105739,14399,123195,243893370,-2396900,-357347600,115851130,0,256880570,158100,181971410,189286170,628296250,12987200,2555000,539319010,73435040,628296250
2024-05-21,5120,5190,5090,5190,128830,1.7647058823529411,17889,-3906,-30219,16236,0,40056,1000,61665,26109,128830,22167,4906,91884,9873,128830,92279440,-20156140,-156148150,84024850,0,206615320,5190000,318027210,134880440,664712970,114335880,25346140,474175360,50855590,664712970
2024-05-22,5200,5270,5160,5190,122129,0.0,7590,-3433,24761,-28918,0,38339,1461,72428,9901,122129,30749,4894,47667,38819,122129,39758260,-17905840,129343670,-151196090,0,200066230,7566370,378203340,51473840,637309780,160307970,25472210,248859670,202669930,637309780
2024-05-23,5190,5230,5150,5180,92136,-0.1926782273603083,29637,19713,-23688,-25662,0,37895,22013,30090,2138,92136,8258,2300,53778,27800,92136,154097170,102205340,-123153690,-133148820,0,197082870,114191340,156504200,11109050,478887460,42985700,11986000,279657890,144257870,478887460
2024-05-24,5180,5180,5120,5140,74355,-0.7722007722007722,5976,6830,-8349,-4457,0,30763,10262,25909,7421,74355,24787,3432,34258,11878,74355,30892280,35108760,-42942520,-23058520,0,158647860,52825920,133525790,38178920,383178490,127755580,17717160,176468310,61237440,383178490
2024-05-27,5190,5200,5140,5200,76254,1.1673151750972763,18727,8895,-7278,-20344,0,35203,11048,27741,2262,76254,16476,2153,35019,22606,76254,97127740,46018660,-37607690,-105538710,0,182540540,57186200,143761440,11717570,395205750,85412800,11167540,181369130,117256280,395205750
2024-05-28,5190,5250,5060,5110,163208,-1.7307692307692308,21968,26683,-73105,24454,0,49045,28059,46771,39333,163208,27077,1376,119876,14879,163208,113328200,137688030,-376143230,125127000,0,253097250,144857750,240030140,202334530,840319670,139769050,7169720,616173370,77207530,840319670
2024-05-29,5130,5160,5050,5130,83785,0.3913894324853229,17585,630,-18235,20,0,33900,640,32824,16421,83785,16315,10,51059,16401,83785,90232660,3210920,-93471200,27620,0,173796560,3262120,167871700,84091770,429022150,83563900,51200,261342900,84064150,429022150
2024-05-30,5120,5150,5080,5130,95672,0.0,26233,28600,-29526,-25307,0,41758,30100,19323,4491,95672,15525,1500,48849,29798,95672,134385030,146977800,-151537850,-129824980,0,214186590,154676800,98832760,22977090,490673240,79801560,7699000,250370610,152802070,490673240
2024-05-31,5120,5150,5070,5120,71623,-0.1949317738791423,13868,12553,-32544,6123,0,30159,15053,11772,14639,71623,16291,2500,44316,8516,71623,71336640,64347400,-166783190,31099150,0,154949080,77174880,60168640,74789320,367081920,83612440,12827480,226951830,43690170,367081920
2024-06-03,5120,5180,5060,5080,84776,-0.78125,11267,18239,-4129,-25377,0,14001,18340,48843,3592,84776,2734,101,52972,28969,84776,57341120,92728320,-20681760,-129387680,0,71307790,93246400,249108720,18325610,431988520,13966670,518080,269790480,147713290,431988520
2024-06-04,5080,5120,5060,5120,33656,0.7874015748031495,7872,-465,-283,-7124,0,14014,135,18171,1336,33656,6142,600,18454,8460,33656,40020560,-2377270,-1418790,-36224500,0,71227260,685730,92329850,6784830,171027670,31206700,3063000,93748640,43009330,171027670
2024-06-05,5120,5160,5090,5150,82657,0.5859375,7277,9304,-16406,-175,0,19192,12778,32127,18560,82657,11915,3474,48533,18735,82657,37532810,47512560,-84671220,-374150,0,98661390,65315440,164177280,95405200,423559310,61128580,17802880,248848500,95779350,423559310
2024-06-07,5150,5170,5100,5150,48606,0.0,4404,4320,3443,-12167,0,14753,4560,27612,1681,48606,10349,240,24169,13848,48606,22652800,22106800,17628430,-62388030,0,75619390,23344600,141469470,8630160,249063620,52966590,1237800,123841040,71018190,249063620
2024-06-10,5130,5150,5100,5150,69670,0.0,14681,-8298,11003,-17386,0,20957,2,42874,5837,69670,6276,8300,31871,23223,69670,75325600,-42467730,56430430,-89288300,0,107523410,10270,219862470,29925180,357321330,32197810,42478000,163432040,119213480,357321330
2024-06-11,5140,5150,5070,5100,77929,-0.9708737864077669,23126,2301,13202,-38629,0,26529,2401,48531,468,77929,3403,100,35329,39097,77929,117829820,11683110,67196170,-196709100,0,135225110,12198110,247220680,2397210,397041110,17395290,515000,180024510,199106310,397041110
2024-06-12,5100,5120,5070,5110,59683,0.19607843137254902,-958,279,23072,-22393,0,22297,280,36035,1071,59683,23255,1,12963,23464,59683,-4653790,1418200,117219470,-113983880,0,113695550,1423300,183351270,5448830,303918950,118349340,5100,66131800,119432710,303918950
2024-06-13,5110,5130,5070,5130,79641,0.3913894324853229,14531,9298,-21907,-1922,0,25150,9598,40013,4880,79641,10619,300,61920,6802,79641,74379470,47413800,-112042140,-9751130,0,128641580,48948800,204210960,24932090,406733430,54262110,1535000,316253100,34683220,406733430
2024-06-14,5100,5140,5090,5130,40747,0.0,9880,-430,1871,-11321,0,12882,70,27122,673,40747,3002,500,25251,11994,40747,50631460,-2206000,9480620,-57906080,0,65961650,357000,138442870,3438950,208200470,15330190,2563000,128962250,61345030,208200470
2024-06-17,5110,5150,5060,5080,55418,-0.9746588693957114,13200,214,-14653,1239,0,20495,350,27002,7571,55418,7295,136,41655,6332,55418,67478470,1084150,-74873810,6311190,0,104831090,1784000,138119150,38695420,283429660,37352620,699850,212992960,32384230,283429660
2024-06-18,5110,5140,5080,5120,54208,0.7874015748031495,14169,-699,-2367,-11103,0,20396,1,31238,2573,54208,6227,700,33605,13676,54208,72587550,-3576880,-12395870,-56614800,0,104423770,5120,159384530,13138110,276951530,31836220,3582000,171780400,69752910,276951530
2024-06-19,5120,5130,5090,5120,61142,0.0,10979,-6416,11181,-15744,0,13045,3050,43007,2040,61142,2066,9466,31826,17784,61142,56149600,-32829010,57123170,-80443760,0,66705040,15524500,219782240,10416560,312428340,10555440,48353510,162659070,90860320,312428340
2024-06-20,5110,5150,5100,5130,46561,0.1953125,12570,-3471,-5474,-3625,0,20592,2200,21666,2103,46561,8022,5671,27140,5728,46561,64320910,-17774910,-27971050,-18574950,0,105523210,11220000,111257500,10764830,238765540,41202300,28994910,139228550,29339780,238765540
2024-06-21,5130,5170,5090,5140,91930,0.1949317738791423,-7694,-1730,9088,336,0,12977,0,63403,15550,91930,20671,1730,54315,15214,91930,-39766630,-8901200,46966700,1701130,0,66677240,0,325658190,80032900,472368330,106443870,8901200,278691490,78331770,472368330
2024-06-24,5140,5140,5110,5130,33022,-0.19455252918287938,9812,1352,-1021,-10143,0,12909,3101,13204,3808,33022,3097,1749,14225,13951,33022,50381540,6921710,-5293000,-52010250,0,66258860,15878140,67699270,19529110,169365380,15877320,8956430,72992270,71539360,169365380
2024-06-25,5130,5140,5090,5110,62638,-0.3898635477582846,12635,-2209,244,-10670,0,14335,13100,29694,5509,62638,1700,15309,29450,16179,62638,64705300,-11341060,1165790,-54530030,0,73391300,66941000,151768890,28162830,320264020,8686000,78282060,150603100,82692860,320264020
2024-06-26,5110,5140,5100,5110,60032,0.0,4075,-16174,-1658,13757,0,16489,0,29672,13871,60032,12414,16174,31330,114,60032,20982170,-82711880,-8615070,70344780,0,84434290,0,151680410,70927440,307042140,63452120,82711880,160295480,582660,307042140
2024-06-27,5130,5150,5100,5130,44721,0.3913894324853229,6359,-10239,-5344,9224,0,12377,201,19990,12153,44721,6018,10440,25334,2929,44721,32725610,-52581780,-27547720,47403890,0,63590660,1029120,102606920,62415340,229642040,30865050,53610900,130154640,15011450,229642040
2024-06-28,5150,5250,5150,5230,69437,1.949317738791423,2861,-13301,-30273,40713,0,5019,0,23445,40973,69437,2158,13301,53718,260,69437,14918480,-69036200,-157819750,211937470,0,26144790,0,121897730,213283880,361326400,11226310,69036200,279717480,1346410,361326400
2024-07-01,5240,5240,5180,5210,40586,-0.3824091778202677,8713,-11900,8000,-4813,0,11618,1101,25093,2774,40586,2905,13001,17093,7587,40586,45338340,-62031070,41730840,-25038110,0,60459670,5751600,130659020,14447210,211317500,15121330,67782670,88928180,39485320,211317500
2024-07-02,5190,5190,5090,5120,76195,-1.727447216890595,800,7200,4559,-12559,0,7497,7300,57529,3869,76195,6697,100,52970,16428,76195,3970630,37024500,23603420,-64598550,0,38421220,37540500,295390800,19805080,391157600,34450590,516000,271787380,84403630,391157600
2024-07-03,5140,5140,5090,5130,46319,0.1953125,1850,63,12574,-14487,0,4266,400,40982,671,46319,2416,337,28408,15158,46319,9437800,315560,64276440,-74029800,0,21792290,2041000,209395930,3429410,236658630,12354490,1725440,145119490,77459210,236658630
2024-07-04,5150,5150,5110,5140,48302,0.1949317738791423,21701,2399,-6162,-17938,0,29966,5000,13259,77,48302,8265,2601,19421,18015,48302,111425660,12207870,-31622230,-92011300,0,153918840,25600000,68083530,394260,247996630,42493180,13392130,99705760,92405560,247996630
2024-07-05,5140,5150,5080,5110,74979,-0.5836575875486382,1949,-1000,18593,-19542,0,24293,2800,45834,2052,74979,22344,3800,27241,21594,74979,10282530,-5221000,94914610,-99976140,0,124141390,14281000,234036170,10482130,382940690,113858860,19502000,139121560,110458270,382940690
2024-07-08,5110,5140,5100,5130,37985,0.3913894324853229,8856,7691,-11000,-5547,0,11697,9100,13576,3612,37985,2841,1409,24576,9159,37985,45477540,39340740,-56381510,-28436770,0,60054580,46573000,69579460,18493760,194700800,14577040,7232260,125960970,46930530,194700800
2024-07-09,5130,5150,5100,5150,33800,0.3898635477582846,10078,-2500,2226,-9804,0,12374,0,21202,224,33800,2296,2500,18976,10028,33800,51816360,-12845500,11280230,-50251090,0,63588240,0,108757740,1153300,173499280,11771880,12845500,97477510,51404390,173499280
2024-07-10,5150,5150,5110,5130,59099,-0.3883495145631068,-3071,-6099,15788,-6618,0,24569,901,28643,4986,59099,27640,7000,12855,11604,59099,-15554470,-31231970,80769960,-33983520,0,125933950,4608140,146629730,25531080,302702900,141488420,35840110,65859770,59514600,302702900
2024-07-11,5130,5130,5090,5110,57854,-0.3898635477582846,12239,-1626,6377,-16990,0,22449,427,34978,0,57854,10210,2053,28601,16990,57854,62511470,-8350200,32684160,-86845430,0,114661890,2180670,178795110,0,295637670,52150420,10530870,146110950,86845430,295637670
2024-07-12,5110,5120,5090,5110,30416,0.0,862,-30,1864,-2696,0,6136,0,23199,1081,30416,5274,30,21335,3777,30416,4428030,-153300,9478250,-13752980,0,31341620,0,118378860,5519420,155239900,26913590,153300,108900610,19272400,155239900
2024-07-15,5110,5150,5090,5130,24721,0.3913894324853229,1494,-648,884,-1730,0,3550,0,19835,1336,24721,2056,648,18951,3066,24721,7589120,-3320240,4514660,-8783540,0,18123060,0,101515470,6853680,126492210,10533940,3320240,97000810,15637220,126492210
2024-07-16,5130,5140,5100,5140,54210,0.1949317738791423,-2712,-263,2647,328,0,28300,237,24400,1273,54210,31012,500,21753,945,54210,-13653700,-1357190,13343920,1666970,0,144988330,1211810,124742880,6506030,277449050,158642030,2569000,111398960,4839060,277449050
2024-07-17,5140,5210,5120,5210,109014,1.3618677042801557,13632,-27337,-37457,51162,0,21988,0,34012,53014,109014,8356,27337,71469,1852,109014,70451070,-141647230,-193219950,264416110,0,113807160,0,175953770,273998800,563759730,43356090,141647230,369173720,9582690,563759730
2024-07-18,5210,5250,5180,5240,55239,0.5758157389635317,-7367,-2500,-11301,21168,0,16485,0,15400,23354,55239,23852,2500,26701,2186,55239,-38313260,-13067000,-59157150,110537410,0,86151980,0,80165590,121934010,288251580,124465240,13067000,139322740,11396600,288251580
2024-07-19,5240,5240,5180,5220,34015,-0.38167938931297707,2812,10022,-11313,-1521,0,7319,10201,14227,2268,34015,4507,179,25540,3789,34015,14610620,52113400,-58834340,-7889680,0,38047040,53044200,73967150,11818930,176877320,23436420,930800,132801490,19708610,176877320
2024-07-22,5200,5220,5180,5200,39884,-0.38314176245210724,1975,5601,-1773,-5803,0,4511,5601,29432,340,39884,2536,0,31205,6143,39884,10239380,29070190,-9210380,-30099190,0,23410780,29070190,152701720,1765320,206948010,13171400,0,161912100,31864510,206948010
2024-07-23,5200,5300,5200,5290,62944,1.7307692307692308,20319,-3401,-27261,10343,0,25469,0,25262,12213,62944,5150,3401,52523,1870,62944,106561900,-17822240,-143327180,54587520,0,133644220,0,132288720,64377910,330310850,27082320,17822240,275615900,9790390,330310850
2024-07-24,5300,5320,5230,5280,113470,-0.1890359168241966,-1341,701,-13046,13686,0,37295,2001,41041,33133,113470,38636,1300,54087,19447,113470,-6863610,3730250,-68564020,71697380,0,196314590,10585250,215968410,174228890,597097140,203178200,6855000,284532430,102531510,597097140
2024-07-25,5240,5300,5190,5290,146299,0.1893939393939394,81004,536,-116147,34607,0,85904,536,21081,38778,146299,4900,0,137228,4171,146299,425383140,2806680,-610079740,181889920,0,451253970,2806680,110417650,203651910,768130210,25870830,0,720497390,21761990,768130210
2024-07-26,5240,5350,5240,5330,66216,0.7561436672967864,22632,-15723,-25022,18113,0,24137,10035,13270,18774,66216,1505,25758,38292,661,66216,119920810,-82352960,-133124320,95556470,0,127892090,53549720,70224500,99082150,350748460,7971280,135902680,203348820,3525680,350748460
2024-07-29,5300,5380,5300,5350,38125,0.37523452157598497,11980,0,-15635,3655,0,15638,0,16812,5675,38125,3658,0,32447,2020,38125,64265870,0,-83835040,19569170,0,83829620,0,89933670,30382590,204145880,19563750,0,173768710,10813420,204145880
2024-07-30,5370,5410,5330,5400,77571,0.9345794392523363,36373,173,-39110,2564,0,43226,173,22613,11559,77571,6853,0,61723,8995,77571,195181480,922890,-209708410,13604040,0,232018020,922890,121320700,61920410,416182020,36836540,0,331029110,48316370,416182020
2024-07-31,5400,5420,5270,5350,84489,-0.9259259259259258,-193,-4758,30322,-25371,0,28960,562,53643,1324,84489,29153,5320,23321,26695,84489,-997810,-25705560,163191380,-136488010,0,155617960,3005740,288399890,7063750,454087340,156615770,28711300,125208510,143551760,454087340
2024-08-01,5360,5370,5310,5350,51959,0.0,187,-1655,18858,-17390,0,16114,100,35555,190,51959,15927,1755,16697,17580,51959,1093540,-8860700,100528170,-92761010,0,86027120,531000,189610170,1016340,277184630,84933580,9391700,89082000,93777350,277184630
2024-08-02,5340,5340,5270,5280,73726,-1.3084112149532712,17816,-3594,-2451,-11771,0,31887,609,37199,4031,73726,14071,4203,39650,15802,73726,94244380,-18966580,-12960340,-62317460,0,168644070,3222270,196749140,21318580,389934060,74399690,22188850,209709480,83636040,389934060
2024-08-05,5280,5280,5050,5080,158439,-3.787878787878788,22029,583,4772,-27384,0,30634,1784,109313,16708,158439,8605,1201,104541,44092,158439,112663030,2927050,24508940,-140099020,0,156693760,9146220,559636300,85455680,810931960,44030730,6219170,535127360,225554700,810931960
2024-08-06,5110,5190,5110,5180,91775,1.968503937007874,-13912,3777,-15938,26073,0,18924,3847,34029,34975,91775,32836,70,49967,8902,91775,-71560820,19444810,-82115730,134231740,0,97643870,19808110,175364010,180160540,472976530,169204690,363300,257479740,45928800,472976530
2024-08-07,5180,5300,5180,5260,78708,1.5444015444015444,41575,453,-29229,-12799,0,56747,453,15293,6215,78708,15172,0,44522,19014,78708,218987340,2386350,-153705980,-67667710,0,298775930,2386350,80361260,32467480,413991020,79788590,0,234067240,100135190,413991020
2024-08-08,5260,5290,5200,5250,75060,-0.19011406844106463,27617,1,-37872,10254,0,39221,1,12932,22906,75060,11604,0,50804,12652,75060,145181190,5250,-198064900,52878460,0,206078000,5250,67551760,119296420,392931430,60896810,0,265616660,66417960,392931430
2024-08-09,5220,5280,5220,5270,42963,0.38095238095238093,13974,1860,-2936,-12898,0,17162,1893,20699,3209,42963,3188,33,23635,16107,42963,73489640,9707550,-15612730,-67584460,0,90212260,9881460,108440720,16806480,225340920,16722620,173910,124053450,84390940,225340920
2024-08-12,5250,5280,5220,5280,75077,0.18975332068311196,4207,5950,-4409,-5748,0,22139,5950,42736,4252,75077,17932,0,47145,10000,75077,22108820,31397430,-23320550,-30185700,0,116130730,31397430,224079730,22263720,393871610,94021910,0,247400280,52449420,393871610
2024-08-13,5280,5280,5230,5270,24125,-0.1893939393939394,10702,95,-4162,-6635,0,12016,95,11367,647,24125,1314,0,15529,7282,24125,56267260,496850,-21877060,-34887050,0,63159490,496850,59653520,3385840,126695700,6892230,0,81530580,38272890,126695700
2024-08-14,5270,5340,5260,5330,110511,1.1385199240986716,25068,-6900,-63673,45505,0,42956,100,19455,48000,110511,17888,7000,83128,2495,110511,132442890,-36362000,-337753500,241672610,0,227375710,528000,103438680,254846440,586188830,94932820,36890000,441192180,13173830,586188830
2024-08-16,5340,5340,5280,5320,49748,-0.18761726078799248,16298,0,8723,-25021,0,19025,0,29763,960,49748,2727,0,21040,25981,49748,86403690,0,46336920,-132740610,0,100904540,0,157922960,5093160,263920660,14500850,0,111586040,137833770,263920660
2024-08-19,5300,5330,5280,5310,53430,-0.18796992481203006,20990,4094,-11783,-13301,0,22130,4094,27108,98,53430,1140,0,38891,13399,53430,111191190,21636320,-62362130,-70465380,0,117228900,21636320,143429070,519400,282813690,6037710,0,205791200,70984780,282813690
2024-08-20,5310,5310,5270,5300,73850,-0.18832391713747645,12760,7853,10112,-30725,0,19992,7853,45958,47,73850,7232,0,35846,30772,73850,67342420,41577570,53374750,-162294740,0,105624970,41577570,242783280,248630,390234450,38282550,0,189408530,162543370,390234450
2024-08-21,5290,5310,5240,5300,91107,0.0,9643,-650,3318,-12311,0,39752,2350,45827,3178,91107,30109,3000,42509,15489,91107,51056050,-3410000,17335320,-64981370,0,209465150,12340000,241360020,16764460,479929630,158409100,15750000,224024700,81745830,479929630
2024-08-22,5300,5310,5220,5250,62198,-0.9433962264150944,5663,-1302,20925,-25286,0,24426,699,36890,183,62198,18763,2001,15965,25469,62198,29933030,-6885160,109585650,-132633520,0,128219390,3660100,193510120,964460,326354070,98286360,10545260,83924470,133597980,326354070
2024-08-23,5220,5250,5180,5190,71487,-1.1428571428571428,-3750,-6510,14515,-4255,0,23190,5198,38239,4860,71487,26940,11708,23724,9115,71487,-19528370,-34130670,75692020,-22032980,0,121047810,27028900,199664300,25428530,373169540,140576180,61159570,123972280,47461510,373169540
2024-08-26,5190,5200,5100,5170,153211,-0.3853564547206166,-42107,-21758,35155,28710,0,23340,2625,84959,42287,153211,65447,24383,49804,13577,153211,-215961420,-111560270,180610980,146910710,0,119968790,13422760,436408130,216849920,786649600,335930210,124983030,255797150,69939210,786649600
2024-08-27,5170,5210,5120,5180,111479,0.19342359767891684,-16431,194,10492,5745,0,38325,194,49696,23264,111479,54756,0,39204,17519,111479,-84321220,996200,54262800,29062220,0,197532770,996200,256520070,119791310,574840350,281853990,0,202257270,90729090,574840350
2024-08-28,5190,5220,5150,5210,103604,0.5791505791505791,8874,722,-6532,-3064,0,15765,722,69856,17261,103604,6891,0,76388,20325,103604,46217570,3730960,-34441940,-15506590,0,81905660,3730960,362482490,89775270,537894380,35688090,0,396924430,105281860,537894380
2024-08-29,5100,5230,5100,5220,118321,0.19193857965451055,8437,-7675,-28061,27299,0,26510,1,50317,41493,118321,18073,7676,78378,14194,118321,44230160,-39705940,-145752300,141228080,0,137287550,5220,259087500,214513350,610893620,93057390,39711160,404839800,73285270,610893620
2024-08-30,5210,5220,5170,5220,40180,0.0,-1678,-54,18641,-16909,0,12414,96,27160,510,40180,14092,150,8519,17419,40180,-8637490,-285720,96796350,-87873140,0,64517020,497280,141051400,2650860,208716560,73154510,783000,44255050,90524000,208716560
2024-09-02,5220,5220,5140,5170,69089,-0.9578544061302682,-7189,4183,33701,-30695,0,17637,4184,46452,816,69089,24826,1,12751,31511,69089,-36955140,21614200,173628950,-158288010,0,90990080,21619370,239404790,4216190,356230430,127945220,5170,65775840,162504200,356230430
2024-09-03,5170,5220,5160,5210,73691,0.7736943907156674,-9,-7959,-19763,27731,0,5831,10001,28145,29714,73691,5840,17960,47908,1983,73691,-114380,-41168190,-102847070,144129640,0,30286350,52103830,146193130,154419270,383002580,30400730,93272020,249040200,10289630,383002580
2024-09-04,5180,5210,5130,5200,89613,-0.19193857965451055,-20328,-10917,60624,-29379,0,3507,97,82500,3509,89613,23835,11014,21876,32888,89613,-104762440,-56794550,313169300,-151612310,0,18051450,498590,426155400,18076090,462781530,122813890,57293140,112986100,169688400,462781530
2024-09-05,5200,5210,5150,5190,22845,-0.19230769230769232,13302,112,1953,-15367,0,15407,212,6525,701,22845,2105,100,4572,16068,22845,68989690,580720,10095640,-79666050,0,79925450,1098720,33816340,3642240,118482750,10935760,518000,23720700,83308290,118482750
2024-09-06,5140,5190,5130,5170,47045,-0.3853564547206166,7307,-4786,-1659,-862,0,21397,214,16905,8529,47045,14090,5000,18564,9391,47045,37641520,-24560340,-8670240,-4410940,0,110181450,1099610,86939750,43933940,242154750,72539930,25659950,95609990,48344880,242154750
2024-09-09,5160,5240,5120,5240,82714,1.3539651837524178,-4657,-4985,-61327,70969,0,4387,0,6680,71647,82714,9044,4985,68007,678,82714,-24341110,-26030550,-319792280,370163940,0,22814000,0,34797150,373663180,431274330,47155110,26030550,354589430,3499240,431274330
2024-09-10,5200,5370,5190,5340,162158,1.9083969465648856,12269,-13102,-69478,70311,0,54416,2898,19033,85811,162158,42147,16000,88511,15500,162158,65727350,-69491620,-368593400,372357670,0,289505800,15388380,101321050,455088480,861303710,223778450,84880000,469914450,82730810,861303710
2024-09-11,5340,5380,5270,5320,103835,-0.37453183520599254,24478,-9158,-50839,35519,0,33404,200,18068,52163,103835,8926,9358,68907,16644,103835,130827810,-48953720,-271348550,189474460,0,178438590,1058000,96396790,278250910,554144290,47610780,50011720,367745340,88776450,554144290
2024-09-12,5370,5380,5300,5330,75976,0.18796992481203006,3063,0,-28386,25323,0,25560,0,13152,37264,75976,22497,0,41538,11941,75976,16383520,0,-151588520,135205000,0,136374480,0,70029620,198821600,405225700,119990960,0,221618140,63616600,405225700
2024-09-13,5320,5370,5270,5370,92729,0.7504690431519699,-2693,-2000,-15655,20348,0,15107,0,44151,33471,92729,17800,2000,59806,13123,92729,-14426170,-10720000,-83326600,108472770,0,80548570,0,235626570,178510970,494686110,94974740,10720000,318953170,70038200,494686110
