날짜,시가,고가,저가,종가,거래량,등락률,기관합계_거래량_순매수,기타법인_거래량_순매수,개인_거래량_순매수,외국인합계_거래량_순매수,전체_거래량_순매수,기관합계_거래량_매수,기타법인_거래량_매수,개인_거래량_매수,외국인합계_거래량_매수,전체_거래량_매수,기관합계_거래량_매도,기타법인_거래량_매도,개인_거래량_매도,외국인합계_거래량_매도,전체_거래량_매도,기관합계_거래대금_순매수,기타법인_거래대금_순매수,개인_거래대금_순매수,외국인합계_거래대금_순매수,전체_거래대금_순매수,기관합계_거래대금_매수,기타법인_거래대금_매수,개인_거래대금_매수,외국인합계_거래대금_매수,전체_거래대금_매수,기관합계_거래대금_매도,기타법인_거래대금_매도,개인_거래대금_매도,외국인합계_거래대금_매도,전체_거래대금_매도
2019-12-05,6500,6500,6500,6500,3057720,,-194663,-119186,200578,113271,0,48881,18300,2803666,186873,3057720,243544,137486,2603088,73602,3057720,-1265309500,-774709000,1303757000,736261500,0,317726500,118950000,18223829000,1214674500,19875180000,1583036000,893659000,16920072000,478413000,19875180000
2019-12-06,6500,6600,6200,6300,10934926,-3.076923076923077,97547,-49664,198093,-245976,0,409702,40387,10447513,37324,10934926,312155,90051,10249420,283300,10934926,617054430,-323563630,1287228760,-1580719560,0,2624251450,257803800,67131597620,238844330,70252497200,2007197020,581367430,65844368860,1819563890,70252497200
2019-12-09,6230,6280,5990,6120,1774692,-2.857142857142857,382863,17512,-315784,-84591,0,400948,36734,1328110,8900,1774692,18085,19222,1643894,93491,1774692,2340052030,105890090,-1929578100,-516364020,0,2450419550,223321300,8123710010,54306720,10851757580,110367520,117431210,10053288110,570670740,10851757580
2019-12-10,6160,6170,6050,6100,522713,-0.32679738562091504,86521,-8710,-76271,-1540,0,104083,3950,411952,2728,522713,17562,12660,488223,4268,522713,527231990,-53069410,-464766130,-9396450,0,634091360,24096300,2508476790,16612460,3183276910,106859370,77165710,2973242920,26008910,3183276910
2019-12-11,6100,6120,6000,6020,612664,-1.3114754098360655,60536,18399,-78678,-257,0,68624,18925,524634,481,612664,8088,526,603312,738,612664,366916110,110813730,-476139830,-1590010,0,415768510,114000250,3169437250,2896650,3702102660,48852400,3186520,3645577080,4486660,3702102660
2019-12-12,6020,6070,5920,5970,513808,-0.8305647840531563,87940,23558,-106811,-4687,0,105834,26232,381672,70,513808,17894,2674,488483,4757,513808,522482700,140056310,-634619610,-27919400,0,629282380,155958550,2277521440,417180,3063179550,106799680,15902240,2912141050,28336580,3063179550
2019-12-13,6000,6090,5920,6040,555263,1.1725293132328307,80313,1741,-92983,10929,0,83337,3850,443185,24891,555263,3024,2109,536168,13962,555263,480523670,10224610,-555999680,65251400,0,498677500,22915150,2660296740,149532750,3331422140,18153830,12690540,3216296420,84281350,3331422140
2019-12-16,6050,6190,6000,6130,430734,1.490066225165563,147590,28308,-168716,-7182,0,152690,28812,246625,2607,430734,5100,504,415341,9789,430734,901530760,173817210,-1031832340,-43515630,0,932580760,176891610,1500180610,15902100,2625555080,31050000,3074400,2532012950,59417730,2625555080
2019-12-17,6130,6150,6060,6070,166404,-0.9787928221859705,31836,-3067,-33035,4266,0,36836,3600,119541,6427,166404,5000,6667,152576,2161,166404,193487730,-18689360,-200737910,25939540,0,223887730,21856000,727299210,39076440,1012119380,30400000,40545360,928037120,13136900,1012119380
2019-12-18,6120,6140,6040,6040,180036,-0.4942339373970346,25846,985,-26490,-341,0,40598,1930,135199,2309,180036,14752,945,161689,2650,180036,157487410,5943150,-161378810,-2051750,0,247418600,11717100,822494500,14015630,1095645830,89931190,5773950,983873310,16067380,1095645830
2019-12-19,6050,6090,6000,6030,112809,-0.16556291390728478,2691,2480,-4983,-188,0,16975,2480,92817,537,112809,14284,0,97800,725,112809,16258600,14934400,-30069930,-1123070,0,102412960,14934400,559162600,3234610,679744570,86154360,0,589232530,4357680,679744570
2019-12-20,6010,6080,5980,6030,269811,0.0,-32987,-253,34787,-1547,0,17618,837,249274,2082,269811,50605,1090,214487,3629,269811,-197992740,-1519970,208766980,-9254270,0,106189440,5024630,1499140670,12519830,1622874570,304182180,6544600,1290373690,21774100,1622874570
2019-12-23,6020,6030,5990,6020,113903,-0.16583747927031509,20956,-657,-18024,-2275,0,26086,715,87102,0,113903,5130,1372,105126,2275,113903,126033060,-3951420,-108407390,-13674250,0,156853540,4294300,523781980,0,684929820,30820480,8245720,632189370,13674250,684929820
2019-12-24,6040,6040,5990,5990,140758,-0.4983388704318937,4171,9990,-13525,-636,0,4729,10100,123872,2057,140758,558,110,137397,2693,140758,25064410,59888000,-81157560,-3794850,0,28423650,60549000,743822860,12383020,845178530,3359240,661000,824980420,16177870,845178530
2019-12-26,6000,6010,5940,6000,237831,0.1669449081803005,47518,914,-72996,24564,0,72226,20445,116598,28562,237831,24708,19531,189594,3998,237831,285002990,5158600,-437370110,147208520,0,433029050,121954600,697147770,171070160,1423201580,148026060,116796000,1134517880,23861640,1423201580
2019-12-27,5950,6180,5940,6140,603664,2.3333333333333335,414889,-23140,-399554,7805,0,479398,3200,92513,28553,603664,64509,26340,492067,20748,603664,2538022550,-143045420,-2441721470,46744340,0,2934845120,19072000,563400780,172094840,3689412740,396822570,162117420,3005122250,125350500,3689412740
2019-12-30,6140,6140,6040,6090,154046,-0.8143322475570033,3382,-5090,2106,-398,0,71829,100,80419,1698,154046,68447,5190,78313,2096,154046,22032650,-30917440,11298600,-2413810,0,437206940,611000,488376440,10328860,936523240,415174290,31528440,477077840,12742670,936523240
2020-01-02,6090,6130,6030,6100,117535,0.16420361247947454,48354,91,-54820,6375,0,55355,100,51108,10972,117535,7001,9,105928,4597,117535,295307710,555460,-334509000,38645830,0,338080450,610000,310890080,66730800,716311330,42772740,54540,645399080,28084970,716311330
2020-01-03,6120,6130,6030,6090,118900,-0.16393442622950818,25129,-4299,-20970,140,0,25329,400,86230,6941,118900,200,4699,107200,6801,118900,152754570,-26166340,-127237780,649550,0,153974570,2436710,524079020,42048570,722538870,1220000,28603050,651316800,41399020,722538870
2020-01-06,5990,6000,5890,5920,370579,-2.7914614121510675,-184487,11293,191761,-18567,0,40467,13127,311016,5969,370579,224954,1834,119255,24536,370579,-1096145760,67095830,1139573100,-110523170,0,240329640,78023130,1848112890,35230610,2201696270,1336475400,10927300,708539790,145753780,2201696270
2020-01-07,5970,5970,5900,5930,98930,0.16891891891891891,5978,3385,2055,-11418,0,28773,5480,64676,1,98930,22795,2095,62621,11419,98930,35329880,19966640,12341960,-67638480,0,170292360,32388040,383138550,5910,585824860,134962480,12421400,370796590,67644390,585824860
2020-01-08,5950,5950,5870,5900,195925,-0.5059021922428331,95510,-4655,-80080,-10775,0,106786,2100,86104,935,195925,11276,6755,166184,11710,195925,564270390,-27476840,-473170390,-63623160,0,630883390,12411000,508083590,5516500,1156894480,66613000,39887840,981253980,69139660,1156894480
2020-01-09,5970,5970,5910,5930,96513,0.5084745762711864,4498,57,-4140,-415,0,48558,100,47855,0,96513,44060,43,51995,415,96513,26708860,339010,-24585110,-2462760,0,288334270,594000,284017740,0,572946010,261625410,254990,308602850,2462760,572946010
2020-01-10,5970,5970,5880,5880,117765,-0.8431703204047217,6759,-530,-2008,-4221,0,20960,280,96525,0,117765,14201,810,98533,4221,117765,39704340,-3156900,-11685750,-24861690,0,123494990,1646400,569518430,0,694659820,83790650,4803300,581204180,24861690,694659820
2020-01-13,5890,5890,5790,5790,177526,-1.530612244897959,12939,-175,-15180,2416,0,47424,2990,123144,3968,177526,34485,3165,138324,1552,177526,75457030,-792770,-88799790,14135530,0,276536860,17564300,717877410,23214730,1035193300,201079830,18357070,806677200,9079200,1035193300
2020-01-14,5830,5830,5650,5710,277697,-1.381692573402418,40275,1849,-38219,-3905,0,56075,2038,217374,2210,277697,15800,189,255593,6115,277697,228986300,10489830,-217133310,-22342820,0,318646510,11561460,1234352070,12532980,1577093020,89660210,1071630,1451485380,34875800,1577093020
2020-01-15,5750,5930,5690,5930,145864,3.852889667250438,47500,-240,-52288,5028,0,78422,210,60378,6854,145864,30922,450,112666,1826,145864,278518220,-1410800,-306093240,28985820,0,459095300,1244200,351731190,39675560,851746250,180577080,2655000,657824430,10689740,851746250
2020-01-16,5950,5950,5870,5880,64404,-0.8431703204047217,7067,-238,-2382,-4447,0,14297,2100,48007,0,64404,7230,2338,50389,4447,64404,41723800,-1461250,-13855820,-26406730,0,84375030,12368000,283379630,0,380122660,42651230,13829250,297235450,26406730,380122660
2020-01-17,5920,5920,5880,5900,64706,0.3401360544217687,-17872,100,21247,-3475,0,1382,100,63224,0,64706,19254,0,41977,3475,64706,-105372410,590000,125278820,-20496410,0,8134120,590000,372892090,0,381616210,113506530,0,247613270,20496410,381616210
2020-01-20,5880,5900,5820,5900,45574,0.0,13903,0,-17341,3438,0,13925,100,28071,3478,45574,22,100,45412,40,45574,81801470,1000,-101940230,20137760,0,81930880,590000,164634770,20372760,267528410,129410,589000,266575000,235000,267528410
2020-01-21,5900,5900,5850,5880,67692,-0.3389830508474576,10082,2000,-13587,1505,0,12603,2000,51413,1676,67692,2521,0,65000,171,67692,59220840,11740000,-79803660,8842820,0,74025170,11740000,301604690,9848300,397218160,14804330,0,381408350,1005480,397218160
2020-01-22,5900,5900,5790,5870,48738,-0.17006802721088435,5838,4275,-4932,-5181,0,5971,4875,37634,258,48738,133,600,42566,5439,48738,34088500,24820200,-28626530,-30282170,0,34862560,28324200,219443900,1496420,284127080,774060,3504000,248070430,31778590,284127080
2020-01-23,5870,5880,5790,5860,38602,-0.17035775127768313,13658,600,-16020,1762,0,13698,600,22399,1905,38602,40,0,38419,143,38602,79601380,3515000,-93428910,10312530,0,79835380,3515000,130943490,11147650,225441520,234000,0,224372400,835120,225441520
2020-01-28,5830,5830,5720,5750,95238,-1.877133105802048,-3355,-725,1465,2615,0,1976,135,87122,6005,95238,5331,860,85657,3390,95238,-19264610,-4237200,8455180,15046630,0,11363860,776600,500658350,34551880,547350690,30628470,5013800,492203170,19505250,547350690
2020-01-29,5810,5980,5750,5930,199598,3.130434782608696,131642,-4300,-128009,667,0,134388,700,60280,4230,199598,2746,5000,188289,3563,199598,777694700,-25695000,-756422200,4422500,0,793552190,4055000,349761120,25052640,1172420950,15857490,29750000,1106183320,20630140,1172420950
2020-01-30,5910,5920,5840,5860,51874,-1.1804384485666104,3891,5000,-5900,-2991,0,10894,5000,35978,2,51874,7003,0,41878,2993,51874,22804410,29550000,-34677720,-17676690,0,63885010,29550000,211203860,11840,304650710,41080600,0,245881580,17688530,304650710
2020-01-31,5890,5890,5800,5850,48227,-0.17064846416382254,10717,10,-11314,587,0,10817,10,36546,854,48227,100,0,47860,267,48227,62403490,58500,-65891150,3429160,0,62985490,58500,212651090,4983100,280678180,582000,0,278542240,1553940,280678180
2020-02-03,5800,5890,5740,5880,93892,0.5128205128205128,24932,100,-29380,4348,0,28327,100,57751,7714,93892,3395,0,87131,3366,93892,145732030,588000,-171335220,25015190,0,165558100,588000,336277660,44673290,547097050,19826070,0,507612880,19658100,547097050
2020-02-04,5880,5880,5820,5870,46030,-0.17006802721088435,13466,-10,-8457,-4999,0,14825,0,31204,1,46030,1359,10,39661,5000,46030,78758290,-58500,-49445680,-29254110,0,86692060,0,182200570,5840,268898470,7933770,58500,231646250,29259950,268898470
2020-02-05,5850,5880,5810,5860,38284,-0.17035775127768313,2253,5900,-7340,-813,0,2253,5900,29235,896,38284,0,0,36575,1709,38284,13183090,34459860,-42888990,-4753960,0,13183090,34459860,170889170,5237440,223769560,0,0,213778160,9991400,223769560
2020-02-06,5860,5890,5820,5840,37602,-0.3412969283276451,1455,200,-764,-891,0,2655,200,32820,1927,37602,1200,0,33584,2818,37602,8498100,1172000,-4417070,-5253030,0,15542100,1172000,192037830,11272950,220024880,7044000,0,196454900,16525980,220024880
2020-02-07,5840,5860,5790,5850,32020,0.17123287671232876,11597,200,-13115,1318,0,12625,200,17506,1689,32020,1028,0,30621,371,32020,67640870,1170000,-76493970,7683100,0,73654670,1170000,102108040,9849700,186782410,6013800,0,178602010,2166600,186782410
2020-02-10,5870,5870,5800,5860,31732,0.17094017094017094,4305,-115,-1130,-3060,0,5037,200,26495,0,31732,732,315,27625,3060,31732,25086760,-666600,-6578750,-17841410,0,29336440,1173000,154598610,0,185108050,4249680,1839600,161177360,17841410,185108050
2020-02-11,5870,5890,5860,5870,47175,0.17064846416382254,-13896,100,14996,-1200,0,2532,100,44139,404,47175,16428,0,29143,1604,47175,-81568230,587000,88013230,-7032000,0,14862630,587000,259010900,2371480,276832010,96430860,0,170997670,9403480,276832010
2020-02-12,5880,5880,5820,5850,30620,-0.34071550255536626,-4097,100,-3131,7128,0,3410,100,19981,7129,30620,7507,0,23112,1,30620,-24148720,584000,-18274080,41838800,0,19917160,584000,116914740,41844650,179260550,44065880,0,135188820,5850,179260550
2020-02-13,5820,5860,5810,5850,30428,0.0,8508,200,-10499,1791,0,8908,200,19529,1791,30428,400,0,30028,0,30428,49693290,1170000,-61306760,10443470,0,52022290,1170000,113775780,10443470,177411540,2329000,0,175082540,0,177411540
2020-02-14,5860,5860,5790,5810,54176,-0.6837606837606838,-14392,2200,13851,-1659,0,2816,2200,49160,0,54176,17208,0,35309,1659,54176,-83555880,12762000,80445560,-9651680,0,16359170,12762000,285629450,0,314750620,99915050,0,205183890,9651680,314750620
2020-02-17,5800,5840,5770,5800,50212,-0.17211703958691912,-1415,1200,255,-40,0,273,1200,48739,0,50212,1688,0,48484,40,50212,-8196550,6930000,1498550,-232000,0,1580800,6930000,282094370,0,290605170,9777350,0,280595820,232000,290605170
2020-02-18,5750,5800,5720,5760,28335,-0.6896551724137931,1611,200,-2985,1174,0,1645,200,25285,1205,28335,34,0,28270,31,28335,9279800,1152000,-17203240,6771440,0,9475980,1152000,145399470,6950310,162977760,196180,0,162602710,178870,162977760
2020-02-19,5770,5770,5710,5730,30558,-0.5208333333333333,2846,300,-2455,-691,0,2846,300,26949,463,30558,0,0,29404,1154,30558,16306980,1717000,-14091190,-3932790,0,16306980,1717000,154286270,2656550,174966800,0,0,168377460,6589340,174966800
2020-02-20,5780,5780,5610,5670,72868,-1.0471204188481675,8328,8321,-18154,1505,0,8329,8321,54658,1560,72868,1,0,72812,55,72868,47547660,47447550,-103523140,8527930,0,47553440,47447550,310353300,8839940,414194230,5780,0,413876440,312010,414194230
2020-02-21,5620,5700,5620,5660,47120,-0.1763668430335097,-7020,3103,2012,1905,0,601,3103,41272,2144,47120,7621,0,39260,239,47120,-39875930,17443010,11631470,10801450,0,3397620,17443010,233785790,12151800,266778220,43273550,0,222154320,1350350,266778220
2020-02-24,5650,5650,5530,5530,83535,-2.2968197879858656,-3794,600,5625,-2431,0,6512,600,72037,4386,83535,10306,0,66412,6817,83535,-20648320,3360000,30890470,-13602150,0,36495940,3360000,401414240,24531640,465801820,57144260,0,370523770,38133790,465801820
2020-02-25,5660,5660,5510,5580,50387,0.9041591320072333,-25105,-845,25897,53,0,930,100,47403,1954,50387,26035,945,21506,1901,50387,-139032500,-4677300,143451980,257820,0,5155340,558000,262950650,10811110,279475100,144187840,5235300,119498670,10553290,279475100
2020-02-26,5580,5580,5510,5550,51689,-0.5376344086021506,-2209,0,2241,-32,0,8511,0,42994,184,51689,10720,0,40753,216,51689,-12221800,0,12401240,-179440,0,46966640,0,237532640,1015680,285514960,59188440,0,225131400,1195120,285514960
2020-02-27,5640,5640,5500,5530,48026,-0.36036036036036034,-767,-8753,9502,18,0,933,100,45675,1318,48026,1700,8853,36173,1300,48026,-4247050,-48488600,52682000,53650,0,5187950,553000,253513080,7314920,266568950,9435000,49041600,200831080,7261270,266568950
2020-02-28,5500,5500,5300,5390,122987,-2.5316455696202533,14292,1100,-14756,-636,0,20230,1100,100980,677,122987,5938,0,115736,1313,122987,77114600,5931680,-79596090,-3450190,0,108848860,5931680,545913530,3601730,664295800,31734260,0,625509620,7051920,664295800
2020-03-02,5310,5600,5100,5380,114074,-0.1855287569573284,2686,245,-9477,6546,0,3078,1060,102308,7628,114074,392,815,111785,1082,114074,14300600,1265970,-50233620,34667050,0,16399830,5650670,542556680,40466520,605073700,2099230,4384700,592790300,5799470,605073700
2020-03-03,5410,5450,5370,5400,64706,0.37174721189591076,-13690,1200,14267,-1777,0,3930,1200,56890,2686,64706,17620,0,42623,4463,64706,-73954230,6480000,77103530,-9629300,0,21191880,6480000,307124800,14514400,349311080,95146110,0,230021270,24143700,349311080
2020-03-04,5380,5630,5360,5600,83091,3.7037037037037033,24630,199,-23445,-1384,0,29625,200,49800,3466,83091,4995,1,73245,4850,83091,136680220,1110400,-129939570,-7851050,0,164149210,1116000,270547510,18640140,454452860,27468990,5600,400487080,26491190,454452860
2020-03-05,5500,5580,5400,5580,364799,-0.35714285714285715,-201897,-9615,216162,-4650,0,93390,100,256557,14752,364799,295287,9715,40395,19402,364799,-1102869530,-52615740,1180956050,-25470780,0,508769470,557000,1403124640,80712600,1993163710,1611639000,53172740,222168590,106183380,1993163710
2020-03-06,5500,5530,5460,5530,60097,-0.8960573476702508,-25727,-1600,26791,536,0,8208,400,50953,536,60097,33935,2000,24162,0,60097,-141287670,-8794000,147128310,2953360,0,44951860,2206000,279774290,2953360,329885510,186239530,11000000,132645980,0,329885510
2020-03-09,5460,5490,5290,5350,115333,-3.25497287522604,-43538,-1752,45476,-186,0,22627,306,92213,187,115333,66165,2058,46737,373,115333,-231483590,-9432590,241882160,-965980,0,121211620,1624860,493068280,1017020,616921780,352695210,11057450,251186120,1983000,616921780
2020-03-10,5270,5340,5210,5320,56573,-0.5607476635514018,-10926,-149,6581,4494,0,6590,400,44937,4646,56573,17516,549,38356,152,56573,-57979320,-785000,35150440,23613880,0,34859660,2126000,237474620,24418200,298878480,92838980,2911000,202324180,804320,298878480
2020-03-11,5350,5370,5210,5280,103783,-0.7518796992481203,-18693,-6660,22790,2563,0,8922,200,89108,5553,103783,27615,6860,66318,2990,103783,-97944660,-35325600,119894370,13375890,0,46903180,1046000,468262250,29220430,545431860,144847840,36371600,348367880,15844540,545431860
2020-03-12,5250,5250,5060,5080,312232,-3.787878787878788,73581,-2089,-71230,-262,0,113656,100,187300,11176,312232,40075,2189,258530,11438,312232,374735570,-10861250,-362329690,-1544630,0,579448120,511000,957550210,57092490,1594601820,204712550,11372250,1319879900,58637120,1594601820
2020-03-13,4900,5000,4580,4780,382699,-5.905511811023622,-20041,-23170,53089,-9878,0,48777,399,330555,2968,382699,68818,23569,277466,12846,382699,-94363530,-111280370,252467460,-46823560,0,230997600,1897785,1575431335,14392435,1822719155,325361130,113178155,1322963875,61215995,1822719155
2020-03-16,4780,5030,4780,4915,172359,2.8242677824267783,48569,1485,-62411,12357,0,63317,1800,91982,15260,172359,14748,315,154393,2903,172359,240208260,7483875,-308411765,60719630,0,313602300,9023500,451558345,75200190,849384335,73394040,1539625,759970110,14480560,849384335
2020-03-17,4800,4950,4760,4950,112778,0.7121057985757884,19080,-5,-6062,-13013,0,42246,320,70211,1,112778,23166,325,76273,13014,112778,91943500,-31330,-28369980,-63542190,0,205700745,1572800,341806310,4795,549084650,113757245,1604130,370176290,63546985,549084650
2020-03-18,4900,5010,4885,4900,73163,-1.0101010101010102,12668,100,-27028,14260,0,21634,100,36944,14485,73163,8966,0,63972,225,73163,62680975,490500,-134295075,71123600,0,107233820,490500,183715955,72248600,363688875,44552845,0,318011030,1125000,363688875
2020-03-19,4850,4920,4100,4885,313995,-0.30612244897959184,84368,-3600,-80532,-236,0,193149,700,112812,7334,313995,108781,4300,193344,7570,313995,413061520,-17001700,-394822275,-1237545,0,918327540,3315500,519122690,34577120,1475342850,505266020,20317200,913944965,35814665,1475342850
2020-03-20,5000,5000,4700,4880,108536,-0.1023541453428864,40219,400,-42156,1537,0,41687,400,57953,8496,108536,1468,0,100109,6959,108536,194917865,1930000,-203865445,7017580,0,201903395,1930000,280204290,40614965,524652650,6985530,0,484069735,33597385,524652650
2020-03-23,4535,4750,4490,4545,110490,-6.864754098360656,-7725,-5652,15125,-1748,0,38799,600,65531,5560,110490,46524,6252,50406,7308,110490,-34632865,-26398205,68499535,-7468465,0,178141720,2767375,302892370,25901095,509702560,212774585,29165580,234392835,33369560,509702560
2020-03-24,4560,4630,4375,4465,143749,-1.76017601760176,-33947,700,33351,-104,0,32378,700,106197,4474,143749,66325,0,72846,4578,143749,-152326065,3144000,149396670,-214605,0,144614335,3144000,476713045,20547260,645018640,296940400,0,327316375,20761865,645018640
2020-03-25,4510,4620,4510,4580,104925,2.57558790593505,-26555,100,20019,6436,0,16641,100,79345,8839,104925,43196,0,59326,2403,104925,-121484540,458000,91506765,29519775,0,76271770,458000,362872295,40474190,480076255,197756310,0,271365530,10954415,480076255
2020-03-26,4665,4670,4565,4605,154663,0.5458515283842794,-49185,0,53023,-3838,0,55072,0,93536,6055,154663,104257,0,40513,9893,154663,-226809080,0,244392985,-17583905,0,255353445,0,432132780,28160230,715646455,482162525,0,187739795,45744135,715646455
2020-03-27,4725,4835,4610,4760,262766,3.3659066232356136,1650,137,-9382,7595,0,166108,137,84586,11935,262766,164458,0,93968,4340,262766,8553430,651145,-45571735,36367160,0,789388460,651145,397747780,56786440,1244573825,780835030,0,443319515,20419280,1244573825
2020-03-30,4725,4820,4610,4820,111038,1.2605042016806722,-142,100,-5842,5884,0,76192,100,28624,6122,111038,76334,0,34466,238,111038,-1213645,482000,-27399275,28130920,0,363130260,482000,135644870,29267370,528524500,364343905,0,163044145,1136450,528524500
2020-03-31,4800,4875,4775,4800,114701,-0.4149377593360996,-49391,0,62651,-13260,0,21389,0,92896,416,114701,70780,0,30245,13676,114701,-237159255,0,300908425,-63749170,0,102801865,0,446627200,1991500,551420565,339961120,0,145718775,65740670,551420565
2020-04-01,4810,4810,4720,4740,64958,-1.25,-34153,0,34936,-783,0,8385,0,55281,1292,64958,42538,0,20345,2075,64958,-162648645,0,166366155,-3717510,0,39927265,0,263279180,6175760,309382205,202575910,0,96913025,9893270,309382205
2020-04-02,4740,4740,4635,4665,72038,-1.5822784810126582,-57480,100,57844,-464,0,7787,100,64148,3,72038,65267,0,6304,467,72038,-267334240,465000,269027885,-2158645,0,36237810,465000,298408425,13985,335125220,303572050,0,29380540,2172630,335125220
2020-04-03,4665,4715,4655,4675,44680,0.21436227224008575,863,100,-1470,507,0,1113,100,42708,759,44680,250,0,44178,252,44680,4034880,467500,-6871415,2369035,0,5203630,467500,199398995,3544615,208614740,1168750,0,206270410,1175580,208614740
2020-04-06,4675,4725,4650,4690,58847,0.32085561497326204,-11831,1200,3567,7064,0,1883,1500,43678,11786,58847,13714,300,40111,4722,58847,-55366535,5607185,16598350,33161000,0,8805115,7011185,204653910,55291630,275761840,64171650,1404000,188055560,22130630,275761840
2020-04-07,4760,4760,4690,4740,46467,1.0660980810234542,-2193,100,318,1775,0,4003,100,38133,4231,46467,6196,0,37815,2456,46467,-10178175,474000,1453800,8250375,0,18951460,474000,179601625,19904745,218931830,29129635,0,178147825,11654370,218931830
2020-04-08,4665,4725,4665,4700,39144,-0.8438818565400843,-5143,300,5036,-193,0,738,300,37812,294,39144,5881,0,32776,487,39144,-24188170,1410000,23692450,-914280,0,3464610,1410000,177684250,1378980,183937840,27652780,0,153991800,2293260,183937840
2020-04-09,4755,4755,4690,4705,35597,0.10638297872340426,-8703,300,9409,-1006,0,7409,300,26707,1181,35597,16112,0,17298,2187,35597,-40881230,1411500,44182925,-4713195,0,34855110,1411500,125663135,5555850,167485595,75736340,0,81480210,10269045,167485595
2020-04-10,4725,4730,4500,4700,48278,-0.10626992561105207,9667,400,-12813,2746,0,14157,400,29595,4126,48278,4490,0,42408,1380,48278,45395150,1877000,-60179380,12907230,0,66460335,1877000,137964955,19394995,225697285,21065185,0,198144335,6487765,225697285
2020-04-13,4780,4780,4680,4690,40328,-0.2127659574468085,10060,300,-8381,-1979,0,10060,300,29968,0,40328,0,0,38349,1979,40328,47242975,1408500,-39358470,-9293005,0,47242975,1408500,140721225,0,189372700,0,0,180079695,9293005,189372700
2020-04-14,4655,4720,4655,4715,21363,0.5330490405117271,-2903,-1200,5099,-996,0,547,300,19966,550,21363,3450,1500,14867,1546,21363,-13640190,-5623000,23944555,-4681365,0,2570310,1414500,93776825,2571250,100332885,16210500,7037500,69832270,7252615,100332885
2020-04-16,4720,4725,4660,4725,28733,0.2120890774125133,-6931,600,9863,-3532,0,50,600,28083,0,28733,6981,0,18220,3532,28733,-32614650,2829435,46409345,-16624130,0,235445,2829435,132215730,0,135280610,32850095,0,85806385,16624130,135280610
2020-04-17,4765,4805,4695,4800,58113,1.5873015873015872,1661,-400,-878,-383,0,4209,600,50471,2833,58113,2548,1000,51349,3216,58113,7869220,-1870000,-4248555,-1750665,0,19965405,2880000,240242740,13471235,276559380,12096185,4750000,244491295,15221900,276559380
2020-04-20,4860,4860,4810,4850,51195,1.0416666666666665,-22558,600,24758,-2800,0,1571,600,49024,0,51195,24129,0,24266,2800,51195,-109104370,2907450,119707565,-13510645,0,7612290,2907450,237194675,0,247714415,116716660,0,117487110,13510645,247714415
2020-04-21,4810,4850,4480,4800,51527,-1.0309278350515463,-9175,300,7274,1601,0,1000,300,47879,2348,51527,10175,0,40605,747,51527,-44130075,1440000,35074210,7615865,0,4756830,1440000,227917600,11201465,245315895,48886905,0,192843390,3585600,245315895
2020-04-22,4785,4855,4700,4855,54812,1.1458333333333333,18102,0,-20354,2252,0,26053,0,26507,2252,54812,7951,0,46861,0,54812,87185115,0,-98026905,10841790,0,125648145,0,127954640,10841790,264444575,38463030,0,225981545,0,264444575
2020-04-23,4870,4975,4860,4925,91946,1.4418125643666324,-20954,0,18571,2383,0,7106,0,80467,4373,91946,28060,0,61896,1990,91946,-102597645,0,90902805,11694840,0,34915715,0,395282640,21447790,451646145,137513360,0,304379835,9752950,451646145
2020-04-24,4925,4925,4840,4875,40698,-1.015228426395939,-4390,0,9033,-4643,0,8610,0,32073,15,40698,13000,0,23040,4658,40698,-21293040,0,43897310,-22604270,0,41957025,0,156249970,72825,198279820,63250065,0,112352660,22677095,198279820
2020-04-27,4845,4880,4845,4880,32753,0.10256410256410256,-4835,0,3098,1737,0,8315,0,22701,1737,32753,13150,0,19603,0,32753,-23546855,0,15126530,8420325,0,40495100,0,110560675,8420325,159476100,64041955,0,95434145,0,159476100
2020-04-28,4885,4900,4860,4890,39365,0.20491803278688525,-10406,10100,1840,-1534,0,1524,10100,27018,723,39365,11930,0,25178,2257,39365,-50735025,49236500,8960255,-7461730,0,7432230,49236500,131768525,3528065,191965320,58167255,0,122808270,10989795,191965320
2020-04-29,4900,4930,4870,4915,24031,0.5112474437627812,-3492,0,4985,-1493,0,1708,0,22323,0,24031,5200,0,17338,1493,24031,-17106940,0,24419270,-7312330,0,8385060,0,109398155,0,117783215,25492000,0,84978885,7312330,117783215
2020-05-04,4900,4900,4855,4890,21232,-0.508646998982706,1020,1100,-2120,0,0,1020,1100,19112,0,21232,0,0,21232,0,21232,4962620,5367560,-10330180,0,0,4962620,5367560,93222430,0,103552610,0,0,103552610,0,103552610
2020-05-06,4940,4940,4885,4885,45540,-0.10224948875255625,-24427,300,24127,0,0,1167,300,44073,0,45540,25594,0,19946,0,45540,-119690985,1468500,118222485,0,0,5705695,1468500,215975780,0,223149975,125396680,0,97753295,0,223149975
2020-05-07,4915,4935,4855,4880,28620,-0.1023541453428864,-17475,1930,15545,0,0,1445,1930,25245,0,28620,18920,0,9700,0,28620,-85145625,9385300,75760325,0,0,7105440,9385300,123188945,0,139679685,92251065,0,47428620,0,139679685
2020-05-08,4910,4910,4865,4880,24387,0.0,-13290,400,12890,0,0,798,400,23189,0,24387,14088,0,10299,0,24387,-64740430,1951500,62788930,0,0,3891040,1951500,113056925,0,118899465,68631470,0,50267995,0,118899465
2020-05-11,4880,4890,4870,4890,41754,0.20491803278688525,-4192,710,2651,831,0,568,710,38492,1984,41754,4760,0,35841,1153,41754,-20455905,3465250,12919690,4070965,0,2773450,3465250,187893130,9691840,203823670,23229355,0,174973440,5620875,203823670
2020-05-12,4885,4890,4835,4865,40518,-0.5112474437627812,-13774,5500,6036,2238,0,993,5500,29432,4593,40518,14767,0,23396,2355,40518,-66811415,26731000,29222180,10858235,0,4830470,26731000,142974680,22282635,196818785,71641885,0,113752500,11424400,196818785
2020-05-13,4875,4910,4855,4900,29317,0.7194244604316548,-2415,3613,-701,-497,0,59,3613,24592,1053,29317,2474,0,25293,1550,29317,-11762425,17547115,-3394465,-2390225,0,286745,17547115,119749650,5136960,142720470,12049170,0,123144115,7527185,142720470
2020-05-14,4850,4900,4850,4880,17145,-0.40816326530612246,-1104,625,1532,-1053,0,2132,625,14388,0,17145,3236,0,12856,1053,17145,-5338620,3034375,7448150,-5143905,0,10413345,3034375,70033440,0,83481160,15751965,0,62585290,5143905,83481160
2020-05-15,4880,4915,4860,4905,36807,0.5122950819672131,-9012,-2738,10973,777,0,116,529,35385,777,36807,9128,3267,24412,0,36807,-44173225,-13438780,53835785,3776220,0,566105,2584520,173261880,3776220,180188725,44739330,16023300,119426095,0,180188725
2020-05-18,4895,4980,4895,4965,57888,1.2232415902140672,-16171,500,12835,2836,0,5694,500,48560,3134,57888,21865,0,35725,298,57888,-79819680,2477500,63380725,13961455,0,28251045,2477500,240180890,15441025,286350460,108070725,0,176800165,1479570,286350460
2020-05-19,4980,5020,4970,5010,66775,0.906344410876133,-8812,-1315,9312,815,0,19487,600,43576,3112,66775,28299,1915,34264,2297,66775,-44083085,-6570000,46552260,4100825,0,97451675,3005000,217948880,15574340,333979895,141534760,9575000,171396620,11473515,333979895
2020-05-20,5010,5070,5000,5050,44582,0.7984031936127743,1695,100,-419,-1376,0,1849,100,40807,1826,44582,154,0,41226,3202,44582,8521790,506000,-2190510,-6837280,0,9297260,506000,205295640,9189180,224288080,775470,0,207486150,16026460,224288080
2020-05-21,5060,5110,5050,5080,81000,0.594059405940594,-34449,100,31337,3012,0,5488,100,71068,4344,81000,39937,0,39731,1332,81000,-175217040,506000,159338610,15372430,0,27852190,506000,361363950,22130970,411853110,203069230,0,202025340,6758540,411853110
2020-05-22,5080,5100,5020,5050,83474,-0.5905511811023622,-22076,-529,24570,-1965,0,6175,300,74523,2476,83474,28251,829,49953,4441,83474,-111467280,-2657870,124041830,-9916680,0,31142820,1512000,375997190,12479040,421131050,142610100,4169870,251955360,22395720,421131050
2020-05-25,5050,5070,5030,5060,73683,0.19801980198019803,-28797,520,31659,-3382,0,2438,1020,69207,1018,73683,31235,500,37548,4400,73683,-145715800,2641200,160137410,-17062810,0,12311740,5161200,349711020,5151080,372335040,158027540,2520000,189573610,22213890,372335040
2020-05-26,5050,5090,5050,5070,70032,0.1976284584980237,-13553,950,11831,772,0,3717,1450,61458,3407,70032,17270,500,49627,2635,70032,-68701690,4811500,59923490,3966700,0,18808970,7351500,311207600,17292630,354660700,87510660,2540000,251284110,13325930,354660700
2020-05-27,5090,5100,5050,5080,121667,0.19723865877712032,-41835,5200,37838,-1203,0,5426,5700,110541,0,121667,47261,500,72703,1203,121667,-212273860,26416000,191948830,-6090970,0,27528840,28951000,560963100,0,617442940,239802700,2535000,369014270,6090970,617442940
2020-05-28,5040,5050,4995,5010,161454,-1.3779527559055118,9303,0,-24812,15509,0,16268,0,125057,20129,161454,6965,0,149869,4620,161454,46685765,0,-124746275,78060510,0,81686215,0,627069490,101213940,809969645,35000450,0,751815765,23153430,809969645
2020-05-29,5020,5020,4970,5000,26363,-0.19960079840319359,-2807,200,7615,-5008,0,2626,200,23537,0,26363,5433,0,15922,5008,26363,-13986365,999000,37941355,-24953990,0,13085290,999000,117340055,0,131424345,27071655,0,79398700,24953990,131424345
2020-06-01,4990,4995,4920,4995,53811,-0.1,731,1000,-756,-975,0,2174,1000,50637,0,53811,1443,0,51393,975,53811,3620930,4983955,-3753210,-4851675,0,10823410,4983955,251952690,0,267760055,7202480,0,255705900,4851675,267760055
2020-06-02,4995,5040,4990,5010,72346,0.3003003003003003,3677,1000,-1636,-3041,0,22713,1000,47410,1223,72346,19036,0,49046,4264,72346,18144015,5020000,-8002305,-15161710,0,113701000,5020000,237310175,6143070,362174245,95556985,0,245312480,21304780,362174245
2020-06-03,5040,5040,4985,4995,55329,-0.29940119760479045,-1476,5694,410,-4628,0,8325,5960,40639,405,55329,9801,266,40229,5033,55329,-7436705,28439190,2223190,-23225675,0,41622620,29765200,203133695,2019425,276540940,49059325,1326010,200910505,25245100,276540940
2020-06-04,4990,5020,4975,4985,48176,-0.20020020020020018,-127,1000,-11605,10732,0,3321,1000,33123,10732,48176,3448,0,44728,0,48176,-637375,4985000,-58058145,53710520,0,16586185,4985000,165379305,53710520,240661010,17223560,0,223437450,0,240661010
2020-06-05,4970,4995,4960,4995,76336,0.20060180541624875,-14960,3180,21483,-9703,0,15806,6025,53810,695,76336,30766,2845,32327,10398,76336,-74399205,15823445,106797335,-48221575,0,78616875,29960400,267639035,3447200,379663510,153016080,14136955,160841700,51668775,379663510
2020-06-08,4990,4990,4950,4960,59208,-0.7007007007007007,-11905,12880,-3015,2040,0,3540,14180,36934,4554,59208,15445,1300,39949,2514,59208,-59271760,64171450,-15097415,10197725,0,17597770,70651950,183489995,22692305,294432020,76869530,6480500,198587410,12494580,294432020
2020-06-09,4960,4975,4900,4945,83329,-0.3024193548387097,-14584,-19800,31679,2705,0,2168,5200,73188,2773,83329,16752,25000,41509,68,83329,-72111335,-97296990,156109115,13299210,0,10691410,25584000,367479840,13635450,417390700,82802745,122880990,211370725,336240,417390700
2020-06-10,4945,4945,4875,4875,55491,-1.4155712841253791,-30171,0,32226,-2055,0,4318,0,51173,0,55491,34489,0,18947,2055,55491,-147922380,0,157971330,-10048950,0,21137600,0,250760680,0,271898280,169059980,0,92789350,10048950,271898280
2020-06-11,4875,4875,4790,4810,110511,-1.3333333333333335,-31530,0,36978,-5448,0,6083,0,103378,1050,110511,37613,0,66400,6498,110511,-151960080,0,178267310,-26307230,0,29328640,0,498772155,5070000,533170795,181288720,0,320504845,31377230,533170795
2020-06-12,4785,4785,4680,4720,92308,-1.8711018711018712,-8434,-3600,10051,1983,0,2911,0,86215,3182,92308,11345,3600,76164,1199,92308,-39702980,-16976000,47333925,9345055,0,13704215,0,405431310,14977090,434112615,53407195,16976000,358097385,5632035,434112615
2020-06-15,4720,4750,4685,4695,57526,-0.5296610169491525,-31564,0,32473,-909,0,2982,0,52641,1903,57526,34546,0,20168,2812,57526,-148438865,0,152710490,-4271625,0,14020470,0,247452710,8943525,270416705,162459335,0,94742220,13215150,270416705
2020-06-16,4695,4730,4675,4700,97774,0.10649627263045794,-42474,4955,45250,-7731,0,4488,5214,82402,5670,97774,46962,259,37152,13401,97774,-199206240,23280840,212197395,-36271995,0,21051740,24505910,386467910,26650320,458675880,220257980,1225070,174270515,62922315,458675880
2020-06-17,4685,4720,4585,4650,114063,-1.0638297872340425,-40266,3184,40424,-3342,0,4639,3184,103646,2594,114063,44905,0,63222,5936,114063,-187534245,14794680,188400895,-15661330,0,21497300,14794680,481544510,12099270,529935760,209031545,0,293143615,27760600,529935760
2020-06-18,4600,4690,4580,4600,95134,-1.0752688172043012,-62783,-4034,69816,-2999,0,7408,1166,85856,704,95134,70191,5200,16040,3703,95134,-288186450,-18532120,320503550,-13784980,0,34071275,5396980,394436940,3245840,437151035,322257725,23929100,73933390,17030820,437151035
2020-06-19,4710,4710,4575,4615,65950,0.32608695652173914,-54183,5222,49036,-75,0,1402,5222,59326,0,65950,55585,0,10290,75,65950,-248579470,24020980,224904615,-346125,0,6432395,24020980,272273315,0,302726690,255011865,0,47368700,346125,302726690
2020-06-22,4615,4625,4575,4590,37439,-0.5417118093174431,-1076,22,1054,0,0,2769,22,34648,0,37439,3845,0,33594,0,37439,-4884660,101530,4783130,0,0,12725595,101530,159025865,0,171852990,17610255,0,154242735,0,171852990
2020-06-23,4620,4620,4560,4560,29188,-0.6535947712418301,-5824,-3478,9312,-10,0,3414,322,25166,286,29188,9238,3800,15854,296,29188,-26571985,-15879230,42488485,-37270,0,15660115,1471760,115170510,1321320,133623705,42232100,17350990,72682025,1358590,133623705
2020-06-24,4560,4595,4525,4555,70849,-0.10964912280701754,-42058,-5977,48195,-160,0,3541,323,65881,1104,70849,45599,6300,17686,1264,70849,-190803460,-27139525,218651795,-708810,0,16075900,1464690,298983380,5039760,321563730,206879360,28604215,80331585,5748570,321563730
2020-06-25,4550,4550,4510,4550,25308,-0.10976948408342481,-8960,323,8562,75,0,1510,323,23170,305,25308,10470,0,14608,230,25308,-40545115,1466970,38735345,342800,0,6845585,1466970,104878330,1382400,114573285,47390700,0,66142985,1039600,114573285
2020-06-26,4550,4575,4510,4570,23163,0.43956043956043955,-8752,-53,7113,1692,0,2366,47,18631,2119,23163,11118,100,11518,427,23163,-39935305,-242820,32489380,7688745,0,10782690,213680,84964670,9633400,105594440,50717995,456500,52475290,1944655,105594440
2020-06-29,4565,4645,4565,4600,43873,0.6564551422319475,-6280,-118,3262,3136,0,431,32,38693,4717,43873,6711,150,35431,1581,43873,-28858790,-542600,14976020,14425370,0,1981410,147150,177908780,21694805,201732145,30840200,689750,162932760,7269435,201732145
2020-06-30,4650,4670,4610,4630,30323,0.6521739130434783,1859,-585,1238,-2512,0,8472,0,21731,120,30323,6613,585,20493,2632,30323,8627140,-2706930,5702825,-11623035,0,39244310,0,100660985,556520,140461815,30617170,2706930,94958160,12179555,140461815
2020-07-01,4615,4675,4585,4595,34677,-0.755939524838013,-2012,1111,2203,-1302,0,2988,1111,30053,525,34677,5000,0,27850,1827,34677,-9157945,5099600,10079455,-6021110,0,13852360,5099600,138242620,2430015,159624595,23010305,0,128163165,8451125,159624595
2020-07-02,4550,4580,4500,4525,70651,-1.5233949945593037,-2373,-62,2488,-53,0,6427,46,62703,1475,70651,8800,108,60215,1528,70651,-10847185,-286300,11358455,-224970,0,29089650,208340,284573100,6729845,320600935,39936835,494640,273214645,6954815,320600935
2020-07-03,4525,4570,4505,4510,40319,-0.3314917127071823,-4436,-697,3652,1481,0,541,45,37963,1770,40319,4977,742,34311,289,40319,-20028350,-3150635,16502040,6676945,0,2446430,204165,171690755,7991895,182333245,22474780,3354800,155188715,1314950,182333245
2020-07-06,4500,4545,4500,4515,59311,0.11086474501108648,-14346,-1949,17522,-1227,0,2060,3,56848,400,59311,16406,1952,39326,1627,59311,-65020265,-8819210,79382485,-5543010,0,9321355,13590,257413335,1813500,268561780,74341620,8832800,178030850,7356510,268561780
2020-07-07,4550,4550,4490,4490,59923,-0.5537098560354374,-19194,23,17963,1208,0,2966,23,53469,3465,59923,22160,0,35506,2257,59923,-86480610,103500,80856875,5520235,0,13357630,103500,240671255,15694530,269826915,99838240,0,159814380,10174295,269826915
2020-07-08,4500,4530,4470,4475,22661,-0.33407572383073497,-3331,303,4186,-1158,0,1917,303,20425,16,22661,5248,0,16239,1174,22661,-14919325,1357455,18749500,-5187630,0,8590045,1357455,91491145,72080,101510725,23509370,0,72741645,5259710,101510725
2020-07-09,4475,4480,4435,4440,66048,-0.782122905027933,-20263,-6630,26864,29,0,3174,4103,57389,1382,66048,23437,10733,30525,1353,66048,-90139880,-29401335,119389180,152035,0,14123640,18233850,255204020,6184160,293745670,104263520,47635185,135814840,6032125,293745670
2020-07-10,4420,4450,4410,4445,75320,0.11261261261261261,-19833,-22897,33494,9236,0,170,5103,60776,9271,75320,20003,28000,27282,35,75320,-87788620,-101689815,148510885,40967550,0,753795,22540185,269256760,41123125,333673865,88542415,124230000,120745875,155575,333673865
2020-07-13,4415,4500,4415,4435,33204,-0.22497187851518563,-5064,128,9856,-4920,0,1856,128,31220,0,33204,6920,0,21364,4920,33204,-22661375,567755,44218770,-22125150,0,8268975,567755,139388315,0,148225045,30930350,0,95169545,22125150,148225045
2020-07-14,4430,4445,4420,4440,29683,0.11273957158962795,-9946,1862,9113,-1029,0,1225,1862,26333,263,29683,11171,0,17220,1292,29683,-44106670,8230085,40434910,-4558325,0,5435780,8230085,116736905,1167165,131569935,49542450,0,76301995,5725490,131569935
2020-07-15,4450,4505,4420,4425,55379,-0.33783783783783783,-29098,8320,23962,-3184,0,1315,12203,41815,46,55379,30413,3883,17853,3230,55379,-129419870,37403190,106114865,-14098185,0,5823235,54594790,185488090,203780,246109895,135243105,17191600,79373225,14301965,246109895
2020-07-16,4425,4475,4360,4365,113236,-1.3559322033898304,-71971,4991,66340,640,0,6858,5306,97158,3914,113236,78829,315,30818,3274,113236,-316624890,21947490,291857455,2819945,0,30137755,23331915,427567655,17258300,498295625,346762645,1384425,135710200,14438355,498295625
2020-07-17,4365,4400,4365,4400,82220,0.8018327605956471,-40511,103,41534,-1126,0,5347,103,75517,1253,82220,45858,0,33983,2379,82220,-177129120,451600,181594295,-4916775,0,23389585,451600,330156830,5499420,359497435,200518705,0,148562535,10416195,359497435
2020-07-20,4410,4460,4400,4425,39833,0.5681818181818182,-8107,5103,2368,636,0,2671,5103,30522,1537,39833,10778,0,28154,901,39833,-35773295,22481570,10471490,2820235,0,11793585,22481570,134824920,6796735,175896810,47566880,0,124353430,3976500,175896810
2020-07-21,4450,4475,4425,4430,41825,0.11299435028248588,-5758,-11977,16102,1633,0,1084,3,38935,1803,41825,6842,11980,22833,170,41825,-25578455,-53088645,71379670,7287430,0,4827180,13335,172917935,8045760,185804210,30405635,53101980,101538265,758330,185804210
2020-07-22,4475,4475,4445,4460,40830,0.6772009029345373,-4446,303,3839,304,0,3045,303,35419,2063,40830,7491,0,31580,1759,40830,-19815010,1351395,17096365,1367250,0,13580090,1351395,157836170,9201535,181969190,33395100,0,140739805,7834285,181969190
2020-07-23,4480,4480,4415,4445,61688,-0.336322869955157,-31307,4458,28539,-1690,0,9194,5200,46885,409,61688,40501,742,18346,2099,61688,-139172615,19785360,126937960,-7550705,0,40819120,23065000,208587060,1810825,274282005,179991735,3279640,81649100,9361530,274282005
2020-07-24,4465,4465,4410,4465,16825,0.44994375703037126,285,0,-105,-180,0,800,0,15796,229,16825,515,0,15901,409,16825,1262555,0,-465400,-797155,0,3558655,0,70257775,1016760,74833190,2296100,0,70723175,1813915,74833190
2020-07-27,4485,4485,4450,4470,35640,0.11198208286674133,2551,300,-3945,1094,0,13337,300,20680,1323,35640,10786,0,24625,229,35640,11343935,1336500,-17558110,4877675,0,59445970,1336500,92214270,5900160,158896900,48102035,0,109772380,1022485,158896900
2020-07-28,4480,4480,4450,4470,36267,0.0,-5907,500,6730,-1323,0,14021,500,21746,0,36267,19928,0,15016,1323,36267,-26344225,2228000,30008595,-5892370,0,62514580,2228000,96966410,0,161708990,88858805,0,66957815,5892370,161708990
2020-07-29,4470,4470,4450,4470,53683,0.0,-1539,-825,-798,3162,0,14440,300,34781,4162,53683,15979,1125,35579,1000,53683,-6876215,-3686630,-3547835,14110680,0,64352815,1336500,155107240,18580680,239377235,71229030,5023130,158655075,4470000,239377235
2020-07-30,4480,4485,4460,4465,21917,-0.11185682326621924,1190,0,1117,-2307,0,1240,0,20280,397,21917,50,0,19163,2704,21917,5334375,0,4965510,-10299885,0,5557875,0,90637265,1776575,97971715,223500,0,85671755,12076460,97971715
2020-07-31,4465,4470,4450,4455,33172,-0.22396416573348266,-7636,100,8529,-993,0,597,100,32475,0,33172,8233,0,23946,993,33172,-34042310,445500,38020625,-4423815,0,2661845,445500,144768635,0,147875980,36704155,0,106748010,4423815,147875980
2020-08-03,4455,4480,4440,4445,37996,-0.22446689113355783,4878,500,-5455,77,0,7352,500,29758,386,37996,2474,0,35213,309,37996,21708755,2227500,-24277360,341105,0,32719300,2227500,132423835,1717700,169088335,11010545,0,156701195,1376595,169088335
2020-08-04,4465,4465,4440,4450,39714,0.11248593925759282,-7156,6100,-476,1532,0,17150,6100,14207,2257,39714,24306,0,14683,725,39714,-31829835,27114500,-2103705,6819040,0,76228865,27114500,63188040,10039940,176571345,108058700,0,65291745,3220900,176571345
2020-08-05,4465,4465,4400,4450,52837,0.0,-28563,1896,27012,-345,0,850,2400,47620,1967,52837,29413,504,20608,2312,52837,-126620430,8423200,119739385,-1542155,0,3777480,10666000,211454155,8744215,234641850,130397910,2242800,91714770,10286370,234641850
2020-08-06,4450,4460,4405,4430,54240,-0.44943820224719105,-12095,-5238,16655,678,0,2912,2772,45615,2941,54240,15007,8010,28960,2263,54240,-53630170,-23147965,73737890,3040245,0,12940800,12289040,202466785,13090955,240787580,66570970,35437005,128728895,10050710,240787580
2020-08-07,4435,4450,4415,4425,43500,-0.1128668171557562,1643,3407,-8590,3540,0,1719,3407,33103,5271,43500,76,0,41693,1731,43500,7278365,15052905,-38008635,15677365,0,7615215,15052905,146501125,23346840,192516085,336850,0,184509760,7669475,192516085
2020-08-10,4415,4420,4350,4405,91226,-0.4519774011299435,-19723,15432,9280,-4989,0,4650,15432,69200,1944,91226,24373,0,59920,6933,91226,-86770285,67884360,40789530,-21903605,0,20446380,67884360,304266440,8579105,401176285,107216665,0,263476910,30482710,401176285
2020-08-11,4420,4420,4390,4410,67829,0.11350737797956867,-6747,2028,3228,1491,0,13815,2028,43296,8690,67829,20562,0,40068,7199,67829,-29632480,8930885,14094100,6607495,0,60835295,8930885,190671055,38296615,298733850,90467775,0,176576955,31689120,298733850
2020-08-12,4410,4490,4405,4490,79035,1.8140589569160999,15994,-300,-31519,15825,0,22378,0,39645,17012,79035,6384,300,71164,1187,79035,71572355,-1324500,-140882615,70634760,0,99890055,0,176835075,75885755,352610885,28317700,1324500,317717690,5250995,352610885
2020-08-13,4490,4520,4490,4505,45104,0.33407572383073497,3524,6231,1961,-11716,0,4967,6231,30945,2961,45104,1443,0,28984,14677,45104,15840175,28036150,8761405,-52637730,0,22345175,28036150,139183905,13338640,202903870,6505000,0,130422500,65976370,202903870
2020-08-14,4515,4520,4465,4470,23276,-0.776914539400666,-4376,1669,8598,-5891,0,2239,1669,18049,1319,23276,6615,0,9451,7210,23276,-19564775,7460425,38475430,-26371080,0,10022050,7460425,80866660,5960165,104309300,29586825,0,42391230,32331245,104309300
2020-08-18,4490,4490,4400,4435,31797,-0.7829977628635347,-298,1809,-2076,565,0,8504,1809,19561,1923,31797,8802,0,21637,1358,31797,-1326050,8063955,-9210605,2472700,0,37973890,8063955,87307680,8550380,141895905,39299940,0,96518285,6077680,141895905
2020-08-19,4405,4510,4380,4420,80894,-0.3382187147688839,-4781,3604,1924,-747,0,2285,3604,70837,4168,80894,7066,0,68913,4915,80894,-21166790,15913190,8437640,-3184040,0,10083355,15913190,312206540,18434465,356637550,31250145,0,303768900,21618505,356637550
2020-08-20,4410,4440,4300,4345,93758,-1.6968325791855203,-49861,6415,46915,-3469,0,4988,12015,76071,684,93758,54849,5600,29156,4153,93758,-216171505,28202405,203096690,-15127590,0,21656975,52470405,330634525,2953290,407715195,237828480,24268000,127537835,18080880,407715195
2020-08-21,4385,4385,4340,4350,19693,0.11507479861910241,-3199,0,3025,174,0,2892,0,15561,1240,19693,6091,0,12536,1066,19693,-13950755,0,13168365,782390,0,12568715,0,67763470,5429965,85762150,26519470,0,54595105,4647575,85762150
2020-08-24,4380,4380,4350,4350,19136,0.0,4984,-1075,-5990,2081,0,5944,0,10908,2284,19136,960,1075,16898,203,19136,21762225,-4697750,-26162080,9097605,0,25963230,0,47621080,9986745,83571055,4201005,4697750,73783160,889140,83571055
2020-08-25,4370,4370,4340,4360,33628,0.22988505747126436,15132,464,-15389,-207,0,17506,464,15499,159,33628,2374,0,30888,366,33628,65980275,2023040,-67103410,-899905,0,76351065,2023040,67607360,694025,146675490,10370790,0,134710770,1593930,146675490
2020-08-26,4395,4395,4360,4380,23258,0.45871559633027525,35,-400,-2963,3328,0,1583,0,18347,3328,23258,1548,400,21310,0,23258,132430,-1748000,-12934490,14550060,0,6909415,0,80204590,14550060,101664065,6776985,1748000,93139080,0,101664065
2020-08-27,4385,4400,4320,4330,54917,-1.141552511415525,21228,-13400,-11143,3315,0,24549,602,25220,4546,54917,3321,14002,36363,1231,54917,92567530,-58010950,-48883140,14326560,0,107174720,2617670,109792675,19721870,239306935,14607190,60628620,158675815,5395310,239306935
2020-08-28,4360,4360,4325,4335,34683,0.11547344110854503,4903,-5698,5160,-4365,0,10929,300,23082,372,34683,6026,5998,17922,4737,34683,21278915,-24761305,22422655,-18940265,0,47428675,1299000,100116090,1616170,150459935,26149760,26060305,77693435,20556435,150459935
2020-08-31,4345,4345,4320,4340,24431,0.11534025374855825,-3277,743,3174,-640,0,830,743,21668,1190,24431,4107,0,18494,1830,24431,-14178050,3209760,13724470,-2756180,0,3593065,3209760,93845925,5170540,105819290,17771115,0,80121455,7926720,105819290
2020-09-01,4375,4375,4310,4335,29717,-0.1152073732718894,-3081,401,2709,-29,0,6340,401,22974,2,29717,9421,0,20265,31,29717,-13361800,1750320,11737350,-125870,0,27359565,1750320,99330660,8670,128449215,40721365,0,87593310,134540,128449215
2020-09-02,4355,4355,4315,4340,26904,0.11534025374855825,590,600,-1239,49,0,607,600,25648,49,26904,17,0,26887,0,26904,2550555,2596000,-5358980,212425,0,2624555,2596000,110981650,212425,116414630,74000,0,116340630,0,116414630
2020-09-03,4345,4355,4300,4320,53281,-0.4608294930875576,-12925,4,10425,2496,0,8223,4,42548,2506,53281,21148,0,32123,10,53281,-55805740,17220,44980435,10808085,0,35490060,17220,184145905,10851485,230504670,91295800,0,139165470,43400,230504670
2020-09-04,4310,4315,4280,4310,38357,-0.23148148148148145,3122,-1765,295,-1652,0,3886,235,32364,1872,38357,764,2000,32069,3524,38357,13419925,-7588340,1289440,-7121025,0,16703145,1011660,139021360,8021570,164757735,3283220,8600000,137731920,15142595,164757735
2020-09-07,4315,4315,4295,4300,42822,-0.23201856148491878,-6048,1331,5523,-806,0,1167,2331,37821,1503,42822,7215,1000,32298,2309,42822,-26007725,5718845,23758700,-3469820,0,5021140,10023845,162700740,6462900,184208625,31028865,4305000,138942040,9932720,184208625
2020-09-08,4285,4310,4230,4265,203289,-0.813953488372093,-152493,6583,145012,898,0,14001,6583,178578,4127,203289,166494,0,33566,3229,203289,-648487460,28024100,616581780,3881580,0,59468940,28024100,759640895,17741310,864875245,707956400,0,143059115,13859730,864875245
2020-09-09,4260,4260,4195,4200,161068,-1.5240328253223916,-98193,2981,96034,-822,0,34462,3781,122675,150,161068,132655,800,26641,972,161068,-413521565,12609510,404389235,-3477180,0,144986330,15976510,516643910,631200,678237950,558507895,3367000,112254675,4108380,678237950
2020-09-10,4215,4215,4190,4200,95094,0.0,-46715,1042,45671,2,0,1505,1042,92545,2,95094,48220,0,46874,0,95094,-196176960,4374370,191794190,8400,0,6318610,4374370,388464425,8400,399165805,202495570,0,196670235,0,399165805
2020-09-11,4200,4245,4180,4190,60657,-0.2380952380952381,196,6002,-7643,1445,0,9660,6002,43159,1836,60657,9464,0,50802,391,60657,866885,25098370,-32021830,6056575,0,40565585,25098370,180967915,7708570,254340440,39698700,0,212989745,1651995,254340440
2020-09-14,4190,4200,4180,4185,84914,-0.11933174224343676,-17979,-2106,16725,3360,0,4970,6004,70131,3809,84914,22949,8110,53406,449,84914,-75401730,-8808070,70113350,14096450,0,20825370,25172830,293817615,15976265,355792080,96227100,33980900,223704265,1879815,355792080
2020-09-15,4200,4200,4180,4190,78811,0.11947431302270012,-37567,-2000,39004,563,0,2335,3000,71711,1765,78811,39902,5000,32707,1202,78811,-157400000,-8383235,163422895,2360340,0,9763120,12566765,300305335,7393630,330028850,167163120,20950000,136882440,5033290,330028850
2020-09-16,4190,4220,4190,4195,74492,0.11933174224343676,-40285,9784,25548,4953,0,7701,15025,45938,5828,74492,47986,5241,20390,875,74492,-169194160,41154330,107241160,20798670,0,32316370,63139120,192850620,24469300,312775410,201510530,21984790,85609460,3670630,312775410
2020-09-17,4190,4220,4190,4210,61259,0.3575685339690107,-28257,1200,25346,1711,0,2560,1200,54187,3312,61259,30817,0,28841,1601,61259,-118802760,5028000,106580205,7194555,0,10737855,5028000,227583480,13915400,257264735,129540615,0,121003275,6720845,257264735
2020-09-18,4225,4245,4215,4245,42119,0.831353919239905,3467,9,-5137,1661,0,7512,9,32061,2537,42119,4045,0,37198,876,42119,14678935,38160,-21746460,7029365,0,31785315,38160,135724360,10735225,178283060,17106380,0,157470820,3705860,178283060
2020-09-21,4250,4260,4230,4250,38742,0.11778563015312131,758,0,-681,-77,0,961,0,36664,1117,38742,203,0,37345,1194,38742,3214455,0,-2896090,-318365,0,4077700,0,155705430,4747250,164530380,863245,0,158601520,5065615,164530380
2020-09-22,4245,4255,4240,4250,53141,0.0,26763,500,-20828,-6435,0,30263,500,21446,932,53141,3500,0,42274,7367,53141,113556755,2125000,-88406080,-27275675,0,128406760,2125000,91008150,3965405,225505315,14850005,0,179414230,31241080,225505315
2020-09-23,4255,4260,4235,4255,33163,0.1176470588235294,2858,1500,-746,-3612,0,7851,1500,22525,1287,33163,4993,0,23271,4899,33163,12141955,6369960,-3207885,-15304030,0,33326240,6369960,95583165,5475185,140754550,21184285,0,98791050,20779215,140754550
2020-09-24,4260,4260,4205,4235,43807,-0.4700352526439483,8397,-11603,735,2471,0,10531,900,29583,2793,43807,2134,12503,28848,322,43807,35574895,-49135635,3083195,10477545,0,44576825,3812000,125002910,11842820,185234555,9001930,52947635,121919715,1365275,185234555
2020-09-25,4235,4280,4225,4240,52576,0.11806375442739078,-5327,0,3495,1832,0,5624,0,33754,13198,52576,10951,0,30259,11366,52576,-22720045,0,15409325,7310720,0,23793890,0,143802195,55871670,223467755,46513935,0,128392870,48560950,223467755
2020-09-28,4250,4265,4240,4250,33236,0.2358490566037736,-12551,0,16588,-4037,0,1277,0,31959,0,33236,13828,0,15371,4037,33236,-53375755,0,70543945,-17168190,0,5428280,0,135952485,0,141380765,58804035,0,65408540,17168190,141380765
2020-09-29,4255,4285,4255,4285,19987,0.823529411764706,2247,0,-1752,-495,0,3541,0,14988,1458,19987,1294,0,16740,1953,19987,9584765,0,-7476495,-2108270,0,15109175,0,64026315,6214945,85350435,5524410,0,71502810,8323215,85350435
2020-10-05,4290,4300,4260,4295,31702,0.2333722287047841,-17138,467,16927,-256,0,6527,467,22897,1811,31702,23665,0,5970,2067,31702,-73290485,1998760,72401000,-1109275,0,27959655,1998760,98011640,7748980,135719035,101250140,0,25610640,8858255,135719035
2020-10-06,4295,4300,4260,4290,58758,-0.11641443538998836,-16702,3618,12405,679,0,23317,3618,29815,2008,58758,40019,0,17410,1329,58758,-71502405,15441035,53149735,2911635,0,99607250,15441035,127698705,8605125,251352115,171109655,0,74548970,5693490,251352115
2020-10-07,4290,4295,4275,4290,19515,0.0,-1950,333,-920,2537,0,4145,333,12286,2751,19515,6095,0,13206,214,19515,-8335005,1425075,-3969800,10879730,0,17765445,1425075,52641485,11796720,83628725,26100450,0,56611285,916990,83628725
2020-10-08,4300,4300,4260,4290,55923,0.0,-42027,2019,38940,1068,0,3204,2019,49366,1334,55923,45231,0,10426,266,55923,-179430535,8619180,166241645,4569710,0,13696800,8619180,210816720,5709520,238842220,193127335,0,44575075,1139810,238842220
2020-10-12,4325,4325,4280,4290,53603,0.0,-19117,532,20412,-1827,0,17692,532,35379,0,53603,36809,0,14967,1827,53603,-82147095,2287600,87700290,-7840795,0,75930055,2287600,152016865,0,230234520,158077150,0,64316575,7840795,230234520
2020-10-13,4290,4300,4255,4285,41016,-0.11655011655011654,-29483,468,29291,-276,0,5733,468,34777,38,41016,35216,0,5486,314,41016,-125937535,2008790,125113545,-1184800,0,24504210,2008790,148594740,162260,175270000,150441745,0,23481195,1347060,175270000
2020-10-14,4270,4300,4260,4270,101727,-0.3500583430571762,-64437,7536,56275,626,0,16337,7536,76231,1623,101727,80774,0,19956,997,101727,-275848990,32216355,240951785,2680850,0,69873645,32216355,326390295,6944440,435424735,345722635,0,85438510,4263590,435424735
2020-10-15,4270,4280,4250,4250,55800,-0.468384074941452,-34659,487,33958,214,0,5185,487,47988,2140,55800,39844,0,14030,1926,55800,-147496745,2072225,144544765,879755,0,22081320,2072225,204277705,9114420,237545670,169578065,0,59732940,8234665,237545670
2020-10-16,4250,4275,4250,4265,34221,0.35294117647058826,-14641,1704,11475,1462,0,3896,1704,26930,1691,34221,18537,0,15455,229,34221,-62354595,7256690,48871060,6226845,0,16570740,7256690,114727000,7200095,145754525,78925335,0,65855940,973250,145754525
2020-10-19,4255,4290,4255,4275,187565,0.23446658851113714,-130631,234,135264,-4867,0,29576,234,155071,2684,187565,160207,0,19807,7551,187565,-558776170,999180,578565255,-20788265,0,126541115,999180,663327845,11496500,802364640,685317285,0,84762590,32284765,802364640
2020-10-20,4275,4280,4265,4270,95982,-0.11695906432748539,-36887,3233,35341,-1687,0,21792,3233,63432,7525,95982,58679,0,28091,9212,95982,-157628995,13816075,150971365,-7158445,0,93209695,13816075,270929030,32194590,410149390,250838690,0,119957665,39353035,410149390
2020-10-21,4270,4335,4260,4320,140934,1.1709601873536302,-43633,1463,12797,29373,0,31276,1463,78822,29373,140934,74909,0,66025,0,140934,-187612505,6319360,55071260,126221885,0,134907790,6319360,339212555,126221885,606661590,322520295,0,284141295,0,606661590
2020-10-22,4325,4450,4315,4450,158359,3.009259259259259,-34186,12475,13404,8307,0,38112,12475,97611,10161,158359,72298,0,84207,1854,158359,-149442245,55081515,58140090,36220640,0,166657190,55081515,427605120,44315105,693658930,316099435,0,369465030,8094465,693658930
2020-10-23,4450,4585,4450,4520,212121,1.5730337078651686,-20131,-19509,54572,-14932,0,37477,5491,155507,13646,212121,57608,25000,100935,28578,212121,-91237660,-87756160,246097090,-67103270,0,168984580,24740445,701979350,61611465,957315840,260222240,112496605,455882260,128714735,957315840
2020-10-26,4610,4610,4475,4540,101432,0.4424778761061947,-39141,829,47564,-9252,0,7194,829,90001,3408,101432,46335,0,42437,12660,101432,-176950625,3730500,215271070,-42050945,0,32563745,3730500,407368290,15457750,459120285,209514370,0,192097220,57508695,459120285
2020-10-27,4590,4590,4495,4510,97662,-0.6607929515418502,-37237,-2832,42965,-2896,0,11531,2001,79153,4977,97662,48768,4833,36188,7873,97662,-168865155,-12791180,194765785,-13109450,0,52268085,9044530,359010480,22589360,442912455,221133240,21835710,164244695,35698810,442912455
2020-10-28,4510,4550,4510,4540,64472,0.6651884700665188,-29779,-4385,35654,-1490,0,5175,772,58434,91,64472,34954,5157,22780,1581,64472,-135029495,-19879520,161662525,-6753510,0,23476355,3501020,264976460,413105,292366940,158505850,23380540,103313935,7166615,292366940
2020-10-29,4545,4545,4450,4515,124745,-0.5506607929515419,-63479,2228,65213,-3962,0,11680,2228,104727,6110,124745,75159,0,39514,10072,124745,-284613390,9952840,292521120,-17860570,0,52328220,9952840,470276820,27605345,560163225,336941610,0,177755700,45465915,560163225
2020-10-30,4520,4540,4470,4495,101463,-0.4429678848283499,-48020,-889,53189,-4280,0,6318,200,90202,4743,101463,54338,1089,37013,9023,101463,-215979880,-4015490,239187615,-19192245,0,28413605,895900,405663940,21429295,456402740,244393485,4911390,166476325,40621540,456402740
2020-11-02,4480,4495,4455,4465,81767,-0.6674082313681869,8032,300,-6998,-1334,0,41247,300,36435,3785,81767,33215,0,43433,5119,81767,35514250,1341000,-30951930,-5903320,0,184164300,1341000,162957180,16995305,365457785,148650050,0,193909110,22898625,365457785
2020-11-03,4495,4495,4440,4460,75501,-0.11198208286674133,-60907,0,58400,2507,0,10028,0,62966,2507,75501,70935,0,4566,0,75501,-271412165,0,260217050,11195115,0,44781875,0,280556750,11195115,336533740,316194040,0,20339700,0,336533740
2020-11-04,4460,4475,4440,4460,38213,0.0,-13149,6620,4373,2156,0,12050,6620,16471,3072,38213,25199,0,12098,916,38213,-58543185,29483445,19447435,9612305,0,53631580,29483445,73348660,13688505,170152190,112174765,0,53901225,4076200,170152190
2020-11-05,4480,4480,4435,4440,54008,-0.4484304932735426,-30821,1210,26115,3496,0,7751,1210,41551,3496,54008,38572,0,15436,0,54008,-136947430,5376450,116007890,15563090,0,34484460,5376450,184692330,15563090,240116330,171431890,0,68684440,0,240116330
2020-11-06,4445,4445,4415,4440,73677,0.0,-25529,193,22682,2654,0,10585,193,57804,5095,73677,36114,0,35122,2441,73677,-113203015,854990,100576345,11771680,0,46831440,854990,256193790,22564865,326445085,160034455,0,155617445,10793185,326445085
2020-11-09,4450,4475,4415,4425,74969,-0.33783783783783783,-42404,2000,41109,-705,0,8745,2000,62553,1671,74969,51149,0,21444,2376,74969,-188030170,8862500,182293120,-3125450,0,38792385,8862500,277502950,7416805,332574640,226822555,0,95209830,10542255,332574640
2020-11-10,4425,4435,4410,4430,84352,0.11299435028248588,-30837,2500,23683,4654,0,11108,2500,62706,8038,84352,41945,0,39023,3384,84352,-136353825,11055000,104683485,20615340,0,49155200,11055000,277275435,35573510,373059145,185509025,0,172591950,14958170,373059145
2020-11-11,4430,4445,4430,4445,74258,0.33860045146726864,-34056,1048,31368,1640,0,9123,1048,54700,9387,74258,43179,0,23332,7747,74258,-151186975,4653120,139223520,7310335,0,40503860,4653120,242782485,41678280,329617745,191690835,0,103558965,34367945,329617745
2020-11-12,4450,4475,4440,4460,119699,0.3374578177727784,-79164,1500,59860,17804,0,5863,1500,90488,21848,119699,85027,0,30628,4044,119699,-352893870,6687500,266791590,79414780,0,26117895,6687500,403390435,97427875,533623705,379011765,0,136598845,18013095,533623705
2020-11-13,4460,4545,4455,4540,129525,1.7937219730941705,-15962,3755,2386,9821,0,22546,3800,83106,20073,129525,38508,45,80720,10252,129525,-71886960,16992740,10463535,44430685,0,101648135,17194790,374840440,90586370,584269735,173535095,202050,364376905,46155685,584269735
2020-11-16,4560,4570,4475,4485,117989,-1.2114537444933922,-39205,2531,52527,-15853,0,11098,2531,100295,4065,117989,50303,0,47768,19918,117989,-175849190,11367035,235857950,-71375795,0,49940805,11367035,450298955,18270320,529877115,225789995,0,214441005,89646115,529877115
2020-11-17,4520,4520,4480,4490,41682,0.11148272017837235,8280,0,-6911,-1369,0,11642,0,29541,499,41682,3362,0,36452,1868,41682,37139990,0,-31010570,-6129420,0,52261550,0,132676410,2252985,187190945,15121560,0,163686980,8382405,187190945
2020-11-18,4500,4510,4490,4495,102969,0.11135857461024498,-56183,15000,44930,-3747,0,19888,15000,68081,0,102969,76071,0,23151,3747,102969,-252354215,67425000,201785315,-16856100,0,89480020,67425000,305889090,0,462794110,341834235,0,104103775,16856100,462794110
2020-11-19,4505,4515,4490,4505,131938,0.22246941045606228,-66537,0,82881,-16344,0,15087,0,112311,4540,131938,81624,0,29430,20884,131938,-299158525,0,372637285,-73478760,0,67832660,0,505084080,20437480,593354220,366991185,0,132446795,93916240,593354220
2020-11-20,4500,4515,4495,4500,74199,-0.11098779134295228,-54681,-1555,53228,3008,0,6398,445,63941,3415,74199,61079,2000,10713,407,74199,-246055730,-7020945,239510655,13566020,0,28810360,2002500,287762080,15401590,333976530,274866090,9023445,48251425,1835570,333976530
2020-11-23,4495,4510,4480,4505,183153,0.1111111111111111,-97566,-5348,92598,10316,0,9757,0,144586,28810,183153,107323,5348,51988,18494,183153,-439463490,-23966945,416771840,46658595,0,43931490,0,650812340,129878965,824622795,483394980,23966945,234040500,83220370,824622795
2020-11-24,4505,4530,4505,4510,151164,0.11098779134295228,-44767,-500,36954,8313,0,13193,0,115272,22699,151164,57960,500,78318,14386,151164,-202047045,-2260000,166628200,37678845,0,59561285,0,520132545,102566260,682260090,261608330,2260000,353504345,64887415,682260090
2020-11-25,4505,4520,4490,4495,99781,-0.3325942350332594,-36576,0,43849,-7273,0,4465,300,87882,7134,99781,41041,300,44033,14407,99781,-164667880,-3000,197302630,-32631750,0,20096895,1350000,395562700,32168555,449178150,184764775,1353000,198260070,64800305,449178150
2020-11-26,4505,4505,4475,4490,138441,-0.11123470522803114,-60420,0,73416,-12996,0,17620,0,119635,1186,138441,78040,0,46219,14182,138441,-271264430,0,329521075,-58256645,0,78949460,0,536810450,5325955,621085865,350213890,0,207289375,63582600,621085865
2020-11-27,4450,4450,4370,4395,186272,-2.1158129175946545,-31029,-370,27138,4261,0,39739,630,141045,4858,186272,70768,1000,113907,597,186272,-136035360,-1593350,118868770,18759940,0,174380070,2776650,619155980,21410620,817723320,310415430,4370000,500287210,2650680,817723320
2020-11-30,4395,4395,4350,4350,140629,-1.023890784982935,-51030,0,50028,1002,0,32754,0,104012,3863,140629,83784,0,53984,2861,140629,-223002260,0,218627065,4375195,0,143154510,0,454457740,16912240,614524490,366156770,0,235830675,12537045,614524490
2020-12-01,4385,4385,4345,4355,80278,0.11494252873563218,-36872,1230,38277,-2635,0,23372,1230,54558,1118,80278,60244,0,16281,3753,80278,-160543825,5344350,166626530,-11427055,0,101741930,5344350,237488330,4885290,349459900,262285755,0,70861800,16312345,349459900
2020-12-02,4360,4365,4315,4350,120992,-0.1148105625717566,-36842,11500,25140,202,0,16042,11500,87783,5667,120992,52884,0,62643,5465,120992,-159743125,50010000,108812700,920425,0,69405725,50010000,380074065,24717635,524207425,229148850,0,271261365,23797210,524207425
2020-12-03,4350,4355,4300,4310,72062,-0.9195402298850575,-35662,230,35432,0,0,10274,230,61558,0,72062,45936,0,26126,0,72062,-154358925,999350,153359575,0,0,44470690,999350,266457130,0,311927170,198829615,0,113097555,0,311927170
2020-12-04,4305,4325,4300,4310,101028,0.0,-47105,233,46794,78,0,22278,233,73768,4749,101028,69383,0,26974,4671,101028,-203084360,1003065,201699540,381755,0,95948220,1003065,317989450,20510670,435451405,299032580,0,116289910,20128915,435451405
2020-12-07,4300,4315,4255,4275,117597,-0.8120649651972157,-49156,233,46298,2625,0,27935,233,86183,3246,117597,77091,0,39885,621,117597,-210201535,999570,197979835,11222130,0,119499990,999570,368673780,13892995,503066335,329701525,0,170693945,2670865,503066335
2020-12-08,4290,4295,4260,4280,41462,0.11695906432748539,-6225,233,7983,-1991,0,9413,233,31266,550,41462,15638,0,23283,2541,41462,-26601115,996075,34098360,-8493320,0,40235070,996075,133662280,2356750,177250175,66836185,0,99563920,10850070,177250175
2020-12-09,4295,4295,4265,4295,69163,0.35046728971962615,8195,233,-7605,-823,0,29133,233,37178,2619,69163,20938,0,44783,3442,69163,35307820,996075,-32816900,-3486995,0,124858495,996075,158960710,11246375,296061655,89550675,0,191777610,14733370,296061655
2020-12-10,4295,4300,4265,4280,78637,-0.3492433061699651,-40622,7694,27648,5280,0,16043,7734,47833,7027,78637,56665,40,20185,1747,78637,-173640380,32915080,118137935,22587365,0,68604300,33086680,204452710,30072480,336216170,242244680,171600,86314775,7485115,336216170
2020-12-11,4280,4300,4270,4300,50718,0.46728971962616817,-18159,233,19082,-1156,0,3120,233,47010,355,50718,21279,0,27928,1511,50718,-77712785,996075,81661980,-4945270,0,13353665,996075,201351670,1521175,217222585,91066450,0,119689690,6466445,217222585
2020-12-14,4300,4300,4285,4290,38472,-0.23255813953488372,-14306,200,15293,-1187,0,3344,200,34928,0,38472,17650,0,19635,1187,38472,-61355480,858000,65595635,-5098155,0,14339370,858000,149846080,0,165043450,75694850,0,84250445,5098155,165043450
2020-12-15,4305,4305,4290,4290,40772,0.0,-11970,0,10331,1639,0,7390,0,30535,2847,40772,19360,0,20204,1208,40772,-51360255,0,44297670,7062585,0,31750620,0,131114155,12249470,175114245,83110875,0,86816485,5186885,175114245
2020-12-16,4300,4320,4290,4300,47425,0.2331002331002331,-14410,0,12733,1677,0,3397,0,38078,5950,47425,17807,0,25345,4273,47425,-61933105,0,54632210,7300895,0,14591170,0,163740385,25650425,203981980,76524275,0,109108175,18349530,203981980
2020-12-17,4300,4305,4290,4295,48292,-0.11627906976744186,-16805,-3000,25796,-5991,0,10005,0,38281,6,48292,26810,3000,12485,5997,48292,-72180695,-12870000,110802465,-25751770,0,43014750,0,164476880,25800,207517430,115195445,12870000,53674415,25777570,207517430
2020-12-18,4300,4310,4290,4295,71063,0.0,-27716,232,31120,-3636,0,7141,232,55987,7703,71063,34857,0,24867,11339,71063,-119091440,997600,133650245,-15556405,0,30657960,997600,240537270,33129120,305321950,149749400,0,106887025,48685525,305321950
2020-12-21,4295,4305,4290,4300,47354,0.11641443538998836,-10651,170,10799,-318,0,6766,170,39715,703,47354,17417,0,28916,1021,47354,-45695770,730150,46322220,-1356600,0,29048825,730150,170437805,3026415,203243195,74744595,0,124115585,4383015,203243195
2020-12-22,4300,4300,4285,4300,41070,0.0,-12946,0,12097,849,0,4104,0,36117,849,41070,17050,0,24020,0,41070,-55530185,0,51883730,3646455,0,17591250,0,154926290,3646455,176163995,73121435,0,103042560,0,176163995
2020-12-23,4295,4300,4280,4280,50856,-0.46511627906976744,-6488,147,8228,-1887,0,9736,357,40723,40,50856,16224,210,32495,1927,50856,-27798560,630945,35252225,-8084610,0,41694175,1531445,174383790,171400,217780810,69492735,900500,139131565,8256010,217780810
2020-12-24,4275,4300,4275,4290,63585,0.23364485981308408,-4037,-2564,5158,1443,0,25471,16,35741,2357,63585,29508,2580,30583,914,63585,-17186520,-10962275,21935130,6213665,0,109389235,68425,153048185,10123065,272628910,126575755,11030700,131113055,3909400,272628910
2020-12-28,4295,4315,4275,4275,88516,-0.34965034965034963,-7532,-7282,11091,3723,0,15896,1100,55760,15760,88516,23428,8382,44669,12037,88516,-32354960,-31194525,47359080,16190405,0,68184890,4705000,238962550,67718120,379570560,100539850,35899525,191603470,51527715,379570560
2020-12-29,4275,4275,4260,4270,64952,-0.11695906432748539,-10147,5565,8299,-3717,0,14497,5635,42532,2288,64952,24644,70,34233,6005,64952,-43253190,23709450,35385305,-15841565,0,61888495,24008350,181780865,9769760,277447470,105141685,298900,146395560,25611325,277447470
2020-12-30,4265,4270,4250,4265,66767,-0.117096018735363,-4297,-8950,19648,-6401,0,11531,50,55186,0,66767,15828,9000,35538,6401,66767,-18261800,-38056200,83596420,-27278420,0,49125735,212875,235014350,0,284352960,67387535,38269075,151417930,27278420,284352960
2021-01-04,4270,4280,4250,4265,45309,0.0,12202,48,-12723,473,0,15251,48,26850,3160,45309,3049,0,39573,2687,45309,51994755,204360,-54254480,2055365,0,64978765,204360,114366615,13488550,193038290,12984010,0,168621095,11433185,193038290
2021-01-05,4265,4280,4245,4250,79891,-0.3516998827667058,5612,-4052,1285,-2845,0,14194,29,62690,2978,79891,8582,4081,61405,5823,79891,23862010,-17281230,5516405,-12097185,0,60429230,123275,266935255,12716060,340203820,36567220,17404505,261418850,24813245,340203820
2021-01-06,4270,4280,4245,4265,94760,0.35294117647058826,30861,-31063,-5754,5956,0,34214,5,54585,5956,94760,3353,31068,60339,0,94760,131662380,-132265065,-24837295,25439980,0,145973005,21250,232484705,25439980,403918940,14310625,132286315,257322000,0,403918940
2021-01-07,4275,4275,4255,4260,65350,-0.11723329425556857,-7542,-198,15239,-7499,0,7425,2,57923,0,65350,14967,200,42684,7499,65350,-32161315,-843490,64950545,-31945740,0,31629280,8510,246725105,0,278362895,63790595,852000,181774560,31945740,278362895
2021-01-08,4275,4275,4240,4250,117846,-0.2347417840375587,-25414,15053,11246,-885,0,7308,15053,95485,0,117846,32722,0,84239,885,117846,-107991880,63899890,47857665,-3765675,0,31062650,63899890,405746780,0,500709320,139054530,0,357889115,3765675,500709320
2021-01-11,4230,4240,4200,4220,141547,-0.7058823529411765,-14887,2966,5961,5960,0,17002,3101,111951,9493,141547,31889,135,105990,3533,141547,-62757185,12488155,25119775,25149255,0,71650165,13057180,471613975,40025465,596346785,134407350,569025,446494200,14876210,596346785
2021-01-12,4220,4250,4200,4205,139529,-0.35545023696682465,-82042,15039,69308,-2305,0,20649,15039,100501,3340,139529,102691,0,31193,5645,139529,-345302900,63249235,291708155,-9654490,0,87028985,63249235,423083430,14117820,587479470,432331885,0,131375275,23772310,587479470
2021-01-13,4205,4240,4185,4200,79462,-0.11890606420927466,-40525,-18718,57108,2135,0,7072,1408,68207,2775,79462,47597,20126,11099,640,79462,-170083210,-78515250,239629260,8969200,0,29696650,5908805,286213280,11654000,333472735,199779860,84424055,46584020,2684800,333472735
2021-01-14,4195,4205,4195,4205,86975,0.11904761904761905,-31157,10,25782,5365,0,6016,10,72902,8047,86975,37173,0,47120,2682,86975,-130872020,41950,108283835,22546235,0,25265210,41950,306145555,33797225,365249940,156137230,0,197861720,11250990,365249940
2021-01-15,4205,4220,4205,4220,47206,0.356718192627824,-17915,0,11010,6905,0,5621,0,34654,6931,47206,23536,0,23644,26,47206,-75512050,0,46405365,29106685,0,23702905,0,146031845,29216405,198951155,99214955,0,99626480,109720,198951155
2021-01-18,4220,4225,4190,4200,68881,-0.47393364928909953,-8976,-807,23851,-14068,0,15282,24,50575,3000,68881,24258,831,26724,17068,68881,-37628635,-3389520,100068065,-59049910,0,64214025,100680,212402080,12600000,289316785,101842660,3490200,112334015,71649910,289316785
2021-01-19,4195,4220,4185,4185,73337,-0.35714285714285715,-16259,2005,14542,-288,0,12344,2005,54874,4114,73337,28603,0,40332,4402,73337,-68195880,8395975,60926145,-1126240,0,51751365,8395975,230051010,17338670,307537020,119947245,0,169124865,18464910,307537020
2021-01-20,4180,4200,4175,4195,87892,0.23894862604540024,-39308,225,35620,3463,0,18344,225,61382,7941,87892,57652,0,25762,4478,87892,-164226105,941575,148782560,14501970,0,76735400,941575,256600230,33231405,367508610,240961505,0,107817670,18729435,367508610
2021-01-21,4205,4215,4180,4195,65335,0.0,-1102,407,-971,1666,0,13954,407,46195,4779,65335,15056,0,47166,3113,65335,-4634935,1702280,-4041780,6974435,0,58538455,1702280,193559995,20017905,273818635,63173390,0,197601775,13043470,273818635
2021-01-22,4200,4200,4185,4190,51330,-0.11918951132300357,-5404,11202,-3351,-2447,0,4709,11202,33972,1447,51330,10113,0,37323,3894,51330,-22669280,47004205,-14104815,-10230110,0,19722400,47004205,142296360,6068770,215091735,42391680,0,156401175,16298880,215091735
2021-01-25,4200,4205,4180,4200,79269,0.23866348448687352,12032,-9759,-4756,2483,0,24929,241,51284,2815,79269,12897,10000,56040,332,79269,50376555,-40841520,-19963450,10428415,0,104416145,1010975,214798905,11817835,332043860,54039590,41852495,234762355,1389420,332043860
2021-01-26,4200,4225,4190,4210,41094,0.2380952380952381,-4124,3102,-389,1411,0,5451,3102,30042,2499,41094,9575,0,30431,1088,41094,-17379720,13088735,-1651700,5942685,0,22958800,13088735,126564300,10528605,173140440,40338520,0,128216000,4585920,173140440
2021-01-27,4220,4225,4205,4225,31288,0.35629453681710216,-9598,81,10701,-1184,0,1609,81,29260,338,31288,11207,0,18559,1522,31288,-40488540,341415,45132750,-4985625,0,6780175,341415,123410705,1426360,131958655,47268715,0,78277955,6411985,131958655
2021-01-28,4225,4225,4195,4215,73082,-0.2366863905325444,-40921,166,41179,-424,0,9341,166,59756,3819,73082,50262,0,18577,4243,73082,-172097065,697200,173135580,-1735715,0,39299765,697200,251252925,16082345,307332235,211396830,0,78117345,17818060,307332235
2021-01-29,4220,4220,4190,4190,54412,-0.5931198102016607,10612,-5379,-7454,2221,0,24632,121,27438,2221,54412,14020,5500,34892,0,54412,44571685,-22536810,-31389715,9354840,0,103636175,508190,115176060,9354840,228675265,59064490,23045000,146565775,0,228675265
2021-02-01,4190,4195,4180,4190,31849,0.0,4973,1200,-8226,2053,0,6951,1200,20492,3206,31849,1978,0,28718,1153,31849,20812370,5017000,-34437205,8607835,0,29091500,5017000,85783690,13433140,133325330,8279130,0,120220895,4825305,133325330
2021-02-02,4205,4205,4185,4195,36566,0.11933174224343676,-5007,3201,6215,-4409,0,7380,3201,25976,9,36566,12387,0,19761,4418,36566,-20961785,13421190,26010390,-18469795,0,30931300,13421190,108791695,37800,153181985,51893085,0,82781305,18507595,153181985
2021-02-03,4200,4200,4180,4195,35511,0.0,4259,-9799,2572,2968,0,13000,201,18995,3315,35511,8741,10000,16423,347,35511,17849530,-41015165,10708625,12457010,0,54426070,840180,79565035,13912675,148743960,36576540,41855345,68856410,1455665,148743960
2021-02-04,4195,4200,4185,4195,30392,0.0,6509,0,-5505,-1004,0,13784,0,14725,1883,30392,7275,0,20230,2887,30392,27285305,0,-23083440,-4201865,0,57781175,0,61713985,7907600,127402760,30495870,0,84797425,12109465,127402760
2021-02-05,4195,4200,4155,4190,77204,-0.11918951132300357,10422,2201,-10407,-2216,0,17978,2201,54967,2058,77204,7556,0,65374,4274,77204,43521275,9212170,-43464895,-9268550,0,75169575,9212170,229838420,8618140,322838305,31648300,0,273303315,17886690,322838305
2021-02-08,4190,4220,4180,4185,65274,-0.11933174224343676,-24041,1913,13812,8316,0,15028,1913,38350,9983,65274,39069,0,24538,1667,65274,-100758645,8017950,57818985,34921710,0,62998665,8017950,160771115,41913145,273700875,163757310,0,102952130,6991435,273700875
2021-02-09,4200,4220,4185,4205,70681,0.4778972520908005,-5178,2801,269,2108,0,5914,2801,57963,4003,70681,11092,0,57694,1895,70681,-21850540,11768200,1142830,8939510,0,24810140,11768200,243609185,16882770,297070295,46660680,0,242466355,7943260,297070295
2021-02-10,4210,4225,4205,4220,25922,0.356718192627824,-4791,0,9797,-5006,0,4047,598,21277,0,25922,8838,598,11480,5006,25922,-20219445,1210,41291830,-21073595,0,17051185,2519090,89683805,0,109254080,37270630,2517880,48391975,21073595,109254080
2021-02-15,4220,4230,4200,4230,69774,0.23696682464454977,7349,401,-14487,6737,0,12969,401,45553,10851,69774,5620,0,60040,4114,69774,30964500,1696200,-61030085,28369385,0,54681795,1696200,192027555,45719305,294124855,23717295,0,253057640,17349920,294124855
2021-02-16,4230,4260,4225,4230,120955,0.0,-41674,0,26162,15512,0,32736,0,70755,17464,120955,74410,0,44593,1952,120955,-176409610,0,110570220,65839390,0,139011665,0,299866235,74115870,512993770,315421275,0,189296015,8276480,512993770
2021-02-17,4240,4245,4215,4240,76402,0.2364066193853428,13953,500,-11984,-2469,0,14203,500,61699,0,76402,250,0,73683,2469,76402,59050960,2120000,-50729830,-10441130,0,60109620,2120000,260745680,0,322975300,1058660,0,311475510,10441130,322975300
2021-02-18,4240,4255,4225,4255,36509,0.3537735849056604,-8452,100,11963,-3611,0,2933,100,33476,0,36509,11385,0,21513,3611,36509,-35832335,425500,50707495,-15300660,0,12419015,425500,141942795,0,154787310,48251350,0,91235300,15300660,154787310
2021-02-19,4255,4255,4205,4235,41374,-0.4700352526439483,-18361,-343,22129,-3425,0,7675,0,33691,8,41374,26036,343,11562,3433,41374,-77632840,-1457750,93625195,-14534605,0,32446195,0,142649085,33760,175129040,110079035,1457750,49023890,14568365,175129040
2021-02-22,4250,4250,4225,4230,21552,-0.11806375442739078,4324,0,-2234,-2090,0,6301,0,15251,0,21552,1977,0,17485,2090,21552,18355335,0,-9517070,-8838265,0,26720585,0,64596330,0,91316915,8365250,0,74113400,8838265,91316915
2021-02-23,4235,4235,4185,4215,55377,-0.3546099290780142,-29732,-1000,25284,5448,0,9661,1757,37747,6212,55377,39393,2757,12463,764,55377,-124927000,-4225140,106180245,22971895,0,40514260,7381830,158636145,26194350,232726585,165441260,11606970,52455900,3222455,232726585
2021-02-24,4220,4220,4195,4200,61961,-0.3558718861209964,-25513,12510,9781,3222,0,6070,12510,38858,4523,61961,31583,0,29077,1301,61961,-107164945,52532000,41035980,13596965,0,25493480,52532000,163342455,19063675,260431610,132658425,0,122306475,5466710,260431610
2021-02-25,4205,4220,4190,4195,67886,-0.11904761904761905,-15692,12130,1264,2298,0,7354,14019,43422,3091,67886,23046,1889,42158,793,67886,-65983590,50895325,5433960,9654305,0,30839070,58819680,182549020,12990435,285198205,96822660,7924355,177115060,3336130,285198205
2021-02-26,4200,4215,4190,4215,36116,0.47675804529201427,452,10,-619,157,0,2487,10,31947,1672,36116,2035,0,32566,1515,36116,1903140,41950,-2612065,666975,0,10440645,41950,134221720,7022400,151726715,8537505,0,136833785,6355425,151726715
2021-03-02,4230,4230,4210,4225,59549,0.2372479240806643,-7294,-403,8453,-756,0,12931,0,39718,6900,59549,20225,403,31265,7656,59549,-30719220,-1698645,35586455,-3168590,0,54569315,0,167525875,29134360,251229550,85288535,1698645,131939420,32302950,251229550
2021-03-03,4230,4235,4200,4210,40977,-0.35502958579881655,-2783,100,6785,-4102,0,2755,100,32443,5679,40977,5538,0,25658,9781,40977,-11742410,421000,28525195,-17203785,0,11605545,421000,136723900,24025785,172776230,23347955,0,108198705,41229570,172776230
2021-03-04,4200,4215,4195,4210,49926,0.0,-7269,300,16565,-9596,0,4955,300,44373,298,49926,12224,0,27808,9894,49926,-30532665,1263000,69577055,-40307390,0,20821605,1263000,186394230,1251620,209730455,51354270,0,116817175,41559010,209730455
2021-03-05,4215,4215,4195,4215,24348,0.11876484560570072,-7589,1324,9212,-2947,0,4734,1324,17148,1142,24348,12323,0,7936,4089,24348,-31870275,5576180,38659445,-12365350,0,19884930,5576180,72059520,4810840,102331470,51755205,0,33400075,17176190,102331470
2021-03-08,4215,4225,4200,4215,27808,0.0,4495,5,-8263,3763,0,10992,5,12619,4192,27808,6497,0,20882,429,27808,18937070,21075,-34834840,15876695,0,46322120,21075,53192875,17687075,117223145,27385050,0,88027715,1810380,117223145
2021-03-09,4220,4220,4200,4220,93581,0.11862396204033215,-6793,0,-16956,23749,0,12915,0,56257,24409,93581,19708,0,73213,660,93581,-28764150,0,-71379095,100143245,0,54298030,0,237010250,102921845,394230125,83062180,0,308389345,2778600,394230125
2021-03-10,4235,4235,4200,4215,44215,-0.11848341232227488,-18002,0,18095,-93,0,6932,0,32107,5176,44215,24934,0,14012,5269,44215,-75778870,0,76148105,-369235,0,29189465,0,135241050,21825835,186256350,104968335,0,59092945,22195070,186256350
2021-03-11,4215,4225,4205,4215,15806,0.0,3566,135,-851,-2850,0,3566,135,12043,62,15806,0,0,12894,2912,15806,15024710,569025,-3585975,-12007760,0,15024710,569025,50745105,261260,66600100,0,0,54331080,12269020,66600100
2021-03-12,4220,4230,4200,4220,61337,0.11862396204033215,7103,224,-3170,-4157,0,13912,224,40041,7160,61337,6809,0,43211,11317,61337,29969115,945280,-13399380,-17515015,0,58670165,945280,169031920,30254060,258901425,28701050,0,182431300,47769075,258901425
2021-03-15,4240,4240,4210,4225,33030,0.11848341232227488,1649,1478,4513,-7640,0,6611,1478,24150,791,33030,4962,0,19637,8431,33030,6966030,6237160,19063145,-32266335,0,27916710,6237160,101993530,3336110,139483510,20950680,0,82930385,35602445,139483510
2021-03-16,4230,4255,4230,4255,38935,0.7100591715976331,7384,500,-8465,581,0,10551,500,26037,1847,38935,3167,0,34502,1266,38935,31351705,2127500,-35957835,2478630,0,44781075,2127500,110414415,7833810,165156800,13429370,0,146372250,5355180,165156800
2021-03-17,4260,4260,4235,4255,48597,0.0,12920,-2530,-4753,-5637,0,26197,500,20439,1461,48597,13277,3030,25192,7098,48597,54926535,-10773450,-20205955,-23947130,0,111382760,2128050,86832935,6223860,206567605,56456225,12901500,107038890,30170990,206567605
2021-03-18,4260,4280,4255,4280,41981,0.5875440658049353,-8433,10151,-1696,-22,0,9049,10151,21342,1439,41981,17482,0,23038,1461,41981,-36115555,43408570,-7220040,-72975,0,38581895,43408570,91016350,6150885,179157700,74697450,0,98236390,6223860,179157700
2021-03-19,4255,4280,4255,4275,45822,-0.11682242990654204,6274,2500,-839,-7935,0,14360,2500,28560,402,45822,8086,0,29399,8337,45822,26732060,10677500,-3566390,-33843170,0,61274280,10677500,121910775,1716540,195579095,34542220,0,125477165,35559710,195579095
2021-03-22,4280,4315,4275,4315,79368,0.9356725146198831,-7242,1000,-1788,8030,0,6796,1000,62222,9350,79368,14038,0,64010,1320,79368,-31031050,4315000,-7779170,34495220,0,29214555,4315000,267406825,40138220,341074600,60245605,0,275185995,5643000,341074600
2021-03-23,4315,4320,4300,4310,27652,-0.11587485515643105,4072,1000,-2803,-2269,0,8522,1000,16553,1577,27652,4450,0,19356,3846,27652,17538005,4305000,-12072165,-9770840,0,36721320,4305000,71328395,6799670,119154385,19183315,0,83400560,16570510,119154385
2021-03-24,4300,4335,4295,4315,85745,0.11600928074245939,-17384,0,8620,8764,0,37863,0,37804,10078,85745,55247,0,29184,1314,85745,-75096485,0,37176770,37919715,0,163308390,0,163364620,43582805,370255815,238404875,0,126187850,5663090,370255815
2021-03-25,4310,4335,4300,4320,60642,0.11587485515643105,-5135,3115,-1841,3861,0,10196,3115,43120,4211,60642,15331,0,44961,350,60642,-22257830,13394500,-7793400,16656730,0,43995950,13394500,186092580,18172230,261655260,66253780,0,193885980,1515500,261655260
2021-03-26,4325,4405,4310,4390,143948,1.6203703703703702,39914,5000,-49187,4273,0,86668,5000,40976,11304,143948,46754,0,90163,7031,143948,176024210,21675000,-216525105,18825895,0,379753465,21675000,177890875,49294265,628613605,203729255,0,394415980,30468370,628613605
2021-03-29,4415,4415,4370,4400,66943,0.22779043280182232,23371,-500,-7530,-15341,0,35342,0,31601,0,66943,11971,500,39131,15341,66943,102737045,-2197500,-33172690,-67366855,0,155368220,0,138816285,0,294184505,52631175,2197500,171988975,67366855,294184505
2021-03-30,4400,4425,4380,4400,72412,0.0,-1809,1000,-1845,2654,0,14299,1000,42908,14205,72412,16108,0,44753,11551,72412,-7903180,4385000,-8269005,11787185,0,62856580,4385000,188478940,62517025,318237545,70759760,0,196747945,50729840,318237545
2021-03-31,4405,4405,4375,4395,56528,-0.11363636363636363,9748,4000,-7579,-6169,0,14907,4000,34692,2929,56528,5159,0,42271,9098,56528,42821990,17520000,-33312725,-27029265,0,65495895,17520000,152202935,12882165,248100995,22673905,0,185515660,39911430,248100995
2021-04-01,4395,4400,4355,4385,62052,-0.22753128555176336,3373,800,-4815,642,0,11312,800,44208,5732,62052,7939,0,49023,5090,62052,14609810,3507500,-20885965,2768655,0,49522885,3507500,193724945,25050380,271805710,34913075,0,214610910,22281725,271805710
2021-04-02,4390,4410,4380,4385,63565,0.0,24356,1000,-32128,6772,0,32600,1000,20789,9176,63565,8244,0,52917,2404,63565,107062095,4390000,-141283995,29831900,0,143292730,4390000,91334310,40381205,279398245,36230635,0,232618305,10549305,279398245
2021-04-05,4375,4405,4375,4405,45276,0.45610034207525657,11474,0,-7502,-3972,0,16157,0,29119,0,45276,4683,0,36621,3972,45276,50426720,0,-33001510,-17425210,0,71027790,0,127979555,0,199007345,20601070,0,160981065,17425210,199007345
2021-04-06,4415,4415,4395,4405,43850,0.0,5285,2272,-6497,-1060,0,5886,2272,34838,854,43850,601,0,41335,1914,43850,23267305,9996800,-28595525,-4668580,0,25916265,9996800,153329015,3757740,192999820,2648960,0,181924540,8426320,192999820
2021-04-07,4405,4415,4395,4415,28745,0.22701475595913734,-4609,100,4625,-116,0,2918,100,24427,1300,28745,7527,0,19802,1416,28745,-20270945,440000,20348380,-517435,0,12844410,440000,107508990,5720000,126513400,33115355,0,87160610,6237435,126513400
2021-04-08,4410,4420,4405,4415,32992,0.0,3303,200,-3634,131,0,15307,200,15899,1586,32992,12004,0,19533,1455,32992,14548700,882000,-16023615,592915,0,67512345,882000,70127400,7002190,145523935,52963645,0,86151015,6409275,145523935
2021-04-09,4420,4420,4390,4390,58749,-0.5662514156285391,4042,3074,-5149,-1967,0,5783,3074,46408,3484,58749,1741,0,51557,5451,58749,17770330,13525600,-22661510,-8634420,0,25454535,13525600,204367135,15376210,258723480,7684205,0,227028645,24010630,258723480
2021-04-12,4400,4420,4390,4410,40660,0.45558086560364464,1708,-247,-3414,1953,0,7273,0,30701,2686,40660,5565,247,34115,733,40660,7550790,-1089270,-15058660,8597140,0,32083425,0,135293710,11818675,179195810,24532635,1089270,150352370,3221535,179195810
2021-04-13,4420,4425,4400,4420,27312,0.22675736961451248,1944,524,-2189,-279,0,5328,524,19272,2188,27312,3384,0,21461,2467,27312,8587290,2305600,-9686680,-1206210,0,23525660,2305600,85043490,9663950,120538700,14938370,0,94730170,10870160,120538700
2021-04-14,4430,4450,4415,4440,53039,0.4524886877828055,-15768,0,16244,-476,0,1486,0,49630,1923,53039,17254,0,33386,2399,53039,-69961610,0,72051385,-2089775,0,6590455,0,220066725,8543635,235200815,76552065,0,148015340,10633410,235200815
2021-04-15,4455,4495,4440,4460,92136,0.45045045045045046,-11096,-3300,5687,8709,0,7750,0,75229,9157,92136,18846,3300,69542,448,92136,-49435640,-14698500,25156800,38977340,0,34615465,0,335966285,40973085,411554835,84051105,14698500,310809485,1995745,411554835
2021-04-16,4480,4480,4440,4440,78154,-0.4484304932735426,-154,-7466,18497,-10877,0,9105,1000,67949,100,78154,9259,8466,49452,10977,78154,-640195,-33216995,82310105,-48452915,0,40532305,4450000,302452640,445500,347880445,41172500,37666995,220142535,48898415,347880445
2021-04-19,4440,4475,4430,4450,89753,0.22522522522522523,-43728,3370,21697,18661,0,3944,3370,59702,22737,89753,47672,0,38005,4076,89753,-194260480,14996500,96372820,82891160,0,17538750,14996500,265413195,101018885,398967330,211799230,0,169040375,18127725,398967330
2021-04-20,4455,4465,4435,4455,86081,0.11235955056179776,3298,-14000,12502,-1800,0,15955,0,68699,1427,86081,12657,14000,56197,3227,86081,14723650,-62245955,55518625,-7996320,0,71075385,0,305869850,6370735,383315970,56351735,62245955,250351225,14367055,383315970
2021-04-21,4460,4465,4435,4450,69293,-0.11223344556677892,-4591,-7500,28245,-16154,0,17774,0,47520,3999,69293,22365,7500,19275,20153,69293,-20426405,-33300145,125473115,-71746565,0,78976545,0,211190365,17791405,307958315,99402950,33300145,85717250,89537970,307958315
2021-04-22,4450,4460,4440,4455,71779,0.11235955056179776,-11797,-21496,31309,1984,0,8435,0,57507,5837,71779,20232,21496,26198,3853,71779,-52502105,-95592200,139229790,8864515,0,37525880,0,255817885,25992755,319336520,90027985,95592200,116588095,17128240,319336520
2021-04-23,4455,4485,4435,4480,92001,0.5611672278338945,-12480,42,-8592,21030,0,18203,542,52146,21110,92001,30683,500,60738,80,92001,-55666470,181620,-38285935,93770785,0,81428290,2424120,233192715,94129185,411174310,137094760,2242500,271478650,358400,411174310
2021-04-26,4490,4515,4480,4495,98849,0.33482142857142855,11440,-891,-12536,1987,0,31407,4449,59402,3591,98849,19967,5340,71938,1604,98849,51653090,-4015045,-56613315,8975270,0,141317950,19998255,266974035,16178720,444468960,89664860,24013300,323587350,7203450,444468960
2021-04-27,4505,4525,4490,4515,78582,0.44493882091212456,17512,862,-10380,-7994,0,21415,1462,52128,3577,78582,3903,600,62508,11571,78582,78760440,3857905,-46704825,-35913520,0,96358925,6569405,234838180,16146605,353913115,17598485,2711500,281543005,52060125,353913115
2021-04-28,4520,4520,4495,4510,47296,-0.11074197120708748,7421,-100,-846,-6475,0,10758,0,33124,3414,47296,3337,100,33970,9889,47296,33405930,-449500,-3805295,-29151135,0,48450075,0,149349835,15411920,213211830,15044145,449500,153155130,44563055,213211830
2021-04-29,4515,4515,4470,4490,53235,-0.4434589800443459,7236,5259,-4218,-8277,0,10735,5259,37230,11,53235,3499,0,41448,8288,53235,32475825,23544025,-18903320,-37116530,0,48172845,23544025,167025355,49445,238791670,15697020,0,185928675,37165975,238791670
2021-04-30,4490,4495,4460,4480,59238,-0.22271714922048996,-15646,1860,6554,7232,0,11277,1860,37545,8556,59238,26923,0,30991,1324,59238,-69939215,8297460,29146760,32494995,0,50513865,8297460,167982040,38406970,265200335,120453080,0,138835280,5911975,265200335
2021-05-03,4480,4510,4465,4490,60274,0.2232142857142857,595,113,47,-755,0,6309,608,52255,1102,60274,5714,495,52208,1857,60274,2692635,494430,211360,-3398425,0,28293010,2726880,234340305,4931440,270291635,25600375,2232450,234128945,8329865,270291635
2021-05-04,4510,4535,4490,4530,141540,0.8908685968819599,18000,13400,-64334,32934,0,20555,14700,67578,38707,141540,2555,1300,131912,5773,141540,81285660,60280000,-290412530,148846870,0,92788700,66150000,304772275,174801995,638512970,11503040,5870000,595184805,25955125,638512970
2021-05-06,4545,4590,4530,4560,147568,0.6622516556291391,11,-4263,-7896,12148,0,15847,876,104769,26076,147568,15836,5139,112665,13928,147568,-61995,-19461405,-36048500,55571900,0,72305285,3994560,477937000,119066500,673303345,72367280,23455965,513985500,63494600,673303345
2021-05-07,4560,4580,4530,4570,84837,0.21929824561403508,24751,0,-5048,-19703,0,45751,0,38504,582,84837,21000,0,43552,20285,84837,112799265,0,-23005145,-89794120,0,208685905,0,175654420,2653060,386993385,95886640,0,198659565,92447180,386993385
2021-05-10,4600,4615,4585,4610,73354,0.87527352297593,20854,0,-8376,-12478,0,22024,0,51226,104,73354,1170,0,59602,12582,73354,95975870,0,-38633350,-57342520,0,101364660,0,235687070,477360,337529090,5388790,0,274320420,57819880,337529090
2021-05-11,4630,4630,4565,4600,111423,-0.21691973969631237,15311,3706,-6199,-12818,0,30325,3706,73618,3774,111423,15014,0,79817,16592,111423,70155180,16996420,-28133605,-59017995,0,139092980,16996420,338052775,17290465,511432640,68937800,0,366186380,76308460,511432640
2021-05-12,4580,4610,4510,4555,169778,-0.9782608695652175,22617,-12168,-7544,-2905,0,41056,1000,116368,11354,169778,18439,13168,123912,14259,169778,102979660,-55305395,-34433230,-13241035,0,186591920,4535000,528740560,51622815,771490295,83612260,59840395,563173790,64863850,771490295
2021-05-13,4540,4565,4510,4550,70643,-0.10976948408342481,17797,4400,-26700,4503,0,22693,4400,34374,9176,70643,4896,0,61074,4673,70643,80953460,19998000,-121365590,20414130,0,103208825,19998000,156124065,41663285,320994175,22255365,0,277489655,21249155,320994175
2021-05-14,4550,4585,4520,4570,46456,0.43956043956043955,1643,-9566,7455,468,0,10191,0,34362,1903,46456,8548,9566,26907,1435,46456,7472945,-43404400,33811240,2120215,0,46510320,0,156792295,8689140,211991755,39037375,43404400,122981055,6568925,211991755
2021-05-17,4570,4585,4560,4575,59182,0.10940919037199125,9864,-704,-316,-8844,0,16476,29,42671,6,59182,6612,733,42987,8850,59182,45152190,-3220655,-1513365,-40418170,0,75349910,132820,195084070,27450,270594250,30197720,3353475,196597435,40445620,270594250
2021-05-18,4575,4630,4575,4605,148734,0.6557377049180327,-21609,0,9164,12445,0,13202,0,120574,14958,148734,34811,0,111410,2513,148734,-99496320,0,42310215,57186105,0,60888115,0,555730220,68756020,685374355,160384435,0,513420005,11569915,685374355
2021-05-20,4625,4635,4595,4620,65131,0.32573289902280134,27380,11119,-30914,-7585,0,33216,11119,20429,367,65131,5836,0,51343,7952,65131,126446335,51448950,-142932820,-34962465,0,153404890,51448950,94312405,1696545,300862790,26958555,0,237245225,36659010,300862790
2021-05-21,4620,4630,4600,4625,147196,0.10822510822510822,34834,-25000,-21551,11717,0,43261,0,88170,15765,147196,8427,25000,109721,4048,147196,160955030,-115500000,-99638715,54183685,0,199926905,0,407645170,72839835,680411910,38971875,115500000,507283885,18656150,680411910
2021-05-24,4635,4635,4610,4615,98609,-0.21621621621621623,34542,0,-23465,-11077,0,45790,0,51537,1282,98609,11248,0,75002,12359,98609,159719325,0,-108536235,-51183090,0,211715205,0,238122735,5935640,455773580,51995880,0,346658970,57118730,455773580
2021-05-25,4620,4635,4615,4635,101181,0.43336944745395445,45993,0,-46270,277,0,66754,0,28201,6226,101181,20761,0,74471,5949,101181,212759700,0,-214109785,1350085,0,308708530,0,130317775,28808945,467835250,95948830,0,344427560,27458860,467835250
2021-05-26,4635,4665,4630,4655,157668,0.4314994606256742,52651,7600,-65012,4761,0,59906,11000,79743,7019,157668,7255,3400,144755,2258,157668,244865180,35444920,-302393935,22083835,0,278530120,51246920,370595590,32538425,732911055,33664940,15802000,672989525,10454590,732911055
2021-05-27,4645,4700,4640,4700,228210,0.966702470461869,57788,-3000,-61477,6689,0,69303,0,141141,17766,228210,11515,3000,202618,11077,228210,269547765,-14080000,-286321565,30853800,0,323365295,0,660030320,82664785,1066060400,53817530,14080000,946351885,51810985,1066060400
2021-05-28,4640,4650,4600,4650,198619,-1.0638297872340425,84285,-39358,-53475,8548,0,96368,431,84079,17741,198619,12083,39789,137554,9193,198619,390244030,-182491540,-247461310,39708820,0,446194110,1995530,389412070,82238920,919840630,55950080,184487070,636873380,42530100,919840630
2021-05-31,4630,4660,4620,4660,165985,0.21505376344086022,41991,-2800,-22251,-16940,0,71936,0,90136,3913,165985,29945,2800,112387,20853,165985,194943670,-12950000,-103667735,-78325935,0,333574065,0,417771710,18108515,769454290,138630395,12950000,521439445,96434450,769454290
2021-06-01,4655,4735,4630,4715,169735,1.1802575107296138,38239,2864,-58575,17472,0,72427,3064,76245,17999,169735,34188,200,134820,527,169735,179300660,13409560,-274578750,81868530,0,340117585,14353560,358726360,84324350,797521855,160816925,944000,633305110,2455820,797521855
2021-06-02,4745,4865,4720,4860,189259,3.0752916224814424,14533,1936,-9547,-6922,0,57198,2000,125068,4993,189259,42665,64,134615,11915,189259,70207895,9291280,-46484575,-33014600,0,275308315,9595000,600969130,24014395,909886840,205100420,303720,647453705,57028995,909886840
2021-06-03,4875,5040,4870,4930,387962,1.440329218106996,43281,-14238,-42686,13643,0,94394,3618,248727,41223,387962,51113,17856,291413,27580,387962,213938475,-70412325,-211394930,67868780,0,467585695,17880000,1231228940,204278400,1920973035,253647220,88292325,1442623870,136409620,1920973035
2021-06-04,4895,4945,4835,4930,171675,0.0,-9967,1562,13991,-5586,0,64698,1562,93514,11901,171675,74665,0,79523,17487,171675,-46895665,7606850,66595940,-27307125,0,317839495,7606850,456387135,58376740,840210220,364735160,0,389791195,85683865,840210220
2021-06-07,4965,5060,4850,5060,917115,2.636916835699797,-177550,-7493,238380,-53337,0,18696,6974,884376,7069,917115,196246,14467,645996,60406,917115,-885220500,-37575855,1188476430,-265680075,0,93402910,34939740,4422233090,35162140,4585737880,978623410,72515595,3233756660,300842215,4585737880
2021-06-08,5040,5060,4995,5020,254843,-0.7905138339920948,-35711,6000,20567,9144,0,67956,6000,171394,9493,254843,103667,0,150827,349,254843,-180372535,30000000,104213085,46159450,0,341410270,30000000,863439000,47918420,1282767690,521782805,0,759225915,1758970,1282767690
2021-06-09,5020,5050,4980,5030,108535,0.199203187250996,21134,0,-19522,-1612,0,68064,0,36052,4419,108535,46930,0,55574,6031,108535,105812595,0,-97710895,-8101700,0,341262930,0,180895625,22091480,544250035,235450335,0,278606520,30193180,544250035
2021-06-10,5030,5050,4995,5020,100754,-0.19880715705765406,6065,0,-8353,2288,0,35442,0,57572,7740,100754,29377,0,65925,5452,100754,30424950,0,-41908010,11483060,0,178300390,0,289155595,38875530,506331515,147875440,0,331063605,27392470,506331515
2021-06-11,5020,5050,4995,5030,97232,0.199203187250996,30163,-403,-37241,7481,0,37473,1597,48637,9525,97232,7310,2000,85878,2044,97232,151435315,-2045000,-186792535,37402220,0,188136745,8015000,243811925,47643810,487607480,36701430,10060000,430604460,10241590,487607480
2021-06-14,5030,5030,4990,4990,109101,-0.7952286282306162,28781,1292,-28282,-1791,0,54207,1292,53602,0,109101,25426,0,81884,1791,109101,143814820,6453540,-141318640,-8949720,0,270842710,6453540,267877300,0,545173550,127027890,0,409195940,8949720,545173550
2021-06-15,5000,5000,4880,4920,124204,-1.402805611222445,14621,1049,-12428,-3242,0,34261,1049,86709,2185,124204,19640,0,99137,5427,124204,71924945,5167980,-60941540,-16151385,0,168725940,5167980,426737140,10708980,611340040,96800995,0,487678680,26860365,611340040
2021-06-16,4915,4925,4835,4855,164660,-1.321138211382114,25930,16212,-43210,1068,0,56077,16212,88974,3397,164660,30147,0,132184,2329,164660,125874290,78839280,-209971695,5258125,0,272287745,78839280,432477535,16651325,800255885,146413455,0,642449230,11393200,800255885
2021-06-17,4860,4905,4830,4900,99901,0.9268795056642637,54439,-5500,-53402,4463,0,73239,1500,20151,5011,99901,18800,7000,73553,548,99901,265728965,-26892500,-260533655,21697190,0,357497290,7267500,97921505,24376420,487062715,91768325,34160000,358455160,2679230,487062715
2021-06-18,4870,4940,4870,4940,53145,0.8163265306122449,10392,1000,-12150,758,0,28417,1000,22767,961,53145,18025,0,34917,203,53145,51154005,4925000,-59811490,3732485,0,139980855,4925000,112094635,4735305,261735795,88826850,0,171906125,1002820,261735795
2021-06-21,4950,4950,4875,4905,71081,-0.708502024291498,2155,5400,-3907,-3648,0,24479,5400,41202,0,71081,22324,0,45109,3648,71081,10670145,26425000,-19217560,-17877585,0,119951530,26425000,201592810,0,347969340,109281385,0,220810370,17877585,347969340
2021-06-22,4900,4915,4895,4905,50089,0.0,-23724,1510,18154,4060,0,8013,2000,33450,6626,50089,31737,490,15296,2566,50089,-116258440,7391550,88945145,19921745,0,39311715,9795000,163914685,32511045,245532445,155570155,2403450,74969540,12589300,245532445
2021-06-23,4905,4905,4860,4900,53147,-0.10193679918450561,22819,-3963,-16354,-2502,0,36416,2500,14231,0,53147,13597,6463,30585,2502,53147,111453620,-19360320,-79885625,-12207675,0,177949720,12212500,69471855,0,259634075,66496100,31572820,149357480,12207675,259634075
2021-06-24,4900,4900,4860,4890,40379,-0.20408163265306123,11492,-896,-8278,-2318,0,23714,1000,15665,0,40379,12222,1896,23943,2318,40379,56102150,-4392480,-40406340,-11303330,0,115754850,4865000,76374945,0,196994795,59652700,9257480,116781285,11303330,196994795
2021-06-25,4890,4895,4860,4880,41804,-0.2044989775051125,-408,2000,-545,-1047,0,24449,2000,15355,0,41804,24857,0,15900,1047,41804,-2085465,9755000,-2575475,-5094060,0,119050335,9755000,74844425,0,203649760,121135800,0,77419900,5094060,203649760
2021-06-28,4880,4905,4860,4905,63576,0.5122950819672131,8573,0,-11694,3121,0,31370,0,27194,5012,63576,22797,0,38888,1891,63576,42015795,0,-57257050,15241255,0,153498050,0,134383000,24476210,312357260,111482255,0,191640050,9234955,312357260
2021-06-29,4985,5410,4880,4920,696013,0.3058103975535168,-30306,3110,38781,-11585,0,72330,4110,608794,10779,696013,102636,1000,570013,22364,696013,-163913965,15261900,208441335,-59789270,0,361896400,20191900,3104426410,53607730,3540122440,525810365,4930000,2895985075,113397000,3540122440
2021-06-30,4920,4940,4875,4910,67385,-0.20325203252032523,9378,0,-15638,6260,0,18813,0,42312,6260,67385,9435,0,57950,0,67385,45912705,0,-76560060,30647355,0,92200380,0,207496380,30647355,330344115,46287675,0,284056440,0,330344115
2021-07-01,4915,4920,4880,4915,73224,0.10183299389002036,13892,0,-18945,5053,0,33825,0,34345,5054,73224,19933,0,53290,1,73224,68043790,0,-92823495,24779705,0,165875825,0,168292770,24784615,358953210,97832035,0,261116265,4910,358953210
2021-07-02,4910,4955,4875,4950,65794,0.7121057985757884,13984,-6200,-9212,1428,0,39001,0,25362,1431,65794,25017,6200,34574,3,65794,68753235,-30471645,-45296725,7015135,0,191829015,0,124799040,7029760,323657815,123075780,30471645,170095765,14625,323657815
2021-07-05,4985,4985,4895,4945,69771,-0.10101010101010101,21414,-7000,-19742,5328,0,32671,0,28816,8284,69771,11257,7000,48558,2956,69771,105865530,-34657055,-97236865,26028390,0,161535190,0,142313825,40619545,344468560,55669660,34657055,239550690,14591155,344468560
2021-07-06,4950,4995,4945,4985,54582,0.8088978766430739,10588,-263,-11570,1245,0,32568,1355,18928,1731,54582,21980,1618,30498,486,54582,52553740,-1301795,-57411680,6159735,0,161959140,6731575,94231905,8582460,271505080,109405400,8033370,151643585,2422725,271505080
2021-07-07,5000,5000,4955,4980,43378,-0.10030090270812438,7732,50,41,-7823,0,9962,50,33365,1,43378,2230,0,33324,7824,43378,38480195,249250,142260,-38871705,0,49565375,249250,165912630,4975,215732230,11085180,0,165770370,38876680,215732230
2021-07-08,4985,4985,4905,4940,43374,-0.8032128514056224,319,0,93,-412,0,9829,0,33291,254,43374,9510,0,33198,666,43374,1585155,0,464410,-2049565,0,48567620,0,164493190,1247140,214307950,46982465,0,164028780,3296705,214307950
2021-07-09,4900,4945,4825,4865,97674,-1.5182186234817814,9245,-300,-7208,-1737,0,36475,300,55186,5713,97674,27230,600,62394,7450,97674,45009845,-1437500,-34982235,-8590110,0,176975635,1460500,267969665,27769405,474175205,131965790,2898000,302951900,36359515,474175205
2021-07-12,4965,4965,4895,4920,50138,1.1305241521068858,17001,5100,-22914,813,0,22977,10000,15161,2000,50138,5976,4900,38075,1187,50138,83424500,24925000,-112285930,3936430,0,112769935,49000000,74795865,9810000,246375800,29345435,24075000,187081795,5873570,246375800
2021-07-13,4955,4955,4920,4935,59353,0.3048780487804878,16545,-3400,-14483,1338,0,35598,1100,20527,2128,59353,19053,4500,35010,790,59353,81529025,-16766500,-71368520,6605995,0,175570465,5433500,101277520,10508595,292790080,94041440,22200000,172646040,3902600,292790080
2021-07-14,4960,4960,4905,4945,18322,0.2026342451874367,9232,50,-9242,-40,0,11135,50,7137,0,18322,1903,0,16379,40,18322,45576160,245500,-45623860,-197800,0,54965595,245500,35185330,0,90396425,9389435,0,80809190,197800,90396425
2021-07-15,4965,4965,4920,4960,46476,0.3033367037411527,27536,-4000,-23761,225,0,36224,0,9816,436,46476,8688,4000,33577,211,46476,136306000,-19802030,-117615535,1111565,0,179304480,0,48588670,2154960,230048110,42998480,19802030,166204205,1043395,230048110
2021-07-16,4945,4950,4925,4950,21986,-0.20161290322580644,10318,100,-10418,0,0,14979,100,6907,0,21986,4661,0,17325,0,21986,51015920,494500,-51510420,0,0,74087770,494500,34133815,0,108716085,23071850,0,85644235,0,108716085
2021-07-19,4950,4990,4900,4945,60839,-0.10101010101010101,33213,2000,-32320,-2893,0,37664,2000,20639,536,60839,4451,0,52959,3429,60839,163846620,9850000,-159422480,-14274140,0,185834570,9850000,101650130,2638045,299972745,21987950,0,261072610,16912185,299972745
2021-07-20,4935,4940,4895,4940,36408,-0.10111223458038424,22308,-892,-22630,1214,0,25260,0,9861,1287,36408,2952,892,32491,73,36408,109904590,-4393100,-111504780,5993290,0,124462310,0,48476405,6351345,179290060,14557720,4393100,159981185,358055,179290060
2021-07-21,4950,4950,4915,4945,73886,0.10121457489878542,30267,6929,-41659,4463,0,36334,7636,24859,5057,73886,6067,707,66518,594,73886,149379440,34088005,-205539030,22071585,0,179328165,37584120,122657355,25005945,364575585,29948725,3496115,328196385,2934360,364575585
2021-07-22,4840,4955,4840,4950,70927,0.10111223458038424,21149,0,-23338,2189,0,37767,0,30310,2850,70927,16618,0,53648,661,70927,104500820,0,-115300560,10799740,0,186614165,0,148921060,14069355,349604580,82113345,0,264221620,3269615,349604580
2021-07-23,4950,4950,4910,4950,35776,0.0,10023,4000,-13418,-605,0,21165,4000,10610,1,35776,11142,0,24028,606,35776,49514740,19680000,-66207410,-2987330,0,104521770,19680000,52344365,4930,176551065,55007030,0,118551775,2992260,176551065
2021-07-26,4950,4955,4920,4930,47539,-0.40404040404040403,15293,0,-10386,-4907,0,30610,0,16928,1,47539,15317,0,27314,4908,47539,75355940,0,-51188990,-24166950,0,150808700,0,83500765,4950,234314415,75452760,0,134689755,24171900,234314415
2021-07-27,4935,4935,4910,4915,65327,-0.3042596348884381,7481,0,-7575,94,0,27918,0,35079,2330,65327,20437,0,42654,2236,65327,36894985,0,-37372385,477400,0,137466250,0,172664475,11487890,321618615,100571265,0,210036860,11010490,321618615
2021-07-28,4920,4930,4900,4930,27410,0.3051881993896236,9404,0,-10121,717,0,18144,0,8300,966,27410,8740,0,18421,249,27410,46284800,0,-49802780,3517980,0,89213655,0,40782385,4743060,134739100,42928855,0,90585165,1225080,134739100
2021-07-29,4910,4950,4905,4940,31189,0.2028397565922921,8537,0,-8828,291,0,19467,0,11413,309,31189,10930,0,20241,18,31189,42270775,0,-43707655,1436880,0,96059840,0,56239795,1525440,153825075,53789065,0,99947450,88560,153825075
2021-07-30,4940,4940,4910,4920,49052,-0.4048582995951417,29491,0,-29607,116,0,38043,0,8326,2683,49052,8552,0,37933,2567,49052,145221925,0,-145814730,592805,0,187321830,0,40985690,13213650,241521170,42099905,0,186800420,12620845,241521170
2021-08-02,4900,4940,4900,4940,58096,0.40650406504065045,28604,342,-30475,1529,0,37121,342,18418,2215,58096,8517,0,48893,686,58096,141036255,1687770,-150276335,7552310,0,183004975,1687770,90725880,10925610,286344235,41968720,0,241002215,3373300,286344235
2021-08-03,4950,4955,4905,4930,25957,-0.20242914979757085,-467,0,5244,-4777,0,5034,0,20061,862,25957,5501,0,14817,5639,25957,-2214640,0,25713395,-23498755,0,24787120,0,98549550,4232420,127569090,27001760,0,72836155,27731175,127569090
2021-08-04,4940,4945,4905,4930,73139,0.0,-10501,156,7567,2778,0,13643,156,56396,2944,73139,24144,0,48829,166,73139,-51778150,769860,37296490,13711800,0,67047195,769860,277444135,14530180,359791370,118825345,0,240147645,818380,359791370
2021-08-05,4930,4935,4905,4925,34146,-0.10141987829614604,11455,-2485,-10362,1392,0,14053,0,18701,1392,34146,2598,2485,29063,0,34146,56451340,-12238625,-51070275,6857560,0,69246485,0,92115805,6857560,168219850,12795145,12238625,143186080,0,168219850
2021-08-06,4930,4940,4915,4920,47840,-0.10152284263959391,7014,1751,-4911,-3854,0,14197,1758,30523,1362,47840,7183,7,35434,5216,47840,34542290,8623675,-24226055,-18939910,0,69918950,8658150,150313730,6714660,235605490,35376660,34475,174539785,25654570,235605490
2021-08-09,4920,4940,4905,4930,44531,0.20325203252032523,23573,-378,-25348,2153,0,25908,0,14726,3897,44531,2335,378,40074,1744,44531,116120255,-1855980,-124874080,10609805,0,127630555,0,72541165,19199005,219370725,11510300,1855980,197415245,8589200,219370725
2021-08-10,4945,4945,4925,4940,36262,0.2028397565922921,17232,0,-16975,-257,0,18227,0,16662,1373,36262,995,0,33637,1630,36262,85075385,0,-83821460,-1253925,0,89985720,0,82209030,6782620,178977370,4910335,0,166030490,8036545,178977370
2021-08-11,4940,4940,4915,4925,22136,-0.30364372469635625,2513,0,-4505,1992,0,11849,0,7756,2531,22136,9336,0,12261,539,22136,12417375,0,-22231605,9814230,0,58423615,0,38209990,12471560,109105165,46006240,0,60441595,2657330,109105165
2021-08-12,4925,4940,4910,4930,23436,0.10152284263959391,2732,0,-2358,-374,0,8645,0,14791,0,23436,5913,0,17149,374,23436,13491130,0,-11649170,-1841960,0,42620435,0,72915825,0,115536260,29129305,0,84564995,1841960,115536260
2021-08-13,4930,4930,4900,4920,80600,-0.2028397565922921,13973,-10912,-2669,-392,0,25854,0,51670,3076,80600,11881,10912,54339,3468,80600,68669150,-53532055,-13211820,-1925275,0,126926480,0,253492630,15108440,395527550,58257330,53532055,266704450,17033715,395527550
2021-08-17,4920,4930,4900,4920,51921,0.0,14358,499,-17327,2470,0,15887,499,30760,4775,51921,1529,0,48087,2305,51921,70631430,2454930,-85272185,12185825,0,78151620,2454930,151268485,23523670,255398705,7520190,0,236540670,11337845,255398705
2021-08-18,4925,4925,4895,4910,33134,-0.20325203252032523,13986,1000,-12742,-2244,0,14102,1000,18032,0,33134,116,0,30774,2244,33134,68754875,4915000,-62640280,-11029595,0,69324580,4915000,88510310,0,162749890,569705,0,151150590,11029595,162749890
2021-08-19,4925,4925,4880,4900,38362,-0.20366598778004072,1258,486,833,-2577,0,16574,500,19992,1296,38362,15316,14,19159,3873,38362,6221050,2381470,4034465,-12636985,0,81340220,2450000,98029570,6369840,188189630,75119170,68530,93995105,19006825,188189630
2021-08-20,4900,4905,4845,4860,53862,-0.8163265306122449,-1000,0,-451,1451,0,14176,0,35652,4034,53862,15176,0,36103,2583,53862,-4629810,0,-2367710,6997520,0,69045605,0,173410845,19617240,262073690,73675415,0,175778555,12619720,262073690
2021-08-23,4870,4870,4845,4850,22519,-0.205761316872428,898,0,3376,-4274,0,6246,0,16012,261,22519,5348,0,12636,4535,22519,4366255,0,16371365,-20737620,0,30309360,0,77698475,1265850,109273685,25943105,0,61327110,22003470,109273685
2021-08-24,4930,4930,4835,4865,26854,0.30927835051546393,1211,0,-4764,3553,0,13351,0,9796,3707,26854,12140,0,14560,154,26854,5868665,0,-23142980,17274315,0,64884095,0,47674670,18033535,130592300,59015430,0,70817650,759220,130592300
2021-08-25,4875,4990,4850,4980,169344,2.36382322713258,-7247,0,10777,-3530,0,9547,0,158447,1350,169344,16794,0,147670,4880,169344,-35603165,0,53000395,-17397230,0,46443940,0,784179885,6554265,837178090,82047105,0,731179490,23951495,837178090
2021-08-26,5000,5030,4850,4855,688909,-2.5100401606425704,58867,0,-67273,8406,0,96763,0,560463,31683,688909,37896,0,627736,23277,688909,282684485,0,-323387810,40703325,0,471946225,0,2754939130,155262520,3382147875,189261740,0,3078326940,114559195,3382147875
2021-08-27,4855,4890,4760,4835,126137,-0.4119464469618949,11215,1012,-16875,4648,0,33240,1012,84146,7739,126137,22025,0,101021,3091,126137,53768295,4892610,-81260845,22599940,0,160552780,4892610,407032030,37571435,610048855,106784485,0,488292875,14971495,610048855
2021-08-30,4830,4850,4795,4830,55022,-0.1034126163391934,-3463,1262,7069,-4868,0,10731,1262,42758,271,55022,14194,0,35689,5139,55022,-16551680,6100460,33972260,-23521040,0,51777085,6100460,206217060,1311590,265406195,68328765,0,172244800,24832630,265406195
2021-08-31,4840,4950,4800,4950,72183,2.484472049689441,-296,1990,-584,-1110,0,23566,1990,44913,1714,72183,23862,0,45497,2824,72183,-2042475,9605160,-1921805,-5640880,0,113438710,9605160,218918170,8251210,350213250,115481185,0,220839975,13892090,350213250
2021-09-01,4850,4925,4800,4825,904512,-2.525252525252525,51120,13230,-118848,54498,0,90662,13230,708056,92564,904512,39542,0,826904,38066,904512,245637090,63819600,-572020455,262563765,0,436775415,63819600,3415103485,446004875,4361703375,191138325,0,3987123940,183441110,4361703375
2021-09-02,4835,4835,4800,4800,90460,-0.5181347150259068,10890,1100,9453,-21443,0,18367,1100,69362,1631,90460,7477,0,59909,23074,90460,52316885,5285000,45450210,-103052095,0,88267555,5285000,333466090,7859755,434878400,35950670,0,288015880,110911850,434878400
2021-09-03,4810,4820,4795,4805,68945,0.10416666666666667,12084,2100,-3106,-11078,0,15158,2100,50602,1085,68945,3074,0,53708,12163,68945,58054435,10091000,-14928945,-53216490,0,72813545,10091000,242989445,5208000,331101990,14759110,0,257918390,58424490,331101990
2021-09-06,4805,4815,4795,4800,45127,-0.10405827263267431,-695,0,13785,-13090,0,4535,0,39993,599,45127,5230,0,26208,13689,45127,-3348840,0,66199415,-62850575,0,21798360,0,192174640,2881190,216854190,25147200,0,125975225,65731765,216854190
2021-09-07,4810,4825,4800,4820,79790,0.4166666666666667,19228,2275,-21073,-430,0,38668,2275,35674,3173,79790,19440,0,56747,3603,79790,92585385,10952355,-101477755,-2059985,0,186216935,10952355,171604410,15285350,384059050,93631550,0,273082165,17345335,384059050
2021-09-08,4820,4825,4800,4815,40165,-0.1037344398340249,4971,100,-1157,-3914,0,10891,100,29173,1,40165,5920,0,30330,3915,40165,23896900,481000,-5560700,-18817200,0,52318655,481000,140249285,4805,193053745,28421755,0,145809985,18822005,193053745
2021-09-09,4800,4815,4795,4810,36266,-0.10384215991692627,5122,4200,-3720,-5602,0,9801,4200,20856,1409,36266,4679,0,24576,7011,36266,24663200,20162000,-17922170,-26903030,0,47143850,20162000,100227125,6769655,174302630,22480650,0,118149295,33672685,174302630
2021-09-10,4815,4815,4795,4810,40246,0.0,5988,4308,-6704,-3592,0,7065,4364,26703,2114,40246,1077,56,33407,5706,40246,28795800,20706365,-32272110,-17230055,0,33971025,20976005,128241500,10168335,193356865,5175225,269640,160513610,27398390,193356865
2021-09-13,4805,4820,4800,4815,35796,0.10395010395010396,537,0,-5215,4678,0,5652,0,24952,5192,35796,5115,0,30167,514,35796,2580860,0,-25118210,22537350,0,27200830,0,120052985,25007120,172260935,24619970,0,145171195,2469770,172260935
2021-09-14,4815,4860,4810,4845,47849,0.6230529595015576,-10646,0,10112,534,0,1567,0,45748,534,47849,12213,0,35636,0,47849,-51566405,0,48984835,2581570,0,7577465,0,221325165,2581570,231484200,59143870,0,172340330,0,231484200
2021-09-15,4840,4850,4820,4840,57408,-0.10319917440660474,-22375,-6192,30600,-2033,0,7326,0,48035,2047,57408,29701,6192,17435,4080,57408,-108001525,-29938320,147756900,-9817055,0,35408925,0,231964050,9876775,277249750,143410450,29938320,84207150,19693830,277249750
2021-09-16,4860,4860,4820,4840,20205,0.0,176,4424,-4598,-2,0,536,4424,14638,607,20205,360,0,19236,609,20205,849760,21412160,-22255250,-6670,0,2588860,21412160,70783870,2937845,97722735,1739100,0,93039120,2944515,97722735
2021-09-17,4840,4840,4815,4830,16545,-0.2066115702479339,873,2350,-4223,1000,0,1274,2350,11921,1000,16545,401,0,16144,0,16545,4210025,11353640,-20398665,4835000,0,6148850,11353640,57551280,4835000,79888770,1938825,0,77949945,0,79888770
2021-09-23,4830,4830,4780,4810,55824,-0.4140786749482402,7579,0,-6523,-1056,0,11904,0,42563,1357,55824,4325,0,49086,2413,55824,36486270,0,-31421060,-5065210,0,57273645,0,204551770,6526460,268351875,20787375,0,235972830,11591670,268351875
2021-09-24,4820,4830,4810,4820,27869,0.2079002079002079,-7027,0,7018,9,0,2612,0,25247,10,27869,9639,0,18229,1,27869,-33883955,0,33840550,43405,0,12587985,0,121698825,48225,134335035,46471940,0,87858275,4820,134335035
2021-09-27,4810,4830,4805,4820,43816,0.0,-30803,0,31031,-228,0,932,0,42878,6,43816,31735,0,11847,234,43816,-148152470,0,149248055,-1095585,0,4485730,0,206339855,28915,210854500,152638200,0,57091800,1124500,210854500
2021-09-28,4820,4840,4805,4840,55925,0.4149377593360996,25803,-427,-27392,2016,0,36504,0,16628,2793,55925,10701,427,44020,777,55925,124588040,-2066680,-132287665,9766305,0,176299430,0,80084110,13506425,269889965,51711390,2066680,212371775,3740120,269889965
2021-09-29,4835,4840,4810,4820,35006,-0.4132231404958678,4020,0,-8151,4131,0,4654,0,25819,4533,35006,634,0,33970,402,35006,19349235,0,-39277425,19928190,0,22402860,0,124489825,21865840,168758525,3053625,0,163767250,1937650,168758525
2021-09-30,4820,4845,4810,4840,39977,0.4149377593360996,18804,0,-15073,-3731,0,28910,0,11059,8,39977,10106,0,26132,3739,39977,90827765,0,-72802140,-18025625,0,139715535,0,53411240,38690,193165465,48887770,0,126213380,18064315,193165465
2021-10-01,4840,4850,4825,4830,45741,-0.2066115702479339,18740,886,-19916,290,0,19840,2000,22463,1438,45741,1100,1114,42379,1148,45741,90628160,4260615,-96297125,1408350,0,95940660,9650000,108525505,6947980,221064145,5312500,5389385,204822630,5539630,221064145
2021-10-05,4830,4845,4820,4830,43065,0.0,-6249,-1500,8917,-1168,0,4598,1000,33706,3761,43065,10847,2500,24789,4929,43065,-30184235,-7255000,43036560,-5597325,0,22214920,4820000,162751885,18189090,207975895,52399155,12075000,119715325,23786415,207975895
2021-10-06,4830,4845,4805,4815,57292,-0.3105590062111801,5137,1000,-14909,8772,0,15488,1000,30723,10081,57292,10351,0,45632,1309,57292,24954895,4815000,-72106915,42337020,0,74860310,4815000,148115690,48649210,276440210,49905415,0,220222605,6312190,276440210
2021-10-07,4835,4840,4820,4825,34700,0.20768431983385255,7663,1000,-9929,1266,0,11964,1000,20470,1266,34700,4301,0,30399,0,34700,36967340,4820000,-47901735,6114395,0,57747175,4820000,98836475,6114395,167518045,20779835,0,146738210,0,167518045
2021-10-08,4825,4840,4820,4840,7463,0.31088082901554404,540,0,-307,-233,0,2072,0,5169,222,7463,1532,0,5476,455,7463,2610245,0,-1481545,-1128700,0,10017565,0,24989175,1071600,36078340,7407320,0,26470720,2200300,36078340
2021-10-12,4840,4850,4830,4835,29975,-0.10330578512396695,4478,0,-5740,1262,0,4478,0,23372,2125,29975,0,0,29112,863,29975,21639430,0,-27763330,6123900,0,21639430,0,112997720,10293960,144931110,0,0,140761050,4170060,144931110
2021-10-13,4835,4840,4820,4835,45964,0.0,10138,-5422,-2855,-1861,0,10838,22526,10616,1984,45964,700,27948,13471,3845,45964,48993550,-26194960,-13825425,-8973165,0,52374575,108879875,51286575,9592640,222133665,3381025,135074835,65112000,18565805,222133665
2021-10-14,4835,4850,4830,4850,27228,0.3102378490175801,19851,-6693,-9480,-3678,0,20877,0,5901,450,27228,1026,6693,15381,4128,27228,96110585,-32360995,-45960340,-17789250,0,101083845,0,28565000,2180250,131829095,4973260,32360995,74525340,19969500,131829095
2021-10-15,4850,4865,4830,4860,30042,0.2061855670103093,5538,0,-1750,-3788,0,14337,0,15705,0,30042,8799,0,17455,3788,30042,26898750,0,-8512965,-18385785,0,69646200,0,76291850,0,145938050,42747450,0,84804815,18385785,145938050
2021-10-18,4860,4865,4850,4855,19285,-0.102880658436214,-2680,-2000,4950,-270,0,507,0,15810,2968,19285,3187,2000,10860,3238,19285,-13017905,-9720000,24046710,-1308805,0,2463080,0,76775285,14424480,93662845,15480985,9720000,52728575,15733285,93662845
2021-10-19,4855,4890,4855,4880,49141,0.5149330587023687,8292,3389,-16110,4429,0,19740,3389,20760,5252,49141,11448,0,36870,823,49141,40323720,16478320,-78375120,21573080,0,95994220,16478320,101083370,25570190,239126100,55670500,0,179458490,3997110,239126100
2021-10-20,4885,4930,4885,4890,62162,0.20491803278688525,23017,0,-18352,-4665,0,27436,0,32874,1852,62162,4419,0,51226,6517,62162,112811920,0,-89975630,-22836290,0,134483935,0,160991970,9077125,304553030,21672015,0,250967600,31913415,304553030
2021-10-21,4940,4940,4890,4915,26493,0.5112474437627812,7562,0,-4159,-3403,0,11284,0,14542,667,26493,3722,0,18701,4070,26493,37236410,0,-20505930,-16730480,0,55503935,0,71423355,3283445,130210735,18267525,0,91929285,20013925,130210735
2021-10-22,4940,4940,4905,4920,17065,0.10172939979654119,1014,0,398,-1412,0,5808,0,11257,0,17065,4794,0,10859,1412,17065,5004755,0,1938165,-6942920,0,28541750,0,55327255,0,83869005,23536995,0,53389090,6942920,83869005
2021-10-25,4920,4935,4910,4930,21207,0.20325203252032523,4225,0,-699,-3526,0,7285,0,13920,2,21207,3060,0,14619,3528,21207,20795625,0,-3440145,-17355480,0,35870805,0,68602430,9850,104483085,15075180,0,72042575,17365330,104483085
2021-10-26,4940,4955,4940,4950,37681,0.4056795131845842,774,1000,-3243,1469,0,6454,1000,28500,1727,37681,5680,0,31743,258,37681,3822320,4945000,-16040160,7272840,0,31916430,4945000,141034380,8548650,186444460,28094110,0,157074540,1275810,186444460
2021-10-27,4950,4960,4935,4950,54393,0.0,-8903,26300,-10229,-7168,0,9466,27000,17905,22,54393,18369,700,28134,7190,54393,-44091150,130195100,-50622460,-35481490,0,46810575,133650000,88524545,109000,269094120,90901725,3454900,139147005,35590490,269094120
2021-10-28,4950,4955,4935,4955,49143,0.10101010101010101,35349,-7836,-27989,476,0,37721,100,10270,1052,49143,2372,7936,38259,576,49143,174927640,-38788700,-138497730,2358790,0,186661030,494500,50783020,5207400,243145950,11733390,39283200,189280750,2848610,243145950
2021-10-29,4955,4960,4925,4940,32274,-0.30272452068617556,11222,5039,-15157,-1104,0,13234,5039,13169,832,32274,2012,0,28326,1936,32274,55470610,24935000,-74948905,-5456705,0,65409950,24935000,65099210,4121515,159565675,9939340,0,140048115,9578220,159565675
2021-11-01,4950,4950,4930,4940,28095,0.0,-185,200,475,-490,0,15058,300,12737,0,28095,15243,100,12262,490,28095,-916310,986500,2352860,-2423050,0,74372715,1480500,62943620,0,138796835,75289025,494000,60590760,2423050,138796835
2021-11-02,4940,4940,4910,4910,28461,-0.6072874493927125,3732,0,-4019,287,0,7075,0,20776,610,28461,3343,0,24795,323,28461,18378085,0,-19796415,1418330,0,34838480,0,102244000,3007490,140089970,16460395,0,122040415,1589160,140089970
2021-11-03,4935,4935,4890,4900,35368,-0.20366598778004072,1820,-935,-749,-136,0,8891,0,26176,301,35368,7071,935,26925,437,35368,8946230,-4572850,-3699610,-673770,0,43587735,0,128224450,1471900,173284085,34641505,4572850,131924060,2145670,173284085
2021-11-04,4900,4920,4880,4880,22049,-0.40816326530612246,-3699,33,2501,1165,0,2943,33,17908,1165,22049,6642,0,15407,0,22049,-18118440,161730,12240220,5716490,0,14413210,161730,87663115,5716490,107954545,32531650,0,75422895,0,107954545
2021-11-05,4870,4895,4865,4890,62544,0.20491803278688525,1738,1,-3939,2200,0,18484,1,41811,2248,62544,16746,0,45750,48,62544,8513465,4870,-19242340,10724005,0,90121510,4870,203938125,10958725,305023230,81608045,0,223180465,234720,305023230
2021-11-08,4910,4910,4880,4880,33930,-0.2044989775051125,417,3060,-3477,0,0,4509,3061,26360,0,33930,4092,1,29837,0,33930,2060360,14958900,-17019260,0,0,22074110,14963790,128874910,0,165912810,20013750,4890,145894170,0,165912810
2021-11-09,4930,4930,4880,4905,20673,0.5122950819672131,-1886,1,1905,-20,0,4561,1,15657,454,20673,6447,0,13752,474,20673,-9143190,4885,9236305,-98000,0,22346590,4885,76549245,2220620,101121340,31489780,0,67312940,2318620,101121340
2021-11-10,4880,4910,4880,4905,13961,0.0,6835,-997,-4172,-1666,0,7245,3,6713,0,13961,410,1000,10885,1666,13961,33519570,-4883985,-20503225,-8132360,0,35530755,14705,32867980,0,68413440,2011185,4898690,53371205,8132360,68413440
2021-11-11,4920,4920,4895,4910,22895,0.10193679918450561,2284,2000,-2777,-1507,0,9518,2000,11352,25,22895,7234,0,14129,1532,22895,11200620,9810000,-13627615,-7383005,0,46616550,9810000,55615160,122385,112164095,35415930,0,69242775,7505390,112164095
2021-11-12,4920,4920,4900,4905,20597,-0.10183299389002036,1037,-40,-970,-27,0,2688,25,17884,0,20597,1651,65,18854,27,20597,5094410,-196000,-4765780,-132630,0,13198405,122850,87801080,0,101122335,8103995,318850,92566860,132630,101122335
2021-11-15,4925,4925,4905,4915,14718,0.20387359836901123,-3688,0,3055,633,0,1355,0,12717,646,14718,5043,0,9662,13,14718,-18104765,0,14993470,3111295,0,6656180,0,62447250,3175065,72278495,24760945,0,47453780,63770,72278495
2021-11-16,4925,4925,4900,4910,25835,-0.10172939979654119,7343,50,-5872,-1521,0,7534,50,18237,14,25835,191,0,24109,1535,25835,36037390,245500,-28813505,-7469385,0,36974495,245500,89476950,68670,126765615,937105,0,118290455,7538055,126765615
2021-11-17,4925,4935,4900,4910,60149,0.0,321,33767,-36015,1927,0,2933,33767,19182,4267,60149,2612,0,55197,2340,60149,1566430,166127235,-177274945,9581280,0,14398090,166127235,94168775,21050330,295744430,12831660,0,271443720,11469050,295744430
2021-11-18,4920,4920,4895,4905,30436,-0.10183299389002036,5196,-3226,-2835,865,0,6920,0,20471,3045,30436,1724,3226,23306,2180,30436,25511310,-15807900,-13966665,4263255,0,33962210,0,100411025,14956185,149329420,8450900,15807900,114377690,10692930,149329420
2021-11-19,4920,4920,4900,4910,40887,0.10193679918450561,8072,0,-10624,2552,0,23972,0,14014,2901,40887,15900,0,24638,349,40887,39639795,0,-52172080,12532285,0,117790795,0,68826510,14244130,200861435,78151000,0,120998590,1711845,200861435
2021-11-22,4935,4935,4910,4910,34752,0.0,6820,0,-3833,-2987,0,6824,0,27420,508,34752,4,0,31253,3495,34752,33515740,0,-18850955,-14664785,0,33535400,0,134706455,2496820,170738675,19660,0,153557410,17161605,170738675
2021-11-23,4910,4920,4900,4905,61765,-0.10183299389002036,8371,-2500,-9260,3389,0,11688,0,44166,5911,61765,3317,2500,53426,2522,61765,41055595,-12262500,-45471815,16678720,0,57334145,0,216751500,29037440,303123085,16278550,12262500,262223315,12358720,303123085
2021-11-24,4925,4925,4905,4905,32004,0.0,-20,-2137,3018,-861,0,3729,0,28275,0,32004,3749,2137,25257,861,32004,-85445,-10498355,14807005,-4223205,0,18321005,0,138901140,0,157222145,18406450,10498355,124094135,4223205,157222145
2021-11-25,4905,4915,4895,4915,26441,0.20387359836901123,3455,-11,-428,-3016,0,6683,0,18323,1435,26441,3228,11,18751,4451,26441,16978520,-54065,-2153275,-14771180,0,32802560,0,89866695,7049020,129718275,15824040,54065,92019970,21820200,129718275
2021-11-26,4915,4930,4900,4925,84432,0.20345879959308238,-3813,-787,-895,5495,0,222,6104,70529,7577,84432,4035,6891,71424,2082,84432,-18733805,-3718380,-4582495,27034680,0,1090415,30066010,346699120,37257300,415112845,19824220,33784390,351281615,10222620,415112845
2021-11-29,4810,4870,4790,4830,114553,-1.9289340101522845,5652,-22850,-16195,33393,0,37184,254,39565,37550,114553,31532,23104,55760,4157,114553,27290255,-110504665,-78387185,161601595,0,180198980,1234675,191590395,181723020,554747070,152908725,111739340,269977580,20121425,554747070
2021-11-30,4830,4835,4780,4805,80378,-0.5175983436853002,17080,8,4031,-21119,0,40003,8,40365,2,80378,22923,0,36334,21121,80378,82395070,38570,19014895,-101448535,0,192653955,38570,193889395,9600,386591520,110258885,0,174874500,101458135,386591520
2021-12-01,4780,4810,4750,4800,51698,-0.10405827263267431,24527,999,-25460,-66,0,28043,1000,20626,2029,51698,3516,1,46086,2095,51698,117661135,4775205,-122122090,-314250,0,134546530,4780000,98885825,9700095,247912450,16885395,4795,221007915,10014345,247912450
2021-12-02,4800,4810,4750,4805,25425,0.10416666666666667,6170,0,-5996,-174,0,11078,2,14095,250,25425,4908,2,20091,424,25425,29622050,5,-28783445,-838610,0,53193740,9605,67580405,1194470,121978220,23571690,9600,96363850,2033080,121978220
2021-12-03,4810,4815,4750,4810,37085,0.10405827263267431,16758,-3266,-13972,480,0,17378,0,18807,900,37085,620,3266,32779,420,37085,80641215,-15690155,-67270660,2319600,0,83625915,0,90313170,4333500,178272585,2984700,15690155,157583830,2013900,178272585
2021-12-06,4815,4815,4790,4815,17947,0.10395010395010396,6977,-3000,-3868,-109,0,7039,0,10663,245,17947,62,3000,14531,354,17947,33565055,-14415000,-18631260,-518795,0,33862375,0,51171305,1179035,86212715,297320,14415000,69802565,1697830,86212715
2021-12-07,4815,4820,4775,4785,29808,-0.6230529595015576,2530,-210,4017,-6337,0,7797,0,22011,0,29808,5267,210,17994,6337,29808,12196585,-1010100,19298850,-30485335,0,37429430,0,105492280,0,142921710,25232845,1010100,86193430,30485335,142921710
2021-12-08,4800,4830,4785,4815,14579,0.6269592476489028,8734,-2000,-6709,-25,0,9051,0,5498,30,14579,317,2000,12207,55,14579,41939735,-9600865,-32218045,-120825,0,43463455,0,26407195,144000,70014650,1523720,9600865,58625240,264825,70014650
2021-12-09,4835,4835,4780,4800,34910,-0.3115264797507788,11175,2739,-12149,-1765,0,11741,11000,12169,0,34910,566,8261,24318,1765,34910,53757210,13350990,-58643585,-8464615,0,56479410,52965000,58373130,0,167817540,2722200,39614010,117016715,8464615,167817540
2021-12-10,4800,4805,4780,4800,13678,0.0,8669,-9363,703,-9,0,8769,0,4909,0,13678,100,9363,4206,9,13678,41572055,-44855985,3326965,-43035,0,42051150,0,23516250,0,65567400,479095,44855985,20189285,43035,65567400
2021-12-13,4820,4820,4790,4795,28660,-0.10416666666666667,9642,-3402,-3000,-3240,0,11012,0,17648,0,28660,1370,3402,20648,3240,28660,46234700,-16312590,-14354865,-15567245,0,52810710,0,84700065,0,137510775,6576010,16312590,99054930,15567245,137510775
2021-12-14,4800,4800,4790,4800,20999,0.10427528675703858,18601,-2599,-15722,-280,0,19144,0,1855,0,20999,543,2599,17577,280,20999,89205650,-12462205,-75402245,-1341200,0,91811955,0,8890265,0,100702220,2606305,12462205,84292510,1341200,100702220
2021-12-15,4810,4810,4790,4795,8207,-0.10416666666666667,2808,0,-1892,-916,0,4304,0,3903,0,8207,1496,0,5795,916,8207,13457435,0,-9065215,-4392220,0,20634835,0,18725560,0,39360395,7177400,0,27790775,4392220,39360395
2021-12-16,4800,4800,4775,4795,22700,0.0,5475,1,-2541,-2935,0,9564,1,13132,3,22700,4089,0,15673,2938,22700,26207410,4795,-12164930,-14047275,0,45797545,4795,62844150,14360,108660850,19590135,0,75009080,14061635,108660850
2021-12-17,4795,4795,4780,4790,19830,-0.10427528675703858,1854,1000,-2853,-1,0,12510,1000,6320,0,19830,10656,0,9173,1,19830,8882770,4785000,-13662980,-4790,0,59927385,4785000,30247635,0,94960020,51044615,0,43910615,4790,94960020
2021-12-20,4790,4800,4770,4770,30469,-0.41753653444676403,2108,0,-3594,1486,0,2292,0,26690,1487,30469,184,0,30284,1,30469,10099565,0,-17202635,7103070,0,10978165,0,127685250,7107860,145771275,878600,0,144887885,4790,145771275
2021-12-21,4770,4790,4765,4790,15916,0.41928721174004197,6354,894,-7073,-175,0,6784,894,6926,1312,15916,430,0,13999,1487,15916,30373445,4264380,-33820970,-816855,0,32428955,4264380,33068950,6268700,76030985,2055510,0,66889920,7085555,76030985
2021-12-22,4790,4805,4770,4780,24230,-0.20876826722338201,-4514,1,6233,-1720,0,2510,1,21719,0,24230,7024,0,15486,1720,24230,-21515615,4805,29729000,-8218190,0,12030045,4805,104021980,0,116056830,33545660,0,74292980,8218190,116056830
2021-12-23,4800,4800,4775,4780,23355,0.0,932,1000,-1280,-652,0,1200,1000,21155,0,23355,268,0,22435,652,23355,4457610,4775000,-6118755,-3113855,0,5738610,4775000,101078950,0,111592560,1281000,0,107197705,3113855,111592560
2021-12-24,4780,4780,4700,4775,32420,-0.10460251046025104,5306,100,-6759,1353,0,6051,100,24916,1353,32420,745,0,31675,0,32420,25285260,477000,-32222820,6460560,0,28842585,477000,118640545,6460560,154420690,3557325,0,150863365,0,154420690
2021-12-27,4775,4800,4765,4770,23116,-0.10471204188481677,2471,-5,-2625,159,0,9738,0,12687,691,23116,7267,5,15312,532,23116,11856080,-23900,-12594080,761900,0,46567375,0,60680040,3299540,110546955,34711295,23900,73274120,2537640,110546955
2021-12-28,4800,4800,4755,4790,62431,0.41928721174004197,-9774,4299,4731,744,0,14627,4314,42745,745,62431,24401,15,38014,1,62431,-46329090,20445145,22338270,3545675,0,69831230,20516715,203686200,3550440,297584585,116160320,71570,181347930,4765,297584585
2021-12-29,4780,4785,4760,4780,23143,-0.20876826722338201,3172,-17,-2601,-554,0,5050,0,17493,600,23143,1878,17,20094,1154,23143,15161500,-81195,-12434710,-2645595,0,24112330,0,83410420,2867995,110390745,8950830,81195,95845130,5513590,110390745
2021-12-30,4775,4785,4760,4780,10182,0.0,2533,1993,-5082,556,0,2617,2000,5009,556,10182,84,7,10091,0,10182,12098345,9506585,-24262120,2657190,0,12499855,9540000,23901235,2657190,48598280,401510,33415,48163355,0,48598280
2022-01-03,4780,4785,4765,4775,29801,-0.10460251046025104,9770,1353,-11960,837,0,9978,2000,15508,2315,29801,208,647,27468,1478,29801,46642400,6450575,-57112050,4019075,0,47635765,9540000,74042690,11076525,142294980,993365,3089425,131154740,7057450,142294980
2022-01-04,4775,4775,4760,4765,25034,-0.20942408376963353,2256,0,-3111,855,0,6041,0,15411,3582,25034,3785,0,18522,2727,25034,10760790,0,-14839760,4078970,0,28805205,0,73419380,17068230,119292815,18044415,0,88259140,12989260,119292815
2022-01-05,4770,4780,4760,4770,17645,0.1049317943336831,2919,315,-2580,-654,0,6466,317,10862,0,17645,3547,2,13442,654,17645,13958005,1499395,-12337820,-3119580,0,30868430,1508920,51783890,0,84161240,16910425,9525,64121710,3119580,84161240
2022-01-06,4770,4770,4735,4755,60957,-0.3144654088050315,-8452,0,4614,3838,0,4557,0,51954,4446,60957,13009,0,47340,608,60957,-40184315,0,21963825,18220490,0,21635450,0,246442080,21113460,289190990,61819765,0,224478255,2892970,289190990
2022-01-07,4760,4765,4740,4755,19653,0.0,1997,-5000,3397,-394,0,3101,0,16552,0,19653,1104,5000,13155,394,19653,9485900,-23732785,16120525,-1873640,0,14739040,0,78643020,0,93382060,5253140,23732785,62522495,1873640,93382060
2022-01-10,4755,4755,4720,4735,41623,-0.4206098843322818,-1974,0,2522,-548,0,1995,2000,37290,338,41623,3969,2000,34768,886,41623,-9338655,20000,11912255,-2593600,0,9443690,9480000,176404215,1597050,196924955,18782345,9460000,164491960,4190650,196924955
2022-01-11,4735,4735,4665,4685,62762,-1.0559662090813093,9224,4000,-11963,-1261,0,16593,4000,42160,9,62762,7369,0,54123,1270,62762,43456420,18770000,-56270955,-5955465,0,78312825,18770000,198084695,42300,295209820,34856405,0,254355650,5997765,295209820
2022-01-12,4700,4720,4640,4705,34687,0.42689434364994666,9793,1,-8843,-951,0,11993,1,22644,49,34687,2200,0,31487,1000,34687,46096140,4715,-41627460,-4473395,0,56444260,4715,105951540,230300,162630815,10348120,0,147579000,4703695,162630815
2022-01-13,4725,4725,4655,4725,18475,0.4250797024442083,-4122,0,2888,1234,0,1564,0,15677,1234,18475,5686,0,12789,0,18475,-19454870,0,13648805,5806065,0,7357280,0,73854935,5806065,87018280,26812150,0,60206130,0,87018280
2022-01-14,4725,4725,4695,4705,5220,-0.4232804232804233,2253,-1858,-1336,941,0,2353,0,1926,941,5220,100,1858,3262,0,5220,10643440,-8779050,-6305070,4440680,0,11115440,0,9085080,4440680,24641200,472000,8779050,15390150,0,24641200
2022-01-17,4705,4710,4690,4695,8288,-0.21253985122210414,3870,30,-3935,35,0,4980,30,3243,35,8288,1110,0,7178,0,8288,18152115,140850,-18457620,164655,0,23358085,140850,15228450,164655,38892040,5205970,0,33686070,0,38892040
2022-01-18,4700,4725,4690,4710,10135,0.3194888178913738,2438,1000,-3831,393,0,4801,1000,3641,693,10135,2363,0,7472,300,10135,11530510,4690000,-18063440,1842930,0,22629790,4690000,17112150,3260180,47692120,11099280,0,35175590,1417250,47692120
2022-01-19,4710,4710,4670,4705,8773,-0.10615711252653928,2246,0,-2037,-209,0,4643,0,3832,298,8773,2397,0,5869,507,8773,10562635,0,-9575370,-987265,0,21838300,0,17964330,1397170,41199800,11275665,0,27539700,2384435,41199800
2022-01-20,4710,4710,4680,4700,18566,-0.10626992561105207,5705,0,-5865,160,0,10750,0,6538,1278,18566,5045,0,12403,1118,18566,26876850,0,-27615260,738410,0,50540405,0,30682030,5993010,87215445,23663555,0,58297290,5254600,87215445
2022-01-21,4735,4735,4680,4695,21879,-0.10638297872340426,8201,1056,-9652,395,0,8984,2198,10098,599,21879,783,1142,19750,204,21879,38460325,4924790,-45238875,1853760,0,42131360,10292190,47327980,2808480,102560010,3671035,5367400,92566855,954720,102560010
2022-01-24,4665,4690,4660,4670,21611,-0.5324813631522897,6824,1000,-7910,86,0,8331,1000,12023,257,21611,1507,0,19933,171,21611,31929095,4675000,-37003045,398950,0,38966810,4675000,56150400,1199275,100991485,7037715,0,93153445,800325,100991485
2022-01-25,4655,4690,4610,4620,33395,-1.070663811563169,630,7510,-5685,-2455,0,10636,8272,14487,0,33395,10006,762,20172,2455,33395,2930825,34662980,-26202820,-11390985,0,49385600,38191070,67094890,0,154671560,46454775,3528090,93297710,11390985,154671560
2022-01-26,4620,4635,4595,4610,13151,-0.21645021645021645,3226,-162,-2753,-311,0,3726,14,9210,201,13151,500,176,11963,512,13151,14866700,-748405,-12681055,-1437240,0,17176700,64665,42461945,924600,60627910,2310000,813070,55143000,2361840,60627910
2022-01-27,4610,4650,4560,4565,42766,-0.9761388286334056,13370,1999,-14821,-548,0,17021,2000,23700,45,42766,3651,1,38521,593,42766,61574310,9145400,-68194240,-2525470,0,78333940,9150000,108849370,207000,196540310,16759630,4600,177043610,2732470,196540310
2022-01-28,4565,4650,4565,4590,21457,0.547645125958379,2145,-1069,-903,-173,0,6433,1,14563,460,21457,4288,1070,15466,633,21457,9754950,-4900330,-4062350,-792270,0,29413590,4570,66685850,2106920,98210930,19658640,4904900,70748200,2899190,98210930
2022-02-03,4605,4680,4605,4640,23452,1.0893246187363834,-800,20,352,428,0,5789,20,17102,541,23452,6589,0,16750,113,23452,-3624085,92900,1541225,1989960,0,26935570,92900,79451670,2514280,108994420,30559655,0,77910445,524320,108994420
2022-02-04,4675,4675,4645,4675,13684,0.7543103448275862,5403,-2,-6454,1053,0,8125,0,4506,1053,13684,2722,2,10960,0,13684,25179690,-9320,-30083165,4912795,0,37886190,0,21024755,4912795,63823740,12706500,9320,51107920,0,63823740
2022-02-07,4695,4705,4670,4675,41609,0.0,10190,1,-12281,2090,0,25171,1,13197,3240,41609,14981,0,25478,1150,41609,47790665,4695,-57541135,9745775,0,117873945,4695,61813940,15147325,194839905,70083280,0,119355075,5401550,194839905
2022-02-08,4695,4745,4690,4740,53401,1.3903743315508021,22942,0,-26879,3937,0,30459,0,18929,4013,53401,7517,0,45808,76,53401,108132825,0,-126683800,18550975,0,143567560,0,89184995,18907900,251660455,35434735,0,215868795,356925,251660455
2022-02-09,4700,4800,4700,4800,53937,1.2658227848101267,8347,-500,-11446,3599,0,16408,0,33912,3617,53937,8061,500,45358,18,53937,39644815,-2400000,-54370365,17125550,0,78098065,0,161631150,17211215,256940430,38453250,2400000,216001515,85665,256940430
2022-02-10,4730,4830,4730,4820,42355,0.4166666666666667,10033,-493,-13286,3746,0,13887,0,23945,4523,42355,3854,493,37231,777,42355,48256840,-2380880,-63865880,17989920,0,66688080,0,115394900,21734065,203817045,18431240,2380880,179260780,3744145,203817045
2022-02-11,4820,4845,4790,4825,45231,0.1037344398340249,27061,-1524,-33604,8067,0,32354,1,3789,9087,45231,5293,1525,37393,1020,45231,130799570,-7376090,-162411905,38988425,0,156390365,4835,18297375,43897280,218589855,25590795,7380925,180709280,4908855,218589855
2022-02-14,4825,4830,4810,4825,42053,0.0,21933,-7499,-17476,3042,0,25547,2,13175,3329,42053,3614,7501,30651,287,42053,105757605,-36182670,-84243100,14668165,0,123192855,9645,63528980,16048660,202780140,17435250,36192315,147772080,1380495,202780140
2022-02-15,4820,4845,4705,4805,43098,-0.41450777202072536,4090,-7140,-1255,4305,0,23569,0,15005,4524,43098,19479,7140,16260,219,43098,19764335,-34526920,-6021825,20784410,0,113752280,0,72429995,21841085,208023360,93987945,34526920,78451820,1056675,208023360
2022-02-16,4805,4825,4805,4820,37372,0.31217481789802287,8128,0,-10922,2794,0,21993,0,11403,3976,37372,13865,0,22325,1182,37372,39137275,0,-52606965,13469690,0,105988390,0,54964395,19166930,180119715,66851115,0,107571360,5697240,180119715
2022-02-17,4820,4840,4810,4830,42436,0.2074688796680498,27348,-1618,-28072,2342,0,35362,0,3284,3790,42436,8014,1618,31356,1448,42436,132111855,-7831120,-135620615,11339880,0,170889365,0,15870565,18327905,205087835,38777510,7831120,151491180,6988025,205087835
2022-02-18,4830,4845,4820,4845,16569,0.3105590062111801,9023,-4775,-6288,2040,0,9939,1225,2837,2568,16569,916,6000,9125,528,16569,43672820,-23106000,-30425220,9858400,0,48102680,5929000,13736355,12413665,80181700,4429860,29035000,44161575,2555265,80181700
2022-02-21,4815,4850,4805,4840,15047,-0.10319917440660474,4142,0,-4733,591,0,4142,0,8199,2706,15047,0,0,12932,2115,15047,19983500,0,-22849270,2865770,0,19983500,0,39557190,13041985,72582675,0,0,62406460,10176215,72582675
2022-02-22,4840,4840,4800,4820,26088,-0.4132231404958678,3528,0,-4170,642,0,3598,0,21007,1483,26088,70,0,25177,841,26088,16965425,0,-20056170,3090745,0,17302475,0,101117105,7137220,125556800,337050,0,121173275,4046475,125556800
2022-02-23,4825,4835,4805,4830,21743,0.2074688796680498,5253,282,-8952,3417,0,5456,882,11309,4096,21743,203,600,20261,679,21743,25347745,1340260,-43160705,16472700,0,26323760,4238260,54418830,19748875,104729725,976015,2898000,97579535,3276175,104729725
2022-02-24,4810,4840,4785,4805,38961,-0.5175983436853002,543,-10,328,-861,0,3063,0,32431,3467,38961,2520,10,32103,4328,38961,2650625,-48050,1591350,-4193925,0,14742755,0,155892280,16654865,187289900,12092130,48050,154300930,20848790,187289900
2022-02-25,4800,4825,4795,4825,29163,0.41623309053069724,7283,0,-8519,1236,0,10635,0,16968,1560,29163,3352,0,25487,324,29163,35027255,0,-40980000,5952745,0,51180300,0,81608985,7513945,140303230,16153045,0,122588985,1561200,140303230
2022-02-28,4810,4845,4805,4820,46087,-0.10362694300518134,-21374,6,15689,5679,0,5948,6,31035,9098,46087,27322,0,15346,3419,46087,-103103550,28940,75584055,27490555,0,28722575,28940,149590855,43968925,222311295,131826125,0,74006800,16478370,222311295
2022-03-02,4835,4845,4820,4840,12477,0.4149377593360996,3019,0,-1859,-1160,0,3792,0,8591,94,12477,773,0,10450,1254,12477,14606115,0,-8991590,-5614525,0,18348845,0,41588755,454960,60392560,3742730,0,50580345,6069485,60392560
2022-03-03,4840,4865,4840,4855,42976,0.30991735537190085,26366,-10837,-17654,2125,0,27649,0,12051,3276,42976,1283,10837,29705,1151,42976,128083245,-52664625,-85750260,10331640,0,134312960,0,58547165,15915665,208775790,6229715,52664625,144297425,5584025,208775790
2022-03-04,4855,4880,4850,4875,49323,0.4119464469618949,19496,0,-20106,610,0,22396,0,25375,1552,49323,2900,0,45481,942,49323,94976260,0,-97939800,2963540,0,109070125,0,123269985,7549520,239889630,14093865,0,221209785,4585980,239889630
2022-03-07,4875,4885,4820,4860,39896,-0.3076923076923077,10433,-343,-8003,-2087,0,14116,3500,19303,2977,39896,3683,3843,27306,5064,39896,50759210,-1655805,-38944495,-10158910,0,68617845,17032500,93514355,14472345,193637045,17858635,18688305,132458850,24631255,193637045
2022-03-08,4860,4870,4840,4870,30361,0.205761316872428,14494,4021,-23110,4595,0,15957,4021,5207,5176,30361,1463,0,28317,581,30361,70532840,19519455,-112354870,22302575,0,77643070,19519455,25267835,25123330,147553690,7110230,0,137622705,2820755,147553690
2022-03-10,4870,4880,4860,4870,11132,0.0,1458,-939,-1239,720,0,3585,10,6476,1061,11132,2127,949,7715,341,11132,7106210,-4582420,-6030960,3507170,0,17471835,48700,31553020,5168135,54241690,10365625,4631120,37583980,1660965,54241690
2022-03-11,4875,4880,4840,4875,35778,0.10266940451745381,11183,-8960,-6844,4621,0,12874,0,17476,5428,35778,1691,8960,24320,807,35778,54538185,-43696840,-33372955,22531610,0,62789760,0,85162520,26464495,174416775,8251575,43696840,118535475,3932885,174416775
2022-03-14,4890,4900,4870,4885,38214,0.20512820512820512,15133,-2867,-15691,3425,0,19233,20,14287,4674,38214,4100,2887,29978,1249,38214,73998480,-14019980,-76724360,16745860,0,94062075,97450,69859895,22852805,186872225,20063595,14117430,146584255,6106945,186872225
2022-03-15,4885,4910,4885,4910,23751,0.511770726714432,6517,-89,-10909,4481,0,8417,0,10147,5187,23751,1900,89,21056,706,23751,31965345,-436545,-53481300,21952500,0,41266855,0,49704355,25415415,116386625,9301510,436545,103185655,3462915,116386625
2022-03-16,4885,4920,4885,4900,14934,-0.20366598778004072,6034,40,-4563,-1511,0,7180,40,6833,881,14934,1146,0,11396,2392,14934,29547710,196000,-22341900,-7401810,0,35155385,196000,33482650,4309355,73143390,5607675,0,55824550,11711165,73143390
2022-03-17,4920,4920,4890,4890,19306,-0.20408163265306123,-2141,30,2861,-750,0,5338,30,12607,1331,19306,7479,0,9746,2081,19306,-10493875,146900,14030190,-3683215,0,26147230,146900,61749915,6512060,94556105,36641105,0,47719725,10195275,94556105
2022-03-18,4910,4915,4895,4915,28968,0.5112474437627812,4175,-8000,5892,-2067,0,14138,0,14830,0,28968,9963,8000,8938,2067,28968,20548020,-39280000,28856685,-10124705,0,69443615,0,72726400,0,142170015,48895595,39280000,43869715,10124705,142170015
2022-03-21,4920,4930,4910,4925,33841,0.20345879959308238,8592,1110,-6405,-3297,0,8807,1210,18515,5309,33841,215,100,24920,8606,33841,42274275,5455650,-31477280,-16252645,0,43330680,5948150,91114715,26115005,166508550,1056405,492500,122591995,42367650,166508550
2022-03-22,4905,4930,4905,4910,66268,-0.3045685279187817,29623,-11171,-24254,5802,0,30129,1010,28664,6465,66268,506,12181,52918,663,66268,145693565,-54896370,-119333515,28536320,0,148184410,4959150,140932970,31795860,325872390,2490845,59855520,260266485,3259540,325872390
2022-03-23,4910,4930,4890,4895,29128,-0.30549898167006106,-5483,571,70,4842,0,4674,1020,18562,4872,29128,10157,449,18492,30,29128,-26906905,2798475,372355,23736075,0,22906725,5003050,91012755,23882925,142805455,49813630,2204575,90640400,146850,142805455
2022-03-24,4915,4925,4895,4920,52426,0.5107252298263534,4184,-4990,-6662,7468,0,29522,10,11966,10928,52426,25338,5000,18628,3460,52426,20568905,-24550950,-32764675,36746720,0,145269350,49050,58830500,53749430,257898330,124700445,24600000,91595175,17002710,257898330
2022-03-25,4930,4935,4915,4930,47315,0.20325203252032523,17410,-3630,-22220,8440,0,22391,1,15855,9068,47315,4981,3631,38075,628,47315,85833400,-17895900,-109522305,41584805,0,110377240,4930,78069355,44677195,233128720,24543840,17900830,187591660,3092390,233128720
2022-03-28,4930,4940,4885,4895,71209,-0.7099391480730223,12917,-500,-15529,3112,0,35104,2000,29508,4597,71209,22187,2500,45037,1485,71209,63347740,-2440000,-76148535,15240795,0,172100225,9810000,144646635,22545615,349102475,108752485,12250000,220795170,7304820,349102475
2022-03-29,4895,4920,4895,4920,45703,0.5107252298263534,1976,-7505,-4275,9804,0,20398,1,14231,11073,45703,18422,7506,18506,1269,45703,9693410,-36849555,-21022785,48178930,0,100216895,4915,69848630,54390725,224461165,90523485,36854470,90871415,6211795,224461165
2022-03-30,4910,4955,4905,4950,62427,0.6097560975609756,-15925,-88,-3210,19223,0,6052,15,34880,21480,62427,21977,103,38090,2257,62427,-78459715,-435105,-15939755,94834575,0,29870395,74195,172102500,105908890,307955980,108330110,509300,188042255,11074315,307955980
2022-03-31,4920,4980,4920,4980,49891,0.6060606060606061,872,-1139,-4925,5192,0,3708,8011,29378,8794,49891,2836,9150,34303,3602,49891,4281455,-5479640,-24484725,25682910,0,18340770,39831610,145415350,43561565,247149295,14059315,45311250,169900075,17878655,247149295
2022-04-01,4955,4995,4955,4985,48676,0.1004016064257028,20331,1775,-29178,7072,0,22888,2000,16434,7354,48676,2557,225,45612,282,48676,101369745,8827380,-145420900,35223775,0,114116840,9950000,81891385,36623705,242581930,12747095,1122620,227312285,1399930,242581930
2022-04-04,4995,5020,4990,5000,81155,0.3009027081243731,10354,312,-22641,11975,0,28100,3000,36438,13617,81155,17746,2688,59079,1642,81155,51958755,1563860,-113429500,59906885,0,140703760,15030000,182410540,68137645,406281945,88745005,13466140,295840040,8230760,406281945
2022-04-05,5030,5030,4990,5010,35638,0.2,-8318,-3348,7970,3696,0,10762,0,17563,7313,35638,19080,3348,9593,3617,35638,-41605860,-16741000,39856435,18490425,0,53864245,0,87891730,36563935,178319910,95470105,16741000,48035295,18073510,178319910
2022-04-06,4990,5020,4975,4990,45509,-0.39920159680638717,9660,-1200,-14277,5817,0,18954,0,18063,8492,45509,9294,1200,32340,2675,45509,48279940,-5982000,-71337185,29039245,0,94809645,0,90186575,42386500,227382720,46529705,5982000,161523760,13347255,227382720
2022-04-07,5010,5020,4985,4990,64237,0.0,-20456,679,19502,275,0,15313,779,42112,6033,64237,35769,100,22610,5758,64237,-102188240,3384315,97394450,1409475,0,76487385,3883315,210486375,30184870,321041945,178675625,499000,113091925,28775395,321041945
2022-04-08,4995,5030,4970,5020,70774,0.6012024048096193,17644,-103,-35947,18406,0,20070,1,32106,18597,70774,2426,104,68053,191,70774,88289345,-516050,-179875990,92102695,0,100422710,4990,160588465,93059995,354076160,12133365,521040,340464455,957300,354076160
2022-04-11,5000,5030,5000,5020,36305,0.0,12425,-101,-17876,5552,0,13515,0,17137,5653,36305,1090,101,35013,101,36305,62455470,-507020,-89846190,27897740,0,67937270,0,86041570,28404550,182383390,5481800,507020,175887760,506810,182383390
2022-04-12,5000,5040,5000,5030,58779,0.199203187250996,16775,0,-24131,7356,0,29588,0,20913,8278,58779,12813,0,45044,922,58779,84425310,0,-121362420,36937110,0,148838930,0,105117460,41573750,295530140,64413620,0,226479880,4636640,295530140
2022-04-13,5010,5060,5010,5050,92526,0.3976143141153081,43862,0,-41640,-2222,0,47941,0,39775,4810,92526,4079,0,81415,7032,92526,221330380,0,-210336270,-10994110,0,241905840,0,200720300,24290330,466916470,20575460,0,411056570,35284440,466916470
2022-04-14,5040,5080,5020,5050,82940,0.0,21772,-3715,-28279,10222,0,23304,0,46793,12843,82940,1532,3715,75072,2621,82940,110018520,-18784670,-142967110,51733260,0,117750830,0,236618150,64959440,419328420,7732310,18784670,379585260,13226180,419328420
2022-04-15,5050,5140,5050,5140,120822,1.782178217821782,2442,3024,-31634,26168,0,31937,5114,55882,27889,120822,29495,2090,87516,1721,120822,12525680,15317660,-161474430,133631090,0,163187160,26030260,285212000,142402140,616831560,150661480,10712600,446686430,8771050,616831560
2022-04-18,5140,5180,5090,5170,88240,0.5836575875486382,-16790,-2400,14974,4216,0,12622,100,61522,13996,88240,29412,2500,46548,9780,88240,-86038100,-12377120,76451460,21963760,0,64833620,513000,316553630,72027520,453927770,150871720,12890120,240102170,50063760,453927770
2022-04-19,5170,5180,5120,5140,49868,-0.5802707930367506,-4577,221,2775,1581,0,14810,221,32162,2675,49868,19387,0,29387,1094,49868,-23688750,1133730,14428620,8126400,0,76158260,1133730,165634460,13746090,256672540,99847010,0,151205840,5619690,256672540
2022-04-20,5120,5170,5120,5150,51179,0.19455252918287938,7452,2444,-13758,3862,0,25818,2444,15496,7421,51179,18366,0,29254,3559,51179,38357720,12513480,-70786760,19915560,0,132905570,12513480,79788460,38157230,263364740,94547850,0,150575220,18241670,263364740
2022-04-21,5150,5180,5140,5180,43901,0.5825242718446602,9681,-500,-8746,-435,0,16679,0,26462,760,43901,6998,500,35208,1195,43901,49985910,-2590000,-45171820,-2224090,0,86117370,0,136752930,3920480,226790780,36131460,2590000,181924750,6144570,226790780
2022-04-22,5150,5210,5140,5190,33186,0.19305019305019305,11298,-1088,-10923,713,0,12905,0,19327,954,33186,1607,1088,30250,241,33186,58632100,-5653480,-56644470,3665850,0,66970090,0,100398840,4904590,172273520,8337990,5653480,157043310,1238740,172273520
2022-04-25,5160,5200,5160,5180,43104,-0.1926782273603083,-2734,-500,5509,-2275,0,5091,0,37460,553,43104,7825,500,31951,2828,43104,-14146600,-2600000,28500330,-11753730,0,26428120,0,194270310,2864790,223563220,40574720,2600000,165769980,14618520,223563220
2022-04-26,5170,5180,5110,5150,52757,-0.5791505791505791,19255,0,-20022,767,0,22264,0,28880,1613,52757,3009,0,48902,846,52757,99241750,0,-103172880,3931130,0,114737970,0,148863540,8301400,271902910,15496220,0,252036420,4370270,271902910
2022-04-27,5120,5140,5080,5090,53273,-1.1650485436893203,-5004,1,3843,1160,0,19001,1,29905,4366,53273,24005,0,26062,3206,53273,-25531740,5110,19641110,5885520,0,96848630,5110,152586950,22293820,271734510,122380370,0,132945840,16408300,271734510
2022-04-28,5090,5140,5050,5070,43545,-0.3929273084479371,-14351,2501,14135,-2285,0,8902,2501,32115,27,43545,23253,0,17980,2312,43545,-72715880,12700090,71658830,-11643040,0,45149250,12700090,162925880,137160,220912380,117865130,0,91267050,11780200,220912380
2022-04-29,5070,5140,5060,5090,31620,0.39447731755424065,5664,1217,-5996,-885,0,9845,1517,19770,488,31620,4181,300,25766,1373,31620,28923760,6210530,-30610250,-4524040,0,50296320,7743530,100989540,2487350,161516740,21372560,1533000,131599790,7011390,161516740
2022-05-02,5090,5150,5090,5100,28363,0.19646365422396855,807,14114,-16114,1193,0,2178,14114,10552,1519,28363,1371,0,26666,326,28363,4133020,72421440,-82649960,6095500,0,11166960,72421440,54081850,7767910,145438160,7033940,0,136731810,1672410,145438160
2022-05-03,5100,5150,5010,5030,90632,-1.3725490196078431,-31577,1399,31638,-1460,0,28507,2000,57340,2785,90632,60084,601,25702,4245,90632,-159062070,7000830,159453440,-7392200,0,143756240,10060000,289649520,14034670,457500430,302818310,3059170,130196080,21426870,457500430
2022-05-04,5010,5040,5000,5030,43009,0.0,-15795,2002,15750,-1957,0,5223,2003,35576,207,43009,21018,1,19826,2164,43009,-79358640,10050060,79140240,-9831660,0,26205140,10055080,178692000,1040810,215993030,105563780,5020,99551760,10872470,215993030
2022-05-06,5030,5030,4995,5020,34824,-0.19880715705765406,-14158,-45,14524,-321,0,5181,5,28527,1111,34824,19339,50,14003,1432,34824,-70905000,-225450,72727710,-1597260,0,25951620,25050,142838100,5576700,174391470,96856620,250500,70110390,7173960,174391470
2022-05-09,5030,5030,4950,4980,78110,-0.796812749003984,-5912,-3000,12980,-4068,0,25791,2000,48020,2299,78110,31703,5000,35040,6367,78110,-29611245,-14980000,64917485,-20326240,0,128393790,9970000,239471970,11450440,389286200,158005035,24950000,174554485,31776680,389286200
2022-05-10,4980,4980,4910,4965,48685,-0.30120481927710846,9792,-5002,-12740,7950,0,15475,258,22457,10495,48685,5683,5260,35197,2545,48685,48371470,-24634325,-63047965,39310820,0,76494290,1273520,111102110,51928845,240798765,28122820,25907845,174150075,12618025,240798765
2022-05-11,4980,5000,4935,5000,41886,0.7049345417925479,-3189,8,627,2554,0,14204,8,23526,4148,41886,17393,0,22899,1594,41886,-15711660,39770,2960505,12711385,0,70696720,39770,117010600,20621265,208368355,86408380,0,114050095,7909880,208368355
2022-05-12,5000,5000,4950,4980,34852,-0.4,-5251,7,6134,-890,0,16485,7,16027,2333,34852,21736,0,9893,3223,34852,-25896875,34880,30353870,-4491875,0,82120930,34880,79654140,11581235,173391185,108017805,0,49300270,16073110,173391185
2022-05-13,4985,4985,4950,4960,33411,-0.4016064257028112,-8137,8,7394,735,0,7162,13,24751,1485,33411,15299,5,17357,750,33411,-40365130,39730,36676915,3648485,0,35516250,64530,122790805,7373490,165745075,75881380,24800,86113890,3725005,165745075
2022-05-16,4985,4985,4960,4975,24596,0.3024193548387097,2218,-1,-3637,1420,0,11518,0,11512,1566,24596,9300,1,15149,146,24596,11031610,-4980,-18091555,7064925,0,57288485,0,57274930,7791325,122354740,46256875,4980,75366485,726400,122354740
2022-05-17,4990,4990,4935,4970,43888,-0.10050251256281408,-6245,5,13825,-7585,0,11169,6,31955,758,43888,17414,1,18130,8343,43888,-31006405,24745,68580350,-37598690,0,55243275,29680,158464420,3750570,217487945,86249680,4935,89884070,41349260,217487945
2022-05-18,4955,4980,4920,4955,37440,-0.30181086519114686,10780,610,-5668,-5722,0,11121,610,23632,2077,37440,341,0,29300,7799,37440,53299830,3020450,-27872435,-28447845,0,54991835,3020450,117101670,10259985,185373940,1692005,0,144974105,38707830,185373940
2022-05-19,4955,4955,4900,4925,56681,-0.6054490413723511,-3313,-697,7605,-3595,0,13838,711,42126,6,56681,17151,1408,34521,3601,56681,-16213170,-3417440,37350815,-17720205,0,68028185,3505175,207143705,29520,278706585,84241355,6922615,169792890,17749725,278706585
2022-05-20,4935,4965,4920,4960,20321,0.7106598984771574,1323,1805,-4587,1459,0,4054,2006,9834,4427,20321,2731,201,14421,2968,20321,6522830,8879580,-22634600,7232190,0,20054265,9869535,48641130,21884355,100449285,13531435,989955,71275730,14652165,100449285
2022-05-23,4965,4985,4950,4980,36013,0.4032258064516129,-3613,2999,-3706,4320,0,5945,4000,21659,4409,36013,9558,1001,25365,89,36013,-17997945,14935020,-18448540,21511465,0,29584145,19920000,107807740,21953795,179265680,47582090,4984980,126256280,442330,179265680
2022-05-24,4990,5030,4980,5030,66783,1.0040160642570282,-1343,0,-8323,9666,0,32280,2000,21304,11199,66783,33623,2000,29627,1533,66783,-6687425,-16000,-41683265,48386690,0,161720045,9979000,106600505,56037885,334337435,168407470,9995000,148283770,7651195,334337435
2022-05-25,5040,5080,5020,5080,63481,0.9940357852882704,8717,851,-29940,20372,0,18036,6348,17568,21529,63481,9319,5497,47508,1157,63481,44200840,4324440,-151641040,103115760,0,91399630,32184350,88962150,108979510,321525640,47198790,27859910,240603190,5863750,321525640
2022-05-26,5080,5110,5070,5090,63477,0.19685039370078738,14127,13509,-24146,-3490,0,18358,14030,20795,10294,63477,4231,521,44941,13784,63477,72003970,68492210,-123104800,-17391380,0,93537510,71137030,105897340,52524020,323095900,21533540,2644820,229002140,69915400,323095900
2022-05-27,5090,5160,5090,5100,368428,0.19646365422396855,50612,177605,-247397,19180,0,97954,191584,30590,48300,368428,47342,13979,277987,29120,368428,259013900,909817060,-1267915070,99084110,0,501056520,981292540,156450330,248238880,1887038270,242042620,71475480,1424365400,149154770,1887038270
2022-05-30,5050,5050,4980,5000,136509,-1.9607843137254901,-44972,-2921,79122,-31229,0,11314,4,121303,3888,136509,56286,2925,42181,35117,136509,-224850850,-14751220,395724720,-156122650,0,56602800,20030,606799190,19446140,682868160,281453650,14771250,211074470,175568790,682868160
2022-05-31,5010,5020,4975,4980,128457,-0.4,-58816,96,75460,-16740,0,16702,96,109568,2091,128457,75518,0,34108,18831,128457,-293245735,480960,376205445,-83440670,0,83255690,480960,546117385,10423180,640277215,376501425,0,169911940,93863850,640277215
2022-06-02,5010,5010,4965,4980,19810,0.0,-1661,-1229,11130,-8240,0,3222,1,15919,668,19810,4883,1230,4789,8908,19810,-8290700,-6135705,55501625,-41075220,0,16070755,4995,79392315,3331605,98799670,24361455,6140700,23890690,44406825,98799670
2022-06-03,5000,5040,4980,4995,35676,0.30120481927710846,7239,816,-6308,-1747,0,9755,817,22420,2684,35676,2516,1,28728,4431,35676,36190670,4075930,-31555210,-8711390,0,48764075,4080920,112157920,13399730,178402645,12573405,4990,143713130,22111120,178402645
2022-06-07,4980,5010,4980,4990,39091,-0.10010010010010009,-765,3199,-4967,2533,0,9447,3200,23201,3243,39091,10212,1,28168,710,39091,-3787445,15979015,-24862050,12670480,0,47166075,15984000,115934690,16214955,195299720,50953520,4985,140796740,3544475,195299720
2022-06-08,4995,4995,4965,4980,27543,-0.2004008016032064,-3738,375,9384,-6021,0,5387,754,21309,93,27543,9125,379,11925,6114,27543,-18592010,1859960,46730255,-29998205,0,26828465,3747380,106162100,462210,137200155,45420475,1887420,59431845,30460415,137200155
2022-06-09,4980,4995,4960,4995,58030,0.30120481927710846,-3689,17381,-6921,-6771,0,12529,22002,22672,827,58030,16218,4621,29593,7598,58030,-18385700,86679890,-34621940,-33672250,0,62265000,109686655,112729070,4114325,288795050,80650700,23006765,147351010,37786575,288795050
2022-06-10,4995,5010,4970,5010,45447,0.3003003003003003,-13618,20570,-1837,-5115,0,3009,20570,21233,635,45447,16627,0,23070,5750,45447,-67869510,102797705,-9366775,-25561420,0,15002330,102797705,105858875,3163535,226822445,82871840,0,115225650,28724955,226822445
2022-06-13,5000,5010,4980,5000,46735,-0.19960079840319359,-3142,16028,-15107,2221,0,7857,16030,18400,4448,46735,10999,2,33507,2227,46735,-15644255,80028210,-75464915,11080960,0,39228220,80038200,91821210,22206465,233294095,54872475,9990,167286125,11125505,233294095
2022-06-14,4980,4980,4900,4950,127166,-1.0,-64275,38215,41001,-14941,0,2719,38217,78432,7798,127166,66994,2,37431,22739,127166,-315853195,188385970,201214640,-73747415,0,13392400,188395870,386150950,38422395,626361615,329245595,9900,184936310,112169810,626361615
2022-06-15,4960,4960,4900,4915,67265,-0.7070707070707071,-15129,27301,-15318,3146,0,12794,27301,15501,11669,67265,27923,0,30819,8523,67265,-74305635,134255410,-75317160,15367385,0,62896310,134255410,76148905,57280570,330581195,137201945,0,151466065,41913185,330581195
2022-06-16,4920,4945,4910,4945,64097,0.6103763987792472,-42842,14192,27522,1128,0,2338,14192,44473,3094,64097,45180,0,16951,1966,64097,-211251825,69885780,135809355,5556690,0,11538715,69885780,219313990,15256310,315994795,222790540,0,83504635,9699620,315994795
2022-06-17,4940,4955,4885,4910,116279,-0.7077856420626896,-46374,33200,8718,4456,0,1752,33200,65747,15580,116279,48126,0,57029,11124,116279,-227173975,162671255,42469050,22033670,0,8576595,162671255,322638975,76798185,570685010,235750570,0,280169925,54764515,570685010
2022-06-20,4910,4920,4670,4725,110232,-3.7678207739307537,-24660,31101,-746,-5695,0,6507,31101,57287,15337,110232,31167,0,58033,21032,110232,-116521610,149427740,-5408045,-27498085,0,30895485,149427740,272226515,72843290,525393030,147417095,0,277634560,100341375,525393030
2022-06-21,4785,4785,4720,4740,52054,0.31746031746031744,-10704,19533,-3992,-4837,0,12746,19553,17687,2068,52054,23450,20,21679,6905,52054,-50576985,92603275,-19061005,-22965285,0,60374000,92698075,83768630,9791770,246632475,110950985,94800,102829635,32757055,246632475
2022-06-22,4745,4800,4505,4630,75111,-2.320675105485232,-13471,17108,3053,-6690,0,9250,17138,47369,1354,75111,22721,30,44316,8044,75111,-61385695,79210840,13784780,-31609925,0,43402910,79353940,221292480,6191185,350240515,104788605,143100,207507700,37801110,350240515
2022-06-23,4550,4650,4550,4580,35871,-1.079913606911447,-7988,5836,2322,-170,0,5108,11158,13264,6341,35871,13096,5322,10942,6511,35871,-36503315,26732995,10538345,-768025,0,23357580,51214195,60652380,29010955,164235110,59860895,24481200,50114035,29778980,164235110
2022-06-24,4795,4795,4565,4630,46143,1.0917030567685588,-18381,2155,4251,11975,0,5875,2160,24680,13428,46143,24256,5,20429,1453,46143,-84208205,9873715,19306735,55027755,0,27033750,9896675,113365470,61737535,212033430,111241955,22960,94058735,6709780,212033430
2022-06-27,4685,4870,4570,4685,22919,1.187904967602592,8964,121,5089,-14174,0,10927,121,10946,925,22919,1963,0,5857,15099,22919,42374435,566190,23786665,-66727290,0,51591950,566190,51455415,4343050,107956605,9217515,0,27668750,71070340,107956605
2022-06-28,4730,4730,4500,4670,14508,-0.32017075773745995,1804,692,-931,-1565,0,3775,693,9225,815,14508,1971,1,10156,2380,14508,8380110,3193180,-4291780,-7281510,0,17511170,3197840,42484780,3767365,66961155,9131060,4660,46776560,11048875,66961155
2022-06-29,4640,4710,4615,4660,5371,-0.21413276231263384,1359,878,-1645,-592,0,1366,878,2510,617,5371,7,0,4155,1209,5371,6334865,4068160,-7638270,-2764755,0,6367485,4068160,11685225,2867650,24988520,32620,0,19323495,5632405,24988520
2022-06-30,4685,4700,4630,4635,27118,-0.5364806866952789,-2688,4556,4304,-6172,0,4583,4557,17946,32,27118,7271,1,13642,6204,27118,-12436385,21130080,20040175,-28733870,0,21350415,21134735,83375480,149255,126009885,33786800,4655,63335305,28883125,126009885
2022-07-01,4635,4635,4565,4600,35731,-0.7551240560949299,12304,10,-8973,-3341,0,15704,10,19009,1008,35731,3400,0,27982,4349,35731,56558945,45725,-41239715,-15364955,0,72151855,45725,87120015,4617030,163934625,15592910,0,128359730,19981985,163934625
2022-07-04,4630,4735,4540,4575,29834,-0.5434782608695652,15206,1101,-14998,-1309,0,17308,1103,11115,308,29834,2102,2,26113,1617,29834,69441880,5012115,-68326560,-6127435,0,79147110,5021225,51171950,1401455,136741740,9705230,9110,119498510,7528890,136741740
2022-07-05,4575,4635,4550,4620,22234,0.9836065573770493,10691,101,-11590,798,0,11535,101,8347,2251,22234,844,0,19937,1453,22234,49158845,466595,-53262075,3636635,0,53060310,466595,38265175,10341890,102133970,3901465,0,91527250,6705255,102133970
2022-07-06,4620,4665,4580,4630,39866,0.21645021645021645,-6313,0,9234,-2921,0,20795,0,18928,143,39866,27108,0,9694,3064,39866,-29216350,0,42736370,-13520020,0,96338090,0,87675365,661190,184674645,125554440,0,44938995,14181210,184674645
2022-07-07,4635,4650,4585,4650,20973,0.4319654427645789,5941,103,-5044,-1000,0,16245,105,3839,784,20973,10304,2,8883,1784,20973,27584160,477795,-23421750,-4640205,0,75336320,487050,17717235,3626700,97167305,47752160,9255,41138985,8266905,97167305
2022-07-08,4650,4670,4600,4660,23560,0.21505376344086022,4324,165,-3616,-873,0,15124,165,7042,1229,23560,10800,0,10658,2102,23560,20144520,766775,-16835750,-4075545,0,70166085,766775,32607575,5679825,109220260,50021565,0,49443325,9755370,109220260
2022-07-11,4695,4695,4585,4625,24054,-0.7510729613733905,-1908,163,3908,-2163,0,9310,163,13871,710,24054,11218,0,9963,2873,24054,-8738180,752525,17966395,-9980740,0,42887380,752525,63834705,3270055,110744665,51625560,0,45868310,13250795,110744665
2022-07-12,4625,4625,4535,4595,38252,-0.6486486486486486,524,1023,3359,-4906,0,10809,1025,24708,1710,38252,10285,2,21349,6616,38252,2419505,4649925,15308545,-22377975,0,49240705,4659075,113366155,7798840,175064775,46821200,9150,98057610,30176815,175064775
2022-07-13,4620,4730,4490,4515,70922,-1.7410228509249184,-5985,2985,3490,-490,0,16089,2986,48071,3776,70922,22074,1,44581,4266,70922,-27221655,13470800,16312155,-2561300,0,72549750,13475315,218568625,17089965,321683655,99771405,4515,202256470,19651265,321683655
2022-07-14,4515,4515,4460,4495,48894,-0.4429678848283499,2555,15069,-12851,-4773,0,13740,15069,18670,1415,48894,11185,0,31521,6188,48894,11440720,67479145,-57536395,-21383470,0,61467720,67479145,83539310,6354210,218840385,50027000,0,141075705,27737680,218840385
2022-07-15,4495,4590,4450,4515,37864,0.44493882091212456,-7814,12375,-1574,-2987,0,14624,12375,7928,2937,37864,22438,0,9502,5924,37864,-34833190,55413655,-7257080,-13323385,0,65796160,55413655,35504525,13245705,169960045,100629350,0,42761605,26569090,169960045
2022-07-18,4570,4570,4470,4500,17859,-0.33222591362126247,-5859,150,5141,568,0,5306,150,11132,1271,17859,11165,0,5991,703,17859,-26250455,672625,23042535,2535295,0,23825805,672625,49962335,5698710,80159475,50076260,0,26919800,3163415,80159475
2022-07-19,4470,4640,4455,4620,28957,2.666666666666667,12343,-3767,-6848,-1728,0,20502,0,4339,4116,28957,8159,3767,11187,5844,28957,56588140,-17263320,-31716570,-7608250,0,93648505,0,19555660,18857320,132061485,37060365,17263320,51272230,26465570,132061485
2022-07-20,4635,4635,4575,4595,18330,-0.5411255411255411,9265,123,-3582,-5806,0,11818,125,6252,135,18330,2553,2,9834,5941,18330,42737335,564995,-16545335,-26756995,0,54529815,574250,28824775,624315,84553155,11792480,9255,45370110,27381310,84553155
2022-07-21,4595,4595,4560,4575,16786,-0.4352557127312296,2406,200,1505,-4111,0,8104,200,8480,2,16786,5698,0,6975,4113,16786,10975820,915000,6896165,-18786985,0,37040880,915000,38765550,9150,76730580,26065060,0,31869385,18796135,76730580
2022-07-22,4620,4635,4590,4600,64082,0.546448087431694,-34713,1142,33526,45,0,15891,2178,43553,2460,64082,50604,1036,10027,2415,64082,-159697675,5252400,154281940,163335,0,73095810,10018800,200400345,11316775,294831730,232793485,4766400,46118405,11153440,294831730
2022-07-25,4620,4620,4570,4605,10178,0.10869565217391304,-1172,-1,1215,-42,0,5090,9,4992,87,10178,6262,10,3777,129,10178,-5357920,-4935,5556735,-193880,0,23370165,41265,22912685,400985,46725100,28728085,46200,17355950,594865,46725100
2022-07-26,4560,4620,4560,4615,32963,0.21715526601520088,-3461,-53,3060,454,0,9216,0,21772,1975,32963,12677,53,18712,1521,32963,-15989975,-244325,14115720,2118580,0,42336585,0,100068990,9094070,151499645,58326560,244325,85953270,6975490,151499645
2022-07-27,4610,4615,4590,4615,18505,0.0,1808,1869,-3794,117,0,6808,2248,8751,698,18505,5000,379,12545,581,18505,8348720,8603405,-17495995,543870,0,31330960,10352490,40259585,3216070,85159105,22982240,1749085,57755580,2672200,85159105
2022-07-28,4615,4645,4595,4645,9617,0.6500541711809318,-4162,-622,4801,-17,0,1859,10,7743,5,9617,6021,632,2942,22,9617,-19188300,-2871355,22138090,-78435,0,8577615,45975,35722805,23090,44369485,27765915,2917330,13584715,101525,44369485
2022-07-29,4645,4785,4630,4785,54356,3.013993541442411,15007,1255,-19266,3004,0,20718,1365,7563,24710,54356,5711,110,26829,21706,54356,70376340,5898245,-90388450,14113865,0,97126920,6417245,35410735,114650025,253604925,26750580,519000,125799185,100536160,253604925
2022-08-01,4765,4780,4745,4760,20816,-0.522466039707419,6494,651,-3455,-3690,0,13373,772,6637,34,20816,6879,121,10092,3724,20816,30852435,3090690,-16412710,-17530415,0,63554325,3667000,31526835,161520,98909680,32701890,576310,47939545,17691935,98909680
2022-08-02,4770,4770,4700,4730,24454,-0.6302521008403361,-243,0,1928,-1685,0,5169,0,19254,31,24454,5412,0,17326,1716,24454,-1110795,0,9084655,-7973860,0,24442870,0,90810730,146195,115399795,25553665,0,81726075,8120055,115399795
2022-08-03,4790,4790,4660,4690,16756,-0.8456659619450317,-843,-7,3029,-2179,0,5730,6,10072,948,16756,6573,13,7043,3127,16756,-3894000,-33860,14199085,-10271225,0,26900020,28050,47223255,4432585,78583910,30794020,61910,33024170,14703810,78583910
2022-08-04,4725,4740,4670,4700,9440,0.21321961620469082,-749,110,2817,-2178,0,5042,110,4282,6,9440,5791,0,1465,2184,9440,-3475060,516800,13166065,-10207805,0,23609470,516800,20037090,28105,44191465,27084530,0,6871025,10235910,44191465
2022-08-05,4780,4780,4595,4700,21208,0.0,6128,2,-5114,-1016,0,8613,3,12538,54,21208,2485,1,17652,1070,21208,28732065,9400,-23971565,-4769900,0,40394275,14100,58855310,253800,99517485,11662210,4700,82826875,5023700,99517485
2022-08-08,4700,4705,4675,4690,8419,-0.2127659574468085,3305,0,-2653,-652,0,3345,1,5064,9,8419,40,1,7717,661,8419,15520240,-5,-12462240,-3057995,0,15707490,4690,23779555,42280,39534015,187250,4695,36241795,3100275,39534015
2022-08-09,4770,4770,4610,4685,8081,-0.10660980810234541,3236,0,-1957,-1279,0,3287,0,4779,15,8081,51,0,6736,1294,8081,15166915,0,-9159405,-6007510,0,15405590,0,22375450,70495,37851535,238675,0,31534855,6078005,37851535
2022-08-10,4685,4710,4645,4655,19414,-0.6403415154749199,-3901,0,5827,-1926,0,6766,0,12268,380,19414,10667,0,6441,2306,19414,-18120915,0,27115470,-8994555,0,31581975,0,57284935,1777250,90644160,49702890,0,30169465,10771805,90644160
2022-08-11,4665,4710,4655,4700,35299,0.966702470461869,17698,9998,-28309,613,0,18513,10001,5286,1499,35299,815,3,33595,886,35299,82730700,46715660,-132319085,2872725,0,86540470,46729675,24690940,7007870,164968955,3809770,14015,157010025,4135145,164968955
2022-08-12,4700,4715,4670,4710,29549,0.2127659574468085,547,-1,789,-1335,0,25966,0,3364,219,29549,25419,1,2575,1554,29549,2599235,-4685,3661525,-6256075,0,121981850,0,15770370,1024345,138776565,119382615,4685,12108845,7280420,138776565
2022-08-16,4715,4725,4705,4715,5950,0.10615711252653928,-273,0,475,-202,0,1375,0,4414,161,5950,1648,0,3939,363,5950,-1294450,0,2244765,-950315,0,6480370,0,20820695,759915,28060980,7774820,0,18575930,1710230,28060980
2022-08-17,4715,4725,4690,4715,15279,0.0,1005,1,-457,-549,0,6919,1,7698,661,15279,5914,0,8155,1210,15279,4745875,4725,-2172305,-2578295,0,32628320,4725,36287790,3119915,72040750,27882445,0,38460095,5698210,72040750
2022-08-18,4715,4725,4700,4705,19534,-0.2120890774125133,-3575,235,3835,-495,0,8532,235,10766,1,19534,12107,0,6931,496,19534,-16836935,1104500,18059440,-2327005,0,40207005,1104500,50717080,4705,92033290,57043940,0,32657640,2331710,92033290
2022-08-19,4720,4735,4700,4730,19695,0.5313496280552604,15679,-5,-16059,385,0,17359,1,1745,590,19695,1680,6,17804,205,19695,73987990,-23555,-75769850,1805415,0,81918020,4720,8210570,2773030,92906340,7930030,28275,83980420,967615,92906340
2022-08-22,4715,4745,4705,4730,13622,0.0,2385,8228,-9882,-731,0,2443,8301,2870,8,13622,58,73,12752,739,13622,11275090,38752400,-46580750,-3446740,0,11549570,39097745,13545905,37810,64231030,274480,345345,60126655,3484550,64231030
2022-08-23,4610,4750,4610,4730,12610,0.0,7251,-100,-4996,-2155,0,9293,0,2993,324,12610,2042,100,7989,2479,12610,34224320,-472500,-23545240,-10206580,0,43878770,0,14063795,1511525,59454090,9654450,472500,37609035,11718105,59454090
2022-08-24,4730,4770,4705,4740,8326,0.21141649048625794,1689,4598,-6288,1,0,1880,4616,1829,1,8326,191,18,8117,0,8326,7970170,21679385,-29654295,4740,0,8874195,21764440,8676840,4740,39320215,904025,85055,38331135,0,39320215
2022-08-25,4750,4750,4720,4750,4779,0.21097046413502107,467,-3,196,-660,0,517,0,4261,1,4779,50,3,4065,661,4779,2213130,-14220,930425,-3129335,0,2450630,0,20203580,4750,22658960,237500,14220,19273155,3134085,22658960
2022-08-26,4780,4780,4745,4745,6526,-0.10526315789473684,1201,0,504,-1705,0,1901,0,4624,1,6526,700,0,4120,1706,6526,5714470,0,2407370,-8121840,0,9043360,0,22005990,4745,31054095,3328890,0,19598620,8126585,31054095
2022-08-29,4700,4730,4645,4655,37157,-1.8967334035827188,-3222,6000,-5794,3016,0,9851,6000,16650,4656,37157,13073,0,22444,1640,37157,-14925740,28140000,-27342180,14127920,0,46017540,28140000,77719835,21801460,173678835,60943280,0,105062015,7673540,173678835
2022-08-30,4690,4690,4615,4645,22122,-0.21482277121374865,-11098,-4,13438,-2336,0,7568,1,14552,1,22122,18666,5,1114,2337,22122,-51350645,-18545,62237830,-10868640,0,35046870,4640,67407620,4645,102463775,86397515,23185,5169790,10873285,102463775
2022-08-31,4645,4650,4585,4610,29030,-0.7534983853606028,-21620,0,24028,-2408,0,2734,0,26284,12,29030,24354,0,2256,2420,29030,-99422560,0,110552855,-11130295,0,12565550,0,120959855,55460,133580865,111988110,0,10407000,11185755,133580865
2022-09-01,4635,4655,4550,4565,29633,-0.9761388286334056,473,818,209,-1500,0,8883,818,19746,186,29633,8410,0,19537,1686,29633,2185370,3721985,976840,-6884195,0,40659875,3721985,90333825,847635,135563320,38474505,0,89356985,7731830,135563320
2022-09-02,4565,4610,4550,4575,18560,0.21905805038335158,-3320,2,4062,-744,0,4307,3,14236,14,18560,7627,1,10174,758,18560,-15156910,9125,18556980,-3409195,0,19728190,13735,65211040,64110,85017075,34885100,4610,46654060,3473305,85017075
2022-09-05,4535,4595,4510,4545,16281,-0.6557377049180327,-3986,0,5284,-1298,0,6041,0,10238,2,16281,10027,0,4954,1300,16281,-18093925,0,24009890,-5915965,0,27451680,0,46472595,9065,73933340,45545605,0,22462705,5925030,73933340
2022-09-06,4660,4660,4550,4555,14046,0.22002200220022,297,1,-73,-225,0,5322,1,8437,286,14046,5025,0,8510,511,14046,1345735,4555,-324440,-1025850,0,24237185,4555,38453100,1304155,63998995,22891450,0,38777540,2330005,63998995
2022-09-07,4585,4585,4535,4550,9488,-0.10976948408342481,2001,8,-167,-1842,0,6989,8,2450,41,9488,4988,0,2617,1883,9488,9121105,36415,-773685,-8383835,0,31787205,36415,11134715,186330,43144665,22666100,0,11908400,8570165,43144665
2022-09-08,4560,4570,4545,4545,11581,-0.10989010989010989,3402,4,-2545,-861,0,3704,4,7872,1,11581,302,0,10417,862,11581,15498390,18205,-11595515,-3921080,0,16870995,18205,35829995,4550,52723745,1372605,0,47425510,3925630,52723745
2022-09-13,4555,4600,4525,4585,19945,0.88008800880088,9324,2,-8072,-1254,0,10382,2,9224,337,19945,1058,0,17296,1591,19945,42720760,9150,-36992360,-5737550,0,47520750,9150,42055525,1541800,91127225,4799990,0,79047885,7279350,91127225
2022-09-14,4575,4750,4505,4650,17527,1.4176663031624863,9216,-2186,-4710,-2320,0,14211,0,3287,29,17527,4995,2186,7997,2349,17527,42433695,-10033830,-21718080,-10681785,0,65267505,0,14985445,132135,80385085,22833810,10033830,36703525,10813920,80385085
2022-09-15,4625,4650,4605,4610,6636,-0.8602150537634409,2655,-4,-1966,-685,0,2912,0,3722,2,6636,257,4,5688,687,6636,12254645,-18450,-9077710,-3158485,0,13444750,0,17211790,9220,30665760,1190105,18450,26289500,3167705,30665760
2022-09-16,4650,4650,4590,4615,11909,0.10845986984815618,930,336,298,-1564,0,4608,336,6965,0,11909,3678,0,6667,1564,11909,4286650,1545615,1373250,-7205515,0,21197170,1545615,32053580,0,54796365,16910520,0,30680330,7205515,54796365
2022-09-19,4615,4635,4580,4585,7501,-0.6500541711809318,-161,0,1615,-1454,0,4235,1,3175,90,7501,4396,1,1560,1544,7501,-754425,20,7450150,-6695745,0,19483610,4610,14621470,414735,34524425,20238035,4590,7171320,7110480,34524425
2022-09-20,4645,4645,4500,4615,12934,0.6543075245365322,2774,0,-2083,-691,0,6890,0,6044,0,12934,4116,0,8127,691,12934,12725750,0,-9539305,-3186445,0,31682800,0,27723910,0,59406710,18957050,0,37263215,3186445,59406710
2022-09-21,4635,4635,4595,4600,1722,-0.3250270855904659,-523,-2,693,-168,0,495,0,1227,0,1722,1018,2,534,168,1722,-2411210,-9220,3193490,-773060,0,2278050,0,5650810,0,7928860,4689260,9220,2457320,773060,7928860
2022-09-22,4600,4635,4560,4625,6314,0.5434782608695652,-3559,41,4212,-694,0,27,48,6238,1,6314,3586,7,2026,695,6314,-16271850,188080,19266940,-3183170,0,124140,220155,28554960,4570,28903825,16395990,32075,9288020,3187740,28903825
2022-09-23,4645,4645,4470,4495,19622,-2.810810810810811,2469,-3138,2176,-1507,0,4801,5,14713,103,19622,2332,3143,12537,1610,19622,11404140,-14279255,9710985,-6835870,0,21889805,22730,66620620,470325,89003480,10485665,14301985,56909635,7306195,89003480
2022-09-26,4505,4505,4410,4455,34599,-0.8898776418242491,13623,993,-12076,-2540,0,19690,1002,13905,2,34599,6067,9,25981,2542,34599,60685180,4403890,-53779775,-11309295,0,87630785,4443885,61824205,8865,153907740,26945605,39995,115603980,11318160,153907740
2022-09-27,4460,4480,4380,4435,48767,-0.44893378226711567,28648,-997,-24822,-2829,0,44298,3,4466,0,48767,15650,1000,29288,2829,48767,126705305,-4403265,-109781525,-12520515,0,195745875,13275,19686425,0,215445575,69040570,4416540,129467950,12520515,215445575
2022-09-28,4475,4510,4365,4380,52430,-1.2401352874859075,32503,-1490,-28839,-2174,0,44036,10,8361,23,52430,11533,1500,37200,2197,52430,143008995,-6550250,-126889375,-9569370,0,193780005,43905,36781085,101210,230706205,50771010,6594155,163670460,9670580,230706205
2022-09-29,4500,4500,4370,4380,7936,0.0,1833,-1,-40,-1792,0,4095,0,3826,15,7936,2262,1,3866,1807,7936,8115090,-4400,-219545,-7891145,0,18045685,0,16846310,65940,34957935,9930595,4400,17065855,7957085,34957935
2022-09-30,4395,4470,4335,4455,43119,1.7123287671232876,28374,-3500,-25696,822,0,36138,1,5624,1356,43119,7764,3501,31320,534,43119,126039815,-15487705,-114194860,3642750,0,160627650,4465,24930825,5987715,191550655,34587835,15492170,139125685,2344965,191550655
2022-10-04,4470,4480,4430,4475,28750,0.44893378226711567,16092,-1001,-14719,-372,0,26085,2,2663,0,28750,9993,1003,17382,372,28750,71973855,-4465970,-65851665,-1656220,0,116619425,8945,11886730,0,128515100,44645570,4474915,77738395,1656220,128515100
2022-10-05,4375,4490,4375,4430,15362,-1.005586592178771,2831,113,-1140,-1804,0,6142,113,9094,13,15362,3311,0,10234,1817,15362,12578325,500065,-5087215,-7991175,0,27221370,500065,40191615,57275,67970325,14643045,0,45278830,8048450,67970325
2022-10-06,4425,4435,4405,4420,12326,-0.2257336343115124,559,1,-552,-8,0,1265,1,11060,0,12326,706,0,11612,8,12326,2465520,4420,-2434660,-35280,0,5582590,4420,48806640,0,54393650,3117070,0,51241300,35280,54393650
2022-10-07,4350,4420,4350,4410,19868,-0.22624434389140274,9555,-2999,-5412,-1144,0,11200,2,8666,0,19868,1645,3001,14078,1144,19868,42059480,-13195585,-23838510,-5025385,0,49287890,8805,38038290,0,87334985,7228410,13204390,61876800,5025385,87334985
2022-10-11,4395,4395,4260,4295,31996,-2.6077097505668934,9916,-1,-8139,-1776,0,14740,0,16077,1179,31996,4824,1,24216,2955,31996,42592300,-4270,-34894675,-7693355,0,63345145,0,69203735,5036335,137585215,20752845,4270,104098410,12729690,137585215
2022-10-12,4295,4310,4105,4255,23728,-0.9313154831199069,-10112,-1898,14914,-2904,0,2324,102,20645,657,23728,12436,2000,5731,3561,23728,-42306960,-8096185,62628315,-12225170,0,9738040,424360,86764180,2728155,99654735,52045000,8520545,24135865,14953325,99654735
2022-10-13,4215,4450,4010,4085,65960,-3.9952996474735603,-10972,3320,11356,-3704,0,20658,3321,41068,913,65960,31630,1,29712,4617,65960,-44019060,13567760,46130925,-15679625,0,85424735,13571775,167680660,3729465,270406635,129443795,4015,121549735,19409090,270406635
2022-10-14,4085,4115,4030,4040,31543,-1.101591187270502,-3214,6,2489,719,0,10816,6,19752,969,31543,14030,0,17263,250,31543,-12990790,24400,10067855,2898535,0,43758040,24400,79960040,3919265,127661745,56748830,0,69892185,1020730,127661745
2022-10-17,4095,4095,3975,4010,22399,-0.7425742574257426,593,-289,84,-388,0,10444,2,11721,232,22399,9851,291,11637,620,22399,2411105,-1161805,306905,-1556205,0,41841810,8015,46897540,927275,89674640,39430705,1169820,46590635,2483480,89674640
2022-10-18,4010,4060,3945,4030,29684,0.4987531172069825,-11880,-1999,14168,-289,0,8194,1,20848,641,29684,20074,2000,6680,930,29684,-47356840,-7938835,56485360,-1189685,0,32640325,4005,83146820,2545010,118336160,79997165,7942840,26661460,3734695,118336160
2022-10-19,3985,4250,3985,4140,35953,2.729528535980149,17514,-1000,-14904,-1610,0,25909,0,9717,327,35953,8395,1000,24621,1937,35953,71820940,-4130000,-61054710,-6636230,0,106145395,0,39616035,1332860,147094290,34324455,4130000,100670745,7969090,147094290
2022-10-20,4140,4140,4000,4080,20270,-1.4492753623188406,-812,-2,1924,-1110,0,8988,0,9697,1585,20270,9800,2,7773,2695,20270,-3111410,-8160,7674000,-4554430,0,36602625,0,39312800,6392650,82308075,39714035,8160,31638800,10947080,82308075
2022-10-21,4135,4135,3980,4035,33879,-1.1029411764705883,-5381,-91,6622,-1150,0,10959,1,21718,1201,33879,16340,92,15096,2351,33879,-21396080,-369040,26334970,-4569850,0,44082780,4020,87111525,4860450,136058775,65478860,373060,60776555,9430300,136058775
2022-10-24,4090,4105,4000,4025,9156,-0.24783147459727387,480,-109,1033,-1404,0,5682,0,3473,1,9156,5202,109,2440,1405,9156,1929455,-438725,4193000,-5683730,0,23036600,0,14040335,4020,37080955,21107145,438725,9847335,5687750,37080955
2022-10-25,4040,4085,4010,4050,15849,0.6211180124223602,-3371,1,3174,196,0,6839,1,7049,1960,15849,10210,0,3875,1764,15849,-13555135,4075,12804085,746975,0,27675305,4075,28465845,7889010,64034235,41230440,0,15661760,7142035,64034235
2022-10-26,4100,4100,4000,4060,18725,0.24691358024691357,-1076,1839,1012,-1775,0,6015,1840,10870,0,18725,7091,1,9858,1775,18725,-4350505,7447940,4101620,-7199055,0,24407930,7452000,44080595,0,75940525,28758435,4060,39978975,7199055,75940525
2022-10-27,4100,4235,4060,4090,29218,0.7389162561576355,10202,0,-12967,2765,0,16799,0,9432,2987,29218,6597,0,22399,222,29218,41821440,0,-53193445,11372005,0,68886090,0,38604180,12287140,119777410,27064650,0,91797625,915135,119777410
2022-10-28,4110,4120,4005,4100,15672,0.24449877750611246,1388,0,-1157,-231,0,8749,0,6901,22,15672,7361,0,8058,253,15672,5685905,0,-4737500,-948405,0,35799120,0,28198305,88110,64085535,30113215,0,32935805,1036515,64085535
2022-10-31,4140,4160,4085,4155,28451,1.3414634146341464,6565,1,-6582,16,0,10828,1,17602,20,28451,4263,0,24184,4,28451,27157130,4125,-27226475,65220,0,44726775,4125,72522805,81700,117335405,17569645,0,99749280,16480,117335405
2022-11-01,4180,4180,4110,4140,16656,-0.36101083032490977,-2105,-7,2137,-25,0,6956,0,9700,0,16656,9061,7,7563,25,16656,-8627450,-28900,8759925,-103575,0,28778145,0,40141875,0,68920020,37405595,28900,31381950,103575,68920020
2022-11-02,4140,4140,4080,4120,11065,-0.4830917874396135,609,1,134,-744,0,3800,1,7264,0,11065,3191,0,7130,744,11065,2475600,4120,577375,-3057095,0,15610425,4120,29891750,0,45506295,13134825,0,29314375,3057095,45506295
2022-11-03,4120,4120,4060,4085,8676,-0.8495145631067961,-1071,-607,2399,-721,0,3716,101,4859,0,8676,4787,708,2460,721,8676,-4337100,-2476845,9755030,-2941085,0,15174915,412595,19817930,0,35405440,19512015,2889440,10062900,2941085,35405440
2022-11-04,4050,4100,3900,3950,66306,-3.3047735618115053,-14802,1137,18866,-5201,0,9230,1176,55623,277,66306,24032,39,36757,5478,66306,-58225025,4452110,74610965,-20838050,0,36468865,4607660,219735335,1096740,261908600,94693890,155550,145124370,21934790,261908600
2022-11-07,4100,4100,3920,3955,10862,0.12658227848101267,-1204,99,1748,-643,0,2348,101,8381,32,10862,3552,2,6633,675,10862,-4772140,391580,6912935,-2532375,0,9245515,399435,33007155,125980,42778085,14017655,7855,26094220,2658355,42778085
2022-11-08,3960,4000,3920,3990,13488,0.8849557522123894,1220,0,-55,-1165,0,3493,0,9992,3,13488,2273,0,10047,1168,13488,4850890,0,-244220,-4606670,0,13821450,0,39684910,11855,53518215,8970560,0,39929130,4618525,53518215
2022-11-09,4005,4090,3975,4080,11411,2.2556390977443606,4237,0,-3916,-321,0,5440,0,5970,1,11411,1203,0,9886,322,11411,17090980,0,-15795910,-1295070,0,21971860,0,24017095,4010,45992965,4880880,0,39813005,1299080,45992965
2022-11-10,4100,4100,4010,4040,14067,-0.9803921568627451,2253,-1,-3319,1067,0,3905,0,8777,1385,14067,1652,1,12096,318,14067,9064455,-4015,-13434215,4373775,0,15729635,0,35402300,5665285,56797220,6665180,4015,48836515,1291510,56797220
2022-11-11,4140,4170,4070,4145,21142,2.599009900990099,-604,1,63,540,0,4665,1,15071,1405,21142,5269,0,15008,865,21142,-2387990,4105,177770,2206115,0,19211550,4105,61856135,5774765,86846555,21599540,0,61678365,3568650,86846555
2022-11-14,4155,4155,4070,4105,33124,-0.9650180940892641,6195,-2,-5813,-380,0,15014,0,17545,565,33124,8819,2,23358,945,33124,25404645,-8210,-23842955,-1553480,0,61522235,0,71765930,2318205,135606370,36117590,8210,95608885,3871685,135606370
2022-11-15,4055,4095,4050,4075,15460,-0.730816077953715,-810,15,316,479,0,3798,15,10858,789,15460,4608,0,10542,310,15460,-3300250,61065,1281550,1957635,0,15471115,61065,44267180,3216495,63015855,18771365,0,42985630,1258860,63015855
2022-11-16,4120,4120,4035,4060,43269,-0.36809815950920244,-16355,75,14929,1351,0,3083,75,38478,1633,43269,19438,0,23549,282,43269,-66209035,303000,60444485,5461550,0,12505845,303000,155849795,6612735,175271375,78714880,0,95405310,1151185,175271375
2022-11-17,4150,4150,3955,4045,74072,-0.3694581280788177,7332,0,-6649,-683,0,30970,1,42850,251,74072,23638,1,49499,934,74072,30074715,40,-27365860,-2708895,0,124207885,4000,170950590,1012470,296174945,94133170,3960,198316450,3721365,296174945
2022-11-18,4040,4070,4025,4060,17015,0.3708281829419036,1271,0,-1964,693,0,5103,0,11055,857,17015,3832,0,13019,164,17015,5138025,0,-7942065,2804040,0,20610940,0,44559830,3465680,68636450,15472915,0,52501895,661640,68636450
2022-11-21,4100,4100,4050,4055,37779,-0.12315270935960591,33802,0,-33327,-475,0,34565,1,3213,0,37779,763,1,36540,475,37779,137399495,30,-135472430,-1927095,0,140511890,4090,13069410,0,153585390,3112395,4060,148541840,1927095,153585390
2022-11-22,4100,4100,4035,4080,4850,0.6165228113440198,1896,-782,-1403,289,0,2461,0,2100,289,4850,565,782,3503,0,4850,7668815,-3166165,-5676795,1174145,0,9970660,0,8520735,1174145,19665540,2301845,3166165,14197530,0,19665540
2022-11-23,4095,4095,4065,4075,5410,-0.12254901960784313,201,0,-1070,869,0,2431,0,2107,872,5410,2230,0,3177,3,5410,817320,0,-4352755,3535435,0,9895460,0,8580500,3547645,22023605,9078140,0,12933255,12210,22023605
2022-11-24,4100,4100,4070,4100,15872,0.6134969325153374,4836,0,-5814,978,0,11555,0,3330,987,15872,6719,0,9144,9,15872,19721270,0,-23713940,3992670,0,47135020,0,13606155,4029345,64770520,27413750,0,37320095,36675,64770520
2022-11-25,4150,4155,4085,4115,9690,0.3658536585365854,5247,-1,-5030,-216,0,5346,0,4293,51,9690,99,1,9323,267,9690,21546305,-4105,-20659425,-882775,0,21951380,0,17621100,209605,39782085,405075,4105,38280525,1092380,39782085
2022-11-28,4120,4120,4090,4090,28398,-0.6075334143377886,-477,0,663,-186,0,3224,18000,7107,67,28398,3701,18000,6444,253,28398,-1954360,0,2718825,-764465,0,13203105,73800000,29132210,274040,116409355,15157465,73800000,26413385,1038505,116409355
2022-11-29,4020,4090,3990,4030,32493,-1.466992665036675,15374,1,-13196,-2179,0,17801,1,14337,354,32493,2427,0,27533,2533,32493,61791730,4025,-53018580,-8777175,0,71530090,4025,57531085,1423695,130488895,9738360,0,110549665,10200870,130488895
2022-11-30,4035,4045,4005,4015,12156,-0.37220843672456577,1720,1,-1399,-322,0,2824,1,9016,315,12156,1104,0,10415,637,12156,6913875,4030,-5623855,-1294050,0,11361525,4030,36319965,1269560,48955080,4447650,0,41943820,2563610,48955080
2022-12-01,4160,4160,4020,4075,15418,1.4943960149439601,5188,0,-5621,433,0,8617,0,5984,817,15418,3429,0,11605,384,15418,21062520,0,-22828565,1766045,0,34989900,0,24301065,3326910,62617875,13927380,0,47129630,1560865,62617875
2022-12-02,4200,4200,4070,4070,18391,-0.1226993865030675,3357,-1,-4303,947,0,6208,0,11215,968,18391,2851,1,15518,21,18391,13662085,-4080,-17518915,3860910,0,25338900,0,46089805,3948735,75377440,11676815,4080,63608720,87825,75377440
2022-12-05,4100,4100,4060,4070,18319,0.0,-9674,0,9662,12,0,3352,0,14914,53,18319,13026,0,5252,41,18319,-39423675,0,39374590,49085,0,13653155,0,60747150,215955,74616260,53076830,0,21372560,166870,74616260
2022-12-06,4100,4100,4060,4070,12428,0.0,3255,1,-3270,14,0,6682,1,5345,400,12428,3427,0,8615,386,12428,13255810,4075,-13320740,60855,0,27217340,4075,21745620,1628855,50595890,13961530,0,35066360,1568000,50595890
2022-12-07,4080,4080,4045,4070,4979,0.0,1680,0,-1680,0,0,2590,0,2389,0,4979,910,0,4069,0,4979,6824315,0,-6824315,0,0,10526025,0,9696060,0,20222085,3701710,0,16520375,0,20222085
2022-12-08,4075,4075,4045,4060,7072,-0.2457002457002457,-1123,2,1288,-167,0,4027,2,3038,5,7072,5150,0,1750,172,7072,-4543350,8130,5213300,-678080,0,16372670,8130,12334245,20350,28735395,20916020,0,7120945,698430,28735395
2022-12-09,4070,4070,4045,4060,5176,0.0,180,2,-121,-61,0,3163,2,2008,3,5176,2983,0,2129,64,5176,743435,8120,-503870,-247685,0,12838425,8120,8135785,12150,20994480,12094990,0,8639655,259835,20994480
2022-12-12,4060,4060,4025,4055,5682,-0.12315270935960591,2382,-2,-1843,-537,0,3515,0,2167,0,5682,1133,2,4010,537,5682,9643095,-8095,-7459875,-2175125,0,14213610,0,8746505,0,22960115,4570515,8095,16206380,2175125,22960115
2022-12-13,4060,4060,4000,4020,25121,-0.8631319358816275,2522,0,-2189,-333,0,6252,0,18863,6,25121,3730,0,21052,339,25121,10161415,0,-8823655,-1337760,0,25122915,0,75621245,24060,100768220,14961500,0,84444900,1361820,100768220
2022-12-14,4080,4080,4000,4030,14633,0.24875621890547264,-1034,1,1401,-368,0,6208,1,8424,0,14633,7242,0,7023,368,14633,-4126385,4005,5604140,-1481760,0,25004125,4005,33905755,0,58913885,29130510,0,28301615,1481760,58913885
2022-12-15,4050,4050,4020,4050,10745,0.49627791563275436,-2346,0,2469,-123,0,4739,0,6006,0,10745,7085,0,3537,123,10745,-9492155,0,9987885,-495730,0,19137650,0,24236205,0,43373855,28629805,0,14248320,495730,43373855
2022-12-16,4050,4050,3990,4010,33864,-0.9876543209876543,-14895,0,14712,183,0,11522,0,22133,209,33864,26417,0,7421,26,33864,-59609020,0,58877385,731635,0,46159060,0,88582920,836400,135578380,105768080,0,29705535,104765,135578380
2022-12-19,4050,4050,3960,4015,14301,0.12468827930174563,-3688,-40,3468,260,0,4862,0,9170,269,14301,8550,40,5702,9,14301,-14745890,-160695,13867145,1039440,0,19515590,0,36695175,1075625,57286390,34261480,160695,22828030,36185,57286390
2022-12-20,4095,4095,3985,4015,14138,0.0,1407,100,-1091,-416,0,8836,102,5199,1,14138,7429,2,6290,417,14138,5737850,402515,-4470470,-1669895,0,35496990,410545,20815455,3990,56726980,29759140,8030,25285925,1673885,56726980
2022-12-21,4035,4060,3970,4060,16408,1.1207970112079702,1938,0,-1087,-851,0,8525,2,7868,13,16408,6587,2,8955,864,16408,7773855,5,-4365555,-3408305,0,34142360,7995,31382900,52070,65585325,26368505,7990,35748455,3460375,65585325
2022-12-22,4060,4060,4015,4030,9423,-0.7389162561576355,-158,-1,161,-2,0,5497,2,3924,0,9423,5655,3,3763,2,9423,-640860,-4035,652960,-8065,0,22123815,8045,15795830,0,37927690,22764675,12080,15142870,8065,37927690
2022-12-23,4060,4060,3990,4030,9405,0.0,-1044,-2,1909,-863,0,5059,1,4345,0,9405,6103,3,2436,863,9405,-4167995,-8055,7636900,-3460850,0,20331355,4015,17434525,0,37769895,24499350,12070,9797625,3460850,37769895
2022-12-26,4030,4030,4000,4000,13385,-0.7444168734491315,-3349,-2,4844,-1493,0,5019,1,8362,3,13385,8368,3,3518,1496,13385,-13426050,-8010,19411070,-5977010,0,20107105,4010,33498350,12030,53621495,33533155,12020,14087280,5989040,53621495
2022-12-27,4000,4030,4000,4025,10360,0.625,-3996,-96,4135,-43,0,3959,104,6297,0,10360,7955,200,2162,43,10360,-16033315,-385410,16591665,-172940,0,15910285,418590,25259015,0,41587890,31943600,804000,8667350,172940,41587890
2022-12-28,4065,4065,4025,4030,5217,0.12422360248447205,-379,201,35,143,0,3392,202,1332,291,5217,3771,1,1297,148,5217,-1516655,813160,118210,585285,0,13698185,817200,5365465,1182915,21063765,15214840,4040,5247255,597630,21063765
2022-12-29,4040,4050,4010,4040,11099,0.24813895781637718,1096,-2,-885,-209,0,3349,0,7664,86,11099,2253,2,8549,295,11099,4430730,-8040,-3577810,-844880,0,13528365,0,30945495,346145,44820005,9097635,8040,34523305,1191025,44820005
2023-01-02,4040,4050,3995,4000,8620,-0.9900990099009901,5169,-2,-4383,-784,0,5670,0,2949,1,8620,501,2,7332,785,8620,20808125,-8070,-17648815,-3151240,0,22824645,0,11816650,4015,34645310,2016520,8070,29465465,3155255,34645310
2023-01-03,4130,4130,3990,4025,14344,0.625,5486,4,-3578,-1912,0,5634,4,8690,16,14344,148,0,12268,1928,14344,21967875,16055,-14265740,-7718190,0,22570340,16055,35053935,64080,57704410,602465,0,49319675,7782270,57704410
2023-01-04,4045,4045,3985,4035,5523,0.2484472049689441,3044,-1,-2729,-314,0,3044,1,2478,0,5523,0,2,5207,314,5523,12278510,-4030,-11009150,-1265330,0,12278510,4030,9991310,0,22273850,0,8060,21000460,1265330,22273850
2023-01-05,4040,4400,4025,4375,178133,8.426270136307311,102010,-1381,-98353,-2276,0,134930,5,42359,839,178133,32920,1386,140712,3115,178133,439027715,-6041735,-423163155,-9822825,0,580696425,20905,183336225,3565565,767619120,141668710,6062640,606499380,13388390,767619120
2023-01-06,4300,4355,4045,4295,29685,-1.8285714285714287,18214,-4,-18938,728,0,19210,0,8715,1760,29685,996,4,27653,1032,29685,78938135,-17305,-82001965,3081135,0,83265455,0,37387145,7530265,128182865,4327320,17305,119389110,4449130,128182865
2023-01-09,4330,4330,4110,4260,15912,-0.8149010477299184,6351,72,-6741,318,0,11505,75,3862,470,15912,5154,3,10603,152,15912,27015580,306455,-28663970,1341935,0,48971620,319140,16291835,1989945,67572540,21956040,12685,44955805,648010,67572540
2023-01-10,4260,4325,4215,4300,22207,0.9389671361502347,13860,363,-14422,199,0,17302,364,4142,399,22207,3442,1,18564,200,22207,59550910,1564525,-61961230,845795,0,74364405,1568785,17813555,1704610,95451355,14813495,4260,79774785,858815,95451355
2023-01-11,4340,4395,4300,4380,33958,1.8604651162790697,17676,-3295,-15077,696,0,26909,0,6347,702,33958,9233,3295,21424,6,33958,77032095,-14411290,-65625660,3004855,0,117008915,0,27465740,3031165,147505820,39976820,14411290,93091400,26310,147505820
2023-01-12,4380,4445,4325,4415,31279,0.7990867579908676,26880,-4387,-22188,-305,0,28974,2,2013,290,31279,2094,4389,24201,595,31279,118492290,-19347610,-97796190,-1348490,0,127744485,8770,8852980,1277140,137883375,9252195,19356380,106649170,2625630,137883375
2023-01-13,4420,4440,4400,4440,16220,0.5662514156285391,9118,0,-8918,-200,0,13464,2,2623,131,16220,4346,2,11541,331,16220,40317030,-5,-39433115,-883910,0,59558245,8825,11606670,579445,71753185,19241215,8830,51039785,1463355,71753185
2023-01-16,4500,4565,4295,4535,44160,2.1396396396396398,34660,-1238,-34632,1210,0,39297,1,3228,1634,44160,4637,1239,37860,424,44160,156352135,-5612875,-156170590,5431330,0,177286835,4560,14615080,7338535,199245010,20934700,5617435,170785670,1907205,199245010
2023-01-17,4460,4530,4460,4530,11014,-0.11025358324145534,5801,-1,-3576,-2224,0,6159,1,4841,13,11014,358,2,8417,2237,11014,26233975,-4460,-16166855,-10062660,0,27855535,4525,21831155,58310,49749525,1621560,8985,37998010,10120970,49749525
2023-01-18,4530,4530,4500,4505,13813,-0.5518763796909493,8262,0,-7999,-263,0,10893,0,2822,98,13813,2631,0,10821,361,13813,37325575,0,-36140070,-1185505,0,49222075,0,12745015,442465,62409555,11896500,0,48885085,1627970,62409555
2023-01-19,4530,4530,4455,4520,9848,0.3329633740288568,4930,0,-4214,-716,0,6000,0,3848,0,9848,1070,0,8062,716,9848,22265510,0,-19034650,-3230860,0,27096160,0,17325555,0,44421715,4830650,0,36360205,3230860,44421715
2023-01-20,4530,4530,4460,4515,19888,-0.11061946902654868,1618,100,-2261,543,0,13558,101,5684,545,19888,11940,1,7945,2,19888,7344095,451510,-10242805,2447200,0,61207550,456020,25600415,2456225,89720210,53863455,4510,35843220,9025,89720210
2023-01-25,4515,4515,4315,4485,21114,-0.6644518272425249,11215,-4506,-7330,621,0,13761,0,6585,768,21114,2546,4506,13915,147,21114,50483910,-20078990,-33167580,2762660,0,61916385,0,29387170,3424235,94727790,11432475,20078990,62554750,661575,94727790
2023-01-26,4485,4530,4450,4460,11458,-0.5574136008918618,2783,-23,-2519,-241,0,9760,0,1698,0,11458,6977,23,4217,241,11458,12448960,-103730,-11261700,-1083530,0,43709935,0,7601790,0,51311725,31260975,103730,18863490,1083530,51311725
2023-01-27,4500,4505,4400,4400,16898,-1.345291479820628,-3844,-477,3531,790,0,8657,3,7340,898,16898,12501,480,3809,108,16898,-16835385,-2139500,15488435,3486450,0,38462950,13300,32424295,3966960,74867505,55298335,2152800,16935860,480510,74867505
2023-01-30,4400,4400,4320,4365,17713,-0.7954545454545454,3587,1071,-6212,1554,0,7146,1071,7740,1756,17713,3559,0,13952,202,17713,15792795,4630980,-27200630,6776855,0,31196665,4630980,33706310,7657575,77191530,15403870,0,60906940,880720,77191530
2023-01-31,4400,4515,4290,4290,17486,-1.718213058419244,11867,0,-11703,-164,0,12826,0,4404,256,17486,959,0,16107,420,17486,52315305,0,-51576895,-738410,0,56529000,0,19296700,1130295,76955995,4213695,0,70873595,1868705,76955995
2023-02-01,4285,4500,4285,4390,3667,2.331002331002331,329,0,-240,-89,0,879,0,2549,239,3667,550,0,2789,328,3667,1446885,0,-1046040,-400845,0,3842075,0,11050655,1041870,15934600,2395190,0,12096695,1442715,15934600
2023-02-02,4355,4495,4355,4470,10299,1.8223234624145785,5809,83,-6196,304,0,6407,87,3216,589,10299,598,4,9412,285,10299,25663435,363350,-27347810,1321025,0,28320125,380945,14128500,2585795,45415365,2656690,17595,41476310,1264770,45415365
2023-02-03,4480,4480,4290,4470,19539,0.0,12245,-1119,-11549,423,0,12414,0,6056,1069,19539,169,1119,17605,646,19539,54493850,-5012680,-51374910,1893740,0,55249025,0,26741035,4772340,86762400,755175,5012680,78115945,2878600,86762400
2023-02-06,4480,4480,4410,4440,4515,-0.6711409395973155,523,-100,-185,-238,0,1807,100,2402,206,4515,1284,200,2587,444,4515,2331825,-443150,-822875,-1065800,0,8019275,444000,10655515,913710,20032500,5687450,887150,11478390,1979510,20032500
2023-02-07,4420,4470,4385,4425,4151,-0.33783783783783783,1405,0,-1949,544,0,1555,0,1535,1061,4151,150,0,3484,517,4151,6217075,0,-8618830,2401755,0,6886025,0,6762845,4694450,18343320,668950,0,15381675,2292695,18343320
2023-02-08,4425,4470,4425,4460,13919,0.7909604519774011,-448,0,817,-369,0,2231,0,11688,0,13919,2679,0,10871,369,13919,-2025330,0,3667415,-1642085,0,9917595,0,52084560,0,62002155,11942925,0,48417145,1642085,62002155
2023-02-09,4475,4485,4415,4450,17566,-0.2242152466367713,3920,-1100,-2356,-464,0,8487,0,9078,1,17566,4567,1100,11434,465,17566,17537205,-4921000,-10544070,-2072135,0,37945460,0,40446335,4435,78396230,20408255,4921000,50990405,2076570,78396230
2023-02-10,4450,4480,4415,4445,1349,-0.11235955056179776,493,-377,248,-364,0,493,1,851,4,1349,0,378,603,368,1349,2186115,-1677655,1109640,-1618100,0,2186115,4475,3781170,17720,5989480,0,1682130,2671530,1635820,5989480
2023-02-13,4440,4470,4395,4445,6721,0.0,3656,-375,-2609,-672,0,5093,0,1595,33,6721,1437,375,4204,705,6721,16237035,-1668745,-11586155,-2982135,0,22624500,0,7062475,145260,29832235,6387465,1668745,18648630,3127395,29832235
2023-02-14,4445,4500,4350,4400,22366,-1.0123734533183353,-7230,0,5764,1466,0,6204,0,14027,2135,22366,13434,0,8263,669,22366,-31355590,0,24968550,6387040,0,27373845,0,61606725,9345110,98325680,58729435,0,36638175,2958070,98325680
2023-02-15,4480,4480,4390,4410,12785,0.22727272727272727,7215,6,-6370,-851,0,7341,6,5438,0,12785,126,0,11808,851,12785,31754975,26475,-28034685,-3746765,0,32311265,26475,23954095,0,56291835,556290,0,51988780,3746765,56291835
2023-02-16,4475,4475,4340,4340,19162,-1.5873015873015872,12850,-5,-12588,-257,0,12886,0,6217,59,19162,36,5,18805,316,19162,56002165,-21785,-54849155,-1131225,0,56163195,0,27109580,256650,83529425,161030,21785,81958735,1387875,83529425
2023-02-17,4360,4360,4300,4355,19412,0.3456221198156682,15025,0,-15928,903,0,15358,0,3000,1054,19412,333,0,18928,151,19412,64734970,0,-68610885,3875915,0,66177205,0,12947480,4532765,83657450,1442235,0,81558365,656850,83657450
2023-02-20,4390,4390,4340,4360,2778,0.1148105625717566,224,-2,-174,-48,0,1794,0,983,1,2778,1570,2,1157,49,2778,976025,-8705,-758425,-208895,0,7803355,0,4276990,4345,12084690,6827330,8705,5035415,213240,12084690
2023-02-21,4415,4415,4300,4370,14568,0.22935779816513763,7846,1,-7648,-199,0,8856,1,5550,161,14568,1010,0,13198,360,14568,33927070,4365,-33064090,-867345,0,38317755,4365,23958850,695005,62975975,4390685,0,57022940,1562350,62975975
2023-02-22,4275,4390,4275,4390,7223,0.4576659038901602,4984,0,-4185,-799,0,6064,0,1159,0,7223,1080,0,5344,799,7223,21806490,0,-18314160,-3492330,0,26525010,0,5023350,0,31548360,4718520,0,23337510,3492330,31548360
2023-02-23,4480,4480,4205,4205,67301,-4.214123006833713,-36951,423,35027,1501,0,24893,424,40008,1976,67301,61844,1,4981,475,67301,-156819010,1793420,148710385,6315205,0,105712745,1797760,169782020,8378340,285670865,262531755,4340,21071635,2063135,285670865
2023-02-24,4260,4330,4240,4330,17029,2.972651605231867,4752,-73,-5455,776,0,6326,1,9613,1089,17029,1574,74,15068,313,17029,20379470,-315355,-23366005,3301890,0,27173740,4270,41006625,4635725,72820360,6794270,319625,64372630,1333835,72820360
2023-02-27,4340,4355,4260,4355,8016,0.5773672055427251,4993,0,-4670,-323,0,5815,0,2105,96,8016,822,0,6775,419,8016,21707380,0,-20308105,-1399275,0,25261560,0,9111165,416280,34789005,3554180,0,29419270,1815555,34789005
2023-02-28,4365,4400,4305,4390,12763,0.8036739380022963,9156,-199,-8207,-750,0,9935,2,2826,0,12763,779,201,11033,750,12763,40199680,-868605,-36047470,-3283605,0,43608940,8785,12350100,0,55967825,3409260,877390,48397570,3283605,55967825
2023-03-02,4430,4430,4370,4405,6820,0.3416856492027335,5529,22,-5286,-265,0,5692,23,1105,0,6820,163,1,6391,265,6820,24332990,96800,-23263445,-1166345,0,25051195,101200,4870300,0,30022695,718205,4400,28133745,1166345,30022695
2023-03-03,4425,4425,4350,4400,6080,-0.11350737797956867,482,357,455,-1294,0,3518,357,2204,1,6080,3036,0,1749,1295,6080,2145385,1552950,1990380,-5688715,0,15472470,1552950,9655740,4355,26685515,13327085,0,7665360,5693070,26685515
2023-03-06,4415,4415,4300,4360,10550,-0.9090909090909091,1318,-380,-1292,354,0,4862,0,5063,625,10550,3544,380,6355,271,10550,5809265,-1643045,-5681240,1515020,0,21204050,0,21954455,2703460,45861965,15394785,1643045,27635695,1188440,45861965
2023-03-07,4365,4405,4300,4400,10312,0.9174311926605505,2715,1,-2573,-143,0,5325,1,4985,1,10312,2610,0,7558,144,10312,11840210,4360,-11223525,-621045,0,23186790,4360,21495045,4310,44690505,11346580,0,32718570,625355,44690505
2023-03-08,4315,4400,4315,4355,15355,-1.0227272727272727,5015,0,-4366,-649,0,5037,1,10315,2,15355,22,1,14681,651,15355,21950090,-10,-19115625,-2834455,0,22046450,4380,45226185,8670,67285685,96360,4390,64341810,2843125,67285685
2023-03-09,4360,4365,4335,4360,609,0.1148105625717566,226,1,-35,-192,0,377,2,230,0,609,151,1,265,192,609,983675,4375,-151275,-836775,0,1639570,8720,1001925,0,2650215,655895,4345,1153200,836775,2650215
2023-03-10,4380,4380,4320,4340,1887,-0.45871559633027525,-507,0,1008,-501,0,31,0,1855,1,1887,538,0,847,502,1887,-2200440,0,4372820,-2172380,0,134480,0,8040155,4340,8178975,2334920,0,3667335,2176720,8178975
2023-03-13,4160,4330,4160,4230,23708,-2.5345622119815667,4654,74,-4222,-506,0,5920,75,17373,340,23708,1266,1,21595,846,23708,19863535,314510,-17998145,-2179900,0,25293900,318800,73028520,1429050,100070270,5430365,4290,91026665,3608950,100070270
2023-03-14,4250,4250,4175,4210,9178,-0.4728132387706856,5039,1,-4000,-1040,0,6918,1,2248,11,9178,1879,0,6248,1051,9178,21149550,4185,-16782350,-4371385,0,29032560,4185,9435435,46270,38518450,7883010,0,26217785,4417655,38518450
2023-03-15,4205,4270,4195,4260,8207,1.187648456057007,1085,8,-832,-261,0,6965,9,1211,22,8207,5880,1,2043,283,8207,4604110,33545,-3530510,-1107145,0,29459185,37765,5104840,92635,34694425,24855075,4220,8635350,1199780,34694425
2023-03-16,4200,4245,4150,4190,10236,-1.643192488262911,1138,161,-631,-668,0,5608,161,4439,28,10236,4470,0,5070,696,10236,4827970,672690,-2688705,-2811955,0,23584235,672690,18553480,117200,42927605,18756265,0,21242185,2929155,42927605
2023-03-17,4350,4350,4190,4205,10870,0.35799522673031026,146,-7,-109,-30,0,4924,0,5946,0,10870,4778,7,6055,30,10870,638170,-29415,-481750,-127005,0,20709940,0,24985630,0,45695570,20071770,29415,25467380,127005,45695570
2023-03-20,4205,4205,4130,4195,16177,-0.23781212841854932,1960,-168,-955,-837,0,10273,1,5903,0,16177,8313,169,6858,837,16177,8192015,-697995,-4000090,-3493930,0,42708805,4145,24503735,0,67216685,34516790,702140,28503825,3493930,67216685
2023-03-21,4195,4195,4135,4195,18073,0.0,-230,-1,808,-577,0,5843,0,12219,11,18073,6073,1,11411,588,18073,-932335,-4140,3341550,-2405075,0,24278675,0,50677010,45595,75001280,25211010,4140,47335460,2450670,75001280
2023-03-22,4255,4255,4120,4125,25619,-1.66865315852205,-1429,2,2433,-1006,0,11409,2,14010,198,25619,12838,0,11577,1204,25619,-5809550,8265,9963545,-4162260,0,47248260,8265,57897895,822930,105977350,53057810,0,47934350,4985190,105977350
2023-03-23,4340,4340,4110,4135,16234,0.24242424242424243,2877,-2,-2640,-235,0,3100,0,13107,27,16234,223,2,15747,262,16234,11792305,-8235,-10809795,-974275,0,12759900,0,54928960,111510,67800370,967595,8235,65738755,1085785,67800370
2023-03-24,4240,4240,4100,4150,8288,0.36275695284159615,934,1,-456,-479,0,934,1,7353,0,8288,0,0,7809,479,8288,3874425,4185,-1888395,-1990215,0,3874425,4185,30497675,0,34376285,0,0,32386070,1990215,34376285
2023-03-27,4280,4280,4035,4145,21378,-0.12048192771084339,1149,-2,1427,-2574,0,7458,0,13856,64,21378,6309,2,12429,2638,21378,4808160,-8150,5721425,-10521435,0,30495400,0,56474660,259685,87229745,25687240,8150,50753235,10781120,87229745
2023-03-28,4190,4190,4070,4150,8662,0.12062726176115801,-198,3,1781,-1586,0,4623,3,4026,10,8662,4821,0,2245,1596,8662,-765305,12340,7263705,-6510740,0,19046300,12340,16517065,40750,35616455,19811605,0,9253360,6551490,35616455
2023-03-29,4150,4195,4145,4145,7806,-0.12048192771084339,1410,499,-1532,-377,0,5656,500,1650,0,7806,4246,1,3182,377,7806,5878085,2068340,-6379885,-1566540,0,23498505,2072500,6848130,0,32419135,17620420,4160,13228015,1566540,32419135
2023-03-30,4175,4175,4100,4160,5475,0.3618817852834741,3754,0,-3410,-344,0,3884,0,1579,12,5475,130,0,4989,356,5475,15602165,0,-14178045,-1424120,0,16141955,0,6540610,49295,22731860,539790,0,20718655,1473415,22731860
2023-03-31,4125,4170,4115,4165,6902,0.1201923076923077,3768,-1,-3180,-587,0,5123,0,1731,48,6902,1355,1,4911,635,6902,15680820,-4150,-13233240,-2443430,0,21323410,0,7164870,198295,28686575,5642590,4150,20398110,2641725,28686575
2023-04-03,4165,4170,4135,4170,5899,0.12004801920768307,3475,-1,-3672,198,0,3998,0,1659,242,5899,523,1,5331,44,5899,14463780,-4160,-15282650,823030,0,16642085,0,6894370,1006290,24542745,2178305,4160,22177020,183260,24542745
2023-04-04,4170,4190,4130,4180,8506,0.2398081534772182,5016,202,-5036,-182,0,5360,202,2944,0,8506,344,0,7980,182,8506,20990055,843375,-21072360,-761070,0,22427875,843375,12324060,0,35595310,1437820,0,33396420,761070,35595310
2023-04-05,4185,4185,4130,4175,9151,-0.11961722488038277,-5652,0,5746,-94,0,669,1,8481,0,9151,6321,1,2735,94,9151,-23631745,25,24024565,-392845,0,2790035,4180,35401120,0,38195335,26421780,4155,11376555,392845,38195335
2023-04-06,4170,4265,4145,4230,15099,1.3173652694610778,12084,304,-10600,-1788,0,13609,304,1185,1,15099,1525,0,11785,1789,15099,50467295,1269290,-44274780,-7461805,0,56839820,1269290,4952380,4205,63065695,6372525,0,49227160,7466010,63065695
2023-04-07,4265,4265,4200,4210,18999,-0.4728132387706856,2264,-2,-2208,-54,0,3070,0,15929,0,18999,806,2,18137,54,18999,9547400,-8440,-9310920,-228040,0,12949440,0,67225455,0,80174895,3402040,8440,76536375,228040,80174895
2023-04-10,4210,4210,4140,4150,17345,-1.4251781472684086,4860,-1502,-3002,-356,0,5026,502,11812,5,17345,166,2004,14814,361,17345,20219600,-6276390,-12455930,-1487280,0,20913810,2090340,49156635,20925,72181710,694210,8366730,61612565,1508205,72181710
2023-04-11,4195,4195,4105,4150,8353,0.0,2251,101,-1855,-497,0,2503,101,5749,0,8353,252,0,7604,497,8353,9288620,419155,-7645130,-2062645,0,10326910,419155,23721055,0,34467120,1038290,0,31366185,2062645,34467120
2023-04-12,4160,4200,4125,4165,25110,0.3614457831325301,-613,0,618,-5,0,3810,0,21300,0,25110,4423,0,20682,5,25110,-2582595,0,2603395,-20800,0,15847095,0,89228080,0,105075175,18429690,0,86624685,20800,105075175
2023-04-13,4200,4200,4165,4190,3846,0.6002400960384154,354,-1696,295,1047,0,411,476,1912,1047,3846,57,2172,1617,0,3846,1479390,-7097430,1239285,4378755,0,1717205,1993250,7998475,4378755,16087685,237815,9090680,6759190,0,16087685
2023-04-14,4255,4255,4170,4250,12414,1.431980906921241,3524,-305,-3168,-51,0,4501,0,7064,849,12414,977,305,10232,900,12414,14858300,-1291835,-13360845,-205620,0,18968640,0,29663730,3572880,52205250,4110340,1291835,43024575,3778500,52205250
2023-04-17,4250,4280,4150,4235,8994,-0.35294117647058826,4841,0,-4649,-192,0,5955,0,3020,19,8994,1114,0,7669,211,8994,20562400,0,-19740915,-821485,0,25321280,0,12793435,80490,38195205,4758880,0,32534350,901975,38195205
2023-04-18,4240,4300,4235,4265,16519,0.7083825265643447,-324,0,193,131,0,4780,0,11459,280,16519,5104,0,11266,149,16519,-1395140,0,837915,557225,0,20384865,0,49145125,1193520,70723510,21780005,0,48307210,636295,70723510
2023-04-19,4270,4370,4265,4285,11151,0.4689331770222743,3791,101,-3744,-148,0,5084,101,5960,6,11151,1293,0,9704,154,11151,16262140,432785,-16061585,-633340,0,21795300,432785,25527170,25645,47780900,5533160,0,41588755,658985,47780900
2023-04-20,4370,4370,4245,4265,3416,-0.4667444574095682,-393,0,870,-477,0,361,0,3055,0,3416,754,0,2185,477,3416,-1670490,0,3703220,-2032730,0,1539780,0,13002320,0,14542100,3210270,0,9299100,2032730,14542100
2023-04-21,4265,4295,4200,4285,5430,0.4689331770222743,447,0,-218,-229,0,3289,0,2139,2,5430,2842,0,2357,231,5430,1934150,0,-958510,-975640,0,14032380,0,9080955,8470,23121805,12098230,0,10039465,984110,23121805
2023-04-24,4300,4300,4245,4280,6623,-0.11668611435239205,2793,0,-1783,-1010,0,3954,0,2669,0,6623,1161,0,4452,1010,6623,11913155,0,-7610185,-4302970,0,16858915,0,11354555,0,28213470,4945760,0,18964740,4302970,28213470
2023-04-25,4285,4285,4200,4265,11508,-0.35046728971962615,4110,1000,-4432,-678,0,5109,1000,5399,0,11508,999,0,9831,678,11508,17460245,4245000,-18826880,-2878365,0,21661505,4245000,22818750,0,48725255,4201260,0,41645630,2878365,48725255
2023-04-26,4265,4305,4245,4305,10254,0.9378663540445485,5283,0,-4720,-563,0,5748,0,4502,4,10254,465,0,9222,567,10254,22612620,0,-20192945,-2419675,0,24608575,0,19283400,17220,43909195,1995955,0,39476345,2436895,43909195
2023-04-27,4300,4300,4200,4235,12807,-1.6260162601626018,2399,250,-2697,48,0,2499,250,9806,252,12807,100,0,12503,204,12807,10112250,1053750,-11366295,200295,0,10534250,1053750,41365410,1062450,54015860,422000,0,52731705,862155,54015860
2023-04-28,4230,4290,4195,4275,13278,0.9445100354191263,3636,2000,-5253,-383,0,6165,2001,4888,224,13278,2529,1,10141,607,13278,15471200,8468585,-22305450,-1634335,0,26177795,8472820,20594540,946355,56191510,10706595,4235,42899990,2580690,56191510
2023-05-02,4275,4275,4230,4275,5544,0.0,1454,1,-1472,17,0,3210,1,2281,52,5544,1756,0,3753,35,5544,6179350,4250,-6255645,72045,0,13644815,4250,9688985,220795,23558845,7465465,0,15944630,148750,23558845
2023-05-03,4290,4345,4260,4325,7217,1.1695906432748537,4575,-216,-4371,12,0,5778,3,1355,81,7217,1203,219,5726,69,7217,19700680,-928405,-18823940,51665,0,24900045,12875,5821775,349445,31084140,5199365,941280,24645715,297780,31084140
2023-05-04,4335,4335,4285,4320,9397,-0.11560693641618498,2972,3,-3020,45,0,5743,3,3596,55,9397,2771,0,6616,10,9397,12812560,12905,-13019290,193825,0,24729605,12905,15481605,237125,40461240,11917045,0,28500895,43300,40461240
2023-05-08,4320,4325,4305,4325,14457,0.11574074074074073,3841,-216,-3814,189,0,4073,3,10143,238,14457,232,219,13957,49,14457,16586020,-932040,-16468830,814850,0,17587300,12950,43725760,1026290,62352300,1001280,944990,60194590,211440,62352300
2023-05-09,4345,4345,4300,4335,14599,0.23121387283236997,4263,1756,-6289,270,0,4761,2201,7359,278,14599,498,445,13648,8,14599,18459445,7596925,-27225030,1168660,0,20610245,9519325,31820270,1203220,63153060,2150800,1922400,59045300,34560,63153060
2023-05-10,4335,4390,4300,4355,8456,0.461361014994233,5117,-1,-5798,682,0,5208,0,2566,682,8456,91,1,8364,0,8456,22267140,-4360,-25222245,2959465,0,22663525,0,11129115,2959465,36752105,396385,4360,36351360,0,36752105
2023-05-11,4380,4420,4370,4410,11671,1.2629161882893225,166,-1,-861,696,0,4805,0,6117,749,11671,4639,1,6978,53,11671,745865,-4415,-3799240,3057790,0,21119265,0,26889885,3289965,51299115,20373400,4415,30689125,232175,51299115
2023-05-12,4410,4415,4400,4415,5471,0.11337868480725624,328,1,-329,0,0,1712,1,3758,0,5471,1384,0,4087,0,5471,1436885,4410,-1441295,0,0,7544055,4410,16569745,0,24118210,6107170,0,18011040,0,24118210
2023-05-15,4450,4450,4380,4445,10001,0.6795016987542469,1003,0,-570,-433,0,4122,0,5879,0,10001,3119,0,6449,433,10001,4446975,0,-2525885,-1921090,0,18303155,0,26099680,0,44402835,13856180,0,28625565,1921090,44402835
2023-05-16,4445,4475,4445,4465,4583,0.44994375703037126,2886,1,-2540,-347,0,3014,2,1556,11,4583,128,1,4096,358,4583,12902250,4485,-11357975,-1548760,0,13474350,8950,6947685,49125,20480110,572100,4465,18305660,1597885,20480110
2023-05-17,4465,4495,4380,4470,8954,0.11198208286674133,2740,0,-2301,-439,0,3016,0,5872,66,8954,276,0,8173,505,8954,12236960,0,-10279625,-1957335,0,13468800,0,26146645,293395,39908840,1231840,0,36426270,2250730,39908840
2023-05-18,4490,4490,4470,4485,7894,0.33557046979865773,4195,1,-3961,-235,0,5972,1,1921,0,7894,1777,0,5882,235,7894,18807980,4480,-17759880,-1052580,0,26769285,4480,8608405,0,35382170,7961305,0,26368285,1052580,35382170
2023-05-19,4495,4495,4460,4490,5035,0.11148272017837235,3738,-2,-3676,-60,0,4280,1,754,0,5035,542,3,4430,60,5035,16775280,-8965,-16497485,-268830,0,19208860,4490,3382705,0,22596055,2433580,13455,19880190,268830,22596055
2023-05-22,4495,4500,4475,4490,8898,0.0,1048,1,-1049,0,0,4976,1,3921,0,8898,3928,0,4970,0,8898,4704465,4490,-4708955,0,0,22334780,4490,17611085,0,39950355,17630315,0,22320040,0,39950355
2023-05-23,4500,4500,4460,4460,9872,-0.6681514476614699,-320,-100,609,-189,0,3140,0,6731,1,9872,3460,100,6122,190,9872,-1450775,-446000,2741585,-844810,0,14040600,0,30125810,4470,44170880,15491375,446000,27384225,849280,44170880
2023-05-24,4465,4465,4430,4440,6982,-0.4484304932735426,1579,-1,-1354,-224,0,2083,0,4899,0,6982,504,1,6253,224,6982,7021725,-4430,-6018255,-999040,0,9255465,0,21747835,0,31003300,2233740,4430,27766090,999040,31003300
2023-05-25,4440,4470,4410,4420,12378,-0.45045045045045046,-771,-1099,1812,58,0,2415,1,9904,58,12378,3186,1100,8092,0,12378,-3402530,-4869565,8015155,256940,0,10683415,4435,43825365,256940,54770155,14085945,4874000,35810210,0,54770155
2023-05-26,4405,4490,4395,4400,18408,-0.4524886877828055,2609,0,-2482,-127,0,5312,0,13031,65,18408,2703,0,15513,192,18408,11524600,0,-10961460,-563140,0,23474020,0,57528825,286615,81289460,11949420,0,68490285,849755,81289460
2023-05-30,4385,4390,4290,4375,24879,-0.5681818181818182,8859,3499,-11342,-1016,0,11596,5501,7637,145,24879,2737,2002,18979,1161,24879,38597955,15304830,-49456715,-4446070,0,50554390,24037075,33106455,626400,108324320,11956435,8732245,82563170,5072470,108324320
2023-05-31,4375,4385,4350,4375,16386,0.0,6590,1,-6089,-502,0,10221,1,6146,18,16386,3631,0,12235,520,16386,28849220,4375,-26657960,-2195635,0,44728135,4375,26876220,78405,71687135,15878915,0,53534180,2274040,71687135
2023-06-01,4400,4400,4340,4360,16220,-0.34285714285714286,5354,-2,-4808,-544,0,6695,0,9520,5,16220,1341,2,14328,549,16220,23309055,-8685,-20935670,-2364700,0,29131595,0,41372915,21750,70526260,5822540,8685,62308585,2386450,70526260
2023-06-02,4375,4390,4350,4365,17112,0.11467889908256881,4860,1,-4996,135,0,6384,1,10478,249,17112,1524,0,15474,114,17112,21262855,4385,-21856780,589540,0,27907960,4385,45684720,1087385,74684450,6645105,0,67541500,497845,74684450
2023-06-05,4365,4425,4360,4410,11764,1.0309278350515463,910,1,-1754,843,0,2931,1,7985,847,11764,2021,0,9739,4,11764,4017950,4360,-7722245,3699935,0,12834945,4360,34983065,3717475,51539845,8816995,0,42705310,17540,51539845
2023-06-07,4420,4465,4390,4455,12520,1.0204081632653061,4746,-1,-5456,711,0,6205,0,5464,851,12520,1459,1,10920,140,12520,21087350,-4400,-24215645,3132695,0,27511530,0,24229225,3755690,55496445,6424180,4400,48444870,622995,55496445
2023-06-08,4455,4475,4395,4460,8788,0.11223344556677892,3638,-2,-3648,12,0,3748,0,4995,45,8788,110,2,8643,33,8788,16233180,-8885,-16274625,50330,0,16723680,0,22158815,197775,39080270,490500,8885,38433440,147445,39080270
2023-06-09,4465,4495,4465,4480,10729,0.4484304932735426,6142,-2,-6062,-78,0,6142,0,4587,0,10729,0,2,10649,78,10729,27549830,-8950,-27191615,-349265,0,27549830,0,20578010,0,48127840,0,8950,47769625,349265,48127840
2023-06-12,4490,4490,4455,4455,6582,-0.5580357142857143,3222,596,-3787,-31,0,3632,596,2349,5,6582,410,0,6136,36,6582,14393815,2661160,-16916395,-138580,0,16225540,2661160,10482935,22325,29391960,1831725,0,27399330,160905,29391960
2023-06-13,4475,4475,4445,4445,13258,-0.22446689113355783,5147,1,-5362,214,0,6411,1,6632,214,13258,1264,0,11994,0,13258,22923520,4460,-23881350,953370,0,28558475,4460,29527220,953370,59043525,5634955,0,53408570,0,59043525
2023-06-14,4415,4440,4410,4415,9985,-0.6749156355455568,3585,-1740,-1955,110,0,3855,0,5987,143,9985,270,1740,7942,33,9985,15903730,-7682705,-8705320,484295,0,17099030,0,26488810,630630,44218470,1195300,7682705,35194130,146335,44218470
2023-06-15,4405,4425,4400,4405,14215,-0.22650056625141565,3091,1,-3097,5,0,4423,1,9786,5,14215,1332,0,12883,0,14215,13644020,4425,-13670470,22025,0,19522705,4425,43215820,22025,62764975,5878685,0,56886290,0,62764975
2023-06-16,4405,4415,4385,4405,18434,0.0,4759,0,-5005,246,0,13144,0,5043,247,18434,8385,0,10048,1,18434,20992275,0,-22077145,1084870,0,57874680,0,22182280,1089270,81146230,36882405,0,44259425,4400,81146230
2023-06-19,4410,4410,4380,4395,7465,-0.22701475595913734,1509,1,-1322,-188,0,4680,1,2784,0,7465,3171,0,4106,188,7465,6653200,4400,-5831175,-826425,0,20587195,4400,12220275,0,32811870,13933995,0,18051450,826425,32811870
2023-06-20,4390,4400,4115,4365,10819,-0.6825938566552902,807,0,-417,-390,0,1288,0,9529,2,10819,481,0,9946,392,10819,3518545,0,-1812820,-1705725,0,5616920,0,41361130,8740,46986790,2098375,0,43173950,1714465,46986790
2023-06-21,4365,4420,4260,4325,5147,-0.9163802978235969,1170,2,-698,-474,0,2013,2,3117,15,5147,843,0,3815,489,5147,5061935,8670,-3006090,-2064515,0,8723070,8670,13552890,64450,22349080,3661135,0,16558980,2128965,22349080
2023-06-22,4305,4330,4280,4305,16180,-0.46242774566473993,-5701,156,5935,-390,0,1932,158,14087,3,16180,7633,2,8152,393,16180,-24578175,670060,25585165,-1677050,0,8292200,678645,60772840,12915,69756600,32870375,8585,35187675,1689965,69756600
2023-06-23,4360,4360,4310,4310,3643,0.11614401858304298,370,802,-794,-378,0,1027,802,1814,0,3643,657,0,2608,378,3643,1588400,3464150,-3416055,-1636495,0,4436495,3464150,7842760,0,15743405,2848095,0,11258815,1636495,15743405
2023-06-26,4410,4410,4310,4315,3982,0.11600928074245939,-23,-3,350,-324,0,1102,0,2880,0,3982,1125,3,2530,324,3982,-93890,-12945,1506315,-1399480,0,4756530,0,12425050,0,17181580,4850420,12945,10918735,1399480,17181580
2023-06-27,4315,4380,4305,4310,15671,-0.11587485515643105,-4716,1,5007,-292,0,3452,2,12176,41,15671,8168,1,7169,333,15671,-20316360,4320,21573575,-1261535,0,14918670,8625,52496445,176915,67600655,35235030,4305,30922870,1438450,67600655
2023-06-28,4430,4430,4240,4270,43161,-0.9280742459396751,-13401,0,12911,490,0,15740,1,26772,648,43161,29141,1,13861,158,43161,-57269395,45,55179665,2089685,0,67214940,4305,114396920,2763940,184380105,124484335,4260,59217255,674255,184380105
2023-06-29,4300,4360,4265,4350,63787,1.873536299765808,23489,0,-24271,782,0,27787,1,35058,941,63787,4298,1,59329,159,63787,101038380,45,-104418765,3380340,0,119585990,4320,150529020,4062875,274182205,18547610,4275,254947785,682535,274182205
2023-06-30,4285,4400,4285,4390,30081,0.9195402298850575,12468,999,-14898,1431,0,16873,1000,10763,1445,30081,4405,1,25661,14,30081,54717690,4390605,-65391655,6283360,0,74083710,4395000,47219635,6344775,132043120,19366020,4395,112611290,61415,132043120
2023-07-03,4400,4400,4300,4380,25974,-0.22779043280182232,12820,-2,-12706,-112,0,13725,0,11485,764,25974,905,2,24191,876,25974,56262125,-8775,-55763595,-489755,0,60243325,0,50225005,3354300,113822630,3981200,8775,105988600,3844055,113822630
2023-07-04,4400,4400,4330,4355,25817,-0.5707762557077625,8343,1,-9072,728,0,11691,1,13248,877,25817,3348,0,22320,149,25817,36280195,4360,-39444965,3160410,0,50819725,4360,57581970,3809875,112215930,14539530,0,97026935,649465,112215930
2023-07-05,4350,4365,4335,4355,25157,0.0,-2236,0,3029,-793,0,8487,0,16670,0,25157,10723,0,13641,793,25157,-9729810,0,13181960,-3452150,0,36961050,0,72585305,0,109546355,46690860,0,59403345,3452150,109546355
2023-07-06,4330,4360,4255,4275,24031,-1.8369690011481057,4111,1,-4501,389,0,11008,1,12633,389,24031,6897,0,17134,0,24031,17812630,4340,-19485815,1668845,0,47397035,4340,54325025,1668845,103395245,29584405,0,73810840,0,103395245
2023-07-07,4275,4275,4200,4230,31521,-1.0526315789473684,4875,0,-4219,-656,0,16442,0,15018,61,31521,11567,0,19237,717,31521,20760175,0,-17987005,-2773170,0,69723405,0,63520675,257120,133501200,48963230,0,81507680,3030290,133501200
2023-07-10,4230,4300,4165,4185,39175,-1.0638297872340425,-8343,0,6175,2168,0,8952,0,27994,2229,39175,17295,0,21819,61,39175,-35028030,0,25909690,9118340,0,37641495,0,117655320,9378515,164675330,72669525,0,91745630,260175,164675330
2023-07-11,4200,4230,4155,4220,11718,0.8363201911589008,5019,-1441,-1902,-1676,0,6869,799,4040,10,11718,1850,2240,5942,1686,11718,21105845,-6081330,-7973520,-7050995,0,28870980,3342310,16931615,41740,49186645,7765135,9423640,24905135,7092735,49186645
2023-07-12,4220,4280,4160,4200,16392,-0.47393364928909953,4961,-399,-5081,519,0,9688,500,5656,548,16392,4727,899,10737,29,16392,20921805,-1676820,-21420985,2176000,0,40767950,2100000,23736105,2297810,68901865,19846145,3776820,45157090,121810,68901865
2023-07-13,4285,4285,4155,4165,54488,-0.8333333333333334,-14639,1478,11728,1433,0,14482,1481,37079,1446,54488,29121,3,25351,13,54488,-61115840,6168615,48963635,5983590,0,60417850,6181135,154720795,6037995,227357775,121533690,12520,105757160,54405,227357775
2023-07-14,4175,4260,4155,4200,19328,0.8403361344537815,1678,1000,-3657,979,0,9093,1000,8199,1036,19328,7415,0,11856,57,19328,7104165,4195700,-15407720,4107855,0,38178140,4195700,34417670,4347250,81138760,31073975,0,49825390,239395,81138760
2023-07-17,4200,4200,4155,4200,25890,0.0,11856,-1999,-10779,922,0,14002,1,10965,922,25890,2146,2000,21744,0,25890,49616650,-8356810,-45116465,3856625,0,58605760,4195,45708890,3856625,108175470,8989110,8361005,90825355,0,108175470
2023-07-18,4170,4195,4130,4190,38114,-0.2380952380952381,1310,1070,-3400,1020,0,13795,1072,21515,1732,38114,12485,2,24915,712,38114,5377450,4478165,-14124490,4268875,0,57341915,4486495,89513555,7250270,158592235,51964465,8330,103638045,2981395,158592235
2023-07-19,4190,4190,4145,4175,17287,-0.35799522673031026,6917,2,-5985,-934,0,9125,2,8003,157,17287,2208,0,13988,1091,17287,28794055,8350,-24904565,-3897840,0,38023495,8350,33269700,651560,71953105,9229440,0,58174265,4549400,71953105
2023-07-20,4175,4230,4125,4210,48940,0.8383233532934131,-2527,0,286,2241,0,25571,0,21125,2244,48940,28098,0,20839,3,48940,-10537905,0,1157885,9380020,0,106656040,0,87850820,9392570,203899430,117193945,0,86692935,12550,203899430
2023-07-21,4280,4280,4195,4225,9376,0.35629453681710216,4000,0,-3475,-525,0,5930,0,3446,0,9376,1930,0,6921,525,9376,16876790,0,-14662095,-2214695,0,24990355,0,14490325,0,39480680,8113565,0,29152420,2214695,39480680
2023-07-24,4225,4225,4135,4160,26235,-1.5384615384615385,-3931,1,6002,-2072,0,10666,1,15360,208,26235,14597,0,9358,2280,26235,-16276790,4155,24881750,-8609115,0,44278520,4155,63756715,863990,108903380,60555310,0,38874965,9473105,108903380
2023-07-25,4160,4165,4120,4130,12206,-0.7211538461538461,-424,-349,2190,-1417,0,2354,0,9852,0,12206,2778,349,7662,1417,12206,-1751560,-1449945,9090775,-5889270,0,9739875,0,40851065,0,50590940,11491435,1449945,31760290,5889270,50590940
2023-07-26,4175,4240,4065,4090,36237,-0.9685230024213075,3031,4,4766,-7801,0,18072,4,16579,1582,36237,15041,0,11813,9383,36237,12611330,16375,19251825,-31879530,0,74164500,16375,67894125,6490110,148565110,61553170,0,48642300,38369640,148565110
2023-07-27,4010,4130,4010,4060,39015,-0.7334963325183375,7355,0,-9333,1978,0,23646,1,13377,1991,39015,16291,1,22710,13,39015,30368000,0,-38449540,8081540,0,96854820,4075,54287795,8134760,159281450,66486820,4075,92737335,53220,159281450
2023-07-28,4115,4115,4055,4100,10991,0.9852216748768473,2793,-166,-1996,-631,0,5018,0,5967,6,10991,2225,166,7963,637,10991,11442550,-674785,-8190320,-2577445,0,20476105,0,24312905,24390,44813400,9033555,674785,32503225,2601835,44813400
2023-07-31,4135,4135,4065,4120,7893,0.4878048780487805,3789,2,-2516,-1275,0,6419,2,1471,1,7893,2630,0,3987,1276,7893,15591010,8180,-10367130,-5232060,0,26376860,8180,6015325,4110,32404475,10785850,0,16382455,5236170,32404475
2023-08-01,4130,4170,4085,4160,12947,0.9708737864077669,1281,0,-1173,-108,0,7039,3,5893,12,12947,5758,3,7066,120,12947,5369370,100,-4923890,-445580,0,29121510,12430,24331490,49920,53515350,23752140,12330,29255380,495500,53515350
2023-08-02,4160,4205,4150,4190,16470,0.7211538461538461,9154,-14,-8323,-817,0,10808,3,5652,7,16470,1654,17,13975,824,16470,38422435,-58790,-34935120,-3428525,0,45357640,12585,23716680,29295,69116200,6935205,71375,58651800,3457820,69116200
2023-08-03,4195,4220,4165,4165,12043,-0.5966587112171837,5295,-11,-5011,-273,0,10055,3,1965,20,12043,4760,14,6976,293,12043,22202995,-45775,-21013050,-1144170,0,42118975,12605,8231395,83500,50446475,19915980,58380,29244445,1227670,50446475
2023-08-04,4220,4225,4130,4225,15656,1.440576230492197,1752,1,-1963,210,0,6631,1,8804,220,15656,4879,0,10767,10,15656,7297550,4165,-8173465,871750,0,27615235,4165,36675020,913900,65208320,20317685,0,44848485,42150,65208320
2023-08-07,4225,4225,4140,4225,11527,0.0,-1170,261,1463,-554,0,5562,383,5386,196,11527,6732,122,3923,750,11527,-4859080,1074720,6107520,-2323160,0,23190830,1590170,22460385,813610,48054995,28049910,515450,16352865,3136770,48054995
2023-08-08,4230,4230,4120,4120,9673,-2.485207100591716,-2528,80,3595,-1147,0,920,84,8664,5,9673,3448,4,5069,1152,9673,-10510425,333905,14972070,-4795550,0,3847710,350635,36003565,20855,40222765,14358135,16730,21031495,4816405,40222765
2023-08-09,4140,4190,4105,4130,10434,0.24271844660194172,-3213,388,2460,365,0,1612,389,7781,652,10434,4825,1,5321,287,10434,-13211965,1602085,10112335,1497545,0,6716890,1606200,32114395,2695990,43133475,19928855,4115,22002060,1198445,43133475
2023-08-10,4130,4140,4085,4140,58003,0.24213075060532688,-10369,42,8698,1629,0,37632,44,18354,1973,58003,48001,2,9656,344,58003,-42466455,173040,35607275,6686140,0,154485955,181225,75359020,8100000,238126200,196952410,8185,39751745,1413860,238126200
2023-08-11,4140,4140,4100,4100,3288,-0.966183574879227,99,309,-332,-76,0,891,310,2073,14,3288,792,1,2405,90,3288,400560,1271680,-1360675,-311565,0,3653650,1275780,8519230,57610,13506270,3253090,4100,9879905,369175,13506270
2023-08-14,4100,4300,4040,4070,29151,-0.7317073170731708,-2942,196,3745,-999,0,10832,197,18003,119,29151,13774,1,14258,1118,29151,-11933435,794855,15226180,-4087600,0,43898480,798900,73136470,481260,118315110,55831915,4045,57910290,4568860,118315110
2023-08-16,4100,4100,4050,4075,11167,0.12285012285012285,5901,15,-5657,-259,0,6201,15,4950,1,11167,300,0,10607,260,11167,24014255,60995,-23020990,-1054260,0,25234425,60995,20161925,4070,45461415,1220170,0,43182915,1058330,45461415
2023-08-17,4060,4060,3920,4025,7291,-1.2269938650306749,328,34,43,-405,0,1477,36,5714,64,7291,1149,2,5671,469,7291,1305270,137080,195760,-1638110,0,5935590,145120,22912095,253800,29246605,4630320,8040,22716335,1891910,29246605
2023-08-18,4070,4070,4010,4035,4512,0.2484472049689441,-33,0,27,6,0,44,1,4447,20,4512,77,1,4420,14,4512,-132420,15,108950,23455,0,177095,4030,17882045,80355,18143525,309515,4015,17773095,56900,18143525
2023-08-21,4100,4100,3875,3995,16934,-0.9913258983890955,-6547,49,6900,-402,0,4681,50,12198,5,16934,11228,1,5298,407,16934,-26189575,196505,27605485,-1612415,0,18691280,200500,48750565,20025,67662370,44880855,3995,21145080,1632440,67662370
2023-08-22,3995,4020,3985,4000,11270,0.1251564455569462,-3031,51,3180,-200,0,2492,52,8703,23,11270,5523,1,5523,223,11270,-12112835,204000,12708325,-799490,0,9937240,208000,34787110,91795,45024145,22050075,4000,22078785,891285,45024145
2023-08-23,4025,4025,3975,3985,14075,-0.375,786,38,-316,-508,0,7843,38,6163,31,14075,7057,0,6479,539,14075,3186780,151250,-1310405,-2027625,0,31329830,151250,24566305,123395,56170780,28143050,0,25876710,2151020,56170780
2023-08-24,4025,4060,3950,3990,10659,0.12547051442910914,-2848,-1,2891,-42,0,3842,0,6783,34,10659,6690,1,3892,76,10659,-11363430,-4000,11536550,-169120,0,15379265,0,27073275,134750,42587290,26742695,4000,15536725,303870,42587290
2023-08-25,3955,4030,3955,4030,9791,1.0025062656641603,-327,16,176,135,0,3322,17,6300,152,9791,3649,1,6124,17,9791,-1292050,63690,689565,538795,0,13289065,67675,25102825,607135,39066700,14581115,3985,24413260,68340,39066700
2023-08-28,4040,4100,4020,4100,8782,1.7369727047146404,-6974,24,6458,492,0,964,25,7301,492,8782,7938,1,843,0,8782,-28170870,96815,26077705,1996350,0,3913395,100870,29506425,1996350,35517040,32084265,4055,3428720,0,35517040
2023-08-29,4115,4120,4065,4095,9713,-0.12195121951219512,-194,212,-73,55,0,2819,215,6578,101,9713,3013,3,6651,46,9713,-788705,866620,-301850,223935,0,11529420,878910,26900685,412870,39721885,12318125,12290,27202535,188935,39721885
2023-08-30,4105,4115,4080,4105,11491,0.2442002442002442,-1622,100,1572,-50,0,3384,102,8005,0,11491,5006,2,6433,50,11491,-6623025,409505,6418770,-205250,0,13854660,417695,32794290,0,47066645,20477685,8190,26375520,205250,47066645
2023-08-31,4105,4110,4070,4105,13873,0.0,9722,199,-9909,-12,0,10637,200,3036,0,13873,915,1,12945,12,13873,39833060,815405,-40599385,-49080,0,43584850,819500,12439500,0,56843850,3751790,4095,53038885,49080,56843850
2023-09-01,4105,4115,4085,4100,9873,-0.12180267965895249,-816,-1,499,318,0,2829,0,6722,322,9873,3645,1,6223,4,9873,-3304365,-4105,2002600,1305870,0,11614845,0,27537725,1322250,40474820,14919210,4105,25535125,16380,40474820
2023-09-04,4140,4140,4040,4105,15539,0.12195121951219512,1696,639,-2431,96,0,6353,640,8427,119,15539,4657,1,10858,23,15539,6854485,2593235,-9838115,390395,0,25751705,2597325,34176355,484955,63010340,18897220,4090,44014470,94560,63010340
2023-09-05,4055,4100,4030,4080,21514,-0.6090133982947624,-15517,3545,11729,243,0,2366,3551,15298,299,21514,17883,6,3569,56,21514,-62822965,14371810,47470515,980640,0,9581460,14396125,61971105,1208250,87156940,72404425,24315,14500590,227610,87156940
2023-09-06,4060,4080,4020,4075,21435,-0.12254901960784313,-8950,326,8736,-112,0,4193,333,16835,74,21435,13143,7,8099,186,21435,-36062010,1312790,35201145,-451925,0,16923975,1341030,67841235,298990,86405230,52985985,28240,32640090,750915,86405230
2023-09-07,4050,4055,4005,4050,12031,-0.6134969325153374,-3215,124,3032,59,0,3601,126,8218,86,12031,6816,2,5186,27,12031,-12900360,498065,12165370,236925,0,14503035,506120,33024825,345470,48379450,27403395,8055,20859455,108545,48379450
2023-09-08,4060,4070,4035,4065,5164,0.3703703703703704,-2399,-13,1587,825,0,2126,0,2213,825,5164,4525,13,626,0,5164,-9690670,-52605,6407055,3336220,0,8605835,0,8946160,3336220,20888215,18296505,52605,2539105,0,20888215
2023-09-11,4065,4070,4035,4055,7072,-0.24600246002460024,-2084,0,1255,829,0,3043,0,3167,862,7072,5127,0,1912,33,7072,-8442555,0,5085355,3357200,0,12325740,0,12824190,3491070,28641000,20768295,0,7738835,133870,28641000
2023-09-12,4090,4090,4015,4045,19845,-0.2466091245376079,-13001,258,12469,274,0,3642,258,15617,328,19845,16643,0,3148,54,19845,-52352560,1038405,50206760,1107395,0,14673510,1038405,62886445,1324555,79922915,67026070,0,12679685,217160,79922915
2023-09-13,4045,4055,4015,4040,10911,-0.12360939431396785,419,0,-197,-222,0,7765,0,3139,7,10911,7346,0,3336,229,10911,1718295,0,-820930,-897365,0,31339460,0,12648050,28140,44015650,29621165,0,13468980,925505,44015650
2023-09-14,4035,4040,4025,4035,10482,-0.12376237623762376,246,51,-1038,741,0,3846,51,5844,741,10482,3600,0,6882,0,10482,997695,205780,-4190380,2986905,0,15499560,205780,23556935,2986905,42249180,14501865,0,27747315,0,42249180
2023-09-15,4055,4065,4010,4040,27987,0.12391573729863693,-3758,200,1926,1632,0,8879,200,17276,1632,27987,12637,0,15350,0,27987,-15116510,805000,7724225,6587285,0,35734550,805000,69536365,6587285,112663200,50851060,0,61812140,0,112663200
2023-09-18,4050,4070,4025,4070,11928,0.7425742574257426,-4480,53,3257,1170,0,4520,54,6180,1174,11928,9000,1,2923,4,11928,-18036600,213300,13102745,4720555,0,18261755,217350,24922990,4736675,48138770,36298355,4050,11820245,16120,48138770
2023-09-19,4055,4070,4020,4070,16490,0.0,-5433,3100,2095,238,0,6221,3100,6923,246,16490,11654,0,4828,8,16490,-21878680,12477500,8442265,958915,0,25062045,12477500,27878155,991180,66408880,46940725,0,19435890,32265,66408880
2023-09-20,4070,4075,4025,4070,16411,0.0,10243,-10497,200,54,0,10435,2000,3915,61,16411,192,12497,3715,7,16411,41409510,-42338525,710305,218710,0,42191035,8065000,15788855,247105,66291995,781525,50403525,15078550,28395,66291995
2023-09-21,4070,4075,4035,4055,7973,-0.36855036855036855,3203,501,-3642,-62,0,5915,501,1522,35,7973,2712,0,5164,97,7973,13036720,2031055,-14815830,-251945,0,24019055,2031055,6158155,141970,32350235,10982335,0,20973985,393915,32350235
2023-09-22,4055,4070,4050,4060,12170,0.12330456226880394,4744,200,-5315,371,0,6372,200,5108,490,12170,1628,0,10423,119,12170,19257750,811000,-21576385,1507635,0,25873490,811000,20754670,1990925,49430085,6615740,0,42331055,483290,49430085
2023-09-25,4080,4080,4055,4070,10943,0.24630541871921183,2843,500,-4357,1014,0,7487,500,1916,1040,10943,4644,0,6273,26,10943,11574660,2030000,-17732605,4127945,0,30471305,2030000,7792415,4233600,44527320,18896645,0,25525020,105655,44527320
2023-09-26,4070,4070,4050,4050,10063,-0.4914004914004914,2905,290,-3195,0,0,3005,290,6768,0,10063,100,0,9963,0,10063,11780145,1175850,-12955995,0,0,12185200,1175850,27505425,0,40866475,405055,0,40461420,0,40866475
2023-09-27,4050,4070,4040,4065,1654,0.3703703703703704,-172,300,-256,128,0,529,300,673,152,1654,701,0,929,24,1654,-695100,1215000,-1037980,518080,0,2138390,1215000,2728650,615295,6697335,2833490,0,3766630,97215,6697335
2023-10-04,4040,4060,4030,4050,9534,-0.36900369003690037,2889,533,-8066,4644,0,2929,533,1400,4672,9534,40,0,9466,28,9534,11658870,2151320,-32594770,18784580,0,11820470,2151320,5654685,18897810,38524285,161600,0,38249455,113230,38524285
2023-10-05,4070,4080,4045,4055,17129,0.12345679012345678,1543,302,-12580,10735,0,4291,302,1661,10875,17129,2748,0,14241,140,17129,6285830,1223110,-51271125,43762185,0,17404250,1223110,6730455,44328930,69686745,11118420,0,58001580,566745,69686745
2023-10-06,4040,4070,4035,4065,15640,0.2466091245376079,3933,1500,-12606,7173,0,3934,1500,3021,7185,15640,1,0,15627,12,15640,15946735,6054000,-50943620,28942885,0,15950795,6054000,12222325,28991475,63218595,4060,0,63165945,48590,63218595
2023-10-10,4050,4150,4030,4040,16855,-0.6150061500615006,-2612,300,-4855,7167,0,3333,300,6053,7169,16855,5945,0,10908,2,16855,-10438065,1215000,-19681310,28904375,0,13589645,1215000,24451635,28912665,68168945,24027710,0,44132945,8290,68168945
2023-10-11,4070,4070,4060,4065,2115,0.6188118811881188,1458,200,-1659,1,0,1458,201,455,1,2115,0,1,2114,0,2115,5925775,812005,-6741840,4060,0,5925775,816065,1848480,4060,8594380,0,4060,8590320,0,8594380
2023-10-12,4065,4080,4035,4070,1353,0.12300123001230012,632,132,-1042,278,0,654,133,288,278,1353,22,1,1330,0,1353,2573110,535920,-4239435,1130405,0,2662540,539990,1168545,1130405,5501480,89430,4070,5407980,0,5501480
2023-10-13,4070,4135,4065,4070,7865,0.0,2081,190,-5608,3337,0,2333,413,1758,3361,7865,252,223,7366,24,7865,8489070,773300,-22846910,13584540,0,9514710,1680910,7158530,13682640,32036790,1025640,907610,30005440,98100,32036790
2023-10-16,4070,4100,4060,4085,19165,0.36855036855036855,9274,367,-9652,11,0,9274,368,9512,11,19165,0,1,19164,0,19165,37888870,1493685,-39427380,44825,0,37888870,1497760,38812665,44825,78244120,0,4075,78240045,0,78244120
2023-10-17,4085,4130,4085,4130,13728,1.101591187270502,987,0,-6325,5338,0,1698,0,6691,5339,13728,711,0,13016,1,13728,4034875,0,-25883010,21848135,0,6966305,0,27575340,21852260,56393905,2931430,0,53458350,4125,56393905
2023-10-18,4130,4175,4105,4175,17368,1.0895883777239708,2753,815,-4037,469,0,4668,815,11409,476,17368,1915,0,15446,7,17368,11412700,3368100,-16721185,1940385,0,19344360,3368100,47173765,1969335,71855560,7931660,0,63894950,28950,71855560
2023-10-19,4120,4210,4120,4200,16327,0.5988023952095809,-2718,995,-7848,9571,0,41,995,5654,9637,16327,2759,0,13502,66,16327,-11396400,4149475,-32863705,40110630,0,170745,4149475,23595040,40385190,68300450,11567145,0,56458745,274560,68300450
2023-10-20,4200,4250,4160,4240,19064,0.9523809523809524,407,1535,-6251,4309,0,4056,1536,8318,5154,19064,3649,1,14569,845,19064,1720190,6463400,-26481655,18298065,0,17103370,6467610,35080195,21859795,80510970,15383180,4210,61561850,3561730,80510970
2023-10-23,4235,4240,4100,4120,11639,-2.8301886792452833,-3968,1565,-601,3004,0,1109,1565,5273,3692,11639,5077,0,5874,688,11639,-16410010,6533330,-2471125,12347805,0,4606685,6533330,21878340,15202745,48221100,21016695,0,24349465,2854940,48221100
2023-10-24,4105,4195,4105,4190,14665,1.6990291262135921,160,1200,-8380,7020,0,3529,1201,2135,7800,14665,3369,1,10515,780,14665,836990,4956745,-34693280,28899545,0,14744690,4960860,8874225,32139945,60719720,13907700,4115,43567505,3240400,60719720
2023-10-25,4190,4370,4175,4205,18299,0.35799522673031026,4351,-4,-4912,565,0,4369,0,13365,565,18299,18,4,18277,0,18299,18300365,-16815,-20659270,2375720,0,18376215,0,57090890,2375720,77842825,75850,16815,77750160,0,77842825
2023-10-26,4205,4205,4150,4200,14896,-0.11890606420927466,1396,400,-4382,2586,0,1479,400,9585,3432,14896,83,0,13967,846,14896,5817425,1668000,-18223230,10737805,0,6163865,1668000,39963075,14272825,62067765,346440,0,58186305,3535020,62067765
2023-10-27,4200,4205,4055,4200,16066,0.0,4980,357,-4433,-904,0,9698,357,5711,300,16066,4718,0,10144,1204,16066,21041325,1494045,-18737375,-3797995,0,40643330,1494045,23760250,1241120,67138745,19602005,0,42497625,5039115,67138745
2023-10-30,4280,4280,4075,4220,7257,0.4761904761904762,2987,1193,-3739,-441,0,4314,1200,1743,0,7257,1327,7,5482,441,7257,12582370,5010040,-15734830,-1857580,0,18165675,5040000,7304625,0,30510300,5583305,29960,23039455,1857580,30510300
2023-10-31,4200,4220,4115,4190,15777,-0.7109004739336493,4736,507,-9434,4191,0,4736,507,6233,4301,15777,0,0,15667,110,15777,19773985,2109900,-39343855,17459970,0,19773985,2109900,25916885,17921625,65722395,0,0,65260740,461655,65722395
2023-11-01,4190,4200,4145,4190,4534,0.0,1583,0,-1910,327,0,3063,0,1127,344,4534,1480,0,3037,17,4534,6625795,0,-7985725,1359930,0,12806795,0,4697845,1431040,18935680,6181000,0,12683570,71110,18935680
2023-11-02,4160,4185,4160,4185,3711,-0.11933174224343676,1511,203,-1674,-40,0,2710,203,798,0,3711,1199,0,2472,40,3711,6321455,847550,-7001620,-167385,0,11339220,847550,3337550,0,15524320,5017765,0,10339170,167385,15524320
2023-11-03,4195,4240,4170,4230,34250,1.0752688172043012,-10522,4,-21899,32417,0,126,4,1651,32469,34250,10648,0,23550,52,34250,-44406460,16835,-92443600,136833225,0,530260,16835,6988505,137052755,144588355,44936720,0,99432105,219530,144588355
2023-11-06,4255,4295,4230,4280,18249,1.1820330969267139,-1390,2950,-657,-903,0,2402,2950,12678,219,18249,3792,0,13335,1122,18249,-5922260,12625620,-2844935,-3858425,0,10254900,12625620,54141375,936325,77958220,16177160,0,56986310,4794750,77958220
2023-11-07,4280,4280,4195,4265,11195,-0.35046728971962615,736,1776,-3162,650,0,788,1776,7833,798,11195,52,0,10995,148,11195,3100115,7516920,-13356955,2739920,0,3321385,7516920,33040810,3369165,47248280,221270,0,46397765,629245,47248280
2023-11-08,4265,4305,4260,4295,8918,0.7033997655334115,-186,-2122,2357,-49,0,1989,0,6849,80,8918,2175,2122,4492,129,8918,-789880,-9107770,10107380,-209730,0,8517090,0,29372090,342840,38232020,9306970,9107770,19264710,552570,38232020
2023-11-09,4295,4295,4250,4290,2409,-0.11641443538998836,253,-537,299,-15,0,274,0,2041,94,2409,21,537,1742,109,2409,1081230,-2303730,1287575,-65075,0,1170795,0,8745530,401055,10317380,89565,2303730,7457955,466130,10317380
2023-11-10,4310,4315,4290,4300,32055,0.2331002331002331,21607,-21358,-401,152,0,21615,0,10117,323,32055,8,21358,10518,171,32055,92763410,-91711570,-1705890,654050,0,92797830,0,43514415,1388710,137700955,34420,91711570,45220305,734660,137700955
2023-11-13,4300,4340,4290,4340,13050,0.9302325581395349,450,-1778,-1599,2927,0,758,2222,5557,4513,13050,308,4000,7156,1586,13050,1941625,-7723180,-6892640,12674195,0,3273730,9576820,24019045,19533965,56403560,1332105,17300000,30911685,6859770,56403560
2023-11-14,4350,4420,4340,4410,52178,1.6129032258064515,18017,-1985,-31674,15642,0,20617,0,15836,15725,52178,2600,1985,47510,83,52178,79332150,-8753850,-139603725,69025425,0,90768115,0,69659950,69389190,229817255,11435965,8753850,209263675,363765,229817255
2023-11-15,4465,4465,4400,4455,55504,1.0204081632653061,9980,-1600,-39873,31493,0,18017,0,5186,32301,55504,8037,1600,45059,808,55504,44360185,-7095000,-176731745,139466560,0,79897635,0,22938490,143063205,245899330,35537450,7095000,199670235,3596645,245899330
2023-11-16,4455,4455,4365,4390,25470,-1.4590347923681257,-6919,-1,-7097,14017,0,5052,0,6236,14182,25470,11971,1,13333,165,25470,-30413735,-4390,-31184945,61603070,0,22206330,0,27372645,62328735,111907710,52620065,4390,58557590,725665,111907710
2023-11-17,4370,4435,4370,4430,4443,0.9111617312072893,869,0,-3202,2333,0,1175,0,842,2426,4443,306,0,4044,93,4443,3847640,0,-14158925,10311285,0,5199470,0,3720590,10721770,19641830,1351830,0,17879515,410485,19641830
2023-11-20,4430,4495,4430,4480,50601,1.1286681715575622,14737,6109,-31335,10489,0,19473,6109,14264,10755,50601,4736,0,45599,266,50601,65938975,27376400,-140294310,46978935,0,87130525,27376400,63723425,48163525,226393875,21191550,0,204017735,1184590,226393875
2023-11-21,4500,4500,4480,4485,42685,0.11160714285714285,20550,6841,-29972,2581,0,27977,6841,4997,2870,42685,7427,0,34969,289,42685,92411810,30737825,-134736115,11586480,0,125785495,30737825,22457015,12884115,191864450,33373685,0,157193130,1297635,191864450
2023-11-22,4505,4505,4460,4475,15518,-0.2229654403567447,3122,0,-9597,6475,0,5529,0,3509,6480,15518,2407,0,13106,5,15518,14003385,0,-43014800,29011415,0,24801485,0,15753500,29033840,69588825,10798100,0,58768300,22425,69588825
2023-11-23,4480,4495,4475,4485,48399,0.22346368715083798,11854,5392,-18382,1136,0,12949,5392,28777,1281,48399,1095,0,47159,145,48399,53172595,24190380,-82455570,5092595,0,58076990,24190380,128943305,5742925,216953600,4904395,0,211398875,650330,216953600
2023-11-24,4510,4515,4470,4505,35699,0.4459308807134894,15864,0,-17233,1369,0,17619,0,16702,1378,35699,1755,0,33935,9,35699,71380640,0,-77510460,6129820,0,79280210,0,74924625,6170170,160375005,7899570,0,152435085,40350,160375005
2023-11-27,4495,4515,4485,4495,19419,-0.22197558268590456,758,-357,-1830,1429,0,4799,0,12887,1733,19419,4041,357,14717,304,19419,3462565,-1611855,-8280285,6429575,0,21610905,0,58030130,7797455,87438490,18148340,1611855,66310415,1367880,87438490
2023-11-28,4490,4520,4470,4470,68535,-0.5561735261401557,16701,-212,-19348,2859,0,19165,0,46479,2891,68535,2464,212,65827,32,68535,75123035,-958210,-87013155,12848330,0,86228905,0,208967675,12992325,308188905,11105870,958210,295980830,143995,308188905
2023-11-29,4250,4250,4150,4195,61688,-6.152125279642058,4540,-1,-976,-3563,0,16376,0,43191,2121,61688,11836,1,44167,5684,61688,19135965,-4220,-4025870,-15105875,0,68950880,0,181288080,8838760,259077720,49814915,4220,185313950,23944635,259077720
2023-11-30,4195,4210,4170,4190,24118,-0.11918951132300357,-5528,0,6214,-686,0,7027,0,17074,17,24118,12555,0,10860,703,24118,-23157050,0,26021130,-2864080,0,29397170,0,71403330,71140,100871640,52554220,0,45382200,2935220,100871640
2023-12-01,4185,4200,4140,4150,26782,-0.9546539379474941,-7899,0,8066,-167,0,1422,0,25288,72,26782,9321,0,17222,239,26782,-32797340,0,33497605,-700265,0,5910985,0,105041615,299880,111252480,38708325,0,71544010,1000145,111252480
2023-12-04,4185,4185,4155,4165,20524,0.3614457831325301,11924,-1165,-10860,101,0,13361,0,7049,114,20524,1437,1165,17909,13,20524,49713225,-4852220,-45280905,419900,0,55698440,0,29363350,474240,85536030,5985215,4852220,74644255,54340,85536030
2023-12-05,4175,4180,4135,4160,9355,-0.12004801920768307,-2391,-4,1790,605,0,2668,0,5877,810,9355,5059,4,4087,205,9355,-9906425,-16575,7413520,2509480,0,11051920,0,24366945,3359205,38778070,20958345,16575,16953425,849725,38778070
2023-12-06,4135,4180,4135,4145,11925,-0.3605769230769231,-4730,500,4606,-376,0,2741,500,8684,0,11925,7471,0,4078,376,11925,-19584975,2070000,19073875,-1558900,0,11354150,2070000,35964280,0,49388430,30939125,0,16890405,1558900,49388430
2023-12-07,4170,4170,4090,4120,34944,-0.6031363088057901,-18827,1,17546,1280,0,6482,1,26847,1614,34944,25309,0,9301,334,34944,-77197370,4105,71955760,5237505,0,26576030,4105,110227480,6621910,143429525,103773400,0,38271720,1384405,143429525
2023-12-08,4140,4140,4085,4105,12806,-0.3640776699029126,-7071,1,5857,1213,0,3865,1,7621,1319,12806,10936,0,1764,106,12806,-28910760,4090,23942400,4964270,0,15798655,4090,31162140,5397625,52362510,44709415,0,7219740,433355,52362510
2023-12-11,4125,4125,4085,4090,6730,-0.3654080389768575,-4480,-62,3863,679,0,772,10,5248,700,6730,5252,72,1385,21,6730,-18311705,-253560,15789065,2776200,0,3156875,40920,21451305,2862095,27511195,21468580,294480,5662240,85895,27511195
2023-12-12,4090,4125,4090,4115,8742,0.6112469437652812,-1059,-1,381,679,0,6868,1,1190,683,8742,7927,2,809,4,8742,-4346175,-4120,1566470,2783825,0,28230325,4120,4884730,2800300,35919475,32576500,8240,3318260,16475,35919475
2023-12-13,4130,4145,4125,4135,6309,0.48602673147023084,-1736,1,1738,-3,0,2478,1,3830,0,6309,4214,0,2092,3,6309,-7179225,4135,7187490,-12400,0,10236285,4135,15847020,0,26087440,17415510,0,8659530,12400,26087440
2023-12-14,4140,4190,4135,4170,9277,0.8464328899637243,3216,-1,-3057,-158,0,3728,0,5547,2,9277,512,1,8604,160,9277,13426840,-4180,-12762755,-659905,0,15555820,0,23132380,8365,38696565,2128980,4180,35895135,668270,38696565
2023-12-15,4170,4175,4145,4160,10592,-0.2398081534772182,-4957,694,4670,-407,0,1546,695,8350,1,10592,6503,1,3680,408,10592,-20577570,2890525,19383685,-1696640,0,6431945,2894675,34678450,4160,44009230,27009515,4150,15294765,1700800,44009230
2023-12-18,4170,4175,4040,4060,62323,-2.403846153846154,-34986,1,35362,-377,0,3844,1,58158,320,62323,38830,0,22796,697,62323,-143090960,4100,144673430,-1586570,0,15778430,4100,238215945,1294580,255293055,158869390,0,93542515,2881150,255293055
2023-12-19,4095,4095,4005,4010,65261,-1.2315270935960592,-23107,-1,23381,-273,0,10361,0,54861,39,65261,33468,1,31480,312,65261,-93154525,-4010,94255790,-1097255,0,41910185,0,221046380,156760,263113325,135064710,4010,126790590,1254015,263113325
2023-12-20,4085,4085,3990,3995,73972,-0.3740648379052369,1393,1,-3165,1771,0,16973,2,55154,1843,73972,15580,1,58319,72,73972,5591170,4000,-12677970,7082800,0,67906220,8005,220514935,7373805,295802965,62315050,4005,233192905,291005,295802965
2023-12-21,4050,4050,3965,3975,79907,-0.5006257822277848,14854,830,-15969,285,0,19627,830,59138,312,79907,4773,0,75107,27,79907,59107990,3307550,-63550220,1134680,0,78115540,3307550,235402635,1242225,318067950,19007550,0,298952855,107545,318067950
2023-12-22,4050,4050,3980,4000,20143,0.628930817610063,62,-697,887,-252,0,6634,2,13425,82,20143,6572,699,12538,334,20143,234815,-2781020,3551260,-1005055,0,26458065,7990,53585050,327180,80378285,26223250,2789010,50033790,1332235,80378285
2023-12-26,4050,4050,3975,4000,29936,0.0,-10387,0,11591,-1204,0,3319,0,25943,674,29936,13706,0,14352,1878,29936,-41428155,0,46247950,-4819795,0,13260755,0,103526540,2691625,119478920,54688910,0,57278590,7511420,119478920
2023-12-27,4040,4040,3980,4000,15046,0.0,-2077,0,2130,-53,0,7406,0,7180,460,15046,9483,0,5050,513,15046,-8273785,0,8483360,-209575,0,29498420,0,28605735,1834760,59938915,37772205,0,20122375,2044335,59938915
2023-12-28,4010,4030,3990,4020,16059,0.5,609,0,-1130,521,0,4631,0,9902,1526,16059,4022,0,11032,1005,16059,2477140,0,-4574280,2097140,0,18557855,0,39699740,6132200,64389795,16080715,0,44274020,4035060,64389795
2024-01-02,4090,4090,3955,4045,20024,0.6218905472636816,10701,-2,-10808,109,0,14739,2,5072,211,20024,4038,4,15880,102,20024,43704765,-8035,-44131515,434785,0,59953545,8080,20450625,847455,81259705,16248780,16115,64582140,412670,81259705
2024-01-03,4050,4050,4020,4045,35251,0.0,22632,3,-22109,-526,0,24044,5,11202,0,35251,1412,2,33311,526,35251,91482360,12115,-89379715,-2114760,0,97175735,20185,45268990,0,142464910,5693375,8070,134648705,2114760,142464910
2024-01-04,4045,4045,4035,4040,7626,-0.12360939431396785,-1924,0,1341,583,0,1823,4,5032,767,7626,3747,4,3691,184,7626,-7766590,15,5410420,2356155,0,7364960,16165,20324580,3098680,30804385,15131550,16150,14914160,742525,30804385
2024-01-05,4050,4050,4010,4030,5243,-0.24752475247524752,-488,-4,1007,-515,0,2579,2,2662,0,5243,3067,6,1655,515,5243,-1954705,-16030,4040395,-2069660,0,10386425,8065,10702035,0,21096525,12341130,24095,6661640,2069660,21096525
2024-01-08,4040,4040,4020,4025,17648,-0.12406947890818859,3910,3,-3971,58,0,4144,3,13114,387,17648,234,0,17085,329,17648,15753945,12085,-15999795,233765,0,16696925,12085,52817855,1559610,71086475,942980,0,68817650,1325845,71086475
2024-01-09,4035,4045,4020,4025,7960,0.0,2678,5,-3099,416,0,3685,6,3815,454,7960,1007,1,6914,38,7960,10780510,20175,-12475300,1674615,0,14834010,24205,15363070,1827760,32049045,4053500,4030,27838370,153145,32049045
2024-01-10,4075,4075,4020,4030,20117,0.12422360248447205,-3328,1,2820,507,0,5604,3,13854,656,20117,8932,2,11034,149,20117,-13301710,4035,11265660,2032015,0,22649535,12130,56009155,2637120,81307940,35951245,8095,44743495,605105,81307940
2024-01-11,4055,4055,4020,4020,3140,-0.24813895781637718,373,-14,-360,1,0,1137,0,2002,1,3140,764,14,2362,0,3140,1502910,-56355,-1450585,4030,0,4581040,0,8060915,4030,12645985,3078130,56355,9511500,0,12645985
2024-01-12,4005,4040,4005,4025,3989,0.12437810945273632,2701,-2,-2703,4,0,2903,0,1082,4,3989,202,2,3785,0,3989,10863750,-8045,-10871825,16120,0,11677330,0,4349540,16120,16042990,813580,8045,15221365,0,16042990
2024-01-15,4030,4030,4000,4020,13216,-0.12422360248447205,3459,-1628,-1249,-582,0,8195,1,4975,45,13216,4736,1629,6224,627,13216,13877545,-6528275,-5009180,-2340090,0,32861855,4015,19934760,180450,52981080,18984310,6532290,24943940,2520540,52981080
2024-01-16,4035,4035,4000,4015,12727,-0.12437810945273632,2948,102,-1680,-1370,0,3969,102,8656,0,12727,1021,0,10336,1370,12727,11843540,410545,-6751520,-5502565,0,15952960,410545,34636260,0,50999765,4109420,0,41387780,5502565,50999765
2024-01-17,4015,4025,3985,4000,15466,-0.37359900373599003,-676,-1,1751,-1074,0,3436,0,12029,1,15466,4112,1,10278,1075,15466,-2714550,-3995,7022920,-4304375,0,13756990,0,48128655,3995,61889640,16471540,3995,41105735,4308370,61889640
2024-01-18,4050,4050,3985,4000,7711,0.0,-2188,-1,3035,-846,0,1737,1,5973,0,7711,3925,2,2938,846,7711,-8721505,-3995,12104300,-3378800,0,6941190,4000,23851630,0,30796820,15662695,7995,11747330,3378800,30796820
2024-01-19,4070,4070,3965,4000,26888,0.0,4428,0,-4409,-19,0,8950,0,17500,438,26888,4522,0,21909,457,26888,17674085,0,-17588745,-85340,0,35736555,0,69794255,1743240,107274050,18062470,0,87383000,1828580,107274050
2024-01-22,3990,4000,3985,3995,12360,-0.125,-836,2,1306,-472,0,4745,2,7613,0,12360,5581,0,6307,472,12360,-3318455,7990,5194045,-1883580,0,18945755,7990,30363800,0,49317545,22264210,0,25169755,1883580,49317545
2024-01-23,3995,4000,3980,3980,9398,-0.37546933667083854,-2247,1,2883,-637,0,3802,1,5566,29,9398,6049,0,2683,666,9398,-8946755,3990,11483575,-2540810,0,15160655,3990,22196670,115660,37476975,24107410,0,10713095,2656470,37476975
2024-01-24,4045,4045,3975,3980,12684,0.0,-4061,0,4968,-907,0,1490,0,11194,0,12684,5551,0,6226,907,12684,-16157035,0,19769320,-3612285,0,5937595,0,44558160,0,50495755,22094630,0,24788840,3612285,50495755
2024-01-25,4025,4025,3970,3980,15593,0.0,-4786,0,5694,-908,0,1386,0,14204,3,15593,6172,0,8510,911,15593,-19024860,0,22636280,-3611420,0,5509365,0,56457340,11925,61978630,24534225,0,33821060,3623345,61978630
2024-01-26,3985,3985,3965,3980,16788,0.0,324,0,-263,-61,0,3214,0,13506,68,16788,2890,0,13769,129,16788,1287315,0,-1043980,-243335,0,12769690,0,53614550,270070,66654310,11482375,0,54658530,513405,66654310
2024-01-29,3990,3995,3980,3995,10478,0.37688442211055273,-4494,0,4576,-82,0,1704,0,8711,63,10478,6198,0,4135,145,10478,-17925960,0,18253140,-327180,0,6796340,0,34743265,251370,41790975,24722300,0,16490125,578550,41790975
2024-01-30,4020,4020,3995,4000,6454,0.1251564455569462,739,1,-720,-20,0,2422,1,4031,0,6454,1683,0,4751,20,6454,2961200,4005,-2885235,-79970,0,9685110,4005,16116895,0,25806010,6723910,0,19002130,79970,25806010
2024-01-31,4005,4005,3985,3985,26855,-0.375,-2020,-1,2842,-821,0,6155,0,20665,35,26855,8175,1,17823,856,26855,-8107815,-4000,11390800,-3278985,0,24576625,0,82575875,139475,107291975,32684440,4000,71185075,3418460,107291975
2024-02-01,3985,4010,3980,4010,19454,0.6273525721455459,-1152,3999,-3941,1094,0,2613,4000,11736,1105,19454,3765,1,15677,11,19454,-4603850,15986005,-15763240,4381085,0,10460375,15990000,46927090,4424920,77802385,15064225,3995,62690330,43835,77802385
2024-02-02,4015,4020,4000,4015,13319,0.12468827930174563,-5424,1000,4446,-22,0,2896,1000,9373,50,13319,8320,0,4927,72,13319,-21705615,4005000,17789170,-88555,0,11605085,4005000,37557175,200500,53367760,33310700,0,19768005,289055,53367760
2024-02-05,4015,4030,4005,4030,31105,0.37359900373599003,-5453,0,5052,401,0,3305,0,26342,1458,31105,8758,0,21290,1057,31105,-21952340,0,20341515,1610825,0,13271845,0,105889290,5859960,125021095,35224185,0,85547775,4249135,125021095
2024-02-06,4030,4030,4020,4030,7793,0.0,-367,500,-431,298,0,1123,500,5848,322,7793,1490,0,6279,24,7793,-1477695,2012500,-1734865,1200060,0,4522155,2012500,23541645,1296540,31372840,5999850,0,25276510,96480,31372840
2024-02-07,4030,4040,4025,4035,15309,0.12406947890818859,-607,201,-1132,1538,0,2169,201,11295,1644,15309,2776,0,12427,106,15309,-2456820,811035,-4555760,6201545,0,8739735,811035,45542510,6628715,61721995,11196555,0,50098270,427170,61721995
2024-02-08,4030,4060,4025,4025,23482,-0.24783147459727387,-3469,0,3049,420,0,3355,0,19701,426,23482,6824,0,16652,6,23482,-14011700,0,12318165,1693535,0,13539215,0,79485380,1717720,94742315,27550915,0,67167215,24185,94742315
2024-02-13,4055,4055,4010,4025,28770,0.0,-17808,500,15576,1732,0,2616,500,23866,1788,28770,20424,0,8290,56,28770,-71632740,2012500,62645995,6974245,0,10521000,2012500,96042625,7199885,115776010,82153740,0,33396630,225640,115776010
2024-02-14,4035,4040,3980,4025,44054,0.0,-28827,498,27994,335,0,3320,498,39781,455,44054,32147,0,11787,120,44054,-116212600,1982040,112881970,1348590,0,13347570,1982040,160208530,1832375,177370515,129560170,0,47326560,483785,177370515
2024-02-15,4040,4040,4010,4020,7531,-0.12422360248447205,-288,0,-957,1245,0,3435,0,2847,1249,7531,3723,0,3804,4,7531,-1146385,0,-3859175,5005560,0,13817140,0,11453490,5021640,30292270,14963525,0,15312665,16080,30292270
2024-02-16,4020,4065,4010,4020,14050,0.0,2048,-300,-2405,657,0,4411,0,8934,705,14050,2363,300,11339,48,14050,8234475,-1207500,-9662640,2635665,0,17733565,0,35891620,2830785,56455970,9499090,1207500,45554260,195120,56455970
2024-02-19,4030,4030,3900,4025,31156,0.12437810945273632,-9373,2160,5555,1658,0,6041,2161,21217,1737,31156,15414,1,15662,79,31156,-37571220,8429890,22494085,6647245,0,24202165,8433900,85039960,6965005,124641030,61773385,4010,62545875,317760,124641030
2024-02-20,4025,4035,4005,4025,28892,0.0,-11758,1000,9360,1398,0,7435,1000,19037,1420,28892,19193,0,9677,22,28892,-47215750,4020000,37573930,5621820,0,29857770,4020000,76522105,5710265,116110140,77073520,0,38948175,88445,116110140
2024-02-21,4045,4045,4010,4040,10761,0.37267080745341613,2753,0,-2172,-581,0,3788,0,6839,134,10761,1035,0,9011,715,10761,11095580,0,-8755545,-2340035,0,15259895,0,27524000,537940,43321835,4164315,0,36279545,2877975,43321835
2024-02-22,4040,4040,4005,4035,14721,-0.12376237623762376,-2045,-1,805,1241,0,2169,0,11305,1247,14721,4214,1,10500,6,14721,-8244785,-4035,3247660,5001160,0,8738025,0,45502085,5025360,59265470,16982810,4035,42254425,24200,59265470
2024-02-23,4035,4075,4025,4070,46456,0.8674101610904585,2355,-4976,-14,2635,0,5142,2,38348,2964,46456,2787,4978,38362,329,46456,9588170,-20162400,-106970,10681200,0,20877830,8110,155476955,12014450,188377345,11289660,20170510,155583925,1333250,188377345
2024-02-26,4070,4100,4070,4100,53404,0.7371007371007371,-3765,7323,-5423,1865,0,880,7324,43335,1865,53404,4645,1,48758,0,53404,-15396405,30003795,-22231270,7623880,0,3592615,30007885,176912365,7623880,218136745,18989020,4090,199143635,0,218136745
2024-02-27,4090,4165,4090,4165,50968,1.5853658536585367,7272,486,-9278,1520,0,13502,486,35309,1671,50968,6230,0,44587,151,50968,30142970,2001105,-38440780,6296705,0,55963050,2001105,146077735,6916710,210958600,25820080,0,184518515,620005,210958600
2024-02-28,4145,4170,4125,4165,43969,0.0,8232,0,-10098,1866,0,17309,0,23909,2751,43969,9077,0,34007,885,43969,34282490,0,-42010155,7727665,0,71988905,0,99406695,11411895,182807495,37706415,0,141416850,3684230,182807495
2024-02-29,4175,4215,4165,4215,58150,1.2004801920768309,12254,237,-18013,5522,0,19999,238,32181,5732,58150,7745,1,50194,210,58150,51303425,988295,-75429690,23137970,0,83811520,992460,134790045,24016770,243610795,32508095,4165,210219735,878800,243610795
2024-03-04,4205,4225,4205,4225,35911,0.2372479240806643,-3235,0,3521,-286,0,10276,0,25106,529,35911,13511,0,21585,815,35911,-13575400,0,14777715,-1202315,0,43327070,0,105768495,2229190,151324755,56902470,0,90990780,3431505,151324755
2024-03-05,4235,4260,4205,4260,40680,0.8284023668639053,12390,-2701,-12850,3161,0,14943,0,21546,4191,40680,2553,2701,34396,1030,40680,52705020,-11442755,-54681820,13419555,0,63564015,0,91476955,17775895,172816865,10858995,11442755,146158775,4356340,172816865
2024-03-06,4245,4370,4245,4370,48101,2.5821596244131455,-190,6500,-10382,4072,0,9607,6637,27044,4813,48101,9797,137,37426,741,48101,-684810,28234470,-45040045,17490385,0,41596260,28832660,116599595,20670155,207698670,42281070,598190,161639640,3179770,207698670
2024-03-07,4380,4425,4340,4360,47589,-0.2288329519450801,5560,11595,-17043,-112,0,11087,11595,17694,7213,47589,5527,0,34737,7325,47589,24274120,50864910,-74859585,-279445,0,48478650,50864910,77442720,31697815,208484095,24204530,0,152302305,31977260,208484095
2024-03-08,4365,4365,4295,4355,43461,-0.11467889908256881,2282,-7435,6730,-1577,0,12455,0,28551,2455,43461,10173,7435,21821,4032,43461,9892985,-31973465,28970765,-6890285,0,53708640,0,122966835,10560355,187235830,43815655,31973465,93996070,17450640,187235830
2024-03-11,4355,4355,4270,4330,39632,-0.5740528128587831,4001,-1279,-7091,4369,0,11968,1,21893,5770,39632,7967,1280,28984,1401,39632,17299670,-5501715,-30646420,18848465,0,51710595,4330,94518825,24883395,171117145,34410925,5506045,125165245,6034930,171117145
2024-03-12,4335,4335,4270,4300,51128,-0.6928406466512702,3764,199,-4555,592,0,8107,200,41082,1739,51128,4343,1,45637,1147,51128,16186635,850230,-19588280,2551415,0,34861680,854500,176348390,7479375,219543945,18675045,4270,195936670,4927960,219543945
2024-03-13,4290,4320,4285,4295,27559,-0.11627906976744186,7174,954,-11680,3552,0,9839,4001,9385,4334,27559,2665,3047,21065,782,27559,30808640,4098435,-50149100,15242025,0,42258835,17184295,40247495,18596805,118287430,11450195,13085860,90396595,3354780,118287430
2024-03-14,4300,4300,4270,4290,22399,-0.11641443538998836,1610,-36,-3094,1520,0,2772,200,17827,1600,22399,1162,236,20921,80,22399,6903385,-153940,-13263330,6513885,0,11881045,858500,76391545,6857385,95988475,4977660,1012440,89654875,343500,95988475
2024-03-15,4320,4320,4285,4290,31128,0.0,-64,0,-4654,4718,0,2276,0,24121,4731,31128,2340,0,28775,13,31128,-278545,0,-19978245,20256790,0,9767895,0,103635670,20312725,133716290,10046440,0,123613915,55935,133716290
2024-03-18,4300,4300,4250,4265,55858,-0.5827505827505828,13585,-400,-10737,-2448,0,16364,0,39484,10,55858,2779,400,50221,2458,55858,57999025,-1712000,-45857560,-10429465,0,69870505,0,168733865,42705,238647075,11871480,1712000,214591425,10472170,238647075
2024-03-19,4305,4305,4255,4275,31246,0.23446658851113714,12483,0,-11603,-880,0,13976,0,16747,523,31246,1493,0,28350,1403,31246,53253170,0,-49485995,-3767175,0,59630500,0,71535455,2232105,133398060,6377330,0,121021450,5999280,133398060
2024-03-20,4275,4300,4270,4275,7376,0.0,-123,-500,-1909,2532,0,1119,0,3477,2780,7376,1242,500,5386,248,7376,-525655,-2137500,-8163025,10826180,0,4784025,0,14873820,11886495,31544340,5309680,2137500,23036845,1060315,31544340
2024-03-21,4260,4290,4245,4285,34840,0.23391812865497078,5004,-8598,-3339,6933,0,10142,0,17626,7072,34840,5138,8598,20965,139,34840,21364855,-36780420,-14251925,29667490,0,43345825,0,75267595,30262675,148876095,21980970,36780420,89519520,595185,148876095
2024-03-22,4290,4305,4275,4285,48270,0.0,-9618,-1901,8815,2704,0,17269,1,24538,6462,48270,26887,1902,15723,3758,48270,-40992200,-8158775,37553055,11597920,0,74099845,4285,105040220,27692005,206836355,115092045,8163060,67487165,16094085,206836355
2024-03-25,4300,4315,4275,4280,30911,-0.11668611435239205,4017,-7313,2481,815,0,9282,0,15462,6167,30911,5265,7313,12981,5352,30911,17221655,-31330460,10608675,3500130,0,39747985,0,66224195,26410930,132383110,22526330,31330460,55615520,22910800,132383110
2024-03-26,4280,4310,4255,4265,98556,-0.35046728971962615,14004,-10959,16547,-19592,0,17031,0,61138,20387,98556,3027,10959,44591,39979,98556,59909785,-46896935,70733795,-83746645,0,72849840,0,261589680,87370920,421810440,12940055,46896935,190855885,171117565,421810440
2024-03-27,4280,4305,4250,4270,27473,0.11723329425556857,9444,0,-6705,-2739,0,10475,0,16996,2,27473,1031,0,23701,2741,27473,40422300,0,-28741930,-11680370,0,44824665,0,72494350,8550,117327565,4402365,0,101236280,11688920,117327565
2024-03-28,4290,4290,4250,4270,36965,0.0,7559,0,9141,-16700,0,8869,0,25480,2616,36965,1310,0,16339,19316,36965,32277850,0,38833920,-71111770,0,37862355,0,108608020,11171635,157642010,5584505,0,69774100,82283405,157642010
2024-03-29,4290,4290,4250,4270,39837,0.0,14614,-2200,-9398,-3016,0,17234,0,17274,5329,39837,2620,2200,26672,8345,39837,62373380,-9394000,-40122005,-12857375,0,73554745,0,73635245,22724930,169914920,11181365,9394000,113757250,35582305,169914920
2024-04-01,4285,4285,4260,4270,36415,0.0,6914,0,-1384,-5530,0,9017,0,20590,6808,36415,2103,0,21974,12338,36415,29539335,0,-5971120,-23568215,0,38517680,0,87984660,29082410,155584750,8978345,0,93955780,52650625,155584750
2024-04-02,4285,4285,4250,4260,37494,-0.234192037470726,10916,0,3434,-14350,0,12180,0,21745,3569,37494,1264,0,18311,17919,37494,46549465,0,14660160,-61209625,0,51934105,0,92722880,15204165,159861150,5384640,0,78062720,76413790,159861150
2024-04-03,4265,4320,4250,4305,103965,1.056338028169014,1423,62514,-40274,-23663,0,6719,63014,15630,18602,103965,5296,500,55904,42265,103965,6027655,267247180,-172336395,-100938440,0,28714335,269379680,66683740,79637760,444415515,22686680,2132500,239020135,180576200,444415515
2024-04-04,4300,4305,4275,4295,29793,-0.23228803716608595,7097,-1982,-1175,-3940,0,14505,231,7940,7117,29793,7408,2213,9115,11057,29793,30389465,-8522600,-5002685,-16864180,0,62121965,993300,34050940,30486060,127652265,31732500,9515900,39053625,47350240,127652265
2024-04-05,4290,4300,4270,4285,20869,-0.23282887077997672,11899,-1,661,-12559,0,13941,0,6928,0,20869,2042,1,6267,12559,20869,50923675,-4280,2842860,-53762255,0,59671835,0,29694505,0,89366340,8748160,4280,26851645,53762255,89366340
2024-04-08,4295,4295,4265,4290,33083,0.11668611435239205,-5073,5001,4191,-4119,0,3060,5001,23187,1835,33083,8133,0,18996,5954,33083,-21685150,21429285,17915185,-17659320,0,13067200,21429285,99404820,7864650,141765955,34752350,0,81489635,25523970,141765955
2024-04-09,4295,4295,4260,4270,19931,-0.4662004662004662,-2918,4374,-1957,501,0,6523,5000,6799,1609,19931,9441,626,8756,1108,19931,-12533960,18752590,-8362295,2143665,0,27852040,21425000,29084480,6891600,85253120,40386000,2672410,37446775,4747935,85253120
2024-04-11,4300,4300,4265,4270,23495,0.0,241,0,4554,-4795,0,3262,0,19906,327,23495,3021,0,15352,5122,23495,1036870,0,19508445,-20545315,0,13984865,0,85132175,1398125,100515165,12947995,0,65623730,21943440,100515165
2024-04-12,4275,4285,4265,4285,12024,0.351288056206089,2595,21,-2081,-535,0,4681,21,7322,0,12024,2086,0,9403,535,12024,11061340,89780,-8867135,-2283985,0,19984940,89780,31306170,0,51380890,8923600,0,40173305,2283985,51380890
2024-04-15,4290,4290,4265,4275,12375,-0.2333722287047841,1920,0,-777,-1143,0,1920,0,10385,70,12375,0,0,11162,1213,12375,8205110,0,-3313735,-4891375,0,8205110,0,44437995,299600,52942705,0,0,47751730,5190975,52942705
2024-04-16,4275,4285,4240,4255,39940,-0.46783625730994155,6741,1430,-1508,-6663,0,12041,1430,26469,0,39940,5300,0,27977,6663,39940,28817985,6102990,-6526340,-28394635,0,51381340,6102990,112841650,0,170325980,22563355,0,119367990,28394635,170325980
2024-04-17,4255,4255,4235,4235,18160,-0.4700352526439483,1456,15,2843,-4314,0,6851,15,11294,0,18160,5395,0,8451,4314,18160,6171115,63525,12053245,-18287885,0,29044220,63525,47855205,0,76962950,22873105,0,35801960,18287885,76962950
2024-04-18,4240,4265,4205,4250,21432,0.3541912632821724,4827,0,-191,-4636,0,15579,0,5692,161,21432,10752,0,5883,4797,21432,20483775,0,-850400,-19633375,0,65930215,0,24097220,682565,90710000,45446440,0,24947620,20315940,90710000
2024-04-19,4250,4260,4225,4255,11245,0.1176470588235294,989,-997,2493,-2485,0,1026,6,10208,5,11245,37,1003,7715,2490,11245,4189495,-4215585,10551270,-10525180,0,4346930,25500,43223425,21175,47617030,157435,4241085,32672155,10546355,47617030
2024-04-22,4260,4270,4245,4265,21483,0.23501762632197415,1488,0,922,-2410,0,7582,1,13900,0,21483,6094,1,12978,2410,21483,6349010,0,3899465,-10248475,0,32284575,4260,59168345,0,91457180,25935565,4260,55268880,10248475,91457180
2024-04-23,4265,4280,4240,4255,14835,-0.23446658851113714,-2198,-2,4598,-2398,0,3080,0,11700,55,14835,5278,2,7102,2453,14835,-9296050,-8500,19517750,-10213200,0,13145045,0,49857030,233955,63236030,22441095,8500,30339280,10447155,63236030
2024-04-24,4270,4270,4240,4260,13150,0.11750881316098707,2505,0,870,-3375,0,3529,0,9621,0,13150,1024,0,8751,3375,13150,10661605,0,3690425,-14352030,0,15030890,0,40978810,0,56009700,4369285,0,37288385,14352030,56009700
2024-04-25,4265,4280,4255,4275,17712,0.35211267605633806,-6325,1,7289,-965,0,1775,1,15936,0,17712,8100,0,8647,965,17712,-26992890,4265,31104350,-4115725,0,7556830,4265,68047610,0,75608705,34549720,0,36943260,4115725,75608705
2024-04-26,4270,4280,4260,4280,20240,0.11695906432748539,1555,17,-2584,1012,0,7309,17,11891,1023,20240,5754,0,14475,11,20240,6665570,72505,-11054200,4316125,0,31226740,72505,50793415,4363095,86455755,24561170,0,61847615,46970,86455755
2024-04-29,4280,4300,4275,4295,57739,0.35046728971962615,9950,172,-9468,-654,0,10081,260,45514,1884,57739,131,88,54982,2538,57739,42703210,739430,-40640395,-2802245,0,43265240,1116950,195094365,8072940,247549495,562030,377520,235734760,10875185,247549495
2024-04-30,4290,4310,4285,4305,20532,0.23282887077997672,4666,-1,-2705,-1960,0,6576,0,13956,0,20532,1910,1,16661,1960,20532,20023080,-4295,-11601160,-8417625,0,28247465,0,59982355,0,88229820,8224385,4295,71583515,8417625,88229820
2024-05-02,4305,4350,4305,4335,21018,0.6968641114982579,1119,0,-1440,321,0,3448,0,16062,1508,21018,2329,0,17502,1187,21018,4874575,0,-6243420,1368845,0,14942385,0,69518145,6507925,90968455,10067810,0,75761565,5139080,90968455
2024-05-03,4345,4365,4335,4365,20889,0.6920415224913495,-3231,2501,-1064,1794,0,3770,2501,12686,1932,20889,7001,0,13750,138,20889,-14050250,10854345,-4634025,7829930,0,16401310,10854345,55237305,8429785,90922745,30451560,0,59871330,599855,90922745
2024-05-07,4380,4380,4350,4350,32335,-0.3436426116838488,1927,-1834,3755,-3848,0,2230,100,30005,0,32335,303,1934,26250,3848,32335,8416255,-8023200,16418605,-16811660,0,9738860,437500,131075200,0,141251560,1322605,8460700,114656595,16811660,141251560
2024-05-08,4385,4385,4325,4380,40829,0.6896551724137931,50,300,1287,-1637,0,4138,300,36391,0,40829,4088,0,35104,1637,40829,152615,1312645,5644200,-7109460,0,17956660,1312645,158307850,0,177577155,17804045,0,152663650,7109460,177577155
2024-05-09,4380,4425,4375,4410,19966,0.684931506849315,927,48,2149,-3124,0,1680,48,18136,102,19966,753,0,15987,3226,19966,4062045,210835,9462800,-13735680,0,7378495,210835,79803875,449305,87842510,3316450,0,70341075,14184985,87842510
2024-05-10,4410,4430,4395,4400,47002,-0.22675736961451248,21095,232,-5251,-16076,0,22126,232,24643,1,47002,1031,0,29894,16077,47002,92821345,1020800,-23186655,-70655490,0,97356490,1020800,108456495,4400,206838185,4535145,0,131643150,70659890,206838185
2024-05-13,4400,4430,4395,4425,38438,0.5681818181818182,-2133,0,5551,-3418,0,4356,0,32005,2077,38438,6489,0,26454,5495,38438,-9481710,0,24572330,-15090620,0,19198165,0,141273025,9168805,169639995,28679875,0,116700695,24259425,169639995
2024-05-14,4430,4445,4420,4430,14880,0.11299435028248588,-4821,0,5054,-233,0,3253,0,11563,64,14880,8074,0,6509,297,14880,-21360915,0,22392655,-1031740,0,14402675,0,51271455,283520,65957650,35763590,0,28878800,1315260,65957650
2024-05-16,4460,4460,4435,4435,16697,0.1128668171557562,1982,300,-2252,-30,0,4500,300,11853,44,16697,2518,0,14105,74,16697,8799730,1331500,-9997650,-133580,0,19978955,1331500,52626325,195360,74132140,11179225,0,62623975,328940,74132140
2024-05-17,4435,4445,4415,4420,30779,-0.3382187147688839,3492,9000,-10959,-1533,0,6754,9000,15025,0,30779,3262,0,25984,1533,30779,15412410,39879430,-48514620,-6777220,0,29867025,39879430,66550680,0,136297135,14454615,0,115065300,6777220,136297135
2024-05-20,4420,4420,4350,4370,34905,-1.1312217194570136,-5707,-3161,5929,2939,0,7347,127,24411,3020,34905,13054,3288,18482,81,34905,-25025300,-13834630,26044300,12815630,0,32064380,554990,106932315,13171210,152722895,57089680,14389620,80888015,355580,152722895
2024-05-21,4410,4410,4370,4395,24587,0.5720823798627002,-3775,4060,292,-577,0,2907,4060,17620,0,24587,6682,0,17328,577,24587,-16526865,17812700,1241890,-2527725,0,12744685,17812700,77256685,0,107814070,29271550,0,76014795,2527725,107814070
2024-05-22,4415,4415,4365,4400,38243,0.11376564277588168,5844,-3211,-1335,-1298,0,8041,0,30112,90,38243,2197,3211,31447,1388,38243,25643710,-14087770,-5837200,-5718740,0,35296035,0,132289910,395100,167981045,9652325,14087770,138127110,6113840,167981045
2024-05-23,4405,4410,4375,4390,28489,-0.22727272727272727,6063,8401,-14915,451,0,7109,8401,12473,506,28489,1046,0,27388,55,28489,26599150,36908985,-65482350,1974215,0,31185555,36908985,54813135,2216490,125124165,4586405,0,120295485,242275,125124165
2024-05-24,4420,4420,4375,4400,49327,0.22779043280182232,1115,102,-1296,79,0,4157,102,44573,495,49327,3042,0,45869,416,49327,4888110,447270,-5678730,343350,0,18254980,447270,196019495,2174275,216896020,13366870,0,201698225,1830925,216896020
2024-05-27,4420,4480,4400,4475,63534,1.7045454545454544,11719,-176,-23928,12385,0,19267,893,30493,12881,63534,7548,1069,54421,496,63534,51953200,-789935,-106038535,54875270,0,85484900,3929700,134938525,57092760,281445885,33531700,4719635,240977060,2217490,281445885
2024-05-28,4475,4480,4420,4470,42165,-0.11173184357541899,-4615,1566,-984,4033,0,2809,1566,32256,5534,42165,7424,0,33240,1501,42165,-20549085,6973700,-4462825,18038210,0,12475625,6973700,144184310,24752650,188386285,33024710,0,148647135,6714440,188386285
2024-05-29,4470,4480,4440,4470,33456,0.0,2265,0,-1974,-291,0,3517,0,28004,1935,33456,1252,0,29978,2226,33456,10108595,0,-8819590,-1289005,0,15692170,0,124979590,8620485,149292245,5583575,0,133799180,9909490,149292245
2024-05-30,4375,4375,4320,4345,64275,-2.796420581655481,-7787,1577,6246,-36,0,6825,1577,50477,5396,64275,14612,0,44231,5432,64275,-33733475,6843730,27038345,-148600,0,29608075,6843730,218740580,23426670,278619055,63341550,0,191702235,23575270,278619055
2024-05-31,4345,4345,4310,4315,26361,-0.6904487917146145,1236,0,6267,-7503,0,8163,0,18198,0,26361,6927,0,11931,7503,26361,5325580,0,27113765,-32439345,0,35314445,0,78702805,0,114017250,29988865,0,51589040,32439345,114017250
2024-06-03,4315,4325,4280,4285,28958,-0.6952491309385863,3094,6000,-6208,-2886,0,10254,6000,12393,311,28958,7160,0,18601,3197,28958,13255805,25860000,-26711410,-12404395,0,44043855,25860000,53289335,1342860,124536050,30788050,0,80000745,13747255,124536050
2024-06-04,4330,4345,4270,4310,43217,0.5834305717619603,2268,-22800,14992,5540,0,7518,0,25547,10152,43217,5250,22800,10555,4612,43217,9733260,-97711310,64569695,23408355,0,32401870,0,110253805,43379120,186034795,22668610,97711310,45684110,19970765,186034795
2024-06-05,4350,4350,4285,4305,9804,-0.11600928074245939,4257,0,-1400,-2857,0,4741,0,5063,0,9804,484,0,6463,2857,9804,18307410,0,-6010955,-12296455,0,20397620,0,21817605,0,42215225,2090210,0,27828560,12296455,42215225
2024-06-07,4340,4340,4310,4330,11654,0.5807200929152149,1315,2,636,-1953,0,4205,2,7263,184,11654,2890,0,6627,2137,11654,5676990,8670,2747260,-8432920,0,18159685,8670,31380165,793040,50341560,12482695,0,28632905,9225960,50341560
2024-06-10,4330,4380,4315,4345,15694,0.3464203233256351,1387,13,-867,-533,0,3485,13,11349,847,15694,2098,0,12216,1380,15694,6004755,56500,-3762195,-2299060,0,15133930,56500,49330390,3691005,68211825,9129175,0,53092585,5990065,68211825
2024-06-11,4380,4380,4335,4345,10392,0.0,2285,1,-208,-2078,0,4374,1,5857,160,10392,2089,0,6065,2238,10392,9943405,4355,-922500,-9025260,0,19024550,4355,25437240,694400,45160545,9081145,0,26359740,9719660,45160545
2024-06-12,4350,4350,4330,4350,15539,0.11507479861910241,2689,1,-590,-2100,0,6303,1,9235,0,15539,3614,0,9825,2100,15539,11679585,4345,-2563600,-9120330,0,27387090,4345,40123590,0,67515025,15707505,0,42687190,9120330,67515025
2024-06-13,4375,4600,4350,4375,33988,0.5747126436781609,-3545,0,3899,-354,0,1748,0,31753,487,33988,5293,0,27854,841,33988,-15519200,0,17080880,-1561680,0,7670845,0,140058900,2135625,149865370,23190045,0,122978020,3697305,149865370
2024-06-14,4450,4450,4335,4355,35346,-0.4571428571428572,-9354,0,13228,-3874,0,10415,0,23948,983,35346,19769,0,10720,4857,35346,-40785095,0,57802880,-17017785,0,45464075,0,104704655,4270290,154439020,86249170,0,46901775,21288075,154439020
2024-06-17,4395,4395,4340,4370,21183,0.3444316877152698,6183,50,-2924,-3309,0,11143,50,9833,157,21183,4960,0,12757,3466,21183,26944945,217250,-12706935,-14455260,0,48592740,217250,42903130,683835,92396955,21647795,0,55610065,15139095,92396955
2024-06-18,4390,4450,4350,4410,36828,0.9153318077803204,9078,0,-11301,2223,0,20164,0,13040,3624,36828,11086,0,24341,1401,36828,39921715,0,-49729380,9807665,0,88703480,0,57484550,15946190,162134220,48781765,0,107213930,6138525,162134220
2024-06-19,4450,4450,4350,4400,21140,-0.22675736961451248,-1770,0,7378,-5608,0,4717,0,16325,98,21140,6487,0,8947,5706,21140,-7711705,0,32298725,-24587020,0,20676490,0,71468965,430710,92576165,28388195,0,39170240,25017730,92576165
2024-06-20,4410,4410,4355,4365,10485,-0.7954545454545454,-5053,0,5274,-221,0,571,0,9793,121,10485,5624,0,4519,342,10485,-22140060,0,23115160,-975100,0,2492940,0,42879360,528115,45900415,24633000,0,19764200,1503215,45900415
2024-06-21,4395,4395,4200,4355,12084,-0.22909507445589922,-2552,0,3292,-740,0,2005,0,9398,681,12084,4557,0,6106,1421,12084,-10917820,0,14144095,-3226275,0,8712105,0,40717740,2957030,52386875,19629925,0,26573645,6183305,52386875
2024-06-24,4395,4395,4300,4345,8943,-0.2296211251435132,-360,-277,2458,-1821,0,1087,0,6983,873,8943,1447,277,4525,2694,8943,-1565330,-1204950,10688735,-7918455,0,4721725,0,30387535,3776860,38886120,6287055,1204950,19698800,11695315,38886120
2024-06-25,4345,4355,4305,4355,22132,0.23014959723820483,3417,215,-3697,65,0,4253,215,16668,996,22132,836,0,20365,931,22132,14784350,933100,-15995685,278235,0,18413770,933100,72254100,4317660,95918630,3629420,0,88249785,4039425,95918630
2024-06-26,4365,4370,4355,4370,8641,0.3444316877152698,-260,3887,-3569,-58,0,330,3887,4402,22,8641,590,0,7971,80,8641,-1131720,16959040,-15574010,-253310,0,1440980,16959040,19223435,96050,37719505,2572700,0,34797445,349360,37719505
2024-06-27,4380,4410,4360,4395,19015,0.5720823798627002,-4914,9400,-5158,672,0,3666,9400,4127,1822,19015,8580,0,9285,1150,19015,-21637160,41323680,-22666465,2979945,0,16063335,41323680,18089860,8007075,83483950,37700495,0,40756325,5027130,83483950
2024-06-28,4405,4405,4365,4385,28611,-0.22753128555176336,-2381,18222,-13424,-2417,0,1348,18222,8954,87,28611,3729,0,22378,2504,28611,-10443250,79740530,-58691280,-10606000,0,5898275,79740530,39272540,380825,125292170,16341525,0,97963820,10986825,125292170
2024-07-01,4390,4410,4365,4380,13143,-0.11402508551881414,2389,500,-1466,-1423,0,3248,500,9304,91,13143,859,0,10770,1514,13143,10450675,2187500,-6404160,-6234015,0,14223680,2187500,40811825,398580,57621585,3773005,0,47215985,6632595,57621585
2024-07-02,4410,4425,4380,4385,20971,0.1141552511415525,1632,100,-1010,-722,0,5311,100,15443,117,20971,3679,0,16453,839,20971,7228935,438500,-4487180,-3180255,0,23344990,438500,67725485,514215,92023190,16116055,0,72212665,3694470,92023190
2024-07-03,4405,4405,4355,4385,15174,0.0,-4364,7686,-2371,-951,0,686,7686,6702,100,15174,5050,0,9073,1051,15174,-19157950,33722750,-10397940,-4166860,0,3007450,33722750,29386280,439230,66555710,22165400,0,39784220,4606090,66555710
2024-07-04,4405,4405,4370,4370,10552,-0.34207525655644244,-2118,2300,1036,-1218,0,3694,2300,4454,104,10552,5812,0,3418,1322,10552,-9275860,10072000,4536365,-5332505,0,16159880,10072000,19495330,455250,46182460,25435740,0,14958965,5787755,46182460
2024-07-05,4345,4365,4325,4355,33293,-0.34324942791762014,-8180,10953,-4097,1324,0,4605,10953,15078,2657,33293,12785,0,19175,1333,33293,-35454165,47566490,-17830490,5718165,0,20001120,47566490,65477005,11520940,144565555,55455285,0,83307495,5802775,144565555
2024-07-08,4360,4385,4360,4380,17450,0.5740528128587831,-5953,1939,2451,1563,0,1936,1939,11869,1706,17450,7889,0,9418,143,17450,-26023000,8490015,10679855,6853130,0,8468035,8490015,51920835,7478720,76357605,34491035,0,41240980,625590,76357605
2024-07-09,4385,4395,4375,4390,10478,0.228310502283105,1481,0,-2075,594,0,3656,0,6131,691,10478,2175,0,8206,97,10478,6508595,0,-9117025,2608430,0,16047165,0,26901665,3033975,45982805,9538570,0,36018690,425545,45982805
2024-07-10,4390,4395,4360,4375,24146,-0.3416856492027335,12642,1900,-13771,-771,0,13823,3000,7323,0,24146,1181,1100,21094,771,24146,55399130,8310975,-60331405,-3378700,0,60580860,13125000,32085855,0,105791715,5181730,4814025,92417260,3378700,105791715
2024-07-11,4350,4385,4300,4365,40545,-0.2285714285714286,-4021,7000,-4119,1140,0,7416,7000,23958,2171,40545,11437,0,28077,1031,40545,-17364725,30409000,-17963205,4918930,0,32169890,30409000,104018455,9388790,175986135,49534615,0,121981660,4469860,175986135
2024-07-12,4385,4395,4360,4395,15428,0.6872852233676976,5496,1000,-6820,324,0,8358,1000,4891,1179,15428,2862,0,11711,855,15428,24047965,4375000,-29852005,1429040,0,36575330,4375000,21401730,5169775,67521835,12527365,0,51253735,3740735,67521835
2024-07-15,4400,4410,4365,4400,22253,0.11376564277588168,-7227,3770,4292,-835,0,2420,3925,15847,61,22253,9647,155,11555,896,22253,-31840050,16523455,18986690,-3670095,0,10630195,17206230,69719150,267785,97823360,42470245,682775,50732460,3937880,97823360
2024-07-16,4420,4420,4385,4410,34907,0.22727272727272727,-8156,9140,-1225,241,0,13678,9141,11592,496,34907,21834,1,12817,255,34907,-35784880,40162735,-5440545,1062690,0,60118930,40167140,51007820,2183390,153477280,95903810,4405,56448365,1120700,153477280
2024-07-17,4470,4480,4410,4480,85823,1.5873015873015872,-3281,12201,-15759,6839,0,6304,12201,58240,9078,85823,9585,0,73999,2239,85823,-14744595,54426780,-70241195,30559010,0,27998580,54426780,259709405,40544465,382679230,42743175,0,329950600,9985455,382679230
2024-07-18,4410,4505,4405,4495,52948,0.33482142857142855,6115,26413,-37198,4670,0,8196,26413,13430,4909,52948,2081,0,50628,239,52948,27466670,118779140,-167229940,20984130,0,36825220,118779140,60313080,22054915,237972355,9358550,0,227543020,1070785,237972355
2024-07-19,4505,4515,4490,4505,68401,0.22246941045606228,21207,-99,-24915,3807,0,31233,2,32975,4191,68401,10026,101,57890,384,68401,95373645,-445985,-112097465,17169805,0,140528415,9010,148467735,18896105,307901265,45154770,454995,260565200,1726300,307901265
2024-07-22,4505,4510,4490,4500,28742,-0.11098779134295228,6570,-724,-4956,-890,0,8617,1676,16888,1561,28742,2047,2400,21844,2451,28742,29530685,-3261725,-22277045,-3991915,0,38729660,7534995,75980015,7022115,129266785,9198975,10796720,98257060,11014030,129266785
2024-07-23,4500,4510,4475,4505,49029,0.1111111111111111,8205,-1,-8493,289,0,11446,0,35440,2143,49029,3241,1,43933,1854,49029,36825425,-4500,-38118710,1297785,0,51404940,0,159494450,9640805,220540195,14579515,4500,197613160,8343020,220540195
2024-07-24,4505,4510,4470,4505,24414,0.0,-7019,-1000,5969,2050,0,2287,0,18827,3300,24414,9306,1000,12858,1250,24414,-31517000,-4490000,26787755,9219245,0,10255505,0,84519865,14820435,109595805,41772505,4490000,57732110,5601190,109595805
2024-07-25,4505,4505,4460,4495,22566,-0.22197558268590456,2218,-178,-2833,793,0,6650,222,14899,795,22566,4432,400,17732,2,22566,9900525,-801220,-12663160,3563855,0,29776015,996780,66899730,3572865,101245390,19875490,1798000,79562890,9010,101245390
2024-07-26,4495,4510,4475,4495,24111,0.0,-7856,111,4753,2992,0,4177,111,15603,4220,24111,12033,0,10850,1228,24111,-35273200,498935,21331225,13443040,0,18732135,498935,70087990,18951325,108270385,54005335,0,48756765,5508285,108270385
2024-07-29,4460,4535,4460,4505,58003,0.22246941045606228,12087,-890,-17448,6251,0,22114,111,27689,8089,58003,10027,1001,45137,1838,58003,54321810,-4017205,-78462615,28158010,0,99479950,497280,124652050,36397235,261026515,45158140,4514485,203114665,8239225,261026515
2024-07-30,4505,4520,4485,4510,39672,0.11098779134295228,-1787,110,-3784,5461,0,16500,110,17145,5917,39672,18287,0,20929,456,39672,-8011495,495550,-17065035,24580980,0,74202695,495550,77126025,26630740,178455010,82214190,0,94191060,2049760,178455010
2024-07-31,4520,4550,4520,4525,91456,0.3325942350332594,-21141,1,417,20723,0,24304,1,46344,20807,91456,45445,0,45927,84,91456,-95681690,4525,1818250,93858915,0,110047810,4525,209802810,94239020,414094165,205729500,0,207984560,380105,414094165
2024-08-01,4530,4565,4510,4525,42972,0.0,-10102,73,11880,-1851,0,18412,74,17625,6861,42972,28514,1,5745,8712,42972,-45664640,330655,53688515,-8354530,0,83464855,335180,79741245,31081420,194622700,129129495,4525,26052730,39435950,194622700
2024-08-02,4560,4560,4505,4520,32147,-0.11049723756906078,-911,108,4135,-3332,0,9572,110,21881,584,32147,10483,2,17746,3916,32147,-4100945,487065,18658350,-15044470,0,43202555,496100,98762890,2640965,145102510,47303500,9035,80104540,17685435,145102510
2024-08-05,4500,4500,4305,4345,56344,-3.8716814159292032,6956,678,5351,-12985,0,11193,680,40794,3677,56344,4237,2,35443,16662,56344,30206655,2975005,23798565,-56980225,0,48715270,2983830,179273545,15996090,246968735,18508615,8825,155474980,72976315,246968735
2024-08-06,4345,4510,4345,4495,49030,3.452243958573072,4803,-78,-2741,-1984,0,16498,0,25221,7311,49030,11695,78,27962,9295,49030,21531375,-348140,-12154430,-9028805,0,73705075,0,112694510,32491975,218891560,52173700,348140,124848940,41520780,218891560
2024-08-07,4520,4525,4495,4525,29927,0.6674082313681869,-2524,0,3652,-1128,0,7338,0,20090,2499,29927,9862,0,16438,3627,29927,-11391505,0,16466185,-5074680,0,33071580,0,90617555,11279750,134968885,44463085,0,74151370,16354430,134968885
2024-08-08,4560,4560,4415,4470,48430,-1.2154696132596685,-4625,0,7162,-2537,0,14841,0,28586,5003,48430,19466,0,21424,7540,48430,-20533090,0,31766330,-11233240,0,65987350,0,127081115,22323610,215392075,86520440,0,95314785,33556850,215392075
2024-08-09,4470,4500,4405,4460,24802,-0.22371364653243847,2584,0,-3183,599,0,5526,0,18064,1212,24802,2942,0,21247,613,24802,11552430,0,-14216045,2663615,0,24708830,0,80887340,5409335,111005505,13156400,0,95103385,2745720,111005505
2024-08-12,4515,4515,4455,4485,22292,0.5605381165919282,4374,1,-4344,-31,0,8898,1,11905,1488,22292,4524,0,16249,1519,22292,19525470,4485,-19354880,-175075,0,39767305,4485,53312890,6648365,99733045,20241835,0,72667770,6823440,99733045
2024-08-13,4490,4490,4445,4460,32614,-0.5574136008918618,7919,111,-8962,932,0,12625,112,18804,1073,32614,4706,1,27766,141,32614,35264895,493390,-39905030,4146745,0,56211360,497840,83778655,4775005,145262860,20946465,4450,123683685,628260,145262860
2024-08-14,4490,4490,4455,4465,17388,0.11210762331838565,-10586,111,9304,1171,0,3180,112,11957,2139,17388,13766,1,2653,968,17388,-47255565,494515,41531815,5229235,0,14181655,498975,53401435,9547040,77629105,61437220,4460,11869620,4317805,77629105
2024-08-16,4490,4490,4465,4480,14861,0.33594624860022393,-865,0,129,736,0,2948,0,11083,830,14861,3813,0,10954,94,14861,-3850510,0,556235,3294275,0,13204605,0,49615570,3716335,66536510,17055115,0,49059335,422060,66536510
2024-08-19,4465,4540,4430,4520,67644,0.8928571428571428,16417,-5999,-25915,15497,0,34898,1,14648,18097,67644,18481,6000,40563,2600,67644,73996475,-26621600,-116754245,69379370,0,157179740,4500,65771005,81074630,304029875,83183265,26626100,182525250,11695260,304029875
2024-08-20,4530,4530,4490,4505,37162,-0.33185840707964603,-1174,2,5558,-4386,0,3368,148,31456,2190,37162,4542,146,25898,6576,37162,-5301525,8435,25074490,-19781400,0,15169010,664705,141872730,9866560,167573005,20470535,656270,116798240,29647960,167573005
2024-08-21,4520,4520,4465,4490,14642,-0.3329633740288568,196,223,2782,-3201,0,4432,223,9979,8,14642,4236,0,7197,3209,14642,872785,996840,12481870,-14351495,0,19863600,996840,44751910,35885,65648235,18990815,0,32270040,14387380,65648235
2024-08-22,4490,4500,4470,4485,4937,-0.11135857461024498,788,111,-559,-340,0,1095,111,3731,0,4937,307,0,4290,340,4937,3526080,497280,-2499095,-1524265,0,4904470,497280,16743650,0,22145400,1378390,0,19242745,1524265,22145400
2024-08-23,4495,4495,4470,4485,10457,0.0,-1086,-4118,5379,-175,0,1235,0,9221,1,10457,2321,4118,3842,176,10457,-4880495,-18452800,24118210,-784915,0,5540775,0,41344160,4485,46889420,10421270,18452800,17225950,789400,46889420
2024-08-26,4505,4530,4465,4490,58043,0.11148272017837235,7230,-5268,-2120,158,0,19719,0,32820,5504,58043,12489,5268,34940,5346,58043,32131310,-23603610,-9328220,800520,0,88417945,0,147457275,24754270,260629490,56286635,23603610,156785495,23953750,260629490
2024-08-27,4490,4500,4460,4480,23212,-0.22271714922048996,1121,333,3001,-4455,0,13394,333,9485,0,23212,12273,0,6484,4455,23212,5017490,1486845,13405595,-19909930,0,59862590,1486845,42409835,0,103759270,54845100,0,29004240,19909930,103759270
2024-08-28,4490,4495,4475,4495,16129,0.33482142857142855,-1535,0,1857,-322,0,8628,0,6698,803,16129,10163,0,4841,1125,16129,-6899005,0,8335820,-1436815,0,38660515,0,30041640,3605470,72307625,45559520,0,21705820,5042285,72307625
2024-08-29,4495,4500,4450,4495,18623,0.0,3546,300,-5112,1266,0,5767,300,10520,2036,18623,2221,0,15632,770,18623,15838685,1348500,-22868310,5681125,0,25774520,1348500,47123610,9130135,83376765,9935835,0,69991920,3449010,83376765
2024-08-30,4505,4515,4490,4510,41002,0.33370411568409347,-4052,30,2765,1257,0,15922,30,23682,1368,41002,19974,0,20917,111,41002,-18205800,134850,12421290,5649660,0,71620630,134850,106632565,6149000,184537045,89826430,0,94211275,499340,184537045
2024-09-02,4570,4570,4485,4515,31396,0.11086474501108648,-3227,0,2983,244,0,11218,0,19736,442,31396,14445,0,16753,198,31396,-14508700,0,13416145,1092555,0,50554085,0,88989925,1985540,141529550,65062785,0,75573780,892985,141529550
2024-09-03,4525,4525,4495,4515,21227,0.0,6600,2416,-6836,-2180,0,11399,2417,7411,0,21227,4799,1,14247,2180,21227,29756415,10917245,-30837870,-9835790,0,51416475,10921750,33403610,0,95741835,21660060,4505,64241480,9835790,95741835
2024-09-04,4495,4515,4490,4510,18734,-0.11074197120708748,1055,0,864,-1919,0,9161,1,9572,0,18734,8106,1,8708,1919,18734,4779350,5,3861800,-8641155,0,41275185,4510,43083650,0,84363345,36495835,4505,39221850,8641155,84363345
2024-09-05,4520,4520,4505,4515,29232,0.11086474501108648,-593,5201,-3920,-688,0,6541,5201,15278,2212,29232,7134,0,19198,2900,29232,-2648985,23474520,-17731065,-3094470,0,29549655,23474520,68967165,9998240,131989580,32198640,0,86698230,13092710,131989580
2024-09-06,4515,4515,4500,4515,14314,0.0,4225,3251,-7472,-4,0,4525,3251,6538,0,14314,300,0,14010,4,14314,19073210,14666765,-33721915,-18060,0,20426210,14666765,29500600,0,64593575,1353000,0,63222515,18060,64593575
2024-09-09,4510,4520,4490,4510,8777,-0.11074197120708748,995,0,-581,-414,0,3093,0,5507,177,8777,2098,0,6088,591,8777,4479770,0,-2616785,-1862985,0,13935165,0,24795685,797765,39528615,9455395,0,27412470,2660750,39528615
2024-09-10,4510,4525,4500,4515,20274,0.11086474501108648,4038,0,-860,-3178,0,14343,0,5931,0,20274,10305,0,6791,3178,20274,18175270,0,-3867455,-14307815,0,64691930,0,26750205,0,91442135,46516660,0,30617660,14307815,91442135
2024-09-11,4540,4540,4510,4520,27014,0.11074197120708748,11996,-1000,-9285,-1711,0,19054,0,7960,0,27014,7058,1000,17245,1711,27014,54198360,-4515000,-41954715,-7728645,0,86081520,0,35937790,0,122019310,31883160,4515000,77892505,7728645,122019310
2024-09-12,4530,4530,4510,4510,19180,-0.22123893805309736,4673,29,-4466,-236,0,8678,29,10467,6,19180,4005,0,14933,242,19180,21099725,131080,-20164770,-1066035,0,39213550,131080,47315865,27060,86687555,18113825,0,67480635,1093095,86687555
2024-09-13,4510,4530,4505,4530,20333,0.4434589800443459,-1435,0,1438,-3,0,6749,0,13532,52,20333,8184,0,12094,55,20333,-6491065,0,6505125,-14060,0,30477585,0,61194810,235030,91907425,36968650,0,54689685,249090,91907425
2024-09-19,4540,4540,4500,4530,48231,0.0,822,420,-4683,3441,0,18529,420,24743,4539,48231,17707,0,29426,1098,48231,3580150,1894750,-21067985,15593085,0,83723445,1894750,111812300,20561670,217992165,80143295,0,132880285,4968585,217992165
2024-09-20,4535,4545,4520,4535,60283,0.11037527593818984,-5683,0,17346,-11663,0,23319,0,36964,0,60283,29002,0,19618,11663,60283,-25794045,0,78629010,-52834965,0,105730675,0,167551685,0,273282360,131524720,0,88922675,52834965,273282360
2024-09-23,4535,4545,4530,4540,24518,0.11025358324145534,-10935,99,10535,301,0,6565,100,17121,732,24518,17500,1,6586,431,24518,-49626965,448965,47809985,1368015,0,29793770,453500,77704725,3322740,111274735,79420735,4535,29894740,1954725,111274735
2024-09-24,4540,4555,4520,4535,21258,-0.11013215859030838,5295,1,-5136,-160,0,13593,1,7664,0,21258,8298,0,12800,160,21258,23996550,4530,-23274835,-726245,0,61651910,4530,34822300,0,96478740,37655360,0,58097135,726245,96478740
2024-09-25,4535,4540,4525,4540,17946,0.11025358324145534,4294,1,-4188,-107,0,11885,1,6060,0,17946,7591,0,10248,107,17946,19478020,4535,-18996935,-485620,0,53877810,4535,27471095,0,81353440,34399790,0,46468030,485620,81353440
2024-09-26,4530,4555,4530,4555,25186,0.3303964757709251,5007,339,-5079,-267,0,10933,340,13913,0,25186,5926,1,18992,267,25186,22725730,1538755,-23051165,-1213320,0,49617225,1543300,63207630,0,114368155,26891495,4545,86258795,1213320,114368155
