날짜,시가,고가,저가,종가,거래량,등락률,기관합계_거래량_순매수,기타법인_거래량_순매수,개인_거래량_순매수,외국인합계_거래량_순매수,전체_거래량_순매수,기관합계_거래량_매수,기타법인_거래량_매수,개인_거래량_매수,외국인합계_거래량_매수,전체_거래량_매수,기관합계_거래량_매도,기타법인_거래량_매도,개인_거래량_매도,외국인합계_거래량_매도,전체_거래량_매도,기관합계_거래대금_순매수,기타법인_거래대금_순매수,개인_거래대금_순매수,외국인합계_거래대금_순매수,전체_거래대금_순매수,기관합계_거래대금_매수,기타법인_거래대금_매수,개인_거래대금_매수,외국인합계_거래대금_매수,전체_거래대금_매수,기관합계_거래대금_매도,기타법인_거래대금_매도,개인_거래대금_매도,외국인합계_거래대금_매도,전체_거래대금_매도
2020-08-07,4666,4954,4567,4791,4816315,,-2125513,207358,2409186,-491031,0,691175,269792,3760005,61425,4782397,2816688,62434,1350819,552456,4782397,-10219524605,990939110,11532462950,-2303877455,0,3324045465,1290773760,18076282605,297109310,22988211140,13543570070,299834650,6543819655,2600986765,22988211140
2020-08-10,4845,4890,4771,4821,1064059,0.6261740763932373,-326617,32070,302642,-8095,0,227584,32070,791903,5009,1056566,554201,0,489261,13104,1056566,-1581430010,155612575,1465396855,-39579420,0,1103346350,155612575,3839645245,24303920,5122908090,2684776360,0,2374248390,63883340,5122908090
2020-08-11,4855,4944,4810,4885,815168,1.3275254096660443,-120020,25506,72228,22286,0,117148,25506,630119,36654,809427,237168,0,557891,14368,809427,-589115820,124321695,355466775,109327350,0,575031130,124321695,3088673640,179889805,3967916270,1164146950,0,2733206865,70562455,3967916270
2020-08-12,4915,5014,4905,4975,995219,1.842374616171955,-128088,40570,82222,5296,0,181358,126398,652408,28046,988210,309446,85828,570186,22750,988210,-642115965,202407300,413353890,26354775,0,907591955,633368700,3268480400,140354495,4949795550,1549707920,430961400,2855126510,113999720,4949795550
2020-08-13,4974,4994,4935,4935,1037322,-0.8040201005025126,-168161,52230,130053,-14122,0,675316,52230,302271,200,1030017,843477,0,172218,14322,1030017,-838028295,260659865,647964995,-70596565,0,3345815480,260659865,1507378135,996000,5114849480,4183843775,0,859413140,71592565,5114849480
2020-08-14,4944,5004,4915,4955,487265,0.4052684903748734,-25056,22956,-3681,5781,0,129418,48008,288444,17964,483834,154474,25052,292125,12183,483834,-123858275,114288390,-19478760,29048645,0,646412420,239539760,1440985605,89669735,2416607520,770270695,125251370,1460464365,60621090,2416607520
2020-08-18,4954,4964,4930,4950,590643,-0.10090817356205853,-158758,61400,89482,7876,0,216585,68500,289712,11687,586484,375343,7100,200230,3811,586484,-790599590,305943500,445253505,39402585,0,1080707550,341372500,1443978020,58407305,2924465375,1871307140,35429000,998724515,19004720,2924465375
2020-08-19,4935,4964,4935,4955,517745,0.10101010101010101,-220736,55781,163741,1214,0,186550,55781,251561,20207,514099,407286,0,87820,18993,514099,-1101578375,278410055,816913220,6255100,0,930158935,278410055,1255255645,101027870,2564852505,2031737310,0,438342425,94772770,2564852505
2020-08-20,4949,4994,4915,4925,674224,-0.6054490413723511,-245115,99570,158488,-12943,0,121493,99570,439647,8766,669476,366608,0,281159,21709,669476,-1215526990,494656210,785209090,-64338310,0,607448180,494656210,2187136825,43818405,3333059620,1822975170,0,1401927735,108156715,3333059620
2020-08-21,4954,4974,4910,4950,346019,0.5076142131979695,-184295,30421,152526,1348,0,104032,30421,200078,9051,343582,288327,0,47552,7703,343582,-912679455,150761125,755211400,6706930,0,516888425,150761125,991993490,44958970,1704602010,1429567880,0,236782090,38252040,1704602010
2020-08-24,4925,4935,4895,4925,453741,-0.5050505050505051,-317999,74952,243379,-332,0,51820,76584,320849,1293,450546,369819,1632,77470,1625,450546,-1571835595,370731035,1202766340,-1661780,0,256087120,378806965,1585828530,6403600,2227126215,1827922715,8075930,383062190,8065380,2227126215
2020-08-25,4915,4935,4890,4910,311119,-0.3045685279187817,-102284,61500,40527,257,0,57471,61500,189700,257,308928,159755,0,149173,0,308928,-504797900,303719520,199811170,1267210,0,284218145,303719520,936585460,1267210,1525790335,789016045,0,736774290,0,1525790335
2020-08-26,4910,4915,4870,4895,293231,-0.30549898167006106,-124022,40531,82206,1285,0,33912,60531,192093,4630,291166,157934,20000,109887,3345,291166,-610833960,199728115,404711235,6394610,0,167218305,298285555,945481680,22871205,1433856745,778052265,98557440,540770445,16476595,1433856745
2020-08-27,4910,4910,4855,4865,205636,-0.6128702757916241,-88735,-26488,108859,6364,0,19164,3512,172145,9367,204188,107899,30000,63286,3003,204188,-434848235,-129985350,533547905,31285680,0,94229065,17223970,844861140,46019855,1002334030,529077300,147209320,311313235,14734175,1002334030
2020-08-28,4865,4865,4795,4806,308114,-1.2127440904419322,-5060,33551,-23951,-4540,0,31036,36115,237031,1762,305944,36096,2564,260982,6302,305944,-24297380,163628530,-117180830,-22150320,0,150808975,176188130,1151635330,8541050,1487173485,175106355,12559600,1268816160,30691370,1487173485
2020-08-31,4815,4880,4810,4865,196779,1.227632126508531,-32448,18811,12937,700,0,26371,18811,141165,9046,195393,58819,0,128228,8346,195393,-157835470,91418405,63124615,3292450,0,128930565,91418405,688237215,43898225,952484410,286766035,0,625112600,40605775,952484410
2020-09-01,4925,4930,4850,4856,92609,-0.18499486125385406,4709,-6152,1838,-395,0,31847,0,60110,0,91957,27138,6152,58272,395,91957,23492825,-30145080,8611155,-1958900,0,156379295,0,294648225,0,451027520,132886470,30145080,286037070,1958900,451027520
2020-09-02,4875,4895,4835,4836,196607,-0.41186161449752884,-95086,-13731,108817,0,0,32368,7045,155809,0,195222,127454,20776,46992,0,195222,-464653145,-67320570,531973715,0,0,158310135,34339825,762075245,0,954725205,622963280,101660395,230101530,0,954725205
2020-09-03,4890,4890,4855,4865,241938,0.5996691480562448,-39560,-5641,54801,-9600,0,106149,32441,101644,0,240234,145709,38082,46843,9600,240234,-193818230,-27524295,268382525,-47040000,0,519977710,158956360,497762650,0,1176696720,713795940,186480655,229380125,47040000,1176696720
2020-09-04,4845,4865,4815,4861,174769,-0.08221993833504625,-65473,-1625,51715,15383,0,38310,204,118498,16526,173538,103783,1829,66783,1143,173538,-320381300,-7963520,253021560,75323260,0,187518640,998580,579431255,80918245,848866720,507899940,8962100,326409695,5594985,848866720
2020-09-07,4850,4910,4835,4851,307475,-0.20571898786257972,-11049,-77044,95224,-7131,0,17697,1629,276659,9325,305310,28746,78673,181435,16456,305310,-53832065,-376840360,465267395,-34594970,0,86455960,7935270,1351620800,45677365,1491689395,140288025,384775630,886353405,80272335,1491689395
2020-09-08,4855,4855,4810,4836,496466,-0.30921459492888065,-166771,-53976,215930,4817,0,42068,1935,438966,10001,492970,208839,55911,223036,5184,492970,-810235310,-261996065,1048637220,23594155,0,204375785,9397940,2132855745,48727075,2395356545,1014611095,271394005,1084218525,25132920,2395356545
2020-09-09,4825,4890,4815,4851,169534,0.3101736972704715,2195,-8459,6126,138,0,51545,0,108930,7865,168340,49350,8459,102804,7727,168340,11580385,-41500475,29302450,617640,0,252890825,0,533042400,38522245,824455470,241310440,41500475,503739950,37904605,824455470
2020-09-10,4855,4865,4835,4856,175621,0.1030715316429602,44411,-34637,-5386,-4388,0,97795,105,76483,1,174384,53384,34742,81869,4389,174384,216933495,-169202760,-26345205,-21385530,0,477591410,511875,373600770,4890,851708945,260657915,169714635,399945975,21390420,851708945
2020-09-11,4855,4855,4815,4836,212644,-0.41186161449752884,-104441,-13760,109823,8378,0,18460,1000,181956,9731,211147,122901,14760,72133,1353,211147,-507808345,-67014945,534075955,40747335,0,89696005,4855000,884574830,47343055,1026468890,597504350,71869945,350498875,6595720,1026468890
2020-09-14,4860,4860,4815,4841,348963,0.10339123242349049,-81217,5264,66734,9219,0,186031,5264,141775,13436,346506,267248,0,75041,4217,346506,-394063590,25571425,323617070,44875095,0,905470690,25571425,688494545,65378800,1684915460,1299534280,0,364877475,20503705,1684915460
2020-09-15,4840,4840,4815,4831,109542,-0.2065688907250568,-33113,-14105,45949,1269,0,18662,2500,86329,1280,108771,51775,16605,40380,11,108771,-160792745,-68462395,223090595,6164545,0,90623765,12147500,419150540,6218015,528139820,251416510,80609895,196059945,53470,528139820
2020-09-16,4825,4905,4815,4865,178697,0.7037880356033948,-17081,2000,-367,15448,0,51473,2000,104331,19635,177439,68554,0,104698,4187,177439,-83372700,9720000,-2104540,75757240,0,250546195,9720000,508929340,96136080,865331615,333918895,0,511033880,20378840,865331615
2020-09-17,4865,4870,4815,4846,267293,-0.39054470709146966,-143560,-2313,158165,-12292,0,59620,3687,200123,1981,265411,203180,6000,41958,14273,265411,-696990270,-11173205,767827425,-59663950,0,289769125,17926795,972326550,9636970,1289659440,986759395,29100000,204499125,69300920,1289659440
2020-09-18,4845,4855,4820,4836,122221,-0.20635575732562939,-23049,3000,21369,-1320,0,49040,3000,69319,1,121360,72089,0,47950,1321,121360,-111974150,14595000,103819550,-6440400,0,239029570,14595000,337339690,4870,590969130,351003720,0,233520140,6445270,590969130
2020-09-21,4845,4845,4820,4826,193436,-0.20678246484698098,-147708,40,140988,6680,0,19058,40,166197,6779,192074,166766,0,25209,99,192074,-717609415,194300,684917495,32497620,0,92576600,194300,807492955,32978760,933242615,810186015,0,122575460,481140,933242615
2020-09-22,4830,4905,4825,4895,168886,1.4297554910899295,89177,-7309,-81610,-258,0,115823,0,45039,6835,167697,26646,7309,126649,7093,167697,436836905,-35821460,-399928585,-1086860,0,567406520,0,220066555,33395720,820868795,130569615,35821460,619995140,34482580,820868795
2020-09-23,4905,4939,4820,4900,450379,0.10214504596527069,70952,-69746,-41832,40626,0,229198,1000,150660,66349,447207,158246,70746,192492,25723,447207,355607705,-346087620,-207432720,197912635,0,1133591000,4870000,737992290,324991425,2201444715,777983295,350957620,945425010,127078790,2201444715
2020-09-24,4905,4915,4865,4875,96895,-0.5102040816326531,16805,-1254,-33386,17835,0,32158,0,38148,25907,96213,15353,1254,71534,8072,96213,82659725,-6188490,-164076740,87605505,0,158123090,0,187501650,127247500,472872240,75463365,6188490,351578390,39641995,472872240
2020-09-25,4939,4939,4855,4885,162056,0.20512820512820512,17562,-20000,63244,-60806,0,54914,0,105528,473,160915,37352,20000,42284,61279,160915,86448955,-98007680,310079900,-298521175,0,269735625,0,517876405,2322590,789934620,183286670,98007680,207796505,300843765,789934620
2020-09-28,4875,4925,4870,4910,59051,0.511770726714432,8908,-20000,14968,-3876,0,21909,0,36201,525,58635,13001,20000,21233,4401,58635,43996160,-98379740,73466265,-19082685,0,107909985,0,178086970,2581745,288578700,63913825,98379740,104620705,21664430,288578700
2020-09-29,4895,4954,4895,4955,114932,0.9164969450101833,22352,-15000,-17902,10550,0,58866,0,44548,10709,114123,36514,15000,62450,159,114123,111488200,-74175000,-89568120,52254920,0,292694880,0,220503690,53040780,566239350,181206680,74175000,310071810,785860,566239350
2020-10-05,4954,4974,4935,4975,190010,0.4036326942482341,-39598,200,44724,-5326,0,68339,200,116719,3414,188672,107937,0,71995,8740,188672,-197481060,996000,222999515,-26514455,0,341083030,996000,582361005,17073425,941513460,538564090,0,359361490,43587880,941513460
2020-10-06,4974,4984,4954,4985,318633,0.20100502512562815,-176473,5800,129962,40711,0,82459,6000,183094,44836,316389,258932,200,53132,4125,316389,-883025405,29058000,649953375,204014030,0,412747260,30060000,916277025,224635310,1583719595,1295772665,1002000,266323650,20621280,1583719595
2020-10-07,4994,4994,4954,4965,139986,-0.4012036108324975,-81946,500,86260,-4814,0,33462,500,97378,7660,139000,115408,0,11118,12474,139000,-409836815,2497500,431351730,-24012415,0,167312940,2497500,486924490,38300020,695034950,577149755,0,55572760,62312435,695034950
2020-10-08,4959,4994,4959,4985,340212,0.4028197381671702,-208942,2206,178663,28073,0,29000,2206,274440,32170,337816,237942,0,95777,4097,337816,-1044549805,11053190,892916690,140579925,0,145173845,11053190,1372169475,161079440,1689475950,1189723650,0,479252785,20499515,1689475950
2020-10-12,4974,5064,4974,5014,252549,0.5817452357071213,-50855,0,8977,41878,0,35601,0,170520,44649,250770,86456,0,161543,2771,250770,-256210950,0,44626630,211584320,0,179953520,0,859319170,225577410,1264850100,436164470,0,814692540,13993090,1264850100
2020-10-13,5064,5113,5024,5104,357303,1.7949740725967291,-113119,2,47840,65277,0,30028,22,247914,76823,354787,143147,20,200074,11546,354787,-579489500,10380,245050430,334428690,0,153686770,111980,1268675410,393579410,1816053570,733176270,101600,1023624980,59150720,1816053570
2020-10-14,5113,5113,5064,5104,203323,0.0,-7786,-49935,71697,-13976,0,24722,87,177023,59,201891,32508,50022,105326,14035,201891,-39925240,-255416460,366969210,-71627510,0,126716170,445440,906767030,302670,1034231310,166641410,255861900,539797820,71930180,1034231310
2020-10-15,5093,5113,5054,5114,169304,0.1959247648902821,679,0,11727,-12406,0,40950,0,117852,9310,168112,40271,0,106125,21716,168112,3704210,0,59845310,-63549520,0,209856970,0,602563580,47492500,859913050,206152760,0,542718270,111042020,859913050
2020-10-16,5113,5113,5014,5114,377118,0.0,-142939,-75000,192815,25124,0,67182,0,267264,40016,374462,210121,75000,74449,14892,374462,-727551860,-379922480,979161350,128312990,0,343190220,0,1361472280,204518450,1909180950,1070742080,379922480,382310930,76205460,1909180950
2020-10-19,5113,5113,5044,5044,162753,-1.368791552600704,-75939,1636,80638,-6335,0,20614,1636,121590,17767,161607,96553,0,40952,24102,161607,-388287590,8310880,412247490,-32270780,0,105151150,8310880,620674880,90925840,825062750,493438740,0,208427390,123196620,825062750
2020-10-20,5093,5093,5024,5054,120279,0.19825535289452814,-13585,1233,10913,1439,0,38500,1233,73806,5893,119432,52085,0,62893,4454,119432,-69090480,6275970,55482290,7332220,0,195866960,6275970,375606150,29992280,607741360,264957440,0,320123860,22660060,607741360
2020-10-21,5093,5093,5034,5084,157387,0.593589236248516,-11981,5326,2504,4151,0,54682,10439,73474,17684,156279,66663,5113,70970,13533,156279,-60763530,27150810,12346550,21266170,0,278729910,53329370,374246110,90142390,796447780,339493440,26178560,361899560,68876220,796447780
2020-10-22,5093,5173,5054,5163,364139,1.5538945712037766,-64646,178806,-163394,49234,0,58483,178844,60506,63742,361575,123129,38,223900,14508,361575,-336200410,925485630,-845789080,256503860,0,302494410,925682470,313670160,331308340,1873155380,638694820,196840,1159459240,74804480,1873155380
2020-10-23,5163,5183,5133,5173,195473,0.19368584156498161,-26732,27113,-25758,25377,0,27859,42000,91139,33098,194096,54591,14887,116897,7721,194096,-138839940,140867600,-133821590,131793930,0,144956420,218280000,473687280,171908720,1008832420,283796360,77412400,607508870,40114790,1008832420
2020-10-26,5183,5183,5103,5173,272203,0.0,-29143,28150,271,722,0,64577,28150,152019,25540,270286,93720,0,151748,24818,270286,-150715290,145272500,1420310,4022480,0,335253140,145272500,788320690,132420810,1401267140,485968430,0,786900380,128398330,1401267140
2020-10-27,5183,5183,5083,5163,325978,-0.19331142470520007,-112107,-9900,62628,59379,0,43961,10100,177081,92540,323682,156068,20000,114453,33161,323682,-578265160,-51486000,322553480,307197680,0,227115510,52314000,915348490,478917230,1673695230,805380670,103800000,592795010,171719550,1673695230
2020-10-28,5173,5193,5163,5183,119767,0.38737168312996323,-17530,0,1335,16195,0,15249,0,87479,16196,118924,32779,0,86144,1,118924,-91555210,0,7045770,84509440,0,79491720,0,456515780,84514660,620522160,171046930,0,449470010,5220,620522160
2020-10-29,5183,5203,5143,5203,108351,0.38587690526721974,-10379,191,29378,-19190,0,19864,191,83423,4110,107588,30243,0,54045,23300,107588,-53985350,997020,152794140,-99805810,0,103387050,997020,434283280,21427090,560094440,157372400,0,281489140,121232900,560094440
2020-10-30,5213,5242,5193,5243,297443,0.768787238131847,-2666,0,-15018,17684,0,100115,0,167035,28198,295348,102781,0,182053,10514,295348,-13688610,0,-79540860,93229470,0,527723930,0,880011410,148609210,1556344550,541412540,0,959552270,55379740,1556344550
2020-11-02,5222,5242,5183,5233,244024,-0.1907304978065993,-13360,0,20308,-6948,0,69630,0,150218,22458,242306,82990,0,129910,29406,242306,-69888720,0,106305480,-36416760,0,364558760,0,786447450,117811750,1268817960,434447480,0,680141970,154228510,1268817960
2020-11-03,5222,5242,5173,5233,176484,0.0,-56789,-1000,69693,-11904,0,26119,0,136193,12929,175241,82908,1000,66500,24833,175241,-297590140,-5270000,365030340,-62170200,0,137025470,0,713334500,67869670,918229640,434615610,5270000,348304160,130039870,918229640
2020-11-04,5232,5242,5193,5243,124381,0.1910949742021785,-25800,12400,11013,2387,0,18536,13000,75203,16766,123505,44336,600,64190,14379,123505,-134931140,65014000,57355220,12561920,0,97577040,68170000,394429700,88011080,648187820,232508180,3156000,337074480,75449160,648187820
2020-11-05,5242,5242,5173,5233,197417,-0.1907304978065993,-54695,0,47488,7207,0,66071,0,105155,24801,196027,120766,0,57667,17594,196027,-285963730,0,247876220,38087510,0,347131310,0,550027990,130253030,1027412330,633095040,0,302151770,92165520,1027412330
2020-11-06,5232,5232,5153,5203,217216,-0.5732849226065355,-80324,0,67720,12604,0,54748,0,129746,31192,215686,135072,0,62026,18588,215686,-418431620,0,352860200,65571420,0,285576690,0,676276930,162628430,1124482050,704008310,0,323416730,97057010,1124482050
2020-11-09,5203,5203,5083,5094,403580,-2.094945223909283,-221058,-15000,259656,-23598,0,58249,0,331618,10871,400738,279307,15000,71962,34469,400738,-1139305440,-77669910,1339344150,-122368800,0,300187000,0,1710563190,55990800,2066740990,1439492440,77669910,371219040,178359600,2066740990
2020-11-10,5103,5153,5044,5104,245193,0.19630938358853553,-71314,-13012,69300,15026,0,77191,6988,138086,21201,243466,148505,20000,68786,6175,243466,-363566740,-66967220,353234570,77299390,0,397737420,36008080,707571400,109122800,1250439700,761304160,102975300,354336830,31823410,1250439700
2020-11-11,5113,5143,5044,5144,228298,0.7836990595611284,-98835,0,-20472,119307,0,21493,0,46558,158639,226690,120328,0,67030,39332,226690,-507100360,0,-106151950,613252310,0,110314370,0,238704880,814906850,1163926100,617414730,0,344856830,201654540,1163926100
2020-11-12,5143,5143,5064,5124,246505,-0.38880248833592534,-124495,500,124796,-801,0,48069,500,172359,23841,244769,172564,0,47563,24642,244769,-636850560,2555000,638273780,-3978220,0,246600470,2555000,881982960,122321430,1253459860,883451030,0,243709180,126299650,1253459860
2020-11-13,5123,5143,5014,5134,439700,0.195160031225605,-207869,8500,175952,23417,0,110136,8500,263346,54622,436604,318005,0,87394,31205,436604,-1055810070,43285000,891672510,120852560,0,564109930,43285000,1341257720,280598090,2229250740,1619920000,0,449585210,159745530,2229250740
2020-11-16,5133,5133,5024,5074,422869,-1.168679392286716,-174675,2000,132199,40476,0,89769,2000,263111,65011,419891,264444,0,130912,24535,419891,-890436650,10220000,673613770,206602880,0,457276550,10220000,1340066000,331606010,2139168560,1347713200,0,666452230,125003130,2139168560
2020-11-17,5054,5074,4994,5054,395999,-0.3941663381947182,-225714,-8100,235709,-1895,0,72047,0,296275,24888,393210,297761,8100,60566,26783,393210,-1139866840,-40931940,1190559110,-9760330,0,364644430,0,1498263310,125869460,1988777200,1504511270,40931940,307704200,135629790,1988777200
2020-11-18,5054,5103,5014,5104,212928,0.9893153937475268,-23615,6000,-35386,53001,0,82631,6000,46453,76345,211429,106246,0,81839,23344,211429,-119334550,30330000,-182102770,271107320,0,421284650,30330000,236050200,389620750,1077285600,540619200,0,418152970,118513430,1077285600
2020-11-19,5093,5183,5064,5153,250247,0.9600313479623824,41805,1216,-96757,53736,0,131607,1216,51261,64401,248485,89802,0,148018,10665,248485,217192010,6213760,-501405580,277999810,0,682043150,6213760,265570640,333309040,1287136590,464851140,0,766976220,55309230,1287136590
2020-11-20,5153,5153,5103,5134,105472,-0.3687172520861634,-16568,-1000,-3030,20598,0,25412,1000,45796,32521,104729,41980,2000,48826,11923,104729,-85123120,-5170000,-16188320,106481440,0,131219950,5150000,235991870,167995420,540357240,216343070,10320000,252180190,61513980,540357240
2020-11-23,5133,5203,5113,5183,442907,0.9544215037008181,-140160,-19837,-70852,230849,0,92870,163,108794,237961,439788,233030,20000,179646,7112,439788,-729111670,-103152400,-369090770,1201354840,0,482518530,847600,565479690,1238279490,2287125310,1211630200,104000000,934570460,36924650,2287125310
2020-11-24,5203,5203,5123,5163,298005,-0.38587690526721974,-156151,20078,81178,54895,0,57297,20078,110759,107772,295906,213448,0,29581,52877,295906,-807780330,104000820,419374780,284404730,0,296757910,104000820,572953390,558378170,1532090290,1104538240,0,153578610,273973440,1532090290
2020-11-25,5133,5153,5074,5114,417077,-0.9490606236684098,-168529,15200,70917,82412,0,80465,15200,204394,114081,414140,248994,0,133477,31669,414140,-868042300,78211000,365521450,424309850,0,414217050,78211000,1051520820,587611780,2131560650,1282259350,0,685999370,163301930,2131560650
2020-11-26,5113,5163,5083,5163,219944,0.9581540868204927,-78688,-18398,-13393,110479,0,43487,1602,55334,117972,218395,122175,20000,68727,7493,218395,-406338020,-95781740,-68504210,570623970,0,224123120,8218260,286723960,609252510,1128317850,630461140,104000000,355228170,38628540,1128317850
2020-11-27,5163,5183,5103,5183,252481,0.38737168312996323,-29494,1012,-84401,112883,0,74875,1612,51235,122981,250703,104369,600,135636,10098,250703,-151986600,5223040,-438738970,585502530,0,388439790,8319040,265561560,637849550,1300169940,540426390,3096000,704300530,52347020,1300169940
2020-11-30,5153,5183,5093,5094,555887,-1.7171522284391278,-80125,-9323,144713,-55265,0,92209,6430,217010,236323,551972,172334,15753,72297,291588,551972,-415846830,-48604560,746957740,-282506350,0,477058060,33153100,1122247040,1216848240,2849306440,892904890,81757660,375289300,1499354590,2849306440
2020-12-01,5153,5153,5034,5074,430090,-0.39261876717707106,-97269,1953,218717,-123401,0,124898,2953,284990,14220,427061,222167,1000,66273,137621,427061,-495773930,10004830,1115212060,-629442960,0,637211750,15094830,1453813110,72569740,2178689430,1132985680,5090000,338601050,702012700,2178689430
2020-12-02,5083,5093,5044,5074,140305,0.0,-18449,-603,22309,-3257,0,17619,0,113168,8530,139317,36068,603,90859,11787,139317,-93793500,-3075300,113408860,-16540060,0,89804150,0,576428440,43506420,709739010,183597650,3075300,463019580,60046480,709739010
2020-12-03,5083,5083,5034,5084,152880,0.1970831690973591,-28614,0,20159,8455,0,31334,0,103787,16682,151803,59948,0,83628,8227,151803,-145470310,0,102409560,43060750,0,159499050,0,528135020,84962980,772597050,304969360,0,425725460,41902230,772597050
2020-12-04,5083,5083,5024,5074,475895,-0.1966955153422502,-312519,0,292249,20270,0,93808,0,354368,24368,472544,406327,0,62119,4098,472544,-1585914710,0,1482894940,103019770,0,476818090,0,1799275880,123857040,2399951010,2062732800,0,316380940,20837270,2399951010
2020-12-07,5054,5074,5034,5074,364180,0.0,-166758,-191,43897,123052,0,115015,809,115904,129887,361615,281773,1000,72007,6835,361615,-845791510,-980280,221197150,625574640,0,584626100,4109720,588021280,660330690,1837087790,1430417610,5090000,366824130,34756050,1837087790
2020-12-08,5074,5074,5034,5064,204618,-0.1970831690973591,-61866,900,15353,45613,0,61365,900,86219,54693,203177,123231,0,70866,9080,203177,-314795790,4590000,77976050,232229740,0,312345540,4590000,438165200,278454760,1033555500,627141330,0,360189150,46225020,1033555500
2020-12-09,5064,5083,5034,5084,245394,0.3949447077409162,-110533,-233,25329,85437,0,23915,0,123998,95753,243666,134448,233,98669,10316,243666,-562902860,-1188150,127682360,436408650,0,121918220,0,631579250,489033500,1242530970,684821080,1188150,503896890,52624850,1242530970
2020-12-10,5074,5113,5044,5084,296916,0.0,-34631,-19594,-64003,118228,0,65732,600,104129,124364,294825,100363,20194,168132,6136,294825,-175934890,-100449840,-328532230,604916960,0,336736290,3060000,531770180,636232960,1507799430,512671180,103509840,860302410,31316000,1507799430
2020-12-11,5093,5093,5054,5084,463372,0.0,-134559,-8206,106529,36236,0,80491,2000,240694,136924,460109,215050,10206,134165,100688,460109,-686322040,-42007020,543037720,185291340,0,411463880,10220000,1228369020,699879020,2349931920,1097785920,52227020,685331300,514587680,2349931920
2020-12-14,5083,5123,5074,5104,336877,0.3933910306845004,-129999,1709,-53920,182210,0,12726,1709,135833,184237,334505,142725,0,189753,2027,334505,-666567730,8764350,-277259480,935062860,0,65204880,8764350,696644200,945447880,1716061310,731772610,0,973903680,10385020,1716061310
2020-12-15,5103,5163,5083,5153,712980,0.9600313479623824,-314912,6000,-95547,404459,0,131616,6034,152264,418045,707959,446528,34,247811,13586,707959,-1626252310,30898640,-494949360,2090303030,0,681053540,31075100,785044630,2160468550,3657641820,2307305850,176460,1279993990,70165520,3657641820
2020-12-16,5153,5193,5133,5163,713562,0.19406171162429653,-116102,-26000,-11188,153290,0,170434,0,238172,299931,708537,286536,26000,249360,146641,708537,-604882150,-135490000,-59998920,800371070,0,885052150,0,1237402190,1561397960,3683852300,1489934300,135490000,1297401110,761026890,3683852300
2020-12-17,5173,5282,5163,5263,768650,1.9368584156498159,-363554,-21274,-5407,390235,0,22276,0,330870,410091,763237,385830,21274,336277,19856,763237,-1912534990,-112816470,-26715660,2052067120,0,116826150,0,1744541790,2156066630,4017434570,2029361140,112816470,1771257450,103999510,4017434570
2020-12-18,5282,5361,5252,5352,3311804,1.6910507315219456,-559014,122,-359663,918555,0,16879,6122,231713,3033767,3288481,575893,6000,591376,2115212,3288481,-3003436750,232710,-1925929200,4929133240,0,89844050,32572710,1238311910,16322997460,17683726130,3093280800,32340000,3164241110,11393864220,17683726130
2020-12-21,5302,5352,5292,5312,304723,-0.7473841554559043,-49870,-31112,1265,79717,0,30708,11112,142472,118285,302577,80578,42224,141207,38568,302577,-266584830,-167010530,5753610,427841750,0,164398580,59515900,762970280,634232720,1621117480,430983410,226526430,757216670,206390970,1621117480
2020-12-22,5312,5312,5242,5263,294138,-0.9224397590361446,39131,-45278,-41663,47810,0,88534,11500,126259,65774,292067,49403,56778,167922,17964,292067,207969030,-240411320,-221350170,253792460,0,470139840,61060000,669812430,349148790,1550161060,262170810,301471320,891162600,95356330,1550161060
2020-12-23,5252,5292,5193,5292,1233832,0.5510165304959149,-46190,-34442,33977,46655,0,1033539,12491,122094,57019,1225143,1079729,46933,88117,10364,1225143,-242402310,-181218730,178277630,245343410,0,5232426930,65381910,642698540,300138590,6240645970,5474829240,246600640,464420910,54795180,6240645970
2020-12-24,5302,5302,5193,5233,265099,-1.1148904006046865,-89818,-19500,86964,22354,0,41610,500,196283,24839,263232,131428,20000,109319,2485,263232,-473780680,-102329530,458227670,117882540,0,219525680,2640000,1035190260,131024540,1388380480,693306360,104969530,576962590,13142000,1388380480
2020-12-28,5252,5272,5173,5173,949741,-1.146569845213071,-109851,11195,67957,30699,0,553208,18695,335948,35202,943053,663059,7500,267991,4503,943053,-577922790,58391800,357729910,161801080,0,2807460960,97991800,1766915130,185587500,4857955390,3385383750,39600000,1409185220,23786420,4857955390
2020-12-29,5064,5113,5044,5104,613938,-1.3338488304658807,-178796,1000,56736,121060,0,65116,2000,376039,166459,609614,243912,1000,319303,45399,609614,-915867740,5130000,291227390,619510350,0,332671910,10240000,1925479490,851832750,3120224150,1248539650,5110000,1634252100,232322400,3120224150
2020-12-30,5103,5123,5034,5124,332449,0.3918495297805642,-13324,500,43648,-30824,0,81875,500,214952,32781,330108,95199,0,171304,63605,330108,-66833970,2545000,220446350,-156157380,0,418603480,2545000,1095277350,168098720,1684524550,485437450,0,874831000,324256100,1684524550
2021-01-04,5133,5133,5054,5114,433964,-0.195160031225605,-141607,-7810,-63089,212506,0,42409,7190,122414,258895,430908,184016,15000,185503,46389,430908,-723210280,-39558780,-325503850,1088272910,0,216798030,36801220,625145760,1325300500,2204045510,940008310,76360000,950649610,237027590,2204045510
2021-01-05,5103,5133,5054,5104,364280,-0.19554165037152915,-130618,912,-24560,154266,0,86200,1000,110207,164308,361715,216818,88,134767,10042,361715,-668535590,4652080,-127577190,791460700,0,441060760,5100000,564100390,843199180,1853460330,1109596350,447920,691677580,51738480,1853460330
2021-01-06,5064,5103,5054,5074,239428,-0.5877742946708464,-52370,-3159,64933,-9404,0,99827,16841,120974,100,237742,152197,20000,56041,9504,237742,-266319010,-16229870,330682000,-48133120,0,510399660,85955100,617294050,510000,1214158810,776718670,102184970,286612050,48643120,1214158810
2021-01-07,5093,5093,5014,5044,453431,-0.5912495072920773,-92925,12546,81806,-1427,0,116184,12546,317728,3780,450238,209109,0,235922,5207,450238,-469028130,63710980,412443890,-7126740,0,590368700,63710980,1610904500,19391400,2284375580,1059396830,0,1198460610,26518140,2284375580
2021-01-08,5024,5044,4964,5024,509598,-0.3965107057890563,-128899,4059,117990,6850,0,104539,8880,382043,10547,506009,233438,4821,264053,3697,506009,-648477230,20379740,593612470,34485020,0,526643900,44774000,1921858720,53157230,2546433850,1175121130,24394260,1328246250,18672210,2546433850
2021-01-11,5014,5014,4964,5005,610328,-0.3781847133757962,-194579,-5865,151817,48627,0,116131,8135,398322,83442,606030,310710,14000,246505,34815,606030,-974408340,-29303250,758671240,245040350,0,582920180,40856750,1996127070,419270380,3039174380,1557328520,70160000,1237455830,174230030,3039174380
2021-01-12,5004,5024,4959,5024,244644,0.37962037962037964,3198,7448,-48790,38144,0,93754,7448,94821,46898,242921,90556,0,143611,8754,242921,17906720,37374870,-246075970,190794380,0,472462650,37374870,475759395,234864910,1220461825,454555930,0,721835365,44070530,1220461825
2021-01-13,5024,5034,4984,5034,191469,0.19904458598726116,35513,763,-40085,3809,0,69728,2500,60579,57314,190121,34215,1737,100664,53505,190121,179329330,3790550,-202375670,19255790,0,351671350,12575000,305484860,290253470,959984680,172342020,8784450,507860530,270997680,959984680
2021-01-14,5044,5064,5004,5024,120063,-0.1986491855383393,-41565,-532,3475,38622,0,24325,201,49869,44822,119217,65890,733,46394,6200,119217,-210210650,-2686590,17174600,195722640,0,123010810,1015060,252531170,227115480,603672520,333221460,3701650,235356570,31392840,603672520
2021-01-15,5024,5054,4994,5014,253871,-0.19904458598726116,-21323,-902,-50473,72698,0,74094,1699,93322,82968,252083,95417,2601,143795,10270,252083,-108352730,-4545110,-255208120,368105960,0,374396510,8589940,471966170,420002890,1274955510,482749240,13135050,727174290,51896930,1274955510
2021-01-18,5004,5123,5004,5114,372770,1.9944156362185879,189507,12696,-212853,10650,0,273224,14939,40090,41892,370145,83717,2243,252943,31242,370145,970295380,64042980,-1089365000,55026640,0,1395164440,75392560,203231790,213480230,1887269020,424869060,11349580,1292596790,158453590,1887269020
2021-01-19,5064,5123,5054,5114,240322,0.0,92861,0,-76171,-16690,0,157279,0,78329,3022,238630,64418,0,154500,19712,238630,478198370,0,-392434860,-85763510,0,809467110,0,402239940,15486280,1227193330,331268740,0,794674800,101249790,1227193330
2021-01-20,5103,5133,5074,5094,214359,-0.3910833007430583,41869,28364,-57826,-12407,0,125925,30000,40499,16425,212849,84056,1636,98325,28832,212849,215777240,146090960,-297972280,-63895920,0,648630220,154500000,208692910,84678040,1096501170,432852980,8409040,506665190,148573960,1096501170
2021-01-21,5123,5123,5074,5094,121292,0.0,-51089,38398,3172,9519,0,30972,38432,41259,9775,120438,82061,34,38087,256,120438,-261952890,197108620,15988320,48855950,0,158753560,197284060,211375600,50171220,617584440,420706450,175440,195387280,1315270,617584440
2021-01-22,5123,5123,5044,5084,175738,-0.19630938358853553,-61406,9250,49163,2993,0,52493,9250,106538,6219,174500,113899,0,57375,3226,174500,-312848880,47295000,250276920,15276960,0,267989420,47295000,543254270,31762940,890301630,580838300,0,292977350,16485980,890301630
2021-01-25,5074,5113,5054,5084,86446,0.0,-21939,100,5494,16345,0,12949,100,54675,18113,85837,34888,0,49181,1768,85837,-112320220,509000,28142800,83668420,0,66305590,509000,280503850,92732270,440050710,178625810,0,252361050,9063850,440050710
2021-01-26,5103,5113,5044,5104,201814,0.3933910306845004,40841,1000,-38653,-3188,0,97417,5000,92687,5289,200393,56576,4000,131340,8477,200393,208883860,5200000,-197748050,-16335810,0,498337210,25600000,474028200,27085250,1025050660,289453350,20400000,671776250,43421060,1025050660
2021-01-27,5103,5103,5064,5084,110907,-0.3918495297805642,21135,600,-37636,15901,0,64196,600,29118,16212,110126,43061,0,66754,311,110126,108385840,3066000,-192722890,81271050,0,328521900,3066000,148915950,82866480,563370330,220136060,0,341638840,1595430,563370330
2021-01-28,5083,5083,5044,5074,121315,-0.1966955153422502,-5278,-804,1859,4223,0,59900,196,54904,5461,120461,65178,1000,53045,1238,120461,-26697550,-4092360,9258570,21531340,0,305334120,997640,279766780,27845420,613943960,332031670,5090000,270508210,6314080,613943960
2021-01-29,5103,5103,5014,5044,142899,-0.5912495072920773,7267,3098,-16183,5818,0,63170,3098,69807,5818,141893,55903,0,85990,0,141893,36756860,15768820,-82162340,29636660,0,321393810,15768820,354577150,29636660,721376440,284636950,0,436739490,0,721376440
2021-02-01,5054,5074,5014,5074,80018,0.5947660586835845,38592,0,-36994,-1598,0,53269,0,23875,2310,79454,14677,0,60869,3908,79454,196010170,0,-187920870,-8089300,0,270398450,0,120884980,11698840,402982270,74388280,0,308805850,19788140,402982270
2021-02-02,5064,5083,5044,5064,100991,-0.1970831690973591,-35707,200,27127,8380,0,29604,200,59537,10939,100280,65311,0,32410,2559,100280,-182117570,1018000,138273650,42825920,0,150873110,1018000,303545800,55872920,511309830,332990680,0,165272150,13047000,511309830
2021-02-03,5064,5074,5034,5074,154389,0.1974723538704581,3735,3000,2166,-8901,0,56004,3000,38057,56241,153302,52269,0,35891,65142,153302,19378570,15240000,10532170,-45150740,0,285162180,15240000,193471030,287268440,781141650,265783610,0,182938860,332419180,781141650
2021-02-04,5083,5083,5034,5074,177799,0.0,11987,-1651,-15221,4885,0,79921,2898,86387,7341,176547,67934,4549,101608,2456,176547,61508440,-8403880,-77979580,24875020,0,406621020,14696840,438529910,37397530,897245300,345112580,23100720,516509490,12522510,897245300
2021-02-05,5083,5083,5024,5084,164705,0.1970831690973591,14326,300,-21107,6481,0,87178,300,68684,7383,163545,72852,0,89791,902,163545,73174490,1521000,-107599190,32903700,0,443938080,1521000,349075070,37505640,832039790,370763590,0,456674260,4601940,832039790
2021-02-08,5074,5133,5064,5114,333211,0.5900865460267506,79966,3000,-122296,39330,0,181534,3000,95335,50995,330864,101568,0,217631,11665,330864,411705840,15330000,-629281530,202245690,0,933839980,15330000,489302820,262239880,1700712680,522134140,0,1118584350,59994190,1700712680
2021-02-09,5113,5153,5113,5144,131448,0.5866249511145875,58621,-20000,-30909,-7712,0,79645,0,50877,0,130522,21024,20000,81786,7712,130522,303291180,-103400000,-160062450,-39828730,0,412100790,0,263332880,0,675433670,108809610,103400000,423395330,39828730,675433670
2021-02-10,5153,5163,5123,5144,107500,0.0,1270,0,-9708,8438,0,27687,0,66601,12455,106743,26417,0,76309,4017,106743,6410590,0,-50123880,43713290,0,143252070,0,344993770,64508860,552754700,136841480,0,395117650,20795570,552754700
2021-02-15,5133,5153,5123,5153,129580,0.1749611197511664,33413,96,-54556,21047,0,57806,96,49184,21581,128667,24393,0,103740,534,128667,172836650,496320,-282302160,108969190,0,299177130,496320,254551020,111731690,665956160,126340480,0,536853180,2762500,665956160
2021-02-16,5153,5153,5133,5144,126625,-0.17465554046186688,-7878,-25000,31686,1192,0,62010,0,57561,6162,125733,69888,25000,25875,4970,125733,-40843090,-129500000,164130060,6213030,0,321370420,0,298204540,31957630,651532590,362213510,129500000,134074480,25744600,651532590
2021-02-17,5143,5153,5133,5153,175638,0.1749611197511664,-114832,15254,85642,13936,0,27116,15254,110667,21364,174401,141948,0,25025,7428,174401,-595083870,78951350,443714250,72418270,0,140481050,78951350,573337330,110838990,903608720,735564920,0,129623080,38420720,903608720
2021-02-18,5153,5163,5133,5163,121222,0.19406171162429653,-14462,0,15364,-902,0,43456,0,69280,7632,120368,57918,0,53916,8534,120368,-75135570,0,79696460,-4560890,0,225445150,0,359485210,39612250,624542610,300580720,0,279788750,44173140,624542610
2021-02-19,5153,5163,5103,5163,259961,0.0,-102631,10000,87674,4957,0,41215,10000,185128,21787,258130,143846,0,97454,16830,258130,-532062830,51800000,454374410,25888420,0,213714590,51800000,959877320,113182000,1338573910,745777420,0,505502910,87293580,1338573910
2021-02-22,5153,5163,5093,5144,286503,-0.36800309897346506,67467,20098,24292,-111857,0,73876,20098,184632,5879,284485,6409,0,160340,117736,284485,348264460,103604700,125345770,-577214930,0,381466620,103604700,953622960,30353560,1469047840,33202160,0,828277190,607568490,1469047840
2021-02-23,5153,5153,5103,5144,182503,0.0,49958,200,-33683,-16475,0,142244,200,36071,2703,181218,92286,0,69754,19178,181218,258999120,1036000,-174808320,-85226800,0,736744140,1036000,186355720,13982880,938118740,477745020,0,361164040,99209680,938118740
2021-02-24,5123,5153,5123,5144,257261,0.0,73412,0,-75577,2165,0,95926,0,84525,74998,255449,22514,0,160102,72833,255449,380055630,0,-391328490,11272860,0,496369700,0,436947760,388259930,1321577390,116314070,0,828276250,376987070,1321577390
2021-02-25,5143,5143,5093,5144,211065,0.0,33488,3400,-46342,9454,0,74646,3400,75867,55666,209579,41158,0,122209,46212,209579,172550810,17505680,-238805350,48748860,0,384481920,17505680,390621800,286568920,1079178320,211931110,0,629427150,237820060,1079178320
2021-02-26,5123,5153,5093,5144,201605,0.0,49538,9038,-45545,-13031,0,105063,9038,61960,24124,200185,55525,0,107505,37155,200185,255972920,46470350,-235546740,-66896530,0,542606090,46470350,318523740,124651630,1032251810,286633170,0,554070480,191548160,1032251810
2021-03-02,5153,5163,5133,5153,155032,0.1749611197511664,-39395,-32,21512,17915,0,21321,0,101434,31185,153940,60716,32,79922,13270,153940,-204562250,-165670,111651070,93076850,0,110470000,0,525819600,161761270,798050870,315032250,165670,414168530,68684420,798050870
2021-03-03,5163,5163,5133,5163,141238,0.19406171162429653,8558,0,13789,-22347,0,22297,0,72015,45931,140243,13739,0,58226,68278,140243,44169880,0,71456090,-115625970,0,115463080,0,372834020,238749460,727046560,71293200,0,301377930,354375430,727046560
2021-03-04,5153,5163,5133,5153,58974,-0.19368584156498161,13294,0,749,-14043,0,15622,0,41133,1804,58559,2328,0,40384,15847,58559,68885390,0,3855510,-72740900,0,80944420,0,213048240,9359300,303351960,12059030,0,209192730,82100200,303351960
2021-03-05,5123,5153,5123,5153,117424,0.0,5289,1924,-5538,-1675,0,18255,1924,92090,4328,116597,12966,0,97628,6003,116597,27242400,9947080,-28648150,-8541330,0,94501240,9947080,476804550,22458050,603710920,67258840,0,505452700,30999380,603710920
2021-03-08,5153,5153,5113,5144,113572,-0.17465554046186688,1871,-4844,3554,-581,0,33666,1156,75089,2861,112772,31795,6000,71535,3442,112772,9667280,-24986150,18281840,-2962970,0,174047530,5993850,388104670,14798630,582944680,164380250,30980000,369822830,17761600,582944680
2021-03-09,5143,5153,5123,5153,124998,0.1749611197511664,-13022,0,2792,10230,0,23825,0,75978,24315,124118,36847,0,73186,14085,124118,-66961560,0,13981620,52979940,0,123538120,0,392531580,125926220,641995920,190499680,0,378549960,72946280,641995920
2021-03-10,5153,5153,5113,5153,182641,0.0,48277,0,12719,-60996,0,75914,0,101687,3754,181355,27637,0,88968,64750,181355,249697400,0,65137370,-314834770,0,392400100,0,525023480,19392520,936816100,142702700,0,459886110,334227290,936816100
2021-03-11,5153,5153,5103,5153,148992,0.0,21370,0,642,-22012,0,51603,0,87035,9305,147943,30233,0,86393,31317,147943,110292150,0,3443320,-113735470,0,266781140,0,449439930,48126870,764347940,156488990,0,445996610,161862340,764347940
2021-03-12,5143,5153,5133,5144,183562,-0.17465554046186688,-54504,-5615,54889,5230,0,57661,385,114144,10079,182269,112165,6000,59255,4849,182269,-282145020,-29085700,284129440,27101280,0,298946400,1994300,591270970,52213430,944425100,581091420,31080000,307141530,25112150,944425100
2021-03-15,5153,5163,5113,5134,206482,-0.19440124416796267,-39434,21209,1826,16399,0,55564,41209,81039,27216,205028,94998,20000,79213,10817,205028,-204455130,110308570,8603510,85543050,0,287095440,213758760,418345700,141472190,1060672090,491550570,103450190,409742190,55929140,1060672090
2021-03-16,5153,5153,5123,5144,101537,0.19477989871445267,21934,-1700,-26270,6036,0,43871,300,30259,26392,100822,21937,2000,56529,20356,100822,113455990,-8809000,-135963520,31316530,0,227024190,1551000,156526610,136559750,521661550,113568200,10360000,292490130,105243220,521661550
2021-03-17,5143,5163,5133,5153,82537,0.1749611197511664,8891,4000,-18675,5784,0,21721,4000,42367,13868,81956,12830,0,61042,8084,81956,45986040,20720000,-96669210,29963170,0,112542950,20720000,219487670,71775150,424525770,66556910,0,316156880,41811980,424525770
2021-03-18,5143,5153,5133,5153,137606,0.0,-39307,27691,5580,6036,0,23327,31691,71612,10007,136637,62634,4000,66032,3971,136637,-203219540,143338570,28675340,31205630,0,120771600,164058570,370559440,51736330,707125940,323991140,20720000,341884100,20530700,707125940
2021-03-19,5153,5163,5123,5124,302915,-0.5627789637104599,-42413,41068,100830,-99485,0,84112,42068,168647,5955,300782,126525,1000,67817,105440,300782,-220745390,212785100,521857380,-513897090,0,434539430,217965100,873636670,30751510,1556892710,655284820,5180000,351779290,544648600,1556892710
2021-03-22,5153,5163,5133,5153,137206,0.5659640905542546,-48243,10900,39865,-2522,0,17949,10900,93353,14038,136240,66192,0,53488,16560,136240,-249764070,56382000,206401730,-13019660,0,92945150,56382000,483378910,72690010,705396070,342709220,0,276977180,85709670,705396070
2021-03-23,5153,5193,5143,5193,318647,0.7762468464971861,-42347,18000,-72812,97159,0,96045,18000,99798,102560,316403,138392,0,172610,5401,316403,-220246800,93960000,-380213680,506500480,0,500832320,93960000,518920300,534620480,1648333100,721079120,0,899133980,28120000,1648333100
2021-03-24,5193,5213,5183,5213,176500,0.38513383400731754,-27143,3000,6555,17588,0,64636,3000,71159,36462,175257,91779,0,64604,18874,175257,-141837990,15690000,33974930,92173060,0,338346410,15690000,372146220,190884080,917066710,480184400,0,338171290,98711020,917066710
2021-03-25,5213,5222,5173,5203,172777,-0.1918281220026856,-53428,19521,23996,9911,0,42639,19521,80016,29384,171560,96067,0,56020,19473,171560,-278623690,101795040,125071600,51757050,0,223343140,101795040,418299510,153730040,897167730,501966830,0,293227910,101972990,897167730
2021-03-26,5213,5282,5183,5263,4639269,1.1531808571977706,-8415,16390,-66575,58600,0,4373645,16390,128007,88556,4606598,4382060,0,194582,29956,4606598,-38747660,85795700,-356496850,309448810,0,23019724570,85795700,673449600,467324350,24246294220,23058472230,0,1029946450,157875540,24246294220
2021-03-29,5272,5272,5183,5243,5233143,-0.38001140034201025,-171541,14450,153842,3249,0,4911492,14450,221031,49317,5196290,5083033,0,67189,46068,5196290,-900271100,75883000,807572530,16815570,0,25061543130,75883000,1160373080,259065700,26556864910,25961814230,0,352800550,242250130,26556864910
2021-03-30,5222,5232,5203,5223,1186322,-0.3814609956131986,-68493,11917,35513,21063,0,1064897,12067,76115,24889,1177968,1133390,150,40602,3826,1177968,-359574030,62529620,186382530,110661880,0,5440863700,63315620,399678120,130744110,6034601550,5800437730,786000,213295590,20082230,6034601550
2021-03-31,5222,5222,5163,5183,347271,-0.7658433850277618,-140775,13758,157916,-30899,0,97351,13758,206626,27090,344825,238126,0,48710,57989,344825,-735452430,71974340,824774270,-161296180,0,509619100,71974340,1079696600,141826720,1803116760,1245071530,0,254922330,303122900,1803116760
2021-04-01,5203,5213,5163,5203,218974,0.38587690526721974,-115568,18278,50878,46412,0,49394,21800,99135,47103,217432,164962,3522,48257,691,217432,-604354330,95395920,266076120,242882290,0,257915560,113763150,518365800,246495860,1136540370,862269890,18367230,252289680,3613570,1136540370
2021-04-02,5222,5222,5163,5173,282747,-0.5765904285988853,-120224,11485,26281,82458,0,42489,11485,135666,91116,280756,162713,0,109385,8658,280756,-626874560,59886850,137590710,429397000,0,221405120,59886850,707248870,474566170,1463107010,848279680,0,569658160,45169170,1463107010
2021-04-05,5183,5183,5143,5153,363658,-0.38662284941040015,-141028,65179,50061,25788,0,51103,65179,215820,28995,361097,192131,0,165759,3207,361097,-731881750,338084220,259988650,133808880,0,265117200,338084220,1119719790,150447460,1873368670,996998950,0,859731140,16638580,1873368670
2021-04-06,5163,5163,5143,5153,179027,0.0,-105613,22115,85200,-1702,0,15738,22115,127068,12845,177766,121351,0,41868,14547,177766,-548041690,114732210,441964610,-8655130,0,81627030,114732210,659066310,66777390,922202940,629668720,0,217101700,75432520,922202940
2021-04-07,5153,5173,5143,5163,167351,0.19406171162429653,-59183,6054,43746,9383,0,71154,6054,77114,11850,166172,130337,0,33368,2467,166172,-307545960,31420260,227409720,48715980,0,369837460,31420260,400764710,61544350,863566780,677383420,0,173354990,12828370,863566780
2021-04-08,5173,5173,5143,5153,344125,-0.19368584156498161,-264137,5836,246148,12153,0,53174,5836,259135,23557,341702,317311,0,12987,11404,341702,-1372607410,30347200,1278939830,63320380,0,276319380,30347200,1346392650,122621190,1775680420,1648926790,0,67452820,59300810,1775680420
2021-04-09,5153,5163,5143,5163,5371376,0.19406171162429653,-5081016,30771,76344,4973901,0,158605,30771,132062,5012111,5333549,5239621,0,55718,38210,5333549,-25870915170,159886490,396502340,25314526340,0,824005960,159886490,685490380,25512969350,27182352180,26694921130,0,288988040,198443010,27182352180
2021-04-12,5163,5173,5143,5153,352850,-0.19368584156498161,-88678,6101,149902,-67325,0,116982,6101,214597,12685,350365,205660,0,64695,80010,350365,-460865250,31667190,778637780,-349439720,0,608158350,31667190,1114754330,65957720,1820537590,1069023600,0,336116550,415397440,1820537590
2021-04-13,5153,5163,5153,5163,7446813,0.19406171162429653,-72127,7731,90573,-26177,0,7261670,7731,123285,1685,7394371,7333797,0,32712,27862,7394371,-375039050,40181690,470785590,-135928230,0,36324293230,40181690,640663620,8761010,37013899550,36699332280,0,169878030,144689240,37013899550
2021-04-14,5163,5163,5143,5153,320948,-0.19368584156498161,-64723,32000,163001,-130278,0,88118,32000,189914,8656,318688,152841,0,26913,138934,318688,-336618230,166170000,846468420,-676020190,0,457609750,166170000,986298850,45006400,1655085000,794227980,0,139830430,721026590,1655085000
2021-04-15,5163,5173,5153,5163,5642301,0.19406171162429653,-190494,126444,97531,-33481,0,5247227,129967,147159,78213,5602566,5437721,3523,49628,111694,5602566,-990486010,657124030,506874270,-173512290,0,26281523670,675408400,764704300,406729590,28128365960,27272009680,18284370,257830030,580241880,28128365960
2021-04-16,5163,5163,5123,5163,693444,0.0,-420149,25165,442444,-47460,0,82584,25165,480716,100096,688561,502733,0,38272,147556,688561,-2178392640,130437400,2293568970,-245613730,0,428407060,130437400,2492236200,519283010,3570363670,2606799700,0,198667230,764896740,3570363670
2021-04-19,5163,5163,5133,5144,569996,-0.36800309897346506,-269290,6913,331719,-69342,0,77653,6913,417254,64162,565982,346943,0,85535,133504,565982,-1397136680,35849470,1720400790,-359113580,0,402830010,35849470,2164303560,333022560,2936005600,1799966690,0,443902770,692136140,2936005600
2021-04-20,5153,5163,5133,5153,445661,0.1749611197511664,-57169,57000,231467,-231298,0,77154,57000,291059,17310,442523,134323,0,59592,248608,442523,-296739530,295509000,1199403140,-1198172610,0,399983950,295509000,1508519810,89779360,2293792120,696723480,0,309116670,1287951970,2293792120
2021-04-21,5153,5153,5133,5153,210774,0.0,-15172,18900,105706,-109434,0,37950,21900,148493,947,209290,53122,3000,42787,110381,209290,-78919390,97872000,547830410,-566783020,0,196761370,113442000,769585740,4909620,1084698730,275680760,15570000,221755330,571692640,1084698730
2021-04-22,5153,5163,5123,5144,468474,-0.17465554046186688,-109284,6744,256596,-154056,0,134427,6745,317967,6036,465175,243711,1,61371,160092,465175,-567169260,34936370,1329076690,-796843800,0,697074720,34941550,1647387260,31318230,2410721760,1264243980,5180,318310570,828162030,2410721760
2021-04-23,5143,5153,5123,5134,373347,-0.19440124416796267,-162441,5047,211525,-54131,0,70362,5047,266455,28854,370718,232803,0,54930,82985,370718,-840843960,26143460,1094338630,-279638130,0,364180960,26143460,1378667700,149345060,1918337180,1205024920,0,284329070,428983190,1918337180
2021-04-26,5133,5133,5113,5134,657157,0.0,-144498,15098,257848,-128448,0,138632,15098,498099,700,652529,283130,0,240251,129148,652529,-746072940,77964660,1330652720,-662544440,0,715921410,77964660,2571502420,3614010,3369002500,1461994350,0,1240849700,666158450,3369002500
2021-04-27,5123,5143,5123,5144,538559,0.19477989871445267,-249355,20469,147462,81424,0,73646,30469,237271,193380,534766,323001,10000,89809,111956,534766,-1288704320,105707280,761641320,421355720,0,380559960,157307280,1225852040,999443760,2763163040,1669264280,51600000,464210720,578088040,2763163040
2021-04-28,5123,5123,5064,5084,1088102,-1.166407465007776,-474824,33212,667209,-225597,0,253119,93212,724161,9947,1080439,727943,60000,56952,235544,1080439,-2435530010,170001090,3423566700,-1158037780,0,1297609090,477501090,3715191300,51225530,5541527010,3733139100,307500000,291624600,1209263310,5541527010
2021-04-29,5093,5143,5064,5074,10688787,-0.1966955153422502,-767858,2600,133710,631548,0,9595317,22600,228628,766969,10613514,10363175,20000,94918,135421,10613514,-3851783660,13312000,680107000,3158364660,0,48175371950,115612000,1168907480,3852070400,53311961830,52027155610,102300000,488800480,693705740,53311961830
2021-04-30,5074,5093,5024,5054,698705,-0.3941663381947182,-145565,51354,342009,-247798,0,223340,51354,388664,30427,693785,368905,0,46655,278225,693785,-740118660,260763910,1738470820,-1259116070,0,1136483700,260763910,1975930800,154891490,3528069900,1876602360,0,237459980,1414007560,3528069900
2021-05-03,5054,5074,5014,5024,643971,-0.593589236248516,-223295,21760,442124,-240589,0,92057,25260,506459,15660,639436,315352,3500,64335,256249,639436,-1133136980,110338200,2243158330,-1220359550,0,466886040,128083200,2570269700,79675360,3244914300,1600023020,17745000,327111370,1300034910,3244914300
2021-05-04,5024,5054,4994,5034,678070,0.19904458598726116,-151707,57052,264226,-169571,0,127248,57052,436276,52719,673295,278955,0,172050,222290,673295,-765791750,287825700,1334333160,-856367110,0,643327610,287825700,2202863500,266344070,3400360880,1409119360,0,868530340,1122711180,3400360880
2021-05-06,5034,5064,5024,5034,620298,0.0,-135203,139342,276473,-280612,0,71585,139342,359104,45899,615930,206788,0,82631,326511,615930,-686095650,708056930,1401376730,-1423338010,0,363265030,708056930,1821132760,232932480,3125387200,1049360680,0,419756030,1656270490,3125387200
2021-05-07,5054,5054,5014,5034,871073,0.0,-96011,129422,519523,-552934,0,100471,150097,601722,12649,864939,196482,20675,82199,565583,864939,-487274260,655467820,2631569060,-2799762620,0,509016280,760496820,3048535660,64310660,4382359420,996290540,105029000,416966600,2864073280,4382359420
2021-05-10,5044,5074,5024,5074,646624,0.7945967421533572,-227384,177554,174958,-125128,0,139053,177554,304466,20997,642070,366437,0,129508,146125,642070,-1155266750,903204940,887427550,-635365740,0,706384350,903204940,1546001940,106668530,3262259760,1861651100,0,658574390,742034270,3262259760
2021-05-11,5074,5083,5054,5064,333172,-0.1970831690973591,-96698,46148,128839,-78289,0,91551,46148,168466,24661,330826,188249,0,39627,102950,330826,-493058730,235291320,656715790,-398948380,0,467163790,235291320,858640140,125782720,1686877970,960222520,0,201924350,524731100,1686877970
2021-05-12,5064,5103,5044,5104,380445,0.7898894154818324,57744,10684,12481,-80909,0,215800,10684,125085,26197,377766,158056,0,112604,107106,377766,295268460,54526040,63180600,-412975100,0,1102742740,54526040,638415660,133832910,1929517350,807474280,0,575235060,546808010,1929517350
2021-05-13,5103,5113,5064,5114,627188,0.1959247648902821,-125735,81467,207082,-162814,0,181905,111467,325150,4249,622771,307640,30000,118068,167063,622771,-645435800,418967730,1062129730,-835661660,0,935071990,572033440,1668828030,21808310,3197741770,1580507790,153065710,606698300,857469970,3197741770
2021-05-14,5103,5123,5093,5124,413120,0.19554165037152915,-93657,51413,118022,-75778,0,172754,51413,176163,9881,410211,266411,0,58141,85659,410211,-481463520,264284950,607358200,-390179630,0,890102310,264284950,906735290,50820710,2111943260,1371565830,0,299377090,441000340,2111943260
2021-05-17,5113,5133,5103,5124,245385,0.0,6983,-35468,70018,-41533,0,74837,20532,139780,8508,243657,67854,56000,69762,50041,243657,35793490,-182659680,360797920,-213931730,0,385672970,105740320,720516360,43901280,1255830930,349879480,288400000,359718440,257833010,1255830930
2021-05-18,5113,5123,5093,5104,401717,-0.39032006245121,-168166,15778,189874,-37486,0,133450,15778,236767,12893,398888,301616,0,46893,50379,398888,-864175420,81174920,975629640,-192629140,0,686815080,81174920,1216678210,66295290,2050963500,1550990500,0,241048570,258924430,2050963500
2021-05-20,5103,5123,5093,5124,385306,0.3918495297805642,33697,-29331,25390,-29756,0,211454,30360,130168,10611,382593,177757,59691,104778,40367,382593,173195720,-150861340,130579600,-152913980,0,1088294370,155950400,669514640,54744330,1968503740,915098650,306811740,538935040,207658310,1968503740
2021-05-21,5113,5123,5103,5124,294519,0.0,20540,-7000,12484,-26024,0,155499,3000,122218,11728,292445,134959,10000,109734,37752,292445,105930530,-36100000,63991020,-133821550,0,801126950,15450000,629277290,60516480,1506370720,695196420,51550000,565286270,194338030,1506370720
2021-05-24,5113,5163,5103,5144,553974,0.39032006245121,99324,0,-53155,-46169,0,384807,0,160433,4833,550073,285483,0,213588,51002,550073,512988380,0,-274342120,-238646260,0,1989420900,0,829577640,24973170,2843971710,1476432520,0,1103919760,263619430,2843971710
2021-05-25,5153,5173,5123,5163,493374,0.3693623639191291,22253,12872,26528,-61653,0,309554,12872,95412,72062,489900,287301,0,68884,133715,489900,115931410,66796910,137353600,-320081920,0,1608168360,66796910,495321700,374415300,2544702270,1492236950,0,357968100,694497220,2544702270
2021-05-26,5183,5183,5153,5173,221106,0.19368584156498161,-15154,21208,43523,-49577,0,115591,21208,82363,387,219549,130745,0,38840,49964,219549,-78662140,110281850,226429750,-258049460,0,601826180,110281850,428533460,2016080,1142657570,680488320,0,202103710,260065540,1142657570
2021-05-27,5153,5183,5153,5173,755997,0.0,-68473,-27777,101916,-5666,0,537646,10951,141883,60193,750673,606119,38728,39967,65859,750673,-356144180,-144440200,530036130,-29451750,0,2756079590,56945400,737728360,313325580,3864078930,3112223770,201385600,207692230,342777330,3864078930
2021-05-28,5153,5193,5153,5173,447023,0.0,-56102,10000,145101,-98999,0,200165,10000,222394,11316,443875,256267,0,77293,110315,443875,-292588580,52100000,755727930,-515239350,0,1041897940,52100000,1158122100,58958220,2311078260,1334486520,0,402394170,574197570,2311078260
2021-05-31,5183,5203,5153,5183,751355,0.19331142470520007,-273911,-4449,251516,26844,0,231936,15025,387173,111930,746064,505847,19474,135657,85086,746064,-1428500100,-22934400,1310506400,140928100,0,1208624990,78330400,2017478070,584036480,3888469940,2637125090,101264800,706971670,443108380,3888469940
2021-06-01,5173,5213,5163,5183,2158100,0.0,-305469,24994,239094,41381,0,1604561,24994,355335,158012,2142902,1910030,0,116241,116631,2142902,-1595380170,130406110,1247807950,217166110,0,8256878290,130406110,1854729330,825370870,11067384600,9852258460,0,606921380,608204760,11067384600
2021-06-02,5183,5252,5173,5213,6818871,0.5788153579008296,-559051,141831,299072,118148,0,5832028,154868,524296,259659,6770851,6391079,13037,225224,141511,6770851,-2937421030,745732710,1570207900,621480420,0,29847143810,814337960,2755060250,1364969280,34781511300,32784564840,68605250,1184852350,743488860,34781511300
2021-06-03,5232,5252,5123,5183,1707039,-0.5754843660080567,-838748,216000,903587,-280839,0,351129,217000,1099251,27638,1695018,1189877,1000,195664,308477,1695018,-4373871050,1127288070,4714466470,-1467883490,0,1828481780,1132568070,5733400440,143888550,8838338840,6202352830,5280000,1018933970,1611772040,8838338840
2021-06-04,5183,5193,5143,5183,455668,0.0,-185280,23000,260444,-98164,0,109758,23000,314338,5363,452459,295038,0,53894,103527,452459,-963715440,119829900,1353951060,-510065520,0,571048210,119829900,1634614480,27891110,2353383700,1534763650,0,280663420,537956630,2353383700
2021-06-07,5183,5203,5143,5193,636684,0.19293845263360987,-208329,43810,233770,-69251,0,268278,54810,308865,247,632200,476607,11000,75095,69498,632200,-1082026670,227612000,1214736970,-360322300,0,1397574260,284702000,1605304220,1291730,3288872210,2479600930,57090000,390567250,361614030,3288872210
2021-06-08,5183,5193,5153,5193,501254,0.0,-316073,119775,239364,-43066,0,75057,119775,292383,10509,497724,391130,0,53019,53575,497724,-1641502630,621815500,1243637730,-223950600,0,390647370,621815500,1519473530,54739270,2586675670,2032150000,0,275835800,278689870,2586675670
2021-06-09,5183,5193,5153,5193,1245823,0.0,-560858,209058,380451,-28651,0,569769,209058,434518,23705,1237050,1130627,0,54067,52356,1237050,-2915054450,1086326720,1977857440,-149129710,0,2966515020,1086326720,2259782510,123490720,6436114970,5881569470,0,281925070,272620430,6436114970
2021-06-10,5193,5203,5173,5203,4192007,0.19256691700365877,4664,10630,4479,-19773,0,4063942,10630,84216,3698,4162486,4059278,0,79737,23471,4162486,24442310,55576510,23401450,-103420270,0,20874581950,55576510,440600910,19352610,21390111980,20850139640,0,417199460,122772880,21390111980
2021-06-11,5203,5213,5173,5203,720521,0.0,-205096,58818,200788,-54510,0,291144,68818,313025,42460,715447,496240,10000,112237,96970,715447,-1070551980,307298840,1047422180,-284169040,0,1522165270,359598840,1635367410,222435550,3739567070,2592717250,52300000,587945230,506604590,3739567070
2021-06-14,5203,5203,5173,5183,2218619,-0.3843936190659235,-181050,65583,153888,-38421,0,1901771,65583,223718,11923,2202995,2082821,0,69830,50344,2202995,-945347420,342752300,803186790,-200591670,0,9852324390,342752300,1168109290,62457640,11425643620,10797671810,0,364922500,263049310,11425643620
2021-06-15,5183,5193,5133,5153,1008610,-0.5788153579008296,-559477,69757,542131,-52411,0,325982,69757,598097,7671,1001507,885459,0,55966,60082,1001507,-2905718690,362607030,2815119470,-272007810,0,1691313400,362607030,3105607800,39848820,5199377050,4597032090,0,290488330,311856630,5199377050
2021-06-16,5163,5173,5103,5134,2458080,-0.3687172520861634,-632713,-77377,759354,-49264,0,1453031,72623,882187,32929,2440770,2085744,150000,122833,82193,2440770,-3267210420,-397348360,3919492590,-254933810,0,7438569570,375385930,4553945710,170266120,12538167330,10705779990,772734290,634453120,425199930,12538167330
2021-06-17,5133,5153,5123,5144,954889,0.19477989871445267,-587322,24703,452424,110195,0,280139,24703,479102,164220,948164,867461,0,26678,54025,948164,-3034724680,127607480,2337422770,569694430,0,1447151150,127607480,2475328180,849008330,4899095140,4481875830,0,137905410,279313900,4899095140
2021-06-18,5153,5222,5143,5223,2928353,1.535769828926905,-291433,35732,211372,44329,0,2165808,45600,488171,208152,2907731,2457241,9868,276799,163823,2907731,-1524231820,187561680,1102517670,234152470,0,11168357620,239270000,2553697980,1092305870,15053631470,12692589440,51708320,1451180310,858153400,15053631470
2021-06-21,5222,5232,5153,5213,808076,-0.19146084625694046,-41226,30500,48467,-37741,0,243594,30500,498759,29532,802385,284820,0,450292,67273,802385,-217745960,159485000,256080780,-197819820,0,1273920210,159485000,2609268270,154756210,4197429690,1491666170,0,2353187490,352576030,4197429690
2021-06-22,5213,5222,5163,5193,701025,-0.3836562440053712,-375841,389,392164,-16712,0,161772,101773,426399,6144,696088,537613,101384,34235,22856,696088,-1963261720,3085390,2047761880,-87585550,0,844766050,531430310,2226334120,32050640,3634581120,2808027770,528344920,178572240,119636190,3634581120
2021-06-23,5193,5193,5133,5163,976978,-0.5777007510109763,-287878,44623,370152,-126897,0,330198,44623,588568,6709,970098,618076,0,218416,133606,970098,-1495073770,231773370,1922673040,-659372640,0,1716446040,231773370,3057225120,34864000,5040308530,3211519810,0,1134552080,694236640,5040308530
2021-06-24,5163,5173,5143,5173,536821,0.19368584156498161,-107130,10521,101316,-4707,0,214351,14384,274894,29412,533041,321481,3863,173578,34119,533041,-556136050,54631800,525692180,-24187930,0,1115004840,74719400,1429508490,153188930,2772421660,1671140890,20087600,903816310,177376860,2772421660
2021-06-25,5183,5193,5153,5183,894659,0.19331142470520007,-167360,89777,217413,-139830,0,363954,91709,390217,42479,888359,531314,1932,172804,182309,888359,-870618770,467574140,1130938170,-727893540,0,1896641930,477620540,2032658310,221385280,4628306060,2767260700,10046400,901720140,949278820,4628306060
2021-06-28,5203,5262,5193,5243,2203091,1.1576307158016592,-507033,-75100,104413,477720,0,565440,60586,938877,622673,2187576,1072473,135686,834464,144953,2187576,-2665888240,-395981330,544967760,2516901810,0,2980102810,318227790,4939922140,3277846920,11516099660,5645991050,714209120,4394954380,760945110,11516099660
2021-06-29,5133,5143,5074,5114,1857280,-2.460423421705131,-851880,18533,1222155,-388808,0,291345,54314,1407300,91242,1844201,1143225,35781,185145,480050,1844201,-4370789200,95093320,6274187860,-1998491980,0,1495449980,279315960,7227179690,469263080,9471208710,5866239180,184222640,952991830,2467755060,9471208710
2021-06-30,5113,5143,5103,5124,671555,0.19554165037152915,-288461,45947,224905,17609,0,118378,51532,435891,61025,666826,406839,5585,210986,43416,666826,-1490188210,237526840,1161568390,91092980,0,610595070,266345440,2250434960,315062520,3442437990,2100783280,28818600,1088866570,223969540,3442437990
2021-07-01,5133,5183,5123,5163,779789,0.7611241217798594,-107437,2093,31791,73553,0,304575,2093,374228,93402,774298,412012,0,342437,19849,774298,-556706780,10851810,163824770,382030200,0,1583347020,10851810,1943222080,485153110,4022574020,2140053800,0,1779397310,103122910,4022574020
2021-07-02,5163,5262,5153,5213,936871,0.9684292078249079,-374400,14335,-9123,369188,0,73841,21248,461104,374080,930273,448241,6913,470227,4892,930273,-1967103680,75108750,-48162910,1940157840,0,387572760,111552000,2421593430,1965880840,4886599030,2354676440,36443250,2469756340,25723000,4886599030
2021-07-05,5213,5332,5213,5253,1537895,0.7673124880107424,-771287,73490,272887,424910,0,87945,73490,737681,627949,1527065,859232,0,464794,203039,1527065,-4104492130,390859300,1445472160,2268160670,0,465633300,390859300,3921033080,3344649020,8122174700,4570125430,0,2475560920,1076488350,8122174700
2021-07-06,5252,5292,5213,5253,597069,0.0,-192218,14502,160243,17473,0,67703,14502,364510,146149,592864,259921,0,204267,128676,592864,-1015744640,76605270,846969970,92169400,0,356941060,76605270,1926019780,771580040,3131146150,1372685700,0,1079049810,679410640,3131146150
2021-07-07,5272,5272,5222,5253,332361,0.0,-95629,15000,43102,37527,0,66368,15000,160624,88028,330020,161997,0,117522,50501,330020,-504394090,79050000,227174950,198169140,0,349942360,79050000,847022550,464409060,1740423970,854336450,0,619847600,266239920,1740423970
2021-07-08,5242,5282,5203,5253,430483,0.0,-46673,28876,-18025,35822,0,104007,28876,206886,87682,427451,150680,0,224911,51860,427451,-246546420,152304820,-94797460,189039060,0,548933950,152304820,1091687450,462984410,2255910630,795480370,0,1186484910,273945350,2255910630
2021-07-09,5222,5252,5203,5253,379355,0.0,8112,5844,-58746,44790,0,73782,5844,161512,135545,376683,65670,0,220258,90755,376683,42358030,30685540,-309587960,236544390,0,388481930,30685540,849820090,714158230,1983145790,346123900,0,1159408050,477613840,1983145790
2021-07-12,5252,5282,5222,5263,421683,0.19036740909956215,-83095,-7074,121017,-30848,0,119274,14541,232692,52206,418713,202369,21615,111675,83054,418713,-437950510,-38054350,638688400,-162683540,0,630675020,76721300,1230499670,276180940,2214076930,1068625530,114775650,591811270,438864480,2214076930
2021-07-13,5242,5262,5232,5253,319323,-0.19000570017100513,-134795,7327,101566,25902,0,114224,7327,165220,30303,317074,249019,0,63654,4401,317074,-711814550,38719320,536206190,136889040,0,603731250,38719320,872876580,160165380,1675492530,1315545800,0,336670390,23276340,1675492530
2021-07-14,5252,5262,5213,5253,569204,0.0,-234170,12236,206010,15924,0,253140,22236,257168,32652,565196,487310,10000,51158,16728,565196,-1232705970,64220860,1084704730,83780380,0,1335357750,117020860,1354633380,172184980,2979196970,2568063720,52800000,269928650,88404600,2979196970
2021-07-15,5242,5252,5213,5243,434090,-0.19036740909956215,-108330,19625,87836,869,0,184305,29970,186439,30319,431033,292635,10345,98603,29450,431033,-570065690,103207200,462354270,4504220,0,970624670,157831900,981915370,159845010,2270216950,1540690360,54624700,519561100,155340790,2270216950
2021-07-16,5242,5262,5222,5253,371368,0.1907304978065993,-164864,-7061,95418,76507,0,62712,50,226995,78996,368753,227576,7111,131577,2489,368753,-871272970,-37320360,504187870,404405460,0,331429300,263500,1199402100,417557200,1948652100,1202702270,37583860,695214230,13151740,1948652100
2021-07-19,5252,5262,5232,5253,334242,0.0,-58131,-28861,30969,56023,0,100292,1139,158345,72112,331888,158423,30000,127376,16089,331888,-306850720,-152484700,163197500,296137920,0,529897550,6015300,836786280,381125580,1753824710,836748270,158500000,673588780,84987660,1753824710
2021-07-20,5232,5252,5222,5253,424883,0.0,-208696,1043,172913,34740,0,100452,1838,262801,56800,421891,309148,795,89888,22060,421891,-1100908860,5497990,912086400,183324470,0,529932980,9687640,1386472130,299708780,2225801530,1630841840,4189650,474385730,116384310,2225801530
2021-07-21,5242,5252,5232,5253,1351353,0.0,-1114915,40000,36286,1038629,0,103688,41000,149807,1047341,1341836,1218603,1000,113521,8712,1341836,-5656832390,211190000,191598500,5254043890,0,547554480,216470000,790823610,5300034300,6854882390,6204386870,5280000,599225110,45990410,6854882390
2021-07-22,5252,5252,5232,5253,510098,0.0,-130196,54496,91704,-16004,0,137744,59360,267327,42075,506506,267940,4864,175623,58079,506506,-688153510,287959360,484331220,-84137070,0,727732920,313640800,1412002920,222526340,2675902980,1415886430,25681440,927671700,306663410,2675902980
2021-07-23,5252,5262,5232,5243,480842,-0.19036740909956215,-147122,20432,183084,-56394,0,125392,20553,301874,29637,477456,272514,121,118790,86031,477456,-776750680,107877060,966432560,-297558940,0,661489730,108515940,1593459710,156543370,2520008750,1438240410,638880,627027150,454102310,2520008750
2021-07-26,5252,5332,5242,5273,772748,0.5721914934197978,-188952,-5238,128140,66050,0,185970,5000,447482,128854,767306,374922,10238,319342,62804,767306,-1005115230,-27697430,680760610,352052050,0,990272040,26700000,2381867280,685937720,4084777040,1995387270,54397430,1701106670,333885670,4084777040
2021-07-27,5272,5272,5252,5263,283741,-0.18964536317087047,-71528,3000,69439,-911,0,97471,5000,168655,10617,281743,168999,2000,99216,11528,281743,-378797520,15870000,367744120,-4816600,0,516395390,26450000,893350360,56269360,1492465110,895192910,10580000,525606240,61085960,1492465110
2021-07-28,5262,5272,5222,5273,901536,0.19000570017100513,-189300,93654,360157,-264511,0,175672,93654,561067,64794,895187,364972,0,200910,329305,895187,-1005066760,495823300,1902136550,-1392893090,0,927362000,495823300,2965668830,343369720,4732223850,1932428760,0,1063532280,1736262810,4732223850
2021-07-29,5272,5272,5262,5273,313651,0.0,-104136,40338,49063,14735,0,64084,40340,158644,48374,311442,168220,2,109581,33639,311442,-552420940,213791380,260090050,78539510,0,339782060,213802000,841021670,256826210,1651431940,892203000,10620,580931620,178286700,1651431940
2021-07-30,5272,5272,5242,5273,430259,0.0,-58111,57591,4467,-3947,0,202316,59483,133805,31625,427229,260427,1892,129338,35572,427229,-307789060,305220400,23396410,-20827750,0,1071187710,315248000,708198860,167552370,2262186940,1378976770,10027600,684802450,188380120,2262186940
2021-08-02,5262,5272,5242,5263,382013,-0.18964536317087047,48233,16768,15373,-80374,0,212752,16768,138104,11699,379323,164519,0,122731,92073,379323,254839590,88768500,81701440,-425309530,0,1126101400,88768500,731352240,61960680,2008182820,871261810,0,649650800,487270210,2008182820
2021-08-03,5262,5262,5222,5243,809913,-0.38001140034201025,113610,15676,83047,-212333,0,400595,15676,258452,129486,804209,286985,0,175405,341819,804209,598717830,82682520,436926930,-1118327280,0,2114438010,82682520,1363641600,684678330,4245440460,1515720180,0,926714670,1803005610,4245440460
2021-08-04,5252,5262,5232,5253,535645,0.1907304978065993,-57253,6324,66337,-15408,0,298263,6379,165977,61254,531873,355516,55,99640,76662,531873,-302583280,33390170,350133870,-80940760,0,1576936070,33681120,876979220,324028090,2811624500,1879519350,290950,526845350,404968850,2811624500
2021-08-05,5242,5252,5222,5233,846403,-0.3807348181991243,-366113,32216,242540,91357,0,93890,48848,367349,330355,840442,460003,16632,124809,238998,840442,-1869553950,169818460,1278006110,421729380,0,495757080,257469100,1936525550,1681225590,4370977320,2365311030,87650640,658519440,1259496210,4370977320
2021-08-06,5222,5242,5222,5233,587086,0.0,-152760,24861,63129,64770,0,278758,24861,212042,67291,582952,431518,0,148913,2521,582952,-804056210,130781410,331895890,341378910,0,1469051010,130781410,1116767010,354644570,3071244000,2273107220,0,784871120,13265660,3071244000
2021-08-09,5232,5242,5203,5213,1637076,-0.382189948404357,-869516,52096,172857,644563,0,200695,53439,324190,1047223,1625547,1070211,1343,151333,402660,1625547,-4364454650,273536580,907635830,3183282240,0,1054392190,280587330,1703043010,5298292150,8336314680,5418846840,7050750,795407180,2115009910,8336314680
2021-08-10,5213,5242,5213,5243,280586,0.5754843660080567,-71080,-3657,-25070,99807,0,90045,0,74482,114083,278610,161125,3657,99552,14276,278610,-374047540,-19235820,-132565850,525849210,0,473981510,0,391825690,600840970,1466648170,848029050,19235820,524391540,74991760,1466648170
2021-08-11,5232,5262,5222,5253,406458,0.1907304978065993,-54871,8096,-33557,80332,0,166767,10002,129724,97103,403596,221638,1906,163281,16771,403596,-289456750,42765930,-177351790,424042610,0,880014280,52810550,683385320,512311820,2128521970,1169471030,10044620,860737110,88269210,2128521970
2021-08-12,5242,5252,5232,5253,390181,0.0,-92057,20000,-64994,137051,0,82744,20000,141615,143074,387433,174801,0,206609,6023,387433,-486079270,105600000,-343381780,723861050,0,437075900,105600000,747647390,755679260,2046002550,923155170,0,1091029170,31818210,2046002550
2021-08-13,5242,5252,5203,5253,629499,0.0,-155007,11691,93365,49951,0,152363,11691,361370,99642,625066,307370,0,268005,49691,625066,-816889560,61292750,492829220,262767590,0,801214590,61292750,1902725310,524460060,3289692710,1618104150,0,1409896090,261692470,3289692710
2021-08-17,5232,5242,5213,5233,483597,-0.3807348181991243,-69179,-11215,57657,22737,0,223828,691,191291,64381,480191,293007,11906,133634,41644,480191,-364083580,-59009960,302844080,120249460,0,1178095530,3634660,1006409120,339011030,2527150340,1542179110,62644620,703565040,218761570,2527150340
2021-08-18,5222,5252,5213,5253,376730,0.382189948404357,35730,0,-156245,120515,0,152942,0,95491,125644,374077,117212,0,251736,5129,374077,188664760,0,-823937100,635272340,0,806749670,0,503069580,662273610,1972092860,618084910,0,1327006680,27001270,1972092860
2021-08-19,5252,5252,5222,5233,503822,-0.3807348181991243,1859,17646,-93258,73753,0,123042,20190,239751,117291,500274,121183,2544,333009,43538,500274,8916230,93188520,-491593030,389488280,0,648482970,106601300,1264563670,618986240,2638634180,639566740,13412780,1756156700,229497960,2638634180
2021-08-20,5222,5252,5213,5233,599701,0.0,18904,3763,-50033,27366,0,172873,3863,243553,175189,595478,153969,100,293586,147823,595478,99105180,19755660,-263836010,144975170,0,910400140,20282660,1282344800,923300520,3136328120,811294960,527000,1546180810,778325350,3136328120
2021-08-23,5232,5242,5203,5233,823036,0.0,-279502,41746,270574,-32818,0,224457,41760,467330,83693,817240,503959,14,196756,116511,817240,-1468624540,219422090,1421148970,-171946520,0,1179599990,219495730,2457255930,440473720,4296825370,2648224530,73640,1036106960,612420240,4296825370
2021-08-24,5222,5242,5213,5233,447333,0.0,-180062,70871,31882,77309,0,105565,90871,157592,90155,444183,285627,20000,125710,12846,444183,-946828600,372696780,166836770,407295050,0,555567520,477896780,828909760,474877570,2337251630,1502396120,105200000,662072990,67582520,2337251630
2021-08-25,5213,5252,5213,5253,481568,0.382189948404357,-140846,95869,-16060,61037,0,114430,100869,174464,88414,478177,255276,5000,190524,27377,478177,-741542160,504954320,-85296690,321884530,0,603533780,531384320,919198690,466189220,2520306010,1345075940,26430000,1004495380,144304690,2520306010
2021-08-26,5252,5252,5232,5243,348245,-0.19036740909956215,149592,-75835,-60196,-13561,0,240916,100,79281,25496,345793,91324,75935,139477,39057,345793,789035560,-400409790,-317339340,-71286430,0,1271206480,527000,418196330,134583710,1824513520,482170920,400936790,735535670,205870140,1824513520
2021-08-27,5242,5262,5232,5253,537686,0.1907304978065993,-46523,-6917,-52634,106074,0,143774,23083,233421,133621,533899,190297,30000,286055,27547,533899,-245333520,-36355960,-278846260,560535740,0,760245690,122044040,1233415560,706053590,2821758880,1005579210,158400000,1512261820,145517850,2821758880
2021-08-30,5262,5272,5252,5263,388196,0.19036740909956215,-124689,0,75457,49232,0,61757,0,237826,85879,385462,186446,0,162369,36647,385462,-661080600,0,399892290,261188310,0,327223350,0,1260317370,455205060,2042745780,988303950,0,860425080,194016750,2042745780
2021-08-31,5272,5312,5252,5253,1208978,-0.19000570017100513,-110356,30270,386940,-306854,0,345266,30270,625177,199751,1200464,455622,0,238237,506605,1200464,-590875860,160646400,2053408430,-1623178970,0,1833566650,160646400,3318988050,1058764450,6371965550,2424442510,0,1265579620,2681943420,6371965550
2021-09-01,5252,5292,5232,5292,777612,0.7424328954882925,-167408,-38446,143397,62457,0,148569,75324,465501,82742,772136,315977,113770,322104,20285,772136,-888372670,-203733760,760477070,331629360,0,788728150,399397200,2467950710,439238800,4095314860,1677100820,603130960,1707473640,107609440,4095314860
2021-09-02,5292,5292,5232,5263,1056115,-0.5479969765684051,244750,105194,179672,-529616,0,438517,105669,490401,14091,1048678,193767,475,310729,543707,1048678,1295646610,557927290,951068630,-2804642530,0,2321519320,560439770,2596211560,74634250,5552804900,1025872710,2512480,1645142930,2879276780,5552804900
2021-09-03,5262,5282,5242,5283,681189,0.38001140034201025,216004,68000,61901,-345905,0,410853,70000,148319,47220,676392,194849,2000,86418,393125,676392,1144607160,360330000,327829680,-1832766840,0,2177682990,370950000,786279570,250600550,3585513110,1033075830,10620000,458449890,2083367390,3585513110
2021-09-06,5272,5282,5262,5273,491592,-0.18928639030853683,-93917,33800,159336,-99219,0,193775,54000,240143,212,488130,287692,20200,80807,99431,488130,-498284850,179418400,845223880,-526357430,0,1027956140,286478400,1274197170,1125720,2589757430,1526240990,107060000,428973290,527483150,2589757430
2021-09-07,5262,5272,5252,5273,455198,0.0,-17824,92889,10595,-85660,0,227838,92889,120605,10660,451992,245662,0,110010,96320,451992,-94752020,492361700,56242680,-453852360,0,1207459130,492361700,639243040,56592210,2395656080,1302211150,0,583000360,510444570,2395656080
2021-09-08,5262,5272,5252,5273,448448,0.0,-53003,72300,64271,-83568,0,233694,92300,113622,5674,445290,286697,20000,49351,89242,445290,-280733130,383200000,340638560,-443105430,0,1239748960,489200000,602344100,30095560,2361388620,1520482090,106000000,261705540,473200990,2361388620
2021-09-09,5272,5282,5252,5273,629868,0.0,-46279,-34824,95184,-14081,0,374831,840,200475,49286,625432,421110,35664,105291,63367,625432,-245901210,-184358800,504557920,-74297910,0,1986890530,4460400,1062598560,261544000,3315493490,2232791740,188819200,558040640,335841910,3315493490
2021-09-10,5272,5282,5262,5273,491235,0.0,-201375,4510,195008,1857,0,193144,6947,256465,31220,487776,394519,2437,61457,29363,487776,-1068814490,24009220,1034847940,9957330,0,1024523470,36954060,1361011200,165727870,2588216600,2093337960,12944840,326163260,155770540,2588216600
2021-09-13,5272,5292,5262,5292,870251,0.36032619002465394,-319966,12932,298901,8133,0,200609,15041,533317,115155,864122,520575,2109,234416,107022,864122,-1703014020,68928350,1589915150,44170520,0,1067742040,80168230,2837292130,613116170,4598318570,2770756060,11239880,1247376980,568945650,4598318570
2021-09-14,5292,5302,5272,5302,785181,0.1889644746787604,-220295,-6190,227826,-1341,0,310113,2310,323718,143511,779652,530408,8500,95892,144852,779652,-1174437130,-32997300,1213290950,-5856520,0,1653199570,12307700,1724748680,765238130,4155494080,2827636700,45305000,511457730,771094650,4155494080
2021-09-15,5292,5312,5292,5312,843097,0.18860807242549982,-134378,28910,284571,-179103,0,212430,48650,438069,138011,837160,346808,19740,153498,317114,837160,-719123700,154484900,1519699710,-955060910,0,1133877160,259896500,2339467160,737373600,4470614420,1853000860,105411600,819767450,1692434510,4470614420
2021-09-16,5312,5461,5312,5372,2049677,1.1295180722891567,-1229723,19774,243313,966636,0,337934,21474,684326,991509,2035243,1567657,1700,441013,24873,2035243,-6481199780,106396790,1306291930,5068511060,0,1818686980,115543790,3686943860,5203326970,10824501600,8299886760,9147000,2380651930,134815910,10824501600
2021-09-17,5371,5411,5361,5412,5039756,0.7446016381236039,-359529,32704,187816,139009,0,4290486,34004,380505,299270,5004265,4650015,1300,192689,160261,5004265,-1953160560,177795700,1018982910,756381950,0,22975555460,184841700,2064047230,1626587700,26851032090,24928716020,7046000,1045064320,870205750,26851032090
2021-09-23,5391,5520,5371,5461,1374871,0.9053954175905395,-4811,4616,80914,-80719,0,719398,7629,483367,154795,1365189,724209,3013,402453,235514,1365189,-21051170,25389680,442918410,-447256920,0,3946943160,41861920,2644554510,845082750,7478442340,3967994330,16472240,2201636100,1292339670,7478442340
2021-09-24,5510,5510,5471,5501,1944753,0.7324665812122322,-21548,17347,9827,-5626,0,1492437,17847,354867,65907,1931058,1513985,500,345040,71533,1931058,-119881900,95749500,54385810,-30253410,0,8085330820,98517500,1962423500,364876920,10511148740,8205212720,2768000,1908037690,395130330,10511148740
2021-09-27,5500,5570,5481,5561,1992674,1.0907107798582076,-399660,14952,305617,79091,0,1165445,60119,615079,137998,1978641,1565105,45167,309462,58907,1978641,-2233301860,83405300,1709030820,440865740,0,6397481310,335632490,3437569880,768979630,10939663310,8630783170,252227190,1728539060,328113890,10939663310
2021-09-28,5560,5560,5500,5521,1036850,-0.7192950908110053,-329150,33334,320331,-24515,0,330201,33334,568880,97133,1029548,659351,0,248549,121648,1029548,-1828573320,185341440,1779833690,-136601810,0,1833131590,185341440,3160948320,539430940,5718852290,3661704910,0,1381114630,676032750,5718852290
2021-09-29,5491,5491,5441,5491,817919,-0.5433798224959246,-71050,20903,9327,40820,0,407564,32546,281416,90633,812159,478614,11643,272089,49813,812159,-392748680,115435740,52455160,224857780,0,2245259270,179309380,1550213120,499098560,4473880330,2638007950,63873640,1497757960,274240780,4473880330
2021-09-30,5491,5520,5481,5521,784868,0.5463485703879074,-363737,31043,296353,36341,0,328067,31043,349824,70407,779341,691804,0,53471,34066,779341,-2017356320,172210360,1643866520,201279440,0,1817557890,172210360,1940057230,390381890,4320207370,3834914210,0,296190710,189102450,4320207370
2021-10-01,5540,5540,5491,5501,724379,-0.3622532149972831,-168481,5927,158510,4044,0,242429,21871,394818,60160,719278,410910,15944,236308,56116,719278,-934337740,32990040,878798990,22548710,0,1343116560,121322800,2188033660,333416440,3985889460,2277454300,88332760,1309234670,310867730,3985889460
2021-10-05,5510,5510,5461,5481,760576,-0.36357025995273584,-224699,15904,72473,136322,0,137651,20904,432052,164613,755220,362350,5000,359579,28291,755220,-1239701080,87734730,399088310,752878040,0,759698580,115324730,2384503240,908852010,4168378560,1999399660,27590000,1985414930,155973970,4168378560
2021-10-06,5481,5481,5381,5431,1310902,-0.9122422915526365,-431967,-346,66064,366249,0,299728,24686,580327,396929,1301670,731695,25032,514263,30680,1301670,-2354077950,-1759530,361015340,1994822140,0,1634392930,134645190,3167141690,2162582630,7098762440,3988470880,136404720,2806126350,167760490,7098762440
2021-10-07,5421,5461,5411,5451,461898,0.36825630638924695,-296038,8483,86648,200907,0,61597,28483,154967,213598,458645,357635,20000,68319,12691,458645,-1623069320,46615840,474760800,1101692680,0,337487870,156215840,849064070,1171142570,2513910350,1960557190,109600000,374303270,69449890,2513910350
2021-10-08,5451,5451,5431,5451,433234,0.0,-147746,46435,99781,1530,0,176249,50135,183582,20217,430183,323995,3700,83801,18687,430183,-810030210,254497300,547093950,8438960,0,966970510,274773300,1006414260,110849010,2359007080,1777000720,20276000,459320310,102410050,2359007080
2021-10-12,5451,5451,5361,5392,852549,-1.0823702073014125,-179881,-67114,97439,149556,0,156018,22086,462301,206140,846545,335899,89200,364862,56584,846545,-975806490,-363912020,529589190,810129320,0,847495740,119883980,2510268070,1118007450,4595655240,1823302230,483796000,1980678880,307878130,4595655240
2021-10-13,5391,5391,5352,5382,530881,-0.185459940652819,-91896,-10258,191674,-89520,0,184850,9742,290724,41826,527142,276746,20000,99050,131346,527142,-496245040,-55747290,1035867330,-483875000,0,999997680,52652710,1571302770,226214010,2850167170,1496242720,108400000,535435440,710089010,2850167170
2021-10-14,5361,5391,5361,5392,349400,0.18580453363062058,-104626,0,106099,-1473,0,127571,0,162550,56818,346939,232197,0,56451,58291,346939,-567690750,0,575534990,-7844240,0,691811490,0,881488800,308289760,1881590050,1259502240,0,305953810,316134000,1881590050
2021-10-15,5391,5411,5361,5412,597841,0.370919881305638,-185404,9420,212632,-36648,0,230391,19420,260255,83565,593631,415795,10000,47623,120213,593631,-1006703110,51171300,1153408290,-197876480,0,1252225810,105371300,1412141370,454269430,3224007910,2258928920,54200000,258733080,652145910,3224007910
2021-10-18,5411,5411,5381,5402,331690,-0.18477457501847747,-170758,-15000,185924,-166,0,42670,5000,243390,38294,329354,213428,20000,57466,38460,329354,-928426870,-81600000,1010705300,-678430,0,231986090,27200000,1323026220,208304510,1790516820,1160412960,108800000,312320920,208982940,1790516820
2021-10-19,5401,5411,5361,5412,826193,0.18511662347278787,-172482,78335,15888,78259,0,326348,78335,314842,100850,820375,498830,0,298954,22591,820375,-938688430,426381480,87079810,425227140,0,1772513350,426381480,1708988600,548005230,4455888660,2711201780,0,1621908790,122778090,4455888660
2021-10-20,5411,5431,5391,5431,569185,0.35107169253510717,-195036,1184,157728,36124,0,235683,1184,259068,69242,565177,430719,0,101340,33118,565177,-1065380630,6444640,861634120,197301870,0,1287079820,6444640,1414902100,378096120,3086522680,2352460450,0,553267980,180794250,3086522680
2021-10-21,5421,5441,5411,5441,641335,0.18412815319462347,-278221,183144,42483,52594,0,203219,183144,168960,81496,636819,481440,0,126477,28902,636819,-1522883290,1002914560,231970470,287998260,0,1111350390,1002914560,923792830,445934500,3483992280,2634233680,0,691822360,157936240,3483992280
2021-10-22,5441,5441,5421,5441,674857,0.0,-263125,85065,217865,-39805,0,326709,85065,237986,20344,670104,589834,0,20121,60149,670104,-1438691120,465269570,1191145580,-217724030,0,1788136130,465269570,1301277680,111328980,3666012360,3226827250,0,110132100,329053010,3666012360
2021-10-25,5461,5461,5401,5422,709188,-0.3492005146112847,-259118,64523,200559,-5964,0,298636,64523,285556,55479,704194,557754,0,84997,61443,704194,-1412204610,351833740,1093126490,-32755620,0,1628339830,351833740,1556942970,302505630,3839622170,3040544440,0,463816480,335261250,3839622170
2021-10-26,5411,5421,5391,5402,643518,-0.3688675765400221,-218229,3025,221824,-6620,0,281495,3025,292255,62211,638986,499724,0,70431,68831,638986,-1187319600,16472550,1206749200,-35902150,0,1532045160,16472550,1590148630,338643590,3477309930,2719364760,0,383399430,374545740,3477309930
2021-10-27,5391,5441,5391,5431,609566,0.5368382080710848,-168626,-46028,131402,83252,0,263401,22672,220346,98854,605273,432027,68700,88944,15602,605273,-919965590,-251306360,717226230,454045720,0,1437816320,124015640,1203247020,539388660,3304467640,2357781910,375322000,486020790,85342940,3304467640
2021-10-28,5441,5500,5421,5501,1109131,1.288897072362364,-81790,-42358,70227,53921,0,492503,27642,409842,171333,1101320,574293,70000,339615,117412,1101320,-448166190,-234076300,384821690,297420800,0,2713175090,152323700,2254978850,942910490,6063388130,3161341280,386400000,1870157160,645489690,6063388130
2021-10-29,5500,5530,5471,5531,587785,0.5453553899291038,-32340,46525,106425,-120610,0,206292,46525,306803,24026,583646,238632,0,200378,144636,583646,-181104520,258169050,588707020,-665771550,0,1143140790,258169050,1700480500,133410640,3235200980,1324245310,0,1111773480,799182190,3235200980
2021-11-01,5530,5530,5461,5481,680919,-0.903995660820828,8332,4450,18164,-30946,0,229284,12450,401955,32435,676124,220952,8000,383791,63381,676124,46512710,24510000,99675530,-170698240,0,1263835710,68590000,2215990240,178836270,3727252220,1217323000,44080000,2116314710,349534510,3727252220
2021-11-02,5471,5481,5451,5461,425990,-0.36489691662105456,-159061,-15679,144965,29775,0,90422,9321,251512,71735,422990,249483,25000,106547,41960,422990,-874901830,-85893110,796952370,163842570,0,497139130,51356890,1383661000,394715740,2326872760,1372040960,137250000,586708630,230873170,2326872760
2021-11-03,5461,5491,5421,5471,541876,0.18311664530305805,-110855,-59216,108912,61159,0,169339,784,246709,121228,538060,280194,60000,137797,60069,538060,-606596750,-325110360,596113670,335593440,0,929074040,4289640,1351077200,665125380,2949566260,1535670790,329400000,754963530,329531940,2949566260
2021-11-04,5471,5491,5421,5451,542015,-0.3655638822884299,-101127,-20823,174227,-52277,0,240003,9381,265783,23031,538198,341130,30204,91556,75308,538198,-554305290,-114762940,954682550,-285614320,0,1318942000,51317060,1457798800,126725780,2954783640,1873247290,166080000,503116250,412340100,2954783640
2021-11-05,5451,5471,5391,5431,710136,-0.366905155017428,-141222,30586,110348,288,0,278520,50365,307771,68479,705135,419742,19779,197423,68191,705135,-767740630,165909950,600440170,1390510,0,1520273500,274298870,1676445170,373198240,3844215780,2288014130,108388920,1076005000,371807730,3844215780
2021-11-08,5411,5441,5391,5412,868964,-0.3498434910697846,-559942,-52375,92863,519454,0,81922,17612,203025,560286,862845,641864,69987,110162,40832,862845,-2836045340,-285021640,505622660,2615444320,0,446560790,95907510,1105597840,2837605300,4485671440,3282606130,380929150,599975180,222160980,4485671440
2021-11-09,5411,5421,5381,5412,664541,0.0,-239853,90001,145512,4340,0,170448,110001,306779,72633,659861,410301,20000,161267,68293,659861,-1304744160,489505430,790987400,24251330,0,927151900,598505430,1667470790,395223180,3588351300,2231896060,109000000,876483390,370971850,3588351300
2021-11-10,5411,5421,5371,5412,695124,0.0,51556,-128699,118385,-41242,0,327734,1301,250962,110232,690229,276178,130000,132577,151474,690229,280661330,-698647570,641701480,-223715240,0,1782272480,7052430,1362971970,599378700,3751675580,1501611150,705700000,721270490,823093940,3751675580
2021-11-11,5391,5431,5391,5402,585069,-0.18477457501847747,-117084,-19500,99029,37555,0,327971,3000,174407,75571,580949,445055,22500,75378,38016,580949,-636624000,-106090000,538197580,204516420,0,1786463580,16310000,948945190,411304940,3163023710,2423087580,122400000,410747610,206788520,3163023710
2021-11-12,5401,5421,5391,5422,370358,0.37023324694557574,-56158,-9926,129361,-63277,0,173146,74,177520,17010,367750,229304,10000,48159,80287,367750,-305478330,-54097000,703869530,-344294200,0,942735760,403000,966080280,92650190,2001869230,1248214090,54500000,262210750,436944390,2001869230
2021-11-15,5441,5451,5411,5431,398240,0.16599040944300997,-56739,-42544,134614,-35331,0,121143,27458,208647,38187,395435,177882,70002,74033,73518,395435,-309987920,-232210160,735076810,-192878730,0,661941080,150150780,1139785450,208773840,2160651150,971929000,382360940,404708640,401652570,2160651150
2021-11-16,5451,5451,5391,5412,545676,-0.3498434910697846,-209456,39192,194723,-24459,0,117918,62275,345299,16341,541833,327374,23083,150576,40800,541833,-1143126930,214227420,1062447090,-133547580,0,643303980,340742910,1883710340,89206660,2956963890,1786430910,126515490,821263250,222754240,2956963890
2021-11-17,5431,5451,5371,5392,729333,-0.36954915003695493,-325994,23101,328031,-25138,0,119168,25550,574252,5227,724197,445162,2449,246221,30365,724197,-1769722990,125245090,1781131700,-136653800,0,647518450,138596500,3119079360,28414410,3933608720,2417241440,13351410,1337947660,165068210,3933608720
2021-11-18,5381,5391,5332,5372,723516,-0.370919881305638,-218154,26714,235215,-43775,0,100797,35168,516613,65843,718421,318951,8454,281398,109618,718421,-1176957890,143833780,1269649800,-236525690,0,544337200,189654420,2788872900,355150880,3878015400,1721295090,45820640,1519223100,591676570,3878015400
2021-11-19,5371,5391,5352,5372,540193,0.0,-82705,82366,61951,-61612,0,229294,100084,171924,35087,536389,311999,17718,109973,96699,536389,-447168200,446437050,334043010,-333311860,0,1241648410,542542470,929693780,189887280,2903771940,1688816610,96105420,595650770,523199140,2903771940
2021-11-22,5381,5391,5352,5362,511138,-0.18615040953090098,-79822,-33262,271305,-158221,0,127456,18186,347558,14338,507538,207278,51448,76253,172559,507538,-431647320,-180281900,1465882250,-853953030,0,689522750,98136260,1878372160,77574220,2743605390,1121170070,278418160,412489910,931527250,2743605390
2021-11-23,5361,5361,5332,5352,370163,-0.18649757553151808,-143133,17949,140493,-15309,0,52861,20389,280710,13596,367556,195994,2440,140217,28905,367556,-770637520,96540350,756493970,-82396800,0,284940530,109691950,1511686580,73227990,1979547050,1055578050,13151600,755192610,155624790,1979547050
2021-11-24,5352,5361,5332,5352,483130,0.0,-155230,-8265,151661,11834,0,217093,6375,230084,26176,479728,372323,14640,78423,14342,479728,-834550690,-44574150,815345970,63778870,0,1168748870,34276250,1237220230,140876330,2581121680,2003299560,78850400,421874260,77097460,2581121680
2021-11-25,5352,5352,5322,5352,538586,0.0,-316813,43088,281817,-8092,0,49006,69890,390320,25577,534793,365819,26802,108503,33669,534793,-1703650490,232145480,1514991530,-43486520,0,263250270,376008200,2097443630,137586710,2874288810,1966900760,143862720,582452100,181073230,2874288810
2021-11-26,5352,5361,5342,5352,699835,0.0,-134194,80491,-34936,88639,0,261374,82491,239934,111108,694907,395568,2000,274870,22469,694907,-722694430,433129180,-188263360,477828610,0,1408301410,443899180,1291764050,598713830,3742678470,2130995840,10770000,1480027410,120885220,3742678470
2021-11-29,5302,5352,5292,5342,582220,-0.18684603886397608,-136482,39570,174364,-77452,0,143364,94570,324363,15823,578120,279846,55000,149999,93275,578120,-733588730,213425300,935442590,-415279160,0,769507340,508225300,1738776940,85027460,3101537040,1503096070,294800000,803334350,500306620,3101537040
2021-11-30,5342,5352,5252,5273,1144178,-1.2916510670160988,-315581,85016,325481,-94916,0,239629,86029,661732,148730,1136120,555210,1013,336251,243646,1136120,-1687473120,456049340,1738353380,-506929600,0,1283359590,461499020,3532440610,795794850,6073094070,2970832710,5449680,1794087230,1302724450,6073094070
2021-12-01,5272,5312,5272,5292,590511,0.36032619002465394,-128749,-17839,81444,65144,0,132951,34722,296946,121733,586352,261700,52561,215502,56589,586352,-686018930,-94986700,431757730,349247900,0,709246380,185155400,1581877860,650732810,3127012450,1395265310,280142100,1150120130,301484910,3127012450
2021-12-02,5282,5332,5272,5332,682418,0.7558578987150416,-140641,38228,80711,21702,0,333850,38228,222317,83217,677612,474491,0,141606,61515,677612,-749322740,203574010,430308480,115440250,0,1785974170,203574010,1186303260,444663210,3620514650,2535296910,0,755994780,329222960,3620514650
2021-12-03,5332,5342,5302,5322,512840,-0.1875468867216804,-243909,30251,210423,3235,0,154832,34253,263076,57067,509228,398741,4002,52653,53832,509228,-1305808070,161802840,1126346850,17658380,0,829410930,183213550,1408603500,306015930,2727243910,2135219000,21410710,282256650,288357550,2727243910
2021-12-06,5322,5332,5302,5322,328707,0.0,-186403,28509,160798,-2904,0,51535,28509,216855,29493,326392,237938,0,56057,32397,326392,-998862670,152605150,861716090,-15458570,0,276015940,152605150,1162094230,158023590,1748738910,1274878610,0,300378140,173482160,1748738910
2021-12-07,5322,5332,5312,5332,567729,0.18789928598271327,-367492,164449,238428,-35385,0,87109,164449,275233,36940,563731,454601,0,36805,72325,563731,-1968521200,881209240,1276287340,-188975380,0,466557180,881209240,1473380660,198199800,3019346880,2435078380,0,197093320,387175180,3019346880
2021-12-08,5332,5352,5312,5342,744235,0.1875468867216804,-383379,61190,286318,35871,0,178328,78790,390376,91500,738994,561707,17600,104058,55629,738994,-2062450010,329648210,1539742440,193059360,0,959644350,424220210,2099263690,492151610,3975279860,3022094360,94572000,559521250,299092250,3975279860
2021-12-09,5342,5361,5322,5352,737527,0.18719580681392736,-240658,-1367,208501,33524,0,290824,4634,385977,50898,732333,531482,6001,177476,17374,732333,-1296475610,-7465050,1123112510,180828150,0,1567216640,24940320,2079558650,274275910,3945991520,2863692250,32405370,956446140,93447760,3945991520
2021-12-10,5352,5352,5322,5332,458655,-0.37369207772795215,-152524,18292,140134,-5902,0,185190,21293,210586,38356,455425,337714,3001,70452,44258,455425,-821259880,98371640,754086890,-31198650,0,996021340,114547020,1133326400,206573370,2450468130,1817281220,16175380,379239510,237772020,2450468130
2021-12-13,5332,5352,5322,5352,337531,0.3750937734433608,-83093,-7001,56178,33916,0,144097,0,146596,44461,335154,227190,7001,90418,10545,335154,-447391360,-37545380,302197530,182739210,0,775372860,0,788740000,239381440,1803494300,1222764220,37545380,486542470,56642230,1803494300
2021-12-14,5342,5352,5332,5342,437282,-0.18684603886397608,-172640,-46997,213888,5749,0,88412,2003,302413,41375,434203,261052,49000,88525,35626,434203,-929032710,-252843860,1150761220,31115350,0,475820670,10776140,1626824430,222491740,2335912980,1404853380,263620000,476063210,191376390,2335912980
2021-12-15,5342,5352,5332,5352,642302,0.18719580681392736,-238147,-60853,296765,2235,0,174665,1002,397104,65008,637779,412812,61855,100339,62773,637779,-1281771150,-327507690,1596682530,12596310,0,939788890,5390760,2136466140,350169000,3431814790,2221560040,332898450,539783610,337572690,3431814790
2021-12-16,5352,5352,5322,5342,299503,-0.18684603886397608,-76810,-8002,134306,-49494,0,67761,2000,223220,4413,297394,144571,10002,88914,53907,297394,-412938630,-43070770,721829300,-265819900,0,364173220,10740000,1199762280,23729740,1598405240,777111850,53810770,477932980,289549640,1598405240
2021-12-17,5332,5352,5332,5332,557651,-0.18719580681392736,-128205,-68933,199166,-2028,0,169304,5001,342059,37360,553724,297509,73934,142893,39388,553724,-689334220,-370320200,1070291330,-10636910,0,910191590,26905380,1838635340,200919230,2976651540,1599525810,397225580,768344010,211556140,2976651540
2021-12-20,5322,5342,5312,5322,613646,-0.1875468867216804,-156720,6301,139965,10454,0,118778,6301,403466,80780,609325,275498,0,263501,70326,609325,-840658840,33773360,749964860,56920620,0,637423480,33773360,2163974130,433813180,3268984150,1478082320,0,1414009270,376892560,3268984150
2021-12-21,5312,5322,5312,5322,545189,0.0,-274689,5003,275480,-5794,0,123503,5010,410894,1943,541350,398192,7,135414,7737,541350,-1470807130,26776070,1475034960,-31003900,0,661248280,26813530,2200472890,10414480,2898949180,2132055410,37460,725437930,41418380,2898949180
2021-12-22,5332,5332,5322,5332,460701,0.18789928598271327,-222948,114,198200,24634,0,92403,19515,318081,27458,457457,315351,19401,119881,2824,457457,-1195680430,672810,1062699510,132308110,0,495461090,104662170,1705777100,147449460,2453349820,1691141520,103989360,643077590,15141350,2453349820
2021-12-23,5332,5352,5332,5352,675037,0.3750937734433608,-298727,-62933,272796,88864,0,185261,10066,376479,98477,670283,483988,72999,103683,9613,670283,-1606915440,-338339060,1467280320,477974180,0,997126760,54175550,2025234930,529720220,3606257460,2604042200,392514610,557954610,51746040,3606257460
2021-12-24,5361,5391,5352,5382,668762,0.5605381165919282,-322162,98351,88495,135316,0,107829,107352,283195,165676,664052,429991,9001,194700,30360,664052,-1743415190,531848040,479011150,732556000,0,583101990,580523440,1531282680,896538400,3591446510,2326517180,48675400,1052271530,163982400,3591446510
2021-12-27,5391,5431,5381,5431,2798590,0.9104422147900408,31556,13205,-100331,55570,0,2137601,19246,442285,179750,2778882,2106045,6041,542616,124180,2778882,171171150,71841560,-547676010,304663300,0,11467614560,104739780,2409092060,979743880,14961190280,11296443410,32898220,2956768070,675080580,14961190280
2021-12-28,5431,5461,5431,5451,1284864,0.36825630638924695,151640,-6266,-251208,105834,0,527347,51784,513950,182735,1275816,375707,58050,765158,76901,1275816,832463090,-34750200,-1379760640,582047750,0,2893277450,284274160,2819718270,1003186790,7000456670,2060814360,319024360,4199478910,421139040,7000456670
2021-12-29,5302,5352,5282,5292,1328102,-2.9168959823885525,-247184,-47914,700388,-405290,0,89213,86602,1045030,97904,1318749,336397,134516,344642,503194,1318749,-1321893240,-253462230,3740660460,-2165304990,0,476930980,465224680,5586746390,525088660,7053990710,1798824220,718686910,1846085930,2690393650,7053990710
2021-12-30,5292,5322,5282,5292,788949,0.0,-92423,-71190,212495,-48882,0,297412,63506,374764,47711,783393,389835,134696,162269,96593,783393,-493303680,-380414580,1134435070,-260716810,0,1589465220,339122060,2000798020,254723670,4184108970,2082768900,719536640,866362950,515440480,4184108970
2022-01-03,5312,5322,5302,5312,596349,0.3779289493575208,-108363,27082,83218,-1937,0,269615,44861,222220,55453,592149,377978,17779,139002,57390,592149,-579801510,144888720,445187270,-10274480,0,1443312850,240006350,1189083740,296762010,3169164950,2023114360,95117630,743896470,307036490,3169164950
2022-01-04,5322,5322,5292,5292,748128,-0.37650602409638556,-228420,126726,96412,5282,0,169944,157173,386367,29375,742859,398364,30447,289955,24093,742859,-1220139250,676784360,515094980,28259910,0,907876660,839391340,2063895600,156869580,3968033180,2128015910,162606980,1548800620,128609670,3968033180
2022-01-05,5292,5302,5272,5283,581859,-0.17006802721088435,-50305,27759,102553,-80007,0,177312,29948,343549,26952,577761,227617,2189,240996,106959,577761,-266722030,147912340,545459050,-426649360,0,943686060,159557820,1827725480,143390100,3074359460,1210408090,11645480,1282266430,570039460,3074359460
2022-01-06,5272,5302,5262,5283,496238,0.0,-82495,128027,-84747,39215,0,117935,134027,194617,46164,492743,200430,6000,279364,6949,492743,-438671700,681369990,-451065510,208367220,0,627263700,713229990,1034091590,245355020,2619940300,1065935400,31860000,1485157100,36987800,2619940300
2022-01-07,5302,5312,5282,5312,255902,0.5489305318947568,22080,8517,-45623,15026,0,103139,19003,101554,30404,254100,81059,10486,147177,15378,254100,117875340,45535640,-243761040,80350060,0,550316250,101426020,541929940,162350800,1356023010,432440910,55890380,785690980,82000740,1356023010
2022-01-10,5312,5322,5302,5322,374529,0.18825301204819278,24848,6918,-55700,23934,0,214366,12920,106930,37675,371891,189518,6002,162630,13741,371891,132617430,37000280,-297841370,128223660,0,1146741530,69110960,571645460,201706970,1989204920,1014124100,32110680,869486830,73483310,1989204920
2022-01-11,5322,5361,5312,5342,722038,0.37579857196542654,-106848,159977,-2232,-50897,0,273664,159977,251514,31798,716953,380512,0,253746,82695,716953,-571726190,860308180,-14865480,-273716510,0,1469495880,860308180,1349309430,170702490,3849815980,2041222070,0,1364174910,444419000,3849815980
2022-01-12,5322,5352,5322,5352,236093,0.18719580681392736,24137,11058,4746,-39941,0,94658,20659,97624,21489,234430,70521,9601,92878,61430,234430,130114050,59266560,25176440,-214557050,0,508453270,110889930,523917210,115414710,1258675120,378339220,51623370,498740770,329971760,1258675120
2022-01-13,5352,5352,5322,5322,372791,-0.5605381165919282,-127883,96940,33244,-2301,0,104389,96940,144784,24053,370166,232272,0,111540,26354,370166,-685937140,520273250,177946790,-12282900,0,560550630,520273250,776945830,129184210,1986953920,1246487770,0,598999040,141467110,1986953920
2022-01-14,5322,5342,5302,5312,482421,-0.18789928598271327,-108765,38332,28722,41711,0,146867,59832,207921,64404,479024,255632,21500,179199,22693,479024,-580943660,204739850,152429780,223774030,0,786344130,319764850,1112764070,345257690,2564130740,1367287790,115025000,960334290,121483660,2564130740
2022-01-17,5322,5322,5282,5302,759872,-0.18825301204819278,-69960,135571,-32599,-33012,0,235423,159576,315186,44336,754521,305383,24005,347785,77348,754521,-371549420,725639170,-177763260,-176326490,0,1255705930,853585840,1680394050,236614950,4026300770,1627255350,127946670,1858157310,412941440,4026300770
2022-01-18,5312,5312,5272,5283,526754,-0.3583553376084497,-184828,26408,168143,-9723,0,201648,40905,253349,27142,523044,386476,14497,85206,36865,523044,-982826680,140711490,893677660,-51562470,0,1073320880,217874600,1347298800,144656180,2783150460,2056147560,77163110,453621140,196218650,2783150460
2022-01-19,5282,5282,5222,5243,612030,-0.7571455612341473,-5719,63077,-54535,-2823,0,101963,63078,401103,41576,607720,107682,1,455638,44399,607720,-31371040,334086800,-287590600,-15125160,0,539476820,334092110,2120514990,219765150,3213849070,570847860,5310,2408105590,234890310,3213849070
2022-01-20,5242,5252,5222,5223,369252,-0.3814609956131986,-88539,24804,40899,22836,0,92964,25307,183839,64542,366652,181503,503,142940,41706,366652,-466243930,130637080,214792110,120814740,0,490162040,133287890,968691130,340440500,1932581560,956405970,2650810,753899020,219625760,1932581560
2022-01-21,5242,5282,5222,5273,428120,0.9573042312847023,-14931,47173,-94736,62494,0,87259,58579,200893,78374,425105,102190,11406,295629,15880,425105,-78859310,249062710,-500394340,330190940,0,461212630,309192330,1061482230,414171700,2246058890,540071940,60129620,1561876570,83980760,2246058890
2022-01-24,5272,5292,5222,5263,504651,-0.18964536317087047,-12368,35474,37163,-60269,0,233265,35480,199520,32832,501097,245633,6,162357,93101,501097,-63905730,187797810,195201570,-319093650,0,1234043560,187829540,1054337380,173501650,2649712130,1297949290,31730,859135810,492595300,2649712130
2022-01-25,5262,5282,5193,5193,743323,-1.3300399011970359,-78603,35482,121121,-78000,0,144716,45495,506322,41555,738088,223319,10013,385201,119555,738088,-411951230,186495410,636119460,-410663640,0,759105740,238963600,2658031930,218078340,3874179610,1171056970,52468190,2021912470,628741980,3874179610
2022-01-26,5203,5232,5193,5213,394025,0.38513383400731754,-83724,70147,21284,-7707,0,115345,70166,145748,59991,391250,199069,19,124464,67698,391250,-439841630,368271900,111494380,-39924650,0,605512710,368371660,764756320,315016330,2053657020,1045354340,99760,653261940,354940980,2053657020
2022-01-27,5222,5232,5143,5153,983237,-1.1509687320161135,-157672,39660,242477,-124465,0,217312,39663,655081,64257,976313,374984,3,412604,188722,976313,-816616610,206519210,1261709340,-651611940,0,1133017700,206534810,3415115450,334944830,5089612790,1949634310,15600,2153406110,986556770,5089612790
2022-01-28,5153,5213,5113,5193,827481,0.7762468464971861,-84951,-171059,250335,5675,0,241063,41627,436909,102055,821654,326014,212686,186574,96380,821654,-439463770,-884290080,1293757430,29996420,0,1252823820,215305070,2263125320,530078730,4261332940,1692287590,1099595150,969367890,500082310,4261332940
2022-02-03,5232,5252,5203,5213,459486,0.38513383400731754,-1857,-62337,-2368,66562,0,125711,4953,187127,138459,456250,127568,67290,189495,71897,456250,-9845310,-327909820,-13027020,350782150,0,662192350,26131810,986196860,729584520,2404105540,672037660,354041630,999223880,378802370,2404105540
2022-02-04,5222,5252,5222,5243,356240,0.5754843660080567,-21111,1066,33579,-13534,0,104868,1733,133121,114009,353731,125979,667,99542,127543,353731,-111470540,5628480,176940960,-71098900,0,553789960,9150240,702715110,601799800,1867455110,665260500,3521760,525774150,672898700,1867455110
2022-02-07,5272,5272,5242,5253,371299,0.1907304978065993,-198261,10000,99983,88278,0,47439,10001,194366,116878,368684,245700,1,94383,28600,368684,-1049325130,52900010,529111150,467313970,0,251217300,52905300,1028884440,618638670,1951645710,1300542430,5290,499773290,151324700,1951645710
2022-02-08,5252,5272,5222,5233,429949,-0.3807348181991243,-130727,7596,68225,54906,0,115471,7596,173677,130177,426921,246198,0,105452,75271,426921,-690579300,40181720,360128740,290268840,0,610131100,40181720,917640160,687948350,2255901330,1300710400,0,557511420,397679510,2255901330
2022-02-09,5242,5252,5232,5243,338269,0.1910949742021785,-168136,-596,83703,85029,0,48678,2413,183417,101379,335887,216814,3009,99714,16350,335887,-886912630,-3169030,441469180,448612480,0,257099200,12748560,968123510,534938960,1772910230,1144011830,15917590,526654330,86326480,1772910230
2022-02-10,5242,5262,5232,5263,309155,0.3814609956131986,-81563,8968,-11780,84375,0,63774,9026,140921,93257,306978,145337,58,152701,8882,306978,-431117800,47395210,-62271270,445993860,0,336721390,47701300,744405890,492881730,1621710310,767839190,306090,806677160,46887870,1621710310
2022-02-11,5262,5272,5252,5263,364914,0.0,-106071,-42540,60142,88469,0,65623,35507,153812,107402,362344,171694,78047,93670,18933,362344,-561135190,-225816950,318333600,468618540,0,347597570,187832080,814646230,568895550,1918971430,908732760,413649030,496312630,100277010,1918971430
2022-02-14,5252,5262,5232,5253,264495,-0.19000570017100513,74982,-54000,-44477,23495,0,120058,5,115583,26986,262632,45076,54005,160060,3491,262632,396598250,-285489970,-235318510,124210230,0,634759740,26450,610705160,142648670,1388140020,238161490,285516420,846023670,18438440,1388140020
2022-02-15,5232,5252,5232,5233,303787,-0.3807348181991243,97397,11203,-124660,16060,0,129134,13003,121705,37806,301648,31737,1800,246365,21746,301648,513964440,59021840,-657887700,84901420,0,681302320,68525840,641934290,199547000,1591309450,167337880,9504000,1299821990,114645580,1591309450
2022-02-16,5262,5282,5242,5273,438408,0.764379896808714,62374,9999,-171651,99278,0,205603,10000,98159,121559,435321,143229,1,269810,22281,435321,330923970,52894700,-909838020,526019350,0,1089864210,52900000,520272390,644227090,2307263690,758940240,5300,1430110410,118207740,2307263690
2022-02-17,5272,5342,5242,5302,710686,0.5499715531955244,-191067,9597,-90636,272106,0,72289,10000,290876,332516,705681,263356,403,381512,60410,705681,-1021797130,51039950,-485661020,1456418200,0,386464030,53200000,1557061180,1779406870,3776132080,1408261160,2160050,2042722200,322988670,3776132080
2022-02-18,5302,5342,5302,5332,429508,0.5658242172764995,-278703,37313,61335,180055,0,62441,39314,138205,186523,426483,341144,2001,76870,6468,426483,-1493551200,199997690,328585860,964967650,0,334827270,210743040,740793330,999616730,2285980370,1828378470,10745350,412207470,34649080,2285980370
2022-02-21,5332,5352,5312,5352,375975,0.3750937734433608,-43262,10009,-123765,157018,0,78822,10009,92889,191607,373327,122084,0,216654,34589,373327,-232558760,53848390,-665977070,844687440,0,423956310,53848390,499515260,1030588680,2007908640,656515070,0,1165492330,185901240,2007908640
2022-02-22,5352,5352,5302,5312,466841,-0.7473841554559043,-134058,8936,25313,99809,0,81595,9000,208914,164044,463553,215653,64,183601,64235,463553,-717242640,47856350,135236640,534149650,0,437032750,48200000,1118229190,878985270,2482447210,1154275390,343650,982992550,344835620,2482447210
2022-02-23,5332,5342,5312,5342,341134,0.5647590361445783,-8493,-59914,-79601,148008,0,94213,5001,71635,167883,338732,102706,64915,151236,19875,338732,-45502220,-321600260,-427324190,794426670,0,505382490,26755360,384423900,900864820,1817426570,550884710,348355620,811748090,106438150,1817426570
2022-02-24,5342,5342,5272,5302,664042,-0.7487832272557094,-135282,1400,21005,112877,0,139028,11400,296084,212854,659366,274310,10000,275079,99977,659366,-722180330,7526000,111271280,603383050,0,741959550,60926000,1579746770,1137568170,3520200490,1464139880,53400000,1468475490,534185120,3520200490
2022-02-25,5342,5352,5302,5342,569650,0.7544322897019993,-48497,-40661,-73179,162337,0,213016,19347,127241,206034,565638,261513,60008,200420,43697,565638,-258899150,-218752950,-394657440,872309540,0,1143257380,103689920,682001190,1106324060,3035272550,1402156530,322442870,1076658630,234014520,3035272550
2022-02-28,5342,5352,5312,5332,430660,-0.18719580681392736,-12872,28087,-12613,-2602,0,92148,28087,225181,82211,427627,105020,0,237794,84813,427627,-68572530,150770710,-68355950,-13842230,0,494829680,150770710,1208869450,441840990,2296310830,563402210,0,1277225400,455683220,2296310830
2022-03-02,5342,5352,5322,5352,437954,0.3750937734433608,-46922,-34999,27783,54138,0,143480,71001,108098,112291,434870,190402,106000,80315,58153,434870,-251635680,-188714610,148882870,291467420,0,771694930,381365390,580940750,604238570,2338239640,1023330610,570080000,432057880,312771150,2338239640
2022-03-03,5352,5391,5322,5332,553030,-0.37369207772795215,-74707,-94683,149114,20276,0,182674,11735,236062,118664,549135,257381,106418,86948,98388,549135,-401414970,-509542030,801221720,109735280,0,982994720,63016990,1269632540,638784930,2954429180,1384409690,572559020,468410820,529049650,2954429180
2022-03-04,5352,5352,5322,5342,654327,0.1875468867216804,-116307,-170699,42532,244474,0,155438,17348,204521,272412,649719,271745,188047,161989,27938,649719,-624322580,-918063030,227970610,1314415000,0,834914920,93031310,1098570850,1464624740,3491141820,1459237500,1011094340,870600240,150209740,3491141820
2022-03-07,5342,5371,5322,5332,499093,-0.18719580681392736,-51365,-101668,-7444,160477,0,93842,17161,172768,211807,495578,145207,118829,180212,51330,495578,-275571990,-545714800,-41394320,862681110,0,503520700,92017570,926814120,1138012470,2660364860,779092690,637732370,968208440,275331360,2660364860
2022-03-08,5322,5332,5292,5312,542127,-0.3750937734433608,20224,-137493,59887,57382,0,175216,24924,240063,98106,538309,154992,162417,180176,40724,538309,108694190,-736311660,320422500,307194970,0,937639130,133343460,1283947160,525010820,2879940570,828944940,869655120,963524660,217815850,2879940570
2022-03-10,5342,5352,5312,5322,468996,0.18825301204819278,63258,-196802,79597,53947,0,184162,48896,145581,87054,465693,120904,245698,65984,33107,465693,339728340,-1055446090,426443430,289274320,0,987650870,262127380,780330540,466751840,2496860630,647922530,1317573470,353887110,177477520,2496860630
2022-03-11,5332,5342,5312,5332,505491,0.18789928598271327,-47689,-183493,104004,127178,0,133487,18737,201180,148527,501931,181176,202230,97176,21349,501931,-255444660,-984486120,557591430,682339350,0,716335560,100488980,1078682170,796776070,2692282780,971780220,1084975100,521090740,114436720,2692282780
2022-03-14,5352,5352,5322,5322,399594,-0.1875468867216804,59209,-170306,52863,58234,0,144504,26730,149986,75560,396780,85295,197036,97123,17326,396780,318110900,-914765900,283802070,312852930,0,775811630,143567420,805146300,405720290,2130245640,457700730,1058333320,521344230,92867360,2130245640
2022-03-15,5332,5342,5312,5332,428196,0.18789928598271327,3519,-149444,62187,83738,0,140380,31151,156659,96991,425181,136861,180595,94472,13253,425181,19934260,-802175720,333393490,448847970,0,753316790,166749430,839842750,519886350,2279795320,733382530,968925150,506449260,71038380,2279795320
2022-03-16,5342,5342,5312,5322,509011,-0.1875468867216804,65842,-46881,-105561,86600,0,175321,36691,167428,125986,505426,109479,83572,272989,39386,505426,354039920,-252072090,-566558570,464590740,0,941213540,196945270,898209520,676087070,2712455400,587173620,449017360,1464768090,211496330,2712455400
2022-03-17,5342,5342,5322,5322,532161,0.0,-68119,-111071,134744,44446,0,157871,8024,214570,147948,528413,225990,119095,79826,103502,528413,-364996210,-596260710,722784270,238472650,0,847051850,43068640,1151128350,793941530,2835190370,1212048060,639329350,428344080,555468880,2835190370
2022-03-18,5322,5342,5322,5322,506462,0.0,-52582,-110348,199741,-36811,0,160150,924,286184,55637,502895,212732,111272,86443,92448,502895,-281927190,-592668760,1071900860,-197304910,0,859954090,4961880,1535913140,298837820,2699666930,1141881280,597630640,464012280,496142730,2699666930
2022-03-21,5332,5342,5312,5342,465568,0.37579857196542654,67482,-102906,28297,7127,0,203902,16101,194048,48238,462289,136420,119007,165751,41111,462289,363040560,-552606290,151226830,38338900,0,1095174040,86351370,1041398460,258969570,2481893440,732133480,638957660,890171630,220630670,2481893440
2022-03-22,5342,5361,5322,5362,636485,0.3743916136278547,24054,-75215,-145805,196966,0,133818,14000,222055,262130,632003,109764,89215,367860,65164,632003,130393020,-405623830,-786214910,1061445720,0,721382060,75090000,1194256490,1412572820,3403301370,590989040,480713830,1980471400,351127100,3403301370
2022-03-23,5361,5401,5361,5392,603891,0.5594927265945543,-304502,35939,79444,189119,0,76069,44941,242060,236568,599638,380571,9002,162616,47449,599638,-1649023370,194894940,429334580,1024793850,0,412206570,243685770,1310680800,1282183250,3248756390,2061229940,48790830,881346220,257389400,3248756390
2022-03-24,5391,5421,5371,5422,604687,0.556379821958457,-137712,-24368,-16786,178866,0,242354,7633,161741,188701,600429,380066,32001,178527,9835,600429,-749006710,-132295660,-91756550,973058920,0,1319542540,41609780,880001700,1026516970,3267670990,2068549250,173905440,971758250,53458050,3267670990
2022-03-25,5421,5441,5421,5431,625176,0.16599040944300997,-202911,6042,50802,146067,0,133942,10042,296862,179927,620773,336853,4000,246060,33860,620773,-1109413970,33049760,277395120,798969090,0,732632090,54929760,1623643130,984181280,3395386260,1842046060,21880000,1346248010,185212190,3395386260
2022-03-28,5431,5441,5411,5422,545382,-0.16571533787516113,-236097,5827,135340,94930,0,96279,8827,260776,175659,541541,332376,3000,125436,80729,541541,-1288094730,31845420,738193470,518055840,0,525822480,48195420,1423452360,958872720,2956342980,1813917210,16350000,685258890,440816880,2956342980
2022-03-29,5421,5431,5411,5431,367351,0.16599040944300997,-164914,10116,39658,115140,0,57687,10156,165616,131305,364764,222601,40,125958,16165,364764,-899850860,55230910,215964760,628655190,0,315023890,55449250,904030770,716924460,1991428370,1214874750,218340,688066010,88269270,1991428370
2022-03-30,5421,5481,5421,5481,547012,0.9206407659731173,-195627,56982,-16762,155407,0,71232,57054,250600,164274,543160,266859,72,267362,8867,543160,-1073994830,313045130,-92921680,853871380,0,391732220,313440500,1377240070,902584930,2984997720,1465727050,395370,1470161750,48713550,2984997720
2022-03-31,5500,5540,5481,5531,877232,0.9122422915526365,-252881,29376,33875,189630,0,219914,29379,391756,230005,871054,472795,3,357881,40375,871054,-1404304890,163224340,187497870,1053582680,0,1223530970,163241000,2176140460,1277917520,4840829950,2627835860,16660,1988642590,224334840,4840829950
2022-04-01,5550,5550,5491,5491,608064,-0.7231965286566624,-223372,21526,97558,104288,0,92612,21526,355287,134357,603782,315984,0,257729,30069,603782,-1239747560,119484300,540981230,579282030,0,514471600,119484300,1973829260,746422110,3354207270,1754219160,0,1432848030,167140080,3354207270
2022-04-04,5500,5550,5491,5551,663476,1.0926971407758148,-192295,2362,-16244,206177,0,73004,42362,327909,215529,658804,265299,40000,344153,9352,658804,-1070777150,12443320,-89522920,1147856750,0,406747780,235643320,1826047060,1199757470,3668195630,1477524930,223200000,1915569980,51900720,3668195630
2022-04-05,5560,5600,5540,5541,614061,-0.18014772113132768,-269058,-57768,142055,184771,0,134673,4236,251234,219594,609737,403731,62004,109179,34823,609737,-1506509260,-323029280,795277510,1034261030,0,753936940,23721600,1408297350,1229671790,3415627680,2260446200,346750880,613019840,195410760,3415627680
2022-04-06,5540,5570,5520,5551,675411,0.18047283883775492,-172559,-40000,60866,151693,0,228000,0,258203,184452,670655,400559,40000,197337,32759,670655,-963596040,-224000000,339601260,847994780,0,1275124160,0,1442490870,1030904480,3748519510,2238720200,224000000,1102889610,182909700,3748519510
2022-04-07,5560,5590,5550,5590,722758,0.702576112412178,68404,-54026,-8391,-5987,0,365248,6903,224061,121456,717668,296844,60929,232452,127443,717668,386747730,-303626110,-48160970,-34960650,0,2052343180,38794860,1257374260,681239340,4029751640,1665595450,342420970,1305535230,716199990,4029751640
2022-04-08,5600,5649,5590,5650,1116177,1.073345259391771,-235028,-29659,86516,178171,0,275992,3474,476956,351895,1108317,511020,33133,390440,173724,1108317,-1328761660,-168165600,487805230,1009122030,0,1561366250,19655840,2698413010,1992779870,6272214970,2890127910,187821440,2210607780,983657840,6272214970
2022-04-11,5659,5669,5640,5660,923360,0.17699115044247787,-309996,29965,64422,215609,0,235182,47702,341151,292822,916857,545178,17737,276729,77213,916857,-1763418560,170368690,366156850,1226893020,0,1339129510,271428510,1942275860,1666494020,5219327900,3102548070,101059820,1576119010,439601000,5219327900
2022-04-12,5659,5749,5640,5729,1148637,1.2190812720848057,-282210,-15001,-17250,314461,0,389623,20000,405447,325478,1140548,671833,35001,422697,11017,1140548,-1623089100,-86409250,-97545270,1807043620,0,2241836570,115186180,2331540620,1870233580,6558796950,3864925670,201595430,2429085890,63189960,6558796950
2022-04-13,5729,5759,5699,5739,933836,0.17455053237912377,-39173,-9270,-72818,121261,0,378514,1730,340810,206206,927260,417687,11000,413628,84945,927260,-226804430,-53673300,-420310850,700788580,0,2184280140,10016700,1967436370,1190609990,5352343200,2411084570,63690000,2387747220,489821410,5352343200
2022-04-14,5759,5868,5739,5769,1324202,0.5227391531625719,-98441,-10916,-346354,455711,0,445566,0,385449,483862,1314877,544007,10916,731803,28151,1314877,-578177700,-64084400,-2013939500,2656201600,0,2599871060,0,2251973530,2820610860,7672455450,3178048760,64084400,4265913030,164409260,7672455450
2022-04-15,5828,5977,5749,5978,1198688,3.6228115791298316,4640,-19781,-79066,94207,0,475677,22919,513161,178490,1190247,471037,42700,592227,84283,1190247,26501450,-115292240,-469782640,558573430,0,2803903750,135360760,3028097880,1053143640,7020506030,2777402300,250653000,3497880520,494570210,7020506030
2022-04-18,5967,6007,5719,5739,1920102,-3.997992639678823,28795,-7393,166785,-188187,0,633902,30407,1114642,127629,1906580,605107,37800,947857,315816,1906580,193420810,-47081800,970468500,-1116807510,0,3731531490,178296200,6549760020,750979020,11210566730,3538110680,225378000,5579291520,1867786530,11210566730
2022-04-19,5769,5779,5689,5749,1888993,0.17424638438752396,-1401222,341,87697,1313184,0,168726,341,285580,1421043,1875690,1569948,0,197883,107859,1875690,-8039191140,1974390,507487130,7529729620,0,975825870,1974390,1650408390,8153256630,10781465280,9015017010,0,1142921260,623527010,10781465280
2022-04-20,5749,5788,5739,5779,699803,0.5218298834579926,54577,20448,145899,-220924,0,323044,20448,255588,95795,694875,268467,0,109689,316719,694875,318112200,118768740,845920920,-1282801860,0,1875699910,118768740,1482725990,556137580,4033332220,1557587710,0,636805070,1838939440,4033332220
2022-04-21,5769,5788,5749,5769,637105,-0.17304031839418585,55367,-30922,231368,-255813,0,191342,7582,363040,70654,632618,135975,38504,131672,326467,632618,322234190,-179731170,1344551670,-1487054690,0,1111940590,43977070,2109225040,410346900,3675489600,789706400,223708240,764673370,1897401590,3675489600
2022-04-22,5769,5769,5729,5759,625226,-0.17334026694401108,-38974,16551,194089,-171666,0,178233,16551,303247,122792,620823,217207,0,109158,294458,620823,-225585320,95831720,1123367670,-993614070,0,1032444990,95831720,1755939980,711027690,3595244380,1258030310,0,632572310,1704641760,3595244380
2022-04-25,5709,5779,5679,5779,825250,0.34728251432540375,-39421,-40987,79838,570,0,305948,1000,315836,196654,819438,345369,41987,235998,196084,819438,-228759460,-237724600,464461710,2022350,0,1774546970,5750000,1831416090,1141207540,4752920600,2003306430,243474600,1366954380,1139185190,4752920600
2022-04-26,5769,5858,5759,5858,743360,1.3670185153140681,-5560,-24384,66439,-36495,0,273679,1000,254619,208827,738125,279239,25384,188180,245322,738125,-33170550,-142624080,389888600,-214093970,0,1606239150,5830000,1494121480,1220647220,4326837850,1639409700,148454080,1104232880,1434741190,4326837850
2022-04-27,5858,5908,5808,5839,557039,-0.32434277910549675,91759,4199,43038,-138996,0,259167,7171,258853,27925,553116,167408,2972,215815,166921,553116,540560990,24725180,253987160,-819273330,0,1527553510,42259420,1524786220,164570920,3259170070,986992520,17534240,1270799060,983844250,3259170070
2022-04-28,5868,5878,5788,5809,766880,-0.5137866072957699,47010,3273,5445,-55728,0,335987,5000,320781,99711,761479,288977,1727,315336,155439,761479,276545500,19181590,31750970,-327478060,0,1969619630,29250000,1882750170,585069070,4466688870,1693074130,10068410,1850999200,912547130,4466688870
2022-04-29,5848,5848,5798,5839,602702,0.5164400068858668,-103514,17500,162388,-76374,0,304097,17500,204206,72655,598458,407611,0,41818,149029,598458,-606824720,102865000,950397960,-446438240,0,1781676770,102865000,1195838100,425822780,3506202650,2388501490,0,245440140,872261020,3506202650
2022-05-02,5808,5848,5808,5849,311541,0.17126220243192328,-3119,1000,-6240,8359,0,169997,1000,122066,16284,309347,173116,0,128306,7925,309347,-18722580,5880000,-36291300,49133880,0,997667670,5880000,716256590,95678030,1815482290,1016390250,0,752547890,46544150,1815482290
2022-05-03,5858,5868,5699,5739,1115013,-1.8806633612583348,-185642,-51224,311310,-74444,0,294326,5776,706934,100125,1107161,479968,57000,395624,174569,1107161,-1074585020,-300305670,1808586610,-433695920,0,1713281160,33557000,4101943410,582304480,6431086050,2787866180,333862670,2293356800,1016000400,6431086050
2022-05-04,5759,5779,5669,5690,576963,-0.8538072834988675,-129997,26931,103484,-418,0,218946,26934,291544,35476,572900,348943,3,188060,35894,572900,-745052960,154245870,593616960,-2809870,0,1257738950,154263090,1673277000,203849280,3289128320,2002791910,17220,1079660040,206659150,3289128320
2022-05-06,5659,5709,5600,5670,646031,-0.35149384885764495,-118890,4918,66191,47781,0,181172,5781,349375,105153,641481,300062,863,283184,57372,641481,-672369070,27918730,375940640,268509700,0,1033190880,32803310,1983543850,596387450,3645925490,1705559950,4884580,1607603210,327877750,3645925490
2022-05-09,5689,5699,5630,5670,356964,0.0,21032,5060,-47918,21826,0,124415,5061,138411,86563,354450,103383,1,186329,64737,354450,120659280,28834670,-273017450,123523500,0,709167070,28840350,788703910,493153200,2019864530,588507790,5680,1061721360,369629700,2019864530
2022-05-10,5630,5659,5570,5640,382126,-0.5291005291005291,99061,2501,25380,-126942,0,146583,12501,198683,21668,379435,47522,10000,173303,148610,379435,562025800,13708840,143487070,-719221710,0,830840120,70458840,1122756640,122157410,2146213010,268814320,56750000,979269570,841379120,2146213010
2022-05-11,5659,5669,5600,5640,388436,0.0,121886,-11233,-11516,-99137,0,201243,2,156749,27707,385701,79357,11235,168265,126844,385701,692072070,-63865780,-64987960,-563218330,0,1141567890,11370,888276790,156676220,2186532270,449495820,63877150,953264750,719894550,2186532270
2022-05-12,5640,5640,5540,5541,557977,-1.7553191489361704,-59124,41300,84987,-67163,0,133894,41300,275993,102861,554048,193018,0,191006,170024,554048,-331564420,232892000,478273100,-379600680,0,753657830,232892000,1552329800,577849830,3116729460,1085222250,0,1074056700,957450510,3116729460
2022-05-13,5540,5600,5530,5590,280275,0.8843169103049991,82974,16087,-76462,-22599,0,117061,16089,96456,48695,278301,34087,2,172918,71294,278301,466497520,90470730,-429209240,-127759010,0,658154290,90481950,542028410,273145510,1563810160,191656770,11220,971237650,400904520,1563810160
2022-05-16,5610,5679,5600,5650,312599,1.073345259391771,80951,1,-40450,-40502,0,164737,1,90894,54766,310398,83786,0,131344,95268,310398,460782160,5690,-229609530,-231178320,0,937442550,5690,516321480,310054800,1763824520,476660390,0,745931010,541233120,1763824520
2022-05-17,5649,5659,5510,5590,830145,-1.0619469026548671,87428,-14276,-27127,-46025,0,228419,16227,441690,137963,824299,140991,30503,468817,183988,824299,493018160,-79831380,-146765290,-266421490,0,1283696250,91031210,2481018170,771034280,4626779910,790678090,170862590,2627783460,1037455770,4626779910
2022-05-18,5590,5600,5550,5590,210676,0.0,34744,-689,713,-34768,0,103234,1311,86730,17917,209192,68490,2000,86017,52685,209192,195422540,-3866800,3586480,-195142220,0,579151070,7339460,486164640,100491930,1173147100,383728530,11206260,482578160,295634150,1173147100
2022-05-19,5560,5570,5461,5501,761670,-1.592128801431127,77119,8309,73472,-158900,0,190325,30310,432647,103024,756306,113206,22001,359175,261924,756306,426461260,46593580,407352430,-880407270,0,1054250770,167789110,2394912550,569573540,4186525970,627789510,121195530,1987560120,1449980810,4186525970
2022-05-20,5510,5570,5500,5541,370469,0.7271405199054717,69691,-16000,-15481,-38210,0,155624,1,146436,65799,367860,85933,16001,161917,104009,367860,388827690,-88969380,-87097510,-212760800,0,867229700,5560,814930490,367154720,2049320470,478402010,88974940,902028000,579915520,2049320470
2022-05-23,5550,5550,5451,5501,820746,-0.7218913553510197,61071,67079,-210770,82620,0,202840,69579,343165,199382,814966,141769,2500,553935,116762,814966,337113320,369956830,-1159782520,452712370,0,1119716830,383801830,1893606430,1098119940,4495245030,782603510,13845000,3053388950,645407570,4495245030
2022-05-24,5500,5560,5491,5521,438274,0.36357025995273584,95923,50220,-33076,-113067,0,194746,61220,137746,41476,435188,98823,11000,170822,154543,435188,533762850,280815270,-184911510,-629666610,0,1084504820,342085270,766632250,230748290,2423970630,550741970,61270000,951543760,860414900,2423970630
2022-05-25,5520,5610,5520,5590,386514,1.2497735917406267,136246,55492,-61453,-130285,0,180877,55493,115464,31958,383792,44631,1,176917,162243,383792,765487350,309961710,-345003220,-730445840,0,1016010630,309967330,648857220,179168490,2154003670,250523280,5620,993860440,909614330,2154003670
2022-05-26,5590,5640,5570,5630,743097,0.7155635062611807,-133174,245421,-26349,-85898,0,316373,246423,118042,57026,737864,449547,1002,144391,142924,737864,-750044040,1384028270,-149314110,-484670120,0,1787284940,1389689570,665732590,321774960,4164482060,2537328980,5661300,815046700,806445080,4164482060
2022-05-27,5649,5669,5610,5640,544824,0.17761989342806395,54694,-51990,15626,-18330,0,301770,8010,134134,97073,540987,247076,60000,118508,115403,540987,312190520,-294568200,86687430,-104309750,0,1711932930,45331800,760287000,550563520,3068115250,1399742410,339900000,673599570,654873270,3068115250
2022-05-30,5659,5669,5600,5650,550867,0.1773049645390071,-52615,29720,36587,-13692,0,266748,42720,169610,67910,546988,319363,13000,133023,81602,546988,-296359920,168419570,205898370,-77958020,0,1510788940,241739570,960575280,384928170,3098031960,1807148860,73320000,754676910,462886190,3098031960
2022-05-31,5659,5659,5610,5610,785020,-0.7079646017699115,10493,81499,105958,-197950,0,193053,81500,236463,268476,779492,182560,1,130505,466426,779492,59042140,462334330,599757140,-1121133610,0,1094760140,462340000,1340139740,1517805080,4415044960,1035718000,5670,740382600,2638938690,4415044960
2022-06-02,5649,5659,5610,5620,503230,0.17825311942959002,-97478,27463,106553,-36538,0,256461,27463,173572,42190,499686,353939,0,67019,78728,499686,-551790800,155440580,603398020,-207047800,0,1452538690,155440580,983315060,239156830,2830451160,2004329490,0,379917040,446204630,2830451160
2022-06-03,5649,5659,5610,5660,602782,0.7117437722419928,112424,16700,-17994,-111130,0,308042,16701,195272,78522,598537,195618,1,213266,189652,598537,638963130,94816040,-103106140,-630673030,0,1748859370,94821700,1108189740,445792140,3397662950,1109896240,5660,1211295880,1076465170,3397662950
2022-06-07,5659,5669,5620,5640,1170500,-0.35335689045936397,-59992,305799,-282116,36309,0,444169,305801,259745,152542,1162257,504161,2,541861,116233,1162257,-339100160,1741557300,-1609025400,206568260,0,2530771860,1741568700,1478087530,868765670,6619193760,2869872020,11400,3087112930,662197410,6619193760
2022-06-08,5640,5680,5630,5680,516497,0.7092198581560284,-67844,-10112,163188,-85232,0,231649,9889,235134,39825,516497,299493,20001,71946,125057,516497,-383051210,-57232790,921602430,-481318430,0,1308420630,55872850,1328662260,225178950,2918134690,1691471840,113105640,407059830,706497380,2918134690
2022-06-09,5680,5690,5630,5680,327692,0.0,-16258,-54762,90165,-19145,0,109363,1238,171029,46062,327692,125621,56000,80864,65207,327692,-91623250,-310195300,510066840,-108248290,0,619623820,6994700,968557740,261143710,1856319970,711247070,317190000,458490900,369392000,1856319970
2022-06-10,5680,5730,5650,5730,751648,0.8802816901408451,379539,-103880,-193868,-81791,0,644789,1000,69899,35960,751648,265250,104880,263767,117751,751648,2166708150,-591708130,-1107482210,-467517810,0,3681335590,5650000,398265140,204809950,4290060680,1514627440,597358130,1505747350,672327760,4290060680
2022-06-13,5650,5680,5590,5590,743065,-2.4432809773123907,145158,-55477,95514,-185195,0,294533,37205,385149,26178,743065,149375,92682,289635,211373,743065,815274310,-311313440,538095530,-1042056400,0,1654757560,209500300,2165378490,147023320,4176659670,839483250,520813740,1627282960,1189079720,4176659670
2022-06-14,5530,5550,5470,5500,671967,-1.6100178890876566,-84488,29693,160018,-105223,0,146695,29693,448359,47220,671967,231183,0,288341,152443,671967,-463722030,163245960,879700970,-579224900,0,806851310,163245960,2465690620,259814450,3695602340,1270573340,0,1585989650,839039350,3695602340
2022-06-15,5510,5510,5410,5450,456096,-0.9090909090909091,47861,14133,44772,-106766,0,116585,19134,268326,52051,456096,68724,5001,223554,158817,456096,263131790,77362620,244952660,-585447070,0,638081570,104768110,1463574990,283437760,2489862430,374949780,27405490,1218622330,868884830,2489862430
2022-06-16,5470,5500,5370,5400,663820,-0.9174311926605505,-13226,-84498,220801,-123077,0,100202,5702,507254,50662,663820,113428,90200,286453,173739,663820,-69422430,-460428470,1199827550,-669976650,0,545823160,31135900,2758288560,276227680,3611475300,615245590,491564370,1558461010,946204330,3611475300
2022-06-17,5340,5410,5280,5340,1171583,-1.1111111111111112,84054,-41523,1619,-44150,0,347615,39561,445781,338626,1171583,263561,81084,444162,382776,1171583,453808400,-219920510,5572070,-239459960,0,1859691630,211508060,2373499860,1805334770,6250034320,1405883230,431428570,2367927790,2044794730,6250034320
2022-06-20,5330,5360,5190,5240,1226188,-1.8726591760299627,-326316,37962,109933,178421,0,155246,72962,627673,370307,1226188,481562,35000,517740,191886,1226188,-1702645680,200570760,572566750,929508170,0,816183210,385813500,3307374140,1943900900,6453271750,2518828890,185242740,2734807390,1014392730,6453271750
2022-06-21,5240,5290,5200,5290,513311,0.9541984732824428,8516,15294,123929,-147739,0,196031,15296,258176,43808,513311,187515,2,134247,191547,513311,45566260,80243080,650146700,-775956040,0,1032659400,80253580,1356252670,229943080,2699108730,987093140,10500,706105970,1005899120,2699108730
2022-06-22,5310,5310,5170,5170,959458,-2.2684310018903595,-261731,60069,184830,16832,0,144396,60069,552525,202468,959458,406127,0,367695,185636,959458,-1367414210,314924540,971722330,80767340,0,757502980,314924540,2891373930,1056671350,5020472800,2124917190,0,1919651600,975904010,5020472800
2022-06-23,5180,5240,5130,5140,990908,-0.5802707930367506,-15368,18739,102012,-105383,0,490333,33740,327653,139182,990908,505701,15001,225641,244565,990908,-73337810,97070010,523740750,-547472950,0,2538728110,174478130,1693099400,719370490,5125676130,2612065920,77408120,1169358650,1266843440,5125676130
2022-06-24,5140,5180,5130,5170,821585,0.5836575875486382,-148666,-43500,323847,-131681,0,288675,27481,450872,54557,821585,437341,70981,127025,186238,821585,-763987200,-223917860,1665818160,-677913100,0,1487315320,141642700,2320104830,281453200,4230516050,2251302520,365560560,654286670,959366300,4230516050
2022-06-27,5180,5290,5180,5290,563752,2.321083172147002,-7047,15305,34108,-42366,0,233024,22319,239617,68792,563752,240071,7014,205509,111158,563752,-35793150,80082950,178929540,-223219340,0,1221949780,116916210,1255905930,359112330,2953884250,1257742930,36833260,1076976390,582331670,2953884250
2022-06-28,5290,5320,5190,5210,1517601,-1.5122873345935728,345580,-128906,-34827,-181847,0,637719,60249,769019,50614,1517601,292139,189155,803846,232461,1517601,1798769070,-672237050,-175859610,-950672410,0,3324596510,314527490,4018097780,264861420,7922083200,1525827440,986764540,4193957390,1215533830,7922083200
2022-06-29,5050,5060,4980,4990,2040226,-4.222648752399232,-417078,-112618,1066346,-536650,0,467827,36660,1480798,54941,2040226,884905,149278,414452,591591,2040226,-2092882620,-568478630,5361221040,-2699859790,0,2347345475,184011075,7444121585,276157585,10251635720,4440228095,752489705,2082900545,2976017375,10251635720
2022-06-30,4980,4995,4840,4850,1203094,-2.80561122244489,92083,38392,270637,-401112,0,206466,38392,789083,169153,1203094,114383,0,518446,570265,1203094,453199300,187329710,1332923965,-1973452975,0,1013193275,187329710,3871893420,832049280,5904465685,559993975,0,2538969455,2805502255,5904465685
2022-07-01,4820,4855,4610,4705,1699686,-2.9896907216494846,-181007,-51323,383908,-151578,0,375250,18678,1042303,263455,1699686,556257,70001,658395,415033,1699686,-845587725,-236840435,1814463360,-732035200,0,1767918420,87582630,4924487000,1239804050,8019792100,2613506145,324423065,3110023640,1971839250,8019792100
2022-07-04,4670,4700,4500,4595,1689798,-2.3379383634431457,-685838,122517,443039,120282,0,355350,133787,842130,358531,1689798,1041188,11270,399091,238249,1689798,-3111898670,553786870,2018793105,539318695,0,1617734745,604896285,3836149470,1630164395,7688944895,4729633415,51109415,1817356365,1090845700,7688944895
2022-07-05,4585,4700,4550,4685,825426,1.958650707290533,58945,24960,90336,-174241,0,397271,24961,359097,44097,825426,338326,1,268761,218338,825426,276410490,115526460,417399005,-809335955,0,1843534200,115531080,1664248655,203730950,3827044885,1567123710,4620,1246849650,1013066905,3827044885
2022-07-06,4680,4700,4520,4530,865866,-3.3084311632870866,-277088,25200,398347,-146459,0,207304,25201,559717,73644,865866,484392,1,161370,220103,865866,-1269998890,116046900,1827763580,-673811590,0,950650140,116051585,2577329365,340943895,3984974985,2220649030,4685,749565785,1014755485,3984974985
2022-07-07,4540,4565,4435,4515,1017747,-0.33112582781456956,-380861,20801,349973,10087,0,194242,20801,683619,119085,1017747,575103,0,333646,108998,1017747,-1704978310,93850475,1565839885,45287950,0,871580755,93850475,3059551920,533729695,4558712845,2576559065,0,1493712035,488441745,4558712845
2022-07-08,4505,4570,4470,4505,2095737,-0.22148394241417496,-385802,57500,188822,139480,0,800441,57700,965776,271820,2095737,1186243,200,776954,132340,2095737,-1739572920,260236775,847318030,632018115,0,3609831675,261138775,4354620120,1228066045,9453656615,5349404595,902000,3507302090,596047930,9453656615
2022-07-11,4515,4540,4440,4440,952308,-1.4428412874583796,-263624,45871,277591,-59838,0,146591,59859,647130,98728,952308,410215,13988,369539,158566,952308,-1177630335,205983275,1240625855,-268978795,0,655206070,268524815,2891764445,440421715,4255917045,1832836405,62541540,1651138590,709400510,4255917045
2022-07-12,4435,4435,4340,4350,1334934,-2.027027027027027,-581142,44665,470668,65809,0,165045,78558,910707,180624,1334934,746187,33893,440039,114815,1334934,-2532037715,194586505,2051811100,285640110,0,721047165,342603480,3970403515,787005685,5821059845,3253084880,148016975,1918592415,501365575,5821059845
2022-07-13,4370,4400,4335,4345,962111,-0.11494252873563218,-427726,73958,340613,13155,0,198457,91077,595387,77190,962111,626183,17119,254774,64035,962111,-1860044785,321743540,1480862175,57439070,0,862852425,396043420,2588500800,335657425,4183054070,2722897210,74299880,1107638625,278218355,4183054070
2022-07-14,4345,4420,4345,4355,1027960,0.23014959723820483,-28535,-148737,-65029,242301,0,250115,1500,458587,317758,1027960,278650,150237,523616,75457,1027960,-125667795,-649182325,-285713830,1060563950,0,1091016050,6532500,2002234030,1389977930,4489760510,1216683845,655714825,2287947860,329413980,4489760510
2022-07-15,4355,4450,4350,4450,750702,2.1814006888633752,-141821,-88055,173852,56024,0,175155,12729,345800,217018,750702,316976,100784,171948,160994,750702,-623661715,-385670185,762301090,247030810,0,767123920,56339865,1518801340,952453360,3294718485,1390785635,442010050,756500250,705422550,3294718485
2022-07-18,4470,4470,4385,4430,740456,-0.44943820224719105,-209976,22438,189058,-1520,0,133517,31439,372005,203495,740456,343493,9001,182947,205015,740456,-923981845,98631650,833665540,-8315345,0,588794645,138381055,1639208360,895819880,3262203940,1512776490,39749405,805542820,904135225,3262203940
2022-07-19,4420,4480,4385,4395,1001383,-0.7900677200902935,-579762,14625,34577,530560,0,56579,19625,320604,604575,1001383,636341,5000,286027,74015,1001383,-2554382520,64257265,150188100,2339937155,0,249269040,86257265,1412280230,2667024895,4414831430,2803651560,22000000,1262092130,327087740,4414831430
2022-07-20,4435,4500,4405,4425,639013,0.6825938566552902,-179742,25275,87213,67254,0,36139,56275,332233,214366,639013,215881,31000,245020,147112,639013,-797242575,113394020,383783025,300065530,0,160639030,251929020,1477465250,955440215,2845473515,957881605,138535000,1093682225,655374685,2845473515
2022-07-21,4425,4500,4425,4500,528988,1.694915254237288,-23479,932,19174,3373,0,178724,1933,238785,109546,528988,202203,1001,219611,106173,528988,-104915430,4129855,85051255,15734320,0,798476560,8599320,1065669885,488960275,2361706040,903391990,4469465,980618630,473225955,2361706040
2022-07-22,4505,4540,4490,4525,422775,0.5555555555555556,-84782,-2407,7808,79381,0,63561,10223,216061,132930,422775,148343,12630,208253,53549,422775,-382423400,-11010365,34796745,358637020,0,286598045,46178510,974624540,600364210,1907765305,669021445,57188875,939827795,241727190,1907765305
2022-07-25,4525,4525,4470,4485,227649,-0.8839779005524863,-29626,-10499,1850,38275,0,29981,501,142106,55061,227649,59607,11000,140256,16786,227649,-132740250,-47080515,8222335,171598430,0,134613410,2254485,637831975,247126505,1021826375,267353660,49335000,629609640,75528075,1021826375
2022-07-26,4500,4520,4490,4505,170153,0.4459308807134894,12327,-1676,-9640,-1011,0,52265,0,87350,30538,170153,39938,1676,96990,31549,170153,55378540,-7575465,-43316085,-4486990,0,235188030,0,393154785,137540750,765883565,179809490,7575465,436470870,142027740,765883565
2022-07-27,4495,4525,4490,4525,169314,0.4439511653718091,70240,-1327,-53915,-14998,0,85270,0,69746,14298,169314,15030,1327,123661,29296,169314,316539560,-5988040,-243035520,-67516000,0,384315905,0,314301910,64521700,763139515,67776345,5988040,557337430,132037700,763139515
2022-07-28,4530,4540,4510,4530,228088,0.11049723756906078,22604,13504,13271,-49379,0,62270,15504,145783,4531,228088,39666,2000,132512,53910,228088,102148030,61119880,60063180,-223331090,0,281635020,70179880,659209610,20483645,1031508155,179486990,9060000,599146430,243814735,1031508155
2022-07-29,4535,4715,4530,4700,622838,3.7527593818984544,62748,-28255,-88327,53834,0,172974,1045,280627,168192,622838,110226,29300,368954,114358,622838,287536310,-130319320,-409407320,252190330,0,799307605,4834075,1295970815,783009295,2883121790,511771295,135153395,1705378135,530818965,2883121790
2022-08-01,4570,4680,4550,4650,1373215,-1.0638297872340425,-142310,21548,118037,2725,0,359824,25602,817292,170497,1373215,502134,4054,699255,167772,1373215,-653025395,100109955,538169920,14745520,0,1660917820,118657160,3749928640,786187560,6315691180,2313943215,18547205,3211758720,771442040,6315691180
2022-08-02,4650,4650,4600,4635,363870,-0.3225806451612903,96162,-9676,-100015,13529,0,157575,324,126163,79808,363870,61413,10000,226178,66279,363870,444902400,-44505230,-463165245,62768075,0,729029595,1503350,583225995,369530620,1683289560,284127195,46008580,1046391240,306762545,1683289560
2022-08-03,4570,4605,4510,4580,1931862,-1.186623516720604,129626,-33138,-48208,-48280,0,525459,12372,1148576,245455,1931862,395833,45510,1196784,293735,1931862,595421365,-152425515,-222058455,-220937395,0,2406339120,56508020,5248719155,1123081680,8834647975,1810917755,208933535,5470777610,1344019075,8834647975
2022-08-04,4580,4665,4550,4655,709760,1.6375545851528384,103867,-43337,-78659,18129,0,235402,5502,288068,180788,709760,131535,48839,366727,162659,709760,474844490,-198487780,-363846410,87489700,0,1080193420,25170645,1320827850,833091465,3259283380,605348930,223658425,1684674260,745601765,3259283380
2022-08-05,4660,4695,4650,4690,568527,0.7518796992481203,54720,-32986,-36439,14705,0,190463,5014,288230,84820,568527,135743,38000,324669,70115,568527,256953015,-154399445,-171679370,69125800,0,891457330,23340555,1347004305,396920370,2658722560,634504315,177740000,1518683675,327794570,2658722560
2022-08-08,4690,4770,4680,4690,701079,0.0,-52763,7528,21230,24005,0,156701,13421,433148,97809,701079,209464,5893,411918,73804,701079,-245456970,35449135,95536255,114471580,0,741132940,63392220,2046788505,463043615,3314357280,986589910,27943085,1951252250,348572035,3314357280
2022-08-09,4685,4725,4665,4710,313573,0.42643923240938164,-40001,3359,47463,-10821,0,55662,3359,226577,27975,313573,95663,0,179114,38796,313573,-186994275,15694580,222171970,-50872275,0,261130095,15694580,1061956345,131238310,1470019330,448124370,0,839784375,182110585,1470019330
2022-08-10,4685,4705,4680,4680,212461,-0.6369426751592357,-5357,5501,-19919,19775,0,45505,5501,116917,44538,212461,50862,0,136836,24763,212461,-25256955,25849685,-93338555,92745825,0,213314495,25849685,548127335,208916975,996208490,238571450,0,641465890,116171150,996208490
2022-08-11,4690,4740,4680,4740,297884,1.282051282051282,40300,3387,-21506,-22181,0,72694,16774,118763,89653,297884,32394,13387,140269,111834,297884,189690060,15692605,-102228665,-103154000,0,341871720,78686655,557896675,422394330,1400849380,152181660,62994050,660125340,525548330,1400849380
2022-08-12,4725,4750,4710,4725,235153,-0.31645569620253167,-2039,3144,73476,-74581,0,43028,6144,162254,23727,235153,45067,3000,88778,98308,235153,-9866280,14868560,347207440,-352209720,0,203269500,29058560,766970925,112125800,1111424785,213135780,14190000,419763485,464335520,1111424785
2022-08-16,4730,4755,4705,4745,338845,0.4232804232804233,23024,6223,66934,-96181,0,80991,6224,230040,21590,338845,57967,1,163106,117771,338845,109154440,29365435,315345650,-453865525,0,382802750,29370160,1086457960,102204505,1600835375,273648310,4725,771112310,556070030,1600835375
2022-08-17,4750,4750,4720,4740,245874,-0.10537407797681769,-22969,4682,19341,-1054,0,49250,5300,161478,29846,245874,72219,618,142137,30900,245874,-108428525,22134090,91124420,-4829985,0,233129665,25066500,764282215,141429860,1163908240,341558190,2932410,673157795,146259845,1163908240
2022-08-18,4720,4735,4700,4725,226713,-0.31645569620253167,-51192,12530,14553,24109,0,63080,12530,107077,44026,226713,114272,0,92524,19917,226713,-240931615,59032000,68201805,113697810,0,297303690,59032000,504501030,207640245,1068476965,538235305,0,436299225,93942435,1068476965
2022-08-19,4725,4740,4710,4720,193727,-0.10582010582010583,-42210,4997,17835,19378,0,31659,5000,121963,35105,193727,73869,3,104128,15727,193727,-199059695,23585850,84114275,91359570,0,149350835,23600000,575364945,165629315,913945095,348410530,14150,491250670,74269745,913945095
2022-08-22,4700,4705,4675,4690,275005,-0.6355932203389831,26514,-20471,354,-6397,0,56044,4366,201946,12649,275005,29530,24837,201592,19046,275005,124225580,-95896510,1785040,-30114110,0,262613635,20455460,946553635,59266030,1288888760,138388055,116351970,944768595,89380140,1288888760
2022-08-23,4685,4685,4605,4610,499895,-1.7057569296375266,23597,-2212,140585,-161970,0,72795,13542,389540,24018,499895,49198,15754,248955,185988,499895,109373645,-10181655,649854525,-749046515,0,337408595,62798560,1803895360,111359285,2315461800,228034950,72980215,1154040835,860405800,2315461800
2022-08-24,4610,4630,4545,4630,377315,0.43383947939262474,921,906,76943,-78770,0,60290,3039,268862,45124,377315,59369,2133,191919,123894,377315,4277495,4223130,352164195,-360664820,0,276462410,13964205,1231892105,206776980,1729095700,272184915,9741075,879727910,567441800,1729095700
2022-08-25,4645,4710,4625,4700,334374,1.511879049676026,80943,2000,-86153,3210,0,127266,2000,147366,57742,334374,46323,0,233519,54532,334374,379304325,9290000,-403115715,14521390,0,594859085,9290000,685873875,268946425,1558969385,215554760,0,1088989590,254425035,1558969385
2022-08-26,4700,4720,4680,4695,177380,-0.10638297872340426,26427,4906,-4137,-27196,0,36829,5407,122473,12671,177380,10402,501,126610,39867,177380,124143650,23065935,-19417885,-127791700,0,172954645,25424935,575665560,59520000,833565140,48810995,2359000,595083445,187311700,833565140
2022-08-29,4635,4650,4560,4645,359861,-1.0649627263045793,-6489,8281,3110,-4902,0,104167,13081,173937,68676,359861,110656,4800,170827,73578,359861,-30543155,38380725,14588555,-22426125,0,482587375,60609615,805510405,318359625,1667067020,513130530,22228890,790921850,340785750,1667067020
2022-08-30,4665,4665,4630,4645,387821,0.0,-171614,-17794,147117,42291,0,41721,29209,238343,78548,387821,213335,47003,91226,36257,387821,-796626290,-82652765,682937330,196341725,0,193666025,135448650,1106595470,364700785,1800410930,990292315,218101415,423658140,168359060,1800410930
2022-08-31,4650,4705,4620,4705,352729,1.2917115177610334,-29706,32531,-69996,67171,0,40681,32531,137957,141560,352729,70387,0,207953,74389,352729,-136939280,150555880,-326040430,312423830,0,188673020,150555880,638406220,657582790,1635217910,325612300,0,964446650,345158960,1635217910
2022-09-01,4690,4690,4610,4620,569043,-1.8065887353878853,45112,76104,8351,-129567,0,243262,80604,224807,20370,569043,198150,4500,216456,149937,569043,209009905,352826095,38607305,-600443305,0,1128569670,373728595,1042894025,94471845,2639664135,919559765,20902500,1004286720,694915150,2639664135
2022-09-02,4630,4645,4560,4560,404942,-1.2987012987012987,-45670,15842,130280,-100452,0,52995,16215,282092,53640,404942,98665,373,151812,154092,404942,-209266090,72702350,598359560,-461795820,0,243375715,74418140,1294190600,245792040,1857776495,452641805,1715790,695831040,707587860,1857776495
2022-09-05,4580,4580,4500,4510,356898,-1.0964912280701753,-34018,40102,70981,-77065,0,56900,42602,240666,16730,356898,90918,2500,169685,93795,356898,-152933715,181818365,320348760,-349233410,0,258377535,193193365,1091178695,75821095,1618570690,411311250,11375000,770829935,425054505,1618570690
2022-09-06,4535,4545,4520,4530,175414,0.4434589800443459,22382,-6154,-3384,-12844,0,47796,2507,95657,29454,175414,25414,8661,99041,42298,175414,101583870,-27941345,-15320540,-58321985,0,216853865,11366795,433906665,133487715,795615040,115269995,39308140,449227205,191809700,795615040
2022-09-07,4545,4545,4480,4480,384187,-1.1037527593818985,12431,-4156,37651,-45926,0,127497,7027,236183,13480,384187,115066,11183,198532,59406,384187,57075455,-18957815,168166810,-206284450,0,574023500,31533820,1060755260,60559670,1726872250,516948045,50491635,892588450,266844120,1726872250
2022-09-08,4525,4770,4525,4745,3176642,5.915178571428571,-394570,-209776,-1055483,1659829,0,365663,33738,723542,2053699,3176642,760233,243514,1779025,393870,3176642,-1864917320,-981711855,-4947554590,7794183765,0,1716692810,158675625,3399257570,9633007655,14907633660,3581610130,1140387480,8346812160,1838823890,14907633660
2022-09-13,4735,4925,4730,4925,1814064,3.7934668071654376,-82696,-38862,-657221,778779,0,247821,4141,304658,1257444,1814064,330517,43003,961879,478665,1814064,-402214390,-188193670,-3191234515,3781642575,0,1204070935,19960850,1477857540,6104126205,8806015530,1606285325,208154520,4669092055,2322483630,8806015530
2022-09-14,4835,4950,4780,4945,1637752,0.40609137055837563,-166448,-197017,-621612,985077,0,182892,0,297008,1157852,1637752,349340,197017,918620,172775,1637752,-822551515,-969950375,-3063272690,4855774580,0,902462765,0,1459136840,5704936070,8066535675,1725014280,969950375,4522409530,849161490,8066535675
2022-09-15,4940,4940,4820,4860,1302695,-1.7189079878665317,-310360,-68400,-381735,760495,0,53892,5400,214212,1029191,1302695,364252,73800,595947,268696,1302695,-1515507960,-334755090,-1867786440,3718049490,0,262416485,26402500,1045571945,5029300720,6363691650,1777924445,361157590,2913358385,1311251230,6363691650
2022-09-16,4855,4890,4795,4820,5441538,-0.823045267489712,-856330,-345690,-757725,1959745,0,37236,1,153156,5251145,5441538,893566,345691,910881,3291400,5441538,-4155878905,-1681945345,-3677665950,9515490200,0,179758025,4855,740739870,25423284320,26343787070,4335636930,1681950200,4418405820,15907794120,26343787070
2022-09-19,4840,4840,4665,4685,584982,-2.8008298755186725,11254,-1822,48789,-58221,0,149294,3179,292780,139729,584982,138040,5001,243991,197950,584982,52307840,-8468315,228109745,-271949270,0,700906575,14886485,1379341605,658497260,2753631925,648598735,23354800,1151231860,930446530,2753631925
2022-09-20,4685,4700,4645,4690,328977,0.10672358591248667,46156,-7107,57345,-96394,0,125646,17901,117159,68271,328977,79490,25008,59814,164665,328977,215996210,-33395820,268038465,-450638855,0,588257755,83466680,548115105,319704525,1539544065,372261545,116862500,280076640,770343380,1539544065
2022-09-21,4690,4690,4620,4630,364258,-1.279317697228145,-21815,19657,80558,-78400,0,91778,19659,162014,90807,364258,113593,2,81456,169207,364258,-100800630,91135575,373963365,-364298310,0,426614480,91144875,752789380,422005860,1692554595,527415110,9300,378826015,786304170,1692554595
2022-09-22,4600,4600,4545,4555,402454,-1.6198704103671708,-116,-3958,202043,-197969,0,58352,21228,322179,695,402454,58468,25186,120136,198664,402454,-586080,-17726675,921593590,-903280835,0,266073510,96900570,1469870785,3166620,1836011485,266659590,114627245,548277195,906447455,1836011485
2022-09-23,4560,4565,4445,4465,731519,-1.9758507135016465,-53869,-71176,239558,-114513,0,112259,58255,541720,19285,731519,166128,129431,302162,133798,731519,-241099040,-318246475,1071356535,-512011020,0,501857500,261041090,2422305815,86469675,3271674080,742956540,579287565,1350949280,598480695,3271674080
2022-09-26,4405,4460,4380,4410,597844,-1.2318029115341544,-152603,125816,21883,4904,0,67527,126320,205105,198892,597844,220130,504,183222,193988,597844,-674869610,553817440,96194400,24857770,0,298705365,556057620,906521315,880302580,2641586880,973574975,2240180,810326915,855444810,2641586880
2022-09-27,4410,4450,4405,4405,398466,-0.11337868480725624,93151,-20343,-32598,-40210,0,177850,101,155375,65140,398466,84699,20444,187973,105350,398466,412170040,-90030840,-143907505,-178231695,0,787021645,447940,687400565,287850605,1762720755,374851605,90478780,831308070,466082300,1762720755
2022-09-28,4405,4440,4310,4355,863542,-1.1350737797956867,-261180,45271,238129,-22220,0,166394,56473,541777,98898,863542,427574,11202,303648,121118,863542,-1132685340,196947290,1035530050,-99792000,0,727030570,246067980,2354733055,428485705,3756317310,1859715910,49120690,1319203005,528277705,3756317310
2022-09-29,4380,4405,4330,4355,343625,0.0,-119085,-6770,155549,-29694,0,86873,1230,207104,48418,343625,205958,8000,51555,78112,343625,-517752955,-29522700,677488950,-130213295,0,378757155,5358935,902072920,210915890,1497104900,896510110,34881635,224583970,341129185,1497104900
2022-09-30,4350,4510,4320,4510,771333,3.5591274397244548,-329002,-19131,-142805,490938,0,64112,17470,95627,594124,771333,393114,36601,238432,103186,771333,-1470615475,-84864090,-634083145,2189562710,0,282173470,76809600,419831035,2648263775,3427077880,1752788945,161673690,1053914180,458701065,3427077880
2022-10-04,4520,4525,4450,4525,398936,0.3325942350332594,-175792,6199,5518,164075,0,72467,7588,108706,210175,398936,248259,1389,103188,46100,398936,-788366415,27640175,24059620,736666620,0,325119830,33918410,488291520,944005445,1791335205,1113486245,6278235,464231900,207338825,1791335205
2022-10-05,4530,4535,4485,4500,322206,-0.5524861878453038,-168485,34,19276,149175,0,36192,34,100501,185479,322206,204677,0,81225,36304,322206,-757438425,152980,86857575,670427870,0,162749000,152980,452208890,833962755,1449073625,920187425,0,365351315,163534885,1449073625
2022-10-06,4490,4495,4420,4485,500490,-0.33333333333333337,-172203,20100,971,151132,0,89502,20100,180157,210731,500490,261705,0,179186,59599,500490,-763845490,89633905,3199510,671012075,0,397679770,89633905,799997980,935893630,2223205285,1161525260,0,796798470,264881555,2223205285
2022-10-07,4480,4510,4435,4510,399557,0.5574136008918618,-242770,40292,15983,186495,0,52754,40292,86236,220275,399557,295524,0,70253,33780,399557,-1080043790,179047940,70459695,830536155,0,234742400,179047940,383727220,981236505,1778754065,1314786190,0,313267525,150700350,1778754065
2022-10-11,4485,4485,4350,4370,402347,-3.1042128603104215,-71413,56470,87573,-72630,0,66616,56470,256871,22390,402347,138029,0,169298,95020,402347,-311485640,247331850,382859375,-318705585,0,291915605,247331850,1125013645,97779895,1762040995,603401245,0,742154270,416485480,1762040995
2022-10-12,4370,4440,4330,4340,363409,-0.6864988558352403,-184462,116542,117134,-49214,0,45369,117251,197692,3097,363409,229831,709,80558,52311,363409,-801967410,506953780,508942200,-213928570,0,197056510,510030840,859121520,13495385,1579704255,999023920,3077060,350179320,227423955,1579704255
2022-10-13,4340,4370,4270,4300,911542,-0.9216589861751152,-199991,225932,-144702,118761,0,60231,366932,296684,187695,911542,260222,141000,441386,68934,911542,-861640810,978747650,-632358550,515251710,0,260441845,1588960430,1280049780,812471150,3941923205,1122082655,610212780,1912408330,297219440,3941923205
2022-10-14,4355,4355,4285,4310,406563,0.23255813953488372,-133635,2516,182424,-51305,0,105265,3430,280823,17045,406563,238900,914,98399,68350,406563,-574689795,10814600,785076395,-221201200,0,453301635,14749370,1208729825,73322785,1750103615,1027991430,3934770,423653430,294523985,1750103615
2022-10-17,4300,4310,4180,4210,931970,-2.320185614849188,-183476,19765,291509,-127798,0,221856,35011,603706,71397,931970,405332,15246,312197,199195,931970,-776904660,82739670,1234400875,-540235885,0,940991735,147760715,2558594330,305798555,3953145335,1717896395,65021045,1324193455,846034440,3953145335
2022-10-18,4280,4280,4115,4210,908542,0.0,-283732,-56790,340008,514,0,236065,38640,567664,66173,908542,519797,95430,227656,65659,908542,-1179860025,-234473495,1414506080,-172560,0,986030745,160589500,2364305925,275238410,3786164580,2165890770,395062995,949799845,275410970,3786164580
2022-10-19,4230,4230,4080,4120,930369,-2.137767220902613,-563196,24426,497791,40979,0,114906,34602,687878,92983,930369,678102,10176,190087,52004,930369,-2328616265,100952500,2062104605,165559160,0,474587795,143401760,2846959705,381659605,3846608865,2803204060,42449260,784855100,216100445,3846608865
2022-10-20,4120,4120,3985,3995,979447,-3.033980582524272,-237718,4838,299336,-66456,0,156216,21304,766270,35657,979447,393934,16466,466934,102113,979447,-954574415,19643920,1200903955,-265973460,0,625326925,85476090,3070350315,143082070,3924235400,1579901340,65832170,1869446360,409055530,3924235400
2022-10-21,3980,3980,3875,3890,842076,-2.6282853566958697,-181333,12318,267299,-98284,0,145775,19255,663016,14030,842076,327108,6937,395717,112314,842076,-705979595,48117960,1041955510,-384093875,0,569246765,75203120,2586901470,54883205,3286234560,1275226360,27085160,1544945960,438977080,3286234560
2022-10-24,3980,3980,3895,3925,550016,0.8997429305912596,-216799,6035,188906,21858,0,111315,10232,358170,70299,550016,328114,4197,169264,48441,550016,-850921405,23521870,741938310,85461225,0,436747825,39931595,1408476175,276415195,2161570790,1287669230,16409725,666537865,190953970,2161570790
2022-10-25,3960,3960,3890,3920,354274,-0.12738853503184713,-48957,-17381,74325,-7987,0,115997,0,215497,22780,354274,164954,17381,141172,30767,354274,-191128050,-68010605,290395260,-31256605,0,453685925,0,842241205,89092735,1385019865,644813975,68010605,551845945,120349340,1385019865
2022-10-26,3930,3935,3900,3935,419569,0.3826530612244898,-7321,-5080,19324,-6923,0,149729,4144,234395,31301,419569,157050,9224,215071,38224,419569,-28055340,-19960755,75266005,-27249910,0,587023380,16204325,918565530,122618400,1644411635,615078720,36165080,843299525,149868310,1644411635
2022-10-27,3960,4095,3925,4095,650741,4.066073697585769,-160855,417,103865,56573,0,178089,6519,375861,90272,650741,338944,6102,271996,33699,650741,-644384935,1467505,419007965,223909465,0,719090070,26178535,1507721450,360775585,2613765640,1363475005,24711030,1088713485,136866120,2613765640
2022-10-28,4075,4170,4060,4095,370795,0.0,-118106,512,149309,-31715,0,66403,3524,289003,11865,370795,184509,3012,139694,43580,370795,-487137820,2206600,616869410,-131938190,0,273798145,14540380,1193241705,48613355,1530193585,760935965,12333780,576372295,180551545,1530193585
2022-10-31,4105,4215,4095,4215,580546,2.93040293040293,-217011,-5650,-35507,258168,0,53799,1865,227721,297161,580546,270810,7515,263228,38993,580546,-901646235,-23497130,-152120605,1077263970,0,223469430,7767725,944692675,1239012620,2414942450,1125115665,31264855,1096813280,161748650,2414942450
2022-11-01,4170,4255,4165,4210,397537,-0.11862396204033215,-69740,-19474,127185,-37971,0,128707,10,248576,20244,397537,198447,19484,121391,58215,397537,-293557520,-81612525,534678725,-159508680,0,541986685,42050,1046416600,85183110,1673628445,835544205,81654575,511737875,244691790,1673628445
2022-11-02,4210,4215,4055,4100,616521,-2.6128266033254155,-301693,-6817,273934,34576,0,79086,17782,423517,96136,616521,380779,24599,149583,61560,616521,-1240335335,-27020230,1129673690,137681875,0,326305360,72928150,1745832950,393433555,2538500015,1566640695,99948380,616159260,255751680,2538500015
2022-11-03,4070,4075,3995,4055,434739,-1.097560975609756,-201445,5002,215881,-19438,0,33682,5002,324179,71876,434739,235127,0,108298,91314,434739,-812341425,20008075,871385175,-79051825,0,135861635,20008075,1307573015,289746710,1753189435,948203060,0,436187840,368798535,1753189435
2022-11-04,4040,4040,3990,4000,355810,-1.3563501849568433,-52813,3279,92411,-42877,0,53384,4718,275998,21710,355810,106197,1439,183587,64587,355810,-211387000,13181525,370193220,-171987745,0,213851355,18944665,1104589700,86954575,1424340295,425238355,5763140,734396480,258942320,1424340295
2022-11-07,4030,4035,3985,4010,319140,0.25,-95447,-76550,154160,17837,0,34247,10515,214979,59399,319140,129694,87065,60819,41562,319140,-381430570,-306047060,616182860,71294770,0,136931310,42057420,859223515,237473130,1275685375,518361880,348104480,243040655,166178360,1275685375
2022-11-08,4010,4015,3995,4000,389139,-0.24937655860349126,-218363,4125,254536,-40298,0,47487,4125,329342,8185,389139,265850,0,74806,48483,389139,-873480565,16484375,1018309060,-161312870,0,190122415,16484375,1317767320,32743790,1557117900,1063602980,0,299458260,194056660,1557117900
2022-11-09,4005,4095,3995,4090,227186,2.25,-100562,13000,52037,35525,0,32345,13000,123583,58258,227186,132907,0,71546,22733,227186,-406884045,52906945,209524515,144452585,0,131103935,52906945,500121345,236503145,920635370,537987980,0,290596830,92050560,920635370
2022-11-10,4065,4140,4050,4140,217223,1.2224938875305624,-57861,3957,41371,12533,0,22267,3957,146467,44532,217223,80128,0,105096,31999,217223,-236065695,16170780,168307795,51587120,0,91273260,16170780,597992270,182135375,887571685,327338955,0,429684475,130548255,887571685
2022-11-11,4210,4325,4210,4305,683230,3.985507246376811,42632,10165,-80596,27799,0,178088,27131,416632,61379,683230,135456,16966,497228,33580,683230,181418350,43557210,-344227885,119252325,0,761318525,116113370,1779556035,262370375,2919358305,579900175,72556160,2123783920,143118050,2919358305
2022-11-14,4330,4350,4255,4340,328901,0.8130081300813009,31537,-158,-530,-30849,0,102512,1082,185071,40236,328901,70975,1240,185601,71085,328901,136575170,-695170,-2152075,-133727925,0,443033605,4668830,799829410,173517105,1421048950,306458435,5364000,801981485,307245030,1421048950
2022-11-15,4335,4335,4260,4265,235579,-1.7281105990783412,-70759,699,135410,-65350,0,44582,700,175086,15211,235579,115341,1,39676,80561,235579,-302527060,2995195,579670980,-280139115,0,190577480,2999500,749792150,65067855,1008436985,493104540,4305,170121170,345206970,1008436985
2022-11-16,4300,4300,4205,4255,276773,-0.23446658851113714,-70274,21118,47760,1396,0,20526,43418,152753,60076,276773,90800,22300,104993,58680,276773,-297472735,90483060,201525850,5463825,0,86960555,184599635,646521245,255121780,1173203215,384433290,94116575,444995395,249657955,1173203215
2022-11-17,4275,4275,4200,4215,195580,-0.9400705052878966,-59075,235,86742,-27902,0,27976,235,134035,33334,195580,87051,0,47293,61236,195580,-249036280,997575,365956755,-117918050,0,117972605,997575,565298420,140458095,824726695,367008885,0,199341665,258376145,824726695
2022-11-18,4215,4220,4175,4195,253707,-0.4744958481613286,-6282,5238,51752,-50708,0,59129,5238,165480,23860,253707,65411,0,113728,74568,253707,-26242880,21993650,217424935,-213175705,0,248406250,21993650,694633695,99996740,1065030335,274649130,0,477208760,313172445,1065030335
2022-11-21,4225,4225,4160,4190,270332,-0.11918951132300357,-93703,3999,124359,-34655,0,88923,4000,170081,7328,270332,182626,1,45722,41983,270332,-391114425,16695835,519445115,-145026525,0,372208360,16700000,710555705,30572735,1130036800,763322785,4165,191110590,175599260,1130036800
2022-11-22,4200,4240,4130,4175,217459,-0.35799522673031026,-84832,15058,106998,-37224,0,37431,15058,160660,4310,217459,122263,0,53662,41534,217459,-352308855,62500300,444528965,-154720410,0,155438420,62500300,667319540,17927575,903185835,507747275,0,222790575,172647985,903185835
2022-11-23,4180,4230,4180,4225,179210,1.1976047904191618,-79814,2950,81684,-4820,0,25167,2950,130002,21091,179210,104981,0,48318,25911,179210,-335773150,12402000,343626060,-20254910,0,105958425,12402000,547198495,88835060,754393980,441731575,0,203572435,109089970,754393980
2022-11-24,4225,4295,4215,4230,196026,0.1183431952662722,-70636,6084,71242,-6690,0,51424,6084,123236,15282,196026,122060,0,51994,21972,196026,-299036710,25771300,301699520,-28434110,0,217686370,25771300,522295370,64647615,830400655,516723080,0,220595850,93081725,830400655
2022-11-25,4250,4300,4235,4300,177727,1.6548463356973995,-59992,8228,26164,25600,0,25367,9229,95140,47991,177727,85359,1001,68976,22391,177727,-256130315,35248620,111365385,109516310,0,108416245,39492875,406367975,205098900,759375995,364546560,4244255,295002590,95582590,759375995
2022-11-28,4325,4325,4265,4300,284096,0.0,-20585,35231,-25228,10582,0,54608,65231,112901,51356,284096,75193,30000,138129,40774,284096,-87933760,151331300,-108661515,45263975,0,233700790,279581300,482989605,219757040,1216028735,321634550,128250000,591651120,174493065,1216028735
2022-11-29,4280,4310,4265,4300,104411,0.0,-17241,666,36481,-19906,0,23782,666,71930,8033,104411,41023,0,35449,27939,104411,-73847225,2856995,156424315,-85434085,0,102173840,2856995,308666655,34511365,448208855,176021065,0,152242340,119945450,448208855
2022-11-30,4295,4320,4280,4320,216042,0.46511627906976744,-37310,-3470,-357,41137,0,26131,1470,100141,88300,216042,63441,4940,100498,47163,216042,-160670280,-14943350,-1622395,177236025,0,112480855,6348050,431385740,380579335,930793980,273151135,21291400,433008135,203343310,930793980
2022-12-01,4330,4445,4330,4420,419993,2.314814814814815,89304,-32618,-139358,82672,0,144683,1142,160287,113881,419993,55379,33760,299645,31209,419993,392435935,-142810870,-612621660,362996595,0,635652920,4990115,702631610,499849050,1843123695,243216985,147800985,1315253270,136852455,1843123695
2022-12-02,4420,4420,4365,4405,189823,-0.3393665158371041,40507,2952,-29710,-13749,0,60018,2953,92197,34655,189823,19511,1,121907,48404,189823,178176420,12956965,-130924190,-60209195,0,263712305,12961360,404832505,152480500,833986670,85535885,4395,535756695,212689695,833986670
2022-12-05,4405,4445,4400,4425,188121,0.4540295119182747,18617,5538,19915,-44070,0,50164,5538,130511,1908,188121,31547,0,110596,45978,188121,82374710,24485240,87972425,-194832375,0,221882795,24485240,576636350,8429885,831434270,139508085,0,488663925,203262260,831434270
2022-12-06,4410,4450,4385,4420,267918,-0.11299435028248588,77263,-1961,-68692,-6610,0,121426,2500,113314,30678,267918,44163,4461,182006,37288,267918,341753415,-8788865,-303583065,-29381485,0,537399550,11062500,501566715,135529635,1185558400,195646135,19851365,805149780,164911120,1185558400
2022-12-07,4415,4435,4390,4400,157487,-0.4524886877828055,-22309,-16488,32525,6272,0,30753,1242,112052,13440,157487,53062,17730,79527,7168,157487,-98169545,-72610180,143202150,27577575,0,135359525,5463515,493198125,59150740,693171905,233529070,78073695,349995975,31573165,693171905
2022-12-08,4400,4420,4360,4370,160068,-0.6818181818181818,24459,2190,4812,-31461,0,51036,2191,97673,9168,160068,26577,1,92861,40629,160068,107062240,9561400,21052945,-137676585,0,223338635,9565770,427278265,40116820,700299490,116276395,4370,406225320,177793405,700299490
2022-12-09,4410,4410,4385,4395,207997,0.5720823798627002,6797,16,11995,-18808,0,117084,17,69996,20900,207997,110287,1,58001,39708,207997,29849980,70320,52617225,-82537525,0,514501765,74715,307548300,91849320,913974100,484651785,4395,254931075,174386845,913974100
2022-12-12,4410,4425,4375,4400,177791,0.11376564277588168,-34685,0,7631,27054,0,69198,1,80993,27599,177791,103883,1,73362,545,177791,-152150820,5,33084265,119066550,0,304731655,4410,356262185,121470180,782468430,456882475,4405,323177920,2403630,782468430
2022-12-13,4400,4420,4360,4370,226921,-0.6818181818181818,38976,-3998,-14980,-19998,0,93203,4,125216,8498,226921,54227,4002,140196,28496,226921,172569935,-17561470,-67274200,-87734265,0,409625555,17555,547996965,37141650,994781725,237055620,17579025,615271165,124875915,994781725
2022-12-14,4395,4400,4360,4390,374328,0.4576659038901602,-170465,7140,132621,30704,0,152367,7145,174360,40456,374328,322832,5,41739,9752,374328,-744495275,31171100,579165230,134158945,0,665560495,31192945,761723685,176829730,1635306855,1410055770,21845,182558455,42670785,1635306855
2022-12-15,4365,4400,4355,4390,291689,0.0,99746,24003,-99059,-24690,0,163667,29305,73726,24991,291689,63921,5302,172785,49681,291689,437502370,104990670,-434625960,-107867080,0,717155825,128294470,322291745,109438360,1277180400,279653455,23303800,756917705,217305440,1277180400
2022-12-16,4390,4400,4370,4400,520805,0.22779043280182232,-220412,3738,49164,167510,0,152056,9041,136768,222940,520805,372468,5303,87604,55430,520805,-967082085,16314015,215380010,735388060,0,667039940,39594170,599853060,978632715,2285119885,1634122025,23280155,384473050,243244655,2285119885
2022-12-19,4400,4410,4380,4400,265275,0.0,56558,-25908,-28551,-2099,0,111859,4551,113475,35390,265275,55301,30459,142026,37489,265275,248728490,-114044300,-125421860,-9262330,0,491624170,19971900,498907030,155502650,1166005750,242895680,134016200,624328890,164764980,1166005750
2022-12-20,4390,4395,4315,4315,462062,-1.9318181818181817,103098,10492,-76455,-37135,0,171171,10501,262345,18045,462062,68073,9,338800,55180,462062,448775915,45845030,-332715475,-161905470,0,745573085,45884375,1144281535,78098085,2013837080,296797170,39345,1476997010,240003555,2013837080
2022-12-21,4320,4340,4295,4320,423144,0.11587485515643105,12891,-27469,-467,15045,0,168066,21601,190907,42570,423144,155175,49070,191374,27525,423144,56034380,-118965415,-1863375,64794410,0,724606155,92974315,822057185,183435540,1823073195,668571775,211939730,823920560,118641130,1823073195
2022-12-22,4310,4410,4310,4400,529644,1.8518518518518516,69056,-51272,-153005,135221,0,286501,1,102000,141142,529644,217445,51273,255005,5921,529644,303045025,-224405450,-671954715,593315140,0,1254881690,4390,445926105,619120905,2319933090,951836665,224409840,1117880820,25805765,2319933090
2022-12-23,4360,4410,4360,4400,310660,0.0,90587,-26502,-100520,36435,0,147975,2,113167,49516,310660,57388,26504,213687,13081,310660,397668365,-116521340,-441227325,160080300,0,649840275,8750,496790230,217502755,1364142010,252171910,116530090,938017555,57422455,1364142010
2022-12-26,4415,4415,4375,4400,651790,0.0,43028,26652,-52173,-17507,0,322315,27962,283674,17839,651790,279287,1310,335847,35346,651790,189587740,117130065,-229733485,-76984320,0,1415161500,122887515,1245602945,78266575,2861918535,1225573760,5757450,1475336430,155250895,2861918535
2022-12-27,4390,4400,4370,4380,802239,-0.45454545454545453,99266,40104,-136752,-2618,0,282374,40105,462849,16911,802239,183108,1,599601,19529,802239,435525795,175692000,-599641875,-11575920,0,1238056770,175696385,2028812955,74102540,3516668650,802530975,4385,2628454830,85678460,3516668650
2022-12-28,4200,4265,4200,4230,592705,-3.4246575342465753,-70911,14644,178460,-122193,0,89478,14646,428755,59826,592705,160389,2,250295,182019,592705,-299679165,61846825,754834555,-517002215,0,378494790,61855315,1813108510,252917455,2506376070,678173955,8490,1058273955,769919670,2506376070
2022-12-29,4250,4250,4200,4210,200676,-0.4728132387706856,-17124,5848,97826,-86550,0,32300,5850,159534,2992,200676,49424,2,61708,89542,200676,-71760485,24597035,411313040,-364149590,0,135946620,24605450,670880820,12593270,844026160,207707105,8415,259567780,376742860,844026160
2023-01-02,4220,4270,4210,4260,179637,1.187648456057007,7985,33053,-44307,3269,0,30564,33054,96152,19867,179637,22579,1,140459,16598,179637,33853985,139832525,-187665850,13979340,0,129430930,139836745,407149500,84365790,760782965,95576945,4220,594815350,70386450,760782965
2023-01-03,4260,4280,4225,4255,253967,-0.11737089201877934,5222,60294,-15076,-50440,0,42262,80295,119168,12242,253967,37040,20001,134244,62682,253967,22068170,257195940,-64761435,-214502675,0,179858065,342525175,506923600,52094140,1081400980,157789895,85329235,571685035,266596815,1081400980
2023-01-04,4255,4275,4235,4275,156933,0.4700352526439483,-5736,3,32628,-26895,0,26807,3,118368,11755,156933,32543,0,85740,38650,156933,-24564315,12790,138892545,-114341020,0,114087655,12790,504081190,50120410,668302045,138651970,0,365188645,164461430,668302045
2023-01-05,4275,4310,4275,4310,190389,0.8187134502923977,-15872,100,51424,-35652,0,42697,102,144822,2768,190389,58569,2,93398,38420,190389,-68395410,430000,221195150,-153229740,0,183517445,438605,622405230,11903425,818264705,251912855,8605,401210080,165133165,818264705
2023-01-06,4330,4390,4310,4385,306621,1.740139211136891,27707,-31070,-14528,17891,0,92117,1001,138413,75090,306621,64410,32071,152941,57199,306621,121217520,-134791920,-64746145,78320545,0,402548100,4384380,603377025,328184025,1338493530,281330580,139176300,668123170,249863480,1338493530
2023-01-09,4400,4420,4360,4385,332762,0.0,-74605,38892,51102,-15389,0,68444,38895,174208,51215,332762,143049,3,123106,66604,332762,-328206260,170499030,224720230,-67013000,0,299783180,170512165,764049095,224812340,1459156780,627989440,13135,539328865,291825340,1459156780
2023-01-10,4385,4395,4365,4395,318016,0.22805017103762829,-16611,-8566,-6405,31582,0,59502,36936,147573,74005,318016,76113,45502,153978,42423,318016,-72826635,-37869075,-27826685,138522395,0,260461975,161654675,646380530,324292685,1392789865,333288610,199523750,674207215,185770290,1392789865
2023-01-11,4400,4410,4370,4410,242301,0.3412969283276451,-23879,3002,13541,7336,0,89728,3002,113019,36552,242301,113607,0,99478,29216,242301,-104903875,13173820,59262675,32467380,0,394828920,13173820,496996845,160883710,1065883295,499732795,0,437734170,128416330,1065883295
2023-01-12,4415,4430,4400,4410,264303,0.0,-1224,-1000,-76830,79054,0,68838,1,111337,84127,264303,70062,1001,188167,5073,264303,-5433555,-4425005,-338991960,348850520,0,303727655,4415,491027220,371231085,1165990375,309161210,4429420,830019180,22380565,1165990375
2023-01-13,4420,4435,4400,4430,359735,0.45351473922902497,-6687,-1581,-95342,103610,0,95422,201,153384,110728,359735,102109,1782,248726,7118,359735,-29537805,-6970205,-421480550,457988560,0,421560135,888415,677427140,489462600,1589338290,451097940,7858620,1098907690,31474040,1589338290
2023-01-16,4450,4550,4445,4550,462934,2.708803611738149,-32246,-10877,-47614,90737,0,112102,1225,242509,107098,462934,144348,12102,290123,16361,462934,-145776925,-49219505,-214644835,409641265,0,506341965,5531500,1094931240,483143750,2089948455,652118890,54751005,1309576075,73502485,2089948455
2023-01-17,4550,4595,4500,4580,291409,0.6593406593406593,32475,197,-42732,10060,0,117537,200,130342,43330,291409,85062,3,173074,33270,291409,150242140,899280,-196648185,45506765,0,537914365,913000,594625110,197719615,1331172090,387672225,13720,791273295,152212850,1331172090
2023-01-18,4580,4615,4560,4610,301911,0.6550218340611353,42557,-4801,-49079,11323,0,115060,199,156695,29957,301911,72503,5000,205774,18634,301911,195632555,-22083605,-225887285,52338335,0,529374305,916395,720660110,137871125,1388821935,333741750,23000000,946547395,85532790,1388821935
2023-01-19,4625,4625,4590,4615,286261,0.10845986984815618,51488,-53554,-10253,12319,0,89925,1611,163923,30802,286261,38437,55165,174176,18483,286261,237740545,-247051245,-47373430,56684130,0,414683385,7429210,755729960,141900655,1319743210,176942840,254480455,803103390,85216525,1319743210
2023-01-20,4615,4660,4600,4660,286936,0.9750812567713976,39141,20871,-80651,20639,0,80307,40002,136301,30326,286936,41166,19131,216952,9687,286936,181445285,96708260,-373828855,95675310,0,372519075,185509290,632404650,140570645,1331003660,191073790,88801030,1006233505,44895335,1331003660
2023-01-25,4685,4750,4665,4675,564216,0.3218884120171674,5267,91780,-78808,-18239,0,70318,106960,357354,29584,564216,65051,15180,436162,47823,564216,24791890,432900900,-372014715,-85678075,0,330993180,504356500,1685972385,139556250,2660878315,306201290,71455600,2057987100,225234325,2660878315
2023-01-26,4695,4715,4605,4610,450646,-1.3903743315508021,-86605,16200,73980,-3575,0,60521,18819,346370,24936,450646,147126,2619,272390,28511,450646,-402562795,75306320,344449085,-17192610,0,281375560,87563985,1612667545,115614295,2097221385,683938355,12257665,1268218460,132806905,2097221385
2023-01-27,4625,4625,4520,4535,495053,-1.6268980477223427,-200198,33857,150770,15571,0,93720,33859,324062,43412,495053,293918,2,173292,27841,495053,-908980390,153580360,685509240,69890790,0,426851365,153589580,1474250045,197012980,2251703970,1335831755,9220,788740805,127122190,2251703970
2023-01-30,4520,4575,4500,4520,309937,-0.33076074972436603,-94314,6502,94599,-6787,0,68810,21502,171797,47828,309937,163124,15000,77198,54615,309937,-425772805,29915715,427064985,-31207895,0,311282590,97595715,777089955,216448335,1402416595,737055395,67680000,350024970,247656230,1402416595
2023-01-31,4550,4555,4450,4485,392058,-0.7743362831858407,14573,2202,116444,-133219,0,120531,3002,234817,33708,392058,105958,800,118373,166927,392058,64932695,10060935,523255065,-598248695,0,542892135,13648935,1055874850,151100155,1763516075,477959440,3588000,532619785,749348850,1763516075
2023-02-01,4490,4510,4460,4510,252332,0.5574136008918618,-63101,-6177,79326,-10048,0,36657,0,198951,16724,252332,99758,6177,119625,26772,252332,-283591650,-27643070,356160525,-44925805,0,164666985,0,893806170,75254530,1133727685,448258635,27643070,537645645,120180335,1133727685
2023-02-02,4550,4620,4520,4605,280964,2.106430155210643,26539,-2426,-49080,24967,0,94313,225,117798,68628,280964,67774,2651,166878,43661,280964,121626420,-11092520,-224588785,114054885,0,432983785,1026275,539826165,314749750,1288585975,311357365,12118795,764414950,200694865,1288585975
2023-02-03,4630,4635,4545,4630,385670,0.5428881650380022,45587,-73438,-60128,87979,0,74379,3180,164894,143217,385670,28792,76618,225022,55238,385670,209184830,-335465555,-275974175,402254900,0,341530425,14659800,756843035,656209500,1769242760,132345595,350125355,1032817210,253954600,1769242760
2023-02-06,4630,4635,4570,4615,233394,-0.32397408207343414,18764,136,4536,-23436,0,77637,136,138847,16774,233394,58873,0,134311,40210,233394,86252970,623905,20972110,-107848985,0,356862190,623905,637858875,77036840,1072381810,270609220,0,616886765,184885825,1072381810
2023-02-07,4615,4630,4580,4585,175623,-0.6500541711809318,-21430,30124,40579,-49273,0,52604,33125,87293,2601,175623,74034,3001,46714,51874,175623,-98416465,138531655,186412080,-226527270,0,241754645,152336250,401163600,11949420,807203915,340171110,13804595,214751520,238476690,807203915
2023-02-08,4625,4625,4575,4615,133421,0.6543075245365322,1001,-1099,-12824,12922,0,30352,0,79855,23214,133421,29351,1099,92679,10292,133421,4474215,-5066885,-58823885,59416555,0,139604435,0,367192860,106746525,613543820,135130220,5066885,426016745,47329970,613543820
2023-02-09,4610,4615,4585,4610,126792,-0.10834236186348861,-6440,-2620,17043,-7983,0,11554,380,97318,17540,126792,17994,3000,80275,25523,126792,-29626490,-12080915,78309525,-36602120,0,53132445,1749085,447359125,80703655,582944310,82758935,13830000,369049600,117305775,582944310
2023-02-10,4610,4620,4590,4600,137845,-0.21691973969631237,916,-9988,15652,-6580,0,29960,31,103788,4066,137845,29044,10019,88136,10646,137845,4223455,-45971710,71986080,-30237825,0,137711930,142450,477207195,18700510,633762085,133488475,46114160,405221115,48938335,633762085
2023-02-13,4555,4600,4525,4525,334874,-1.6304347826086956,-16747,-12122,76836,-47967,0,43611,5986,274113,11164,334874,60358,18108,197277,59131,334874,-76015735,-55200900,349236615,-218019980,0,198417525,27161320,1246716500,50826990,1523122335,274433260,82362220,897479885,268846970,1523122335
2023-02-14,4565,4565,4495,4515,233720,-0.22099447513812157,-5868,-25774,69812,-38170,0,64898,3,159808,9011,233720,70766,25777,89996,47181,233720,-26368555,-116376165,315086710,-172341990,0,292740405,13515,720680740,40639755,1054074415,319108960,116389680,405594030,212981745,1054074415
2023-02-15,4525,4525,4480,4490,168260,-0.5537098560354374,-4693,2905,22537,-20749,0,51294,4007,111981,978,168260,55987,1102,89444,21727,168260,-20901210,13060935,101103420,-93263145,0,230852635,18036465,503052735,4389345,756331180,251753845,4975530,401949315,97652490,756331180
2023-02-16,4520,4520,4460,4485,233884,-0.11135857461024498,-4217,730,29590,-26103,0,78731,732,138032,16389,233884,82948,2,108442,42492,233884,-18803805,3292255,132568870,-117057320,0,353388165,3301220,619054055,73530960,1049274400,372191970,8965,486485185,190588280,1049274400
2023-02-17,4485,4515,4475,4515,130139,0.6688963210702341,-13393,-1,-410,13804,0,25285,1,84163,20690,130139,38678,2,84573,6886,130139,-60205140,-4500,-1846370,62056010,0,113853135,4510,378815660,93079100,585752405,174058275,9010,380662030,31023090,585752405
2023-02-20,4515,4530,4490,4510,215377,-0.11074197120708748,2675,-3676,-17528,18529,0,33404,44278,105686,32009,215377,30729,47954,123214,13480,215377,12073280,-16591335,-79232005,83750060,0,150733745,199659640,476494325,144504005,971391715,138660465,216250975,555726330,60753945,971391715
2023-02-21,4495,4540,4485,4520,132230,0.22172949002217296,-12118,-134,23001,-10749,0,34603,313,88960,8354,132230,46721,447,65959,19103,132230,-54224435,-604340,103366500,-48537725,0,156062700,1411630,400562160,37621640,595658130,210287135,2015970,297195660,86159365,595658130
2023-02-22,4505,4515,4490,4515,109081,-0.11061946902654868,10920,-9974,5679,-6625,0,42247,26,63781,3027,109081,31327,10000,58102,9652,109081,49192590,-44873100,25430205,-29749695,0,190145370,116900,286977870,13644115,490884255,140952780,44990000,261547665,43393810,490884255
2023-02-23,4525,4525,4490,4490,177438,-0.5537098560354374,6870,13,36875,-43758,0,65345,15,108875,3203,177438,58475,2,72000,46961,177438,30904795,58355,165903260,-196866410,0,294037120,67350,489677090,14419935,798201495,263132325,8995,323773830,211286345,798201495
2023-02-24,4525,4545,4500,4540,132875,1.1135857461024499,9352,0,-18784,9432,0,58846,0,55943,18086,132875,49494,0,74727,8654,132875,42388645,0,-85138565,42749920,0,266056265,0,252771775,81862445,600690485,223667620,0,337910340,39112525,600690485
2023-02-27,4540,4565,4500,4510,241194,-0.6607929515418502,-31149,5052,-5700,31797,0,35426,5052,159791,40925,241194,66575,0,165491,9128,241194,-140810760,22759460,-25793080,143844380,0,160013130,22759460,722128950,185166435,1090067975,300823890,0,747922030,41322055,1090067975
2023-02-28,4540,4540,4500,4530,288537,0.4434589800443459,-150711,22592,104638,23481,0,51098,24593,169655,43191,288537,201809,2001,65017,19710,288537,-679128080,101766995,471434985,105926100,0,230431665,110791500,764773225,194979225,1300975615,909559745,9024505,293338240,89053125,1300975615
2023-03-02,4520,4530,4480,4505,354010,-0.5518763796909493,-133743,-48783,188208,-5682,0,73408,2915,258582,19105,354010,207151,51698,70374,24787,354010,-600513535,-219170120,845354855,-25671200,0,329948315,13067105,1162021180,85854400,1590891000,930461850,232237225,316666325,111525600,1590891000
2023-03-03,4505,4520,4480,4520,162265,0.3329633740288568,-54575,443,58786,-4654,0,45664,443,113181,2977,162265,100239,0,54395,7631,162265,-245389195,1995400,264314475,-20920680,0,205604030,1995400,509249125,13423540,730272095,450993225,0,244934650,34344220,730272095
2023-03-06,4520,4530,4500,4525,245588,0.11061946902654868,-1421,5060,-26605,22966,0,88823,5060,119441,32264,245588,90244,0,146046,9298,245588,-6149650,22795600,-120190575,103544625,0,400678695,22795600,538657355,145545065,1107676715,406828345,0,658847930,42000440,1107676715
2023-03-07,4530,4545,4505,4525,285788,0.0,-72511,-6444,41898,37057,0,73242,3000,161626,47920,285788,145753,9444,119728,10863,285788,-327230495,-29103545,188877190,167456850,0,330995745,13530000,730155685,216597910,1291279340,658226240,42633545,541278495,49141060,1291279340
2023-03-08,4505,4510,4490,4500,199744,-0.5524861878453038,-443,1810,7168,-8535,0,39756,1810,155167,3011,199744,40199,0,147999,11546,199744,-2038890,8151895,32253985,-38366990,0,178885660,8151895,698083495,13546685,898667735,180924550,0,665829510,51913675,898667735
2023-03-09,4510,4510,4485,4495,182381,-0.1111111111111111,24718,-89450,62807,1925,0,36274,0,143226,2881,182381,11556,89450,80419,956,182381,111037060,-401935365,282249625,8648680,0,162956510,0,643639670,12942990,819539170,51919450,401935365,361390045,4294310,819539170
2023-03-10,4480,4490,4470,4475,357163,-0.44493882091212456,43465,-39367,35334,-39432,0,148081,7850,198554,2678,357163,104616,47217,163220,42110,357163,195065995,-176541700,157952075,-176476370,0,663693065,35151545,889119850,12004480,1599968940,468627070,211693245,731167775,188480850,1599968940
2023-03-13,4465,4490,4400,4490,344164,0.33519553072625696,15820,-13076,-8154,5410,0,57739,5003,216545,64877,344164,41919,18079,224699,59467,344164,70497745,-58151875,-36859095,24513225,0,256712135,22263380,961372750,288486380,1528834645,186214390,80415255,998231845,263973155,1528834645
2023-03-14,4490,4495,4410,4435,337530,-1.2249443207126949,16816,-6056,13526,-24286,0,92365,3420,210258,31487,337530,75549,9476,196732,55773,337530,75011545,-27101990,59202585,-107112140,0,410660515,15170800,933501395,140113615,1499446325,335648970,42272790,874298810,247225755,1499446325
2023-03-15,4450,4490,4425,4460,232824,0.5636978579481398,9639,68261,-36922,-40978,0,50937,80211,91337,10339,232824,41298,11950,128259,51317,232824,43298675,303626145,-164537280,-182387540,0,226954680,356601465,406038775,46018645,1035613565,183656005,52975320,570576055,228406185,1035613565
2023-03-16,4435,4475,4435,4450,142812,-0.2242152466367713,26384,36018,-66407,4005,0,44089,37018,49872,11833,142812,17705,1000,116279,7828,142812,117645720,160352630,-295777830,17779480,0,196446040,164812630,222030765,52666855,635956290,78800320,4460000,517808595,34887375,635956290
2023-03-17,4450,4475,4430,4455,333469,0.11235955056179776,55614,32595,-63568,-24641,0,63068,37596,91936,140869,333469,7454,5001,155504,165510,333469,247565145,144980440,-283000450,-109545135,0,280714705,167269895,408987515,627543280,1484515395,33149560,22289455,691987965,737088415,1484515395
2023-03-20,4450,4465,4405,4445,201613,-0.22446689113355783,-38925,20000,27736,-8811,0,27739,20000,145311,8563,201613,66664,0,117575,17374,201613,-173245780,88740000,123611045,-39105265,0,123115410,88740000,645937795,38092145,895885350,296361190,0,522326750,77197410,895885350
2023-03-21,4445,4450,4405,4425,292372,-0.44994375703037126,25521,7398,2660,-35579,0,67514,7398,184180,33280,292372,41993,0,181520,68859,292372,113003260,32650420,12027270,-157680950,0,298536530,32650420,814765000,146999910,1292951860,185533270,0,802737730,304680860,1292951860
2023-03-22,4440,4440,4395,4400,301205,-0.5649717514124294,-11180,10123,85105,-84048,0,102827,10123,187865,390,301205,114007,0,102760,84438,301205,-48765075,44542040,374847230,-370624195,0,453189495,44542040,827602210,1716905,1327050650,501954570,0,452754980,372341100,1327050650
2023-03-23,4385,4400,4350,4370,272801,-0.6818181818181818,6798,14760,-9932,-11626,0,51137,14760,171601,35303,272801,44339,0,181533,46929,272801,29847970,64527500,-43664655,-50710815,0,223568465,64527500,749983205,154558710,1192637880,193720495,0,793647860,205269525,1192637880
2023-03-24,4355,4385,4350,4370,182284,0.0,-11958,0,13891,-1933,0,21161,0,148156,12967,182284,33119,0,134265,14900,182284,-52256930,0,60709940,-8453010,0,92456075,0,646937635,56679855,796073565,144713005,0,586227695,65132865,796073565
2023-03-27,4370,4370,4265,4275,586416,-2.1739130434782608,-12863,64534,-57802,6131,0,112129,86572,349139,38576,586416,124992,22038,406941,32445,586416,-54235790,277814975,-248897365,25318180,0,481164695,372053460,1496626090,165196320,2515040565,535400485,94238485,1745523455,139878140,2515040565
2023-03-28,4265,4295,4265,4275,238912,0.0,14893,-708,-32608,18423,0,33905,12313,146588,46106,238912,19012,13021,179196,27683,238912,63678240,-3041200,-139640140,79003100,0,145097750,52649470,627508575,197297680,1022553475,81419510,55690670,767148715,118294580,1022553475
2023-03-29,4275,4310,4255,4290,176914,0.3508771929824561,25463,13089,-33230,-5322,0,81458,13090,80927,1439,176914,55995,1,114157,6761,176914,109371680,55814970,-142369820,-22816830,0,348392205,55819250,345703365,6147495,756062315,239020525,4280,488073185,28964325,756062315
2023-03-30,4315,4315,4280,4300,202180,0.2331002331002331,31190,5001,-14500,-21691,0,67974,5001,120796,8409,202180,36784,0,135296,30100,202180,133681080,21429295,-62035405,-93074970,0,291623375,21429295,518524580,36108110,867685360,157942295,0,580559985,129183080,867685360
2023-03-31,4305,4420,4300,4415,305772,2.6744186046511627,84607,-16889,-101216,33498,0,134480,1690,93607,75995,305772,49873,18579,194823,42497,305772,368952750,-73751430,-441833645,146632325,0,587185520,7349635,407532415,333322390,1335389960,218232770,81101065,849366060,186690065,1335389960
2023-04-03,4405,4460,4390,4460,240554,1.0192525481313703,50745,5715,-83934,27474,0,110152,8465,75703,46234,240554,59407,2750,159637,18760,240554,225790345,25263430,-373187490,122133715,0,489361565,37471850,335462485,205330345,1067626245,263571220,12208420,708649975,83196630,1067626245
2023-04-04,4460,4480,4430,4475,206287,0.336322869955157,-8432,13752,-57215,51895,0,45320,13756,74744,72467,206287,53752,4,131959,20572,206287,-37599085,61216510,-255294155,231676730,0,202252205,61234335,333654130,323377755,920518425,239851290,17825,588948285,91701025,920518425
2023-04-05,4470,4475,4420,4425,227414,-1.1173184357541899,21197,10001,-16169,-15029,0,100054,10001,112435,4924,227414,78857,0,128604,19953,227414,94480235,44389430,-72206340,-66663325,0,443965350,44389430,498483875,21867820,1008706475,349485115,0,570690215,88531145,1008706475
2023-04-06,4360,4425,4360,4410,168644,-0.3389830508474576,36010,-978,-11848,-23184,0,71090,22,84392,13140,168644,35080,1000,96240,36324,168644,158583580,-4323750,-51691080,-102568750,0,313067140,96250,370464210,57475990,741103590,154483560,4420000,422155290,160044740,741103590
2023-04-07,4410,4425,4385,4400,112868,-0.22675736961451248,-38221,7280,42209,-11268,0,22030,7280,70654,12904,112868,60251,0,28445,24172,112868,-167723295,31947800,185233940,-49458445,0,96687685,31947800,310209075,56638760,495483320,264410980,0,124975135,106097205,495483320
2023-04-10,4400,4400,4320,4355,256509,-1.0227272727272727,27470,5879,-26485,-6864,0,76400,10279,158271,11559,256509,48930,4400,184756,18423,256509,119805700,25586770,-115269645,-30122825,0,332965015,44775770,689075950,50199365,1117016100,213159315,19189000,804345595,80322190,1117016100
2023-04-11,4360,4375,4345,4370,250403,0.3444316877152698,-31136,-27144,37091,21189,0,70933,21000,125776,32694,250403,102069,48144,88685,11505,250403,-135255870,-118593165,161430375,92418660,0,309265760,91430000,547986835,142529530,1091212125,444521630,210023165,386556460,50110870,1091212125
2023-04-12,4380,4380,4345,4360,181127,-0.2288329519450801,-739,-31996,15007,17728,0,47443,18106,93415,22163,181127,48182,50102,78408,4435,181127,-3180480,-139339995,65255350,77265125,0,206738360,78822620,406981450,96590665,789133095,209918840,218162615,341726100,19325540,789133095
2023-04-13,4340,4360,4320,4360,292339,0.0,-34437,-22700,44515,12622,0,77638,0,180214,34487,292339,112075,22700,135699,21865,292339,-149196240,-98459510,192751255,54904495,0,336934355,0,781547790,149814020,1268296165,486130595,98459510,588796535,94909525,1268296165
2023-04-14,4375,4465,4355,4455,556231,2.1788990825688073,-62938,37078,-161591,187451,0,69091,37078,251008,199054,556231,132029,0,412599,11603,556231,-277357655,163070735,-707263435,821550355,0,305480350,163070735,1104856970,872671655,2446079710,582838005,0,1812120405,51121300,2446079710
2023-04-17,4455,4465,4410,4455,246634,0.0,-6416,352,-22780,28844,0,74891,352,120703,50688,246634,81307,0,143483,21844,246634,-28552155,1561385,-100932515,127923285,0,332685185,1561385,536098920,225015485,1095360975,361237340,0,637031435,97092200,1095360975
2023-04-18,4455,4465,4430,4450,343642,-0.11223344556677892,-106775,-18218,64013,60980,0,58955,4600,196745,83342,343642,165730,22818,132732,22362,343642,-474990125,-81057600,284622945,271424780,0,262319440,20511835,875468895,370952650,1529252820,737309565,101569435,590845950,99527870,1529252820
2023-04-19,4460,4460,4400,4420,332427,-0.6741573033707865,-64760,-3988,77506,-8758,0,79774,221,236007,16425,332427,144534,4209,158501,25183,332427,-285377695,-17622075,341604965,-38605195,0,352255485,976705,1041061205,72586165,1466879560,637633180,18598780,699456240,111191360,1466879560
2023-04-20,4405,4420,4395,4420,303440,0.0,-117546,-4207,84994,36759,0,62970,2,196794,43674,303440,180516,4209,111800,6915,303440,-517613085,-18533280,374022490,162123875,0,277563095,8820,866660890,192582590,1336815395,795176180,18542100,492638400,30458715,1336815395
2023-04-21,4420,4425,4370,4375,419357,-1.0180995475113122,-210218,191,225050,-15023,0,97852,191,319166,2148,419357,308070,0,94116,17171,419357,-919732525,836605,984911755,-66015835,0,428761600,836605,1397493675,9406925,1836498805,1348494125,0,412581920,75422760,1836498805
2023-04-24,4390,4395,4330,4355,327285,-0.4571428571428572,-57706,508,108424,-51226,0,93922,15508,215428,2427,327285,151628,15000,107004,53653,327285,-250112575,2252565,470808220,-222948210,0,408457360,67527565,936737605,10529200,1423251730,658569935,65275000,465929385,233477410,1423251730
2023-04-25,4360,4375,4310,4340,277848,-0.3444316877152698,-132795,105,146573,-13883,0,35665,105,220017,22061,277848,168460,0,73444,35944,277848,-574564135,454170,634472335,-60362370,0,154693010,454170,952648665,95605570,1203401415,729257145,0,318176330,155967940,1203401415
2023-04-26,4355,4355,4290,4315,286661,-0.5760368663594471,-97707,19006,98327,-19626,0,43654,20006,174619,48382,286661,141361,1000,76292,68008,286661,-420757245,81995925,423990550,-85229230,0,188346730,86325925,752993890,208660815,1236327360,609103975,4330000,329003340,293890045,1236327360
2023-04-27,4315,4340,4305,4310,241110,-0.11587485515643105,-101642,77849,10770,13023,0,49325,77849,82165,31771,241110,150967,0,71395,18748,241110,-438516895,335813580,46419405,56283910,0,212977995,335813580,354686545,137249090,1040727210,651494890,0,308267140,80965180,1040727210
2023-04-28,4315,4415,4310,4415,254102,2.436194895591647,-39390,4278,-30139,65251,0,26287,22278,112700,92837,254102,65677,18000,142839,27586,254102,-171034155,18104705,-132415225,285344675,0,114389795,96564705,489434845,405341385,1105730730,285423950,78460000,621850070,119996710,1105730730
2023-05-02,4360,4405,4340,4370,327821,-1.0192525481313703,-62226,98318,55164,-91256,0,28524,98460,193810,7027,327821,90750,142,138646,98283,327821,-271098355,428244620,240453160,-397599425,0,124247715,428864450,844395310,30705765,1428213240,395346070,619830,603942150,428305190,1428213240
2023-05-03,4355,4360,4315,4335,272830,-0.8009153318077803,-91144,35269,75907,-20032,0,43828,43269,177598,8135,272830,134972,8000,101691,28167,272830,-394780455,153112405,328380275,-86712225,0,189761985,187685725,768623730,35198270,1181269710,584542440,34573320,440243455,121910495,1181269710
2023-05-04,4335,4335,4315,4325,250197,-0.2306805074971165,-30513,1023,25867,3623,0,91551,2023,147010,9613,250197,122064,1000,121143,5990,250197,-132062140,4414275,111999185,15648680,0,395787290,8739275,635429895,41554645,1081511105,527849430,4325000,523430710,25905965,1081511105
2023-05-08,4345,4350,4305,4350,225397,0.5780346820809248,-24690,8377,-9966,26279,0,57096,14005,113948,40348,225397,81786,5628,123914,14069,225397,-106902150,36348355,-43368505,113922300,0,247377315,60672180,492652190,174881775,975583460,354279465,24323825,536020695,60959475,975583460
2023-05-09,4350,4360,4320,4350,217094,0.0,-31154,-9320,26101,14373,0,70285,11080,115493,20236,217094,101439,20400,89392,5863,217094,-134595665,-40352800,112582635,62365830,0,304967350,47951325,500173590,87756120,940848385,439563015,88304125,387590955,25390290,940848385
2023-05-10,4345,4385,4315,4355,379643,0.11494252873563218,16514,-146728,22349,107865,0,109902,12459,137005,120277,379643,93388,159187,114656,12412,379643,72939195,-636163805,95450370,467774240,0,478621600,54019150,595588665,521846980,1650076395,405682405,690182955,500138295,54072740,1650076395
2023-05-11,4365,4390,4350,4385,252564,0.6888633754305395,6912,-34068,-44488,71644,0,57603,35000,81598,78363,252564,50691,69068,126086,6719,252564,30388625,-148785270,-195101225,313497870,0,252037395,153000000,356883780,342902895,1104824070,221648770,301785270,551985005,29405025,1104824070
2023-05-12,4385,4400,4350,4395,238155,0.22805017103762829,41208,122,-69859,28529,0,86494,122,87274,64265,238155,45286,0,157133,35736,238155,180625685,534525,-306123150,124962940,0,379183150,534525,382312550,281525645,1043555870,198557465,0,688435700,156562705,1043555870
2023-05-15,4395,4405,4375,4400,282132,0.11376564277588168,3762,2,-58601,54837,0,111940,2,104480,65710,282132,108178,0,163081,10873,282132,16559175,8800,-257684505,241116530,0,491947100,8800,459015820,288903455,1239875175,475387925,0,716700325,47786925,1239875175
2023-05-16,4410,4480,4410,4470,502316,1.5909090909090908,29611,5550,-155995,120834,0,212920,7002,148666,133728,502316,183309,1452,304661,12894,502316,133179145,24838465,-694874700,536857090,0,948551035,31263925,662569900,594463295,2236848155,815371890,6425460,1357444600,57606205,2236848155
2023-05-17,4455,4500,4430,4480,265427,0.22371364653243847,68319,-5485,-26843,-35991,0,118748,0,117439,29240,265427,50429,5485,144282,65231,265427,306252955,-24600235,-120147320,-161505400,0,532352585,0,525959995,130658875,1188971455,226099630,24600235,646107315,292164275,1188971455
2023-05-18,4510,4525,4480,4520,251293,0.8928571428571428,68009,0,-78835,10826,0,140656,0,81153,29484,251293,72647,0,159988,18658,251293,307312485,0,-356242625,48930140,0,634916120,0,366084475,133152490,1134153085,327603635,0,722327100,84222350,1134153085
2023-05-19,4520,4525,4495,4520,244190,0.0,57291,-37860,-18305,-1126,0,93322,144,120155,30569,244190,36031,38004,138460,31695,244190,258311845,-170644925,-82628740,-5038180,0,420767720,649315,541721230,137812830,1100951095,162455875,171294240,624349970,142851010,1100951095
2023-05-22,4520,4535,4500,4510,177004,-0.22123893805309736,69115,-12183,-41477,-15455,0,91968,17,58988,26031,177004,22853,12200,100465,41486,177004,312224410,-55057240,-187341450,-69825720,0,415460255,76760,266394395,117418100,799349510,103235845,55134000,453735845,187243820,799349510
2023-05-23,4520,4520,4470,4475,251414,-0.7760532150776054,86875,5,-50197,-36683,0,128805,5,98217,24387,251414,41930,0,148414,61070,251414,390438975,22350,-225865935,-164595390,0,578369725,22350,440715585,109462790,1128570450,187930750,0,666581520,274058180,1128570450
2023-05-24,4475,4500,4460,4490,145937,0.33519553072625696,-13893,0,5296,8597,0,27218,0,82243,36476,145937,41111,0,76947,27879,145937,-62098920,0,23684040,38414880,0,121868685,0,367887105,163184435,652940225,183967605,0,344203065,124769555,652940225
2023-05-25,4490,4505,4475,4490,168880,0.0,56335,-6300,-22887,-27148,0,90376,1,65908,12595,168880,34041,6301,88795,39743,168880,252946195,-28292035,-102824195,-121829965,0,405746590,4500,295826725,56553400,758131215,152800395,28296535,398650920,178383365,758131215
2023-05-26,4510,4510,4460,4490,199981,0.0,4885,3001,46049,-53935,0,57610,3001,129068,10302,199981,52725,0,83019,64237,199981,22032320,13444480,206089515,-241566315,0,258149685,13444480,578018340,46148265,895760770,236117365,0,371928825,287714580,895760770
2023-05-30,4490,4530,4475,4530,372528,0.8908685968819599,-60284,25957,-99213,133540,0,59594,27236,132866,152832,372528,119878,1279,232079,19292,372528,-271701530,116977985,-447625090,602348635,0,268849825,122752670,598944070,689274115,1679820680,540551355,5774685,1046569160,86925480,1679820680
2023-05-31,4530,4600,4530,4545,717489,0.33112582781456956,-89382,34386,103691,-48695,0,74181,48000,291339,303969,717489,163563,13614,187648,352664,717489,-409577945,156020035,473306795,-219748885,0,338944750,218509225,1331864795,1384041685,3273360455,748522695,62489190,858558000,1603790570,3273360455
2023-06-01,4550,4595,4525,4565,215869,0.44004400440044,30739,18367,46772,-95878,0,64692,18367,119428,13382,215869,33953,0,72656,109260,215869,140027450,83306055,212325315,-435658820,0,294666640,83306055,543014915,61046105,982033715,154639190,0,330689600,496704925,982033715
2023-06-02,4565,4575,4530,4570,151864,0.10952902519167579,9398,16509,11064,-36971,0,47609,23309,76157,4789,151864,38211,6800,65093,41760,151864,43211640,75229495,50035825,-168476960,0,216908435,106144380,346631475,21737555,691421845,173696795,30914885,296595650,190214515,691421845
2023-06-05,4540,4610,4540,4610,267634,0.87527352297593,-1388,25646,-98546,74288,0,50979,42992,75374,98289,267634,52367,17346,173920,24001,267634,-6379840,117790320,-452629765,341219285,0,233981980,197371270,345752200,451436160,1228541610,240361820,79580950,798381965,110216875,1228541610
2023-06-07,4585,4640,4585,4625,257843,0.32537960954446854,849,11306,-15235,3080,0,42263,19506,142803,53271,257843,41414,8200,158038,50191,257843,3914655,52130590,-70501360,14456115,0,195159585,90003590,659458730,246169320,1190791225,191244930,37873000,729960090,231713205,1190791225
2023-06-08,4625,4630,4595,4615,237185,-0.21621621621621623,1441,7311,1767,-10519,0,41864,14312,144372,36637,237185,40423,7001,142605,47156,237185,6608205,33693770,8226920,-48528895,0,193015560,66003380,665683400,168975565,1093677905,186407355,32309610,657456480,217504460,1093677905
2023-06-09,4620,4625,4595,4615,245612,0.0,29873,23371,-40160,-13084,0,109914,24371,86484,24843,245612,80041,1000,126644,37927,245612,137553645,107692410,-185009800,-60236255,0,506431730,112302410,398312625,114526575,1131573340,368878085,4610000,583322425,174762830,1131573340
2023-06-12,4615,4620,4595,4615,191024,0.0,6830,12013,-25921,7078,0,53367,12013,116593,9051,191024,46537,0,142514,1973,191024,31599970,55294830,-119532410,32637610,0,245924005,55294830,537106980,41727835,880053650,214324035,0,656639390,9090225,880053650
2023-06-13,4610,4615,4600,4610,200519,-0.10834236186348861,63758,15410,-72859,-6309,0,72777,24010,92809,10923,200519,9019,8600,165668,17232,200519,294004660,70965050,-335898950,-29070760,0,335569260,110611050,427859270,50358605,924398185,41564600,39646000,763758220,79429365,924398185
2023-06-14,4620,4625,4580,4585,267476,-0.5422993492407809,35195,39824,-19536,-55483,0,83236,41616,142448,176,267476,48041,1792,161984,55659,267476,162371265,183265265,-90289495,-255347035,0,383163120,191526385,655380125,810985,1230880615,220791855,8261120,745669620,256158020,1230880615
2023-06-15,4590,4600,4565,4570,236191,-0.3271537622682661,-72382,18309,73008,-18935,0,44231,18309,143139,30512,236191,116613,0,70131,49447,236191,-330897800,83942055,333944170,-86988425,0,202475110,83942055,655001005,139507095,1080925265,533372910,0,321056835,226495520,1080925265
2023-06-16,4570,4585,4530,4565,334534,-0.10940919037199125,-39706,24342,106307,-90943,0,57465,24342,194130,58597,334534,97171,0,87823,149540,334534,-181074845,111075930,484569775,-414570860,0,262383220,111075930,885740470,267334530,1526534150,443458065,0,401170695,681905390,1526534150
2023-06-19,4570,4580,4545,4575,282503,0.21905805038335158,-22197,-1153,-52967,76317,0,71922,2414,117551,90616,282503,94119,3567,170518,14299,282503,-101257405,-5250785,-242025080,348533270,0,327833535,10996900,535777655,413734940,1288343030,429090940,16247685,777802735,65201670,1288343030
2023-06-20,4580,4585,4545,4575,329427,0.0,55498,-19417,-35354,-727,0,125461,17939,173686,12341,329427,69963,37356,209040,13068,329427,253274345,-88534975,-161326415,-3412955,0,572151880,81687275,791905405,56261940,1502006500,318877535,170222250,953231820,59674895,1502006500
2023-06-21,4565,4570,4520,4535,324454,-0.8743169398907104,40803,19225,7244,-67272,0,98838,19225,203732,2659,324454,58035,0,196488,69931,324454,185468170,87425375,33054185,-305947730,0,448871725,87425375,925398190,12038615,1473733905,263403555,0,892344005,317986345,1473733905
2023-06-22,4555,4555,4470,4480,363422,-1.2127894156560088,90092,-128414,101204,-62882,0,103870,7014,251997,541,363422,13778,135428,150793,63423,363422,404730490,-576425485,454722825,-283027830,0,466660695,31671040,1132943710,2438520,1633713965,61930205,608096525,678220885,285466350,1633713965
2023-06-23,4480,4480,4385,4400,498364,-1.7857142857142856,85788,-93518,61635,-53905,0,128443,14243,340159,15519,498364,42655,107761,278524,69424,498364,381588345,-415448510,273152375,-239292210,0,570656660,62831355,1508653625,68445830,2210587470,189068315,478279865,1235501250,307738040,2210587470
2023-06-26,4400,4410,4385,4405,416464,0.11363636363636363,-60814,-124297,160395,24716,0,79404,6529,286201,44330,416464,140218,130826,125806,19614,416464,-267602430,-546315790,705121630,108796590,0,348972400,28727600,1258006710,194988315,1830695025,616574830,575043390,552885080,86191725,1830695025
2023-06-27,4405,4485,4405,4485,273248,1.8161180476730987,50108,0,-59990,9882,0,85740,0,156622,30886,273248,35632,0,216612,21004,273248,224094250,0,-267975150,43880900,0,382981775,0,696941070,137532345,1217455190,158887525,0,964916220,93651445,1217455190
2023-06-28,4495,4495,4425,4440,468883,-1.0033444816053512,65668,8990,-42142,-32516,0,87571,8990,329682,42640,468883,21903,0,371824,75156,468883,292810525,40174010,-187521280,-145463255,0,390540290,40174010,1471629290,190196495,2092540085,97729765,0,1659150570,335659750,2092540085
2023-06-29,4300,4325,4265,4305,705439,-3.040540540540541,-56849,-19337,268909,-192723,0,71127,10663,591446,32203,705439,127976,30000,322537,224926,705439,-245322535,-82932570,1158763415,-830508310,0,306360945,45952765,2548321330,138519955,3039154995,551683480,128885335,1389557915,969028265,3039154995
2023-06-30,4305,4310,4265,4285,339808,-0.4645760743321719,-108973,17979,172894,-81900,0,47391,18000,264056,10361,339808,156364,21,91162,92261,339808,-465937090,76922505,739693235,-350678650,0,202787505,77012490,1129781055,44383805,1453964855,668724595,89985,390087820,395062455,1453964855
2023-07-03,4290,4295,4215,4220,545418,-1.5169194865810969,-81549,19090,160493,-98034,0,109849,21100,412288,2181,545418,191398,2010,251795,100215,545418,-345616665,80784900,681227470,-416395705,0,466419805,89337500,1749535235,9236030,2314528570,812036470,8552600,1068307765,425631735,2314528570
2023-07-04,4245,4245,4175,4195,470242,-0.5924170616113744,-41250,-61289,117721,-15182,0,85748,8711,358401,17382,470242,126998,70000,240680,32564,470242,-173944675,-257375400,494980205,-63660130,0,359961495,36496125,1504963580,73080140,1974501340,533906170,293871525,1009983375,136740270,1974501340
2023-07-05,4200,4200,4120,4120,465402,-1.7878426698450536,10693,-44873,121125,-86945,0,70571,16282,375248,3301,465402,59878,61155,254123,90246,465402,43825805,-187276010,503856140,-360405935,0,293089885,67568895,1558845625,13694270,1933198675,249264080,254844905,1054989485,374100205,1933198675
2023-07-06,4165,4165,4080,4120,351597,0.0,12693,16110,2037,-30840,0,62993,22110,251929,14565,351597,50300,6000,249892,45405,351597,52520785,65990130,8456740,-126967655,0,259335940,90695130,1035437875,59880040,1445348985,206815155,24705000,1026981135,186847695,1445348985
2023-07-07,4100,4110,4035,4080,374127,-0.9708737864077669,-19479,8893,50522,-39936,0,62114,16894,269771,25348,374127,81593,8001,219249,65284,374127,-79146130,36130855,206205710,-163190435,0,253519835,68694965,1099029985,103299355,1524544140,332665965,32564110,892824275,266489790,1524544140
2023-07-10,4075,4095,4040,4040,279376,-0.9803921568627451,-57640,-41099,98026,713,0,51267,9902,207433,10774,279376,108907,51001,109407,10061,279376,-233709505,-167011820,397758615,2962710,0,208191045,40273650,842314045,43757670,1134536410,441900550,207285470,444555430,40794960,1134536410
2023-07-11,4040,4150,4030,4140,401278,2.4752475247524752,-156522,-3443,75791,84174,0,91657,6343,212129,91149,401278,248179,9786,136338,6975,401278,-634180125,-13973485,306815395,341338215,0,371589590,25722635,861874135,369816310,1629002670,1005769715,39696120,555058740,28478095,1629002670
2023-07-12,4120,4170,4120,4170,168516,0.7246376811594203,10216,-24887,1519,13152,0,38770,0,101815,27931,168516,28554,24887,100296,14779,168516,42258420,-103175885,6192580,54724885,0,160859825,0,422621055,116025190,699506070,118601405,103175885,416428475,61300305,699506070
2023-07-13,4180,4310,4155,4305,354319,3.237410071942446,159637,-5157,-124364,-30116,0,227822,1850,99047,25600,354319,68185,7007,223411,55716,354319,681439225,-22165250,-530941340,-128332635,0,971137335,7779250,419227160,108760695,1506904440,289698110,29944500,950168500,237093330,1506904440
2023-07-14,4290,4300,4230,4250,248416,-1.2775842044134729,-19544,1032,63034,-44522,0,80351,1033,165100,1932,248416,99895,1,102066,46454,248416,-83207140,4381605,268725525,-189899990,0,341503315,4385850,702717295,8237915,1056844375,424710455,4245,433991770,198137905,1056844375
2023-07-17,4250,4250,4150,4180,214510,-1.647058823529412,18253,6167,-6744,-17676,0,75837,6167,123034,9472,214510,57584,0,129778,27148,214510,77166870,25805340,-28779075,-74193135,0,317572610,25805340,514970740,39457070,897805760,240405740,0,543749815,113650205,897805760
2023-07-18,4180,4195,4145,4150,163078,-0.7177033492822966,-26886,699,-10637,36824,0,28541,700,81379,52458,163078,55427,1,92016,15634,163078,-112098470,2913845,-44529360,153713985,0,118854955,2918000,338809305,218897000,679479260,230953425,4155,383338665,65183015,679479260
2023-07-19,4190,4190,4125,4150,145019,0.0,4532,-6834,5927,-3625,0,24507,5002,96555,18955,145019,19975,11836,90628,22580,145019,18817275,-28320790,24596710,-15093195,0,101664880,20733295,400176765,78607455,601182395,82847605,49054085,375580055,93700650,601182395
2023-07-20,4150,4185,4140,4145,120433,-0.12048192771084339,-5126,0,16907,-11781,0,38665,1,78840,2927,120433,43791,1,61933,14708,120433,-21068925,5,70077300,-49008380,0,160886595,4150,327477070,12187800,500555615,181955520,4145,257399770,61196180,500555615
2023-07-21,4145,4200,4130,4150,218230,0.12062726176115801,-50641,91,-5975,56525,0,74316,91,81406,62417,218230,124957,0,87381,5892,218230,-210204890,377650,-25004810,234832050,0,308272405,377650,337683660,259339405,905673120,518477295,0,362688470,24507355,905673120
2023-07-24,4130,4145,4070,4085,302800,-1.566265060240964,-50223,10515,62886,-23178,0,68763,10515,212947,10575,302800,118986,0,150061,33753,302800,-204825655,42876200,256799110,-94849655,0,280766590,42876200,869793075,43232680,1236668545,485592245,0,612993965,138082335,1236668545
2023-07-25,4085,4110,4065,4110,180389,0.6119951040391677,-2291,-10018,-5585,17894,0,68395,0,87306,24688,180389,70686,10018,92891,6794,180389,-9382830,-40773370,-23037300,73193500,0,279115295,0,356038250,100944240,736097785,288498125,40773370,379075550,27750740,736097785
2023-07-26,4105,4105,4055,4060,232455,-1.2165450121654502,10104,5102,-7719,-7487,0,55391,5103,162560,9401,232455,45287,1,170279,16888,232455,40996950,20739665,-31341725,-30394890,0,225165550,20743735,660874090,38242550,945025925,184168600,4070,692215815,68637440,945025925
2023-07-27,4045,4075,3975,4010,567596,-1.2315270935960592,-75154,-1144,89226,-12928,0,148551,8957,400154,9934,567596,223705,10101,310928,22862,567596,-301659995,-4952040,358450625,-51838590,0,598631750,35851995,1608374120,39991060,2282848925,900291745,40804035,1249923495,91829650,2282848925
2023-07-28,4000,4060,3970,4060,394104,1.2468827930174564,-153981,3673,4541,145767,0,33928,6411,189024,164741,394104,187909,2738,184483,18974,394104,-616412605,15044160,17433540,583934905,0,135853495,25996160,756045445,660052045,1577947145,752266100,10952000,738611905,76117140,1577947145
2023-07-31,4015,4080,4000,4030,319270,-0.7389162561576355,-107585,3532,74127,29926,0,45359,3532,186843,83536,319270,152944,0,112716,53610,319270,-432207545,14181205,297788960,120237380,0,182379025,14181205,751178725,336134925,1283873880,614586570,0,453389765,215897545,1283873880
2023-08-01,4030,4065,4025,4040,258257,0.24813895781637718,-41108,4243,39661,-2796,0,104911,4298,113529,35519,258257,146019,55,73868,38315,258257,-165795565,17103715,160009835,-11317985,0,423570375,17326190,458377090,143602495,1042876150,589365940,222475,298367255,154920480,1042876150
2023-08-02,4045,4070,4030,4040,231996,0.0,-10862,-34918,2808,42972,0,66419,752,114829,49996,231996,77281,35670,112021,7024,231996,-44017550,-141105815,11166755,173956610,0,268847320,3038085,464213780,202418605,938517790,312864870,144143900,453047025,28461995,938517790
2023-08-03,4030,4080,4000,4020,355828,-0.49504950495049505,-24638,-44232,7997,60873,0,64718,2799,196850,91461,355828,89356,47031,188853,30588,355828,-98722195,-177421805,31790565,244353435,0,259682695,11210015,789760745,367146620,1427800075,358404890,188631820,757970180,122793185,1427800075
2023-08-04,4010,4045,3970,4000,413227,-0.4975124378109453,-44361,-4969,84024,-34694,0,77285,531,326832,8579,413227,121646,5500,242808,43273,413227,-177073135,-19833105,335535635,-138629395,0,308722725,2121895,1305156265,34205055,1650205940,485795860,21955000,969620630,172834450,1650205940
2023-08-07,4000,4000,3965,3980,344326,-0.5,-37496,-22078,91079,-31505,0,70191,23006,248311,2818,344326,107687,45084,157232,34323,344326,-149189515,-87857610,362466770,-125419645,0,279224765,91669865,987665030,11221780,1369781440,428414280,179527475,625198260,136641425,1369781440
2023-08-08,3995,3995,3900,3910,530575,-1.7587939698492463,-25427,-5366,61206,-30413,0,108130,15935,395151,11359,530575,133557,21301,333945,41772,530575,-100184755,-21131825,241569250,-120252670,0,425138655,62863050,1556580195,44680810,2089262710,525323410,83994875,1315010945,164933480,2089262710
2023-08-09,3915,3950,3855,3900,651804,-0.2557544757033248,-309178,12064,288814,8300,0,129800,28364,481812,11828,651804,438978,16300,192998,3528,651804,-1199259360,46734015,1120416645,32108700,0,504599420,110109695,1870365180,45872765,2530947060,1703858780,63375680,749948535,13764065,2530947060
2023-08-10,3920,3920,3800,3830,710013,-1.7948717948717947,-118113,-3416,120728,801,0,258773,13410,411988,25842,710013,376886,16826,291260,25041,710013,-452113420,-13509025,462600215,3022230,0,995994025,51408150,1583331215,99611910,2730345300,1448107445,64917175,1120731000,96589680,2730345300
2023-08-11,3835,3890,3775,3800,731565,-0.7832898172323759,-148893,-22659,206717,-35165,0,148107,10154,510247,63057,731565,297000,32813,303530,98222,731565,-564589915,-87462400,782812595,-130760280,0,564022970,38562570,1941214995,243031340,2786831875,1128612885,126024970,1158402400,373791620,2786831875
2023-08-14,3795,3925,3735,3895,665495,2.5,34185,-57268,-8027,31110,0,217970,10901,371282,65342,665495,183785,68169,379309,34232,665495,145088520,-216175335,-45323000,116409815,0,840020805,40863245,1397005160,249668880,2527558090,694932285,257038580,1442328160,133259065,2527558090
2023-08-16,3885,3890,3800,3880,246709,-0.38510911424903727,-83899,-16763,108369,-7707,0,25569,2979,207350,10811,246709,109468,19742,98981,18518,246709,-324023960,-64718205,418720665,-29978500,0,98846170,11494310,801271665,41594030,953206175,422870130,76212515,382551000,71572530,953206175
2023-08-17,3850,3850,3795,3815,254902,-1.675257731958763,-72589,1354,67127,4108,0,45731,1354,178495,29322,254902,118320,0,111368,25214,254902,-276874295,5158250,256160230,15555815,0,174614925,5158250,681035105,111909990,972718270,451489220,0,424874875,96354175,972718270
2023-08-18,3810,3860,3790,3815,223323,0.0,-39110,51,44932,-5873,0,37171,22051,140765,23336,223323,76281,22000,95833,29209,223323,-148922810,193545,171012425,-22283160,0,142032670,84013545,537117140,89166915,852330270,290955480,83820000,366104715,111450075,852330270
2023-08-21,3860,3905,3830,3865,155539,1.310615989515072,-5036,4642,-5923,6317,0,28243,8915,94645,23736,155539,33279,4273,100568,17419,155539,-19134325,17878045,-22894455,24150735,0,109254335,34561200,366450940,91717920,601984395,128388660,16683155,389345395,67567185,601984395
2023-08-22,3865,3910,3855,3890,100574,0.646830530401035,2435,-13,10531,-12953,0,20155,0,68450,11969,100574,17720,13,57919,24922,100574,9364060,-50450,41014180,-50327790,0,78379920,0,266191000,46575490,391146410,69015860,50450,225176820,96903280,391146410
2023-08-23,3895,3895,3830,3845,106424,-1.1568123393316194,-30062,-5221,45629,-10346,0,24947,372,75641,5464,106424,55009,5593,30012,15810,106424,-115904475,-20108125,176214260,-40201660,0,96366905,1437960,292032595,21013255,410850715,212271380,21546085,115818335,61214915,410850715
2023-08-24,3855,3870,3830,3845,114530,0.0,-463,0,19196,-18733,0,32419,0,81428,683,114530,32882,0,62232,19416,114530,-1829650,0,73892580,-72062930,0,124507135,0,312708585,2623115,439838835,126336785,0,238816005,74686045,439838835
2023-08-25,3845,3875,3840,3875,96877,0.7802340702210664,-28432,726,10634,17072,0,30217,726,43571,22363,96877,58649,0,32937,5291,96877,-109583190,2790345,40965250,65827595,0,116450025,2790345,168011285,86245735,373497390,226033215,0,127046035,20418140,373497390
2023-08-28,3880,3990,3875,3990,217422,2.967741935483871,31224,-15673,-56673,41122,0,79893,60,79754,57715,217422,48669,15733,136427,16593,217422,123900335,-62208100,-223746490,162054255,0,316531735,235800,315056845,227440225,859264605,192631400,62443900,538803335,65385970,859264605
2023-08-29,3990,4065,3970,4040,138065,1.2531328320802004,22641,1788,-25843,1414,0,47852,1788,72532,15893,138065,25211,0,98375,14479,138065,91165230,7215525,-103592135,5211380,0,192830530,7215525,292337750,63637750,556021555,101665300,0,395929885,58426370,556021555
2023-08-30,4065,4100,4045,4085,153039,1.1138613861386137,18333,-3001,-14706,-626,0,62529,0,71011,19499,153039,44196,3001,85717,20125,153039,74956705,-12274075,-60180740,-2501890,0,255437095,0,289703580,79531230,624671905,180480390,12274075,349884320,82033120,624671905
2023-08-31,4090,4200,4080,4165,360937,1.9583843329253363,76759,-1,-161006,84248,0,163326,0,70626,126985,360937,86567,1,231632,42737,360937,317350875,-4115,-666070120,348723360,0,675112815,0,291235605,525633710,1491982130,357761940,4115,957305725,176910350,1491982130
2023-09-01,4165,4180,4125,4140,116480,-0.6002400960384154,5039,396,-23710,18275,0,24536,396,66228,25320,116480,19497,0,89938,7045,116480,20950995,1639370,-98367605,75777240,0,101746815,1639370,274564860,105016635,482967680,80795820,0,372932465,29239395,482967680
2023-09-04,4140,4140,4020,4070,142147,-1.6908212560386473,-4238,2695,12839,-11296,0,33691,2695,99495,6266,142147,37929,0,86656,17562,142147,-17568555,10915920,52733540,-46080905,0,136457255,10915920,403338535,25367155,576078865,154025810,0,350604995,71448060,576078865
2023-09-05,4070,4070,4005,4040,141997,-0.7371007371007371,-21819,12600,3443,5776,0,21895,12600,89562,17940,141997,43714,0,86119,12164,141997,-87866140,50797145,14063470,23005525,0,88184645,50797145,360539655,72118400,571639845,176050785,0,346476185,49112875,571639845
2023-09-06,4020,4075,4005,4070,155312,0.7425742574257426,35242,-29992,-27625,22375,0,82771,200,39339,33002,155312,47529,30192,66964,10627,155312,143018860,-120978590,-112145390,90105120,0,335224575,803000,158765845,133160475,627953895,192205715,121781590,270911235,43055355,627953895
2023-09-07,4075,4075,3990,4000,190794,-1.71990171990172,-4705,-61,-13383,18149,0,33536,9940,121902,25416,190794,38241,10001,135285,7267,190794,-18985965,-397835,-53508570,72892370,0,134733495,39907400,488875315,102184630,765700840,153719460,40305235,542383885,29292260,765700840
2023-09-08,4005,4060,3970,4060,187764,1.5,9248,-12811,-27194,30757,0,53552,161,70948,63103,187764,44304,12972,98142,32346,187764,37079685,-51197515,-109729690,123847520,0,213742040,645125,282647430,253244655,750279250,176662355,51842640,392377120,129397135,750279250
2023-09-11,4060,4065,4010,4035,122880,-0.6157635467980296,10626,-11401,15051,-14276,0,39947,0,74341,8592,122880,29321,11401,59290,22868,122880,42918210,-46086275,60799475,-57631410,0,161109210,0,299762395,34538210,495409815,118191000,46086275,238962920,92169620,495409815
2023-09-12,4035,4040,4005,4035,72462,0.0,9529,-6713,-7003,4187,0,22256,3287,35766,11153,72462,12727,10000,42769,6966,72462,38382195,-27130805,-28147315,16895925,0,89671745,13219195,144033410,44961420,291885770,51289550,40350000,172180725,28065495,291885770
2023-09-13,4030,4035,4010,4025,104042,-0.24783147459727387,10346,-10000,2824,-3170,0,42506,0,58383,3153,104042,32160,10000,55559,6323,104042,41588230,-40250000,11456520,-12794750,0,170938020,0,234797070,12667235,418402325,129349790,40250000,223340550,25461985,418402325
2023-09-14,4035,4060,4010,4040,149389,0.37267080745341613,-28237,17,47601,-19381,0,34550,17,112155,2667,149389,62787,0,64554,22048,149389,-113355645,68260,191778520,-78491135,0,138932940,68260,452070870,10724355,601796425,252288585,0,260292350,89215490,601796425
2023-09-15,4035,4140,4020,4140,322982,2.4752475247524752,-69352,-995,-75077,145424,0,46834,1145,85014,189989,322982,116186,2140,160091,44565,322982,-283196865,-4035975,-308959845,596192685,0,190694060,4675325,346675085,779637705,1321682175,473890925,8711300,655634930,183445020,1321682175
2023-09-18,4100,4150,4065,4065,198796,-1.8115942028985508,-38141,-7284,34297,11128,0,27169,70,126764,44793,198796,65310,7354,92467,33665,198796,-156036890,-30076855,140270255,45843490,0,111403220,286300,520100315,184006620,815796455,267440110,30363155,379830060,138163130,815796455
2023-09-19,4070,4125,4065,4090,88090,0.6150061500615006,10339,1,-24876,14536,0,16280,1,49072,22737,88090,5941,0,73948,8201,88090,42469875,4110,-102223525,59749540,0,66838795,4110,201377180,93338040,361558125,24368920,0,303600705,33588500,361558125
2023-09-20,4060,4125,4060,4105,76122,0.36674816625916873,15428,578,-21861,5855,0,24649,579,26933,23961,76122,9221,1,48794,18106,76122,63389920,2366905,-89821725,24064900,0,101208130,2371005,110487850,98332275,312399260,37818210,4100,200309575,74267375,312399260
2023-09-21,4100,4140,4080,4100,161494,-0.12180267965895249,9265,-11958,-66715,69408,0,33088,0,47508,80898,161494,23823,11958,114223,11490,161494,38145320,-49027800,-273652360,284534840,0,135816035,0,194559605,331678755,662054395,97670715,49027800,468211965,47143915,662054395
2023-09-22,4095,4100,4045,4055,174713,-1.097560975609756,-36367,4561,26974,4832,0,22436,4561,108302,39414,174713,58803,0,81328,34582,174713,-147850015,18561820,109560770,19727425,0,91137920,18561820,440250810,160251885,710202435,238987935,0,330690040,140524460,710202435
2023-09-25,4090,4090,4020,4050,116566,-0.12330456226880394,-20539,-4203,-1329,26071,0,14207,2467,69163,30729,116566,34746,6670,70492,4658,116566,-83299275,-17064945,-5425270,105789490,0,57649095,10003670,280461340,124680530,472794635,140948370,27068615,285886610,18891040,472794635
2023-09-26,4050,4050,4000,4030,116264,-0.49382716049382713,3840,5237,-6663,-2414,0,22703,5237,76996,11328,116264,18863,0,83659,13742,116264,15483165,20984005,-26622910,-9844260,0,91285235,20984005,309286585,45414570,466970395,75802070,0,335909495,55258830,466970395
2023-09-27,4080,4080,3955,4070,181779,0.9925558312655087,48752,-1,-27366,-21385,0,95412,0,66409,19958,181779,46660,1,93775,41343,181779,199730550,-4070,-112887140,-86839340,0,387559040,0,268105925,81120550,736785515,187828490,4070,380993065,167959890,736785515
2023-10-04,4060,4060,3990,4030,335676,-0.9828009828009828,-24012,-1620,17087,8545,0,34719,280,221202,79475,335676,58731,1900,204115,70930,335676,-96134455,-6528150,67856255,34806350,0,139157135,1119850,885368265,319175775,1344821025,235291590,7648000,817512010,284369425,1344821025
2023-10-05,4035,4050,4025,4030,66124,0.0,6190,18,-13905,7697,0,26377,18,23035,16694,66124,20187,0,36940,8997,66124,24992360,72640,-56118850,31053850,0,106436270,72640,92965370,67371650,266845930,81443910,0,149084220,36317800,266845930
2023-10-06,4040,4040,4000,4020,118185,-0.24813895781637718,-25682,361,4106,21215,0,39800,365,53260,24760,118185,65482,4,49154,3545,118185,-102918165,1446065,16461390,85010710,0,159709890,1462150,213667200,99290515,474129755,262628055,16085,197205810,14279805,474129755
2023-10-10,4010,4040,3970,3995,165988,-0.6218905472636816,-20141,-15724,56320,-20455,0,42836,1500,114108,7544,165988,62977,17224,57788,27999,165988,-80498030,-62766225,225295080,-82030825,0,171892290,5995750,456709475,30272935,664870450,252390320,68761975,231414395,112303760,664870450
2023-10-11,4040,4040,3990,4040,124051,1.1264080100125156,-7032,-1500,-10155,18687,0,28235,0,56899,38917,124051,35267,1500,67054,20230,124051,-28223105,-6015000,-41281385,75519490,0,113328895,0,227837005,156785280,497951180,141552000,6015000,269118390,81265790,497951180
2023-10-12,4040,4045,4020,4030,77747,-0.24752475247524752,-9084,45,543,8496,0,23728,45,37333,16641,77747,32812,0,36790,8145,77747,-36703575,181575,2181575,34340425,0,95812965,181575,150727175,67210080,313931795,132516540,0,148545600,32869655,313931795
2023-10-13,4040,4055,3970,4035,279053,0.12406947890818859,12383,145,25457,-37985,0,60814,150,178226,39863,279053,48431,5,152769,77848,279053,49847390,576845,102700860,-153125095,0,244800365,597000,717857160,160739575,1123994100,194952975,20155,615156300,313864670,1123994100
2023-10-16,4035,4040,4000,4020,179375,-0.37174721189591076,-29137,50,36781,-7694,0,27506,50,136415,15404,179375,56643,0,99634,23098,179375,-117041240,200750,147653065,-30812575,0,110623760,200750,548428245,62061615,721314370,227665000,0,400775180,92874190,721314370
2023-10-17,4020,4050,4010,4050,144243,0.7462686567164178,-21541,101,-40023,61463,0,24750,101,57929,61463,144243,46291,0,97952,0,144243,-86914485,406535,-161551310,248059260,0,99704680,406535,233383625,248059260,581554100,186619165,0,394934935,0,581554100
2023-10-18,4045,4050,4005,4025,137284,-0.6172839506172839,18232,150,-14732,-3650,0,46056,150,79768,11310,137284,27824,0,94500,14960,137284,73614620,602250,-59342565,-14874305,0,185611360,602250,321009240,45510875,552733725,111996740,0,380351805,60385180,552733725
2023-10-19,4015,4030,3995,3995,173050,-0.7453416149068323,-55542,11014,82489,-37961,0,41564,11115,119394,977,173050,97106,101,36905,38938,173050,-222107205,44052225,330230825,-152175845,0,166624115,44455725,478035560,3914325,693029725,388731320,403500,147804735,156090170,693029725
2023-10-20,3990,3995,3945,3955,274735,-1.0012515644555695,148,12548,-15630,2934,0,50973,12548,184341,26873,274735,50825,0,199971,23939,274735,408255,49611250,-62194575,12175070,0,202827400,49611250,732932345,107067225,1092438220,202419145,0,795126920,94892155,1092438220
2023-10-23,3985,3985,3870,3885,353463,-1.7699115044247788,-114710,22751,115142,-23183,0,77125,22751,240960,12627,353463,191835,0,125818,35810,353463,-447816350,88679395,449218370,-90081415,0,300696035,88679395,939037725,49339320,1377752475,748512385,0,489819355,139420735,1377752475
2023-10-24,3885,3930,3860,3895,144843,0.2574002574002574,-28505,-2123,28817,1811,0,35327,2878,92531,14107,144843,63832,5001,63714,12296,144843,-110434735,-8240255,111709330,6965660,0,137312175,11163640,359350845,54725530,562552190,247746910,19403895,247641515,47759870,562552190
2023-10-25,3940,3955,3900,3955,128688,1.540436456996149,-8916,-8,5145,3779,0,20225,0,97849,10614,128688,29141,8,92704,6835,128688,-34940695,-31415,20067335,14904775,0,79570670,0,384799630,41777060,506147360,114511365,31415,364732295,26872285,506147360
2023-10-26,3945,3945,3905,3945,112586,-0.2528445006321113,13456,44,21490,-34990,0,39834,44,72490,218,112586,26378,0,51000,35208,112586,52694420,172260,84165825,-137032505,0,156093905,172260,284107550,856425,441230140,103399485,0,199941725,137888930,441230140
2023-10-27,3935,3970,3925,3940,51124,-0.12674271229404308,10895,0,-11093,198,0,16041,0,24983,10100,51124,5146,0,36076,9902,51124,43003340,0,-43785045,781705,0,63301925,0,98538465,39820190,201660580,20298585,0,142323510,39038485,201660580
2023-10-30,3940,3985,3925,3980,99042,1.015228426395939,22226,0,-30491,8265,0,28815,0,54022,16205,99042,6589,0,84513,7940,99042,87883800,0,-120348065,32464265,0,114032005,0,213908795,63925765,391866565,26148205,0,334256860,31461500,391866565
2023-10-31,3970,3990,3935,3935,170622,-1.1306532663316584,-13587,1,43779,-30193,0,22842,1,87288,60491,170622,36429,0,43509,90684,170622,-53831820,3970,173086310,-119258460,0,90464705,3970,345512385,239033350,675014410,144296525,0,172426075,358291810,675014410
2023-11-01,3975,3975,3925,3930,83429,-0.12706480304955528,27319,0,10284,-37603,0,35893,0,45144,2392,83429,8574,0,34860,39995,83429,107417505,0,40477390,-147894895,0,141139995,0,177601470,9409995,328151460,33722490,0,137124080,157304890,328151460
2023-11-02,3925,3970,3920,3960,200343,0.7633587786259541,18329,0,-397,-17932,0,62509,0,114157,23677,200343,44180,0,114554,41609,200343,72314030,0,-1724160,-70589870,0,246620410,0,450242975,93382310,790245695,174306380,0,451967135,163972180,790245695
2023-11-03,3965,4045,3960,4030,278692,1.7676767676767675,37676,-4355,-92922,59601,0,121698,645,86734,69615,278692,84022,5000,179656,10014,278692,152599445,-17575650,-374891285,239867490,0,489854525,2599350,347820370,280030440,1120304685,337255080,20175000,722711655,40162950,1120304685
2023-11-06,4040,4070,3995,4065,178866,0.8684863523573202,30061,0,-50569,20508,0,63141,0,72546,43179,178866,33080,0,123115,22671,178866,121947465,0,-205351470,83404005,0,255814025,0,293524835,175192885,724531745,133866560,0,498876305,91788880,724531745
2023-11-07,4065,4065,4040,4060,108014,-0.12300123001230012,-2314,-9969,10143,2140,0,30285,31,50178,27520,108014,32599,10000,40035,25380,108014,-9363410,-40374450,40962315,8775545,0,122651230,125550,203114510,111542955,437434245,132014640,40500000,162152195,102767410,437434245
2023-11-08,4060,4070,4025,4050,108370,-0.24630541871921183,-12429,-1,13100,-670,0,25656,0,57444,25270,108370,38085,1,44344,25940,108370,-50240695,-4035,52855065,-2610335,0,103579220,0,232264550,102210305,438054075,153819915,4035,179409485,104820640,438054075
2023-11-09,4050,4065,4035,4050,96481,0.0,-750,-200,-38875,39825,0,16437,0,29926,50118,96481,17187,200,68801,10293,96481,-2935490,-812000,-157836840,161584330,0,66668350,0,121348765,203287815,391304930,69603840,812000,279185605,41703485,391304930
2023-11-10,4050,4050,4005,4025,80778,-0.6172839506172839,-6168,-9989,14824,1333,0,29404,11,35856,15507,80778,35572,10000,21032,14174,80778,-24838835,-40055830,59540675,5353990,0,118095310,44170,144025740,62298295,324463515,142934145,40100000,84485065,56944305,324463515
2023-11-13,4050,4060,4005,4025,72966,0.0,3098,-2,17841,-20937,0,31118,0,36357,5491,72966,28020,2,18516,26428,72966,12690535,-8070,71665405,-84347870,0,125419185,0,146267825,22118615,293805625,112728650,8070,74602420,106466485,293805625
2023-11-14,4045,4045,4015,4015,75100,-0.2484472049689441,-1812,2,14835,-13025,0,19294,2,55760,44,75100,21106,0,40925,13069,75100,-7318730,8050,59661760,-52351080,0,77600500,8050,224240530,176860,302025940,84919230,0,164578770,52527940,302025940
2023-11-15,4040,4095,4040,4065,239246,1.2453300124533,6165,5801,-49809,37843,0,74996,5801,99986,58463,239246,68831,0,149795,20620,239246,25095280,23581065,-202234775,153558430,0,304552455,23581065,405885340,237316570,971335430,279457175,0,608120115,83758140,971335430
2023-11-16,4065,4080,4055,4070,101880,0.12300123001230012,-9695,-2,-3100,12797,0,19318,0,52380,30182,101880,29013,2,55480,17385,101880,-39428095,-8140,-12672640,52108875,0,78594045,0,213003950,122833760,414431755,118022140,8140,225676590,70724885,414431755
2023-11-17,4070,4130,4060,4100,154535,0.7371007371007371,-33961,-3550,12118,25393,0,24720,0,82392,47423,154535,58681,3550,70274,22030,154535,-139110650,-14544365,49613265,104041750,0,101327155,0,337378495,194266025,632971675,240437805,14544365,287765230,90224275,632971675
2023-11-20,4100,4160,4100,4160,188394,1.4634146341463417,24775,-9454,-47723,32402,0,57912,1,86609,43872,188394,33137,9455,134332,11470,188394,102356950,-38991455,-197428125,134062630,0,239197155,4120,357560990,181331290,778093555,136840205,38995575,554989115,47268660,778093555
2023-11-21,4160,4200,4140,4145,153238,-0.3605769230769231,23759,-2495,-21780,516,0,51111,121,78223,23783,153238,27352,2616,100003,23267,153238,99061460,-10481685,-91059225,2479450,0,213078220,505485,326452455,99534855,639571015,114016760,10987170,417511680,97055405,639571015
2023-11-22,4145,4155,4120,4145,80289,0.0,5117,1,-3428,-1690,0,21038,1,46691,12559,80289,15921,0,50119,14249,80289,21173835,4135,-14202215,-6975755,0,87137175,4135,193097240,51947605,332186155,65963340,0,207299455,58923360,332186155
2023-11-23,4150,4170,4135,4150,67121,0.12062726176115801,-18827,0,18848,-21,0,11788,0,44532,10801,67121,30615,0,25684,10822,67121,-78087720,0,78197360,-109640,0,48880565,0,184744655,44819960,278445180,126968285,0,106547295,44929600,278445180
2023-11-24,4150,4175,4145,4160,97779,0.24096385542168677,-30832,0,-1144,31976,0,7252,0,50369,40158,97779,38084,0,51513,8182,97779,-128183205,0,-4877770,133060975,0,30163855,0,209463005,167088715,406715575,158347060,0,214340775,34027740,406715575
2023-11-27,4150,4195,4150,4190,116117,0.7211538461538461,8481,0,-34980,26499,0,26730,1,49300,40086,116117,18249,1,84280,13587,116117,35475640,5,-146230820,110755175,0,111774145,4180,206056215,167504060,485338600,76298505,4175,352287035,56748885,485338600
2023-11-28,4190,4195,4170,4195,116246,0.11933174224343676,-17437,4999,6196,6242,0,21806,5000,55902,33538,116246,39243,1,49706,27296,116246,-73056380,20920810,25930730,26204840,0,91341835,20925000,234200505,140546475,487013815,164398215,4190,208269775,114341635,487013815
2023-11-29,4195,4195,4180,4185,73771,-0.23837902264600713,3320,502,-3747,-75,0,15851,502,37256,20162,73771,12531,0,41003,20237,73771,13929785,2105880,-15763455,-272210,0,66425890,2105880,156056585,84489125,309077480,52496105,0,171820040,84761335,309077480
2023-11-30,4195,4270,4195,4270,340727,2.031063321385902,-1159,-22455,-147150,170764,0,24171,0,77422,239134,340727,25330,22455,224572,68370,340727,-5280725,-95515900,-625010165,725806790,0,102170575,0,326059900,1016637910,1444868385,107451300,95515900,951070065,290831120,1444868385
2023-12-01,4265,4375,4255,4335,1861264,1.5222482435597189,-30077,-36623,1258230,-1191530,0,40406,1377,1543219,276262,1861264,70483,38000,284989,1467792,1861264,-129941820,-158340050,5456900175,-5168618305,0,175138490,5989950,6689123690,1194528200,8064780330,305080310,164330000,1232223515,6363146505,8064780330
2023-12-04,4335,4360,4305,4350,237177,0.34602076124567477,-25616,-5195,-23175,53986,0,36009,0,108604,92564,237177,61625,5195,131779,38578,237177,-111616090,-22564375,-100798180,234978645,0,156665620,0,472097505,402774000,1031537125,268281710,22564375,572895685,167795355,1031537125
2023-12-05,4365,4365,4290,4320,241149,-0.6896551724137931,-41225,-855,-30367,72447,0,58466,153,80663,101867,241149,99691,1008,111030,29420,241149,-178168590,-3716700,-130852600,312737890,0,252064235,658020,348318905,439989515,1041030675,430232825,4374720,479171505,127251625,1041030675
2023-12-06,4325,4325,4245,4270,209968,-1.1574074074074074,-35096,920,45506,-11330,0,60610,1538,125060,22760,209968,95706,618,79554,34090,209968,-149016175,3919465,193591635,-48494925,0,258669850,6549055,533100620,97075460,895394985,407686025,2629590,339508985,145570385,895394985
2023-12-07,4300,4300,4200,4215,214705,-1.288056206088993,-28079,1730,66396,-40047,0,50560,3730,133992,26423,214705,78639,2000,67596,66470,214705,-118199995,7316450,279914790,-169031245,0,213177910,15736450,564777680,111628485,905320525,331377905,8420000,284862890,280659730,905320525
2023-12-08,4210,4245,4210,4230,118763,0.3558718861209964,32288,-4109,4856,-33035,0,54708,475,49621,13959,118763,22420,4584,44765,46994,118763,136512390,-17391070,20519635,-139640955,0,231259000,2009250,209791740,58988505,502048495,94746610,19400320,189272105,198629460,502048495
2023-12-11,4230,4230,4205,4220,151958,-0.2364066193853428,-30928,0,33562,-2634,0,48892,0,77428,25638,151958,79820,0,43866,28272,151958,-130107015,0,141184705,-11077690,0,206022280,0,326072390,108026935,640121605,336129295,0,184887685,119104625,640121605
2023-12-12,4220,4255,4215,4245,198687,0.5924170616113744,-9738,-54000,48098,15640,0,28700,0,139291,30696,198687,38438,54000,91193,15056,198687,-41310630,-228805000,203839875,66275755,0,121575910,0,590316525,130057995,841950430,162886540,228805000,386476650,63782240,841950430
2023-12-13,4250,4280,4235,4275,170251,0.7067137809187279,-12869,-5175,31097,-13053,0,46599,7510,104198,11944,170251,59468,12685,73101,24997,170251,-54706090,-22083375,132179830,-55390365,0,198185435,31915000,442980310,50873240,723953985,252891525,53998375,310800480,106263605,723953985
2023-12-14,4290,4370,4290,4315,409239,0.9356725146198831,-1093,9927,8852,-17686,0,80478,14605,259024,55132,409239,81571,4678,250172,72818,409239,-4661750,43262180,38303940,-76904370,0,349564510,63535700,1126371965,239467490,1778939665,354226260,20273520,1088068025,316371860,1778939665
2023-12-15,4310,4345,4260,4305,435883,-0.2317497103128621,64515,1708,93121,-159344,0,111463,1708,183729,138983,435883,46948,0,90608,298327,435883,277834050,7319220,400364795,-685518065,0,479052750,7319220,789990420,597080135,1873442525,201218700,0,389625625,1282598200,1873442525
2023-12-18,4305,4330,4225,4245,349973,-1.3937282229965158,-23305,0,89529,-66224,0,122259,0,202512,25202,349973,145564,0,112983,91426,349973,-98725855,0,381249010,-282523155,0,519782480,0,862082935,107392365,1489257780,618508335,0,480833925,389915520,1489257780
2023-12-19,4260,4260,4210,4225,222122,-0.47114252061248524,-41622,1020,68990,-28388,0,60730,1020,146035,14337,222122,102352,0,77045,42725,222122,-175563910,4309300,291276490,-120021880,0,256456510,4309300,616443585,60535275,937744670,432020420,0,325167095,180557155,937744670
2023-12-20,4215,4230,4195,4220,289379,-0.1183431952662722,-63769,70,98705,-35006,0,92797,70,179175,17337,289379,156566,0,80470,52343,289379,-268009450,294000,415401470,-147686020,0,390694500,294000,754606760,72993960,1218589220,658703950,0,339205290,220679980,1218589220
2023-12-21,4215,4230,4200,4220,293469,0.0,-16077,12000,37484,-33407,0,89860,12000,157596,34013,293469,105937,0,120112,67420,293469,-67295180,50692180,157273515,-140670515,0,378672760,50692180,663387245,143426680,1236178865,445967940,0,506113730,284097195,1236178865
2023-12-22,4230,4230,4185,4210,329276,-0.23696682464454977,-31404,-34937,65620,721,0,66269,0,231078,31929,329276,97673,34937,165458,31208,329276,-131440320,-147240200,275517020,3163500,0,279144530,0,972869560,134638595,1386652685,410584850,147240200,697352540,131475095,1386652685
2023-12-26,4225,4235,4150,4150,862430,-1.4251781472684086,-12037,-20597,146237,-113603,0,212480,6362,620227,23361,862430,224517,26959,473990,136964,862430,-49210085,-85915880,610619395,-475493430,0,888888790,26484795,2595789985,97694535,3608858105,938098875,112400675,1985170590,573187965,3608858105
2023-12-27,4010,4065,4000,4065,612955,-2.0481927710843375,4829,5336,12237,-22402,0,105246,11855,379310,116544,612955,100417,6519,367073,138946,612955,20194680,21791910,49218410,-91205000,0,425687620,48083670,1530370965,470621620,2474763875,405492940,26291760,1481152555,561826620,2474763875
2023-12-28,4095,4095,4055,4080,229749,0.36900369003690037,33371,-218,-20,-33133,0,87704,90,127133,14822,229749,54333,308,127153,47955,229749,135761120,-888300,-84025,-134788795,0,356896640,365950,517276910,60325350,934864850,221135520,1254250,517360935,195114145,934864850
2024-01-02,4090,4180,4080,4175,398624,2.3284313725490198,30879,-852,-185195,155168,0,79438,2,136723,182461,398624,48559,854,321918,27293,398624,127563425,-3539060,-767266460,643242095,0,329053830,8280,566862560,756117845,1652042515,201490405,3547340,1334129020,112875750,1652042515
2024-01-03,4175,4190,4155,4180,240153,0.11976047904191617,37697,14056,-73889,22136,0,72784,14056,112835,40478,240153,35087,0,186724,18342,240153,157122160,58613520,-308004005,92268325,0,303391510,58613520,470482490,168796050,1001283570,146269350,0,778486495,76527725,1001283570
2024-01-04,4145,4195,4145,4185,177955,0.11961722488038277,38981,0,-74849,35868,0,50960,0,82443,44552,177955,11979,0,157292,8684,177955,162917955,0,-312820910,149902955,0,213015525,0,344426975,186228555,743671055,50097570,0,657247885,36325600,743671055
2024-01-05,4180,4185,4105,4135,248402,-1.1947431302270013,49020,1000,33082,-83102,0,82127,1000,134602,30673,248402,33107,0,101520,113775,248402,202834910,4125000,136290070,-343249980,0,339418365,4125000,555853900,126686235,1026083500,136583455,0,419563830,469936215,1026083500
2024-01-08,4140,4175,4120,4130,141834,-0.12091898428053204,15856,11489,-14069,-13276,0,31123,26021,77059,7631,141834,15267,14532,91128,20907,141834,65860210,47857350,-58693220,-55024340,0,128986930,107916465,319159370,31618545,587681310,63126720,60059115,377852590,86642885,587681310
2024-01-09,4135,4160,4125,4135,119273,0.12106537530266344,12069,1,-29508,17438,0,42474,1,50683,26115,119273,30405,0,80191,8677,119273,49971270,4140,-122082220,72106810,0,175818725,4140,209826295,108042985,493692145,125847455,0,331908515,35936175,493692145
2024-01-10,4135,4150,4125,4140,139442,0.12091898428053204,-2157,-501,-6211,8869,0,43714,0,72764,22964,139442,45871,501,78975,14095,139442,-8847550,-2076635,-25809370,36733555,0,180772735,0,300742265,94998180,576513180,189620285,2076635,326551635,58264625,576513180
2024-01-11,4150,4170,4140,4140,155755,0.0,-20441,14107,-14004,20338,0,39355,15108,77110,24182,155755,59796,1001,91114,3844,155755,-84838355,58603975,-58293730,84528110,0,163375025,62773125,319994125,100460540,646602815,248213380,4169150,378287855,15932430,646602815
2024-01-12,4135,4140,4105,4110,148232,-0.7246376811594203,11658,-1984,26246,-35920,0,48540,2,96471,3219,148232,36882,1986,70225,39139,148232,48547635,-8203840,107986915,-148330710,0,200394305,8270,398195790,13244940,611843305,151846670,8212110,290208875,161575650,611843305
2024-01-15,4110,4120,4080,4105,191634,-0.12165450121654502,-33111,4385,41336,-12610,0,51150,4387,119338,16759,191634,84261,2,78002,29369,191634,-135068480,17912645,168579355,-51423520,0,209270510,17920825,487737065,68674175,783602575,344338990,8180,319157710,120097695,783602575
2024-01-16,4105,4110,4070,4085,112760,-0.48721071863580995,24635,17,-13551,-11101,0,44652,17,66142,1949,112760,20017,0,79693,13050,112760,100658700,69360,-55458000,-45270060,0,182361005,69360,269881095,7955710,460267170,81702305,0,325339095,53225770,460267170
2024-01-17,4085,4095,4040,4045,214406,-0.9791921664626682,47333,1,3164,-50498,0,77519,1,118531,18355,214406,30186,0,115367,68853,214406,192023620,4055,12723795,-204751470,0,314342835,4055,480235540,74440900,869023330,122319215,0,467511745,279192370,869023330
2024-01-18,4070,4075,4040,4055,116245,0.2472187886279357,-5705,-2,23418,-17711,0,36375,0,72771,7099,116245,42080,2,49353,24810,116245,-23021485,-8090,94755930,-71726355,0,147253000,0,294481005,28731785,470465790,170274485,8090,199725075,100458140,470465790
2024-01-19,4070,4075,4040,4045,117741,-0.2466091245376079,3047,-2,19194,-22239,0,31114,1,77691,8935,117741,28067,3,58497,31174,117741,12304945,-8115,77855340,-90152170,0,126091625,4055,314945430,36174945,477216055,113786680,12170,237090090,126327115,477216055
2024-01-22,4070,4070,4025,4045,196583,0.0,6513,77,-12802,6212,0,37686,77,149430,9390,196583,31173,0,162232,3178,196583,26346145,310330,-51711570,25055095,0,152204750,310330,603510395,37908080,793933555,125858605,0,655221965,12852985,793933555
2024-01-23,4065,4065,4025,4045,136121,0.0,-25114,114,37047,-12047,0,28091,133,86476,21421,136121,53205,19,49429,33468,136121,-101506785,458685,149716090,-48667990,0,113520680,535575,349632960,86697460,550386675,215027465,76890,199916870,135365450,550386675
2024-01-24,4040,4060,4020,4045,188062,0.0,3422,0,-4224,802,0,60224,0,97561,30277,188062,56802,0,101785,29475,188062,13923735,0,-17416600,3492865,0,242999195,0,393339155,122380780,758719130,229075460,0,410755755,118887915,758719130
2024-01-25,4045,4050,4030,4045,149721,0.0,47714,0,21062,-68776,0,56347,0,78554,14820,149721,8633,0,57492,83596,149721,192733565,0,85033775,-277767340,0,227622690,0,317264805,59872910,604760405,34889125,0,232231030,337640250,604760405
2024-01-26,4065,4065,4035,4050,179056,0.12360939431396785,44811,66,658,-45535,0,56917,100,100544,21495,179056,12106,34,99886,67030,179056,181256405,265790,2649980,-184172175,0,230225365,404000,406805595,86964975,724399935,48968960,138210,404155615,271137150,724399935
2024-01-29,4050,4060,4045,4050,164710,0.0,41908,-966,-25514,-15428,0,66435,0,77012,21263,164710,24527,966,102526,36691,164710,169886060,-3917130,-103446710,-62522220,0,269269845,0,312141855,86190170,667601870,99383785,3917130,415588565,148712390,667601870
2024-01-30,4070,4090,4045,4070,242937,0.49382716049382713,-1624,52,-15025,16597,0,60539,52,94789,87557,242937,62163,0,109814,70960,242937,-6671175,211385,-61342935,67802725,0,246053330,211385,385037425,356404505,987706645,252724505,0,446380360,288601780,987706645
2024-01-31,4070,4070,4060,4070,192432,0.0,61813,6778,5177,-73768,0,67420,6778,87376,30858,192432,5607,0,82199,104626,192432,251323860,27552570,20934030,-299810460,0,274118815,27552570,355201315,125519945,782392645,22794955,0,334267285,425330405,782392645
2024-02-01,4070,4120,4060,4120,315486,1.2285012285012284,2023,-1002,-38077,37056,0,82501,0,122025,110960,315486,80478,1002,160102,73904,315486,8265770,-4088180,-155831895,151654305,0,337264125,0,498431550,453764880,1289460555,328998355,4088180,654263445,302110575,1289460555
2024-02-02,4120,4130,4075,4105,323634,-0.3640776699029126,2427,979,43284,-46690,0,132430,979,140075,50150,323634,130003,0,96791,96840,323634,10889270,3999265,175770295,-190658830,0,542236855,3999265,572324350,205343735,1323904205,531347585,0,396554055,396002565,1323904205
2024-02-05,4105,4110,4060,4105,209520,0.0,-66640,735,18449,47456,0,25360,735,115919,67506,209520,92000,0,97470,20050,209520,-272174260,2991450,75004245,194178565,0,103472475,2991450,472715305,276047620,855226850,375646735,0,397711060,81869055,855226850
2024-02-06,4095,4115,4080,4105,180118,0.0,-12174,-3695,-34048,49917,0,47157,305,76669,55987,180118,59331,4000,110717,6070,180118,-49783700,-15169950,-139655630,204609280,0,193323285,1250050,314040360,229487315,738101010,243106985,16420000,453695990,24878035,738101010
2024-02-07,4100,4110,4080,4095,299232,-0.24360535931790497,-12901,740,-23100,35261,0,65762,747,155151,77572,299232,78663,7,178251,42311,299232,-52632620,3024620,-94731265,144339265,0,269074795,3053250,634473340,317397700,1223999085,321707415,28630,729204605,173058435,1223999085
2024-02-08,4100,4105,4085,4100,250481,0.1221001221001221,-4263,99,-20372,24536,0,60042,100,151960,38379,250481,64305,1,172332,13843,250481,-17486505,404900,-83470540,100552145,0,245913575,409000,622360530,157253870,1025936975,263400080,4100,705831070,56701725,1025936975
2024-02-13,4095,4105,4055,4070,408539,-0.7317073170731708,-25065,-7865,68104,-35174,0,87068,2380,300865,18226,408539,112133,10245,232761,53400,408539,-101940480,-32106210,277062345,-143015655,0,354681340,9689715,1225160905,74490310,1664022270,456621820,41795925,948098560,217505965,1664022270
2024-02-14,4060,4060,4020,4025,368083,-1.1056511056511056,506,-8808,83687,-75385,0,52957,1193,299972,13961,368083,52451,10001,216285,89346,368083,2112080,-35489560,337306210,-303928730,0,213424275,4814470,1209305475,56285085,1483829305,211312195,40304030,871999265,360213815,1483829305
2024-02-15,4035,4055,4025,4055,112453,0.7453416149068323,27663,-8575,-13256,-5832,0,43316,1425,64212,3500,112453,15653,10000,77468,9332,112453,111803710,-34705855,-53637985,-23459870,0,175031665,5744145,259413540,14164040,454353390,63227955,40450000,313051525,37623910,454353390
2024-02-16,4055,4070,4045,4060,100577,0.12330456226880394,15549,-1000,-5397,-9152,0,28956,0,71335,286,100577,13407,1000,76732,9438,100577,63147965,-4065000,-21916910,-37166055,0,117503255,0,289391485,1159340,408054080,54355290,4065000,311308395,38325395,408054080
2024-02-19,4060,4065,4035,4040,208908,-0.49261083743842365,-10236,240,1875,8121,0,20200,240,179302,9166,208908,30436,0,177427,1045,208908,-41478285,969700,7620465,32888120,0,81685290,969700,725150705,37116890,844922585,123163575,0,717530240,4228770,844922585
2024-02-20,4050,4055,4030,4040,184426,0.0,7042,140,-8046,864,0,28241,140,148632,7413,184426,21199,0,156678,6549,184426,28456355,565000,-32570175,3548820,0,114097315,565000,600742360,30015640,745420315,85640960,0,633312535,26466820,745420315
2024-02-21,4045,4045,4020,4030,205465,-0.24752475247524752,-7041,-2373,12152,-2738,0,34870,626,161442,8527,205465,41911,2999,149290,11265,205465,-28425375,-9566245,49043540,-11051920,0,140481905,2519725,650245290,34341735,827588655,168907280,12085970,601201750,45393655,827588655
2024-02-22,4030,4040,4015,4040,199052,0.24813895781637718,-15949,2260,43631,-29942,0,42820,2260,138063,15909,199052,58769,0,94432,45851,199052,-63880170,9074700,175365515,-120560045,0,172344625,9074700,555447840,64068335,800935500,236224795,0,380082325,184628380,800935500
2024-02-23,4045,4045,4025,4035,171642,-0.12376237623762376,16097,100,-34261,18064,0,50680,100,98728,22134,171642,34583,0,132989,4070,171642,64987485,402500,-138242890,72852905,0,204432365,402500,398219255,89267070,692321190,139444880,0,536462145,16414165,692321190
2024-02-26,4040,4040,4025,4040,187094,0.12391573729863693,15068,250,-28224,12906,0,55504,250,104105,27235,187094,40436,0,132329,14329,187094,60871570,1007500,-113906360,52027290,0,223840520,1007500,419416970,109805110,754070100,162968950,0,533323330,57777820,754070100
2024-02-27,4040,4045,4020,4025,170652,-0.3712871287128713,10374,1798,6909,-19081,0,52103,1799,108577,8173,170652,41729,1,101668,27254,170652,41756780,7245095,27782800,-76784675,0,209967990,7249120,437574600,32954340,687746050,168211210,4025,409791800,109739015,687746050
2024-02-28,4025,4040,4020,4040,185943,0.37267080745341613,14310,10016,-28691,4365,0,55957,10016,108934,11036,185943,41647,0,137625,6671,185943,57860175,40414405,-115881235,17606655,0,225623205,40414405,438809215,44473635,749320460,167763030,0,554690450,26866980,749320460
2024-02-29,4045,4120,4025,4120,863268,1.9801980198019802,-15947,198,-156877,172626,0,31080,501640,77615,252933,863268,47027,501442,234492,80307,863268,-65751190,709565,-643247825,708289450,0,126371480,2066650605,315551535,1038071330,3546644950,192122670,2065941040,958799360,329781880,3546644950
2024-03-04,4120,4120,4080,4100,274885,-0.48543689320388345,11137,26750,5319,-43206,0,68031,26750,147880,32224,274885,56894,0,142561,75430,274885,45588230,109562000,21829280,-176979510,0,278495900,109562000,605780655,132073880,1125912435,232907670,0,583951375,309053390,1125912435
2024-03-05,4095,4150,4090,4145,377869,1.097560975609756,46668,99,-185401,138634,0,103048,100,124300,150421,377869,56380,1,309701,11787,377869,192961475,405890,-765020830,571653465,0,425182170,410000,512036540,620160150,1557788860,232220695,4110,1277057370,48506685,1557788860
2024-03-06,4145,4200,4115,4185,453190,0.9650180940892641,81565,1515,-112126,29046,0,182654,1515,189507,79514,453190,101089,0,301633,50468,453190,341057740,6358000,-467216120,119800380,0,763189275,6358000,791124630,330476750,1891148655,422131535,0,1258340750,210676370,1891148655
2024-03-07,4185,4235,4160,4185,319270,0.0,67509,410,-40388,-27531,0,117871,560,150945,49894,319270,50362,150,191333,77425,319270,283061185,1732350,-170474455,-114319080,0,495099750,2365350,634372055,210312725,1342149880,212038565,633000,804846510,324631805,1342149880
2024-03-08,4160,4200,4155,4170,263409,-0.35842293906810035,67385,-27462,-14905,-25018,0,107875,16,123650,31868,263409,40490,27478,138555,56886,263409,281176110,-114352275,-62160685,-104663150,0,450253285,66590,515971765,132981990,1099273630,169077175,114418865,578132450,237645140,1099273630
2024-03-11,4200,4210,4165,4210,267792,0.9592326139088728,25807,-5148,-48388,27729,0,78722,1232,113803,74035,267792,52915,6380,162191,46306,267792,108510325,-21583620,-203118040,116191335,0,330551560,5154260,477165050,310620235,1123491105,222041235,26737880,680283090,194428900,1123491105
2024-03-12,4205,4220,4185,4210,275231,0.0,47888,6844,31714,-86446,0,117346,13275,140470,4140,275231,69458,6431,108756,90586,275231,201604935,28670560,132812835,-363088330,0,493370130,55768800,590388060,17410245,1156937235,291765195,27098240,457575225,380498575,1156937235
2024-03-13,4225,4225,4175,4195,230504,-0.35629453681710216,47873,7160,-5314,-49719,0,94843,7160,118905,9596,230504,46970,0,124219,59315,230504,200581220,29981800,-22317380,-208245640,0,397221930,29981800,498119090,40161910,965484730,196640710,0,520436470,248407550,965484730
2024-03-14,4195,4205,4155,4180,271809,-0.3575685339690107,8389,10224,31031,-49644,0,84954,10224,144845,31786,271809,76565,0,113814,81430,271809,35453685,42860475,129247390,-207561550,0,354885710,42860475,604389095,132645510,1134780790,319432025,0,475141705,340207060,1134780790
2024-03-15,4180,4180,4115,4135,470040,-1.076555023923445,47604,6530,52924,-107058,0,81357,6530,242772,139381,470040,33753,0,189848,246439,470040,197296630,27072625,218996205,-443365460,0,337390720,27072625,1005323985,576886495,1946673825,140094090,0,786327780,1020251955,1946673825
2024-03-18,4150,4150,4080,4095,292843,-0.9673518742442563,-13256,3139,96744,-86627,0,56032,3139,227498,6174,292843,69288,0,130754,92801,292843,-54361370,12892260,397104790,-355635680,0,230123030,12892260,933588870,25420600,1202024760,284484400,0,536484080,381056280,1202024760
2024-03-19,4100,4115,4060,4110,349547,0.3663003663003663,-27086,-49142,51625,24603,0,58957,458,236025,54107,349547,86043,49600,184400,29504,349547,-110149630,-200188510,210147140,100191000,0,240446210,1864795,961670595,220622710,1424604310,350595840,202053305,751523455,120431710,1424604310
2024-03-20,4110,4110,4070,4085,250244,-0.6082725060827251,13250,-7680,9800,-15370,0,93841,2320,149443,4640,250244,80591,10000,139643,20010,250244,54241435,-31410100,39835415,-62666750,0,382987610,9452400,609328420,18914060,1020682490,328746175,40862500,569493005,81580810,1020682490
2024-03-21,4120,4120,4080,4095,332781,0.24479804161566704,-23093,-64341,89225,-1791,0,103901,1200,209636,18044,332781,126994,65541,120411,19835,332781,-94484885,-263011000,364851650,-7355765,0,425060945,4902000,857379760,73838060,1361180765,519545830,267913000,492528110,81193825,1361180765
2024-03-22,4095,4140,4090,4140,432314,1.098901098901099,-69534,-31269,-88121,188924,0,92915,20731,125602,193066,432314,162449,52000,213723,4142,432314,-285362395,-128563935,-363319780,777246110,0,382235355,85165755,516238680,794264465,1777904255,667597750,213729690,879558460,17018355,1777904255
2024-03-25,4160,4185,4120,4175,359102,0.8454106280193237,-106396,1176,-29449,134669,0,77470,18366,112457,150809,359102,183866,17190,141906,16140,359102,-442573010,4670770,-122981630,560883870,0,322387055,76227070,467799725,627953815,1494367665,764960065,71556300,590781355,67069945,1494367665
2024-03-26,4170,4185,4160,4180,238638,0.11976047904191617,1074,-18126,-27960,45012,0,96985,10430,79077,52146,238638,95911,28556,107037,7134,238638,4613155,-75690800,-116915215,187992860,0,404954590,43530500,330169215,217761440,996415745,400341435,119221300,447084430,29768580,996415745
2024-03-27,4180,4190,4150,4175,262000,-0.11961722488038277,-18430,-26985,-16070,61485,0,67434,700,114367,79499,262000,85864,27685,130437,18014,262000,-76807375,-112293120,-67220330,256320825,0,281016925,2915000,476371040,331429140,1091732105,357824300,115208120,543591370,75108315,1091732105
2024-03-28,4190,4195,4155,4170,354917,-0.11976047904191617,86385,-11319,-132614,57548,0,166329,3681,77798,107109,354917,79944,15000,210412,49561,354917,360673695,-47315635,-553504240,240146180,0,694085010,15334365,324414735,446873320,1480707430,333411315,62650000,877918975,206727140,1480707430
2024-03-29,4170,4170,4140,4140,329899,-0.7194244604316548,38154,39976,24072,-102202,0,130345,39976,158801,777,329899,92191,0,134729,102979,329899,158447025,165945760,99624150,-424016935,0,541042215,165945760,658768905,3227290,1368984170,382595190,0,559144755,427244225,1368984170
2024-04-01,4140,4155,4110,4110,294708,-0.7246376811594203,55734,-19300,38355,-74789,0,125783,700,164406,3819,294708,70049,20000,126051,78608,294708,230119485,-79333295,157720790,-308506980,0,518788885,2879000,677417225,15710100,1214795210,288669400,82212295,519696435,324217080,1214795210
2024-04-02,4115,4120,4080,4120,353637,0.24330900243309003,30982,-9600,-18670,-2712,0,130451,10400,148499,64287,353637,99469,20000,167169,66999,353637,127658300,-39004390,-77190000,-11463910,0,535509825,42834500,608302730,263807815,1450454870,407851525,81838890,685492730,275271725,1450454870
2024-04-03,4115,4145,4095,4140,210106,0.48543689320388345,25395,5343,-50170,19432,0,47986,15343,100603,46174,210106,22591,10000,150773,26742,210106,104631665,22255770,-206892425,80004990,0,197979765,63537160,414419265,190551335,866487525,93348100,41281390,621311690,110546345,866487525
2024-04-04,4140,4150,4105,4145,219347,0.12077294685990338,55505,-24705,-84953,54153,0,92412,240,64023,62672,219347,36907,24945,148976,8519,219347,229472315,-102168975,-351007140,223703800,0,382079660,993600,264402490,258915565,906391315,152607345,103162575,615409630,35211765,906391315
2024-04-05,4140,4145,4120,4140,202610,-0.12062726176115801,17819,3284,28308,-49411,0,59863,6284,106009,30454,202610,42044,3000,77701,79865,202610,73661810,13601510,116995935,-204259255,0,247339420,26006510,438141885,125959820,837447635,173677610,12405000,321145950,330219075,837447635
2024-04-08,4130,4135,4080,4090,241671,-1.2077294685990339,96004,-13618,-28142,-54244,0,109235,1385,130241,810,241671,13231,15003,158383,55054,241671,393626615,-55708005,-115473270,-222445340,0,448026180,5659750,533767650,3318170,990771750,54399565,61367755,649240920,225763510,990771750
2024-04-09,4095,4095,4075,4085,186530,-0.12224938875305623,44544,-28865,15699,-31378,0,55648,15548,114387,947,186530,11104,44413,98688,32325,186530,181954695,-117831960,63978075,-128100810,0,227313365,63435915,467165740,3868550,761783570,45358670,181267875,403187665,131969360,761783570
2024-04-11,4080,4095,4045,4065,295205,-0.4895960832313341,-68249,9882,51154,7213,0,66669,9882,158020,60634,295205,134918,0,106866,53421,295205,-276689270,40291360,207354360,29043550,0,270681890,40291360,641058805,246178395,1198210450,547371160,0,433704445,217134845,1198210450
2024-04-12,4070,4090,4050,4075,405031,0.24600246002460024,-124557,-35896,91434,69019,0,84281,4427,225746,90577,405031,208838,40323,134312,21558,405031,-507524980,-145863735,372344600,281044115,0,343009990,18002180,919166130,368783625,1648961925,850534970,163865915,546821530,87739510,1648961925
2024-04-15,4075,4075,4050,4065,269148,-0.245398773006135,47902,-36900,19961,-30963,0,75105,3100,172765,18178,269148,27203,40000,152804,49141,269148,194434995,-149591465,80772260,-125615790,0,304855305,12573000,701192780,73770935,1092392020,110420310,162164465,620420520,199386725,1092392020
2024-04-16,4050,4050,3990,4005,558356,-1.4760147601476015,74052,-35760,129435,-167727,0,128966,4240,415942,9208,558356,54914,40000,286507,176935,558356,297261305,-143307965,518794115,-672747455,0,517179330,17009100,1668237425,37022990,2239448845,219918025,160317065,1149443310,709770445,2239448845
2024-04-17,3995,4010,3990,4000,421965,-0.12484394506866417,5431,-48361,80401,-37471,0,89913,1639,321626,8787,421965,84482,50000,241225,46258,421965,21797100,-193323315,321192640,-149666425,0,359438220,6548000,1285147245,35139115,1686272580,337641120,199871315,963954605,184805540,1686272580
2024-04-18,4000,4020,3995,4020,217798,0.5,-17766,-28800,47344,-778,0,63675,1200,127236,25687,217798,81441,30000,79892,26465,217798,-71257475,-115202150,189504120,-3044495,0,255379950,4815500,509649475,103107680,872952605,326637425,120017650,320145355,106152175,872952605
2024-04-19,4020,4040,4000,4040,218881,0.4975124378109453,-12183,-18552,28860,1875,0,48660,1451,143945,24825,218881,60843,20003,115085,22950,218881,-49209370,-74390165,116349110,7250425,0,195272850,5822265,578105125,99501760,878702000,244482220,80212430,461756015,92251335,878702000
2024-04-22,4035,4065,4025,4040,275608,0.0,-16941,-38928,65050,-9181,0,71053,947,186026,17582,275608,87994,39875,120976,26763,275608,-68426850,-157105450,262509875,-36977575,0,286903465,3821705,751115165,71098735,1112939070,355330315,160927155,488605290,108076310,1112939070
2024-04-23,4040,4050,4005,4040,245732,0.0,18098,-35558,-2819,20279,0,62086,591,137743,45312,245732,43988,36149,140562,25033,245732,73042755,-143343660,-11698890,81999795,0,250626330,2384390,555982930,182918340,991911990,177583575,145728050,567681820,100918545,991911990
2024-04-24,4040,4050,4030,4050,184081,0.24752475247524752,11868,1960,-26050,12222,0,64633,1960,102730,14758,184081,52765,0,128780,2536,184081,47906140,7917750,-105160925,49337035,0,261063095,7917750,415099005,59583415,743663265,213156955,0,520259930,10246380,743663265
2024-04-25,4050,4070,4035,4060,245454,0.24691358024691357,-50236,-10423,13898,46761,0,48122,230,114309,82793,245454,98358,10653,100411,36032,245454,-203897695,-42164455,56131910,189930240,0,195017350,930200,463091500,335772710,994811760,398915045,43094655,406959590,145842470,994811760
2024-04-26,4055,4060,4020,4035,354202,-0.6157635467980296,13603,3437,-7949,-9091,0,84901,3437,239843,26021,354202,71298,0,247792,35112,354202,54935985,13864350,-31862625,-36937710,0,342547560,13864350,966743330,104938600,1428093840,287611575,0,998605955,141876310,1428093840
2024-04-29,4040,4050,4015,4030,250970,-0.12391573729863693,-28515,-1257,38442,-8670,0,55858,120,169075,25917,250970,84373,1377,130633,34587,250970,-114576485,-5060025,154566195,-34929685,0,224918080,482400,680370135,104320650,1010091265,339494565,5542425,525803940,139250335,1010091265
2024-04-30,4030,4030,4005,4030,303427,0.0,-11392,2060,-478,9810,0,55834,2060,229468,16065,303427,67226,0,229946,6255,303427,-45852350,8274100,-1936815,39515065,0,224263860,8274100,921704785,64629665,1218872410,270116210,0,923641600,25114600,1218872410
2024-05-02,4030,4035,3995,4035,255533,0.12406947890818859,-85522,500,23062,61960,0,34456,500,139514,81063,255533,119978,0,116452,19103,255533,-343824815,2005000,92434165,249385650,0,138575855,2005000,560400810,326045160,1027026825,482400670,0,467966645,76659510,1027026825
2024-05-03,4035,4040,4025,4040,215817,0.12391573729863693,-35616,1087,11080,23449,0,73718,1087,109321,31691,215817,109334,0,98241,8242,215817,-143503870,4381045,44578555,94544270,0,297364815,4381045,440830210,127812115,870388185,440868685,0,396251655,33267845,870388185
2024-05-07,4040,4060,4040,4060,385467,0.49504950495049505,-58471,1000,-1442,58913,0,124934,1000,192426,67107,385467,183405,0,193868,8194,385467,-236964705,4045000,-5788530,238708235,0,505942590,4045000,779459985,271894785,1561342360,742907295,0,785248515,33186550,1561342360
2024-05-08,4055,4150,4050,4150,582356,2.2167487684729066,-103099,-1659,-264476,369234,0,46087,741,131357,404171,582356,149186,2400,395833,34937,582356,-424416835,-6810990,-1089387345,1520615170,0,189199870,3045510,538924975,1664265955,2395436310,613616705,9856500,1628312320,143650785,2395436310
2024-05-09,4150,4150,4115,4130,339249,-0.48192771084337355,-57334,62514,-30020,24840,0,29693,62514,172253,74789,339249,87027,0,202273,49949,339249,-237195775,258491200,-124066965,102771540,0,122723365,258491200,712478110,309410865,1403103540,359919140,0,836545075,206639325,1403103540
2024-05-10,4130,4155,4125,4145,494265,0.36319612590799033,-37219,-2063,-132820,172102,0,89834,937,205440,198054,494265,127053,3000,338260,25952,494265,-154199960,-8544015,-550117525,712861500,0,372227395,3890985,850740525,820318570,2047177475,526427355,12435000,1400858050,107457070,2047177475
2024-05-13,4150,4175,4145,4175,491979,0.7237635705669482,-3180,-140,-191727,195047,0,131121,2823,146922,211113,491979,134301,2963,338649,16066,491979,-12901685,-586630,-798723470,812211785,0,546678960,11763895,611938075,879153375,2049534305,559580645,12350525,1410661545,66941590,2049534305
2024-05-14,4160,4175,4140,4155,250562,-0.47904191616766467,5423,14300,96874,-116597,0,28033,14300,199960,8269,250562,22610,0,103086,124866,250562,22580310,59416500,401942220,-483939030,0,116434150,59416500,830183315,34332030,1040365995,93853840,0,428241095,518271060,1040365995
2024-05-16,4170,4180,4150,4175,350558,0.48134777376654636,-168296,-719,52010,117005,0,19311,0,207925,123322,350558,187607,719,155915,6317,350558,-702114445,-3001825,217068090,488048180,0,80401970,0,866795640,514395000,1461592610,782516415,3001825,649727550,26346820,1461592610
2024-05-17,4170,4190,4165,4190,327528,0.3592814371257485,-85827,14000,-57712,129539,0,52503,14000,130512,130513,327528,138330,0,188224,974,327528,-358830635,58615000,-241796710,542012345,0,219588480,58615000,545562445,546081705,1369847630,578419115,0,787359155,4069360,1369847630
2024-05-20,4195,4205,4140,4155,435938,-0.8353221957040573,-99252,-2014,180701,-79435,0,134339,2000,265631,33968,435938,233591,4014,84930,113403,435938,-412565550,-8443730,752334895,-331325615,0,559243255,8400000,1107051945,141326710,1816021910,971808805,16843730,354717050,472652325,1816021910
2024-05-21,4175,4175,4145,4145,219798,-0.24067388688327318,-25442,42000,37856,-54414,0,57171,42000,104504,16123,219798,82613,0,66648,70537,219798,-105752710,174800000,157105255,-226152545,0,237339965,174800000,433973375,66961855,913075195,343092675,0,276868120,293114400,913075195
2024-05-22,4145,4150,4100,4130,363269,-0.3618817852834741,-120355,9775,75254,35326,0,85532,10575,194343,72819,363269,205887,800,119089,37493,363269,-495523940,40425725,309425650,145672565,0,352856815,43725725,801245275,300537160,1498364975,848380755,3300000,491819625,154864595,1498364975
2024-05-23,4130,4130,4100,4120,250893,-0.24213075060532688,-45214,7180,51912,-13878,0,71191,7180,151665,20857,250893,116405,0,99753,34735,250893,-185404275,29563350,213075590,-57234665,0,293288285,29563350,624083655,85918305,1032853595,478692560,0,411008065,143152970,1032853595
2024-05-24,4130,4130,4090,4120,218678,0.0,-50851,21629,-951,30173,0,59428,23854,88015,47381,218678,110279,2225,88966,17208,218678,-209212885,89139090,-3821225,123895020,0,244641050,98309715,362258875,194681380,899891020,453853935,9170625,366080100,70786360,899891020
2024-05-27,4120,4145,4100,4140,438454,0.48543689320388345,-135722,4996,131320,-594,0,77537,4996,327253,28668,438454,213259,0,195933,29262,438454,-560812455,20523950,542494495,-2205990,0,319912420,20523950,1350723895,118493290,1809653555,880724875,0,808229400,120699280,1809653555
2024-05-28,4140,4155,4125,4150,317943,0.24154589371980675,-101197,20663,42373,38161,0,80753,20663,171301,45226,317943,181950,0,128928,7065,317943,-419260445,85511125,175463395,158285925,0,334557195,85511125,710050480,187543120,1317661920,753817640,0,534587085,29257195,1317661920
2024-05-29,4150,4155,4095,4110,340438,-0.9638554216867471,-164645,17323,147977,-655,0,66677,17323,214537,41901,340438,231322,0,66560,42556,340438,-676584055,71367800,608894665,-3678410,0,274709985,71367800,883465250,172022340,1401565375,951294040,0,274570585,175700750,1401565375
2024-05-30,4110,4110,4090,4110,153855,0.0,-18016,2800,25557,-10341,0,41435,2800,102479,7141,153855,59451,0,76922,17482,153855,-73753055,11475000,104595130,-42317075,0,169780080,11475000,419836275,29314380,630405735,243533135,0,315241145,71631455,630405735
2024-05-31,4110,4150,4110,4120,353669,0.24330900243309003,-78712,1600,-21732,98844,0,12918,1600,123536,215615,353669,91630,0,145268,116771,353669,-325489360,6605775,-90332520,409216105,0,53425870,6605775,510487615,890776050,1461295310,378915230,0,600820135,481559945,1461295310
2024-06-03,4140,4140,4105,4120,266460,0.0,-6295,3900,-14994,17389,0,82116,3900,132641,47803,266460,88411,0,147635,30414,266460,-25810180,16035500,-61725870,71500550,0,337904950,16035500,545750690,196702325,1096393465,363715130,0,607476560,125201775,1096393465
2024-06-04,4125,4130,4110,4120,215778,0.0,-62709,-7730,106569,-36130,0,38787,2670,157570,16751,215778,101496,10400,51001,52881,215778,-258509565,-31912250,439259150,-148837335,0,159824200,10987750,649422515,69104870,889339335,418333765,42900000,210163365,217942205,889339335
2024-06-05,4130,4130,4105,4110,345482,-0.24271844660194172,-79740,-900,62138,18502,0,68319,100,249120,27943,345482,148059,1000,186982,9441,345482,-327758595,-3704000,255308275,76154320,0,281160515,411000,1025282925,115021245,1421875685,608919110,4115000,769974650,38866925,1421875685
2024-06-07,4120,4170,4110,4165,549829,1.338199513381995,-13602,-4519,-190570,208691,0,118473,3831,210551,216974,549829,132075,8350,401121,8283,549829,-56634305,-18825910,-790860675,866320890,0,492562490,15935090,873895185,900666270,2283059035,549196795,34761000,1664755860,34345380,2283059035
2024-06-10,4165,4165,4140,4160,214859,-0.12004801920768307,1537,11702,341,-13580,0,37611,11702,131970,33576,214859,36074,0,131629,47156,214859,6550930,48629045,1246755,-56426730,0,156330035,48629045,548031115,139494645,892484840,149779105,0,546784360,195921375,892484840
2024-06-11,4160,4165,4135,4145,341350,-0.3605769230769231,-8610,17713,99465,-108568,0,84420,17713,228718,10499,341350,93030,0,129253,119067,341350,-36084300,73517340,412464710,-449897750,0,350312040,73517340,949108240,43671825,1416609445,386396340,0,536643530,493569575,1416609445
2024-06-12,4140,4150,4130,4140,196816,-0.12062726176115801,11103,-3838,-8129,864,0,77417,7535,91360,20504,196816,66314,11373,99489,19640,196816,45975230,-15946185,-33604560,3575515,0,320524510,31194900,378273945,84886115,814879470,274549280,47141085,411878505,81310600,814879470
2024-06-13,4140,4160,4130,4140,280036,0.0,10674,1365,15172,-27211,0,69925,1365,159785,48961,280036,59251,0,144613,76172,280036,44238585,5656100,62903955,-112798640,0,289979175,5656100,662413655,202877215,1160926145,245740590,0,599509700,315675855,1160926145
2024-06-14,4150,4150,4130,4135,279673,-0.12077294685990338,-855,6547,10801,-16493,0,137998,8547,127841,5287,279673,138853,2000,117040,21780,279673,-3487760,27103580,44587325,-68203145,0,570941540,35383580,528922615,21884045,1157131780,574429300,8280000,484335290,90087190,1157131780
2024-06-17,4150,4150,4125,4135,279761,0.0,-32526,865,37796,-6135,0,98231,865,157727,22938,279761,130757,0,119931,29073,279761,-134118220,3574275,155891915,-25347970,0,406153165,3574275,651701800,94802440,1156231680,540271385,0,495809885,120150410,1156231680
2024-06-18,4145,4145,4120,4130,269738,-0.12091898428053204,-56586,999,59705,-4118,0,69110,1000,169584,30044,269738,125696,1,109879,34162,269738,-233321775,4120875,246400140,-17199240,0,285530730,4125000,700256675,124040230,1113952635,518852505,4125,453856535,141239470,1113952635
2024-06-19,4130,4130,4105,4115,345699,-0.36319612590799033,8411,-11847,57188,-53752,0,130379,601,204286,10433,345699,121968,12448,147098,64185,345699,34912580,-48811170,235180125,-221281535,0,536480310,2470110,840637355,42924775,1422512550,501567730,51281280,605457230,264206310,1422512550
2024-06-20,4115,4120,4090,4105,339098,-0.24301336573511542,-30273,10469,42762,-22958,0,88974,10470,228701,10953,339098,119247,1,185939,33911,339098,-123800815,42849555,175065460,-94114200,0,364604790,42853650,936977150,44853065,1389288655,488405605,4095,761911690,138967265,1389288655
2024-06-21,4105,4160,4090,4160,637613,1.3398294762484775,-35843,1000,-145630,180473,0,76723,1000,203753,356137,637613,112566,0,349383,175664,637613,-148604400,4100000,-604602940,749107340,0,315551175,4100000,837499920,1476670680,2633821775,464155575,0,1442102860,727563340,2633821775
2024-06-24,4150,4150,4130,4135,220352,-0.6009615384615385,5199,7331,-18572,6042,0,50728,10331,146202,13091,220352,45529,3000,164774,7049,220352,21590900,30338690,-76983910,25054320,0,210033690,42743690,605229815,54222740,912229935,188442790,12405000,682213725,29168420,912229935
2024-06-25,4140,4145,4120,4130,532913,-0.12091898428053204,125257,-3834,-161726,40303,0,208437,1660,272135,50681,532913,83180,5494,433861,10378,532913,517816195,-15829720,-668521260,166534785,0,861727750,6860500,1124777555,209452170,2202817975,343911555,22690220,1793298815,42917385,2202817975
2024-06-26,4130,4140,4120,4130,779250,0.0,203373,-9200,-272521,78348,0,296675,800,381873,99902,779250,93302,10000,654394,21554,779250,840366565,-38002500,-1126190000,323825935,0,1225597520,3297500,1576773115,412815815,3218483950,385230955,41300000,2702963115,88989880,3218483950
2024-06-27,4000,4020,3990,4015,1110549,-2.784503631961259,-151207,41639,368455,-258887,0,131932,45388,850148,83081,1110549,283139,3749,481693,341968,1110549,-605898225,166753985,1475341995,-1036197755,0,528253890,181774730,3404220755,332962635,4447212010,1134152115,15020745,1928878760,1369160390,4447212010
2024-06-28,4020,4020,3975,3980,682766,-0.8717310087173101,-38247,8200,341944,-311897,0,84324,8200,571487,18755,682766,122571,0,229543,330652,682766,-152360800,32718140,1363813710,-1244171050,0,336271705,32718140,2279099675,74714555,2722804075,488632505,0,915285965,1318885605,2722804075
2024-07-01,4000,4000,3945,3965,649914,-0.37688442211055273,9473,12232,112044,-133749,0,191543,12232,427255,18884,649914,182070,0,315211,152633,649914,37257865,48440355,444181000,-529879220,0,757878360,48440355,1691719660,74836580,2572874955,720620495,0,1247538660,604715800,2572874955
2024-07-02,3960,3960,3935,3940,415988,-0.6305170239596469,46989,4738,1742,-53469,0,150320,14738,229975,20955,415988,103331,10000,228233,74424,415988,185490195,18728325,6771495,-210990015,0,593023790,58128325,907056460,82609950,1640818525,407533595,39400000,900284965,293599965,1640818525
2024-07-03,3935,3940,3915,3915,590607,-0.6345177664974619,-27158,-9450,19786,16822,0,126679,5150,388341,70437,590607,153837,14600,368555,53615,590607,-106729775,-36971850,77840775,65860850,0,498105845,20219150,1526825245,276790890,2321941130,604835620,57191000,1448984470,210930040,2321941130
2024-07-04,3935,3935,3840,3845,889235,-1.7879948914431671,-176045,-51496,236111,-8570,0,182866,11960,682160,12249,889235,358911,63456,446049,20819,889235,-678685995,-199313110,911690455,-33691350,0,705914260,46100750,2637416425,47336735,3436768170,1384600255,245413860,1725725970,81028085,3436768170
2024-07-05,3850,3850,3770,3820,1112095,-0.6501950585175552,-162426,-27164,104290,85300,0,211609,9801,787789,102896,1112095,374035,36965,683499,17596,1112095,-614163275,-103523705,394047160,323639820,0,801969255,37094890,2983852260,390243620,4213160025,1416132530,140618595,2589805100,66603800,4213160025
2024-07-08,3805,3860,3775,3860,682438,1.0471204188481675,-234466,-4292,56037,182721,0,83950,1708,334140,262640,682438,318416,6000,278103,79919,682438,-888062285,-16204340,208107990,696158635,0,318502895,6475660,1266215610,1000294845,2591489010,1206565180,22680000,1058107620,304136210,2591489010
2024-07-09,3855,3860,3790,3810,565566,-1.2953367875647668,-138149,-941,257427,-118337,0,138018,1650,380489,45409,565566,276167,2591,123062,163746,565566,-524592490,-3609905,978311340,-450108945,0,525861915,6274750,1447520035,173529660,2153186360,1050454405,9884655,469208695,623638605,2153186360
2024-07-10,3820,3820,3800,3805,349741,-0.13123359580052493,-111455,551,96367,14537,0,117223,551,198066,33901,349741,228678,0,101699,19364,349741,-424114805,2096555,366708585,55309665,0,446310305,2096555,753766660,129034220,1331207740,870425110,0,387058075,73724555,1331207740
2024-07-11,3805,3850,3805,3840,410665,0.9198423127463863,-110464,-5348,53012,62800,0,138611,652,195641,75761,410665,249075,6000,142629,12961,410665,-421651135,-20422750,202077525,239996360,0,530460205,2500420,748294265,289609675,1570864565,952111340,22923170,546216740,49613315,1570864565
2024-07-12,3870,3915,3850,3910,442011,1.8229166666666667,-75104,-6001,17080,64025,0,158852,0,199916,83243,442011,233956,6001,182836,19218,442011,-291629440,-23373880,66032580,248970740,0,617038575,0,776679205,323522215,1717239995,908668015,23373880,710646625,74551475,1717239995
2024-07-15,3925,3925,3885,3900,363687,-0.2557544757033248,-60276,-800,72167,-11091,0,139580,5200,193830,25077,363687,199856,6000,121663,36168,363687,-234498305,-3128500,281015760,-43388955,0,544020570,20271500,755195735,97745540,1417233345,778518875,23400000,474179975,141134495,1417233345
2024-07-16,3910,3910,3890,3910,357538,0.2564102564102564,-61397,-5300,5627,61070,0,162605,700,119642,74591,357538,224002,6000,114015,13521,357538,-238972210,-20645000,21580430,238036780,0,633516970,2725000,466029285,290698905,1392970160,872489180,23370000,444448855,52662125,1392970160
2024-07-17,3910,3945,3910,3930,545071,0.5115089514066496,-151629,6000,51831,93798,0,208036,12000,169407,155628,545071,359665,6000,117576,61830,545071,-595102745,23487500,203383365,368231880,0,817036200,47097500,665256135,610913230,2140303065,1412138945,23610000,461872770,242681350,2140303065
2024-07-18,3930,3935,3895,3935,406861,0.1272264631043257,-148466,-9784,8225,150025,0,94540,216,143063,169042,406861,243006,10000,134838,19017,406861,-580669715,-38346420,31690800,587325335,0,369925965,843580,559647550,661714820,1592131915,950595680,39190000,527956750,74389485,1592131915
2024-07-19,3935,3945,3890,3925,382634,-0.25412960609911056,-130937,-10994,65437,76494,0,123614,2007,143569,113444,382634,254551,13001,78132,36950,382634,-511413690,-42826565,255974845,298265410,0,483574955,7842355,561240920,443150435,1495808665,994988645,50668920,305266075,144885025,1495808665
2024-07-22,3935,3935,3855,3900,459795,-0.6369426751592357,-146349,-4583,73719,77213,0,86032,303,192358,181102,459795,232381,4886,118639,103889,459795,-566741840,-17760125,286117295,298384670,0,334348740,1180125,746659110,702147985,1784335960,901090580,18940250,460541815,403763315,1784335960
2024-07-23,3905,3915,3820,3825,511455,-1.9230769230769231,-212627,-1859,173369,41117,0,113396,4142,317643,76274,511455,326023,6001,144274,35157,511455,-816831115,-7045090,666722875,157153330,0,437092315,15968810,1223393030,293836745,1970290900,1253923430,23013900,556670155,136683415,1970290900
2024-07-24,3835,3870,3825,3870,470634,1.1764705882352942,-153813,300,58254,95259,0,109781,400,209641,150812,470634,263594,100,151387,55553,470634,-589594155,1148500,223101880,365343775,0,421488595,1535500,804798380,578779280,1806601755,1011082750,387000,581696500,213435505,1806601755
2024-07-25,3865,3865,3820,3835,293581,-0.9043927648578811,-37088,-2201,-1007,40296,0,79803,18799,117943,77036,293581,116891,21000,118950,36740,293581,-142236575,-8235640,-3873290,154345505,0,306248040,72181165,452408765,295400865,1126238835,448484615,80416805,456282055,141055360,1126238835
2024-07-26,3845,3880,3845,3880,291717,1.1734028683181226,-79572,17000,-7840,70412,0,78764,23000,99724,90229,291717,158336,6000,107564,19817,291717,-307756800,65880245,-30387265,272263820,0,304434550,88980245,385522255,348852040,1127789090,612191350,23100000,415909520,76588220,1127789090
2024-07-29,3885,3920,3875,3905,208383,0.6443298969072164,1699,-1,13625,-15323,0,88601,0,92670,27112,208383,86902,1,79045,42435,208383,6949970,-3890,53003970,-59950050,0,345171005,0,360851900,105506870,811529775,338221035,3890,307847930,165456920,811529775
2024-07-30,3910,3990,3880,3965,486791,1.5364916773367476,-93757,1403,92770,-416,0,94380,1403,321537,69471,486791,188137,0,228767,69887,486791,-367077455,5462425,365423930,-3808900,0,370134855,5462425,1265199190,272084650,1912881120,737212310,0,899775260,275893550,1912881120
2024-07-31,3965,4005,3955,3975,525638,0.25220680958385877,-107835,6950,-38459,139344,0,131912,12000,201647,180079,525638,239747,5050,240106,40735,525638,-430171705,27513960,-153012255,555670000,0,525921035,47663450,803974150,717648740,2095207375,956092740,20149490,956986405,161978740,2095207375
2024-08-01,4000,4005,3950,3980,451033,0.12578616352201258,-70106,1349,49226,19531,0,76034,1849,156949,216201,451033,146140,500,107723,196670,451033,-277707515,5342995,195137090,77227430,0,301393680,7325495,622283180,859345070,1790347425,579101195,1982500,427146090,782117640,1790347425
2024-08-02,3980,3980,3910,3925,360064,-1.3819095477386936,-65419,2399,63467,-447,0,55613,2701,245233,56517,360064,121032,302,181766,56964,360064,-257415355,9527075,250004600,-2116320,0,218796280,10712435,964610280,222195650,1416314645,476211635,1185360,714605680,224311970,1416314645
2024-08-05,3915,3915,3710,3735,1079268,-4.840764331210192,41394,40830,49227,-131451,0,239030,43253,618470,178515,1079268,197636,2423,569243,309966,1079268,160046945,155825810,194690655,-510563410,0,911259485,164957285,2353513085,668314385,4098044240,751212540,9131475,2158822430,1178877795,4098044240
2024-08-06,3770,3910,3770,3885,532679,4.016064257028113,-10862,54489,-109469,65842,0,148216,83528,150198,150737,532679,159078,29039,259667,84895,532679,-40726530,210138630,-422981335,253569235,0,573995695,322535155,579755430,581284115,2057570395,614722225,112396525,1002736765,327714880,2057570395
2024-08-07,3885,3910,3835,3850,303298,-0.9009009009009009,13867,-2188,88755,-100434,0,91020,401,190226,21651,303298,77153,2589,101471,122085,303298,53524205,-8470555,343685440,-388739090,0,352129665,1548880,736040215,83791775,1173510535,298605460,10019435,392354775,472530865,1173510535
2024-08-08,3870,3870,3800,3810,300527,-1.0389610389610389,-107575,-9758,73126,44207,0,49357,1160,153093,96917,300527,156932,10918,79967,52710,300527,-411111320,-37482000,279352215,169241105,0,188659790,4438200,585880200,371181960,1150160150,599771110,41920200,306527985,201940855,1150160150
2024-08-09,3845,3845,3580,3680,1718744,-3.4120734908136483,-6935,-49135,188284,-132214,0,293446,16706,1209236,199356,1718744,300381,65841,1020952,331570,1718744,-21168640,-180645180,697082420,-495268600,0,1084320540,61321150,4449260805,730917390,6325819885,1105489180,241966330,3752178385,1226185990,6325819885
2024-08-12,3670,3755,3670,3750,387680,1.9021739130434785,-67140,-5909,52895,20154,0,59371,291,258995,69023,387680,126511,6200,206100,48869,387680,-249103015,-22008175,197123830,73987360,0,220848330,1073825,962368345,255791095,1440081595,469951345,23082000,765244515,181803735,1440081595
2024-08-13,3750,3750,3700,3720,248524,-0.8,32602,21307,-16494,-37415,0,106978,21408,109201,10937,248524,74376,101,125695,48352,248524,121667190,79272385,-61814000,-139125575,0,398579120,79648120,406448400,40788270,925463910,276911930,375735,468262400,179913845,925463910
2024-08-14,3725,3755,3670,3715,399363,-0.13440860215053765,-83390,-1444,77922,6912,0,66220,2556,288321,42266,399363,149610,4000,210399,35354,399363,-308867015,-5382705,288846335,25403385,0,245490910,9417295,1066531920,156612590,1478052715,554357925,14800000,777685585,131209205,1478052715
2024-08-16,3720,3735,3700,3710,353313,-0.13458950201884254,-7401,-55564,93242,-30277,0,121358,1100,216296,14559,353313,128759,56664,123054,44836,353313,-27010800,-206088940,345386365,-112286625,0,450201870,4079500,801806330,53981895,1310069595,477212670,210168440,456419965,166268520,1310069595
2024-08-19,3710,3720,3675,3675,287993,-0.9433962264150944,-21659,-59737,108617,-27221,0,89509,12710,166257,19517,287993,111168,72447,57640,46738,287993,-79609460,-220802940,401060985,-100648585,0,331031995,46808750,614103755,72018125,1063962625,410641455,267611690,213042770,172666710,1063962625
2024-08-20,3670,3705,3570,3600,1006780,-2.0408163265306123,-116188,-125739,248717,-6790,0,141714,67201,762153,35712,1006780,257902,192940,513436,42502,1006780,-420640510,-454046040,900342840,-25656290,0,512877525,242193105,2755254865,129243625,3639569120,933518035,696239145,1854912025,154899915,3639569120
2024-08-21,3600,3635,3570,3620,418628,0.5555555555555556,-130640,-1966,68761,63845,0,70495,4034,254907,89192,418628,201135,6000,186146,25347,418628,-470514310,-7092295,247608590,229998015,0,253833995,14537705,917380440,321318400,1507070540,724348305,21630000,669771850,91320385,1507070540
2024-08-22,3620,3630,3585,3600,372689,-0.5524861878453038,-67808,24370,74922,-31484,0,82679,24471,247829,17710,372689,150487,101,172907,49194,372689,-243849880,87752290,269713475,-113615885,0,297752635,88114885,891790935,63713265,1341371720,541602515,362595,622077460,177329150,1341371720
2024-08-23,3600,3625,3580,3600,418392,0.0,-163361,7100,206295,-50034,0,54191,7300,351092,5809,418392,217552,200,144797,55843,418392,-589378330,25501875,744133050,-180256595,0,195105440,26221375,1264957865,20888390,1507173070,784483770,719500,520824815,201144985,1507173070
2024-08-26,3605,3645,3585,3635,583693,0.9722222222222222,-149311,8992,94009,46310,0,97650,8992,403002,74049,583693,246961,0,308993,27739,583693,-543626310,32565905,343459145,167601260,0,352749650,32565905,1460435525,268095280,2113846360,896375960,0,1116976380,100494020,2113846360
2024-08-27,3640,3650,3615,3640,230205,0.1375515818431912,3158,-25062,29286,-7382,0,97738,3010,104118,25339,230205,94580,28072,74832,32721,230205,11761780,-91149165,106212635,-26825250,0,355553170,10980080,378667860,92253910,837455020,343791390,102129245,272455225,119079160,837455020
2024-08-28,3640,3640,3620,3630,186998,-0.27472527472527475,55514,-33005,34088,-56597,0,84182,1300,92168,9348,186998,28668,34305,58080,65945,186998,201660855,-119856085,123538560,-205343330,0,305634330,4731500,334343600,33961585,678671015,103973475,124587585,210805040,239304915,678671015
2024-08-29,3640,3645,3615,3630,220970,0.0,9358,-25000,32113,-16471,0,98456,0,104339,18175,220970,89098,25000,72226,34646,220970,34129255,-90825000,116460655,-59764910,0,357367375,0,378347250,65976590,801691215,323238120,90825000,261886595,125741500,801691215
2024-08-30,3640,3650,3620,3640,353017,0.27548209366391185,-91990,-28900,70198,50692,0,87128,1100,157046,107743,353017,179118,30000,86848,57051,353017,-333739455,-104978000,254496980,184220475,0,316364890,3997000,569870980,391706225,1281939095,650104345,108975000,315374000,207485750,1281939095
2024-09-02,3670,3670,3630,3645,216768,0.13736263736263737,-25427,1011,6936,17480,0,79375,2451,93985,40957,216768,104802,1440,87049,23477,216768,-92423655,3662640,25102425,63658590,0,288754660,8918640,341767050,149077135,788517485,381178315,5256000,316664625,85418545,788517485
2024-09-03,3650,3655,3635,3650,310901,0.1371742112482853,-101476,-19494,89946,31024,0,72837,3260,186625,48179,310901,174313,22754,96679,17155,310901,-369715380,-71171810,327699100,113188090,0,265418090,11873200,679879720,175677250,1132848260,635133470,83045010,352180620,62489160,1132848260
2024-09-04,3630,3640,3605,3630,389791,-0.547945205479452,12301,903,74638,-87842,0,115374,3303,230769,40345,389791,103073,2400,156131,128187,389791,44957105,3268110,269492170,-317717385,0,417516350,11956110,834600965,146148220,1410221645,372559245,8688000,565108795,463865605,1410221645
2024-09-05,3640,3640,3585,3590,312614,-1.1019283746556474,30329,-65532,92976,-57773,0,92209,4468,197103,18834,312614,61880,70000,104127,76607,312614,108996525,-235909550,335202285,-208289260,0,332426260,16101500,710163610,67988290,1126679660,223429735,252011050,374961325,276277550,1126679660
2024-09-06,3600,3620,3580,3620,453822,0.8356545961002786,-120797,23338,109665,-12206,0,161438,30504,249581,12299,453822,282235,7166,139916,24505,453822,-433250405,83891670,393113440,-43754705,0,579452645,109583840,895274395,44246000,1628556880,1012703050,25692170,502160955,88000705,1628556880
2024-09-09,3610,3610,3575,3575,291805,-1.2430939226519337,-62716,-1800,80970,-16454,0,110378,1700,169473,10254,291805,173094,3500,88503,26708,291805,-224188735,-6467500,289733715,-59077480,0,395766885,6079000,606952345,36813800,1045612030,619955620,12546500,317218630,95891280,1045612030
2024-09-10,3595,3600,3570,3595,266446,0.5594405594405595,-66611,-42997,40312,69296,0,48585,21,120881,96959,266446,115196,43018,80569,27663,266446,-238204125,-153694415,143687925,248210615,0,174068170,75180,432579015,347414655,954137020,412272295,153769595,288891090,99204040,954137020
2024-09-11,3595,3610,3575,3610,348907,0.4172461752433936,1089,501,-34460,32870,0,127723,501,162833,57850,348907,126634,0,197293,24980,348907,4024300,1796090,-123882035,118061645,0,458565045,1796090,584322230,207723395,1252406760,454540745,0,708204265,89661750,1252406760
2024-09-12,3610,3615,3580,3600,223428,-0.2770083102493075,5930,-4,-9686,3760,0,136564,96,69963,16805,223428,130634,100,79649,13045,223428,21814925,-15345,-35407020,13607440,0,491872315,344655,251505025,60577585,804299580,470057390,360000,286912045,46970145,804299580
2024-09-13,3600,3605,3575,3600,283849,0.0,-36896,1469,46027,-10600,0,93207,1569,175600,13473,283849,130103,100,129573,24073,283849,-132352265,5281255,165268335,-38197325,0,334748880,5640755,630132930,48331320,1018853885,467101145,359500,464864595,86528645,1018853885
2024-09-19,3600,3635,3600,3625,415977,0.6944444444444444,-119685,19750,-61489,161424,0,83725,19750,127687,184815,415977,203410,0,189176,23391,415977,-432930665,71364100,-222674540,584241105,0,302943190,71364100,461841750,668949550,1505098590,735873855,0,684516290,84708445,1505098590
2024-09-20,3640,3645,3600,3645,789675,0.5517241379310345,-34125,16998,-109184,126311,0,206552,17000,200723,365400,789675,240677,2,309907,239089,789675,-124498625,61368780,-395111050,458240895,0,747558920,61376000,725175450,1326188865,2860299235,872057545,7220,1120286500,867947970,2860299235
2024-09-23,3645,3645,3590,3605,370989,-1.0973936899862824,-15503,12550,107815,-104862,0,123647,13450,217640,16252,370989,139150,900,109825,121114,370989,-55707860,45247000,388630145,-378169285,0,445730055,48492500,784394545,58566445,1337183545,501437915,3245500,395764400,436735730,1337183545
2024-09-24,3615,3620,3595,3605,383392,0.0,5680,-19435,-11752,25507,0,172776,4002,129522,77092,383392,167096,23437,141274,51585,383392,20789735,-70087285,-42479305,91776855,0,623099865,14392220,466783660,277804260,1382080005,602310130,84479505,509262965,186027405,1382080005
2024-09-25,3605,3630,3590,3600,445795,-0.13869625520110956,24936,1425,-50434,24073,0,169302,1425,205788,69280,445795,144366,0,256222,45207,445795,90326990,5124125,-181301345,85850230,0,610842430,5124125,741672575,249100120,1606739250,520515440,0,922973920,163249890,1606739250
2024-09-26,3610,3620,3590,3610,335427,0.2777777777777778,-52231,-10154,65153,-2768,0,76014,3146,229349,26918,335427,128245,13300,164196,29686,335427,-187862955,-36677150,234646805,-10106700,0,273616695,11335850,825689060,96890410,1207532015,461479650,48013000,591042255,106997110,1207532015
2024-09-27,3610,3615,3585,3600,490690,-0.2770083102493075,404,913,8683,-10000,0,227547,4740,224894,33509,490690,227143,3827,216211,43509,490690,2823710,3278670,30032750,-36135130,0,819282415,17017600,808623695,120608395,1765532105,816458705,13738930,778590945,156743525,1765532105
2024-09-30,3600,3600,3535,3540,552960,-1.6666666666666667,36777,12656,136438,-185871,0,137386,12685,357863,45026,552960,100609,29,221425,230897,552960,131329295,45062430,485884580,-662276305,0,489492485,45165090,1273739415,159882570,1968279560,358163190,102660,787854835,822158875,1968279560
2024-10-02,3540,3540,3355,3400,1452347,-3.954802259887006,-137539,7834,228427,-98722,0,365678,18734,930187,137748,1452347,503217,10900,701760,236470,1452347,-465764415,27752965,779976820,-341965370,0,1251863850,64732465,3187922315,473322920,4977841550,1717628265,36979500,2407945495,815288290,4977841550
2024-10-04,3400,3420,3290,3305,955502,-2.794117647058824,65239,10630,54219,-130088,0,208536,15112,667062,64792,955502,143297,4482,612843,194880,955502,218593745,34801885,182600790,-435996420,0,697488320,50085470,2223712495,216550730,3187837015,478894575,15283585,2041111705,652547150,3187837015
2024-10-07,3305,3325,3140,3195,1503928,-3.3282904689863844,76677,-38691,-44226,6240,0,241504,19291,891144,351989,1503928,164827,57982,935370,345749,1503928,243345755,-123074665,-130255715,9984625,0,781487195,62168595,2874362755,1127280740,4845299285,538141440,185243260,3004618470,1117296115,4845299285
2024-10-08,3175,3185,3110,3135,1178791,-1.8779342723004695,63658,-20108,164472,-208022,0,268821,28901,703011,178058,1178791,205163,49009,538539,386080,1178791,201522290,-63595875,516292330,-654218745,0,847167650,90902520,2211318600,561194845,3710583615,645645360,154498395,1695026270,1215413590,3710583615
2024-10-10,3135,3200,3135,3190,2501881,1.7543859649122806,-984912,5062,45318,934532,0,1173922,8003,280807,1039149,2501881,2158834,2941,235489,104617,2501881,-2966771625,16090910,142855845,2807824870,0,3534345595,25383880,889589755,3138933655,7588252885,6501117220,9292970,746733910,331108785,7588252885
2024-10-11,3190,3350,3185,3300,1019068,3.4482758620689653,68771,16881,135851,-221503,0,314142,21484,572815,110627,1019068,245371,4603,436964,332130,1019068,226094200,55878675,446896020,-728868895,0,1034899595,71275605,1890597320,365212595,3361985115,808805395,15396930,1443701300,1094081490,3361985115
2024-10-14,3320,3355,3260,3295,553509,-0.15151515151515152,-79495,-2650,276302,-194157,0,94430,11350,408434,39295,553509,173925,14000,132132,233452,553509,-262454935,-8590000,912954695,-641909760,0,312659620,37540000,1350351815,130107245,1830658680,575114555,46130000,437397120,772017005,1830658680
2024-10-15,3325,3330,3280,3310,545369,0.4552352048558422,24098,18173,66323,-108594,0,165097,18174,300750,61348,545369,140999,1,234427,169942,545369,79396105,59865295,219266665,-358528065,0,545309260,59868595,992031165,202491685,1799700705,465913155,3300,772764500,561019750,1799700705
2024-10-16,3315,3315,3260,3300,295861,-0.3021148036253776,-46118,9260,70964,-34106,0,81933,9261,171572,33095,295861,128051,1,100608,67201,295861,-151778615,30362780,232930230,-111514395,0,269044370,30366050,563368545,108951220,971730185,420822985,3270,330438315,220465615,971730185
2024-10-17,3345,3345,3295,3320,222305,0.6060606060606061,53818,5572,-17796,-41594,0,72675,5572,124562,19496,222305,18857,0,142358,61090,222305,178264990,18479980,-58833965,-137911005,0,240838985,18479980,412989185,64625905,736934055,62573995,0,471823150,202536910,736934055
2024-10-18,3320,3335,3295,3315,189042,-0.15060240963855423,31793,1000,28362,-61155,0,70662,1001,103538,13841,189042,38869,1,75176,74996,189042,105427350,3299995,93650390,-202377735,0,233995285,3303310,342499045,45807585,625605225,128567935,3315,248848655,248185320,625605225
2024-10-21,3325,3350,3300,3330,310949,0.4524886877828055,-4067,4619,12499,-13051,0,68562,8000,159005,75531,311098,72629,3381,146506,88582,311098,-13717520,15364355,41354290,-43001125,0,227683085,26607455,527856400,251258655,1033405595,241400605,11243100,486502110,294259780,1033405595
