날짜,시가,고가,저가,종가,거래량,등락률,기관합계_거래량_순매수,기타법인_거래량_순매수,개인_거래량_순매수,외국인합계_거래량_순매수,전체_거래량_순매수,기관합계_거래량_매수,기타법인_거래량_매수,개인_거래량_매수,외국인합계_거래량_매수,전체_거래량_매수,기관합계_거래량_매도,기타법인_거래량_매도,개인_거래량_매도,외국인합계_거래량_매도,전체_거래량_매도,기관합계_거래대금_순매수,기타법인_거래대금_순매수,개인_거래대금_순매수,외국인합계_거래대금_순매수,전체_거래대금_순매수,기관합계_거래대금_매수,기타법인_거래대금_매수,개인_거래대금_매수,외국인합계_거래대금_매수,전체_거래대금_매수,기관합계_거래대금_매도,기타법인_거래대금_매도,개인_거래대금_매도,외국인합계_거래대금_매도,전체_거래대금_매도
2020-08-05,4424,4473,4227,4277,1957509,,-595415,51613,705942,-162140,0,160448,116274,1647505,548,1924775,755863,64661,941563,162688,1924775,-2605155610,220109065,3093901075,-708854530,0,700772365,509522095,7242187765,2453885,8454936110,3305927975,289413030,4148286690,711308415,8454936110
2020-08-06,4282,4591,4277,4523,605696,5.751695113397242,-110283,-10408,107414,13277,0,47281,250,516808,31229,595568,157564,10658,409394,17952,595568,-499015800,-48007760,489716870,57306690,0,211118445,1090000,2332038680,139280460,2683527585,710134245,49097760,1842321810,81973770,2683527585
2020-08-07,4522,4557,4478,4513,178765,-0.2210921954455008,-4168,-3570,27397,-19659,0,25301,1930,137210,11335,175776,29469,5500,109813,30994,175776,-18933315,-16471230,125871200,-90466655,0,116312935,8846550,630304060,52140500,807604045,135246250,25317780,504432860,142607155,807604045
2020-08-10,4498,4513,4424,4513,195095,0.0,44187,1957,32777,-78921,0,67663,3207,116478,4485,191833,23476,1250,83701,83406,191833,200647615,8882540,148770765,-358300920,0,307251240,14563790,528667330,20330620,870812980,106603625,5681250,379896565,378631540,870812980
2020-08-11,4537,4571,4478,4562,234001,1.0857522712164855,-22744,-1486,48111,-23881,0,74046,22776,129523,3743,230088,96790,24262,81412,27624,230088,-104546250,-6691545,221095990,-109858195,0,340568175,104730640,595877680,17233210,1058409705,445114425,111422185,374781690,127091405,1058409705
2020-08-12,4562,4783,4542,4680,219638,2.5865848312143798,-5705,15161,7424,-16880,0,48463,15411,135377,16715,215966,54168,250,127953,33595,215966,-25306485,71807325,33438115,-79938955,0,228735965,72976075,640196920,78629955,1020538915,254042450,1168750,606758805,158568910,1020538915
2020-08-13,4680,4739,4650,4700,369289,0.4273504273504274,-35992,16474,49038,-29520,0,220911,23140,117547,1516,363114,256903,6666,68509,31036,363114,-172805355,78641550,235307000,-141143195,0,1014857755,110593365,563256895,7253960,1695961975,1187663110,31951815,327949895,148397155,1695961975
2020-08-14,4694,4704,4630,4680,61436,-0.425531914893617,-8501,6000,19049,-16548,0,12169,6000,42240,0,60409,20670,0,23191,16548,60409,-40489395,28665000,90409890,-78585495,0,57827990,28665000,200672030,0,287165020,98317385,0,110262140,78585495,287165020
2020-08-18,4655,4719,4562,4582,115927,-2.0940170940170937,-2940,-1080,14826,-10806,0,25226,1000,85588,2175,113989,28166,2080,70762,12981,113989,-14278310,-5155800,70761755,-51327645,0,120010815,4745000,405849925,10364735,540970475,134289125,9900800,335088170,61692380,540970475
2020-08-19,4586,4674,4586,4650,70139,1.4840680925360106,-2470,-25113,28686,-1103,0,5929,2400,59100,1538,68967,8399,27513,30414,2641,68967,-11672730,-119040175,135980445,-5267540,0,28100455,11356015,279838705,7262810,326557985,39773185,130396190,143858260,12530350,326557985
2020-08-20,4576,4699,4576,4606,97292,-0.946236559139785,5825,1093,-9830,2912,0,38261,3500,50027,3878,95666,32436,2407,59857,966,95666,27414330,5026750,-46211240,13770160,0,180113260,16460000,235720420,18361960,450655640,152698930,11433250,281931660,4591800,450655640
2020-08-21,4610,4708,4610,4650,24239,0.9552757273122015,6777,0,-3273,-3504,0,10131,0,13703,0,23834,3354,0,16976,3504,23834,32117450,0,-15524195,-16593255,0,48004630,0,64903905,0,112908535,15887180,0,80428100,16593255,112908535
2020-08-24,4650,4679,4650,4670,44169,0.43010752688172044,9873,0,329,-10202,0,24748,0,18683,0,43431,14875,0,18354,10202,43431,46904650,0,1559430,-48464080,0,117485770,0,88711410,0,206197180,70581120,0,87151980,48464080,206197180
2020-08-25,4670,4694,4660,4680,70414,0.21413276231263384,199,0,10200,-10399,0,21887,0,47350,0,69237,21688,0,37150,10399,69237,890605,0,48545915,-49436520,0,103992745,0,225265825,0,329258570,103102140,0,176719910,49436520,329258570
2020-08-26,4704,4704,4670,4685,34798,0.10683760683760685,6820,0,-1595,-5225,0,17644,0,16573,0,34217,10824,0,18168,5225,34217,32547405,0,-7624305,-24923100,0,84161115,0,79032485,0,163193600,51613710,0,86656790,24923100,163193600
2020-08-27,4709,4709,4670,4680,80752,-0.10672358591248667,-3758,-14990,30548,-11800,0,17553,10,61394,445,79402,21311,15000,30846,12245,79402,-17867320,-71295955,145319940,-56156665,0,83618200,47600,292247285,2122650,378035735,101485520,71343555,146927345,58279315,378035735
2020-08-28,4689,4699,4675,4680,34645,0.0,8974,5000,-8974,-5000,0,16679,5000,12169,218,34066,7705,0,21143,5218,34066,42725605,23800000,-42725390,-23800215,0,79427965,23800000,57951660,1042040,162221665,36702360,0,100677050,24842255,162221665
2020-08-31,4699,4709,4670,4685,75219,0.10683760683760685,-18768,0,29868,-11100,0,13126,0,60836,0,73962,31894,0,30968,11100,73962,-89478020,0,142359900,-52881880,0,62490885,0,289867475,0,352358360,151968905,0,147507575,52881880,352358360
2020-09-01,4699,4699,4625,4680,29136,-0.10672358591248667,230,500,2646,-3376,0,2242,500,24883,1024,28649,2012,0,22237,4400,28649,1090065,2377500,12604925,-16072490,0,10680105,2377500,118591840,4884480,136533925,9590040,0,105986915,20956970,136533925
2020-09-02,4679,4733,4659,4709,81986,0.6196581196581197,862,0,9505,-10367,0,33862,0,43996,2757,80615,33000,0,34491,13124,80615,4423105,0,45184520,-49607625,0,161859880,0,210455470,13126910,385442260,157436775,0,165270950,62734535,385442260
2020-09-03,4689,4719,4675,4685,25976,-0.5096623486939902,-6069,0,12961,-6892,0,4231,0,21311,0,25542,10300,0,8350,6892,25542,-28884625,0,61708395,-32823770,0,20127520,0,101515290,0,121642810,49012145,0,39806895,32823770,121642810
2020-09-04,4684,4719,4665,4680,15508,-0.10672358591248667,-2760,0,5060,-2300,0,3022,0,12227,0,15249,5782,0,7167,2300,15249,-13098870,0,24028355,-10929485,0,14378825,0,58172415,0,72551240,27477695,0,34144060,10929485,72551240
2020-09-07,4679,4684,4670,4675,29145,-0.10683760683760685,-14856,3000,16256,-4400,0,2102,3000,23279,277,28658,16958,0,7023,4677,28658,-70603470,14272500,77240815,-20909845,0,9995015,14272500,110613440,1317135,136198090,80598485,0,33372625,22226980,136198090
2020-09-08,4685,4699,4675,4685,46358,0.21390374331550802,-26792,0,33264,-6472,0,318,0,44337,928,45583,27110,0,11073,7400,45583,-127664615,0,158501985,-30837370,0,1513815,0,211251515,4428880,217194210,129178430,0,52749530,35266250,217194210
2020-09-09,4685,4724,4675,4700,25155,0.32017075773745995,-6065,0,9577,-3512,0,1597,0,22945,193,24735,7662,0,13368,3705,24735,-29025175,0,45803445,-16778270,0,7623960,0,109807125,920225,118351310,36649135,0,64003680,17698495,118351310
2020-09-10,4724,4748,4709,4729,73437,0.6170212765957447,-42534,6,48574,-6046,0,1102,31,65922,5154,72209,43636,25,17348,11200,72209,-204583275,29545,233585180,-29031450,0,5295245,149420,316924415,24789135,347158215,209878520,119875,83339235,53820585,347158215
2020-09-11,4733,4738,4709,4729,11909,0.0,-2912,0,5209,-2297,0,188,0,10249,1273,11710,3100,0,5040,3570,11710,-14008270,0,25042425,-11034155,0,902230,0,49238895,6108765,56249890,14910500,0,24196470,17142920,56249890
2020-09-14,4728,4738,4709,4719,29486,-0.2114611968703743,-5537,2000,8329,-4792,0,1013,2000,25155,825,28993,6550,0,16826,5617,28993,-26576530,9600000,39971825,-22995295,0,4858970,9600000,120787425,3957345,139203740,31435500,0,80815600,26952640,139203740
2020-09-15,4718,4718,4699,4709,29338,-0.21190930281839374,-13388,2407,14024,-3043,0,2439,2407,22045,1957,28848,15827,0,8021,5000,28848,-64133475,11520460,67183115,-14570100,0,11682855,11520460,105594760,9378030,138176105,75816330,0,38411645,23948130,138176105
2020-09-16,4699,4719,4689,4719,38022,0.21235931195582924,2640,2600,-2126,-3114,0,11774,2600,19726,3287,37387,9134,0,21852,6401,37387,12634685,12425000,-10200585,-14859100,0,56347575,12425000,94285400,15746085,178804060,43712890,0,104485985,30605185,178804060
2020-09-17,4704,4723,4689,4704,27630,-0.3178639542275906,-3678,-3693,16157,-8786,0,2686,307,22592,1583,27168,6364,4000,6435,10369,27168,-17636460,-17671515,77316055,-42008080,0,12858645,1468485,108137475,7586710,130051315,30495105,19140000,30821420,49594790,130051315
2020-09-18,4704,4733,4699,4704,30645,0.0,-11403,4000,12811,-5408,0,4474,4000,21659,0,30133,15877,0,8848,5408,30133,-54604310,19150000,61332710,-25878400,0,21421540,19150000,103701590,0,144273130,76025850,0,42368880,25878400,144273130
2020-09-21,4704,4708,4699,4704,42079,0.0,-22318,909,27298,-5889,0,1863,909,37593,1011,41376,24181,0,10295,6900,41376,-106785875,4346065,130611530,-28171720,0,8911575,4346065,179844180,4840075,197941895,115697450,0,49232650,33011795,197941895
2020-09-22,4709,4709,4675,4675,31808,-0.6164965986394557,354,900,2188,-3442,0,4511,900,24329,1537,31277,4157,0,22141,4979,31277,1691745,4284500,10411120,-16387365,0,21489045,4284500,115921980,7334335,149029860,19797300,0,105510860,23721700,149029860
2020-09-23,4679,4709,4655,4670,74034,-0.10695187165775401,13482,-1744,-312,-11426,0,13482,400,58432,482,72796,0,2144,58744,11908,72796,64085525,-8296720,-1516475,-54272330,0,64085525,1898000,277782890,2292405,346058820,0,10194720,279299365,56564735,346058820
2020-09-24,4674,4674,4650,4660,16138,-0.21413276231263384,-1883,-4656,8967,-2428,0,1033,200,14057,579,15869,2916,4856,5090,3007,15869,-8927250,-22093720,42529535,-11508565,0,4893675,948000,66659440,2744460,75245575,13820925,23041720,24129905,14253025,75245575
2020-09-25,4669,4699,4650,4655,38731,-0.1072961373390558,-11703,800,17915,-7012,0,1593,800,35467,224,38084,13296,0,17552,7236,38084,-55507830,3792000,84933960,-33218130,0,7546130,3792000,168079990,1064000,180482120,63053960,0,83146030,34282130,180482120
2020-09-28,4665,4689,4640,4670,48925,0.322234156820623,-3477,0,12046,-8569,0,4114,0,43706,287,48107,7591,0,31660,8856,48107,-16503150,0,57058375,-40555225,0,19484530,0,206926435,1363250,227774215,35987680,0,149868060,41918475,227774215
2020-09-29,4665,4680,4630,4680,49695,0.21413276231263384,-18823,2090,21422,-4689,0,6083,2090,37000,3691,48864,24906,0,15578,8380,48864,-89235010,9924570,101541155,-22230715,0,28820280,9924570,175270420,17458605,231473875,118055290,0,73729265,39689320,231473875
2020-10-05,4674,4684,4665,4670,45966,-0.2136752136752137,-25731,210,34650,-9129,0,4639,210,38858,1491,45198,30370,0,4208,10620,45198,-122522570,997500,164906690,-43381620,0,22032880,997500,184893575,7097210,215021165,144555450,0,19986885,50478830,215021165
2020-10-06,4660,4699,4655,4660,63287,-0.21413276231263384,-41268,210,48306,-7248,0,586,210,59211,2222,62229,41854,0,10905,9470,62229,-196188465,996450,229641130,-34449115,0,2785915,996450,281476950,10563835,295823150,198974380,0,51835820,45012950,295823150
2020-10-07,4670,4699,4640,4690,67894,0.6437768240343348,-23318,5910,28363,-10955,0,10158,5910,49926,765,66759,33476,0,21563,11720,66759,-110849635,28205000,134764340,-52119705,0,48326645,28205000,237355285,3631400,317518330,159176280,0,102590945,55751105,317518330
2020-10-08,4699,4704,4675,4695,80617,0.10660980810234541,-47060,4300,50963,-8203,0,11893,4300,58834,4242,79269,58953,0,7871,12445,79269,-224553120,20521000,243152475,-39120355,0,56676155,20521000,280652735,20226085,378075975,281229275,0,37500260,59346440,378075975
2020-10-12,4694,4718,4689,4714,66612,0.4046858359957401,-48077,209,52466,-4598,0,399,209,59449,5442,65499,48476,0,6983,10040,65499,-230168155,999020,251151690,-21982555,0,1909935,999020,284527665,26068715,313505335,232078090,0,33375975,48051270,313505335
2020-10-13,4723,4723,4669,4704,59811,-0.21213406873143828,-38382,208,49721,-11547,0,3120,208,50687,4796,58811,41502,0,966,16343,58811,-183302940,997360,237488700,-55183120,0,14883580,997360,242105315,22939960,280926215,198186520,0,4616615,78123080,280926215
2020-10-14,4724,4724,4680,4685,57761,-0.40391156462585037,-26993,1209,34136,-8352,0,10270,1209,43519,1798,56796,37263,0,9383,10150,56796,-128661620,5767975,162714525,-39820880,0,48955970,5767975,207417815,8576970,270718730,177617590,0,44703290,48397850,270718730
2020-10-15,4700,4739,4675,4700,30058,0.32017075773745995,-10962,210,14626,-3874,0,8369,210,20128,849,29556,19331,0,5502,4723,29556,-52180610,999600,69641685,-18460675,0,39932950,999600,95867325,4050555,140850430,92113560,0,26225640,22511230,140850430
2020-10-16,4719,4758,4679,4729,57530,0.6170212765957447,-12805,0,19086,-6281,0,15604,0,35892,5072,56568,28409,0,16806,11353,56568,-60979360,0,91069895,-30090535,0,75184020,0,172006560,24405305,271595885,136163380,0,80936665,54495840,271595885
2020-10-19,4758,4827,4684,4798,111316,1.4590822584055827,-35767,1139,25055,9573,0,20688,1170,69971,17626,109455,56455,31,44916,8053,109455,-172728560,5559405,120484045,46685110,0,100658655,5709600,338577605,85483110,530428970,273387215,150195,218093560,38798000,530428970
2020-10-20,4807,4847,4788,4803,59016,0.10421008753647354,-11788,3000,82,8706,0,14406,4000,26402,13222,58030,26194,1000,26320,4516,58030,-57572170,14705000,97520,42769650,0,70627065,19610000,129112490,64859740,284209295,128199235,4905000,129014970,22090090,284209295
2020-10-21,4812,4881,4792,4881,130763,1.6239850093691444,-51315,37762,9110,4443,0,17978,39762,59596,11241,128577,69293,2000,50486,6798,128577,-252952590,187105105,43805305,22042180,0,88726870,196877435,293244695,55579620,634428620,341679460,9772330,249439390,33537440,634428620
2020-10-22,4881,4915,4871,4911,117788,0.6146281499692685,-45643,21076,763,23804,0,18764,21076,47506,28473,115819,64407,0,46743,4669,115819,-227420430,104869240,3636895,118914295,0,93607870,104869240,236868700,142145425,577491235,321028300,0,233231805,23231130,577491235
2020-10-23,4911,4915,4896,4911,105459,0.0,-43488,24324,8872,10292,0,21244,24324,43180,14948,103696,64732,0,34308,4656,103696,-216858530,121376630,44106285,51375615,0,106166930,121376630,215502115,74608335,517654010,323025460,0,171395830,23232720,517654010
2020-10-26,4916,4965,4901,4916,164352,0.10181225819588678,-15594,12813,19638,-16857,0,16843,12813,116016,15932,161604,32437,0,96378,32789,161604,-78152525,64158040,98161455,-84166970,0,84343230,64158040,581472305,80063905,810037480,162495755,0,483310850,164230875,810037480
2020-10-27,4916,4935,4901,4926,83238,0.20341741253051263,-13946,-6089,13925,6110,0,23233,0,48990,9624,81847,37179,6089,35065,3514,81847,-70044415,-30429990,69846240,30628165,0,116346385,0,245465845,48198165,410010395,186390800,30429990,175619605,17570000,410010395
2020-10-28,4925,4925,4906,4916,26967,-0.20300446609825418,-4989,1000,4552,-563,0,2309,1000,20324,2884,26517,7298,0,15772,3447,26517,-24982845,4995000,22789515,-2801670,0,11543685,4995000,101661130,14418720,132618535,36526530,0,78871615,17220390,132618535
2020-10-29,4896,4935,4886,4916,100448,0.0,-1841,-2500,-5012,9353,0,4841,0,78970,14958,98769,6682,2500,83982,5605,98769,-9239880,-12500000,-25133095,46872975,0,24213850,0,394928650,74859605,494002105,33453730,12500000,420061745,27986630,494002105
2020-10-30,4916,4935,4886,4926,94114,0.20341741253051263,381,8500,-21144,12263,0,5242,10000,59212,18087,92541,4861,1500,80356,5824,92541,1878315,42585000,-105891240,61427925,0,26221505,50100000,296103060,90546415,462970980,24343190,7515000,401994300,29118490,462970980
2020-11-02,4906,4935,4906,4926,69136,0.0,-14519,-15310,36940,-7111,0,764,0,58775,8441,67980,15283,15310,21835,15552,67980,-72745420,-76756200,184959710,-35458090,0,3832660,0,294357800,42333610,340524070,76578080,76756200,109398090,77791700,340524070
2020-11-03,4926,4936,4896,4936,98542,0.20300446609825418,-7513,6422,-9857,10948,0,7720,10000,59798,19377,96895,15233,3578,69655,8429,96895,-37748680,32138440,-49464365,55074605,0,38670045,50100000,299149990,97224150,485144185,76418725,17961560,348614355,42149545,485144185
2020-11-04,4926,4935,4911,4926,39347,-0.2025931928687196,-2012,12000,-1080,-8908,0,1976,12000,23894,820,38690,3988,0,24974,9728,38690,-10078285,60020000,-5430985,-44510730,0,9885205,60020000,119426375,4103240,193434820,19963490,0,124857360,48613970,193434820
2020-11-05,4935,4935,4911,4916,50303,-0.20300446609825418,-12283,0,22672,-10389,0,1588,0,47870,4,49462,13871,0,25198,10393,49462,-61599370,0,113576250,-51976880,0,7947170,0,239816325,20000,247783495,69546540,0,126240075,51996880,247783495
2020-11-06,4936,4936,4911,4936,47707,0.40683482506102525,5997,0,-15687,9690,0,21219,0,15254,10437,46910,15222,0,30941,747,46910,30066160,0,-78652180,48586020,0,106451235,0,76259660,52317310,235028205,76385075,0,154911840,3731290,235028205
2020-11-09,4916,4935,4911,4926,30394,-0.2025931928687196,-5339,0,16118,-10779,0,4825,0,24961,100,29886,10164,0,8843,10879,29886,-26879930,0,80810710,-53930780,0,24137310,0,125066840,501000,149705150,51017240,0,44256130,54431780,149705150
2020-11-10,4911,4935,4906,4926,32701,0.0,-14984,2400,15091,-2507,0,2151,2400,25604,2000,32155,17135,0,10513,4507,32155,-75070285,12019000,75590290,-12539005,0,10773305,12019000,128165245,10020000,160977550,85843590,0,52574955,22559005,160977550
2020-11-11,4935,4935,4911,4916,17894,-0.20300446609825418,-8278,0,5832,2446,0,2385,0,10464,4746,17595,10663,0,4632,2300,17595,-41470130,0,29198150,12271980,0,11929980,0,52358150,23770000,88058130,53400110,0,23160000,11498020,88058130
2020-11-12,4911,4926,4911,4926,16239,0.20341741253051263,-1294,0,5350,-4056,0,3202,0,12366,400,15968,4496,0,7016,4456,15968,-6463590,0,26744380,-20280790,0,16016410,0,61833765,2000000,79850175,22480000,0,35089385,22280790,79850175
2020-11-13,4926,4936,4911,4936,38548,0.20300446609825418,-5012,2600,9366,-6954,0,4706,2600,30598,0,37904,9718,0,21232,6954,37904,-25226450,12997000,46992720,-34763270,0,23533490,12997000,153410795,0,189941285,48759940,0,106418075,34763270,189941285
2020-11-16,4935,4935,4911,4911,36294,-0.506482982171799,-204,0,1832,-1628,0,7615,0,26533,1540,35688,7819,0,24701,3168,35688,-1115120,0,9253410,-8138290,0,38079855,0,132898050,7705900,178683805,39194975,0,123644640,15844190,178683805
2020-11-17,4926,4935,4911,4926,12678,0.3054367745876604,240,0,1017,-1257,0,5002,0,7454,10,12466,4762,0,6437,1267,12466,1200275,0,5087265,-6287540,0,25023275,0,37292410,50000,62365685,23823000,0,32205145,6337540,62365685
2020-11-18,4935,4935,4916,4916,38895,-0.20300446609825418,-7518,-216,9437,-1703,0,6106,0,32139,0,38245,13624,216,22702,1703,38245,-37809240,-1080000,47415650,-8526410,0,30535730,0,161103150,0,191638880,68344970,1080000,113687500,8526410,191638880
2020-11-19,4945,4945,4916,4926,47921,0.20341741253051263,-18194,1961,21221,-4988,0,5433,2000,39686,1,47120,23627,39,18465,4989,47120,-91222820,9824610,106390290,-24992080,0,27205590,10020000,198905640,5010,236136240,118428410,195390,92515350,24997090,236136240
2020-11-20,4926,4936,4916,4936,16365,0.20300446609825418,-2910,4000,365,-1455,0,6126,4000,5913,53,16092,9036,0,5548,1508,16092,-14554530,20000000,1839310,-7284780,0,30729620,20000000,29615150,265560,80610330,45284150,0,27775840,7550340,80610330
2020-11-23,4935,4935,4916,4916,84322,-0.4051863857374392,-1880,0,7540,-5660,0,22716,0,50951,9245,82912,24596,0,43411,14905,82912,-9431510,0,37661530,-28230020,0,113868410,0,255042470,46377350,415288230,123299920,0,217380940,74607370,415288230
2020-11-24,4916,4935,4911,4926,48669,0.20341741253051263,333,8390,1458,-10181,0,19626,8390,17667,2173,47856,19293,0,16209,12354,47856,1631200,41935775,7371890,-50938865,0,98395150,41935775,88565520,10886730,239783175,96763950,0,81193630,61825595,239783175
2020-11-25,4935,4935,4916,4926,76049,0.0,344,8610,1724,-10678,0,12565,8610,50850,2753,74778,12221,0,49126,13431,74778,1702230,43136100,8615620,-53453950,0,62974920,43136100,254661530,13814010,374586560,61272690,0,246045910,67267960,374586560
2020-11-26,4935,4935,4881,4916,63066,-0.20300446609825418,10145,-25377,23275,-8043,0,14569,5423,41938,82,62012,4424,30800,18663,8125,62012,50689555,-127020230,116540080,-40209405,0,72851245,27085770,209779795,409905,310126715,22161690,154106000,93239715,40619310,310126715
2020-11-27,4871,4885,4792,4827,74640,-1.8104149715215623,7420,38,771,-8229,0,14979,38,55854,2521,73392,7559,0,55083,10750,73392,36598125,186010,3780675,-40564810,0,73861865,186010,275479640,12462580,361990095,37263740,0,271698965,53027390,361990095
2020-11-30,4841,4841,4777,4822,27207,-0.10358400662937642,1797,4539,-4567,-1769,0,6768,4539,12621,2825,26753,4971,0,17188,4594,26753,8754755,22241100,-22343430,-8652425,0,33112775,22241100,61727845,13832075,130913795,24358020,0,84071275,22484500,130913795
2020-12-01,4822,4822,4719,4788,38919,-0.7051016175860638,11400,328,-15441,3713,0,12284,328,20935,4722,38269,884,0,36376,1009,38269,55583835,1602225,-75328170,18142110,0,59896920,1602225,101541725,23059445,186100315,4313085,0,176869895,4917335,186100315
2020-12-02,4788,4797,4773,4788,32312,0.0,13395,0,-10937,-2458,0,15159,0,15398,1215,31772,1764,0,26335,3673,31772,65186795,0,-53228830,-11957965,0,73764345,0,74929105,5920020,154613470,8577550,0,128157935,17877985,154613470
2020-12-03,4787,4831,4763,4827,70967,0.8145363408521302,36502,-15508,-21833,839,0,41844,0,25707,2230,69781,5342,15508,47540,1391,69781,177799840,-75846820,-106098850,4145830,0,203892395,0,125623995,10897020,340413410,26092555,75846820,231722845,6751190,340413410
2020-12-04,4822,4827,4777,4827,44263,0.0,17976,-17636,-4724,4384,0,22286,0,16853,4384,43523,4310,17636,21577,0,43523,88089830,-86012460,-23428525,21351155,0,109225030,0,82421570,21351155,212997755,21135200,86012460,105850095,0,212997755
2020-12-07,4818,4818,4773,4818,12406,-0.18645121193287756,8676,0,-8836,160,0,9236,0,2361,602,12199,560,0,11197,442,12199,42172115,0,-42951035,778920,0,44910345,0,11536385,2944720,59391450,2738230,0,54487420,2165800,59391450
2020-12-08,4817,4817,4768,4808,10723,-0.20755500207555005,-2431,4780,-1388,-961,0,1785,4780,3809,170,10544,4216,0,5197,1131,10544,-11828655,23283385,-6773410,-4681320,0,8692235,23283385,18528815,827045,51331480,20520890,0,25302225,5508365,51331480
2020-12-09,4813,4813,4754,4759,33377,-1.019134775374376,9105,-1450,-5040,-2615,0,10375,0,22444,0,32819,1270,1450,27484,2615,32819,44134720,-7047000,-24339075,-12748645,0,50292045,0,108818555,0,159110600,6157325,7047000,133157630,12748645,159110600
2020-12-10,4763,4788,4734,4739,22579,-0.42025635637739023,5831,0,-5893,62,0,5984,0,15438,780,22202,153,0,21331,718,22202,28121570,0,-28394050,272480,0,28860260,0,74506995,3763500,107130755,738690,0,102901045,3491020,107130755
2020-12-11,4739,4798,4739,4798,26897,1.2449883941759865,13691,0,-12993,-698,0,20288,0,6160,0,26448,6597,0,19153,698,26448,66638715,0,-63242105,-3396610,0,98769525,0,30019280,0,128788805,32130810,0,93261385,3396610,128788805
2020-12-14,4797,4797,4743,4783,45289,-0.3126302626094206,21035,-14324,-5344,-1367,0,21454,4500,17687,891,44532,419,18824,23031,2258,44532,101804820,-69282745,-25880570,-6641505,0,103839510,21780000,85623610,4307985,215551105,2034690,91062745,111504180,10949490,215551105
2020-12-15,4788,4788,4748,4788,22528,0.10453690152623876,6488,-1277,-5609,398,0,7784,0,13970,398,22152,1296,1277,19579,0,22152,31468705,-6206220,-27198755,1936270,0,37765295,0,67738020,1936270,107439585,6296590,6206220,94936775,0,107439585
2020-12-16,4787,4787,4763,4778,22352,-0.20885547201336674,-2921,-12546,15865,-398,0,3177,0,18802,0,21979,6098,12546,2937,398,21979,-14170515,-60836515,76937330,-1930300,0,15418450,0,91192310,0,106610760,29588965,60836515,14254980,1930300,106610760
2020-12-17,4773,4787,4763,4783,27133,0.10464629552113855,-7285,-1000,7643,642,0,836,0,24899,945,26680,8121,1000,17256,303,26680,-35450845,-4860000,37186405,3124440,0,4062475,0,121046025,4592475,129700975,39513320,4860000,83859620,1468035,129700975
2020-12-18,4783,4788,4773,4788,29602,0.10453690152623876,801,0,1225,-2026,0,6401,0,22706,0,29107,5600,0,21481,2026,29107,3897870,0,5955330,-9853200,0,31155200,0,110438250,0,141593450,27257330,0,104482920,9853200,141593450
2020-12-21,4817,4817,4763,4803,40295,0.3132832080200501,6118,-21702,18853,-3269,0,7688,0,31608,326,39622,1570,21702,12755,3595,39622,29768355,-105482980,91612885,-15898260,0,37423560,0,153675335,1587800,192686695,7655205,105482980,62062450,17486060,192686695
2020-12-22,4812,4812,4768,4793,24795,-0.2082032063293775,9114,0,-10388,1274,0,9607,0,12774,2000,24381,493,0,23162,726,24381,44477670,0,-50704790,6227120,0,46885480,0,62279835,9770000,118935315,2407810,0,112984625,3542880,118935315
2020-12-23,4797,4797,4758,4773,10673,-0.4172751929897768,1748,0,-1838,90,0,2544,0,7861,90,10495,796,0,9699,0,10495,8475930,0,-8911530,435600,0,12351580,0,38190415,435600,50977595,3875650,0,47101945,0,50977595
2020-12-24,4777,4777,4748,4763,19037,-0.20951183741881418,-694,0,81,613,0,1675,0,16431,613,18719,2369,0,16350,0,18719,-3382345,0,418390,2963955,0,8115905,0,79654075,2963955,90733935,11498250,0,79235685,0,90733935
2020-12-28,4778,4783,4699,4744,76788,-0.3989082511022464,-37194,3000,32969,1225,0,18118,3000,52730,1656,75504,55312,0,19761,431,75504,-178746655,14445000,158368630,5933025,0,86968655,14445000,253924370,8017180,363355205,265715310,0,95555740,2084155,363355205
2020-12-29,4743,4743,4640,4680,134226,-1.3490725126475547,40008,0,-51547,11539,0,48733,0,70955,12294,131982,8725,0,122502,755,131982,189856590,0,-244771565,54914975,0,231347320,0,337070715,58518145,626936180,41490730,0,581842280,3603170,626936180
2020-12-30,4684,4684,4640,4675,55099,-0.10683760683760685,1705,0,5439,-7144,0,16412,0,36782,984,54178,14707,0,31343,8128,54178,8106765,0,25656835,-33763600,0,77641620,0,173912865,4654320,256208805,69534855,0,148256030,38417920,256208805
2021-01-04,4675,4675,4601,4641,64033,-0.7272727272727273,13276,-11000,3420,-5696,0,23690,3000,34290,1983,62963,10414,14000,30870,7679,62963,62570705,-51493165,15737220,-26814760,0,111499855,14190000,160984520,9328790,296003165,48929150,65683165,145247300,36143550,296003165
2021-01-05,4640,4640,4581,4606,63443,-0.7541478129713424,2051,-93,-11679,9721,0,24019,0,27719,10645,62383,21968,93,39398,924,62383,9687745,-438030,-54804915,45555200,0,112506060,0,129750465,49874900,292131425,102818315,438030,184555380,4319700,292131425
2021-01-06,4620,4669,4620,4655,48818,1.0638297872340425,-6260,-407,416,6251,0,12443,0,29308,6251,48002,18703,407,28892,0,48002,-29767770,-1930180,2138820,29559130,0,58739800,0,138732045,29559130,227030975,88507570,1930180,136593225,0,227030975
2021-01-07,4654,4654,4620,4650,35589,-0.10741138560687433,-16032,600,20413,-4981,0,1634,600,32320,440,34994,17666,0,11907,5421,34994,-75550465,2826000,96201135,-23476670,0,7696225,2826000,152356130,2075240,164953595,83246690,0,56154995,25551910,164953595
2021-01-08,4650,4655,4621,4621,38497,-0.6236559139784946,3298,100,-3910,512,0,13046,100,23008,1700,37854,9748,0,26918,1188,37854,15518680,472000,-18412735,2422055,0,61472875,472000,108402240,8020090,178367205,45954195,0,126814975,5598035,178367205
2021-01-11,4621,4640,4601,4621,29325,0.0,3384,0,-1797,-1587,0,6256,0,21166,1413,28835,2872,0,22963,3000,28835,15817560,0,-8390345,-7427215,0,29311385,0,99183970,6628965,135124320,13493825,0,107574315,14056180,135124320
2021-01-12,4620,4635,4601,4616,8325,-0.10820168794633195,-247,0,291,-44,0,5015,0,3171,0,8186,5262,0,2880,44,8186,-1158435,0,1365055,-206620,0,23606580,0,14906725,0,38513305,24765015,0,13541670,206620,38513305
2021-01-13,4621,4655,4601,4621,40205,0.10831889081455806,-24300,-1500,23749,2051,0,5579,0,30699,3255,39533,29879,1500,6950,1204,39533,-114032010,-7095000,111501890,9625120,0,26206670,0,144219995,15283920,185710585,140238680,7095000,32718105,5658800,185710585
2021-01-14,4621,4625,4606,4621,12367,0.0,3564,100,-2773,-891,0,5163,100,6876,22,12161,1599,0,9649,913,12161,16731730,469000,-13020780,-4179950,0,24241610,469000,32294545,103400,57108555,7509880,0,45315325,4283350,57108555
2021-01-15,4621,4635,4611,4631,38923,0.2164033758926639,2583,0,-6923,4340,0,9294,0,22849,6130,38273,6711,0,29772,1790,38273,12118485,0,-32566375,20447890,0,43683400,0,107445110,28861720,179990230,31564915,0,140011485,8413830,179990230
2021-01-18,4630,4630,4611,4626,24063,-0.10796804145972792,8963,0,-1662,-7301,0,16120,0,7531,10,23661,7157,0,9193,7311,23661,42167710,0,-7887005,-34280705,0,75801650,0,35375750,46950,111224350,33633940,0,43262755,34327655,111224350
2021-01-19,4621,4630,4611,4621,49309,-0.10808473843493299,22973,9140,-33529,1416,0,24168,9140,13377,1800,48485,1195,0,46906,384,48485,107899745,42958000,-157523865,6666120,0,113510945,42958000,62825825,8469000,227763770,5611200,0,220349690,1802880,227763770
2021-01-20,4621,4636,4611,4636,81970,0.3246050638389959,23189,25860,-45815,-3234,0,43414,25860,7751,3575,80600,20225,0,53566,6809,80600,109063010,121542000,-215464095,-15140915,0,204124675,121542000,36437370,16826200,378930245,95061665,0,251901465,31967115,378930245
2021-01-21,4635,4635,4616,4631,45451,-0.10785159620362382,4585,1000,-9669,4084,0,9617,1000,29243,4831,44691,5032,0,38912,747,44691,21588410,4700000,-45532680,19244270,0,45238810,4700000,137533705,22758905,210231420,23650400,0,183066385,3514635,210231420
2021-01-22,4630,4640,4606,4626,20005,-0.10796804145972792,-3471,1000,4007,-1536,0,1506,1000,16321,844,19671,4977,0,12314,2380,19671,-16329150,4690000,18838155,-7199005,0,7078925,4690000,76732495,3975240,92476660,23408075,0,57894340,11174245,92476660
2021-01-25,4631,4641,4621,4641,26120,0.324254215304799,-5793,0,7101,-1308,0,326,0,24316,1042,25684,6119,0,17215,2350,25684,-27264830,0,33391590,-6126760,0,1536965,0,114482405,4918240,120937610,28801795,0,81090815,11045000,120937610
2021-01-26,4631,4640,4631,4636,15375,-0.10773540185304892,3453,0,-6764,3311,0,3453,0,7664,4001,15118,0,0,14428,690,15118,16277405,0,-31898380,15620975,0,16277405,0,36114295,18872625,71264325,0,0,68012675,3251650,71264325
2021-01-27,4641,4645,4621,4641,28391,0.10785159620362382,8842,1000,-8349,-1493,0,8842,1000,18075,0,27917,0,0,26424,1493,27917,41680865,4700000,-39341370,-7039495,0,41680865,4700000,85085525,0,131466390,0,0,124426895,7039495,131466390
2021-01-28,4621,4640,4621,4636,19733,-0.10773540185304892,-4170,0,6893,-2723,0,1386,0,18018,0,19404,5556,0,11125,2723,19404,-19608885,0,32414185,-12805300,0,6521400,0,84747400,0,91268800,26130285,0,52333215,12805300,91268800
2021-01-29,4640,4640,4616,4621,13765,-0.32355478861087145,4687,0,-4687,0,0,6229,0,7014,292,13535,1542,0,11701,292,13535,22085740,0,-22091940,6200,0,29335390,0,32993530,1378240,63707160,7249650,0,55085470,1372040,63707160
2021-02-01,4640,4640,4611,4631,7262,0.2164033758926639,104,24,-128,0,0,2621,24,4496,0,7141,2517,0,4624,0,7141,501305,112800,-614105,0,0,12338590,112800,21146505,0,33597895,11837285,0,21760610,0,33597895
2021-02-02,4631,4636,4621,4636,6655,0.10796804145972792,-1534,0,1534,0,0,3645,0,2899,0,6544,5179,0,1365,0,6544,-7216105,0,7216105,0,0,17162730,0,13645705,0,30808435,24378835,0,6429600,0,30808435
2021-02-03,4621,4640,4621,4631,15530,-0.10785159620362382,-2490,0,1765,725,0,7361,0,7185,725,15271,9851,0,5420,0,15271,-11721690,0,8303315,3418375,0,34640825,0,33810185,3418375,71869385,46362515,0,25506870,0,71869385
2021-02-04,4621,4631,4616,4631,24556,0.0,11564,1000,-11425,-1139,0,17092,1000,6053,1,24146,5528,0,17478,1140,24146,54349220,4695000,-53692475,-5351745,0,80326540,4695000,28449695,4705,113475940,25977320,0,82142170,5356450,113475940
2021-02-05,4635,4635,4626,4631,7613,0.0,2381,200,-2986,405,0,5157,200,1724,405,7486,2776,0,4710,0,7486,11220225,942000,-14071800,1909575,0,24291050,942000,8125050,1909575,35267675,13070825,0,22196850,0,35267675
2021-02-08,4635,4635,4621,4631,14446,0.0,-4015,0,3686,329,0,5785,0,8091,329,14205,9800,0,4405,0,14205,-18894315,0,17344725,1549590,0,27218445,0,38079970,1549590,66848005,46112760,0,20735245,0,66848005
2021-02-09,4631,4640,4621,4636,14141,0.10796804145972792,-3489,0,3054,435,0,5886,0,7507,512,13905,9375,0,4453,77,13905,-16440590,0,14386235,2054355,0,27704205,0,35378775,2416640,65499620,44144795,0,20992540,362285,65499620
2021-02-10,4636,4641,4631,4641,15392,0.10785159620362382,2173,200,-1861,-512,0,2975,200,11960,0,15135,802,0,13821,512,15135,10242130,942000,-8772610,-2411520,0,14023800,942000,56439495,0,71405295,3781670,0,65212105,2411520,71405295
2021-02-15,4640,4689,4625,4665,44294,0.5171299288946347,18483,0,-17644,-839,0,23302,0,19766,486,43554,4819,0,37410,1325,43554,87417790,0,-83427100,-3990690,0,110325035,0,93471665,2306070,206102770,22907245,0,176898765,6296760,206102770
2021-02-16,4665,4665,4645,4665,11233,0.0,-2456,448,2675,-667,0,6695,448,3903,0,11046,9151,0,1228,667,11046,-11607425,2116800,12649955,-3159330,0,31658090,2116800,18469710,0,52244600,43265515,0,5819755,3159330,52244600
2021-02-17,4660,4670,4650,4670,59789,0.10718113612004287,-4994,0,25229,-20235,0,4402,0,54388,0,58790,9396,0,29159,20235,58790,-23658615,0,119560865,-95902250,0,20850650,0,257801260,0,278651910,44509265,0,138240395,95902250,278651910
2021-02-18,4669,4669,4650,4655,8805,-0.32119914346895073,-4909,85,4824,0,0,2512,85,6061,0,8658,7421,0,1237,0,8658,-23241820,402050,22839770,0,0,11907940,402050,28709655,0,41019645,35149760,0,5869885,0,41019645
2021-02-19,4659,4664,4586,4586,92807,-1.4822771213748658,-51302,7225,44577,-500,0,35260,7225,48252,519,91256,86562,0,3675,1019,91256,-240612410,34109250,208837230,-2334070,0,165497280,34109250,226202030,2455230,428263790,406109690,0,17364800,4789300,428263790
2021-02-22,4645,4655,4621,4641,34329,1.1993022241604885,-12484,1000,11979,-495,0,9783,1000,22972,0,33755,22267,0,10993,495,33755,-58698780,4700000,56327755,-2328975,0,46073480,4700000,108192925,0,158966405,104772260,0,51865170,2328975,158966405
2021-02-23,4640,4645,4620,4645,18100,0.08618832148243913,7162,0,-7162,0,0,10281,0,7517,0,17798,3119,0,14679,0,17798,33809775,0,-33809775,0,0,48521445,0,35443290,0,83964735,14711670,0,69253065,0,83964735
2021-02-24,4621,4655,4621,4641,25746,-0.0861141011840689,5184,0,-5184,0,0,9198,0,16118,0,25316,4014,0,21302,0,25316,24553255,0,-24553255,0,0,43519700,0,76201385,0,119721085,18966445,0,100754640,0,119721085
2021-02-25,4620,4654,4620,4650,8755,0.19392372333548805,3737,0,-3737,0,0,4566,0,4043,0,8609,829,0,7780,0,8609,17661560,0,-17661560,0,0,21579790,0,19098835,0,40678625,3918230,0,36760395,0,40678625
2021-02-26,4650,4670,4650,4670,22834,0.43010752688172044,2052,0,-2052,0,0,3675,0,18778,0,22453,1623,0,20830,0,22453,9728380,0,-9728380,0,0,17419255,0,88983875,0,106403130,7690875,0,98712255,0,106403130
2021-03-02,4665,4689,4660,4685,17312,0.32119914346895073,-535,0,-2367,2902,0,1455,0,12656,2912,17023,1990,0,15023,10,17023,-2552915,0,-11279740,13832655,0,6929385,0,60178335,13880055,80987775,9482300,0,71458075,47400,80987775
2021-03-03,4685,4699,4685,4685,29672,0.0,10489,-9362,-1950,823,0,17405,0,9665,2106,29176,6916,9362,11615,1283,29176,50020635,-44621590,-9317115,3918070,0,82993935,0,46117340,10035115,139146390,32973300,44621590,55434455,6117045,139146390
2021-03-04,4684,4684,4655,4670,21854,-0.32017075773745995,-1181,0,-586,1767,0,7203,0,12179,2107,21489,8384,0,12765,340,21489,-5589730,0,-2803525,8393255,0,34197390,0,57840020,10008255,102045665,39787120,0,60643545,1615000,102045665
2021-03-05,4660,4674,4610,4665,46709,-0.10706638115631692,-13023,203,11247,1573,0,7726,203,36426,1573,45928,20749,0,25179,0,45928,-61264405,952070,52914485,7397850,0,36563330,952070,171545715,7397850,216458965,97827735,0,118631230,0,216458965
2021-03-08,4665,4684,4655,4670,21016,0.10718113612004287,-2581,0,772,1809,0,4546,0,13861,2258,20665,7127,0,13089,449,20665,-12250885,0,3648420,8602465,0,21613015,0,65871925,10737195,98222135,33863900,0,62223505,2134730,98222135
2021-03-09,4670,4670,4650,4670,8039,0.0,-3115,1055,1806,254,0,789,1055,5458,603,7905,3904,0,3652,349,7905,-14762180,5005975,8549230,1206975,0,3744130,5005975,25872475,2861235,37483815,18506310,0,17323245,1654260,37483815
2021-03-10,4675,4685,4660,4685,13864,0.32119914346895073,-3759,0,4617,-858,0,1953,0,11680,0,13633,5712,0,7063,858,13633,-17858075,0,21934850,-4076775,0,9290950,0,55541220,0,64832170,27149025,0,33606370,4076775,64832170
2021-03-11,4680,4689,4660,4685,34588,0.0,-20769,0,20747,22,0,2371,0,31617,22,34010,23140,0,10870,0,34010,-98947485,0,98842875,104610,0,11265260,0,150539075,104610,161908945,110212745,0,51696200,0,161908945
2021-03-12,4685,4690,4685,4690,20765,0.10672358591248667,-11235,-638,11810,63,0,3662,0,16693,63,20418,14897,638,4883,0,20418,-53557950,-3043260,56300700,300510,0,17467240,0,79576845,300510,97344595,71025190,3043260,23276145,0,97344595
2021-03-15,4689,4724,4689,4724,41317,0.7249466950959489,-2659,-5581,4122,4118,0,3352,9419,23738,4118,40627,6011,15000,19616,0,40627,-12769000,-26813715,19887295,19695420,0,16034300,45111285,113736425,19695420,194577430,28803300,71925000,93849130,0,194577430
2021-03-16,4719,4817,4719,4724,23627,0.0,1210,1571,-2301,-480,0,6640,6571,9070,951,23232,5430,5000,11371,1431,23232,5816485,7535865,-11054830,-2297520,0,31900470,31573655,43656485,4571810,111702420,26083985,24037790,54711315,6869330,111702420
2021-03-17,4724,4748,4719,4744,20184,0.42337002540220153,3011,-7000,4499,-510,0,3227,0,15752,868,19847,216,7000,11253,1378,19847,14474120,-33800000,21764495,-2438615,0,15516310,0,75998745,4184895,95699950,1042190,33800000,54234250,6623510,95699950
2021-03-18,4738,4807,4738,4783,55020,0.8220910623946037,-182,-9111,13437,-4144,0,1913,22300,29886,1,54100,2095,31411,16449,4145,54100,-884310,-44222570,65329640,-20222760,0,9304685,108743865,145368375,4840,263421765,10188995,152966435,80038735,20227600,263421765
2021-03-19,4783,4807,4783,4798,80530,0.3136107045787163,-1094,-18275,18762,607,0,13248,32000,31329,2607,79184,14342,50275,12567,2000,79184,-5363235,-89079500,91473610,2969125,0,64614015,156150000,152737130,12709125,386210270,69977250,245229500,61263520,9740000,386210270
2021-03-22,4798,4798,4778,4798,24157,0.0,6240,-1203,-2356,-2681,0,12540,2797,8417,0,23754,6300,4000,10773,2681,23754,30409365,-5857125,-11480885,-13071355,0,61121865,13632875,40973325,0,115728065,30712500,19490000,52454210,13071355,115728065
2021-03-23,4798,4807,4768,4798,41454,0.0,-6572,-9588,18149,-1989,0,13798,0,26963,0,40761,20370,9588,8814,1989,40761,-32129080,-46829995,88660295,-9701220,0,67379600,0,131666480,0,199046080,99508680,46829995,43006185,9701220,199046080
2021-03-24,4798,4807,4793,4803,848491,0.10421008753647354,13353,-4667,-9449,763,0,820269,0,13007,1027,834303,806916,4667,22456,264,834303,65173650,-22806630,-46100730,3733710,0,3882929305,0,63494900,5022030,3951446235,3817755655,22806630,109595630,1288320,3951446235
2021-03-25,4802,4802,4733,4763,70684,-0.83281282531751,-37295,4000,36843,-3548,0,25320,4000,39930,252,69502,62615,0,3087,3800,69502,-180084330,19360000,178047090,-17322760,0,122824535,19360000,193052200,1220770,336457505,302908865,0,15005110,18543530,336457505
2021-03-26,4763,4866,4738,4822,73515,1.2387150955280286,4501,1000,-9090,3589,0,21899,1000,45546,3841,72286,17398,0,54636,252,72286,21921465,4905000,-44348985,17522520,0,107008370,4905000,222301060,18749760,352964190,85086905,0,266650045,1227240,352964190
2021-03-29,4837,4837,4803,4818,49651,-0.08295313148071339,9082,-7438,780,-2424,0,21033,1450,25291,1047,48821,11951,8888,24511,3471,48821,44526145,-36446275,3805530,-11885400,0,103116065,7104925,123970790,5135445,239327225,58589920,43551200,120165260,17020845,239327225
2021-03-30,4817,4900,4817,4837,14151,0.39435450394354504,-1216,0,54,1162,0,1316,0,9632,2967,13915,2532,0,9578,1805,13915,-5993265,0,288110,5705155,0,6454675,0,47352420,14574085,68381180,12447940,0,47064310,8868930,68381180
2021-03-31,4827,4836,4817,4827,49653,-0.20673971469919372,-20475,0,15082,5393,0,14436,0,28172,6215,48823,34911,0,13090,822,48823,-100570045,0,74089245,26480800,0,70829270,0,138285025,30512710,239627005,171399315,0,64195780,4031910,239627005
2021-04-01,4818,4842,4818,4818,60487,-0.18645121193287756,-2403,0,2258,145,0,38322,0,16310,4844,59476,40725,0,14052,4699,59476,-11871875,0,11093605,778270,0,188111900,0,80030980,23816160,291959040,199983775,0,68937375,23037890,291959040
2021-04-02,4822,4827,4803,4818,32704,0.0,14071,0,-14072,1,0,16970,0,15187,1,32158,2899,0,29259,0,32158,68865390,0,-68870295,4905,0,83064740,0,74404560,4905,157474205,14199350,0,143274855,0,157474205
2021-04-05,4827,4856,4812,4852,48604,0.70568700705687,-17172,0,11463,5709,0,3130,0,38398,6264,47792,20302,0,26935,555,47792,-84489100,0,56446060,28043040,0,15372740,0,188652205,30762470,234787415,99861840,0,132206145,2719430,234787415
2021-04-06,4836,4856,4822,4832,135433,-0.4122011541632316,-101776,20400,67492,13884,0,25794,20400,72382,14593,133169,127570,0,4890,709,133169,-499883710,100164000,331429160,68290550,0,126696070,100164000,355481785,71768195,654110050,626579780,0,24052625,3477645,654110050
2021-04-07,4822,4827,4807,4827,64212,-0.10347682119205298,-44920,34707,11394,-1181,0,7040,34707,20403,989,63139,51960,0,9009,2170,63139,-220561205,170411370,55930635,-5780800,0,34537795,170411370,100103090,4846100,309898355,255099000,0,44172455,10626900,309898355
2021-04-08,4827,4827,4817,4827,79054,0.0,-4364,0,4913,-549,0,35265,0,42468,0,77733,39629,0,37555,549,77733,-21441235,0,24134080,-2692845,0,173064205,0,208281755,0,381345960,194505440,0,184147675,2692845,381345960
2021-04-09,4827,4851,4817,4837,35932,0.20716801325875284,6774,0,-6774,0,0,14107,0,21225,0,35332,7333,0,27999,0,35332,33339600,0,-33339600,0,0,69344630,0,104268440,0,173613070,36005030,0,137608040,0,173613070
2021-04-12,4827,4857,4822,4857,82711,0.41347942939838744,-19439,0,17954,1485,0,43278,0,36103,1947,81328,62717,0,18149,462,81328,-95413740,0,88120080,7293660,0,212550075,0,177271650,9559770,399381495,307963815,0,89151570,2266110,399381495
2021-04-13,4827,4862,4808,4818,193470,-0.8029647930821495,-13024,33358,-35359,15025,0,53474,33358,88108,15295,190235,66498,0,123467,270,190235,-63644445,163565895,-173866265,73944815,0,263200085,163565895,432312675,75265115,934343770,326844530,0,606178940,1320300,934343770
2021-04-14,4856,4861,4817,4837,117597,0.39435450394354504,34642,14476,-44352,-4766,0,47348,15648,52635,0,115631,12706,1172,96987,4766,115631,170410940,70922240,-217868290,-23464890,0,232982080,76700200,258811580,0,568493860,62571140,5777960,476679870,23464890,568493860
2021-04-15,4847,4877,4837,4877,116946,0.8269588587967749,58696,-4228,-54468,0,0,61534,3609,49848,0,114991,2838,7837,104316,0,114991,290186075,-20875310,-269310765,0,0,304188180,17864550,246512940,0,568565670,14002105,38739860,515823705,0,568565670
2021-04-16,4876,4905,4861,4901,58932,0.49210580274759075,25331,0,-21089,-4242,0,40250,0,16960,737,57947,14919,0,38049,4979,57947,125862845,0,-104825690,-21037155,0,200121420,0,84419115,3662890,288203425,74258575,0,189244805,24700045,288203425
2021-04-19,4891,4910,4891,4906,86698,0.10201999591920018,56974,3509,-50544,-9939,0,59027,4009,22213,0,85249,2053,500,72757,9939,85249,284228080,17494390,-252210345,-49512125,0,294463550,19986890,110833625,0,425284065,10235470,2492500,363043970,49512125,425284065
2021-04-20,4906,4915,4896,4911,80609,0.10191602119853241,38402,-500,-38649,747,0,40333,0,31184,7745,79262,1931,500,69833,6998,79262,191714825,-2495000,-192971910,3752085,0,201359910,0,155650445,38647555,395657910,9645085,2495000,348622355,34895470,395657910
2021-04-21,4911,4925,4891,4916,103829,0.10181225819588678,29546,565,-21610,-8501,0,44799,565,56728,1,102093,15253,0,78338,8502,102093,147645060,2819350,-108058865,-42405545,0,223879185,2819350,283513285,4990,510216810,76234125,0,391572150,42410535,510216810
2021-04-22,4916,4945,4906,4926,98216,0.20341741253051263,25524,-1976,-24374,826,0,38956,0,55276,2342,96574,13432,1976,79650,1516,96574,128159460,-9919760,-122415170,4175470,0,195486590,0,276926730,11755740,484169060,67327130,9919760,399341900,7580270,484169060
2021-04-23,4925,4954,4900,4945,115544,0.3857084855866829,-25993,-500,27966,-1473,0,34105,0,74621,4886,113612,60098,500,46655,6359,113612,-130467450,-2500000,140238200,-7270750,0,171296960,0,374469320,24499170,570265450,301764410,2500000,234231120,31769920,570265450
2021-04-26,4935,4954,4925,4945,80153,0.0,38367,0,-42814,4447,0,38390,0,31931,8492,78813,23,0,74745,4045,78813,193020780,0,-215482650,22461870,0,193136420,0,160303960,42727320,396167700,115640,0,375786610,20265450,396167700
2021-04-27,4945,4945,4916,4926,79562,-0.38422649140546006,4978,1435,-4915,-1498,0,7100,1435,67694,2003,78232,2122,0,72609,3501,78232,24934650,7189350,-24619080,-7504920,0,35585490,7189350,339577240,10035090,392387170,10650840,0,364196320,17540010,392387170
2021-04-28,4905,4964,4905,4955,169506,0.5887129516849371,-28311,15758,16255,-3702,0,24676,20089,120333,1574,166672,52987,4331,104078,5276,166672,-142360750,79232780,81635470,-18507500,0,124150950,101021500,605029060,7929400,838130910,266511700,21788720,523393590,26436900,838130910
2021-04-29,4954,4954,4915,4945,32370,-0.20181634712411706,1905,-1032,-857,-16,0,14562,0,17267,0,31829,12657,1032,18124,16,31829,9563070,-5196280,-4286310,-80480,0,73063070,0,86599730,0,159662800,63500000,5196280,90886040,80480,159662800
2021-04-30,4945,4955,4916,4936,51992,-0.1820020222446916,348,-1470,8018,-6896,0,13652,10000,27471,0,51123,13304,11470,19453,6896,51123,2030500,-7423020,40044370,-34651850,0,68599560,50323870,137644000,0,256567430,66569060,57746890,97599630,34651850,256567430
2021-05-03,4955,4955,4916,4926,35815,-0.2025931928687196,5914,-5766,2743,-2891,0,6984,0,28233,0,35217,1070,5766,25490,2891,35217,29762070,-29002080,13752830,-14512820,0,35133410,0,141767610,0,176901020,5371340,29002080,128014780,14512820,176901020
2021-05-04,4925,4945,4916,4916,33030,-0.20300446609825418,-1761,-5000,5307,1454,0,2272,0,28752,1454,32478,4033,5000,23445,0,32478,-8866480,-25050000,26631940,7284540,0,11374820,0,144030000,7284540,162689360,20241300,25050000,117398060,0,162689360
2021-05-06,4831,4945,4831,4945,110282,0.5899104963384866,5219,-28655,-328,23764,0,13765,0,70255,24418,108438,8546,28655,70583,654,108438,25736040,-143878100,-558465,118700525,0,68691980,0,351221245,121960715,541873940,42955940,143878100,351779710,3260190,541873940
2021-05-07,4945,4945,4925,4945,35202,0.0,-3546,-4955,8501,0,0,12615,10600,11399,0,34614,16161,15555,2898,0,34614,-17950100,-24768100,42718200,0,0,63339320,53318000,57266080,0,173923400,81289420,78086100,14547880,0,173923400
2021-05-10,4945,4945,4915,4945,80741,0.0,2320,-8670,7377,-1027,0,22823,2000,54558,10,79391,20503,10670,47181,1037,79391,11573170,-43555350,37127780,-5145600,0,114698230,10060000,274052860,50300,398861390,103125060,53615350,236925080,5195900,398861390
2021-05-11,4945,4945,4881,4936,108157,-0.1820020222446916,47298,-5122,-36545,-5631,0,68423,16032,21556,338,106349,21125,21154,58101,5969,106349,236708720,-25786670,-182741070,-28180980,0,342392305,80442140,107746385,1696760,532277590,105683585,106228810,290487455,29877740,532277590
2021-05-12,4935,4935,4911,4926,91372,-0.2025931928687196,12252,0,-14565,2313,0,36670,0,50862,2313,89845,24418,0,65427,0,89845,61315655,0,-72903785,11588130,0,183413915,0,254578455,11588130,449580500,122098260,0,327482240,0,449580500
2021-05-13,4916,4926,4906,4926,72880,0.0,-119,25653,-26111,577,0,20977,25653,23498,1534,71662,21096,0,49609,957,71662,-757745,128521530,-130656080,2892295,0,104922085,128521530,117468540,7670000,358582155,105679830,0,248124620,4777705,358582155
2021-05-14,4926,4935,4906,4926,64649,0.0,6848,-10000,4972,-1820,0,48975,0,14593,0,63568,42127,10000,9621,1820,63568,34282330,-50100000,24931430,-9113760,0,245318570,0,73098260,0,318416830,211036240,50100000,48166830,9113760,318416830
2021-05-17,4926,4955,4926,4936,106395,0.20300446609825418,-12497,-1900,1198,13199,0,50588,8100,32048,13880,104616,63085,10000,30850,681,104616,-62800430,-9588000,5969710,66418720,0,254260480,40662000,161181190,69830530,525934200,317060910,50250000,155211480,3411810,525934200
2021-05-18,4926,4945,4926,4936,26437,0.0,-10922,-2408,12257,1073,0,2412,5000,16356,2227,25995,13334,7408,4099,1154,25995,-54827420,-12112240,61551720,5387940,0,12109260,25150000,82128300,11181020,130568580,66936680,37262240,20576580,5793080,130568580
2021-05-20,4945,4945,4916,4936,41194,0.0,-23755,13000,12427,-1672,0,855,13000,26650,1,40506,24610,0,14223,1673,40506,-119202180,65240000,62341840,-8379660,0,4283500,65240000,133566420,5020,203094940,123485680,0,71224580,8384680,203094940
2021-05-21,4935,4935,4911,4911,87300,-0.506482982171799,-66087,0,68081,-1994,0,8106,0,77735,0,85841,74193,0,9654,1994,85841,-330761240,0,340739380,-9978140,0,40570380,0,389031575,0,429601955,371331620,0,48292195,9978140,429601955
2021-05-24,4926,4935,4916,4926,237548,0.3054367745876604,-128299,0,114098,14201,0,92533,0,125439,15604,233576,220832,0,11341,1403,233576,-643160010,0,571873250,71286760,0,463709920,0,628696150,78301760,1170707830,1106869930,0,56822900,7015000,1170707830
2021-05-25,4926,4935,4916,4926,137813,0.0,-79171,0,75603,3568,0,51885,0,78988,4636,135509,131056,0,3385,1068,135509,-396739660,0,378817620,17922040,0,260048800,0,395774730,23272720,679096250,656788460,0,16957110,5350680,679096250
2021-05-26,4926,4945,4916,4936,177120,0.20300446609825418,-82387,47492,22464,12431,0,47767,59000,53203,14189,174159,130154,11508,30739,1758,174159,-413054520,238094760,112630270,62329490,0,239497590,295880000,266917260,71154650,873449500,652552110,57785240,154286990,8825160,873449500
2021-05-27,4926,4985,4926,4985,260751,0.992706645056726,-11651,-6455,16363,1743,0,80786,31632,133999,9974,256391,92437,38087,117636,8231,256391,-57838400,-32996280,82037580,8797100,0,406868900,158792640,674948860,50200770,1290811170,464707300,191788920,592911280,41403670,1290811170
2021-05-28,4876,4916,4861,4916,184112,-1.3841524573721165,45023,-31135,-6401,-7487,0,110384,6280,60346,4024,181034,65361,37415,66747,11511,181034,224051195,-154568330,-32312140,-37170725,0,549591235,31302200,300070565,20025475,900989475,325540040,185870530,332382705,57196200,900989475
2021-05-31,4915,4974,4906,4965,138986,0.9967453213995118,52966,0,-66212,13246,0,89983,1000,27821,17858,136662,37017,1000,94033,4612,136662,266019060,-5000,-332447960,66433900,0,451716575,4990000,139840470,89448780,685995825,185697515,4995000,472288430,23014880,685995825
2021-06-01,4965,5044,4945,5044,134408,1.5911379657603222,59595,1539,-73549,12415,0,72732,1539,43073,14817,132161,13137,0,116622,2402,132161,303633070,7841220,-374368770,62894480,0,370602000,7841220,218203290,75014550,671661060,66968930,0,592572060,12120070,671661060
2021-06-02,5053,5211,5024,5162,182800,2.3394131641554323,54641,35,-44883,-9793,0,95086,35,83076,1547,179744,40445,0,127959,11340,179744,284604330,180780,-233901280,-50883830,0,497336290,180780,434853610,8065570,940436250,212731960,0,668754890,58949400,940436250
2021-06-03,5142,5269,5142,5142,164192,-0.38744672607516467,23477,0,-4318,-19159,0,73025,0,84628,3794,161447,49548,0,88946,22953,161447,122886610,0,-22126530,-100760080,0,384854130,0,447683120,20069530,852606780,261967520,0,469809650,120829610,852606780
2021-06-04,5142,5152,5103,5113,73337,-0.5639828860365617,30754,1318,-12255,-19817,0,44235,1318,25966,592,72111,13481,0,38221,20409,72111,159851720,6860250,-63647690,-103064280,0,230101670,6860250,135250230,3079570,375291720,70249950,0,198897920,106143850,375291720
2021-06-07,5112,5122,5033,5073,64940,-0.7823195775474282,21028,-18333,739,-3434,0,27023,0,33567,3265,63855,5995,18333,32828,6699,63855,108665150,-94688390,3740490,-17717250,0,139705820,0,173157280,16921870,329784970,31040670,94688390,169416790,34639120,329784970
2021-06-08,5073,5122,5053,5073,30892,0.0,18623,-7328,-10266,-1029,0,22977,584,6815,0,30376,4354,7912,17081,1029,30376,95886260,-37750480,-52839670,-5296110,0,118329360,3013440,35122360,0,156465160,22443100,40763920,87962030,5296110,156465160
2021-06-09,5073,5122,5043,5093,66582,0.39424403705893946,28527,-14455,-14071,-1,0,47007,0,18368,94,65469,18480,14455,32439,95,65469,147772350,-74617800,-73148420,-6130,0,243431120,0,94919350,486920,338837390,95658770,74617800,168067770,493050,338837390
2021-06-10,5112,5112,5083,5093,22384,0.0,2940,1359,-96,-4203,0,5494,1359,15155,2,22010,2554,0,15251,4205,22010,15237590,7045050,-521050,-21761590,0,28495970,7045050,78586890,10380,114138290,13258380,0,79107940,21771970,114138290
2021-06-11,5161,5161,5083,5093,17742,0.0,8177,1271,-5465,-3983,0,10802,1293,5350,1,17446,2625,22,10815,3984,17446,42340090,6595110,-28296030,-20639170,0,55964900,6708850,27773980,5190,90452920,13624810,113740,56070010,20644360,90452920
2021-06-14,5112,5122,5063,5122,89919,0.5694089927351267,44445,3839,-39182,-9102,0,67851,3839,13487,3239,88416,23406,0,52669,12341,88416,230720210,19872840,-203428230,-47164820,0,352311870,19872840,69960750,16800140,458945600,121591660,0,273388980,63964960,458945600
2021-06-15,5122,5142,4847,5103,75824,-0.3709488481062085,12961,1309,-11906,-2364,0,45476,1309,26382,1390,74557,32515,0,38288,3754,74557,65129550,6805500,-59588630,-12346420,0,234030570,6805500,136464650,7174020,384474740,168901020,0,196053280,19520440,384474740
2021-06-16,5102,5112,5014,5024,42467,-1.548108955516363,14746,273,-12132,-2887,0,16416,273,24773,295,41757,1670,0,36905,3182,41757,75623020,1406300,-62131880,-14897440,0,84182390,1406300,127209250,1504780,214302720,8559370,0,189341130,16402220,214302720
2021-06-17,5024,5103,4994,5103,67661,1.572452229299363,23394,-7380,-20544,4530,0,50898,0,10655,4977,66530,27504,7380,31199,447,66530,120669840,-37861800,-105967950,23159910,0,262167340,0,54418190,25464390,342049920,141497500,37861800,160386140,2304480,342049920
2021-06-18,5102,5112,5063,5093,6539,-0.19596315892612187,376,43,-420,1,0,1543,43,4842,2,6430,1167,0,5262,1,6430,1929770,221450,-2156410,5190,0,7974820,221450,25059170,10380,33265820,6045050,0,27215580,5190,33265820
2021-06-21,5044,5103,5034,5054,37217,-0.7657569212644807,-6649,1371,6385,-1107,0,18980,1371,16242,2,36595,25629,0,9857,1109,36595,-34063020,7048650,32731950,-5717580,0,97937600,7048650,83609010,10260,188605520,132000620,0,50877060,5727840,188605520
2021-06-22,5054,5063,5044,5054,48369,0.0,-19721,1034,18139,548,0,17130,1500,27765,1166,47561,36851,466,9626,618,47561,-101198560,5304420,93071240,2822900,0,88046910,7695000,142488330,5993240,244223480,189245470,2390580,49417090,3170340,244223480
2021-06-23,5053,5072,5033,5063,40589,0.1780767708745548,9488,-9958,749,-279,0,27830,1000,11081,0,39911,18342,10958,10332,279,39911,48775160,-51174650,3830760,-1431270,0,143137100,5150000,56968450,0,205255550,94361940,56324650,53137690,1431270,205255550
2021-06-24,5063,5063,5014,5044,39336,-0.3752715781157417,2270,-917,-9291,7938,0,10542,0,17759,10378,38679,8272,917,27050,2440,38679,11639520,-4716660,-47426940,40504080,0,53945040,0,90727630,53002200,197674870,42305520,4716660,138154570,12498120,197674870
2021-06-25,5053,5053,5004,5014,46781,-0.5947660586835845,1552,1000,4515,-7067,0,24155,1000,20844,0,45999,22603,0,16329,7067,45999,7867170,5090000,23045840,-36003010,0,123195440,5090000,106263600,0,234549040,115328270,0,83217760,36003010,234549040
2021-06-28,5033,5033,4984,5014,60167,0.0,-1508,0,2757,-1249,0,38496,0,20565,100,59161,40004,0,17808,1349,59161,-7670470,0,14023760,-6353290,0,196290700,0,104697290,512000,301499990,203961170,0,90673530,6865290,301499990
2021-06-29,5023,5023,4984,5014,29484,0.0,1715,158,-613,-1260,0,19044,158,9788,1,28991,17329,0,10401,1261,28991,8843000,802640,-3219640,-6426000,0,97015800,802640,49746910,5100,147570450,88172800,0,52966550,6431100,147570450
2021-06-30,5023,5023,4974,5014,33000,0.0,-11945,311,11889,-255,0,11153,311,20985,0,32449,23098,0,9096,255,32449,-60610940,1586100,60325340,-1300500,0,56783820,1586100,106641720,0,165011640,117394760,0,46316380,1300500,165011640
2021-07-01,5014,5024,4975,4985,32796,-0.5783805345033906,-16726,0,17967,-1241,0,4153,0,28095,0,32248,20879,0,10128,1241,32248,-84733720,0,91027860,-6294140,0,21076520,0,142444040,0,163520560,105810240,0,51416180,6294140,163520560
2021-07-02,4984,5004,4965,4975,69634,-0.20060180541624875,-41602,1000,42651,-2049,0,17439,1000,50031,0,68470,59041,0,7380,2049,68470,-210443340,5050000,215786440,-10393100,0,88111460,5050000,253130310,0,346291770,298554800,0,37343870,10393100,346291770
2021-07-05,4984,4984,4955,4975,129177,0.0,-74456,5564,61136,7756,0,21187,10000,88074,7756,127017,95643,4436,26938,0,127017,-376155830,28142560,308767910,39245360,0,106984430,50500000,444891790,39245360,641621580,483140260,22357440,136123880,0,641621580
2021-07-06,4984,4984,4945,4955,85295,-0.4020100502512563,-47731,21000,26731,0,0,6934,21000,55935,0,83869,54665,0,29204,0,83869,-240598470,105880000,134718470,0,0,34933570,105880000,281908890,0,422722460,275532040,0,147190420,0,422722460
2021-07-07,4964,4964,4915,4945,93550,-0.20181634712411706,-38261,5000,38741,-5480,0,33770,5000,53215,1,91986,72031,0,14474,5481,91986,-191554510,25050000,194009440,-27504930,0,169399260,25050000,266746230,5040,461200530,360953770,0,72736790,27509970,461200530
2021-07-08,4936,4936,4926,4936,25516,-0.1820020222446916,-2288,0,3012,-724,0,9475,0,15615,0,25090,11763,0,12603,724,25090,-11475320,0,15102560,-3627240,0,47540560,0,78313740,0,125854300,59015880,0,63211180,3627240,125854300
2021-07-09,4945,4945,4906,4926,54376,-0.2025931928687196,12194,0,-14645,2451,0,19292,0,31724,2451,53467,7098,0,46369,0,53467,60857885,0,-73090435,12232550,0,96404785,0,158581980,12232550,267219315,35546900,0,231672415,0,267219315
2021-07-12,4945,4945,4901,4916,66948,-0.20300446609825418,-21560,15000,4057,2503,0,16458,15000,31868,2503,65829,38018,0,27811,0,65829,-107761980,75000000,20259495,12502485,0,82258520,75000000,159203750,12502485,328964755,190020500,0,138944255,0,328964755
2021-07-13,4916,4925,4911,4916,115515,0.0,-88837,27190,56501,5146,0,12119,27190,68044,6231,113584,100956,0,11543,1085,113584,-444395725,135989545,282670755,25735425,0,60624800,135989545,340409820,31155000,568179165,505020525,0,57739065,5419575,568179165
2021-07-14,4945,4945,4911,4916,84226,0.0,-52973,12843,42408,-2278,0,24367,12843,45568,40,82818,77340,0,3160,2318,82818,-265036810,64265000,212161810,-11390000,0,122078520,64265000,228015060,200000,414558580,387115330,0,15853250,11590000,414558580
2021-07-15,4945,4945,4911,4936,58138,0.40683482506102525,-32590,0,33241,-651,0,17781,0,39385,0,57166,50371,0,6144,651,57166,-163295490,0,166550490,-3255000,0,89072510,0,197307210,0,286379720,252368000,0,30756720,3255000,286379720
2021-07-16,4945,4945,4896,4916,104380,-0.4051863857374392,-30716,15066,13763,1887,0,31215,15066,53940,2414,102635,61931,0,40177,527,102635,-153690085,75305660,68959965,9424460,0,156064365,75305660,269447940,12070000,512887965,309754450,0,200487975,2645540,512887965
2021-07-19,4926,4945,4911,4926,41116,0.20341741253051263,-8761,0,11195,-2434,0,15977,0,24452,0,40429,24738,0,13257,2434,40429,-43808740,0,56004440,-12195700,0,80210620,0,122352505,0,202563125,124019360,0,66348065,12195700,202563125
2021-07-20,4935,4935,4906,4926,41144,0.0,-7999,-813,10386,-1574,0,8028,0,32104,324,40456,16027,813,21718,1898,40456,-40173265,-4065000,52110775,-7872510,0,40111675,0,160675025,1620000,202406700,80284940,4065000,108564250,9492510,202406700
2021-07-21,4945,4945,4911,4926,23352,0.0,18,3268,-522,-2764,0,7598,3268,11916,180,22962,7580,0,12438,2944,22962,53400,16323660,-2558860,-13818200,0,38015280,16323660,59624235,901800,114864975,37961880,0,62183095,14720000,114864975
2021-07-22,4935,4935,4911,4926,63705,0.0,-24850,14980,12934,-3064,0,16754,14980,29674,1232,62640,41604,0,16740,4296,62640,-124285130,74900000,64698950,-15313820,0,83776005,74900000,148399040,6166180,313241225,208061135,0,83700090,21480000,313241225
2021-07-23,4945,4945,4896,4926,90084,0.0,-57564,6000,53928,-2364,0,27050,6000,55209,319,88578,84614,0,1281,2683,88578,-287200905,29965000,269060835,-11824930,0,135021305,29965000,275467175,1591810,442045290,422222210,0,6406340,13416740,442045290
2021-07-26,4925,4935,4906,4916,43902,-0.20300446609825418,-20993,1000,20312,-319,0,19929,1000,22239,0,43168,40922,0,1927,319,43168,-104983700,5020000,101557105,-1593405,0,99663315,5020000,111214125,0,215897440,204647015,0,9657020,1593405,215897440
2021-07-27,4915,4915,4906,4911,27677,-0.10170870626525631,-707,-2000,-395,3102,0,15921,0,8191,3103,27215,16628,2000,8586,1,27215,-3519010,-9990000,-1988365,15497375,0,79537620,0,40889460,15502375,135929455,83056630,9990000,42877825,5000,135929455
2021-07-28,4906,4935,4901,4926,31392,0.3054367745876604,-7096,0,5827,1269,0,19226,0,10373,1269,30868,26322,0,4546,0,30868,-35397865,0,29056055,6341810,0,96194575,0,51816395,6341810,154352780,131592440,0,22760340,0,154352780
2021-07-29,4945,4945,4916,4926,16277,0.0,-5397,0,5296,101,0,8794,0,6042,1169,16005,14191,0,746,1068,16005,-26987200,0,26482200,505000,0,44013880,0,30214230,5845000,80073110,71001080,0,3732030,5340000,80073110
2021-07-30,4945,4945,4906,4906,15722,-0.40600893219650835,2316,0,-2105,-211,0,5632,0,9828,0,15460,3316,0,11933,211,15460,11562195,0,-10507195,-1055000,0,28112490,0,49050435,0,77162925,16550295,0,59557630,1055000,77162925
2021-08-02,4906,4915,4896,4911,40106,0.10191602119853241,-8763,0,8401,362,0,15575,0,23149,712,39436,24338,0,14748,350,39436,-43748395,0,41938455,1809940,0,77737215,0,115593145,3556440,196886800,121485610,0,73654690,1746500,196886800
2021-08-03,4911,4935,4901,4926,16502,0.3054367745876604,-939,0,679,260,0,5127,0,10840,260,16227,6066,0,10161,0,16227,-4675585,0,3375585,1300000,0,25651495,0,54144710,1300000,81096205,30327080,0,50769125,0,81096205
2021-08-04,4926,4926,4906,4926,49922,0.0,-12776,9296,2352,1128,0,26748,10000,10124,2216,49088,39524,704,7772,1088,49088,-63786745,46397960,11748785,5640000,0,133743910,49925000,50605560,11080000,245354470,197530655,3527040,38856775,5440000,245354470
2021-08-05,4935,4935,4916,4926,9537,0.0,-1005,0,1005,0,0,7390,0,1988,0,9378,8395,0,983,0,9378,-5044410,0,5044410,0,0,37014530,0,9959440,0,46973970,42058940,0,4915030,0,46973970
2021-08-06,4935,4935,4911,4911,25873,-0.3045066991473812,1358,3113,-4171,-300,0,6963,13682,4796,0,25441,5605,10569,8967,300,25441,6779800,15551590,-20831390,-1500000,0,34844560,68396590,23987205,0,127228355,28064760,52845000,44818595,1500000,127228355
2021-08-09,4925,4935,4906,4916,61840,0.10181225819588678,-34684,0,28654,6030,0,11879,0,42897,6030,60806,46563,0,14243,0,60806,-173705220,0,143434620,30270600,0,59384740,0,214803535,30270600,304458875,233089960,0,71368915,0,304458875
2021-08-10,4916,4926,4896,4926,28690,0.20341741253051263,3887,-8178,10553,-6262,0,9126,2322,16763,0,28211,5239,10500,6210,6262,28211,19376460,-40785700,52609450,-31200210,0,45521470,11586800,83578860,0,140687130,26145010,52372500,30969410,31200210,140687130
2021-08-11,4925,4935,4906,4916,25418,-0.20300446609825418,-1146,-3411,5608,-1051,0,16823,0,8170,0,24993,17969,3411,2562,1051,24993,-5718820,-17032665,28011745,-5260260,0,84084840,0,40816815,0,124901655,89803660,17032665,12805070,5260260,124901655
2021-08-12,4916,4916,4906,4916,12633,0.0,-3336,276,2050,1010,0,1914,276,7035,3197,12422,5250,0,4985,2187,12422,-16674540,1378620,10237840,5058080,0,9566425,1378620,35141180,15971210,62057435,26240965,0,24903340,10913130,62057435
2021-08-13,4916,4925,4911,4916,26245,0.0,-4845,0,5222,-377,0,10468,0,14257,1082,25807,15313,0,9035,1459,25807,-24219160,0,26088570,-1869410,0,52315905,0,71257105,5420820,128993830,76535065,0,45168535,7290230,128993830
2021-08-17,4916,4925,4896,4916,73612,0.0,-54146,0,55228,-1082,0,13857,0,58525,0,72382,68003,0,3297,1082,72382,-270417740,0,275827740,-5410000,0,69145250,0,292266660,0,361411910,339562990,0,16438920,5410000,361411910
2021-08-18,4916,4935,4896,4916,53175,0.0,9428,0,-14054,4626,0,32464,0,13393,6429,52286,23036,0,27447,1803,52286,47162925,0,-70243265,23080340,0,162301910,0,67007340,32079710,261388960,115138985,0,137250605,8999370,261388960
2021-08-19,4901,4915,4891,4901,48136,-0.30512611879576895,-6564,608,11424,-5468,0,11321,719,35292,0,47332,17885,111,23868,5468,47332,-32683170,3029770,56916700,-27263300,0,56443705,3584215,175899985,0,235927905,89126875,554445,118983285,27263300,235927905
2021-08-20,4896,4910,4881,4896,25290,-0.10201999591920018,-8601,1000,7297,304,0,10726,1000,12838,304,24868,19327,0,5541,0,24868,-42743415,4967500,36265035,1510880,0,53308110,4967500,63797740,1510880,123584230,96051525,0,27532705,0,123584230
2021-08-23,4886,4910,4886,4901,26473,0.10212418300653596,-4433,-7131,9671,1893,0,3891,0,20247,1893,26031,8324,7131,10576,0,26031,-22047330,-35619345,48212795,9453880,0,19396965,0,100861335,9453880,129712180,41444295,35619345,52648540,0,129712180
2021-08-24,4891,4906,4891,4906,22080,0.10201999591920018,-10903,2200,10900,-2197,0,4000,2200,15031,480,21711,14903,0,4131,2677,21711,-54306380,10966780,54279005,-10939405,0,19904755,10966780,74844035,2390400,108105970,74211135,0,20565030,13329805,108105970
2021-08-25,4915,4915,4886,4901,11053,-0.10191602119853241,-7605,0,7505,100,0,2174,0,8595,100,10869,9779,0,1090,0,10869,-37844670,0,37346670,498000,0,10815990,0,42774060,498000,54088050,48660660,0,5427390,0,54088050
2021-08-26,4900,4900,4886,4896,39622,-0.10201999591920018,-22058,0,22058,0,0,11106,0,27854,0,38960,33164,0,5796,0,38960,-109704220,0,109704220,0,0,55276740,0,138541885,0,193818625,164980960,0,28837665,0,193818625
2021-08-27,4896,4900,4891,4896,20031,0.0,38,22,-66,6,0,9888,22,9781,6,19697,9850,0,9847,0,19697,189415,109505,-328775,29855,0,49196890,109505,48688700,29855,98024950,49007475,0,49017475,0,98024950
2021-08-30,4901,4901,4886,4901,18855,0.10212418300653596,-6613,2000,4610,3,0,4446,2000,12091,3,18540,11059,0,7481,0,18540,-32905755,9950000,22940830,14925,0,22143110,9950000,60176355,14925,92284390,55048865,0,37235525,0,92284390
2021-08-31,4901,4910,4886,4906,23793,0.10201999591920018,1088,463,-2490,939,0,10829,463,11165,939,23396,9741,0,13655,0,23396,5470415,2307740,-12460110,4681955,0,53996205,2307740,55632985,4681955,116618885,48525790,0,68093095,0,116618885
2021-09-01,4896,4915,4891,4906,74857,0.0,-12984,1731,12612,-1359,0,31256,2000,39796,554,73606,44240,269,27184,1913,73606,-64729800,8624090,62870960,-6765250,0,155811655,9965000,198373110,2761490,366911255,220541455,1340910,135502150,9526740,366911255
2021-09-02,4901,4911,4891,4911,34980,0.10191602119853241,-6609,-117,3336,3390,0,6922,0,24084,3390,34396,13531,117,20748,0,34396,-32966405,-583015,16664825,16884595,0,34472565,0,119989660,16884595,171346820,67438970,583015,103324835,0,171346820
2021-09-03,4915,4915,4896,4896,36946,-0.3054367745876604,-3193,5563,-1891,-479,0,6429,5563,24337,0,36329,9622,0,26228,479,36329,-15921720,27769225,-9459690,-2387815,0,32040510,27769225,121331785,0,181141520,47962230,0,130791475,2387815,181141520
2021-09-06,4901,4915,4896,4906,23922,0.20424836601307192,6376,801,-8149,972,0,16296,801,5453,972,23522,9920,0,13602,0,23522,31838560,3988980,-40677820,4850280,0,81254650,3988980,27160820,4850280,117254730,49416090,0,67838640,0,117254730
2021-09-07,4901,4905,4881,4901,83935,-0.10191602119853241,-18387,1699,17660,-972,0,42583,1699,38250,0,82532,60970,0,20590,972,82532,-91386935,8456020,87771475,-4840560,0,212148260,8456020,190409065,0,411013345,303535195,0,102637590,4840560,411013345
2021-09-08,4905,4905,4886,4891,16720,-0.20403999183840035,-6806,1000,5805,1,0,4644,1000,10796,1,16441,11450,0,4991,0,16441,-33843855,4975000,28863875,4980,0,23103840,4975000,53703520,4980,81787340,56947695,0,24839645,0,81787340
2021-09-09,4891,4895,4881,4891,15826,0.0,-155,4051,-4452,556,0,5208,4051,5747,556,15562,5363,0,10199,0,15562,-773570,20145495,-22138025,2766100,0,25891655,20145495,28571775,2766100,77375025,26665225,0,50709800,0,77375025
2021-09-10,4905,4905,4886,4901,20964,0.20445716622367613,-10410,6498,3642,270,0,3049,8961,7778,826,20614,13459,2463,4136,556,20614,-51765580,32332040,18079250,1354290,0,15176115,44597780,38686265,4117610,102577770,66941695,12265740,20607015,2763320,102577770
2021-09-13,4901,4910,4896,4906,28946,0.10201999591920018,-12339,10000,855,1484,0,4179,10000,12464,1819,28462,16518,0,11609,335,28462,-61523855,49885000,4227845,7411010,0,20825350,49885000,62145610,9080985,141936945,82349205,0,57917765,1669975,141936945
2021-09-14,4906,4906,4891,4906,15076,0.0,-7367,10458,-3091,0,0,476,10458,3890,0,14824,7843,0,6981,0,14824,-36728180,52150820,-15422640,0,0,2372405,52150820,19390735,0,73913960,39100585,0,34813375,0,73913960
2021-09-15,4906,4910,4896,4906,34292,0.0,-27494,23844,3650,0,0,1669,23844,8206,0,33719,29163,0,4556,0,33719,-137191080,118981560,18209520,0,0,8327795,118981560,40946265,0,168255620,145518875,0,22736745,0,168255620
2021-09-16,4910,4910,4901,4906,35048,0.0,-15716,6593,8510,613,0,7341,6593,17605,2923,34462,23057,0,9095,2310,34462,-78426715,32891105,42467775,3067835,0,36627760,32891105,87840535,14585770,171945170,115054475,0,45372760,11517935,171945170
2021-09-17,4906,4911,4901,4911,11984,0.10191602119853241,-5121,0,5121,0,0,1025,0,10759,0,11784,6146,0,5638,0,11784,-25549770,0,25549770,0,0,5114250,0,53677220,0,58791470,30664020,0,28127450,0,58791470
2021-09-23,4916,4916,4901,4916,42166,0.10181225819588678,3443,1000,-3716,-727,0,27014,1000,11186,2261,41461,23571,0,14902,2988,41461,17203115,4990000,-18578240,-3614875,0,135012045,4990000,55860270,11292600,207154915,117808930,0,74438510,14907475,207154915
2021-09-24,4916,4926,4911,4926,53178,0.20341741253051263,-35455,40000,-4016,-529,0,1662,40000,10615,12,52289,37117,0,14631,541,52289,-177281990,200000000,-20073060,-2644950,0,8310010,200000000,53076540,60050,261446600,185592000,0,73149600,2705000,261446600
2021-09-27,4926,4936,4916,4936,68919,0.20300446609825418,-50033,27473,22560,0,0,3624,27473,36670,0,67767,53657,0,14110,0,67767,-250415450,137418130,112997320,0,0,18146150,137418130,183637760,0,339202040,268561600,0,70640440,0,339202040
2021-09-28,4936,4936,4926,4936,52539,0.0,-11062,8289,2760,13,0,3203,23269,25176,13,51661,14265,14980,22416,0,51661,-55499660,41564130,13870400,65130,0,16049860,116763730,126253840,65130,259132560,71549520,75199600,112383440,0,259132560
2021-09-29,4936,4955,4916,4936,59316,0.0,-27934,12362,11739,3833,0,405,12362,40468,5090,58325,28339,0,28729,1257,58325,-140479420,62000040,59123350,19356030,0,2031900,62000040,203380750,25653600,293066290,142511320,0,144257400,6297570,293066290
2021-09-30,4945,4945,4916,4936,51155,0.0,-8996,14188,581,-5773,0,6699,14188,29413,0,50300,15695,0,28832,5773,50300,-45168050,71101030,2979000,-28911980,0,33621580,71101030,147353400,0,252076010,78789630,0,144374400,28911980,252076010
2021-10-01,4935,4945,4916,4916,33540,-0.4051863857374392,1864,-189,-1675,0,0,6728,1000,25252,0,32980,4864,1189,26927,0,32980,9328900,-944490,-8384410,0,0,33707780,5010000,126444970,0,165162750,24378880,5954490,134829380,0,165162750
2021-10-05,4916,4935,4916,4916,19667,0.0,-4747,1198,3691,-142,0,1553,1198,16410,178,19339,6300,0,12719,320,19339,-23722960,5992240,18439660,-708940,0,7780040,5992240,82092230,891060,96755570,31503000,0,63652570,1600000,96755570
2021-10-06,4916,4935,4896,4926,26907,0.20341741253051263,3069,1000,-5958,1889,0,4329,1000,19240,1889,26458,1260,0,25198,0,26458,15339740,5000000,-29783205,9443465,0,21650340,5000000,96121475,9443465,132215280,6310600,0,125904680,0,132215280
2021-10-07,4945,4945,4916,4916,11565,-0.20300446609825418,3462,466,-3928,0,0,3962,466,6686,258,11372,500,0,10614,258,11372,17341550,2330000,-19671550,0,0,19846550,2330000,33483240,1292580,56952370,2505000,0,53154790,1292580,56952370
2021-10-08,4916,4955,4916,4936,48275,0.40683482506102525,17542,0,-16509,-1033,0,42380,0,4072,1016,47468,24838,0,20581,2049,47468,88198070,0,-83021240,-5176830,0,213298780,0,20419400,5105990,238824170,125100710,0,103440640,10282820,238824170
2021-10-12,4926,4935,4911,4926,34665,-0.2025931928687196,1198,142,-563,-777,0,4595,142,28138,1211,34086,3397,0,28701,1988,34086,5963295,709290,-2787770,-3884815,0,22976265,709290,140751405,6055210,170492170,17012970,0,143539175,9940025,170492170
2021-10-13,4945,4945,4925,4945,14869,0.3857084855866829,932,-5533,4994,-393,0,3982,2544,8095,0,14621,3050,8077,3101,393,14621,4678230,-27739960,25030660,-1968930,0,19989530,12769780,40601820,0,73361130,15311300,40509740,15571160,1968930,73361130
2021-10-14,4945,4964,4915,4955,65489,0.20222446916076847,36255,0,-36252,-3,0,40438,0,23956,0,64394,4183,0,60208,3,64394,182205080,0,-182189990,-15090,0,203284640,0,120212500,0,323497140,21079560,0,302402490,15090,323497140
2021-10-15,4945,4965,4935,4965,47498,0.20181634712411706,-3395,-861,1437,2819,0,7929,9466,26490,2819,46704,11324,10327,25053,0,46704,-17077900,-4389310,7279020,14188190,0,39947060,47555500,133293540,14188190,234984290,57024960,51944810,126014520,0,234984290
2021-10-18,4965,4965,4935,4965,38412,0.0,11829,-9209,-621,-1999,0,14119,0,23307,344,37770,2290,9209,23928,2343,37770,59588290,-46321270,-3232850,-10034170,0,71144850,0,117313890,1730320,190189060,11556560,46321270,120546740,11764490,190189060
2021-10-19,4965,4985,4945,4985,10774,0.4028197381671702,3161,0,-2916,-245,0,5208,0,5044,342,10594,2047,0,7960,587,10594,15993170,0,-14756080,-1237090,0,26332920,0,25499540,1730520,53562980,10339750,0,40255620,2967610,53562980
2021-10-20,4985,4994,4955,4985,61622,0.0,-37413,2000,36813,-1400,0,10471,2000,47879,242,60592,47884,0,11066,1642,60592,-189129710,10120000,186104550,-7094840,0,52983970,10120000,242090080,1222100,306416150,242113680,0,55985530,8316940,306416150
2021-10-21,4994,4994,4965,4985,20724,0.0,9869,0,-9627,-242,0,11179,0,9199,0,20378,1310,0,18826,242,20378,50034190,0,-48809340,-1224850,0,56675890,0,46630220,0,103306110,6641700,0,95439560,1224850,103306110
2021-10-22,4995,5004,4985,4995,31031,0.20060180541624875,9915,0,-8851,-1064,0,10179,0,20334,0,30513,264,0,29185,1064,30513,50368530,0,-44962770,-5405760,0,51709620,0,103296520,0,155006140,1341090,0,148259290,5405760,155006140
2021-10-25,4995,4995,4965,4995,23046,0.0,7537,-9944,1712,695,0,11237,0,10729,695,22661,3700,9944,9017,0,22661,38233540,-50416080,8651940,3530600,0,57017540,0,54375990,3530600,114924130,18784000,50416080,45724050,0,114924130
2021-10-26,5004,5004,4975,4985,11206,-0.20020020020020018,1853,0,-1131,-722,0,4018,0,7001,0,11019,2165,0,8132,722,11019,9381650,0,-5725460,-3656190,0,20379850,0,35489050,0,55868900,10998200,0,41214510,3656190,55868900
2021-10-27,4994,4994,4975,4975,54172,-0.20060180541624875,-2131,-700,2431,400,0,10506,0,42361,400,53267,12637,700,39930,0,53267,-10702160,-3542000,12220160,2024000,0,53266160,0,214514590,2024000,269804750,63968320,3542000,202294430,0,269804750
2021-10-28,4994,5023,4984,5014,42937,0.7839195979899497,21651,2647,-22212,-2086,0,32258,2647,6461,853,42219,10607,0,28673,2939,42219,110333570,13483440,-113179270,-10637740,0,164433390,13483440,32893870,4341770,215152470,54099820,0,146073140,14979510,215152470
2021-10-29,5024,5024,4985,4995,38844,-0.3789389708815317,-9293,-7688,17480,-499,0,1707,0,36092,396,38195,11000,7688,18612,895,38195,-47190570,-39055040,88780630,-2535020,0,8677280,0,183342080,2011680,194031040,55867850,39055040,94561450,4546700,194031040
2021-11-01,4994,5004,4985,4985,12375,-0.20020020020020018,-1290,0,793,497,0,3117,0,8555,497,12169,4407,0,7762,0,12169,-6576520,0,4054760,2521760,0,15812500,0,43428960,2521760,61763220,22389020,0,39374200,0,61763220
2021-11-02,4985,5004,4916,4985,59452,0.0,8700,-413,-9063,776,0,19824,0,37856,778,58458,11124,413,46919,2,58458,44038310,-2093910,-45869940,3925540,0,100278780,0,191267440,3935680,295481900,56240470,2093910,237137380,10140,295481900
2021-11-03,4994,4994,4945,4985,845910,0.0,-797142,0,-2138,799280,0,5984,0,25780,800001,831765,803126,0,27918,721,831765,-3985528410,0,-10821190,3996349600,0,30296800,0,130272170,4000005070,4160574040,4015825210,0,141093360,3655470,4160574040
2021-11-04,4994,4994,4975,4985,16224,0.0,3801,84,-1579,-2306,0,4724,84,11145,0,15953,923,0,12724,2306,15953,19285970,426550,-8008490,-11704030,0,23966080,426550,56578090,0,80970720,4680110,0,64586580,11704030,80970720
2021-11-05,4985,5004,4975,4985,40913,0.0,11680,14,8375,-20069,0,12909,14,27297,9,40229,1229,0,18922,20078,40229,59223620,70990,42455420,-101750030,0,65448630,70990,138371310,45630,203936560,6225010,0,95915890,101795660,203936560
2021-11-08,4965,5004,4965,4995,58967,0.20060180541624875,37550,-1,-9761,-27788,0,48446,0,9535,0,57981,10896,1,19296,27788,57981,190605250,-5080,-49582540,-141017630,0,245962590,0,48408260,0,294370850,55357340,5080,97990800,141017630,294370850
2021-11-09,5014,5014,4975,4995,63651,0.0,43125,-1,-36636,-6488,0,43129,0,19458,0,62587,4,1,56094,6488,62587,218652780,-5070,-185744260,-32903450,0,218673060,0,98685420,0,317358480,20280,5070,284429680,32903450,317358480
2021-11-10,4994,5004,4975,4975,48083,-0.40040040040040037,4498,1,23751,-28250,0,15220,1,32058,0,47279,10722,0,8307,28250,47279,22826700,5080,120674090,-143505870,0,77287240,5080,162745590,0,240037910,54460540,0,42071500,143505870,240037910
2021-11-11,4995,5004,4975,4995,50703,0.4020100502512563,15213,1,6926,-22140,0,35723,1,14132,0,49856,20510,0,7206,22140,49856,77252190,5070,35211790,-112469050,0,181419690,5070,71805960,0,253230720,104167500,0,36594170,112469050,253230720
2021-11-12,5013,5013,4994,5004,7328,0.18018018018018017,46,45,743,-834,0,1992,45,5169,0,7206,1946,0,4426,834,7206,235520,229260,3782620,-4247400,0,10159000,229260,26308500,0,36696760,9923480,0,22525880,4247400,36696760
2021-11-15,5014,5014,4994,5014,27302,0.19984012789768185,9671,1,-5767,-3905,0,14522,2,12322,0,26846,4851,1,18089,3905,26846,49220230,5100,-29338930,-19886400,0,73919080,10190,62736040,0,136665310,24698850,5090,92074970,19886400,136665310
2021-11-16,5014,5014,4994,5014,19804,0.0,-8247,-4,11262,-3011,0,3572,0,15901,0,19473,11819,4,4639,3011,19473,-41950630,-20340,57308600,-15337630,0,18205270,0,80921760,0,99127030,60155900,20340,23613160,15337630,99127030
2021-11-17,5014,5014,4984,5014,146716,0.0,-23688,34999,50050,-61361,0,27002,35000,82161,100,144263,50690,1,32111,61461,144263,-121450460,178494910,254614190,-311658640,0,137006040,178500000,417597640,508000,733611680,258456500,5090,162983450,312166640,733611680
2021-11-18,5014,5014,4985,4995,44615,-0.3789389708815317,-398,6104,8424,-14130,0,12228,10000,20674,967,43869,12626,3896,12250,15097,43869,-2083310,31030320,42860450,-71807460,0,62133080,50800000,105132150,4912360,222977590,64216390,19769680,62271700,76719820,222977590
2021-11-19,4984,5013,4984,5004,62770,0.18018018018018017,8758,-84,23652,-32326,0,20011,1,41709,0,61721,11253,85,18057,32326,61721,44356960,-426700,120208400,-164138660,0,101737480,5100,212126880,0,313869460,57380520,431800,91918480,164138660,313869460
2021-11-22,5013,5013,4994,5004,18922,0.0,8168,-2020,-2801,-3347,0,13609,0,4997,0,18606,5441,2020,7798,3347,18606,41624690,-10281800,-14283190,-17059700,0,69369380,0,25440270,0,94809650,27744690,10281800,39723460,17059700,94809650
2021-11-23,5004,5014,4984,5014,33576,0.19984012789768185,6396,0,14723,-21119,0,10292,0,22723,0,33015,3896,0,8000,21119,33015,32481270,0,74832420,-107313690,0,52295500,0,115571890,0,167867390,19814230,0,40739470,107313690,167867390
2021-11-24,5004,5014,4994,5014,32048,0.0,9438,-8189,-49,-1200,0,12648,0,18865,0,31513,3210,8189,18914,1200,31513,48018950,-41763900,-146310,-6108740,0,64357850,0,96129090,0,160486940,16338900,41763900,96275400,6108740,160486940
2021-11-25,5014,5014,4995,4995,34232,-0.3789389708815317,5706,0,-4047,-1659,0,15560,0,18099,1,33660,9854,0,22146,1660,33660,29082250,0,-20636340,-8445910,0,79236610,0,92073100,5090,171314800,50154360,0,112709440,8451000,171314800
2021-11-26,4994,5004,4984,5004,171012,0.18018018018018017,4153,3001,44493,-51647,0,6267,5501,148631,7754,168153,2114,2500,104138,59401,168153,21130910,15275090,225919760,-262325760,0,31870030,28000090,755639170,39467860,854977150,10739120,12725000,529719410,301793620,854977150
2021-11-29,4901,4925,4866,4911,252734,-1.8585131894484412,147301,-108758,-61793,23250,0,170741,8,45668,32091,248508,23440,108766,107461,8841,248508,734998800,-542604370,-308410095,116015665,0,851973890,39905,227250190,160126640,1239390625,116975090,542644275,535660285,44110975,1239390625
2021-11-30,4915,4915,4842,4847,119704,-1.3031969049073509,41543,-29032,15231,-27742,0,62040,1970,53416,277,117703,20497,31002,38185,28019,117703,206345050,-144011110,75362390,-137696330,0,308018805,9717700,264768595,1365610,583870710,101673755,153728810,189406205,139061940,583870710
2021-12-01,4847,4916,4837,4872,92902,0.5157829585310502,65818,-35157,-20673,-9988,0,82790,0,7927,632,91349,16972,35157,28600,10620,91349,328296010,-175485745,-103093375,-49716890,0,412816190,0,39507070,3133145,455456405,84520180,175485745,142600445,52850035,455456405
2021-12-02,4906,4911,4862,4877,63945,0.10262725779967159,40640,-21333,2433,-21740,0,46862,0,15072,942,62876,6222,21333,12639,22682,62876,202737505,-106549385,12085435,-108273555,0,233717480,0,74965025,4682175,313364680,30979975,106549385,62879590,112955730,313364680
2021-12-03,4905,4905,4866,4886,32859,0.18453967603034652,21330,-2000,-835,-18495,0,21341,0,10969,0,32310,11,2000,11804,18495,32310,106067020,-9980000,-4199570,-91887450,0,106121720,0,54475020,0,160596740,54700,9980000,58674590,91887450,160596740
2021-12-06,4901,4906,4862,4867,60546,-0.3888661481784691,16215,-1168,9569,-24616,0,18719,0,40451,364,59534,2504,1168,30882,24980,59534,80714790,-5828320,47343230,-122229700,0,93153345,0,200409480,1814540,295377365,12438555,5828320,153066250,124044240,295377365
2021-12-07,4876,4890,4851,4881,44163,0.28765153071707417,27476,0,-8729,-18747,0,33176,0,10249,0,43425,5700,0,18978,18747,43425,136445580,0,-43603590,-92841990,0,164717000,0,50723005,0,215440005,28271420,0,94326595,92841990,215440005
2021-12-08,4886,4890,4866,4886,28237,0.1024380249948781,9261,0,4840,-14101,0,17738,0,10027,0,27765,8477,0,5187,14101,27765,46019230,0,23946960,-69966190,0,88093120,0,49735890,0,137829010,42073890,0,25788930,69966190,137829010
2021-12-09,4886,4886,4837,4852,78639,-0.6958657388456815,-11432,0,63717,-52285,0,9489,0,67770,65,77324,20921,0,4053,52350,77324,-56344695,0,314229690,-257884995,0,46856370,0,334236200,320765,381413335,103201065,0,20006510,258205760,381413335
2021-12-10,4866,4866,4803,4808,55737,-0.9068425391591096,-14077,7133,24852,-17908,0,5932,7133,41464,276,54805,20009,0,16612,18184,54805,-69030175,34929680,121908690,-87808195,0,29101155,34929680,203321325,1351490,268703650,98131330,0,81412635,89159685,268703650
2021-12-13,4807,4807,4788,4793,45851,-0.3119800332778702,-13212,2000,27869,-16657,0,7073,2000,34181,1831,45085,20285,0,6312,18488,45085,-64419380,9760000,135906060,-81246680,0,34513675,9760000,166704275,8934165,219912115,98933055,0,30798215,90180845,219912115
2021-12-14,4798,4837,4759,4818,60225,0.5215939912372209,5100,2707,11333,-19140,0,29689,2946,25121,1462,59218,24589,239,13788,20602,59218,25121225,13139555,54779160,-93039940,0,144600925,14302290,122015200,7109570,288027985,119479700,1162735,67236040,100149510,288027985
2021-12-15,4807,4807,4768,4803,47570,-0.311332503113325,622,1002,18083,-19707,0,21432,1002,23763,578,46775,20810,0,5680,20285,46775,3088740,4864730,87804625,-95758095,0,104210530,4864730,115427085,2808695,227311040,101121790,0,27622460,98566790,227311040
2021-12-16,4797,4797,4763,4763,34337,-0.83281282531751,4611,0,13149,-17760,0,15812,0,16987,964,33763,11201,0,3838,18724,33763,22343935,0,63792390,-86136325,0,76747465,0,82438500,4699455,163885420,54403530,0,18646110,90835780,163885420
2021-12-17,4763,4807,4763,4768,43218,0.10497585555322277,19820,3,-2503,-17320,0,20716,3,20346,1431,42496,896,0,22849,18751,42496,96539985,14610,-12267065,-84287530,0,100884515,14610,98997825,6946230,206843180,4344530,0,111264890,91233760,206843180
2021-12-20,4793,4793,4754,4754,22625,-0.2936241610738255,2901,1582,14785,-19268,0,3119,1582,17441,105,22247,218,0,2656,19373,22247,14041075,7653970,71578215,-93273260,0,15096195,7653970,84456155,507750,107714070,1055120,0,12877940,93781010,107714070
2021-12-21,4753,4787,4753,4778,29329,0.5048380311316786,18237,57,172,-18466,0,19122,57,9156,504,28839,885,0,8984,18970,28839,88569210,275730,821410,-89666350,0,92872945,275730,44466155,2439360,140054190,4303735,0,43644745,92105710,140054190
2021-12-22,4792,4792,4753,4768,50879,-0.2092925910422771,4066,8273,6283,-18622,0,9566,8612,31851,0,50029,5500,339,25568,18622,50029,19717800,40077865,30394165,-90189830,0,46360625,41727075,154365340,0,242453040,26642825,1649210,123971175,90189830,242453040
2021-12-23,4807,4812,4768,4768,40847,0.0,-15065,8258,23563,-16756,0,5579,8258,24715,1612,40164,20644,0,1152,18368,40164,-73104925,40085165,114292020,-81272260,0,27086675,40085165,119898665,7826980,194897485,100191600,0,5606645,89099240,194897485
2021-12-24,4802,4807,4768,4778,24735,0.20973154362416108,5882,500,11961,-18343,0,6706,500,17116,0,24322,824,0,5155,18343,24322,28582875,2425000,58093425,-89101300,0,32587500,2425000,83140030,0,118152530,4004625,0,25046605,89101300,118152530
2021-12-27,4797,4797,4773,4778,23151,0.0,6744,-23,12328,-19049,0,6950,0,15814,0,22764,206,23,3486,19049,22764,32766905,-111770,59881235,-92536370,0,33768065,0,76813080,0,110581145,1001160,111770,16931845,92536370,110581145
2021-12-28,4802,4817,4778,4778,101243,0.0,20341,-26,-7745,-12570,0,48211,0,51161,178,99550,27870,26,58906,12748,99550,99447910,-126750,-38045360,-61275800,0,235605065,0,249228440,868080,485701585,136157155,126750,287273800,62143880,485701585
2021-12-29,4773,4798,4773,4798,5825,0.4185851820845542,88,-1129,3,1038,0,3103,0,1484,1141,5728,3015,1129,1481,103,5728,429865,-5498095,17625,5050605,0,15097745,0,7218405,5551300,27867450,14667880,5498095,7200780,500695,27867450
2021-12-30,4808,4827,4798,4818,14952,0.41684035014589416,5962,-8522,1724,836,0,9896,0,3969,837,14702,3934,8522,2245,1,14702,29213465,-41757800,8446560,4097775,0,48486850,0,19443695,4102670,72033215,19273385,41757800,10997135,4895,72033215
2022-01-03,4817,4846,4768,4768,68190,-1.03777501037775,10201,-2845,-9889,2533,0,11006,6500,46104,3440,67050,805,9345,55993,907,67050,49708130,-13800860,-48348130,12440860,0,53649735,31630000,224276205,16887220,326443160,3941605,45430860,272624335,4446360,326443160
2022-01-04,4797,4797,4768,4778,28202,0.20973154362416108,4139,-235,-3615,-289,0,6428,1001,20301,1,27731,2289,1236,23916,290,27731,20115990,-1160235,-17551215,-1404540,0,31241150,4854865,98645980,4860,134746855,11125160,6015100,116197195,1409400,134746855
2022-01-05,4802,4807,4773,4773,41699,-0.10464629552113855,8310,-5243,-8107,5040,0,12718,0,21778,6506,41002,4408,5243,29885,1466,41002,40477845,-25516985,-39498925,24538065,0,61949735,0,106041300,31681910,199672945,21471890,25516985,145540225,7143845,199672945
2022-01-06,4773,4802,4763,4778,37396,0.10475591870940709,-3398,181,1158,2059,0,10675,2000,21026,3070,36771,14073,1819,19868,1011,36771,-16358555,861360,5508245,9988950,0,51999415,9695000,102148070,14922630,178765115,68357970,8833640,96639825,4933680,178765115
2022-01-07,4802,4802,4768,4778,29170,0.0,5175,-3024,-5203,3052,0,5381,606,19416,3280,28683,206,3630,24619,228,28683,25182530,-14709070,-25303815,14830355,0,26186780,2939100,95419040,15946115,140491035,1004250,17648170,120722855,1115760,140491035
2022-01-10,4797,4797,4768,4778,36420,0.0,465,-552,-798,885,0,22320,0,12233,1258,35811,21855,552,13031,373,35811,2257135,-2687855,-3868470,4299190,0,108476060,0,59489775,6113835,174079670,106218925,2687855,63358245,1814645,174079670
2022-01-11,4778,4797,4773,4788,50043,0.2092925910422771,-4687,-31,672,4046,0,26764,0,18397,4046,49207,31451,31,17725,0,49207,-22692045,-150660,3178405,19664300,0,130257840,0,89459160,19664300,239381300,152949885,150660,86280755,0,239381300
2022-01-12,4807,4807,4763,4788,54721,0.0,-5728,-3000,7276,1452,0,13130,0,37854,2822,53806,18858,3000,30578,1370,53806,-27722350,-14595000,35286885,7030465,0,63930665,0,183846840,13716625,261494130,91653015,14595000,148559955,6686160,261494130
2022-01-13,4792,4792,4763,4788,10111,0.0,2315,0,-3203,888,0,2315,0,6634,993,9942,0,0,9837,105,9942,11244255,0,-15558415,4314160,0,11244255,0,32210745,4824870,48279870,0,0,47769160,510710,48279870
2022-01-14,4788,4792,4768,4788,17012,0.0,4525,0,-5993,1468,0,5475,0,9783,1470,16728,950,0,15776,2,16728,21955920,0,-29094265,7138345,0,26575350,0,47533805,7148085,81257240,4619430,0,76628070,9740,81257240
2022-01-17,4792,4792,4738,4773,30978,-0.3132832080200501,9592,-2,-12540,2950,0,10780,0,16447,3233,30460,1188,2,28987,283,30460,46400125,-9670,-60703530,14313075,0,52161310,0,79503795,15687040,147352145,5761185,9670,140207325,1373965,147352145
2022-01-18,4772,4772,4743,4768,10182,-0.10475591870940709,5667,3,-5517,-153,0,5682,3,4188,139,10012,15,0,9705,292,10012,27372985,14550,-26645485,-742050,0,27445810,14550,20276900,671370,48408630,72825,0,46922385,1413420,48408630
2022-01-19,4768,4768,4714,4739,31037,-0.6082214765100671,13278,1312,-14721,131,0,16727,1312,11652,827,30518,3449,0,26373,696,30518,63812395,6309805,-70754470,632270,0,80381445,6309805,56066930,3982700,146740880,16569050,0,126821400,3350430,146740880
2022-01-20,4768,4768,4719,4724,9339,-0.3165224730955898,4231,0,-3712,-519,0,4231,0,4952,0,9183,0,0,8664,519,9183,20324230,0,-17816255,-2507975,0,20324230,0,23805690,0,44129920,0,0,41621945,2507975,44129920
2022-01-21,4733,4733,4709,4719,23361,-0.10584250635055038,5831,-1,-5830,0,0,6027,0,16944,0,22971,196,1,22774,0,22971,28015040,-4805,-28010235,0,0,28956820,0,81414525,0,110371345,941780,4805,109424760,0,110371345
2022-01-24,4763,4763,4709,4724,7749,0.10595465140919687,3234,-2,-2580,-652,0,3573,0,3222,825,7620,339,2,5802,1477,7620,15565165,-9630,-12375575,-3179960,0,17199760,0,15502310,3951765,36653835,1634595,9630,27877885,7131725,36653835
2022-01-25,4709,4787,4679,4709,23988,-0.31752751905165116,4595,994,-5005,-584,0,5849,1000,16685,53,23587,1254,6,21690,637,23587,21961620,4746325,-23884700,-2823245,0,27960615,4775000,79751415,253090,112740120,5998995,28675,103636115,3076335,112740120
2022-01-26,4679,4743,4679,4719,16207,0.21235931195582924,13837,13,-13102,-748,0,13837,20,2079,0,15936,0,7,15181,748,15936,66380885,62490,-62857365,-3586010,0,66380885,96070,9967870,0,76444825,0,33580,72825235,3586010,76444825
2022-01-27,4768,4768,4685,4695,41276,-0.5085823267641449,26936,-3,-23231,-3702,0,33292,0,5182,2112,40586,6356,3,28413,5814,40586,129136115,-14375,-111344730,-17777010,0,159599365,0,24828440,10097710,194525515,30463250,14375,136173170,27874720,194525515
2022-01-28,4719,4729,4694,4729,13842,0.724174653887114,4294,0,-2513,-1781,0,7365,0,6245,1,13611,3071,0,8758,1782,13611,20557515,0,-12031105,-8526410,0,35277990,0,29937250,4810,65220050,14720475,0,41968355,8531220,65220050
2022-02-03,4768,4778,4724,4739,17093,0.2114611968703743,7849,2,-10143,2292,0,8074,2,6382,2350,16808,225,0,16525,58,16808,37768190,9630,-48817385,11039565,0,38851615,9630,30720415,11319015,80900675,1083425,0,79537800,279450,80900675
2022-02-04,4739,4768,4729,4754,18097,0.3165224730955898,2251,1,-5311,3059,0,5864,2,7536,4393,17795,3613,1,12847,1334,17795,10888005,4835,-25627930,14735090,0,28306050,9665,36368560,21182800,85867075,17418045,4830,61996490,6447710,85867075
2022-02-07,4768,4768,4749,4749,16994,-0.1051745898190997,-513,1000,-3245,2758,0,3666,1000,9286,2758,16710,4179,0,12531,0,16710,-2463725,4830000,-15713300,13347025,0,17741455,4830000,44896460,13347025,80814940,20205180,0,60609760,0,80814940
2022-02-08,4758,4763,4724,4729,15546,-0.4211412929037693,381,3001,-3699,317,0,3021,3001,7273,1992,15287,2640,0,10972,1675,15287,1803935,14444835,-17787245,1538475,0,14546375,14444835,35061180,9604875,73657265,12742440,0,52848425,8066400,73657265
2022-02-09,4763,4782,4743,4778,27571,1.036159864664834,13162,1,-18089,4926,0,17191,1,4609,5309,27110,4029,0,22698,383,27110,63815010,4840,-87725310,23905460,0,83353075,4840,22350170,25760570,131468655,19538065,0,110075480,1855110,131468655
2022-02-10,4768,4798,4739,4798,30760,0.4185851820845542,16022,-34,-16974,986,0,17840,0,8999,3407,30246,1818,34,25973,2421,30246,78047490,-165330,-82657130,4774970,0,86885905,0,43783390,16543145,147212440,8838415,165330,126440520,11768175,147212440
2022-02-11,4783,4807,4783,4798,32370,0.0,25561,-10274,-19470,4183,0,26090,0,1556,4183,31829,529,10274,21026,0,31829,124781365,-50187090,-94998835,20404560,0,127364835,0,7592415,20404560,155361810,2583470,50187090,102591250,0,155361810
2022-02-14,4768,4797,4768,4793,9125,-0.10421008753647354,2310,0,-2980,670,0,4841,5,3457,670,8973,2531,5,6437,0,8973,11230890,85,-14487280,3256305,0,23528210,24350,16788640,3256305,43597505,12297320,24265,31275920,0,43597505
2022-02-15,4802,4802,4788,4793,35949,0.0,11694,-2,-13743,2051,0,15354,0,16824,3170,35348,3660,2,30567,1119,35348,57041315,-9750,-67040720,10009155,0,74887560,0,82070360,15464235,172422155,17846245,9750,149111080,5455080,172422155
2022-02-16,4793,4802,4788,4798,8343,0.1043187982474442,2522,0,-3050,528,0,4627,0,2080,1497,8204,2105,0,5130,969,8204,12296675,0,-14867810,2571135,0,22567170,0,10143485,7296140,40006795,10270495,0,25011295,4725005,40006795
2022-02-17,4798,4803,4773,4803,19627,0.10421008753647354,6546,0,-3364,-3182,0,9153,0,10146,0,19299,2607,0,13510,3182,19299,31975310,0,-16446990,-15528320,0,44694475,0,49516885,0,94211360,12719165,0,65963875,15528320,94211360
2022-02-18,4803,4817,4793,4813,43504,0.2082032063293775,26404,0,-21010,-5394,0,35206,0,5190,2381,42777,8802,0,26200,7775,42777,129012865,0,-102669540,-26343325,0,171986055,0,25355860,11622500,208964415,42973190,0,128025400,37965825,208964415
2022-02-21,4817,4827,4772,4827,30841,0.2908788697278205,21915,4,-21928,9,0,24084,4,1626,4612,30326,2169,0,23554,4603,30326,107353745,19620,-107329825,-43540,0,117975125,19620,7960770,22495660,148451175,10621380,0,115290595,22539200,148451175
2022-02-22,4817,4827,4788,4803,27554,-0.4972032318210068,11545,-5821,-4305,-1419,0,18096,1,5656,3341,27094,6551,5822,9961,4760,27094,56356385,-28429820,-20936060,-6990505,0,88389765,4910,27734635,16285515,132414825,32033380,28434730,48670695,23276020,132414825
2022-02-23,4822,4822,4793,4803,20588,0.0,8613,-8504,311,-420,0,11939,0,5161,3144,20244,3326,8504,4850,3564,20244,42064785,-41519940,1512865,-2057710,0,58304755,0,25236810,15357990,98899555,16239970,41519940,23723945,17415700,98899555
2022-02-24,4793,4832,4788,4793,15332,-0.2082032063293775,10149,-7122,-1795,-1232,0,11095,0,3160,821,15076,946,7122,4955,2053,15076,49533015,-34730085,-8786345,-6016585,0,54155435,0,15438235,4009365,73603035,4622420,34730085,24224580,10025950,73603035
2022-02-25,4793,4797,4778,4793,17351,0.0,-505,-1823,2913,-585,0,6784,0,9662,615,17061,7289,1823,6749,1200,17061,-2451165,-8869455,14175450,-2854830,0,33055175,0,47024635,2995170,83074980,35506340,8869455,32849185,5850000,83074980
2022-02-28,4768,4818,4768,4818,21664,0.5215939912372209,1381,14,1808,-3203,0,7380,14,13907,1,21302,5999,0,12099,3204,21302,6780910,68265,8769530,-15618705,0,35970795,68265,67697720,4900,103741680,29189885,0,58928190,15623605,103741680
2022-03-02,4817,4817,4788,4813,12952,-0.10377750103777503,2051,353,510,-2914,0,7212,353,5170,1,12736,5161,0,4660,2915,12736,10076350,1721025,2444110,-14241485,0,35256560,1721025,25238060,4895,62220540,25180210,0,22793950,14246380,62220540
2022-03-03,4817,4817,4793,4808,43993,-0.10388531061707874,12741,20,-3984,-8777,0,23798,20,19439,1,43258,11057,0,23423,8778,43258,62299545,97800,-19492240,-42905105,0,116311570,97800,95063010,4890,211477270,54012025,0,114555250,42909995,211477270
2022-03-04,4822,4822,4798,4818,9912,0.20798668885191346,5039,0,-3856,-1183,0,7586,0,2143,18,9747,2547,0,5999,1201,9747,24643135,0,-18864240,-5778895,0,37089970,0,10473265,87950,47651185,12446835,0,29337505,5866845,47651185
2022-03-07,4818,4822,4803,4818,32353,0.0,13030,200,-9159,-4071,0,20370,200,10113,1129,31812,7340,0,19272,5200,31812,63881105,980000,-44931790,-19929315,0,99788415,980000,49493650,5520820,155782885,35907310,0,94425440,25450135,155782885
2022-03-08,4812,4827,4802,4827,34079,0.18679950186799502,25831,5,-20792,-5044,0,28146,5,5357,2,33510,2315,0,26149,5046,33510,126514460,24510,-101853730,-24685240,0,137849030,24510,26200245,9805,164083590,11334570,0,128053975,24695045,164083590
2022-03-10,4827,4837,4817,4837,22074,0.20716801325875284,9772,-1993,-4680,-3099,0,11172,1,10531,1,21705,1400,1994,15211,3100,21705,48009235,-9805570,-22998150,-15205515,0,54876235,4910,51682095,4920,106568160,6867000,9810480,74680245,15210435,106568160
2022-03-11,4836,4836,4827,4827,36269,-0.20673971469919372,16915,-3991,-2196,-10728,0,17820,5024,10047,2772,35663,905,9015,12243,13500,35663,83125415,-19668715,-10773435,-52683265,0,87572015,24685085,49375195,13629740,175262035,4446600,44353800,60148630,66313005,175262035
2022-03-14,4836,4836,4817,4822,14910,-0.10358400662937642,6002,554,3211,-9767,0,7723,677,6128,133,14661,1721,123,2917,9900,14661,29459355,2715525,15780235,-47955115,0,37913675,3320685,30087290,652605,71974255,8454320,605160,14307055,48607720,71974255
2022-03-15,4837,4841,4827,4837,36195,0.3110742430526752,4899,17388,-13793,-8494,0,9039,17389,6656,2506,35590,4140,1,20449,11000,35590,24078955,85508955,-67791810,-41796100,0,44433695,85513880,32732315,12318080,174997970,20354740,4925,100524125,54114180,174997970
2022-03-16,4841,4846,4827,4832,31824,-0.10336985734959686,7749,16029,-11637,-12141,0,7805,16029,5599,1859,31292,56,0,17236,14000,31292,38122310,78816495,-57234325,-59704480,0,38397850,78816495,27541895,9143720,153899960,275540,0,84776220,68848200,153899960
2022-03-17,4842,4856,4832,4847,39643,0.31043046357615894,-6196,11952,-6380,624,0,20922,11952,5455,652,38981,27118,0,11835,28,38981,-30530585,58923360,-31468575,3075800,0,103200955,58923360,26852305,3213860,192190480,133731540,0,58320880,138060,192190480
2022-03-18,4857,4877,4842,4877,28916,0.6189395502372601,-1618,8910,-10704,3412,0,11238,8910,4873,3412,28433,12856,0,15577,0,28433,-7972885,44029400,-52907230,16850715,0,55528765,44029400,24066195,16850715,140475075,63501650,0,76973425,0,140475075
2022-03-21,4876,4881,4841,4881,46025,0.08201763379126513,-10018,15261,-9437,4194,0,17615,15264,8115,4262,45256,27633,3,17552,68,45256,-49595170,75642155,-46791175,20744190,0,87241170,75657000,40123950,21080090,224102210,136836340,14845,86915125,335900,224102210
2022-03-22,4877,4891,4842,4877,68515,-0.08195041999590248,11436,9700,-31448,10312,0,29698,9700,17447,10525,67370,18262,0,48895,213,67370,56669805,47952000,-155700685,51078880,0,147281605,47952000,86356065,52135635,333725305,90611800,0,242056750,1056755,333725305
2022-03-23,4885,4885,4866,4881,33826,0.08201763379126513,-6248,14921,-15037,6364,0,4902,14921,7004,6434,33261,11150,0,22041,70,33261,-30961675,74018570,-74614840,31557945,0,24312330,74018570,34734600,31904890,164970390,55274005,0,109349440,346945,164970390
2022-03-24,4886,4891,4866,4891,21811,0.2048760499897562,6009,-1584,-6927,2502,0,7197,8010,2431,3809,21447,1188,9594,9358,1307,21447,29835045,-7872570,-34387050,12424575,0,35733795,39799600,12056570,18902160,106492125,5898750,47672170,46443620,6477585,106492125
2022-03-25,4896,4906,4886,4906,35891,0.3066857493355142,-1999,9303,-15281,7977,0,13024,11303,1512,9452,35291,15023,2000,16793,1475,35291,-10010355,46373940,-76083585,39720000,0,64837970,56343940,7531210,47059100,175772220,74848325,9970000,83614795,7339100,175772220
2022-03-28,4906,4916,4896,4916,85620,0.20383204239706482,-324,16235,-25652,9741,0,51438,20236,2128,10387,84189,51762,4001,27780,646,84189,-1727855,81067650,-127965765,48625970,0,256823015,101052640,10622925,51845260,420343840,258550870,19984990,138588690,3219290,420343840
2022-03-29,4901,4915,4896,4911,63541,-0.10170870626525631,-3926,16254,-18236,5908,0,23112,23106,9499,6762,62479,27038,6852,27735,854,62479,-19643385,81153235,-91021080,29511230,0,115433470,115378975,47420060,33771410,312003915,135076855,34225740,138441140,4260180,312003915
2022-03-30,4926,4926,4906,4926,31091,0.3054367745876604,-2497,3625,-5725,4597,0,13200,3641,7760,5971,30572,15697,16,13485,1374,30572,-12455565,18103970,-28626075,22977670,0,65989070,18183930,38773655,29847670,152794325,78444635,79960,67399730,6870000,152794325
2022-03-31,4925,4925,4911,4916,66262,-0.20300446609825418,906,-6989,-6721,12804,0,29079,13013,10098,12964,65154,28173,20002,16819,160,65154,4567535,-34959995,-33627540,64020000,0,145443015,65050000,50483530,64820000,325796545,140875480,100009995,84111070,800000,325796545
2022-04-01,4936,4936,4916,4936,49240,0.40683482506102525,-6296,11900,-14022,8418,0,19717,12000,8258,8442,48417,26013,100,22280,24,48417,-31553970,59599000,-70245880,42200850,0,98830120,60100000,41368760,42321090,242619970,130384090,501000,111614640,120240,242619970
2022-04-04,4945,4945,4926,4936,47778,0.0,389,11430,-21640,9821,0,14261,12561,10082,10076,46980,13872,1131,31722,255,46980,2044360,57360610,-108725480,49320510,0,71658490,63040610,50613450,50603040,235915590,69614130,5680000,159338930,1282530,235915590
2022-04-05,4945,4945,4906,4911,135902,-0.506482982171799,25289,-41079,7981,7809,0,49355,4011,71864,8400,133630,24066,45090,63883,591,133630,126800810,-205410045,39476015,39133220,0,247058300,20042695,359314555,42090680,668506230,120257490,225452740,319838540,2957460,668506230
2022-04-06,4945,4945,4901,4916,78667,0.10181225819588678,9832,-7909,-14312,12389,0,32664,1,31877,12810,77352,22832,7910,46189,421,77352,48975220,-39494150,-71357735,61876665,0,163196935,5000,159338355,63980340,386520630,114221715,39499150,230696090,2103675,386520630
2022-04-07,4926,4935,4911,4926,60995,0.20341741253051263,-10449,-11033,9129,12353,0,19593,0,27981,12402,59976,30042,11033,18852,49,59976,-52334530,-55170120,45688130,61816520,0,98015450,0,140004940,62061750,300082140,150349980,55170120,94316810,245230,300082140
2022-04-08,4936,4945,4926,4936,54854,0.20300446609825418,3897,0,-14180,10283,0,12760,0,30826,10351,53937,8863,0,45006,68,53937,19525430,0,-71141610,51616180,0,63992800,0,154637210,51956860,270586870,44467370,0,225778820,340680,270586870
2022-04-11,4974,4974,4945,4965,140653,0.5875202593192869,-68166,5000,54475,8691,0,22740,5000,101249,9312,138301,90906,0,46774,621,138301,-344304450,25250000,275237790,43816660,0,114669280,25250000,510894270,46940410,697753960,458973730,0,235656480,3123750,697753960
2022-04-12,4964,4964,4935,4945,66834,-0.4028197381671702,23097,-1,-41093,17997,0,25278,0,21934,18505,65717,2181,1,63027,508,65717,116277950,-5040,-206942290,90669380,0,127250330,0,110406140,93224620,330881090,10972380,5040,317348430,2555240,330881090
2022-04-13,4925,4964,4925,4955,71698,0.20222446916076847,10108,1,-20598,10489,0,27200,1,32195,11104,70500,17092,0,52793,615,70500,50821220,5050,-103647140,52820870,0,136909800,5050,162035630,55902020,354852500,86088580,0,265682770,3081150,354852500
2022-04-14,4935,4974,4935,4945,68864,-0.20181634712411706,22594,-1,-25600,3007,0,27879,0,35216,4618,67713,5285,1,60816,1611,67713,113970930,-5050,-129149200,15183320,0,140660120,0,179253120,23273350,343186590,26689190,5050,308402320,8090030,343186590
2022-04-15,4945,4965,4945,4965,114850,0.40444893832153694,-21926,8565,2097,11264,0,42291,8565,50403,11671,112930,64217,0,48306,407,112930,-110896160,43203250,10845110,56847800,0,213360080,43203250,254269530,58899080,569731940,324256240,0,243424420,2051280,569731940
2022-04-18,4965,5004,4935,4985,185522,0.4028197381671702,-72804,3990,48096,20718,0,54690,4000,99238,24492,182420,127494,10,51142,3774,182420,-367272040,20109500,242506380,104656160,0,275722280,20160000,500664700,123679200,920226180,642994320,50500,258158320,19023040,920226180
2022-04-19,4965,5014,4965,4995,61068,0.20060180541624875,-12769,-1,-954,13724,0,18391,0,27897,13759,60047,31160,1,28851,35,60047,-64887930,-5070,-4845270,69738270,0,93421700,0,141748130,69915770,305085600,158309630,5070,146593400,177500,305085600
2022-04-20,5004,5014,4974,5014,84549,0.38038038038038036,13420,12000,-44674,19254,0,27644,12000,22854,20638,83136,14224,0,67528,1384,83136,68516180,61100000,-227735790,98119610,0,140844930,61100000,116226880,105128050,423299860,72328750,0,343962670,7008440,423299860
2022-04-21,5004,5043,5004,5014,70185,0.0,24030,3002,-29798,2766,0,31648,3002,26400,7962,69012,7618,0,56198,5196,69012,122550470,15320190,-152120350,14249690,0,161432960,15320190,134672600,40715440,352141190,38882490,0,286792950,26465750,352141190
2022-04-22,5023,5023,5004,5014,25824,0.0,7958,0,-5064,-2894,0,11139,0,14252,2,25393,3181,0,19316,2896,25393,40517750,0,-25785330,-14732420,0,56740050,0,72611980,10200,129362230,16222300,0,98397310,14742620,129362230
2022-04-25,5014,5014,4964,5014,103154,0.0,160,-522,3341,-2979,0,37874,0,59941,3615,101430,37714,522,56600,6594,101430,989400,-2656760,16781720,-15114360,0,192513460,0,304232150,18370060,515115670,191524060,2656760,287450430,33484420,515115670
2022-04-26,5014,5033,5004,5014,35440,0.0,19778,-15554,-5144,920,0,21217,0,12711,920,34848,1439,15554,17855,0,34848,100895630,-79289260,-26299240,4692870,0,108236880,0,64796230,4692870,177725980,7341250,79289260,91095470,0,177725980
2022-04-27,5024,5024,4975,4995,84305,-0.3789389708815317,14387,9,-14085,-311,0,44460,9,37340,1087,82896,30073,0,51425,1398,82896,73078740,45810,-71539330,-1585220,0,225864410,45810,189645520,5516620,421072360,152785670,0,261184850,7101840,421072360
2022-04-28,5023,5023,4984,5014,31219,0.38038038038038036,2377,3800,-5584,-593,0,21014,3800,5875,8,30697,18637,0,11459,601,30697,12063360,19316000,-28366900,-3012460,0,106962560,19316000,29891180,40640,156210380,94899200,0,58258080,3053100,156210380
2022-04-29,5023,5023,4964,5014,52924,0.0,-16402,1000,14873,529,0,22216,1000,28171,652,52039,38618,0,13298,123,52039,-83431070,5090000,75666800,2674270,0,113185680,5090000,143443800,3300020,265019500,196616750,0,67777000,625750,265019500
2022-05-02,4984,5013,4984,5004,53919,-0.1994415636218588,3825,0,-2273,-1552,0,28364,0,24587,67,53018,24539,0,26860,1619,53018,19523010,0,-11655040,-7867970,0,144395010,0,125046560,340360,269781930,124872000,0,136701600,8208330,269781930
2022-05-03,5004,5013,4945,5004,45161,0.0,-3606,1021,2454,131,0,14114,1022,28934,336,44406,17720,1,26480,205,44406,-18183370,5186680,12331480,665210,0,71786190,5191760,146868020,1706610,225552580,89969560,5080,134536540,1041400,225552580
2022-05-04,5004,5004,4945,4995,26438,-0.1798561151079137,4168,7,-611,-3564,0,8887,1007,16101,1,25996,4719,1000,16712,3565,25996,21261910,45550,-3238000,-18069460,0,45127770,5125550,81625430,5090,131883840,23865860,5080000,84863430,18074550,131883840
2022-05-06,4994,4994,4945,4965,38402,-0.6006006006006006,25662,0,-29118,3456,0,26594,0,7710,3456,37760,932,0,36828,0,37760,129844470,0,-147296390,17451920,0,134562270,0,38940860,17451920,190955050,4717800,0,186237250,0,190955050
2022-05-09,5004,5004,4955,4955,28103,-0.2014098690835851,5778,1000,-6642,-136,0,12107,1000,13013,1514,27634,6329,0,19655,1650,27634,29274500,5040000,-33595830,-718670,0,61255040,5040000,65634560,7641020,139570620,31980540,0,99230390,8359690,139570620
2022-05-10,4975,4975,4935,4975,39583,0.4036326942482341,6213,-93,-11276,5156,0,16120,4928,9475,8399,38922,9907,5021,20751,3243,38922,31534990,-518190,-56984660,25967860,0,81412750,24787840,47678520,42332210,196211320,49877760,25306030,104663180,16364350,196211320
2022-05-11,4984,4984,4925,4955,25347,-0.4020100502512563,4388,75,-1725,-2738,0,14952,81,9381,510,24924,10564,6,11106,3248,24924,22191040,377250,-8728520,-13839770,0,75394090,407500,47212870,2562940,125577400,53203050,30250,55941390,16402710,125577400
2022-05-12,4935,4964,4935,4955,37699,0.0,-7134,3004,8189,-4059,0,15089,3004,17301,1675,37069,22223,0,9112,5734,37069,-35778980,15100150,41111030,-20432200,0,76033260,15100150,87000580,8440280,186574270,111812240,0,45889550,28872480,186574270
2022-05-13,4975,4975,4935,4975,82447,0.4036326942482341,-17068,1005,6277,9786,0,17757,1009,50946,11357,81069,34825,4,44669,1571,81069,-85815770,5045190,31505370,49265210,0,89539350,5065350,256361740,57198520,408164960,175355120,20160,224856370,7933310,408164960
2022-05-16,4994,4994,4955,4975,27267,0.0,4817,10,-5016,189,0,17546,10,7308,1948,26812,12729,0,12324,1759,26812,24422970,50450,-25409530,936110,0,88685630,50450,36850570,9842420,135429070,64262660,0,62260100,8906310,135429070
2022-05-17,4974,4974,4955,4965,36226,-0.20100502512562815,-3004,1305,5490,-3791,0,18942,1305,14832,542,35621,21946,0,9342,4333,35621,-15124720,6590200,27676290,-19141770,0,95694640,6590200,74855490,2733700,179874030,110819360,0,47179200,21875470,179874030
2022-05-18,4964,4974,4935,4945,26022,-0.4028197381671702,8341,15,-2919,-5437,0,8705,15,16732,135,25587,364,0,19651,5572,25587,42070680,75600,-14749060,-27397220,0,43905230,75600,84287700,679050,128947580,1834550,0,99036760,28076270,128947580
2022-05-19,4954,4954,4915,4945,9858,0.0,3117,5,-1526,-1596,0,5581,5,3909,199,9694,2464,0,5435,1795,9694,15656470,25150,-7672090,-8009530,0,28047530,25150,19628840,996990,48698510,12391060,0,27300930,9006520,48698510
2022-05-20,4955,4965,4925,4965,13388,0.40444893832153694,4257,4,-1766,-2495,0,5518,5,6117,1525,13165,1261,1,7883,4020,13165,21425560,20020,-8898430,-12547150,0,27771350,25050,30779910,7672850,66249160,6345790,5030,39678340,20220000,66249160
2022-05-23,4965,4975,4935,4975,13799,0.2014098690835851,4312,5,-2152,-2165,0,5257,5,8307,0,13569,945,0,10459,2165,13569,21757480,25200,-10855980,-10926700,0,26537940,25200,41907100,0,68470240,4780460,0,52763080,10926700,68470240
2022-05-24,4984,4984,4955,4975,28893,0.0,17142,6,-13763,-3385,0,17647,6,10117,640,28410,505,0,23880,4025,28410,86559540,30240,-69488760,-17101020,0,89109760,30240,51066630,3234380,143441010,2550220,0,120555390,20335400,143441010
2022-05-25,4985,4985,4965,4985,19953,0.20100502512562815,10387,-795,-10435,843,0,12756,205,5809,850,19620,2369,1000,16244,7,19620,52583310,-4022660,-52819940,4259290,0,64561570,1037340,29412570,4294710,99306190,11978260,5060000,82232510,35420,99306190
2022-05-26,4994,4994,4965,4975,53308,-0.20060180541624875,13801,-3000,-15797,4996,0,16870,3,30140,5404,52417,3069,3003,45937,408,52417,69880970,-15199990,-79976900,25295920,0,85433120,15200,152647910,27364080,265460310,15552150,15215190,232624810,2068160,265460310
2022-05-27,4994,4994,4916,4975,142260,0.0,27942,-9557,-24319,5934,0,48204,11502,72576,7600,139882,20262,21059,96895,1666,139882,141096540,-48381260,-122735290,30020010,0,243619660,58200150,366490750,38434230,706744790,102523120,106581410,489226040,8414220,706744790
2022-05-30,4881,4886,4818,4877,97418,-1.9698492462311559,17902,-12989,12337,-17250,0,30760,510,57429,7090,95789,12858,13499,45092,24340,95789,88780950,-64071560,60814865,-85524255,0,152509125,2529635,284452360,35134025,474625145,63728175,66601195,223637495,120658280,474625145
2022-05-31,4877,4886,4857,4877,50780,0.0,12627,10208,-14767,-8068,0,23370,10208,8952,7401,49931,10743,0,23719,15469,49931,62573535,50479670,-73100815,-39952390,0,115763845,50479670,44304405,36708960,247256880,53190310,0,117405220,76661350,247256880
2022-06-02,4876,4876,4852,4862,23190,-0.3075661267172442,3297,-1102,3455,-5650,0,6514,5,16283,1,22803,3217,1107,12828,5651,22803,16312895,-5455460,17074870,-27932305,0,32213895,24725,80461835,4945,112705400,15901000,5480185,63386965,27937250,112705400
2022-06-03,4881,4881,4857,4862,16070,0.0,-3553,10,10557,-7014,0,1450,10,14341,1,15802,5003,0,3784,7015,15802,-17614270,49450,52288455,-34723635,0,7166700,49450,71017855,4945,78238950,24780970,0,18729400,34728580,78238950
2022-06-07,4861,4866,4832,4847,13685,-0.30851501439736734,-3859,200,2002,1657,0,3636,200,6553,3068,13457,7495,0,4551,1411,13457,-19034285,988000,9861955,8184330,0,17951235,988000,32337445,15152000,66428680,36985520,0,22475490,6967670,66428680
2022-06-08,4871,4871,4832,4832,33247,-0.30946977511863005,-2363,879,4942,-3458,0,2124,3272,27174,122,32692,4487,2393,22232,3580,32692,-11616950,4336645,24315815,-17035510,0,10453170,16098240,133715445,600775,160867630,22070120,11761595,109399630,17636285,160867630
2022-06-09,4871,4871,4822,4822,21395,-0.20695364238410596,701,3502,-6142,1939,0,1451,3502,12793,3292,21038,750,0,18935,1353,21038,3443480,17189825,-30153245,9519940,0,7125080,17189825,62824335,16164305,103303545,3681600,0,92977580,6644365,103303545
2022-06-10,4822,4841,4807,4832,42621,0.2073828287017835,2590,1195,-2528,-1257,0,10552,1195,27422,2740,41909,7962,0,29950,3997,41909,12737450,5854525,-12431845,-6160130,0,51741145,5854525,134286240,13433735,205315645,39003695,0,146718085,19593865,205315645
2022-06-13,4846,4846,4768,4778,35277,-1.1175496688741722,-5053,2000,11012,-7959,0,11257,2000,21377,54,34688,16310,0,10365,8013,34688,-24520125,9710000,53548855,-38738730,0,54705215,9710000,103940910,262690,168618815,79225340,0,50392055,39001420,168618815
2022-06-14,4773,4827,4709,4793,68393,0.3139388865634157,-4461,141,742,3578,0,16424,142,36376,14308,67250,20885,1,35634,10730,67250,-21148630,681030,3258165,17209435,0,79461835,685860,175359710,69038795,324546200,100610465,4830,172101545,51829360,324546200
2022-06-15,4802,4802,4679,4709,35943,-1.7525558105570624,-6272,1333,10806,-5867,0,10427,1333,18838,4744,35342,16699,0,8032,10611,35342,-29984705,6375740,51980340,-28371375,0,50063315,6375740,90551470,22680400,169670925,80048020,0,38571130,51051775,169670925
2022-06-16,4738,4738,4689,4719,35453,0.21235931195582924,-13192,1000,19241,-7049,0,5296,1000,26636,1929,34861,18488,0,7395,8978,34861,-63089850,4790000,92041720,-33741870,0,25382950,4790000,127501205,9271525,166945680,88472800,0,35459485,43013395,166945680
2022-06-17,4709,4709,4610,4655,39549,-1.35621953803772,-1547,2000,10346,-10799,0,13434,2000,21749,1705,38888,14981,0,11403,12504,38888,-7254585,9430000,48787125,-50962540,0,63319680,9430000,102580940,8043520,183374140,70574265,0,53793815,59006060,183374140
2022-06-20,4650,4650,4488,4503,76596,-3.2653061224489797,-6926,1003,19253,-13330,0,22339,1005,51040,932,75316,29265,2,31787,14262,75316,-32011995,4613900,89129115,-61731020,0,102817610,4623060,235856225,4317770,347614665,134829605,9160,146727110,66048790,347614665
2022-06-21,4502,4571,4473,4498,37820,-0.11103708638685321,-6600,204,8274,-1878,0,7364,204,28622,998,37188,13964,0,20348,2876,37188,-30159115,933310,37819745,-8593940,0,33619560,933310,130767590,4570730,169891190,63778675,0,92947845,13164670,169891190
2022-06-22,4571,4571,4315,4414,58695,-1.8674966651845264,-18847,1245,21851,-4249,0,6887,1245,45232,4350,57714,25734,0,23381,8599,57714,-83783255,5540430,97713485,-19470660,0,30754170,5540430,201904885,19185295,257384780,114537425,0,104191400,38655955,257384780
2022-06-23,4375,4518,4277,4287,48147,-2.877208880833711,-5972,231,10426,-4685,0,13297,231,25843,7971,47342,19269,0,15417,12656,47342,-26218575,1009535,45949280,-20740240,0,58178930,1009535,113523075,34971170,207682710,84397505,0,67573795,55711410,207682710
2022-06-24,4262,4389,4262,4326,20869,0.9097270818754375,-3358,-3,5762,-2401,0,2827,5,16738,951,20521,6185,8,10976,3352,20521,-14844815,-13095,25435890,-10577980,0,12472180,22140,73984650,4199845,90678815,27316995,35235,48548760,14777825,90678815
2022-06-27,4395,4405,4341,4405,5911,1.826167360147943,-218,254,1084,-1120,0,1305,254,4253,1,5813,1523,0,3169,1121,5813,-944070,1127570,4794210,-4977710,0,5811890,1127570,18886355,4435,25830250,6755960,0,14092145,4982145,25830250
2022-06-28,4379,4438,4281,4360,24073,-1.0215664018161181,-10915,117,16729,-5931,0,3627,120,18977,947,23671,14542,3,2248,6878,23671,-47990600,512165,73597710,-26119275,0,15946750,525425,83553655,4155495,104181325,63937350,13260,9955945,30274770,104181325
2022-06-29,4360,4360,4262,4292,26749,-1.5596330275229358,5,23,4347,-4375,0,11536,23,13841,902,26302,11531,0,9494,5277,26302,27290,100090,18956985,-19084365,0,50158295,100090,60246270,3930490,114435145,50131005,0,41289285,23014855,114435145
2022-06-30,4267,4375,4203,4233,65173,-1.374650512581547,-37599,101,42543,-5045,0,6838,101,52036,5109,64084,44437,0,9493,10154,64084,-162441345,432330,183940945,-21931930,0,29484085,432330,224785680,22118920,276821015,191925430,0,40844735,44050850,276821015
2022-07-01,4227,4316,4173,4203,39765,-0.7087172218284904,-10283,-1904,18816,-6629,0,7990,235,30795,81,39101,18273,2139,11979,6710,39101,-43730700,-8209645,80325040,-28384695,0,34134870,998750,131573215,346025,167052860,77865570,9208395,51248175,28730720,167052860
2022-07-04,4212,4217,4099,4188,48848,-0.35688793718772305,-8409,-11654,23598,-3535,0,3117,1207,43425,283,48032,11526,12861,19827,3818,48032,-35296550,-48776590,98943740,-14870600,0,13090305,5111000,182197860,1197100,201596265,48386855,53887590,83254120,16067700,201596265
2022-07-05,4183,4218,4144,4218,59003,0.7163323782234957,-11348,6004,7648,-2304,0,19236,6004,31827,950,58017,30584,0,24179,3254,58017,-47715650,25424865,32022475,-9731690,0,81687095,25424865,134574485,4038995,245725440,129402745,0,102552010,13770685,245725440
2022-07-06,4247,4252,4188,4203,30706,-0.35561877667140823,434,232,1023,-1689,0,16996,234,12585,378,30193,16562,2,11562,2067,30193,2030950,988305,4239330,-7258585,0,72895375,996840,53901485,1619695,129413395,70864425,8535,49662155,8878280,129413395
2022-07-07,4198,4232,4158,4203,18697,0.0,-5350,534,9053,-4237,0,4898,534,12951,2,18385,10248,0,3898,4239,18385,-22655480,2265665,38394600,-18004785,0,20797475,2265665,54941540,8490,78013170,43452955,0,16546940,18013275,78013170
2022-07-08,4193,4222,4158,4203,18207,0.0,-8701,2530,9167,-2996,0,1669,2530,12674,1030,17903,10370,0,3507,4026,17903,-36931715,10757090,38929430,-12754805,0,7100125,10757090,53869145,4373665,76100025,44031840,0,14939715,17128470,76100025
2022-07-11,4203,4203,4139,4154,31400,-1.165833928146562,-1708,5543,870,-4705,0,10031,5543,14623,678,30875,11739,0,13753,5383,30875,-7209645,23446965,3694260,-19931580,0,42393990,23446965,61817855,2864325,130523135,49603635,0,58123595,22795905,130523135
2022-07-12,4217,4217,4090,4095,42778,-1.4203177660086663,-3954,525,7799,-4370,0,6515,525,34887,136,42063,10469,0,27088,4506,42063,-16545460,2197775,32650785,-18303100,0,27209445,2197775,146110895,568775,176086890,43754905,0,113460110,18871875,176086890
2022-07-13,4099,4119,4050,4095,23620,0.0,-4559,3,3695,861,0,8462,3,11056,3705,23226,13021,0,7361,2844,23226,-18813610,12480,15217990,3583140,0,35283680,12480,45957525,15418120,96671805,54097290,0,30739535,11834980,96671805
2022-07-14,4095,4095,4026,4041,62504,-1.3186813186813187,-2737,0,-595,3332,0,8107,0,46764,6588,61459,10844,0,47359,3256,61459,-11310190,0,-2208200,13518390,0,33411860,0,192070525,26979655,252462040,44722050,0,194278725,13461265,252462040
2022-07-15,4075,4100,4011,4100,35992,1.4600346448898789,4587,5,827,-5419,0,21787,6,11631,1967,35391,17200,1,10804,7386,35391,18987525,20625,3221050,-22229200,0,90024060,24720,47758315,8150555,145957650,71036535,4095,44537265,30379755,145957650
2022-07-18,4109,4129,4089,4129,26653,0.7073170731707318,-2612,2815,-879,676,0,7807,2819,14189,1393,26208,10419,4,15068,717,26208,-10875220,11738500,-3664855,2801575,0,32611990,11755170,59176150,5798720,109342030,43487210,16670,62841005,2997145,109342030
2022-07-19,4030,4124,4030,4080,10577,-1.1867280213126665,-664,281,2771,-2388,0,4840,285,5190,86,10401,5504,4,2419,2474,10401,-2759125,1169755,11519315,-9929945,0,20099215,1186350,21563550,357000,43206115,22858340,16595,10044235,10286945,43206115
2022-07-20,4094,4124,4070,4090,45423,0.24509803921568626,-501,2005,-7630,6126,0,13524,2006,20746,8388,44664,14025,1,28376,2262,44664,-2090360,8370845,-31782345,25501860,0,56438145,8375030,86023720,34944880,185781775,58528505,4185,117806065,9443020,185781775
2022-07-21,4099,4099,4060,4080,21837,-0.24449877750611246,-6751,2854,8177,-4280,0,7477,2854,10840,301,21472,14228,0,2663,4581,21472,-27975210,11815560,33860595,-17700945,0,30945870,11815560,44891770,1246100,88899300,58921080,0,11031175,18947045,88899300
2022-07-22,4109,4109,4080,4085,13583,0.12254901960784313,-2702,1,4633,-1932,0,4966,1,8389,0,13356,7668,0,3756,1932,13356,-11230540,4160,19258495,-8032115,0,20630290,4160,34858310,0,55492760,31860830,0,15599815,8032115,55492760
2022-07-25,4074,4119,4055,4070,15526,-0.36719706242350064,-3645,34,6837,-3226,0,2456,35,12776,0,15267,6101,1,5939,3226,15267,-15091000,140730,28347675,-13397405,0,10186850,144890,52965220,0,63296960,25277850,4160,24617545,13397405,63296960
2022-07-26,4099,4099,4055,4075,15024,0.12285012285012285,-5578,-291,10951,-5082,0,3407,1,11363,2,14773,8985,292,412,5084,14773,-23074435,-1205015,45329475,-21050025,0,14122450,4135,47041550,8250,61176385,37196885,1209150,1712075,21058275,61176385
2022-07-27,4090,4124,4060,4095,18352,0.49079754601227,-10093,-2,10865,-770,0,4952,0,13071,23,18046,15045,2,2206,793,18046,-41738165,-8290,44950240,-3203785,0,20551470,0,54123015,95385,74769870,62289635,8290,9172775,3299170,74769870
2022-07-28,4119,4168,4109,4134,14231,0.9523809523809524,1442,0,-2522,1080,0,5060,0,6184,2750,13994,3618,0,8706,1670,13994,6085220,0,-10564140,4478920,0,21368900,0,26078790,11534770,58982460,15283680,0,36642930,7055850,58982460
2022-07-29,4168,4345,4159,4336,83280,4.886308659893566,27334,-120,-33484,6270,0,48954,0,21111,11823,81888,21620,120,54595,5553,81888,119635325,-523450,-145770475,26658600,0,212943335,0,91634015,50408365,354985715,93308010,523450,237404490,23749765,354985715
2022-08-01,4321,4345,4316,4331,39272,-0.11531365313653136,22237,4790,-25539,-1488,0,26508,4800,7105,203,38616,4271,10,32644,1691,38616,98049045,21123015,-112617610,-6554450,0,116877945,21167100,31310990,893325,170249360,18828900,44085,143928600,7447775,170249360
2022-08-02,4331,4365,4316,4351,44171,0.4617871161394597,11459,-17,-7433,-4009,0,20807,3,21187,1436,43433,9348,20,28620,5445,43433,50598655,-75435,-32886540,-17636680,0,91929630,13265,93539870,6353675,191836440,41330975,88700,126426410,23990355,191836440
2022-08-03,4311,4350,4277,4336,41464,-0.344748333716387,-776,785,2484,-2493,0,19182,795,20691,103,40771,19958,10,18207,2596,40771,-3391365,3429950,10921380,-10959965,0,84263070,3473925,90897460,448960,179083415,87654435,43975,79976080,11408925,179083415
2022-08-04,4325,4325,4281,4311,15961,-0.5765682656826568,-5799,-8,7678,-1871,0,7616,3,8071,5,15695,13415,11,393,1876,15695,-25297670,-34905,33509880,-8177305,0,33301490,13105,35226010,21875,68562480,58599160,48010,1716130,8199180,68562480
2022-08-05,4311,4346,4291,4346,27298,0.8118765947575969,-6805,6,8225,-1426,0,14034,10,12798,0,26842,20839,4,4573,1426,26842,-29758905,26290,35989545,-6256930,0,61457960,43785,56006390,0,117508135,91216865,17495,20016845,6256930,117508135
2022-08-08,4345,4355,4315,4355,13872,0.20708697653014269,9278,-2,-8740,-536,0,9298,1,3900,442,13641,20,3,12640,978,13641,40892450,-8780,-38522385,-2361285,0,40981025,4430,17239770,1945040,60170265,88575,13210,55762155,4306325,60170265
2022-08-09,4374,4374,4286,4360,19635,0.1148105625717566,9128,201,-6059,-3270,0,17002,201,2104,0,19307,7874,0,8163,3270,19307,40421265,887430,-26839730,-14468965,0,75295765,887430,9286810,0,85470005,34874500,0,36126540,14468965,85470005
2022-08-10,4369,4369,4281,4301,12736,-1.353211009174312,-3381,0,5046,-1665,0,3974,0,7895,655,12524,7355,0,2849,2320,12524,-14785845,0,22135775,-7349930,0,17413260,0,34576135,2861955,54851350,32199105,0,12440360,10211885,54851350
2022-08-11,4311,4340,4306,4326,18767,0.581260172053011,3925,-2,-3187,-736,0,9215,1,9225,13,18454,5290,3,12412,749,18454,17227010,-8780,-13979465,-3238765,0,40542130,4415,40617255,57135,81220935,23315120,13195,54596720,3295900,81220935
2022-08-12,4345,4350,4321,4326,36477,0.0,-16901,-3,15496,1408,0,13123,0,20342,2403,35868,30024,3,4846,995,35868,-74388505,-13210,68208025,6193690,0,57743070,0,89590175,10573315,157906560,132131575,13210,21382150,4379625,157906560
2022-08-16,4326,4340,4326,4326,12726,0.0,4876,-1,-5390,515,0,11062,0,937,515,12514,6186,1,6327,0,12514,21473495,-4415,-23737655,2268575,0,48701805,0,4125860,2268575,55096240,27228310,4415,27863515,0,55096240
2022-08-17,4326,4409,4326,4395,12770,1.59500693481276,-1004,0,2114,-1110,0,5067,0,6641,849,12557,6071,0,4527,1959,12557,-4440950,0,9392550,-4951600,0,22361285,0,29547145,3748530,55656960,26802235,0,20154595,8700130,55656960
2022-08-18,4390,4390,4306,4346,16589,-1.1149032992036405,-4905,34,4800,71,0,4661,35,11529,87,16312,9566,1,6729,16,16312,-21562590,149565,21101420,311605,0,20566435,154000,50868055,382525,71971015,42129025,4435,29766635,70920,71971015
2022-08-19,4345,4409,4321,4326,13307,-0.46019328117809477,3568,-5,-2720,-843,0,6188,1,6742,154,13085,2620,6,9462,997,13085,15745620,-22180,-11959395,-3764045,0,27337525,4475,29844065,680680,57866745,11591905,26655,41803460,4444725,57866745
2022-08-22,4325,4330,4306,4321,14468,-0.1155802126675913,-1096,-4694,7945,-2155,0,5219,0,8668,340,14227,6315,4694,723,2495,14227,-4820960,-20653585,34934615,-9460070,0,22927265,0,38112550,1495675,62535490,27748225,20653585,3177935,10955745,62535490
2022-08-23,4301,4389,4291,4321,10567,0.0,887,-1,345,-1231,0,5719,0,4672,0,10391,4832,1,4327,1231,10391,3874290,-4375,1525985,-5395900,0,25017890,0,20454645,0,45472535,21143600,4375,18928660,5395900,45472535
2022-08-24,4321,4331,4301,4331,2281,0.23142791020597087,39,-21,526,-544,0,571,10,1632,30,2243,532,31,1106,574,2243,179695,-92075,2299925,-2387545,0,2509855,43775,7152830,131850,9838310,2330160,135850,4852905,2519395,9838310
2022-08-25,4350,4375,4316,4346,7680,0.3463403371045948,-2263,0,5737,-3474,0,885,0,6434,233,7552,3148,0,697,3707,7552,-9997580,0,25416640,-15419060,0,3925780,0,28510055,1036535,33472370,13923360,0,3093415,16455595,33472370
2022-08-26,4404,4404,4306,4316,20728,-0.6902899217671422,-732,0,2177,-1445,0,4349,0,15811,222,20382,5081,0,13634,1667,20382,-3176890,0,9573880,-6396990,0,19172145,0,69558965,976800,89707910,22349035,0,59985085,7373790,89707910
2022-08-29,4306,4311,4257,4287,29978,-0.6719184430027804,-12756,1001,13624,-1869,0,1746,1001,25768,962,29477,14502,0,12144,2831,29477,-55422930,4354360,59182810,-8114240,0,7594220,4354360,112030505,4198890,128177975,63017150,0,52847695,12313130,128177975
2022-08-30,4286,4320,4281,4296,7556,0.2099370188943317,-1037,-9,2065,-1019,0,853,0,6449,128,7430,1890,9,4384,1147,7430,-4527275,-39335,9014440,-4447830,0,3719335,0,28208375,558990,32486700,8246610,39335,19193935,5006820,32486700
2022-08-31,4336,4336,4247,4282,13825,-0.3258845437616387,-11194,1100,10796,-702,0,1466,1100,11028,0,13594,12660,0,232,702,13594,-48555580,4763500,46843635,-3051555,0,6351820,4763500,47848380,0,58963700,54907400,0,1004745,3051555,58963700
2022-09-01,4281,4281,4188,4203,30414,-1.84493227463802,-20416,5222,18931,-3737,0,1798,5222,22877,9,29906,22214,0,3946,3746,29906,-87538705,22428820,81171030,-16061145,0,7716625,22428820,98097295,38745,128281485,95255330,0,16926265,16099890,128281485
2022-09-02,4188,4202,4158,4198,24965,-0.11896264572924102,-19340,4901,14953,-514,0,3643,4901,15968,36,24548,22983,0,1015,550,24548,-82111200,20828705,63468005,-2185510,0,15484720,20828705,67785315,152680,104251420,97595920,0,4317310,2338190,104251420
2022-09-05,4198,4208,4149,4169,20852,-0.6908051453072892,-6395,3803,3959,-1367,0,3245,3803,13456,0,20504,9640,0,9497,1367,20504,-27022705,16099825,16726375,-5803495,0,13760180,16099825,56941180,0,86801185,40782885,0,40214805,5803495,86801185
2022-09-06,4178,4178,4134,4164,19941,-0.11993283761093788,-5167,0,5417,-250,0,2833,0,16733,42,19608,8000,0,11316,292,19608,-21757625,0,22816045,-1058420,0,11951990,0,70516210,177030,82645230,33709615,0,47700165,1235450,82645230
2022-09-07,4173,4173,4080,4095,41091,-1.6570605187319885,-13810,3207,12620,-2017,0,8986,3207,28096,115,40404,22796,0,15476,2132,40404,-57260585,13412810,52257625,-8409850,0,37503160,13412810,117053840,478075,168447885,94763745,0,64796215,8887925,168447885
2022-09-08,4124,4129,4095,4110,23300,0.3663003663003663,-3345,-1985,4315,1015,0,7523,15,13697,1676,22911,10868,2000,9382,661,22911,-13963475,-8277380,18010955,4229900,0,31392435,62620,57232350,6997300,95684705,45355910,8340000,39221395,2767400,95684705
2022-09-13,4114,4134,4104,4134,29479,0.583941605839416,-5041,-7644,12755,-70,0,9381,357,19248,1,28987,14422,8001,6493,71,28987,-21127095,-31958040,53378220,-293085,0,39276800,1497615,80623225,4190,121401830,60403895,33455655,27245005,297275,121401830
2022-09-14,4100,4119,4090,4105,18820,-0.7014997581035316,-13822,2127,12300,-605,0,2727,2127,13647,5,18506,16549,0,1347,610,18506,-57700625,8880245,51349760,-2529380,0,11387380,8880245,56978840,20850,77267315,69088005,0,5629080,2550230,77267315
2022-09-15,4119,4123,4099,4119,20512,0.341047503045067,-6530,4,6721,-195,0,12304,7,7855,3,20169,18834,3,1134,198,20169,-27256365,16735,28056860,-817230,0,51380265,29260,32800800,12555,84222880,78636630,12525,4743940,829785,84222880
2022-09-16,4119,4134,4095,4100,13423,-0.46127700898276286,-3959,3,4270,-314,0,4068,3,9128,0,13199,8027,0,4858,314,13199,-16508920,12545,17812025,-1315650,0,17030985,12545,38167485,0,55211015,33539905,0,20355460,1315650,55211015
2022-09-19,4109,4109,4050,4070,20514,-0.7317073170731708,-11346,230,12260,-1144,0,5792,235,14111,33,20171,17138,5,1851,1177,20171,-47086330,955595,50890940,-4760205,0,24024400,976375,58588375,136455,83725605,71110730,20780,7697435,4896660,83725605
2022-09-20,4080,4099,4065,4095,15030,0.6142506142506142,-6324,3767,2996,-439,0,3827,3769,7183,0,14779,10151,2,4187,439,14779,-26179655,15619145,12381955,-1821445,0,15893140,15627440,29764450,0,61285030,42072795,8295,17382495,1821445,61285030
2022-09-21,4100,4100,4070,4100,9160,0.1221001221001221,-2137,1375,1333,-571,0,3884,1378,3745,0,9007,6021,3,2412,571,9007,-8803755,5709110,5468485,-2373840,0,16147400,5721535,15509920,0,37378855,24951155,12425,10041435,2373840,37378855
2022-09-22,4095,4100,4055,4100,18815,0.0,-967,2417,430,-1880,0,4426,2710,11318,47,18501,5393,293,10888,1927,18501,-3947395,9995020,1749205,-7796830,0,18341330,11211835,46776405,193875,76523445,22288725,1216815,45027200,7990705,76523445
2022-09-23,4099,4104,4026,4026,17078,-1.8048780487804876,-5048,2870,4333,-2155,0,4000,3472,9271,50,16793,9048,602,4938,2205,16793,-20812835,11814990,17880075,-8882230,0,16455445,14293730,38208290,205595,69163060,37268280,2478740,20328215,9087825,69163060
2022-09-26,3982,4026,3913,3928,55569,-2.4341778440139095,-2900,1242,4775,-3117,0,21073,1358,32191,18,54640,23973,116,27416,3135,54640,-11599665,4961580,19128890,-12490805,0,84355455,5425810,128985460,72660,218839385,95955120,464230,109856570,12563465,218839385
2022-09-27,3967,3967,3834,3879,57278,-1.2474541751527495,-33358,-204,35902,-2340,0,15690,2797,37693,141,56321,49048,3001,1791,2481,56321,-131298585,-906480,141503730,-9298665,0,61809595,11037490,148568900,558665,221974650,193108180,11943970,7065170,9857330,221974650
2022-09-28,3878,3878,3760,3795,54247,-2.165506573859242,-5228,828,6663,-2263,0,11972,4128,37221,19,53340,17200,3300,30558,2282,53340,-20367040,3135165,26042675,-8810800,0,46357515,15969805,144256560,74385,206658265,66724555,12834640,118213885,8885185,206658265
2022-09-29,3805,3810,3736,3756,63766,-1.0276679841897234,-26820,2,26306,512,0,14000,2,47955,743,62700,40820,0,21649,231,62700,-102961740,7685,100974055,1980000,0,53700045,7685,183814230,2868145,240390105,156661785,0,82840175,888145,240390105
2022-09-30,3741,3755,3716,3751,30714,-0.13312034078807242,-5992,-11583,17310,265,0,4664,3,24343,1191,30201,10656,11586,7033,926,30201,-22777375,-43994665,65779965,992075,0,17723270,11390,92502560,4515090,114752310,40500645,44006055,26722595,3523015,114752310
2022-10-04,3755,3800,3692,3697,54798,-1.4396161023727005,-29769,7,27741,2021,0,13220,9,38574,2079,53882,42989,2,10833,58,53882,-112228845,26455,104574095,7628295,0,50018625,34020,145566425,7847570,203466640,162247470,7565,40992330,219275,203466640
2022-10-05,3731,3736,3696,3736,60390,1.0549093859886394,-21981,-5027,28567,-1559,0,11884,3168,44209,120,59381,33865,8195,15642,1679,59381,-83157905,-18960175,108025475,-5907395,0,44859165,11968535,167083085,452615,224363400,128017070,30928710,59057610,6360010,224363400
2022-10-06,3736,3736,3672,3692,88746,-1.177730192719486,-64911,-248,63975,1184,0,7572,754,77552,1384,87262,72483,1002,13577,200,87262,-243646070,-923540,240135025,4434585,0,28475880,2843965,291132110,5188615,327640570,272121950,3767505,50997085,754030,327640570
2022-10-07,3691,3745,3686,3726,20465,0.9209100758396532,-8678,602,6710,1366,0,3441,602,14185,1895,20123,12119,0,7475,529,20123,-32716585,2272555,25304170,5139860,0,12928970,2272555,53551455,7149960,75902940,45645555,0,28247285,2010100,75902940
2022-10-11,3677,3721,3564,3579,89330,-3.9452495974235107,-46936,-2,48336,-1398,0,11551,0,74980,1306,87837,58487,2,26644,2704,87837,-171429425,-7330,176526880,-5090125,0,42703940,0,274466840,4874125,322044905,214133365,7330,97939960,9964250,322044905
2022-10-12,3593,3593,3499,3539,56740,-1.1176306230790725,-15955,-696,16900,-249,0,14645,3304,37419,424,55792,30600,4000,20519,673,55792,-57268170,-2537280,60732635,-927185,0,52575375,11825515,134354550,1513030,200268470,109843545,14362795,73621915,2440215,200268470
2022-10-13,3539,3539,3431,3451,84088,-2.486578129415089,-9121,-25835,36177,-1221,0,13702,665,67734,581,82682,22823,26500,31557,1802,82682,-31932890,-90574990,126794985,-4287105,0,48115995,2334080,237705885,2051755,290207715,80048885,92909070,110910900,6338860,290207715
2022-10-14,3500,3500,3416,3461,53898,0.28977108084613157,-23591,-10193,27534,6250,0,6234,1106,39125,6532,52997,29825,11299,11591,282,52997,-82401670,-35482460,96050340,21833790,0,21759360,3867345,136499780,22815360,184941845,104161030,39349805,40449440,981570,184941845
2022-10-17,3391,3450,3352,3382,57455,-2.282577289800636,-9158,-17832,28596,-1606,0,12838,2,43162,493,56495,21996,17834,14566,2099,56495,-31579820,-61106780,98183950,-5497350,0,44373375,6945,148466205,1708615,194555140,75953195,61113725,50282255,7205965,194555140
2022-10-18,3382,3406,3244,3284,96139,-2.897693672383205,-16399,-38446,52043,2802,0,31691,54,59803,2984,94532,48090,38500,7760,182,94532,-54698930,-128738325,174120155,9317100,0,106124100,180890,200118050,9944165,316367205,160823030,128919215,25997895,627065,316367205
2022-10-19,3284,3284,3180,3230,111837,-1.6443361753958587,-29355,-2930,31591,694,0,25635,12,80440,3880,109967,54990,2942,48849,3186,109967,-96080965,-9595120,103521795,2154290,0,84039530,39430,263539820,12604770,360223550,180120495,9634550,160018025,10450480,360223550
2022-10-20,3224,3224,3072,3141,77778,-2.7554179566563466,-34212,-743,44316,-9361,0,4090,56,71977,355,76478,38302,799,27661,9716,76478,-108382160,-2363680,140470945,-29725105,0,12947165,176675,228213950,1139550,242477340,121329325,2540355,87743005,30864655,242477340
2022-10-21,3135,3140,2998,3013,88633,-4.075135307226998,-53217,6035,50379,-3197,0,4292,6435,76266,158,87151,57509,400,25887,3355,87151,-163688040,19324525,154190990,-9827475,0,13269840,20558025,234726780,488750,269043395,176957880,1233500,80535790,10316225,269043395
2022-10-24,3097,3156,3052,3102,61479,2.9538665781613007,-19550,-1007,12913,7644,0,19420,9,31489,9533,60451,38970,1016,18576,1889,60451,-61262080,-3175610,40453275,23984415,0,61100875,28450,99007595,29925265,190062185,122362955,3204060,58554320,5940850,190062185
2022-10-25,3081,3101,3012,3062,47447,-1.2894906511927788,-12028,-628,14497,-1841,0,14603,900,31057,94,46654,26631,1528,16560,1935,46654,-37293365,-1958705,44987025,-5734955,0,45378450,2802705,96611205,291050,145083410,82671815,4761410,51624180,6026005,145083410
2022-10-26,3087,3087,3018,3048,35868,-0.45721750489875895,-21135,1483,20030,-378,0,7293,2283,25677,16,35269,28428,800,5647,394,35269,-65003515,4554845,61618370,-1169700,0,22455575,7020345,79027220,49440,108552580,87459090,2465500,17408850,1219140,108552580
2022-10-27,3052,3116,3047,3116,48871,2.2309711286089238,-31420,-4163,30095,5488,0,3976,0,38033,6045,48054,35396,4163,7938,557,48054,-98473775,-13097005,94328330,17242450,0,12455760,0,119247715,18971805,150675280,110929535,13097005,24919385,1729355,150675280
2022-10-28,3106,3190,3106,3141,64289,0.8023106546854942,-39691,-803,40283,211,0,6702,0,53709,2803,63214,46393,803,13426,2592,63214,-126726270,-2563020,128609520,679770,0,21358155,0,171500990,8949360,201808505,148084425,2563020,42891470,8269590,201808505
2022-10-31,3185,3194,3140,3185,62702,1.4008277618592806,-33128,-2560,41232,-5544,0,3917,510,56882,345,61654,37045,3070,15650,5889,61654,-106225460,-8182415,132233900,-17826025,0,12564035,1651750,182640115,1107450,197963350,118789495,9834165,50406215,18933475,197963350
2022-11-01,3175,3175,3125,3175,57805,-0.3139717425431711,-37731,-411,38512,-370,0,7173,100,46969,2597,56839,44904,511,8457,2967,56839,-121293530,-1328310,123772675,-1150835,0,23039230,321500,150876540,8339375,182576645,144332760,1649810,27103865,9490210,182576645
2022-11-02,3195,3215,3151,3166,36248,-0.28346456692913385,-13023,-200,15435,-2212,0,10677,0,24959,6,35642,23700,200,9524,2218,35642,-41865720,-651000,49651615,-7134895,0,34390730,0,80292165,19320,114702215,76256450,651000,30640550,7154215,114702215
2022-11-03,3161,3200,3131,3161,83757,-0.15792798483891346,-38399,-124,33086,5437,0,4048,206,69294,8809,82357,42447,330,36208,3372,82357,-123928335,-407940,106771195,17565080,0,12989085,663260,223675295,28427275,265754915,136917420,1071200,116904100,10862195,265754915
2022-11-04,3185,3185,3106,3156,40536,-0.15817779183802594,-1740,-94,13196,-11362,0,9958,0,29881,20,39859,11698,94,16685,11382,39859,-5413480,-298700,41894225,-36182045,0,31784775,0,95067100,64000,126915875,37198255,298700,53172875,36246045,126915875
2022-11-07,3185,3185,3121,3141,21311,-0.4752851711026616,-12576,2588,12887,-2899,0,3203,2600,15149,3,20955,15779,12,2262,2902,20955,-40147405,8255685,41157960,-9266240,0,10227455,8294000,48404110,9560,66935125,50374860,38315,7246150,9275800,66935125
2022-11-08,3175,3194,3135,3175,35115,1.0824578159821714,-20499,-700,20738,461,0,5607,0,27575,1346,34528,26106,700,6837,885,34528,-65563715,-2253500,66343295,1473920,0,17987010,0,88241700,4311980,110540690,83550725,2253500,21898405,2838060,110540690
2022-11-09,3185,3263,3170,3244,40726,2.1732283464566926,-54,-2214,545,1723,0,20486,0,17766,1793,40045,20540,2214,17221,70,40045,-70485,-7258430,1703480,5625435,0,67285135,0,58285385,5851780,131422300,67355620,7258430,56581905,226345,131422300
2022-11-10,3283,3283,3205,3269,28406,0.7706535141800247,1424,3364,-6497,1709,0,12299,3369,10276,1987,27931,10875,5,16773,278,27931,4789750,11083275,-21493760,5620735,0,40580460,11099745,33860400,6543845,92084450,35790710,16470,55354160,923110,92084450
2022-11-11,3303,3441,3293,3402,78798,4.068522483940043,-19583,0,5961,13622,0,8240,0,54913,14328,77481,27823,0,48952,706,77481,-67497255,0,20626970,46870285,0,28326380,0,188751320,49284565,266362265,95823635,0,168124350,2414280,266362265
2022-11-14,3431,3431,3352,3392,30934,-0.29394473838918284,-17638,-6,16040,1604,0,1096,0,26261,3060,30417,18734,6,10221,1456,30417,-60461505,-20560,54992310,5489755,0,3760140,0,90169400,10503330,104432870,64221645,20560,35177090,5013575,104432870
2022-11-15,3406,3406,3357,3382,16286,-0.294811320754717,-8453,1,8911,-459,0,2426,1,13447,140,16014,10879,0,4536,599,16014,-28970835,3430,30544595,-1577190,0,8354235,3430,46146860,481450,54985975,37325070,0,15602265,2058640,54985975
2022-11-16,3382,3470,3293,3402,41778,0.5913660555884093,676,0,992,-1668,0,9690,0,31044,346,41080,9014,0,30052,2014,41080,2273395,0,3480135,-5753530,0,33404570,0,106811135,1181900,141397605,31131175,0,103331000,6935430,141397605
2022-11-17,3411,3411,3357,3392,13643,-0.29394473838918284,-4790,0,5688,-898,0,3275,0,9690,450,13415,8065,0,4002,1348,13415,-16446775,0,19525450,-3078675,0,11245130,0,33268505,1539550,46053185,27691905,0,13743055,4618225,46053185
2022-11-18,3421,3421,3293,3382,82776,-0.294811320754717,-20210,1,15678,4531,0,14870,1,60199,6322,81392,35080,0,44521,1791,81392,-68935795,3420,53643470,15288905,0,50350155,3420,204726790,21464420,276544785,119285950,0,151083320,6175515,276544785
2022-11-21,3401,3440,3371,3411,110110,0.8574807806031934,-35192,-21002,52685,3509,0,18116,1000,79393,9760,108269,53308,22002,26708,6251,108269,-121531665,-72586445,182029265,12088845,0,62664300,3445000,274431380,33661800,374202480,184195965,76031445,92402115,21572955,374202480
2022-11-22,3416,3431,3387,3402,61117,-0.2638522427440633,-13200,-14944,24490,3654,0,5938,0,48260,5897,60095,19138,14944,23770,2243,60095,-45665615,-51681625,84668380,12678860,0,20521965,0,166941220,20455665,207918850,66187580,51681625,82272840,7776805,207918850
2022-11-23,3416,3416,3382,3407,93483,0.14697236919459142,28369,-13056,-18924,3611,0,53375,0,34863,3682,91920,25006,13056,53787,71,91920,97876960,-45109320,-65229975,12462335,0,184185755,0,120413430,12708255,317307440,86308795,45109320,185643405,245920,317307440
2022-11-24,3416,3485,3406,3485,69260,2.2894041678896393,-18989,2000,688,16301,0,12385,2000,36902,16815,68102,31374,0,36214,514,68102,-66334040,7090000,2218305,57025735,0,43187365,7090000,128957170,58818065,238052600,109521405,0,126738865,1792330,238052600
2022-11-25,3509,3548,3475,3544,85873,1.6929698708751793,6995,-3,-24276,17284,0,28272,0,37730,18435,84437,21277,3,62006,1151,84437,24885675,-10690,-86486035,61611050,0,100806770,0,134628585,65709430,301144785,75921095,10690,221114620,4098380,301144785
2022-11-28,3539,3563,3504,3539,134641,-0.14108352144469527,16514,8424,-34148,9210,0,38641,8809,74025,10915,132390,22127,385,108173,1705,132390,59558010,30356740,-123085900,33171150,0,138990435,31748435,265911090,39290505,475940465,79432425,1391695,388996990,6119355,475940465
2022-11-29,3446,3509,3406,3446,94190,-2.62786097767731,-13191,1524,35372,-23705,0,10105,1524,79008,1978,92615,23296,0,43636,25683,92615,-45897515,5341250,123376960,-82820695,0,35365025,5341250,276102945,6930310,323739530,81262540,0,152725985,89751005,323739530
2022-11-30,3396,3455,3396,3446,18562,0.0,1840,3,1748,-3591,0,2518,3,15538,193,18252,678,0,13790,3784,18252,6401675,10460,6124095,-12536230,0,8766800,10460,54158870,671780,63607910,2365125,0,48034775,13208010,63607910
2022-12-01,3480,3480,3421,3461,52609,0.4352872896111433,-7838,100,18096,-10358,0,17436,100,34174,20,51730,25274,0,16078,10378,51730,-27429100,351000,63548570,-36470470,0,61179795,351000,120167765,70420,181768980,88608895,0,56619195,36540890,181768980
2022-12-02,3470,3480,3421,3446,25558,-0.43340075122796884,8668,500,-8387,-781,0,12773,500,11742,116,25131,4105,0,20129,897,25131,30570505,1757500,-29572845,-2755160,0,45047875,1757500,41232955,405830,88444160,14477370,0,70805800,3160990,88444160
2022-12-05,3446,3465,3421,3461,29981,0.4352872896111433,1343,1141,1446,-3930,0,7531,1141,20808,0,29480,6188,0,19362,3930,29480,4689720,4010615,5041225,-13741560,0,26364960,4010615,72703395,0,103078970,21675240,0,67662170,13741560,103078970
2022-12-06,3460,3460,3431,3456,19080,-0.1444669170759896,772,-1,284,-1055,0,6406,0,12271,84,18761,5634,1,11987,1139,18761,2743925,-3515,965555,-3705965,0,22474850,0,43033610,295285,65803745,19730925,3515,42068055,4001250,65803745
2022-12-07,3465,3465,3426,3461,10075,0.14467592592592593,1059,0,2260,-3319,0,1250,0,8657,0,9907,191,0,6397,3319,9907,3719905,0,7902765,-11622670,0,4387485,0,30295330,0,34682815,667580,0,22392565,11622670,34682815
2022-12-08,3461,3461,3431,3461,9538,0.0,-951,7,2118,-1174,0,1050,7,8322,0,9379,2001,0,6204,1174,9379,-3330690,24540,7419065,-4112915,0,3682815,24540,29115965,0,32823320,7013505,0,21696900,4112915,32823320
2022-12-09,3460,3549,3411,3456,24107,-0.1444669170759896,-3936,9,2959,968,0,8459,10,9959,5276,23704,12395,1,7000,4308,23704,-13673850,31435,10285510,3356905,0,29686025,34950,34843970,18473580,83038525,43359875,3515,24558460,15116675,83038525
2022-12-12,3455,3455,3401,3431,16475,-0.7233796296296297,2793,2,-3654,859,0,3914,3,9610,2673,16200,1121,1,13264,1814,16200,9730185,6980,-12728490,2991325,0,13610730,10460,33426500,9316070,56363760,3880545,3480,46154990,6324745,56363760
2022-12-13,3431,3451,3401,3451,15465,0.5829204313611192,-3633,3,2179,1451,0,2554,3,10513,2137,15207,6187,0,8334,686,15207,-12649600,10445,7582350,5056805,0,8891950,10445,36561900,7447130,52911425,21541550,0,28979550,2390325,52911425
2022-12-14,3450,3489,3430,3475,21113,0.6954505940307157,4875,-5,-5687,817,0,8692,0,11017,1051,20760,3817,5,16704,234,20760,17119390,-17550,-19985355,2883515,0,30489820,0,38653280,3709230,72852330,13370430,17550,58638635,825715,72852330
2022-12-15,3485,3485,3431,3431,25462,-1.2661870503597124,1047,-1,20,-1066,0,5843,0,19129,65,25037,4796,1,19109,1131,25037,3633625,-3500,122640,-3752765,0,20430875,0,66971790,227175,87629840,16797250,3500,66849150,3979940,87629840
2022-12-16,3430,3440,3391,3426,22761,-0.1457301078402798,-5560,-2,6583,-1021,0,625,3,21666,87,22381,6185,5,15083,1108,22381,-19374365,-6965,22930845,-3549515,0,2172545,10435,75384775,302875,77870630,21546910,17400,52453930,3852390,77870630
2022-12-19,3426,3440,3416,3426,25197,0.0,386,-5144,4537,221,0,3215,0,21340,221,24776,2829,5144,16803,0,24776,1337490,-17926955,15819195,770270,0,11191350,0,74319450,770270,86281070,9853860,17926955,58500255,0,86281070
2022-12-20,3425,3440,3406,3411,17239,-0.43782837127845886,-8500,-130,10144,-1514,0,602,0,16349,0,16951,9102,130,6205,1514,16951,-29566370,-454300,35309095,-5288425,0,2094910,0,56956845,0,59051755,31661280,454300,21647750,5288425,59051755
2022-12-21,3411,3455,3406,3416,25988,0.1465845793022574,1094,-1,-8142,7049,0,5672,1,12802,7079,25554,4578,2,20944,30,25554,3798445,-3465,-28305265,24510285,0,19726865,3475,44489005,24615585,88834930,15928420,6940,72794270,105300,88834930
2022-12-22,3421,3455,3416,3451,16840,1.0245901639344261,-6008,-4,6499,-487,0,350,0,16209,0,16559,6358,4,9710,487,16559,-21011685,-13940,22733375,-1707750,0,1223710,0,56741155,0,57964865,22235395,13940,34007780,1707750,57964865
2022-12-23,3470,3470,3426,3441,13098,-0.28977108084613157,544,1,-460,-85,0,5254,1,7447,177,12879,4710,0,7907,262,12879,1866335,3495,-1568430,-301400,0,18338515,3495,26047950,618195,45008155,16472180,0,27616380,919595,45008155
2022-12-26,3445,3450,3416,3431,15593,-0.2906131938390003,-800,363,762,-325,0,4465,364,10504,0,15333,5265,1,9742,325,15333,-2810830,1266880,2678250,-1134300,0,15543365,1270365,36604940,0,53418670,18354195,3485,33926690,1134300,53418670
2022-12-27,3407,3441,3392,3407,38385,-0.6995045176333431,-2781,637,-1249,3393,0,8815,638,24843,3448,37744,11596,1,26092,55,37744,-9666105,2204020,-4260505,11722590,0,30493695,2207480,85986155,11913135,130600465,40159800,3460,90246660,190545,130600465
2022-12-28,3406,3440,3386,3416,13427,0.26416201937188144,-3347,2,7297,-3952,0,1071,2,12130,0,13203,4418,0,4833,3952,13203,-11553635,6910,25194430,-13647705,0,3702825,6910,41889270,0,45599005,15256460,0,16694840,13647705,45599005
2022-12-29,3415,3415,3391,3411,8844,-0.14637002341920377,347,-3000,3571,-918,0,564,1,8132,0,8697,217,3001,4561,918,8697,1200380,-10379995,12356020,-3176405,0,1951250,3460,28121285,0,30075995,750870,10383455,15765265,3176405,30075995
2023-01-02,3421,3455,3421,3451,10948,1.1726766344180592,6112,84,-3812,-2384,0,7091,85,3589,0,10765,979,1,7401,2384,10765,21375060,292390,-13331705,-8335745,0,24804335,295875,12571630,0,37671840,3429275,3485,25903335,8335745,37671840
2023-01-03,3450,3455,3431,3441,19596,-0.28977108084613157,8074,-3797,-5153,876,0,12418,504,5142,1205,19269,4344,4301,10295,329,19269,28273000,-13313485,-18018715,3059200,0,43463425,1761510,18004665,4211475,67441075,15190425,15074995,36023380,1152275,67441075
2023-01-04,3431,3460,3421,3436,37503,-0.14530659691950015,8471,1,-10242,1770,0,13641,1,20914,2320,36876,5170,0,31156,550,36876,29547320,3520,-35696055,6145215,0,47635095,3520,73305725,8076680,129021020,18087775,0,109001780,1931465,129021020
2023-01-05,3451,3529,3441,3510,28941,2.1536670547147847,-8401,-263,10274,-1610,0,924,2,27222,310,28458,9325,265,16948,1920,28458,-29602815,-938965,36191665,-5649885,0,3279285,7085,96128230,1100560,100515160,32882100,946050,59936565,6750445,100515160
2023-01-06,3509,3563,3485,3549,25916,1.1111111111111112,-309,1999,-3870,2180,0,2746,2000,18233,2504,25483,3055,1,22103,324,25483,-1174150,7200525,-13875720,7849345,0,9856265,7204145,65454585,9009315,91524310,11030415,3620,79330305,1159970,91524310
2023-01-09,3519,3603,3519,3603,22735,1.521555367709214,-62,4501,-5310,871,0,4202,4502,12685,966,22355,4264,1,17995,95,22355,-228555,16465685,-19397290,3160160,0,15364390,16469335,46369670,3506570,81709965,15592945,3650,65766960,346410,81709965
2023-01-10,3628,3628,3569,3579,34982,-0.6661115736885929,3219,6946,-12106,1941,0,5186,7101,20070,2041,34398,1967,155,32176,100,34398,11783245,25446090,-44311265,7081930,0,18954500,26014165,73429730,7450430,125848825,7171255,568075,117740995,368500,125848825
2023-01-11,3578,3612,3568,3608,15046,0.8102822017323273,2180,107,-221,-2066,0,3841,107,10319,528,14795,1661,0,10540,2594,14795,7956610,392155,-761595,-7587170,0,14052160,392155,37795580,1919530,54159425,6095550,0,38557175,9506700,54159425
2023-01-12,3617,3681,3617,3652,46446,1.2195121951219512,-11452,1,5686,5765,0,11748,1,28039,5882,45670,23200,0,22353,117,45670,-42261145,3720,20907080,21350345,0,43747090,3720,104141750,21784495,169677055,86008235,0,83234670,434150,169677055
2023-01-13,3652,3730,3652,3716,30271,1.7524644030668126,-1826,4901,-8394,5319,0,2470,4901,17015,5379,29765,4296,0,25409,60,29765,-6918400,18491740,-31547025,19973685,0,9263275,18491740,64075215,20199585,112029815,16181675,0,95622240,225900,112029815
2023-01-16,3716,3745,3716,3736,35004,0.5382131324004306,-13228,1998,5765,5465,0,3948,2000,22780,5691,34419,17176,2,17015,226,34419,-50218685,7587880,21872690,20758115,0,15000635,7595460,86514720,21616590,130727405,65219320,7580,64642030,858475,130727405
2023-01-17,3745,3770,3736,3736,26749,0.0,-620,588,-481,513,0,9249,588,15934,531,26302,9869,0,16415,18,26302,-2285205,2239080,-1911095,1957220,0,35303275,2239080,60704980,2025800,100273135,37588480,0,62616075,68580,100273135
2023-01-18,3745,3770,3721,3726,38843,-0.26766595289079226,-16242,100,16795,-653,0,4350,101,30818,2925,38194,20592,1,14023,3578,38194,-61713205,381805,63784555,-2453155,0,16568320,385595,117120625,11104175,145178715,78281525,3790,53336070,13557330,145178715
2023-01-19,3726,3736,3721,3736,22538,0.2683843263553409,-5023,45,6866,-1888,0,4837,45,16870,410,22162,9860,0,10004,2298,22162,-19075205,170550,26064295,-7159640,0,18327735,170550,63999855,1552245,84050385,37402940,0,37935560,8711885,84050385
2023-01-20,3745,3765,3725,3765,27761,0.7762312633832976,-9655,4091,2446,3118,0,7284,4092,12793,3128,27297,16939,1,10347,10,27297,-36677970,15509045,9320475,11848450,0,27670890,15512840,48616690,11886705,103687125,64348860,3795,39296215,38255,103687125
2023-01-25,3775,3790,3765,3790,48681,0.6640106241699867,-9536,1683,6141,1712,0,3321,1683,41151,1712,47867,12857,0,35010,0,47867,-36679180,6482065,23619760,6577355,0,12755570,6482065,158287785,6577355,184102775,49434750,0,134668025,0,184102775
2023-01-26,3789,3814,3740,3780,39045,-0.2638522427440633,2375,148,-6514,3991,0,6944,150,26739,4560,38393,4569,2,33253,569,38393,9015665,572765,-25046700,15458270,0,26696875,580500,102741700,17639125,147658200,17681210,7735,127788400,2180855,147658200
2023-01-27,3779,3784,3735,3770,35124,-0.26455026455026454,-6481,111,6487,-117,0,3362,111,28968,2096,34537,9843,0,22481,2213,34537,-24841430,423125,24907405,-489100,0,12819130,423125,110844875,7993160,132080290,37660560,0,85937470,8482260,132080290
2023-01-30,3735,3735,3667,3672,37692,-2.59946949602122,-125,116,362,-353,0,8024,125,26285,2628,37062,8149,9,25923,2981,37062,-369565,435935,1244600,-1310970,0,30328520,470000,98993815,9912100,139704435,30698085,34065,97749215,11223070,139704435
2023-01-31,3672,3701,3637,3672,32193,0.0,6255,2130,-9428,1043,0,14655,2130,12943,1927,31655,8400,0,22371,884,31655,23366690,8011110,-35276350,3898550,0,54641765,8011110,48178350,7207275,118038500,31275075,0,83454700,3308725,118038500
2023-02-01,3667,3706,3667,3697,29385,0.6808278867102396,7612,285,-5811,-2086,0,7764,285,18400,2445,28894,152,0,24211,4531,28894,28594805,1069875,-21798560,-7866120,0,29166440,1069875,69162450,9132835,108531600,571635,0,90961010,16998955,108531600
2023-02-02,3715,3774,3711,3770,17268,1.9745739789018124,3509,6,-5934,2419,0,3770,9,10708,2493,16980,261,3,16642,74,16980,13421480,23035,-22678500,9233985,0,14415355,34420,40922010,9517310,64889095,993875,11385,63600510,283325,64889095
2023-02-03,3814,3814,3711,3795,30775,0.6631299734748011,220,234,-584,130,0,4671,256,24334,1000,30261,4451,22,24918,870,30261,873850,898295,-2264540,492395,0,17993895,982780,93124550,3829285,115930510,17120045,84485,95389090,3336890,115930510
2023-02-06,3740,3804,3735,3785,20133,-0.2635046113306983,749,20,-1295,526,0,3400,20,15827,550,19797,2651,0,17122,24,19797,2888720,76900,-4989790,2024170,0,13115325,76900,60899810,2116450,76208485,10226605,0,65889600,92280,76208485
2023-02-07,3784,3799,3740,3770,16733,-0.3963011889035667,2153,56,-1860,-349,0,3069,56,13218,111,16454,916,0,15078,460,16454,8261350,214780,-7134435,-1341695,0,11782425,214780,50805715,426375,63229295,3521075,0,57940150,1768070,63229295
2023-02-08,3790,3815,3785,3815,31982,1.1936339522546418,9672,5500,-15078,-94,0,9746,5500,14921,1281,31448,74,0,29999,1375,31448,37457820,21265295,-58360570,-362545,0,37744075,21265295,57805130,4957470,121771970,286255,0,116165700,5320015,121771970
2023-02-09,3814,3814,3735,3790,8967,-0.655307994757536,3713,-1,-3721,9,0,4075,0,4733,10,8818,362,1,8454,1,8818,14321345,-3855,-14351920,34430,0,15713290,0,18201120,38300,33952710,1391945,3855,32553040,3870,33952710
2023-02-10,3814,3814,3775,3785,20617,-0.13192612137203166,1923,0,233,-2156,0,2031,0,18192,50,20273,108,0,17959,2206,20273,7418690,0,908810,-8327500,0,7835030,0,70169270,192500,78196800,416340,0,69260460,8520000,78196800
2023-02-13,3784,3804,3770,3775,11413,-0.26420079260237783,1646,1,441,-2088,0,1995,1,9202,25,11223,349,0,8761,2113,11223,6326375,3845,1703965,-8034185,0,7670955,3845,35389030,96235,43160065,1344580,0,33685065,8130420,43160065
2023-02-14,3775,3775,3751,3751,20578,-0.6357615894039735,-4605,0,5550,-945,0,10472,0,9750,12,20234,15077,0,4200,957,20234,-17630880,0,21249405,-3618525,0,40148705,0,37329810,45905,77524420,57779585,0,16080405,3664430,77524420
2023-02-15,3750,3750,3716,3741,23915,-0.2665955745134631,-814,-1,2313,-1498,0,3286,0,20225,5,23516,4100,1,17912,1503,23516,-3118310,-3785,8805620,-5683525,0,12455675,0,76711290,19025,89185990,15573985,3785,67905670,5702550,89185990
2023-02-16,3740,3740,3696,3711,10989,-0.8019246190858059,1836,-1999,3305,-3142,0,2888,1,7913,4,10806,1052,2000,4608,3146,10806,6970995,-7555705,12496135,-11911425,0,10941875,3790,29960800,15120,40921585,3970880,7559495,17464665,11926545,40921585
2023-02-17,3716,3721,3687,3687,34816,-0.6467259498787389,-970,130,1187,-347,0,1950,131,32091,62,34234,2920,1,30904,409,34234,-3604330,489870,4426010,-1311550,0,7358745,493630,120446455,232500,128531330,10963075,3760,116020445,1544050,128531330
2023-02-20,3686,3686,3539,3608,35614,-2.142663411988066,5748,-4001,-1835,88,0,10139,0,24672,208,35019,4391,4001,26507,120,35019,21396540,-14714740,-7009695,327895,0,37613780,0,91244020,770540,129628340,16217240,14714740,98253715,442645,129628340
2023-02-21,3608,3632,3593,3623,11104,0.41574279379157425,2316,2,-1992,-326,0,3767,2,7108,42,10919,1451,0,9100,368,10919,8538320,7375,-7344210,-1201485,0,13880020,7375,26185895,154800,40228090,5341700,0,33530105,1356285,40228090
2023-02-22,3623,3637,3588,3623,4276,0.0,436,1,-236,-201,0,1835,1,2333,36,4205,1399,0,2569,237,4205,1622440,3695,-882530,-743605,0,6766325,3695,8591135,132630,15493785,5143885,0,9473665,876235,15493785
2023-02-23,3622,3652,3622,3652,8890,0.8004416229643941,-1949,0,2980,-1031,0,204,0,8528,10,8742,2153,0,5548,1041,8742,-7213690,0,11023620,-3809930,0,752810,0,31511375,36900,32301085,7966500,0,20487755,3846830,32301085
2023-02-24,3657,3696,3657,3677,18767,0.6845564074479736,8022,-2,-6028,-1992,0,8224,0,10066,164,18454,202,2,16094,2156,18454,30059825,-7490,-22610810,-7441525,0,30817295,0,37650090,614125,69081510,757470,7490,60260900,8055650,69081510
2023-02-27,3676,3681,3657,3667,8289,-0.27196083763937995,111,0,91,-202,0,568,0,7356,227,8151,457,0,7265,429,8151,416795,0,337700,-754495,0,2121360,0,27449925,847550,30418835,1704565,0,27112225,1602045,30418835
2023-02-28,3672,3706,3652,3702,24025,0.9544586855740387,4898,2410,-6672,-636,0,4993,2411,16149,71,23624,95,1,22821,707,23624,18311200,9001355,-24933705,-2378850,0,18666025,9005090,60209750,264740,88145605,354825,3735,85143455,2643590,88145605
2023-03-02,3702,3702,3687,3702,18965,0.0,-5220,-1,4453,768,0,1324,1,15920,1403,18648,6544,2,11467,635,18648,-19636965,-3755,16744515,2896205,0,4976090,3760,59841785,5282245,70103880,24613055,7515,43097270,2386040,70103880
2023-03-03,3805,3805,3470,3638,26587,-1.728795245813074,1217,-10000,9400,-617,0,3902,2,20578,1661,26143,2685,10002,11178,2278,26143,4625825,-36964680,34701785,-2362930,0,14592545,7450,76270135,6136155,97006285,9966720,36972130,41568350,8499085,97006285
2023-03-06,3686,3701,3627,3682,11118,1.2094557449147882,932,-1999,2655,-1588,0,1751,1,9178,3,10933,819,2000,6523,1591,10933,3495720,-7433380,9868130,-5930470,0,6562595,3720,34318875,11250,40896440,3066875,7437100,24450745,5941720,40896440
2023-03-07,3686,3745,3657,3677,16007,-0.13579576317218903,6035,-1000,-3383,-1652,0,8757,1,6982,0,15740,2722,1001,10365,1652,15740,22709420,-3737555,-12769385,-6202480,0,32933050,3760,26173400,0,59110210,10223630,3741315,38942785,6202480,59110210
2023-03-08,3696,3696,3642,3672,8681,-0.13598041881968997,-1376,-1096,3550,-1078,0,1643,6,6867,20,8536,3019,1102,3317,1098,8536,-5120170,-4086205,13220025,-4013650,0,6126615,22440,25560215,74150,31783420,11246785,4108645,12340190,4087800,31783420
2023-03-09,3671,3686,3652,3667,14104,-0.13616557734204793,714,2,468,-1184,0,878,2,12988,1,13869,164,0,12520,1185,13869,2664550,7455,1745720,-4417725,0,3274910,7455,48411150,3720,51697235,610360,0,46665430,4421445,51697235
2023-03-10,3666,3666,3637,3652,10684,-0.4090537223888737,-1109,0,2034,-925,0,915,0,9465,126,10506,2024,0,7431,1051,10506,-4108500,0,7547150,-3438650,0,3398670,0,35099500,466840,38965010,7507170,0,27552350,3905490,38965010
2023-03-13,3568,3627,3539,3613,21714,-1.067907995618839,-3675,-999,4076,598,0,2859,1,16607,1884,21351,6534,1000,12531,1286,21351,-13403070,-3656485,14891305,2168250,0,10467195,3665,60671145,6882080,78024085,23870265,3660150,45779840,4713830,78024085
2023-03-14,3618,3632,3539,3574,18000,-1.0794353722668144,4019,-1,-2801,-1217,0,4035,0,13584,80,17699,16,1,16385,1297,17699,14527110,-3660,-10087015,-4436435,0,14585390,0,49222495,289805,64097690,58280,3660,59309510,4726240,64097690
2023-03-15,3573,3617,3573,3588,7669,0.391717963066592,1963,2,-1192,-773,0,2016,2,5521,2,7541,53,0,6713,775,7541,7177830,7295,-4355520,-2829605,0,7372280,7295,20200215,7290,27587080,194450,0,24555735,2836895,27587080
2023-03-16,3588,3602,3568,3588,8088,0.0,1167,-414,3,-756,0,3122,0,4831,0,7953,1955,414,4828,756,7953,4253190,-1508070,10360,-2755480,0,11416960,0,17576890,0,28993850,7163770,1508070,17566530,2755480,28993850
2023-03-17,3588,3612,3578,3593,5204,0.13935340022296544,-871,-609,1827,-347,0,2313,15,2789,0,5117,3184,624,962,347,5117,-3178120,-2227040,6676165,-1271005,0,8445520,54895,10195030,0,18695445,11623640,2281935,3518865,1271005,18695445
2023-03-20,3667,3667,3569,3574,52586,-0.528806011689396,-39986,-3123,43850,-741,0,1856,0,49811,40,51707,41842,3123,5961,781,51707,-146343635,-11399130,160446715,-2703950,0,6765970,0,182158540,145700,189070210,153109605,11399130,21711825,2849650,189070210
2023-03-21,3573,3598,3554,3564,10323,-0.27979854504756574,-1100,-3497,5595,-998,0,186,32,9895,38,10151,1286,3529,4300,1036,10151,-3992375,-12736500,20363760,-3634885,0,676800,116520,35954455,137920,36885695,4669175,12853020,15590695,3772805,36885695
2023-03-22,3564,3578,3549,3569,14511,0.14029180695847362,-2891,0,4077,-1186,0,770,0,13499,0,14269,3661,0,9422,1186,14269,-10448695,0,14750415,-4301720,0,2792545,0,48950065,0,51742610,13241240,0,34199650,4301720,51742610
2023-03-23,3568,3578,3544,3554,21055,-0.4202857943401513,-3846,51,5045,-1250,0,949,51,19665,38,20703,4795,0,14620,1288,20703,-13923170,184490,18266945,-4528265,0,3432190,184490,71237945,137340,74991965,17355360,0,52971000,4665605,74991965
2023-03-24,3553,3553,3514,3534,32228,-0.5627462014631401,422,75,579,-1076,0,3433,76,28152,29,31690,3011,1,27573,1105,31690,1519280,268860,2088830,-3876970,0,12328825,272470,101032650,104055,113738000,10809545,3610,98943820,3981025,113738000
2023-03-27,3613,3613,3461,3466,30268,-1.9241652518392758,-4876,-2412,8240,-952,0,2762,81,25549,1370,29762,7638,2493,17309,2322,29762,-17185450,-8501525,29089170,-3402195,0,9790385,286320,90347955,4842850,105267510,26975835,8787845,61258785,8245045,105267510
2023-03-28,3494,3494,3450,3480,14948,0.4039238315060588,1385,293,-1099,-579,0,5123,293,9263,20,14699,3738,0,10362,599,14699,4919010,1036925,-3910225,-2045710,0,18128645,1036925,32721940,70500,51958010,13209635,0,36632165,2116210,51958010
2023-03-29,3440,3499,3440,3495,23725,0.43103448275862066,-8878,-1,8890,-11,0,2446,0,20873,10,23329,11324,1,11983,21,23329,-31386695,-3540,31428970,-38735,0,8650625,0,73929700,35500,82615825,40037320,3540,42500730,74235,82615825
2023-03-30,3495,3514,3480,3500,14549,0.14306151645207438,2153,63,-2236,20,0,2626,64,11529,87,14306,473,1,13765,67,14306,7641420,223695,-7935030,69915,0,9322450,227255,40974650,308675,50833030,1681030,3560,48909680,238760,50833030
2023-03-31,3500,3524,3495,3520,10986,0.5714285714285714,3697,24,-3638,-83,0,4891,25,5887,0,10803,1194,1,9525,83,10803,13222045,85690,-13011040,-296695,0,17475470,89250,21007145,0,38571865,4253425,3560,34018185,296695,38571865
2023-04-03,3510,3534,3475,3515,29166,-0.14204545454545456,1050,94,-991,-153,0,14967,125,13225,362,28679,13917,31,14216,515,28679,4634775,335330,-4405085,-565020,0,54812960,446000,47193530,1285040,103737530,50178185,110670,51598615,1850060,103737530
2023-04-04,3564,3564,3505,3520,19774,0.1422475106685633,1829,-4151,3054,-732,0,3055,1201,15188,0,19444,1226,5352,12134,732,19444,6560930,-14854575,10928180,-2634535,0,10956245,4305585,54448675,0,69710505,4395315,19160160,43520495,2634535,69710505
2023-04-05,3524,3534,3500,3505,60397,-0.4261363636363636,46106,-1,-45937,-168,0,49531,0,9803,54,59388,3425,1,55740,222,59388,164571200,-3575,-163965100,-602525,0,176790745,0,34981915,192780,211965440,12219545,3575,198947015,795305,211965440
2023-04-06,3504,3514,3490,3500,20607,-0.14265335235378032,7628,-5000,-1099,-1529,0,11238,0,9025,0,20263,3610,5000,10124,1529,20263,27232530,-17850000,-3934415,-5448115,0,40071570,0,32104475,0,72176045,12839040,17850000,36038890,5448115,72176045
2023-04-07,3519,3524,3470,3480,18065,-0.5714285714285714,3043,2,-2879,-166,0,5929,2,11796,36,17763,2886,0,14675,202,17763,10822875,7155,-10236190,-593840,0,21045225,7155,41885065,127450,63064895,10222350,0,52121255,721290,63064895
2023-04-10,3538,3538,3460,3475,25094,-0.14367816091954022,10530,-10001,74,-603,0,11300,0,12531,844,24675,770,10001,12457,1447,24675,37341730,-35408770,247520,-2180480,0,40078880,0,44556995,2978235,87614110,2737150,35408770,44309475,5158715,87614110
2023-04-11,3475,3510,3470,3510,19142,1.0071942446043165,-5376,6027,-1362,711,0,1891,6028,9936,967,18822,7267,1,11298,256,18822,-18994500,21434760,-4953440,2513180,0,6705505,21438295,35160640,3422040,66726480,25700005,3535,40114080,908860,66726480
2023-04-12,3524,3529,3456,3456,33098,-1.5384615384615385,-2418,-2538,4086,870,0,5192,2,26452,899,32545,7610,2540,22366,29,32545,-8584820,-8959125,14463175,3080770,0,18346355,7075,93577940,3183720,115115090,26931175,8966200,79114765,102950,115115090
2023-04-13,3456,3475,3451,3461,21789,0.14467592592592593,-4153,-4998,7617,1534,0,3188,2,16697,1538,21425,7341,5000,9080,4,21425,-14595105,-17592965,26789795,5398275,0,11211220,7035,58708625,5412355,75339235,25806325,17600000,31918830,14080,75339235
2023-04-14,3465,3529,3465,3485,11666,0.6934412019647501,710,-7206,4898,1598,0,2413,0,7443,1615,11471,1703,7206,2545,17,11471,2519365,-25581290,17392550,5669375,0,8557290,0,26406810,5729805,40693905,6037925,25581290,9014260,60430,40693905
2023-04-17,3504,3514,3450,3495,23132,0.2869440459110474,2247,-2378,-5036,5167,0,5421,29,12082,5214,22746,3174,2407,17118,47,22746,7987165,-8453575,-17707935,18174345,0,19187715,103200,42570710,18341075,80202700,11200550,8556775,60278645,166730,80202700
2023-04-18,3509,3509,3465,3500,14054,0.14306151645207438,2962,-562,-1549,-851,0,5278,14,8285,242,13819,2316,576,9834,1093,13819,10542470,-2000710,-5517090,-3024670,0,18775680,49840,29419610,859275,49104405,8233210,2050550,34936700,3883945,49104405
2023-04-19,3500,3524,3490,3500,9170,0.0,659,0,-1188,529,0,2094,0,6352,571,9017,1435,0,7540,42,9017,2353615,0,-4237350,1883735,0,7464195,0,22629250,2033275,32126720,5110580,0,26866600,149540,32126720
2023-04-20,3504,3529,3490,3500,18536,0.0,-728,-5310,5705,333,0,1996,0,15697,534,18227,2724,5310,9992,201,18227,-2610935,-18930215,20351420,1189730,0,7109465,0,56060495,1906505,65076465,9720400,18930215,35709075,716775,65076465
2023-04-21,3500,3505,3441,3505,24548,0.14285714285714285,-9394,159,8598,637,0,3870,160,19452,656,24138,13264,1,10854,19,24138,-33311325,562155,30494295,2254875,0,13688215,565700,68890705,2322510,85467130,46999540,3545,38396410,67635,85467130
2023-04-24,3504,3509,3480,3490,17211,-0.42796005706134094,3633,-3192,548,-989,0,8063,49,8634,178,16924,4430,3241,8086,1167,16924,12901745,-11347990,1954805,-3508560,0,28624670,173760,30655260,632480,60086170,15722925,11521750,28700455,4141040,60086170
2023-04-25,3499,3499,3470,3480,15850,-0.28653295128939826,-9735,20,10024,-309,0,567,20,14968,30,15585,10302,0,4944,339,15585,-34405550,70600,35430115,-1095165,0,2004865,70600,52924825,106200,55106490,36410415,0,17494710,1201365,55106490
2023-04-26,3480,3504,3470,3490,8332,0.28735632183908044,418,2,-542,122,0,2361,3,5081,748,8193,1943,1,5623,626,8193,1470980,7120,-1916430,438330,0,8382965,10670,18044070,2658990,29096695,6911985,3550,19960500,2220660,29096695
2023-04-27,3499,3504,3450,3480,7933,-0.28653295128939826,-2647,101,2761,-215,0,649,101,6981,70,7801,3296,0,4220,285,7801,-9330960,357540,9734225,-760805,0,2297200,357540,24660720,247200,27562660,11628160,0,14926495,1008005,27562660
2023-04-28,3460,3499,3460,3485,13812,0.14367816091954022,1960,-4173,3294,-1081,0,6593,1,6948,40,13582,4633,4174,3654,1121,13582,7038655,-14832555,11612705,-3818805,0,23407660,3535,24553765,141250,48106210,16369005,14836090,12941060,3960055,48106210
2023-05-02,3499,3504,3480,3490,19539,0.1434720229555237,-6376,-550,7102,-176,0,2269,18,16926,0,19213,8645,568,9824,176,19213,-22604060,-1957915,25188635,-626660,0,8037190,64045,60035900,0,68137135,30641250,2021960,34847265,626660,68137135
2023-05-03,3489,3504,3480,3485,5482,-0.14326647564469913,837,19,-840,-16,0,1040,21,4230,100,5391,203,2,5070,116,5391,2969320,67360,-2979225,-57455,0,3689255,74450,15006980,354500,19125185,719935,7090,17986205,411955,19125185
2023-05-04,3490,3524,3475,3510,13689,0.7173601147776184,-7443,43,7427,-27,0,1605,44,11695,117,13461,9048,1,4268,144,13461,-26340385,152635,26285225,-97475,0,5712740,156190,41517810,414580,47801320,32053125,3555,15232585,512055,47801320
2023-05-08,3515,3529,3510,3525,21541,0.4273504273504274,2943,-3186,-25,268,0,3532,4,17334,311,21181,589,3190,17359,43,21181,10562485,-11437760,-85455,960730,0,12674550,14340,62130715,1114885,75934490,2112065,11452100,62216170,154155,75934490
2023-05-09,3524,3583,3520,3579,8570,1.5319148936170213,1926,0,-1963,37,0,1997,0,6392,38,8427,71,0,8355,1,8427,6984655,0,-7117670,133015,0,7241595,0,22992670,136650,30370915,256940,0,30110340,3635,30370915
2023-05-10,3579,3579,3544,3579,12853,0.0,-5071,98,5354,-381,0,4869,100,7338,332,12639,9940,2,1984,713,12639,-18447200,356225,19474615,-1383640,0,17696795,363500,26683805,1206410,45950510,36143995,7275,7209190,2590050,45950510
2023-05-11,3597,3627,3578,3593,15482,0.39117071807767534,-9118,-353,9606,-135,0,3784,0,11013,427,15224,12902,353,1407,562,15224,-33195295,-1290215,34982075,-496565,0,13791245,0,40114960,1556650,55462855,46986540,1290215,5132885,2053215,55462855
2023-05-12,3593,3593,3564,3584,3997,-0.2504870581686613,-193,8,772,-587,0,1072,8,2851,0,3931,1265,0,2079,587,3931,-703570,29120,2815460,-2141010,0,3904915,29120,10379905,0,14313940,4608485,0,7564445,2141010,14313940
2023-05-15,3588,3598,3578,3598,23570,0.390625,9522,-1,-8539,-982,0,13371,0,9805,0,23176,3849,1,18344,982,23176,34769975,-3650,-31189645,-3576680,0,48797570,0,35765020,0,84562590,14027595,3650,66954665,3576680,84562590
2023-05-16,3637,3637,3588,3598,20505,0.0,-13787,82,14951,-1246,0,2249,83,17584,247,20163,16036,1,2633,1493,20163,-50340125,299565,54602765,-4562205,0,8236520,303230,64249990,903960,73693700,58576645,3665,9647225,5466165,73693700
2023-05-17,3598,3612,3583,3603,25275,0.13896609227348528,2717,1611,-4061,-267,0,14331,1611,8900,11,24853,11614,0,12961,278,24853,9918270,5895860,-14838430,-975700,0,52385090,5895860,32507055,40150,90828155,42466820,0,47345485,1015850,90828155
2023-05-18,3603,3617,3598,3608,8303,0.13877324451845685,-535,191,562,-218,0,3742,192,4231,0,8165,4277,1,3669,218,8165,-1961950,700850,2061080,-799980,0,13743520,704525,15528125,0,29976170,15705470,3675,13467045,799980,29976170
2023-05-19,3628,3628,3593,3628,27621,0.5543237250554324,6665,343,-6455,-553,0,22564,345,4251,0,27160,15899,2,10706,553,27160,24542010,1258960,-23765805,-2035165,0,82931045,1266305,15600330,0,99797680,58389035,7345,39366135,2035165,99797680
2023-05-22,3627,3637,3613,3623,22620,-0.13781697905181917,-10836,-1,10797,40,0,2260,0,19940,42,22242,13096,1,9143,2,22242,-39982450,-3685,39838535,147600,0,8341790,0,73553315,154980,82050085,48324240,3685,33714780,7380,82050085
2023-05-23,3622,3632,3588,3608,41829,-0.4140215291195142,-8013,156,7766,91,0,14023,156,26839,112,41130,22036,0,19073,21,41130,-29296235,571060,28390120,335055,0,51346355,571060,98232635,411860,150561910,80642590,0,69842515,76805,150561910
2023-05-24,3608,3622,3593,3613,15899,0.1385809312638581,-8935,59,9029,-153,0,1502,59,14073,0,15634,10437,0,5044,153,15634,-32733715,216160,33078165,-560610,0,5493675,216160,51593910,0,57303745,38227390,0,18515745,560610,57303745
2023-05-25,3613,3627,3603,3623,21665,0.2767783005812344,-8678,-1,8719,-40,0,4959,0,16254,90,21303,13637,1,7535,130,21303,-31882210,-3670,32033020,-147140,0,18212325,0,59759355,330325,78302005,50094535,3670,27726335,477465,78302005
2023-05-26,3623,3657,3574,3579,115332,-1.2144631520839084,-22653,260,22663,-270,0,45091,260,66995,1058,113404,67744,0,44332,1328,113404,-82895685,957470,82964475,-1026260,0,164256510,957470,246280340,3885920,415380240,247152195,0,163315865,4912180,415380240
2023-05-30,3529,3529,3475,3500,57345,-2.207320480581168,4250,-17816,18767,-5201,0,16808,180,39115,284,56387,12558,17996,20348,5485,56387,15080835,-63247700,66614530,-18447665,0,59689495,638100,138930425,1010325,200268345,44608660,63885800,72315895,19457990,200268345
2023-05-31,3505,3524,3495,3515,49914,0.4285714285714286,-440,3,2747,-2310,0,31211,3,17845,21,49080,31651,0,15098,2331,49080,-1507675,10725,9745080,-8248130,0,111466285,10725,63732035,74900,175283945,112973960,0,53986955,8323030,175283945
2023-06-01,3529,3529,3475,3490,36245,-0.7112375533428165,8645,274,-6085,-2834,0,13307,275,22057,0,35639,4662,1,28142,2834,35639,30713290,973540,-21583485,-10103345,0,47310045,977100,78384580,0,126671725,16596755,3560,99968065,10103345,126671725
2023-06-02,3490,3519,3475,3500,27892,0.28653295128939826,425,0,1019,-1444,0,18620,0,8806,0,27426,18195,0,7787,1444,27426,1568155,0,3557420,-5125575,0,66171625,0,31297195,0,97468820,64603470,0,27739775,5125575,97468820
2023-06-05,3505,3515,3500,3515,18081,0.4285714285714286,2091,0,-2039,-52,0,11011,2,6766,0,17779,8920,2,8805,52,17779,7492600,10,-7306965,-185645,0,39313320,7145,24131040,0,63451505,31820720,7135,31438005,185645,63451505
2023-06-07,3524,3524,3505,3520,31218,0.1422475106685633,-5359,43,4397,919,0,9079,45,20653,919,30696,14438,2,16256,0,30696,-19140160,153630,15701770,3284760,0,32465140,160775,73816640,3284760,109727315,51605300,7145,58114870,0,109727315
2023-06-08,3520,3520,3475,3520,11067,0.0,1222,25,-1556,309,0,8691,26,1856,309,10882,7469,1,3412,0,10882,4373845,89380,-5567900,1104675,0,31075480,92955,6630310,1104675,38903420,26701635,3575,12198210,0,38903420
2023-06-09,3519,3519,3475,3510,29763,-0.2840909090909091,-2103,-3,1765,341,0,8242,0,20680,344,29266,10345,3,18915,3,29266,-7366940,-10665,6167080,1210525,0,29319870,0,73429280,1221200,103970350,36686810,10665,67262200,10675,103970350
2023-06-12,3509,3509,3480,3500,42527,-0.2849002849002849,-555,4,551,0,0,16731,4,25081,0,41816,17286,0,24530,0,41816,-1990380,14265,1976115,0,0,59497265,14265,89231015,0,148742545,61487645,0,87254900,0,148742545
2023-06-13,3499,3499,3475,3490,19800,-0.2857142857142857,2757,70,-2827,0,0,7149,71,12249,0,19469,4392,1,15076,0,19469,9750950,248250,-9999200,0,0,25353140,251805,43406445,0,69011390,15602190,3555,53405645,0,69011390
2023-06-14,3489,3494,3460,3470,27686,-0.5730659025787965,-3381,-2277,6398,-740,0,11656,0,15568,0,27224,15037,2277,9170,740,27224,-11970405,-8037810,22619925,-2611710,0,41156165,0,54988215,0,96144380,53126570,8037810,32368290,2611710,96144380
2023-06-15,3475,3475,3446,3456,19045,-0.4034582132564841,2689,2,-2823,132,0,4509,2,11781,2435,18727,1820,0,14604,2303,18727,9468370,7030,-9932385,456985,0,15860670,7030,41379565,8546850,65794115,6392300,0,51311950,8089865,65794115
2023-06-16,3455,3455,3421,3441,15619,-0.4340277777777778,4345,-1,-3868,-476,0,5108,1,10246,3,15358,763,2,14114,479,15358,15202925,-3500,-13530295,-1669130,0,17870985,3500,35832855,10500,53717840,2668060,7000,49363150,1679630,53717840
2023-06-19,3450,3450,3421,3446,29227,0.14530659691950015,-12897,0,13952,-1055,0,5889,1,22736,113,28739,18786,1,8784,1168,28739,-45095715,10,48783470,-3687765,0,20602185,3505,79510605,395915,100512210,65697900,3495,30727135,4083680,100512210
2023-06-20,3450,3450,3441,3441,3638,-0.14509576320371445,-309,0,1024,-715,0,295,0,3263,20,3578,604,0,2239,735,3578,-1082930,0,3586820,-2503890,0,1033570,0,11427720,70000,12531290,2116500,0,7840900,2573890,12531290
2023-06-21,3440,3450,3421,3431,12247,-0.2906131938390003,-1834,1,5558,-3725,0,532,1,11510,0,12043,2366,0,5952,3725,12043,-6402345,3500,19406515,-13007670,0,1856845,3500,40206425,0,42066770,8259190,0,20799910,13007670,42066770
2023-06-22,3435,3440,3401,3431,26065,0.0,-8196,101,10207,-2112,0,9296,102,16224,8,25630,17492,1,6017,2120,25630,-28478015,351375,35490415,-7363775,0,32384880,354860,56417455,27720,89184915,60862895,3485,20927040,7391495,89184915
2023-06-23,3391,3431,3372,3387,30007,-1.2824249489944624,-9614,4810,7389,-2585,0,7156,4810,17426,114,29506,16770,0,10037,2699,29506,-33176945,16587245,25497615,-8907915,0,24641410,16587245,60063245,393680,101685580,57818355,0,34565630,9301595,101685580
2023-06-26,3401,3401,3342,3377,26240,-0.29524653085326247,-15849,0,17602,-1753,0,5039,0,20753,10,25802,20888,0,3151,1763,25802,-53995520,0,60004915,-6009395,0,17252055,0,70795200,34000,88081255,71247575,0,10790285,6043395,88081255
2023-06-27,3376,3376,3312,3362,28803,-0.44418122594018355,-2706,63,1258,1385,0,7874,63,17221,3164,28322,10580,0,15963,1779,28322,-9044220,213660,4192100,4638460,0,26805805,213660,58474555,10716040,96210060,35850025,0,54282455,6077580,96210060
2023-06-28,3435,3435,3273,3303,40295,-1.754907792980369,-25137,74,27462,-2399,0,5071,77,34439,35,39622,30208,3,6977,2434,39622,-84861375,249340,92770185,-8158150,0,17127275,259490,116470520,118290,133975575,101988650,10150,23700335,8276440,133975575
2023-06-29,3318,3318,3254,3269,42643,-1.0293672419013018,-15289,73,15912,-696,0,15328,75,26477,50,41930,30617,2,10565,746,41930,-50833385,242095,52923495,-2332205,0,51068505,248750,88186960,165940,139670155,101901890,6655,35263465,2498145,139670155
2023-06-30,3268,3268,3219,3264,49529,-0.15295197308045275,-13772,2135,6166,5471,0,13243,2135,26808,6515,48701,27015,0,20642,1044,48701,-45608580,7041245,20553085,18014250,0,43501925,7041245,88452790,21472765,160468725,89110505,0,67899705,3458515,160468725
2023-07-03,3263,3293,3194,3293,48365,0.8884803921568627,-25453,3883,19700,1870,0,5280,3883,36017,2377,47557,30733,0,16317,507,47557,-83167260,12807115,64247240,6112905,0,17318615,12807115,117981405,7791530,155898665,100485875,0,53734165,1678625,155898665
2023-07-04,3293,3293,3185,3220,67566,-2.2168235651381716,-46650,10098,36903,-351,0,9610,10098,44661,2068,66437,56260,0,7758,2419,66437,-152215000,33174275,120164815,-1124090,0,31436360,33174275,145734015,6789265,217133915,183651360,0,25569200,7913355,217133915
2023-07-05,3229,3229,3200,3200,19752,-0.6211180124223602,-1458,93,2940,-1575,0,1601,94,17727,0,19422,3059,1,14787,1575,19422,-4768190,303750,9619460,-5155020,0,5235495,307020,57950670,0,63493185,10003685,3270,48331210,5155020,63493185
2023-07-06,3204,3204,3140,3185,31616,-0.46875,-1441,11,2921,-1491,0,7296,11,23290,491,31088,8737,0,20369,1982,31088,-4490425,35600,9300420,-4845595,0,23532410,35600,75009635,1580525,100158170,28022835,0,65709215,6426120,100158170
2023-07-07,3185,3185,3047,3097,108326,-2.7629513343799057,-44450,123,37743,6584,0,15788,126,81966,8635,106515,60238,3,44223,2051,106515,-139421645,386695,118323880,20711070,0,49784480,396165,256842715,27177905,334201265,189206125,9470,138518835,6466835,334201265
2023-07-10,3102,3131,3072,3107,35308,0.32289312237649337,-5282,2168,-1939,5053,0,9419,2168,17577,5554,34718,14701,0,19516,501,34718,-16560290,6882500,-6239740,15917530,0,29744250,6882500,55327000,17504485,109458235,46304540,0,61566740,1586955,109458235
2023-07-11,3106,3116,3086,3116,45738,0.28966849050531057,-20547,-6608,29315,-2160,0,8065,1,35953,955,44974,28612,6609,6638,3115,44974,-64817725,-20837885,92463275,-6807665,0,25478875,3150,113422580,3012185,141916790,90296600,20841035,20959305,9819850,141916790
2023-07-12,3116,3120,3101,3116,22208,0.0,2900,-7739,5022,-183,0,7468,0,13954,415,21837,4568,7739,8932,598,21837,9191830,-24501050,15881815,-572595,0,23631110,0,44171395,1314455,69116960,14439280,24501050,28289580,1887050,69116960
2023-07-13,3126,3185,3096,3146,104190,0.9627727856225932,-62317,-4794,61609,5502,0,14677,321,79238,8212,102448,76994,5115,17629,2710,102448,-197295520,-15399605,195179925,17515200,0,46544385,1019745,251520845,26101950,325186925,243839905,16419350,56340920,8586750,325186925
2023-07-14,3175,3175,3106,3136,65450,-0.3178639542275906,-34646,802,34464,-620,0,17020,1100,43917,2319,64356,51666,298,9453,2939,64356,-110201200,2548945,109636190,-1983935,0,54229240,3506990,139825210,7388450,204949890,164430440,958045,30189020,9372385,204949890
2023-07-17,3145,3145,3047,3072,83681,-2.0408163265306123,-16768,1660,12551,2557,0,10947,1661,63545,6129,82282,27715,1,50994,3572,82282,-52655185,5158055,39533555,7963575,0,34640030,5161230,200394135,19284190,259479585,87295215,3175,160860580,11320615,259479585
2023-07-18,3086,3091,3007,3062,112938,-0.32552083333333337,-91331,24,90187,1120,0,10815,26,94093,6116,111050,102146,2,3906,4996,111050,-282483770,73605,278981740,3428425,0,33410865,79855,291149405,18934785,343574910,315894635,6250,12167665,15506360,343574910
2023-07-19,3072,3077,3037,3077,60059,0.48987589810581317,-22927,2,17996,4929,0,23190,3,26670,9192,59055,46117,1,8674,4263,59055,-71105220,6220,55762780,15336220,0,72139385,9310,82712440,28585120,183446255,143244605,3090,26949660,13248900,183446255
2023-07-20,3042,3106,3042,3062,55805,-0.4874878128046799,-28827,-1001,23016,6812,0,3976,0,41137,9759,54872,32803,1001,18121,2947,54872,-89861535,-3153130,71747370,21267295,0,12443195,0,128546120,30475455,171464770,102304730,3153130,56798750,9208160,171464770
2023-07-21,3082,3082,2998,3028,144321,-1.1103853690398433,-95667,15754,86729,-6816,0,22171,15754,101382,2601,141908,117838,0,14653,9417,141908,-293164555,48249770,265866165,-20951380,0,67979400,48249770,311027845,7999300,435256315,361143955,0,45161680,28950680,435256315
2023-07-24,3018,3037,2964,2979,139071,-1.6182298546895642,-96265,1036,65345,29884,0,24767,1036,76701,34242,136746,121032,0,11356,4358,136746,-292878625,3148555,198983410,90746660,0,75780210,3148555,233783870,104128645,416841280,368658835,0,34800460,13381985,416841280
2023-07-25,2998,2998,2958,2998,129222,0.6377979187646862,-78936,55,51228,27653,0,23120,85,74228,29629,127062,102056,30,23000,1976,127062,-238438765,166185,154768540,83504040,0,69851060,257000,224319470,89496775,383924305,308289825,90815,69550930,5992735,383924305
2023-07-26,2998,2998,2954,2974,63706,-0.8005336891260841,3306,28,5810,-9144,0,12997,30,48702,912,62641,9691,2,42892,10056,62641,9960270,84490,17635195,-27679955,0,39286775,90520,147306700,2761550,189445545,29326505,6030,129671505,30441505,189445545
2023-07-27,2988,3017,2978,3008,46911,1.1432414256893073,-9923,-1,-1045,10969,0,10998,1,19325,15803,46127,20921,2,20370,4834,46127,-30184125,-3060,-3335475,33522660,0,33581430,3060,58906800,48249745,140741035,63765555,6120,62242275,14727085,140741035
2023-07-28,3013,3048,2993,3048,41401,1.3297872340425532,2747,-2,-10538,7793,0,6073,1,26004,8631,40709,3326,3,36542,838,40709,8404565,-6115,-32345505,23947055,0,18640435,3090,79819450,26536330,124999305,10235870,9205,112164955,2589275,124999305
2023-07-31,3043,3116,3043,3112,39751,2.099737532808399,-832,100,-8184,8916,0,4403,101,25630,8953,39087,5235,1,33814,37,39087,-2576230,313020,-25724345,27987555,0,13804525,316160,80283270,28103660,122507615,16380755,3140,106007615,116105,122507615
2023-08-01,3111,3126,3067,3107,42850,-0.16066838046272494,-19649,0,15487,4162,0,5595,2,28319,8218,42134,25244,2,12832,4056,42134,-61648370,-50,48568930,13079490,0,17640035,6285,89178810,25839250,132664380,79288405,6335,40609880,12759760,132664380
2023-08-02,3106,3121,3067,3097,17932,-0.32185387833923396,-1120,1,7040,-5921,0,4035,2,13455,141,17633,5155,1,6415,6062,17633,-3502675,3130,22104345,-18604800,0,12655035,6260,42257745,441740,55360780,16157710,3130,20153400,19046540,55360780
2023-08-03,3096,3096,3008,3023,53087,-2.389409105586051,-20388,34,21466,-1112,0,15379,35,33752,3034,52200,35767,1,12286,4146,52200,-62660390,104475,66128680,-3572765,0,47495690,107560,104183640,9308895,161095785,110156080,3085,38054960,12881660,161095785
2023-08-04,3047,3047,2998,3023,25898,0.0,-7768,-7079,14618,229,0,3172,1,19813,2479,25465,10940,7080,5195,2250,25465,-23796525,-21803440,44918495,681470,0,9744215,3075,60873785,7599195,78220270,33540740,21806515,15955290,6917725,78220270
2023-08-07,3022,3022,2993,3013,23022,-0.33079722130334105,-2112,0,1318,794,0,5608,2,13425,3603,22638,7720,2,12107,2809,22638,-6445570,5,4025915,2419650,0,17146365,6120,41055710,11010690,69218885,23591935,6115,37029795,8591040,69218885
2023-08-08,3028,3028,2939,2979,77263,-1.1284434118818454,-52927,-6688,60889,-1274,0,7648,521,65740,2062,75971,60575,7209,4851,3336,75971,-159828615,-20325255,184043225,-3889355,0,23225165,1557825,198769225,6257210,229809425,183053780,21883080,14726000,10146565,229809425
2023-08-09,2974,2989,2954,2989,20625,0.3356831151393085,2391,0,1487,-3878,0,2391,1,17818,71,20281,0,1,16331,3949,20281,7214695,10,4513550,-11728255,0,7214695,3040,53815405,214070,61247210,0,3030,49301855,11942325,61247210
2023-08-10,2988,3002,2973,2998,12090,0.3011040481766477,6936,58,-5830,-1164,0,7066,59,4362,401,11888,130,1,10192,1565,11888,21125975,176320,-17762145,-3540150,0,21519875,179355,13249565,1216925,36165720,393900,3035,31011710,4757075,36165720
2023-08-11,3003,3017,2998,3008,10917,0.333555703802535,3071,0,-3646,575,0,3081,1,6541,1112,10735,10,1,10187,537,10735,9408865,5,-11162420,1753550,0,9439390,3065,20011140,3397555,32851150,30525,3060,31173560,1644005,32851150
2023-08-14,3013,3018,2954,2989,23170,-0.6316489361702127,2286,0,295,-2581,0,3911,1,17057,1814,22783,1625,1,16762,4395,22783,6881425,-20,1060545,-7941950,0,11800180,3015,51786360,5482515,69072070,4918755,3035,50725815,13424465,69072070
2023-08-16,2989,3013,2964,2994,34847,0.16728002676480427,-11097,1,11803,-707,0,3198,1,28872,2194,34265,14295,0,17069,2901,34265,-33711765,3055,35847560,-2138850,0,9730485,3055,87875670,6672235,104281445,43442250,0,52028110,8811085,104281445
2023-08-17,2993,3018,2988,3018,41921,0.8016032064128256,-9756,19,5315,4422,0,1116,21,35503,4580,41220,10872,2,30188,158,41220,-29805200,57745,16235015,13512440,0,3407110,63855,108334380,13994825,125800170,33212310,6110,92099365,482385,125800170
2023-08-18,3017,3017,2958,3003,25712,-0.4970178926441352,-6374,0,7268,-894,0,2261,1,21051,1970,25283,8635,1,13783,2864,25283,-19294470,25,22031025,-2736580,0,6855710,3040,63822070,5963795,76644615,26150180,3015,41791045,8700375,76644615
2023-08-21,2974,2993,2806,2974,18316,-0.9657009657009658,809,26,3421,-4256,0,809,27,16744,430,18010,0,1,13323,4686,18010,2445180,78660,10364040,-12887880,0,2445180,81695,50396720,1296000,54219595,0,3035,40032680,14183880,54219595
2023-08-22,2974,2978,2939,2974,12984,0.0,-2282,-1,3885,-1602,0,1790,1,10862,114,12767,4072,2,6977,1716,12767,-6897375,-3005,11745105,-4844725,0,5410990,3025,32735430,341000,38490445,12308365,6030,20990325,5185725,38490445
2023-08-23,2949,2973,2939,2969,37169,-0.16812373907195696,-17688,999,26413,-9724,0,1512,1002,33974,60,36548,19200,3,7561,9784,36548,-53062970,3002010,79211855,-29150895,0,4535595,3011000,101889355,180300,109616250,57598565,8990,22677500,29331195,109616250
2023-08-24,2968,2983,2949,2959,12297,-0.3368137420006736,861,3,2059,-2923,0,3726,4,8360,2,12092,2865,1,6301,2925,12092,2601465,9075,6229325,-8839865,0,11255475,12100,25234840,6050,36508465,8654010,3025,19005515,8845915,36508465
2023-08-25,2998,2998,2949,2994,9072,1.1828320378506252,-1306,0,2721,-1415,0,1672,1,7204,44,8921,2978,1,4483,1459,8921,-3935895,0,8209860,-4273965,0,5053390,3010,21706530,132440,26895370,8989285,3010,13496670,4406405,26895370
2023-08-28,2998,3028,2973,3028,29811,1.1356045424181698,2191,479,-4686,2016,0,3090,481,23137,2605,29313,899,2,27823,589,29313,6685910,1463355,-14306510,6157245,0,9431520,1469445,70647620,7959540,89508125,2745610,6090,84954130,1802295,89508125
2023-08-29,3032,3037,3003,3028,47707,0.0,-11911,2,14304,-2395,0,10501,3,36215,191,46910,22412,1,21911,2586,46910,-36597305,6150,43958555,-7367400,0,32294040,9225,111492775,585710,144381750,68891345,3075,67534220,7953110,144381750
2023-08-30,3028,3057,3023,3038,31137,0.33025099075297226,-18616,0,18646,-30,0,2410,2,28098,107,30617,21026,2,9452,137,30617,-57413195,10,57505130,-91945,0,7431085,6170,86718840,330545,94486640,64844280,6160,29213710,422490,94486640
2023-08-31,3057,3071,3037,3067,23170,0.9545753785385123,1293,-1,1610,-2902,0,2554,2,19296,931,22783,1261,3,17686,3833,22783,4005565,-3095,5042680,-9045150,0,7934450,6200,59938920,2889085,70768655,3928885,9295,54896240,11934235,70768655
2023-09-01,3076,3081,3042,3067,44744,0.0,-21401,-1,29527,-8125,0,5619,1,37514,862,43996,27020,2,7987,8987,43996,-66418215,-3095,91663250,-25241940,0,17465405,3100,116542935,2675270,136686710,83883620,6195,24879685,27917210,136686710
2023-09-04,3066,3081,3042,3057,18303,-0.3260515161395501,1255,39,490,-1784,0,4356,40,13277,324,17997,3101,1,12787,2108,17997,3901895,121300,1516555,-5539750,0,13525315,124400,41300650,1005585,55955950,9623420,3100,39784095,6545335,55955950
2023-09-05,3057,3062,2993,3038,25425,-0.6215243702976775,-7009,-7,11795,-4779,0,1874,0,22812,314,25000,8883,7,11017,5093,25000,-21686405,-21620,36440045,-14732020,0,5748820,0,70356145,970530,77075495,27435225,21620,33916100,15702550,77075495
2023-09-06,3052,3052,2988,3013,103383,-0.8229098090849244,-54955,20,61153,-6218,0,6420,30,93839,1366,101655,61375,10,32686,7584,101655,-168572025,60920,187620305,-19109200,0,19743000,91665,287777410,4191155,311803230,188315025,30745,100157105,23300355,311803230
2023-09-07,3028,3032,3013,3028,16096,0.49784268171257884,647,14,37,-698,0,6131,18,7680,1998,15827,5484,4,7643,2696,15827,2010660,42985,91305,-2144950,0,18847420,55260,23591085,6148300,48642065,16836760,12275,23499780,8293250,48642065
2023-09-08,3028,3037,3018,3033,33662,0.16512549537648613,994,30,-4839,3815,0,7716,40,21462,3882,33100,6722,10,26301,67,33100,3135245,92095,-14980375,11753035,0,23805030,122900,66061860,11959425,101949215,20669785,30805,81042235,206390,101949215
2023-09-11,3052,3087,3037,3087,41777,1.7804154302670623,-2062,-1,-839,2902,0,4310,0,32763,4006,41079,6372,1,33602,1104,41079,-6466415,-3130,-2599000,9068545,0,13417865,0,102006245,12493110,127917220,19884280,3130,104605245,3424565,127917220
2023-09-12,3092,3136,3077,3112,53796,0.8098477486232589,-30684,-1,26656,4029,0,3605,0,44914,4378,52897,34289,1,18258,349,52897,-96734870,-3160,83992285,12745745,0,11400990,0,141841365,13842620,167084975,108135860,3160,57849080,1096875,167084975
2023-09-13,3116,3126,3072,3102,40762,-0.3213367609254499,-5822,16,6539,-733,0,16499,16,22878,688,40081,22321,0,16339,1421,40081,-18257855,50400,20536865,-2329410,0,52017690,50400,72153405,2165580,126387075,70275545,0,51616540,4494990,126387075
2023-09-14,3112,3112,3102,3112,8088,0.3223726627981947,-4350,16,4400,-66,0,733,16,7204,0,7953,5083,0,2804,66,7953,-13728595,50560,13886645,-208610,0,2314625,50560,22745855,0,25111040,16043220,0,8859210,208610,25111040
2023-09-15,3116,3121,3101,3121,30098,0.28920308483290486,4179,1,-5746,1566,0,14977,1,12984,1633,29595,10798,0,18730,67,29595,13236085,3170,-18195610,4956355,0,47423575,3170,41111060,5168640,93706445,34187490,0,59306670,212285,93706445
2023-09-18,3126,3170,3121,3161,32633,1.281640499839795,-4933,0,3006,1927,0,4235,0,25526,2327,32088,9168,0,22520,400,32088,-15853410,0,9659000,6194410,0,13531405,0,81849705,7480410,102861520,29384815,0,72190705,1286000,102861520
2023-09-19,3170,3170,3146,3166,15433,0.15817779183802594,868,-1,-197,-670,0,4187,0,10949,39,15175,3319,1,11146,709,15175,2786100,-3210,-632280,-2150610,0,13465780,0,35166455,125340,48757575,10679680,3210,35798735,2275950,48757575
2023-09-20,3141,3165,3136,3156,13890,-0.3158559696778269,-1162,1,1696,-535,0,298,1,13309,50,13658,1460,0,11613,585,13658,-3720420,3210,5429525,-1712315,0,953190,3210,42605790,159500,43721690,4673610,0,37176265,1871815,43721690
2023-09-21,3151,3151,3067,3097,69177,-1.8694550063371358,-15747,0,16322,-575,0,4351,1,62535,1134,68021,20098,1,46213,1709,68021,-49586640,25,51419605,-1832990,0,13725720,3165,196731680,3563885,214024450,63312360,3140,145312075,5396875,214024450
2023-09-22,3097,3121,3067,3112,21864,0.4843396835647401,1115,0,-628,-487,0,2076,0,18893,530,21499,961,0,19521,1017,21499,3523105,0,-2004440,-1518665,0,6564675,0,59524980,1677045,67766700,3041570,0,61529420,3195710,67766700
2023-09-25,3116,3121,3082,3102,18951,-0.3213367609254499,-71,-1,-1555,1627,0,122,0,16798,1715,18635,193,1,18353,88,18635,-222625,-3160,-4892595,5118380,0,384360,0,52869220,5396180,58649760,606985,3160,57761815,277800,58649760
2023-09-26,3101,3101,3067,3077,26896,-0.8059316569954869,-592,1,2683,-2092,0,2629,1,23522,295,26447,3221,0,20839,2387,26447,-1830115,3125,8374230,-6547240,0,8236735,3125,73608655,923600,82772115,10066850,0,65234425,7470840,82772115
2023-09-27,3072,3077,3057,3077,5289,0.0,962,-1,180,-1141,0,962,0,4224,15,5201,0,1,4044,1156,5201,3002850,-3125,560755,-3560480,0,3002850,0,13187060,46650,16236560,0,3125,12626305,3607130,16236560
2023-10-04,3087,3087,2998,3043,29985,-1.1049723756906076,-2493,2,5783,-3292,0,3759,2,24497,1226,29484,6252,0,18714,4518,29484,-7627100,6130,17755100,-10134130,0,11548575,6130,75331005,3768780,90654490,19175675,0,57575905,13902910,90654490
2023-10-05,3067,3067,3038,3048,9532,0.1643115346697338,2290,3,-617,-1676,0,3291,3,6079,0,9373,1001,0,6696,1676,9373,7124440,9325,-1935895,-5197870,0,10230805,9325,18767305,0,29007435,3106365,0,20703200,5197870,29007435
2023-10-06,3042,3204,3008,3126,18995,2.559055118110236,1093,14,-383,-724,0,5674,16,12933,55,18678,4581,2,13316,779,18678,3440625,44200,-1240235,-2244590,0,17655805,50400,40429615,170650,58306470,14215180,6200,41669850,2415240,58306470
2023-10-10,3140,3140,3032,3067,40341,-1.8873960332693538,-15328,-2,19574,-4244,0,6733,0,32894,40,39667,22061,2,13320,4284,39667,-47785205,-6270,61032110,-13240635,0,20981520,0,102631345,125000,123737865,68766725,6270,41599235,13365635,123737865
2023-10-11,3072,3096,3047,3087,9179,0.6521030322791002,-2097,1,2707,-611,0,152,1,8855,18,9026,2249,0,6148,629,9026,-6551150,3140,8457015,-1909005,0,476970,3140,27663080,55800,28198990,7028120,0,19206065,1964805,28198990
2023-10-12,3101,3101,3047,3077,27183,-0.32393909944930355,-15617,39,15700,-122,0,5570,40,21119,0,26729,21187,1,5419,122,26729,-48609385,121195,48871770,-383580,0,17322690,124300,65786040,0,83233030,65932075,3105,16914270,383580,83233030
2023-10-13,3072,3086,3042,3077,34942,0.0,-11465,81,9616,1768,0,11835,81,19499,2943,34358,23300,0,9883,1175,34358,-35661235,252415,29931565,5477255,0,36869195,252415,60719425,9147140,106988175,72530430,0,30787860,3669885,106988175
2023-10-16,3076,3076,3047,3072,13002,-0.16249593760155995,2086,17,-2405,302,0,2189,17,9755,824,12785,103,0,12160,522,12785,6500775,53120,-7493785,939890,0,6821135,53120,30422430,2565375,39862060,320360,0,37916215,1625485,39862060
2023-10-17,3101,3101,3042,3072,43629,0.0,-24713,0,27342,-2629,0,8972,0,33506,422,42900,33685,0,6164,3051,42900,-76535425,0,84724460,-8189035,0,28057945,0,104072790,1309815,133440550,104593370,0,19348330,9498850,133440550
2023-10-18,3043,3072,3023,3053,38555,-0.6184895833333333,7357,0,-6964,-393,0,8856,1,28611,443,37911,1499,1,35575,836,37911,22722070,15,-21495245,-1226840,0,27369075,3105,88450060,1368850,117191090,4647005,3090,109945305,2595690,117191090
2023-10-19,3057,3057,3028,3048,10546,-0.16377333770062236,-1782,13,1955,-186,0,167,14,10089,100,10370,1949,1,8134,286,10370,-5508125,40330,6044695,-576900,0,518265,43430,31225095,309500,32096290,6026390,3100,25180400,886400,32096290
2023-10-20,3047,3047,3008,3013,33005,-1.1482939632545932,-10837,200,13985,-3348,0,9363,202,22776,113,32454,20200,2,8791,3461,32454,-33243070,615030,42951515,-10323475,0,28801570,621165,69979270,349025,99751030,62044640,6135,27027755,10672500,99751030
2023-10-23,3013,3013,2959,2964,39856,-1.6262860935944243,-17015,-2,18329,-1312,0,1854,0,35403,1933,39190,18869,2,17074,3245,39190,-51445185,-6045,55396995,-3945765,0,5597620,0,106995005,5863590,118456215,57042805,6045,51598010,9809355,118456215
2023-10-24,2978,2978,2939,2969,14779,0.16869095816464239,1473,0,-673,-800,0,1474,0,13042,16,14532,1,0,13715,816,14532,4430390,0,-2017325,-2413065,0,4433405,0,39273985,48015,43755405,3015,0,41291310,2461080,43755405
2023-10-25,2969,3003,2959,2994,26249,0.8420343550016841,-19740,11,18634,1095,0,1613,16,22839,1343,25811,21353,5,4205,248,25811,-59565075,33260,56231480,3300335,0,4865525,48400,68927930,4055465,77897320,64430600,15140,12696450,755130,77897320
2023-10-26,2993,2993,2949,2969,38178,-0.8350033400133602,2551,0,-3406,855,0,5622,0,30077,1841,37540,3071,0,33483,986,37540,7651665,0,-10224000,2572335,0,16929565,0,90444470,5550420,112924455,9277900,0,100668470,2978085,112924455
2023-10-27,2973,2973,2944,2949,31630,-0.6736274840013472,-16062,16,19208,-3162,0,4180,17,26854,51,31102,20242,1,7646,3213,31102,-48166355,48310,57618010,-9499965,0,12546470,51315,80582765,152850,93333400,60712825,3005,22964755,9652815,93333400
2023-10-30,2959,2959,2944,2959,8771,0.339097999321804,-2135,0,3089,-954,0,437,0,8188,0,8625,2572,0,5099,954,8625,-6426355,0,9289385,-2863030,0,1311505,0,24596820,0,25908325,7737860,0,15307435,2863030,25908325
2023-10-31,2958,2973,2949,2949,15996,-0.33795201081446435,-3569,-1,4612,-1042,0,1848,0,13842,39,15729,5417,1,9230,1081,15729,-10774515,-3015,13919775,-3142245,0,5560695,0,41684360,117750,47362805,16335210,3015,27764585,3259995,47362805
2023-11-01,2959,2998,2959,2984,8454,1.186842997626314,983,0,-832,-151,0,3055,0,4971,287,8313,2072,0,5803,438,8313,3000595,0,-2536860,-463735,0,9301975,0,15131195,870265,25303435,6301380,0,17668055,1334000,25303435
2023-11-02,2993,3003,2993,3003,7067,0.6367292225201072,1189,16,-1198,-7,0,1242,16,5691,0,6949,53,0,6889,7,6949,3622145,48800,-3649600,-21345,0,3784045,48800,17353785,0,21186630,161900,0,21003385,21345,21186630
2023-11-03,3013,3052,3003,3028,16649,0.8325008325008326,-2029,1,1429,599,0,5298,1,10157,915,16371,7327,0,8728,316,16371,-6215750,3065,4372565,1840120,0,16374420,3065,31278940,2818125,50474550,22590170,0,26906375,978005,50474550
2023-11-06,3052,3071,3042,3062,20940,1.1228533685601056,7162,1609,-8535,-236,0,8166,1610,10780,34,20590,1004,1,19315,270,20590,22231985,5022455,-26521375,-733065,0,25357145,5025570,33527040,105765,64015520,3125160,3115,60048415,838830,64015520
2023-11-07,3067,3067,3033,3043,10590,-0.6205094709340301,-2389,0,2893,-504,0,2903,0,7510,0,10413,5292,0,4617,504,10413,-7404235,0,8962680,-1558445,0,9009385,0,23298980,0,32308365,16413620,0,14336300,1558445,32308365
2023-11-08,3042,3071,3042,3067,18501,0.7886953664147224,-1024,0,1450,-426,0,3634,0,14547,11,18192,4658,0,13097,437,18192,-3184535,0,4511950,-1327415,0,11269995,0,45339190,34320,56643505,14454530,0,40827240,1361735,56643505
2023-11-09,3067,3076,3052,3072,18189,0.16302575806977504,1477,0,-1477,0,0,4763,0,13122,0,17885,3286,0,14599,0,17885,4634980,0,-4634980,0,0,14869440,0,40956510,0,55825950,10234460,0,45591490,0,55825950
2023-11-10,3071,3071,3032,3067,5482,-0.16276041666666669,592,0,-508,-84,0,995,0,4396,0,5391,403,0,4904,84,5391,1834855,0,-1572805,-262050,0,3093815,0,13689360,0,16783175,1258960,0,15262165,262050,16783175
2023-11-13,3072,3086,3027,3072,22358,0.16302575806977504,-1064,-1608,3690,-1018,0,2936,2,19047,0,21985,4000,1610,15357,1018,21985,-3341330,-4984910,11504165,-3177925,0,9148670,6220,59299955,0,68454845,12490000,4991130,47795790,3177925,68454845
2023-11-14,3047,3072,3047,3072,14515,0.0,4575,0,-4478,-97,0,4590,0,9677,6,14273,15,0,14155,103,14273,14229330,0,-13928110,-301220,0,14275980,0,30072680,18650,44367310,46650,0,44000790,319870,44367310
2023-11-15,3086,3086,3067,3077,31361,0.16276041666666669,-7789,650,7139,0,0,6368,650,23819,0,30837,14157,0,16680,0,30837,-24407220,2036880,22370340,0,0,19932510,2036880,74658325,0,96627715,44339730,0,52287985,0,96627715
2023-11-16,3096,3096,3077,3087,13615,0.3249918752031199,-5897,0,5897,0,0,233,0,13155,0,13388,6130,0,7258,0,13388,-18520030,0,18520030,0,0,729625,0,41343935,0,42073560,19249655,0,22823905,0,42073560
2023-11-17,3097,3121,3092,3112,41177,0.8098477486232589,544,0,-642,98,0,2478,0,37870,141,40489,1934,0,38512,43,40489,1720780,0,-2030040,309260,0,7830635,0,119640660,444770,127916065,6109855,0,121670700,135510,127916065
2023-11-20,3141,3156,3121,3156,31858,1.4138817480719794,4011,4846,-8905,48,0,6195,5000,20070,61,31326,2184,154,28975,13,31326,12786880,15433740,-28373990,153370,0,19755715,15925000,64023845,194770,99899330,6968835,491260,92397835,41400,99899330
2023-11-21,3013,3077,2919,2969,443313,-5.925221799746515,-36216,-4639,38493,2362,0,66467,2875,355179,11379,435900,102683,7514,316686,9017,435900,-107915135,-14445150,114609625,7750660,0,200999355,8655625,1073423760,34928880,1318007620,308914490,23100775,958814135,27178220,1318007620
2023-11-22,2968,2983,2934,2959,75669,-0.3368137420006736,-16300,91,15667,542,0,18820,91,54796,697,74404,35120,0,39129,155,74404,-48724085,272110,46823695,1628280,0,56543840,272110,164335845,2094400,223246195,105267925,0,117512150,466120,223246195
2023-11-23,2974,2988,2954,2984,40531,0.8448800270361609,404,-2778,-3202,5576,0,3653,0,30617,5584,39854,3249,2778,33819,8,39854,1228995,-8389560,-9659165,16819730,0,11028810,0,92392900,16843970,120265680,9799815,8389560,102052065,24240,120265680
2023-11-24,2954,3027,2954,3023,23846,1.306970509383378,6624,0,-9197,2573,0,7685,0,13188,2575,23448,1061,0,22385,2,23448,20256395,0,-28067110,7810715,0,23499060,0,40074855,7816800,71390715,3242665,0,68141965,6085,71390715
2023-11-27,3023,3023,2988,3023,42821,0.0,2452,-635,-616,-1201,0,9052,0,32773,280,42105,6600,635,33389,1481,42105,7536090,-1939935,-1931950,-3664205,0,27700955,0,100111675,855340,128667970,20164865,1939935,102043625,4519545,128667970
2023-11-28,3017,3017,2983,3008,50416,-0.49619583195501155,8668,25,-8442,-251,0,16169,25,33139,240,49573,7501,0,41581,491,49573,26493255,76375,-25803560,-766070,0,49395635,76375,101279830,734100,151485940,22902380,0,127083390,1500170,151485940
2023-11-29,2905,2934,2905,2910,58991,-3.2579787234042556,-1807,41,7868,-6102,0,6115,41,47976,3873,58005,7922,0,40108,9975,58005,-5338875,121675,23385915,-18168715,0,18158370,121675,142502205,11480045,172262295,23497245,0,119116290,29648760,172262295
2023-11-30,2919,2934,2900,2915,26819,0.1718213058419244,-1409,260,6688,-5539,0,4366,260,21745,0,26371,5775,0,15057,5539,26371,-4171965,770150,19796415,-16394600,0,12939055,770150,64369835,0,78079040,17111020,0,44573420,16394600,78079040
2023-12-01,2905,2919,2905,2915,12932,0.0,-3650,1000,4517,-1867,0,676,1000,11040,0,12716,4326,0,6523,1867,12716,-10806590,2960000,13375110,-5528520,0,2002425,2960000,32711855,0,37674280,12809015,0,19336745,5528520,37674280
2023-12-04,2905,2944,2905,2940,33425,0.8576329331046313,7277,-2201,-4262,-814,0,10396,0,22340,131,32867,3119,2201,26602,945,32867,21704530,-6556480,-12726290,-2421760,0,31016995,0,66619225,389790,98026010,9312465,6556480,79345515,2811550,98026010
2023-12-05,2965,2965,2905,2920,39861,-0.6802721088435374,-12950,51,17420,-4521,0,6869,51,32856,85,39861,19819,0,15436,4606,39861,-37815770,148175,50873905,-13206310,0,20021765,148175,96083420,248730,116502090,57837535,0,45209515,13455040,116502090
2023-12-06,2930,2940,2915,2940,37490,0.684931506849315,2659,1200,-3387,-472,0,13323,1201,22951,15,37490,10664,1,26338,487,37490,7764555,3509505,-9889295,-1384765,0,38970480,3512430,67091495,43935,109618340,31205925,2925,76980790,1428700,109618340
2023-12-07,2960,2990,2920,2970,24076,1.0204081632653061,-5324,-1,-110,5435,0,4124,0,13714,6238,24076,9448,1,13824,803,24076,-15674300,-2960,-448895,16126155,0,12122820,0,40410890,18511970,71045680,27797120,2960,40859785,2385815,71045680
2023-12-08,3020,3020,2940,2970,13415,0.0,-2821,2,4456,-1637,0,1500,2,11885,28,13415,4321,0,7429,1665,13415,-8299750,5920,13137675,-4843845,0,4432940,5920,35097720,82755,39619335,12732690,0,21960045,4926600,39619335
2023-12-11,2970,2975,2950,2975,10550,0.16835016835016833,7,10,1312,-1329,0,3092,11,7433,14,10550,3085,1,6121,1343,10550,26865,29630,3876340,-3932835,0,9163585,32595,21990270,41495,31227945,9136720,2965,18113930,3974330,31227945
2023-12-12,2980,3025,2975,3010,13450,1.1764705882352942,115,-2,763,-876,0,1918,2,11507,23,13450,1803,4,10744,899,13450,332920,-5920,2281415,-2608415,0,5720100,5990,34388835,68875,40183800,5387180,11910,32107420,2677290,40183800
2023-12-13,3040,3040,2975,3015,16005,0.16611295681063123,1435,-3,-519,-913,0,2347,1,11979,1678,16005,912,4,12498,2591,16005,4316145,-9015,-1561600,-2745530,0,7038770,3010,35897735,5017465,47956980,2722625,12025,37459335,7762995,47956980
2023-12-14,3020,3045,3000,3040,31169,0.8291873963515755,7263,3,-6512,-754,0,8414,3,22749,3,31169,1151,0,29261,757,31169,21996990,9095,-19720475,-2285610,0,25489320,9095,68995000,9120,94502535,3492330,0,88715475,2294730,94502535
2023-12-15,3040,3060,3025,3040,19891,0.0,3630,-1,-2240,-1389,0,4154,1,15734,2,19891,524,2,17974,1391,19891,11031010,-3010,-6813685,-4214315,0,12629000,3060,47790420,6060,60428540,1597990,6070,54604105,4220375,60428540
2023-12-18,3040,3040,3000,3005,14683,-1.151315789473684,-343,2,1682,-1341,0,1782,2,12899,0,14683,2125,0,11217,1341,14683,-1031930,6025,5076270,-4050365,0,5383720,6025,38937560,0,44327305,6415650,0,33861290,4050365,44327305
2023-12-19,2955,2995,2955,2975,15167,-0.9983361064891847,375,4,1517,-1896,0,2710,7,12450,0,15167,2335,3,10933,1896,15167,1118865,11935,4513555,-5644355,0,8073610,20860,37066215,0,45160685,6954745,8925,32552660,5644355,45160685
2023-12-20,2990,2990,2960,2970,18940,-0.16806722689075632,1304,-508,-338,-458,0,4336,3,14601,0,18940,3032,511,14939,458,18940,3871720,-1511275,-997710,-1362735,0,12868690,8935,43351555,0,56229180,8996970,1520210,44349265,1362735,56229180
2023-12-21,2970,2980,2955,2965,22951,-0.16835016835016833,-789,-1,1949,-1159,0,9488,1,13462,0,22951,10277,2,11513,1159,22951,-2309585,-2965,5750980,-3438430,0,28159830,2965,39931700,0,68094495,30469415,5930,34180720,3438430,68094495
2023-12-22,2970,2975,2950,2965,15859,0.0,-2666,3,4923,-2260,0,2950,4,12905,0,15859,5616,1,7982,2260,15859,-7901415,8910,14591375,-6698870,0,8754820,11880,38262220,0,47028920,16656235,2970,23670845,6698870,47028920
2023-12-26,2970,2970,2860,2860,82856,-3.541315345699832,2463,-4951,5760,-3272,0,11278,51,71204,323,82856,8815,5002,65444,3595,82856,7201720,-14209160,16487140,-9479700,0,32748865,146625,206127830,939725,239963045,25547145,14355785,189640690,10419425,239963045
2023-12-27,2850,2860,2815,2830,56078,-1.048951048951049,18353,0,-17999,-354,0,27314,0,27322,1442,56078,8961,0,45321,1796,56078,51943275,0,-50931700,-1011575,0,77353650,0,77439545,4084660,158877855,25410375,0,128371245,5096235,158877855
2023-12-28,2870,2870,2825,2840,54555,0.35335689045936397,15815,-1,-11561,-4253,0,21033,0,30152,3370,54555,5218,1,41713,7623,54555,44848525,-2830,-32810015,-12035680,0,59631230,0,85402765,9561655,154595650,14782705,2830,118212780,21597335,154595650
2024-01-02,2840,2870,2835,2870,45779,1.056338028169014,13650,3,-13133,-520,0,14016,5,31757,1,45779,366,2,44890,521,45779,39091525,8605,-37612910,-1487220,0,40133925,14310,90912145,2840,131063220,1042400,5705,128525055,1490060,131063220
2024-01-03,2870,2880,2855,2875,37391,0.17421602787456447,9347,1,-9414,66,0,14097,2,23216,76,37391,4750,1,32630,10,37391,26828445,2880,-27021125,189800,0,40447345,5750,66639620,218500,107311215,13618900,2870,93660745,28700,107311215
2024-01-04,2875,2945,2870,2905,36837,1.0434782608695654,5310,-2,-2242,-3066,0,7160,3,29511,163,36837,1850,5,31753,3229,36837,15426670,-5755,-6485350,-8935565,0,20820015,8735,85623965,477390,106930105,5393345,14490,92109315,9412955,106930105
2024-01-05,2905,2905,2870,2880,38157,-0.8605851979345954,10567,-2,-7831,-2734,0,16960,3,20859,335,38157,6393,5,28690,3069,38157,30432670,-5770,-22536840,-7890060,0,48954240,8660,60236495,969785,110169180,18521570,14430,82773335,8859845,110169180
2024-01-08,2880,2895,2845,2885,34989,0.1736111111111111,18190,6,-17346,-850,0,21859,6,13124,0,34989,3669,0,30470,850,34989,52480450,17310,-50049880,-2447880,0,63024885,17310,37705790,0,100747985,10544435,0,87755670,2447880,100747985
2024-01-09,2885,2905,2880,2890,36410,0.17331022530329288,8110,-396,-6141,-1573,0,14124,5,22281,0,36410,6014,401,28422,1573,36410,23495370,-1144410,-17799665,-4551295,0,40866835,14480,64422955,0,105304270,17371465,1158890,82222620,4551295,105304270
2024-01-10,2890,2895,2840,2865,73550,-0.8650519031141869,13219,-6,-11232,-1981,0,17501,3,54071,1975,73550,4282,9,65303,3956,73550,37797370,-17195,-32077425,-5702750,0,50074065,8630,155077085,5631320,210791100,12276695,25825,187154510,11334070,210791100
2024-01-11,2835,2875,2835,2860,34246,-0.17452006980802792,7595,-7194,-984,583,0,10998,8,22181,1059,34246,3403,7202,23165,476,34246,21732330,-20583190,-2811805,1662665,0,31463475,22950,63463890,3027605,97977920,9731145,20606140,66275695,1364940,97977920
2024-01-12,2860,2870,2840,2860,24698,0.0,-701,-3,-683,1387,0,8971,1,14092,1634,24698,9672,4,14775,247,24698,-1943335,-8560,-2008155,3960050,0,25636085,2860,40207420,4668880,70515245,27579420,11420,42215575,708830,70515245
2024-01-15,2860,2910,2850,2900,36963,1.3986013986013985,5279,1,-5036,-244,0,10241,2,25105,1615,36963,4962,1,30141,1859,36963,15200850,2890,-14494240,-709500,0,29494620,5770,72441545,4664525,106606460,14293770,2880,86935785,5374025,106606460
2024-01-16,2900,2910,2850,2880,38683,-0.6896551724137931,1326,-667,-949,290,0,15569,335,22489,290,38683,14243,1002,23438,0,38683,3859540,-1912720,-2783660,836840,0,44938275,973050,64798310,836840,111546475,41078735,2885770,67581970,0,111546475
2024-01-17,2880,2910,2855,2860,20505,-0.6944444444444444,2041,0,3857,-5898,0,8213,3,12289,0,20505,6172,3,8432,5898,20505,6034425,30,10959505,-16993960,0,23739565,8625,35259055,0,59007245,17705140,8595,24299550,16993960,59007245
2024-01-18,2860,2885,2860,2875,15507,0.5244755244755245,-1516,3,3529,-2016,0,2235,3,13269,0,15507,3751,0,9740,2016,15507,-4363355,8645,10149825,-5795115,0,6417175,8645,38192365,0,44618185,10780530,0,28042540,5795115,44618185
2024-01-19,2875,2885,2870,2885,12009,0.34782608695652173,3592,47,-3591,-48,0,3666,50,8293,0,12009,74,3,11884,48,12009,10344565,135490,-10341795,-138260,0,10557325,144125,23871940,0,34573390,212760,8635,34213735,138260,34573390
2024-01-22,2885,2910,2840,2900,70135,0.5199306759098787,15084,2,-33618,18532,0,25971,5,24547,19612,70135,10887,3,58165,1080,70135,43470060,5775,-96535510,53059675,0,74688835,14425,70560810,56182060,201446130,31218775,8650,167096320,3122385,201446130
2024-01-23,2900,2920,2890,2905,15836,0.1724137931034483,-1656,24,2432,-800,0,3041,36,11922,837,15836,4697,12,9490,1637,15836,-4849845,69975,7105015,-2325145,0,8815085,104750,34671125,2433200,46024160,13664930,34775,27566110,4758345,46024160
2024-01-24,2905,2925,2905,2920,6056,0.5163511187607573,831,0,-851,20,0,2415,1,3572,68,6056,1584,1,4423,48,6056,2423495,0,-2481260,57765,0,7047445,2920,10425775,197820,17673960,4623950,2920,12907035,140055,17673960
2024-01-25,2920,2925,2905,2925,15504,0.17123287671232876,2205,0,-2744,539,0,7076,2,7873,553,15504,4871,2,10617,14,15504,6421525,10,-7994810,1573275,0,20640305,5840,22958715,1614155,45219015,14218780,5830,30953525,40880,45219015
2024-01-26,2925,2935,2920,2935,28966,0.3418803418803419,-5203,0,3942,1261,0,7390,0,20294,1282,28966,12593,0,16352,21,28966,-15225770,0,11531770,3694000,0,21662640,0,59433515,3755515,84851670,36888410,0,47901745,61515,84851670
2024-01-29,2930,2960,2905,2910,59281,-0.8517887563884157,-13366,7948,-1852,7270,0,6075,7949,37776,7481,59281,19441,1,39628,211,59281,-39187965,23128690,-5357455,21416730,0,17812900,23131620,110689965,22034920,173669405,57000865,2930,116047420,618190,173669405
2024-01-30,2850,2900,2850,2880,120798,-1.0309278350515463,13319,-1,-22469,9151,0,25724,1,78914,16159,120798,12405,2,101383,7008,120798,38525610,-2890,-64630210,26107490,0,74322525,2890,226773805,46331525,347430745,35796915,5780,291404015,20224035,347430745
2024-01-31,2880,2895,2870,2880,80134,0.0,-5853,0,29708,-23855,0,17906,0,61383,845,80134,23759,0,31675,24700,80134,-16751370,0,85376245,-68624875,0,51595820,0,176616905,2430085,230642810,68347190,0,91240660,71054960,230642810
2024-02-01,2880,2910,2870,2895,178283,0.5208333333333333,2410,-1,-1862,-547,0,21732,0,146397,10154,178283,19322,1,148259,10701,178283,6766430,-2900,-5261765,-1501765,0,62803365,0,422817790,29322805,514943960,56036935,2900,428079555,30824570,514943960
2024-02-02,2895,2935,2890,2930,103038,1.2089810017271159,1179,0,-5219,4040,0,33363,0,59928,9747,103038,32184,0,65147,5707,103038,3537325,0,-15319505,11782180,0,97320240,0,174704635,28442180,300467055,93782915,0,190024140,16660000,300467055
2024-02-05,2930,2950,2920,2940,72778,0.3412969283276451,4401,0,-634,-3767,0,11562,0,56904,4312,72778,7161,0,57538,8079,72778,12933090,0,-1829615,-11103475,0,33989615,0,167154480,12684040,213828135,21056525,0,168984095,23787515,213828135
2024-02-06,2930,2940,2910,2930,81239,-0.3401360544217687,-3069,-11744,17979,-3166,0,9574,75,70459,1131,81239,12643,11819,52480,4297,81239,-8912690,-34380495,52567240,-9274055,0,28005250,218625,205931315,3302895,237458085,36917940,34599120,153364075,12576950,237458085
2024-02-07,2920,2955,2915,2945,86855,0.5119453924914675,-4863,427,-3306,7742,0,21289,427,54637,10502,86855,26152,0,57943,2760,86855,-14261060,1253245,-9734370,22742185,0,62424500,1253245,160368910,30826370,254873025,76685560,0,170103280,8084185,254873025
2024-02-08,2945,2970,2935,2970,59111,0.8488964346349746,9735,-979,-15518,6762,0,23852,21,25535,9703,59111,14117,1000,41053,2941,59111,28716275,-2900245,-45843805,20027775,0,70451400,62255,75629025,28704250,174846930,41735125,2962500,121472830,8676475,174846930
2024-02-13,2985,3035,2970,3035,70131,2.1885521885521886,13119,-1000,-19429,7310,0,16086,0,45233,8812,70131,2967,1000,64662,1502,70131,39515530,-3020000,-58439045,21943515,0,48432200,0,135850655,26431810,210714665,8916670,3020000,194289700,4488295,210714665
2024-02-14,3030,3050,3005,3050,52506,0.4942339373970346,3170,0,-19039,15869,0,7262,0,28879,16365,52506,4092,0,47918,496,52506,9583910,0,-57636390,48052480,0,22020155,0,87386900,49554800,158961855,12436245,0,145023290,1502320,158961855
2024-02-15,3050,3070,3040,3055,39744,0.16393442622950818,5614,-327,-5180,-107,0,12782,0,22880,4082,39744,7168,327,28060,4189,39744,17197000,-1000620,-15865785,-330595,0,39042190,0,69825985,12468145,121336320,21845190,1000620,85691770,12798740,121336320
2024-02-16,3055,3075,3015,3065,47467,0.32733224222585927,-13757,0,11352,2405,0,4667,0,34868,7932,47467,18424,0,23516,5527,47467,-41983820,0,34623110,7360710,0,14255600,0,106539705,24274275,145069580,56239420,0,71916595,16913565,145069580
2024-02-19,3065,3065,3030,3065,73769,0.0,-4657,29,-8924,13552,0,11316,30,47171,15252,73769,15973,1,56095,1700,73769,-14259185,88745,-27289010,41459450,0,34611315,91800,144395085,46653680,225751880,48870500,3055,171684095,5194230,225751880
2024-02-20,3065,3100,3030,3075,34401,0.3262642740619902,-1729,1,-1050,2778,0,5535,1,25488,3377,34401,7264,0,26538,599,34401,-5317120,3075,-3176040,8490085,0,16961765,3075,78300030,10329835,105594705,22278885,0,81476070,1839750,105594705
2024-02-21,3075,3080,3055,3075,22082,0.0,-1580,-906,-1435,3921,0,4556,94,12737,4695,22082,6136,1000,14172,774,22082,-4870730,-2771890,-4399325,12041945,0,13965545,288110,39030955,14416200,67700810,18836275,3060000,43430280,2374255,67700810
2024-02-22,3075,3090,3055,3070,32612,-0.16260162601626016,-5447,119,8688,-3360,0,1898,120,30096,498,32612,7345,1,21408,3858,32612,-16657765,364230,26573510,-10279975,0,5809680,367300,92201965,1525830,99904775,22467445,3070,65628455,11805805,99904775
2024-02-23,3070,3100,3050,3085,42274,0.4885993485342019,-6130,61,7782,-1713,0,6466,61,34778,969,42274,12596,0,26996,2682,42274,-18788175,186670,23873630,-5272125,0,19808890,186670,106811490,2965970,129773020,38597065,0,82937860,8238095,129773020
2024-02-26,3085,3090,3075,3085,31725,0.0,2558,0,934,-3492,0,5094,0,26631,0,31725,2536,0,25697,3492,31725,7848200,0,2911230,-10759430,0,15671680,0,82119850,0,97791530,7823480,0,79208620,10759430,97791530
2024-02-27,3085,3085,3060,3075,38192,-0.3241491085899514,2258,139,-5704,3307,0,11838,140,21685,4529,38192,9580,1,27389,1222,38192,6933425,426230,-17517705,10158050,0,36287135,429300,66538560,13907760,117162755,29353710,3070,84056265,3749710,117162755
2024-02-28,3075,3085,3045,3075,67707,0.0,11390,-2676,-18692,9978,0,16310,1,41302,10094,67707,4920,2677,59994,116,67707,34976485,-8255460,-57382575,30661550,0,50097715,3085,126469775,31017670,207588245,15121230,8258545,183852350,356120,207588245
2024-02-29,3080,3095,3065,3085,47362,0.3252032520325203,-3011,323,-7697,10385,0,4333,324,31835,10870,47362,7344,1,39532,485,47362,-9204945,996460,-23695535,31904020,0,13347905,999540,97877520,33400195,145625160,22552850,3080,121573055,1496175,145625160
2024-03-04,3085,3140,3085,3140,55566,1.7828200972447326,-2379,1460,-13281,14200,0,6579,1460,32657,14870,55566,8958,0,45938,670,55566,-7339620,4546400,-41599900,44393120,0,20516730,4546400,101746885,46477915,173287930,27856350,0,143346785,2084795,173287930
2024-03-05,3145,3190,3125,3185,86895,1.4331210191082804,25948,20,-43668,17700,0,38441,20,29912,18522,86895,12493,0,73580,822,86895,81883295,62600,-137788485,55842590,0,121364740,62600,94427155,58423125,274277620,39481445,0,232215640,2580535,274277620
2024-03-06,3185,3275,3175,3255,119501,2.197802197802198,-34525,19128,7808,7589,0,15880,19128,70185,14308,119501,50405,0,62377,6719,119501,-112054745,62045395,25622130,24387220,0,51212660,62045395,226721025,46165190,386144270,163267405,0,201098895,21777970,386144270
2024-03-07,3280,3340,3255,3280,92253,0.7680491551459293,-6182,7480,-9682,8384,0,6524,7481,60535,17713,92253,12706,1,70217,9329,92253,-20312175,24625350,-31919825,27606650,0,21443970,24628630,199100185,58268320,303441105,41756145,3280,231020010,30661670,303441105
2024-03-08,3305,3305,3250,3280,65417,0.0,463,-437,9486,-9512,0,14530,47,47365,3475,65417,14067,484,37879,12987,65417,1588525,-1423490,30899895,-31064930,0,47483160,153305,154647470,11348435,213632370,45894635,1576795,123747575,42413365,213632370
2024-03-11,3280,3320,3255,3315,54844,1.0670731707317074,1387,196,-2022,439,0,23861,200,28770,2013,54844,22474,4,30792,1574,54844,4584740,644780,-6664070,1434550,0,78761635,658000,94993730,6630075,181043440,74176895,13220,101657800,5195525,181043440
2024-03-12,3295,3330,3295,3305,45280,-0.301659125188537,3829,80,3965,-7874,0,9006,80,36184,10,45280,5177,0,32219,7884,45280,12668575,264900,13132505,-26065980,0,29836960,264900,119926770,33250,150061880,17168385,0,106794265,26099230,150061880
2024-03-13,3305,3325,3260,3290,84041,-0.45385779122541603,7102,28,-2572,-4558,0,33477,28,50427,109,84041,26375,0,52999,4667,84041,22943465,92435,-8038070,-14997830,0,110012340,92435,166035400,357800,276497975,87068875,0,174073470,15355630,276497975
2024-03-14,3305,3305,3270,3280,88156,-0.303951367781155,5243,80,-14437,9114,0,18697,80,52263,17116,88156,13454,0,66700,8002,88156,17245920,262600,-47445340,29936820,0,61419365,262600,171513380,56176550,289371895,44173445,0,218958720,26239730,289371895
2024-03-15,3260,3300,3220,3280,95089,0.0,26850,111,-36176,9215,0,32643,111,46639,15696,95089,5793,0,82815,6481,95089,87226130,361015,-117509815,29922670,0,106046180,361015,151637170,50952715,308997080,18820050,0,269146985,21030045,308997080
2024-03-18,3280,3300,3175,3205,127662,-2.2865853658536586,13567,-4714,565,-9418,0,44123,286,78129,5124,127662,30556,5000,77564,14542,127662,43991280,-15002505,1221865,-30210640,0,141838425,925620,251511035,16477130,410752210,97847145,15928125,250289170,46687770,410752210
2024-03-19,3205,3220,3185,3220,50187,0.46801872074883,-6581,1003,35,5543,0,12875,1003,29720,6589,50187,19456,0,29685,1046,50187,-20987140,3209600,43530,17734010,0,41164145,3209600,94981875,21074475,160430095,62151285,0,94938345,3340465,160430095
2024-03-20,3215,3245,3210,3235,28796,0.4658385093167702,8717,16,-7808,-925,0,16015,16,10525,2240,28796,7298,0,18333,3165,28796,28165110,51840,-25230295,-2986655,0,51747985,51840,33970260,7219030,92989115,23582875,0,59200555,10205685,92989115
2024-03-21,3255,3260,3230,3240,65247,0.1545595054095827,-16910,0,8235,8675,0,18293,0,37424,9530,65247,35203,0,29189,855,65247,-54761965,0,26677885,28084080,0,59276405,0,121402765,30861695,211540865,114038370,0,94724880,2777615,211540865
2024-03-22,3240,3300,3235,3300,90015,1.8518518518518516,-521,-968,-52154,53643,0,15188,1,20719,54107,90015,15709,969,72873,464,90015,-1813645,-3184750,-170074330,175072725,0,49436980,3260,67521340,176587305,293548885,51250625,3188010,237595670,1514580,293548885
2024-03-25,3280,3340,3265,3335,54305,1.0606060606060608,-4618,-1654,-9598,15870,0,10584,0,24023,19698,54305,15202,1654,33621,3828,54305,-15293450,-5483815,-31907730,52684995,0,34953360,0,79397255,65310120,179660735,50246810,5483815,111304985,12625125,179660735
2024-03-26,3360,3360,3310,3325,96514,-0.29985007496251875,-17014,11002,6032,-20,0,9769,11002,61623,14120,96514,26783,0,55591,14140,96514,-56342980,36708160,19708835,-74015,0,32496770,36708160,205196675,46969355,321370960,88839750,0,185487840,47043370,321370960
2024-03-27,3325,3330,3275,3300,77152,-0.7518796992481203,7028,59,-4730,-2357,0,24520,60,44837,7735,77152,17492,1,49567,10092,77152,23599145,195095,-15968945,-7825295,0,81084210,198400,147776605,25481220,254540435,57485065,3305,163745550,33306515,254540435
2024-03-28,3290,3310,3215,3255,143387,-1.3636363636363635,-23051,3500,29554,-10003,0,40606,3501,87037,12243,143387,63657,1,57483,22246,143387,-74117370,11322475,95594835,-32799940,0,131928115,11325730,282097550,39587340,464938735,206045485,3255,186502715,72387280,464938735
2024-03-29,3255,3265,3220,3250,132446,-0.15360983102918588,-25321,121,1480,23720,0,51263,121,45802,35260,132446,76584,0,44322,11540,132446,-81571405,391160,4555985,76624260,0,166360430,391160,148499630,114129085,429380305,247931835,0,143943645,37504825,429380305
2024-04-01,3295,3295,3230,3270,58068,0.6153846153846154,937,0,2362,-3299,0,17528,0,34825,5715,58068,16591,0,32463,9014,58068,2989550,0,7776195,-10765745,0,56852060,0,113153935,18533110,188539105,53862510,0,105377740,29298855,188539105
2024-04-02,3280,3300,3240,3265,61937,-0.1529051987767584,13956,20,-611,-13365,0,27234,20,34683,0,61937,13278,0,35294,13365,61937,45371345,64900,-1926090,-43510155,0,88596100,64900,112991790,0,201652790,43224755,0,114917880,43510155,201652790
2024-04-03,3265,3325,3230,3325,232032,1.8376722817764166,-5370,96303,-166089,75156,0,23790,96803,23388,88051,232032,29160,500,189477,12895,232032,-18300730,316465200,-546159580,247995110,0,77720080,318112700,76595385,290029735,762457900,96020810,1647500,622754965,42034625,762457900
2024-04-04,3325,3335,3280,3305,55362,-0.6015037593984963,6155,894,12863,-19912,0,22645,894,28298,3525,55362,16490,0,15435,23437,55362,20249540,2970800,42366280,-65586620,0,74709600,2970800,93398765,11698420,182777585,54460060,0,51032485,77285040,182777585
2024-04-05,3305,3305,3230,3290,58095,-0.45385779122541603,21552,-1,736,-22287,0,33034,0,24672,389,58095,11482,1,23936,22676,58095,70781745,-3275,2361990,-73140460,0,108445825,0,80781590,1277865,190505280,37664080,3275,78419600,74418325,190505280
2024-04-08,3310,3310,3215,3240,55173,-1.5197568389057752,3756,101,15515,-19372,0,18635,101,35197,1240,55173,14879,0,19682,20612,55173,12232915,328370,50290980,-62852265,0,60417785,328370,113990070,4011380,178747605,48184870,0,63699090,66863645,178747605
2024-04-09,3265,3265,3155,3185,92164,-1.6975308641975309,5587,243,3865,-9695,0,16564,244,67596,7760,92164,10977,1,63731,17455,92164,17817985,779500,12767130,-31364615,0,52923530,782680,215710090,24527110,293943410,35105545,3180,202942960,55891725,293943410
2024-04-11,3180,3210,3115,3175,104872,-0.3139717425431711,14604,0,-17529,2925,0,39382,0,47594,17896,104872,24778,0,65123,14971,104872,45893515,0,-54805475,8911960,0,123568175,0,150054590,56023630,329646395,77674660,0,204860065,47111670,329646395
2024-04-12,3195,3195,3150,3185,26825,0.31496062992125984,2046,1,4429,-6476,0,5742,1,21082,0,26825,3696,0,16653,6476,26825,6506030,3180,14078470,-20587680,0,18214320,3180,66965350,0,85182850,11708290,0,52886880,20587680,85182850
2024-04-15,3135,3180,3135,3160,46394,-0.7849293563579277,5215,60,3594,-8869,0,11534,60,33398,1402,46394,6319,0,29804,10271,46394,16485385,188700,11317730,-27991815,0,36411105,188700,105410765,4414565,146425135,19925720,0,94093035,32406380,146425135
2024-04-16,3160,3160,3100,3140,81664,-0.6329113924050633,4024,0,-1241,-2783,0,16952,0,50128,14584,81664,12928,0,51369,17367,81664,12640605,0,-3957985,-8682620,0,52964115,0,156324895,45514725,254803735,40323510,0,160282880,54197345,254803735
2024-04-17,3150,3150,3100,3105,21061,-1.1146496815286624,4896,80,5331,-10307,0,5974,80,15002,5,21061,1078,0,9671,10312,21061,15236000,249000,16592340,-32077340,0,18591375,249000,46700665,15545,65556585,3355375,0,30108325,32092885,65556585
2024-04-18,3120,3190,3100,3150,69895,1.4492753623188406,8912,0,-1404,-7508,0,22751,0,38098,9046,69895,13839,0,39502,16554,69895,28169365,0,-4401725,-23767640,0,71635030,0,118839745,28287510,218762285,43465665,0,123241470,52055150,218762285
2024-04-19,3155,3200,3100,3140,58958,-0.31746031746031744,12560,38,-3775,-8823,0,27958,40,28530,2430,58958,15398,2,32305,11253,58958,40208085,118240,-12447925,-27878400,0,88474700,124500,89407840,7571770,185578810,48266615,6260,101855765,35450170,185578810
2024-04-22,3140,3160,3110,3150,44139,0.3184713375796179,-15909,203,9931,5775,0,6256,206,29289,8388,44139,22165,3,19358,2613,44139,-49709300,637985,30989715,18081600,0,19551440,647350,91745280,26284250,138228320,69260740,9365,60755565,8202650,138228320
2024-04-23,3165,3165,3120,3155,27529,0.15873015873015872,-1434,0,3687,-2253,0,5219,0,20769,1541,27529,6653,0,17082,3794,27529,-4498705,0,11599410,-7100705,0,16402305,0,65348580,4839890,86590775,20901010,0,53749170,11940595,86590775
2024-04-24,3165,3175,3115,3160,19298,0.15847860538827258,-6223,-1,8890,-2666,0,6189,0,12467,642,19298,12412,1,3577,3308,19298,-19603280,-3150,28032380,-8425950,0,19463165,0,39327585,2012670,60803420,39066445,3150,11295205,10438620,60803420
2024-04-25,3165,3185,3145,3185,30398,0.7911392405063291,-179,0,-4158,4337,0,2881,0,22186,5331,30398,3060,0,26344,994,30398,-608980,0,-13059310,13668290,0,9080365,0,70333180,16809150,96222695,9689345,0,83392490,3140860,96222695
2024-04-26,3185,3200,3170,3180,23243,-0.15698587127158556,7600,40,-9719,2079,0,9634,40,6886,6683,23243,2034,0,16605,4604,23243,24176725,127100,-30925240,6621415,0,30651685,127100,21960300,21290520,74029605,6474960,0,52885540,14669105,74029605
2024-04-29,3185,3195,3170,3190,26868,0.3144654088050315,3543,0,-7211,3668,0,5800,266,13341,7461,26868,2257,266,20552,3793,26868,11255705,-2265,-22947620,11694180,0,18447335,846275,42490355,23762195,85546160,7191630,848540,65437975,12068015,85546160
2024-04-30,3190,3215,3185,3200,52294,0.3134796238244514,14532,0,-29163,14631,0,18176,0,18972,15146,52294,3644,0,48135,515,52294,46501665,0,-93350885,46849220,0,58154430,0,60708200,48490000,167352630,11652765,0,154059085,1640780,167352630
2024-05-02,3200,3240,3195,3235,53443,1.09375,9554,0,-30234,20680,0,10572,0,19411,23460,53443,1018,0,49645,2780,53443,30711260,0,-97253145,66541885,0,33985645,0,62386075,75450355,171822075,3274385,0,159639220,8908470,171822075
2024-05-03,3240,3270,3220,3245,49392,0.3091190108191654,2371,200,-4837,2266,0,9801,200,33545,5846,49392,7430,0,38382,3580,49392,7600385,647000,-15592020,7344635,0,31770095,647000,108821615,18941695,160180405,24169710,0,124413635,11597060,160180405
2024-05-07,3260,3270,3230,3250,65993,0.15408320493066258,13866,0,-1259,-12607,0,32727,0,30237,3029,65993,18861,0,31496,15636,65993,45026415,0,-4154645,-40871770,0,106169950,0,98185075,9863080,214218105,61143535,0,102339720,50734850,214218105
2024-05-08,3260,3275,3205,3270,47150,0.6153846153846154,-7558,525,-2446,9479,0,13058,525,19937,13630,47150,20616,0,22383,4151,47150,-24640725,1708875,-7851860,30783710,0,42379420,1708875,64689705,44275505,153053505,67020145,0,72541565,13491795,153053505
2024-05-09,3280,3295,3245,3285,93902,0.45871559633027525,-23570,312,-4076,27334,0,9965,312,51857,31768,93902,33535,0,55933,4434,93902,-77014805,1015630,-13659315,89658490,0,32496735,1015630,169518540,104149435,307180340,109511540,0,183177855,14490945,307180340
2024-05-10,3295,3295,3220,3250,97447,-1.06544901065449,12976,-847,-6212,-5917,0,19148,153,63423,14723,97447,6172,1000,69635,20640,97447,42240705,-2754690,-19530860,-19955155,0,62347460,500310,206626855,47637780,317112405,20106755,3255000,226157715,67592935,317112405
2024-05-13,3250,3265,3250,3260,36672,0.3076923076923077,-9588,0,5922,3666,0,2630,0,29728,4314,36672,12218,0,23806,648,36672,-31182150,0,19240665,11941485,0,8564380,0,96778205,14052075,119394660,39746530,0,77537540,2110590,119394660
2024-05-14,3270,3270,3260,3270,17373,0.3067484662576687,7336,300,-8364,728,0,8065,300,8257,751,17373,729,0,16621,23,17373,23943050,979500,-27299620,2377070,0,26322755,979500,26962330,2452165,56716750,2379705,0,54261950,75095,56716750
2024-05-16,3280,3300,3270,3295,49213,0.764525993883792,5018,-1000,-12636,8618,0,9203,0,29773,10237,49213,4185,1000,42409,1619,49213,16474285,-3290000,-41580780,28396495,0,30226990,0,97722420,33709365,161658775,13752705,3290000,139303200,5312870,161658775
2024-05-17,3300,3305,3275,3300,48446,0.15174506828528073,3363,0,-19949,16586,0,14658,0,15714,18074,48446,11295,0,35663,1488,48446,11024680,0,-65713710,54689030,0,48259370,0,51713060,59580485,159552915,37234690,0,117426770,4891455,159552915
2024-05-20,3310,3310,3285,3295,67370,-0.15151515151515152,1613,-1016,9989,-10586,0,3743,0,63264,363,67370,2130,1016,53275,10949,67370,5298070,-3357880,32940825,-34881015,0,12332385,0,208613805,1196165,222142355,7034315,3357880,175672980,36077180,222142355
2024-05-21,3305,3305,3260,3290,34447,-0.15174506828528073,4158,0,10001,-14159,0,8274,0,25660,513,34447,4116,0,15659,14672,34447,13660055,0,32898180,-46558235,0,27191035,0,84283080,1678485,113152600,13530980,0,51384900,48236720,113152600
2024-05-22,3295,3295,3250,3275,58061,-0.4559270516717325,4520,0,15197,-19717,0,19325,0,38159,577,58061,14805,0,22962,20294,58061,14953840,0,49612555,-64566395,0,63273820,0,124750865,1881165,189905850,48319980,0,75138310,66447560,189905850
2024-05-23,3290,3290,3240,3260,86700,-0.45801526717557256,-5593,0,24150,-18557,0,5274,0,79740,1686,86700,10867,0,55590,20243,86700,-18201470,0,78576715,-60375245,0,17144720,0,259402690,5489880,282037290,35346190,0,180825975,65865125,282037290
2024-05-24,3280,3280,3230,3265,31866,0.15337423312883436,1476,485,4997,-6958,0,7181,485,24111,89,31866,5705,0,19114,7047,31866,4763765,1577040,16262650,-22603455,0,23315225,1577040,78391405,288815,103572485,18551460,0,62128755,22892270,103572485
2024-05-27,3285,3285,3245,3270,42451,0.1531393568147014,-127,4296,2913,-7082,0,7083,4296,30188,884,42451,7210,0,27275,7966,42451,-381535,14002850,9436050,-23057365,0,23064950,14002850,98375350,2876180,138319330,23446485,0,88939300,25933545,138319330
2024-05-28,3275,3280,3240,3270,66533,0.0,6390,328,-10362,3644,0,20940,328,35500,9765,66533,14550,0,45862,6121,66533,21131750,1072560,-34126890,11922580,0,68445795,1072560,115746620,31933105,217198080,47314045,0,149873510,20010525,217198080
2024-05-29,3285,3285,3250,3265,59834,-0.1529051987767584,18007,8327,-25972,-362,0,20014,8327,27591,3902,59834,2007,0,53563,4264,59834,58910045,27215195,-85011645,-1113595,0,65477460,27215195,90196575,12769585,195658815,6567415,0,175208220,13883180,195658815
2024-05-30,3155,3195,3140,3150,123211,-3.522205206738132,9050,1749,16522,-27321,0,19441,1749,73811,28210,123211,10391,0,57289,55531,123211,28665735,5515085,51955315,-86136135,0,61528815,5515085,233331935,89430845,389806680,32863080,0,181376620,175566980,389806680
2024-05-31,3130,3160,3130,3155,53160,0.15873015873015872,5273,0,11894,-17167,0,12847,0,40169,144,53160,7574,0,28275,17311,53160,16643860,0,37434165,-54078025,0,40487180,0,126372615,451980,167311775,23843320,0,88938450,54530005,167311775
2024-06-03,3140,3155,3135,3150,50092,-0.15847860538827258,2115,-43,10559,-12631,0,9221,0,40399,472,50092,7106,43,29840,13103,50092,6728080,-135450,33124585,-39717215,0,29045165,0,126923600,1486125,157454890,22317085,135450,93799015,41203340,157454890
2024-06-04,3150,3155,3045,3125,68935,-0.7936507936507936,11772,-30100,21047,-2719,0,14956,0,45923,8056,68935,3184,30100,24876,10775,68935,36762865,-93838440,65689115,-8613540,0,46698560,0,143517300,25119835,215335695,9935695,93838440,77828185,33733375,215335695
2024-06-05,3110,3150,3110,3135,29770,0.32,1890,0,3663,-5553,0,12508,0,17262,0,29770,10618,0,13599,5553,29770,5901855,0,11481325,-17383180,0,39184435,0,54122930,0,93307365,33282580,0,42641605,17383180,93307365
2024-06-07,3135,3150,3120,3140,23590,0.1594896331738437,-5070,0,6482,-1412,0,1031,1,22040,518,23590,6101,1,15558,1930,23590,-15912410,0,20348800,-4436390,0,3234590,3140,69113270,1623930,73974930,19147000,3140,48764470,6060320,73974930
2024-06-10,3140,3140,3100,3130,51937,-0.3184713375796179,-8253,4,10174,-1925,0,17372,4,31744,2817,51937,25625,0,21570,4742,51937,-25703600,12510,31740540,-6049450,0,54079635,12510,99002920,8759460,161854525,79783235,0,67262380,14808910,161854525
2024-06-11,3145,3150,3110,3125,18335,-0.1597444089456869,-5536,0,12283,-6747,0,4021,0,14105,209,18335,9557,0,1822,6956,18335,-17223665,0,38315155,-21091490,0,12555810,0,44017435,651695,57224940,29779475,0,5702280,21743185,57224940
2024-06-12,3120,3130,3100,3125,22420,0.0,-1582,0,11113,-9531,0,1621,0,20699,100,22420,3203,0,9586,9631,22420,-4933845,0,34661935,-29728090,0,5053460,0,64543570,312500,69909530,9987305,0,29881635,30040590,69909530
2024-06-13,3130,3135,3095,3115,60477,-0.32,-6463,0,11578,-5115,0,10084,0,49339,1054,60477,16547,0,37761,6169,60477,-20087860,0,35987490,-15899630,0,31356285,0,153432865,3275060,188064210,51444145,0,117445375,19174690,188064210
2024-06-14,3115,3115,3090,3105,37733,-0.32102728731942215,7426,825,-3790,-4461,0,9861,825,26666,381,37733,2435,0,30456,4842,37733,22985995,2565250,-11720120,-13831125,0,30549515,2565250,82594485,1179870,116889120,7563520,0,94314605,15010995,116889120
2024-06-17,3085,3130,3085,3100,40983,-0.1610305958132045,-4713,0,8466,-3753,0,8640,0,32343,0,40983,13353,0,23877,3753,40983,-14566205,0,26198220,-11632015,0,26810715,0,100316390,0,127127105,41376920,0,74118170,11632015,127127105
2024-06-18,3105,3105,3070,3095,36520,-0.16129032258064516,-7714,0,12029,-4315,0,1450,0,35022,48,36520,9164,0,22993,4363,36520,-23856005,0,37194535,-13338530,0,4475505,0,108155460,148400,112779365,28331510,0,70960925,13486930,112779365
2024-06-19,3090,3095,3065,3065,50350,-0.9693053311793215,-16764,1000,23765,-8001,0,6031,1000,43077,242,50350,22795,0,19312,8243,50350,-51520750,3080000,73064510,-24623760,0,18577035,3080000,132469230,744285,154870550,70097785,0,59404720,25368045,154870550
2024-06-20,3065,3090,3020,3030,92069,-1.1419249592169658,-31260,3000,36795,-8535,0,5758,3000,82905,406,92069,37018,0,46110,8941,92069,-94844095,9105000,111664040,-25924945,0,17488875,9105000,251736845,1231435,279562155,112332970,0,140072805,27156380,279562155
2024-06-21,3060,3070,3040,3070,47215,1.3201320132013201,-3475,0,-14541,18016,0,2301,0,25704,19210,47215,5776,0,40245,1194,47215,-10625670,0,-44278660,54904330,0,7033305,0,78549015,58559160,144141480,17658975,0,122827675,3654830,144141480
2024-06-24,3070,3115,3060,3105,34236,1.1400651465798046,6368,32,-7977,1577,0,13058,32,10777,10369,34236,6690,0,18754,8792,34236,19675980,99520,-24681100,4905600,0,40380740,99520,33368675,32064295,105913230,20704760,0,58049775,27158695,105913230
2024-06-25,3105,3115,3095,3110,21972,0.1610305958132045,4871,17,-956,-3932,0,8911,17,12941,103,21972,4040,0,13897,4035,21972,15119820,52870,-2965480,-12207210,0,27684475,52870,40185690,320085,68243120,12564655,0,43151170,12527295,68243120
2024-06-26,3110,3125,3040,3105,53759,-0.1607717041800643,-29888,138,26783,2967,0,4839,138,37813,10969,53759,34727,0,11030,8002,53759,-91732155,429780,82324295,8978080,0,14804795,429780,116143490,33509415,164887480,106536950,0,33819195,24531335,164887480
2024-06-27,3100,3100,3060,3080,13393,-0.8051529790660225,2258,20,2156,-4434,0,2584,20,10775,14,13393,326,0,8619,4448,13393,6930910,61550,6618175,-13610635,0,7932505,61550,33100990,42840,41137885,1001595,0,26482815,13653475,41137885
2024-06-28,3095,3095,3065,3080,22856,0.0,2273,0,375,-2648,0,2474,0,20267,115,22856,201,0,19892,2763,22856,6989290,0,1150100,-8139390,0,7606380,0,62283735,353625,70243740,617090,0,61133635,8493015,70243740
2024-07-01,3080,3080,3040,3060,32565,-0.6493506493506493,-13260,7,12278,975,0,4679,7,24665,3214,32565,17939,0,12387,2239,32565,-40505540,21455,37550875,2933210,0,14285435,21455,75484980,9800515,99592385,54790975,0,37934105,6867305,99592385
2024-07-02,3065,3065,3030,3050,65695,-0.32679738562091504,-3975,-11531,19959,-4453,0,4492,3469,55275,2459,65695,8467,15000,35316,6912,65695,-12038230,-35120615,60681850,-13523005,0,13658515,10554385,167926510,7482640,199622050,25696745,45675000,107244660,21005645,199622050
2024-07-03,3050,3060,3010,3045,51256,-0.16393442622950818,12185,7,-11257,-935,0,19322,7,28675,3252,51256,7137,0,39932,4187,51256,37031675,21315,-34151545,-2901445,0,58707905,21315,86939290,9850535,155519045,21676230,0,121090835,12751980,155519045
2024-07-04,3055,3055,2990,3020,103554,-0.8210180623973727,-13056,0,17977,-4921,0,22684,0,76542,4328,103554,35740,0,58565,9249,103554,-39195135,0,54205755,-15010620,0,68575555,0,230654670,12984455,312214680,107770690,0,176448915,27995075,312214680
2024-07-05,3025,3045,3000,3025,72164,0.16556291390728478,-5754,-2577,11883,-3552,0,4305,423,66685,751,72164,10059,3000,54802,4303,72164,-17320650,-7758400,35783475,-10704425,0,13022940,1288035,201637475,2273130,218221580,30343590,9046435,165854000,12977555,218221580
2024-07-08,3025,3055,3015,3045,40941,0.6611570247933884,-1278,-2992,-3030,7300,0,1260,8,32328,7345,40941,2538,3000,35358,45,40941,-3862560,-9061705,-9242085,22166350,0,3813830,24240,97989225,22302825,124130120,7676390,9085945,107231310,136475,124130120
2024-07-09,3050,3050,3020,3040,38108,-0.16420361247947454,-7027,-1964,12314,-3323,0,3433,7,34032,636,38108,10460,1971,21718,3959,38108,-21292270,-5952010,37334740,-10090460,0,10398885,21280,103148970,1928855,115497990,31691155,5973290,65814230,12019315,115497990
2024-07-10,3020,3045,3020,3040,19194,0.0,805,-2993,-339,2527,0,4307,7,11821,3059,19194,3502,3000,12160,532,19194,2428340,-9063425,-1013340,7648425,0,13034145,21280,35851425,9259685,58166535,10605805,9084705,36864765,1611260,58166535
2024-07-11,3040,3045,3020,3045,28109,0.1644736842105263,-3096,-3000,1409,4687,0,3772,0,19551,4786,28109,6868,3000,18142,99,28109,-9426010,-9091735,4327230,14190515,0,11404780,0,59325095,14490640,85220515,20830790,9091735,54997865,300125,85220515
2024-07-12,3045,3085,3045,3085,31997,1.3136288998357963,-3132,-2983,-2057,8172,0,6844,17,16831,8305,31997,9976,3000,18888,133,31997,-9597790,-9125410,-6346995,25070195,0,20951075,52105,51485070,25479170,97967420,30548865,9177515,57832065,408975,97967420
2024-07-15,3080,3090,3050,3085,36460,0.0,2366,-14035,-181,11850,0,2584,17,20789,13070,36460,218,14052,20970,1220,36460,7264660,-43098800,-551290,36385430,0,7934130,52445,63961865,40134320,112082760,669470,43151245,64513155,3748890,112082760
2024-07-16,3085,3105,3075,3105,50789,0.6482982171799028,12121,-2228,-20333,10440,0,12929,10,27410,10440,50789,808,2238,47743,0,50789,37471130,-6877770,-62910425,32317065,0,39975990,30900,84791115,32317065,157115070,2504860,6908670,147701540,0,157115070
2024-07-17,3115,3160,3100,3150,64573,1.4492753623188406,-12070,31,161,11878,0,16211,32,36052,12278,64573,28281,1,35891,400,64573,-37900080,97645,532745,37269690,0,50935830,100800,113149805,38530720,202717155,88835910,3155,112617060,1261030,202717155
2024-07-18,3170,3180,3135,3155,94832,0.15873015873015872,-40947,21,21235,19691,0,7955,21,65789,21067,94832,48902,0,44554,1376,94832,-129012735,66485,66687320,62258930,0,25070065,66485,207487380,66609900,299233830,154082800,0,140800060,4350970,299233830
2024-07-19,3155,3170,3135,3160,21303,0.15847860538827258,1214,3,4466,-5683,0,4096,3,16569,635,21303,2882,0,12103,6318,21303,3836725,9470,14095155,-17941350,0,12905160,9470,52275835,1999685,67190150,9068435,0,38180680,19941035,67190150
2024-07-22,3170,3170,3115,3130,51836,-0.949367088607595,-23807,10,35742,-11945,0,5107,10,44788,1931,51836,28914,0,9046,13876,51836,-74477905,31350,111862495,-37415940,0,15966040,31350,140174950,6057010,162229350,90443945,0,28312455,43472950,162229350
2024-07-23,3160,3160,3120,3135,26157,0.1597444089456869,-1508,0,5354,-3846,0,2797,0,22614,746,26157,4305,0,17260,4592,26157,-4701175,0,16738095,-12036920,0,8764495,0,70771975,2332980,81869450,13465670,0,54033880,14369900,81869450
2024-07-24,3130,3155,3130,3150,18303,0.4784688995215311,-1466,0,-2940,4406,0,1404,0,12462,4437,18303,2870,0,15402,31,18303,-4602580,0,-9207015,13809595,0,4407695,0,39112635,13907240,57427570,9010275,0,48319650,97645,57427570
2024-07-25,3145,3150,3120,3140,16876,-0.31746031746031744,4171,317,-5309,821,0,5913,317,9544,1102,16876,1742,0,14853,281,16876,13083785,995380,-16650530,2571365,0,18538955,995380,29939810,3452140,52926285,5455170,0,46590340,880775,52926285
2024-07-26,3140,3160,3130,3145,35271,0.15923566878980894,-876,159,-2230,2947,0,11958,159,18886,4268,35271,12834,0,21116,1321,35271,-2713645,499270,-7038825,9253200,0,37615265,499270,59355315,13401880,110871730,40328910,0,66394140,4148680,110871730
2024-07-29,3170,3170,3130,3155,34148,0.3179650238473768,-1522,316,-2004,3210,0,9488,317,20646,3697,34148,11010,1,22650,487,34148,-4783730,992235,-6291770,10083265,0,29799070,995380,64860650,11617440,107272540,34582800,3145,71152420,1534175,107272540
2024-07-30,3155,3185,3140,3170,64893,0.4754358161648178,-399,173,-9435,9661,0,13216,173,38756,12748,64893,13615,0,48191,3087,64893,-1267480,544385,-29954650,30677745,0,41867360,544385,122771460,40422145,205605350,43134840,0,152726110,9744400,205605350
2024-07-31,3185,3205,3160,3200,61310,0.9463722397476341,-14834,0,-4730,19564,0,14280,0,27455,19575,61310,29114,0,32185,11,61310,-47261895,0,-14978770,62240665,0,45307810,0,87306510,62275690,194890010,92569705,0,102285280,35025,194890010
2024-08-01,3200,3200,3165,3190,58305,-0.3125,7378,0,-676,-6702,0,21171,0,32357,4777,58305,13793,0,33033,11479,58305,23474415,0,-2146490,-21327925,0,67316255,0,102795785,15186505,185298545,43841840,0,104942275,36514430,185298545
2024-08-02,3190,3190,3130,3150,54840,-1.2539184952978055,7897,316,-8086,-127,0,16852,316,32813,4859,54840,8955,0,40899,4986,54840,25144605,993800,-25779375,-359030,0,53341605,993800,103306055,15366825,173008285,28197000,0,129085430,15725855,173008285
2024-08-05,3145,3145,2810,3025,141234,-3.968253968253968,8613,648,4805,-14066,0,35526,651,79165,25892,141234,26913,3,74360,39958,141234,25660560,1984380,15050055,-42694995,0,108203800,1993575,241106370,78846410,430150155,82543240,9195,226056315,121541405,430150155
2024-08-06,3080,3100,3020,3070,117793,1.487603305785124,4480,253,22058,-26791,0,26003,262,66669,24859,117793,21523,9,44611,51650,117793,13492625,773535,66803750,-81069910,0,79297725,801030,203638890,76490045,360227690,65805100,27495,136835140,157559955,360227690
2024-08-07,3080,3100,3065,3100,55754,0.9771986970684038,-24083,0,8389,15694,0,5068,0,34689,15997,55754,29151,0,26300,303,55754,-74438705,0,26039555,48399150,0,15590585,0,106989905,49333845,171914335,90029290,0,80950350,934695,171914335
2024-08-08,3115,3115,3065,3075,24641,-0.8064516129032258,380,179,5915,-6474,0,4547,180,19039,875,24641,4167,1,13124,7349,24641,1160145,550605,18160240,-19870990,0,13964880,553680,58517225,2690625,75726410,12804735,3075,40356985,22561615,75726410
2024-08-09,3105,3110,3050,3070,24186,-0.16260162601626016,2137,163,2067,-4367,0,7269,163,16107,647,24186,5132,0,14040,5014,24186,6562095,501240,6335335,-13398670,0,22308755,501240,49397285,1982065,74189345,15746660,0,43061950,15380735,74189345
2024-08-12,3050,3105,3045,3095,100862,0.8143322475570033,-56379,3324,55207,-2152,0,2233,3326,88463,6840,100862,58612,2,33256,8992,100862,-173060760,10198170,169397465,-6534875,0,6847220,10204300,271053595,21016780,309121895,179907980,6130,101656130,27551655,309121895
2024-08-13,3095,3160,3065,3135,29160,1.2924071082390953,-3872,163,1413,2296,0,4237,163,19070,5690,29160,8109,0,17657,3394,29160,-11900785,502870,4358765,7039150,0,13247070,502870,59177650,17632800,90560390,25147855,0,54818885,10593650,90560390
2024-08-14,3145,3145,3090,3120,73926,-0.4784688995215311,-43453,321,35977,7155,0,20387,322,43111,10106,73926,63840,1,7134,2951,73926,-134543400,992685,111468815,22081900,0,63137915,995785,133591520,31301260,229026480,197681315,3100,22122705,9219360,229026480
2024-08-16,3120,3135,3110,3120,70659,0.0,-44593,0,45436,-843,0,5911,1,59647,5100,70659,50504,1,14211,5943,70659,-139181080,0,141813610,-2632530,0,18487375,3125,186191080,15913400,220594980,157668455,3125,44377470,18545930,220594980
2024-08-19,3110,3120,3095,3110,33763,-0.3205128205128205,-2795,3836,3272,-4313,0,3788,3836,25175,964,33763,6583,0,21903,5277,33763,-8723280,11905960,10204080,-13386760,0,11750785,11905960,78147575,2989950,104794270,20474065,0,67943495,16376710,104794270
2024-08-20,3090,3125,3085,3125,128695,0.482315112540193,-60645,322,57056,3267,0,15318,322,106003,7052,128695,75963,0,48947,3785,128695,-188401160,994980,177309310,10096870,0,47500555,994980,329017200,21867595,399380330,235901715,0,151707890,11770725,399380330
2024-08-21,3125,3155,3120,3150,85504,0.8,-67216,0,54026,13190,0,406,0,71862,13236,85504,67622,0,17836,46,85504,-210429470,0,169103735,41325735,0,1270690,0,224972950,41469500,267713140,211700160,0,55869215,143765,267713140
2024-08-22,3150,3220,3140,3155,36517,0.15873015873015872,-11847,0,16565,-4718,0,1876,0,34641,0,36517,13723,0,18076,4718,36517,-37447370,0,52313530,-14866160,0,5902715,0,109685525,0,115588240,43350085,0,57371995,14866160,115588240
2024-08-23,3180,3180,3140,3150,43913,-0.15847860538827258,-29252,0,29133,119,0,1523,0,40916,1474,43913,30775,0,11783,1355,43913,-91990705,0,91610930,379775,0,4794810,0,128670025,4635730,138100565,96785515,0,37059095,4255955,138100565
2024-08-26,3150,3155,3125,3145,45735,-0.15873015873015872,-24319,0,17393,6926,0,2003,0,35848,7884,45735,26322,0,18455,958,45735,-76446950,0,54649940,21797010,0,6278815,0,112486180,24801975,143566970,82725765,0,57836240,3004965,143566970
2024-08-27,3145,3145,3120,3140,52839,-0.1589825119236884,-25906,280,22317,3309,0,4437,282,44777,3343,52839,30343,2,22460,34,52839,-81512805,880215,70266205,10366385,0,13866350,886480,140583220,10473180,165809230,95379155,6265,70317015,106795,165809230
2024-08-28,3140,3185,3130,3175,71859,1.1146496815286624,-29643,1,10516,19126,0,26046,1,22944,22868,71859,55689,0,12428,3742,71859,-93138865,3145,32971930,60163790,0,81829660,3145,72088725,71919605,225841135,174968525,0,39116795,11755815,225841135
2024-08-29,3175,3175,3140,3160,38784,-0.47244094488188976,17286,1,-15850,-1437,0,22256,1,14602,1925,38784,4970,0,30452,3362,38784,54518435,3160,-49995525,-4526070,0,70215870,3160,45938170,6080080,122237280,15697435,0,95933695,10606150,122237280
2024-08-30,3160,3190,3155,3180,26166,0.6329113924050633,-4428,-1,53,4376,0,4878,0,16156,5132,26166,9306,1,16103,756,26166,-14081590,-3165,226690,13858065,0,15451215,0,51261440,16258490,82971145,29532805,3165,51034750,2400425,82971145
2024-09-02,3190,3190,3150,3180,31564,0.0,58,200,1632,-1890,0,12806,200,16020,2538,31564,12748,0,14388,4428,31564,332760,635000,5056900,-6024660,0,40813390,635000,50889185,8056625,100394200,40480630,0,45832285,14081285,100394200
2024-09-03,3195,3200,3160,3175,15554,-0.15723270440251574,-1458,287,3747,-2576,0,1529,287,13631,107,15554,2987,0,9884,2683,15554,-4622255,909790,11875435,-8162970,0,4847985,909790,43194345,339190,49291310,9470240,0,31318910,8502160,49291310
2024-09-04,3175,3175,3115,3130,50640,-1.4173228346456692,-25903,17,30827,-4941,0,3902,17,45575,1146,50640,29805,0,14748,6087,50640,-81049155,53280,96463230,-15467355,0,12210945,53280,142611960,3579560,158455745,93260100,0,46148730,19046915,158455745
2024-09-05,3130,3155,3100,3130,43385,0.0,3101,32,-840,-2293,0,9639,32,28799,4915,43385,6538,0,29639,7208,43385,9650665,100160,-2553730,-7197095,0,30086040,100160,89744560,15292100,135222860,20435375,0,92298290,22489195,135222860
2024-09-06,3170,3170,3100,3140,46842,0.3194888178913738,1448,2,-1911,461,0,13634,2,26069,7137,46842,12186,0,27980,6676,46842,4521730,6280,-5971415,1443405,0,42697270,6280,81673015,22316285,146692850,38175540,0,87644430,20872880,146692850
2024-09-09,3140,3140,3120,3135,18396,-0.15923566878980894,-1431,16,-1860,3275,0,1291,17,13338,3750,18396,2722,1,15198,475,18396,-4462010,50080,-5814535,10226465,0,4044290,53210,41730045,11713685,57541230,8506300,3130,47544580,1487220,57541230
2024-09-10,3145,3145,3115,3130,26625,-0.1594896331738437,-1875,1,5508,-3634,0,406,1,26178,40,26625,2281,0,20670,3674,26625,-5869755,3135,17247665,-11381045,0,1269605,3135,81937745,125400,83335885,7139360,0,64690080,11506445,83335885
2024-09-11,3140,3140,3125,3140,15763,0.3194888178913738,-3982,-1,1032,2951,0,2926,0,8357,4480,15763,6908,1,7325,1529,15763,-12480660,-3130,3236705,9247085,0,9174300,0,26183210,14040710,49398220,21654960,3130,22946505,4793625,49398220
2024-09-12,3140,3190,3120,3180,111827,1.2738853503184715,-31068,-467,48889,-17354,0,26145,3,81079,4600,111827,57213,470,32190,21954,111827,-97648385,-1464035,153585725,-54473305,0,82039850,9415,254897075,14481270,351427610,179688235,1473450,101311350,68954575,351427610
2024-09-13,3180,3180,3150,3165,12099,-0.4716981132075472,-2871,40,2971,-140,0,2870,40,8968,221,12099,5741,0,5997,361,12099,-9065895,126200,9383570,-443875,0,9067710,126200,28298495,697520,38189925,18133605,0,18914925,1141395,38189925
2024-09-19,3150,3175,3145,3150,42020,-0.47393364928909953,-601,-1,1038,-436,0,14633,0,27387,0,42020,15234,1,26349,436,42020,-1886980,-3150,3265290,-1375160,0,46139405,0,86274555,0,132413960,48026385,3150,83009265,1375160,132413960
2024-09-20,3150,3155,3125,3145,32452,-0.15873015873015872,-3279,1,5419,-2141,0,3584,1,28727,140,32452,6863,0,23308,2281,32452,-10345465,3140,17065860,-6723535,0,11249540,3140,90260425,438900,101952005,21595005,0,73194565,7162435,101952005
2024-09-23,3145,3150,3125,3135,24936,-0.3179650238473768,-7625,52,11852,-4279,0,358,54,24417,107,24936,7983,2,12565,4386,24936,-23938770,162795,37172400,-13396425,0,1121290,169050,76511340,334375,78136055,25060060,6255,39338940,13730800,78136055
2024-09-24,3145,3145,3120,3140,24758,0.1594896331738437,15592,2,-12330,-3264,0,17539,2,7083,134,24758,1947,0,19413,3398,24758,48835545,6260,-38611870,-10229935,0,54934915,6260,22158680,419420,77519275,6099370,0,60770550,10649355,77519275
2024-09-25,3155,3155,3125,3140,31396,0.0,-375,3026,2072,-4723,0,1265,3027,26917,187,31396,1640,1,24845,4910,31396,-1180000,9486650,6489275,-14795925,0,3957520,9489785,84463950,586245,98497500,5137520,3135,77974675,15382170,98497500
2024-09-26,3140,3150,3130,3150,19547,0.3184713375796179,2484,32,-2053,-463,0,9194,33,10317,3,19547,6710,1,12370,466,19547,7792370,100485,-6436400,-1456455,0,28850145,103625,32367240,9420,61330430,21057775,3140,38803640,1465875,61330430
2024-09-27,3160,3160,3125,3145,15885,-0.15873015873015872,2759,41,-2047,-753,0,3251,41,12469,124,15885,492,0,14516,877,15885,8635035,128535,-6405225,-2358345,0,10177915,128535,39059675,388790,49754915,1542880,0,45464900,2747135,49754915
2024-09-30,3140,3150,3125,3140,37744,-0.1589825119236884,6488,33,-4164,-2357,0,9376,33,27195,1140,37744,2888,0,31359,3497,37744,20406450,103780,-13133535,-7376695,0,29468545,103780,85361860,3580480,118514665,9062095,0,98495395,10957175,118514665
2024-10-02,3120,3140,3090,3110,42281,-0.9554140127388535,6267,555,-1282,-5540,0,17697,556,23680,348,42281,11430,1,24962,5888,42281,19583235,1723415,-4074815,-17231835,0,55065695,1726540,73598280,1078155,131468670,35482460,3125,77673095,18309990,131468670
2024-10-04,3120,3120,3075,3105,43115,-0.1607717041800643,-23052,972,25293,-3213,0,5341,972,35682,1120,43115,28393,0,10389,4333,43115,-71074180,3001095,78039930,-9966845,0,16507225,3001095,110214135,3446290,133168745,87581405,0,32174205,13413135,133168745
2024-10-07,3095,3120,3080,3100,26102,-0.1610305958132045,5232,253,-3346,-2139,0,9009,253,16774,66,26102,3777,0,20120,2205,26102,16195765,784295,-10362190,-6617870,0,27883855,784295,51910280,204270,80782700,11688090,0,62272470,6822140,80782700
2024-10-08,3120,3120,3055,3065,63990,-1.129032258064516,6335,489,-11521,4697,0,17062,489,40227,6212,63990,10727,0,51748,1515,63990,19379655,1501245,-35254760,14373860,0,52255830,1501245,123379440,19023940,196160455,32876175,0,158634200,4650080,196160455
2024-10-10,3065,3100,3050,3070,41008,0.1631321370309951,-18001,-1630,20799,-1168,0,5551,425,34190,842,41008,23552,2055,13391,2010,41008,-55132115,-4998655,63749750,-3618980,0,16986440,1300185,104729425,2579095,125595145,72118555,6298840,40979675,6198075,125595145
2024-10-11,3070,3080,3065,3070,45001,0.0,-11470,-22845,29196,5119,0,2704,101,36613,5583,45001,14174,22946,7417,464,45001,-35215130,-70134150,89633090,15716190,0,8301230,310070,112398060,17140510,138149870,43516360,70444220,22764970,1424320,138149870
2024-10-14,3070,3090,3050,3080,32219,0.32573289902280134,-15015,4101,4437,6477,0,11696,4101,9428,6994,32219,26711,0,4991,517,32219,-46140410,12631080,13605290,19904040,0,36012525,12631080,28960160,21495260,99099025,82152935,0,15354870,1591220,99099025
2024-10-15,3100,3105,2920,3080,26930,0.0,2038,161,-1470,-729,0,4638,162,22130,0,26930,2600,1,23600,729,26930,6253365,494260,-4505965,-2241660,0,14244000,497340,67660090,0,82401430,7990635,3080,72166055,2241660,82401430
2024-10-16,3080,3085,3070,3085,9922,0.16233766233766234,3834,262,-3500,-596,0,3967,262,5693,0,9922,133,0,9193,596,9922,11800065,805340,-10769725,-1835680,0,12209190,805340,17523980,0,30538510,409125,0,28293705,1835680,30538510
2024-10-17,3085,3120,3060,3095,36986,0.3241491085899514,7196,109,-2074,-5231,0,9264,110,26949,663,36986,2068,1,29023,5894,36986,22202140,336890,-6427130,-16111900,0,28577785,339975,83202865,2047060,114167685,6375645,3085,89629995,18158960,114167685
2024-10-18,3110,3140,3080,3090,34055,-0.16155088852988692,13165,99,-10416,-2848,0,17775,100,15404,776,34055,4610,1,25820,3624,34055,40747530,306410,-32263520,-8790420,0,54990345,309500,47637995,2397120,105334960,14242815,3090,79901515,11187540,105334960
2024-10-21,3120,3120,3065,3095,24727,0.16181229773462785,-10728,-22,13510,-2760,0,7300,1,17426,0,24727,18028,23,3916,2760,24727,-32945025,-67835,41516670,-8503810,0,22496625,3095,53612660,0,76112380,55441650,70930,12095990,8503810,76112380
2024-10-22,3110,3110,3070,3090,21627,-0.16155088852988692,-1347,1405,1821,-1879,0,1826,1405,18276,120,21627,3173,0,16455,1999,21627,-4141355,4325415,5601240,-5785300,0,5620010,4325415,56277055,369000,66591480,9761365,0,50675815,6154300,66591480
2024-10-23,3095,3095,3040,3065,49909,-0.8090614886731391,-13837,482,16042,-2687,0,4511,488,44828,82,49909,18348,6,28786,2769,49909,-42262470,1472475,48982595,-8192600,0,13793450,1490835,136950310,252380,152486975,56055920,18360,87967715,8444980,152486975
2024-10-24,3080,3080,2995,3050,97846,-0.48939641109298526,5701,-7675,-8332,10306,0,12378,327,71557,13584,97846,6677,8002,79889,3278,97846,17220895,-23082535,-25131225,30992865,0,37352975,996525,216660970,40930170,295940640,20132080,24079060,241792195,9937305,295940640
2024-10-25,3060,3060,2990,3010,40207,-1.3114754098360655,-5968,560,7698,-2290,0,4980,560,33677,990,40207,10948,0,25979,3280,40207,-18077070,1692185,23320590,-6935705,0,15005540,1692185,101496165,2974950,121168840,33082610,0,78175575,9910655,121168840
2024-10-28,3015,3015,2925,2950,92310,-1.9933554817275747,9631,170,-1087,-8714,0,17419,170,72732,1989,92310,7788,0,73819,10703,92310,28353230,498100,-3191770,-25659560,0,51353295,498100,214136065,5859645,271847105,23000065,0,217327835,31519205,271847105
2024-10-29,2970,2970,2930,2955,79344,0.1694915254237288,-21305,170,28437,-7302,0,28604,170,48968,1602,79344,49909,0,20531,8904,79344,-62651995,498955,83669185,-21516145,0,84217625,498955,144121275,4704740,233542595,146869620,0,60452090,26220885,233542595
2024-10-30,2955,2955,2900,2920,90438,-1.1844331641285957,-14347,170,17516,-3339,0,16553,171,73240,474,90438,30900,1,55724,3813,90438,-41826880,495520,51082535,-9751175,0,48397005,498465,214111570,1390510,264397550,90223885,2945,163029035,11141685,264397550
2024-10-31,2935,2945,2910,2935,34417,0.5136986301369862,-11261,52,3390,7819,0,2723,52,20927,10715,34417,13984,0,17537,2896,34417,-32922125,152100,9971040,22798985,0,7949145,152100,61107195,31278580,100487020,40871270,0,51136155,8479595,100487020
2024-11-01,2935,2960,2915,2955,18815,0.6814310051107325,-1470,1,3435,-1966,0,8631,2,10167,15,18815,10101,1,6732,1981,18815,-4281070,2955,10032115,-5754000,0,25272910,5880,29775345,43990,55098125,29553980,2925,19743230,5797990,55098125
2024-11-04,2955,2955,2905,2910,31866,-1.5228426395939088,-8468,171,13192,-4895,0,2462,172,29151,81,31866,10930,1,15959,4976,31866,-24674845,498465,38450230,-14273850,0,7177025,501375,84984940,236505,92899845,31851870,2910,46534710,14510355,92899845
2024-11-05,2925,2930,2890,2910,32984,0.0,-19773,1369,21369,-2965,0,2875,1371,28485,253,32984,22648,2,7116,3218,32984,-57340440,3970100,61964535,-8594195,0,8345590,3975900,82612675,735710,95669875,65686030,5800,20648140,9329905,95669875
2024-11-06,2905,2910,2860,2885,67157,-0.859106529209622,-28357,173,28778,-594,0,3461,173,59947,3576,67157,31818,0,31169,4170,67157,-81522600,496510,82746915,-1720825,0,9964210,496510,172551700,10265480,193277900,91486810,0,89804785,11986305,193277900
2024-11-07,2900,2900,2850,2880,49572,-0.17331022530329288,-17111,179,10480,6452,0,3675,179,39064,6654,49572,20786,0,28584,202,49572,-48917355,511940,29950580,18454835,0,10512230,511940,111735560,19034620,141794350,59429585,0,81784980,579785,141794350
2024-11-08,2855,2895,2850,2870,54368,-0.3472222222222222,-8691,173,8350,168,0,9219,173,38742,6234,54368,17910,0,30392,6066,54368,-24855655,495645,23993625,366385,0,26381540,495645,110906335,17777495,155561015,51237195,0,86912710,17411110,155561015
2024-11-11,2870,2870,2790,2810,81871,-2.0905923344947737,-31870,175,40964,-9269,0,7878,175,73716,102,81871,39748,0,32752,9371,81871,-89696330,497000,115435820,-26236490,0,22186395,497000,207802895,289685,230775975,111882725,0,92367075,26526175,230775975
2024-11-12,2775,2805,2680,2700,149678,-3.9145907473309607,-27232,-24631,46153,5710,0,29096,230,106554,13798,149678,56328,24861,60401,8088,149678,-74143060,-66710140,125662395,15190805,0,79512925,632700,290214420,37361755,407721800,153655985,67342840,164552025,22170950,407721800
2024-11-13,2700,2735,2670,2700,75146,0.0,-23051,186,15566,7299,0,22536,186,40183,12241,75146,45587,0,24617,4942,75146,-61868295,497550,41827155,19543590,0,60482705,497550,107820240,32825885,201626380,122351000,0,65993085,13282295,201626380
2024-11-14,2720,2720,2600,2630,178874,-2.5925925925925926,-52144,95,55496,-3447,0,30473,185,136060,12156,178874,82617,90,80564,15603,178874,-137097945,252825,146223455,-9378335,0,80315990,496725,359223875,31864900,471901490,217413935,243900,213000420,41243235,471901490
2024-11-15,2640,2680,2595,2660,74803,1.1406844106463878,-22266,192,21677,397,0,11436,192,53280,9895,74803,33702,0,31603,9498,74803,-57989105,499220,56508585,981300,0,29955570,499220,139225970,25890270,195571030,87944675,0,82717385,24908970,195571030
2024-11-18,2675,2740,2660,2690,67598,1.1278195488721803,-32343,-4514,28164,8693,0,18652,0,33552,15394,67598,50995,4514,5388,6701,67598,-86797760,-12232995,75835420,23195335,0,50344850,0,90371895,41378240,182094985,137142610,12232995,14536475,18182905,182094985
2024-11-19,2720,2720,2650,2695,66497,0.18587360594795538,-50914,185,38509,12220,0,4083,185,48156,14073,66497,54997,0,9647,1853,66497,-136249800,496725,103145960,32607115,0,10949590,496725,129042600,37599445,178088360,147199390,0,25896640,4992330,178088360
2024-11-20,2700,2720,2685,2695,27781,0.0,-7779,186,16294,-8701,0,3440,186,24100,55,27781,11219,0,7806,8756,27781,-20961195,500340,43935275,-23474420,0,9263170,500340,64966340,148810,74878660,30224365,0,21031065,23623230,74878660
2024-11-21,2710,2730,2670,2720,56016,0.927643784786642,-28528,-10820,44078,-4730,0,4683,185,47524,3624,56016,33211,11005,3446,8354,56016,-76632720,-29438820,118965320,-12893780,0,12661590,495800,128268070,9709945,151135405,89294310,29934620,9302750,22603725,151135405
