날짜,시가,고가,저가,종가,거래량,등락률,기관합계_거래량_순매수,기타법인_거래량_순매수,개인_거래량_순매수,외국인합계_거래량_순매수,전체_거래량_순매수,기관합계_거래량_매수,기타법인_거래량_매수,개인_거래량_매수,외국인합계_거래량_매수,전체_거래량_매수,기관합계_거래량_매도,기타법인_거래량_매도,개인_거래량_매도,외국인합계_거래량_매도,전체_거래량_매도,기관합계_거래대금_순매수,기타법인_거래대금_순매수,개인_거래대금_순매수,외국인합계_거래대금_순매수,전체_거래대금_순매수,기관합계_거래대금_매수,기타법인_거래대금_매수,개인_거래대금_매수,외국인합계_거래대금_매수,전체_거래대금_매수,기관합계_거래대금_매도,기타법인_거래대금_매도,개인_거래대금_매도,외국인합계_거래대금_매도,전체_거래대금_매도
2020-08-31,4728,4728,4571,4665,2924414,,-1008023,116006,1167842,-275825,0,737399,117006,2010032,16716,2881153,1745422,1000,842190,292541,2881153,-4774592495,548675155,5531554455,-1305637115,0,3484223800,553470155,9502304525,78801650,13618800130,8258816295,4795000,3970750070,1384438765,13618800130
2020-09-01,4669,4768,4664,4709,534597,0.9431939978563773,1508,68346,12559,-82413,0,190300,68346,258810,9233,526689,188792,0,246251,91646,526689,7364985,326163495,59628645,-393157125,0,907516970,326163495,1235587695,44172145,2513440305,900151985,0,1175959050,437329270,2513440305
2020-09-02,4728,4748,4699,4709,286222,0.0,14343,220,39363,-53926,0,83986,220,197224,558,281988,69643,0,157861,54484,281988,68760975,1051000,188090430,-257902405,0,401693790,1051000,943397185,2667970,1348809945,332932815,0,755306755,260570375,1348809945
2020-09-03,4709,4719,4635,4640,436750,-1.4652792524952218,-183368,10673,187025,-14330,0,88570,10673,328074,2972,430289,271938,0,141049,17302,430289,-866296105,50456575,883902505,-68062975,0,418972920,50456575,1552733435,14104670,2036267600,1285269025,0,668830930,82167645,2036267600
2020-09-04,4605,4660,4581,4655,308422,0.3232758620689655,-121540,35813,85704,23,0,35489,35863,228272,4236,303860,157029,50,142568,4213,303860,-569332750,167645840,401704605,-17695,0,166290315,167880340,1069758975,19740130,1423669760,735623065,234500,668054370,19757825,1423669760
2020-09-07,4650,4650,4610,4621,307070,-0.7303974221267454,-86119,74525,11591,3,0,65229,74525,162771,3,302528,151348,0,151180,0,302528,-404417345,350088500,54314770,14075,0,306024820,350088500,763006130,14075,1419133525,710442165,0,708691360,0,1419133525
2020-09-08,4620,4640,4610,4626,165335,0.10820168794633195,-53499,100,52354,1045,0,21749,100,137155,3885,162889,75248,0,84801,2840,162889,-251509290,470000,246134135,4905155,0,102279015,470000,644554185,18253155,765556355,353788305,0,398420050,13348000,765556355
2020-09-09,4635,4635,4610,4626,133508,0.0,20828,40,-19414,-1454,0,34203,40,97289,1,131533,13375,0,116703,1455,131533,97627695,187400,-90999060,-6816035,0,160461470,187400,456439055,4695,617092620,62833775,0,547438115,6820730,617092620
2020-09-10,4635,4635,4610,4630,127135,0.08646779074794639,-25045,0,24111,934,0,28488,0,95832,934,125254,53533,0,71721,0,125254,-117212585,0,112821000,4391585,0,133998505,0,449901965,4391585,588292055,251211090,0,337080965,0,588292055
2020-09-11,4630,4635,4620,4630,206478,0.0,-119765,31276,86782,1707,0,5391,31276,154454,12303,203424,125156,0,67672,10596,203424,-562452555,146889755,407380325,8182475,0,25328805,146889755,725501110,57885610,955605280,587781360,0,318120785,49703135,955605280
2020-09-14,4630,4640,4620,4635,127952,0.10799136069114472,-39637,3274,38768,-2405,0,26268,3274,96514,3,126059,65905,0,57746,2408,126059,-186442515,15396740,182337730,-11291955,0,123555855,15396740,453787495,14105,592754195,309998370,0,271449765,11306060,592754195
2020-09-15,4640,4640,4625,4635,126478,0.0,-35178,10237,23940,1001,0,43864,10237,69505,1001,124607,79042,0,45565,0,124607,-165384790,48114900,112565185,4704705,0,206304085,48114900,326738355,4704705,585862045,371688875,0,214173170,0,585862045
2020-09-16,4635,4640,4630,4640,168213,0.10787486515641855,-19115,4625,5004,9486,0,80593,4625,71021,9486,165725,99708,0,66017,0,165725,-89948330,21737500,23577495,44633335,0,379255040,21737500,334077820,44633335,779703695,469203370,0,310500325,0,779703695
2020-09-17,4640,4655,4630,4635,188129,-0.10775862068965517,-81397,44618,40743,-3964,0,31728,44618,100209,8791,185346,113125,0,59466,12755,185346,-383476840,210337860,191590310,-18451330,0,149430475,210337860,471404715,41537455,872710505,532907315,0,279814405,59988785,872710505
2020-09-18,4640,4655,4630,4650,146810,0.3236245954692557,-30942,3187,21262,6493,0,55401,13740,66864,8633,144638,86343,10553,45602,2140,144638,-145895215,14996940,100294835,30603440,0,261271535,64780800,315265760,40661440,681979535,407166750,49783860,214970925,10058000,681979535
2020-09-21,4635,4650,4635,4640,215933,-0.21505376344086022,-37373,-3292,47224,-6559,0,29985,24106,155492,3156,212739,67358,27398,108268,9715,212739,-176190980,-15478990,222582255,-30912285,0,141482330,113653790,733130960,14893940,1003161020,317673310,129132780,510548705,45806225,1003161020
2020-09-22,4635,4640,4630,4635,101293,-0.10775862068965517,11017,0,-10441,-576,0,32623,0,62457,4715,99795,21606,0,72898,5291,99795,51748780,0,-49074800,-2673980,0,153413790,0,293684420,22194995,469293205,101665010,0,342759220,24868975,469293205
2020-09-23,4640,4650,4625,4640,74262,0.10787486515641855,-16271,22217,-5511,-435,0,13068,22217,33031,4847,73163,29339,0,38542,5282,73163,-76730735,104691225,-25930995,-2029495,0,61483355,104691225,155401860,22816170,344392610,138214090,0,181332855,24845665,344392610
2020-09-24,4640,4645,4620,4640,137651,0.0,-16580,23978,-15298,7900,0,47306,23978,56331,8000,135615,63886,0,71629,100,135615,-77706565,112799880,-72290145,37196830,0,222632205,112799880,264667000,37667330,637766415,300338770,0,336957145,470500,637766415
2020-09-25,4640,4650,4630,4650,128167,0.21551724137931033,-11637,1000,13899,-3262,0,58033,1000,61781,5457,126271,69670,0,47882,8719,126271,-54651460,4705000,65285145,-15338685,0,273719645,4705000,291020555,25727805,595173005,328371105,0,225735410,41066490,595173005
2020-09-28,4650,4660,4645,4645,133888,-0.10752688172043011,-47089,43600,6706,-3217,0,31271,43600,57036,0,131907,78360,0,50330,3217,131907,-222409685,205953000,31644230,-15187545,0,147852730,205953000,269370785,0,623176515,370262415,0,237726555,15187545,623176515
2020-09-29,4655,4669,4645,4665,69100,0.4305705059203444,3747,-9541,5776,18,0,24597,8097,32376,3008,68078,20850,17638,26600,2990,68078,17679690,-45048540,27262345,106505,0,116215535,38237840,153010480,14222800,321686655,98535845,83286380,125748135,14116295,321686655
2020-10-05,4669,4704,4664,4695,186611,0.6430868167202572,-100348,52179,41312,6857,0,37438,52179,78972,15261,183850,137786,0,37660,8404,183850,-477443335,248257390,196638700,32547245,0,178056065,248257390,375615895,72483290,874412640,655499400,0,178977195,39936045,874412640
2020-10-06,4694,4714,4674,4714,103618,0.4046858359957401,-57427,2900,53601,926,0,20695,3000,75356,3034,102085,78122,100,21755,2108,102085,-274320750,13812000,256053365,4455385,0,98804070,14290000,359872920,14491955,487458945,373124820,478000,103819555,10036570,487458945
2020-10-07,4719,4719,4689,4714,82788,0.0,-41531,7089,41369,-6927,0,14980,7089,59493,1,81563,56511,0,18124,6928,81563,-198370555,33900420,197521230,-33051095,0,71602165,33900420,284178160,4780,389685525,269972720,0,86656930,33055875,389685525
2020-10-08,4714,4758,4709,4759,189082,0.9546033092914722,-95562,15422,72487,7653,0,37467,15422,125743,7653,186285,133029,0,53256,0,186285,-459727195,74217655,348700295,36809245,0,180530930,74217655,604621285,36809245,896179115,640258125,0,255920990,0,896179115
2020-10-12,4758,4773,4728,4763,122148,0.08405127127547804,-50829,1293,53549,-4013,0,6683,1293,108803,3562,120341,57512,0,55254,7575,120341,-245072885,6219330,258224020,-19370465,0,32269485,6219330,524842180,17162130,580493125,277342370,0,266618160,36532595,580493125
2020-10-13,4758,4773,4738,4773,83959,0.20995171110644553,-7013,513,483,6017,0,41443,513,34694,6067,82717,48456,0,34211,50,82717,-33918795,2470095,2439990,29008710,0,200156135,2470095,167537165,29250710,399414105,234074930,0,165097175,242000,399414105
2020-10-14,4773,4783,4758,4768,175701,-0.10475591870940709,-70845,425,67563,2857,0,20779,28261,115054,9008,173102,91624,27836,47491,6151,173102,-343269515,1958615,327393140,13917760,0,100601840,136768935,557293290,43688600,838352665,443871355,134810320,229900150,29770840,838352665
2020-10-15,4778,4788,4758,4783,61720,0.3145973154362416,-16957,-3659,25882,-5266,0,9639,205,49316,1647,60807,26596,3864,23434,6913,60807,-82012145,-17742805,125212965,-25458015,0,46645175,995275,238593085,7965950,294199485,128657320,18738080,113380120,33423965,294199485
2020-10-16,4788,4797,4778,4788,92806,0.10453690152623876,-35073,85,27425,7563,0,15174,205,68491,7563,91433,50247,120,41066,0,91433,-170362430,412075,133196690,36753665,0,73762355,995275,332747010,36753665,444258305,244124785,583200,199550320,0,444258305
2020-10-19,4797,4857,4783,4837,212860,1.023391812865497,-78542,10818,58428,9296,0,89421,10818,98342,11130,209711,167963,0,39914,1834,209711,-383632215,52836950,285336895,45458370,0,437622825,52836950,480487875,54367750,1025315400,821255040,0,195150980,8909380,1025315400
2020-10-20,4857,4857,4807,4852,123812,0.3101095720487906,-49577,22129,38763,-11315,0,24712,22129,70938,4201,121980,74289,0,32175,15516,121980,-243611945,108689775,190395985,-55473815,0,121227760,108689775,348210570,20594590,598722695,364839705,0,157814585,76068405,598722695
2020-10-21,4857,4861,4837,4847,232428,-0.1030502885408079,-196969,75406,120956,607,0,22027,75406,126447,5110,228990,218996,0,5491,4503,228990,-969163480,371172520,594991125,2999835,0,108477625,371172520,622027185,25142800,1126820130,1077641105,0,27036060,22142965,1126820130
2020-10-22,4847,4861,4837,4862,300505,0.30946977511863005,-233212,103242,121370,8600,0,35768,103242,148450,8600,296060,268980,0,27080,0,296060,-1147554520,508171030,597046960,42336530,0,176125370,508171030,730359485,42336530,1456992415,1323679890,0,133312525,0,1456992415
2020-10-23,4866,4876,4847,4867,322059,0.10283833813245577,-250866,41219,195030,14617,0,17674,41219,235187,23215,317295,268540,0,40157,8598,317295,-1237513455,203272480,961952250,72288725,0,87234920,203272480,1160019025,114634715,1565161140,1324748375,0,198066775,42345990,1565161140
2020-10-26,4891,4891,4847,4862,243712,-0.10273268954181221,-129101,33012,111690,-15601,0,38037,33012,162589,6469,240107,167138,0,50899,22070,240107,-636907205,162849340,551181300,-77123435,0,187772750,162849340,802440135,31914515,1184976740,824679955,0,251258835,109037950,1184976740
2020-10-27,4866,4881,4857,4872,158818,0.20567667626491154,-78286,4000,75966,-1680,0,29243,4000,112422,10804,156469,107529,0,36456,12484,156469,-386684565,19760000,375097600,-8173035,0,144398390,19760000,555189930,53479800,772828120,531082955,0,180092330,61652835,772828120
2020-10-28,4876,4876,4852,4877,114842,0.10262725779967159,-68196,39814,32956,-4574,0,20305,39814,48604,4420,113143,88501,0,15648,8994,113143,-337071975,196688345,162907635,-22524005,0,100339560,196688345,240254590,21878995,559161490,437411535,0,77346955,44403000,559161490
2020-10-29,4866,4876,4857,4867,109595,-0.2050440844781628,-60710,16001,45468,-759,0,18702,16001,73270,1,107974,79412,0,27802,760,107974,-299967460,79089935,224626985,-3749460,0,92427770,79089935,361847765,4940,533370410,392395230,0,137220780,3754400,533370410
2020-10-30,4876,4881,4852,4877,91754,0.20546537908362442,-31851,0,28959,2892,0,34149,0,52543,3705,90397,66000,0,23584,813,90397,-157545335,0,143229735,14315600,0,168880035,0,259768675,18331755,446980465,326425370,0,116538940,4016155,446980465
2020-11-02,4871,4886,4861,4872,160157,-0.1025220422390814,-111068,0,114351,-3283,0,17020,0,138831,1937,157788,128088,0,24480,5220,157788,-549919905,0,566147400,-16227495,0,84202450,0,687238370,9593485,781034305,634122355,0,121090970,25820980,781034305
2020-11-03,4876,4881,4861,4867,119777,-0.10262725779967159,-52457,4000,47456,1001,0,26930,4000,86074,1001,118005,79387,0,38618,0,118005,-259372335,19760000,234657385,4954950,0,133042250,19760000,425385715,4954950,583142915,392414585,0,190728330,0,583142915
2020-11-04,4866,4876,4857,4872,102174,0.10273268954181221,-73688,29149,39424,5115,0,15147,29149,50827,5540,100663,88835,0,11403,425,100663,-364046570,144042720,194690110,25313740,0,74851465,144042720,251039000,27415315,497348500,438898035,0,56348890,2101575,497348500
2020-11-05,4876,4876,4857,4867,69718,-0.10262725779967159,-37730,11000,28555,-1825,0,8400,11000,45592,3695,68687,46130,0,17037,5520,68687,-186503590,54340000,141136525,-8972935,0,41501935,54340000,225288320,18270250,339400505,228005525,0,84151795,27243185,339400505
2020-11-06,4866,4866,4842,4857,117867,-0.20546537908362442,-62532,27000,33866,1666,0,31377,27000,52942,4804,116123,93909,0,19076,3138,116123,-307902270,132925000,166732320,8244950,0,154683160,132925000,260742535,23708820,572059515,462585430,0,94010215,15463870,572059515
2020-11-09,4861,4871,4847,4872,60141,0.3088326127239036,-488,11500,-10451,-561,0,22193,11500,23490,2068,59251,22681,0,33941,2629,59251,-2432310,56735000,-51548705,-2753985,0,109530470,56735000,115860950,10215875,292342295,111962780,0,167409655,12969860,292342295
2020-11-10,4871,4871,4847,4852,146257,-0.41050903119868637,-109069,20000,91361,-2292,0,10428,20000,102527,11138,144093,119497,0,11166,13430,144093,-537914305,98558175,450520070,-11163940,0,51390560,98558175,505590715,55077205,710616655,589304865,0,55070645,66241145,710616655
2020-11-11,4852,4857,4817,4828,198861,-0.49464138499587795,-142251,8030,134220,1,0,21049,8030,151751,15089,195919,163300,0,17531,15088,195919,-697889400,39413955,658054305,421140,0,103256860,39413955,744033700,74355050,961059565,801146260,0,85979395,73933910,961059565
2020-11-12,4827,4837,4812,4832,133614,0.08285004142502071,-94412,15500,72529,6383,0,25883,15500,82633,7621,131637,120295,0,10104,1238,131637,-462285730,75832500,355165715,31287515,0,126780310,75832500,404611980,37335145,644559935,589066040,0,49446265,6047630,644559935
2020-11-13,4832,4832,4817,4828,98425,-0.08278145695364239,-58564,2000,57673,-1109,0,21420,2000,70071,3478,96969,79984,0,12398,4587,96969,-286648140,9790000,282252960,-5394820,0,104858560,9790000,342912210,17042175,474602945,391506700,0,60659250,22436995,474602945
2020-11-16,4832,4832,4802,4813,120726,-0.3106876553438277,-41871,4000,42349,-4478,0,46127,4000,68023,790,118940,87998,0,25674,5268,118940,-204961910,19540000,207320625,-21898715,0,225724420,19540000,332955920,3866855,582087195,430686330,0,125635295,25765570,582087195
2020-11-17,4817,4827,4807,4823,72672,0.2077706212341575,-29040,500,25443,3097,0,25932,500,42068,3097,71597,54972,0,16625,0,71597,-142031580,2440000,124416280,15175300,0,126821430,2440000,205798370,15175300,350235100,268853010,0,81382090,0,350235100
2020-11-18,4827,4837,4807,4823,117932,0.0,-80762,8100,65961,6701,0,21360,8100,74773,11954,116187,102122,0,8812,5253,116187,-394908105,39589000,322443690,32875415,0,104438725,39589000,365530365,58540340,568098430,499346830,0,43086675,25664925,568098430
2020-11-19,4827,4827,4807,4818,192265,-0.10366991499066971,-110212,23237,80966,6009,0,25352,27000,128985,8084,189421,135564,3763,48019,2075,189421,-538500510,113590515,395452705,29457290,0,123939155,132010000,630107655,39583290,925640100,662439665,18419485,234654950,10126000,925640100
2020-11-20,4817,4827,4802,4828,73004,0.20755500207555005,-14240,0,25057,-10817,0,18439,0,53385,100,71924,32679,0,28328,10917,71924,-69574540,0,122354010,-52779470,0,90210160,0,260894150,489520,351593830,159784700,0,138540140,53268990,351593830
2020-11-23,4822,4837,4812,4823,263076,-0.1035625517812759,-105779,28000,81301,-3522,0,71645,28000,155686,3853,259184,177424,0,74385,7375,259184,-517635415,136895000,398006225,-17265810,0,350526445,136895000,761996065,18878410,1268295920,868161860,0,363989840,36144220,1268295920
2020-11-24,4822,4832,4807,4828,264739,0.10366991499066971,-168395,11400,143185,13810,0,47338,11400,168697,33388,260823,215733,0,25512,19578,260823,-823656265,55678500,700111320,67866445,0,231490110,55678500,824884980,163466825,1275520415,1055146375,0,124773660,95600380,1275520415
2020-11-25,4827,4832,4807,4823,336807,-0.1035625517812759,-211844,17500,173295,21049,0,61365,17500,223566,29394,331825,273209,0,50271,8345,331825,-1036718055,85577500,847975270,103165285,0,300283435,85577500,1093947230,143962875,1623771040,1337001490,0,245971960,40797590,1623771040
2020-11-26,4822,4827,4807,4828,432868,0.10366991499066971,-307824,106727,190396,10701,0,32605,106727,247923,39210,426465,340429,0,57527,28509,426465,-1504759565,521911740,930325525,52522300,0,159340735,521911740,1211651630,191790190,2084694295,1664100300,0,281326105,139267890,2084694295
2020-11-27,4733,4773,4699,4759,380993,-1.4291632145816073,1643,-4500,-10136,12993,0,91404,7500,251950,24503,375357,89761,12000,262086,11510,375357,8675285,-22110000,-48772595,62207310,0,439220280,35925000,1207805095,117445555,1800395930,430544995,58035000,1256577690,55238245,1800395930
2020-11-30,4758,4758,4714,4714,102257,-0.945576801849128,3649,-11839,2674,5516,0,35752,0,58989,6003,100744,32103,11839,56315,487,100744,17598235,-56761855,12690875,26472745,0,171697325,0,283039465,28809255,483546045,154099090,56761855,270348590,2336510,483546045
2020-12-01,4728,4738,4679,4699,300314,-0.3182011030971574,-181799,3000,169672,9127,0,81705,3000,197380,13786,295871,263504,0,27708,4659,295871,-866320485,14295000,808539895,43485590,0,389258590,14295000,940719350,65738435,1410011375,1255579075,0,132179455,22252845,1410011375
2020-12-02,4719,4728,4689,4724,80699,0.5320280910832093,-7198,-2106,1275,8029,0,18435,0,52575,8495,79505,25633,2106,51300,466,79505,-34265025,-10077210,5930950,38411285,0,87887000,0,251076810,40636275,379600085,122152025,10077210,245145860,2224990,379600085
2020-12-03,4728,4728,4679,4724,68142,0.0,-24195,-7005,36588,-5388,0,13254,298,53581,1,67134,37449,7303,16993,5389,67134,-115310190,-33514175,174581505,-25757140,0,63296875,1416990,255776370,4765,320495000,178607065,34931165,81194865,25761905,320495000
2020-12-04,4724,4728,4689,4719,74583,-0.10584250635055038,-11880,-2995,12621,2254,0,11718,5,58424,3333,73480,23598,3000,45803,1079,73480,-56590350,-14311100,60154150,10747300,0,56024725,23900,278996055,15907735,350952415,112615075,14335000,218841905,5160435,350952415
2020-12-07,4719,4719,4669,4704,180247,-0.3178639542275906,-14415,-14686,24743,4358,0,57673,1705,111640,6563,177581,72088,16391,86897,2205,177581,-67803355,-70069300,117180530,20692125,0,274823810,8100450,530858025,31212775,844995060,342627165,78169750,413677495,10520650,844995060
2020-12-08,4699,4714,4679,4714,61822,0.21258503401360546,3950,-153,-12248,8451,0,33353,20,17060,10474,60907,29403,173,29308,2023,60907,18843340,-728080,-58465235,40349975,0,158903845,95400,81260465,49983040,290242750,140060505,823480,139725700,9633065,290242750
2020-12-09,4719,4719,4694,4714,64154,0.0,36438,-14980,-16232,-5226,0,55292,20,7817,76,63205,18854,15000,24049,5302,63205,174239855,-71629500,-77622805,-24987550,0,264293965,95500,37345105,363595,302098165,90054110,71725000,114967910,25351145,302098165
2020-12-10,4719,4724,4689,4714,242520,0.0,-55138,58159,-4185,1164,0,77882,68159,87596,5295,238932,133020,10000,91781,4131,238932,-263761025,278241595,-20094940,5614370,0,372479480,326091595,418615420,25351465,1142537960,636240505,47850000,438710360,19737095,1142537960
2020-12-11,4684,4822,4684,4823,677144,2.312261349172677,235098,-38295,-199663,2860,0,612354,1809,26677,26287,667127,377256,40104,226340,23427,667127,1142026300,-185522355,-970180215,13676270,0,2976259645,8656525,128852765,127446005,3241214940,1834233345,194178880,1099032980,113769735,3241214940
2020-12-14,4827,4827,4773,4813,225976,-0.20733982998133943,86100,-10898,-67608,-7594,0,209272,102,12945,314,222633,123172,11000,80553,7908,222633,420433175,-53236730,-330140935,-37055510,0,1021412410,498270,63042615,1527425,1086480720,600979235,53735000,393183550,38582935,1086480720
2020-12-15,4817,4817,4768,4798,177316,-0.31165593185123625,32203,-16700,-16105,602,0,156243,800,13518,4132,174693,124040,17500,29623,3530,174693,156757175,-81187270,-78531340,2961435,0,760003790,3886500,65605290,20122840,849618420,603246615,85073770,144136630,17161405,849618420
2020-12-16,4817,4817,4783,4783,43529,-0.3126302626094206,-12238,400,7007,4831,0,9752,400,27339,5394,42885,21990,0,20332,563,42885,-59482930,1942000,34007840,23533090,0,47417695,1942000,132965370,26269270,208594335,106900625,0,98957530,2736180,208594335
2020-12-17,4802,4802,4758,4763,67596,-0.41814760610495505,-21583,344,27053,-5814,0,29354,344,36898,0,66596,50937,0,9845,5814,66596,-104465065,1672320,130960015,-28167270,0,142141455,1672320,178691195,0,322504970,246606520,0,47731180,28167270,322504970
2020-12-18,4802,4802,4743,4754,233769,-0.18895653999580095,-144052,62095,96619,-14662,0,60027,64095,105187,1002,230311,204079,2000,8568,15664,230311,-695974250,300204725,466545810,-70776285,0,290018910,309844725,507914640,4829650,1112607925,985993160,9640000,41368830,75605935,1112607925
2020-12-21,4763,4763,4738,4754,187465,0.0,-28427,63505,-26505,-8573,0,46702,70699,59188,8103,184692,75129,7194,85693,16676,184692,-136799445,305767655,-127669515,-41298695,0,225139055,340490235,285327765,39094335,890051390,361938500,34722580,412997280,80393030,890051390
2020-12-22,4758,4758,4728,4739,98880,-0.3155237694572991,-47455,24250,25446,-2241,0,9247,24260,60051,3859,97417,56702,10,34605,6100,97417,-228193595,116629950,122361265,-10797620,0,44481275,116678100,288913200,18565315,468637890,272674870,48150,166551935,29362935,468637890
2020-12-23,4743,4753,4724,4724,122224,-0.3165224730955898,-70017,25000,47572,-2555,0,13864,25791,70759,10002,120416,83881,791,23187,12557,120416,-336274485,119968945,228426690,-12121150,0,66670365,123784605,339783325,48180170,578418465,402944850,3815660,111356635,60301320,578418465
2020-12-24,4724,4738,4719,4729,231438,0.10584250635055038,-54219,-7488,23811,37896,0,30980,32513,114389,50132,228014,85199,40001,90578,12236,228014,-259985155,-36479965,114104270,182360850,0,148614515,155924845,548507630,241067125,1094114115,408599670,192404810,434403360,58706275,1094114115
2020-12-28,4748,4748,4709,4739,190039,0.2114611968703743,-83221,28206,36245,18770,0,20732,28206,96772,41518,187228,103953,0,60527,22748,187228,-399306750,135265730,173442555,90598465,0,99353945,135265730,464448935,199757250,898825860,498660695,0,291006380,109158785,898825860
2020-12-29,4728,4763,4724,4739,63554,0.0,21984,-7500,-9090,-5394,0,39014,0,15544,8056,62614,17030,7500,24634,13450,62614,105942510,-36190175,-43743270,-26009065,0,188090700,0,74892695,38760520,301743915,82148190,36190175,118635965,64769585,301743915
2020-12-30,4738,4738,4709,4734,125515,-0.10550749103186326,-62561,57096,20167,-14702,0,6913,57096,52554,7095,123658,69474,0,32387,21797,123658,-300123445,273664840,96808340,-70349735,0,33171170,273664840,252256720,34100015,593192745,333294615,0,155448380,104449750,593192745
2021-01-04,4728,4753,4714,4724,303577,-0.21123785382340513,-7204,86901,-61492,-18205,0,132793,89901,74556,1836,299086,139997,3000,136048,20041,299086,-34084615,416677210,-295338085,-87254510,0,637014460,431062210,357400805,8832110,1434309585,671099075,14385000,652738890,96086620,1434309585
2021-01-05,4714,4748,4714,4729,238634,0.10584250635055038,-77135,0,69685,7450,0,98432,0,117393,19279,235104,175567,0,47708,11829,235104,-370271655,0,334420410,35851245,0,472216425,0,563361680,92571300,1128149405,842488080,0,228941270,56720055,1128149405
2021-01-06,4728,4753,4724,4729,240940,0.0,320,-6972,1039,5613,0,157384,1528,51481,26983,237376,157064,8500,50442,21370,237376,1148085,-33480460,4992595,27339780,0,756179025,7349540,247488115,130021290,1141037970,755030940,40830000,242495520,102681510,1141037970
2021-01-07,4728,4758,4724,4734,206504,0.10573059843518715,16256,5000,-3556,-17700,0,157429,5000,35055,5965,203449,141173,0,38611,23665,203449,78063950,24025000,-17158865,-84930085,0,756143115,24025000,168223360,28663575,977055050,678079165,0,185382225,113593660,977055050
2021-01-08,4733,4743,4719,4729,158179,-0.10561892691170256,12512,484,-12643,-353,0,80167,23984,50127,1561,155839,67655,23500,62770,1914,155839,60032025,2363040,-60715830,-1679235,0,384777730,115163040,240692610,7509160,748142540,324745705,112800000,301408440,9188395,748142540
2021-01-11,4724,4733,4699,4729,204210,0.0,-701,-67499,17175,51025,0,49085,1000,99101,52003,201189,49786,68499,81926,978,201189,-3212890,-323748485,81855425,245105950,0,235042265,4790000,474074790,249791360,963698415,238255155,328538485,392219365,4685410,963698415
2021-01-12,4728,4728,4689,4699,104712,-0.6343835906111228,-30739,-7500,38536,-297,0,26436,3500,73227,0,103163,57175,11000,34691,297,103163,-146693545,-35850000,183959895,-1416350,0,126356160,16730000,349811750,0,492897910,273049705,52580000,165851855,1416350,492897910
2021-01-13,4709,4728,4679,4699,206506,0.0,94651,-83445,-3817,-7389,0,128757,16555,52497,5642,203451,34106,100000,56314,13031,203451,451462975,-398144485,-18179025,-35139465,0,613982260,78855515,249988620,26856760,969683155,162519285,477000000,268167645,61996225,969683155
2021-01-14,4689,4709,4689,4690,76010,-0.1915301127899553,-24151,6000,15661,2490,0,18414,6000,45826,4646,74886,42565,0,30165,2156,74886,-114972985,28567585,74507425,11897975,0,87730920,28567585,218220340,22170985,356689830,202703905,0,143712915,10273010,356689830
2021-01-15,4689,4719,4674,4685,116239,-0.10660980810234541,-42214,19007,26911,-3704,0,30029,19007,59243,6240,114519,72243,0,32332,9944,114519,-200772410,90353285,127963745,-17544620,0,142824100,90353285,281715915,29717120,544610420,343596510,0,153752170,47261740,544610420
2021-01-18,4684,4699,4640,4645,127047,-0.8537886872998933,-84797,16320,68831,-354,0,19735,16320,88458,655,125168,104532,0,19627,1009,125168,-400891480,77309700,325251340,-1669560,0,93502080,77309700,418329485,3115055,592256320,494393560,0,93078145,4784615,592256320
2021-01-19,4645,4655,4630,4645,137113,0.0,-94822,37005,59150,-1333,0,22336,37005,75189,555,135085,117158,0,16039,1888,135085,-446438305,174321905,278387570,-6271170,0,105176810,174321905,353926435,2618650,636043800,551615115,0,75538865,8889820,636043800
2021-01-20,4640,4714,4640,4665,117767,0.4305705059203444,3719,43368,-57381,10294,0,42397,43368,18721,11539,116025,38678,0,76102,1245,116025,17773220,205910115,-272503070,48819735,0,201389610,205910115,88880040,54726385,550906150,183616390,0,361383110,5906650,550906150
2021-01-21,4699,4733,4664,4719,133297,1.157556270096463,-11990,50963,-42097,3124,0,39376,55963,30016,5970,131325,51366,5000,72113,2846,131325,-57324500,244085670,-201705660,14944490,0,188424305,268023170,143432885,28551525,628431885,245748805,23937500,345138545,13607035,628431885
2021-01-22,4719,4724,4684,4690,178267,-0.6145369781733417,-75880,29626,54825,-8571,0,42812,32126,81562,19130,175630,118692,2500,26737,27701,175630,-362215470,141231630,261652180,-40668340,0,204592850,153219130,389439305,91597075,838848360,566808320,11987500,127787125,132265415,838848360
2021-01-25,4709,4709,4689,4695,75958,0.10660980810234541,-29193,22922,9458,-3187,0,18554,33586,22694,0,74834,47747,10664,13236,3187,74834,-139227305,109341130,45075870,-15189695,0,88395220,160132505,108173940,0,356701665,227622525,50791375,63098070,15189695,356701665
2021-01-26,4714,4728,4664,4704,133732,0.19169329073482427,17571,32500,-61551,11480,0,18951,32500,67661,12642,131754,1380,0,129212,1162,131754,83611060,154687500,-293144420,54845860,0,90211375,154687500,321872300,60398270,627169445,6600315,0,615016720,5552410,627169445
2021-01-27,4704,4733,4674,4709,100103,0.10629251700680273,-20078,-8000,18511,9567,0,30764,4000,50651,13207,98622,50842,12000,32140,3640,98622,-96303295,-38302500,88672215,45933580,0,147191180,19180000,242696855,63380050,472448085,243494475,57482500,154024640,17446470,472448085
2021-01-28,4704,4719,4679,4695,64348,-0.297303036738161,13232,-4108,-2185,-6939,0,30029,3000,29976,391,63396,16797,7108,32161,7330,63396,63056830,-19595705,-10418590,-33042535,0,143244160,14319995,142872190,1865260,302301605,80187330,33915700,153290780,34907795,302301605
2021-01-29,4704,4709,4674,4680,90089,-0.3194888178913738,17586,7000,-26542,1956,0,46452,7000,31947,3357,88756,28866,0,58489,1401,88756,83685685,33355000,-126368880,9328195,0,221318325,33355000,152077790,16001525,422752640,137632640,0,278446670,6673330,422752640
2021-02-01,4694,4719,4660,4690,71996,0.2136752136752137,-8192,918,18555,-11281,0,35212,3600,32049,70,70931,43404,2682,13494,11351,70931,-38986245,4411680,88209290,-53634725,0,167512430,17178000,152285315,332895,337308640,206498675,12766320,64076025,53967620,337308640
2021-02-02,4679,4694,4669,4675,120621,-0.31982942430703626,-62891,6578,55784,529,0,21335,16200,79290,2012,118837,84226,9622,23506,1483,118837,-298881450,31240390,265106065,2534995,0,101450760,76953000,376816440,9577490,564797690,400332210,45712610,111710375,7042495,564797690
2021-02-03,4679,4704,4669,4695,68727,0.42780748663101603,-31994,9050,23079,-135,0,14868,9050,40818,2974,67710,46862,0,17739,3109,67710,-151985175,43042500,109555890,-613215,0,70673560,43042500,193916095,14140920,321773075,222658735,0,84360205,14754135,321773075
2021-02-04,4689,4704,4674,4675,65147,-0.42598509052183176,-11405,-7932,19399,-62,0,15457,200,48149,377,64183,26862,8132,28750,439,64183,-54175945,-37743300,92211765,-292520,0,73541160,950000,228848485,1794520,305134165,127717105,38693300,136636720,2087040,305134165
2021-02-05,4669,4704,4669,4695,67695,0.42780748663101603,-4665,-23208,27799,74,0,14232,0,50303,2159,66694,18897,23208,22504,2085,66694,-22201165,-110700700,132577300,324565,0,67880025,0,239865845,10266980,318012850,90081190,110700700,107288545,9942415,318012850
2021-02-08,4694,4719,4694,4699,106212,0.08519701810436635,1020,-56267,57155,-1908,0,17547,10037,74280,2777,104641,16527,66304,17125,4685,104641,4865365,-268445790,272640195,-9059770,0,83753815,47876490,354451060,13287945,499369310,78888450,316322280,81810865,22347715,499369310
2021-02-09,4699,4719,4699,4704,107685,0.10640561821664184,19469,-40653,21349,-165,0,43450,8035,54063,544,106092,23981,48688,32714,709,106092,92948035,-194071800,101910655,-786890,0,207567565,38386970,258301055,2599605,506855195,114619530,232458770,156390400,3386495,506855195
2021-02-10,4704,4709,4689,4709,50548,0.10629251700680273,-12155,0,13123,-968,0,13972,0,35752,76,49800,26127,0,22629,1044,49800,-57967740,0,62576100,-4608360,0,66633440,0,170459390,362530,237455360,124601180,0,107883290,4970890,237455360
2021-02-15,4709,4724,4704,4709,102490,0.0,41683,-30086,-11734,137,0,65568,3014,31924,468,100974,23885,33100,43658,331,100974,199469110,-143826080,-56300255,657225,0,313784325,14416920,152677480,2240025,483118750,114315215,158243000,208977735,1582800,483118750
2021-02-16,4719,4719,4709,4719,90772,0.21235931195582924,-5265,-500,5882,-117,0,46406,2000,40688,335,89429,51671,2500,34806,452,89429,-25179725,-2395000,28132960,-558235,0,222029770,9580000,194709315,1604650,427923735,247209495,11975000,166576355,2162885,427923735
2021-02-17,4719,4728,4640,4724,113628,0.10595465140919687,-13211,0,14234,-1023,0,38352,0,69237,4358,111947,51563,0,55003,5381,111947,-63229100,0,68086620,-4857520,0,183398800,0,330645060,20880555,534924415,246627900,0,262558440,25738075,534924415
2021-02-18,4728,4728,4699,4719,54439,-0.10584250635055038,-4991,-2825,7117,699,0,31601,2,21300,731,53634,36592,2827,14183,32,53634,-23805075,-13544265,34007565,3341775,0,151160165,9565,101903905,3495055,256568690,174965240,13553830,67896340,153280,256568690
2021-02-19,4719,4728,4704,4719,64029,0.0,-9929,5001,4848,80,0,18876,5001,39097,108,63082,28805,0,34249,28,63082,-47468695,23929315,23156060,383320,0,90411070,23929315,187152425,517385,302010195,137879765,0,163996365,134065,302010195
2021-02-22,4728,4733,4714,4724,117680,0.10595465140919687,-29098,28250,-828,1676,0,28202,30250,54767,2720,115939,57300,2000,55595,1044,115939,-139628420,135605000,-4023045,8046465,0,135287970,145200000,262720155,13056000,556264125,274916390,9595000,266743200,5009535,556264125
2021-02-23,4728,4728,4694,4709,109752,-0.31752751905165116,-12285,-20503,29132,3656,0,18304,7211,65869,16744,108128,30589,27714,36737,13088,108128,-58899065,-97794415,138958615,17734865,0,87462395,34550795,314677965,80367290,517058445,146361460,132345210,175719350,62632425,517058445
2021-02-24,4709,4724,4689,4714,70781,0.10617965597791462,-12068,30167,-17897,-202,0,14571,30167,19512,5484,69734,26639,0,37409,5686,69734,-57649765,144198260,-85659195,-889300,0,69646855,144198260,93152225,26225300,333222640,127296620,0,178811420,27114600,333222640
2021-02-25,4694,4758,4694,4729,97462,0.3182011030971574,-24067,52632,-42145,13580,0,11994,57132,8401,18493,96020,36061,4500,50546,4913,96020,-115546485,252620580,-202308700,65234605,0,57592095,274220580,40311445,88810065,460934185,173138580,21600000,242620145,23575460,460934185
2021-02-26,4728,4733,4689,4729,122658,0.0,-26838,29420,-29659,27077,0,15399,35420,36799,33226,120844,42237,6000,66458,6149,120844,-128910505,141216000,-142220800,129915305,0,73804130,170016000,176314590,159409950,579544670,202714635,28800000,318535390,29494645,579544670
2021-03-02,4733,4733,4714,4734,54561,0.10573059843518715,-5570,3,16277,-10710,0,5341,3,46337,2073,53754,10911,0,30060,12783,53754,-26738655,14370,78053905,-51329620,0,25611295,14370,222156560,9960640,257742865,52349950,0,144102655,61290260,257742865
2021-03-03,4733,4733,4704,4724,32802,-0.21123785382340513,1048,200,15723,-16971,0,6340,200,25751,26,32317,5292,0,10028,16997,32317,5044920,958000,75275060,-81277980,0,30397950,958000,123357035,124670,154837655,25353030,0,48081975,81402650,154837655
2021-03-04,4724,4728,4709,4729,49902,0.10584250635055038,-7061,6001,8173,-7113,0,14009,6001,25181,3973,49164,21070,0,17008,11086,49164,-33906740,28759780,39206730,-34059770,0,67148505,28759780,120755420,19065065,235728770,101055245,0,81548690,53124835,235728770
2021-03-05,4728,4728,4709,4724,81855,-0.10573059843518715,-39158,1446,41680,-3968,0,17308,1446,53165,8725,80644,56466,0,11485,12693,80644,-187782945,6931320,199729485,-18877860,0,82921350,6931320,254759860,41877480,386490010,270704295,0,55030375,60755340,386490010
2021-03-08,4724,4728,4699,4714,146104,-0.21168501270110077,-40956,-31524,57924,14556,0,23911,3185,93613,23234,143943,64867,34709,35689,8678,143943,-196438250,-150495550,276985425,69948375,0,114474955,15225030,447973725,111495735,689169445,310913205,165720580,170988300,41547360,689169445
2021-03-09,4719,4719,4694,4699,79186,-0.3182011030971574,-16290,-4850,15903,5237,0,21981,1577,38933,15524,78015,38271,6427,23030,10287,78015,-77633785,-23180900,75782655,25032030,0,104871395,7515160,185675065,74091250,372152870,182505180,30696060,109892410,49059220,372152870
2021-03-10,4704,4714,4689,4699,49756,0.0,-4669,1003,569,3097,0,18346,1003,23600,6071,49020,23015,0,23031,2974,49020,-22200230,4779295,2609025,14811910,0,87451120,4779295,112442390,28982565,233655370,109651350,0,109833365,14170655,233655370
2021-03-11,4694,4704,4684,4690,44703,-0.1915301127899553,-7381,1827,14875,-9321,0,10379,1827,31723,113,44042,17760,0,16848,9434,44042,-35196055,8698150,70882405,-44384500,0,49433215,8698150,151132300,538965,209802630,84629270,0,80249895,44923465,209802630
2021-03-12,4694,4728,4684,4719,116657,0.6183368869936035,1570,7306,2924,-11800,0,21046,41806,45211,6868,114931,19476,34500,42287,18668,114931,7310270,35470560,13611510,-56392340,0,100680725,200004585,216180435,32874230,549739975,93370455,164534025,202568925,89266570,549739975
2021-03-15,4719,4743,4719,4729,104220,0.21190930281839374,-40546,-3871,-1184,45601,0,7030,1129,44336,50183,102678,47576,5000,45520,4582,102678,-195050735,-18573865,-5670695,219295295,0,33751830,5436135,213142415,241308575,493638955,228802565,24010000,218813110,22013280,493638955
2021-03-16,4738,4768,4728,4749,200323,0.4229223937407486,-3212,-24571,-52513,80296,0,50816,329,45516,100699,197360,54028,24900,98029,20403,197360,-15460540,-118308785,-253548060,387317385,0,244992055,1585765,219683885,485651145,951912850,260452595,119894550,473231945,98333760,951912850
2021-03-17,4763,4817,4743,4818,207336,1.4529374605180037,-30105,6200,-52615,76520,0,48705,8250,58999,88315,204269,78810,2050,111614,11795,204269,-146448685,29845000,-255507805,372111490,0,236355740,39849250,287329430,429262710,992797130,382804425,10004250,542837235,57151220,992797130
2021-03-18,4822,4832,4797,4823,156821,0.10377750103777503,12514,17800,-45734,15420,0,26300,21800,50680,55721,154501,13786,4000,96414,40301,154501,61170865,87241785,-224082160,75669510,0,128728540,106801785,248170480,272878005,756578810,67557675,19560000,472252640,197208495,756578810
2021-03-19,4807,4857,4807,4823,423228,0.0,-114306,15201,-10163,109268,0,32038,16201,83815,284913,416967,146344,1000,93978,175645,416967,-561941630,74681925,-50321135,537580840,0,157295985,79606925,411191060,1397410755,2045504725,719237615,4925000,461512195,859829915,2045504725
2021-03-22,4861,4965,4837,4887,410230,1.3269749118805723,-157568,-3871,112596,48843,0,57270,4129,283679,59084,404162,214838,8000,171083,10241,404162,-782571120,-19494570,559099360,242966330,0,284039990,20466755,1410419015,294112935,2009038695,1066611110,39961325,851319655,51146605,2009038695
2021-03-23,4886,4901,4832,4887,160832,0.0,29182,-4588,-10825,-13769,0,91253,12,64423,2765,158453,62071,4600,75248,16534,158453,144538105,-22752770,-53867415,-67917920,0,452054615,59230,318840850,13695995,784650690,307516510,22812000,372708265,81613915,784650690
2021-03-24,4886,4891,4861,4887,122925,0.0,-1151,4013,13735,-16597,0,63214,4013,50586,3294,121107,64365,0,36851,19891,121107,-5864305,19870630,67980120,-81986445,0,313135080,19870630,250551635,16311685,599869030,318999385,0,182571515,98298130,599869030
2021-03-25,4886,4921,4866,4887,324454,0.0,-128457,2453,128894,-2890,0,120727,2453,169946,26528,319654,249184,0,41052,29418,319654,-636785660,12142750,638344350,-13701440,0,598671985,12142750,841913530,132211440,1584939705,1235457645,0,203569180,145912880,1584939705
2021-03-26,4901,4975,4876,4946,348691,1.2072846326989972,68002,-1277,-106036,39311,0,248156,0,51117,44260,343533,180154,1277,157153,4949,343533,343144385,-6372230,-533803870,197031715,0,1247818975,0,256100895,221844315,1725764185,904674590,6372230,789904765,24812600,1725764185
2021-03-29,4965,5014,4926,5015,203086,1.3950667205822886,63582,-26516,-27361,-9705,0,111765,2,80683,7632,200082,48183,26518,108044,17337,200082,321170970,-133579420,-138868400,-48723150,0,564485110,10040,406458960,38496090,1009450200,243314140,133589460,545327360,87219240,1009450200
2021-03-30,5014,5024,4975,5015,166119,0.0,38939,-29448,-35311,25820,0,64490,552,56259,42361,163662,25551,30000,91570,16541,163662,197451770,-149316590,-179221000,131085820,0,327009380,2798590,285564260,215072730,830444960,129557610,152115180,464785260,83986910,830444960
2021-03-31,5014,5083,4955,5015,325063,0.0,16181,1110,-58877,41586,0,73636,1110,197231,48277,320254,57455,0,256108,6691,320254,82454040,5603720,-301157920,213100160,0,377168850,5603720,1009513180,247300670,1639586420,294714810,0,1310671100,34200510,1639586420
2021-04-01,5073,5103,5024,5074,332990,1.1764705882352942,163030,-30611,-128787,-3632,0,214601,35111,71854,6498,328064,51571,65722,200641,10130,328064,839522040,-158275270,-662628950,-18617820,0,1105133110,180870430,370171080,33484690,1689659310,265611070,339145700,1032800030,52102510,1689659310
2021-04-02,5083,5152,5044,5153,203204,1.5569570358691367,61257,-38202,-39061,16006,0,90737,7,81581,27873,200198,29480,38209,120642,11867,200198,317412270,-197179790,-203561550,83329070,0,470065980,36160,422976170,144585780,1037664090,152653710,197215950,626537720,61256710,1037664090
2021-04-05,5172,5221,5152,5172,227713,0.3687172520861634,27732,-28841,-30286,31395,0,60580,4685,112035,47044,224344,32848,33526,142321,15649,224344,145943560,-151615640,-160413110,166085190,0,319225940,24726250,590474450,248250290,1182676930,173282380,176341890,750887560,82165100,1182676930
2021-04-06,5201,5211,5152,5202,209103,0.580046403712297,14868,-21744,-9627,16503,0,73801,19013,85129,28067,206010,58933,40757,94756,11564,206010,78541290,-114402510,-51246710,87107930,0,388044760,99818220,447714410,147909090,1083486480,309503470,214220730,498961120,60801160,1083486480
2021-04-07,5221,5221,5142,5172,194282,-0.5767012687427913,44865,-14551,-10932,-19382,0,73493,1025,109618,7272,191408,28628,15576,120550,26654,191408,235125970,-76412500,-56780840,-101932630,0,385881620,5361500,576103040,38033400,1005379560,150755650,81774000,632883880,139966030,1005379560
2021-04-08,5182,5192,5083,5113,203050,-1.1407579273008508,39897,-65253,48936,-23580,0,49305,9972,138729,2040,200046,9408,75225,89793,25620,200046,208183680,-340201350,255316940,-123299270,0,257270520,51526730,722250490,10650000,1041697740,49086840,391728080,466933550,133949270,1041697740
2021-04-09,5123,5152,5103,5113,124137,0.0,29983,-54829,30742,-5896,0,55379,3,61366,5553,122301,25396,54832,30624,11449,122301,156125610,-285147680,159612960,-30590890,0,288039700,15580,319043980,28931760,636031020,131914090,285163260,159431020,59522650,636031020
2021-04-12,5123,5132,5103,5133,109763,0.3911597887737141,-9639,-29835,39605,-131,0,41022,0,66988,129,108139,50661,29835,27383,260,108139,-50114330,-154798400,205592520,-679790,0,212857050,0,347798430,670150,561325630,262971380,154798400,142205910,1349940,561325630
2021-04-13,5142,5162,5123,5123,84522,-0.19481784531463084,11637,4,-9095,-2546,0,54254,4,28908,106,83272,42617,0,38003,2652,83272,60741390,20830,-47470390,-13291830,0,283159120,20830,150875290,554150,434609390,222417730,0,198345680,13845980,434609390
2021-04-14,5142,5142,5113,5143,103062,0.3903962521959789,-13172,-11497,25868,-1199,0,35186,3,65734,614,101537,48358,11500,39866,1813,101537,-68667770,-59804380,134707690,-6235540,0,183287690,15620,342331970,3194250,528829530,251955460,59820000,207624280,9429790,528829530
2021-04-15,5162,5211,5142,5212,147507,1.341629399183356,58192,-3357,-61044,6209,0,83758,17052,36282,8233,145325,25566,20409,97326,2024,145325,306599780,-17632000,-321601860,32634080,0,441430230,89864160,190930400,43300200,765524990,134830450,107496160,512532260,10666120,765524990
2021-04-16,5182,5290,5182,5251,210756,0.7482732156561781,-28707,7489,5248,15970,0,73594,7618,106721,19705,207638,102301,129,101473,3735,207638,-152456460,39760030,27626010,85070420,0,391985890,40442440,567622190,104933080,1104983600,544442350,682410,539996180,19862660,1104983600
2021-04-19,5290,5349,5280,5330,172581,1.5044753380308513,6144,-9907,379,3384,0,41585,5093,108732,14618,170028,35441,15000,108353,11234,170028,33345000,-53551680,2011760,18194920,0,224828770,27548320,587584310,78888070,918849470,191483770,81100000,585572550,60693150,918849470
2021-04-20,5349,5507,5349,5399,278136,1.2945590994371483,-8137,-8572,-11731,28440,0,66331,24165,137866,45660,274022,74468,32737,149597,17220,274022,-45630080,-46874200,-64372470,156876750,0,365219260,134014520,761837450,251653170,1512724400,410849340,180888720,826209920,94776420,1512724400
2021-04-21,5408,5467,5398,5448,255190,0.907575476940174,-3635,-11297,37538,-22606,0,106248,703,138079,6385,251415,109883,12000,100541,28991,251415,-20049720,-62190460,206328610,-124088430,0,585809740,3859540,761286120,35275160,1386230560,605859460,66050000,554957510,159363590,1386230560
2021-04-22,5477,5556,5477,5537,283191,1.633627019089574,-3508,-8194,13035,-1333,0,94340,106,138982,45574,279002,97848,8300,125947,46907,279002,-20744230,-45892430,73366410,-6729750,0,528198870,596570,778517410,255605510,1562918360,548943100,46489000,705151000,262335260,1562918360
2021-04-23,5556,5566,5497,5557,173920,0.36120642947444465,24586,-7668,-23216,6298,0,75689,1,77220,18437,171347,51103,7669,100436,12139,171347,137642370,-43170830,-129403320,34931780,0,425486790,5640,434654800,103255930,963403160,287844420,43176470,564058120,68324150,963403160
2021-04-26,5576,5605,5517,5586,152490,0.5218643152780278,44489,-4199,10385,-50675,0,78032,1,69884,2317,150234,33543,4200,59499,52992,150234,250801830,-23635330,58525840,-285692340,0,440084620,5670,394090280,13113040,847293610,189282790,23641000,335564440,298805380,847293610
2021-04-27,5586,5625,5566,5586,148681,0.0,-22654,12931,15533,-5810,0,64355,13431,65512,3184,146482,87009,500,49979,8994,146482,-128562290,73322490,88185930,-32946130,0,364891840,76172490,371692920,18064460,830821710,493454130,2850000,283506990,51010590,830821710
2021-04-28,5576,5615,5566,5586,152952,0.0,27506,-44379,6566,10307,0,62888,59,69000,18742,150689,35382,44438,62434,8435,150689,155692660,-251695800,37430230,58572910,0,356667470,335110,391341960,106412710,854757250,200974810,252030910,353911730,47839800,854757250
2021-04-29,5605,5605,5487,5586,178103,0.0,23447,-11364,8289,-20372,0,88664,136,81243,5425,175468,65217,11500,72954,25797,175468,132361140,-63758040,46303120,-114906220,0,499722990,764970,456356010,30443280,987287250,367361850,64523010,410052890,145349500,987287250
2021-04-30,5586,5655,5576,5655,168272,1.2352309344790546,23774,-626,-7636,-15512,0,72566,374,83414,9429,165783,48792,1000,91050,24941,165783,135681800,-3583780,-43997070,-88100950,0,413271480,2121220,475127160,53700390,944220250,277589680,5705000,519124230,141801340,944220250
2021-05-03,5664,5793,5655,5714,239286,1.0433244916003537,-29610,-39,8776,20873,0,56537,461,148078,30670,235746,86147,500,139302,9797,235746,-172324460,-242590,50318880,122248170,0,328234330,2667410,859809800,178879290,1369590830,500558790,2910000,809490920,56631120,1369590830
2021-05-04,5714,5852,5684,5793,196855,1.3825691284564228,16473,-2495,-17008,3030,0,60327,5,124633,8978,193943,43854,2500,141641,5948,193943,97113460,-14745500,-100118790,17750830,0,355592940,29500,731663450,52337180,1139623070,258479480,14775000,831782240,34586350,1139623070
2021-05-06,5822,6059,5822,5941,310809,2.554807526324875,-107045,-20484,98127,29402,0,60859,665,198132,46555,306211,167904,21149,100005,17153,306211,-642706270,-123037400,589327300,176416370,0,366764600,4009910,1191663060,279535680,1841973250,1009470870,127047310,602335760,103119310,1841973250
2021-05-07,6009,6009,5930,5961,219283,0.33664366268304996,-66661,-4135,72230,-1434,0,58108,9,138091,19831,216039,124769,4144,65861,21265,216039,-403684480,-25104640,437756980,-8967860,0,351920700,54440,836390900,119611930,1307977970,755605180,25159080,398633920,128579790,1307977970
2021-05-10,5911,6157,5911,6118,339898,2.633786277470223,-52332,840,30106,21386,0,110938,1240,193900,28792,334870,163270,400,163794,7406,334870,-324101020,5220000,186771970,132109050,0,688374530,7698000,1200976990,177741280,2074790800,1012475550,2478000,1014205020,45632230,2074790800
2021-05-11,6167,6167,5940,6098,304731,-0.32690421706440015,99987,-84134,-14172,-1681,0,139778,5142,142723,12580,300223,39791,89276,156895,14261,300223,616847950,-516446330,-89969720,-10431900,0,861577540,31300590,876341900,77307090,1846527120,244729590,547746920,966311620,87738990,1846527120
2021-05-12,6098,6098,5940,5990,280115,-1.7710724827812399,125722,-23957,-75557,-26208,0,151420,6440,108944,9167,275971,25698,30397,184501,35375,275971,763546080,-145486480,-458756260,-159303340,0,919533760,39045760,661104450,55597040,1675281010,155987680,184532240,1119860710,214900380,1675281010
2021-05-13,5921,6078,5881,6000,293148,0.1669449081803005,-29114,8654,27635,-7175,0,63480,8654,195178,21499,288811,92594,0,167543,28674,288811,-177455110,52314010,170386470,-45245370,0,386280590,52314010,1189634710,129802550,1758031860,563735700,0,1019248240,175047920,1758031860
2021-05-14,6039,6039,5940,6000,197942,0.0,723,-1120,4630,-4233,0,39584,5841,142460,7129,195014,38861,6961,137830,11362,195014,4103810,-6864160,28670250,-25909900,0,240041490,35452170,864132560,43214140,1182840360,235937680,42316330,835462310,69124040,1182840360
2021-05-17,6009,6009,5970,6000,106151,0.0,22462,7006,-25107,-4361,0,36220,8019,58625,1717,104581,13758,1013,83732,6078,104581,136533690,42646660,-152653540,-26526810,0,220234440,48815570,356566260,10448090,636064360,83700750,6168910,509219800,36974900,636064360
2021-05-18,5999,6059,5940,6039,135810,0.65,10329,1168,-14177,2680,0,56375,1168,72472,3786,133801,46046,0,86649,1106,133801,62702360,7056630,-86103940,16344950,0,341641830,7056630,439842230,23074720,811615410,278939470,0,525946170,6729770,811615410
2021-05-20,6039,6049,5960,5961,189531,-1.291604570293095,34975,-7470,-26014,-1491,0,46338,2240,129897,8252,186727,11363,9710,155911,9743,186727,212304520,-45605420,-157765080,-8934020,0,281423590,13552700,790385600,50359330,1135721220,69119070,59158120,948150680,59293350,1135721220
2021-05-21,5930,5980,5881,5911,252698,-0.8387854386847844,37420,2388,-43801,3993,0,109675,2388,130708,6189,248960,72255,0,174509,2196,248960,225623140,14351220,-264080020,24105660,0,658614210,14351220,783946560,37355010,1494267000,432991070,0,1048026580,13249350,1494267000
2021-05-24,5911,5921,5852,5872,185909,-0.6597868380984605,55058,1059,-55561,-556,0,94106,1059,69402,18592,183159,39048,0,124963,19148,183159,328526080,6343000,-331119430,-3749650,0,561587500,6343000,414248070,110652680,1092831250,233061420,0,745367500,114402330,1092831250
2021-05-25,5871,5911,5871,5901,167516,0.4938692098092643,-38991,2749,33945,2297,0,43175,2789,114611,4463,165038,82166,40,80666,2166,165038,-233073290,16427140,202894250,13751900,0,258389440,16666340,685700770,26697380,987453930,491462730,239200,482806520,12945480,987453930
2021-05-26,5901,5911,5861,5872,128819,-0.49144212845280466,-28011,1026,35484,-8499,0,31002,1026,94383,502,126913,59013,0,58899,9001,126913,-167412920,6125150,211950320,-50662550,0,184998570,6125150,563806190,2996940,757926850,352411490,0,351855870,53659490,757926850
2021-05-27,5842,5881,5802,5862,312863,-0.17029972752043596,27546,5755,-45367,12066,0,95093,5755,190038,17349,308235,67547,0,235405,5283,308235,163744730,34171800,-269561890,71645360,0,563225030,34171800,1124135730,102967700,1824500260,399480300,0,1393697620,31322340,1824500260
2021-05-28,5743,5832,5724,5813,244698,-0.8358921869669056,47513,4926,-50004,-2435,0,124757,6841,96652,12828,241078,77244,1915,146656,15263,241078,279132120,28965510,-293596320,-14501310,0,732184540,40129960,566327070,74901290,1413542860,453052420,11164450,859923390,89402600,1413542860
2021-05-31,5783,5822,5733,5803,379372,-0.1720282126268708,155466,-150000,-15674,10208,0,206388,5000,141079,21293,373760,50922,155000,156753,11085,373760,911850230,-879556980,-92545310,60252060,0,1211363650,29250000,827820500,125136810,2193570960,299513420,908806980,920365810,64884750,2193570960
2021-06-01,5812,5960,5773,5931,476364,2.2057556436326036,127515,-222209,42639,52055,0,194771,2791,214616,57139,469317,67256,225000,171977,5084,469317,760721140,-1325393930,256238170,308434620,0,1163081050,16632560,1282904630,338952360,2801570600,402359910,1342026490,1026666460,30517740,2801570600
2021-06-02,5999,6118,5950,6108,310524,2.9843196762771877,45264,-74829,2988,26577,0,93672,10171,156820,45267,305930,48408,85000,153832,18690,305930,278915060,-461189970,20816190,161458720,0,577136710,62780190,966908080,276749430,1883574410,298221650,523970160,946091890,115290710,1883574410
2021-06-03,6098,6167,6059,6108,263659,0.0,-7277,-57423,80674,-15974,0,66580,23,175785,17371,259759,73857,57446,95111,33345,259759,-45088660,-357453950,502025470,-99482860,0,414361740,142430,1092534800,107610730,1614649700,459450400,357596380,590509330,207093590,1614649700
2021-06-04,6167,6167,6009,6059,116259,-0.802226588081205,4997,5109,6702,-16808,0,43750,5109,62258,3422,114539,38753,0,55556,20230,114539,31430860,31320460,40709580,-103460900,0,269308560,31320460,382438840,20974260,704042120,237877700,0,341729260,124435160,704042120
2021-06-07,6019,6108,5960,6000,135271,-0.9737580458821588,17513,-13328,24958,-29143,0,47433,0,85837,0,133270,29920,13328,60879,29143,133270,106071120,-81324160,152817840,-177564800,0,288440530,0,522651570,0,811092100,182369410,81324160,369833730,177564800,811092100
2021-06-08,6009,6078,5999,6049,89897,0.8166666666666665,6487,0,-9493,3006,0,47027,0,37132,4408,88567,40540,0,46625,1402,88567,39569530,0,-57964490,18394960,0,288096530,0,227133270,26976090,542205890,248527000,0,285097760,8581130,542205890
2021-06-09,6078,6196,6078,6158,186956,1.8019507356587867,80574,-34689,-56727,10842,0,125499,5311,33002,20378,184190,44925,40000,89729,9536,184190,504673420,-217438030,-355276040,68040650,0,784560560,33191800,205790790,127377670,1150920820,279887140,250629830,561066830,59337020,1150920820
2021-06-10,6187,6187,6098,6158,56764,0.0,1727,1787,7373,-10887,0,21533,1787,31445,1159,55924,19806,0,24072,12046,55924,10674480,11127510,46090120,-67892110,0,134123580,11127510,195764180,7202200,348217470,123449100,0,149674060,75094310,348217470
2021-06-11,6127,6127,6009,6010,227547,-2.4033777200389737,-78154,-11124,101758,-12480,0,101362,2592,118182,2045,224181,179516,13716,16424,14525,224181,-478635400,-68540160,623925840,-76750280,0,622280060,15950280,725152140,12644930,1376027410,1100915460,84490440,101226300,89395210,1376027410
2021-06-14,6009,6049,5911,5941,207922,-1.1480865224625623,-71356,-49133,120840,-351,0,45702,2488,153519,3137,204846,117058,51621,32679,3488,204846,-432227830,-296771280,730990490,-1991380,0,277041210,15123070,929658100,19108250,1240930630,709269040,311894350,198667610,21099630,1240930630
2021-06-15,5990,5990,5822,5852,231359,-1.4980642989395725,-7625,-62805,72005,-1575,0,63186,4114,152711,7926,227937,70811,66919,80706,9501,227937,-47478120,-375293760,432691140,-9919260,0,376444000,24597360,914841310,47186110,1363068780,423922120,399891120,482150170,57105370,1363068780
2021-06-16,5911,5921,5822,5892,152982,0.683526999316473,-34841,-9458,24656,19643,0,27960,1236,97274,24249,150719,62801,10694,72618,4606,150719,-207813550,-56589890,147165630,117237810,0,166596780,7346050,580231690,144704160,898878680,374410330,63935940,433066060,27466350,898878680
2021-06-17,5940,5940,5861,5931,73842,0.6619144602851323,7813,-12096,3790,493,0,23534,5435,41878,1903,72750,15721,17531,38088,1410,72750,46800030,-72323160,22571530,2951600,0,141073200,32458730,250904240,11425870,435862040,94273170,104781890,228332710,8474270,435862040
2021-06-18,5960,5970,5911,5921,130021,-0.16860563142808968,10099,-3730,-4861,-1508,0,24103,4020,91003,8972,128098,14004,7750,95864,10480,128098,60611910,-22526020,-29136490,-8949400,0,144989100,24120000,547617500,54037430,770764030,84377190,46646020,576753990,62986830,770764030
2021-06-21,5921,6019,5911,5961,107018,0.6755615605472048,20225,-23964,-8299,12038,0,37346,4631,47654,15804,105435,17121,28595,55953,3766,105435,122721150,-145657120,-50029560,72965530,0,226909800,27967600,289287090,95780120,639944610,104188650,173624720,339316650,22814590,639944610
2021-06-22,5930,6009,5930,5990,43884,0.48649555443717496,7876,7428,-14154,-1150,0,13002,9978,20255,0,43235,5126,2550,34409,1150,43235,47723800,44973780,-85731840,-6965740,0,78859030,60477780,122918290,0,262255100,31135230,15504000,208650130,6965740,262255100
2021-06-23,5999,6108,5990,6029,204369,0.651085141903172,68865,-48627,-22268,2030,0,125020,16353,49066,10907,201346,56155,64980,71334,8877,201346,421261250,-296318050,-137308190,12364990,0,764128690,100041040,299401740,66644520,1230215990,342867440,396359090,436709930,54279530,1230215990
2021-06-24,6039,6078,6009,6039,84406,0.1658649859014762,-3756,13664,4141,-14049,0,37516,18441,21994,5206,83157,41272,4777,17853,19255,83157,-23262000,83907470,25253190,-85898660,0,229760150,113208120,134640590,32014840,509623700,253022150,29300650,109387400,117913500,509623700
2021-06-25,6088,6088,6039,6059,80547,0.3311806590495115,3699,4669,-2641,-5727,0,49997,7700,20430,1228,79355,46298,3031,23071,6955,79355,22832270,28646040,-16311370,-35166940,0,307519330,47298000,125562580,7562200,487942110,284687060,18651960,141873950,42729140,487942110
2021-06-28,6059,6078,5990,6010,100201,-0.8087143092919623,10018,-7500,11199,-13717,0,62144,0,36575,0,98719,52126,7500,25376,13717,98719,61362820,-45850000,68181090,-83693910,0,380461240,0,223658000,0,604119240,319098420,45850000,155476910,83693910,604119240
2021-06-29,6059,6059,5940,5980,98583,-0.49916805324459235,14305,-7373,949,-7881,0,39138,165,57719,103,97125,24833,7538,56770,7984,97125,86239470,-44752190,6555350,-48042630,0,237100880,1004150,350519590,624730,589249350,150861410,45756340,343964240,48667360,589249350
2021-06-30,5970,5970,5950,5970,91798,-0.16722408026755853,2814,-18887,12479,3594,0,32416,10000,43079,4945,90440,29602,28887,30600,1351,90440,17249490,-114266350,75271040,21745820,0,196130970,60400000,260375160,29919370,546825500,178881480,174666350,185104120,8173550,546825500
2021-07-01,5970,5990,5921,5970,78734,0.0,10742,83,-11687,862,0,27169,5083,42098,3219,77569,16427,5000,53785,2357,77569,64887390,502150,-70589340,5199800,0,164139730,30752150,254324580,19442760,468659220,99252340,30250000,324913920,14242960,468659220
2021-07-02,5970,6029,5960,6010,99735,0.6700167504187605,-3876,-6200,6624,3452,0,28160,11300,54712,4088,98260,32036,17500,48088,636,98260,-23826870,-37783510,40649530,20960850,0,171840730,68991490,333558130,24816510,599206860,195667600,106775000,292908600,3855660,599206860
2021-07-05,6059,6068,6009,6049,86581,0.64891846921797,-15345,-7400,29336,-6591,0,22796,100,52434,9970,85300,38141,7500,23098,16561,85300,-93986410,-45443830,179574120,-40143880,0,139868410,615000,321402190,61282080,523167680,233854820,46058830,141828070,101425960,523167680
2021-07-06,6068,6078,6029,6079,69069,0.49594974375929907,5948,-2483,-2250,-1215,0,17206,2517,45689,2635,68047,11258,5000,47939,3850,68047,36671740,-15248390,-14002000,-7421350,0,105752670,15526610,280822020,16252260,418353560,69080930,30775000,294824020,23673610,418353560
2021-07-07,6078,6108,6059,6108,84003,0.4770521467346603,17725,-10928,-9377,2580,0,40027,1912,32351,8470,82760,22302,12840,41728,5890,82760,109765760,-67597720,-58139410,15971370,0,247788830,11835280,200014580,52378210,512016900,138023070,79433000,258153990,36406840,512016900
2021-07-08,6108,6108,6039,6108,122592,0.0,2558,-10036,7008,470,0,37870,3,75274,7632,120779,35312,10039,68266,7162,120779,15805040,-61962100,43387990,2769070,0,233762920,18530,464777410,46949260,745508120,217957880,61980630,421389420,44180190,745508120
2021-07-09,6088,6098,5999,6098,98007,-0.16371971185330714,26006,-7,-19624,-6375,0,49663,35,43649,3210,96557,23657,42,63273,9585,96557,159221930,-41300,-120055570,-39125060,0,304393320,214900,267614410,19613510,591836140,145171390,256200,387669980,58738570,591836140
2021-07-12,6108,6108,6049,6089,57959,-0.14758937356510332,14631,-14940,1551,-1242,0,23442,0,32699,961,57102,8811,14940,31148,2203,57102,90262950,-91989920,9383730,-7656760,0,144570230,0,201562990,5948590,352081810,54307280,91989920,192179260,13605350,352081810
2021-07-13,6059,6108,6049,6079,41335,-0.16423057973394645,6272,-5060,1030,-2242,0,11379,0,28987,358,40724,5107,5060,27957,2600,40724,38659510,-31198310,6354310,-13815510,0,70144370,0,178655290,2208860,251008520,31484860,31198310,172300980,16024370,251008520
2021-07-14,6078,6098,6029,6049,81257,-0.49350222075999345,14711,600,-5305,-10006,0,34991,10600,34459,5,80055,20280,10000,39764,10011,80055,90393040,3708000,-32710700,-61390340,0,214719350,65128000,211537010,30700,491415060,124326310,61420000,244247710,61421040,491415060
2021-07-15,6098,6098,5970,6049,152429,0.0,27974,-2712,-10799,-14463,0,62622,4788,78246,4518,150174,34648,7500,89045,18981,150174,170699560,-16766080,-65585340,-88348140,0,382344910,29158920,478278830,27588050,917370710,211645350,45925000,543864170,115936190,917370710
2021-07-16,6039,6078,6019,6069,43692,0.33063316250619934,-9286,-2590,9373,2503,0,7819,0,32198,3029,43046,17105,2590,22825,526,43046,-56947810,-15943500,57527350,15363960,0,48022140,0,197798700,18588340,264409180,104969950,15943500,140271350,3224380,264409180
2021-07-19,6068,6068,5999,6059,81821,-0.16477179106936893,-8664,-5000,15731,-2067,0,43968,0,36301,342,80611,52632,5000,20570,2409,80611,-53044330,-30750000,96509510,-12715180,0,269745730,0,222758000,2088200,494591930,322790060,30750000,126248490,14803380,494591930
2021-07-20,6059,6059,5999,6059,63639,0.0,11519,0,-15195,3676,0,28775,0,29739,4184,62698,17256,0,44934,508,62698,70735870,0,-93273640,22537770,0,176690310,0,182055700,25651810,384397820,105954440,0,275329340,3114040,384397820
2021-07-21,6059,6059,6029,6039,30433,-0.3300874731803928,-6971,15,9580,-2624,0,9876,15,19883,209,29983,16847,0,10303,2833,29983,-42810650,92030,58844480,-16125860,0,60635460,92030,122129350,1281790,184138630,103446110,0,63284870,17407650,184138630
2021-07-22,6039,6068,6029,6049,58019,0.16559032952475575,-18258,110,13641,4507,0,11036,110,40508,5507,57161,29294,0,26867,1000,57161,-111958070,675400,83549780,27732890,0,67630870,675400,248323560,33862890,350492720,179588940,0,164773780,6130000,350492720
2021-07-23,6049,6078,6009,6049,76774,0.0,23800,-2550,-26266,5016,0,40576,0,26327,8735,75638,16776,2550,52593,3719,75638,146145470,-15682000,-161320380,30856910,0,249276920,0,161526590,53739730,464543240,103131450,15682000,322846970,22882820,464543240
2021-07-26,6049,6068,6019,6049,62350,0.0,-15712,5043,19734,-9065,0,20395,5043,35919,71,61428,36107,0,16185,9136,61428,-96106520,30953070,120680980,-55527530,0,124985090,30953070,219909460,435940,376283560,221091610,0,99228480,55963470,376283560
2021-07-27,6049,6049,5990,6010,112193,-0.6447346668870888,-34457,10057,27325,-2925,0,24507,10057,74720,1249,110533,58964,0,47395,4174,110533,-210066680,61447820,166407390,-17788530,0,149650910,61447820,455837990,7631280,674568000,359717590,0,289430600,25419810,674568000
2021-07-28,5990,6009,5940,5951,131633,-0.9816971713810315,9710,-6885,646,-3471,0,45608,14500,68285,1293,129686,35898,21385,67639,4764,129686,58814950,-41716840,3948650,-21046760,0,276548360,87990000,414067650,7855390,786461400,217733410,129706840,410119000,28902150,786461400
2021-07-29,5960,5960,5881,5911,161382,-0.6721559401781213,16884,-27963,3458,7621,0,56353,4500,90521,7621,158995,39469,32463,87063,0,158995,101136240,-167723480,20917040,45670200,0,337606140,27045000,542335540,45670200,952656880,236469900,194768480,521418500,0,952656880
2021-07-30,5881,5901,5832,5872,121786,-0.6597868380984605,-19122,186,16449,2487,0,39107,186,75408,5283,119984,58229,0,58959,2796,119984,-113616300,1105050,97736860,14774390,0,232254470,1105050,447776220,31412230,712547970,345870770,0,350039360,16637840,712547970
2021-08-02,5881,5891,5832,5892,93281,0.3405994550408719,-3782,-1657,6338,-899,0,54879,843,35547,632,91901,58661,2500,29209,1531,91901,-22359290,-9899440,37622250,-5363520,0,327261300,5025560,211540680,3759450,547586990,349620590,14925000,173918430,9122970,547586990
2021-08-03,5891,5891,5822,5832,68372,-1.0183299389002036,-15774,648,17438,-2312,0,24228,3148,38660,1325,67361,40002,2500,21222,3637,67361,-93635400,3900040,103411000,-13675640,0,143874360,18825040,229724480,7898660,400322540,237509760,14925000,126313480,21574300,400322540
2021-08-04,5891,5940,5832,5941,274302,1.8689986282578877,72107,-83174,-9059,20126,0,177223,821,71159,21041,270244,105116,83995,80218,915,270244,432229300,-498246300,-54508920,120525920,0,1063446230,4917790,426297620,125991710,1620653350,631216930,503164090,480806540,5465790,1620653350
2021-08-05,5980,6029,5891,5941,244074,0.0,-18399,-72070,65023,25446,0,68716,5325,131185,35237,240463,87115,77395,66162,9791,240463,-111944990,-436456060,394089740,154311310,0,416178340,31843500,795168030,213909790,1457099660,528123330,468299560,401078290,59598480,1457099660
2021-08-06,5960,5999,5930,5980,113027,0.6564551422319475,22380,-24530,-4117,6267,0,70009,0,31417,9929,111355,47629,24530,35534,3662,111355,136070840,-149032480,-25057460,38019100,0,424886520,0,190562500,60197280,675646300,288815680,149032480,215619960,22178180,675646300
2021-08-09,5911,5990,5911,5941,57670,-0.6521739130434783,5968,-6097,9435,-9306,0,21816,0,33749,1252,56817,15848,6097,24314,10558,56817,35867330,-36903950,57252380,-56215760,0,131746220,0,203961700,7556550,343264470,95878890,36903950,146709320,63772310,343264470
2021-08-10,5940,5980,5940,5951,91371,0.16832183134152498,18028,-13290,5282,-10020,0,47827,0,33655,8537,90019,29799,13290,28373,18557,90019,109487200,-80496600,31634460,-60625060,0,289459770,0,203436100,51599080,544494950,179972570,80496600,171801640,112224140,544494950
2021-08-11,5980,5990,5950,5970,61973,0.31927407158460763,27371,-1660,-27377,1666,0,31946,0,21067,8043,61056,4575,1660,48444,6377,61056,165689350,-10043000,-165793710,10147360,0,193416000,0,127543120,48704060,369663180,27726650,10043000,293336830,38556700,369663180
2021-08-12,5999,5999,5950,5961,32068,-0.1507537688442211,-8608,-2000,14136,-3528,0,4284,500,25872,938,31594,12892,2500,11736,4466,31594,-52184810,-12095000,85621010,-21341200,0,25949870,3030000,156640530,5679910,191300310,78134680,15125000,71019520,27021110,191300310
2021-08-13,5950,5970,5930,5961,95242,0.0,-5280,-4648,9499,429,0,28858,2852,55167,6956,93833,34138,7500,45668,6527,93833,-31830520,-28074360,57265100,2639780,0,174172320,17199040,332840260,42001510,566213130,206002840,45273400,275575160,39361730,566213130
2021-08-17,5960,5980,5901,5921,114237,-0.6710283509478275,-901,9870,-6409,-2560,0,34787,12370,64980,410,112547,35688,2500,71389,2970,112547,-5508650,59154790,-38158790,-15487350,0,209813550,74279790,391855110,2474650,678423100,215322200,15125000,430013900,17962000,678423100
2021-08-18,5921,5960,5901,5931,116627,0.1688903901368012,13356,2000,-24616,9260,0,53943,2000,49631,9328,114902,40587,0,74247,68,114902,80282280,11990000,-147881870,55609590,0,324390000,11990000,297984290,56019120,690383410,244107720,0,445866160,409530,690383410
2021-08-19,5901,5921,5832,5872,256423,-0.9947732254257291,19303,-44978,18483,7192,0,101817,19534,103671,27608,252630,82514,64512,85188,20416,252630,116153830,-269210840,109423620,43633390,0,608474650,116657980,618892770,165477450,1509502850,492320820,385868820,509469150,121844060,1509502850
2021-08-20,5891,5911,5842,5852,207937,-0.3405994550408719,32449,-35039,-10749,13339,0,84547,22112,70086,28116,204861,52098,57151,80835,14777,204861,194489460,-209920010,-64215900,79646450,0,504513450,131518400,416927120,167658830,1220617800,310023990,341438410,481143020,88012380,1220617800
2021-08-23,5871,5901,5852,5882,157061,0.5126452494873548,-5036,-25244,16213,14067,0,58924,35795,44587,15432,154738,63960,61039,28374,1365,154738,-29879500,-150499000,96441190,83937310,0,351561830,213497040,265752670,92075490,922887030,381441330,363996040,169311480,8138180,922887030
2021-08-24,5842,5901,5842,5892,115881,0.17001020061203673,-36544,10070,16939,9535,0,29334,12570,56782,15481,114167,65878,2500,39843,5946,114167,-217849790,59967200,100961560,56921030,0,174944880,74917200,338471350,92355850,680689280,392794670,14950000,237509790,35434820,680689280
2021-08-25,5911,5980,5891,5980,119941,1.4935505770536321,4191,-17000,-537,13346,0,49134,3000,45697,20336,118167,44943,20000,46234,6990,118167,25615370,-102460000,-3447200,80291830,0,296338970,18090000,275144190,122248010,711821170,270723600,120550000,278591390,41956180,711821170
2021-08-26,6019,6019,5901,5951,92421,-0.48494983277591974,-5187,-17270,34864,-12407,0,38768,230,51249,807,91054,43955,17500,16385,13214,91054,-30697420,-103970000,209244250,-74576830,0,233208720,1380000,307778330,4857690,547224740,263906140,105350000,98534080,79434520,547224740
2021-08-27,5940,5950,5901,5911,187740,-0.6721559401781213,44820,-81918,15566,21532,0,82680,1023,78654,22606,184963,37860,82941,63088,1074,184963,269049730,-491645150,93180470,129414950,0,496095060,6127890,471840480,135882190,1109945620,227045330,497773040,378660010,6467240,1109945620
2021-08-30,5921,5950,5911,5931,94663,0.33835222466587717,-43704,-4080,54791,-7007,0,14151,920,72332,5860,93263,57855,5000,17541,12867,93263,-262574430,-24549840,329125960,-42001690,0,85137910,5534400,434554510,35250570,560477390,347712340,30084240,105428550,77252260,560477390
2021-08-31,5950,5990,5930,5980,95656,0.8261675939976395,-2810,-9800,5781,6829,0,25818,200,60572,7651,94241,28628,10000,54791,822,94241,-17154780,-59386000,35211560,41329220,0,155986570,1214000,366439190,46302060,569941820,173141350,60600000,331227630,4972840,569941820
2021-09-01,5980,6009,5970,5980,130929,0.0,-51864,-496,33787,18573,0,31850,2004,75267,19871,128992,83714,2500,41480,1298,128992,-315147030,-3040730,205180970,113006790,0,193765610,12184270,457530090,120885750,784365720,508912640,15225000,252349120,7878960,784365720
2021-09-02,5999,6019,5960,6020,111915,0.6688963210702341,-33239,-5000,30301,7938,0,33915,0,57551,18793,110259,67154,5000,27250,10855,110259,-202139080,-30500000,184063590,48575490,0,206360130,0,350128690,114494440,670983260,408499210,30500000,166065100,65918950,670983260
2021-09-03,6029,6078,6019,6049,89923,0.48172757475083056,-26519,-2584,21860,7243,0,15945,2416,56485,13747,88593,42464,5000,34625,6504,88593,-162592950,-15844930,134068820,44369060,0,97782180,14830070,346396220,84240410,543248880,260375130,30675000,212327400,39871350,543248880
2021-09-06,6059,6167,6059,6158,459634,1.8019507356587867,-99996,-21620,78016,43600,0,153460,10000,224891,64484,452835,253456,31620,146875,20884,452835,-620827330,-133633670,483533150,270927850,0,957279630,62385330,1396177530,400835920,2816678410,1578106960,196019000,912644380,129908070,2816678410
2021-09-07,6206,6236,6108,6138,113859,-0.3247807729782397,-27824,2000,42297,-16473,0,19799,2132,76485,13759,112175,47623,132,34188,30232,112175,-172782410,12422080,263491000,-103130670,0,123270420,13249720,476728720,85762470,699011330,296052830,827640,213237720,188893140,699011330
2021-09-08,6137,6157,6088,6098,207762,-0.6516780710329098,-4991,-509,102989,-97489,0,32146,1991,154480,16072,204689,37137,2500,51491,113561,204689,-31224260,-3275620,641671790,-607171910,0,199939870,12324380,962134080,100147970,1274546300,231164130,15600000,320462290,707319880,1274546300
2021-09-09,6098,6137,6068,6079,101286,-0.3115775664152181,-39678,-11579,40293,10964,0,17505,1569,68452,12262,99788,57183,13148,28159,1298,99788,-245493270,-71695390,249281460,67907200,0,108326470,9690730,423567080,75947880,617532160,353819740,81386120,174285620,8040680,617532160
2021-09-10,6108,6118,6059,6108,37426,0.4770521467346603,-9415,-2500,11873,42,0,5549,0,28228,3095,36872,14964,2500,16355,3053,36872,-58161930,-15500000,73381800,280130,0,34362100,0,174594350,19180690,228137140,92524030,15500000,101212550,18900560,228137140
2021-09-13,6147,6157,6108,6138,41489,0.4911591355599214,3280,-7500,9218,-4998,0,8760,0,32113,2,40875,5480,7500,22895,5000,40875,20472400,-46750000,57405180,-31127580,0,54660220,0,200115790,12480,254788490,34187820,46750000,142710610,31140060,254788490
2021-09-14,6137,6177,6118,6148,61622,0.16291951775822744,-9978,-4678,15839,-1183,0,5337,0,53911,1462,60710,15315,4678,38072,2645,60710,-62230000,-29215720,98814850,-7369130,0,33315080,0,336633050,9133330,379081460,95545080,29215720,237818200,16502460,379081460
2021-09-15,6167,6187,6088,6148,169578,0.0,-3939,323,-4427,8043,0,16256,3145,137404,10264,167069,20195,2822,141831,2221,167069,-25811280,1846500,-25850710,49815490,0,100821240,19459000,854632490,63645010,1038557740,126632520,17612500,880483200,13829520,1038557740
2021-09-16,6157,6157,6108,6138,71474,-0.16265452179570591,16829,-1119,-18135,2425,0,20629,0,42468,7320,70417,3800,1119,60603,4895,70417,104398730,-6993630,-112493090,15087990,0,128093440,0,264020650,45583560,437697650,23694710,6993630,376513740,30495570,437697650
2021-09-17,6137,6196,6118,6197,71223,0.9612251547735419,-5510,-3885,11151,-1756,0,14131,0,52124,3914,70169,19641,3885,40973,5670,70169,-34415100,-24303550,69533310,-10814660,0,88485500,0,325967780,24515810,438969090,122900600,24303550,256434470,35330470,438969090
2021-09-23,6157,6187,6108,6177,63279,-0.32273680813296757,-2907,-2500,-1708,7115,0,9701,0,42830,9812,62343,12608,2500,44538,2697,62343,-18091950,-15639060,-10828010,44559020,0,60727870,0,267641440,61424820,389794130,78819820,15639060,278469450,16865800,389794130
2021-09-24,6196,6216,6157,6217,63636,0.6475635421725757,32269,-10000,-17717,-4552,0,41162,0,20110,1423,62695,8893,10000,37827,5975,62695,203102040,-63000000,-111561270,-28540770,0,259131420,0,126582240,8954090,394667750,56029380,63000000,238143510,37494860,394667750
2021-09-27,6226,6295,6196,6295,161494,1.2546244169213447,-63111,14808,50897,-2594,0,19484,27308,101245,11068,159105,82595,12500,50348,13662,159105,-402949970,94393890,325203160,-16647080,0,123895090,173868890,645468970,70294520,1013527470,526845060,79475000,320265810,86941600,1013527470
2021-09-28,6344,6344,6246,6295,125587,0.0,6344,27070,-23923,-9491,0,34434,39570,47044,2681,123729,28090,12500,70967,12172,123729,40654990,172245120,-152443350,-60456760,0,219718010,252120120,299522880,17079440,788440450,179063020,79875000,451966230,77536200,788440450
2021-09-29,6285,6315,6206,6305,170537,0.15885623510722796,-20374,36787,-19771,3358,0,74416,42006,44523,7069,168014,94790,5219,64294,3711,168014,-130687060,235451260,-126219650,21455450,0,476532220,268852860,284785060,45203180,1075373320,607219280,33401600,411004710,23747730,1075373320
2021-09-30,6315,6315,6256,6256,63282,-0.7771609833465504,22091,5098,-28180,991,0,23367,6498,27988,4493,62346,1276,1400,56168,3502,62346,141276820,32565790,-180208150,6365540,0,149438860,41498580,178486890,28721400,398145730,8162040,8932790,358695040,22355860,398145730
2021-10-01,6325,6325,6206,6246,58426,-0.159846547314578,8441,2974,-8171,-3244,0,10426,2990,40361,3785,57562,1985,16,48532,7029,57562,53527050,18861770,-51681490,-20707330,0,66125570,18963210,255946020,23998210,365033010,12598520,101440,307627510,44705540,365033010
2021-10-05,6295,6295,6177,6227,141293,-0.3041946845981428,35955,21134,-57160,71,0,43292,21134,68059,6718,139203,7337,0,125219,6647,139203,226806620,133159890,-360380130,413620,0,273073390,133159890,428583850,42388450,877205580,46266770,0,788963980,41974830,877205580
2021-10-06,6226,6265,6127,6197,105646,-0.48177292436165087,16383,4372,-25926,5171,0,36433,4372,47169,16109,104083,20050,0,73095,10938,104083,103580480,27295580,-162932990,32056930,0,228872250,27295580,295642570,100737030,652547430,125291770,0,458575560,68680100,652547430
2021-10-07,6226,6256,6167,6236,61700,0.6293367758592867,27935,-2500,-23756,-1679,0,32008,3,24449,4327,60787,4073,2503,48205,6006,60787,176243030,-15825090,-149766890,-10651050,0,201979930,18900,154297940,27297630,383594400,25736900,15843990,304064830,37948680,383594400
2021-10-08,6236,6236,6157,6197,106326,-0.6254008980115459,28899,10000,-41610,2711,0,29898,10000,56924,7931,104753,999,0,98534,5220,104753,181714650,62500000,-261269750,17055100,0,188000960,62500000,357777590,49884710,658163260,6286310,0,619047340,32829610,658163260
2021-10-12,6196,6226,6137,6158,63280,-0.6293367758592867,13397,0,-7574,-5823,0,13640,0,44386,4318,62344,243,0,51960,10141,62344,83987970,0,-47585390,-36402580,0,85509100,0,277748070,27074950,390332120,1521130,0,325333460,63477530,390332120
2021-10-13,6187,6206,6147,6148,77605,-0.16239038648911985,10848,8011,-23931,5072,0,21043,18210,30566,6638,76457,10195,10199,54497,1566,76457,67895930,49959070,-149617730,31762730,0,131590060,113822100,191238470,41540500,478191130,63694130,63863030,340856200,9777770,478191130
2021-10-14,6187,6256,6147,6256,104571,1.756668835393624,26005,-10000,-13098,-2907,0,41601,0,53070,8353,103024,15596,10000,66168,11260,103024,164373480,-63100000,-82647380,-18626100,0,263090890,0,334952970,52672100,650715960,98717410,63100000,417600350,71298200,650715960
2021-10-15,6256,6275,6216,6266,57178,0.159846547314578,11235,-2500,-5504,-3231,0,19464,0,34595,2273,56332,8229,2500,40099,5504,56332,71342680,-15875000,-34980220,-20487460,0,123675140,0,219532830,14385170,357593140,52332460,15875000,254513050,34872630,357593140
2021-10-18,6295,6334,6246,6315,127768,0.7819980849026492,35945,-3151,-48265,15471,0,51923,1849,54347,17759,125878,15978,5000,102612,2288,125878,229751770,-20129740,-308626180,99004150,0,332065240,11745260,347304160,113550390,804665050,102313470,31875000,655930340,14546240,804665050
2021-10-19,6315,6403,6315,6394,342634,1.2509897070467142,-195944,-15000,128268,82676,0,64366,0,182041,91158,337565,260310,15000,53773,8482,337565,-1268506190,-97125000,829923760,535707430,0,417309030,0,1177809940,590348230,2185467200,1685815220,97125000,347886180,54640800,2185467200
2021-10-20,6393,6423,6354,6394,111221,0.0,-10556,-7500,30962,-12906,0,38782,0,58918,11876,109576,49338,7500,27956,24782,109576,-68860150,-48800000,201318800,-83658650,0,252233500,0,382837630,77210070,712281200,321093650,48800000,181518830,160868720,712281200
2021-10-21,6393,6433,6354,6433,83028,0.6099468251485768,5703,15020,-12234,-8489,0,25586,17520,26228,12466,81800,19883,2500,38462,20955,81800,36698370,97994620,-79611970,-55081020,0,166273410,114244620,170507550,81090290,532115870,129575040,16250000,250119520,136171310,532115870
2021-10-22,6492,6492,6443,6463,52230,0.46634540649774603,4132,6260,-5829,-4563,0,22661,8760,18197,1839,51457,18529,2500,24026,6402,51457,27169770,41051800,-38301940,-29919630,0,148644530,57426800,119363550,12061710,337496590,121474760,16375000,157665490,41981340,337496590
2021-10-25,6472,6482,6423,6463,45953,0.0,29563,-13400,-9727,-6436,0,31538,8,13405,322,45273,1975,13408,23132,6758,45273,193903720,-87928820,-63804170,-42170730,0,206865150,52560,87943570,2112320,296973600,12961430,87981380,151747740,44283050,296973600
2021-10-26,6472,6512,6472,6502,75579,0.6034349373356026,-15266,-7400,15425,7241,0,22678,100,41207,10476,74461,37944,7500,25782,3235,74461,-100629540,-48841000,101668910,47801630,0,149500600,659000,271775820,69118850,491054270,250130140,49500000,170106910,21317220,491054270
2021-10-27,6522,6551,6502,6552,108580,0.7689941556444171,-12470,-7035,4110,15395,0,49489,2260,36505,18720,106974,61959,9295,32395,3325,106974,-83048330,-46664800,27473650,102239480,0,328517730,15029000,242432790,124281140,710260660,411566060,61693800,214959140,22041660,710260660
2021-10-28,6571,6630,6551,6630,340897,1.1904761904761905,-182679,-9020,100846,90853,0,86593,3579,147445,98237,335854,269272,12599,46599,7384,335854,-1225573820,-60368180,677116820,608825180,0,580862010,23996110,989145930,658355220,2252359270,1806435830,84364290,312029110,49530040,2252359270
2021-10-29,6650,6807,6561,6729,292473,1.493212669683258,-48045,-14052,-22737,84834,0,88584,0,100045,99517,288146,136629,14052,122782,14683,288146,-325535000,-95985730,-155907350,577428080,0,604727900,0,683902420,677952060,1966582380,930262900,95985730,839809770,100523980,1966582380
2021-11-01,6748,6778,6669,6759,197067,0.4458314757021846,23888,-3500,-34322,13934,0,76011,0,88933,29208,194152,52123,3500,123255,15274,194152,163464110,-23840000,-235104260,95480150,0,519734670,0,607394070,199822980,1326951720,356270560,23840000,842498330,104342830,1326951720
2021-11-02,6738,6768,6610,6640,174146,-1.7606154756620802,61159,-5283,-27591,-28285,0,76885,0,83069,11616,171570,15726,5283,110660,39901,171570,414453990,-36031230,-186946970,-191475790,0,520938290,0,562443270,79065730,1162447290,106484300,36031230,749390240,270541520,1162447290
2021-11-03,6640,6660,6551,6581,113992,-0.8885542168674699,32723,-10801,-14802,-7120,0,41326,0,52581,18399,112306,8603,10801,67383,25519,112306,219193840,-72290730,-99140850,-47762260,0,276833440,0,351660060,123216760,751710260,57639600,72290730,450800910,170979020,751710260
2021-11-04,6610,6610,6453,6522,219977,-0.8965202856708707,-7834,43208,-39137,3763,0,40138,43209,103517,29859,216723,47972,1,142654,26096,216723,-51472280,284512600,-257365840,24325520,0,264864850,284519170,681486820,196724660,1427595500,316337130,6570,938852660,172399140,1427595500
2021-11-05,6571,6600,6492,6581,125652,0.9046304814474087,42900,9413,-51783,-530,0,67980,9581,34102,12130,123793,25080,168,85885,12660,123793,284210740,62196570,-342873480,-3533830,0,450557510,63310410,226283660,80444770,820596350,166346770,1113840,569157140,83978600,820596350
2021-11-08,6561,6640,6492,6601,83611,0.303905181583346,38511,0,-26896,-11615,0,39516,0,39720,3138,82374,1005,0,66616,14753,82374,258333380,0,-180281140,-78052240,0,265084950,0,265910990,20875400,551871340,6751570,0,446192130,98927640,551871340
2021-11-09,6640,6699,6610,6650,99226,0.7423117709437964,11011,0,-2365,-8646,0,30945,0,58018,8795,97758,19934,0,60383,17441,97758,74475400,0,-16097460,-58377940,0,209114080,0,392329010,59485010,660928100,134638680,0,408426470,117862950,660928100
2021-11-10,6660,6709,6600,6670,102788,0.30075187969924816,29289,11538,-34161,-6666,0,42793,11538,41721,5215,101267,13504,0,75882,11881,101267,197959820,77304730,-230018250,-45246300,0,288935060,77304730,281555620,35197100,682992510,90975240,0,511573870,80443400,682992510
2021-11-11,6689,6699,6600,6630,65223,-0.5997001499250375,16912,3498,-16545,-3865,0,32095,3498,20175,8490,64258,15183,0,36720,12355,64258,114100140,23437280,-111713320,-25824100,0,216534980,23437280,135921900,57531990,433426150,102434840,0,247635220,83356090,433426150
2021-11-12,6679,6679,6561,6630,74985,0.0,15440,12,-2306,-13146,0,40955,12,25236,7673,73876,25515,0,27542,20819,73876,103548370,80450,-15252050,-88376770,0,274848150,80450,168936980,51326330,495191910,171299780,0,184189030,139703100,495191910
2021-11-15,6669,6669,6600,6650,83588,0.301659125188537,19911,1,-13294,-6618,0,52597,1,22853,6900,82351,32686,0,36147,13518,82351,134300710,6730,-89799360,-44508080,0,354854500,6730,153986800,46575000,555423030,220553790,0,243786160,91083080,555423030
2021-11-16,6650,6689,6571,6680,251937,0.4511278195488722,-3449,107450,-125825,21824,0,53464,107450,57161,30135,248210,56913,0,182986,8311,248210,-22700830,727436500,-852660510,147924840,0,361619920,727436500,385099280,203929780,1678085480,384320750,0,1237759790,56004940,1678085480
2021-11-17,6660,6797,6650,6788,172615,1.6167664670658684,86103,0,-96321,10218,0,118743,0,30405,20914,170062,32640,0,126726,10696,170062,587521580,0,-657876490,70354910,0,811360230,0,207355330,143085220,1161800780,223838650,0,865231820,72730310,1161800780
2021-11-18,6778,6778,6699,6739,122920,-0.7218621096051856,25036,54141,-48943,-30234,0,27538,54141,39194,229,121102,2502,0,88137,30463,121102,171072460,369445840,-334075570,-206442730,0,188164890,369445840,267673370,1559490,826843590,17092430,0,601748940,208002220,826843590
2021-11-19,6728,6788,6709,6739,116849,0.0,32177,-19623,-80,-12474,0,55329,877,46004,12910,115120,23152,20500,46084,25384,115120,219977970,-133930560,-887870,-85159540,0,378264590,5989910,314379750,88328300,786962550,158286620,139920470,315267620,173487840,786962550
2021-11-22,6768,6788,6709,6739,326697,0.0,8953,184279,-199412,6180,0,50090,188544,49790,33440,321864,41137,4265,249202,27260,321864,61727510,1266026150,-1371127470,43373810,0,343021850,1295297180,340800920,229725550,2208845500,281294340,29271030,1711928390,186351740,2208845500
2021-11-23,6768,6807,6738,6798,185469,0.8755008161448287,2016,-6523,-23368,27875,0,26523,5768,108436,41998,182725,24507,12291,131804,14123,182725,13688450,-45073310,-160398830,191783690,0,181769790,39510800,744984630,288519440,1254784660,168081340,84584110,905383460,96735750,1254784660
2021-11-24,6778,6994,6778,6887,125254,1.3092085907619888,-6600,-21746,7699,20647,0,19812,584,73122,29883,123401,26412,22330,65423,9236,123401,-46192860,-151655120,53959110,143888870,0,138268400,4058800,510609100,208265570,861201870,184461260,155713920,456649990,64376700,861201870
2021-11-25,6886,6886,6738,6778,1637344,-1.5826920284594161,16650,-52241,73306,-37715,0,1485201,0,120557,7365,1613123,1468551,52241,47251,45080,1613123,114096930,-359297600,505168270,-259967600,0,10130571300,0,830591060,50769170,11011931530,10016474370,359297600,325422790,310736770,11011931530
2021-11-26,6807,6807,6679,6719,349411,-0.8704632634995574,5805,-42793,26055,10933,0,124852,19054,161309,39027,344242,119047,61847,135254,28094,344242,38905850,-292887630,178832020,75149760,0,852975910,130582590,1103834010,267203000,2354595510,814070060,423470220,925001990,192053240,2354595510
2021-11-29,6403,6541,6384,6463,369096,-3.8100907873195413,13213,-14020,34977,-34170,0,191291,0,142329,30016,363636,178078,14020,107352,64186,363636,86687360,-92337120,230696120,-225046360,0,1257998230,0,935791590,197745620,2391535440,1171310870,92337120,705095470,422791980,2391535440
2021-11-30,6472,6472,6137,6227,414529,-3.651555005415442,-114393,51091,87820,-24518,0,120315,51091,225512,11479,408397,234708,0,137692,35997,408397,-721310750,321861750,556978790,-157529790,0,767597540,321861750,1439720060,73010440,2602189790,1488908290,0,882741270,230540230,2602189790
2021-12-01,6216,6325,6147,6217,191788,-0.16059097478721696,-17726,9512,3966,4248,0,93353,9512,64600,21486,188951,111079,0,60634,17238,188951,-111638870,59784530,25123660,26730680,0,587751180,59784530,407198490,135356940,1190091140,699390050,0,382074830,108626260,1190091140
2021-12-02,6216,6315,6088,6177,247316,-0.6433971368827409,-121630,5400,59014,57216,0,55422,11403,103178,73654,243657,177052,6003,44164,16438,243657,-760168140,33061070,367146370,359960700,0,348710860,71250120,648068010,463098550,1531127540,1108879000,38189050,280921640,103137850,1531127540
2021-12-03,6187,6295,6187,6246,171150,1.117047110247693,-29219,-5485,-18151,52855,0,60220,3003,27999,77396,168618,89439,8488,46150,24541,168618,-185011080,-34906070,-114433880,334351030,0,379901300,18903970,176965320,489395560,1065166150,564912380,53810040,291399200,155044530,1065166150
2021-12-06,6206,6305,6167,6305,116448,0.9446045469100224,5216,-1033,9891,-14074,0,40875,160,55909,17781,114725,35659,1193,46018,31855,114725,32553780,-6487310,62433660,-88500130,0,256873050,1004800,353353690,112304530,723536070,224319270,7492110,290920030,200804660,723536070
2021-12-07,6285,6305,6206,6305,60272,0.0,-12462,1574,19178,-8290,0,15817,1575,35564,6424,59380,28279,1,16386,14714,59380,-79419440,9994900,121986070,-52561530,0,100509510,10001250,226436360,41000270,377947390,179928950,6350,104450290,93561800,377947390
2021-12-08,6305,6315,6216,6286,67530,-0.30134813639968283,-257,-2273,15600,-13070,0,27962,7,37450,1112,66531,28219,2280,21850,14182,66531,-1537820,-14388020,98831970,-82906130,0,177177440,44380,237315490,7042500,421579810,178715260,14432400,138483520,89948630,421579810
2021-12-09,6265,6275,6206,6276,81542,-0.1590836780146357,-6845,-3999,16285,-5441,0,20075,6001,51288,2972,80336,26920,10000,35003,8413,80336,-43096180,-25583640,103162560,-34482740,0,127464870,38016360,324784800,18818350,509084380,170561050,63600000,221622240,53301090,509084380
2021-12-10,6285,6285,6157,6286,113656,0.15933715742511154,-55936,3040,48659,4237,0,11447,3040,81046,16442,111975,67383,0,32387,12205,111975,-353950740,19100080,307630940,27219720,0,72712550,19100080,513435980,104428540,709677150,426663290,0,205805040,77208820,709677150
2021-12-13,6285,6344,6216,6345,84815,0.9385937002863507,-6527,3,4542,1982,0,10925,3,66457,6175,83560,17452,0,61915,4193,83560,-41563180,19150,28824060,12719970,0,69920960,19150,425281560,39522640,534744310,111484140,0,396457500,26802670,534744310
2021-12-14,6344,6423,6305,6414,64898,1.0874704491725768,2211,-20002,10702,7089,0,7835,0,42238,13865,63938,5624,20002,31536,6776,63938,14326580,-129012930,68604120,46082230,0,50721830,0,272624010,89843680,413189520,36395250,129012930,204019890,43761450,413189520
2021-12-15,6393,6443,6325,6424,59368,0.1559089491736826,499,-2,6425,-6922,0,5506,0,49849,3135,58490,5007,2,43424,10057,58490,3129670,-12950,41572980,-44689700,0,35648360,0,322561800,20310430,378520590,32518690,12950,280988820,65000130,378520590
2021-12-16,6423,6453,6325,6335,84170,-1.3854296388542964,4546,0,-1347,-3199,0,13823,0,59672,9430,82925,9277,0,61019,12629,82925,29205440,0,-8374900,-20830540,0,89373310,0,385171110,60758050,535302470,60167870,0,393546010,81588590,535302470
2021-12-17,6374,6374,6226,6256,69531,-1.2470402525651145,-2909,-4946,22521,-14666,0,18516,0,44441,5545,68502,21425,4946,21920,20211,68502,-17959120,-31433380,143290350,-93897850,0,118382440,0,283425090,35323960,437131490,136341560,31433380,140134740,129221810,437131490
2021-12-20,6344,6344,6216,6227,57996,-0.4635549872122762,-14335,5001,17074,-7740,0,13334,5001,35974,2829,57138,27669,0,18900,10569,57138,-90779020,31656440,108227970,-49105390,0,84513480,31656440,227906270,17894190,361970380,175292500,0,119678300,66999580,361970380
2021-12-21,6206,6236,6177,6217,75488,-0.16059097478721696,-42063,99,43021,-1057,0,11727,100,50811,11733,74371,53790,1,7790,12790,74371,-264674130,622680,270671780,-6620330,0,73818320,629000,319795080,73929960,468172360,338492450,6320,49123300,80550290,468172360
2021-12-22,6216,6275,6216,6276,55536,0.9490107769020428,-4505,4380,-9283,9408,0,23638,5649,9802,15625,54714,28143,1269,19085,6217,54714,-28566990,27818840,-59035110,59783260,0,150311850,35853110,62153110,99183640,347501710,178878840,8034270,121188220,39400380,347501710
2021-12-23,6256,6374,6236,6374,78186,1.561504142766093,-23220,8245,20965,-5990,0,30097,8245,35309,3378,77029,53317,0,14344,9368,77029,-147010390,52416550,132867550,-38273710,0,192195460,52416550,224852280,21524270,490988560,339205850,0,91984730,59797980,490988560
2021-12-24,6325,6364,6246,6315,115894,-0.9256353937872608,-35237,5300,38786,-8849,0,39665,5300,58429,10786,114180,74902,0,19643,19635,114180,-224144770,33694120,246933990,-56483340,0,252396640,33694120,372219180,68617550,726927490,476541410,0,125285190,125100890,726927490
2021-12-27,6315,6374,6285,6364,99026,0.7759303246239113,-17543,-3002,19088,1457,0,21861,0,53110,22590,97561,39404,3002,34022,21133,97561,-112925910,-19332880,122873630,9385160,0,140753290,0,342294680,145504820,628552790,253679200,19332880,219421050,136119660,628552790
2021-12-28,6393,6413,6344,6355,152628,-0.14142049025769957,14945,2846,-27513,9722,0,74638,4146,60563,11023,150370,59693,1300,88076,1301,150370,96738880,18534620,-178426340,63152840,0,483305200,26932620,391880310,71560030,973678160,386566320,8398000,570306650,8407190,973678160
2021-12-29,6315,6384,6305,6384,52504,0.4563335955940205,-3782,-22599,25353,1028,0,10115,0,38447,3165,51727,13897,22599,13094,2137,51727,-24438320,-146089520,163957700,6570140,0,65298520,0,248344290,20377550,334020360,89736840,146089520,84386590,13807410,334020360
2021-12-30,6384,6403,6334,6394,48226,0.15664160401002505,-5119,-9890,19946,-4937,0,18076,100,28960,377,47513,23195,9990,9014,5314,47513,-32838320,-64200200,128995090,-31956570,0,117032290,646000,187482440,2444680,307605410,149870610,64846200,58487350,34401250,307605410
2022-01-03,6433,6433,6325,6424,117059,0.46918986549890523,2987,-8156,11969,-6800,0,78255,1844,25381,9847,115327,75268,10000,13412,16647,115327,19698150,-52561520,76926600,-44063230,0,505740900,11838480,163833040,63505300,744917720,486042750,64400000,86906440,107568530,744917720
2022-01-04,6423,6433,6334,6433,93229,0.14009962640099627,31816,223,-31959,-80,0,67457,223,16585,7585,91850,35641,0,48544,7665,91850,207139260,1438350,-208139870,-437740,0,439046200,1438350,107892170,49400070,597776790,231906940,0,316032040,49837810,597776790
2022-01-05,6433,6502,6374,6473,88179,0.621793875330328,25038,1160,-17157,-9041,0,46211,1161,30935,8568,86875,21173,1,48092,17609,86875,164436250,7584420,-112626530,-59394140,0,302804250,7590940,202282590,55936980,568614760,138368000,6520,314909120,115331120,568614760
2022-01-06,6472,6541,6443,6522,93294,0.7569905762397652,3866,0,-9903,6037,0,41064,0,36475,14375,91914,37198,0,46378,8338,91914,25566570,0,-65326420,39759850,0,270331670,0,239987500,94691150,605010320,244765100,0,305313920,54931300,605010320
2022-01-07,6522,6522,6413,6473,77203,-0.7513032812020852,27335,6088,-8655,-24768,0,46493,6088,21175,2305,76061,19158,0,29830,27073,76061,179930690,39772970,-57045970,-162657690,0,305672740,39772970,138921340,15176250,499543300,125742050,0,195967310,177833940,499543300
2022-01-10,6492,6502,6443,6463,61191,-0.1544878727019929,25628,-32,-19691,-5905,0,48292,168,10452,1374,60286,22664,200,30143,7279,60286,168289370,-211280,-129309160,-38768930,0,317004580,1098720,68569030,9005650,395677980,148715210,1310000,197878190,47774580,395677980
2022-01-11,6482,6492,6423,6473,46752,0.1547269070091289,15014,5346,-15062,-5298,0,25266,5346,10576,4872,46060,10252,0,25638,10170,46060,98479430,34992840,-98716560,-34755710,0,165697320,34992840,69286720,31924280,301901160,67217890,0,168003280,66679990,301901160
2022-01-12,6433,6492,6433,6493,43769,0.3089757454039858,15654,1361,-14334,-2681,0,23760,2026,14242,3094,43122,8106,665,28576,5775,43122,102912180,8953940,-94296360,-17569760,0,156115280,13331340,93521440,20342700,283310760,53203100,4377400,187817800,37912460,283310760
2022-01-13,6492,6512,6462,6502,48211,0.13861081164330818,9920,-13035,-3822,6937,0,24772,0,12639,10087,47498,14852,13035,16461,3150,47498,65448420,-86001000,-25153450,45706030,0,163299830,0,83284020,66468730,313052580,97851410,86001000,108437470,20762700,313052580
2022-01-14,6502,6502,6453,6493,55418,-0.13841894801599508,22199,-1399,-21338,538,0,35243,0,11327,8028,54598,13044,1399,32665,7490,54598,146198770,-9233400,-140521020,3555650,0,231988010,0,74525780,52870440,359384230,85789240,9233400,215046800,49314790,359384230
2022-01-17,6522,6522,6403,6502,113391,0.13861081164330818,-14152,29778,-6300,-9326,0,35007,31671,35571,9465,111714,49159,1893,41871,18791,111714,-91326940,194502210,-42011830,-61163440,0,229867770,206962010,232744310,61940460,731514550,321194710,12459800,274756140,123103900,731514550
2022-01-18,6502,6502,6433,6473,42132,-0.44601661027376194,16920,4155,-18270,-2805,0,24425,4155,9991,2938,41509,7505,0,28261,5743,41509,111083320,27212150,-119905310,-18390160,0,160311600,27212150,65454380,19256290,272234420,49228280,0,185359690,37646450,272234420
2022-01-19,6443,6443,6315,6404,115303,-1.065966321643751,-3710,6868,8134,-11292,0,37327,6868,54519,14883,113597,41037,0,46385,26175,113597,-24400240,44588680,53003120,-73191560,0,240995490,44588680,352595030,96019280,734198480,265395730,0,299591910,169210840,734198480
2022-01-20,6413,6413,6305,6364,48963,-0.6246096189881324,-8687,800,-2715,10602,0,19925,800,15980,11534,48239,28612,0,18695,932,48239,-55971160,5139000,-17521880,68354040,0,128545250,5139000,102612060,74373880,310670190,184516410,0,120133940,6019840,310670190
2022-01-21,6403,6433,6305,6364,83694,0.0,11200,-41177,20263,9714,0,31463,0,39598,11395,82456,20263,41177,19335,1681,82456,72276660,-265633030,130560040,62796330,0,203134080,0,255950010,73673130,532757220,130857420,265633030,125389970,10876800,532757220
2022-01-24,6423,6423,6246,6276,96031,-1.3827781269641735,17021,-48826,26214,5591,0,29866,2392,49778,12574,94610,12845,51218,23564,6983,94610,109152890,-312400200,167530000,35717310,0,191318440,15324030,318387590,80539660,605569720,82165550,327724230,150857590,44822350,605569720
2022-01-25,6344,6344,6177,6236,99701,-0.6373486297004461,10895,-15871,-6900,11876,0,39400,731,31247,26848,98226,28505,16602,38147,14972,98226,68911410,-99920670,-43951000,74960260,0,248735460,4599990,197522630,169633040,620491120,179824050,104520660,241473630,94672780,620491120
2022-01-26,6236,6285,6177,6217,67570,-0.30468248877485565,16110,-14181,-14322,12393,0,25697,52,18582,22239,66570,9587,14233,32904,9846,66570,101767180,-89569410,-90521320,78323550,0,162221720,327130,117199020,140476790,420224660,60454540,89896540,207720340,62153240,420224660
2022-01-27,6256,6256,6137,6158,121001,-0.9490107769020428,10199,-3000,-17148,9949,0,51292,2000,45640,20279,119211,41093,5000,62788,10330,119211,64813230,-18712080,-108375570,62274420,0,322477610,12500000,286617640,127298970,748894220,257664380,31212080,394993210,65024550,748894220
2022-01-28,6187,6187,6059,6138,174605,-0.3247807729782397,-40029,-26550,35535,31044,0,51038,2450,68318,50216,172022,91067,29000,32783,19172,172022,-247372160,-164296500,219727960,191940700,0,316126640,15113500,422694390,310644280,1064578810,563498800,179410000,202966430,118703580,1064578810
2022-02-03,6147,6177,6078,6138,185641,0.0,-34765,-35737,18596,51906,0,52814,20102,46068,63911,182895,87579,55839,27472,12005,182895,-215839860,-222377030,115287540,322929350,0,328384350,124631480,285936560,397348080,1136300470,544224210,347008510,170649020,74418730,1136300470
2022-02-04,6177,6551,6098,6335,279361,3.20951449983708,53070,-113265,-15633,75828,0,126322,5030,48532,95344,275228,73252,118295,64165,19516,275228,341078800,-710042230,-103779780,472743210,0,799921630,31430660,303368310,596123760,1730844360,458842830,741472890,407148090,123380550,1730844360
2022-02-07,6295,6354,6216,6355,154684,0.31570639305445936,-13820,-10581,39886,-15485,0,55700,5419,70911,20366,152396,69520,16000,31025,35851,152396,-86833550,-67086800,252641700,-98721350,0,356038090,34554480,451303870,129936300,971832740,442871640,101641280,198662170,228657650,971832740
2022-02-08,6393,6433,6334,6345,118014,-0.15735641227380015,11372,3133,-2802,-11703,0,67748,3133,35896,9491,116268,56376,0,38698,21194,116268,73998630,20208670,-18479790,-75727510,0,439410890,20208670,232266780,61478130,753364470,365412260,0,250746570,137205640,753364470
2022-02-09,6364,6433,6315,6433,135317,1.3869188337273444,-27059,-3895,-4864,35818,0,55323,0,37699,40293,133315,82382,3895,42563,4475,133315,-175070550,-25317500,-32255070,232643120,0,359544090,0,244414610,261676570,865635270,534614640,25317500,276669680,29033450,865635270
2022-02-10,6453,6472,6393,6473,99334,0.621793875330328,-4492,-2013,5337,1168,0,50765,10,30730,16360,97865,55257,2023,25393,15192,97865,-29117930,-13145730,34539070,7724590,0,331921110,65000,200593700,106910680,639490490,361039040,13210730,166054630,99186090,639490490
2022-02-11,6482,6482,6108,6483,169131,0.1544878727019929,27210,-39768,7971,4587,0,67258,2000,63296,34075,166629,40048,41768,55325,29488,166629,178576580,-256934220,49080220,29277420,0,441291930,13140000,411063300,222523430,1088018660,262715350,270074220,361983080,193246010,1088018660
2022-02-14,6472,6472,6393,6473,68892,-0.1542495758136665,40343,2000,-24335,-18008,0,49562,2000,7858,8453,67873,9219,0,32193,26461,67873,264404580,13072000,-159537040,-117939540,0,324816100,13072000,51402850,55206790,444497740,60411520,0,210939890,173146330,444497740
2022-02-15,6492,6492,6403,6414,113389,-0.911478448941758,9585,10000,-5352,-14233,0,47480,10000,34336,19896,111712,37895,0,39688,34129,111712,63382050,65350000,-35698040,-93034010,0,310753970,65350000,224098790,130290480,730493240,247371920,0,259796830,223324490,730493240
2022-02-16,6413,6453,6393,6433,61000,0.29622700342999686,5757,3310,-105,-8962,0,37551,3310,14207,5030,60098,31794,0,14312,13992,60098,37675340,21549300,-877730,-58346910,0,244678180,21549300,92494640,32800930,391523050,207002840,0,93372370,91147840,391523050
2022-02-17,6423,6462,6403,6404,113746,-0.4508005596144878,23462,8803,-34760,2495,0,56319,9203,22047,24494,112063,32857,400,56807,21999,112063,153181950,57409590,-227159090,16567550,0,368007250,60017590,143855220,160156420,732036480,214825300,2608000,371014310,143588870,732036480
2022-02-18,6403,6443,6334,6443,97368,0.6089943785134291,39162,-5000,-45615,11453,0,57837,0,14163,23928,95928,18675,5000,59778,12475,95928,254261920,-32600000,-295654230,73992310,0,375668470,0,91998730,154898860,622566060,121406550,32600000,387652960,80906550,622566060
2022-02-21,6433,6453,6364,6443,87093,0.0,5666,5481,-13629,2482,0,35136,25001,8568,17100,85805,29470,19520,22197,14618,85805,37286690,35482060,-89011110,16242360,0,229195380,162857660,55767970,111386260,559207270,191908690,127375600,144779080,95143900,559207270
2022-02-22,6443,6462,6413,6443,62652,0.0,21747,17317,-39441,377,0,34125,17317,4866,5417,61725,12378,0,44307,5040,61725,142142490,113114290,-257801950,2545170,0,223074200,113114290,31823750,35450650,403462890,80931710,0,289625700,32905480,403462890
2022-02-23,6443,6443,6393,6443,121420,0.0,-37475,59908,-15255,-7178,0,36320,59908,5281,18115,119624,73795,0,20536,25293,119624,-244303630,390750160,-99690210,-46756320,0,236600390,390750160,34431570,118233650,780015770,480904020,0,134121780,164989970,780015770
2022-02-24,6462,6462,6403,6443,120840,0.0,21501,21186,-52866,10179,0,42089,21306,26730,28927,119052,20588,120,79596,18748,119052,140128160,138342870,-345156130,66685100,0,274427950,139127670,174301780,188950190,776807590,134299790,784800,519457910,122265090,776807590
2022-02-25,6305,6453,6305,6443,80749,0.0,276,0,806,-1082,0,51888,0,16697,10969,79554,51612,0,15891,12051,79554,1994790,0,5076590,-7071380,0,338316750,0,108676940,71528160,518521850,336321960,0,103600350,78599540,518521850
2022-02-28,6472,6512,6423,6493,68027,0.7760360080707746,-449,0,-9217,9666,0,26380,0,22519,18122,67021,26829,0,31736,8456,67021,-2807070,0,-60795570,63602640,0,173379000,0,147806870,119116040,440301910,176186070,0,208602440,55513400,440301910
2022-03-02,6482,6502,6384,6424,248990,-1.0626828892653628,-31803,2593,32641,-3431,0,137860,2593,78214,26640,245307,169663,0,45573,30071,245307,-206112120,16880430,212327950,-23096260,0,898303170,16880430,509417320,173668420,1598269340,1104415290,0,297089370,196764680,1598269340
2022-03-03,6472,6512,6423,6512,79348,1.36986301369863,-1807,0,-20149,21956,0,38963,0,15159,24052,78174,40770,0,35308,2096,78174,-11313960,0,-132966980,144280940,0,256017800,0,99511700,158036170,513565670,267331760,0,232478680,13755230,513565670
2022-03-04,6522,6699,6492,6680,215030,2.5798525798525795,-39056,1855,-40601,77802,0,82797,2855,37999,88198,211849,121853,1000,78600,10396,211849,-262854320,12513270,-272729150,523070200,0,558633230,19293270,256614190,593154460,1427695150,821487550,6780000,529343340,70084260,1427695150
2022-03-07,6689,6699,6581,6640,77418,-0.5988023952095809,9293,-641,-6612,-2040,0,28209,1869,36877,9318,76273,18916,2510,43489,11358,76273,62531730,-4145180,-44473960,-13912590,0,189467830,12671820,247616830,62542650,512299130,126936100,16817000,292090790,76455240,512299130
2022-03-08,6640,6640,6541,6552,78535,-1.3253012048192772,14253,1696,11214,-27163,0,43856,1696,26783,5038,77373,29603,0,15569,32201,77373,95384250,11363200,74753400,-181500850,0,292797200,11363200,178557500,33713560,516431460,197412950,0,103804100,215214410,516431460
2022-03-10,6650,6660,6551,6581,106501,0.4426129426129426,-8042,-1718,-2566,12326,0,61725,2218,18242,22741,104926,69767,3936,20808,10415,104926,-53377920,-11411910,-17465990,82255820,0,413236090,14824620,121955750,151942180,701958640,466614010,26236530,139421740,69686360,701958640
2022-03-11,6482,6679,6482,6660,194508,1.2004254672542167,-41445,8721,-85,32809,0,56392,10421,69228,55590,191631,97837,1700,69313,22781,191631,-277248120,58196640,-906220,219957700,0,378217430,69688640,464099280,372795490,1284800840,655465550,11492000,465005500,152837790,1284800840
2022-03-14,6680,6680,6580,6640,99517,-0.3003003003003003,-3512,2746,11060,-10294,0,51011,2746,32538,13222,99517,54523,0,21478,23516,99517,-23058430,18191140,72999660,-68132370,0,337904330,18191140,215413810,87549540,659058820,360962760,0,142414150,155681910,659058820
2022-03-15,6650,6650,6380,6440,208877,-3.0120481927710845,-93586,1983,74755,16848,0,49149,1983,119896,37849,208877,142735,0,45141,21001,208877,-602124090,12927630,481687880,107508580,0,320857630,12927630,777225070,244894160,1355904490,922981720,0,295537190,137385580,1355904490
2022-03-16,6450,6460,6400,6410,94456,-0.4658385093167702,-23875,7104,17338,-567,0,37751,7104,38999,10602,94456,61626,0,21661,11169,94456,-153000470,45575920,111179180,-3754630,0,242315470,45575920,250170080,68030340,606091810,395315940,0,138990900,71784970,606091810
2022-03-17,6410,6440,6380,6440,103375,0.46801872074883,-44713,17870,40970,-14127,0,23329,20741,49464,9841,103375,68042,2871,8494,23968,103375,-285782180,114376060,262061140,-90655020,0,149539430,132712470,316534380,63018370,661804650,435321610,18336410,54473240,153673390,661804650
2022-03-18,6420,6530,6410,6530,123980,1.3975155279503106,-41354,9779,-8888,40463,0,30104,9779,28422,55675,123980,71458,0,37310,15212,123980,-266263390,63389740,-59496700,262370350,0,194372720,63389740,182803350,360510320,801076130,460636110,0,242300050,98139970,801076130
2022-03-21,6550,6550,6450,6520,80909,-0.1531393568147014,-37368,693,35510,1165,0,13361,693,47680,19175,80909,50729,0,12170,18010,80909,-241872350,4490340,229977900,7404110,0,86658870,4490340,309015810,124236920,524401940,328531220,0,79037910,116832810,524401940
2022-03-22,6510,6530,6450,6500,130116,-0.3067484662576687,-1492,1020,1121,-649,0,75265,1020,29705,24126,130116,76757,0,28584,24775,130116,-8953670,6589200,6464270,-4099800,0,487417030,6589200,192059820,156339170,842405220,496370700,0,185595550,160438970,842405220
2022-03-23,6500,6530,6460,6510,68962,0.15384615384615385,-11649,6988,-12573,17234,0,32464,8988,7041,20469,68962,44113,2000,19614,3235,68962,-75765720,45392000,-81824100,112197820,0,210986520,58422000,45672310,133170650,448251480,286752240,13030000,127496410,20972830,448251480
2022-03-24,6530,6530,6420,6460,133510,-0.7680491551459293,-72758,19062,33568,20128,0,41614,22062,44495,25339,133510,114372,3000,10927,5211,133510,-468625440,122784630,215970560,129870250,0,268567880,142254630,286631930,163712240,861166680,737193320,19470000,70661370,33841990,861166680
2022-03-25,6460,6480,6440,6460,43564,0.0,-137,13,-421,545,0,21127,4013,12736,5688,43564,21264,4000,13157,5143,43564,-854000,120980,-2775220,3508240,0,136379250,25920980,82223620,36713000,281236850,137233250,25800000,84998840,33204760,281236850
2022-03-28,6470,6470,6400,6440,114996,-0.30959752321981426,-49377,5310,28458,15609,0,50534,7441,40819,16202,114996,99911,2131,12361,593,114996,-316774890,34131730,182529590,100113570,0,324265190,47849460,261805710,103940580,737860940,641040080,13717730,79276120,3827010,737860940
2022-03-29,6450,6460,6410,6460,82280,0.3105590062111801,-1538,-7310,-3243,12091,0,36251,3190,29000,13839,82280,37789,10500,32243,1748,82280,-9506220,-47125200,-21244000,77875420,0,233337690,20479800,186368540,89112150,529298180,242843910,67605000,207612540,11236730,529298180
2022-03-30,6450,6480,6410,6480,107097,0.30959752321981426,-10640,-31629,31626,10643,0,30554,2871,54224,19448,107097,41194,34500,22598,8805,107097,-68089250,-204305880,203630780,68764350,0,197237370,18460530,349555600,125540950,690794450,265326620,222766410,145924820,56776600,690794450
2022-03-31,6480,6540,6460,6530,101463,0.7716049382716049,12479,-7020,-23184,17725,0,47745,3980,28545,21193,101463,35266,11000,51729,3468,101463,81135070,-45761950,-150534700,115161580,0,310383390,25948050,185872940,137709770,659914150,229248320,71710000,336407640,22548190,659914150
2022-04-01,6530,6530,6400,6440,185379,-1.3782542113323124,35483,-5767,-36833,7117,0,74291,4233,89538,17317,185379,38808,10000,126371,10200,185379,229546910,-36992120,-238535730,45980940,0,479310630,27347510,576788340,111855940,1195302420,249763720,64339630,815324070,65875000,1195302420
2022-04-04,6460,6490,6440,6490,90230,0.7763975155279503,8939,2827,-20974,9208,0,39187,2827,33065,15151,90230,30248,0,54039,5943,90230,57718080,18304240,-135607900,59585580,0,253687830,18304240,213996350,98085200,584073620,195969750,0,349604250,38499620,584073620
2022-04-05,6490,6550,6460,6550,207275,0.9244992295839755,68382,-57146,-57634,46398,0,136048,3190,19155,48882,207275,67666,60336,76789,2484,207275,444785140,-371306690,-374814540,301336090,0,884933890,20607400,124285740,317474040,1347301070,440148750,391914090,499100280,16137950,1347301070
2022-04-06,6540,6610,6510,6610,305302,0.9160305343511451,38700,-79057,-35392,75749,0,197331,1000,20657,86314,305302,158631,80057,56049,10565,305302,254539540,-518852780,-231700940,496014180,0,1296390440,6520000,135856490,565204810,2003971740,1041850900,525372780,367557430,69190630,2003971740
2022-04-07,6610,7270,6570,6740,462908,1.9667170953101363,60565,-25000,-50063,14498,0,98767,2778,274052,87311,462908,38202,27778,324115,72813,462908,404159420,-168187010,-324260530,88288120,0,661840260,18751500,1867406720,583300860,3131299340,257680840,186938510,2191667250,495012740,3131299340
2022-04-08,6770,6840,6630,6800,197303,0.8902077151335311,64013,-14549,-68682,19218,0,99284,2220,54014,41785,197303,35271,16769,122696,22567,197303,435192280,-98922910,-466846770,130577400,0,674939590,15029090,365981880,283229420,1339179980,239747310,113952000,832828650,152652020,1339179980
2022-04-11,6810,6820,6400,6800,140395,0.0,27077,-17579,-6955,-2543,0,60253,0,52108,28034,140395,33176,17579,59063,30577,140395,184053560,-119503990,-47018010,-17531560,0,409583570,0,352683010,190240580,952507160,225530010,119503990,399701020,207772140,952507160
2022-04-12,6790,6960,6770,6900,163961,1.4705882352941175,42570,-16075,-59998,33503,0,74542,0,42295,47124,163961,31972,16075,102293,13621,163961,293851130,-110212500,-413378770,229740140,0,514353870,0,291631530,324114750,1130100150,220502740,110212500,705010300,94374610,1130100150
2022-04-13,6890,6950,6870,6930,159119,0.43478260869565216,66193,-4075,-55161,-6957,0,102749,0,36275,20095,159119,36556,4075,91436,27052,159119,457879570,-28117500,-381516850,-48245220,0,710513850,0,250595680,138790070,1099899600,252634280,28117500,632112530,187035290,1099899600
2022-04-14,6950,6970,6810,6900,175894,-0.4329004329004329,43311,1000,-66558,22247,0,98856,1000,40111,35927,175894,55545,0,106669,13680,175894,300763520,6920000,-462128140,154444620,0,684647080,6920000,277094110,249268370,1217929560,383883560,0,739222250,94823750,1217929560
2022-04-15,6900,7050,6880,7000,273030,1.4492753623188406,58657,-1300,-132845,75488,0,141278,0,47940,83812,273030,82621,1300,180785,8324,273030,410555770,-9035000,-927759010,526238240,0,985840650,0,335368850,584066540,1905276040,575284880,9035000,1263127860,57828300,1905276040
2022-04-18,7010,7020,6880,6950,186264,-0.7142857142857143,27311,-551,-14791,-11969,0,98150,3538,61090,23486,186264,70839,4089,75881,35455,186264,190802710,-3922540,-103748870,-83131300,0,683286380,24589100,424850970,163799180,1296525630,492483670,28511640,528599840,246930480,1296525630
2022-04-19,6910,7000,6810,6950,183874,0.0,74066,-3713,-89484,19131,0,105042,1001,29579,48252,183874,30976,4714,119063,29121,183874,512146730,-25689800,-618984570,132527640,0,725671550,6876920,202871230,332812650,1268232350,213524820,32566720,821855800,200285010,1268232350
2022-04-20,6950,7090,6920,7090,142675,2.014388489208633,23673,1987,-65039,39379,0,65867,7987,22577,46244,142675,42194,6000,87616,6865,142675,166757640,14243400,-457622820,276621780,0,463046980,56373400,158719650,324833010,1002973040,296289340,42130000,616342470,48211230,1002973040
2022-04-21,7090,7250,7080,7150,190704,0.846262341325811,49415,-4000,-68335,22920,0,112704,0,38340,39660,190704,63289,4000,106675,16740,190704,355373330,-28700000,-491414610,164741280,0,810479400,0,275187840,285092270,1370759510,455106070,28700000,766602450,120350990,1370759510
2022-04-22,7230,7280,7150,7270,192777,1.6783216783216783,-4084,-1692,-49046,54822,0,81347,0,51035,60395,192777,85431,1692,100081,5573,192777,-29464910,-12242400,-354715410,396422720,0,588729030,0,370100330,436722870,1395552230,618193940,12242400,724815740,40300150,1395552230
2022-04-25,7340,7370,7240,7300,277819,0.41265474552957354,5967,-1035,-21534,16602,0,146812,0,66277,64730,277819,140845,1035,87811,48128,277819,43194680,-7556190,-157700140,122061650,0,1071630050,0,483396340,473153480,2028179870,1028435370,7556190,641096480,351091830,2028179870
2022-04-26,7290,7330,7250,7300,189244,0.0,15410,0,-61547,46137,0,110555,0,28751,49938,189244,95145,0,90298,3801,189244,112570630,0,-449263780,336693150,0,806930680,0,209848890,364413990,1381193560,694360050,0,659112670,27720840,1381193560
2022-04-27,7300,7340,7180,7260,186954,-0.547945205479452,84273,1617,-95494,9604,0,121373,1617,29332,34632,186954,37100,0,124826,25028,186954,613093770,11775810,-694600720,69731140,0,883105190,11775810,213292480,251791590,1359965070,270011420,0,907893200,182060450,1359965070
2022-04-28,7260,7270,7000,7080,144717,-2.479338842975207,33829,1000,-39600,4771,0,78524,2600,50939,12654,144717,44695,1600,90539,7883,144717,241340350,7259510,-281961840,33361980,0,559008880,18711510,362939060,89765100,1030424550,317668530,11452000,644900900,56403120,1030424550
2022-04-29,7120,7290,7110,7200,147339,1.694915254237288,39558,-3837,-64776,29055,0,73163,15367,19775,39034,147339,33605,19204,84551,9979,147339,284808460,-27834440,-466124510,209150490,0,527021730,110749170,142327170,281006810,1061104880,242213270,138583610,608451680,71856320,1061104880
2022-05-02,7200,7240,7100,7180,102441,-0.2777777777777778,-24743,24282,14486,-14025,0,30686,29000,37989,4766,102441,55429,4718,23503,18791,102441,-176176690,173270280,103343660,-100437250,0,219429800,207092700,271545170,34065610,732133280,395606490,33822420,168201510,134502860,732133280
2022-05-03,7180,7180,6880,7010,187932,-2.3676880222841223,13767,-6812,-20603,13648,0,87347,5544,62034,33007,187932,73580,12356,82637,19359,187932,97549600,-47212750,-145097530,94760680,0,612431100,39001120,435879360,230653360,1317964940,514881500,86213870,580976890,135892680,1317964940
2022-05-04,6880,6910,6780,6860,380477,-2.1398002853067046,-35927,-8738,10518,34147,0,144924,33003,155176,47374,380477,180851,41741,144658,13227,380477,-245362000,-60238830,71177730,234423100,0,993318550,225808120,1060483010,324777920,2604387600,1238680550,286046950,989305280,90354820,2604387600
2022-05-06,6860,6880,6700,6880,195546,0.2915451895043732,-1985,12812,-10320,-507,0,60839,28000,70212,36495,195546,62824,15188,80532,37002,195546,-11532390,86575270,-69277860,-5765020,0,414302450,189200000,478006260,247121820,1328630530,425834840,102624730,547284120,252886840,1328630530
2022-05-09,6820,6860,6750,6760,5039648,-1.744186046511628,-87466,75522,15691,-3747,0,4746623,103280,146258,43487,5039648,4834089,27758,130567,47234,5039648,-569206150,490412860,104477770,-25684480,0,31024054440,678215590,992773760,295700380,32990744170,31593260590,187802730,888295990,321384860,32990744170
2022-05-10,6690,6690,6480,6540,859366,-3.2544378698224854,12743,-35171,36067,-13639,0,532975,54832,185687,85872,859366,520232,90003,149620,99511,859366,83316950,-229509040,236038960,-89846870,0,3484067290,359996790,1215007380,561648540,5620720000,3400750340,589505830,978968420,651495410,5620720000
2022-05-11,6560,6610,6530,6600,247580,0.9174311926605505,-3198,-13274,44126,-27654,0,97330,0,104950,45300,247580,100528,13274,60824,72954,247580,-20702440,-87411960,290941880,-182827480,0,641339980,0,691149930,297714430,1630204340,662042420,87411960,400208050,480541910,1630204340
2022-05-12,6580,6610,6520,6570,161600,-0.45454545454545453,55277,-9999,-11379,-33899,0,101538,9225,38947,11890,161600,46261,19224,50326,45789,161600,364019530,-66374040,-74760190,-222885300,0,668308160,60391780,256217350,78176580,1063093870,304288630,126765820,330977540,301061880,1063093870
2022-05-13,6570,6630,6530,6630,199482,0.91324200913242,29410,-3946,14395,-39859,0,111175,8586,68337,11384,199482,81765,12532,53942,51243,199482,194201580,-25948600,94480160,-262733140,0,732926520,56442590,450029580,74915090,1314313780,538724940,82391190,355549420,337648230,1314313780
2022-05-16,6640,6650,6540,6590,205183,-0.603318250377074,-45751,10143,36398,-790,0,91180,12433,85487,16083,205183,136931,2290,49089,16873,205183,-299969270,66706930,238518720,-5256380,0,599012280,81735550,561447910,105659420,1347855160,898981550,15028620,322929190,110915800,1347855160
2022-05-17,6590,6630,6560,6600,184516,0.15174506828528073,14343,16936,12650,-43929,0,115572,17936,48999,2009,184516,101229,1000,36349,45938,184516,94521100,111868230,83265680,-289655010,0,761427270,118468230,322884180,13239490,1216019170,666906170,6600000,239618500,302894500,1216019170
2022-05-18,6580,6590,6540,6570,113859,-0.45454545454545453,-4759,6023,22001,-23265,0,60238,14113,36699,2809,113859,64997,8090,14698,26074,113859,-31247620,39454360,144444140,-152650880,0,395230140,92602460,240941550,18455130,747229280,426477760,53148100,96497410,171106010,747229280
2022-05-19,6540,6540,6460,6510,209879,-0.91324200913242,15792,10513,61167,-87472,0,72456,12740,115437,9246,209879,56664,2227,54270,96718,209879,103281200,68208120,396942110,-568431430,0,471426160,82750430,750125630,60071130,1364373350,368144960,14542310,353183520,628502560,1364373350
2022-05-20,6470,6540,6470,6510,166007,0.0,45634,7010,16547,-69191,0,106116,7010,35904,16977,166007,60482,0,19357,86168,166007,297056030,45483160,107248200,-449787390,0,691019250,45483160,233379930,110578220,1080460560,393963220,0,126131730,560365610,1080460560
2022-05-23,6530,6560,6510,6550,169624,0.6144393241167435,-31517,31098,21009,-20590,0,54527,40598,60246,14253,169624,86044,9500,39237,34843,169624,-205924800,203287980,137046140,-134409320,0,356287440,265492980,393856880,93161990,1108799290,562212240,62205000,256810740,227571310,1108799290
2022-05-24,6550,6650,6530,6640,236500,1.3740458015267176,-20003,70226,-29203,-21020,0,83651,94108,40101,18640,236500,103654,23882,69304,39660,236500,-133623500,464817840,-192390790,-138803550,0,552282560,622713140,264783440,123118130,1562897270,685906060,157895300,457174230,261921680,1562897270
2022-05-25,6610,6750,6570,6730,1270532,1.355421686746988,3167,124554,-76534,-51187,0,1074635,134672,32788,28437,1270532,1071468,10118,109322,79624,1270532,19889940,837329830,-514648510,-342571260,0,7034195930,904268010,218654120,190248430,8347366490,7014305990,66938180,733302630,532819690,8347366490
2022-05-26,6740,6830,6720,6820,370180,1.337295690936107,7211,113499,-70631,-50079,0,126162,171594,57021,15403,370180,118951,58095,127652,65482,370180,49113210,769047060,-480040510,-338119760,0,854646630,1161555130,385808680,104604240,2506614680,805533420,392508070,865849190,442724000,2506614680
2022-05-27,6830,6870,6670,6730,436112,-1.3196480938416422,-152794,213351,-51748,-8809,0,88051,235426,76468,36167,436112,240845,22075,128216,44976,436112,-1040008840,1456488430,-357219910,-59259680,0,595799020,1607402280,517868720,246300050,2967370070,1635807860,150913850,875088630,305559730,2967370070
2022-05-30,6650,6650,6540,6580,237030,-2.2288261515601784,-32941,4600,95225,-66884,0,92521,4800,137428,2281,237030,125462,200,42203,69165,237030,-217268530,30174000,626734350,-439639820,0,608036270,31486000,904170000,14980210,1558672480,825304800,1312000,277435650,454620030,1558672480
2022-05-31,6580,6600,6540,6590,118709,0.1519756838905775,7791,-14153,21524,-15162,0,45603,6421,35407,31278,118709,37812,20574,13883,46440,118709,51373050,-93371170,141786450,-99788330,0,300004420,42250180,233123650,205978880,781357130,248631370,135621350,91337200,305767210,781357130
2022-06-02,6600,6610,6550,6610,90481,0.30349013657056145,-3558,5210,4342,-5994,0,34022,19220,28499,8740,90481,37580,14010,24157,14734,90481,-23731800,34494940,28826210,-39589350,0,223793190,126405960,187702970,57502140,595404260,247524990,91911020,158876760,97091490,595404260
2022-06-03,6620,6620,6550,6600,102509,-0.15128593040847202,32948,0,-24249,-8699,0,74738,0,17127,10644,102509,41790,0,41376,19343,102509,217455630,0,-160035110,-57420520,0,493129870,0,112740630,70175970,676046470,275674240,0,272775740,127596490,676046470
2022-06-07,6600,6600,6550,6590,90546,-0.15151515151515152,34244,-5403,-25054,-3787,0,66883,2990,11108,9565,90546,32639,8393,36162,13352,90546,225322970,-35624590,-164705050,-24993330,0,440069930,19674210,73009340,62874760,595628240,214746960,55298800,237714390,87868090,595628240
2022-06-08,6600,6600,6520,6580,93934,-0.15174506828528073,-13677,18151,-465,-4009,0,38541,25758,25487,4148,93934,52218,7607,25952,8157,93934,-89365190,119309230,-3583240,-26360800,0,253123930,169190240,167122510,27176180,616612860,342489120,49881010,170705750,53536980,616612860
2022-06-09,6590,6590,6560,6580,49234,0.0,-12914,4414,13621,-5121,0,20750,5014,19411,4059,49234,33664,600,5790,9180,49234,-84742250,28949840,89445400,-33652990,0,136269370,32891840,127499560,26660760,323321530,221011620,3942000,38054160,60313750,323321530
2022-06-10,6580,6580,6470,6470,135180,-1.6717325227963524,-12088,1937,22845,-12694,0,62623,1937,63204,7416,135180,74711,0,40359,20110,135180,-78528170,12624970,148705660,-82802460,0,407672880,12624970,411580270,48347210,880225330,486201050,0,262874610,131149670,880225330
2022-06-13,6490,6490,6380,6390,108250,-1.2364760432766615,-343,15824,-3015,-12466,0,34589,29311,36201,8149,108250,34932,13487,39216,20615,108250,-1940210,101186580,-19276450,-79969920,0,221587330,187516310,232126100,52265840,693495580,223527540,86329730,251402550,132235760,693495580
2022-06-14,6350,6350,6180,6280,189683,-1.7214397496087637,-7909,32576,19575,-44242,0,64761,32576,77575,14771,189683,72670,0,58000,59013,189683,-49325080,203735690,121858020,-276268630,0,404057040,203735690,484165940,92255570,1184214240,453382120,0,362307920,368524200,1184214240
2022-06-15,6370,6370,6130,6180,137883,-1.5923566878980893,-1223,19073,25516,-43366,0,45267,19073,67664,5879,137883,46490,0,42148,49245,137883,-7714330,117889250,158737960,-268912880,0,280449570,117889250,420029210,36370530,854738560,288163900,0,261291250,305283410,854738560
2022-06-16,6190,6270,6170,6200,121596,0.3236245954692557,-5756,-11998,31238,-13484,0,41002,2,59973,20619,121596,46758,12000,28735,34103,121596,-34741870,-74817550,193713810,-84154390,0,255494040,12450,372711820,128164460,756382770,290235910,74830000,178998010,212318850,756382770
2022-06-17,6110,6170,6000,6000,113210,-3.225806451612903,3407,2037,29445,-34889,0,35241,5044,67444,5481,113210,31834,3007,37999,40370,113210,20806510,12062050,179214370,-212082930,0,215123090,30464880,411892090,33188800,690668860,194316580,18402830,232677720,245271730,690668860
2022-06-20,6110,6110,5800,5990,272231,-0.16666666666666669,-3362,-1408,-43587,48357,0,96293,1637,86401,87900,272231,99655,3045,129988,39543,272231,-18129790,-8285470,-256234280,282649540,0,570457390,9687390,510015980,517697870,1607858630,588587180,17972860,766250260,235048330,1607858630
2022-06-21,6000,6050,5830,5980,143721,-0.1669449081803005,26627,6218,19119,-51964,0,91239,6218,44141,2123,143721,64612,0,25022,54087,143721,158915510,36867250,113248800,-309031560,0,542000510,36867250,261547880,12558400,852974040,383085000,0,148299080,321589960,852974040
2022-06-22,5950,6030,5700,5710,158130,-4.51505016722408,-13240,9296,24538,-20594,0,72023,9696,60111,16300,158130,85263,400,35573,36894,158130,-76422410,53927160,143023990,-120528740,0,416603590,56211160,348529370,94254800,915598920,493026000,2284000,205505380,214783540,915598920
2022-06-23,5710,5750,5570,5680,357107,-0.5253940455341506,100426,-15055,-119079,33708,0,171348,44945,36435,104379,357107,70922,60000,155514,70671,357107,568934680,-85411720,-671209520,187686560,0,969322910,254188280,205264770,587536900,2016312860,400388230,339600000,876474290,399850340,2016312860
2022-06-24,5680,5890,5680,5890,278788,3.697183098591549,73154,-29785,-46027,2658,0,202505,20533,14961,40789,278788,129351,50318,60988,38131,278788,422109450,-173757090,-264601520,16249160,0,1173640050,119295890,86521260,237423010,1616880210,751530600,293052980,351122780,221173850,1616880210
2022-06-27,5930,5980,5810,5960,117087,1.1884550084889642,-3980,19510,20339,-35869,0,48407,19512,31719,17449,117087,52387,2,11380,53318,117087,-22932330,115581700,119872860,-212522230,0,286862640,115593430,187309660,103048790,692814520,309794970,11730,67436800,315571020,692814520
2022-06-28,5960,5990,5850,5940,104398,-0.33557046979865773,-9963,22313,-18104,5754,0,54039,22313,10316,17730,104398,64002,0,28420,11976,104398,-58211700,132170030,-107932440,33974110,0,320132400,132170030,60917440,104968430,618188300,378344100,0,168849880,70994320,618188300
2022-06-29,5940,5960,5760,5870,121006,-1.1784511784511784,-84988,20268,45610,19110,0,8746,20268,55084,36908,121006,93734,0,9474,17798,121006,-494160410,118831420,264564430,110764560,0,51046570,118831420,320121490,214737000,704736480,545206980,0,55557060,103972440,704736480
2022-06-30,5860,5860,5630,5810,188180,-1.0221465076660987,73864,1406,-46402,-28868,0,142247,1510,25603,18820,188180,68383,104,72005,47688,188180,422941720,8103110,-266063810,-164981020,0,816429390,8698150,146762050,108330190,1080219780,393487670,595040,412825860,273311210,1080219780
2022-07-01,5810,5870,5720,5800,113285,-0.17211703958691912,1522,3005,965,-5492,0,50745,3005,39069,20466,113285,49223,0,38104,25958,113285,8968830,17248600,6116550,-32333980,0,293220270,17248600,225739540,117902900,654111310,284251440,0,219622990,150236880,654111310
2022-07-04,5800,5820,5560,5720,124874,-1.3793103448275863,-38326,11348,17695,9283,0,26326,13348,69737,15463,124874,64652,2000,52042,6180,124874,-213950780,63465520,98588860,51896400,0,149024920,74745520,391401800,86903100,702075340,362975700,11280000,292812940,35006700,702075340
2022-07-05,5720,5840,5610,5840,93218,2.097902097902098,26115,871,-23256,-3730,0,61271,871,14785,16291,93218,35156,0,38041,20021,93218,150293060,4947280,-133267970,-21972370,0,351876900,4947280,84615550,93099490,534539220,201583840,0,217883520,115071860,534539220
2022-07-06,5710,5830,5710,5790,65755,-0.8561643835616438,6396,63,2223,-8682,0,47471,63,14278,3943,65755,41075,0,12055,12625,65755,37773420,360990,12402250,-50536660,0,274554730,360990,82051810,22664360,379631890,236781310,0,69649560,73201020,379631890
2022-07-07,5750,5830,5700,5800,55248,0.17271157167530224,17562,0,-18786,1224,0,38138,0,14033,3077,55248,20576,0,32819,1853,55248,101641940,0,-108723230,7081290,0,220696740,0,81242620,17794690,319734050,119054800,0,189965850,10713400,319734050
2022-07-08,5810,5840,5760,5800,153574,0.0,113149,-110869,-4307,2027,0,137702,4005,6929,4938,153574,24553,114874,11236,2911,153574,657487050,-644209090,-24943820,11665860,0,799654680,23208850,40135370,28547030,891545930,142167630,667417940,65079190,16881170,891545930
2022-07-11,5810,5830,5660,5770,87654,-0.5172413793103449,-19422,2060,18474,-1112,0,34333,2060,45910,5351,87654,53755,0,27436,6463,87654,-111239920,11722200,106223900,-6706180,0,197015440,11722200,264364890,30706090,503808620,308255360,0,158140990,37412270,503808620
2022-07-12,5770,5770,5600,5600,61100,-2.946273830155979,-2436,6005,-6801,3232,0,23918,6005,26089,5088,61100,26354,0,32890,1856,61100,-13068290,33888350,-39108030,18287970,0,136026810,33888350,147586470,28817510,346319140,149095100,0,186694500,10529540,346319140
2022-07-13,5690,5700,5590,5600,168651,0.0,-123229,1000,113117,9112,0,18664,1000,139078,9909,168651,141893,0,25961,797,168651,-692152370,5610000,635363810,51178560,0,104971210,5610000,781122960,55656240,947360410,797123580,0,145759150,4477680,947360410
2022-07-14,5600,5610,5420,5500,96700,-1.7857142857142856,-29387,10186,18774,427,0,25063,10186,57515,3936,96700,54450,0,38741,3509,96700,-162966340,56211490,104762740,1992110,0,137991160,56211490,317347840,21403770,532954260,300957500,0,212585100,19411660,532954260
2022-07-15,5610,5610,5400,5470,207303,-0.5454545454545455,-452,5170,-12997,8279,0,82532,5170,105487,14114,207303,82984,0,118484,5835,207303,-3953230,28184880,-68995370,44763720,0,450012600,28184880,578390370,76872220,1133460070,453965830,0,647385740,32108500,1133460070
2022-07-18,5510,5510,5420,5500,113748,0.5484460694698354,67761,-47307,-20223,-231,0,92224,2693,16544,2287,113748,24463,50000,36767,2518,113748,371761590,-259811650,-110616980,-1332960,0,505467440,14688350,90424410,12488810,623069010,133705850,274500000,201041390,13821770,623069010
2022-07-19,5530,5530,5430,5470,66136,-0.5454545454545455,-34169,230,33895,44,0,18465,230,42399,5042,66136,52634,0,8504,4998,66136,-186935120,1262250,185518360,154510,0,101027660,1262250,232078950,27674010,362042870,287962780,0,46560590,27519500,362042870
2022-07-20,5470,5570,5410,5450,143730,-0.3656307129798903,-36191,12948,29949,-6706,0,60101,12948,63674,7007,143730,96292,0,33725,13713,143730,-200265790,71028820,165743320,-36506350,0,327302720,71028820,350548460,38324580,787204580,527568510,0,184805140,74830930,787204580
2022-07-21,5450,5520,5380,5420,74156,-0.5504587155963303,-42288,2266,39999,23,0,26112,2266,45409,369,74156,68400,0,5410,346,74156,-228722460,12272400,216334560,115500,0,141057080,12272400,245584130,1992620,400906230,369779540,0,29249570,1877120,400906230
2022-07-22,5430,5460,5340,5380,179507,-0.7380073800738007,-132572,76928,44469,11175,0,25399,76930,61264,15914,179507,157971,2,16795,4739,179507,-709829210,411700820,238211020,59917370,0,136421980,411711500,328418960,85495570,962048010,846251190,10680,90207940,25578200,962048010
2022-07-25,5340,5380,5300,5360,317564,-0.37174721189591076,-231653,105887,85733,40033,0,57599,105888,106162,47915,317564,289252,1,20429,7882,317564,-1236517710,566304070,456690600,213523040,0,306948980,566309420,565657990,255601840,1694518230,1543466690,5350,108967390,42078800,1694518230
2022-07-26,5360,5430,5360,5420,64313,1.1194029850746268,-6320,1092,7268,-2040,0,29282,1092,25424,8515,64313,35602,0,18156,10555,64313,-33838620,5864960,38812020,-10838360,0,157564990,5864960,136676500,45817150,345923600,191403610,0,97864480,56655510,345923600
2022-07-27,5420,5450,5400,5440,51334,0.36900369003690037,-9160,1400,9067,-1307,0,22267,2000,21185,5882,51334,31427,600,12118,7189,51334,-49708960,7578000,49194680,-7063720,0,120790060,10830000,114933870,31910900,278464830,170499020,3252000,65739190,38974620,278464830
2022-07-28,5520,5530,5460,5500,71091,1.1029411764705883,-19513,5568,23259,-9314,0,22235,5568,42043,1245,71091,41748,0,18784,10559,71091,-106992820,30603050,127601510,-51211740,0,122186820,30603050,230819480,6833160,390442510,229179640,0,103217970,58044900,390442510
2022-07-29,5560,5720,5520,5650,159678,2.727272727272727,-30799,-1665,-11636,44100,0,59683,273,52049,47673,159678,90482,1938,63685,3573,159678,-173843860,-9392590,-65330720,248567170,0,336143330,1534420,293455330,268431150,899564230,509987190,10927010,358786050,19863980,899564230
2022-08-01,5750,5750,5570,5680,121313,0.5309734513274336,-19593,3935,40302,-24644,0,69319,3965,47755,274,121313,88912,30,7453,24918,121313,-110103600,22214140,226754310,-138864850,0,390184470,22386640,268744450,1551490,682867050,500288070,172500,41990140,140416340,682867050
2022-08-02,5760,5760,5570,5680,79772,0.0,-16895,1699,24956,-9760,0,40190,1709,36478,1395,79772,57085,10,11522,11155,79772,-94287760,9606110,139737040,-55055390,0,226253460,9663710,204845900,7846090,448609160,320541220,57600,65108860,62901480,448609160
2022-08-03,5600,5680,5550,5610,89720,-1.232394366197183,-17664,-16,26094,-8414,0,41225,484,40602,7409,89720,58889,500,14508,15823,89720,-98058360,-84200,145333920,-47191360,0,230368880,2698910,226463330,41362360,500893480,328427240,2783110,81129410,88553720,500893480
2022-08-04,5610,5630,5530,5600,189910,-0.17825311942959002,-116238,73860,18703,23675,0,41822,73860,41802,32426,189910,158060,0,23099,8751,189910,-647895390,412017110,104015270,131863010,0,233167570,412017110,233118340,180558300,1058861320,881062960,0,129103070,48695290,1058861320
2022-08-05,5620,5630,5570,5610,79505,0.17857142857142858,-24775,19755,10672,-5652,0,32045,19755,22300,5405,79505,56820,0,11628,11057,79505,-138733330,110601580,59659960,-31528210,0,179330590,110601580,124611920,30242800,444786890,318063920,0,64951960,61771010,444786890
2022-08-08,5610,5610,5550,5590,35505,-0.35650623885918004,-4816,215,5960,-1359,0,17312,215,16473,1505,35505,22128,0,10513,2864,35505,-26847570,1195700,33233780,-7581910,0,96554400,1195700,91790420,8390290,197930810,123401970,0,58556640,15972200,197930810
2022-08-09,5600,5600,5550,5580,26363,-0.17889087656529518,-6604,0,6222,382,0,7694,0,17415,1254,26363,14298,0,11193,872,26363,-36642000,0,34502620,2139380,0,42954500,0,96982270,6993490,146930260,79596500,0,62479650,4854110,146930260
2022-08-10,5590,5590,5490,5550,69642,-0.5376344086021506,-13939,0,4761,9178,0,32768,0,25383,11491,69642,46707,0,20622,2313,69642,-77606750,0,26709160,50897590,0,181544780,0,140686620,63722620,385954020,259151530,0,113977460,12825030,385954020
2022-08-11,5570,5620,5540,5560,96486,0.18018018018018017,-30460,180,25066,5214,0,49350,180,38224,8732,96486,79810,0,13158,3518,96486,-168898290,999000,139029500,28869790,0,274833910,999000,212252050,48482680,536567640,443732200,0,73222550,19612890,536567640
2022-08-12,5530,5620,5530,5620,82027,1.079136690647482,-27026,0,10116,16910,0,41026,0,22809,18192,82027,68052,0,12693,1282,82027,-150729740,0,56299010,94430730,0,229069510,0,127253820,101601140,457924470,379799250,0,70954810,7170410,457924470
2022-08-16,5630,5670,5550,5630,130926,0.1779359430604982,6992,3000,5957,-15949,0,86910,3000,24217,16799,130926,79918,0,18260,32748,130926,40439380,16740000,32386920,-89566300,0,487457140,16740000,135142770,93971320,733311230,447017760,0,102755850,183537620,733311230
2022-08-17,5670,5670,5610,5630,71811,0.0,-4659,0,5630,-971,0,56116,0,10651,5044,71811,60775,0,5021,6015,71811,-26212060,0,31661150,-5449090,0,315819890,0,59892030,28368750,404080670,342031950,0,28230880,33817840,404080670
2022-08-18,5600,5640,5560,5580,109210,-0.8880994671403196,-34579,105,38211,-3737,0,46372,105,44866,17867,109210,80951,0,6655,21604,109210,-192915160,583850,213305110,-20973800,0,258907770,583850,250430610,99717220,609639450,451822930,0,37125500,120691020,609639450
2022-08-19,5580,5630,5580,5610,64846,0.5376344086021506,-19745,-449,15145,5049,0,28211,1,27477,9157,64846,47956,450,12332,4108,64846,-110316170,-2518910,84603820,28231260,0,157954680,5590,153743100,51223010,362926380,268270850,2524500,69139280,22991750,362926380
2022-08-22,5600,5600,5480,5520,86012,-1.6042780748663104,-20678,100,33215,-12637,0,29301,100,47829,8782,86012,49979,0,14614,21419,86012,-113835700,553000,183028160,-69745460,0,161460160,553000,263622860,48460440,474096460,275295860,0,80594700,118205900,474096460
2022-08-23,5500,5520,5430,5520,103767,0.0,-16539,-2008,16766,1781,0,48540,1874,40641,12712,103767,65079,3882,23875,10931,103767,-90325790,-10926870,91599800,9652860,0,265387570,10242780,221822140,69388890,566841380,355713360,21169650,130222340,59736030,566841380
2022-08-24,5530,5530,5390,5430,103411,-1.6304347826086956,-41143,-907,56196,-14146,0,28844,623,71143,2801,103411,69987,1530,14947,16947,103411,-222690790,-4902800,304547420,-76953830,0,156273400,3374500,385503890,15153000,560304790,378964190,8277300,80956470,92106830,560304790
2022-08-25,5460,5490,5420,5490,78933,1.1049723756906076,-8581,0,20208,-11627,0,40379,0,33473,5081,78933,48960,0,13265,16708,78933,-46682210,0,110014490,-63332280,0,220186630,0,182497150,27790200,430473980,266868840,0,72482660,91122480,430473980
2022-08-26,5490,5490,5460,5490,68908,0.0,4758,2123,14696,-21577,0,38297,2123,28360,128,68908,33539,0,13664,21705,68908,25994250,11622810,80512130,-118129190,0,209826210,11622810,155266950,700550,377416520,183831960,0,74754820,118829740,377416520
2022-08-29,5420,5430,5330,5360,255113,-2.3679417122040074,70743,-122129,63908,-12522,0,151451,4788,92310,6564,255113,80708,126917,28402,19086,255113,384602120,-659666000,342360510,-67296630,0,816813860,25685800,494588180,35146540,1372234380,432211740,685351800,152227670,102443170,1372234380
2022-08-30,5350,5380,5270,5340,222411,-0.3731343283582089,-151513,0,158420,-6907,0,43368,0,169743,9300,222411,194881,0,11323,16207,222411,-804349380,0,841324830,-36975450,0,230327500,0,901545570,49328790,1181201860,1034676880,0,60220740,86304240,1181201860
2022-08-31,5340,5410,5270,5340,63013,0.0,-5246,1000,26421,-22175,0,15680,1000,44844,1489,63013,20926,0,18423,23664,63013,-27716670,5300000,140144180,-117727510,0,83229320,5300000,238364110,7909010,334802440,110945990,0,98219930,125636520,334802440
2022-09-01,5340,5340,5260,5290,84974,-0.9363295880149813,-34582,4001,48965,-18384,0,16543,4001,58900,5530,84974,51125,0,9935,23914,84974,-182425060,21105280,258334270,-97014490,0,87352740,21105280,310805100,29200220,448463340,269777800,0,52470830,126214710,448463340
2022-09-02,5320,5320,5240,5270,82765,-0.3780718336483932,-10470,-3602,25204,-11132,0,24102,2185,46966,9512,82765,34572,5787,21762,20644,82765,-55043420,-18907350,132457820,-58507050,0,126952330,11474400,246965370,50145330,435537430,181995750,30381750,114507550,108652380,435537430
2022-09-05,5250,5270,5200,5230,68831,-0.7590132827324478,-20663,6315,15684,-1336,0,7724,6315,49658,5134,68831,28387,0,33974,6470,68831,-108006990,33033750,81991770,-7018530,0,40411320,33033750,259458260,26833720,359737050,148418310,0,177466490,33852250,359737050
2022-09-06,5250,5330,5210,5280,73674,0.9560229445506693,-24491,999,10900,12592,0,18777,1000,32519,21378,73674,43268,1,21619,8786,73674,-128197480,5264730,57045940,65886810,0,99078190,5270000,171146950,112194530,387689670,227275670,5270,114101010,46307720,387689670
2022-09-07,5270,5270,5130,5180,110929,-1.893939393939394,5613,3234,21229,-30076,0,42230,4694,57653,6352,110929,36617,1460,36424,36428,110929,29492920,16826950,109609900,-155929770,0,218889010,24360560,297907000,32879410,574035980,189396090,7533610,188297100,188809180,574035980
2022-09-08,5200,5200,5140,5160,109631,-0.3861003861003861,-50166,1,61305,-11140,0,26128,1,72801,10701,109631,76294,0,11496,21841,109631,-258646030,5160,316107650,-57466780,0,134908470,5160,375440790,55232970,565587390,393554500,0,59333140,112699750,565587390
2022-09-13,5160,5230,5160,5220,138877,1.1627906976744187,-248,-1,7829,-7580,0,81234,0,37925,19718,138877,81482,1,30096,27298,138877,-635010,-5180,40001670,-39361480,0,422515500,0,196589070,102404200,721508770,423150510,5180,156587400,141765680,721508770
2022-09-14,5160,5240,5120,5230,64015,0.19157088122605362,13115,2,-12518,-599,0,41699,2,12598,9716,64015,28584,0,25116,10315,64015,68910240,10280,-65504140,-3416380,0,217135730,10280,65249510,50300080,332695600,148225490,0,130753650,53716460,332695600
2022-09-15,5190,5210,5120,5160,71604,-1.338432122370937,3140,-1408,-2529,797,0,31263,493,32113,7735,71604,28123,1901,34642,6938,71604,16306810,-7249310,-13075040,4017540,0,161684860,2540880,165604030,39907420,369737190,145378050,9790190,178679070,35889880,369737190
2022-09-16,5150,5170,5080,5080,98508,-1.550387596899225,-17443,-3472,44359,-23444,0,17727,4580,67636,8565,98508,35170,8052,23277,32009,98508,-89391480,-17848790,226459860,-119219590,0,91067650,23517800,345898700,43828550,504312700,180459130,41366590,119438840,163048140,504312700
2022-09-19,5080,5120,5010,5020,130956,-1.1811023622047243,-74616,15608,60896,-1888,0,15547,16702,90809,7898,130956,90163,1094,29913,9786,130956,-376711440,78857300,307673560,-9819420,0,78582240,84403880,458865450,39787040,661638610,455293680,5546580,151191890,49606460,661638610
2022-09-20,5030,5120,5000,5110,64639,1.7928286852589643,-8716,8720,-10653,10649,0,22336,10125,15966,16212,64639,31052,1405,26619,5563,64639,-44018780,44340860,-54467960,54145880,0,113470070,51387750,80597180,82175940,327630940,157488850,7046890,135065140,28030060,327630940
2022-09-21,5110,5190,5100,5180,64623,1.36986301369863,4106,12988,-23464,6370,0,28913,14000,10338,11372,64623,24807,1012,33802,5002,64623,21553920,66962960,-121170900,32654020,0,149082460,72134310,53037890,58441770,332696430,127528540,5171350,174208790,25787750,332696430
2022-09-22,5200,5200,5090,5160,50924,-0.3861003861003861,7380,8432,-9156,-6656,0,26033,10032,13884,975,50924,18653,1600,23040,7631,50924,38201430,43348400,-47293610,-34256220,0,133802840,51602400,71250380,4995710,261651330,95601410,8254000,118543990,39251930,261651330
2022-09-23,5170,5170,5060,5060,58632,-1.937984496124031,6464,-708,6373,-12129,0,23914,9550,23924,1244,58632,17450,10258,17551,13373,58632,33156440,-3427990,32065990,-61794440,0,121785420,48670820,121707860,6418660,298582760,88628980,52098810,89641870,68213100,298582760
2022-09-26,5070,5070,4950,4985,105869,-1.4822134387351777,24454,12582,-5249,-31787,0,47101,14306,39766,4696,105869,22647,1724,45015,36483,105869,122200205,62973525,-26397330,-158776400,0,235322600,71593055,198428610,23462895,528807160,113122395,8619530,224825940,182239295,528807160
2022-09-27,4870,5000,4870,4915,71615,-1.4042126379137412,6007,-42,3513,-9478,0,28341,0,38392,4882,71615,22334,42,34879,14360,71615,29503765,-205590,17334580,-46632755,0,138998215,0,188216245,23934630,351149090,109494450,205590,170881665,70567385,351149090
2022-09-28,4915,4935,4805,4830,107710,-1.7293997965412005,-61768,13562,55714,-7508,0,11252,14001,76954,5503,107710,73020,439,21240,13011,107710,-299814335,65929795,270380330,-36495790,0,54686425,68055665,373711075,26783795,523236960,354500760,2125870,103330745,63279585,523236960
2022-09-29,4895,4950,4815,4820,122231,-0.2070393374741201,-56436,10762,35428,10246,0,26607,12900,59442,23282,122231,83043,2138,24014,13036,122231,-274426005,52067100,171880545,50478360,0,129367055,62535750,288584745,113757905,594245455,403793060,10468650,116704200,63279545,594245455
2022-09-30,4820,4825,4755,4775,122336,-0.9336099585062241,-31062,-1200,35673,-3411,0,45814,0,66332,10190,122336,76876,1200,30659,13601,122336,-148684255,-5768000,170803350,-16351095,0,219403340,0,317477620,48852685,585733645,368087595,5768000,146674270,65203780,585733645
2022-10-04,4890,4890,4725,4800,131462,0.5235602094240838,-71402,44995,27750,-1343,0,30279,45000,52192,3991,131462,101681,5,24442,5334,131462,-338399860,213501230,131302635,-6404005,0,144455155,213524880,247578230,19056295,624614560,482855015,23650,116275595,25460300,624614560
2022-10-05,4805,4845,4760,4775,56227,-0.5208333333333333,-28516,3500,24927,89,0,15704,3500,31473,5550,56227,44220,0,6546,5461,56227,-136420640,16752085,119250495,418060,0,75099845,16752085,150592785,26568950,269013665,211520485,0,31342290,26150890,269013665
2022-10-06,4820,4820,4510,4740,102640,-0.7329842931937173,-58218,26471,36177,-4430,0,26671,26501,47214,2254,102640,84889,30,11037,6684,102640,-276741740,126634260,171227595,-21120115,0,127182145,126776460,223903620,10720920,488583145,403923885,142200,52676025,31841035,488583145
2022-10-07,4740,4755,4505,4750,131130,0.21097046413502107,-51243,2500,15670,33073,0,41053,2500,46772,40805,131130,92296,0,31102,7732,131130,-235879765,11558450,71442375,152878940,0,192131250,11558450,215484905,189140055,608314660,428011015,0,144042530,36261115,608314660
2022-10-11,4690,4785,4630,4630,45591,-2.526315789473684,-4703,3000,12292,-10589,0,15325,3000,23407,3859,45591,20028,0,11115,14448,45591,-21875360,14163900,57772040,-50060580,0,72284590,14163900,110203330,18043815,214695635,94159950,0,52431290,68104395,214695635
2022-10-12,4730,4730,4540,4555,72594,-1.6198704103671708,-3425,15324,-4213,-7686,0,27514,15900,23665,5515,72594,30939,576,27878,13201,72594,-15559485,70236925,-19395005,-35282435,0,125958230,72866365,108297295,25227550,332349440,141517715,2629440,127692300,60509985,332349440
2022-10-13,4600,4620,4450,4525,164391,-0.6586169045005488,-40908,56219,9534,-24845,0,44077,56219,59979,4116,164391,84985,0,50445,28961,164391,-185250720,254103870,43391405,-112244555,0,198197295,254103870,271410145,18751645,742462955,383448015,0,228018740,130996200,742462955
2022-10-14,4550,4555,4375,4480,163009,-0.9944751381215469,-8611,22888,-14003,-274,0,71311,22988,56855,11855,163009,79922,100,70858,12129,163009,-37338240,101578525,-62387865,-1852420,0,316892690,102026525,253186250,52314055,724419520,354230930,448000,315574115,54166475,724419520
2022-10-17,4450,4450,4255,4410,229703,-1.5625,-70698,30561,52396,-12259,0,74509,36001,107306,11887,229703,145207,5440,54910,24146,229703,-305861425,134890445,224499315,-53528335,0,321380085,158384435,461310810,51408205,992483535,627241510,23493990,236811495,104936540,992483535
2022-10-18,4415,4550,4315,4450,203746,0.9070294784580499,-11498,2672,3987,4839,0,90809,5000,70381,37556,203746,102307,2328,66394,32717,203746,-48204020,12182245,15749565,20272210,0,401139870,22372895,307698215,165296590,896507570,449343890,10190650,291948650,145024380,896507570
2022-10-19,4525,4540,4330,4400,175061,-1.1235955056179776,-54305,17728,43066,-6489,0,81562,18028,59815,15656,175061,135867,300,16749,22145,175061,-236690915,77370220,188688625,-29367930,0,357259010,78703220,262303590,68439410,766705230,593949925,1333000,73614965,97807340,766705230
2022-10-20,4360,4420,4245,4285,146478,-2.6136363636363633,-23628,-5870,25828,3670,0,68957,1000,55977,20544,146478,92585,6870,30149,16874,146478,-101116850,-25053745,110195410,15975185,0,296137755,4304500,240016190,88523350,628981795,397254605,29358245,129820780,72548165,628981795
2022-10-21,4225,4320,4100,4315,259941,0.7001166861143524,-50980,-3288,51255,3013,0,122918,400,95105,41518,259941,173898,3688,43850,38505,259941,-209231535,-13909150,213303450,9837235,0,509590295,1653870,396403790,172216815,1079864770,718821830,15563020,183100340,162379580,1079864770
2022-10-24,4335,4420,4275,4370,134477,1.2746234067207416,27339,-41972,15590,-957,0,70941,1219,49462,12855,134477,43602,43191,33872,13812,134477,119709980,-184019020,68257590,-3948550,0,310450035,5344610,216537685,56273595,588605925,190740055,189363630,148280095,60222145,588605925
2022-10-25,4370,4395,4290,4390,72537,0.4576659038901602,27097,-6200,-23218,2321,0,39348,0,24791,8398,72537,12251,6200,48009,6077,72537,117326620,-26809295,-100761815,10244490,0,170776750,0,107499380,36685250,314961380,53450130,26809295,208261195,26440760,314961380
2022-10-26,4410,4420,4360,4420,58480,0.683371298405467,5343,-119,4255,-9479,0,33420,1600,22209,1251,58480,28077,1719,17954,10730,58480,23486570,-553505,18561165,-41494230,0,146725375,7012000,97326165,5489950,256553490,123238805,7565505,78765000,46984180,256553490
2022-10-27,4430,4550,4390,4525,164566,2.3755656108597285,-32736,-2555,2795,32496,0,86736,4000,35566,38264,164566,119472,6555,32771,5768,164566,-146307480,-11516825,12879745,144944560,0,390032800,17994600,159719110,170913735,738660245,536340280,29511425,146839365,25969175,738660245
2022-10-28,4510,4600,4450,4450,108794,-1.6574585635359116,4692,-28442,30449,-6699,0,46950,1000,45571,15273,108794,42258,29442,15122,21972,108794,21100390,-128306015,137808335,-30602710,0,212705360,4539480,206198625,69102475,492545940,191604970,132845495,68390290,99705185,492545940
2022-10-31,4545,4545,4380,4430,94253,-0.44943820224719105,-113,-20929,34041,-12999,0,34261,2401,57390,201,94253,34374,23330,23349,13200,94253,-267740,-92902845,151020205,-57849620,0,152323775,10662455,254825275,883130,418694635,152591515,103565300,103805070,58732750,418694635
2022-11-01,4430,4730,4430,4540,139986,2.4830699774266365,-76599,-800,22975,54424,0,29797,3200,45859,61130,139986,106396,4000,22884,6706,139986,-344701575,-3729500,103110115,245320960,0,133989895,14220500,206229510,275278100,629718005,478691470,17950000,103119395,29957140,629718005
2022-11-02,4540,4640,4500,4595,114288,1.2114537444933922,-15109,9979,-12447,17577,0,53465,10280,18201,32342,114288,68574,301,30648,14765,114288,-69119450,45220785,-56481310,80379975,0,244154300,46601600,83068200,147653800,521477900,313273750,1380815,139549510,67273825,521477900
2022-11-03,4510,4650,4505,4600,43460,0.1088139281828074,8163,4368,3599,-16130,0,21638,4368,16538,916,43460,13475,0,12939,17046,43460,37358195,19740225,16495090,-73593510,0,99026630,19740225,75283000,4209055,198258910,61668435,0,58787910,77802565,198258910
2022-11-04,4720,4720,4500,4520,39703,-1.7391304347826086,10960,303,6325,-17588,0,24680,303,14407,313,39703,13720,0,8082,17901,39703,50151145,1369210,28811430,-80331785,0,112637720,1369210,65675305,1415430,181097665,62486575,0,36863875,81747215,181097665
2022-11-07,4480,4570,4455,4565,84623,0.995575221238938,-40822,6145,32621,2056,0,23978,12219,41818,6608,84623,64800,6074,9197,4552,84623,-184476905,28000710,147086715,9389480,0,108185900,55229880,188585195,29864015,381864990,292662805,27229170,41498480,20474535,381864990
2022-11-08,4565,4630,4520,4600,56376,0.7667031763417306,-21247,5384,9753,6110,0,16076,5384,24761,10155,56376,37323,0,15008,4045,56376,-97324735,24582885,44645400,28096450,0,73962440,24582885,113505185,46572355,258622865,171287175,0,68859785,18475905,258622865
2022-11-09,4740,4740,4610,4685,57870,1.8478260869565217,-10189,0,10711,-522,0,26872,0,27344,3654,57870,37061,0,16633,4176,57870,-46923530,0,49459080,-2535550,0,125248640,0,127044990,16947375,269241005,172172170,0,77585910,19482925,269241005
2022-11-10,4670,4700,4605,4695,47576,0.21344717182497333,2120,200,2800,-5120,0,26837,200,19498,1041,47576,24717,0,16698,6161,47576,9966180,930000,13051275,-23947455,0,125617445,930000,91050065,4863990,222461500,115651265,0,77998790,28811445,222461500
2022-11-11,4750,4895,4745,4865,122075,3.62087326943557,7618,0,-1289,-6329,0,56935,0,50437,14703,122075,49317,0,51726,21032,122075,38514810,0,-7339225,-31175585,0,275930620,0,243330860,70837420,590098900,237415810,0,250670085,102013005,590098900
2022-11-14,4900,4910,4815,4865,79652,0.0,-35073,0,41917,-6844,0,14855,0,58238,6559,79652,49928,0,16321,13403,79652,-170192700,0,203491260,-33298560,0,72022340,0,282710865,31857715,386590920,242215040,0,79219605,65156275,386590920
2022-11-15,4900,4900,4820,4890,58306,0.513874614594039,23021,0,-20719,-2302,0,28383,0,27852,2071,58306,5362,0,48571,4373,58306,112090010,0,-100907745,-11182265,0,138160940,0,135055775,10088580,283305295,26070930,0,235963520,21270845,283305295
2022-11-16,4890,5030,4880,4965,121315,1.5337423312883436,22401,4095,-31236,4740,0,80493,4095,17072,19655,121315,58092,0,48308,14915,121315,111597285,20148210,-154532200,22786705,0,399810130,20148210,84712155,97036475,601706970,288212845,0,239244355,74249770,601706970
2022-11-17,4965,5000,4860,4950,55283,-0.3021148036253776,-1972,0,9464,-7492,0,29790,0,21607,3886,55283,31762,0,12143,11378,55283,-9658330,0,46725295,-37066965,0,145983095,0,106146485,18960520,271090100,155641425,0,59421190,56027485,271090100
2022-11-18,4940,4975,4895,4900,45051,-1.0101010101010102,5556,0,2303,-7859,0,27681,0,15997,1373,45051,22125,0,13694,9232,45051,27510365,0,11358710,-38869075,0,136240640,0,78669825,6754025,221664490,108730275,0,67311115,45623100,221664490
2022-11-21,4990,4990,4880,4895,53916,-0.10204081632653061,7113,0,-1554,-5559,0,37805,0,16103,8,53916,30692,0,17657,5567,53916,34842415,0,-7600050,-27242365,0,185144930,0,79110965,39220,264295115,150302515,0,86711015,27281585,264295115
2022-11-22,4930,4930,4825,4885,39257,-0.20429009193054137,6667,190,-903,-5954,0,25264,190,13775,28,39257,18597,0,14678,5982,39257,32595500,923400,-4504955,-29013945,0,123023935,923400,66975750,135730,191058815,90428435,0,71480705,29149675,191058815
2022-11-23,4930,4960,4875,4945,33591,1.2282497441146365,3148,-2479,897,-1566,0,16094,1,15985,1511,33591,12946,2480,15088,3077,33591,15639565,-12253085,4392670,-7779150,0,79375075,4915,78614435,7429675,165424100,63735510,12258000,74221765,15208825,165424100
2022-11-24,4945,5010,4935,4995,56976,1.0111223458038423,5931,-4768,-5525,4362,0,36340,0,14564,6072,56976,30409,4768,20089,1710,56976,29746590,-23773660,-27598000,21625070,0,180903935,0,72391490,30154740,283450165,151157345,23773660,99989490,8529670,283450165
2022-11-25,5030,5060,4975,5050,73118,1.1011011011011012,28481,-4000,-31525,7044,0,34122,0,29062,9934,73118,5641,4000,60587,2890,73118,143114175,-20006000,-158273525,35165350,0,171513135,0,145648625,49693335,366855095,28398960,20006000,303922150,14527985,366855095
2022-11-28,5070,5110,4995,5010,65638,-0.7920792079207921,12572,369,-10336,-2605,0,38960,369,24942,1367,65638,26388,0,35278,3972,65638,63335285,1860550,-52039215,-13156620,0,195783000,1860550,125132050,6849670,329625270,132447715,0,177171265,20006290,329625270
2022-11-29,4890,4975,4815,4950,51029,-1.1976047904191618,12750,0,-13145,395,0,20293,0,22662,8074,51029,7543,0,35807,7679,51029,63135790,0,-64975995,1840205,0,100434690,0,111528305,39729265,251692260,37298900,0,176504300,37889060,251692260
2022-11-30,4990,4990,4845,4955,110433,0.10101010101010101,13027,-55432,40079,2326,0,42465,5100,50087,12781,110433,29438,60532,10008,10455,110433,64203005,-269152325,194366815,10582505,0,208537795,24739000,243663470,62014660,538954925,144334790,293891325,49296655,51432155,538954925
2022-12-01,4955,5030,4750,5020,84828,1.3118062563067607,-2479,-403,7304,-4422,0,37554,0,41663,5611,84828,40033,403,34359,10033,84828,-11937540,-1998880,35838295,-21901875,0,187537065,0,207084120,28017620,422638805,199474605,1998880,171245825,49919495,422638805
2022-12-02,5020,5020,4910,5010,71937,-0.199203187250996,4734,0,-5436,702,0,40311,0,26969,4657,71937,35577,0,32405,3955,71937,24381155,0,-27734670,3353515,0,201148255,0,133974805,23059430,358182490,176767100,0,161709475,19705915,358182490
2022-12-05,5010,5040,4950,5040,64404,0.5988023952095809,10511,1603,-6491,-5623,0,45506,2000,14236,2662,64404,34995,397,20727,8285,64404,53161595,7948090,-32977640,-28132045,0,227571960,9945000,70966700,13315175,321798835,174410365,1996910,103944340,41447220,321798835
2022-12-06,5050,5050,4980,4980,43040,-1.1904761904761905,-3965,2,13271,-9308,0,17884,2,24829,325,43040,21849,0,11558,9633,43040,-19799620,9985,66376140,-46586505,0,89259235,9985,124075270,1620450,214964940,109058855,0,57699130,48206955,214964940
2022-12-07,5010,5010,4905,4990,52399,0.2008032128514056,30801,-7400,-18669,-4732,0,40264,0,11903,232,52399,9463,7400,30572,4964,52399,153733940,-36852000,-93310270,-23571670,0,200803255,0,59258265,1142830,261204350,47069315,36852000,152568535,24714500,261204350
2022-12-08,5010,5010,4960,4985,37981,-0.1002004008016032,8637,101,-6032,-2706,0,29688,101,8064,128,37981,21051,0,14096,2834,37981,43110755,503000,-30134545,-13479210,0,147964160,503000,40199860,639820,189306840,104853405,0,70334405,14119030,189306840
2022-12-09,5010,5010,4905,4965,55824,-0.4012036108324975,2335,1000,-3217,-118,0,39338,1000,14090,1396,55824,37003,0,17307,1514,55824,12071845,4945000,-16419370,-597475,0,195570070,4945000,69590600,6919125,277024795,183498225,0,86009970,7516600,277024795
2022-12-12,4995,5000,4905,4920,53875,-0.906344410876133,5812,416,-8681,2453,0,30534,416,15566,7359,53875,24722,0,24247,4906,53875,29421650,2051195,-43375500,11902655,0,151813170,2051195,76693135,36263835,266821335,122391520,0,120068635,24361180,266821335
2022-12-13,5000,5000,4870,4930,71137,0.20325203252032523,14294,298,-8190,-6402,0,42814,711,21179,6433,71137,28520,413,29369,12835,71137,70716985,1447020,-40432550,-31731455,0,211388220,3491370,103967155,31671155,350517900,140671235,2044350,144399705,63402610,350517900
2022-12-14,4930,5050,4900,4990,96395,1.2170385395537524,22163,-4442,-19388,1667,0,68141,0,16126,12128,96395,45978,4442,35514,10461,96395,111011670,-22035500,-96791930,7815760,0,339071705,0,79322190,60023780,478417675,228060035,22035500,176114120,52208020,478417675
2022-12-15,4915,5030,4915,5020,81694,0.6012024048096193,14004,1000,-12713,-2291,0,57532,1000,13992,9170,81694,43528,0,26705,11461,81694,70327895,4980000,-63817810,-11490085,0,287050090,4980000,69814945,45565675,407410710,216722195,0,133632755,57055760,407410710
2022-12-16,5010,5090,4905,5070,194664,0.9960159362549801,99926,-90059,-25669,15802,0,138592,1,27137,28934,194664,38666,90060,52806,13132,194664,499290645,-449000330,-128917065,78626750,0,694427395,5070,137398795,145034535,976865795,195136750,449005400,266315860,66407785,976865795
2022-12-19,5070,5180,4925,5130,120324,1.183431952662722,24538,-4478,-26594,6534,0,80434,22,20950,18918,120324,55896,4500,47544,12384,120324,125219365,-22838860,-135766460,33385955,0,409209675,111890,106082650,96265940,611670155,283990310,22950750,241849110,62879985,611670155
2022-12-20,5180,5180,5040,5130,147113,0.0,75066,-39617,-11032,-24417,0,125858,500,17529,3226,147113,50792,40117,28561,27643,147113,384175350,-202847960,-56356450,-124970940,0,643647320,2551000,89484540,16338150,752021010,259471970,205398960,145840990,141309090,752021010
2022-12-21,5130,5300,5100,5230,160668,1.949317738791423,105873,-62378,-51810,8315,0,133030,503,4185,22950,160668,27157,62881,55995,14635,160668,544570280,-319977840,-268252640,43660200,0,684404860,2610430,21549630,119342530,827907450,139834580,322588270,289802270,75682330,827907450
2022-12-22,5250,5250,5170,5200,76722,-0.5736137667304015,22415,497,-11000,-11912,0,62890,501,11661,1670,76722,40475,4,22661,13582,76722,117253480,2594370,-57642670,-62205180,0,328444190,2615200,60857290,8675940,400592620,211190710,20830,118499960,70881120,400592620
2022-12-23,5250,5320,5100,5290,197384,1.7307692307692308,128150,-99492,-35445,6787,0,166012,568,16893,13911,197384,37862,100060,52338,7124,197384,660908840,-509422280,-186277710,34791150,0,858437200,2992540,87910750,72072280,1021412770,197528360,512414820,274188460,37281130,1021412770
2022-12-26,5340,5500,5260,5420,127897,2.4574669187145557,60518,443,-46335,-14626,0,97645,501,21436,8315,127897,37127,58,67771,22941,127897,325989380,2387360,-249801970,-78574770,0,526056470,2699300,114787790,44629500,688173060,200067090,311940,364589760,123204270,688173060
2022-12-27,5430,5430,5250,5390,59899,-0.5535055350553505,26978,-313,-22523,-4142,0,39769,500,11037,8593,59899,12791,813,33560,12735,59899,145441840,-1679840,-120927260,-22834740,0,213554390,2703000,59156890,45624410,321038690,68112550,4382840,180084150,68459150,321038690
2022-12-28,5440,5440,5300,5350,49846,-0.7421150278293136,29172,745,-28598,-1319,0,37588,745,10943,570,49846,8416,0,39541,1889,49846,156822720,4003750,-153774290,-7052180,0,201600060,4003750,58263850,3041610,266909270,44777340,0,212038140,10093790,266909270
2022-12-29,5380,5380,5260,5370,69672,0.3738317757009346,41348,500,-40567,-1281,0,50794,501,17324,1053,69672,9446,1,57891,2334,69672,221402310,2687000,-217229130,-6860180,0,272012230,2692350,92065260,5625410,372395250,50609920,5350,309294390,12485590,372395250
2023-01-02,5410,5420,5260,5400,52905,0.5586592178770949,29895,499,-32528,2134,0,37508,502,9022,5873,52905,7613,3,41550,3739,52905,160799650,2696650,-174982250,11485950,0,201711670,2712800,48489800,31574450,284488720,40912020,16150,223472050,20088500,284488720
2023-01-03,5430,5430,5290,5360,70918,-0.7407407407407408,51015,-1601,-47934,-1480,0,59113,502,8406,2897,70918,8098,2103,56340,4377,70918,273653860,-8588300,-256981210,-8084350,0,316967270,2704720,44906150,15464050,380042190,43313410,11293020,301887360,23548400,380042190
2023-01-04,5400,5400,5290,5290,43262,-1.3059701492537312,3385,2747,-4401,-1731,0,25134,2749,12440,2939,43262,21749,2,16841,4670,43262,18185130,14644350,-23756930,-9072550,0,133795590,14655000,66071430,15745910,230267930,115610460,10650,89828360,24818460,230267930
2023-01-05,5400,5400,5290,5350,47381,1.1342155009451798,21288,-121,-25533,4366,0,28629,504,9394,8854,47381,7341,625,34927,4488,47381,113248630,-649970,-135560120,22961460,0,152302920,2706280,49952370,46924190,251885760,39054290,3356250,185512490,23962730,251885760
2023-01-06,5400,5400,5300,5380,57486,0.5607476635514018,20658,498,-21669,513,0,46863,501,6548,3574,57486,26205,3,28217,3061,57486,110933370,2683260,-116353720,2737090,0,251589320,2699350,35137880,19176510,308603060,140655950,16090,151491600,16439420,308603060
2023-01-09,5410,5410,5360,5400,53206,0.37174721189591076,15044,5147,-15419,-4772,0,29184,5147,18843,32,53206,14140,0,34262,4804,53206,81102630,27778360,-83192690,-25688300,0,157198040,27778360,101360740,172800,286509940,76095410,0,184553430,25861100,286509940
2023-01-10,5410,5420,5340,5400,25974,0.0,-141,497,598,-954,0,14421,500,10435,618,25974,14562,3,9837,1572,25974,-666440,2685880,3151430,-5170870,0,77668590,2702000,56236620,3317950,139925160,78335030,16120,53085190,8488820,139925160
2023-01-11,5420,5420,5330,5370,25144,-0.5555555555555556,882,500,1183,-2565,0,11032,501,12878,733,25144,10150,1,11695,3298,25144,4994190,2695030,6082590,-13771810,0,59258650,2700370,68818460,3930520,134708000,54264460,5340,62735870,17702330,134708000
2023-01-12,5400,5400,5290,5360,65526,-0.186219739292365,-5221,498,-2802,7525,0,30488,501,26519,8018,65526,35709,3,29321,493,65526,-27298300,2677410,-15305920,39926810,0,162624250,2693390,141189720,42568360,349075720,189922550,15980,156495640,2641550,349075720
2023-01-13,5380,5420,5350,5400,35647,0.7462686567164178,21518,385,-19618,-2285,0,29806,502,4611,728,35647,8288,117,24229,3013,35647,115894700,2075000,-105705950,-12263750,0,160548870,2706770,24860700,3931320,192047660,44654170,631770,130566650,16195070,192047660
2023-01-16,5420,5420,5350,5400,64779,0.0,-10719,-1252,7857,4114,0,35593,501,22462,6223,64779,46312,1753,14605,2109,64779,-57547660,-6724270,42121420,22150510,0,191728480,2709360,120896210,33519200,348853250,249276140,9433630,78774790,11368690,348853250
2023-01-17,5430,5490,5360,5480,100156,1.4814814814814816,7108,-499,-35703,29094,0,56660,502,8222,34772,100156,49552,1001,43925,5678,100156,39493350,-2734520,-193572440,156813610,0,308426960,2740930,44469250,187774570,543411710,268933610,5475450,238041690,30960960,543411710
2023-01-18,5500,5500,5430,5440,73796,-0.7299270072992701,14332,322,-4571,-10083,0,49112,501,20796,3387,73796,34780,179,25367,13470,73796,78819490,1753050,-25308110,-55264430,0,269002800,2737480,113730110,18495390,403965780,190183310,984430,139038220,73759820,403965780
2023-01-19,5500,5500,5420,5480,29456,0.7352941176470588,13576,500,-9618,-4458,0,22331,500,6073,552,29456,8755,0,15691,5010,29456,74002190,2744000,-52418220,-24327970,0,121888560,2744000,33109100,3005270,160746930,47886370,0,85527320,27333240,160746930
2023-01-20,5480,5490,5340,5350,129845,-2.3722627737226274,-54881,-1683,48369,8195,0,47270,67,67993,14515,129845,102151,1750,19624,6320,129845,-295389470,-9090820,260179890,44300400,0,254160120,359180,365810770,78354670,698684740,549549590,9450000,105630880,34054270,698684740
2023-01-25,5440,5480,5360,5360,37534,0.1869158878504673,4113,-1950,107,-2270,0,14934,0,21650,950,37534,10821,1950,21543,3220,37534,22373060,-10537690,418340,-12253710,0,80682270,0,117293700,5107160,203083130,58309210,10537690,116875360,17360870,203083130
2023-01-26,5400,5420,5340,5390,59496,0.5597014925373134,8170,-1753,-7098,681,0,36876,0,14402,8218,59496,28706,1753,21500,7537,59496,44337870,-9421110,-38442620,3525860,0,198800110,0,77267130,44126520,320193760,154462240,9421110,115709750,40600660,320193760
2023-01-27,5410,5420,5350,5360,53685,-0.5565862708719851,6395,123,-12708,6190,0,20515,124,22677,10369,53685,14120,1,35385,4179,53685,34418040,664200,-68425980,33343740,0,110372470,669590,121777420,55878760,288698240,75954430,5390,190203400,22535020,288698240
2023-01-30,5430,5430,5290,5290,39894,-1.3059701492537312,13694,-284,-5670,-7740,0,26592,18,13077,207,39894,12898,302,18747,7947,39894,73184940,-1509780,-30371660,-41303500,0,141962370,96860,69607060,1103310,212769600,68777430,1606640,99978720,42406810,212769600
2023-01-31,5340,5340,5210,5230,43068,-1.1342155009451798,2688,4,-806,-1886,0,17456,4,25117,491,43068,14768,0,25923,2377,43068,14157610,20980,-4239090,-9939500,0,91683660,20980,131703720,2572720,225981080,77526050,0,135942810,12512220,225981080
2023-02-01,5210,5290,5210,5250,43832,0.3824091778202677,900,0,2355,-3255,0,14654,0,28865,313,43832,13754,0,26510,3568,43832,4788900,0,12343540,-17132440,0,77089830,0,151791190,1646380,230527400,72300930,0,139447650,18778820,230527400
2023-02-02,5300,5320,5170,5320,53586,1.3333333333333335,15671,-2880,-14908,2117,0,27646,10,18118,7812,53586,11975,2890,33026,5695,53586,82824610,-15090690,-78660360,10926440,0,145576130,52910,94629600,40986470,281245110,62751520,15143600,173289960,30060030,281245110
2023-02-03,5350,5350,5290,5320,10931,0.0,-1150,182,1308,-340,0,4173,192,6566,0,10931,5323,10,5258,340,10931,-6045780,968280,6886220,-1808720,0,22184900,1021360,34875190,0,58081450,28230680,53080,27988970,1808720,58081450
2023-02-06,5320,5320,5210,5270,34832,-0.9398496240601504,15386,766,-11501,-4651,0,22395,1011,11137,289,34832,7009,245,22638,4940,34832,81210530,4019070,-60607580,-24622020,0,118134930,5307770,58557690,1516900,183517290,36924400,1288700,119165270,26138920,183517290
2023-02-07,5270,5270,5210,5260,30080,-0.18975332068311196,8323,-4994,967,-4296,0,17976,6,10039,2059,30080,9653,5000,9072,6355,30080,43759650,-26087700,4931880,-22603830,0,94381260,31340,52528510,10764760,157705870,50621610,26119040,47596630,33368590,157705870
2023-02-08,5280,5280,5150,5240,46811,-0.38022813688212925,1423,0,-4140,2717,0,22028,0,20606,4177,46811,20605,0,24746,1460,46811,7603850,0,-21701230,14097380,0,114988480,0,107127990,21766720,243883190,107384630,0,128829220,7669340,243883190
2023-02-09,5240,5240,5140,5160,69136,-1.5267175572519083,-28640,-2185,35795,-4970,0,17197,0,51833,106,69136,45837,2185,16038,5076,69136,-147421400,-11230900,184291510,-25639210,0,89023570,0,267326910,546200,356896680,236444970,11230900,83035400,26185410,356896680
2023-02-10,5160,5250,5100,5240,46047,1.550387596899225,-1871,21,1891,-41,0,14746,21,28513,2767,46047,16617,0,26622,2808,46047,-9158080,108250,9291980,-242150,0,76302470,108250,146581830,14302750,237295300,85460550,0,137289850,14544900,237295300
2023-02-13,5220,5290,5170,5250,35170,0.19083969465648853,-1112,477,-2846,3481,0,18381,477,11208,5104,35170,19493,0,14054,1623,35170,-5625840,2471360,-14901380,18055860,0,95763410,2471360,58468280,26527870,183230920,101389250,0,73369660,8472010,183230920
2023-02-14,5250,5260,5150,5240,42227,-0.19047619047619047,7306,-168,-6519,-619,0,12298,16,26342,3571,42227,4992,184,32861,4190,42227,38100890,-874240,-33932420,-3294230,0,64177770,83350,136930590,18604390,219796100,26076880,957590,170863010,21898620,219796100
2023-02-15,5240,5280,5160,5240,22593,0.0,4195,2837,-2209,-4823,0,14059,2837,5338,359,22593,9864,0,7547,5182,22593,22151720,14885550,-11771610,-25265660,0,73438790,14885550,27764200,1857570,117946110,51287070,0,39535810,27123230,117946110
2023-02-16,5230,5240,5100,5180,62758,-1.1450381679389312,-24813,5201,12836,6776,0,17701,5201,31577,8279,62758,42514,0,18741,1503,62758,-127572110,26809920,65850810,34911380,0,91103000,26809920,162386520,42663990,322963430,218675110,0,96535710,7752610,322963430
2023-02-17,5180,5180,5090,5120,32484,-1.1583011583011582,-10871,1857,8610,404,0,13795,1858,15925,906,32484,24666,1,7315,502,32484,-55503700,9491550,43944550,2067600,0,70689090,9496690,81378160,4638870,166202810,126192790,5140,37433610,2571270,166202810
2023-02-20,5150,5150,5000,5120,70057,0.0,2724,1986,-9187,4477,0,31838,1987,28948,7284,70057,29114,1,38135,2807,70057,14106050,10085750,-46646740,22454940,0,160671980,10090800,145810230,36658130,353231140,146565930,5050,192456970,14203190,353231140
2023-02-21,5070,5130,5040,5110,41476,-0.1953125,15782,301,-14190,-1893,0,22509,301,15462,3204,41476,6727,0,29652,5097,41476,80426490,1538050,-72145310,-9819230,0,114691310,1538050,78410860,16177730,210817950,34264820,0,150556170,25996960,210817950
2023-02-22,5020,5100,5020,5080,30902,-0.5870841487279843,13899,296,-12192,-2003,0,22809,296,7663,134,30902,8910,0,19855,2137,30902,70551070,1503680,-61898190,-10156560,0,115654390,1503680,38839040,675520,156672630,45103320,0,100737230,10832080,156672630
2023-02-23,5100,5130,5030,5130,40902,0.984251968503937,15112,399,-15225,-286,0,29357,399,9899,1247,40902,14245,0,25124,1533,40902,76910900,2025130,-77448850,-1487180,0,149254010,2025130,50148380,6327000,207754520,72343110,0,127597230,7814180,207754520
2023-02-24,5130,5180,5090,5180,39577,0.9746588693957114,2833,366,-959,-2240,0,24490,367,13510,1210,39577,21657,1,14469,3450,39577,14925150,1873910,-5224250,-11574810,0,125913830,1879030,69275640,6237640,203306140,110988680,5120,74499890,17812450,203306140
2023-02-27,5200,5200,5120,5180,25667,0.0,-3302,627,1544,1131,0,12341,627,10913,1786,25667,15643,0,9369,655,25667,-16951530,3238080,7889020,5824430,0,63523160,3238080,56148580,9210700,132120520,80474690,0,48259560,3386270,132120520
2023-02-28,5180,5210,5130,5210,28151,0.5791505791505791,2233,370,-4661,2058,0,13301,370,11230,3250,28151,11068,0,15891,1192,28151,11758970,1912700,-24304760,10633090,0,68923530,1912700,57966820,16802500,145605550,57164560,0,82271580,6169410,145605550
2023-03-02,5210,5290,5110,5160,51816,-0.9596928982725527,-27072,546,16213,10313,0,7204,546,28546,15520,51816,34276,0,12333,5207,51816,-140191280,2824970,83666240,53700070,0,37187120,2824970,147506980,80750810,268269880,177378400,0,63840740,27050740,268269880
2023-03-03,5200,5200,5100,5170,24137,0.1937984496124031,323,273,1040,-1636,0,9518,275,13207,1137,24137,9195,2,12167,2773,24137,1756380,1400720,5342560,-8499660,0,48913860,1411000,67699680,5816940,123841480,47157480,10280,62357120,14316600,123841480
2023-03-06,5170,5190,5110,5110,22591,-1.160541586073501,437,491,283,-1211,0,9746,491,12061,293,22591,9309,0,11778,1504,22591,2287280,2519860,1452560,-6259700,0,49964340,2519860,61776240,1502690,115763130,47677060,0,60323680,7762390,115763130
2023-03-07,5240,5240,5070,5140,35539,0.5870841487279843,4056,-10070,4815,1199,0,13212,357,20163,1807,35539,9156,10427,15348,608,35539,20752140,-51395000,24512050,6130810,0,67484130,1823700,102901260,9239730,181448820,46731990,53218700,78389210,3108920,181448820
2023-03-08,5060,5140,5050,5140,19580,0.0,4856,336,-3876,-1316,0,10704,336,8538,2,19580,5848,0,12414,1318,19580,24810620,1714070,-19832730,-6691960,0,54522430,1714070,43364530,10120,99611150,29711810,0,63197260,6702080,99611150
2023-03-09,5130,5150,5040,5100,40753,-0.7782101167315175,-5092,909,2196,1987,0,13560,919,22088,4186,40753,18652,10,19892,2199,40753,-25593730,4614280,10996340,9983110,0,68850260,4664880,111801970,21166780,206483890,94443990,50600,100805630,11183670,206483890
2023-03-10,5120,5130,5030,5130,34366,0.5882352941176471,12638,337,-14654,1679,0,22162,337,8865,3002,34366,9524,0,23519,1323,34366,64299920,1715120,-74472640,8457600,0,112629620,1715120,44825400,15184060,174354200,48329700,0,119298040,6726460,174354200
2023-03-13,5120,5120,5000,5070,56693,-1.1695906432748537,2985,338,-4429,1106,0,24333,338,26824,5198,56693,21348,0,31253,4092,56693,15279150,1705160,-22342210,5357900,0,122794580,1705160,134905400,26014730,285419870,107515430,0,157247610,20656830,285419870
2023-03-14,5070,5070,4950,4975,64206,-1.8737672583826428,-7457,699,19494,-12736,0,24596,699,36488,2423,64206,32053,0,16994,15159,64206,-37041355,3494990,97083950,-63537585,0,123208035,3494990,182263505,12136960,321103490,160249390,0,85179555,75674545,321103490
2023-03-15,5000,5110,4990,5050,48113,1.507537688442211,995,298,-12064,10771,0,24739,299,10513,12562,48113,23744,1,22577,1791,48113,5575995,1500120,-61124410,54048295,0,124890290,1505170,52657400,63126855,242179715,119314295,5050,113781810,9078560,242179715
2023-03-16,5080,5080,4990,5010,46896,-0.7920792079207921,9834,316,-16487,6337,0,19780,317,15509,11290,46896,9946,1,31996,4953,46896,49470370,1584680,-82736365,31681315,0,99339460,1589680,77680725,56591165,235201030,49869090,5000,160417090,24909850,235201030
2023-03-17,5040,5070,5000,5010,28846,0.0,14462,3300,-9279,-8483,0,17358,3306,7350,832,28846,2896,6,16629,9315,28846,72779130,16537380,-46733460,-42583050,0,87307930,16567530,36883600,4172450,144931510,14528800,30150,83617060,46755500,144931510
2023-03-20,5010,5040,4995,5040,31101,0.5988023952095809,5159,3143,-8477,175,0,13661,3144,11020,3276,31101,8502,1,19497,3101,31101,25919155,15746410,-42534775,869210,0,68556885,15751440,55140360,16412760,155861445,42637730,5030,97675135,15543550,155861445
2023-03-21,5030,5080,5000,5080,29014,0.7936507936507936,16797,314,-16125,-986,0,18135,314,10416,149,29014,1338,0,26541,1135,29014,84722310,1576150,-81309870,-4988590,0,91435900,1576150,52225970,749710,145987730,6713590,0,133535840,5738300,145987730
2023-03-22,5080,5080,5000,5070,38164,-0.19685039370078738,11102,335,-8862,-2575,0,19144,335,17873,812,38164,8042,0,26735,3387,38164,56118420,1691140,-44852280,-12957280,0,96580860,1691140,89784990,4078410,192135400,40462440,0,134637270,17035690,192135400
2023-03-23,5070,5070,5000,5050,54089,-0.39447731755424065,-6004,299,2935,2770,0,18557,299,29888,5345,54089,24561,0,26953,2575,54089,-29698040,1503960,14365700,13828380,0,93257010,1503960,149659600,26806190,271226760,122955050,0,135293900,12977810,271226760
2023-03-24,5050,5070,5000,5030,18603,-0.39603960396039606,2945,323,-5031,1763,0,7601,323,7093,3586,18603,4656,0,12124,1823,18603,14881700,1629360,-25339970,8828910,0,38245290,1629360,35611670,18019260,93505580,23363590,0,60951640,9190350,93505580
2023-03-27,5040,5040,4900,4975,80129,-1.0934393638170974,8029,334,-8042,-321,0,52033,335,22336,5425,80129,44004,1,30378,5746,80129,40522210,1673095,-40394135,-1801170,0,259634010,1678105,110937080,26978375,399227570,219111800,5010,151331215,28779545,399227570
2023-03-28,4985,5030,4970,4975,33423,0.0,2040,382,-3221,799,0,18203,382,12696,2142,33423,16163,0,15917,1343,33423,10147445,1909415,-16069790,4012930,0,90753275,1909415,63404350,10712505,166779545,80605830,0,79474140,6699575,166779545
2023-03-29,4985,5090,4920,4960,96428,-0.3015075376884422,-10185,58,6457,3670,0,15132,59,64060,17177,96428,25317,1,57603,13507,96428,-52172160,288850,35679310,16204000,0,75306790,293850,322006760,84750490,482357890,127478950,5000,286327450,68546490,482357890
2023-03-30,5000,5000,4930,4930,40104,-0.6048387096774194,-3086,60,2740,286,0,9092,60,29922,1030,40104,12178,0,27182,744,40104,-15243170,296400,13551945,1394825,0,44989415,296400,147967175,5089340,198342330,60232585,0,134415230,3694515,198342330
2023-03-31,4950,5000,4945,4995,34998,1.3184584178498986,9142,90,-4352,-4880,0,21532,90,11671,1705,34998,12390,0,16023,6585,34998,45553155,448725,-21638655,-24363225,0,107244420,448725,57991885,8453530,174138560,61691265,0,79630540,32816755,174138560
2023-04-03,4925,5010,4925,4960,29969,-0.7007007007007007,-344,381,1280,-1317,0,14552,381,14296,740,29969,14896,0,13016,2057,29969,-1644105,1901730,6323675,-6581300,0,72266535,1901730,70937460,3672545,148778270,73910640,0,64613785,10253845,148778270
2023-04-04,4960,5020,4940,5020,65762,1.2096774193548387,-7442,600,-14346,21188,0,20089,601,23482,21590,65762,27531,1,37828,402,65762,-37142570,2990975,-71576165,105727760,0,100033915,2995960,116997500,107730080,327757455,137176485,4985,188573665,2002320,327757455
2023-04-05,5020,5050,4990,5040,49054,0.398406374501992,20166,299,-19982,-483,0,37500,299,11228,27,49054,17334,0,31210,510,49054,101488540,1503360,-100565440,-2426460,0,188492190,1503360,56334900,135310,246465760,87003650,0,156900340,2561770,246465760
2023-04-06,5040,5060,5000,5040,32454,0.0,553,313,-1052,186,0,17530,313,11820,2791,32454,16977,0,12872,2605,32454,2956590,1575460,-5465120,933070,0,88157080,1575460,59190340,13984950,162907830,85200490,0,64655460,13051880,162907830
2023-04-07,5040,5040,5000,5030,67208,-0.1984126984126984,2986,299,2403,-5688,0,38648,299,28225,36,67208,35662,0,25822,5724,67208,14799970,1504770,12239370,-28544110,0,193685010,1504770,141554480,181080,336925340,178885040,0,129315110,28725190,336925340
2023-04-10,5030,5030,4980,4985,39360,-0.8946322067594433,-735,-3275,9870,-5860,0,16164,328,22865,3,39360,16899,3603,12995,5863,39360,-3559255,-16353450,49174020,-29261315,0,80708050,1639760,114038420,14975,196401205,84267305,17993210,64864400,29276290,196401205
2023-04-11,4985,4995,4935,4990,59483,0.10030090270812438,-1188,379,8993,-8184,0,33310,379,25649,145,59483,34498,0,16656,8329,59483,-5611455,1883635,44432145,-40704325,0,165191395,1883635,127048465,718455,294841950,170802850,0,82616320,41422780,294841950
2023-04-12,4990,5020,4935,5000,74541,0.2004008016032064,-8738,432,4178,4128,0,35766,432,27648,10695,74541,44504,0,23470,6567,74541,-42805190,2144440,20439510,20221240,0,177780130,2144440,137052030,52980930,369957530,220585320,0,116612520,32759690,369957530
2023-04-13,5000,5030,4940,5030,85070,0.6,-6077,10879,-19809,15007,0,45117,10879,12099,16975,85070,51194,0,31908,1968,85070,-30207940,54285120,-98947480,74870300,0,225142715,54285120,60239955,84669800,424337590,255350655,0,159187435,9799500,424337590
2023-04-14,5030,5230,4995,5110,137334,1.5904572564612325,-46083,5754,6888,33441,0,39957,5754,56743,34880,137334,86040,0,49855,1439,137334,-232699035,29311780,33937555,169449700,0,202247150,29311780,286655940,176819540,695034410,434946185,0,252718385,7369840,695034410
2023-04-17,5150,5150,5030,5130,78548,0.3913894324853229,18460,-2408,748,-16800,0,43007,594,28414,6533,78548,24547,3002,27666,23333,78548,94478070,-12232730,3911190,-86156530,0,219316660,3017400,144661470,33208730,400204260,124838590,15250130,140750280,119365260,400204260
2023-04-18,5130,5160,5050,5110,83992,-0.3898635477582846,-5079,-5015,17132,-7038,0,49617,595,28865,4915,83992,54696,5610,11733,11953,83992,-25463920,-25617880,87205280,-36123480,0,253603140,3049230,147380300,25033580,429066250,279067060,28667110,60175020,61157060,429066250
2023-04-19,5110,5120,5020,5060,71970,-0.9784735812133072,-7640,-2681,7290,3031,0,37285,819,26436,7430,71970,44925,3500,19146,4399,71970,-38215550,-13543570,36482030,15277090,0,188361920,4146430,133463010,37520170,363491530,226577470,17690000,96980980,22243080,363491530
2023-04-20,5060,5100,5000,5080,101194,0.3952569169960474,-9694,-3161,-9313,22168,0,49411,339,25932,25512,101194,59105,3500,35245,3344,101194,-47916670,-16030760,-47961030,111908460,0,249783610,1719240,130413270,128783410,510699530,297700280,17750000,178374300,16874950,510699530
2023-04-21,5080,5100,5000,5090,70865,0.19685039370078738,8164,937,-7018,-2083,0,44072,937,17742,8114,70865,35908,0,24760,10197,70865,41490920,4718490,-35491870,-10717540,0,221887990,4718490,88982650,40787850,356376980,180397070,0,124474520,51505390,356376980
2023-04-24,5100,5140,4980,4985,123819,-2.06286836935167,-48130,2214,54620,-8704,0,48269,2214,67588,5748,123819,96399,0,12968,14452,123819,-240636855,11092855,273554440,-44010440,0,241739425,11092855,338961175,28753740,620547195,482376280,0,65406735,72764180,620547195
2023-04-25,4985,5100,4970,5050,108068,1.3039117352056169,-8830,331,-11840,20339,0,61124,331,19745,26868,108068,69954,0,31585,6529,108068,-43961095,1658910,-59661445,101963630,0,306256035,1658910,98665190,134737575,541317710,350217130,0,158326635,32773945,541317710
2023-04-26,5050,5150,5040,5100,95815,0.9900990099009901,-13466,1592,-25234,37108,0,22119,1654,31927,40115,95815,35585,62,57161,3007,95815,-68536650,8175270,-128667910,189029290,0,112787330,8491460,161987100,204399300,487665190,181323980,316190,290655010,15370010,487665190
2023-04-27,5090,5140,5000,5110,73445,0.19607843137254902,13031,-12705,5716,-6042,0,32629,296,32837,7683,73445,19598,13001,27121,13725,73445,66399700,-63955080,28934460,-31379080,0,166359560,1502130,166524110,38668820,373054620,99959860,65457210,137589650,70047900,373054620
2023-04-28,5110,5170,5050,5170,69887,1.1741682974559686,33169,636,-26427,-7378,0,51724,637,12449,5077,69887,18555,1,38876,12455,69887,170884070,3247190,-136266920,-37864340,0,265776430,3252300,63757650,26048120,358834500,94892360,5110,200024570,63912460,358834500
2023-05-02,5170,5270,5120,5260,82263,1.7408123791102514,19747,2235,-28855,6873,0,46652,2360,21947,11304,82263,26905,125,50802,4431,82263,102826750,11647420,-150152180,35678010,0,243018800,12291170,114375140,58691560,428376670,140192050,643750,264527320,23013550,428376670
2023-05-03,5180,5290,5180,5290,51989,0.5703422053231939,17510,3149,-18259,-2400,0,30625,3149,14764,3451,51989,13115,0,33023,5851,51989,91958600,16526670,-95756620,-12728650,0,160799830,16526670,77057250,17940230,272323980,68841230,0,172813870,30668880,272323980
2023-05-04,5290,5310,5210,5290,100870,0.0,-11617,292,19528,-8203,0,60113,292,31518,8947,100870,71730,0,11990,17150,100870,-60122220,1535050,102089160,-43501990,0,316190370,1535050,165358390,46867990,529951800,376312590,0,63269230,90369980,529951800
2023-05-08,5290,5360,5250,5280,41913,-0.1890359168241966,16026,287,-8658,-7655,0,27704,287,9472,4450,41913,11678,0,18130,12105,41913,85503950,1521130,-46177430,-40847650,0,147423750,1521130,50113930,23572070,222630880,61919800,0,96291360,64419720,222630880
2023-05-09,5280,5390,5260,5390,71004,2.083333333333333,3029,16267,-37422,18126,0,23252,16267,10197,21288,71004,20223,0,47619,3162,71004,16497580,86756580,-200241290,96987130,0,124458820,86756580,54459080,113942370,379616850,107961240,0,254700370,16955240,379616850
2023-05-10,5380,5410,5190,5380,122336,-0.1855287569573284,-11126,7060,1735,2331,0,51935,13661,38958,17782,122336,63061,6601,37223,15451,122336,-58892000,38369450,7896610,12625940,0,278879680,73554390,208349320,95634630,656418020,337771680,35184940,200452710,83008690,656418020
2023-05-11,5400,5410,5110,5400,67573,0.37174721189591076,20933,-2102,-13466,-5365,0,38289,20,21461,7803,67573,17356,2122,34927,13168,67573,113884450,-11351650,-73084060,-29448740,0,206087350,107150,113980060,41537880,361712440,92202900,11458800,187064120,70986620,361712440
2023-05-12,5400,5420,5320,5360,63037,-0.7407407407407408,22821,-805,-10300,-11716,0,46998,58,14600,1381,63037,24177,863,24900,13097,63037,123503530,-4365960,-55865860,-63271710,0,253694190,311440,78397890,7424690,339828210,130190660,4677400,134263750,70696400,339828210
2023-05-15,5350,5500,5350,5390,104938,0.5597014925373134,44443,-6627,-42583,4767,0,66452,18,26973,11495,104938,22009,6645,69556,6728,104938,242532760,-36157040,-232175190,25799470,0,362457640,97830,146726350,62535760,571817580,119924880,36254870,378901540,36736290,571817580
2023-05-16,5410,5600,5390,5460,102505,1.2987012987012987,2197,1,8472,-10670,0,69905,21,28714,3865,102505,67708,20,20242,14535,102505,12407670,5210,46142090,-58554970,0,380898650,114210,156490640,21039720,558543220,368490980,109000,110348550,79594690,558543220
2023-05-17,5470,5560,5430,5460,67567,0.0,19312,-2251,-7109,-9952,0,46049,18,18529,2971,67567,26737,2269,25638,12923,67567,106037170,-12271440,-39271460,-54494270,0,252044160,98640,101051900,16289130,369483830,146006990,12370080,140323360,70783400,369483830
2023-05-18,5490,5490,5440,5460,43598,0.0,6915,-182,-1961,-4772,0,37776,18,5803,1,43598,30861,200,7764,4773,43598,37672070,-991810,-10649180,-26031080,0,205990280,98190,31664340,5450,237758260,168318210,1090000,42313520,26036530,237758260
2023-05-19,5480,5490,5420,5490,61699,0.5494505494505495,18364,14,-15323,-3055,0,45306,18,12508,3867,61699,26942,4,27831,6922,61699,100620020,76590,-83968980,-16727630,0,248060780,98460,68398320,21137150,337694710,147440760,21870,152367300,37864780,337694710
2023-05-22,5480,5520,5450,5520,110269,0.546448087431694,7624,-2952,-13078,8406,0,71123,1048,25212,12886,110269,63499,4000,38290,4480,110269,42032670,-16281600,-71961000,46209930,0,390969420,5753400,138398830,70823800,605945450,348936750,22035000,210359830,24613870,605945450
2023-05-23,5510,5560,5500,5550,80312,0.5434782608695652,19338,1018,-25016,4660,0,52007,2018,20010,6277,80312,32669,1000,45026,1617,80312,106972850,5609540,-138264740,25682350,0,287740610,11159540,110413570,34622260,443935980,180767760,5550000,248678310,8939910,443935980
2023-05-24,5540,5550,5480,5520,56380,-0.5405405405405406,15508,22,-11847,-3683,0,41173,23,14309,875,56380,25665,1,26156,4558,56380,85571270,121070,-65361860,-20330480,0,227134940,126580,78844570,4804670,310910760,141563670,5510,144206430,25135150,310910760
2023-05-25,5530,5530,5470,5500,66396,-0.36231884057971014,28444,18,-25779,-2683,0,49787,18,14914,1677,66396,21343,0,40693,4360,66396,156646000,99090,-141948070,-14797020,0,274065480,99090,81954910,9206640,365326120,117419480,0,223902980,24003660,365326120
2023-05-26,5520,5590,5460,5560,279539,1.090909090909091,25410,-1411,-24229,230,0,230978,110,31100,17351,279539,205568,1521,55329,17121,279539,138693880,-7834270,-132935690,2076080,0,1277492730,602490,172042990,96477600,1546615810,1138798850,8436760,304978680,94401520,1546615810
2023-05-30,5450,5490,5410,5460,75209,-1.7985611510791366,12099,-2985,1967,-11081,0,46953,85,24911,3260,75209,34854,3070,22944,14341,75209,66298630,-16310520,10492770,-60480880,0,255910460,462380,135575160,17710650,409658650,189611830,16772900,125082390,78191530,409658650
2023-05-31,5460,5520,5410,5520,73993,1.098901098901099,21755,6832,-27311,-1276,0,45426,11311,16275,981,73993,23671,4479,43586,2257,73993,119778840,37468460,-150235630,-7011670,0,249871330,62097750,89418230,5371670,406758980,130092490,24629290,239653860,12383340,406758980
2023-06-01,5550,5590,5520,5580,72495,1.0869565217391304,19830,7520,-29912,2562,0,50479,10020,6853,5143,72495,30649,2500,36765,2581,72495,110559950,41565180,-166461760,14336630,0,280881380,55470750,38134240,28685680,403172050,170321430,13905570,204596000,14349050,403172050
2023-06-02,5600,5600,5530,5570,39097,-0.17921146953405018,9965,-984,-5271,-3710,0,22726,18,16327,26,39097,12761,1002,21598,3736,39097,55369330,-5510610,-29196790,-20661930,0,126762190,100530,91242540,144820,218250080,71392860,5611140,120439330,20806750,218250080
2023-06-05,5570,5600,5550,5590,29265,0.3590664272890485,14060,-2389,-8902,-2769,0,21789,72,7404,0,29265,7729,2461,16306,2769,29265,78575330,-13354150,-49768470,-15452710,0,121764300,402840,41336910,0,163504050,43188970,13756990,91105380,15452710,163504050
2023-06-07,5600,5600,5550,5590,31920,0.0,15305,-4994,-7199,-3112,0,18164,90,13666,0,31920,2859,5084,20865,3112,31920,85492000,-27844820,-40293980,-17353200,0,101454890,503100,76238840,0,178196830,15962890,28347920,116532820,17353200,178196830
2023-06-08,5590,5600,5550,5550,38371,-0.7155635062611807,8051,4525,-10418,-2158,0,20556,10909,6906,0,38371,12505,6384,17324,2158,38371,44878820,25408050,-58254750,-12032120,0,114562740,61012990,38461880,0,214037610,69683920,35604940,96716630,12032120,214037610
2023-06-09,5550,5570,5510,5560,46075,0.18018018018018017,20433,358,-19456,-1335,0,35174,359,10252,290,46075,14741,1,29708,1625,46075,113674120,1989950,-108254930,-7409140,0,195367620,1995500,56765000,1604020,255732140,81693500,5550,165019930,9013160,255732140
2023-06-12,5590,5590,5550,5580,80348,0.3597122302158274,-15363,432,17492,-2561,0,22816,432,56919,181,80348,38179,0,39427,2742,80348,-85502380,2409980,97361190,-14268790,0,127099170,2409980,317033920,1006640,447549710,212601550,0,219672730,15275430,447549710
2023-06-13,5600,5600,5530,5550,49090,-0.5376344086021506,28424,170,-25975,-2619,0,39015,171,9360,544,49090,10591,1,35335,3163,49090,158319210,948530,-144723780,-14543960,0,217256230,954090,52029970,3024640,273264930,58937020,5560,196753750,17568600,273264930
2023-06-14,5530,5610,5490,5570,55931,0.36036036036036034,11691,-1400,-7842,-2449,0,33465,109,22084,273,55931,21774,1509,29926,2722,55931,64844750,-7726830,-43514120,-13603800,0,185333010,603860,122061450,1508340,309506660,120488260,8330690,165575570,15112140,309506660
2023-06-15,5510,5550,5440,5510,66863,-1.0771992818671454,-37596,20153,18315,-872,0,16018,20154,24483,6208,66863,53614,1,6168,7080,66863,-207267550,111244260,100999680,-4976390,0,88067020,111249800,135116460,34148610,368581890,295334570,5540,34116780,39125000,368581890
2023-06-16,5560,5590,5460,5490,52713,-0.3629764065335753,2681,649,-13907,10577,0,27542,649,12203,12319,52713,24861,0,26110,1742,52713,14961590,3572060,-76322690,57789040,0,151573790,3572060,67185540,67402180,289733570,136612200,0,143508230,9613140,289733570
2023-06-19,5490,5530,5270,5510,259059,0.36429872495446264,-160415,188,151752,8475,0,34957,688,209710,13704,259059,195372,500,57958,5229,259059,-876966840,1017840,830271540,45677460,0,190497820,3744840,1144553700,74179830,1412976190,1067464660,2727000,314282160,28502370,1412976190
2023-06-20,5510,5510,5430,5430,43168,-1.4519056261343013,14347,20,-9397,-4970,0,33723,20,7213,2212,43168,19376,0,16610,7182,43168,78935550,109100,-51713450,-27331200,0,185195030,109100,39542660,12114070,236960860,106259480,0,91256110,39445270,236960860
2023-06-21,5430,5480,5340,5440,55817,0.1841620626151013,14263,-4005,-18688,8430,0,36123,170,7198,12326,55817,21860,4175,25886,3896,55817,77726530,-21765150,-101766270,45804890,0,196393470,924150,38843650,67017220,303178490,118666940,22689300,140609920,21212330,303178490
2023-06-22,5480,5480,5410,5430,48914,-0.1838235294117647,16993,-12741,7714,-11966,0,34094,110,14710,0,48914,17101,12851,6996,11966,48914,92325720,-69219030,41843920,-64950610,0,185266540,597850,79846030,0,265710420,92940820,69816880,38002110,64950610,265710420
2023-06-23,5430,5450,5340,5400,35625,-0.5524861878453038,13805,-10013,-3261,-531,0,26649,231,6752,1993,35625,12844,10244,10013,2524,35625,74703000,-54061870,-17674690,-2966440,0,143966560,1247000,36307970,10700120,192221650,69263560,55308870,53982660,13666560,192221650
2023-06-26,5490,5490,5370,5480,174132,1.4814814814814816,-120392,24,119896,472,0,30729,174,137772,5457,174132,151121,150,17876,4985,174132,-651225200,123770,648520150,2581280,0,166390400,940070,745213460,29547770,942091700,817615600,816300,96693310,26966490,942091700
2023-06-27,5480,5500,5420,5480,49464,0.0,22776,109,-20385,-2500,0,46304,110,2472,578,49464,23528,1,22857,3078,49464,124752370,595690,-111653740,-13694320,0,253279810,601150,13475580,3146760,270503300,128527440,5460,125129320,16841080,270503300
2023-06-28,5490,5510,5440,5510,56949,0.5474452554744526,28771,110,-31597,2716,0,46073,110,4520,6246,56949,17302,0,36117,3530,56949,157732440,601700,-173045960,14711820,0,252425610,601700,24732470,34082170,311841950,94693170,0,197778430,19370350,311841950
2023-06-29,5520,5530,5400,5530,67769,0.3629764065335753,36383,269,-31028,-5624,0,61001,269,5992,507,67769,24618,0,37020,6131,67769,200022780,1481670,-170565450,-30939000,0,335413540,1481670,32792520,2775610,372463340,135390760,0,203357970,33714610,372463340
2023-06-30,5530,5610,5460,5570,57220,0.7233273056057866,34607,799,-37273,1867,0,43918,808,7179,5315,57220,9311,9,44452,3448,57220,191816690,4449350,-206540240,10274200,0,243389750,4499480,39724130,29440690,317054050,51573060,50130,246264370,19166490,317054050
2023-07-03,5570,5620,5550,5620,49076,0.8976660682226212,35448,-1196,-33395,-857,0,44742,54,3519,761,49076,9294,1250,36914,1618,49076,198255460,-6672600,-186803520,-4779340,0,250243740,302400,19664050,4261550,274471740,51988280,6975000,206467570,9040890,274471740
2023-07-04,5640,5650,5580,5640,23568,0.3558718861209964,14881,-1,-14731,-149,0,19195,1,3254,1118,23568,4314,2,17985,1267,23568,83759900,-5590,-82921260,-833050,0,108021110,5630,18277110,6277880,132581730,24261210,11220,101198370,7110930,132581730
2023-07-05,5640,5660,5590,5650,43650,0.1773049645390071,26939,-2077,-26103,1241,0,34355,0,6582,2713,43650,7416,2077,32685,1472,43650,151907870,-11714240,-147169080,6975450,0,193756660,0,36945010,15269660,245971330,41848790,11714240,184114090,8294210,245971330
2023-07-06,5630,5650,5560,5640,35743,-0.17699115044247787,20792,2617,-24396,987,0,24849,2619,4081,4194,35743,4057,2,28477,3207,35743,116942600,14759600,-137059320,5357120,0,139666910,14770830,22895940,23428460,200762140,22724310,11230,159955260,18071340,200762140
2023-07-07,5630,5640,5530,5620,69089,-0.3546099290780142,28230,-2445,-33107,7322,0,49808,2013,3602,13666,69089,21578,4458,36709,6344,69089,158339310,-13695830,-185318170,40674690,0,279006800,11312740,20162070,76229850,386711460,120667490,25008570,205480240,35555160,386711460
2023-07-10,5620,5640,5520,5590,29668,-0.5338078291814947,13309,-4687,-8956,334,0,19241,496,5925,4006,29668,5932,5183,14881,3672,29668,74423790,-26313990,-49808660,1698860,0,107340200,2772640,33109350,22214430,165436620,32916410,29086630,82918010,20515570,165436620
2023-07-11,5590,5610,5540,5580,19536,-0.17889087656529518,10022,-2308,-7713,-1,0,16232,554,1862,888,19536,6210,2862,9575,889,19536,56010730,-12906680,-43077870,-26180,0,90662130,3091860,10372240,4940900,109067130,34651400,15998540,53450110,4967080,109067130
2023-07-12,5580,5600,5540,5590,26603,0.17921146953405018,17337,-15751,-219,-1367,0,20442,1,5648,512,26603,3105,15752,5867,1879,26603,96637330,-87751890,-1271350,-7614090,0,113945680,5570,31426590,2853470,148231310,17308350,87757460,32697940,10467560,148231310
2023-07-13,5630,5640,5550,5640,41970,0.8944543828264758,14171,-8448,-4632,-1091,0,29591,53,10789,1537,41970,15420,8501,15421,2628,41970,79570570,-47402210,-26011440,-6156920,0,166040020,298390,60567890,8572430,235478730,86469450,47700600,86579330,14729350,235478730
2023-07-14,5640,5640,5520,5540,44582,-1.773049645390071,-11052,700,7481,2871,0,26401,700,14112,3369,44582,37453,0,6631,498,44582,-61259940,3878000,41474170,15907770,0,146588200,3878000,78299780,18681720,247447700,207848140,0,36825610,2773950,247447700
2023-07-17,5540,5640,5490,5630,34066,1.6245487364620936,24079,-2000,-22102,23,0,27679,0,1565,4822,34066,3600,2000,23667,4799,34066,134840490,-11260000,-123634960,54470,0,154971460,0,8717820,26918850,190608130,20130970,11260000,132352780,26864380,190608130
2023-07-18,5650,5650,5560,5620,29050,-0.17761989342806395,9820,-2001,-5728,-2091,0,24787,0,3632,631,29050,14967,2001,9360,2722,29050,55209620,-11245620,-32223490,-11740510,0,139325030,0,20397520,3540550,163263100,84115410,11245620,52621010,15281060,163263100
2023-07-19,5630,5630,5550,5580,40918,-0.7117437722419928,-13577,21174,-3734,-3863,0,10444,23286,5320,1868,40918,24021,2112,9054,5731,40918,-76111690,118873520,-20967280,-21794550,0,58497660,130742960,29718750,10401170,229360540,134609350,11869440,50686030,32195720,229360540
2023-07-20,5580,5590,5500,5570,31337,-0.17921146953405018,-2372,13246,-10615,-259,0,7108,13246,10282,701,31337,9480,0,20897,960,31337,-13094300,73512100,-58957730,-1460070,0,39407930,73512100,56995680,3875650,173791360,52502230,0,115953410,5335720,173791360
2023-07-21,5560,5630,5550,5630,67024,1.0771992818671454,-15889,19869,-25374,21394,0,8529,27869,7459,23167,67024,24418,8000,32833,1773,67024,-89239190,111528270,-142345890,120056810,0,47817630,156398270,41849340,129992550,376057790,137056820,44870000,184195230,9935740,376057790
2023-07-24,5630,5640,5350,5590,57592,-0.7104795737122558,12933,14102,-27145,110,0,22351,25954,4674,4613,57592,9418,11852,31819,4503,57592,72401730,78914480,-151607370,291160,0,124959350,145276090,25579980,25479230,321294650,52557620,66361610,177187350,25188070,321294650
2023-07-25,5530,5630,5470,5590,56011,0.0,12745,8617,-23313,1951,0,27629,13770,9717,4895,56011,14884,5153,33030,2944,56011,71066180,48136730,-129994860,10791950,0,154232600,76633060,53700290,27296540,311862490,83166420,28496330,183695150,16504590,311862490
2023-07-26,5640,5640,5450,5580,42864,-0.17889087656529518,13034,-196,-9722,-3116,0,22889,4,18014,1957,42864,9855,200,27736,5073,42864,72455820,-1089770,-53824450,-17541600,0,127278050,22230,99913020,10794630,238007930,54822230,1112000,153737470,28336230,238007930
2023-07-27,5580,5580,5460,5470,25503,-1.971326164874552,-1915,7322,-5463,56,0,5659,7324,11952,568,25503,7574,2,17415,512,25503,-10516670,40563520,-30317550,270700,0,31330790,40574620,65793170,3113450,140812030,41847460,11100,96110720,2842750,140812030
2023-07-28,5420,5510,5380,5420,30748,-0.9140767824497258,-5817,1184,2874,1759,0,12825,1184,13488,3251,30748,18642,0,10614,1492,30748,-31455230,6404440,15534720,9516070,0,69656130,6404440,73252930,17647330,166960830,101111360,0,57718210,8131260,166960830
2023-07-31,5460,5530,5400,5490,30437,1.2915129151291513,-9105,17870,-10986,2221,0,6246,17870,3829,2492,30437,15351,0,14815,271,30437,-49920820,98106300,-60293040,12107560,0,34271030,98106300,21006710,13598530,166982570,84191850,0,81299750,1490970,166982570
2023-08-01,5440,5520,5440,5500,27126,0.18214936247723132,-6441,4018,-4607,7030,0,12470,4318,3242,7096,27126,18911,300,7849,66,27126,-35435510,22109350,-25255850,38582010,0,68358990,23747350,17764010,38943460,148813810,103794500,1638000,43019860,361450,148813810
2023-08-02,5510,5550,5390,5500,25903,0.0,1204,-2048,1748,-904,0,19096,55,5507,1245,25903,17892,2103,3759,2149,25903,6696680,-11243480,9535360,-4988560,0,104423790,301950,30081260,6801730,141608730,97727110,11545430,20545900,11790290,141608730
2023-08-03,5530,5530,5440,5500,19217,0.0,7639,0,-6755,-884,0,14615,0,4587,15,19217,6976,0,11342,899,19217,41920490,0,-37056850,-4863640,0,80250620,0,25202750,81940,105535310,38330130,0,62259600,4945580,105535310
2023-08-04,5440,5500,5440,5480,19380,-0.36363636363636365,9278,-5000,-5082,804,0,14130,0,3537,1713,19380,4852,5000,8619,909,19380,50743370,-27350000,-27770080,4376710,0,77328240,0,19371230,9366930,106066400,26584870,27350000,47141310,4990220,106066400
2023-08-07,5480,5480,5360,5420,32748,-1.094890510948905,8345,-5994,-3013,662,0,18436,6,9803,4503,32748,10091,6000,12816,3841,32748,45004440,-32188240,-16306900,3490700,0,99390920,32350,52880360,24254110,176557740,54386480,32220590,69187260,20763410,176557740
2023-08-08,5420,5490,5370,5490,20905,1.2915129151291513,11284,-6001,-7209,1926,0,15877,0,2166,2862,20905,4593,6001,9375,936,20905,61407840,-32696450,-39200400,10489010,0,86405900,0,11756950,15578890,113741740,24998060,32696450,50957350,5089880,113741740
2023-08-09,5500,5510,5370,5450,49017,-0.7285974499089253,-10106,4913,-511,5704,0,22857,4913,11150,10097,49017,32963,0,11661,4393,49017,-54201290,26541070,-3092900,30753120,0,123740050,26541070,60216710,54583140,265080970,177941340,0,63309610,23830020,265080970
2023-08-10,5490,5490,5220,5300,133496,-2.7522935779816518,-37891,41,32967,4883,0,72888,44,43307,17257,133496,110779,3,10340,12374,133496,-198966910,214790,173749720,25002400,0,385211920,230560,228498470,90760880,704701830,584178830,15770,54748750,65758480,704701830
2023-08-11,5320,5420,5210,5300,35344,0.0,16066,0,1532,-17598,0,21264,0,12532,1548,35344,5198,0,11000,19146,35344,85585320,0,7456500,-93041820,0,112959620,0,65775530,8126470,186861620,27374300,0,58319030,101168290,186861620
2023-08-14,5320,5450,5200,5450,52914,2.8301886792452833,13664,100,1024,-14788,0,34807,100,12631,5376,52914,21143,0,11607,20164,52914,74586650,521000,4366770,-79474420,0,185719710,521000,66080640,28246900,280568250,111133060,0,61713870,107721320,280568250
2023-08-16,5440,5440,5320,5420,13079,-0.5504587155963303,1438,0,-2574,1136,0,7525,0,3399,2155,13079,6087,0,5973,1019,13079,7950650,0,-13980970,6030320,0,40596460,0,18289460,11520130,70406050,32645810,0,32270430,5489810,70406050
2023-08-17,5380,5380,5210,5320,2037660,-1.8450184501845017,-2363,151,2970,-758,0,2018747,151,12505,6257,2037660,2021110,0,9535,7015,2037660,-11863530,791290,15278500,-4206260,0,10799054240,791290,65584310,32932670,10898362510,10810917770,0,50305810,37138930,10898362510
2023-08-18,5350,5350,5200,5310,24739,-0.18796992481203006,3959,0,-691,-3268,0,14778,0,8187,1774,24739,10819,0,8878,5042,24739,21308090,0,-4007250,-17300840,0,77807570,0,42757260,9266330,129831160,56499480,0,46764510,26567170,129831160
2023-08-21,5310,5320,5200,5220,43313,-1.694915254237288,-17130,1010,17400,-1280,0,14948,1010,25753,1602,43313,32078,0,8353,2882,43313,-89382090,5262400,90819010,-6699320,0,78207900,5262400,134480650,8382230,226333180,167589990,0,43661640,15081550,226333180
2023-08-22,5220,5220,5120,5190,24321,-0.5747126436781609,7951,0,-5538,-2413,0,15537,0,7442,1342,24321,7586,0,12980,3755,24321,41399490,0,-28857380,-12542110,0,80534860,0,38367270,6890630,125792760,39135370,0,67224650,19432740,125792760
2023-08-23,5190,5200,5140,5200,17370,0.1926782273603083,3546,0,-2054,-1492,0,13136,0,4211,23,17370,9590,0,6265,1515,17370,18413670,0,-10686500,-7727170,0,68019760,0,21797350,118990,89936100,49606090,0,32483850,7846160,89936100
2023-08-24,5210,5300,5160,5290,19264,1.7307692307692308,2327,0,-1703,-624,0,10152,0,6835,2277,19264,7825,0,8538,2901,19264,12314090,0,-8913580,-3400510,0,53157870,0,35743730,11876720,100778320,40843780,0,44657310,15277230,100778320
2023-08-25,5300,5350,5250,5320,14531,0.5671077504725899,4319,0,-5911,1592,0,10721,0,1917,1893,14531,6402,0,7828,301,14531,22926260,0,-31364570,8438310,0,56785510,0,10150700,10038770,76974980,33859250,0,41515270,1600460,76974980
2023-08-28,5320,5400,5200,5400,31450,1.5037593984962405,12015,-1000,-11380,365,0,24772,0,4985,1693,31450,12757,1000,16365,1328,31450,64860650,-5383430,-61351660,1874440,0,132702820,0,26385270,8966820,168054910,67842170,5383430,87736930,7092380,168054910
2023-08-29,5450,5450,5360,5410,30521,0.1851851851851852,13558,-7999,-5217,-342,0,22691,1,7828,1,30521,9133,8000,13045,343,30521,73255560,-43193320,-28215420,-1846820,0,122472380,5380,42258750,5390,164741900,49216820,43198700,70474170,1852210,164741900
2023-08-30,5430,5480,5420,5470,35221,1.1090573012939002,18514,-2001,-17843,1330,0,26425,0,7224,1572,35221,7911,2001,25067,242,35221,101099370,-10925460,-97447400,7273490,0,144330160,0,39480040,8586840,192397040,43230790,10925460,136927440,1313350,192397040
2023-08-31,5480,5550,5480,5530,24512,1.0968921389396709,2897,0,-1757,-1140,0,14140,0,10138,234,24512,11243,0,11895,1374,24512,16059850,0,-9761140,-6298710,0,78158760,0,55990200,1292180,135441140,62098910,0,65751340,7590890,135441140
2023-09-01,5530,5600,5480,5530,26228,0.0,8076,284,-5311,-3049,0,15648,284,9540,756,26228,7572,0,14851,3805,26228,44746060,1570550,-29398420,-16918190,0,86691480,1570550,52910420,4180240,145352690,41945420,0,82308840,21098430,145352690
2023-09-04,5600,5600,5450,5540,20648,0.18083182640144665,8748,72,-9198,378,0,14995,72,4581,1000,20648,6247,0,13779,622,20648,48413980,402920,-50864500,2047600,0,82780750,402920,25228870,5489200,113901740,34366770,0,76093370,3441600,113901740
2023-09-05,5590,5590,5430,5550,22740,0.18050541516245489,5085,0,-9431,4346,0,13857,0,3986,4897,22740,8772,0,13417,551,22740,28219270,0,-52141620,23922350,0,76510630,0,21987910,26971220,125469760,48291360,0,74129530,3048870,125469760
2023-09-06,5550,5560,5490,5560,45231,0.18018018018018017,10567,-3,-13287,2723,0,37175,0,3867,4189,45231,26608,3,17154,1466,45231,58582580,-16610,-73607280,15041310,0,205873250,0,21390660,23171800,250435710,147290670,16610,94997940,8130490,250435710
2023-09-07,5580,5600,5530,5600,109716,0.7194244604316548,26687,15699,-66039,23653,0,41409,15700,26608,25999,109716,14722,1,92647,2346,109716,148626000,87047450,-367564550,131891100,0,230487080,87053000,148390030,144913320,610843430,81861080,5550,515954580,13022220,610843430
2023-09-08,5600,5600,5560,5600,35349,0.0,132,-4,1634,-1762,0,12707,0,22475,167,35349,12575,4,20841,1929,35349,771460,-22310,9076970,-9826120,0,70944980,0,125448990,932180,197326150,70173520,22310,116372020,10758300,197326150
2023-09-11,5600,5640,5560,5620,128742,0.35714285714285715,23559,0,-39926,16367,0,47353,0,58025,23364,128742,23794,0,97951,6997,128742,132374380,0,-224410860,92036480,0,265836440,0,324990510,131309570,722136520,133462060,0,549401370,39273090,722136520
2023-09-12,5610,5620,5500,5550,37291,-1.2455516014234875,10097,-1000,-4459,-4638,0,26434,0,7258,3599,37291,16337,1000,11717,8237,37291,56070360,-5550000,-24855100,-25665260,0,146842280,0,40101110,19990910,206934300,90771920,5550000,64956210,45656170,206934300
2023-09-13,5550,5550,5470,5540,91096,-0.18018018018018017,2135,-5000,1013,1852,0,17764,0,64579,8753,91096,15629,5000,63566,6901,91096,11911360,-27500000,5419360,10169280,0,97912110,0,356359580,48224980,502496670,86000750,27500000,350940220,38055700,502496670
2023-09-14,5550,5550,5500,5550,43139,0.18050541516245489,18435,20,-26030,7575,0,31626,20,2225,9268,43139,13191,0,28255,1693,43139,102204890,110500,-144280500,41965110,0,175170250,110500,12317350,51330340,238928440,72965360,0,156597850,9365230,238928440
2023-09-15,5560,5660,5520,5660,157223,1.981981981981982,-2402,0,-53336,55738,0,22345,0,77984,56894,157223,24747,0,131320,1156,157223,-13315050,0,-299352220,312667270,0,124745020,0,433751970,319132210,877629200,138060070,0,733104190,6464940,877629200
2023-09-18,5650,5690,5560,5640,62669,-0.35335689045936397,12676,-5700,-14897,7921,0,28971,0,17018,16680,62669,16295,5700,31915,8759,62669,71342330,-32086000,-84164490,44908160,0,163046710,0,96249470,94268580,353564760,91704380,32086000,180413960,49360420,353564760
2023-09-19,5630,5640,5560,5590,28624,-0.8865248226950355,-480,-300,-5671,6451,0,16551,0,3282,8791,28624,17031,300,8953,2340,28624,-2506100,-1680000,-31916500,36102600,0,92848470,0,18342400,49243670,160434540,95354570,1680000,50258900,13141070,160434540
2023-09-20,5640,5640,5520,5590,43474,0.0,9829,0,-21090,11261,0,22162,0,8181,13131,43474,12333,0,29271,1870,43474,54773090,0,-117516720,62743630,0,123537410,0,45590950,73160720,242289080,68764320,0,163107670,10417090,242289080
2023-09-21,5630,5630,5540,5570,26433,-0.35778175313059035,3133,0,-2250,-883,0,17939,0,4007,4487,26433,14806,0,6257,5370,26433,17585510,0,-12590200,-4995310,0,100011600,0,22281400,24973210,147266210,82426090,0,34871600,29968520,147266210
2023-09-22,5600,5600,5480,5550,27387,-0.3590664272890485,-6377,0,-357,6734,0,10879,0,7207,9301,27387,17256,0,7564,2567,27387,-35083630,0,-2168610,37252240,0,60314920,0,39866060,51457420,151638400,95398550,0,42034670,14205180,151638400
2023-09-25,5510,5550,5470,5510,22185,-0.7207207207207207,2143,0,-4756,2613,0,11492,0,5523,5170,22185,9349,0,10279,2557,22185,11899170,0,-26267940,14368770,0,63336320,0,30369580,28454070,122159970,51437150,0,56637520,14085300,122159970
2023-09-26,5510,5540,5460,5520,31853,0.18148820326678766,-7220,0,-6786,14006,0,11232,0,5488,15133,31853,18452,0,12274,1127,31853,-39574480,0,-37595490,77169970,0,61997210,0,30181680,83366840,175545730,101571690,0,67777170,6196870,175545730
2023-09-27,5520,5610,5470,5500,52248,-0.36231884057971014,10196,0,-2296,-7900,0,36179,0,10130,5939,52248,25983,0,12426,13839,52248,57870520,0,-13404300,-44466220,0,201482240,0,55788410,32698420,289969070,143611720,0,69192710,77164640,289969070
2023-10-04,5580,5590,5360,5500,64345,0.0,-18789,0,-2822,21611,0,15352,0,16281,32712,64345,34141,0,19103,11101,64345,-102018730,0,-15518060,117536790,0,84024370,0,88478200,178400260,350902830,186043100,0,103996260,60863470,350902830
2023-10-05,5560,5560,5400,5400,47200,-1.8181818181818181,4613,72,526,-5211,0,16299,72,27604,3225,47200,11686,0,27078,8436,47200,25326480,399950,2800220,-28526650,0,88853490,399950,150694840,17552790,257501070,63527010,0,147894620,46079440,257501070
2023-10-06,5450,5450,5370,5400,16934,0.0,6003,469,-4892,-1580,0,10406,470,5222,836,16934,4403,1,10114,2416,16934,32539470,2532560,-26513310,-8558720,0,56357290,2538000,28174060,4503920,91573270,23817820,5440,54687370,13062640,91573270
2023-10-10,5460,5490,5370,5400,18541,0.0,6752,-2,-4869,-1881,0,12548,0,4641,1352,18541,5796,2,9510,3233,18541,36718620,-10860,-26493160,-10214600,0,68092500,0,25058880,7326890,100478270,31373880,10860,51552040,17541490,100478270
2023-10-11,5330,5490,5330,5490,36248,1.6666666666666667,852,2080,-28,-2904,0,22334,4280,6850,2784,36248,21482,2200,6878,5688,36248,5030260,11279000,-335700,-15973560,0,122020590,23355000,37277200,15076240,197729030,116990330,12076000,37612900,31049800,197729030
2023-10-12,5490,5500,5420,5430,16670,-1.092896174863388,1916,60,503,-2479,0,12500,60,3543,567,16670,10584,0,3040,3046,16670,10495300,326700,2776300,-13598300,0,68345070,326700,19412880,3077940,91162590,57849770,0,16636580,16676240,91162590
2023-10-13,5500,5500,5340,5390,42630,-0.7366482504604052,-452,-1,3512,-3059,0,7953,0,33936,741,42630,8405,1,30424,3800,42630,-2413770,-5360,19023240,-16604110,0,42957470,0,184563080,3975530,231496080,45371240,5360,165539840,20579640,231496080
2023-10-16,5330,5400,5320,5400,30449,0.1855287569573284,-11016,0,4546,6470,0,10108,0,12740,7601,30449,21124,0,8194,1131,30449,-58928770,0,24357300,34571470,0,54321610,0,68228820,40651710,163202140,113250380,0,43871520,6080240,163202140
2023-10-17,5400,5430,5350,5400,48942,0.0,2662,0,487,-3149,0,12619,0,34933,1390,48942,9957,0,34446,4539,48942,14564040,0,2376360,-16940400,0,68045180,0,188157490,7469210,263671880,53481140,0,185781130,24409610,263671880
2023-10-18,5400,5410,5360,5410,13482,0.1851851851851852,673,0,127,-800,0,7836,0,4703,943,13482,7163,0,4576,1743,13482,3712360,0,606140,-4318500,0,42281320,0,25288130,5076650,72646100,38568960,0,24681990,9395150,72646100
2023-10-19,5410,5410,5290,5310,45720,-1.8484288354898337,11935,579,-5885,-6629,0,15036,579,27972,2133,45720,3101,0,33857,8762,45720,63888380,3090270,-31576160,-35402490,0,80411500,3090270,150163140,11365530,245030440,16523120,0,181739300,46768020,245030440
2023-10-20,5400,5400,5240,5250,22838,-1.1299435028248588,-2760,250,4426,-1916,0,6050,250,15393,1145,22838,8810,0,10967,3061,22838,-14481020,1315000,23382440,-10216420,0,31821550,1315000,81157430,6011030,120305010,46302570,0,57774990,16227450,120305010
2023-10-23,5340,5500,5100,5170,68952,-1.5238095238095237,-20297,151,22005,-1859,0,17719,151,38116,12966,68952,38016,0,16111,14825,68952,-104451780,787190,113711350,-10046760,0,92025670,787190,198985050,66811670,358609580,196477450,0,85273700,76858430,358609580
2023-10-24,5280,5410,5110,5260,19028,1.7408123791102514,212,-500,-2424,2712,0,5049,1,6090,7888,19028,4837,501,8514,5176,19028,1052940,-2590840,-12620640,14158540,0,26124880,5190,31680890,41005750,98816710,25071940,2596030,44301530,26847210,98816710
2023-10-25,5310,5340,5240,5340,8132,1.520912547528517,2722,-60,-1215,-1447,0,5195,0,2900,37,8132,2473,60,4115,1484,8132,14419760,-317990,-6462500,-7639270,0,27529530,0,15361380,196640,43087550,13109770,317990,21823880,7835910,43087550
2023-10-26,5340,5340,5220,5310,18082,-0.5617977528089888,10984,-400,-9695,-889,0,13045,0,4360,677,18082,2061,400,14055,1566,18082,57821910,-2128000,-50970130,-4723780,0,68684750,0,23026400,3561030,95272180,10862840,2128000,73996530,8284810,95272180
2023-10-27,5300,5370,5270,5360,20818,0.9416195856873822,614,1319,-706,-1227,0,10027,1320,8723,748,20818,9413,1,9429,1975,20818,3261340,7061680,-3743280,-6579740,0,53658520,7067030,46742050,3993620,111461220,50397180,5350,50485330,10573360,111461220
2023-10-30,5370,5380,5290,5320,17851,-0.7462686567164178,1923,0,-4592,2669,0,10667,0,3190,3994,17851,8744,0,7782,1325,17851,10369470,0,-24631380,14261910,0,57020170,0,17010990,21319150,95350310,46650700,0,41642370,7057240,95350310
2023-10-31,5320,5370,5320,5330,14174,0.18796992481203006,4489,3769,-4785,-3473,0,5341,3769,4282,782,14174,852,0,9067,4255,14174,24006960,20199100,-25586230,-18619830,0,28561790,20199100,22888650,4170310,75819850,4554830,0,48474880,22790140,75819850
2023-11-01,5350,5390,5330,5390,14301,1.125703564727955,6398,1304,-8554,852,0,8643,1304,2911,1443,14301,2245,0,11465,591,14301,34365300,7028550,-45934120,4540270,0,46422770,7028550,15654010,7717820,76823150,12057470,0,61588130,3177550,76823150
2023-11-02,5390,5420,5380,5400,41234,0.1855287569573284,5748,71,-15141,9322,0,15770,71,15792,9601,41234,10022,0,30933,279,41234,31052280,382690,-81734460,50299490,0,85142690,382690,85136170,51805970,222467520,54090410,0,166870630,1506480,222467520
2023-11-03,5400,5680,5390,5430,51215,0.5555555555555556,3868,0,-21339,17471,0,19675,0,6513,25027,51215,15807,0,27852,7556,51215,21732570,0,-116481300,94748730,0,107912090,0,35616970,136387060,279916120,86179520,0,152098270,41638330,279916120
2023-11-06,5450,5540,5350,5350,42911,-1.4732965009208103,-6223,0,10053,-3830,0,21549,0,18156,3206,42911,27772,0,8103,7036,42911,-33161710,0,54233280,-21071570,0,117161740,0,98502580,17438790,233103110,150323450,0,44269300,38510360,233103110
2023-11-07,5430,5470,5370,5400,63538,0.9345794392523363,24327,10000,-37584,3257,0,35771,10000,6905,10862,63538,11444,0,44489,7605,63538,132384080,54299970,-204396060,17712010,0,194581760,54299970,37533140,59052400,345467270,62197680,0,241929200,41340390,345467270
2023-11-08,5440,5500,5410,5410,40461,0.1851851851851852,5450,14307,-2425,-17332,0,17597,14307,5255,3302,40461,12147,0,7680,20634,40461,29920700,78543580,-13357450,-95106830,0,96503050,78543580,28788810,18106800,221942240,66582350,0,42146260,113213630,221942240
2023-11-09,5400,5510,5400,5430,30581,0.36968576709796674,5895,-4200,-291,-1404,0,22200,300,4606,3475,30581,16305,4500,4897,4879,30581,32457190,-23071000,-1681110,-7705080,0,121657950,1629000,25117620,18965650,167370220,89200760,24700000,26798730,26670730,167370220
2023-11-10,5430,5500,5430,5470,18600,0.7366482504604052,8614,-1000,-3496,-4118,0,10919,0,7406,275,18600,2305,1000,10902,4393,18600,47117030,-5500000,-19113700,-22503330,0,59702400,0,40552040,1499290,101753730,12585370,5500000,59665740,24002620,101753730
2023-11-13,5520,5520,5440,5500,27320,0.5484460694698354,14892,0,-10207,-4685,0,21231,0,4467,1622,27320,6339,0,14674,6307,27320,81960500,0,-56201780,-25758720,0,116846690,0,24540940,8875730,150263360,34886190,0,80742720,34634450,150263360
2023-11-14,5530,5530,5460,5500,17325,0.0,5551,0,-1445,-4106,0,8150,0,8901,274,17325,2599,0,10346,4380,17325,30466680,0,-7927040,-22539640,0,44717400,0,48759720,1496040,94973160,14250720,0,56686760,24035680,94973160
2023-11-15,5470,5520,5470,5520,31863,0.36363636363636365,19132,-2000,-20440,3308,0,22715,0,4634,4514,31863,3583,2000,25074,1206,31863,105433740,-11020000,-112620990,18207250,0,125187580,0,25552600,24848280,175588460,19753840,11020000,138173590,6641030,175588460
2023-11-16,5450,5550,5450,5550,21911,0.5434782608695652,3115,-1000,-430,-1685,0,11361,0,7605,2945,21911,8246,1000,8035,4630,21911,17286070,-5530000,-2434580,-9321490,0,62893490,0,42014900,16287150,121195540,45607420,5530000,44449480,25608640,121195540
2023-11-17,5600,5600,5510,5550,26973,0.0,-2267,0,5971,-3704,0,16173,0,10524,276,26973,18440,0,4553,3980,26973,-12521560,0,32988960,-20467400,0,89536570,0,58249410,1526350,149312330,102058130,0,25260450,21993750,149312330
2023-11-20,5540,5540,5480,5530,52181,-0.36036036036036034,4743,-4500,-1001,758,0,31891,0,17530,2760,52181,27148,4500,18531,2002,52181,26137770,-24815000,-5469400,4146630,0,175823280,0,96650310,15197730,287671320,149685510,24815000,102119710,11051100,287671320
2023-11-21,5500,5500,5400,5480,31706,-0.9041591320072333,4326,30,-4715,359,0,15851,30,14806,1019,31706,11525,0,19521,660,31706,23783840,164250,-25894000,1945910,0,86781760,164250,81098570,5566630,173611210,62997920,0,106992570,3620720,173611210
2023-11-22,5480,5480,5420,5450,35074,-0.5474452554744526,2073,50,1415,-3538,0,19618,50,15395,11,35074,17545,0,13980,3549,35074,11314420,272000,7606850,-19193270,0,106527430,272000,83577860,59620,190436910,95213010,0,75971010,19252890,190436910
2023-11-23,5420,5490,5400,5490,34690,0.7339449541284404,-5316,-330,2667,2979,0,21979,20,9407,3284,34690,27295,350,6740,305,34690,-28749640,-1812500,14342890,16219250,0,119869000,109000,51040850,17875190,188894040,148618640,1921500,36697960,1655940,188894040
2023-11-24,5480,5500,5450,5460,32702,-0.546448087431694,-8951,-2500,14132,-2681,0,13056,0,18422,1224,32702,22007,2500,4290,3905,32702,-48944670,-13675000,77297830,-14678160,0,71332460,0,100805340,6678030,178815830,120277130,13675000,23507510,21356190,178815830
2023-11-27,5460,5460,5400,5430,54350,-0.5494505494505495,-18903,0,22549,-3646,0,9986,0,42745,1619,54350,28889,0,20196,5265,54350,-102529060,0,122372520,-19843460,0,54184120,0,231898310,8775680,294858110,156713180,0,109525790,28619140,294858110
2023-11-28,5410,5420,5370,5410,48547,-0.3683241252302026,-7192,2000,2263,2929,0,13154,2000,27494,5899,48547,20346,0,25231,2970,48547,-38799440,10800000,12148340,15851100,0,70957700,10800000,148359690,31857480,261974870,109757140,0,136211350,16006380,261974870
2023-11-29,5350,5390,5230,5250,71718,-2.957486136783734,-1671,40,15219,-13588,0,27005,40,43219,1454,71718,28676,0,28000,15042,71718,-8479920,210800,80018550,-71749430,0,142295170,210800,228063200,7720260,378289430,150775090,0,148044650,79469690,378289430
2023-11-30,5260,5310,5220,5310,41382,1.1428571428571428,-3383,445,3123,-185,0,19952,446,20527,457,41382,23335,1,17404,642,41382,-17647670,2327340,16295240,-974910,0,104498970,2332580,107500310,2394680,216726540,122146640,5240,91205070,3369590,216726540
2023-12-01,5300,5300,5220,5250,43330,-1.1299435028248588,-3895,27,3505,363,0,19683,220,21480,1947,43330,23578,193,17975,1584,43330,-20328680,137350,18334640,1856690,0,103050000,1150600,112429220,10170000,226799820,123378680,1013250,94094580,8313310,226799820
2023-12-04,5250,5280,5140,5170,110024,-1.5238095238095237,-48154,10112,42611,-4569,0,40255,10112,54894,4763,110024,88409,0,12283,9332,110024,-248686530,52084250,220313530,-23711250,0,208368000,52084250,284154750,24570760,569177760,457054530,0,63841220,48282010,569177760
2023-12-05,5170,5250,5170,5250,33715,1.5473887814313347,-160,0,-11438,11598,0,7728,0,14048,11939,33715,7888,0,25486,341,33715,-747300,0,-59785180,60532480,0,40287590,0,73022310,62303630,175613530,41034890,0,132807490,1771150,175613530
2023-12-06,5250,5340,5200,5240,42584,-0.19047619047619047,-14081,500,7824,5757,0,16360,500,18868,6856,42584,30441,0,11044,1099,42584,-73572870,2620000,40996830,29956040,0,85669790,2620000,98751000,35773130,222813920,159242660,0,57754170,5817090,222813920
2023-12-07,5250,5250,5130,5180,84362,-1.1450381679389312,-19812,-12688,35019,-2519,0,32223,1312,38176,12651,84362,52035,14000,3157,15170,84362,-101848830,-65512890,180546740,-13185020,0,166148760,6730560,196886920,65173130,434939370,267997590,72243450,16340180,78358150,434939370
2023-12-08,5220,5290,5170,5290,34193,2.1235521235521233,-2040,0,3506,-1466,0,20176,0,10808,3209,34193,22216,0,7302,4675,34193,-10503910,0,18115860,-7611950,0,105443990,0,56298640,16758640,178501270,115947900,0,38182780,24370590,178501270
2023-12-11,5290,5380,5230,5260,44058,-0.5671077504725899,1617,30,-7573,5926,0,25457,30,9948,8623,44058,23840,0,17521,2697,44058,8794660,157900,-40037340,31084780,0,134582590,157900,52523870,45451800,232716160,125787930,0,92561210,14367020,232716160
2023-12-12,5300,5360,5270,5320,21665,1.1406844106463878,1125,-1,685,-1809,0,5631,0,14612,1422,21665,4506,1,13927,3231,21665,6020000,-5320,3629200,-9643880,0,29976190,0,77662130,7561610,115199930,23956190,5320,74032930,17205490,115199930
2023-12-13,5360,5360,5310,5340,17594,0.37593984962406013,1364,1,1877,-3242,0,11290,1,5320,983,17594,9926,0,3443,4225,17594,7356690,5350,9947040,-17309080,0,60270470,5350,28336170,5225800,93837790,52913780,0,18389130,22534880,93837790
2023-12-14,5350,5410,5310,5340,65919,0.0,-4525,0,-74,4599,0,29176,0,29254,7489,65919,33701,0,29328,2890,65919,-23912920,0,-832700,24745620,0,156108980,0,156685070,40251600,353045650,180021900,0,157517770,15505980,353045650
2023-12-15,5370,5370,5190,5190,144447,-2.8089887640449436,-9613,4749,66141,-61277,0,56408,4750,73256,10033,144447,66021,1,7115,71310,144447,-50409200,24887240,346989260,-321467300,0,296122750,24892500,384456330,52428600,757900180,346531950,5260,37467070,373895900,757900180
2023-12-18,5190,5240,5070,5140,76191,-0.9633911368015413,-45116,7001,39836,-1721,0,15375,7001,48864,4951,76191,60491,0,9028,6672,76191,-231386880,36085100,203985080,-8683300,0,79102090,36085100,250630380,25432630,391250200,310488970,0,46645300,34115930,391250200
2023-12-19,5140,5160,5040,5050,116491,-1.7509727626459144,-50501,-5583,57618,-1534,0,33785,2013,73479,7214,116491,84286,7596,15861,8748,116491,-255577460,-28250110,291742530,-7914960,0,171374750,10185650,372050390,36464450,590075240,426952210,38435760,80307860,44379410,590075240
2023-12-20,5110,5110,4970,5040,155772,-0.19801980198019803,-41884,5987,42108,-6211,0,45584,5987,100424,3777,155772,87468,0,58316,9988,155772,-209313900,29992320,210481305,-31159725,0,227240770,29992320,501345765,18851380,777430235,436554670,0,290864460,50011105,777430235
2023-12-21,5060,5170,5000,5100,36860,1.1904761904761905,8054,0,-10317,2263,0,17993,0,13815,5052,36860,9939,0,24132,2789,36860,40963460,0,-52379880,11416420,0,91243040,0,69680660,25548900,186472600,50279580,0,122060540,14132480,186472600
2023-12-22,5100,5150,5070,5110,26673,0.19607843137254902,-1134,-2570,3541,163,0,12375,0,12967,1331,26673,13509,2570,9426,1168,26673,-5660020,-13053190,17910040,803170,0,63130580,0,65986260,6767680,135884520,68790600,13053190,48076220,5964510,135884520
2023-12-26,5150,5150,5050,5110,47863,0.0,1768,0,-4816,3048,0,13329,0,29985,4549,47863,11561,0,34801,1501,47863,9086310,0,-24546330,15460020,0,67795280,0,152249480,23089320,243134080,58708970,0,176795810,7629300,243134080
2023-12-27,5110,5170,5050,5170,30145,1.1741682974559686,4516,188,-15608,10904,0,12841,188,4819,12297,30145,8325,0,20427,1393,30145,23182110,962560,-80169720,56025050,0,65891300,962560,24627590,63136660,154618110,42709190,0,104797310,7111610,154618110
2023-12-28,5190,5190,5140,5160,23399,-0.19342359767891684,13913,-2385,-10788,-740,0,15145,15,6807,1432,23399,1232,2400,17595,2172,23399,71744500,-12282900,-55624240,-3837360,0,78093080,77100,35100300,7375090,120645570,6348580,12360000,90724540,11212450,120645570
2024-01-02,5160,5250,5150,5220,42973,1.1627906976744187,11129,0,-14506,3377,0,22325,0,13312,7336,42973,11196,0,27818,3959,42973,57938040,0,-75530010,17591970,0,116460120,0,69452890,38241180,224154190,58522080,0,144982900,20649210,224154190
2024-01-03,5220,5270,5200,5200,48502,-0.38314176245210724,15366,100,-18810,3344,0,36617,100,7156,4629,48502,21251,0,25966,1285,48502,80504820,522000,-98525760,17498940,0,191602890,522000,37383410,24214970,253723270,111098070,0,135909170,6716030,253723270
2024-01-04,5200,5280,5150,5210,50976,0.19230769230769232,-4315,0,-771,5086,0,20370,0,23596,7010,50976,24685,0,24367,1924,50976,-22410290,0,-4048170,26458460,0,106470230,0,123455810,36553610,266479650,128880520,0,127503980,10095150,266479650
2024-01-05,5210,5210,5080,5130,71940,-1.5355086372360844,-6683,0,33128,-26445,0,25989,0,43805,2146,71940,32672,0,10677,28591,71940,-33953220,0,169751860,-135798640,0,133430770,0,224478560,10911970,368821300,167383990,0,54726700,146710610,368821300
2024-01-08,5130,5200,5090,5170,35713,0.7797270955165692,-13026,21030,-3386,-4618,0,3651,21030,9004,2028,35713,16677,0,12390,6646,35713,-67461280,108805870,-17490830,-23853760,0,18816570,108805870,46501730,10469070,184593240,86277850,0,63992560,34322830,184593240
2024-01-09,5210,5210,5150,5160,30918,-0.19342359767891684,-3299,80,5608,-2389,0,9636,80,20406,796,30918,12935,0,14798,3185,30918,-16954360,413200,28907420,-12366260,0,49836310,413200,105509670,4132820,159892000,66790670,0,76602250,16499080,159892000
2024-01-10,5160,5190,5100,5130,71283,-0.5813953488372093,-29989,0,2432,27557,0,27112,0,15904,28267,71283,57101,0,13472,710,71283,-153595520,0,12572590,141022930,0,138752300,0,81467590,144680740,364900630,292347820,0,68895000,3657810,364900630
2024-01-11,5100,5160,5070,5090,36174,-0.7797270955165692,-12281,1280,12226,-1225,0,12982,1280,19694,2218,36174,25263,0,7468,3443,36174,-62481170,6504410,62229480,-6252720,0,66316510,6504410,100386730,11304900,184512550,128797680,0,38157250,17557620,184512550
2024-01-12,5090,5110,5010,5030,49362,-1.1787819253438114,-7340,2338,8685,-3683,0,18806,2338,24311,3907,49362,26146,0,15626,7590,49362,-36670340,11746200,43580990,-18656850,0,95192970,11746200,122507830,19660890,249107890,131863310,0,78926840,38317740,249107890
2024-01-15,5030,5050,5000,5020,37818,-0.19880715705765406,-9093,10,12313,-3230,0,17563,11,19209,1035,37818,26656,1,6896,4265,37818,-45643640,50160,61801390,-16207910,0,88138230,55180,96424730,5195030,189813170,133781870,5020,34623340,21402940,189813170
2024-01-16,5010,5020,4995,5010,40331,-0.199203187250996,-20668,9,30189,-9530,0,6668,10,33603,50,40331,27336,1,3414,9580,40331,-103371475,45050,151022665,-47696240,0,33371255,50050,168110070,250500,201781875,136742730,5000,17087405,47946740,201781875
2024-01-17,5040,5110,4980,4990,44043,-0.39920159680638717,-3644,1157,12703,-10216,0,15305,2077,26302,359,44043,18949,920,13599,10575,44043,-17906350,5758810,63215615,-51068075,0,76798230,10349610,131295800,1794675,220238315,94704580,4590800,68080185,52862750,220238315
2024-01-18,5060,5060,4985,5000,34298,0.2004008016032064,-18141,0,14305,3836,0,10407,0,18760,5131,34298,28548,0,4455,1295,34298,-90526665,0,71379370,19147295,0,52115675,0,93675375,25665855,171456905,142642340,0,22296005,6518560,171456905
2024-01-19,5030,5050,4985,4995,32809,-0.1,-18766,2,15146,3618,0,9629,2,18248,4930,32809,28395,0,3102,1312,32809,-93745955,10010,75661460,18074485,0,48121175,10010,91152205,24631430,163914820,141867130,0,15490745,6556945,163914820
2024-01-22,5030,5060,4975,5050,36564,1.1011011011011012,-12828,5076,3289,4463,0,12698,5076,13476,5314,36564,25526,0,10187,851,36564,-63815395,25287885,16322365,22205145,0,63451030,25287885,67198820,26478240,182415975,127266425,0,50876455,4273095,182415975
2024-01-23,5040,5090,4980,5010,23196,-0.7920792079207921,-1486,-5,3835,-2344,0,12089,0,9909,1198,23196,13575,5,6074,3542,23196,-7318400,-24950,19153915,-11810565,0,60544695,0,49600500,5983450,116128645,67863095,24950,30446585,17794015,116128645
2024-01-24,5080,5080,4975,5070,43590,1.1976047904191618,4096,3298,-11188,3794,0,24768,3298,7382,8142,43590,20672,0,18570,4348,43590,20774280,16443010,-56015150,18797860,0,124219685,16443010,36914085,40683190,218259970,103445405,0,92929235,21885330,218259970
2024-01-25,5070,5070,4980,5030,56409,-0.7889546351084813,7580,191,-10182,2411,0,25793,191,22706,7719,56409,18213,0,32888,5308,56409,38067640,955000,-50993595,11970955,0,129196460,955000,113369815,38600635,282121910,91128820,0,164363410,26629680,282121910
2024-01-26,5020,5050,4960,5000,60443,-0.5964214711729622,4696,5006,-2926,-6776,0,23285,5006,29001,3151,60443,18589,0,31927,9927,60443,23563385,24898715,-14645475,-33816625,0,116259645,24898715,144490255,15698275,301346890,92696260,0,159135730,49514900,301346890
2024-01-29,5000,5020,4920,4955,125433,-0.8999999999999999,-56880,3430,55975,-2525,0,31098,3430,83219,7686,125433,87978,0,27244,10211,125433,-280983010,16936900,276494865,-12448755,0,153907525,16936900,411297690,38117970,620260085,434890535,0,134802825,50566725,620260085
2024-01-30,4955,4970,4900,4925,70379,-0.6054490413723511,-5529,40,13240,-7751,0,39836,40,29909,594,70379,45365,0,16669,8345,70379,-27017000,197700,65099980,-38280680,0,196310435,197700,147221845,2922475,346652455,223327435,0,82121865,41203155,346652455
2024-01-31,4940,4950,4895,4935,55271,0.20304568527918782,-30478,-1,21588,8891,0,10781,0,34558,9932,55271,41259,1,12970,1041,55271,-149570610,-4940,105973295,43602255,0,53075160,0,169757770,48740880,271573810,202645770,4940,63784475,5138625,271573810
2024-02-01,4945,4945,4845,4900,95698,-0.7092198581560284,-36443,45,38229,-1831,0,31376,45,53696,10581,95698,67819,0,15467,12412,95698,-177668175,220275,186450665,-9002765,0,153276030,220275,261843975,51609200,466949480,330944205,0,75393310,60611965,466949480
2024-02-02,4940,4940,4840,4880,87251,-0.40816326530612246,-19813,100,25774,-6061,0,35074,100,49489,2588,87251,54887,0,23715,8649,87251,-96210865,494000,125192050,-29475185,0,170506080,494000,240475405,12557590,424033075,266716945,0,115283355,42032775,424033075
2024-02-05,4890,4910,4830,4905,83253,0.5122950819672131,-9060,6201,-2120,4979,0,20664,6201,40282,16106,83253,29724,0,42402,11127,83253,-44077895,30166890,-10405800,24316805,0,100292920,30166890,195419740,78324975,404204525,144370815,0,205825540,54008170,404204525
2024-02-06,4905,4950,4870,4905,54042,0.0,-15249,9518,8155,-2424,0,16950,9519,23207,4366,54042,32199,1,15052,6790,54042,-74258190,46506315,39714045,-11962170,0,83066970,46511195,113316565,21338745,264233475,157325160,4880,73602520,33300915,264233475
2024-02-07,4880,4970,4880,4960,56554,1.1213047910295617,-9789,12101,-11619,9307,0,25108,12101,8313,11032,56554,34897,0,19932,1725,56554,-48471330,59755620,-57289940,46005650,0,124012580,59755620,41111860,54519125,279399185,172483910,0,98401800,8513475,279399185
2024-02-08,4980,5050,4965,5040,37070,1.6129032258064515,15144,-184,-14447,-513,0,27276,0,8229,1565,37070,12132,184,22676,2078,37070,76059475,-923680,-72587285,-2548510,0,137080800,0,41323145,7835240,186239185,61021325,923680,113910430,10383750,186239185
2024-02-13,5090,5090,4985,5000,72696,-0.7936507936507936,-18402,103,14658,3641,0,30195,103,32187,10211,72696,48597,0,17529,6570,72696,-91964405,514530,73313775,18136100,0,151369895,514530,161079525,51149125,364113075,243334300,0,87765750,33013025,364113075
2024-02-14,5000,5000,4905,4915,82076,-1.7000000000000002,-30212,6140,26158,-2086,0,18727,6140,46381,10828,82076,48939,0,20223,12914,82076,-148521880,30270250,128887055,-10635425,0,92283710,30270250,228358485,53238850,404151295,240805590,0,99471430,63874275,404151295
2024-02-15,4920,4960,4835,4860,82465,-1.119023397761953,-39917,4486,45421,-9990,0,22604,5186,53279,1396,82465,62521,700,7858,11386,82465,-194345830,21871110,221436080,-48961360,0,110352550,25308110,259786235,6840370,402287265,304698380,3437000,38350155,55801730,402287265
2024-02-16,4895,4895,4850,4850,50321,-0.205761316872428,-11310,1490,14819,-4999,0,17993,1500,30827,1,50321,29303,10,16008,5000,50321,-54810285,7229000,71884120,-24302835,0,87463170,7277500,149687155,4895,244432720,142273455,48500,77803035,24307730,244432720
2024-02-19,4885,4890,4855,4885,33744,0.7216494845360825,-8244,-115,7501,858,0,8286,0,23906,1552,33744,16530,115,16405,694,33744,-40165585,-558900,36531715,4192770,0,40387660,0,116471930,7576620,164436210,80553245,558900,79940215,3383850,164436210
2024-02-20,4900,4935,4840,4860,80262,-0.511770726714432,-45121,3010,43953,-1842,0,15085,3010,61498,669,80262,60206,0,17545,2511,80262,-219280895,14592125,213642645,-8953875,0,73255275,14592125,298981830,3257140,390086370,292536170,0,85339185,12211015,390086370
2024-02-21,4880,4880,4850,4860,19829,0.0,-7566,0,10055,-2489,0,4105,0,15724,0,19829,11671,0,5669,2489,19829,-36784960,0,48890645,-12105685,0,19979865,0,76458475,0,96438340,56764825,0,27567830,12105685,96438340
2024-02-22,4890,4890,4845,4860,26459,0.0,-12932,1084,12829,-981,0,5511,1084,19825,39,26459,18443,0,6996,1020,26459,-62717265,5252055,62228990,-4763780,0,26739370,5252055,96161550,189150,128342125,89456635,0,33932560,4952930,128342125
2024-02-23,4885,4885,4850,4860,30463,0.0,-1842,0,1786,56,0,14796,0,15382,285,30463,16638,0,13596,229,30463,-8948560,0,8675765,272795,0,71872640,0,74711170,1385090,147968900,80821200,0,66035405,1112295,147968900
2024-02-26,4885,4890,4855,4890,33257,0.6172839506172839,1106,0,-3611,2505,0,20126,0,9320,3811,33257,19020,0,12931,1306,33257,5437645,0,-17605630,12167985,0,97888430,0,45285975,18528280,161702685,92450785,0,62891605,6360295,161702685
2024-02-27,4890,4925,4870,4915,48497,0.5112474437627812,-21513,14776,4027,2710,0,14813,14776,14114,4794,48497,36326,0,10087,2084,48497,-105146520,72350690,19560875,13234955,0,72480410,72350690,68943000,23438250,237212350,177626930,0,49382125,10203295,237212350
2024-02-28,4925,4960,4890,4895,29263,-0.40691759918616477,6236,0,-1432,-4804,0,17725,0,8322,3216,29263,11489,0,9754,8020,29263,30696225,0,-7088585,-23607640,0,87024235,0,40791340,15773095,143588670,56328010,0,47879925,39380735,143588670
2024-02-29,4910,4930,4890,4915,37220,0.40858018386108275,-10767,909,8681,1177,0,7727,909,24513,4071,37220,18494,0,15832,2894,37220,-52838900,4457070,42558085,5823745,0,37926410,4457070,120280490,20004475,182668445,90765310,0,77722405,14180730,182668445
2024-03-04,4920,4965,4915,4960,74389,0.9155645981688708,-32255,0,4628,27627,0,17031,0,29379,27979,74389,49286,0,24751,352,74389,-159616855,0,22835740,136781115,0,84287585,0,145345585,138518430,368151600,243904440,0,122509845,1737315,368151600
2024-03-05,4960,5010,4935,4990,133704,0.6048387096774194,-37180,383,-7567,44364,0,50272,383,33653,49396,133704,87452,0,41220,5032,133704,-184532175,1898670,-38199820,220833325,0,250548050,1898670,167292190,245899585,665638495,435080225,0,205492010,25066260,665638495
2024-03-06,4990,5120,4990,5090,246777,2.004008016032064,-3307,11026,-60692,52973,0,116280,11026,59135,60336,246777,119587,0,119827,7363,246777,-15416430,56023700,-307896710,267289440,0,590224050,56023700,299761310,304588130,1250597190,605640480,0,607658020,37298690,1250597190
2024-03-07,5100,5130,5010,5070,143202,-0.3929273084479371,-11014,490,57549,-47025,0,51696,490,85624,5392,143202,62710,0,28075,52417,143202,-55545060,2468150,290973960,-237897050,0,261814510,2468150,433425040,27356150,725063850,317359570,0,142451080,265253200,725063850
2024-03-08,5070,5080,4995,5040,85278,-0.591715976331361,-3710,-7045,22332,-11577,0,38128,0,40401,6749,85278,41838,7045,18069,18326,85278,-17954780,-35250095,111896785,-58691910,0,192148450,0,202792095,33822490,428763035,210103230,35250095,90895310,92514400,428763035
2024-03-11,5070,5070,5000,5040,82849,0.0,-37257,-1870,8274,30853,0,31917,0,17759,33173,82849,69174,1870,9485,2320,82849,-187193890,-9418750,41561310,155051330,0,160693940,0,89278110,166772530,416744580,347887830,9418750,47716800,11721200,416744580
2024-03-12,5040,5080,5030,5070,59123,0.5952380952380952,26633,0,-13581,-13052,0,47802,0,7350,3971,59123,21169,0,20931,17023,59123,134754180,0,-68700710,-66053470,0,241741550,0,37137010,20042480,298921040,106987370,0,105837720,86095950,298921040
2024-03-13,5090,5090,5010,5040,87816,-0.591715976331361,-11707,455,17352,-6100,0,40534,456,42274,4552,87816,52241,1,24922,10652,87816,-58576390,2280450,87071650,-30775710,0,203829160,2285470,212345960,22878680,441339270,262405550,5020,125274310,53654390,441339270
2024-03-14,5040,5070,4970,5070,109711,0.5952380952380952,-4156,5015,-16080,15221,0,43333,5015,24362,37001,109711,47489,0,40442,21780,109711,-21330800,25205390,-81006170,77131580,0,217609455,25205390,121922055,186834905,551571805,238940255,0,202928225,109703325,551571805
2024-03-15,5060,5090,4950,5010,100634,-1.183431952662722,6380,0,-429,-5951,0,45395,0,43460,11779,100634,39015,0,43889,17730,100634,32995225,0,-2740880,-30254345,0,228418330,0,217246390,58865450,504530170,195423105,0,219987270,89119795,504530170
2024-03-18,5010,5040,5000,5040,45054,0.5988023952095809,615,0,-3451,2836,0,24864,1,11046,9143,45054,24249,1,14497,6307,45054,3215390,0,-17434960,14219570,0,124786550,5010,55326060,45875160,225992780,121571160,5010,72761020,31655590,225992780
2024-03-19,4995,5010,4975,4975,87524,-1.2896825396825395,-10710,-7425,16702,1433,0,31302,75,37721,18426,87524,42012,7500,21019,16993,87524,-53372265,-37068030,83187500,7252795,0,156155050,373875,188050590,91984740,436564255,209527315,37441905,104863090,84731945,436564255
2024-03-20,4995,5030,4975,5020,58525,0.9045226130653266,3420,1,-875,-2546,0,36504,2,11840,10179,58525,33084,1,12715,12725,58525,17239870,4985,-4539345,-12705510,0,182623565,10005,59156045,50882330,292671945,165383695,5020,63695390,63587840,292671945
2024-03-21,5040,5060,5010,5060,72090,0.796812749003984,1875,0,-17955,16080,0,42299,0,12120,17671,72090,40424,0,30075,1591,72090,9578390,0,-90541790,80963400,0,213187720,0,61077320,88977070,363242110,203609330,0,151619110,8013670,363242110
2024-03-22,5060,5100,5040,5090,138426,0.592885375494071,-6254,5001,-37731,38984,0,76696,5001,12485,44244,138426,82950,0,50216,5260,138426,-31458520,25325080,-191317740,197451180,0,389107630,25325080,63161850,224136630,701731190,420566150,0,254479590,26685450,701731190
2024-03-25,5090,5100,5050,5100,92019,0.19646365422396855,5863,29,-26456,20564,0,54640,30,14250,23099,92019,48777,1,40706,2535,92019,29970100,146860,-134561120,104444160,0,277792540,151950,72359890,117326490,467630870,247822440,5090,206921010,12882330,467630870
2024-03-26,5110,5120,5050,5100,101336,0.0,8863,46,9933,-18842,0,56513,178,40107,4538,101336,47650,132,30174,23380,101336,45065640,232170,50676200,-95974010,0,287454290,903010,204356790,23060850,515774940,242388650,670840,153680590,119034860,515774940
2024-03-27,5120,5130,5030,5040,82839,-1.1764705882352942,3973,-10955,5064,1918,0,38505,45,32216,12073,82839,34532,11000,27152,10155,82839,20599240,-55516730,25299040,9618450,0,195024360,227250,162671800,61202180,419125590,174425120,55743980,137372760,51583730,419125590
2024-03-28,5040,5090,5000,5060,125571,0.3968253968253968,32782,0,-34725,1943,0,77051,0,32374,16146,125571,44269,0,67099,14203,125571,166333760,0,-175943920,9610160,0,389943140,0,163310190,81583950,634837280,223609380,0,339254110,71973790,634837280
2024-03-29,5080,5090,5050,5070,74182,0.1976284584980237,16767,0,-22307,5540,0,46957,1,19342,7882,74182,30190,1,41649,2342,74182,85103350,-10,-113209860,28106520,0,238417980,5070,98177550,39981750,376582350,153314630,5080,211387410,11875230,376582350
2024-04-01,5100,5100,5050,5080,67955,0.19723865877712032,499,1,-6847,6347,0,40714,1,16117,11123,67955,40215,0,22964,4776,67955,2578100,5070,-34737730,32154560,0,206255820,5070,81619390,56337340,344217620,203677720,0,116357120,24182780,344217620
2024-04-02,5080,5090,5030,5050,83093,-0.5905511811023622,19387,199,-8913,-10673,0,57664,200,23106,2123,83093,38277,1,32019,12796,83093,98110010,1010950,-45240930,-53880030,0,291429360,1016000,116461980,10743410,419650750,193319350,5050,161702910,64623440,419650750
2024-04-03,5060,5080,4990,5050,130214,0.0,9046,-803,-25262,17019,0,76149,199,27528,26338,130214,67103,1002,52790,9319,130214,45511560,-4037090,-127402975,85928505,0,383176485,1002970,138021735,132774870,654976060,337664925,5040060,265424710,46846365,654976060
2024-04-04,5050,5070,4975,5020,188155,-0.594059405940594,-19629,-3571,35704,-12504,0,99649,198,78743,9565,188155,119278,3769,43039,22069,188155,-98122175,-17873860,178345750,-62349715,0,498727070,999900,393916110,47931580,941574660,596849245,18873760,215570360,110281295,941574660
2024-04-05,5020,5020,4980,4995,99600,-0.49800796812749004,16536,-1559,-15648,671,0,70563,2102,16324,10611,99600,54027,3661,31972,9940,99600,82730620,-7790510,-78262280,3322170,0,352871515,10514490,81556575,53047770,497990350,270140895,18305000,159818855,49725600,497990350
2024-04-08,5010,5030,4985,5020,93880,0.5005005005005005,8773,-2,-2046,-6725,0,72758,0,19234,1888,93880,63985,2,21280,8613,93880,44096735,-10005,-10405250,-33681480,0,364469770,0,96226215,9439995,470135980,320373035,10005,106631465,43121475,470135980
2024-04-09,5030,5040,4995,5010,77044,-0.199203187250996,30369,0,-30206,-163,0,55633,0,14869,6542,77044,25264,0,45075,6705,77044,152374555,0,-151655855,-718700,0,279010965,0,74481450,32841170,386333585,126636410,0,226137305,33559870,386333585
2024-04-11,5000,5000,4950,4965,84776,-0.8982035928143712,9234,60,27042,-36336,0,45257,60,39459,0,84776,36023,0,12417,36336,84776,45903920,298650,134317250,-180519820,0,224891970,298650,196003985,0,421194605,178988050,0,61686735,180519820,421194605
2024-04-12,4980,4990,4950,4985,72451,0.4028197381671702,20050,30,-5313,-14767,0,49211,30,22906,304,72451,29161,0,28219,15071,72451,99607495,149025,-26413645,-73342875,0,244536045,149025,113821600,1509360,360016030,144928550,0,140235245,74852235,360016030
2024-04-15,4985,4985,4935,4950,69646,-0.7021063189568706,-901,2,11439,-10540,0,48073,2,21571,0,69646,48974,0,10132,10540,69646,-4322810,9900,56624480,-52311570,0,238173795,9900,106801930,0,344985625,242496605,0,50177450,52311570,344985625
2024-04-16,4975,4975,4750,4840,152061,-2.2222222222222223,-38250,2303,47717,-11770,0,68836,2303,64225,16697,152061,107086,0,16508,28467,152061,-185999610,11150270,232784690,-57935350,0,336712990,11150270,313668310,81334855,742866425,522712600,0,80883620,139270205,742866425
2024-04-17,4840,4910,4770,4810,202103,-0.6198347107438017,-65293,80,34493,30720,0,91175,80,60393,50455,202103,156468,0,25900,19735,202103,-312693580,382700,165168845,147142035,0,438290970,382700,289770175,242372810,970816655,750984550,0,124601330,95230775,970816655
2024-04-18,4860,4860,4785,4785,87908,-0.5197505197505198,-31324,3169,34261,-6106,0,45398,3170,38088,1252,87908,76722,1,3827,7358,87908,-150332450,15358200,164356890,-29382640,0,218287785,15363015,182740020,6009005,422399825,368620235,4815,18383130,35391645,422399825
2024-04-19,4805,4805,4740,4785,95194,0.0,-30594,189,38235,-7830,0,44383,189,42420,8202,95194,74977,0,4185,16032,95194,-145448380,898405,181981220,-37431245,0,211247735,898405,201907395,38965800,453019335,356696115,0,19926175,76397045,453019335
2024-04-22,4790,4790,4760,4785,91483,0.0,-25117,80,28875,-3838,0,48756,80,35732,6915,91483,73873,0,6857,10753,91483,-119836110,381275,137768840,-18314005,0,232978435,381275,170555650,33050350,436965710,352814545,0,32786810,51364355,436965710
2024-04-23,4795,4795,4735,4775,171512,-0.20898641588296762,-71472,140,81678,-10346,0,72976,140,96357,2039,171512,144448,0,14679,12385,171512,-339356550,664850,387943235,-49251535,0,346921220,664850,457756340,9691565,815033975,686277770,0,69813105,58943100,815033975
2024-04-24,4800,4800,4750,4770,183887,-0.10471204188481677,-58289,338,32225,25726,0,103675,338,49781,30093,183887,161964,0,17556,4367,183887,-277420780,1609275,153410775,122400730,0,494006870,1609275,237075375,143223755,875915275,771427650,0,83664600,20823025,875915275
2024-04-25,4770,4775,4725,4750,173108,-0.41928721174004197,-62600,384,73176,-10960,0,81775,384,81925,9024,173108,144375,0,8749,19984,173108,-296273660,1820850,346502490,-52049680,0,387622925,1820850,387994895,42739895,820178565,683896585,0,41492405,94789575,820178565
2024-04-26,4750,4765,4715,4755,168077,0.10526315789473684,-82633,205,53151,29277,0,61582,205,64788,41502,168077,144215,0,11637,12225,168077,-390782695,970300,251263805,138548590,0,291667215,970300,306428620,196474435,795540570,682449910,0,55164815,57925845,795540570
2024-04-29,4755,4760,4695,4730,217753,-0.5257623554153523,-122017,1200,118855,1962,0,63155,1200,133295,20103,217753,185172,0,14440,18141,217753,-575221100,5643050,560669710,8908340,0,297987575,5643050,628897300,94682295,1027210220,873208675,0,68227590,85773955,1027210220
2024-04-30,4720,4745,4670,4715,213786,-0.3171247357293869,-95996,213,94730,1053,0,82936,213,114658,15979,213786,178932,0,19928,14926,213786,-449831110,1000730,444406760,4423620,0,389790635,1000730,538265180,74846180,1003902725,839621745,0,93858420,70422560,1003902725
2024-05-02,4715,4720,4670,4710,238611,-0.10604453870625664,-115088,90,68498,46500,0,77104,90,106338,55079,238611,192192,0,37840,8579,238611,-538592910,421400,320666900,217504610,0,361720225,421400,498158035,257808925,1118108585,900313135,0,177491135,40304315,1118108585
2024-05-03,4710,4720,4630,4660,190244,-1.0615711252653928,-42865,-2782,72587,-26940,0,83027,240,101406,5571,190244,125892,3022,28819,32511,190244,-199172595,-12952305,338128920,-126004020,0,387594065,1128200,472353850,25953965,887030080,586766660,14080505,134224930,151957985,887030080
2024-05-07,4680,4720,4660,4720,277515,1.2875536480686696,-115601,1067,59652,54882,0,56841,1067,142696,76911,277515,172442,0,83044,22029,277515,-541088805,4998895,278720950,257368960,0,266279900,4998895,667672785,360567920,1299519500,807368705,0,388951835,103198960,1299519500
2024-05-08,4720,4770,4700,4760,332780,0.847457627118644,-172989,-447,49863,123573,0,92745,203,113846,125986,332780,265734,650,63983,2413,332780,-818935765,-2129840,235543195,585522410,0,439255280,957660,538339110,596926970,1575479020,1258191045,3087500,302795915,11404560,1575479020
2024-05-09,4765,4825,4760,4820,271975,1.2605042016806722,-160489,29684,74720,56085,0,37519,29684,142282,62496,271981,198008,0,67562,6411,271981,-769141580,142729335,357486275,268925970,0,179580735,142729335,681431905,299583890,1303325865,948722315,0,323945630,30657920,1303325865
