날짜,시가,고가,저가,종가,거래량,등락률,기관합계_거래량_순매수,기타법인_거래량_순매수,개인_거래량_순매수,외국인합계_거래량_순매수,전체_거래량_순매수,기관합계_거래량_매수,기타법인_거래량_매수,개인_거래량_매수,외국인합계_거래량_매수,전체_거래량_매수,기관합계_거래량_매도,기타법인_거래량_매도,개인_거래량_매도,외국인합계_거래량_매도,전체_거래량_매도,기관합계_거래대금_순매수,기타법인_거래대금_순매수,개인_거래대금_순매수,외국인합계_거래대금_순매수,전체_거래대금_순매수,기관합계_거래대금_매수,기타법인_거래대금_매수,개인_거래대금_매수,외국인합계_거래대금_매수,전체_거래대금_매수,기관합계_거래대금_매도,기타법인_거래대금_매도,개인_거래대금_매도,외국인합계_거래대금_매도,전체_거래대금_매도
2020-12-23,4889,5233,4722,5106,10846445,,-414787,247220,-1592190,1759757,0,228308,259530,6041757,4140615,10670210,643095,12310,7633947,2380858,10670210,-2089979120,1235867170,-8075043095,8929155045,0,1134215260,1298219820,30415241515,20851412210,53699088805,3224194380,62352650,38490284610,11922257165,53699088805
2020-12-24,5174,5194,4987,5125,2341173,0.3721112416764591,24503,-29075,-756354,760926,0,151460,105,1131970,1019598,2303133,126957,29180,1888324,258672,2303133,131805870,-152212800,-3945966690,3966373620,0,789813440,535000,5895391310,5318043830,12003783580,658007570,152747800,9841358000,1351670210,12003783580
2020-12-28,5164,5164,4987,5037,1398908,-1.7170731707317075,29882,-14088,-440888,425094,0,38799,26022,680791,630566,1376178,8917,40110,1121679,205472,1376178,152544840,-70811540,-2255756120,2174022820,0,198415050,133490560,3481539800,3224740480,7038185890,45870210,204302100,5737295920,1050717660,7038185890
2020-12-29,5017,5026,4958,4997,777524,-0.7941234862021045,39442,2039,-91168,49687,0,40492,2039,311459,410901,764891,1050,0,402627,361214,764891,200327840,10357730,-462845540,252159970,0,205661840,10357730,1580689510,2085047520,3881756600,5334000,0,2043535050,1832887550,3881756600
2020-12-30,4997,5007,4958,4988,417231,-0.18010806483890335,17217,4339,-62493,40937,0,18618,4339,245143,142352,410452,1401,0,307636,101415,410452,87225100,21952730,-316383010,207205180,0,94328160,21952730,1241240060,720865780,2078386730,7103060,0,1557623070,513660600,2078386730
2021-01-04,4997,5194,4987,5165,2217333,3.5485164394546915,167479,-30717,-559638,422876,0,1021586,47,514739,644933,2181305,854107,30764,1074377,222057,2181305,865779980,-160553850,-2905032990,2199806860,0,5125153800,247690,2687379010,3358697910,11171478410,4259373820,160801540,5592412000,1158891050,11171478410
2021-01-05,5184,5194,5076,5145,540387,-0.3872216844143272,96276,1038,-12132,-85182,0,180815,1038,300426,49328,531607,84539,0,312558,134510,531607,501429560,5388360,-62521780,-444296140,0,941212990,5388360,1562628080,255704350,2764933780,439783430,0,1625149860,700000490,2764933780
2021-01-06,5154,5164,5085,5145,403451,0.0,169143,3664,-178347,5540,0,201005,3664,127947,64280,396896,31862,0,306294,58740,396896,880433780,19174720,-927866420,28257920,0,1046282250,19174720,665263460,333809950,2064530380,165848470,0,1593129880,305552030,2064530380
2021-01-07,5145,5164,5066,5106,445623,-0.7580174927113703,-17437,1246,-48652,64843,0,161622,1246,178621,96893,438382,179059,0,227273,32050,438382,-88913270,6483200,-254476180,336906250,0,842091460,6483200,927883150,503660340,2280118150,931004730,0,1182359330,166754090,2280118150
2021-01-08,5105,5154,5046,5096,439212,-0.19584802193497847,88049,-4000,-133692,49643,0,157907,0,183380,90789,432076,69858,4000,317072,41146,432076,457460600,-20840000,-693634720,257014120,0,820096130,0,950355490,469086360,2239537980,362635530,20840000,1643990210,212072240,2239537980
2021-01-11,5095,5115,5026,5066,542604,-0.5886970172684459,242705,-6328,-161845,-74532,0,245300,1000,268314,19174,533788,2595,7328,430159,93706,533788,1254124350,-32698120,-836517880,-384908350,0,1267508640,5160000,1380498970,98806970,2751974580,13384290,37858120,2217016850,483715320,2751974580
2021-01-12,5066,5145,5007,5145,736922,1.5594157125937624,242588,-138118,-87356,-17114,0,354080,600,289447,80821,724948,111492,138718,376803,97935,724948,1268251120,-717308070,-460481810,-90461240,0,1841208110,3060000,1500450630,416489060,3761207800,572956990,720368070,1960932440,506950300,3761207800
2021-01-13,5154,5164,5076,5145,560175,0.0,352998,-1200,-179761,-172037,0,354080,0,113452,83541,551073,1082,1200,293213,255578,551073,1847703430,-6287000,-941967050,-899449380,0,1853362500,0,591192390,436438950,2880993840,5659070,6287000,1533159440,1335888330,2880993840
2021-01-14,5154,5194,5085,5125,617097,-0.3887269193391642,348103,0,-89628,-258475,0,389987,0,141193,75890,607070,41884,0,230821,334365,607070,1820451500,0,-469078190,-1351373310,0,2038808400,0,736515100,395389680,3170713180,218356900,0,1205593290,1746762990,3170713180
2021-01-15,5095,5194,5095,5184,490321,1.1512195121951219,316371,-95,-243919,-72357,0,327330,0,134307,20717,482354,10959,95,378226,93074,482354,1659732690,-497800,-1280694470,-378540420,0,1717175640,0,704727690,108965370,2530868700,57442950,497800,1985422160,487505790,2530868700
2021-01-18,5135,5213,5135,5194,667711,0.19290123456790123,436619,-131,-189302,-247186,0,449768,0,155634,51460,656862,13149,131,344936,298646,656862,2301532550,-692370,-999895750,-1300944430,0,2370556350,0,817293490,270323390,3458173230,69023800,692370,1817189240,1571267820,3458173230
2021-01-19,5204,5233,5135,5224,441539,0.5775895263765883,263522,-56,-106826,-156640,0,300835,144,132824,562,434365,37313,200,239650,157202,434365,1393870630,-300620,-566952910,-826617100,0,1590725750,757380,700504010,2950500,2294937640,196855120,1058000,1267456920,829567600,2294937640
2021-01-20,5223,5243,5174,5214,349170,-0.19142419601837674,154605,-200,-120696,-33709,0,155179,0,114761,73557,343497,574,200,235457,107266,343497,819945780,-1060000,-640099060,-178786720,0,822988560,0,608952310,389704340,1821645210,3042780,1060000,1249051370,568491060,1821645210
2021-01-21,5213,5243,5184,5194,265841,-0.38358266206367475,96559,400,-27528,-69431,0,135609,500,114289,11124,261522,39050,100,141817,80555,261522,513098480,2119500,-146716820,-368501160,0,720746140,2650000,605810020,59154490,1388360650,207647660,530500,752526840,427655650,1388360650
2021-01-22,5194,5223,5164,5204,214371,0.19252984212552945,73096,0,-95250,22154,0,76463,0,77536,56889,210888,3367,0,172786,34735,210888,386478120,0,-503135820,116657700,0,404315210,0,409295560,299937900,1113548670,17837090,0,912431380,183280200,1113548670
2021-01-25,5194,5233,5174,5214,253597,0.1921598770176787,115714,-500,-86988,-28226,0,151422,100,91824,6131,249477,35708,600,178812,34357,249477,614464080,-2659000,-462130730,-149674350,0,803949400,527000,486513790,32443200,1323433390,189485320,3186000,948644520,182117550,1323433390
2021-01-26,5223,5322,5204,5312,515309,1.8795550441120061,167426,8936,-138390,-37972,0,254855,10000,215333,26748,506936,87429,1064,353723,64720,506936,891770020,47666500,-736746250,-202690270,0,1361561370,53410000,1152770860,143197680,2710939910,469791350,5743500,1889517110,345887950,2710939910
2021-01-27,5341,5518,5302,5440,786994,2.4096385542168677,67440,39360,-56782,-50018,0,167304,39460,500286,67157,774207,99864,100,557068,117175,774207,372473750,215939840,-312796130,-275617460,0,922783830,216493840,2761442810,369687370,4270407850,550310080,554000,3074238940,645304830,4270407850
2021-01-28,5410,5548,5331,5489,468751,0.900735294117647,14423,182640,-102299,-94764,0,81760,182740,176038,20597,461135,67337,100,278337,115361,461135,78864350,1016426980,-567644000,-527647330,0,454399620,1016989980,978046580,113791940,2563228120,375535270,563000,1545690580,641439270,2563228120
2021-01-29,5548,5548,5243,5283,527114,-3.75296046638732,-65353,9150,59242,-3039,0,68905,9150,394842,45652,518549,134258,0,335600,48691,518549,-350024560,50114500,318207990,-18297930,0,375602660,50114500,2150533350,248295190,2824545700,725627220,0,1832325360,266593120,2824545700
2021-02-01,5331,5430,5263,5420,342197,2.5932235472269545,107801,3420,-129341,18120,0,174688,3520,84194,74235,336637,66887,100,213535,56115,336637,591449920,18823950,-707739990,97466120,0,960132250,19375950,459148100,405790530,1844446830,368682330,552000,1166888090,308324410,1844446830
2021-02-02,5509,5607,5459,5607,527663,3.450184501845018,93862,1082,-75283,-19661,0,150750,1305,234037,132997,519089,56888,223,309320,152658,519089,530333790,6138360,-425000340,-111471810,0,853442020,7397850,1322305020,752263440,2935408330,323108230,1259490,1747305360,863735250,2935408330
2021-02-03,5627,5735,5548,5568,356792,-0.6955591225254146,42404,4370,62927,-109701,0,56466,4370,262680,27479,350995,14062,0,199753,137180,350995,239675350,25188060,359108160,-623971570,0,320862990,25188060,1502275280,157519080,2005845410,81187640,0,1143167120,781490650,2005845410
2021-02-04,5548,5676,5548,5657,281086,1.598419540229885,66512,2549,-2962,-66099,0,106339,2579,142275,25326,276519,39827,30,145237,91425,276519,381660680,14651210,-16043470,-380268420,0,610454470,14822510,817135570,145143100,1587555650,228793790,171300,833179040,525411520,1587555650
2021-02-05,5705,5725,5666,5725,359667,1.2020505568322433,22528,30498,61799,-114825,0,124156,30498,177550,21619,353823,101628,0,115751,136444,353823,130855350,176336550,356917140,-664109040,0,718352810,176336550,1027313660,125214380,2047217400,587497460,0,670396520,789323420,2047217400
2021-02-08,5745,5892,5577,5657,678465,-1.1877729257641922,19447,7063,144843,-171353,0,122485,7063,495317,42576,667441,103038,0,350474,213929,667441,115976480,41026720,838885290,-995888490,0,715316090,41026720,2889817980,251409870,3897570660,599339610,0,2050932690,1247298360,3897570660
2021-02-09,5754,5774,5656,5755,261361,1.7323669789641152,27364,9408,-86779,50007,0,67321,11408,116425,61960,257114,39957,2000,203204,11953,257114,158847350,54572440,-504640090,291220300,0,392505410,66202440,677775090,361013550,1497496490,233658060,11630000,1182415180,69793250,1497496490
2021-02-10,5764,5784,5715,5775,237069,0.3475238922675934,42156,2190,51474,-95820,0,56484,2190,163977,10566,233217,14328,0,112503,106386,233217,246345410,12794450,300898550,-560038410,0,330117450,12794450,958332040,61738030,1362981970,83772040,0,657433490,621776440,1362981970
2021-02-15,6197,6207,5853,5942,2018336,2.891774891774892,-562370,502,595193,-33325,0,164910,4907,1726125,89600,1985542,727280,4405,1130932,122925,1985542,-3401076250,2725300,3610744580,-212393630,0,990182330,29415910,10443391090,541976910,12004966240,4391258580,26690610,6832646510,754370540,12004966240
2021-02-16,6050,6079,5784,5942,1619109,0.0,26777,4710,53774,-85261,0,208505,4713,1342143,37440,1592801,181728,3,1288369,122701,1592801,153579230,28212680,334903680,-516695590,0,1259419890,28231130,8140026040,227293670,9654970730,1105840660,18450,7805122360,743989260,9654970730
2021-02-17,5991,6099,5863,5903,1420547,-0.6563446650959273,-171553,810,372525,-201782,0,86363,1610,1182419,127074,1397466,257916,800,809894,328856,1397466,-1059800030,4925950,2267230220,-1212356140,0,521809120,9795950,7200036930,778901350,8510543350,1581609150,4870000,4932806710,1991257490,8510543350
2021-02-18,6000,6030,5794,5893,713582,-0.1694053870913095,124167,2343,-10018,-116492,0,144783,2343,533348,21514,701988,20616,0,543366,138006,701988,743519410,14034570,-54010280,-703543700,0,867316890,14034570,3207975280,128889760,4218216500,123797480,0,3261985560,832433460,4218216500
2021-02-19,5892,5902,5617,5814,609621,-1.3405735618530459,-74871,-1523,-508,76902,0,94634,1547,396732,106803,599716,169505,3070,397240,29901,599716,-432806710,-8809210,-6693450,448309370,0,554995380,9143190,2322725790,624262980,3511127340,987802090,17952400,2329419240,175953610,3511127340
2021-02-22,5902,5951,5784,5794,562065,-0.3439972480220158,-25306,4639,-28433,49100,0,21766,10139,383138,137889,552932,47072,5500,411571,88789,552932,-149874030,27519990,-165480150,287834190,0,129174530,59994890,2286063710,820743360,3295976490,279048560,32474900,2451543860,532909170,3295976490
2021-02-23,5794,5872,5686,5706,356769,-1.5188125647221262,-3640,-37091,14454,26277,0,52167,1409,237750,59646,350972,55807,38500,223296,33369,350972,-21510740,-215002090,81816230,154696600,0,304042400,8313780,1387349580,349809580,2049515340,325553140,223315870,1305533350,195112980,2049515340
2021-02-24,5656,5656,5390,5470,1047938,-4.135997195934104,101797,-225818,228516,-104495,0,160909,6333,601818,261851,1030911,59112,232151,373302,366346,1030911,567458280,-1255536430,1275429050,-587350900,0,896091300,35309000,3355489830,1454963490,5741853620,328633020,1290845430,2080060780,2042314390,5741853620
2021-02-25,5518,5646,5459,5627,386995,2.870201096892139,90838,51176,-85087,-56927,0,98559,53176,179426,49546,380707,7721,2000,264513,106473,380707,515204220,288901680,-482514850,-321591050,0,559012210,300231680,1013511370,280407740,2153163000,43807990,11330000,1496026220,601998790,2153163000
2021-02-26,5459,5666,5459,5627,408403,0.0,68523,4246,-84045,11276,0,78051,4246,168726,150744,401767,9528,0,252771,139468,401767,389481650,23934560,-476397860,62981650,0,443615680,23934560,954001830,854193310,2275745380,54134030,0,1430399690,791211660,2275745380
2021-03-02,5804,5804,5705,5735,319037,1.9193175759729872,-21322,85,51173,-29936,0,31923,85,273081,8764,313853,53245,0,221908,38700,313853,-123679210,497250,297628070,-174446110,0,186133320,497250,1593456540,51201380,1831288490,309812530,0,1295828470,225647490,1831288490
2021-03-03,5804,5813,5705,5716,483756,-0.33129904097646035,34000,0,118921,-152921,0,100733,2234,357044,15885,475896,66733,2234,238123,168806,475896,197546770,86500,694433570,-892066840,0,588175570,13100760,2086676720,92666730,2780619780,390628800,13014260,1392243150,984733570,2780619780
2021-03-04,5745,5853,5617,5745,525168,0.5073477956613016,98758,0,36868,-135626,0,144562,0,251780,120293,516635,45804,0,214912,255919,516635,577722260,0,217706160,-795428420,0,847888470,0,1477464280,704467610,3029820360,270166210,0,1259758120,1499896030,3029820360
2021-03-05,5754,5784,5715,5745,307683,0.0,5810,0,57586,-63396,0,35256,0,183507,83921,302684,29446,0,125921,147317,302684,34069170,0,336301150,-370370320,0,206036060,0,1071540630,490291450,1767868140,171966890,0,735239480,860661770,1767868140
2021-03-08,5804,5863,5715,5784,681914,0.6788511749347258,-10053,43,-17810,27820,0,13503,43,181660,475628,670834,23556,0,199470,447808,670834,-59217870,253710,-105760640,164724800,0,79778920,253710,1075103330,2816098525,3971234485,138996790,0,1180863970,2651373725,3971234485
2021-03-09,5784,5823,5656,5676,359488,-1.8672199170124482,45600,1062,120883,-167545,0,52896,1062,243264,56425,353647,7296,0,122381,223970,353647,263806190,6153600,697955360,-967915150,0,305942600,6153600,1406781230,326607980,2045485410,42136410,0,708825870,1294523130,2045485410
2021-03-10,5715,5745,5676,5735,137378,1.0394644115574347,12471,0,4582,-17053,0,24329,0,98053,12764,135146,11858,0,93471,29817,135146,72475010,0,26519270,-98994280,0,141337630,0,569498980,74229130,785065740,68862620,0,542979710,173223410,785065740
2021-03-11,5754,5764,5646,5716,301093,-0.33129904097646035,31299,4272,-7414,-28157,0,47246,4272,129968,114715,296201,15947,0,137382,142872,296201,182602330,24684560,-43238000,-164048890,0,275139940,24684560,754047090,665408435,1719280025,92537610,0,797285090,829457325,1719280025
2021-03-12,5833,5863,5705,5745,829699,0.5073477956613016,38942,4500,83991,-127433,0,129352,8501,540617,137748,816218,90410,4001,456626,265181,816218,229970730,26333370,492887130,-749191230,0,758001300,49832040,3173292090,807780210,4788905640,528030570,23498670,2680404960,1556971440,4788905640
2021-03-15,5784,5784,5715,5725,343791,-0.34812880765883375,-25636,0,1109,24527,0,102107,0,183187,52911,338205,127743,0,182078,28384,338205,-149040630,0,6480760,142559870,0,595012310,0,1068968480,308728160,1972708950,744052940,0,1062487720,166168290,1972708950
2021-03-16,5764,5764,5676,5725,322066,0.0,-61721,5100,9447,47174,0,104048,5100,146079,61606,316833,165769,0,136632,14432,316833,-357578170,29479000,54600050,273499120,0,602735890,29479000,846404860,357165510,1835785260,960314060,0,791804810,83666390,1835785260
2021-03-17,5745,5774,5676,5735,151573,0.17467248908296942,43437,0,-39617,-3820,0,51866,0,81615,15629,149110,8429,0,121232,19449,149110,252341690,0,-230020670,-22321020,0,301156440,0,473307350,90719340,865183130,48814750,0,703328020,113040360,865183130
2021-03-18,5715,5735,5695,5735,222401,0.0,-50545,10000,-34547,75092,0,42820,10000,82121,83846,218787,93365,0,116668,8754,218787,-293812400,58100000,-201123050,436835450,0,248575370,58100000,477029400,487651780,1271356550,542387770,0,678152450,50816330,1271356550
2021-03-19,5735,5794,5686,5765,679232,0.5231037489102005,17742,1804,-69314,49768,0,57888,1804,89188,519316,668196,40146,0,158502,469548,668196,103391250,10501400,-404330070,290437420,0,337773030,10501400,521326100,3038300940,3907901470,234381780,0,925656170,2747863520,3907901470
2021-03-22,5764,5853,5735,5784,217625,0.3295750216825672,11440,5,-71533,60088,0,39041,5,88164,86879,214089,27601,0,159697,26791,214089,67900580,29320,-422203810,354273910,0,230316290,29320,517965080,511498260,1259808950,162415710,0,940168890,157224350,1259808950
2021-03-23,5833,5833,5764,5804,195769,0.3457814661134163,24418,-542,-60453,36577,0,81718,58,57364,53448,192588,57300,600,117817,16871,192588,144199780,-3202450,-356664490,215667160,0,481185250,343550,337680100,315117280,1134326180,336985470,3546000,694344590,99450120,1134326180
2021-03-24,5794,5902,5774,5873,360012,1.1888352860096485,-47334,-5900,-78304,131538,0,58316,100,142270,153476,354162,105650,6000,220574,21938,354162,-282866220,-35195600,-466764830,784826650,0,347365020,597900,849099880,915709480,2112772280,630231240,35793500,1315864710,130882830,2112772280
2021-03-25,5902,5951,5833,5883,280908,0.17027073046143368,11488,-4900,-25159,18571,0,70532,100,129264,76448,276344,59044,5000,154423,57877,276344,69260000,-29364500,-152987600,113092100,0,421966890,598000,774368700,458881490,1655815080,352706890,29962500,927356300,345789390,1655815080
2021-03-26,5912,6000,5863,5962,553716,1.3428522862485126,191106,-39863,-159334,8091,0,279408,14637,97730,152944,544719,88302,54500,257064,144853,544719,1156485440,-241726250,-963066890,48307700,0,1691916660,88457750,590830650,925468460,3296673520,535431220,330184000,1553897540,877160760,3296673520
2021-03-29,5981,6040,5981,5991,381881,0.48641395504864143,-40438,-692,-25384,66514,0,124451,3308,143163,104754,375676,164889,4000,168547,38240,375676,-246668210,-4259780,-155739430,406667420,0,760270750,20188220,874852330,640486390,2295797690,1006938960,24448000,1030591760,233818970,2295797690
2021-03-30,6020,6020,5971,5971,232421,-0.33383408446002333,-29336,1309,-35030,63057,0,47853,3309,68198,109285,228645,77189,2000,103228,46228,228645,-178475390,7968720,-213464360,383971030,0,291111430,20128720,414969340,665442210,1391651700,469586820,12160000,628433700,281471180,1391651700
2021-03-31,5971,5991,5892,5932,291209,-0.6531569251381678,12000,6217,-40182,21965,0,78840,8116,98030,101491,286477,66840,1899,138212,79526,286477,72703410,37580530,-243065720,132781780,0,475146630,49019530,590524590,612356590,1727047340,402443220,11439000,833590310,479574810,1727047340
2021-04-01,5932,6000,5922,5962,192478,0.5057316250842886,34858,3633,-57655,19164,0,68281,3633,64785,52652,189351,33423,0,122440,33488,189351,211447840,22016930,-350080370,116615600,0,414310960,22016930,392243790,319678370,1148250050,202863120,0,742324160,203062770,1148250050
2021-04-02,5971,5991,5941,5991,266550,0.48641395504864143,26949,1648,-65053,36456,0,132449,1648,69280,58842,262219,105500,0,134333,22386,262219,163711090,10019710,-395115090,221384290,0,804411650,10019710,420337210,357075650,1591844220,640700560,0,815452300,135691360,1591844220
2021-04-05,6040,6040,5961,6011,158230,0.33383408446002333,38604,201,-33667,-5138,0,63609,5815,79932,6303,155659,25005,5614,113599,11441,155659,235431050,1207950,-205109490,-31529510,0,388145220,35453350,487535320,38306150,949440040,152714170,34245400,692644810,69835660,949440040
2021-04-06,5991,6000,5941,6001,214941,-0.16636167027116952,41678,-10762,-47908,16992,0,68934,1739,118219,22557,211449,27256,12501,166127,5565,211449,252873200,-65532440,-290607220,103266460,0,418332040,10587070,717941680,137100130,1283960920,165458840,76119510,1008548900,33833670,1283960920
2021-04-07,6020,6020,5932,6001,211516,0.0,36316,1655,-58899,20928,0,86153,1655,68099,52172,208079,49837,0,126998,31244,208079,221535960,10095350,-358432250,126800940,0,524510360,10095350,414420090,317034630,1266060430,302974400,0,772852340,190233690,1266060430
2021-04-08,6000,6020,5932,5962,226416,-0.6498916847192134,722,1654,41732,-44108,0,64186,1654,100761,56136,222737,63464,0,59029,100244,222737,4649170,10023180,252295070,-266967420,0,388310400,10023180,609742290,339993195,1348069065,383661230,0,357447220,606960615,1348069065
2021-04-09,5961,6050,5961,6021,340282,0.9896008050989601,32984,33493,-71251,4774,0,147313,50993,63324,73123,334753,114329,17500,134575,68349,334753,201576580,204848380,-435756520,29331560,0,900556110,311783380,386340150,447558170,2046237810,698979530,106935000,822096670,418226610,2046237810
2021-04-12,6020,6040,6000,6011,313558,-0.16608536787908987,137109,-33277,61756,-165588,0,157842,1723,146054,2844,308463,20733,35000,84298,168432,308463,839194370,-203840030,378241710,-1013596050,0,966185130,10529970,894241220,17430070,1888386390,126990760,214370000,515999510,1031026120,1888386390
2021-04-13,6010,6099,6010,6060,196911,0.8151721843287307,41224,1634,-52104,9246,0,69925,1634,69114,53039,193712,28701,0,121218,43793,193712,254346620,10081730,-321250460,56822110,0,431380230,10081730,426459090,327131230,1195052280,177033610,0,747709550,270309120,1195052280
2021-04-14,6079,6158,6069,6158,397544,1.6171617161716172,141054,1601,-9590,-133065,0,191644,1601,114157,83683,391085,50590,0,123747,216748,391085,875579450,9926180,-58881470,-826624160,0,1190342650,9926180,709642190,519496770,2429407790,314763200,0,768523660,1346120930,2429407790
2021-04-15,6158,6168,6109,6129,268153,-0.47093212081844754,37628,2006,7888,-47522,0,102314,2006,70805,88671,263796,64686,0,62917,136193,263796,234902310,12497370,49052860,-296452540,0,638344000,12497370,441264760,553134630,1645240760,403441690,0,392211900,849587170,1645240760
2021-04-16,6148,6177,6109,6158,152396,0.4731603850546582,20633,2002,-11064,-11571,0,44156,2002,61949,41813,149920,23523,0,73013,53384,149920,129015250,12452430,-68992820,-72474860,0,275709120,12452430,387103690,261243830,936509070,146693870,0,456096510,333718690,936509070
2021-04-19,6177,6217,6158,6178,303067,0.3247807729782397,115585,81,40492,-156158,0,136506,81,130751,30805,298143,20921,0,90259,186963,298143,726165780,507870,253698740,-980372390,0,857684090,507870,821357270,194003110,1873552340,131518310,0,567658530,1174375500,1873552340
2021-04-20,6197,6197,6177,6198,241090,0.32372936225315635,62786,2,32793,-95581,0,120609,2,84489,32073,237173,57823,0,51696,127654,237173,395000680,12570,206289180,-601302430,0,758845430,12570,531636420,201844150,1492338570,363844750,0,325347240,803146580,1492338570
2021-04-21,6197,6207,6158,6207,230438,0.14520813165537272,8360,2,42941,-51303,0,78456,2,140727,7509,226694,70096,0,97786,58812,226694,52755430,12590,270106990,-322875010,0,493904670,12590,885280640,47272690,1426470590,441149240,0,615173650,370147700,1426470590
2021-04-22,6207,6246,6197,6217,363191,0.16110842597067826,110039,10,102389,-212438,0,157634,10,184208,15438,357290,47595,0,81819,227876,357290,695710690,63360,647001280,-1342775330,0,997018980,63360,1164886960,97658310,2259627610,301308290,0,517885680,1440433640,2259627610
2021-04-23,6236,6374,6187,6237,570475,0.32169856844137046,96518,1225,72142,-169885,0,213042,1225,261185,85754,561206,116524,0,189043,255639,561206,609201260,7766500,459510490,-1076478250,0,1351462590,7766500,1663470610,545154270,3567853970,742261330,0,1203960120,1621632520,3567853970
2021-04-26,6236,6335,6236,6316,375902,1.2666345999679334,9192,155,92732,-102079,0,90679,155,202058,76902,369794,81487,0,109326,178981,369794,58648690,994320,595119760,-654762770,0,580080700,994320,1293552830,491900590,2366528440,521432010,0,698433070,1146663360,2366528440
2021-04-27,6325,6355,6286,6335,279169,0.30082330588980366,39665,-5923,41936,-75678,0,111937,77,108191,54428,274633,72272,6000,66255,130106,274633,255029710,-38111080,270191430,-487110060,0,720614020,495880,696466840,350427040,1768003780,465584310,38606960,426275410,837537100,1768003780
2021-04-28,6345,6374,6286,6375,245044,0.6314127861089187,75708,40,12217,-87965,0,116546,40,97272,27204,241062,40838,0,85055,115169,241062,488923360,258100,79453050,-568634510,0,752447060,258100,628261940,175327170,1556294270,263523700,0,548808890,743961680,1556294270
2021-04-29,6335,6384,6335,6345,336559,-0.4705882352941176,69902,7310,10217,-87429,0,168054,7310,113453,42274,331091,98152,0,103236,129703,331091,452718880,47222700,65915340,-565856920,0,1087373510,47222700,733585740,273539130,2141721080,634654630,0,667670400,839396050,2141721080
2021-04-30,6345,6394,6335,6355,322382,0.15760441292356187,58501,4427,-64,-62864,0,124122,4428,96507,92087,317144,65621,1,96571,154951,317144,378565940,28669840,-964080,-406271700,0,802813020,28676300,624362420,595821770,2051673510,424247080,6460,625326500,1002093470,2051673510
2021-05-03,6384,6414,6355,6394,284720,0.6136900078678206,18435,-66,12191,-30560,0,103012,20,122719,54343,280094,84577,86,110528,84903,280094,119913830,-428800,79216420,-198701450,0,669221500,130200,797229430,353406510,1819987640,549307670,559000,718013010,552107960,1819987640
2021-05-04,6394,6414,6345,6404,269780,0.15639662183296843,87090,1767,-30737,-58120,0,103805,1826,98968,60798,265397,16715,59,129705,118918,265397,565768870,11468420,-199305490,-377931800,0,674411330,11850740,642927390,395136990,1724326450,108642460,382320,842232880,773068790,1724326450
2021-05-06,6404,6512,6394,6503,362660,1.5459088069956277,1102,3506,30404,-35012,0,108647,3506,131247,113367,356767,107545,0,100843,148379,356767,7323590,23136660,200508700,-230968950,0,715699870,23136660,864217900,745268260,2348322690,708376280,0,663709200,976237210,2348322690
2021-05-07,6512,6532,6473,6503,249555,0.0,67217,2632,59167,-129016,0,95579,2632,120096,27193,245500,28362,0,60929,156209,245500,443406280,17370920,390474410,-851251610,0,630535290,17370920,792501500,179460260,1619867970,187129010,0,402027090,1030711870,1619867970
2021-05-10,6522,6581,6492,6562,410831,0.90727356604644,-15588,4672,69230,-58314,0,107289,4672,158010,134185,404156,122877,0,88780,192499,404156,-103951430,31041340,459072450,-386162360,0,713453460,31041340,1049063610,893131280,2686689690,817404890,0,589991160,1279293640,2686689690
2021-05-11,6561,6600,6512,6601,450329,0.5943309966473637,4521,2330,81544,-88395,0,128208,2330,173249,139225,443012,123687,0,91705,227620,443012,29411460,15525600,542760040,-587697100,0,853026350,15525600,1153795680,927316310,2949663940,823614890,0,611035640,1515013410,2949663940
2021-05-12,6600,6679,6600,6680,411090,1.196788365399182,10237,4433,66308,-80978,0,77269,4433,176249,146460,404411,67032,0,109941,227438,404411,69241880,30018060,448119080,-547379020,0,522905210,30018060,1191658030,990928390,2735509690,453663330,0,743538950,1538307410,2735509690
2021-05-13,6738,6758,6620,6640,504509,-0.5988023952095809,102686,3558,84371,-190615,0,177607,3558,212857,102290,496312,74921,0,128486,292905,496312,696374420,24184990,574254010,-1294813420,0,1206332290,24184990,1447158360,696273960,3373949600,509957870,0,872904350,1991087380,3373949600
2021-05-14,6640,6669,6374,6404,782153,-3.5542168674698797,55802,-7912,129525,-177415,0,226503,23580,424267,95094,769444,170701,31492,294742,272509,769444,379637700,-54771680,843491570,-1168357590,0,1493012150,153554000,2783427990,621814320,5051808460,1113374450,208325680,1939936420,1790171910,5051808460
2021-05-17,6414,6482,6207,6266,482544,-2.1549031855090566,59784,22523,-39504,-42803,0,132638,23013,226651,92402,474704,72854,490,266155,135205,474704,383640860,144985420,-251235310,-277390970,0,851071710,148199950,1459498130,599329490,3058099280,467430850,3214530,1710733440,876720460,3058099280
2021-05-18,6276,6443,6276,6394,285766,2.042770507500798,62778,-21235,13,-41556,0,114667,20504,88833,57119,281123,51889,41739,88820,98675,281123,408588110,-138063930,185830,-270710010,0,745078610,133275980,576139220,370101060,1824594870,336490500,271339910,575953390,640811070,1824594870
2021-05-20,6463,6463,6305,6345,331828,-0.7663434469815452,38452,-21731,76971,-93692,0,123873,2540,124038,75985,326436,85421,24271,47067,169677,326436,250206070,-139591860,495459430,-606073640,0,799640380,16307190,799419980,490588250,2105955800,549434310,155899050,303960550,1096661890,2105955800
2021-05-21,6384,6404,6325,6375,266496,0.4728132387706856,-14108,5560,37709,-29161,0,66828,5560,82364,107414,262166,80936,0,44655,136575,262166,-91028670,35861220,243312110,-188144660,0,432106160,35861220,532549300,694830715,1695347395,523134830,0,289237190,882975375,1695347395
2021-05-24,6404,6423,6286,6385,323872,0.1568627450980392,31016,4,-41294,10274,0,82308,4,57383,178915,318610,51292,0,98677,168641,318610,200989070,25980,-267731560,66716510,0,534211230,25980,372051150,1161837680,2068126040,333222160,0,639782710,1095121170,2068126040
2021-05-25,6414,6600,6394,6581,638547,3.0696945967110416,-11577,472,-102736,113841,0,59109,502,125457,443104,628172,70686,30,228193,329263,628172,-76431610,3152580,-682439660,755718690,0,393526230,3348180,834615910,2946108800,4177599120,469957840,195600,1517055570,2190390110,4177599120
2021-05-26,6581,6620,6453,6562,350628,-0.2887099225041787,-10623,26,-23422,34019,0,61366,26,91392,192147,344931,71989,0,114814,158128,344931,-70052100,173390,-157756750,227635460,0,409532780,173390,608976930,1282919590,2301602690,479584880,0,766733680,1055284130,2301602690
2021-05-27,6591,6610,6522,6532,1116133,-0.45717768972874123,178095,10,-100888,-77217,0,239390,10,108597,750001,1097998,61295,0,209485,827218,1097998,1189771730,66700,-676017270,-513821160,0,1599874640,66700,725827360,4989293460,7315062160,410102910,0,1401844630,5503114620,7315062160
2021-05-28,6473,6551,6473,6542,220899,0.15309246785058175,80040,-340,-84193,4493,0,116088,303,73373,27546,217310,36048,643,157566,23053,217310,531076460,-2237910,-558656200,29817650,0,770260110,2005890,486077830,182449340,1440793170,239183650,4243800,1044734030,152631690,1440793170
2021-05-31,6502,6541,6453,6503,349224,-0.5961479669825741,167236,-25000,-48602,-93634,0,200642,0,98989,43919,343550,33406,25000,147591,137553,343550,1104381210,-164990000,-321552610,-617838600,0,1325584100,0,652883270,290206640,2268674010,221202890,164990000,974435880,908045240,2268674010
2021-06-01,6482,6728,6414,6680,476535,2.7218206981393203,240402,1773,-238639,-3536,0,303574,1773,112498,50947,468792,63172,0,351137,54483,468792,1616561730,11912680,-1599991280,-28483130,0,2042357610,11912680,755860330,339852190,3149982810,425795880,0,2355851610,368335320,3149982810
2021-06-02,6709,6837,6699,6837,271590,2.3502994011976046,107383,16712,-62192,-61903,0,152082,16712,63323,35060,267177,44699,0,125515,96963,267177,739048720,115157010,-428474580,-425731150,0,1046827650,115157010,435634800,242160790,1839780250,307778930,0,864109380,667891940,1839780250
2021-06-03,6846,6984,6837,6985,275863,2.164692116425333,54451,-410,-62311,8270,0,94890,0,91898,84593,271381,40439,410,154209,76323,271381,383582250,-2886400,-439272130,58576280,0,668933750,0,647905700,596464290,1913303740,285351500,2886400,1087177830,537888010,1913303740
2021-06-04,7073,7073,6807,7054,400694,0.987831066571224,65877,44419,-25647,-84649,0,163577,45037,137485,48084,394183,97700,618,163132,132733,394183,462513960,315715540,-180807440,-597422060,0,1152224940,320063800,969418810,340027250,2781734800,689710980,4348260,1150226250,937449310,2781734800
2021-06-07,7043,7053,6876,7004,262505,-0.7088176920895946,18062,11761,-11825,-17998,0,46915,35200,105349,70776,258240,28853,23439,117174,88774,258240,129414880,83392590,-84612810,-128194660,0,333340970,250500220,745701960,501849770,1831392920,203926090,167107630,830314770,630044430,1831392920
2021-06-08,6984,7102,6925,7103,191904,1.413478012564249,-55253,27723,-44788,72318,0,9981,30984,52626,95195,188786,65234,3261,97414,22877,188786,-393125090,199325280,-320612220,514412030,0,71137520,222523210,374623170,677941280,1346225180,464262610,23197930,695235390,163529250,1346225180
2021-06-09,7073,7338,7033,7211,433474,1.5204843024074335,131413,12721,-65697,-78437,0,214449,13821,116929,81232,426431,83036,1100,182626,159669,426431,973062140,93759640,-485437100,-581384680,0,1581354310,101685240,856535330,594362620,3133937500,608292170,7925600,1341972430,1175747300,3133937500
2021-06-10,7181,7230,7092,7181,508117,-0.4160310636527527,266762,-13913,-42838,-210011,0,365786,1587,85781,46707,499861,99024,15500,128619,256718,499861,1953059190,-101672450,-315510660,-1535876080,0,2677720910,11617550,625705810,341258470,3656302740,724661720,113290000,941216470,1877134550,3656302740
2021-06-11,7181,7378,7181,7319,1505898,1.9217379195098176,1010817,5888,-5791,-1010914,0,1183346,7888,192281,97915,1481430,172529,2000,198072,1108829,1481430,7499347310,43548960,-45719480,-7497176790,0,8779030470,58291760,1422810250,726733720,10986866200,1279683160,14742800,1468529730,8223910510,10986866200
2021-06-14,7319,7358,7230,7319,604475,0.0,92470,-19643,40945,-113772,0,230471,14248,135372,214562,594653,138001,33891,94427,328334,594653,686019020,-145553480,303896870,-844362410,0,1710199360,105698630,1005221490,1593484350,4414603830,1024180340,251252110,701324620,2437846760,4414603830
2021-06-15,7319,7378,7260,7349,469795,0.4098920617570706,-108459,18830,-11888,101517,0,97054,19446,108185,237477,462162,205513,616,120073,135960,462162,-804361230,140346320,-90800030,754814940,0,721149370,144932900,803394480,1765276940,3434753690,1525510600,4586580,894194510,1010462000,3434753690
2021-06-16,7378,7417,7309,7408,469375,0.8028303170499388,124660,5985,-84768,-45877,0,146248,7185,88092,220224,461749,21588,1200,172860,266101,461749,935885460,44880990,-634554190,-346212260,0,1098246590,53904990,661441860,1652755020,3466348460,162361130,9024000,1295996050,1998967280,3466348460
2021-06-17,7407,7761,7358,7663,550662,3.4422246220302375,-68223,-950,-34075,103248,0,68408,1200,180099,292008,541715,136631,2150,214174,188760,541715,-524785980,-7599000,-264057080,796442060,0,529001940,9220000,1387176780,2254926936,4180325656,1053787920,16819000,1651233860,1458484876,4180325656
2021-06-18,7476,9453,7358,7398,3850120,-3.458175649223542,-266459,-49101,72097,243463,0,188388,7523,1058860,2532792,3787563,454847,56624,986763,2289329,3787563,-2099091470,-407123940,629424450,1876790960,0,1462697370,59261590,8481033510,19223321940,29226314410,3561788840,466385530,7851609060,17346530980,29226314410
2021-06-21,7279,7279,6974,7103,796932,-3.9875642065423085,46635,24906,137680,-209221,0,140363,25000,452778,165842,783983,93728,94,315098,375063,783983,335720860,179626010,991419760,-1506766630,0,1011030200,180307150,3261156210,1196209460,5648703020,675309340,681140,2269736450,2702976090,5648703020
2021-06-22,7112,7328,7102,7250,336085,2.0695480782767848,-7519,-4921,-12131,24571,0,34201,1000,121717,173706,330624,41720,5921,133848,149135,330624,-55566010,-36489610,-89514770,181570390,0,253231480,7385000,901115020,1286361290,2448092790,308797490,43874610,990629790,1104790900,2448092790
2021-06-23,7142,7250,7102,7211,263109,-0.5379310344827587,5435,500,40292,-46227,0,79051,500,120852,58431,258834,73616,0,80560,104658,258834,39697180,3650000,294479570,-337826750,0,576558840,3650000,882289040,426719060,1889216940,536861660,0,587809470,764545810,1889216940
2021-06-24,7289,7506,7240,7358,320923,2.0385522118984882,-66116,1668,21191,43257,0,36639,1668,141134,136268,315709,102755,0,119943,93011,315709,-493304400,12428560,157257930,323617910,0,273449110,12428560,1054298560,1017367440,2357543670,766753510,0,897040630,693749530,2357543670
2021-06-25,7417,7506,7279,7339,252686,-0.25822234302799674,-61561,1200,31398,28963,0,44512,1200,101755,101113,248580,106073,0,70357,72150,248580,-460032190,8918630,234277010,216836550,0,333890900,8918630,762510850,760031740,1865352120,793923090,0,528233840,543195190,1865352120
2021-06-28,7338,7515,7319,7506,315552,2.2755143752554843,-48407,-1308,63480,-13765,0,22977,1042,170829,115577,310425,71384,2350,107349,129342,310425,-362239270,-9761000,476929140,-104928870,0,172363060,7817000,1283513860,867501250,2331195170,534602330,17578000,806584720,972430120,2331195170
2021-06-29,7506,7565,7397,7437,301158,-0.9192645883293364,-18180,521,67195,-49536,0,24113,633,137269,134250,296265,42293,112,70074,183786,296265,-137694300,3952760,508966860,-375225320,0,182518560,4801810,1040629970,1017576350,2245526690,320212860,849050,531663110,1392801670,2245526690
2021-06-30,7437,7447,7328,7417,233653,-0.2689256420599704,-735,-3601,41289,-36953,0,32086,0,97229,100542,229857,32821,3601,55940,137495,229857,-5146250,-27026940,308416400,-276243210,0,240210200,0,727925590,754000170,1722135960,245356450,27026940,419509190,1030243380,1722135960
2021-07-01,7378,7387,7269,7358,284444,-0.795469866522853,-70219,254,26590,43375,0,40031,254,117179,122358,279822,110250,0,90589,78983,279822,-522115610,1891960,197999920,322223730,0,297525160,1891960,871775110,909962010,2081154240,819640770,0,673775190,587738280,2081154240
2021-07-02,7358,7407,7240,7329,310112,-0.39412883935852133,2311,2609,-38284,33364,0,61799,2609,76484,164181,305073,59488,0,114768,130817,305073,15539120,19398960,-284177530,249239450,0,458930860,19398960,568635920,1222766890,2269732630,443391740,0,852813450,973527440,2269732630
2021-07-05,7328,7584,7328,7437,475888,1.4735980352026197,-90117,-20000,-33525,143642,0,64683,0,106804,296669,468156,154800,20000,140329,153027,468156,-684484140,-152954740,-257130660,1094569540,0,489986860,0,811754830,2258339390,3560081080,1174471000,152954740,1068885490,1163769850,3560081080
2021-07-06,7437,7515,7338,7388,292546,-0.6588678230469275,18949,672,18128,-37749,0,78458,672,78099,130564,287793,59509,0,59971,168313,287793,142590650,5046260,135877540,-283514450,0,588908990,5046260,586277630,980680590,2160913470,446318340,0,450400090,1264195040,2160913470
2021-07-07,7368,7476,7299,7467,249981,1.0693015701136979,-34397,-5974,-38211,78582,0,34292,26,59146,152455,245919,68689,6000,97357,73873,245919,-256884110,-44756040,-287024110,588664260,0,256858880,193960,441705960,1142094300,1840853100,513742990,44950000,728730070,553430040,1840853100
2021-07-08,7506,7604,7348,7516,244173,0.6562207044328379,-10119,3314,-40504,47309,0,51064,3314,76177,109651,240206,61183,0,116681,62342,240206,-76751110,25145120,-308762530,360368520,0,388537360,25145120,580409520,835215970,1829307970,465288470,0,889172050,474847450,1829307970
2021-07-09,7466,7545,7348,7526,267132,0.13304949441192124,-14121,-15836,-17881,47838,0,57953,1782,91548,111509,262792,72074,17618,109429,63671,262792,-104943190,-119338410,-136205820,360487420,0,437806840,13366920,688891630,841128960,1981194350,542750030,132705330,825097450,480641540,1981194350
2021-07-12,7525,7574,7456,7506,119067,-0.26574541589157585,-26500,0,23559,2941,0,31286,0,67235,18611,117132,57786,0,43676,15670,117132,-201266760,0,178930440,22336320,0,238038830,0,511609720,141742690,891391240,439305590,0,332679280,119406370,891391240
2021-07-13,7506,7545,7397,7417,146939,-1.1857180921929122,-20479,-4900,15399,9980,0,39539,100,73955,30958,144552,60018,5000,58556,20978,144552,-154715820,-36913130,116322150,75306800,0,298285830,753000,558205190,233651570,1090895590,453001650,37666130,441883040,158344770,1090895590
2021-07-14,7407,7417,7181,7191,522641,-3.047054064985843,-14437,-114448,197918,-69033,0,127199,732,350219,35999,514149,141636,115180,152301,105032,514149,-105197040,-847864170,1461263570,-508202360,0,939255190,5369200,2586112960,264851000,3795588350,1044452230,853233370,1124849390,773053360,3795588350
2021-07-15,7191,7368,7132,7349,272055,2.197190933110833,25729,-5963,-92604,72838,0,99002,1037,71929,95667,267635,73273,7000,164533,22829,267635,193439650,-43653280,-690486930,540700560,0,735709410,7746720,528249600,709805310,1981511040,542269760,51400000,1218736530,169104750,1981511040
2021-07-16,7368,7368,7230,7299,132389,-0.6803646754660498,3681,100,-12844,9063,0,36066,200,46217,47755,130238,32385,100,59061,38692,130238,27586420,740300,-95913710,67586990,0,268219480,1484000,343376180,354996150,968075810,240633060,743700,439289890,287409160,968075810
2021-07-19,7279,7309,7230,7260,110907,-0.5343197698314838,-35148,792,2193,32163,0,21960,1200,50253,35692,109105,57108,408,48060,3529,109105,-259249740,5813560,16127770,237308410,0,161990320,8845000,370734940,263363220,804933480,421240060,3031440,354607170,26054810,804933480
2021-07-20,7250,7250,7083,7132,288777,-1.7630853994490356,-48623,-11617,-6325,66565,0,55717,200,114117,114051,284085,104340,11817,120442,47486,284085,-352690800,-84662670,-46468640,483822110,0,405111960,1452000,828268070,828668020,2063500050,757802760,86114670,874736710,344845910,2063500050
2021-07-21,7142,7181,6984,6994,358517,-1.9349411104879417,-42955,-21296,21989,42262,0,60383,1204,122531,168574,352692,103338,22500,100542,126312,352692,-307503840,-151728460,157548380,301683920,0,431738490,8631540,877242300,1205461390,2523073720,739242330,160360000,719693920,903777470,2523073720
2021-07-22,7122,7132,6964,7034,180752,0.5719187875321705,-13183,1081,4221,7881,0,43906,3120,82225,48564,177815,57089,2039,78004,40683,177815,-94017450,7639900,29954160,56423390,0,312461160,22159000,585746580,346534770,1266901510,406478610,14519100,555792420,290111380,1266901510
2021-07-23,7033,7102,6915,6994,141827,-0.5686664771111744,-22338,400,-2615,24553,0,34029,400,53120,51974,139523,56367,0,55735,27421,139523,-158725660,2838840,-18390320,174277140,0,241218780,2838840,376727840,368856030,989641490,399944440,0,395118160,194578890,989641490
2021-07-26,7043,7073,6925,6994,227794,0.0,-89307,-800,13741,76366,0,61892,200,69490,92511,224093,151199,1000,55749,16145,224093,-631621160,-5740000,96735120,540626040,0,438701590,1420000,492335980,655417500,1587875070,1070322750,7160000,395600860,114791460,1587875070
2021-07-27,7033,7033,6905,7014,212249,0.28595939376608526,-76395,-16277,30796,61876,0,53541,300,81706,73253,208800,129936,16577,50910,11377,208800,-539347450,-114638550,217003990,436982010,0,378064260,2135000,577060210,517623570,1474883040,917411710,116773550,360056220,80641560,1474883040
2021-07-28,7004,7023,6886,7024,285866,0.142571998859424,-106380,-12300,-26389,145069,0,48805,200,58658,173558,281221,155185,12500,85047,28489,281221,-751113590,-86338000,-188076100,1025527690,0,343845820,1417000,412882910,1226782770,1984928500,1094959410,87755000,600959010,201255080,1984928500
2021-07-29,7023,7023,6886,6916,273584,-1.5375854214123008,-123147,-28146,81820,69473,0,55638,354,118008,95139,269139,178785,28500,36188,25666,269139,-867613860,-197998320,575921290,489690890,0,391587220,2496680,830536590,670658010,1895278500,1259201080,200495000,254615300,180967120,1895278500
2021-07-30,6915,6915,6709,6709,332899,-2.9930595720069406,-16900,593,30118,-13811,0,101444,1141,161175,63730,327490,118344,548,131057,77541,327490,-114421240,4025820,207361790,-96966370,0,697947130,7809120,1108249150,436998090,2251003490,812368370,3783300,900887360,533964460,2251003490
2021-08-02,6738,6817,6571,6798,349395,1.3265762408704724,-91609,-5191,-20899,117699,0,96800,1879,78474,166565,343718,188409,7070,99373,48866,343718,-617862240,-35904450,-141879020,795645710,0,659563790,12877150,531422570,1129973580,2333837090,1277426030,48781600,673301590,334327870,2333837090
2021-08-03,6846,6846,6561,6650,398737,-2.177110914974993,-115881,-1269,103090,14060,0,89262,16731,159113,127152,392258,205143,18000,56023,113092,392258,-784326570,-7378040,699973570,91731040,0,606260410,113908230,1079640640,861989650,2661798930,1390586980,121286270,379667070,770258610,2661798930
2021-08-04,6660,6866,6640,6778,277080,1.9248120300751879,-103085,206,34891,67988,0,57452,6376,118327,90423,272578,160537,6170,83436,22435,272578,-709531940,1041410,240657290,467833240,0,395274330,43617110,815071590,622223250,1876186280,1104806270,42575700,574414300,154390010,1876186280
2021-08-05,6837,6915,6778,6798,267577,0.29507229271171437,-83206,-25489,73042,35653,0,72589,29211,109903,51526,263229,155795,54700,36861,15873,263229,-576418200,-177177890,506114320,247481770,0,503108950,202140110,762410760,357803670,1825463490,1079527150,379318000,256296440,110321900,1825463490
2021-08-06,6797,6886,6650,6660,366451,-2.0300088261253313,-99649,-17076,135525,-18800,0,118779,20424,179930,41364,360497,218428,37500,44405,60164,360497,-678613320,-116124920,922972360,-128234120,0,809110540,138523200,1225278670,281713890,2454626300,1487723860,254648120,302306310,409948010,2454626300
2021-08-09,6758,6837,6699,6768,251888,1.6216216216216217,-94361,-31691,116234,9818,0,29820,551,180310,37114,247795,124181,32242,64076,27296,247795,-646494190,-217506220,796483010,67517400,0,204328440,3779880,1236734540,254747990,1699590850,850822630,221286100,440251530,187230590,1699590850
2021-08-10,6827,6846,6699,6788,302026,0.29550827423167847,-147614,-8747,115182,41179,0,48039,1253,178647,69180,297119,195653,10000,63465,28001,297119,-1012396150,-59676940,790714600,281358490,0,329522120,8603060,1228198550,474780740,2041104470,1341918270,68280000,437483950,193422250,2041104470
2021-08-11,6846,6866,6748,6847,274961,0.8691809074837951,-114327,0,47077,67250,0,33352,0,115620,121521,270493,147679,0,68543,54271,270493,-788706090,0,324620610,464085480,0,229977400,0,798415980,838836410,1867229790,1018683490,0,473795370,374750930,1867229790
2021-08-12,6856,6856,6738,6837,155542,-0.1460493646852636,-34328,1250,26042,7036,0,37109,1250,82100,32556,153015,71437,0,56058,25520,153015,-237659640,8654430,180136360,48868850,0,256737210,8654430,567953090,225484420,1058829150,494396850,0,387816730,176615570,1058829150
2021-08-13,6837,6837,6689,6749,245590,-1.2871142313880357,-35467,430,45956,-10919,0,70354,430,159549,11267,241600,105821,0,113593,22186,241600,-241597170,2934800,313509980,-74847610,0,480694650,2934800,1090048780,77022910,1650701140,722291820,0,776538800,151870520,1650701140
2021-08-17,6748,6876,6600,6621,300201,-1.8965772707067712,-37796,410,697,36689,0,91729,410,140558,62626,295323,129525,0,139861,25937,295323,-256344130,2764400,5425090,248154640,0,620306930,2764400,953421270,424683710,2001176310,876651060,0,947996180,176529070,2001176310
2021-08-18,6600,6719,6325,6640,703012,0.28696571514876906,-159408,3342,105646,50420,0,149567,3442,279914,258666,691589,308975,100,174268,208246,691589,-1049465220,21809240,688738410,338917570,0,995756170,22478240,1833399730,1717182432,4568816572,2045221390,669000,1144661320,1378264862,4568816572
2021-08-19,6640,6679,6502,6532,416368,-1.6265060240963853,62774,-3930,-14888,-43956,0,186368,1070,86864,135301,409603,123594,5000,101752,179257,409603,419255440,-26160900,-99709900,-293384640,0,1243421600,7115300,578784650,902257440,2731578990,824166160,33276200,678494550,1195642080,2731578990
2021-08-20,6532,6866,6355,6483,402750,-0.7501530924678506,-25240,-43600,-11067,79907,0,119034,1650,165593,109929,396206,144274,45250,176660,30022,396206,-160975680,-282881010,-75378730,519235420,0,779437040,10793000,1079873600,715608840,2585712480,940412720,293674010,1155252330,196373420,2585712480
2021-08-23,6492,6679,6492,6630,299439,2.2674687644608977,-127377,22169,-42355,147563,0,46860,22320,43607,181787,294574,174237,151,85962,34224,294574,-860176643,150063910,-285832850,995945583,0,316456170,151085690,293609990,1226638503,1987790353,1176632813,1021780,579442840,230692920,1987790353
2021-08-24,6620,6787,6591,6591,214516,-0.5882352941176471,-70279,6184,37921,26174,0,84185,11284,75179,40383,211031,154464,5100,37258,14209,211031,-474391940,41721400,255711610,176958930,0,568614400,76267840,507791060,273064320,1425737620,1043006340,34546440,252079450,96105390,1425737620
2021-08-25,6650,6669,6532,6601,139523,0.15172204521316948,3713,230,-22410,18467,0,59518,300,49028,28410,137256,55805,70,71438,9943,137256,24813020,1532900,-150195770,123849850,0,398745900,2004000,327679560,190360030,918789490,373932880,471100,477875330,66510180,918789490
2021-08-26,6640,6640,6561,6640,107513,0.5908195727920013,-14221,-69,10131,4159,0,38389,1,39729,27647,105766,52610,70,29598,23488,105766,-95764160,-464420,67978310,28250270,0,257917780,6680,266975200,186004710,710904370,353681940,471100,198996890,157754440,710904370
2021-08-27,6689,6886,6591,6827,455513,2.816265060240964,170552,-2549,-130504,-37499,0,272339,1,93539,82233,448112,101787,2550,224043,119732,448112,1180412300,-17390940,-901562510,-261458850,0,1882966050,6960,645985160,566476750,3095434920,702553750,17397900,1547547670,827935600,3095434920
2021-08-30,6915,6915,6778,6827,207578,0.0,-40838,1,51792,-10955,0,56877,1,106658,40669,204205,97715,0,54866,51624,204205,-282722190,6920,359110110,-76394840,0,394184000,6920,739483760,281886940,1415561620,676906190,0,380373650,358281780,1415561620
2021-08-31,6846,6905,6728,6847,256587,0.29295444558371175,-34758,230,1728,32800,0,37519,300,97521,117078,252418,72277,70,95793,84278,252418,-240029460,1588600,10675420,227765440,0,258744030,2073000,674551600,812960330,1748328960,498773490,484400,663876180,585194890,1748328960
2021-09-01,6738,6827,6660,6709,339499,-2.015481232656638,-85032,115,56954,27963,0,87719,591,139795,105878,333983,172751,476,82841,77915,333983,-578985360,774580,388582730,189628050,0,598703350,4023250,953863080,722534340,2279124020,1177688710,3248670,565280350,532906290,2279124020
2021-09-02,6699,6699,6453,6493,828285,-3.2195558205395733,-79633,34474,238408,-193249,0,89577,34474,518534,172242,814827,169210,0,280126,365491,814827,-528729780,228542780,1582088000,-1281901000,0,593782110,228542780,3436200300,1140377520,5398902710,1122511890,0,1854112300,2422278520,5398902710
2021-09-03,6561,6561,6453,6522,353911,0.44663483751732636,-126330,-54846,137844,43332,0,24909,154,239695,83403,348161,151239,55000,101851,40071,348161,-832624750,-361995880,909074200,285546430,0,163928210,1013100,1580526180,549796010,2295263500,996552960,363008980,671451980,264249580,2295263500
2021-09-06,6492,6600,6492,6532,224645,0.1533272002453235,-42753,-136,20838,22051,0,72088,514,101370,47023,220995,114841,650,80532,24972,220995,-282212900,-873730,136448200,146638430,0,478387140,3416270,671654380,312056400,1465514190,760600040,4290000,535206180,165417970,1465514190
2021-09-07,6502,6502,6453,6463,206326,-1.056338028169014,-33765,2824,67101,-36160,0,41076,2824,111861,47213,202974,74841,0,44760,83373,202974,-221838160,18583800,441304920,-238050560,0,270230820,18583800,735575020,310517100,1334906740,492068980,0,294270100,548567660,1334906740
2021-09-08,6502,6571,6482,6493,185214,0.46418072102738667,-29452,203,-20015,49264,0,62153,203,58944,60905,182205,91605,0,78959,11641,182205,-193930540,1348950,-133332380,325913970,0,411800810,1348950,389834640,402936190,1205920590,605731350,0,523167020,77022220,1205920590
2021-09-09,6463,6660,6463,6650,185074,2.4179886031110427,39684,684,-50284,9916,0,113875,784,29083,38325,182067,74191,100,79367,28409,182067,266608470,4516700,-336344090,65218920,0,759005140,5192700,193094450,254565600,1211857890,492396670,676000,529438540,189346680,1211857890
2021-09-10,6581,6689,6522,6542,164595,-1.62406015037594,13558,488,23326,-37372,0,73647,1120,75703,11451,161921,60089,632,52377,48823,161921,91850080,3219040,154375040,-249444160,0,493700740,7450400,506295530,76721780,1084168450,401850660,4231360,351920490,326165940,1084168450
2021-09-13,6630,6630,6473,6512,180333,-0.45857535921736475,4884,2430,45371,-52685,0,81106,2430,86241,7626,177403,76222,0,40870,60311,177403,32564310,16022920,300244350,-348831580,0,537188740,16022920,571364340,50740490,1175316490,504624430,0,271119990,399572070,1175316490
2021-09-14,6581,6581,6473,6473,209699,-0.5988943488943489,-32985,1800,107431,-76246,0,44917,1800,145282,14293,206292,77902,0,37851,90539,206292,-216809420,11870000,707953680,-503014260,0,297201090,11870000,958496880,94640560,1362208530,514010510,0,250543200,597654820,1362208530
2021-09-15,6492,6600,6473,6571,240794,1.5139811524795304,88648,31,-48747,-39932,0,160816,101,31934,44031,236882,72168,70,80681,83963,236882,591988560,207300,-326066830,-266129030,0,1071853880,675600,211803410,292645620,1576978510,479865320,468300,537870240,558774650,1576978510
2021-09-16,6591,6650,6532,6601,198220,0.4565515142291888,68660,100,-33612,-35148,0,117477,100,44010,33412,194999,48817,0,77622,68560,194999,461756950,673000,-226423850,-236006100,0,789464040,673000,295450090,224283490,1309870620,327707090,0,521873940,460289590,1309870620
2021-09-17,6620,6728,6532,6690,202015,1.3482805635509771,90436,-6242,-52341,-31853,0,127419,100,38591,32623,198733,36983,6342,90932,64476,198733,612332610,-42105360,-354865250,-215362000,0,862210390,680000,261332090,220720460,1344942940,249877780,42785360,616197340,436082460,1344942940
2021-09-23,6679,6679,6482,6503,346197,-2.795216741405082,50191,1251,124482,-175924,0,115955,1251,176878,46488,340572,65764,0,52396,222412,340572,332152500,8269110,822446280,-1162867890,0,766933270,8269110,1169099510,307941860,2252243750,434780770,0,346653230,1470809750,2252243750
2021-09-24,6502,6541,6473,6522,163174,0.29217284330309085,-18693,400,43407,-25114,0,70628,400,62787,26708,160523,89321,0,19380,51822,160523,-123143500,2651000,286444890,-165952390,0,466479920,2651000,414453380,176323670,1059907970,589623420,0,128008490,342276060,1059907970
2021-09-27,6522,6571,6453,6463,257996,-0.9046304814474087,64978,11395,19460,-95833,0,137652,11395,74954,29803,253804,72674,0,55494,125636,253804,430750970,75251400,126695570,-632697940,0,910539970,75251400,494283430,197795010,1677869810,479789000,0,367587860,830492950,1677869810
2021-09-28,6473,6473,6296,6326,433171,-2.119758626025066,18504,16113,131158,-165775,0,148328,16113,235984,25708,426133,129824,0,104826,191483,426133,118283360,103929610,844687220,-1066900190,0,953494210,103929610,1520759340,165705650,2743888810,835210850,0,676072120,1232605840,2743888810
2021-09-29,6158,6384,6158,6296,263498,-0.47423332279481506,126358,12082,-21048,-117392,0,167329,12132,55062,24694,259217,40971,50,76110,142086,259217,811701060,77145100,-136878110,-751968050,0,1074149010,77468600,350493630,157146270,1659257510,262447950,323500,487371740,909114320,1659257510
2021-09-30,6246,6345,6246,6276,257766,-0.3176620076238882,66348,14366,43961,-124675,0,95110,14366,60737,83365,253578,28762,0,16776,208040,253578,423958080,91705820,280696750,-796360650,0,607674100,91705820,387922440,532712397,1620014757,183716020,0,107225690,1329073047,1620014757
2021-10-01,6296,6482,6276,6434,282275,2.517527087316762,109446,226,-106520,-3152,0,179140,859,40750,56940,277689,69694,633,147270,60092,277689,715774990,1448570,-694042140,-23181420,0,1168560860,5578910,265003970,368400380,1807544120,452785870,4130340,959046110,391581800,1807544120
2021-10-05,6394,6394,6168,6257,413485,-2.7510102580043516,170258,-192,25847,-195913,0,267822,773,103646,34526,406767,97564,965,77799,230439,406767,1084483490,-1194690,162762170,-1246050970,0,1706940040,4921340,657257290,220183830,2589302500,622456550,6116030,494495120,1466234800,2589302500
2021-10-06,6236,6335,6168,6207,277475,-0.799105002397315,96178,482,-34814,-61846,0,197377,683,63857,11050,272967,101199,201,98671,72896,272967,607343940,3041380,-220222610,-390162710,0,1246058220,4315730,402317280,69907030,1722598260,638714280,1274350,622539890,460069740,1722598260
2021-10-07,6197,6305,6197,6286,172336,1.2727565651683583,49170,21,-24916,-24275,0,122972,90,28830,17644,169536,73802,69,53746,41919,169536,313827580,137370,-159290000,-154674950,0,784320680,576900,183367930,112414270,1080679780,470493100,439530,342657930,267089220,1080679780
2021-10-08,6335,6355,6246,6345,115807,0.9385937002863507,44603,320,-6857,-38066,0,65968,390,40544,7023,113925,21365,70,47401,45089,113925,286019750,2053100,-44162580,-243910270,0,423515480,2503900,260197910,45122980,731340270,137495730,450800,304360490,289033250,731340270
2021-10-12,6355,6355,6217,6276,141038,-1.0874704491725768,-15638,11770,13892,-10024,0,43222,11770,62655,21099,138746,58860,0,48763,31123,138746,-99324600,74857200,88355110,-63887710,0,275213320,74857200,398625870,134435960,883132350,374537920,0,310270760,198323670,883132350
2021-10-13,6266,6345,6246,6345,145685,1.0994263862332696,20567,-26278,-7142,12853,0,79308,8659,30606,24745,143318,58741,34937,37748,11892,143318,131838680,-167645820,-46218670,82025810,0,506572120,55159380,195154010,158080010,914965520,374733440,222805200,241372680,76054200,914965520
2021-10-14,6374,6374,6286,6306,175668,-0.6146572104018913,67019,440,2627,-70086,0,121107,510,41086,10111,172814,54088,70,38459,80197,172814,430999190,2836000,16421230,-450256420,0,778535200,3288200,263702290,64989330,1110515020,347536010,452200,247281060,515245750,1110515020
2021-10-15,6315,6364,6266,6316,171376,0.1585791309863622,35605,200,35531,-71336,0,81528,400,69296,17367,168591,45923,200,33765,88703,168591,228022470,1279000,227174880,-456476350,0,521662520,2562000,443127710,111347100,1078699330,293640050,1283000,215952830,567823450,1078699330
2021-10-18,6325,6355,6296,6335,170650,0.30082330588980366,69140,16329,31910,-117379,0,92550,16329,52430,6568,167877,23410,0,20520,123947,167877,443541010,105259850,204581660,-753382520,0,594008900,105259850,336330890,42196430,1077796070,150467890,0,131749230,795578950,1077796070
2021-10-19,6325,6345,6266,6296,234594,-0.6156274664561957,42083,2299,45322,-89704,0,116963,2299,104664,6856,230782,74880,0,59342,96560,230782,269870370,14720380,289900360,-574491110,0,748937490,14720380,669654530,43907750,1477220150,479067120,0,379754170,618398860,1477220150
2021-10-20,6296,6364,6276,6296,266448,0.0,42086,4076,19872,-66034,0,157646,4376,61204,38893,262119,115560,300,41332,104927,262119,269647310,26203660,127271080,-423122050,0,1010549210,28120660,392384610,249550400,1680604880,740901900,1917000,265113530,672672450,1680604880
2021-10-21,6296,6364,6296,6326,270968,0.4764930114358323,20693,1016,50382,-72091,0,141884,1016,74194,49471,266565,121191,0,23812,121562,266565,132924330,6516580,322826980,-462267890,0,911005400,6516580,475824020,318146210,1711492210,778081070,0,152997040,780414100,1711492210
2021-10-22,6325,6453,6325,6414,226631,1.3910844135314575,65939,10998,15419,-92356,0,98135,11068,89864,23882,222949,32196,70,74445,116238,222949,429948240,71638380,100751010,-602337630,0,640328540,72095480,585307810,154837180,1452569010,210380300,457100,484556800,757174810,1452569010
2021-10-25,6414,6463,6345,6444,168572,0.4677268475210477,62089,9005,-5905,-65189,0,98371,9065,47899,10498,165833,36282,60,53804,75687,165833,404582770,58632980,-39112160,-424103590,0,641271660,59026580,311524690,68431780,1080254710,236688890,393600,350636850,492535370,1080254710
2021-10-26,6414,6551,6414,6552,252282,1.675977653631285,20826,37426,9075,-67327,0,85393,37526,84878,40386,248183,64567,100,75803,107713,248183,136775780,246178930,59361610,-442316320,0,560901170,246844930,559201530,266848680,1633796310,424125390,666000,499839920,709165000,1633796310
2021-10-27,6551,6669,6551,6630,396007,1.1904761904761905,11831,17199,-32129,3099,0,85637,17949,86577,199410,389573,73806,750,118706,196311,389573,79730600,115806790,-216180370,20642980,0,576288620,120847290,582514050,1346435880,2626085840,496558020,5040500,798694420,1325792900,2626085840
2021-10-28,6591,6689,6532,6690,461024,0.904977375565611,51976,1713,-7290,-46399,0,120056,2963,84127,246387,453533,68080,1250,91417,292786,453533,349985450,11553000,-50053360,-311485090,0,808936290,19991500,566464580,1656909970,3052302340,458950840,8438500,616517940,1968395060,3052302340
2021-10-29,6660,6748,6640,6699,226830,0.13452914798206278,110721,-7544,-31057,-72120,0,135976,3111,70438,13619,223144,25255,10655,101495,85739,223144,754901970,-51385030,-212089960,-491426980,0,927142030,21193860,480147470,92661590,1521144950,172240060,72578890,692237430,584088570,1521144950
2021-11-01,6778,6827,6650,6660,705418,-0.5821764442454098,171756,-40173,-21493,-110090,0,342078,7,190786,161085,693956,170322,40180,212279,271175,693956,1183626250,-273785470,-154340820,-755499960,0,2347283280,47950,1307728460,1106536430,4761596120,1163657030,273833420,1462069280,1862036390,4761596120
2021-11-02,6800,6800,6630,6630,385510,-0.45045045045045046,-179654,-33452,121858,91248,0,93268,100,180816,111326,385510,272922,33552,58958,20078,385510,-1196844020,-222516800,812107790,607253030,0,621818010,664000,1205961340,741336020,2569779370,1818662030,223180800,393853550,134082990,2569779370
2021-11-03,6590,6690,6490,6490,261916,-2.1116138763197587,-87677,-815,77670,10822,0,103056,100,124596,34164,261916,190733,915,46926,23342,261916,-572623940,-5418500,506499020,71543420,0,672636910,653000,813315480,224222830,1710828220,1245260850,6071500,306816460,152679410,1710828220
2021-11-04,6560,6600,6480,6500,137091,0.15408320493066258,-52964,104,23136,29724,0,43644,104,51966,41377,137091,96608,0,28830,11653,137091,-344802240,677030,150166510,193958700,0,283863810,677030,337956250,269865880,892362970,628666050,0,187789740,75907180,892362970
2021-11-05,6500,6710,6490,6630,265244,2.0,-104042,30942,18046,55054,0,49913,31044,51534,132753,265244,153955,102,33488,77699,265244,-682581660,201119840,116287300,365174520,0,328083190,201796100,337146590,874173330,1741199210,1010664850,676260,220859290,508998810,1741199210
2021-11-08,6650,6720,6590,6660,138899,0.4524886877828055,-1398,-6,6702,-5298,0,85090,78,33761,19970,138899,86488,84,27059,25268,138899,-9042200,-41310,44026270,-34942760,0,562870900,514850,223298100,132278730,918962580,571913100,556160,179271830,167221490,918962580
2021-11-09,6650,6660,6500,6500,180288,-2.4024024024024024,-4734,3549,51589,-50404,0,85383,3550,74594,16761,180288,90117,1,23005,67165,180288,-30850620,23198490,337259640,-329607510,0,558369950,23205000,487762440,109539170,1178876560,589220570,6510,150502800,439146680,1178876560
2021-11-10,6600,6650,6450,6470,153306,-0.46153846153846156,-19762,499,-3143,22406,0,53175,504,58552,41075,153306,72937,5,61695,18669,153306,-130383380,3228420,-21313580,148468540,0,346168700,3261120,381514980,270001940,1000946740,476552080,32700,402828560,121533400,1000946740
2021-11-11,6510,6570,6470,6500,115692,0.46367851622874806,-29191,0,2008,27183,0,45663,0,31613,38416,115692,74854,0,29605,11233,115692,-189633540,0,12869530,176764010,0,296387380,0,205187890,249649240,751224510,486020920,0,192318360,72885230,751224510
2021-11-12,6440,6590,6390,6480,135739,-0.3076923076923077,-30392,-583,27264,3711,0,38823,517,86041,10358,135739,69215,1100,58777,6647,135739,-197584900,-3776280,177377180,23984000,0,251533540,3340720,557728160,67268940,879871360,449118440,7117000,380350980,43284940,879871360
2021-11-15,6510,6510,6410,6470,147658,-0.15432098765432098,-42852,11,39186,3655,0,54077,11,81110,12460,147658,96929,0,41924,8805,147658,-276181770,70940,252459010,23651820,0,348608500,70940,522392520,80348930,951420890,624790270,0,269933510,56697110,951420890
2021-11-16,6450,6530,6450,6520,177978,0.7727975270479135,-58594,816,5590,52188,0,67967,816,51276,57919,177978,126561,0,45686,5731,177978,-379593080,5279680,36126890,338186510,0,440595430,5279680,332322820,375308700,1153506630,820188510,0,296195930,37122190,1153506630
2021-11-17,6460,6530,6420,6520,215882,0.0,-11669,1692,20267,-10290,0,122682,1757,65038,26405,215882,134351,65,44771,36695,215882,-74320160,10916540,129644120,-66240500,0,795009710,11339690,419860360,170975670,1397185430,869329870,423150,290216240,237216170,1397185430
2021-11-18,6520,6540,6460,6470,289554,-0.7668711656441718,-36930,176003,-171413,32340,0,38519,176003,28198,46834,289554,75449,0,199611,14494,289554,-239595930,1142255890,-1113051440,210391480,0,249756050,1142255890,182836300,304473120,1879321360,489351980,0,1295887740,94081640,1879321360
2021-11-19,6520,6540,6460,6530,194085,0.9273570324574961,-59222,0,20091,39131,0,77867,0,64333,51885,194085,137089,0,44242,12754,194085,-384327490,0,129921240,254406250,0,504987800,0,417335820,337113670,1259437290,889315290,0,287414580,82707420,1259437290
2021-11-22,6600,6600,6500,6590,274373,0.9188361408882083,-1045,56922,-124872,68995,0,104719,56952,31599,81103,274373,105764,30,156471,12108,274373,-6436700,370560460,-815074300,450950540,0,684492130,370757560,206302710,530210460,1791762860,690928830,197100,1021377010,79259920,1791762860
2021-11-23,6650,6650,6520,6620,230842,0.4552352048558422,18468,-620,27805,-45653,0,104992,0,65685,60165,230842,86524,620,37880,105818,230842,120094120,-4073900,182603920,-298624140,0,688744980,0,431487400,395507710,1515740090,568650860,4073900,248883480,694131850,1515740090
2021-11-24,6610,6660,6510,6580,703511,-0.6042296072507553,-441167,10502,25443,405222,0,101394,19037,93559,489521,703511,542561,8535,68116,84299,703511,-2906681560,68360560,163988100,2674332900,0,667334830,124644260,614209060,3229656370,4635844520,3574016390,56283700,450220960,555323470,4635844520
2021-11-25,6590,6590,6510,6580,99324,0.0,31283,2501,-22666,-11118,0,42438,2501,33100,21285,99324,11155,0,55766,32403,99324,205074420,16331540,-148697660,-72708300,0,278058840,16331540,216658640,139550890,650599910,72984420,0,365356300,212259190,650599910
2021-11-26,6580,6600,6510,6570,316068,-0.1519756838905775,40419,6392,46390,-93201,0,162687,6392,90159,56830,316068,122268,0,43769,150031,316068,263240930,41861210,304739410,-609841550,0,1066063380,41861210,591789210,372467270,2072181070,802822450,0,287049800,982308820,2072181070
2021-11-29,6370,6600,6350,6500,214662,-1.06544901065449,-3463,-2508,-11419,17390,0,74370,0,66255,74037,214662,77833,2508,77674,56647,214662,-19908730,-16059330,-78246240,114214300,0,485268270,0,428214070,480899200,1394381540,505177000,16059330,506460310,366684900,1394381540
2021-11-30,6430,6640,6430,6640,449148,2.1538461538461537,-61252,995,-196549,256806,0,52819,1000,27657,367672,449148,114071,5,224206,110866,449148,-405159850,6452410,-1291918660,1690626100,0,344858970,6485000,180586320,2418777810,2950708100,750018820,32590,1472504980,728151710,2950708100
2021-12-01,6630,6640,6430,6560,252933,-1.2048192771084338,57577,4101,-25417,-36261,0,179832,4101,49781,19219,252933,122255,0,75198,55480,252933,378359380,26649580,-166705270,-238303690,0,1177702280,26649580,325559730,125798560,1655710150,799342900,0,492265000,364102250,1655710150
2021-12-02,6530,6580,6480,6500,198666,-0.9146341463414633,3647,10,53211,-56868,0,104719,10,88748,5189,198666,101072,0,35537,62057,198666,24789900,65150,346164530,-371019580,0,684013130,65150,578496580,33856400,1296431260,659223230,0,232332050,404875980,1296431260
2021-12-03,6510,6550,6450,6530,229689,0.46153846153846156,13106,3102,46080,-62288,0,76124,4102,74748,74715,229689,63018,1000,28668,137003,229689,85311270,20041940,298729120,-404082330,0,493665960,26571940,484848240,484572750,1489658890,408354690,6530000,186119120,888655080,1489658890
2021-12-06,6530,6530,6430,6430,229371,-1.5313935681470139,74781,2585,-28082,-49284,0,177970,2585,39463,9353,229371,103189,0,67545,58637,229371,483640250,16621600,-182031450,-318230400,0,1150468850,16621600,254571330,60590590,1482252370,666828600,0,436602780,378820990,1482252370
2021-12-07,6450,6460,6320,6380,496548,-0.7776049766718507,-66474,47418,135312,-116256,0,189203,47418,232107,27820,496548,255677,0,96795,144076,496548,-420883670,303270070,858005240,-740391640,0,1205724720,303270070,1476743390,177319450,3163057630,1626608390,0,618738150,917711090,3163057630
2021-12-08,6380,6390,6330,6350,193721,-0.4702194357366771,69443,10,35234,-104687,0,98906,10,78617,16188,193721,29463,0,43383,120875,193721,441282160,63400,223293500,-664639060,0,628344700,63400,498958610,102783160,1230149870,187062540,0,275665110,767422220,1230149870
2021-12-09,6330,6370,6320,6350,221919,0.0,-39446,1038,85125,-46717,0,40012,1038,151307,29562,221919,79458,0,66182,76279,221919,-250056750,6574920,539593450,-296111620,0,253741220,6574920,959374730,187668160,1407359030,503797970,0,419781280,483779780,1407359030
2021-12-10,6390,6390,6300,6370,416092,0.31496062992125984,-191280,4173,161822,25285,0,66237,4173,189663,156019,416092,257517,0,27841,130734,416092,-1210777730,26355040,1024794700,159627990,0,419612520,26355040,1201595940,988893380,2636456880,1630390250,0,176801240,829265390,2636456880
2021-12-13,6390,6390,6340,6370,374690,0.0,6362,1780,44000,-52142,0,89308,1780,94796,188806,374690,82946,0,50796,240948,374690,40534940,11303000,279678230,-331516170,0,568079390,11303000,602727860,1200621930,2382732180,527544450,0,323049630,1532138100,2382732180
2021-12-14,6380,6390,6330,6330,165648,-0.6279434850863422,23866,3,14397,-38266,0,65161,3,53402,47082,165648,41295,0,39005,85348,165648,151704750,19040,90499230,-242223020,0,413939700,19040,338679620,299345690,1051984050,262234950,0,248180390,541568710,1051984050
2021-12-15,6380,6380,6330,6360,96183,0.47393364928909953,-9079,621,22213,-13755,0,50853,621,37697,7012,96183,59932,0,15484,20767,96183,-57584630,3937140,140938450,-87290960,0,322792590,3937140,239173740,44512010,610415480,380377220,0,98235290,131802970,610415480
2021-12-16,6370,6380,6340,6380,140954,0.3144654088050315,-2250,200,-7171,9221,0,59472,200,20581,60701,140954,61722,0,27752,51480,140954,-14621940,1272000,-45708060,59058000,0,377978570,1272000,130723490,386215220,896189280,392600510,0,176431550,327157220,896189280
2021-12-17,6380,6380,6330,6330,1138368,-0.7836990595611284,-23994,1000,29861,-6867,0,40094,1000,51437,1045837,1138368,64088,0,21576,1052704,1138368,-153189060,6350000,189267130,-42428070,0,254871480,6350000,326514220,6623261400,7210997100,408060540,0,137247090,6665689470,7210997100
2021-12-20,6330,6650,6330,6650,776699,5.055292259083728,489897,-1000,-291427,-197470,0,620634,0,81796,74269,776699,130737,1000,373223,271739,776699,3225139360,-6610000,-1922788210,-1295741150,0,4075745010,0,528593610,484018080,5088356700,850605650,6610000,2451381820,1779759230,5088356700
2021-12-21,6520,6810,6400,6430,854576,-3.308270676691729,366177,3150,-87095,-282232,0,606798,3650,161543,82585,854576,240621,500,248638,364817,854576,2444877000,20266500,-598071160,-1867072340,0,4031145360,23466500,1055728290,541814740,5652154890,1586268360,3200000,1653799450,2408887080,5652154890
2021-12-22,6510,6510,6350,6470,152752,0.6220839813374806,-10368,9895,40369,-39896,0,55118,9895,85186,2553,152752,65486,0,44817,42449,152752,-65520470,63438380,258325580,-256243490,0,353811630,63438380,546061690,16362140,979673840,419332100,0,287736110,272605630,979673840
2021-12-23,6490,6490,6400,6470,92129,0.0,-9294,3500,10629,-4835,0,48776,3550,32691,7112,92129,58070,50,22062,11947,92129,-59273630,22439500,67782810,-30948680,0,313516180,22761000,209595020,45715570,591587770,372789810,321500,141812210,76664250,591587770
2021-12-24,6400,6440,6350,6380,575933,-1.3910355486862442,-182077,5576,248087,-71586,0,120901,5576,291677,157779,575933,302978,0,43590,229365,575933,-1157210500,35501250,1579344910,-457635660,0,770915080,35501250,1857820040,1008071520,3672307890,1928125580,0,278475130,1465707180,3672307890
2021-12-27,6400,6400,6350,6360,153443,-0.3134796238244514,-74922,9658,74762,-9498,0,41219,9658,99001,3565,153443,116141,0,24239,13063,153443,-477070750,61501450,475975000,-60405700,0,262485590,61501450,630357680,22730590,977075310,739556340,0,154382680,83136290,977075310
2021-12-28,6350,6360,6310,6340,1695961,-0.3144654088050315,-426588,9193,334466,82929,0,1126065,13816,462116,93964,1695961,1552653,4623,127650,11035,1695961,-2698507880,58058960,2115263640,525185280,0,7068466850,87343660,2923698270,595012900,10674521680,9766974730,29284700,808434630,69827620,10674521680
2021-12-29,6330,6350,6310,6310,168075,-0.47318611987381703,63184,-4058,-7780,-51346,0,93876,21,66550,7628,168075,30692,4079,74330,58974,168075,400056840,-25646930,-49565780,-324844130,0,594638450,133050,421029200,48331650,1064132350,194581610,25779980,470594980,373175780,1064132350
2021-12-30,6330,6350,6310,6330,109296,0.31695721077654515,35333,-1780,30811,-64364,0,51119,2101,55094,982,109296,15786,3881,24283,65346,109296,223606160,-11236400,194783220,-407152980,0,323348270,13278330,348435690,6213420,691275710,99742110,24514730,153652470,413366400,691275710
2022-01-03,6350,6350,6320,6350,278555,0.315955766192733,-7734,43926,17398,-53590,0,155646,52094,65499,5316,278555,163380,8168,48101,58906,278555,-48602050,278411260,109934410,-339743620,0,986670620,330143580,414827590,33681290,1765323080,1035272670,51732320,304893180,373424910,1765323080
2022-01-04,6350,6360,6240,6270,264490,-1.2598425196850394,-75723,12551,81241,-18069,0,117182,12551,134019,738,264490,192905,0,52778,18807,264490,-476901550,79447830,511653580,-114199860,0,742146660,79447830,846086220,4677170,1672357880,1219048210,0,334432640,118877030,1672357880
2022-01-05,6330,6330,6270,6290,252474,0.3189792663476874,4676,21769,-29794,3349,0,147157,21770,61976,21571,252474,142481,1,91770,18222,252474,29549050,137121410,-187901360,21230900,0,926267840,137127690,390105810,135809320,1589310660,896718790,6280,578007170,114578420,1589310660
2022-01-06,6290,6300,6200,6210,343674,-1.2718600953895072,-86299,30926,103892,-48519,0,101816,30926,195267,15665,343674,188115,0,91375,64184,343674,-536896990,192540410,646689560,-302332980,0,634546170,192540410,1216220700,97682740,2140990020,1171443160,0,569531140,400015720,2140990020
2022-01-07,6210,6330,6210,6320,314289,1.7713365539452495,24320,-1499,-25690,2869,0,234963,1,49058,30267,314289,210643,1500,74748,27398,314289,155051080,-9473670,-163103850,17526440,0,1482448270,6330,308555170,189937640,1980947410,1327397190,9480000,471659020,172411200,1980947410
2022-01-10,6310,6320,6190,6210,347680,-1.740506329113924,35990,29400,14166,-79556,0,186705,31363,107219,22393,347680,150715,1963,93053,101949,347680,224258270,182850090,88209420,-495317780,0,1162767940,195079540,666867460,139709810,2164424750,938509670,12229450,578658040,635027590,2164424750
2022-01-11,6210,6220,6170,6220,174730,0.1610305958132045,41935,15920,-56750,-1105,0,91516,15920,42350,24944,174730,49581,0,99100,26049,174730,259408930,98753890,-351500760,-6662060,0,566978490,98753890,262119450,154682440,1082534270,307569560,0,613620210,161344500,1082534270
2022-01-12,6220,6260,6170,6240,132606,0.3215434083601286,27735,-15856,-6924,-4955,0,68963,6044,36135,21464,132606,41228,21900,43059,26419,132606,172787480,-98747410,-43284270,-30755800,0,429364390,37559870,224733740,133513400,825171400,256576910,136307280,268018010,164269200,825171400
2022-01-13,6240,6260,6140,6140,216400,-1.6025641025641024,16454,-43270,69884,-43068,0,104443,0,106999,4958,216400,87989,43270,37115,48026,216400,102753540,-268170270,432330030,-266913300,0,647381120,0,663037240,30767750,1341186110,544627580,268170270,230707210,297681050,1341186110
2022-01-14,6180,6240,6150,6210,242177,1.1400651465798046,-30437,23784,7059,-406,0,134514,23784,53697,30182,242177,164951,0,46638,30588,242177,-187920710,147063290,43247100,-2389680,0,831639120,147063290,331814780,186834440,1497351630,1019559830,0,288567680,189224120,1497351630
2022-01-17,6210,6240,6180,6210,118455,0.0,28030,-1,-1776,-26253,0,63632,0,54399,424,118455,35602,1,56175,26677,118455,173987120,-6230,-11119730,-162861160,0,394965630,0,337487920,2636630,735090180,220978510,6230,348607650,165497790,735090180
2022-01-18,6180,6210,6170,6200,121036,-0.1610305958132045,10141,1554,28815,-40510,0,52181,1654,66725,476,121036,42040,100,37910,40986,121036,62610970,9624800,178348930,-250584700,0,322990360,10244800,412961190,2947290,749143640,260379390,620000,234612260,253531990,749143640
2022-01-19,6200,6200,6080,6100,225660,-1.6129032258064515,19440,152,4683,-24275,0,93888,252,75923,55597,225660,74448,100,71240,79872,225660,118876020,932210,28366670,-148174900,0,574529440,1543210,464392600,340323170,1380788420,455653420,611000,436025930,488498070,1380788420
2022-01-20,6140,6190,6070,6150,168070,0.819672131147541,52945,347,-28167,-25125,0,96796,347,42921,28006,168070,43851,0,71088,53131,168070,324791210,2120230,-172643220,-154268220,0,594303160,2120230,262522300,171705290,1030650980,269511950,0,435165520,325973510,1030650980
2022-01-21,6140,6190,6060,6160,300916,0.16260162601626016,88231,-149,54387,-142469,0,156191,351,85587,58787,300916,67960,500,31200,201256,300916,542973010,-962940,332910570,-874920640,0,961462120,2127060,524873780,360862810,1849325770,418489110,3090000,191963210,1235783450,1849325770
2022-01-24,6180,6180,6020,6050,334618,-1.7857142857142856,22569,1032,102906,-126507,0,90874,1032,163806,78906,334618,68305,0,60900,205413,334618,137561530,6274240,623681110,-767516880,0,552025260,6274240,992911270,478896100,2030106870,414463730,0,369230160,1246412980,2030106870
2022-01-25,6050,6100,6000,6000,252578,-0.8264462809917356,28466,1707,25200,-55373,0,115297,1707,85432,50142,252578,86831,0,60232,105515,252578,172864520,10304210,151238570,-334407300,0,696549260,10304210,515260670,302809500,1524923640,523684740,0,364022100,637216800,1524923640
2022-01-26,6050,6050,5940,5940,284360,-1.0,31950,-3133,80931,-109748,0,106395,1152,135901,40912,284360,74445,4285,54970,150660,284360,191448730,-18690470,483318310,-656076570,0,635792080,6873670,811737300,244617510,1699020560,444343350,25564140,328418990,900694080,1699020560
2022-01-27,5940,5990,5590,5810,391429,-2.1885521885521886,-9629,-15121,105101,-80351,0,150684,621,183412,56712,391429,160313,15742,78311,137063,391429,-54350920,-88593890,614686120,-471741310,0,881356060,3616820,1073771830,332540460,2291285170,935706980,92210710,459085710,804281770,2291285170
2022-01-28,5860,5870,5700,5820,415240,0.17211703958691912,-91289,-68920,101069,59140,0,107747,18450,138945,150098,415240,199036,87370,37876,90958,415240,-529471500,-396363000,583003550,342830950,0,626164460,106072800,803127930,870707330,2406072520,1155635960,502435800,220124380,527876380,2406072520
2022-02-03,5900,6180,5890,6150,608559,5.670103092783505,-125241,-19164,-96727,241132,0,161621,0,80710,366228,608559,286862,19164,177437,125096,608559,-765882480,-117165920,-590566650,1473615050,0,991098500,0,492211440,2238808720,3722118660,1756980980,117165920,1082778090,765193670,3722118660
2022-02-04,6050,6240,6050,6140,256330,-0.16260162601626016,20110,-1885,26436,-44661,0,123878,2118,71984,58350,256330,103768,4003,45548,103011,256330,124750280,-11693120,161257470,-274314630,0,762343880,13005340,441617980,358481510,1575448710,637593600,24698460,280360510,632796140,1575448710
2022-02-07,6220,6220,6130,6170,231339,0.4885993485342019,-34484,-6,3387,31103,0,121183,0,46212,63944,231339,155667,6,42825,32841,231339,-213158490,-37080,20730460,192465110,0,749282750,0,285556060,395405540,1430244350,962441240,37080,264825600,202940430,1430244350
2022-02-08,6180,6200,6050,6050,285199,-1.9448946515397085,68973,-500,47032,-115505,0,142794,0,67198,75207,285199,73821,500,20166,190712,285199,426181070,-3085000,287783400,-710879470,0,878656860,0,411920180,462285440,1752862480,452475790,3085000,124136780,1173164910,1752862480
2022-02-09,6130,6160,6030,6030,271551,-0.3305785123966942,2982,2,41269,-44253,0,134916,2,61240,75393,271551,131934,0,19971,119646,271551,19848700,12250,250435960,-270296910,0,822848170,12250,372777650,459258250,1654896320,802999470,0,122341690,729555160,1654896320
2022-02-10,6090,6130,6040,6050,267938,0.33167495854063017,11537,89,-14051,2425,0,171807,100,22731,73300,267938,160270,11,36782,70875,267938,70558360,541890,-86000130,14899880,0,1047770960,609000,138318960,447006830,1633705750,977212600,67110,224319090,432106950,1633705750
2022-02-11,6050,6100,6040,6060,140956,0.1652892561983471,36635,99,-5704,-31030,0,63272,100,24292,53292,140956,26637,1,29996,84322,140956,222745320,600920,-34687100,-188659140,0,384653640,607000,147431050,323706500,856398190,161908320,6080,182118150,512365640,856398190
2022-02-14,6040,6100,6000,6070,140336,0.16501650165016502,73116,0,-16950,-56166,0,82336,0,33419,24581,140336,9220,0,50369,80747,140336,443496540,0,-102385720,-341110820,0,499433230,0,202259780,148734960,850427970,55936690,0,304645500,489845780,850427970
2022-02-15,6070,6100,6030,6030,175849,-0.6589785831960462,102431,1100,4020,-107551,0,119631,1100,42460,12658,175849,17200,0,38440,120209,175849,622629570,6655000,23953110,-653237680,0,727296820,6655000,257347350,76947620,1068246790,104667250,0,233394240,730185300,1068246790
2022-02-16,6090,6090,6030,6050,123169,0.33167495854063017,53808,0,18794,-72602,0,81189,0,27262,14718,123169,27381,0,8468,87320,123169,325874570,0,113748170,-439622740,0,491783010,0,165027020,89162800,745972830,165908440,0,51278850,528785540,745972830
2022-02-17,6090,6110,6050,6090,162147,0.6611570247933884,62817,99,3060,-65976,0,104287,99,30273,27488,162147,41470,0,27213,93464,162147,382683250,603900,18485830,-401772980,0,635136310,603900,184321080,167383260,987444550,252453060,0,165835250,569156240,987444550
2022-02-18,6100,6110,6050,6110,82817,0.3284072249589491,43449,3100,5412,-51961,0,55028,3100,22234,2455,82817,11579,0,16822,54416,82817,264570610,18856160,32848990,-316275760,0,335146600,18856160,135290790,14954660,504248210,70575990,0,102441800,331230420,504248210
2022-02-21,6110,6110,6040,6070,133117,-0.6546644844517185,45006,1601,16637,-63244,0,81152,1601,45941,4423,133117,36146,0,29304,67667,133117,273076860,9693070,100963590,-383733520,0,492436090,9693070,278748140,26816800,807694100,219359230,0,177784550,410550320,807694100
2022-02-22,6070,6090,6050,6050,99710,-0.3294892915980231,51950,600,-649,-51901,0,64030,600,28471,6609,99710,12080,0,29120,58510,99710,315293280,3630000,-4086420,-314836860,0,388655920,3630000,172596470,40100050,604982440,73362640,0,176682890,354936910,604982440
2022-02-23,6100,6100,6030,6080,114075,0.49586776859504134,38647,600,-46,-39201,0,84251,600,20969,8255,114075,45604,0,21015,47456,114075,234410350,3621000,-336730,-237694620,0,510457530,3621000,126995250,50043030,691116810,276047180,0,127331980,287737650,691116810
2022-02-24,6050,6100,6030,6100,189863,0.3289473684210526,45304,855,-78609,32450,0,107858,855,27609,53541,189863,62554,0,106218,21091,189863,274936730,5181300,-477551300,197433270,0,655160030,5181300,167461950,325183170,1152986450,380223300,0,645013250,127749900,1152986450
2022-02-25,6100,6250,6080,6200,219807,1.639344262295082,28479,-7500,8817,-29796,0,101085,500,101161,17061,219807,72606,8000,92344,46857,219807,175355150,-46320000,54117150,-183152300,0,622979740,3040000,623900840,105534190,1355454770,447624590,49360000,569783690,288686490,1355454770
2022-02-28,6240,6330,6150,6310,363031,1.7741935483870968,67436,-1,-78642,11207,0,135901,1,110751,116378,363031,68465,2,189393,105171,363031,422674020,-6280,-493831800,71164060,0,852680160,6290,692857760,731460340,2277004550,430006140,12570,1186689560,660296280,2277004550
2022-03-02,6150,6350,6150,6320,247091,0.15847860538827258,65394,2,-53409,-11987,0,156475,2,27936,62678,247091,91081,0,81345,74665,247091,413912290,12520,-338740380,-75184430,0,990545000,12520,175694960,395979550,1562232030,576632710,0,514435340,471163980,1562232030
2022-03-03,6350,6440,6320,6420,601804,1.5822784810126582,-8938,-21650,-39852,70440,0,204713,0,77098,319993,601804,213651,21650,116950,249553,601804,-58267550,-138153540,-255206250,451627340,0,1307878190,0,492472020,2045790890,3846141100,1366145740,138153540,747678270,1594163550,3846141100
2022-03-04,6430,6580,6380,6550,838176,2.0249221183800623,-174728,-79059,-19061,272848,0,165637,2441,196005,474093,838176,340365,81500,215066,201245,838176,-1138424110,-511771390,-124533050,1774728550,0,1076179430,15904450,1273813850,3081730340,5447628070,2214603540,527675840,1398346900,1307001790,5447628070
2022-03-07,6540,6680,6500,6600,1059595,0.7633587786259541,-158187,-1511,-93836,253534,0,166256,1491,135557,756291,1059595,324443,3002,229393,502757,1059595,-1042416820,-9957730,-619490490,1671865040,0,1096349550,9855510,894589980,4987221370,6988016410,2138766370,19813240,1514080470,3315356330,6988016410
2022-03-08,6550,6640,6400,6600,782971,0.0,65599,-85,-247232,181718,0,174709,1326,91780,515156,782971,109110,1411,339012,333438,782971,433707750,-596020,-1635707050,1202595320,0,1153643130,8751600,600299660,3401109350,5163803740,719935380,9347620,2236006710,2198514030,5163803740
2022-03-10,6600,6670,6550,6670,760364,1.0606060606060608,2195,1007,-183462,180260,0,167860,1724,25940,564840,760364,165665,717,209402,384580,760364,12497420,6640720,-1216720340,1197582200,0,1112355640,11393020,171535020,3746620900,5041904580,1099858220,4752300,1388255360,2549038700,5041904580
2022-03-11,6670,6740,6620,6730,849680,0.8995502248875562,-54214,6657,-112969,160526,0,185352,8063,54431,601834,849680,239566,1406,167400,441308,849680,-365330940,44613330,-758287080,1079004690,0,1243143800,54083510,364975640,4039734850,5701937800,1608474740,9470180,1123262720,2960730160,5701937800
2022-03-14,6730,6790,6680,6730,595507,0.0,28882,1645,-72275,41748,0,138701,1693,58675,396438,595507,109819,48,130950,354690,595507,195171070,11122400,-489173410,282879940,0,937692610,11445440,396372480,2679774010,4025284540,742521540,323040,885545890,2396894070,4025284540
2022-03-15,6740,6750,6640,6680,855354,-0.7429420505200593,-162284,731,-54127,215680,0,78069,734,57594,718957,855354,240353,3,111721,503277,855354,-1086722520,4868390,-363791290,1445645420,0,523456050,4888440,385684520,4822779095,5736808105,1610178570,20050,749475810,3377133675,5736808105
2022-03-16,6670,6760,6640,6740,847744,0.8982035928143712,23650,1150,-144812,120012,0,134374,2150,81016,630204,847744,110724,1000,225828,510192,847744,159441700,7702640,-974729310,807584970,0,904338480,14452640,545161620,4240369020,5704321760,744896780,6750000,1519890930,3432784050,5704321760
2022-03-17,6740,6750,6650,6720,856821,-0.2967359050445104,179214,-62117,-93304,-23793,0,344891,16744,54418,440768,856821,165677,78861,147722,464561,856821,1198542060,-414379140,-625639630,-158523290,0,2309379180,112151260,364402460,2953439440,5739372340,1110837120,526530400,990042090,3111962730,5739372340
2022-03-18,6710,6930,6670,6800,6387296,1.1904761904761905,-537369,-23272,-275343,835984,0,146802,534,156454,6083506,6387296,684171,23806,431797,5247522,6387296,-3668430650,-160470850,-1885022680,5713924180,0,995407530,3604500,1061386530,41404972330,43465370890,4663838180,164075350,2946409210,35691048150,43465370890
2022-03-21,6800,6820,6630,6630,276648,-2.5,108390,2858,6541,-117789,0,126475,2858,115729,31586,276648,18085,0,109188,149375,276648,726667000,19202240,42471600,-788340840,0,847455350,19202240,775548260,211691030,1853896880,120788350,0,733076660,1000031870,1853896880
2022-03-22,6690,6800,6650,6800,416595,2.564102564102564,78703,-1100,-113053,35450,0,170776,0,41992,203827,416595,92073,1100,155045,168377,416595,528598470,-7475000,-760683950,239560480,0,1147917710,0,282170020,1373984930,2804072660,619319240,7475000,1042853970,1134424450,2804072660
2022-03-23,6800,6860,6740,6750,613411,-0.7352941176470588,-19868,9018,-23863,34713,0,339000,9118,40709,224584,613411,358868,100,64572,189871,613411,-135314200,61145060,-161960910,236130050,0,2299396010,61820060,276162720,1525157860,4162536650,2434710210,675000,438123630,1289027810,4162536650
2022-03-24,6780,6800,6720,6800,282910,0.7407407407407408,23993,620,-54924,30311,0,128121,1120,20214,133455,282910,104128,500,75138,103144,282910,162759600,4189400,-372750700,205801700,0,867707140,7561400,136743790,904615250,1916627580,704947540,3372000,509494490,698813550,1916627580
2022-03-25,6730,6840,6730,6820,193228,0.29411764705882354,52101,958,-70850,17791,0,102110,3158,16764,71196,193228,50009,2200,87614,53405,193228,355100240,6457400,-483135820,121578180,0,696020720,21474400,114166030,485615260,1317276410,340920480,15017000,597301850,364037080,1317276410
2022-03-28,6820,6820,6730,6810,233459,-0.1466275659824047,35832,-151,-36695,1014,0,124334,5417,38351,65357,233459,88502,5568,75046,64343,233459,243786140,-1102060,-249630060,6945980,0,844888360,36740340,260484500,444274670,1586387870,601102220,37842400,510114560,437328690,1586387870
2022-03-29,6840,7020,6780,7020,666581,3.0837004405286343,30584,-15807,-142235,127458,0,103606,188,43077,519710,666581,73022,15995,185312,392252,666581,207311440,-109697720,-981735720,884122000,0,708571750,1290180,294899210,3588947652,4593708792,501260310,110987900,1276634930,2704825652,4593708792
2022-03-30,7000,7000,6900,6970,337156,-0.7122507122507122,19138,-16830,-56028,53720,0,122636,2224,69798,142498,337156,103498,19054,125826,88778,337156,132865780,-117255170,-389019450,373408840,0,853875700,15412430,486194740,991710800,2347193670,721009920,132667600,875214190,618301960,2347193670
2022-03-31,6970,7000,6940,6980,370521,0.1434720229555237,61083,2710,7488,-71281,0,177363,3010,92752,97396,370521,116280,300,85264,168677,370521,426556710,18912020,51862240,-497330970,0,1237215310,21003020,646532820,679576530,2584327680,810658600,2091000,594670580,1176907500,2584327680
2022-04-01,6970,6980,6840,6860,330336,-1.7191977077363898,-7448,1932,14573,-9057,0,160206,4560,86372,79198,330336,167654,2628,71799,88255,330336,-48177980,13245840,98474130,-63541990,0,1106903830,31552000,594432400,545740870,2278629100,1155081810,18306160,495958270,609282860,2278629100
2022-04-04,6890,6960,6830,6960,627952,1.4577259475218658,67815,1067,-64904,-3978,0,144110,2267,37435,444140,627952,76295,1200,102339,448118,627952,468986730,7323890,-448284990,-28025630,0,995703270,15663890,258687910,3072157305,4342212375,526716540,8340000,706972900,3100182935,4342212375
2022-04-05,6960,6980,6850,6850,244256,-1.5804597701149428,-51556,2830,9384,39342,0,143202,3485,41299,56270,244256,194758,655,31915,16928,244256,-356011120,19512840,64302260,272196020,0,992800640,24046200,286044470,389673670,1692564980,1348811760,4533360,221742210,117477650,1692564980
2022-04-06,6900,6900,6670,6670,570786,-2.627737226277372,-159677,17025,76194,66458,0,272865,17125,149962,130834,570786,432542,100,73768,64376,570786,-1069726620,115019790,511870630,442836200,0,1843127550,115690790,1010999220,880191770,3850009330,2912854170,671000,499128590,437355570,3850009330
2022-04-07,6700,6890,6700,6820,234420,2.2488755622188905,39633,-3009,-74048,37424,0,112582,2091,32384,87363,234420,72949,5100,106432,49939,234420,272093040,-20748200,-504293540,252948700,0,768622660,14118800,220097820,593619920,1596459200,496529620,34867000,724391360,340671220,1596459200
2022-04-08,6910,6950,6870,6940,432654,1.7595307917888565,-81764,-640,-99862,182266,0,166549,1640,40906,223559,432654,248313,2280,140768,41293,432654,-566574290,-4468320,-689942380,1260984990,0,1152272350,11332400,282988680,1546283120,2992876550,1718846640,15800720,972931060,285298130,2992876550
2022-04-11,6940,6960,6850,6960,478032,0.2881844380403458,630,-21340,-48398,69108,0,311176,2,24188,142666,478032,310546,21342,72586,73558,478032,1924900,-147690540,-334950830,480716470,0,2158319910,13810,167706930,990285830,3316326480,2156395010,147704350,502657760,509569360,3316326480
2022-04-12,6960,7000,6880,6960,416337,0.0,219655,-4100,-126443,-89112,0,289846,0,57496,68995,416337,70191,4100,183939,158107,416337,1532232380,-28586000,-881987480,-621658900,0,2022501670,0,401101510,481421420,2905024600,490269290,28586000,1283088990,1103080320,2905024600
2022-04-13,6980,7020,6900,7010,304241,0.7183908045977011,111235,-970,-120012,9747,0,214493,1430,36556,51762,304241,103258,2400,156568,42015,304241,778689630,-6804000,-840317110,68431480,0,1501573160,10010000,255975640,362263930,2129822730,722883530,16814000,1096292750,293832450,2129822730
2022-04-14,7020,7150,7000,7130,295545,1.7118402282453637,156949,-4657,-163112,10820,0,212130,0,38059,45356,295545,55181,4657,201171,34536,295545,1113822860,-33063130,-1156696130,75936400,0,1504950570,0,270368930,320614220,2095933720,391127710,33063130,1427065060,244677820,2095933720
2022-04-15,7070,7350,6990,7340,591536,2.9453015427769986,301648,-5030,-294156,-2462,0,380125,225,139520,71666,591536,78477,5255,433676,74128,591536,2182417240,-36283490,-2128760020,-17373730,0,2749779450,1629000,1010399740,518305800,4280113990,567362210,37912490,3139159760,535679530,4280113990
2022-04-18,7290,7290,7110,7110,424537,-3.1335149863760217,185571,692,-57287,-128976,0,307236,2092,98145,17064,424537,121665,1400,155432,146040,424537,1333492880,4970750,-411850570,-926613060,0,2206704350,15049010,704466010,122738950,3048958320,873211470,10078260,1116316580,1049352010,3048958320
2022-04-19,7110,7180,7100,7180,198404,0.9845288326300985,37281,-2714,-54574,20007,0,120210,301,23084,54809,198404,82929,3015,77658,34802,198404,266091190,-19377950,-389950990,143237750,0,859193410,2143130,164728650,392074340,1418139530,593102220,21521080,554679640,248836590,1418139530
2022-04-20,7180,7290,7160,7290,609120,1.532033426183844,59628,-2138,-72728,15238,0,163407,0,29456,416257,609120,103779,2138,102184,401019,609120,430546220,-15461450,-526695280,111610510,0,1180492190,0,212504750,3015084200,4408081140,749945970,15461450,739200030,2903473690,4408081140
2022-04-21,7220,7320,7200,7200,334764,-1.2345679012345678,267253,1008,-27176,-241085,0,275848,5500,44315,9101,334764,8595,4492,71491,250186,334764,1935721070,7392840,-197187600,-1745926310,0,1997974680,39875000,320570120,65709230,2424129030,62253610,32482160,517757720,1811635540,2424129030
2022-04-22,7200,7300,7160,7230,252900,0.4166666666666667,123254,168,-68507,-54915,0,148676,2671,34376,67177,252900,25422,2503,102883,122092,252900,895756900,1286170,-499136280,-397906790,0,1079587120,19436590,248801480,488310290,1836135480,183830220,18150420,747937760,886217080,1836135480
2022-04-25,7200,7250,7140,7250,528685,0.2766251728907331,109914,-602,-33186,-76126,0,312405,0,70322,145958,528685,202491,602,103508,222084,528685,793445240,-4343440,-239877880,-549223920,0,2250799410,0,505340080,1050636854,3806776344,1457354170,4343440,745217960,1599860774,3806776344
2022-04-26,7270,7290,7230,7290,598167,0.5517241379310345,150733,-4955,-62645,-83133,0,217742,0,25251,355174,598167,67009,4955,87896,438307,598167,1096669240,-36058400,-455936850,-604673990,0,1583817070,0,183507560,2582844282,4350168912,487147830,36058400,639444410,3187518272,4350168912
2022-04-27,7260,7290,7160,7200,439258,-1.2345679012345678,253147,-14321,-82966,-155860,0,295602,1279,70736,71641,439258,42455,15600,153702,227501,439258,1829624950,-103623400,-600922150,-1125079400,0,2136156930,9234600,509427010,517794080,3172612620,306531980,112858000,1110349160,1642873480,3172612620
2022-04-28,7200,7240,6970,7130,499112,-0.9722222222222222,98292,-1400,-53952,-42940,0,276587,0,101864,120661,499112,178295,1400,155816,163601,499112,695318190,-9814000,-381116630,-304387560,0,1951046620,0,717019940,852806920,3520873480,1255728430,9814000,1098136570,1157194480,3520873480
2022-04-29,7120,7330,7060,7330,419966,2.805049088359046,156839,-1100,-123628,-32111,0,207449,0,16276,196241,419966,50610,1100,139904,228352,419966,1132332790,-8058000,-897153900,-227120890,0,1498156560,0,117494420,1429020360,3044671340,365823770,8058000,1014648320,1656141250,3044671340
2022-05-02,7170,7230,7110,7200,301967,-1.7735334242837655,118922,22900,38670,-180492,0,157703,23000,74310,46954,301967,38781,100,35640,227446,301967,852289990,164151240,276537240,-1292978470,0,1130074400,164866240,531890730,336740130,2163571500,277784410,715000,255353490,1629718600,2163571500
2022-05-03,7210,7210,6880,6980,412968,-3.0555555555555554,29042,-32332,80918,-77628,0,168034,3000,201219,40715,412968,138992,35332,120301,118343,412968,205862510,-224634170,563597110,-544825450,0,1173213540,20840000,1407821400,285385880,2887260820,967351030,245474170,844224290,830211330,2887260820
2022-05-04,6930,6980,6710,6980,228308,0.0,35204,7672,-26150,-16726,0,155067,13055,43155,17031,228308,119863,5383,69305,33757,228308,243805580,53117340,-180791510,-116131410,0,1072894260,90303870,297545800,117622540,1578366470,829088680,37186530,478337310,233753950,1578366470
2022-05-06,6880,6980,6830,6940,127530,-0.5730659025787965,37575,9680,-5390,-41865,0,61091,12024,51229,3186,127530,23516,2344,56619,45051,127530,258122210,66731240,-36947440,-287906010,0,419772050,82915200,352023950,21834870,876546070,161649840,16183960,388971390,309740880,876546070
2022-05-09,6890,6890,6750,6820,200850,-1.729106628242075,130703,5031,-52667,-83067,0,145293,5375,38395,11787,200850,14590,344,91062,94854,200850,889977820,34081530,-358715010,-565344340,0,989198110,36439610,260718050,80299720,1366655490,99220290,2358080,619433060,645644060,1366655490
2022-05-10,6720,6730,6600,6620,300201,-2.932551319648094,66760,-505,19560,-85815,0,135542,3627,102461,58571,300201,68782,4132,82901,144386,300201,443988370,-3308570,130063470,-570743270,0,901327040,24082950,681473520,389058590,1995942100,457338670,27391520,551410050,959801860,1995942100
2022-05-11,6660,6770,6560,6700,200712,1.2084592145015105,79191,-7427,4153,-75917,0,102285,1200,45157,52070,200712,23094,8627,41004,127987,200712,530588240,-49176630,27748660,-509160270,0,684980880,8016000,302762030,347965070,1343723980,154392640,57192630,275013370,857125340,1343723980
2022-05-12,6600,6790,6600,6670,211846,-0.44776119402985076,84566,-5299,-26514,-52753,0,98785,201,23557,89303,211846,14219,5500,50071,142056,211846,568691400,-35623670,-178725930,-354341800,0,664100040,1352710,158088680,599238650,1422780080,95408640,36976380,336814610,953580450,1422780080
2022-05-13,6620,7060,6620,6860,846320,2.848575712143928,297284,-267208,-13604,-16472,0,339121,0,50350,456849,846320,41837,267208,63954,473321,846320,2022499270,-1821848660,-93143990,-107506620,0,2309812170,0,345961850,3127471240,5783245260,287312900,1821848660,439105840,3234977860,5783245260
2022-05-16,6800,7030,6800,6920,411345,0.8746355685131195,59481,-6868,-25566,-27047,0,97688,1000,33385,279272,411345,38207,7868,58951,306319,411345,413096690,-47556660,-178035330,-187504700,0,678381830,6930000,231650560,1939351250,2856313640,265285140,54486660,409685890,2126855950,2856313640
2022-05-17,6920,6980,6790,6850,382186,-1.0115606936416186,187437,-103696,27044,-110785,0,197104,4227,51196,129659,382186,9667,107923,24152,240444,382186,1290415970,-715721130,184243560,-758938400,0,1356864170,28947570,350154170,889943110,2625909020,66448200,744668700,165910610,1648881510,2625909020
2022-05-18,6840,6870,6760,6800,192442,-0.7299270072992701,76965,-6951,-21287,-48727,0,100542,50,31075,60775,192442,23577,7001,52362,109502,192442,524646780,-47363750,-145235490,-332047540,0,685187800,341000,211558310,414327350,1311414460,160541020,47704750,356793800,746374890,1311414460
2022-05-19,6750,6850,6660,6830,425026,0.4411764705882353,10659,-94725,6551,77515,0,170151,1002,49104,204769,425026,159492,95727,42553,127254,425026,70093240,-631957850,42947460,518917150,0,1144742720,6738500,330412340,1380672260,2862565820,1074649480,638696350,287464880,861755110,2862565820
2022-05-20,6830,6850,6730,6790,204690,-0.5856515373352855,57877,5347,44,-63268,0,103555,7002,26454,67679,204690,45678,1655,26410,130947,204690,394269490,36166820,-2200,-430434110,0,704644270,47503570,179628740,459975070,1391751650,310374780,11336750,179630940,890409180,1391751650
2022-05-23,6700,6740,6650,6650,284245,-2.0618556701030926,31317,-11951,43647,-63013,0,154188,1506,76650,51901,284245,122871,13457,33003,114914,284245,208341040,-79912160,292030900,-420459780,0,1031396190,10035080,512392970,347034080,1900858320,823055150,89947240,220362070,767493860,1900858320
2022-05-24,6660,6790,6650,6710,453995,0.9022556390977444,56644,-4783,-214,-51647,0,193600,1,41618,218776,453995,136956,4784,41832,270423,453995,380097740,-32115100,-2074190,-345908450,0,1297764310,6700,278724630,1466721980,3043217620,917666570,32121800,280798820,1812630430,3043217620
2022-05-25,6700,6880,6700,6770,294647,0.8941877794336811,137015,-1501,-32068,-103446,0,145245,0,43745,105657,294647,8230,1501,75813,209103,294647,934364690,-10211850,-219344830,-704808010,0,990462540,0,298203150,719526020,2008191710,56097850,10211850,517547980,1424334030,2008191710
2022-05-26,6770,6900,6760,6810,477661,0.5908419497784343,285400,1,-16774,-268627,0,293227,1,34732,149701,477661,7827,0,51506,418328,477661,1956054720,6840,-115717960,-1840343600,0,2009682710,6840,236896520,1023926680,3270512750,53627990,0,352614480,2864270280,3270512750
2022-05-27,6930,7030,6860,7030,872432,3.2305433186490458,272577,-49300,-177421,-45856,0,337477,0,16851,518104,872432,64900,49300,194272,563960,872432,1891882040,-342088840,-1238868980,-310924220,0,2343052400,0,117004510,3606593453,6066650363,451170360,342088840,1355873490,3917517673,6066650363
2022-05-30,7010,7010,6870,6890,255673,-1.991465149359886,136942,2501,30052,-169495,0,148762,2501,52774,51636,255673,11820,0,22722,221131,255673,943771490,17241190,206886830,-1167899510,0,1025303800,17241190,363839640,357229845,1763614475,81532310,0,156952810,1525129355,1763614475
2022-05-31,6850,6950,6770,6770,899057,-1.741654571843251,129178,1002,33427,-163607,0,144912,1002,56937,696206,899057,15734,0,23510,859813,899057,885320000,6783580,226040630,-1118144210,0,993227430,6783580,387238440,4718693770,6105943220,107907430,0,161197810,5836837980,6105943220
2022-06-02,6820,6910,6770,6860,186074,1.329394387001477,94130,-1,-11487,-82642,0,137550,0,17573,30951,186074,43420,1,29060,113593,186074,647105450,-6890,-78903000,-568195560,0,945264170,0,120557600,211819490,1277641260,298158720,6890,199460600,780015050,1277641260
2022-06-03,6770,6880,6730,6800,459524,-0.8746355685131195,172874,-4065,43278,-212087,0,184315,2,89250,185957,459524,11441,4067,45972,398044,459524,1172334600,-27563530,291862680,-1436633750,0,1250151480,13560,604221300,1261895120,3116281460,77816880,27577090,312358620,2698528870,3116281460
2022-06-07,6650,6810,6650,6780,261690,-0.29411764705882354,176423,-4768,-33438,-138217,0,199927,1000,20760,40003,261690,23504,5768,54198,178220,261690,1192540790,-32236500,-226770180,-933534110,0,1350834340,6760000,139540980,269171860,1766307180,158293550,38996500,366311160,1202705970,1766307180
2022-06-08,6700,6770,6700,6740,160232,-0.5899705014749262,81422,-1698,28350,-108074,0,82218,1100,44111,32803,160232,796,2798,15761,140877,160232,547233730,-11387600,190176600,-726022730,0,552586630,7393000,296065750,220613950,1076659330,5352900,18780600,105889150,946636680,1076659330
2022-06-09,6770,6780,6700,6750,52134,0.1483679525222552,18065,-2500,-7931,-7634,0,20697,0,7868,23569,52134,2632,2500,15799,31203,52134,121677950,-16845000,-53415890,-51417060,0,139376930,0,52969010,158835130,351181070,17698980,16845000,106384900,210252190,351181070
2022-06-10,6770,6800,6530,6530,272261,-3.259259259259259,-50614,502,61529,-11417,0,110469,502,84162,77128,272261,161083,0,22633,88545,272261,-333038100,3278480,408453110,-78693490,0,737282570,3278480,560206480,514192990,1814960520,1070320670,0,151753370,592886480,1814960520
2022-06-13,6560,6610,6530,6540,119635,0.1531393568147014,47737,432,-29430,-18739,0,73894,647,23570,21524,119635,26157,215,53000,40263,119635,314100610,2820980,-193569970,-123351620,0,485705420,4231380,154684050,141290520,785911370,171604810,1410400,348254020,264642140,785911370
2022-06-14,6450,6500,6220,6270,411658,-4.128440366972478,136328,7003,79793,-223124,0,189187,7003,155839,59629,411658,52859,0,76046,282753,411658,863532860,44308720,499566360,-1407407940,0,1196080780,44308720,983154950,377630940,2601175390,332547920,0,483588590,1785038880,2601175390
2022-06-15,6360,6360,6200,6200,101256,-1.1164274322169059,6676,-1402,16037,-21311,0,27834,1598,44690,27134,101256,21158,3000,28653,48445,101256,41491020,-8656430,100858740,-133693330,0,173851290,10033060,279562830,168809250,632256430,132360270,18689490,178704090,302502580,632256430
2022-06-16,6280,6280,6050,6050,236386,-2.4193548387096775,-48957,4589,105021,-60653,0,63517,5589,136877,30403,236386,112474,1000,31856,91056,236386,-302708210,28459860,645639070,-371390720,0,388936330,34639860,841850110,186044310,1451470610,691644540,6180000,196211040,557435030,1451470610
2022-06-17,6140,6140,5800,5900,906236,-2.479338842975207,19589,1977,74499,-96065,0,97993,1977,131752,674514,906236,78404,0,57253,770579,906236,116715370,11713430,437177590,-565606390,0,580141340,11713430,777331230,3976114260,5345300260,463425970,0,340153640,4541720650,5345300260
2022-06-20,6000,6000,5520,5610,544161,-4.915254237288136,-181236,2312,109282,69642,0,97017,3312,225707,218125,544161,278253,1000,116425,148483,544161,-1018435760,12989360,620603110,384843290,0,549860630,18675360,1280487670,1226698100,3075721760,1568296390,5686000,659884560,841854810,3075721760
2022-06-21,5570,5690,5520,5600,341643,-0.17825311942959002,-129350,4101,51465,73784,0,100044,4101,108883,128615,341643,229394,0,57418,54831,341643,-722776750,22919660,287522840,412334250,0,563005000,22919660,609247670,719726360,1914898690,1285781750,0,321724830,307392110,1914898690
2022-06-22,5810,5810,5590,5600,272774,0.0,67212,-5500,-39817,-21895,0,164832,100,51497,56345,272774,97620,5600,91314,78240,272774,378821840,-30808000,-225822600,-122191240,0,929318510,564000,291085970,319244990,1540213470,550496670,31372000,516908570,441436230,1540213470
2022-06-23,5600,5660,5440,5480,556544,-2.142857142857143,-199306,21066,25703,152537,0,111859,21066,82490,341129,556544,311165,0,56787,188592,556544,-1096123200,116045730,140638590,839438880,0,616447460,116045730,452979580,1880528800,3066001570,1712570660,0,312340990,1041089920,3066001570
2022-06-24,5660,5770,5520,5720,206548,4.37956204379562,70284,14532,-25520,-59296,0,110066,14532,46905,35045,206548,39782,0,72425,94341,206548,400131440,82093260,-144551910,-337672790,0,625079470,82093260,265095960,197052040,1169320730,224948030,0,409647870,534724830,1169320730
2022-06-27,5800,5990,5650,5870,298173,2.6223776223776225,-74643,13838,100840,-40035,0,80658,15038,138209,64268,298173,155301,1200,37369,104303,298173,-426501630,80187710,577611950,-231298030,0,468534370,87183710,794794500,371639990,1722152570,895036000,6996000,217182550,602938020,1722152570
2022-06-28,5870,5890,5680,5800,167165,-1.192504258943782,1396,17115,-6011,-12500,0,33588,17215,39857,76505,167165,32192,100,45868,89005,167165,9059810,98741420,-35820730,-71980500,0,194218380,99322420,229515670,441960050,965016520,185158570,581000,265336400,513940550,965016520
2022-06-29,5800,5800,5600,5620,288303,-3.103448275862069,-138769,15289,34321,89159,0,48374,15289,44787,179853,288303,187143,0,10466,90694,288303,-782359510,86391950,193092830,502874730,0,272801810,86391950,252299200,1014444140,1625937100,1055161320,0,59206370,511569410,1625937100
2022-06-30,5790,5790,5600,5630,268950,0.1779359430604982,-110962,50,14993,95919,0,25764,650,30711,211825,268950,136726,600,15718,115906,268950,-628065140,278500,83796230,543990410,0,146460610,3680500,173171510,1200437930,1523750550,774525750,3402000,89375280,656447520,1523750550
2022-07-01,5800,5900,5570,5650,293416,0.3552397868561279,-37274,-1400,-7143,45817,0,98185,0,62101,133130,293416,135459,1400,69244,87313,293416,-209185180,-8024000,-48284590,265493770,0,555077140,0,350633650,762840880,1668551670,764262320,8024000,398918240,497347110,1668551670
2022-07-04,5650,5730,5350,5480,336504,-3.0088495575221237,-77719,2024,-23755,99450,0,29558,2024,136172,168750,336504,107277,0,159927,69300,336504,-422072170,10932230,-124811260,535951200,0,161287950,10932230,740492850,915343580,1828056610,583360120,0,865304110,379392380,1828056610
2022-07-05,5500,5770,5420,5750,203816,4.927007299270073,4423,-900,3199,-6722,0,116370,100,38832,48514,203816,111947,1000,35633,55236,203816,31118140,-5096000,14528890,-40551030,0,648904940,574000,214168500,270259170,1133906610,617786800,5670000,199639610,310810200,1133906610
2022-07-06,5560,5800,5530,5600,158496,-2.608695652173913,3334,5,-1040,-2299,0,73708,6,25272,59510,158496,70374,1,26312,61809,158496,23028320,27530,-7687240,-15368610,0,417504040,33270,141767010,335074010,894378330,394475720,5740,149454250,350442620,894378330
2022-07-07,5600,5740,5550,5560,119819,-0.7142857142857143,12268,1100,24878,-38246,0,45504,1100,40918,32297,119819,33236,0,16040,70543,119819,68905500,6123000,138917330,-213945830,0,254875330,6123000,228652480,180659600,670310410,185969830,0,89735150,394605430,670310410
2022-07-08,5530,5630,5450,5460,208195,-1.7985611510791366,-78302,9628,46749,21925,0,27783,9828,65716,104868,208195,106085,200,18967,82943,208195,-429407230,52810750,256595220,120001260,0,152937640,53918750,360756040,575840260,1143452690,582344870,1108000,104160820,455839000,1143452690
2022-07-11,5500,5510,5270,5350,248701,-2.0146520146520146,-94807,1416,85907,7484,0,26664,1417,114896,105724,248701,121471,1,28989,98240,248701,-507619140,7613620,460230460,39775060,0,142425910,7618990,614811900,566494020,1331350820,650045050,5370,154581440,526718960,1331350820
2022-07-12,5330,5330,5150,5270,166229,-1.4953271028037385,-54354,-9900,25536,38718,0,18175,1172,70109,76773,166229,72529,11072,44573,38055,166229,-284886730,-51805010,134182790,202508950,0,94970490,6161310,366795450,401681860,869609110,379857220,57966320,232612660,199172910,869609110
2022-07-13,5350,5380,5180,5280,174297,0.18975332068311196,-43283,227,7192,35864,0,8645,1001,29824,134827,174297,51928,774,22632,98963,174297,-229312110,1162960,37491580,190657570,0,45749890,5309340,157954500,714881890,923895620,275062000,4146380,120462920,524224320,923895620
2022-07-14,5300,5410,5270,5330,148070,0.946969696969697,-46067,9201,16001,20865,0,10195,9501,35359,93015,148070,56262,300,19358,72150,148070,-245000790,49080360,85409480,110510950,0,54196870,50685360,188218070,494628130,787728430,299197660,1605000,102808590,384117180,787728430
2022-07-15,5260,5330,5100,5150,319576,-3.377110694183865,-90124,725,127176,-37777,0,57504,1125,155257,105690,319576,147628,400,28081,143467,319576,-466604950,3669980,658187360,-195252390,0,296665070,5753980,804007460,546850980,1653277490,763270020,2084000,145820100,742103370,1653277490
2022-07-18,5150,5290,5130,5160,262345,0.1941747572815534,-116095,19419,76639,20037,0,44701,19419,99523,98702,262345,160796,0,22884,78665,262345,-597644840,100002430,394800640,102841770,0,230997380,100002430,513534060,508999970,1353533840,828642220,0,118733420,406158200,1353533840
2022-07-19,5170,5240,5130,5170,169187,0.1937984496124031,-41788,7034,26742,8012,0,26095,7034,47414,88644,169187,67883,0,20672,80632,169187,-214811280,36207840,137509920,41093520,0,135243710,36207840,244796580,457249460,873497590,350054990,0,107286660,416155940,873497590
2022-07-20,5170,5180,5040,5090,378141,-1.5473887814313347,-112974,9858,223137,-120021,0,69620,13866,254993,39662,378141,182594,4008,31856,159683,378141,-575466280,50516580,1137447480,-612497780,0,353886870,70758260,1299100880,201981930,1925727940,929353150,20241680,161653400,814479710,1925727940
2022-07-21,5090,5140,5040,5110,136629,0.3929273084479371,-51441,-3438,46283,8596,0,25391,3176,65255,42807,136629,76832,6614,18972,34211,136629,-261072460,-17363290,234580720,43855030,0,128930360,16075130,331043590,217509030,693558110,390002820,33438420,96462870,173654000,693558110
2022-07-22,5070,5140,5060,5130,94372,0.3913894324853229,-17326,0,15705,1621,0,25296,2151,35533,31392,94372,42622,2151,19828,29771,94372,-88052350,-21770,79884670,8189450,0,129074330,10948350,181047040,160011310,481081030,217126680,10970120,101162370,151821860,481081030
2022-07-25,5160,5160,5070,5110,244047,-0.3898635477582846,-139989,100,77973,61916,0,34314,101,85736,123896,244047,174303,1,7763,61980,244047,-711735950,507990,396460460,314767500,0,174496810,513080,435982490,630225880,1241218260,886232760,5090,39522030,315458380,1241218260
2022-07-26,5160,5160,5080,5090,427827,-0.3913894324853229,-246480,1000,48017,197463,0,29625,1000,57253,339949,427827,276105,0,9236,142486,427827,-1256808080,5095000,244707420,1007005660,0,151020020,5095000,291927300,1733198051,2181240371,1407828100,0,47219880,726192391,2181240371
2022-07-27,5120,5130,5070,5130,145223,0.7858546168958742,-11739,1201,15528,-4990,0,45092,1201,36091,62839,145223,56831,0,20563,67829,145223,-59784540,6104110,78980470,-25300040,0,229928900,6104110,183725840,320200690,739959540,289713440,0,104745370,345500730,739959540
2022-07-28,5160,5170,5080,5100,218492,-0.5847953216374269,-62960,5661,93016,-35717,0,52702,5662,112184,47944,218492,115662,1,19168,83661,218492,-322080160,28870560,475724100,-182514500,0,269109520,28875690,573829670,244773890,1116588770,591189680,5130,98105570,427288390,1116588770
2022-07-29,5110,5190,5100,5190,268830,1.7647058823529411,-65969,1568,15198,49203,0,43186,3501,68978,153165,268830,109155,1933,53780,103962,268830,-338871610,8059660,77426560,253385390,0,222375640,17990150,354879690,788762430,1384007910,561247250,9930490,277453130,535377040,1384007910
2022-08-01,5200,5610,5190,5570,480946,7.321772639691715,-59853,9146,-107785,158492,0,127871,12956,80823,259296,480946,187724,3810,188608,100804,480946,-330837780,49970870,-585322790,866189700,0,699849580,70739630,438978260,1415902200,2625469670,1030687360,20768760,1024301050,549712500,2625469670
2022-08-02,5570,5580,5430,5450,199937,-2.154398563734291,54092,-500,10464,-64056,0,96617,200,32605,70515,199937,42525,700,22141,134571,199937,297207200,-2747000,57695010,-352155210,0,529949960,1087000,179045100,385857540,1095939600,232742760,3834000,121350090,738012750,1095939600
2022-08-03,5380,5640,5350,5380,175089,-1.2844036697247707,7212,0,31020,-38232,0,61601,0,54825,58663,175089,54389,0,23805,96895,175089,39971460,0,168555290,-208526750,0,335191910,0,298156800,319338150,952686860,295220450,0,129601510,527864900,952686860
2022-08-04,5480,5520,5380,5430,302586,0.929368029739777,-31277,199,31233,-155,0,68555,200,39532,194299,302586,99832,1,8299,194454,302586,-169195440,1074560,169144170,-1023290,0,371621430,1080000,214296340,1052432873,1639430643,540816870,5440,45152170,1053456163,1639430643
2022-08-05,5500,5500,5410,5490,99871,1.1049723756906076,52157,10,18344,-70511,0,65162,10,29601,5098,99871,13005,0,11257,75609,99871,285282050,54300,99941870,-385278220,0,356110650,54300,161400370,27924530,545489850,70828600,0,61458500,413202750,545489850
2022-08-08,5510,5560,5400,5470,124634,-0.36429872495446264,77865,-1,-13099,-64765,0,86378,0,21119,17137,124634,8513,1,34218,81902,124634,429309640,-5510,-72618850,-356685280,0,476088330,0,115763890,94231040,686083260,46778690,5510,188382740,450916320,686083260
2022-08-09,5560,5560,5450,5500,131742,0.5484460694698354,33091,-259,4086,-36918,0,45447,100,37008,49187,131742,12356,359,32922,86105,131742,181694500,-1428500,22479840,-202745840,0,249373780,546000,202957090,269798330,722675200,67679280,1974500,180477250,472544170,722675200
2022-08-10,5490,5500,5420,5470,82024,-0.5454545454545455,10038,300,13257,-23595,0,17238,300,34135,30351,82024,7200,0,20878,53946,82024,54572760,1628000,72194100,-128394860,0,93743630,1628000,185806110,165763790,446941530,39170870,0,113612010,294158650,446941530
2022-08-11,5460,5570,5460,5530,155535,1.0968921389396709,6739,7225,-6120,-7844,0,20181,7225,23043,105086,155535,13442,0,29163,112930,155535,37167700,39993490,-33937070,-43224120,0,111200260,39993490,127003460,579637640,857834850,74032560,0,160940530,622861760,857834850
2022-08-12,5530,5540,5410,5500,108768,-0.5424954792043399,-11345,3833,29441,-21929,0,15442,3933,43876,45517,108768,26787,100,14435,67446,108768,-62017810,21091650,161079280,-120153120,0,84684820,21640650,240551170,249385060,596261700,146702630,549000,79471890,369538180,596261700
2022-08-16,5540,5550,5460,5460,94366,-0.7272727272727273,15865,1904,21552,-39321,0,40102,1918,31209,21137,94366,24237,14,9657,60458,94366,87469610,10467440,118085820,-216022870,0,220552750,10545000,171244460,116226300,518568510,133083140,77560,53158640,332249170,518568510
2022-08-17,5480,5530,5460,5500,57605,0.7326007326007326,8765,5000,7621,-21386,0,21626,5000,19993,10986,57605,12861,0,12372,32372,57605,48244200,27400000,41802070,-117446270,0,118824070,27400000,109726230,60373270,316323570,70579870,0,67924160,177819540,316323570
2022-08-18,5510,5530,5470,5520,62901,0.36363636363636365,28046,6921,9669,-44636,0,32893,7421,22324,263,62901,4847,500,12655,44899,62901,154578420,38012490,53158340,-245749250,0,181230960,40765490,122785290,1450860,346232600,26652540,2753000,69626950,247200110,346232600
2022-08-19,5500,5560,5500,5550,106460,0.5434782608695652,32458,7446,-17765,-22139,0,32943,7847,26983,38687,106460,485,401,44748,60826,106460,179581370,41094330,-98428290,-122247410,0,182263950,43315860,149310640,214235420,589125870,2682580,2221530,247738930,336482830,589125870
2022-08-22,5540,5540,5420,5470,97092,-1.4414414414414414,22135,10300,-6512,-25923,0,33114,10300,33567,20111,97092,10979,0,40079,46034,97092,121222110,56648000,-36137700,-141732410,0,181198930,56648000,183624470,109683060,531154460,59976820,0,219762170,251415470,531154460
2022-08-23,5460,5460,5230,5390,134610,-1.4625228519195612,-4692,2901,-7333,9124,0,19218,12407,49484,53501,134610,23910,9506,56817,44377,134610,-24862880,15870920,-38833000,47824960,0,103018600,66347780,265250780,285589750,720206910,127881480,50476860,304083780,237764790,720206910
2022-08-24,5390,5440,5280,5290,108915,-1.855287569573284,-6439,19379,18517,-31457,0,25902,20867,34755,27391,108915,32341,1488,16238,58848,108915,-34222700,102870330,98382960,-167030590,0,137530300,110786490,184715560,145493050,578525400,171753000,7916160,86332600,312523640,578525400
2022-08-25,5300,5490,5290,5440,73217,2.835538752362949,19895,1866,-4787,-16974,0,31137,1866,11505,28709,73217,11242,0,16292,45683,73217,107759560,9986240,-26401770,-91344030,0,168297450,9986240,61755030,154920500,394959220,60537890,0,88156800,246264530,394959220
2022-08-26,5510,5510,5430,5490,54234,0.9191176470588236,-13745,3079,-589,11255,0,6178,3129,11171,33756,54234,19923,50,11760,22501,54234,-74998210,16767970,-3269780,61500020,0,33717840,17040470,60890870,184415430,296064610,108716050,272500,64160650,122915410,296064610
2022-08-29,5350,5500,5350,5500,146960,0.18214936247723132,-94380,5271,-30786,119895,0,5269,5771,9637,126283,146960,99649,500,40423,6388,146960,-516608610,28413600,-167709920,655904930,0,28713170,31138600,52301320,690798180,802951270,545321780,2725000,220011240,34893250,802951270
2022-08-30,5500,5530,5470,5520,69992,0.36363636363636365,27224,0,-36637,9413,0,38750,0,14319,16923,69992,11526,0,50956,7510,69992,150067760,0,-202021870,51954110,0,213749420,0,78999000,93328690,386077110,63681660,0,281020870,41374580,386077110
2022-08-31,5530,5530,5420,5530,76417,0.18115942028985507,-13745,-200,-2882,16827,0,20471,0,9711,46235,76417,34216,200,12593,29408,76417,-75135580,-1100000,-16127590,92363170,0,112213910,0,53063320,253413330,418690560,187349490,1100000,69190910,161050160,418690560
2022-09-01,5540,5550,5410,5450,120178,-1.4466546112115732,7190,-999,-24028,17837,0,11464,1,9515,99198,120178,4274,1000,33543,81361,120178,39492730,-5504470,-132377710,98389450,0,63102330,5530,52251380,546273480,661632720,23609600,5510000,184629090,447884030,661632720
2022-09-02,5470,5550,5450,5540,140524,1.651376146788991,-29755,-18100,-31492,79347,0,3474,100,18079,118871,140524,33229,18200,49571,39524,140524,-164099280,-100073000,-173547140,437719420,0,19117780,553000,99821090,655830130,775322000,183217060,100626000,273368230,218110710,775322000
2022-09-05,5540,5560,5410,5410,39865,-2.3465703971119134,1394,3000,-1313,-3081,0,12386,3000,10450,14029,39865,10992,0,11763,17110,39865,7786490,16440000,-6922870,-17303620,0,67985680,16440000,57296690,76681600,218403970,60199190,0,64219560,93985220,218403970
2022-09-06,5450,5480,5310,5380,124280,-0.5545286506469501,5264,100,3728,-9092,0,18784,100,14226,91170,124280,13520,0,10498,100262,124280,28708950,544000,19953910,-49206860,0,101665060,544000,76723260,492692030,671624350,72956110,0,56769350,541898890,671624350
2022-09-07,5380,5450,5310,5390,80135,0.18587360594795538,3818,10000,793,-14611,0,20569,10000,16532,33034,80135,16751,0,15739,47645,80135,20497140,53400000,4307720,-78204860,0,110149940,53400000,88423770,176905830,428879540,89652800,0,84116050,255110690,428879540
2022-09-08,5510,5540,5410,5450,152710,1.1131725417439702,2687,2486,-4383,-790,0,9545,2486,18071,122608,152710,6858,0,22454,123398,152710,14665160,13648140,-24249410,-4063890,0,52107390,13648140,99158150,670754772,835668452,37442230,0,123407560,674818662,835668452
2022-09-13,5410,5610,5410,5550,168948,1.834862385321101,49989,-244,-31133,-18612,0,54586,48,11169,103145,168948,4597,292,42302,121757,168948,277895600,-1368280,-172907130,-103620190,0,303464220,264000,61817410,571627558,937173188,25568620,1632280,234724540,675247748,937173188
2022-09-14,5450,5620,5330,5560,154135,0.18018018018018017,36612,-280,-17222,-19110,0,68293,0,12466,73376,154135,31681,280,29688,92486,154135,203091040,-1567870,-95254030,-106269140,0,379314100,0,68254860,406598978,854167938,176223060,1567870,163508890,512868118,854167938
2022-09-15,5630,5630,5500,5530,90264,-0.539568345323741,-1107,-1,-9144,10252,0,4468,0,13895,71901,90264,5575,1,23039,61649,90264,-6219820,-5560,-50849390,57074770,0,24776950,0,77338580,399224186,501339716,30996770,5560,128187970,342149416,501339716
2022-09-16,5590,5660,5500,5660,669424,2.3508137432188065,2253,-347,-29446,27540,0,35059,0,13286,621079,669424,32806,347,42732,593539,669424,12465600,-1936790,-165415490,154886680,0,195600530,0,74115300,3501144110,3770859940,183134930,1936790,239530790,3346257430,3770859940
2022-09-19,5530,5660,5520,5540,160829,-2.1201413427561837,53723,30150,-18177,-65696,0,64308,30400,20291,45830,160829,10585,250,38468,111526,160829,301768260,169696650,-102430050,-369034860,0,361024050,171110150,113051300,256840020,902025520,59255790,1413500,215481350,625874880,902025520
2022-09-20,5640,5730,5580,5620,162981,1.444043321299639,69011,29364,-31048,-67327,0,83241,30000,3386,46354,162981,14230,636,34434,113681,162981,388876090,165720190,-175379670,-379216610,0,469076990,169314510,19129390,261599160,919120050,80200900,3594320,194509060,640815770,919120050
2022-09-21,5710,5710,5510,5560,140388,-1.0676156583629894,23004,20149,-7816,-35337,0,52717,20149,11479,56043,140388,29713,0,19295,91380,140388,128624180,112635450,-43895130,-197364500,0,294272820,112635450,63907880,313156130,783972280,165648640,0,107803010,510520630,783972280
2022-09-22,5560,5590,5480,5480,81042,-1.4388489208633095,22731,21826,-14185,-30372,0,35799,23826,8862,12555,81042,13068,2000,23047,42927,81042,125986330,120935060,-78563110,-168358280,0,198534620,132075060,49028880,69442820,449081380,72548290,11140000,127591990,237801100,449081380
2022-09-23,5480,5520,5360,5380,46725,-1.824817518248175,-5207,5980,2953,-3726,0,11884,6046,19224,9571,46725,17091,66,16271,13297,46725,-27960690,32383390,15886520,-20309220,0,64318790,32738720,103894780,51709450,252661740,92279480,355330,88008260,72018670,252661740
2022-09-26,5400,5460,5290,5290,201888,-1.6728624535315983,-43865,36487,-12687,20065,0,34536,36700,29332,101320,201888,78401,213,42019,81255,201888,-233511560,195720870,-69589040,107379730,0,185804000,196856290,156658070,542891420,1082209780,419315560,1135420,226247110,435511690,1082209780
2022-09-27,5240,5390,5200,5200,92104,-1.7013232514177694,5275,0,-9977,4702,0,37895,0,21570,32639,92104,32620,0,31547,27937,92104,28149190,0,-52094900,23945710,0,200114360,0,113357340,171240060,484711760,171965170,0,165452240,147294350,484711760
2022-09-28,5200,5290,5030,5170,111891,-0.576923076923077,-26031,14012,14413,-2394,0,12695,14012,60445,24739,111891,38726,0,46032,27133,111891,-132559100,71932190,73548740,-12921830,0,64830090,71932190,308001700,126123860,570887840,197389190,0,234452960,139045690,570887840
2022-09-29,5220,5240,5090,5130,55516,-0.7736943907156674,-838,-1,-2139,2978,0,19403,0,19693,16420,55516,20241,1,21832,13442,55516,-4129600,-5110,-11024910,15159620,0,99989030,0,101387700,84475750,285852480,104118630,5110,112412610,69316130,285852480
2022-09-30,5130,5200,5050,5050,251492,-1.5594541910331383,-41586,-53,11457,30182,0,7441,101,27448,216502,251492,49027,154,15991,186320,251492,-212395880,-289670,57906030,154779520,0,37823020,511130,139812340,1107174680,1285321170,250218900,800800,81906310,952395160,1285321170
2022-10-04,5220,5220,5010,5110,640911,1.188118811881188,19322,-15501,27488,-31309,0,41768,19,42631,556493,640911,22446,15520,15143,587802,640911,98605450,-78413710,139684430,-159876170,0,213322060,97470,216959750,2841154895,3271534175,114716610,78511180,77275320,3001031065,3271534175
2022-10-05,5070,5110,5010,5100,67539,-0.19569471624266144,-20484,8601,12332,-449,0,15521,8601,28076,15341,67539,36005,0,15744,15790,67539,-103766890,43615160,62513550,-2361820,0,78589120,43615160,141978730,77773060,341956070,182356010,0,79465180,80134880,341956070
2022-10-06,5030,5110,5000,5020,112762,-1.5686274509803921,-17202,7699,29384,-19881,0,24402,7700,51551,29109,112762,41604,1,22167,48990,112762,-86463770,38888950,147573830,-99999010,0,122939900,38894030,259344720,146648480,567827130,209403670,5080,111770890,246647490,567827130
2022-10-07,5020,5030,4900,4925,120527,-1.8924302788844622,-16601,9568,41124,-34091,0,37030,9568,53395,20534,120527,53631,0,12271,54625,120527,-81047970,47309365,203238045,-169499440,0,183455550,47309365,263972810,101200095,595937820,264503520,0,60734765,270699535,595937820
2022-10-11,4900,4900,4580,4630,327820,-5.98984771573604,15071,18285,50762,-84118,0,90313,18285,183574,35648,327820,75242,0,132812,119766,327820,70472785,85069530,238052645,-393594960,0,420642910,85069530,858055665,165538755,1529306860,350170125,0,620003020,559133715,1529306860
2022-10-12,4630,4750,4480,4500,133285,-2.8077753779697625,-15992,7694,37117,-28819,0,39313,8100,65547,20325,133285,55305,406,28430,49144,133285,-71784470,35344710,169299130,-132859370,0,179584750,37177800,299349910,92072690,608185150,251369220,1833090,130050780,224932060,608185150
2022-10-13,4600,4600,4270,4270,229773,-5.111111111111112,-71066,2075,68550,441,0,45035,7107,131039,46592,229773,116101,5032,62489,46151,229773,-308421495,9219530,297418995,1782970,0,196215620,30975480,570070240,202463355,999724695,504637115,21755950,272651245,200680385,999724695
2022-10-14,4220,4310,4055,4185,385808,-1.9906323185011712,-20689,-1395,109427,-87343,0,126918,5144,161571,92175,385808,147607,6539,52144,179518,385808,-83145705,-5860350,453157425,-364151370,0,530700440,21418525,671085430,384690625,1607895020,613846145,27278875,217928005,748841995,1607895020
2022-10-17,4185,4250,3960,4015,439997,-4.062126642771804,-183438,-6906,141463,48881,0,88975,0,181585,169437,439997,272413,6906,40122,120556,439997,-731666220,-27648520,566374125,192940615,0,359473010,0,728568860,679879500,1767921370,1091139230,27648520,162194735,486938885,1767921370
2022-10-18,4095,4095,3855,3995,628710,-0.49813200498132004,-286069,4446,197398,84225,0,119245,5224,266073,238168,628710,405314,778,68675,153943,628710,-1121490950,17627325,773953345,329910280,0,468811900,20669305,1043879900,935857625,2469218730,1590302850,3041980,269926555,605947345,2469218730
2022-10-19,3950,4015,3810,3850,627861,-3.629536921151439,-286105,-799,192648,94256,0,133007,177,273288,221389,627861,419112,976,80640,127133,627861,-1110497555,-3127735,748380535,365244755,0,514667680,683490,1062737080,859057065,2437145315,1625165235,3811225,314356545,493812310,2437145315
2022-10-20,3860,3875,3530,3530,837204,-8.311688311688311,-232211,4545,396054,-168388,0,75733,6576,512943,241952,837204,307944,2031,116889,410340,837204,-830094130,16043840,1427203260,-613152970,0,273344710,23446505,1850613240,869604295,3017008750,1103438840,7402665,423409980,1482757265,3017008750
2022-10-21,3515,3515,3260,3350,1391656,-5.099150141643059,-328837,3232,471752,-146147,0,273684,5696,653734,458542,1391656,602521,2464,181982,604689,1391656,-1105709670,10996785,1585082965,-490370080,0,923665500,19231340,2199065460,1546287452,4688249752,2029375170,8234555,613982495,2036657532,4688249752
2022-10-24,3440,3440,3310,3330,615874,-0.5970149253731344,59854,12173,147582,-219609,0,211143,12906,264151,127674,615874,151289,733,116569,347283,615874,203136315,41047685,494381980,-738565980,0,710394460,43514120,886732750,427239010,2067880340,507258145,2466435,392350770,1165804990,2067880340
2022-10-25,3340,3380,3255,3305,326902,-0.7507507507507507,41204,0,86195,-127399,0,121880,0,126609,78413,326902,80676,0,40414,205812,326902,135822520,0,284301265,-420123785,0,401318795,0,417117565,258137595,1076573955,265496275,0,132816300,678261380,1076573955
2022-10-26,3310,3345,3230,3340,490196,1.059001512859304,-21488,7408,91491,-77411,0,170579,7408,144389,167820,490196,192067,0,52898,245231,490196,-70867895,24604455,301360660,-255097220,0,562365580,24604455,475652125,553364815,1615986975,633233475,0,174291465,808462035,1615986975
2022-10-27,3370,3530,3320,3520,702577,5.389221556886228,-125653,1712,89846,34095,0,152289,5712,219397,325179,702577,277942,4000,129551,291084,702577,-433060995,6130765,304042265,122887965,0,523856015,19970765,749651360,1114427930,2407906070,956917010,13840000,445609095,991539965,2407906070
2022-10-28,3530,3645,3455,3600,564147,2.272727272727273,12551,3949,33062,-49562,0,146465,7457,141789,268436,564147,133914,3508,108727,317998,564147,45721330,14175325,118096960,-177993615,0,528017450,26720295,508494305,964248848,2027480898,482296120,12544970,390397345,1142242463,2027480898
2022-10-31,3650,3660,3440,3565,447465,-0.9722222222222222,14405,-4028,111210,-121587,0,196902,2458,198036,50069,447465,182497,6486,86826,171656,447465,51880670,-14382435,390864990,-428363225,0,691240465,8669325,697603180,175777525,1573290495,639359795,23051760,306738190,604140750,1573290495
2022-11-01,3565,3675,3475,3625,385859,1.6830294530154277,-6145,15184,65464,-74503,0,141707,15184,135956,93012,385859,147852,0,70492,167515,385859,-23266840,55409285,236813230,-268955675,0,510967415,55409285,490024495,334737070,1391138265,534234255,0,253211265,603692745,1391138265
2022-11-02,3650,3780,3540,3695,539164,1.9310344827586208,104945,726,1184,-106855,0,322527,2000,131606,83031,539164,217582,1274,130422,189886,539164,400309110,2692590,-4747490,-398254210,0,1194254865,7318500,475941505,302696330,1980211200,793945755,4625910,480688995,700950540,1980211200
2022-11-03,3645,3790,3535,3680,575122,-0.40595399188092013,120015,29094,47219,-196328,0,329699,29094,123233,93096,575122,209684,0,76014,289424,575122,441846170,107292700,169527965,-718666835,0,1212191050,107292700,449172865,341012730,2109669345,770344880,0,279644900,1059679565,2109669345
2022-11-04,3710,3710,3565,3675,352687,-0.1358695652173913,18162,-537,69309,-86934,0,137416,3001,115469,96801,352687,119254,3538,46160,183735,352687,68373700,-2138150,252223720,-318459270,0,500539295,10863675,420243590,351245210,1282891770,432165595,13001825,168019870,669704480,1282891770
2022-11-07,3675,3685,3575,3600,353724,-2.0408163265306123,-49268,-12004,82074,-20802,0,80440,101,109150,164033,353724,129708,12105,27076,184835,353724,-177284455,-43760150,295909795,-74865190,0,289942995,363175,393638640,591648849,1275593659,467227450,44123325,97728845,666514039,1275593659
2022-11-08,3640,3640,3545,3595,434603,-0.1388888888888889,-59685,26,109716,-50057,0,93685,27,144863,196028,434603,153370,1,35147,246085,434603,-213454465,92525,390720155,-177358215,0,336119280,96120,516917325,702670540,1555803265,549573745,3595,126197170,880028755,1555803265
2022-11-09,3620,3685,3595,3685,353453,2.5034770514603615,-135525,0,429,135096,0,30817,0,65240,257396,353453,166342,0,64811,122300,353453,-493633845,0,1364250,492269595,0,112451750,0,237288140,937857905,1287597795,606085595,0,235923890,445588310,1287597795
2022-11-10,3680,3755,3620,3675,425956,-0.27137042062415195,-86550,6100,48231,32219,0,64161,6100,116106,239589,425956,150711,0,67875,207370,425956,-318519985,22760000,176870350,118889635,0,236171575,22760000,426003030,881622591,1566557196,554691560,0,249132680,762732956,1566557196
2022-11-11,3930,3930,3755,3855,630798,4.8979591836734695,104177,1203,-14501,-90879,0,176058,1803,185236,267701,630798,71881,600,199737,358580,630798,404798775,4685210,-58355905,-351128080,0,682734050,7023710,715851290,1036173606,2441782656,277935275,2338500,774207195,1387301686,2441782656
2022-11-14,3860,3970,3810,3845,653584,-0.25940337224383914,-105458,99899,186515,-180956,0,58492,100000,206709,288383,653584,163950,101,20194,469339,653584,-405325835,384291085,716915780,-695881030,0,225104540,384680930,794616360,1108214915,2512616745,630430375,389845,77700580,1804095945,2512616745
2022-11-15,3850,3865,3730,3745,455531,-2.600780234070221,-39532,109384,161796,-231648,0,116639,109384,187196,42312,455531,156171,0,25400,273960,455531,-147690525,410099020,607283930,-869692425,0,437085085,410099020,702723210,158588450,1708495765,584775610,0,95439280,1028280875,1708495765
2022-11-16,3745,3825,3705,3805,446416,1.602136181575434,-80284,136950,14758,-71424,0,80002,142450,79744,144220,446416,160286,5500,64986,215644,446416,-300624880,513820105,54827335,-268022560,0,299369735,534613425,298441680,542694050,1675118890,599994615,20793320,243614345,810716610,1675118890
2022-11-17,3810,3825,3720,3800,377505,-0.1314060446780552,-76527,131879,54715,-110067,0,75956,131880,88274,81395,377505,152483,1,33559,191462,377505,-287835465,499829675,204981855,-416976065,0,285836800,499833400,331667775,306904060,1424242035,573672265,3725,126685920,723880125,1424242035
2022-11-18,3800,3995,3770,3995,493449,5.131578947368421,-122424,101714,-92940,113650,0,42836,126485,63627,260501,493449,165260,24771,156567,146851,493449,-472566865,395227885,-365718220,443057200,0,166274375,492884005,247161530,1010400165,1916720075,638841240,97656120,612879750,567342965,1916720075
2022-11-21,3985,4045,3845,3925,383819,-1.7521902377972465,-54547,138472,62261,-146186,0,87412,150890,117570,27947,383819,141959,12418,55309,174133,383819,-211509835,539304235,242736115,-570530515,0,341267435,587989975,459234625,109239650,1497731685,552777270,48685740,216498510,679770165,1497731685
2022-11-22,3920,4000,3830,3965,303860,1.019108280254777,-101313,153308,-6118,-45877,0,48772,153308,68588,33192,303860,150085,0,74706,79069,303860,-393951995,603218775,-28106125,-181160655,0,190016280,603218775,267047375,129262605,1189545035,583968275,0,295153500,310423260,1189545035
2022-11-23,3965,4140,3940,4080,322372,2.900378310214376,-49003,155203,-16365,-89835,0,29825,155203,104623,32721,322372,78828,0,120988,122556,322372,-196994195,629236300,-70322795,-361919310,0,119724975,629236300,417479020,131736755,1298177050,316719170,0,487801815,493656065,1298177050
2022-11-24,4105,4135,3970,4055,354782,-0.6127450980392157,-59428,152407,23057,-116036,0,93313,152407,95287,13775,354782,152741,0,72230,129811,354782,-239233610,618050430,89947660,-468764480,0,375883000,618050430,383203795,55470340,1432607565,615116610,0,293256135,524234820,1432607565
2022-11-25,4060,4130,4045,4100,323395,1.1097410604192355,-96350,133151,-44484,7683,0,37599,153003,90873,41920,323395,133949,19852,135357,34237,323395,-392530165,543717575,-182183030,30995620,0,152890645,624860565,370534150,170917170,1319202530,545420810,81142990,552717180,139921550,1319202530
2022-11-28,4070,4075,3980,4020,357500,-1.951219512195122,-78126,155727,-29535,-48066,0,47231,155727,100203,54339,357500,125357,0,129738,102405,357500,-313817265,629003805,-120159455,-195027085,0,190111665,629003805,402400770,218433735,1439949975,503928930,0,522560225,413460820,1439949975
2022-11-29,3950,4045,3945,4000,239315,-0.4975124378109453,21478,150,-16929,-4699,0,135906,4813,52008,46588,239315,114428,4663,68937,51287,239315,86380905,677310,-68493280,-18564935,0,544461220,19140545,207123670,186447275,957172710,458080315,18463235,275616950,205012210,957172710
2022-11-30,4045,4050,3875,4025,319365,0.625,-79425,54268,36503,-11346,0,68921,54268,158323,37853,319365,148346,0,121820,49199,319365,-310572245,216773830,138301795,-44503380,0,269530990,216773830,619376140,150753235,1256434195,580103235,0,481074345,195256615,1256434195
2022-12-01,4025,4075,3985,4040,191213,0.37267080745341613,-38767,3011,-4177,39933,0,71026,3011,61156,56020,191213,109793,0,65333,16087,191213,-155545725,12139020,-16771655,160178360,0,285401800,12139020,245613565,225134410,768288795,440947525,0,262385220,64956050,768288795
2022-12-02,4025,4040,3950,3980,269474,-1.4851485148514851,9763,51725,-21663,-39825,0,119614,51725,68391,29744,269474,109851,0,90054,69569,269474,38700180,207415640,-86424400,-159691420,0,476002925,207415640,272188780,118104755,1073712100,437302745,0,358613180,277796175,1073712100
2022-12-05,4010,4035,3950,4010,228522,0.7537688442211055,7939,1000,-46621,37682,0,116762,1008,51702,59050,228522,108823,8,98323,21368,228522,31923385,4025160,-187297370,151348825,0,467617775,4057040,206694625,236853760,915223200,435694390,31880,393991995,85504935,915223200
2022-12-06,4005,4025,3940,3965,174652,-1.1221945137157108,-30557,302,45555,-15300,0,87136,302,66134,21080,174652,117693,0,20579,36380,174652,-121301225,1198965,180136240,-60033980,0,345599000,1198965,262415865,84118815,693332645,466900225,0,82279625,144152795,693332645
2022-12-07,4000,4000,3855,3930,248089,-0.8827238335435058,-70289,92688,44623,-67022,0,31251,92688,96425,27725,248089,101540,0,51802,94747,248089,-275405590,365722140,172434620,-262751170,0,122242640,365722140,376824470,108853095,973642345,397648230,0,204389850,371604265,973642345
2022-12-08,3950,3950,3855,3890,172321,-1.0178117048346056,-23821,243,32609,-9031,0,68670,243,65155,38253,172321,92491,0,32546,47284,172321,-91961350,940125,126174740,-35153515,0,266830625,940125,252886715,148584760,669242225,358791975,0,126711975,183738275,669242225
2022-12-09,3945,3945,3820,3875,341485,-0.3856041131105398,-10494,1700,24541,-15747,0,93866,1700,77198,168721,341485,104360,0,52657,184468,341485,-40275060,6574000,94436760,-60735700,0,362572475,6574000,297723615,652023605,1318893695,402847535,0,203286855,712759305,1318893695
2022-12-12,3870,3875,3810,3815,204063,-1.5483870967741935,2039,3399,57267,-62705,0,87613,3399,74941,38110,204063,85574,0,17674,100815,204063,8144195,12986705,219149630,-240280530,0,335664415,12986705,287019580,145911380,781582080,327520220,0,67869950,386191910,781582080
2022-12-13,3815,3940,3750,3930,391461,3.014416775884666,1090,2835,17496,-21421,0,131426,3112,100706,156217,391461,130336,277,83210,177638,391461,9635545,10741000,59128510,-79505055,0,506180095,11815760,381281525,600896199,1500173579,496544550,1074760,322153015,680401254,1500173579
2022-12-14,3930,4045,3880,4030,226989,2.5445292620865136,36526,-11058,-52335,26867,0,133759,1,30767,62462,226989,97233,11059,83102,35595,226989,149996850,-44086415,-210800520,104890085,0,533626475,3905,121191520,246246395,901068295,383629625,44090320,331992040,141356310,901068295
2022-12-15,4030,4085,3955,4025,220523,-0.12406947890818859,-11771,57601,-25820,-20010,0,89195,57677,39092,34559,220523,100966,76,64912,54569,220523,-45595330,232580515,-105529155,-81456030,0,356084460,232889755,155629905,138165180,882769300,401679790,309240,261159060,219621210,882769300
2022-12-16,3925,4045,3925,3990,304630,-0.8695652173913043,46582,0,-23631,-22951,0,127015,5001,42867,129747,304630,80433,5001,66498,152698,304630,186913415,-24995,-94839325,-92049095,0,509028460,20004000,171219570,518870585,1219122615,322115045,20028995,266058895,610919680,1219122615
2022-12-19,4020,4020,3885,3945,153949,-1.1278195488721803,1659,77,43401,-45137,0,69810,78,65884,18177,153949,68151,1,22483,63314,153949,6746240,301445,169810015,-176857700,0,273151245,305370,257853870,71106330,602416815,266405005,3925,88043855,247964030,602416815
2022-12-20,3980,3980,3840,3865,183361,-2.027883396704689,1084,-2581,49393,-47896,0,98160,409,78502,6290,183361,97076,2990,29109,54186,183361,4235810,-9993150,191294480,-185537140,0,380346305,1623420,304248265,24399595,710617585,376110495,11616570,112953785,209936735,710617585
2022-12-21,3875,3930,3835,3860,213660,-0.129366106080207,22091,2381,23443,-47915,0,107266,2381,62209,41804,213660,85175,0,38766,89719,213660,85714575,9196060,90099790,-185010425,0,414189825,9196060,239888870,161211535,824486290,328475250,0,149789080,346221960,824486290
2022-12-22,4010,4010,3870,3950,301601,2.33160621761658,24152,2970,-6719,-20403,0,141302,3270,47111,109918,301601,117150,300,53830,130321,301601,95203145,11661400,-26703080,-80161465,0,556096730,12843400,185625325,432452440,1187017895,460893585,1182000,212328405,512613905,1187017895
2022-12-23,3950,3965,3855,3945,226716,-0.12658227848101267,67102,1955,-9196,-59861,0,167212,2255,33550,23699,226716,100110,300,42746,83560,226716,263928925,7750220,-36971100,-234708045,0,655755845,8929220,131040865,92919140,888645070,391826920,1179000,168011965,327627185,888645070
2022-12-26,3970,4145,3880,4145,277623,5.069708491761723,-40478,139738,-64908,-34352,0,72913,139938,49030,15742,277623,113391,200,113938,50094,277623,-158852505,566729240,-268425125,-139451610,0,287058365,567511240,191498135,62122185,1108189925,445910870,782000,459923260,201573795,1108189925
2022-12-27,4060,4085,3945,3950,220886,-4.704463208685163,-39705,547,125838,-86680,0,68698,547,144284,7357,220886,108403,0,18446,94037,220886,-157688580,2194045,500539400,-345044865,0,273517710,2194045,574210780,29439720,879362255,431206290,0,73671380,374484585,879362255
2022-12-28,3995,4055,3875,4050,365877,2.5316455696202533,-32693,201712,-76737,-92282,0,63024,201712,66406,34735,365877,95717,0,143143,127017,365877,-126952195,808911200,-314022825,-367936180,0,249103450,808911200,260077540,138128120,1456220310,376055645,0,574100365,506064300,1456220310
2022-12-29,4080,4080,3880,3990,452000,-1.4814814814814816,87316,200290,-36183,-251423,0,121953,200290,105886,23871,452000,34637,0,142069,275294,452000,348645305,796784525,-151308975,-994120855,0,485463135,796784525,416144580,93773210,1792165450,136817830,0,567453555,1087894065,1792165450
2023-01-02,4060,4065,3975,3985,71467,-0.12531328320802004,37214,376,-29318,-8272,0,43056,376,19557,8478,71467,5842,0,48875,16750,71467,148760710,1514110,-117349455,-32925365,0,172144600,1514110,78169080,34083950,285911740,23383890,0,195518535,67009315,285911740
2023-01-03,4000,4030,3875,3900,114977,-2.132998745294856,42497,-1043,15887,-57341,0,50163,664,55019,9131,114977,7666,1707,39132,66472,114977,168021610,-4045775,60970335,-224946170,0,198063295,2623530,214777120,35785855,451249800,30041685,6669305,153806785,260732025,451249800
2023-01-04,3990,3990,3870,3960,93419,1.5384615384615385,-44009,370,2048,41591,0,11818,370,28805,52426,93419,55827,0,26757,10835,93419,-172625290,1476300,7745470,163403520,0,46274630,1476300,112726350,205879910,366357190,218899920,0,104980880,42476390,366357190
2023-01-05,4025,4040,3935,4040,161149,2.0202020202020203,14253,371,-16072,1448,0,83278,371,46221,31279,161149,69025,0,62293,29831,161149,57963605,1488270,-65484810,6032935,0,333078235,1488270,184231880,125255955,644054340,275114630,0,249716690,119223020,644054340
2023-01-06,4060,4105,4000,4055,263529,0.3712871287128713,64304,268,-1444,-63128,0,144228,370,68722,50209,263529,79924,102,70166,113337,263529,260840220,1073595,-6469095,-255444720,0,585027235,1490200,278603825,203986015,1069107275,324187015,416605,285072920,459430735,1069107275
2023-01-09,4060,4135,4040,4045,182948,-0.2466091245376079,60337,370,12560,-73267,0,122078,370,46572,13928,182948,61741,0,34012,87195,182948,246122990,1499200,50719450,-298341640,0,497400270,1499200,189490255,56948805,745338530,251277280,0,138770805,355290445,745338530
2023-01-10,4045,4095,4000,4040,97554,-0.12360939431396785,15810,2671,3004,-21485,0,49605,2671,31528,13750,97554,33795,0,28524,35235,97554,64234685,10752955,12110600,-87098240,0,200817815,10752955,127443355,55500975,394515100,136583130,0,115332755,142599215,394515100
2023-01-11,4005,4055,4005,4035,122270,-0.12376237623762376,25260,-1479,19019,-42800,0,65384,371,46825,9690,122270,40124,1850,27806,52490,122270,102285695,-5963625,76389870,-172711940,0,263555970,1491875,188090725,38999990,492138560,161270275,7455500,111700855,211711930,492138560
2023-01-12,4070,4140,4020,4135,278046,2.478314745972739,-5018,320,-115746,120444,0,71292,470,43548,162736,278046,76310,150,159294,42292,278046,-19991240,1312400,-476982525,495661365,0,293838240,1931900,177763565,668889250,1142422955,313829480,619500,654746090,173227885,1142422955
2023-01-13,4150,4200,4100,4180,221795,1.0882708585247884,-26932,121,-32594,59405,0,101029,370,37766,82630,221795,127961,249,70360,23225,221795,-111787995,508150,-136499895,247779740,0,421741485,1541500,157250205,344712005,925245195,533529480,1033350,293750100,96932265,925245195
2023-01-16,4200,4325,4190,4235,369564,1.3157894736842104,31236,-9984,-34303,13051,0,205536,2370,88712,72946,369564,174300,12354,123015,59895,369564,134960895,-42507000,-148178980,55725085,0,875480730,10141000,376321975,310894965,1572838670,740519835,52648000,524500955,255169880,1572838670
2023-01-17,4335,4335,4205,4270,318425,0.8264462809917356,30465,-35630,8367,-3202,0,147593,370,58464,111998,318425,117128,36000,50097,115200,318425,129806245,-150766080,34781670,-13821835,0,627075920,1590950,247701660,475660275,1352028805,497269675,152357030,212919990,489482110,1352028805
2023-01-18,4350,4405,4220,4405,514258,3.161592505854801,32839,-14466,-79284,60911,0,183790,370,57016,273082,514258,150951,14836,136300,212171,514258,144672490,-62635930,-347232755,265196195,0,800637590,1620500,246804045,1188394175,2237456310,655965100,64256430,594036800,923197980,2237456310
2023-01-19,4400,4425,4250,4390,221705,-0.340522133938706,102567,371,3277,-106215,0,169372,371,44887,7075,221705,66805,0,41610,113290,221705,447994835,1630375,13853180,-463478390,0,739241000,1630375,195163340,30940855,966975570,291246165,0,181310160,494419245,966975570
2023-01-20,4390,4465,4300,4460,192140,1.5945330296127564,80918,-1649,-51601,-27668,0,105664,101,57006,29369,192140,24746,1750,108607,57037,192140,359778225,-7232055,-229138895,-123407275,0,469064810,450445,252590585,130045230,852151070,109286585,7682500,481729480,253452505,852151070
2023-01-25,4495,4495,4345,4380,303722,-1.7937219730941705,-16147,5681,63984,-53518,0,88578,7431,131123,76590,303722,104725,1750,67139,130108,303722,-69716970,24766990,281798980,-236849000,0,387753085,32388240,576440495,334047360,1330629180,457470055,7621250,294641515,570896360,1330629180
2023-01-26,4430,4430,4330,4370,242004,-0.228310502283105,-5245,14837,28575,-38167,0,58930,16587,57881,108606,242004,64175,1750,29306,146773,242004,-22480770,64382070,124085505,-165986805,0,256050215,72007145,251432475,471738905,1051228740,278530985,7625075,127346970,637725710,1051228740
2023-01-27,4390,4390,4245,4255,366840,-2.631578947368421,-62304,7400,77670,-22766,0,80063,7400,119326,160051,366840,142367,0,41656,182817,366840,-265776065,31740500,332364875,-98329310,0,341993370,31740500,510388240,684047920,1568170030,607769435,0,178023365,782377230,1568170030
2023-01-30,4310,4310,4170,4175,384602,-1.8801410105757932,-173376,4050,78614,90712,0,34387,4051,120462,225702,384602,207763,1,41848,134990,384602,-727319175,17107065,329569885,380642225,0,144377810,17111285,505951280,948461375,1615901750,871696985,4220,176381395,567819150,1615901750
2023-01-31,4235,4235,4075,4100,248305,-1.7964071856287425,-94875,-7600,154577,-52102,0,46405,54,177774,24072,248305,141280,7654,23197,76174,248305,-389647150,-31176070,635368665,-214545445,0,190322695,221345,730641110,98818315,1020003465,579969845,31397415,95272445,313363760,1020003465
2023-02-01,4190,4190,4090,4120,339856,0.4878048780487805,-50848,99,57505,-6756,0,57619,100,83691,198446,339856,108467,1,26186,205202,339856,-208188010,407895,235341055,-27560940,0,236600015,412000,343475550,816572705,1397060270,444788025,4105,108134495,844133645,1397060270
2023-02-02,4120,4245,4110,4235,159750,2.7912621359223304,7799,-1648,680,-6831,0,40006,4,79878,39862,159750,32207,1652,79198,46693,159750,32678515,-6839140,2608565,-28447940,0,167392225,16660,332723830,166727575,666860290,134713710,6855800,330115265,195175515,666860290
2023-02-03,4230,4325,4190,4270,409092,0.8264462809917356,-125674,5502,79349,40823,0,45071,5503,115045,243473,409092,170745,1,35696,202650,409092,-529739570,23285290,333747595,172706685,0,190382485,23289525,484912050,1028541405,1727125465,720122055,4235,151164455,855834720,1727125465
2023-02-06,4275,4275,4150,4230,342910,-0.936768149882904,5747,106,41767,-47620,0,63370,106,75324,204110,342910,57623,0,33557,251730,342910,24957950,448025,174006055,-199412030,0,265498695,448025,314925175,854194075,1435065970,240540745,0,140919120,1053606105,1435065970
2023-02-07,4230,4235,4140,4160,133476,-1.6548463356973995,8363,3517,-7805,-4075,0,26300,3517,54194,49465,133476,17937,0,61999,53540,133476,35139235,14683545,-32650680,-17172100,0,109934500,14683545,226269475,206465915,557353435,74795265,0,258920155,223638015,557353435
2023-02-08,4200,4260,4180,4250,125560,2.1634615384615383,-40722,2500,15786,22436,0,31802,2500,44516,46742,125560,72524,0,28730,24306,125560,-171191780,10550000,66292775,94349005,0,134171655,10550000,187594980,196915760,529232395,305363435,0,121302205,102566755,529232395
2023-02-09,4265,4275,4195,4260,173169,0.2352941176470588,26854,-1012,-22088,-3754,0,45563,0,80678,46928,173169,18709,1012,102766,50682,173169,113608190,-4290545,-93583925,-15733720,0,192764880,0,341573395,198842565,733180840,79156690,4290545,435157320,214576285,733180840
2023-02-10,4260,4265,4150,4205,241103,-1.2910798122065728,-61485,-301,90512,-28726,0,25446,0,108652,107005,241103,86931,301,18140,135731,241103,-256994410,-1262720,378715100,-120457970,0,106647975,0,455032105,448219205,1009899285,363642385,1262720,76317005,568677175,1009899285
2023-02-13,4205,4205,4100,4175,200866,-0.713436385255648,-27648,101,57383,-29836,0,37007,101,126630,37128,200866,64655,0,69247,66964,200866,-113411920,421625,235881290,-122890995,0,153285140,421625,521598620,153296625,828602010,266697060,0,285717330,276187620,828602010
2023-02-14,4195,4195,4125,4150,89794,-0.5988023952095809,-46449,4003,29418,13028,0,24652,4003,40273,20866,89794,71101,0,10855,7838,89794,-192591205,16612380,122052180,53926645,0,102260470,16612380,167221890,86548980,372643720,294851675,0,45169710,32622335,372643720
2023-02-15,4175,4175,4085,4140,122021,-0.24096385542168677,-51785,-2994,25460,29319,0,29379,11,47461,45170,122021,81164,3005,22001,15851,122021,-212422395,-12312335,104343220,120391510,0,120706505,45215,194852805,185581265,501185790,333128900,12357550,90509585,65189755,501185790
2023-02-16,4160,4160,4105,4155,122208,0.36231884057971014,-59978,-3,25088,34893,0,24007,97,49644,48460,122208,83985,100,24556,13567,122208,-246751735,-15145,102890565,143876315,0,98966145,400355,204265870,199860170,503492540,345717880,415500,101375305,55983855,503492540
2023-02-17,4115,4200,4100,4195,142438,0.9626955475330927,-64531,16750,11314,36467,0,14084,16750,60678,50926,142438,78615,0,49364,14459,142438,-266369625,69701525,45752625,150915475,0,58151870,69701525,251200705,210804115,589858215,324521495,0,205448080,59888640,589858215
2023-02-20,4195,4195,4115,4160,101675,-0.834326579261025,-41205,96,21721,19388,0,17471,96,46476,37632,101675,58676,0,24755,18244,101675,-170509335,397915,89811295,80300125,0,72306085,397915,192380120,155882775,420966895,242815420,0,102568825,75582650,420966895
2023-02-21,4180,4180,4105,4120,112332,-0.9615384615384616,-25836,97,43584,-17845,0,25726,97,62855,23654,112332,51562,0,19271,41499,112332,-106450345,401820,179638455,-73589930,0,106181690,401820,259240015,97702040,463525565,212632035,0,79601560,171291970,463525565
2023-02-22,4100,4110,4040,4065,119407,-1.3349514563106795,-57003,98,69714,-12809,0,25048,98,84579,9682,119407,82051,0,14865,22491,119407,-230750360,397635,282449515,-52096790,0,101669615,397635,342878115,39277530,484222895,332419975,0,60428600,91374320,484222895
2023-02-23,4095,4095,3980,3980,161467,-2.091020910209102,-51867,2915,83936,-34984,0,37002,2915,111446,10104,161467,88869,0,27510,45088,161467,-208829545,11668155,337122415,-139961025,0,149076640,11668155,447919765,40668695,649333255,357906185,0,110797350,180629720,649333255
2023-02-24,4030,4075,3980,4060,140154,2.0100502512562812,-11582,127,485,10970,0,76976,127,39321,23730,140154,88558,0,38836,12760,140154,-45197770,508665,721975,43967130,0,310366370,508665,157215125,95484145,563574305,355564140,0,156493150,51517015,563574305
2023-02-27,4060,4090,4015,4070,78171,0.24630541871921183,9573,132,-17021,7316,0,37738,132,15137,25164,78171,28165,0,32158,17848,78171,38800125,532520,-68793180,29460535,0,152516560,532520,61120625,101712380,315882085,113716435,0,129913805,72251845,315882085
2023-02-28,4070,4155,4000,4000,210474,-1.71990171990172,7262,13221,60475,-80958,0,63294,13221,73784,60175,210474,56032,0,13309,141133,210474,29502795,53524175,243357500,-326384470,0,255432710,53524175,297499255,243069315,849525455,225929915,0,54141755,569453785,849525455
2023-03-02,4035,4075,3950,3985,207263,-0.375,-43865,2195,95035,-53365,0,52747,2195,135230,17091,207263,96612,0,40195,70456,207263,-174430395,8740585,378204610,-212514800,0,210226730,8740585,538453770,68096325,825517410,384657125,0,160249160,280611125,825517410
2023-03-03,3955,4015,3920,3945,164302,-1.0037641154328731,-45699,473,65300,-20074,0,43716,473,83575,36538,164302,89415,0,18275,56612,164302,-180158910,1865690,257664275,-79371055,0,172623525,1865690,330143195,144283935,648916345,352782435,0,72478920,223654990,648916345
2023-03-06,3950,3995,3900,3945,161404,0.0,-9443,-5103,38034,-23488,0,75133,811,62198,23262,161404,84576,5914,24164,46750,161404,-36186485,-20072860,149117150,-92857805,0,295999495,3199870,244606740,91588605,635394710,332185980,23272730,95489590,184446410,635394710
2023-03-07,3950,3965,3880,3890,180622,-1.394169835234474,2583,-7631,67305,-62257,0,81492,217,88428,10485,180622,78909,7848,21123,72742,180622,10550345,-29791115,262527760,-243286990,0,318228870,849430,345237955,40892695,705208950,307678525,30640545,82710195,284179685,705208950
2023-03-08,3890,3890,3810,3830,186259,-1.5424164524421593,27035,1186,67433,-95654,0,60598,1186,108622,15853,186259,33563,0,41189,111507,186259,103878825,4553570,259052070,-367484465,0,232820275,4553570,417223930,60876760,715474535,128941450,0,158171860,428361225,715474535
2023-03-09,3855,3855,3770,3770,326776,-1.5665796344647518,-1030,12265,131348,-142583,0,69202,12265,182089,63220,326776,70232,0,50741,205803,326776,-4053705,46393195,497147540,-539487030,0,261815530,46393195,689146910,239286410,1236642045,265869235,0,191999370,778773440,1236642045
2023-03-10,3810,3810,3700,3795,283413,0.6631299734748011,20222,6307,55010,-81539,0,91910,6307,94483,90713,283413,71688,0,39473,172252,283413,76435315,23586430,205427845,-305449590,0,344753115,23586430,353004455,339903600,1061247600,268317800,0,147576610,645353190,1061247600
2023-03-13,3740,3850,3700,3845,163949,1.3175230566534915,-9974,-456,-14225,24655,0,47708,544,69514,46183,163949,57682,1000,83739,21528,163949,-37596150,-1800150,-54473790,93870090,0,179384850,2044850,260047015,174851625,616328340,216981000,3845000,314520805,80981535,616328340
2023-03-14,3845,3845,3730,3755,206118,-2.340702210663199,-30429,5356,48959,-23886,0,55192,5356,108565,37005,206118,85621,0,59606,60891,206118,-113863870,20036975,184157945,-90331050,0,207508040,20036975,408605710,138830760,774981485,321371910,0,224447765,229161810,774981485
2023-03-15,3755,3830,3755,3825,163670,1.8641810918774968,50651,106,-25107,-25650,0,91144,106,41193,31227,163670,40493,0,66300,56877,163670,191796960,402865,-94735205,-97464620,0,345657305,402865,156100455,118355940,620516565,153860345,0,250835660,215820560,620516565
2023-03-16,3820,3870,3735,3815,121400,-0.261437908496732,54811,105,-21092,-33824,0,63401,105,34856,23038,121400,8590,0,55948,56862,121400,209944550,401585,-81183010,-129163125,0,242740505,401585,132818820,88422485,464383395,32795955,0,214001830,217585610,464383395
2023-03-17,3840,3840,3735,3815,516784,0.0,-27759,2047,92122,-66410,0,69913,2053,133370,311448,516784,97672,6,41248,377858,516784,-104181725,7702215,346982100,-250502590,0,263944465,7725075,503028420,1185150822,1959848782,368126190,22860,156046320,1435653412,1959848782
2023-03-20,3810,3810,3720,3720,215520,-2.490170380078637,-37674,3452,60134,-25912,0,56438,3452,113871,41759,215520,94112,0,53737,67671,215520,-140483935,12883740,224920330,-97320135,0,211332745,12883740,425889990,156157225,806263700,351816680,0,200969660,253477360,806263700
2023-03-21,3755,3755,3700,3730,143569,0.2688172043010753,8948,122,13044,-22114,0,66554,122,52216,24677,143569,57606,0,39172,46791,143569,33802910,456380,47993505,-82252795,0,248303800,456380,194490905,92212735,535463820,214500890,0,146497400,174465530,535463820
2023-03-22,3730,3750,3690,3730,175693,0.0,-6558,-1497,79315,-71260,0,59149,2503,102553,11488,175693,65707,4000,23238,82748,175693,-23982660,-5538335,294569745,-265048750,0,219751570,9311665,381023075,42597005,652683315,243734230,14850000,86453330,307645755,652683315
2023-03-23,3730,3730,3660,3675,315528,-1.4745308310991956,-31311,6161,72808,-47658,0,69621,6161,110318,129428,315528,100932,0,37510,177086,315528,-115114830,22759770,267924765,-175569705,0,256733325,22759770,406594215,477839685,1163926995,371848155,0,138669450,653409390,1163926995
2023-03-24,3675,3730,3630,3730,124058,1.4965986394557822,-33871,110,12579,21182,0,24854,110,57208,41886,124058,58725,0,44629,20704,124058,-124614205,403955,45781030,78429220,0,91109830,403955,210009340,154636340,456159465,215724035,0,164228310,76207120,456159465
2023-03-27,3740,3755,3510,3710,183948,-0.5361930294906166,-14759,108,7181,7470,0,93104,108,60476,30260,183948,107863,0,53295,22790,183948,-54035770,402695,25869270,27763805,0,345579930,402695,224206175,112232130,682420930,399615700,0,198336905,84468325,682420930
2023-03-28,3710,3760,3675,3760,149300,1.3477088948787064,-18980,180,-5594,24394,0,48026,180,35352,65742,149300,67006,0,40946,41348,149300,-70748945,670320,-21015520,91094145,0,179250975,670320,132096105,245591480,557608880,249999920,0,153111625,154497335,557608880
2023-03-29,3760,3810,3760,3770,80385,0.26595744680851063,11074,0,-565,-10509,0,37300,0,32141,10944,80385,26226,0,32706,21453,80385,42153680,0,-2329585,-39824095,0,141535085,0,121723625,41496795,304755505,99381405,0,124053210,81320890,304755505
2023-03-30,3810,3890,3770,3890,187393,3.183023872679045,-60741,1,-35090,95830,0,18472,101,41533,127287,187393,79213,100,76623,31457,187393,-233333075,-140,-135724860,369058075,0,71098755,387860,159829560,490568035,721884210,304431830,388000,295554420,121509960,721884210
2023-03-31,3890,3930,3810,3890,182442,0.0,26779,-1,-17814,-8964,0,83538,0,39042,59862,182442,56759,1,56856,68826,182442,104709835,-3885,-69537160,-35168790,0,324225055,0,150815520,231728350,706768925,219515220,3885,220352680,266897140,706768925
2023-04-03,3895,3935,3850,3905,180945,0.3856041131105398,31686,103,-16719,-15070,0,96179,103,43753,40910,180945,64493,0,60472,55980,180945,124436905,403460,-65630480,-59209885,0,375021255,403460,169828490,159102905,704356110,250584350,0,235458970,218312790,704356110
2023-04-04,3900,3940,3850,3935,165606,0.7682458386683738,25219,5566,-11594,-19191,0,69010,5566,58039,32991,165606,43791,0,69633,52182,165606,99771360,21715455,-46624290,-74862525,0,269972485,21715455,225446175,128916975,646051090,170201125,0,272070465,203779500,646051090
2023-04-05,3935,3980,3895,3975,144788,1.0165184243964422,36103,154,-38764,2507,0,90327,154,35026,19281,144788,54224,0,73790,16774,144788,142918525,610300,-153230635,9701810,0,356953605,610300,138062555,75965155,571591615,214035080,0,291293190,66263345,571591615
2023-04-06,3970,3970,3885,3945,178427,-0.7547169811320755,26327,98,-23935,-2490,0,71217,1001,63776,42433,178427,44890,903,87711,44923,178427,103660160,355105,-94533670,-9481595,0,279603975,3903895,248883285,166600290,698991445,175943815,3548790,343416955,176081885,698991445
2023-04-07,3900,4005,3895,3970,141164,0.6337135614702154,8330,1001,1694,-11025,0,94406,1001,35993,9764,141164,86076,0,34299,20789,141164,34573550,3913910,5583220,-44070680,0,374699390,3913910,141412465,38439440,558465205,340125840,0,135829245,82510120,558465205
2023-04-10,3970,3970,3800,3895,110789,-1.8891687657430731,-33217,24201,20373,-11357,0,23695,24201,53164,9729,110789,56912,0,32791,21086,110789,-129249380,94384850,79455660,-44591130,0,92724430,94384850,207581440,37979545,432670265,221973810,0,128125780,82570675,432670265
2023-04-11,3940,3940,3810,3845,208608,-1.2836970474967908,-26646,-1784,74958,-46528,0,71429,1300,116009,19870,208608,98075,3084,41051,66398,208608,-101635030,-6820400,286609635,-178154205,0,273627155,4971560,443771510,76175065,798545290,375262185,11791960,157161875,254329270,798545290
2023-04-12,3880,4080,3770,3780,221342,-1.6905071521456438,44292,412,62624,-107328,0,87089,572,127794,5887,221342,42797,160,65170,113215,221342,168816140,1532010,236978175,-407326325,0,331078695,2172810,484681255,22365525,840298285,162262555,640800,247703080,429691850,840298285
2023-04-13,3775,3845,3770,3840,108119,1.5873015873015872,29640,1,-1518,-28123,0,60605,1,31206,16307,108119,30965,0,32724,44430,108119,113360780,3820,-5733450,-107631150,0,231835060,3820,119400140,62459770,413698790,118474280,0,125133590,170090920,413698790
2023-04-14,3840,3915,3840,3885,166666,1.171875,-8003,25208,25128,-42333,0,43921,25278,63005,34462,166666,51924,70,37877,76795,166666,-31025850,98271880,97435350,-164681380,0,170738405,98545230,244561185,133813600,647658420,201764255,273350,147125835,298494980,647658420
2023-04-17,3885,3950,3885,3940,208079,1.4157014157014158,-41134,34232,-496,7398,0,89067,34312,62146,22554,208079,130201,80,62642,15156,208079,-160423815,133783635,-2209755,28849935,0,349288210,134097635,243244505,88292460,814922810,509712025,314000,245454260,59442525,814922810
2023-04-18,3940,3965,3880,3930,167986,-0.25380710659898476,-42683,26590,21941,-5848,0,73656,26591,49374,18365,167986,116339,1,27433,24213,167986,-165842235,103511940,85406845,-23076550,0,287798525,103515835,192604175,71774785,655693320,453640760,3895,107197330,94851335,655693320
2023-04-19,3930,3930,3825,3900,312925,-0.7633587786259541,-54665,30887,116354,-92576,0,118871,34387,149637,10030,312925,173536,3500,33283,102606,312925,-208576045,118508010,447265500,-357197465,0,458256490,131978010,576045980,38735470,1205015950,666832535,13470000,128780480,395932935,1205015950
2023-04-20,3850,3915,3820,3865,294332,-0.8974358974358974,-104523,22737,69368,12418,0,71664,26238,119675,76755,294332,176187,3501,50307,64337,294332,-402210210,87381705,266777975,48050530,0,277709640,100998110,462313110,296999840,1138020700,679919850,13616405,195535135,248949310,1138020700
2023-04-21,3865,3895,3785,3795,248258,-1.8111254851228977,-55800,151,118256,-62607,0,64556,151,156220,27331,248258,120356,0,37964,89938,248258,-210828915,574560,448738930,-238484575,0,245804405,574560,593180850,103642425,943202240,456633320,0,144441920,342127000,943202240
2023-04-24,3835,3835,3715,3745,353988,-1.3175230566534915,-201529,7210,176285,18034,0,71944,7210,211471,63363,353988,273473,0,35186,45329,353988,-751228260,26832650,658629995,65765615,0,268463320,26832650,790895005,236039480,1322230455,1019691580,0,132265010,170273865,1322230455
2023-04-25,3790,3790,3675,3730,342442,-0.4005340453938585,-167712,12143,107980,47589,0,107685,12143,147929,74685,342442,275397,0,39949,27096,342442,-619485710,44886200,399456435,175143075,0,399086685,44886200,547709280,276083705,1267765870,1018572395,0,148252845,100940630,1267765870
2023-04-26,3760,3795,3715,3730,143473,0.0,25839,887,-6988,-19738,0,56822,1187,43745,41719,143473,30983,300,50733,61457,143473,97145790,3303935,-26553690,-73896035,0,213086605,4429185,163672075,156512705,537700570,115940815,1125250,190225765,230408740,537700570
2023-04-27,3710,3760,3670,3685,207005,-1.2064343163538873,-75391,200,77183,-1992,0,65641,200,99029,42135,207005,141032,0,21846,44127,207005,-277235760,737500,284078310,-7580050,0,242289900,737500,364831010,155362895,763221305,519525660,0,80752700,162942945,763221305
2023-04-28,3705,3825,3700,3760,293660,2.03527815468114,-76150,19827,-18463,74786,0,62240,20010,72559,138851,293660,138390,183,91022,64065,293660,-287325025,74890110,-69887780,282322695,0,235117360,75584030,274256810,524140880,1109099080,522442385,693920,344144590,241818185,1109099080
2023-05-02,3760,3830,3755,3825,95505,1.7287234042553192,7000,9446,-11089,-5357,0,28824,9770,39279,17632,95505,21824,324,50368,22989,95505,26805155,35970510,-42654515,-20121150,0,109489420,37195490,149172935,67072910,362930755,82684265,1224980,191827450,87194060,362930755
2023-05-03,3825,3830,3750,3790,194667,-0.9150326797385622,-19308,17939,52656,-51287,0,74100,17939,89033,13595,194667,93408,0,36377,64882,194667,-71052215,67721850,197640335,-194309970,0,280495620,67721850,335790445,51355295,735363210,351547835,0,138150110,245665265,735363210
2023-05-04,3795,3850,3755,3775,197118,-0.395778364116095,-71011,38249,-11479,44241,0,47751,38249,47675,63443,197118,118762,0,59154,19202,197118,-268587595,145971655,-44879895,167495835,0,181770540,145971655,181117250,240619090,749478535,450358135,0,225997145,73123255,749478535
2023-05-08,3780,3905,3780,3905,183927,3.443708609271523,-42279,18166,-68204,92317,0,35918,20161,27122,100726,183927,78197,1995,95326,8409,183927,-163003420,70204690,-264502455,357301185,0,139160160,77905165,104955620,389805145,711826090,302163580,7700475,369458075,32503960,711826090
2023-05-09,3905,3915,3835,3910,181774,0.12804097311139565,-17735,-37925,29062,26598,0,77749,206,54092,49727,181774,95484,38131,25030,23129,181774,-67868630,-146870185,112011845,102726970,0,301005185,798190,209051650,192380495,703235520,368873815,147668375,97039805,89653525,703235520
2023-05-10,3900,3935,3855,3885,229022,-0.639386189258312,23703,-237,-6058,-17408,0,131048,51,58151,39772,229022,107345,288,64209,57180,229022,93033365,-927185,-24301435,-67804745,0,510826115,198895,226342820,155042175,892410005,417792750,1126080,250644255,222846920,892410005
2023-05-11,3920,3970,3885,3945,127518,1.5444015444015444,15210,-50,-17683,2523,0,47131,50,53659,26678,127518,31921,100,71342,24155,127518,59858915,-198500,-69666805,10006390,0,185811550,197500,211617745,105155200,502781995,125952635,396000,281284550,95148810,502781995
2023-05-12,3945,3990,3930,3990,164134,1.1406844106463878,54108,3181,-67994,10705,0,86865,3252,30688,43329,164134,32757,71,98682,32624,164134,214986730,12573775,-269913155,42352650,0,344849585,12854940,121527220,171745210,650976955,129862855,281165,391440375,129392560,650976955
2023-05-15,3990,4070,3970,4040,244742,1.2531328320802004,47156,-9100,-73480,35424,0,89610,0,71258,83874,244742,42454,9100,144738,48450,244742,190223065,-36741000,-296288655,142806590,0,361632550,0,286989845,338088475,986710870,171409485,36741000,583278500,195281885,986710870
2023-05-16,4180,4180,4040,4175,307031,3.341584158415842,54134,-2169,-73397,21432,0,145825,101,67063,94042,307031,91691,2270,140460,72610,307031,226041325,-8989390,-304716700,87664765,0,606098830,412160,278453715,389500255,1274464960,380057505,9401550,583170415,301835490,1274464960
2023-05-17,4180,4180,4030,4130,296946,-1.0778443113772456,156433,788,-61569,-95652,0,184461,859,53109,58517,296946,28028,71,114678,154169,296946,648826780,3246000,-255912935,-396159845,0,765196835,3542035,219539820,242816455,1231095145,116370055,296035,475452755,638976300,1231095145
2023-05-18,4130,4175,4100,4100,187972,-0.7263922518159807,86322,33,46338,-132693,0,120367,105,66010,1490,187972,34045,72,19672,134183,187972,354905360,136120,190950015,-545991495,0,495365310,431700,271920060,6142510,773859580,140459950,295580,80970045,552134005,773859580
2023-05-19,4280,4280,4110,4205,218517,2.5609756097560976,43930,-103,-60092,16265,0,118799,0,35721,63997,218517,74869,103,95813,47732,218517,182442075,-440365,-250990490,68988780,0,492814215,0,147935970,267419320,908169505,310372140,440365,398926460,198430540,908169505
2023-05-22,4205,4235,4170,4200,145440,-0.11890606420927466,71907,930,-35333,-37504,0,93770,2130,35766,13774,145440,21863,1200,71099,51278,145440,301973705,3894475,-148340110,-157528070,0,393842650,8935475,150299410,57834205,610911740,91868945,5041000,298639520,215362275,610911740
2023-05-23,4200,4205,4150,4180,135402,-0.4761904761904762,69513,2130,-11902,-59741,0,82849,3130,49383,40,135402,13336,1000,61285,59781,135402,289936900,8902875,-49444005,-249395770,0,345636835,13082875,206229875,167565,565117150,55699935,4180000,255673880,249563335,565117150
2023-05-24,4180,4200,4130,4170,163638,-0.23923444976076555,48823,-3000,-48108,2285,0,100895,0,28359,34384,163638,52072,3000,76467,32099,163638,203958655,-12540000,-201166565,9747910,0,421605995,0,118388985,143736590,683731570,217647340,12540000,319555550,133988680,683731570
2023-05-25,4195,4210,4125,4165,206158,-0.1199040767386091,67054,1650,-27557,-41147,0,113429,1730,64437,26562,206158,46375,80,91994,67709,206158,279737260,6859525,-115148845,-171447940,0,473047785,7194775,268158410,110771020,859171990,193310525,335250,383307255,282218960,859171990
2023-05-26,4165,4190,4135,4160,246726,-0.12004801920768307,140177,11,-73624,-66564,0,156268,126,89654,678,246726,16091,115,163278,67242,246726,583489525,44730,-307061325,-276472930,0,650374630,523130,372380630,2815590,1026093980,66885105,478400,679441955,279288520,1026093980
2023-05-30,4120,4155,4050,4130,149773,-0.7211538461538461,40142,-409,-12259,-27474,0,79549,91,57842,12291,149773,39407,500,70101,39765,149773,166543345,-1687770,-50895900,-113959675,0,328739305,372730,238563310,50428065,618103410,162195960,2060500,289459210,164387740,618103410
2023-05-31,4125,4165,4050,4165,448920,0.847457627118644,12145,155,-23617,11317,0,115048,155,111168,222549,448920,102903,0,134785,211232,448920,52334000,637650,-101517860,48546210,0,474873830,637650,456498170,923445545,1855455195,422539830,0,558016030,874899335,1855455195
2023-06-01,4140,4230,4115,4230,300631,1.56062424969988,49325,6733,-20684,-35374,0,142870,9618,88991,59152,300631,93545,2885,109675,94526,300631,205547425,28446630,-87133715,-146860340,0,594725095,40439455,370347810,247272500,1252784860,389177670,11992825,457481525,394132840,1252784860
2023-06-02,4200,4250,4170,4230,141517,0.0,44619,-5695,16875,-55799,0,73915,491,53363,13748,141517,29296,6186,36488,69547,141517,187508385,-23791835,70436990,-234153540,0,310697090,2066045,223644900,57800980,594209015,123188705,25857880,153207910,291954520,594209015
2023-06-05,4210,4225,4190,4220,148063,-0.2364066193853428,45727,61,22468,-68256,0,66602,61,53469,27931,148063,20875,0,31001,96187,148063,192241795,256195,94251600,-286749590,0,280103525,256195,224679955,117481590,622521265,87861730,0,130428355,404231180,622521265
2023-06-07,4240,4280,4200,4280,203055,1.4218009478672986,-20109,76,-83115,103148,0,35194,76,56510,111275,203055,55303,0,139625,8127,203055,-85190225,319980,-353729680,438599925,0,148738240,319980,238792230,473014165,860864615,233928465,0,592521910,34414240,860864615
2023-06-08,4280,4300,4220,4280,197807,0.0,-35413,-1789,37448,-246,0,52822,211,86669,58105,197807,88235,2000,49221,58351,197807,-149650305,-7577110,158046670,-819255,0,224379970,892890,366999930,246959415,839232205,374030275,8470000,208953260,247778670,839232205
2023-06-09,4280,4295,4220,4255,194838,-0.5841121495327103,15269,3060,17760,-36089,0,100448,3060,66364,24966,194838,85179,0,48604,61055,194838,65086280,12968850,74790395,-152845525,0,426048015,12968850,281092915,106107970,826217750,360961735,0,206302520,258953495,826217750
2023-06-12,4255,4255,4185,4230,152741,-0.5875440658049353,11567,-1843,29844,-39568,0,62873,301,80117,9450,152741,51306,2144,50273,49018,152741,48658640,-7768690,126324920,-167214870,0,265112655,1268270,337963040,39886445,644230410,216454015,9036960,211638120,207101315,644230410
2023-06-13,4240,4255,4155,4165,209534,-1.5366430260047281,-20405,211,53453,-33259,0,83115,211,94768,31440,209534,103520,0,41315,64699,209534,-85416435,883075,223596645,-139063285,0,348400065,883075,396738460,131921430,877943030,433816500,0,173141815,270984715,877943030
2023-06-14,4160,4220,4090,4095,230329,-1.680672268907563,-14339,-33,476,13896,0,87248,87,67016,75978,230329,101587,120,66540,62082,230329,-58999735,-139315,1102770,58036280,0,361518610,359385,277192545,314982785,954053325,420518345,498700,276089775,256946505,954053325
2023-06-15,4095,4165,4035,4060,185720,-0.8547008547008548,-44775,18,47176,-2419,0,73416,18,71587,40699,185720,118191,0,24411,43118,185720,-181813795,72995,191923165,-10182365,0,300407010,72995,291809195,165944700,758233900,482220805,0,99886030,176127065,758233900
2023-06-16,4055,4135,4040,4045,245666,-0.3694581280788177,-31571,68,29116,2387,0,91371,68,66214,88013,245666,122942,0,37098,85626,245666,-128001165,275290,117955510,9770365,0,371276905,275290,268680285,357271930,997504410,499278070,0,150724775,347501565,997504410
2023-06-19,4090,4140,4040,4110,132767,1.6069221260815822,26113,-103,-15920,-10090,0,71063,0,28588,33116,132767,44950,103,44508,43206,132767,107116100,-425045,-65275565,-41415490,0,289992070,0,116276220,135361745,541630035,182875970,425045,181551785,176777235,541630035
2023-06-20,4060,4240,4060,4235,237917,3.0413625304136254,82568,-197,-108530,26159,0,115054,0,23812,99051,237917,32486,197,132342,72892,237917,346939665,-826005,-455976585,109862925,0,483235190,0,99810125,416332065,999377380,136295525,826005,555786710,306469140,999377380
2023-06-21,4235,4240,4160,4165,132807,-1.6528925619834711,81082,-4614,-28492,-47976,0,104193,0,15953,12661,132807,23111,4614,44445,60637,132807,341342710,-19382285,-120190615,-201769810,0,438694330,0,66882630,53295760,558872720,97351620,19382285,187073245,255065570,558872720
2023-06-22,4190,4190,4070,4120,181425,-1.0804321728691477,59765,13728,38481,-111974,0,91312,19964,57296,12853,181425,31547,6236,18815,124827,181425,246786490,56559280,157704975,-461050745,0,376329755,82272385,235265040,52645915,746513095,129543265,25713105,77560065,513696660,746513095
2023-06-23,4120,4120,3980,4000,321439,-2.912621359223301,143448,-13922,84805,-214331,0,176038,2539,125423,17439,321439,32590,16461,40618,231770,321439,575283470,-55798705,339759450,-859244215,0,706103850,10137815,502204560,69799450,1288245675,130820380,65936520,162445110,929043665,1288245675
2023-06-26,4000,4020,3990,4010,116340,0.25,41593,100,1932,-43625,0,78226,100,27527,10487,116340,36633,0,25595,54112,116340,166606985,399500,7669905,-174676390,0,313205320,399500,110171835,42015925,465792580,146598335,0,102501930,216692315,465792580
2023-06-27,4010,4050,3990,4000,155905,-0.24937655860349126,64202,39,-1050,-63191,0,112283,39,23308,20275,155905,48081,0,24358,83466,155905,258542330,156040,-4391730,-254306640,0,451558835,156040,93440150,81296560,626451585,193016505,0,97831880,335603200,626451585
2023-06-28,4025,4025,3980,3995,156851,-0.125,1359,-1,40870,-42228,0,92895,0,60692,3264,156851,91536,1,19822,45492,156851,5712385,-3995,163018765,-168727155,0,371079115,0,242241000,13042880,626362995,365366730,3995,79222235,181770035,626362995
2023-06-29,3995,4045,3960,4010,252668,0.37546933667083854,-3993,100,68213,-64320,0,132951,100,93237,26380,252668,136944,0,25024,90700,252668,-15664315,397000,272120220,-256852905,0,531565195,397000,371974970,105523835,1009461000,547229510,0,99854750,362376740,1009461000
2023-06-30,4010,4095,3985,4010,251079,0.0,53115,-4001,-16808,-32306,0,144156,0,20400,86523,251079,91041,4001,37208,118829,251079,217191695,-16284055,-68625935,-132281705,0,583201170,0,82280260,348974300,1014455730,366009475,16284055,150906195,481256005,1014455730
2023-07-03,4010,4075,4005,4075,273662,1.6209476309226933,34656,-10006,13595,-38245,0,170120,0,35954,67588,273662,135464,10006,22359,105833,273662,141638385,-40578540,54690880,-155750725,0,688238265,0,145245075,272828875,1106312215,546599880,40578540,90554195,428579600,1106312215
2023-07-04,4095,4095,3990,4045,198696,-0.7361963190184049,-3892,-941,11195,-6362,0,120234,804,42627,35031,198696,124126,1745,31432,41393,198696,-14226540,-3864805,44857605,-26766260,0,485509315,3223620,171596260,141009880,801339075,499735855,7088425,126738655,167776140,801339075
2023-07-05,4055,4075,3985,3985,201463,-1.4833127317676145,60984,104,-12080,-49008,0,132078,104,48796,20485,201463,71094,0,60876,69493,201463,245628775,418060,-49030705,-197016130,0,531712590,418060,195738170,82392550,810261370,286083815,0,244768875,279408680,810261370
2023-07-06,4055,4055,3900,4000,210498,0.37641154328732745,59582,6318,2575,-68475,0,108792,6368,75338,20000,210498,49210,50,72763,88475,210498,235229195,24939490,10334865,-270503550,0,429593790,25137490,296893270,79067450,830692000,194364595,198000,286558405,349571000,830692000
2023-07-07,4000,4000,3885,3885,198647,-2.875,48391,6455,14462,-69308,0,121591,6587,54512,15957,198647,73200,132,40050,85265,198647,190785190,25514755,56611860,-272911805,0,479462430,26032745,214567965,62416175,782479315,288677240,517990,157956105,335327980,782479315
2023-07-10,3945,3980,3820,3825,146256,-1.5444015444015444,-29413,12679,61001,-44267,0,32652,12680,86049,14875,146256,62065,1,25048,59142,146256,-112437810,48729095,234315800,-170607085,0,126053170,48733075,331484755,57345910,563616910,238490980,3980,97168955,227952995,563616910
2023-07-11,3825,3950,3825,3895,102695,1.8300653594771243,-32556,4993,27313,250,0,44612,5000,43357,9726,102695,77168,7,16044,9476,102695,-124616475,19123155,104725850,767470,0,172013900,19150000,166949125,37501450,395614475,296630375,26845,62223275,36733980,395614475
2023-07-12,3895,3950,3875,3910,104653,0.38510911424903727,14350,-10050,8657,-12957,0,62644,0,33949,8060,104653,48294,10050,25292,21017,104653,56269940,-39149405,33345485,-50466020,0,244156015,0,132130015,31509515,407795545,187886075,39149405,98784530,81975535,407795545
2023-07-13,3950,3995,3895,3995,143311,2.1739130434782608,1239,6629,2382,-10250,0,90908,9004,28165,15234,143311,89669,2375,25783,25484,143311,5956150,25911360,8726165,-40593675,0,358041810,35360620,110549845,59807455,563759730,352085660,9449260,101823680,100401130,563759730
2023-07-14,3995,4010,3935,4010,125816,0.37546933667083854,-20375,1000,2486,16889,0,69160,1000,32104,23552,125816,89535,0,29618,6663,125816,-81006215,3990000,9612145,67404070,0,275864535,3990000,127961305,93989015,501804855,356870750,0,118349160,26584945,501804855
2023-07-17,3980,4010,3930,3995,73375,-0.3740648379052369,-16532,158,12177,4197,0,34241,159,27846,11129,73375,50773,1,15669,6932,73375,-65117405,622805,48021685,16472915,0,135827885,626775,110202770,44101900,290759330,200945290,3970,62181085,27628985,290759330
2023-07-18,3945,4010,3915,3965,122813,-0.7509386733416771,-39264,3476,29203,6585,0,55256,3478,48663,15416,122813,94520,2,19460,8831,122813,-154587370,13713170,114685745,26188455,0,218123585,13721070,191790870,61207520,484843045,372710955,7900,77105125,35019065,484843045
2023-07-19,3950,3965,3910,3955,134923,-0.25220680958385877,-39572,28598,-9814,20788,0,38549,28658,36105,31611,134923,78121,60,45919,10823,134923,-154884830,112354230,-39281100,81811700,0,151636590,112591530,141681400,124451210,530360730,306521420,237300,180962500,42639510,530360730
2023-07-20,3975,3975,3915,3920,72718,-0.8849557522123894,-8020,16355,4722,-13057,0,31482,16355,24647,234,72718,39502,0,19925,13291,72718,-31405890,64436970,18395560,-51426640,0,123989980,64436970,96920670,920410,286268030,155395870,0,78525110,52347050,286268030
2023-07-21,3915,3975,3880,3910,187031,-0.25510204081632654,-99457,29240,17764,52453,0,51467,29240,42300,64024,187031,150924,0,24536,11571,187031,-389621005,114613390,68938495,206069120,0,202280080,114613390,165605830,251521415,734020715,591901085,0,96667335,45452295,734020715
2023-07-24,3905,3905,3830,3895,235675,-0.3836317135549872,-40231,32396,1736,6099,0,119934,32396,52197,31148,235675,160165,0,50461,25049,235675,-154266220,126028035,5203025,23035160,0,464780015,126028035,201320660,120262195,912390905,619046235,0,196117635,97227035,912390905
2023-07-25,3890,3915,3815,3855,279717,-1.0269576379974326,2114,17125,26956,-46195,0,138267,17246,68917,55287,279717,136153,121,41961,101482,279717,8436255,66313160,103137345,-177886760,0,532454625,66779620,265053860,213030060,1077318165,524018370,466460,161916515,390916820,1077318165
2023-07-26,3915,3915,3815,3895,126863,1.0376134889753565,56539,-289,-51528,-4722,0,82802,1,30720,13340,126863,26263,290,82248,18062,126863,219044290,-1121780,-199617440,-18305070,0,320659710,3870,119029590,51671925,491365095,101615420,1125650,318647030,69976995,491365095
2023-07-27,3895,3930,3855,3900,148737,0.12836970474967907,38208,8998,-25476,-21730,0,94373,8999,32810,12555,148737,56165,1,58286,34285,148737,148669975,34958050,-99064140,-84563885,0,366863045,34961920,127287185,48839595,577951745,218193070,3870,226351325,133403480,577951745
2023-07-28,3865,3900,3865,3900,109378,0.0,17786,0,-8574,-9212,0,82310,0,23498,3570,109378,64524,0,32072,12782,109378,69218155,0,-33348350,-35869805,0,319625375,0,91127895,13826585,424579855,250407220,0,124476245,49696390,424579855
2023-07-31,3860,3965,3830,3965,136590,1.6666666666666667,-5101,16365,-40980,29716,0,38356,16435,19673,62126,136590,43457,70,60653,32410,136590,-20160880,64374550,-161300900,117087230,0,150570610,64652100,76982790,244701195,536906695,170731490,277550,238283690,127613965,536906695
2023-08-01,3965,4050,3940,3995,99302,0.7566204287515763,11002,54,-18791,7735,0,53220,185,17246,28651,99302,42218,131,36037,20916,99302,43954160,213565,-75036220,30868495,0,212187625,735375,68593445,114368445,395884890,168233465,521810,143629665,83499950,395884890
2023-08-02,3995,4065,3905,3965,144022,-0.7509386733416771,-7478,3418,38137,-34077,0,68910,5000,60930,9182,144022,76388,1582,22793,43259,144022,-28722355,13439285,149823490,-134540420,0,271813665,19700000,239619205,36019775,567152645,300536020,6260715,89795715,170560195,567152645
2023-08-03,3945,4000,3915,3940,76225,-0.6305170239596469,-4357,100,-330,4587,0,40314,102,25258,10551,76225,44671,2,25588,5964,76225,-17049540,394510,-1256230,17911260,0,158237880,402370,99339205,41399625,299379080,175287420,7860,100595435,23488365,299379080
2023-08-04,3910,3950,3910,3940,67066,0.0,4969,4998,-6813,-3154,0,35499,5000,18028,8539,67066,30530,2,24841,11693,67066,19730945,19592150,-26979635,-12343460,0,139664455,19600000,70806820,33597545,263668820,119933510,7850,97786455,45941005,263668820
2023-08-07,3940,3940,3885,3920,104990,-0.5076142131979695,-1241,1143,-6019,6117,0,42882,1143,35586,25379,104990,44123,0,41605,19262,104990,-4285060,4440555,-23817175,23661680,0,167840700,4440555,138792340,99093715,410167310,172125760,0,162609515,75432035,410167310
2023-08-08,3900,3945,3865,3945,91661,0.6377551020408163,-1039,15412,-21826,7453,0,34464,15412,21119,20666,91661,35503,0,42945,13213,91661,-3952365,60410600,-85805180,29346945,0,134643405,60410600,82403130,80965645,358422780,138595770,0,168208310,51618700,358422780
2023-08-09,3905,3925,3860,3885,219551,-1.520912547528517,-61035,37455,44590,-21010,0,72021,37455,91176,18899,219551,133056,0,46586,39909,219551,-236581725,145321675,173056465,-81796415,0,279806420,145321675,353960385,73341160,852429640,516388145,0,180903920,155137575,852429640
2023-08-10,3880,3920,3765,3810,371012,-1.9305019305019304,-189814,5468,89973,94373,0,112929,5469,129240,123374,371012,302743,1,39267,29001,371012,-722589100,21189995,341773215,359625890,0,431035530,21193800,492005855,470943885,1415179070,1153624630,3805,150232640,111317995,1415179070
2023-08-11,3795,3905,3795,3870,104578,1.574803149606299,-13701,12118,172,1411,0,21945,20619,52061,9953,104578,35646,8501,51889,8542,104578,-52851685,46794995,719845,5336845,0,84906575,79778870,201087970,38477855,404251270,137758260,32983875,200368125,33141010,404251270
2023-08-14,3870,3915,3825,3910,57509,1.03359173126615,798,-500,-1357,1059,0,16460,3000,21245,16804,57509,15662,3500,22602,15745,57509,3269445,-1912500,-5404520,4047575,0,63711290,11610000,82027325,64987880,222336495,60441845,13522500,87431845,60940305,222336495
2023-08-16,3870,3970,3835,3970,214985,1.5345268542199488,-11962,-1500,1392,12070,0,11822,0,36533,166630,214985,23784,1500,35141,154560,214985,-46596245,-5907500,5273435,47230310,0,45967770,0,142300245,648942310,837210325,92564015,5907500,137026810,601712000,837210325
2023-08-17,3920,3960,3840,3875,93465,-2.392947103274559,40242,4747,-27303,-17686,0,51084,4988,27920,9473,93465,10842,241,55223,27159,93465,157038455,18315810,-106158340,-69195925,0,199225960,19253985,108635340,36728495,363843780,42187505,938175,214793680,105924420,363843780
2023-08-18,3850,3890,3835,3880,61753,0.12903225806451613,3570,5,-12125,8550,0,8172,5,20601,32975,61753,4602,0,32726,24425,61753,13752475,19300,-46914430,33142655,0,31523920,19300,79399450,127327625,238270295,17771445,0,126313880,94184970,238270295
2023-08-21,3880,3910,3860,3900,51234,0.5154639175257731,-1453,-500,-179,2132,0,18419,0,23877,8938,51234,19872,500,24056,6806,51234,-5591215,-1950000,-733655,8274870,0,71491335,0,92710990,34687990,198890315,77082550,1950000,93444645,26413120,198890315
2023-08-22,3900,3930,3835,3890,51227,-0.2564102564102564,20361,-83,-21048,770,0,22265,150,11974,16838,51227,1904,233,33022,16068,51227,79608130,-337360,-81994040,2723270,0,87073930,576000,46490595,65557605,199698130,7465800,913360,128484635,62834335,199698130
2023-08-23,3890,3915,3885,3905,63911,0.3856041131105398,11192,-367,-24357,13532,0,21907,0,10375,31629,63911,10715,367,34732,18097,63911,43722235,-1435795,-95144985,52858545,0,85474120,0,40362300,123320910,249157330,41751885,1435795,135507285,70462365,249157330
2023-08-24,3920,3945,3890,3940,95189,0.8962868117797695,22010,-1000,-18939,-2071,0,36330,0,26976,31883,95189,14320,1000,45915,33954,95189,86547290,-3900000,-74618785,-8028505,0,142477265,0,105143650,124622935,372243850,55929975,3900000,179762435,132651440,372243850
2023-08-25,3935,3965,3880,3890,79727,-1.2690355329949239,41138,-49,-12550,-28539,0,57468,1,10230,12028,79727,16330,50,22780,40567,79727,161716335,-192825,-49535385,-111988125,0,225842920,3925,40011195,46892060,312750100,64126585,196750,89546580,158880185,312750100
2023-08-28,3900,3960,3890,3950,96438,1.5424164524421593,69005,-101,-25244,-43660,0,72559,142,11882,11855,96438,3554,243,37126,55515,96438,272071085,-398340,-99462780,-172209965,0,285959850,553800,46521095,46426615,379461360,13888765,952140,145983875,218636580,379461360
2023-08-29,3950,3990,3915,3970,104731,0.5063291139240507,44734,-100,11671,-56305,0,53532,0,43101,8098,104731,8798,100,31430,64403,104731,177063495,-397500,45971680,-222637675,0,211862705,0,170300470,31921520,414084695,34799210,397500,124328790,254559195,414084695
2023-08-30,3965,3995,3960,3990,104150,0.5037783375314862,41636,-201,-30418,-11017,0,60983,0,22848,20319,104150,19347,201,53266,31336,104150,165809715,-798985,-121158580,-43852150,0,242885895,0,90889540,80924825,414700260,77076180,798985,212048120,124776975,414700260
2023-08-31,3970,4000,3925,3925,129894,-1.6290726817042605,44765,254,-654,-44365,0,52809,254,23278,53553,129894,8044,0,23932,97918,129894,177366750,1005855,-3215770,-175156835,0,209332485,1005855,92041945,211931975,514312260,31965735,0,95257715,387088810,514312260
2023-09-01,3925,4005,3925,3995,162994,1.78343949044586,5109,-1141,-28625,24657,0,16445,9,23301,123239,162994,11336,1150,51926,98582,162994,20386985,-4558000,-114238910,98409925,0,65653040,36000,93038440,492178710,650906190,45266055,4594000,207277350,393768785,650906190
2023-09-04,4000,4000,3935,3995,103632,0.0,62051,52,-2825,-59278,0,69520,102,31048,2962,103632,7469,50,33873,62240,103632,246202695,203710,-11569465,-234836940,0,275847990,402960,122872150,11747430,410870530,29645295,199250,134441615,246584370,410870530
2023-09-05,4000,4005,3920,4000,111646,0.1251564455569462,45589,7941,-12981,-40549,0,72920,8000,19099,11627,111646,27331,59,32080,52176,111646,181876850,31698590,-51602625,-161972815,0,290923890,31934295,75909030,46395880,445163095,109047040,235705,127511655,208368695,445163095
2023-09-06,4020,4020,3960,4000,123139,0.0,24134,7,-15548,-8593,0,55934,9,12392,54804,123139,31800,2,27940,63397,123139,96491230,28020,-62154535,-34364715,0,223368355,36000,49468330,218952165,491824850,126877125,7980,111622865,253316880,491824850
2023-09-07,3955,3990,3905,3925,106269,-1.875,16911,-24505,35186,-27592,0,53002,300,43274,9693,106269,36091,24805,8088,37285,106269,66661770,-96341875,138310970,-108630865,0,208578795,1178000,170116640,38104645,417978080,141917025,97519875,31805670,146735510,417978080
2023-09-08,3925,3965,3885,3965,101835,1.019108280254777,-3866,5,-6348,10209,0,56785,5,26445,18600,101835,60651,0,32793,8391,101835,-15169780,19735,-25198855,40348900,0,224005915,19735,103934925,73355285,401315860,239175695,0,129133780,33006385,401315860
2023-09-11,3965,3965,3910,3950,96133,-0.37831021437578816,45279,-2422,-4217,-38640,0,65117,78,26224,4714,96133,19838,2500,30441,43354,96133,178755820,-9591510,-16738905,-152425405,0,257004865,308490,103538740,18609485,379461580,78249045,9900000,120277645,171034890,379461580
2023-09-12,3945,3950,3910,3920,167413,-0.7594936708860759,53344,31250,13913,-98507,0,77122,31350,29738,29203,167413,23778,100,15825,127710,167413,209556340,122796250,54629960,-386982550,0,302943115,123189500,116785005,114770845,657688465,93386775,393250,62155045,501753395,657688465
2023-09-13,3930,3930,3875,3890,202793,-0.7653061224489796,-14469,49461,100893,-135885,0,26302,55461,118913,2117,202793,40771,6000,18020,138002,202793,-56409780,192674455,392149245,-528413920,0,102492200,216109455,462321175,8256180,789179010,158901980,23435000,70171930,536670100,789179010
2023-09-14,3870,3885,3845,3865,154053,-0.6426735218508998,2045,44665,49156,-95866,0,22087,44665,80262,7039,154053,20042,0,31106,102905,154053,7940445,172471610,189585585,-369997640,0,85330945,172471610,309850715,27288540,594941810,77390500,0,120265130,397286180,594941810
2023-09-15,3885,3885,3760,3760,556308,-2.716688227684347,85181,26436,265803,-377420,0,119610,26436,292722,117540,556308,34429,0,26919,494960,556308,322722490,101396960,1009880710,-1434000160,0,454307900,101396960,1112607490,442224585,2110536935,131585410,0,102726780,1876224745,2110536935
2023-09-18,3660,3760,3655,3760,219736,0.0,-9656,11283,67633,-69260,0,37085,11283,143829,27539,219736,46741,0,76196,96799,219736,-36176205,42210210,250491405,-256525410,0,137862235,42210210,531881860,101496550,813450855,174038440,0,281390455,358021960,813450855
2023-09-19,3760,3815,3760,3800,70328,1.0638297872340425,5463,8907,3974,-18344,0,26934,12408,23968,7018,70328,21471,3501,19994,25362,70328,20791370,33728580,14880870,-69400820,0,101958905,46972355,90619500,26619525,266170285,81167535,13243775,75738630,96020345,266170285
2023-09-20,3775,3840,3730,3730,179601,-1.8421052631578945,8358,36079,50846,-95283,0,39177,36079,79215,25130,179601,30819,0,28369,120413,179601,31600705,136773580,191000990,-359375275,0,148069440,136773580,298780950,94902470,678526440,116468735,0,107779960,454277745,678526440
2023-09-21,3730,3840,3700,3750,128616,0.5361930294906166,8268,29046,14954,-52268,0,41753,29046,43916,13901,128616,33485,0,28962,66169,128616,31657375,108083205,55506125,-195246705,0,156394485,108083205,163384500,51782795,479644985,124737110,0,107878375,247029500,479644985
2023-09-22,3725,3770,3715,3715,101375,-0.9333333333333335,529,11893,7818,-20240,0,33322,11893,33397,22763,101375,32793,0,25579,43003,101375,2153540,44323460,28791525,-75268525,0,124756810,44323460,124655725,85323525,379059520,122603270,0,95864200,160592050,379059520
2023-09-25,3775,3815,3730,3765,96298,1.3458950201884252,19424,14810,-25889,-8345,0,33740,14811,21107,26640,96298,14316,1,46996,34985,96298,73795735,55728105,-97722725,-31801115,0,127791170,55731880,79565115,100344525,363432690,53995435,3775,177287840,132145640,363432690
2023-09-26,3810,3810,3740,3790,62957,0.6640106241699867,-5333,6080,27021,-27768,0,17566,6080,33914,5397,62957,22899,0,6893,33165,62957,-19996230,22895620,101727720,-104627110,0,66251255,22895620,127751155,20328315,237226345,86247485,0,26023435,124955425,237226345
2023-09-27,3790,3825,3770,3785,254836,-0.13192612137203166,92763,17510,-24459,-85814,0,108650,17510,17615,111061,254836,15887,0,42074,196875,254836,351920765,66203650,-92979205,-325145210,0,412036560,66203650,66652355,420142876,965035441,60115795,0,159631560,745288086,965035441
2023-10-04,3785,3810,3630,3680,288565,-2.7741083223249667,35535,1253,104719,-141507,0,71952,2153,129075,85385,288565,36417,900,24356,226892,288565,130771605,4580845,383497155,-518849605,0,264437610,7879345,473010460,313951610,1059279025,133666005,3298500,89513305,832801215,1059279025
2023-10-05,3680,3690,3610,3640,211654,-1.0869565217391304,28629,22829,36693,-88151,0,64373,22829,80460,43992,211654,35744,0,43767,132143,211654,104359250,83160380,133158980,-320678610,0,234307415,83160380,292470685,160169975,770108455,129948165,0,159311705,480848585,770108455
2023-10-06,3635,3670,3610,3625,214143,-0.4120879120879121,220,28762,55105,-84087,0,42940,28762,115848,26593,214143,42720,0,60743,110680,214143,891965,104259740,199357855,-304509560,0,155486885,104259740,419272995,96297540,775317160,154594920,0,219915140,400807100,775317160
2023-10-10,3620,3655,3590,3595,135422,-0.8275862068965517,3514,22780,40835,-67129,0,32283,22780,71028,9331,135422,28769,0,30193,76460,135422,12787775,82609505,147301470,-242698750,0,116825790,82609505,256596755,33735650,489767700,104038015,0,109295285,276434400,489767700
2023-10-11,3625,3625,3545,3580,246145,-0.4172461752433936,61200,22098,75170,-158468,0,94575,22098,112304,17168,246145,33375,0,37134,175636,246145,218221330,79251100,268239235,-565711665,0,337307145,79251100,400855455,61230585,878644285,119085815,0,132616220,626942250,878644285
2023-10-12,3595,3595,3550,3560,173251,-0.5586592178770949,50208,6122,76804,-133134,0,69988,6620,89359,7284,173251,19780,498,12555,140418,173251,179247350,21850900,273725225,-474823475,0,249739760,23631100,318484515,25982300,617837675,70492410,1780200,44759290,500805775,617837675
2023-10-13,3580,3580,3480,3500,341220,-1.6853932584269662,100884,18114,80703,-199701,0,130191,18115,176257,16657,341220,29307,1,95554,216358,341220,353157910,63513115,282622830,-699293855,0,455874165,63516640,617512150,58389650,1195292605,102716255,3525,334889320,757683505,1195292605
2023-10-16,3500,3570,3480,3505,178569,0.14285714285714285,21665,10720,66718,-99103,0,49886,10720,86643,31320,178569,28221,0,19925,130423,178569,75881460,37488300,233602425,-346972185,0,174557035,37488300,303298065,109961990,625305390,98675575,0,69695640,456934175,625305390
2023-10-17,3530,3540,3505,3525,201844,0.5706134094151213,50772,2390,48116,-101278,0,55229,2390,58489,85736,201844,4457,0,10373,187014,201844,178822765,8428765,169474495,-356726025,0,194526630,8428765,206057695,302174083,711187173,15703865,0,36583200,658900108,711187173
2023-10-18,3525,3525,3470,3520,151990,-0.14184397163120568,43514,1516,43230,-88260,0,66224,1516,71272,12978,151990,22710,0,28042,101238,151990,152597050,5290340,150926360,-308813750,0,231969340,5290340,248756865,45403115,531419660,79372290,0,97830505,354216865,531419660
2023-10-19,3485,3500,3410,3415,244940,-2.9829545454545454,85242,554,97957,-183753,0,94168,554,134936,15282,244940,8926,0,36979,199035,244940,293346460,1906010,336402600,-631655070,0,324050730,1906010,463628770,52504160,842089670,30704270,0,127226170,684159230,842089670
2023-10-20,3440,3450,3385,3390,180836,-0.7320644216691069,34714,20100,24074,-78888,0,46550,20100,99362,14824,180836,11836,0,75288,93712,180836,118181895,68139000,81981690,-268302585,0,158387285,68139000,337805005,50424625,614755915,40205390,0,255823315,318727210,614755915
2023-10-23,3390,3405,3280,3290,251505,-2.949852507374631,-47085,221,124354,-77490,0,67445,264,161543,22253,251505,114530,43,37189,99743,251505,-156038855,735145,412908920,-257605210,0,223927010,879840,537095785,73543230,835445865,379965865,144695,124186865,331148440,835445865
2023-10-24,3285,3355,3255,3300,310510,0.303951367781155,-19275,-222,125572,-106075,0,69583,47,164951,75929,310510,88858,269,39379,182004,310510,-64437740,-734550,414042900,-348870610,0,228973025,154495,543352560,249517655,1021997735,293410765,889045,129309660,598388265,1021997735
2023-10-25,3340,3340,3245,3285,316531,-0.45454545454545453,53947,-17701,107686,-143932,0,114337,16543,139732,45919,316531,60390,34244,32046,189851,316531,177465070,-58490185,352132225,-471107110,0,375404720,54514840,456956835,150510130,1037386525,197939650,113005025,104824610,621617240,1037386525
2023-10-26,3260,3275,3210,3220,165618,-1.97869101978691,10071,5855,30704,-46630,0,52006,5855,97133,10624,165618,41935,0,66429,57254,165618,32402265,18929390,99286230,-150617885,0,167976015,18929390,313918060,34344765,535168230,135573750,0,214631830,184962650,535168230
2023-10-27,3215,3270,3205,3225,156806,0.15527950310559005,-20193,2173,51974,-33954,0,36814,2174,77657,40161,156806,57007,1,25683,74115,156806,-64861020,7062220,167638975,-109840175,0,119206705,7065455,250945475,129805190,507022825,184067725,3235,83306500,239645365,507022825
2023-10-30,3230,3275,3185,3220,239798,-0.15503875968992248,-35605,3608,114363,-82366,0,38544,3608,169068,28578,239798,74149,0,54705,110944,239798,-114102280,11560630,367479810,-264938160,0,123784885,11560630,543024525,91827510,770197550,237887165,0,175544715,356765670,770197550
2023-10-31,3220,3260,3190,3200,243761,-0.6211180124223602,13293,3080,57097,-73470,0,50218,3082,78565,111896,243761,36925,2,21468,185366,243761,43142060,9840640,183133325,-236116025,0,161380775,9847085,252248665,358792795,782269320,118238715,6445,69115340,594908820,782269320
2023-11-01,3225,3235,3175,3175,235129,-0.78125,4069,8688,153954,-166711,0,37215,8688,171965,17261,235129,33146,0,18011,183972,235129,13105040,27694400,491016140,-531815580,0,118789930,27694400,548487885,55040415,750012630,105684890,0,57471745,586855995,750012630
2023-11-02,3175,3210,3165,3185,252382,0.31496062992125984,20903,16305,83231,-120439,0,78630,16305,118976,38471,252382,57727,0,35745,158910,252382,66782195,51857320,265155500,-383795015,0,250701670,51857320,379085560,122685000,804329550,183919475,0,113930060,506480015,804329550
2023-11-03,3195,3310,3180,3310,287222,3.924646781789639,12230,4100,-11177,-5153,0,71389,4100,82807,128926,287222,59159,0,93984,134079,287222,39273515,13506365,-36008930,-16770950,0,232857545,13506365,269373455,419697475,935434840,193584030,0,305382385,436468425,935434840
2023-11-06,3320,3420,3320,3395,324792,2.56797583081571,-18783,3884,47881,-32982,0,120021,3985,115032,85754,324792,138804,101,67151,118736,324792,-62794725,13131955,160916855,-111254085,0,405818205,13477360,387915285,289836710,1097047560,468612930,345405,226998430,401090795,1097047560
2023-11-07,3360,3365,3285,3310,325837,-2.503681885125184,70409,-8651,70637,-132395,0,140368,6150,137862,41457,325837,69959,14801,67225,173852,325837,234399335,-28885330,234416635,-439930640,0,466321095,20436000,457380775,137414355,1081552225,231921760,49321330,222964140,577344995,1081552225
2023-11-08,3315,3355,3275,3340,195259,0.906344410876133,11580,3600,17827,-33007,0,82030,3600,47678,61951,195259,70450,0,29851,94958,195259,38546085,11929000,59072590,-109547675,0,272246860,11929000,158388370,205730280,648294510,233700775,0,99315780,315277955,648294510
2023-11-09,3340,3360,3315,3340,175068,0.0,11823,480,32401,-44704,0,55872,480,55627,63089,175068,44049,0,23226,107793,175068,39674675,1603775,108162160,-149440610,0,186694910,1603775,185815395,210671305,584785385,147020235,0,77653235,360111915,584785385
2023-11-10,3335,3335,3295,3330,158662,-0.29940119760479045,-21266,9494,65686,-53914,0,39183,9494,91097,18888,158662,60449,0,25411,72802,158662,-69825525,31305395,216920775,-178400645,0,129715065,31305395,301057600,62397770,524475830,199540590,0,84136825,240798415,524475830
2023-11-13,3310,3345,3280,3300,239178,-0.9009009009009009,-18901,7267,127320,-115686,0,31208,7268,170122,30580,239178,50109,1,42802,146266,239178,-61941690,24001235,419991185,-382050730,0,102794575,24004520,561130780,100689025,788618900,164736265,3285,141139595,482739755,788618900
2023-11-14,3300,3315,3265,3275,180569,-0.7575757575757576,-33125,6191,78728,-51794,0,36964,6191,100802,36612,180569,70089,0,22074,88406,180569,-108376145,20287070,258397745,-170308670,0,121233335,20287070,330687435,119950715,592158555,229609480,0,72289690,290259385,592158555
2023-11-15,3310,3430,3295,3360,244503,2.595419847328244,2700,10020,-21280,8560,0,63721,10121,66930,103731,244503,61021,101,88210,95171,244503,8853755,33728285,-70554065,27972025,0,213886030,34067645,224506705,347524760,819985140,205032275,339360,295060770,319552735,819985140
2023-11-16,3410,3420,3350,3410,157470,1.488095238095238,61609,2668,14438,-78715,0,75017,2668,56637,23148,157470,13408,0,42199,101863,157470,209267015,9046680,49009185,-267322880,0,254681475,9046680,192488435,78519635,534736225,45414460,0,143479250,345842515,534736225
2023-11-17,3420,3480,3380,3475,245369,1.906158357771261,29395,5247,67785,-102427,0,77791,5247,115665,46666,245369,48396,0,47880,149093,245369,101926015,18078150,232511670,-352515835,0,268261415,18078150,397765600,160976520,845081685,166335400,0,165253930,513492355,845081685
2023-11-20,3475,3525,3450,3525,353908,1.4388489208633095,91512,33940,-4267,-121185,0,113211,36000,88817,115880,353908,21699,2060,93084,237065,353908,320500725,118976455,-15432335,-424044845,0,396587515,126230000,311036050,406305395,1240158960,76086790,7253545,326468385,830350240,1240158960
2023-11-21,3525,3605,3490,3565,340259,1.1347517730496455,149041,30577,-62009,-117609,0,165094,38577,50973,85615,340259,16053,8000,112982,203224,340259,531947290,109305230,-220959110,-420293410,0,589450755,137696270,182178045,305258185,1214583255,57503465,28391040,403137155,725551595,1214583255
2023-11-22,3565,3620,3555,3620,140472,1.5427769985974753,23748,21995,2214,-47957,0,48418,29995,43448,18611,140472,24670,8000,41234,66568,140472,85419500,78795930,7584145,-171799575,0,174207580,107337605,155943060,66969235,504457480,88788080,28541675,148358915,238768810,504457480
2023-11-23,3620,3670,3600,3635,222006,0.4143646408839779,61152,37916,-24469,-74599,0,105213,37916,32799,46078,222006,44061,0,57268,120677,222006,222874230,137800710,-89034420,-271640520,0,383137240,137800710,119237520,167363130,807538600,160263010,0,208271940,439003650,807538600
2023-11-24,3635,3715,3620,3700,300894,1.7881705639614855,17163,39448,-15529,-41082,0,41226,39448,47393,172827,300894,24063,0,62922,213909,300894,63368885,145461475,-56860335,-151970025,0,152212015,145461475,174993830,637986505,1110653825,88843130,0,231854165,789956530,1110653825
2023-11-27,3710,3710,3590,3590,224547,-2.9729729729729732,59590,22866,35051,-117507,0,80470,22866,92519,28692,224547,20880,0,57468,146199,224547,217027090,83545440,127686440,-428258970,0,293024460,83545440,337349915,104434105,818353920,75997370,0,209663475,532693075,818353920
2023-11-28,3600,3690,3560,3560,261035,-0.8356545961002786,68585,5299,49830,-123714,0,84862,5300,127291,43582,261035,16277,1,77461,167296,261035,246075035,18933885,178733340,-443742260,0,304551905,18937500,458592585,156360950,938442940,58476870,3615,279859245,600103210,938442940
2023-11-29,3480,3545,3480,3490,302485,-1.9662921348314606,96045,7991,-12340,-91696,0,142369,9041,94325,56750,302485,46324,1050,106665,148446,302485,336547065,27962615,-43307210,-321202470,0,499000110,31643615,330310930,199109686,1060064341,162453045,3681000,373618140,520312156,1060064341
2023-11-30,3500,3530,3460,3465,509278,-0.7163323782234957,96819,988,47554,-145361,0,99825,1288,72092,336073,509278,3006,300,24538,481434,509278,336939080,3418240,165207250,-505564570,0,347445035,4467240,250882635,1166425325,1769220235,10505955,1049000,85675385,1671989895,1769220235
2023-12-01,3500,3555,3490,3540,240462,2.1645021645021645,24763,2225,58155,-85143,0,40770,2325,121383,75984,240462,16007,100,63228,161127,240462,86790060,7873000,205551270,-300214330,0,143181455,8224500,428888365,267342315,847636635,56391395,351500,223337095,567556645,847636635
2023-12-04,3540,3575,3530,3540,211817,0.0,65369,-181,64804,-129992,0,65911,20,77103,68783,211817,542,201,12299,198775,211817,232633500,-644755,230181895,-462170640,0,234564770,70800,273939120,244693680,753268370,1931270,715555,43757225,706864320,753268370
2023-12-05,3540,3570,3515,3550,309219,0.2824858757062147,72202,5252,41515,-118969,0,77155,5253,80085,146726,309219,4953,1,38570,265695,309219,256319835,18645360,147274400,-422239595,0,273893360,18648915,284199925,521177480,1097919680,17573525,3555,136925525,943417075,1097919680
2023-12-06,3550,3650,3540,3625,492301,2.112676056338028,81287,43833,-60521,-64599,0,87075,43933,33177,328116,492301,5788,100,93698,392715,492301,291089980,156689730,-217841905,-229937805,0,311890605,157054230,119175590,1171747350,1759867775,20800625,364500,337017495,1401685155,1759867775
2023-12-07,3625,3690,3625,3650,280310,0.6896551724137931,36225,62221,42438,-140884,0,69008,75721,88777,46804,280310,32783,13500,46339,187688,280310,132037280,227851320,155179805,-515068405,0,252279640,277098280,324623870,171259005,1025260795,120242360,49246960,169444065,686327410,1025260795
2023-12-08,3685,3775,3660,3750,258785,2.73972602739726,40460,41788,-81837,-411,0,61463,48901,74066,74355,258785,21003,7113,155903,74766,258785,151614300,156342215,-306010975,-1945540,0,230321200,182975005,277503865,278044060,968844130,78706900,26632790,583514840,279989600,968844130
2023-12-11,3780,3780,3665,3665,204972,-2.2666666666666666,29578,54134,39140,-122852,0,39638,66634,87267,11433,204972,10060,12500,48127,134285,204972,109655410,200816800,144942245,-455414455,0,146935190,247041800,323394695,42508060,759879745,37279780,46225000,178452450,497922515,759879745
2023-12-12,3665,3665,3600,3630,279685,-0.9549795361527967,60380,57206,-23289,-94297,0,67623,59306,81452,71304,279685,7243,2100,104741,165601,279685,219466355,207939190,-84193040,-343212505,0,245829295,215605190,296146835,259082895,1016664215,26362940,7666000,380339875,602295400,1016664215
2023-12-13,3640,3675,3630,3665,174314,0.9641873278236914,51365,5953,9644,-66962,0,79452,6000,42422,46440,174314,28087,47,32778,113402,174314,188007740,21802610,35048085,-244858435,0,290664950,21974400,155017885,169528040,637185275,102657210,171790,119969800,414386475,637185275
2023-12-14,3700,3725,3635,3675,382337,0.2728512960436562,107605,-1733,47105,-152977,0,134655,8446,102708,136528,382337,27050,10179,55603,289505,382337,398229000,-6436655,173246455,-565038800,0,497980525,31232105,379131440,505037595,1413381665,99751525,37668760,205884985,1070076395,1413381665
2023-12-15,3695,3740,3675,3725,343469,1.3605442176870748,29560,1889,19373,-50822,0,111751,1890,73381,156447,343469,82191,1,54008,207269,343469,110045730,6979830,71327395,-188352955,0,414668365,6983550,272086610,581534350,1275272875,304622635,3720,200759215,769887305,1275272875
2023-12-18,3700,3730,3610,3625,176065,-2.684563758389262,47165,276,59132,-106573,0,68028,276,101135,6626,176065,20863,0,42003,113199,176065,172975330,1003260,216576445,-390555035,0,248858265,1003260,370614835,24174545,644650905,75882935,0,154038390,414729580,644650905
2023-12-19,3690,3690,3610,3620,105342,-0.13793103448275862,17068,0,22106,-39174,0,40385,0,58592,6365,105342,23317,0,36486,45539,105342,62322925,0,80375595,-142698520,0,146916130,0,212809255,23097310,382822695,84593205,0,132433660,165795830,382822695
2023-12-20,3680,3695,3630,3660,110596,1.1049723756906076,22956,-2950,6812,-26818,0,45657,0,45081,19858,110596,22701,2950,38269,46676,110596,84125860,-10835500,24707205,-97997565,0,167334260,0,165358205,72893175,405585640,83208400,10835500,140651000,170890740,405585640
2023-12-21,3690,3705,3655,3665,133437,0.1366120218579235,22038,4600,21002,-47640,0,47481,5000,52532,28424,133437,25443,400,31530,76064,133437,81205125,16959000,77202745,-175366870,0,174683580,18425000,193156910,104561165,490826655,93478455,1466000,115954165,279928035,490826655
2023-12-22,3660,3710,3660,3670,133743,0.1364256480218281,39519,-7781,45211,-76949,0,54267,20,69091,10365,133743,14748,7801,23880,87314,133743,145437175,-28606985,166141030,-282971220,0,199671665,73450,253997360,38063830,491806305,54234490,28680435,87856330,321035050,491806305
2023-12-26,3670,3690,3645,3650,146501,-0.544959128065395,17661,-2711,28755,-43705,0,46272,2289,90138,7802,146501,28611,5000,61383,51507,146501,64741215,-9877535,105295360,-160159040,0,169757210,8353795,330631385,28678115,537420505,105015995,18231330,225336025,188837155,537420505
2023-12-27,3660,3665,3620,3655,112940,0.136986301369863,25103,15000,-7020,-33083,0,43971,15000,37531,16438,112940,18868,0,44551,49521,112940,91679205,54825000,-25814025,-120690180,0,160465855,54825000,136793060,59989240,412073155,68786650,0,162607085,180679420,412073155
2023-12-28,3655,3670,3645,3650,90202,-0.13679890560875513,28700,3570,-2244,-30026,0,38475,3570,41604,6553,90202,9775,0,43848,36579,90202,104928005,13030725,-8271205,-109687525,0,140641175,13030725,152093655,23969015,329734570,35713170,0,160364860,133656540,329734570
2024-01-02,3650,3765,3645,3700,142520,1.36986301369863,55156,1422,-2241,-54337,0,64543,1522,49607,26848,142520,9387,100,51848,81185,142520,203907040,5179420,-8152875,-200933585,0,238572630,5555420,183355135,99160240,526643425,34665590,376000,191508010,300093825,526643425
2024-01-03,3700,3760,3670,3720,250193,0.5405405405405406,52107,-26388,-32483,6764,0,73959,0,48868,127366,250193,21852,26388,81351,120602,250193,193127450,-97609670,-120749470,25231690,0,274160940,0,180664150,472539440,927364530,81033490,97609670,301413620,447307750,927364530
2024-01-04,3750,3750,3660,3665,163205,-1.478494623655914,37424,166,66100,-103690,0,57045,391,90279,15490,163205,19621,225,24179,119180,163205,137982790,609320,243135220,-381727330,0,210080835,1442945,332411500,57042430,600977710,72098045,833625,89276280,438769760,600977710
2024-01-05,3645,3680,3555,3645,268259,-0.5457025920873124,136323,13707,29964,-179994,0,158792,13707,62518,33242,268259,22469,0,32554,213236,268259,494403885,49897865,108568055,-652869805,0,575380760,49897865,226288425,120534285,972101335,80976875,0,117720370,773404090,972101335
2024-01-08,3645,3685,3635,3660,134738,0.411522633744856,69275,4761,-5495,-68541,0,79686,14954,27220,12878,134738,10411,10193,32715,81419,134738,253965820,17328870,-20092555,-251202135,0,291950640,54526210,99682085,47011065,493170000,37984820,37197340,119774640,298213200,493170000
2024-01-09,3700,3710,3660,3670,156178,0.273224043715847,67007,5199,27231,-99437,0,78363,5199,53146,19470,156178,11356,0,25915,118907,156178,245984260,19028340,100042045,-365054645,0,287667020,19028340,195299605,71397620,573392585,41682760,0,95257560,436452265,573392585
2024-01-10,3670,3725,3655,3660,118901,-0.2724795640326975,33920,3338,27404,-64662,0,69353,3338,40086,6124,118901,35433,0,12682,70786,118901,124463725,12215390,100580350,-237259465,0,254656135,12215390,147148565,22467015,436487105,130192410,0,46568215,259726480,436487105
2024-01-11,3660,3690,3640,3675,178240,0.4098360655737705,66545,3472,-48321,-21696,0,96144,3603,26638,51855,178240,29599,131,74959,73551,178240,244799335,12673190,-177832910,-79639615,0,353736255,13155570,97727610,190565490,655184925,108936920,482380,275560520,270205105,655184925
2024-01-12,3650,3675,3640,3650,298919,-0.6802721088435374,135165,43613,31935,-210713,0,175261,43613,70633,9412,298919,40096,0,38698,220125,298919,493987025,159077625,116342030,-769406680,0,640294375,159077625,257733125,34390405,1091495530,146307350,0,141391095,803797085,1091495530
2024-01-15,3650,3675,3620,3645,212767,-0.136986301369863,63659,3016,38827,-105502,0,121974,3066,65276,22451,212767,58315,50,26449,127953,212767,231561635,10947725,141075245,-383584605,0,443655245,11129975,237288355,81696025,773769600,212093610,182250,96213110,465280630,773769600
2024-01-16,3650,3655,3585,3620,184595,-0.6858710562414266,60463,13133,22600,-96196,0,97234,13133,69751,4477,184595,36771,0,47151,100673,184595,218936745,47509720,81762335,-348208800,0,352400265,47509720,252405800,16184865,668500650,133463520,0,170643465,364393665,668500650
2024-01-17,3615,3675,3550,3560,247169,-1.6574585635359116,95706,499,59827,-156032,0,127382,501,100893,18393,247169,31676,2,41066,174425,247169,342713265,1781445,213547210,-558041920,0,456041165,1788590,360424335,65719715,883973805,113327900,7145,146877125,623761635,883973805
2024-01-18,3565,3610,3530,3585,190020,0.7022471910112359,61449,1709,46505,-109663,0,121482,1711,58643,8184,190020,60033,2,12138,117847,190020,218736645,6079065,165123570,-389939280,0,432236240,6086160,208359485,29130160,675812045,213499595,7095,43235915,419069440,675812045
2024-01-19,3595,3620,3545,3580,333601,-0.1394700139470014,55786,827,-4129,-52484,0,77411,1000,22215,232975,333601,21625,173,26344,285459,333601,200237815,2962190,-14856915,-188343090,0,277693630,3585000,79507315,834326346,1195112291,77455815,622810,94364230,1022669436,1195112291
2024-01-22,3580,3620,3580,3620,149468,1.1173184357541899,66733,-12734,-7705,-46294,0,96718,3,37018,15729,149468,29985,12737,44723,62023,149468,240918785,-45906070,-27967050,-167045665,0,349041840,10815,133447065,56603355,539103075,108123055,45916885,161414115,223649020,539103075
2024-01-23,3620,3655,3605,3640,216580,0.5524861878453038,65915,-15,-2703,-63197,0,76561,1,29610,110408,216580,10646,16,32313,173605,216580,240203875,-54510,-9902120,-230247245,0,278931315,3645,107865520,401756420,788556900,38727440,58155,117767640,632003665,788556900
2024-01-24,3680,3680,3610,3615,199920,-0.6868131868131868,109774,998,1799,-112571,0,122274,1000,28170,48476,199920,12500,2,26371,161047,199920,399778070,3628220,6333045,-409739335,0,445166180,3635500,102410160,176261355,727473195,45388110,7280,96077115,586000690,727473195
2024-01-25,3650,3655,3620,3655,199044,1.1065006915629323,125810,15,-19724,-106101,0,136630,15,22713,39686,199044,10820,0,42437,145787,199044,457758475,54525,-71930960,-385882040,0,497180065,54525,82620270,144398955,724253815,39421590,0,154551230,530280995,724253815
2024-01-26,3645,3655,3605,3610,211822,-1.231190150478796,111568,2500,42018,-156086,0,123411,2500,59455,26456,211822,11843,0,17437,182542,211822,405517080,9042500,152102265,-566661845,0,448468770,9042500,215573200,96066265,769150735,42951690,0,63470935,662728110,769150735
2024-01-29,3645,3665,3615,3665,174838,1.5235457063711912,90019,275,-32596,-57698,0,125565,275,25707,23291,174838,35546,0,58303,80989,174838,328628190,1006485,-119244325,-210390350,0,458288805,1006485,93596520,84916930,637808740,129660615,0,212840845,295307280,637808740
2024-01-30,3670,3725,3660,3725,314516,1.6371077762619373,142634,-1,-56606,-86027,0,169579,0,58286,86651,314516,26945,1,114892,172678,314516,528890535,-3710,-209683700,-319203125,0,628615705,0,215971590,321140905,1165728200,99725170,3710,425655290,640344030,1165728200
2024-01-31,3725,3770,3710,3760,270494,0.9395973154362416,112027,-5001,-52600,-54426,0,130764,0,65654,74076,270494,18737,5001,118254,128502,270494,420577020,-18753710,-197187250,-204636060,0,490906115,0,246177330,277493310,1014576755,70329095,18753710,443364580,482129370,1014576755
2024-02-01,3755,3800,3690,3790,202487,0.7978723404255319,61065,285,-24845,-36505,0,81417,285,65948,54837,202487,20352,0,90793,91342,202487,230209005,1077825,-94730535,-136556295,0,306972105,1077825,247929595,206991270,762970795,76763100,0,342660130,343547565,762970795
2024-02-02,3780,3850,3765,3850,262928,1.58311345646438,112954,3695,-50291,-66358,0,137781,3695,77308,44144,262928,24827,0,127599,110502,262928,432265825,14092950,-192185425,-254173350,0,526817135,14092950,295379635,168026030,1004315750,94551310,0,487565060,422199380,1004315750
2024-02-05,3850,3930,3835,3900,374134,1.2987012987012987,64183,300,-97565,33082,0,80292,300,86611,206931,374134,16109,0,184176,173849,374134,250206675,1171500,-379473970,128095795,0,313071450,1171500,337235950,806079035,1457557935,62864775,0,716709920,677983240,1457557935
2024-02-06,3925,3930,3830,3900,415657,0.0,124071,-20699,35911,-139283,0,144996,650,126724,143287,415657,20925,21349,90813,282570,415657,483082955,-79962575,137305950,-540426330,0,564521160,2515500,491163115,557694555,1615894330,81438205,82478075,353857165,1098120885,1615894330
2024-02-07,3910,3920,3855,3855,208064,-1.153846153846154,48074,1810,14209,-64093,0,73499,3100,84272,47193,208064,25425,1290,70063,111286,208064,186990115,6959500,54327675,-248277290,0,285663890,11990500,326831430,183420145,807905965,98673775,5031000,272503755,431697435,807905965
2024-02-08,3850,3880,3840,3855,145025,0.0,79660,6254,-4898,-81016,0,89275,6254,39132,10364,145025,9615,0,44030,91380,145025,307487500,24082900,-18966535,-312603865,0,344518115,24082900,150879065,39937145,559417225,37030615,0,169845600,352541010,559417225
2024-02-13,3875,3895,3855,3875,185783,0.5188067444876783,70888,-2000,-51521,-17367,0,103634,0,52847,29302,185783,32746,2000,104368,46669,185783,275309695,-7760000,-199948375,-67601320,0,402220715,0,204585670,113323995,720130380,126911020,7760000,404534045,180925315,720130380
2024-02-14,3865,3900,3845,3900,194624,0.6451612903225806,84160,0,-29175,-54985,0,107742,0,43204,43678,194624,23582,0,72379,98663,194624,327375690,0,-113753360,-213622330,0,418960680,0,167632430,169857910,756451020,91584990,0,281385790,383480240,756451020
2024-02-15,3900,3920,3865,3880,113250,-0.5128205128205128,41263,8221,27067,-76551,0,48909,8221,52489,3631,113250,7646,0,25422,80182,113250,160093115,31824280,105006800,-296924195,0,189723420,31824280,203629835,14071680,439249215,29630305,0,98623035,310995875,439249215
2024-02-16,3880,3895,3845,3880,194131,0.0,115065,-2000,-6887,-106178,0,136684,0,46500,10947,194131,21619,2000,53387,117125,194131,445710155,-7760000,-26985780,-410964375,0,529427830,0,179810090,42348795,751586715,83717675,7760000,206795870,453313170,751586715
2024-02-19,3900,3900,3850,3865,101768,-0.3865979381443299,17441,0,16062,-33503,0,45178,0,54345,2245,101768,27737,0,38283,35748,101768,67682260,0,62261765,-129944025,0,175083495,0,210632420,8707965,394423880,107401235,0,148370655,138651990,394423880
2024-02-20,3865,3890,3860,3890,87674,0.646830530401035,14613,0,-4276,-10337,0,36394,0,38847,12433,87674,21781,0,43123,22770,87674,56651185,0,-16721630,-39929555,0,140949020,0,150383720,48275075,339607815,84297835,0,167105350,88204630,339607815
2024-02-21,3930,3940,3865,3865,113331,-0.6426735218508998,40196,600,27770,-68566,0,47964,600,59353,5414,113331,7768,0,31583,73980,113331,155886935,2319500,107855265,-266061700,0,186016775,2319500,230578700,20997675,439912650,30129840,0,122723435,287059375,439912650
2024-02-22,3895,3895,3860,3880,93520,0.38809831824062097,19375,0,24149,-43524,0,34752,0,53165,5603,93520,15377,0,29016,49127,93520,75009770,0,93333640,-168343410,0,134496435,0,205739575,21721715,361957725,59486665,0,112405935,190065125,361957725
2024-02-23,3895,3905,3880,3900,229866,0.5154639175257731,65801,0,-15133,-50668,0,79935,0,87269,62662,229866,14134,0,102402,113330,229866,256166600,0,-59052795,-197113805,0,311252145,0,339491070,243754665,894497880,55085545,0,398543865,440868470,894497880
2024-02-26,3785,3905,3785,3905,195737,0.1282051282051282,74137,340,8195,-82672,0,87108,687,80960,26982,195737,12971,347,72765,109654,195737,287696950,1282935,31274345,-320254230,0,337595555,2633190,311729595,104537715,756496055,49898605,1350255,280455250,424791945,756496055
2024-02-27,3910,3910,3880,3905,107076,0.0,28358,16706,-1346,-43718,0,43797,16846,31409,15024,107076,15439,140,32755,58742,107076,110631390,65169985,-5335265,-170466110,0,170775575,65715285,122396835,58601335,417489030,60144185,545300,127732100,229067445,417489030
2024-02-28,3900,3900,3855,3880,221830,-0.6402048655569782,101666,3500,730,-105896,0,111976,3500,87651,18703,221830,10310,0,86921,124599,221830,394294875,13552500,2804480,-410651855,0,434306790,13552500,339801600,72525660,860186550,40011915,0,336997120,483177515,860186550
2024-02-29,3895,3990,3865,3985,825769,2.7061855670103094,4612,1695,-156113,149806,0,38541,93843,68439,624946,825769,33929,92148,224552,475140,825769,18108930,6675150,-616727645,591943565,0,151929175,373883180,269719845,2478406190,3273938390,133820245,367208030,886447490,1886462625,3273938390
2024-03-04,3985,4050,3940,4035,548786,1.2547051442910917,79985,9610,12548,-102143,0,103474,13110,177093,255109,548786,23489,3500,164545,357252,548786,320899030,38531530,49949510,-409380070,0,415160855,52594030,710072305,1024698565,2202525755,94261825,14062500,660122795,1434078635,2202525755
2024-03-05,4035,4120,4005,4075,439652,0.9913258983890955,157887,-830,-30851,-126206,0,200081,0,85378,154193,439652,42194,830,116229,280399,439652,644360795,-3376800,-126552880,-514431115,0,816723895,0,347885560,629959345,1794568800,172363100,3376800,474438440,1144390460,1794568800
2024-03-06,4080,4310,4080,4245,997915,4.171779141104294,265802,25569,-255289,-36082,0,462459,29839,208205,297412,997915,196657,4270,463494,333494,997915,1124887905,108438945,-1074481030,-158845820,0,1956589920,126745745,881302210,1251373065,4216010940,831702015,18306800,1955783240,1410218885,4216010940
2024-03-07,4245,4320,4205,4210,474339,-0.8244994110718492,196411,500,15244,-212155,0,225869,600,177462,70408,474339,29458,100,162218,282563,474339,835787445,2106000,66418240,-904311685,0,960906095,2534500,757088290,299973355,2020502240,125118650,428500,690670050,1204285040,2020502240
2024-03-08,4220,4280,4170,4200,251681,-0.23752969121140144,101549,13378,16205,-131132,0,116581,13760,68511,52829,251681,15032,382,52306,183961,251681,427327690,56238570,68195435,-551761695,0,490500200,57848700,287974335,221948510,1058271745,63172510,1610130,219778900,773710205,1058271745
2024-03-11,4205,4245,4170,4220,268380,0.4761904761904762,69289,-2001,-11120,-56168,0,109557,0,55766,103057,268380,40268,2001,66886,159225,268380,291796370,-8431705,-47076430,-236288235,0,461283620,0,234690915,433775835,1129750370,169487250,8431705,281767345,670064070,1129750370
2024-03-12,4245,4300,4150,4240,410833,0.47393364928909953,98126,8106,37586,-143818,0,146824,8506,128044,127459,410833,48698,400,90458,271277,410833,417019190,34236245,157793900,-609049335,0,624838075,35952245,544043580,539302760,1744136660,207818885,1716000,386249680,1148352095,1744136660
2024-03-13,4240,4250,4180,4210,332403,-0.7075471698113208,147846,4884,-3508,-149222,0,162798,4884,97046,67675,332403,14952,0,100554,216897,332403,622811715,20577560,-14780900,-628608375,0,685810800,20577560,408032655,284701185,1399122200,62999085,0,422813555,913309560,1399122200
2024-03-14,4180,4230,4180,4215,251133,0.11876484560570072,93679,120,-41149,-52650,0,111769,120,51038,88206,251133,18090,0,92187,140856,251133,394175370,505200,-172994170,-221686400,0,470336010,505200,214417330,370931610,1056190150,76160640,0,387411500,592618010,1056190150
2024-03-15,4215,4225,4155,4155,496775,-1.4234875444839856,97771,2630,49301,-149702,0,131647,2630,94030,268468,496775,33876,0,44729,418170,496775,410113050,11028500,206110850,-627252400,0,552275785,11028500,394027195,1118225045,2075556525,142162735,0,187916345,1745477445,2075556525
2024-03-18,4240,4240,4015,4065,504480,-2.166064981949458,-51136,2825,88740,-40429,0,127386,2855,183404,190835,504480,178522,30,94664,231264,504480,-206554740,11518300,361910830,-166874390,0,518396685,11640100,747161890,776239710,2053438385,724951425,121800,385251060,943114100,2053438385
2024-03-19,4070,4170,4050,4170,201573,2.5830258302583027,27267,-6500,-32234,11467,0,83279,0,42775,75519,201573,56012,6500,75009,64052,201573,112645815,-26636340,-132964680,46955205,0,344065890,0,176435165,311648505,832149560,231420075,26636340,309399845,264693300,832149560
2024-03-20,4185,4240,4165,4220,156612,1.1990407673860912,65649,1500,-14236,-52913,0,96397,1500,37629,21086,156612,30748,0,51865,73999,156612,276934060,6345000,-60155320,-223123740,0,406457160,6345000,158418005,88718980,659939145,129523100,0,218573325,311842720,659939145
2024-03-21,4235,4295,4235,4255,286940,0.8293838862559242,87539,-520,-6122,-80897,0,123375,80,75610,87875,286940,35836,600,81732,168772,286940,372850895,-2226000,-26275930,-344348965,0,525354205,339000,322345065,374039820,1222078090,152503310,2565000,348620995,718388785,1222078090
2024-03-22,4255,4400,4220,4400,409644,3.4077555816686247,55335,100,-115312,59877,0,131654,750,56625,220615,409644,76319,650,171937,160738,409644,237373040,404250,-498432850,260655560,0,567855515,3210000,243545790,953252320,1767863625,330482475,2805750,741978640,692596760,1767863625
2024-03-25,4400,4585,4340,4545,798994,3.295454545454545,61435,-1519,-258163,198247,0,216139,331,119318,463206,798994,154704,1850,377481,264959,798994,280072990,-6879415,-1163369835,890176260,0,976259735,1501085,534324195,2086393275,3598478290,696186745,8380500,1697694030,1196217015,3598478290
2024-03-26,4545,4545,4430,4450,300919,-2.0902090209020905,98146,1168,47682,-146996,0,149558,1822,132850,16689,300919,51412,654,85168,163685,300919,439532005,5181890,213331315,-658045210,0,669664350,8123610,594934165,74563175,1347285300,230132345,2941720,381602850,732608385,1347285300
2024-03-27,4450,4530,4420,4475,295808,0.5617977528089888,9493,-44761,-24517,59785,0,107115,5100,80985,102608,295808,97622,49861,105502,42823,295808,43253635,-200184925,-111296745,268228035,0,481483560,22855870,362065255,460417575,1326822260,438229925,223040795,473362000,192189540,1326822260
2024-03-28,4475,4590,4405,4405,498107,-1.564245810055866,199684,22330,20367,-242381,0,313452,22400,114470,47785,498107,113768,70,94103,290166,498107,898644275,99954600,89261335,-1087860210,0,1410850725,100274500,514292935,214651300,2240069460,512206450,319900,425031600,1302511510,2240069460
2024-03-29,4410,4470,4360,4360,292442,-1.0215664018161181,74218,8245,50148,-132611,0,149001,10245,92025,41171,292442,74783,2000,41877,173782,292442,326744770,36299625,220312865,-583357260,0,655770385,45119625,404647770,180833305,1286371085,329025615,8820000,184334905,764190565,1286371085
2024-04-01,4440,4450,4370,4420,278137,1.3761467889908259,105577,1870,-2791,-104656,0,151884,2270,64247,59736,278137,46307,400,67038,164392,278137,466095175,8207300,-11725310,-462577165,0,670457865,9975300,283922340,263301870,1227657375,204362690,1768000,295647650,725879035,1227657375
2024-04-02,4435,4550,4400,4495,525704,1.6968325791855203,113253,7998,29824,-151075,0,176246,13692,155151,180615,525704,62993,5694,125327,331690,525704,507536365,35819670,132608940,-675964975,0,791364155,61494610,696041430,811162200,2360062395,283827790,25674940,563432490,1487127175,2360062395
2024-04-03,4500,4595,4450,4595,575599,2.2246941045606228,-40806,61100,-73914,53620,0,105551,64224,105820,300004,575599,146357,3124,179734,246384,575599,-184469875,277464310,-336139335,243144900,0,478463910,291643590,478923235,1361361995,2610392730,662933785,14179280,815062570,1118217095,2610392730
2024-04-04,4585,4590,4525,4580,281364,-0.3264417845484222,115846,-1682,-4741,-109423,0,155381,318,94146,31519,281364,39535,2000,98887,140942,281364,528190410,-7614835,-21789080,-498786495,0,708372975,1446400,428624835,143815395,1282259605,180182565,9061235,450413915,642601890,1282259605
2024-04-05,4550,4575,4495,4505,279468,-1.6375545851528384,97849,6755,28316,-132920,0,159886,6755,72701,40126,279468,62037,0,44385,173046,279468,443994550,30750600,128060115,-602805265,0,725817065,30750600,329455855,182112030,1268135550,281822515,0,201395740,784917295,1268135550
2024-04-08,4500,4550,4450,4455,230730,-1.1098779134295227,39982,-1964,-22778,-15240,0,118498,40,58640,53552,230730,78516,2004,81418,68792,230730,179648140,-8794550,-101846955,-69006635,0,531710410,178400,263224260,239741140,1034854210,352062270,8972950,365071215,308747775,1034854210
2024-04-09,4455,4455,4345,4350,288525,-2.356902356902357,33352,120,-9422,-24050,0,144061,120,77721,66623,288525,110709,0,87143,90673,288525,149092455,529800,-40957675,-108664580,0,634653700,529800,341476380,291223755,1267883635,485561245,0,382434055,399888335,1267883635
2024-04-11,4300,4380,4240,4345,404275,-0.11494252873563218,-22579,-503,-71672,94754,0,173284,497,55641,174853,404275,195863,1000,127313,80099,404275,-96308945,-2132850,-308937720,407379515,0,749307990,2138510,239008785,754163850,1744619135,845616935,4271360,547946505,346784335,1744619135
2024-04-12,4385,4395,4210,4390,203965,1.0356731875719216,4058,1005,-1731,-3332,0,92379,1145,47417,63024,203965,88321,140,49148,66356,203965,18027100,4342730,-7419395,-14950435,0,403222545,4954180,206735400,274957100,889869225,385195445,611450,214154795,289907535,889869225
2024-04-15,4390,4410,4260,4405,188793,0.3416856492027335,41523,28768,-56523,-13768,0,101452,29430,14393,43518,188793,59929,662,70916,57286,188793,181627835,126278410,-246940840,-60965405,0,444065350,129131200,62705155,189880695,825782400,262437515,2852790,309645995,250846100,825782400
2024-04-16,4400,4400,4245,4275,418987,-2.9511918274687856,70246,43179,-1076,-112349,0,163274,43180,121116,91417,418987,93028,1,122192,203766,418987,302623180,184741565,-4711150,-482653595,0,701289230,184745840,519765970,393022070,1798823110,398666050,4275,524477120,875675665,1798823110
2024-04-17,4275,4335,4235,4300,325308,0.5847953216374269,-53915,5923,-11029,59021,0,99211,18923,51438,155736,325308,153126,13000,62467,96715,325308,-229824335,25219040,-48296190,252901485,0,425459305,80960935,219511015,667552245,1393483500,655283640,55741895,267807205,414650760,1393483500
2024-04-18,4300,4420,4280,4340,151445,0.9302325581395349,48587,15287,-37645,-26229,0,72011,15287,18945,45202,151445,23424,0,56590,71431,151445,212598785,66731585,-163955690,-115374680,0,314323700,66731585,82454425,197668580,661178290,101724915,0,246410115,313043260,661178290
2024-04-19,4335,4430,4300,4310,312588,-0.6912442396313364,70168,62474,-54404,-78238,0,123517,69873,40391,78807,312588,53349,7399,94795,157045,312588,305688540,271564770,-236987625,-340265685,0,537593850,303787415,175340115,342357940,1359079320,231905310,32222645,412327740,682623625,1359079320
2024-04-22,4310,4400,4310,4400,163659,2.088167053364269,53498,7774,-35429,-25843,0,84295,7774,21411,50179,163659,30797,0,56840,76022,163659,234004865,33888735,-154544445,-113349155,0,368237280,33888735,93395180,218878615,714399810,134232415,0,247939625,332227770,714399810
2024-04-23,4400,4430,4355,4405,201286,0.11363636363636363,8115,7555,1908,-17578,0,78465,7555,36393,78873,201286,70350,0,34485,96451,201286,35967840,33015650,8101725,-77085215,0,344272590,33015650,159351120,345779085,882418445,308304750,0,151249395,422864300,882418445
2024-04-24,4410,4505,4395,4475,260771,1.5891032917139614,127926,401,-16292,-112035,0,163158,401,51733,45479,260771,35232,0,68025,157514,260771,572841540,1795990,-73000110,-501637420,0,730364835,1795990,230905555,202977390,1166043770,157523295,0,303905665,704614810,1166043770
2024-04-25,4475,4510,4435,4510,182194,0.782122905027933,92937,20300,-23349,-89888,0,115874,20300,27628,18392,182194,22937,0,50977,108280,182194,416596265,90771680,-104947960,-402419985,0,519482305,90771680,123849025,82220080,816323090,102886040,0,228796985,484640065,816323090
2024-04-26,4510,4540,4465,4540,208956,0.6651884700665188,91887,5615,-3225,-94277,0,122361,5615,42922,38058,208956,30474,0,46147,132335,208956,414767450,25152350,-14996690,-424923110,0,551890750,25152350,193041645,171135650,941220395,137123300,0,208038335,596058760,941220395
2024-04-29,4540,4635,4500,4635,202162,2.092511013215859,68974,7496,-98877,22407,0,103649,9496,18623,70394,202162,34675,2000,117500,47987,202162,314136185,33997190,-452833215,104699840,0,472452355,43137190,84683570,323482835,923755950,158316170,9140000,537516785,218782995,923755950
2024-04-30,4620,4680,4550,4600,276344,-0.7551240560949299,39134,7022,6487,-52643,0,111721,7422,71449,85752,276344,72587,400,64962,138395,276344,180384130,32173500,28708810,-241266440,0,514355230,34013000,329568275,396051727,1273988232,333971100,1839500,300859465,637318167,1273988232
2024-05-02,4600,4600,4510,4560,504418,-0.8695652173913043,67643,360,15875,-83878,0,92336,360,66012,345710,504418,24693,0,50137,429588,504418,308259115,1633875,72044555,-381937545,0,420533835,1633875,300335455,1576378530,2298881695,112274720,0,228290900,1958316075,2298881695
2024-05-03,4575,4575,4480,4515,262140,-0.9868421052631579,75313,-4679,6912,-77546,0,117709,0,53980,90451,262140,42396,4679,47068,167997,262140,339925505,-21081670,30871680,-349715515,0,530928310,0,243155475,407780885,1181864670,191002805,21081670,212283795,757496400,1181864670
2024-05-07,4515,4540,4490,4530,214140,0.33222591362126247,78003,0,4922,-82925,0,122893,0,61029,30218,214140,44890,0,56107,113143,214140,352005555,0,22038290,-374043845,0,554675880,0,275350530,136500880,966527290,202670325,0,253312240,510544725,966527290
2024-05-08,4540,4675,4530,4675,360783,3.2008830022075054,35595,-8458,-129553,102416,0,94188,170,45999,220426,360783,58593,8628,175552,118010,360783,163696895,-39326255,-599896035,475525395,0,435138990,786100,212472555,1021027745,1669425390,271442095,40112355,812368590,545502350,1669425390
2024-05-09,4675,4860,4655,4810,417172,2.8877005347593583,28410,-3805,-177926,153321,0,140090,4465,63227,209390,417172,111680,8270,241153,56069,417172,136807290,-18558055,-853457770,735208535,0,673253265,21403845,303307795,1004705070,2002669975,536445975,39961900,1156765565,269496535,2002669975
2024-05-10,4850,4960,4735,4745,419336,-1.3513513513513513,-61048,-3948,6601,58395,0,139483,429,119560,159864,419336,200531,4377,112959,101469,419336,-292274505,-19429490,28258815,283445180,0,672530165,2045930,576360595,775553935,2026490625,964804670,21475420,548101780,492108755,2026490625
2024-05-13,4745,4860,4745,4860,229822,2.423603793466807,-34809,-101,2066,32844,0,55526,0,50335,123961,229822,90335,101,48269,91117,229822,-166167270,-490785,9384045,157274010,0,265616965,0,240683780,593104635,1099405380,431784235,490785,231299735,435830625,1099405380
2024-05-14,4860,4910,4780,4810,182402,-1.02880658436214,31086,310,32877,-64273,0,75325,311,62857,43909,182402,44239,1,29980,108182,182402,149766890,1487895,158155800,-309410585,0,362618860,1492725,302785460,211855440,878752485,212851970,4830,144629660,521266025,878752485
2024-05-16,4840,4880,4825,4860,368453,1.0395010395010396,-10804,-108254,-78197,197255,0,62590,1,79240,226622,368453,73394,108255,157437,29367,368453,-52382910,-525162585,-378971530,956517025,0,303392100,4855,384254785,1099019925,1786671665,355775010,525167440,763226315,142502900,1786671665
2024-05-17,4830,4880,4795,4880,241932,0.411522633744856,-20502,-30263,37235,13530,0,61671,2201,107186,70874,241932,82173,32464,69951,57344,241932,-97996365,-146337690,178814695,65519360,0,297643810,10614825,516579565,342414690,1167252890,395640175,156952515,337764870,276895330,1167252890
2024-05-20,4855,4880,4815,4815,282263,-1.331967213114754,103191,-58539,-7025,-37627,0,143436,1,90375,48451,282263,40245,58540,97400,86078,282263,501905440,-285092875,-34968080,-181844485,0,697626275,4880,438582345,235726705,1371940205,195720835,285097755,473550425,417571190,1371940205
2024-05-21,4840,4840,4725,4760,220967,-1.142263759086189,108159,-3535,4869,-109493,0,139046,411,58641,22869,220967,30887,3946,53772,132362,220967,517877455,-17003790,22867890,-523741555,0,665483035,1949970,280313705,109110415,1056857125,147605580,18953760,257445815,632851970,1056857125
2024-05-22,4770,4815,4760,4775,128919,0.31512605042016806,36807,-10500,1777,-28084,0,69912,0,32988,26019,128919,33105,10500,31211,54103,128919,176226135,-50370000,8607935,-134464070,0,334547945,0,157924310,124396535,616868790,158321810,50370000,149316375,258860605,616868790
2024-05-23,4800,4800,4740,4755,185300,-0.41884816753926707,36712,0,23430,-60142,0,73217,0,79352,32731,185300,36505,0,55922,92873,185300,175022470,0,111368170,-286390640,0,348801350,0,377668045,155772120,882241515,173778880,0,266299875,442162760,882241515
2024-05-24,4755,4875,4735,4805,264911,1.0515247108307046,21846,-11734,-71770,61658,0,58172,40,53140,153559,264911,36326,11774,124910,91901,264911,104772490,-56365760,-344908060,296501330,0,280038715,193600,255487275,739507330,1275226920,175266225,56559360,600395335,443006000,1275226920
2024-05-27,4850,4920,4800,4880,268757,1.5608740894901143,45111,-24,-35207,-9880,0,72687,0,72887,123183,268757,27576,24,108094,133063,268757,219357040,-118080,-170394460,-48844500,0,353498000,0,355173520,599300220,1307971740,134140960,118080,525567980,648144720,1307971740
2024-05-28,4880,4900,4850,4875,138867,-0.10245901639344263,58144,1276,-5182,-54238,0,76545,2027,46121,14174,138867,18401,751,51303,68412,138867,283596930,6183740,-25509695,-264270975,0,373261500,9861855,224766015,69194295,677083665,89664570,3678115,250275710,333465270,677083665
2024-05-29,4920,4920,4840,4865,267180,-0.20512820512820512,104682,1572,-53851,-52403,0,161765,1582,77374,26459,267180,57083,10,131225,78862,267180,511625035,7658500,-263181890,-256101645,0,790284475,7707250,378082620,129174430,1305248775,278659440,48750,641264510,385276075,1305248775
2024-05-30,4740,4815,4720,4790,189620,-1.5416238437821173,62432,-681,12963,-74714,0,76402,719,82711,29788,189620,13970,1400,69748,104502,189620,298742435,-3240845,61775015,-357276605,0,365405900,3443155,393356685,142286225,904491965,66663465,6684000,331581670,499562830,904491965
2024-05-31,4755,4825,4710,4825,217610,0.7306889352818371,16971,-7039,-27399,17467,0,47489,0,33843,136278,217610,30518,7039,61242,118811,217610,81226695,-33683615,-132330530,84787450,0,227096310,0,161747330,655275535,1044119175,145869615,33683615,294077860,570488085,1044119175
2024-06-03,4830,4850,4750,4830,299206,0.10362694300518134,42276,2419,-71396,26701,0,112958,2619,56285,127344,299206,70682,200,127681,100643,299206,203744370,11533410,-343794450,128516670,0,543820075,12499910,268968170,612365000,1437653155,340075705,966500,612762620,483848330,1437653155
2024-06-04,4830,4850,4800,4835,192230,0.10351966873706005,-13618,1999,-5296,16915,0,48442,2100,33357,108331,192230,62060,101,38653,91416,192230,-65805710,9630690,-25580065,81755085,0,233363450,10117000,160885025,522418415,926783890,299169160,486310,186465090,440663330,926783890
2024-06-05,4830,4965,4790,4945,345889,2.2750775594622543,-32605,-1900,-138499,173004,0,69617,0,33874,242398,345889,102222,1900,172373,69394,345889,-159181495,-9382000,-679602735,848166230,0,341207280,0,164967125,1189078980,1695253385,500388775,9382000,844569860,340912750,1695253385
2024-06-07,4960,4965,4860,4895,235796,-1.0111223458038423,53221,-9351,8472,-52342,0,88483,350,56311,90652,235796,35262,9701,47839,142994,235796,260580105,-45597055,41562705,-256545755,0,433870105,1728750,276294400,444002565,1155895820,173290000,47325805,234731695,700548320,1155895820
2024-06-10,4900,4940,4875,4890,116217,-0.10214504596527069,30582,-3114,10792,-38260,0,62493,3,29809,23912,116217,31911,3117,19017,62172,116217,149405460,-15211895,52791160,-186984725,0,305353930,14650,145757270,116831560,567957410,155948470,15226545,92966110,303816285,567957410
2024-06-11,4905,4955,4815,4860,187707,-0.6134969325153374,24082,1709,349,-26140,0,84190,2622,56187,44708,187707,60108,913,55838,70848,187707,115486915,8210845,1546300,-125244060,0,409214425,12662650,272390860,219788270,914056205,293727510,4451805,270844560,345032330,914056205
2024-06-12,4860,4865,4755,4755,219131,-2.1604938271604937,-15953,2799,61282,-48128,0,87549,2800,112721,16061,219131,103502,1,51439,64189,219131,-75462040,13403235,292233500,-230174695,0,418016035,13408000,537669205,76579940,1045673180,493478075,4765,245435705,306754635,1045673180
2024-06-13,4775,4855,4695,4720,404007,-0.7360672975814931,-67221,1001,10226,55994,0,148804,1015,113693,140495,404007,216025,14,103467,84501,404007,-318101390,4749290,47643685,265708415,0,708586220,4816490,540194600,668165015,1921762325,1026687610,67200,492550915,402456600,1921762325
2024-06-14,4725,4725,4600,4605,447873,-2.4364406779661016,63129,3265,20138,-86532,0,245723,3266,116898,81986,447873,182594,1,96760,168518,447873,292199710,15240440,94546375,-401986525,0,1141854220,15245140,543466410,379951020,2080516790,849654510,4700,448920035,781937545,2080516790
2024-06-17,4605,4635,4460,4500,459275,-2.2801302931596092,-49725,6683,4647,38395,0,172602,6934,116330,163409,459275,222327,251,111683,125014,459275,-220786885,30196900,21263800,169326185,0,778698375,31326160,524256700,733572020,2067853255,999485260,1129260,502992900,564245835,2067853255
2024-06-18,4545,4545,4445,4515,279257,0.33333333333333337,17039,1300,-13098,-5241,0,140031,1401,67555,70270,279257,122992,101,80653,75511,279257,76025560,5827500,-58085405,-23767655,0,627974135,6278980,302773910,315044340,1252071365,551948575,451480,360859315,338811995,1252071365
2024-06-19,4515,4545,4360,4375,527587,-3.10077519379845,20375,247,-32457,11835,0,213238,2585,180495,131269,527587,192863,2338,212952,119434,527587,90807775,1080730,-139195155,47306650,0,946597425,11462775,802251145,578961100,2339272445,855789650,10382045,941446300,531654450,2339272445
2024-06-20,4370,4575,4345,4530,446305,3.5428571428571427,-134381,168,-560,134773,0,124209,780,90581,230735,446305,258590,612,91141,95962,446305,-594802925,674255,-4567535,598696205,0,550239420,3414280,401425530,1024535230,1979614460,1145042345,2740025,405993065,425839025,1979614460
2024-06-21,4545,4745,4515,4565,326198,0.772626931567329,50941,-473,14444,-64912,0,114791,1,57004,154402,326198,63850,474,42560,219314,326198,234028625,-2183320,66356355,-298201660,0,526267035,4600,261298820,705480215,1493050670,292238410,2187920,194942465,1003681875,1493050670
2024-06-24,4565,4715,4540,4670,136189,2.3001095290251916,59194,542,-25355,-34381,0,76157,761,46608,12663,136189,16963,219,71963,47044,136189,275060635,2494125,-117834090,-159720670,0,354081890,3512060,216962785,58940780,633497515,79021255,1017935,334796875,218661450,633497515
2024-06-25,4705,4730,4650,4705,168523,0.7494646680942184,81612,1090,-47358,-35344,0,101807,3801,38189,24726,168523,20195,2711,85547,60070,168523,384424895,5137820,-222901795,-166660920,0,479474080,17919690,179645345,116289875,793328990,95049185,12781870,402547140,282950795,793328990
2024-06-26,4715,4715,4600,4640,178647,-1.381509032943677,33396,3450,-23063,-13783,0,102487,3500,38970,33690,178647,69091,50,62033,47473,178647,155390010,16011500,-107026415,-64375095,0,475700875,16245000,180739380,156246350,828931605,320310865,233500,287765795,220621445,828931605
2024-06-27,4580,4665,4565,4595,121290,-0.9698275862068966,-5521,1200,27454,-23133,0,52316,1400,51889,15685,121290,57837,200,24435,38818,121290,-24622145,5497500,125777855,-106653210,0,240578100,6416000,238174815,72123165,557292080,265200245,918500,112396960,178776375,557292080
2024-06-28,4595,4640,4595,4615,135612,0.4352557127312296,33856,2999,-12964,-23891,0,77642,3000,36317,18653,135612,43786,1,49281,42544,135612,155991785,13810400,-59762830,-110039355,0,357697285,13815000,167282865,85923820,624718970,201705500,4600,227045695,195963175,624718970
2024-07-01,4605,4640,4575,4600,166258,-0.3250270855904659,17777,-1,-778,-16998,0,93816,0,47079,25363,166258,76039,1,47857,42361,166258,81874370,-4595,-3781635,-78088140,0,430971985,0,216333495,116653960,763959440,349097615,4595,220115130,194742100,763959440
2024-07-02,4640,4640,4570,4605,160259,0.10869565217391304,2142,1,-28156,26013,0,55247,1,27399,77612,160259,53105,0,55555,51599,160259,10232980,4590,-129581335,119343765,0,254125555,4590,125917845,356631370,736679360,243892575,0,255499180,237287605,736679360
2024-07-03,4625,4720,4615,4720,175368,2.49728555917481,34484,-69,-66732,32317,0,85029,1,28950,61388,175368,50545,70,95682,29071,175368,161848680,-323610,-312791040,151265970,0,398566560,4690,135762990,287687315,822021555,236717880,328300,448554030,136421345,822021555
2024-07-04,4800,4800,4700,4755,190959,0.7415254237288136,48935,3329,-43343,-8921,0,85650,3500,25585,76224,190959,36715,171,68928,85145,190959,231530835,15675660,-205849550,-41356945,0,405008520,16485000,121008430,361289010,903790960,173477685,809340,326857980,402645955,903790960
2024-07-05,4765,4765,4650,4675,173217,-1.6824395373291272,53999,-24968,20295,-49326,0,108237,242,47575,17163,173217,54238,25210,27280,66489,173217,253096435,-116443865,94393780,-231046350,0,507034245,1128135,222577380,80449340,811189100,253937810,117572000,128183600,311495690,811189100
2024-07-08,4675,4705,4595,4605,132314,-1.4973262032085561,41819,-24996,5393,-22216,0,65831,5,49936,16542,132314,24012,25001,44543,38758,132314,193391990,-115388175,24765385,-102769200,0,304280720,23075,230309525,76369275,610982595,110888730,115411250,205544140,179138475,610982595
2024-07-09,4605,4640,4350,4510,244349,-2.0629750271444083,83876,-21949,11868,-73795,0,141219,3251,82387,17492,244349,57343,25200,70519,91287,244349,381421385,-99888095,54430525,-335963815,0,642865505,14734635,375221710,79594530,1112416380,261444120,114622730,320791185,415558345,1112416380
2024-07-10,4470,4580,4470,4515,166474,0.11086474501108648,47314,-19950,-13951,-13413,0,100141,5150,26853,34330,166474,52827,25100,40804,47743,166474,215048190,-90722410,-63656240,-60669540,0,455169535,23433965,121873160,156069605,756546265,240121345,114156375,185529400,216739145,756546265
2024-07-11,4560,4640,4535,4640,199562,2.768549280177187,41823,-24819,-36752,19748,0,128600,326,24473,46163,199562,86777,25145,61225,26415,199562,192390370,-114227370,-169106145,90943145,0,591831190,1504490,112791405,212398825,918525910,399440820,115731860,281897550,121455680,918525910
2024-07-12,4645,4685,4610,4655,147391,0.3232758620689655,47826,-23206,-25440,820,0,89397,1801,19338,36855,147391,41571,25007,44778,36035,147391,222392540,-107728505,-118293060,3629025,0,415409915,8380650,89628840,171006460,684425865,193017375,116109155,207921900,167377435,684425865
2024-07-15,4680,4750,4670,4735,264907,1.7185821697099892,80308,-24951,-59786,4429,0,141410,100,41799,81598,264907,61102,25051,101585,77169,264907,379819775,-117616540,-282890885,20687650,0,668331220,471000,196750965,385051880,1250605065,288511445,118087540,479641850,364364230,1250605065
2024-07-16,4755,4765,4560,4745,306393,0.21119324181626187,98910,-25269,-34046,-39595,0,205555,1,48135,52702,306393,106645,25270,82181,92297,306393,469544855,-119640525,-161885580,-188018750,0,972685675,4750,227437470,249134790,1449262685,503140820,119645275,389323050,437153540,1449262685
2024-07-17,4775,4780,4610,4755,258155,0.21074815595363539,151822,-25001,-49565,-77256,0,203883,0,36443,17829,258155,52061,25001,86008,95085,258155,720701190,-118455145,-235934490,-366311555,0,966743135,0,172304540,84466730,1223514405,246041945,118455145,408239030,450778285,1223514405
2024-07-18,4755,4850,4735,4830,264043,1.5772870662460567,24290,-24343,-79579,79632,0,137070,15,22518,104440,264043,112780,24358,102097,24808,264043,117373365,-117405430,-382847515,382879580,0,661089995,72415,108526695,502204115,1271893220,543716630,117477845,491374210,119324535,1271893220
2024-07-19,4830,4835,4785,4805,165185,-0.5175983436853002,33335,-309,-22737,-10289,0,124816,6,26197,14166,165185,91481,315,48934,24455,165185,160289035,-1489465,-109274840,-49524730,0,599786305,28825,125888450,68055695,793759275,439497270,1518290,235163290,117580425,793759275
2024-07-22,4840,4885,4800,4840,225831,0.72840790842872,108624,34,-83054,-25604,0,155150,1034,24806,44841,225831,46526,1000,107860,70445,225831,526952920,169720,-402932815,-124189825,0,752338275,5009720,120307245,217490570,1095145810,225385355,4840000,523240060,341680395,1095145810
2024-07-23,4830,4875,4815,4815,151706,-0.5165289256198348,91215,4999,-51123,-45091,0,111591,5000,26439,8676,151706,20376,1,77562,53767,151706,442121295,24245140,-247814260,-218552175,0,540843715,24250000,128235490,41974705,735303910,98722420,4860,376049750,260526880,735303910
2024-07-24,4815,4880,4785,4880,192501,1.3499480789200415,82620,-2999,-64530,-15091,0,137234,1,16273,38993,192501,54614,3000,80803,54084,192501,400532495,-14555150,-312370805,-73606540,0,664834455,4850,78540480,188279930,931659715,264301960,14560000,390911285,261886470,931659715
2024-07-25,4880,4880,4780,4860,174170,-0.4098360655737705,24384,-7003,31811,-49192,0,83429,0,72786,17955,174170,59045,7003,40975,67147,174170,118491155,-33544480,153075775,-238022450,0,402447275,0,350794885,86188455,839430615,283956120,33544480,197719110,324210905,839430615
2024-07-26,4860,4900,4840,4870,150018,0.205761316872428,24326,-2998,-22254,926,0,88010,2,27698,34308,150018,63684,3000,49952,33382,150018,118838170,-14630235,-108674985,4467050,0,429862530,9765,135221940,167438875,732533110,311024360,14640000,243896925,162971825,732533110
2024-07-29,4870,4935,4840,4915,144606,0.9240246406570842,21474,-1072,-18536,-1866,0,62428,0,39332,42846,144606,40954,1072,57868,44712,144606,104834775,-5268485,-90724390,-8841900,0,305455345,0,192746705,209613075,707815125,200620570,5268485,283471095,218454975,707815125
2024-07-30,4915,4985,4910,4915,166608,0.0,21921,364,-7722,-14563,0,75704,625,47287,42992,166608,53783,261,55009,57555,166608,107671470,1793505,-38441310,-71023665,0,373063675,3077625,233222230,212313710,821677240,265392205,1284120,271663540,283337375,821677240
2024-07-31,4915,4990,4865,4935,353495,0.40691759918616477,130707,-902,-57056,-72749,0,220204,98,38378,94815,353495,89497,1000,95434,167564,353495,646817295,-4482315,-282504535,-359830445,0,1090658895,485185,189760990,468678430,1749583500,443841600,4967500,472265525,828508875,1749583500
2024-08-01,4980,5050,4945,4995,327644,1.21580547112462,-5401,1300,-23044,27145,0,72656,1500,61335,192153,327644,78057,200,84379,165008,327644,-27101270,6477500,-115618985,136242755,0,363085850,7487500,306820235,960417215,1637810800,390187120,1010000,422439220,824174460,1637810800
2024-08-02,4995,5040,4890,4950,275949,-0.9009009009009009,38033,-14002,-4256,-19775,0,138178,0,94025,43746,275949,100145,14002,98281,63521,275949,188976565,-69277330,-22096735,-97602500,0,684722905,0,465277680,216883695,1366884280,495746340,69277330,487374415,314486195,1366884280
2024-08-05,4950,4950,4640,4720,592242,-4.646464646464646,178584,9497,-202024,13943,0,343999,10034,111515,126694,592242,165415,537,313539,112751,592242,857900670,45675775,-967295940,63719495,0,1647737960,48272760,533624435,603983435,2833618590,789837290,2596985,1500920375,540263940,2833618590
2024-08-06,4755,4890,4755,4875,238887,3.283898305084746,34190,-1205,-73632,40647,0,88130,4300,46615,99842,238887,53940,5505,120247,59195,238887,165775345,-6038925,-356953480,197217060,0,425996225,20660350,223910990,482487365,1153054930,260220880,26699275,580864470,285270305,1153054930
2024-08-07,4900,4995,4875,4970,207813,1.948717948717949,65123,-5641,-74781,15299,0,125112,36,28646,54019,207813,59989,5677,103427,38720,207813,324037440,-27965670,-371312335,75240565,0,621384000,179440,142233335,267643760,1031440535,297346560,28145110,513545670,192403195,1031440535
2024-08-08,4970,5020,4685,4895,358169,-1.5090543259557343,-34757,-2390,-16063,53210,0,110426,95,46129,201519,358169,145183,2485,62192,148309,358169,-160653695,-11933505,-83834975,256422175,0,547124570,475305,225523135,993615170,1766738180,707778265,12408810,309358110,737192995,1766738180
2024-08-09,4890,4940,4795,4865,259126,-0.6128702757916241,41519,8371,28195,-78085,0,134990,8790,77029,38317,259126,93471,419,48834,116402,259126,203016950,40226260,136179855,-379423065,0,655131575,42242450,373001320,186199895,1256575240,452114625,2016190,236821465,565622960,1256575240
2024-08-12,4830,4960,4830,4920,183757,1.1305241521068858,99863,9543,-53637,-55769,0,127609,9544,21741,24863,183757,27746,1,75378,80632,183757,489183105,46722940,-262803430,-273102615,0,625506540,46727820,106574960,121944640,900753960,136323435,4880,369378390,395047255,900753960
2024-08-13,4920,5000,4905,4990,231932,1.4227642276422763,29276,1637,-85909,54996,0,111604,10137,25602,84589,231932,82328,8500,111511,29593,231932,146163260,8015945,-426912000,272732795,0,554974230,50280945,127256770,419884115,1152396060,408810970,42265000,554168770,147151320,1152396060
2024-08-14,4995,5150,4985,5110,604637,2.404809619238477,-165714,-5890,-143389,314993,0,157789,56,92076,354716,604637,323503,5946,235465,39723,604637,-844364850,-29936800,-731253310,1605554960,0,804779530,282800,469358005,1807940445,3082360780,1649144380,30219600,1200611315,202385485,3082360780
2024-08-16,5110,5150,4930,4970,340241,-2.73972602739726,72856,-183,-13456,-59217,0,124142,218,103309,112572,340241,51286,401,116765,171789,340241,366249810,-938690,-69393640,-295917480,0,624234475,1094360,518051015,567273799,1710653649,257984665,2033050,587444655,863191279,1710653649
2024-08-19,4950,4965,4865,4910,185756,-1.2072434607645874,82360,-112,8009,-90257,0,113460,1,57308,14987,185756,31100,113,49299,105244,185756,405694850,-547630,40037685,-445184905,0,559099185,4940,282440555,73528610,915073290,153404335,552570,242402870,518713515,915073290
2024-08-20,4910,4965,4885,4905,145262,-0.10183299389002036,62278,311,32042,-94631,0,100437,311,42856,1658,145262,38159,0,10814,96289,145262,306657715,1522405,157704245,-465884365,0,494345650,1522405,211012360,8138775,715019190,187687935,0,53308115,474023140,715019190
2024-08-21,4905,4925,4850,4900,115526,-0.10193679918450561,32267,-9995,-1902,-20370,0,70220,1083,24963,19260,115526,37953,11078,26865,39630,115526,158163470,-48913925,-9354885,-99894660,0,343610825,5290040,122010665,94106175,565017705,185447355,54203965,131365550,194000835,565017705
2024-08-22,4895,4950,4880,4905,123667,0.10204081632653061,39762,10,18266,-58038,0,79564,10,36476,7617,123667,39802,0,18210,65655,123667,194837785,48900,89503285,-284389970,0,389866255,48900,178701325,37312835,605929315,195028470,0,89198040,321702805,605929315
2024-08-23,4865,5020,4865,4970,164611,1.325178389398573,37516,-4826,-24583,-8107,0,89273,0,34897,40441,164611,51757,4826,59480,48548,164611,187397630,-23985220,-122979310,-40433100,0,444638620,0,173569245,200934185,819142050,257240990,23985220,296548555,241367285,819142050
2024-08-26,4905,5060,4905,5020,181959,1.0060362173038229,60668,0,-56508,-4160,0,134271,0,19814,27874,181959,73603,0,76322,32034,181959,304901345,0,-284177250,-20724095,0,674584705,0,99179325,139909760,913673790,369683360,0,383356575,160633855,913673790
2024-08-27,5080,5080,4990,5030,134027,0.199203187250996,24646,50,-14763,-9933,0,87355,50,29157,17465,134027,62709,0,43920,27398,134027,124625655,250000,-74224940,-50650715,0,440135855,250000,146759625,87435685,674581165,315510200,0,220984565,138086400,674581165
2024-08-28,5030,5050,4955,5050,151388,0.3976143141153081,34757,0,-6628,-28129,0,86149,0,35502,29737,151388,51392,0,42130,57866,151388,173931120,0,-33707050,-140224070,0,430289240,0,177134325,148859415,756282980,256358120,0,210841375,289083485,756282980
2024-08-29,5050,5050,4980,5010,135638,-0.7920792079207921,28795,7236,-9037,-26994,0,99566,7237,20183,8652,135638,70771,1,29220,35646,135638,144692370,36397110,-45544870,-135544610,0,498998755,36402110,101174575,43317300,679892740,354306385,5000,146719445,178861910,679892740
2024-08-30,5050,5140,5000,5140,270626,2.5948103792415167,27249,-399,-87355,60505,0,102179,2,25167,143278,270626,74930,401,112522,82773,270626,137270240,-2026940,-445857620,310614320,0,518214910,10140,127556550,733854650,1379636250,380944670,2037080,573414170,423240330,1379636250
2024-09-02,5140,5140,4990,5030,153658,-2.140077821011673,14354,4052,32502,-50908,0,90078,4052,49952,9576,153658,75724,0,17450,60484,153658,73012330,20380030,163459650,-256852010,0,453710120,20380030,251504905,48119245,773714300,380697790,0,88045255,304971255,773714300
2024-09-03,5030,5070,4990,5070,184380,0.7952286282306162,57544,-19298,-33102,-5144,0,142544,10,16959,24867,184380,85000,19308,50061,30011,184380,289720855,-96976130,-166601870,-26142855,0,717079970,50000,85091300,125058115,927279385,427359115,97026130,251693170,151200970,927279385
2024-09-04,5030,5090,4985,5090,228886,0.39447731755424065,76863,-9649,-62540,-4674,0,172387,2,18300,38197,228886,95524,9651,80840,42871,228886,388836725,-48920470,-316168940,-23747315,0,871020660,10100,92266125,193184025,1156480910,482183935,48930570,408435065,216931340,1156480910
2024-09-05,5020,5110,5020,5090,220075,0.0,38530,-8643,-10211,-19676,0,155109,1008,33393,30565,220075,116579,9651,43604,50241,220075,195853800,-44216030,-51959050,-99678720,0,787331270,5100580,169316130,155232280,1116980260,591477470,49316610,221275180,254911000,1116980260
2024-09-06,5090,5210,5090,5090,431754,0.0,24990,31141,-70096,13965,0,169370,32141,98008,132235,431754,144380,1000,168104,118270,431754,127628460,160659770,-363500310,75212080,0,872488530,165819770,504781160,682180710,2225270170,744860070,5160000,868281470,606968630,2225270170
2024-09-09,5020,5050,4965,5000,253888,-1.768172888015717,132806,462,16402,-149670,0,164652,601,73196,15439,253888,31846,139,56794,165109,253888,665677585,2296410,81010695,-748984690,0,824952120,2990020,365577105,77308535,1270827780,159274535,693610,284566410,826293225,1270827780
2024-09-10,5010,5200,5010,5190,337686,3.8,-6612,2977,-140194,143829,0,134368,5977,18409,178932,337686,140980,3000,158603,35103,337686,-34377410,15421750,-722187960,741143620,0,693049740,30931750,94873030,921837820,1740692340,727427150,15510000,817060990,180694200,1740692340
2024-09-11,5230,5240,5140,5200,312403,0.1926782273603083,66728,15387,-25070,-57045,0,199672,15387,38794,58550,312403,132944,0,63864,115595,312403,348058550,79881190,-131028360,-296911380,0,1038980100,79881190,201546370,304704270,1625111930,690921550,0,332574730,601615650,1625111930
2024-09-12,5200,5280,5200,5240,203175,0.7692307692307693,103737,13116,-68759,-48094,0,157089,13116,14285,18685,203175,53352,0,83044,66779,203175,543192700,68686120,-360063040,-251815780,0,822618550,68686120,74797000,97795930,1063897600,279425850,0,434860040,349611710,1063897600
2024-09-13,5320,5320,5110,5140,226164,-1.9083969465648856,4190,10882,3120,-18192,0,97027,10882,60231,58024,226164,92837,0,57111,76216,226164,21481190,56577200,15233230,-93291620,0,504352180,56577200,313888300,302738010,1177555690,482870990,0,298655070,396029630,1177555690
2024-09-19,5210,5330,5200,5310,428789,3.3073929961089497,30589,34094,-140703,76020,0,176407,35353,23126,193903,428789,145818,1259,163829,117883,428789,162836520,180396740,-746351560,403118300,0,935420460,187048920,122422620,1028280780,2273172780,772583940,6652180,868774180,625162480,2273172780
2024-09-20,5340,5340,5250,5250,557553,-1.1299435028248588,38807,22115,-2361,-58561,0,145915,27116,35539,348983,557553,107108,5001,37900,407544,557553,205054790,116454850,-12677290,-308832350,0,771341490,143060140,188002240,1841335090,2943738960,566286700,26605290,200679530,2150167440,2943738960
2024-09-23,5250,5320,5240,5300,584752,0.9523809523809524,86848,5369,-37867,-54350,0,152992,6069,16768,408923,584752,66144,700,54635,463273,584752,458778110,28205570,-200078030,-286905650,0,806979490,31915570,88378780,2155901920,3083175760,348201380,3710000,288456810,2442807570,3083175760
2024-09-24,5280,5330,5250,5280,250538,-0.37735849056603776,69835,6979,-16872,-59942,0,188080,7011,27701,27746,250538,118245,32,44573,87688,250538,370012990,36904820,-89249230,-317668580,0,994912680,37073780,146750800,146640920,1325378180,624899690,168960,236000030,464309500,1325378180
2024-09-25,5220,5260,5140,5160,320033,-2.272727272727273,144059,45711,9661,-199431,0,173357,45797,81398,19481,320033,29298,86,71737,218912,320033,746810190,236680680,49854270,-1033345140,0,898618480,237124440,421630410,100934890,1658308220,151808290,443760,371776140,1134280030,1658308220
2024-09-26,5170,5180,5070,5110,189506,-0.9689922480620154,19476,27454,28451,-75381,0,68579,28954,74907,17066,189506,49103,1500,46456,92447,189506,100783170,141521740,145285740,-387590650,0,352316780,149246740,384175410,87465210,973204140,251533610,7725000,238889670,475055860,973204140
2024-09-27,5010,5150,4985,5090,446469,-0.3913894324853229,68628,22731,36263,-127622,0,229825,22731,94369,99544,446469,161197,0,58106,227166,446469,348119135,114701790,182159300,-644980225,0,1160075120,114701790,475238595,501510070,2251525575,811955985,0,293079295,1146490295,2251525575
2024-09-30,5040,5130,4990,4990,374889,-1.9646365422396856,182984,2255,16689,-201928,0,214285,2255,59387,98962,374889,31301,0,42698,300890,374889,924397940,11391070,81692835,-1017481845,0,1082027525,11391070,298002455,497631940,1889052990,157629585,0,216309620,1515113785,1889052990
2024-10-02,4845,5050,4840,4855,391217,-2.7054108216432864,137331,12394,53224,-202949,0,170375,12394,107909,100539,391217,33044,0,54685,303488,391217,681900725,61122670,260817530,-1003840925,0,843857675,61122670,529335065,494295265,1928610675,161956950,0,268517535,1498136190,1928610675
2024-10-04,4815,4950,4745,4910,457040,1.132852729145211,40756,5016,36462,-82234,0,172843,5020,108709,170468,457040,132087,4,72247,252702,457040,198630585,24501780,175413955,-398546320,0,836100385,24521000,524138425,824394185,2209153995,637469800,19220,348724470,1222940505,2209153995
2024-10-07,4950,5070,4810,4945,511918,0.7128309572301426,212293,964,-63239,-150018,0,310311,4750,34838,162019,511918,98018,3786,98077,312037,511918,1054696850,4542095,-317957910,-741281035,0,1542421995,22847500,170340085,801855070,2537464650,487725145,18305405,488297995,1543136105,2537464650
2024-10-08,5000,5020,4740,4740,450895,-4.145601617795753,138861,-8429,71786,-202218,0,242894,6875,89526,111600,450895,104033,15304,17740,313818,450895,679255760,-40181375,347101215,-986175600,0,1186139215,33570780,434148290,537866200,2191724485,506883455,73752155,87047075,1524041800,2191724485
2024-10-10,4745,5000,4745,4880,270382,2.9535864978902953,86525,848,-33212,-54161,0,168315,848,33587,67632,270382,81790,0,66799,121793,270382,425118460,4143005,-163719760,-265541705,0,825980290,4143005,164419865,330610670,1325153830,400861830,0,328139625,596152375,1325153830
2024-10-11,4880,4995,4880,4920,237701,0.819672131147541,139430,1028,-4894,-135564,0,173239,1029,48581,14852,237701,33809,1,53475,150416,237701,691799760,5044115,-24312260,-672531615,0,859724745,5049100,240381975,73110170,1178265990,167924985,4985,264694235,745641785,1178265990
2024-10-14,4925,5080,4920,5080,120192,3.2520325203252036,81583,-4999,-46657,-29927,0,94548,1,11413,14230,120192,12965,5000,58070,44157,120192,408853655,-24984980,-233863435,-150005240,0,473825310,5020,57025950,70995695,601851975,64971655,24990000,290889385,221000935,601851975
2024-10-15,5080,5140,4950,5090,158095,0.19685039370078738,77001,-1023,-35695,-40283,0,135689,0,16765,5641,158095,58688,1023,52460,45924,158095,392152300,-5207060,-181612990,-205332250,0,690684610,0,85022210,28644590,804351410,298532310,5207060,266635200,233976840,804351410
2024-10-16,5090,5100,4935,4935,207325,-3.045186640471513,86817,0,29356,-116173,0,124632,0,55640,27053,207325,37815,0,26284,143226,207325,438951245,0,144776230,-583727475,0,630027510,0,277768960,134310050,1042106520,191076265,0,132992730,718037525,1042106520
2024-10-17,4950,5090,4950,5030,225381,1.9250253292806485,56188,1895,-45051,-13032,0,142514,1895,18186,62786,225381,86326,0,63237,75818,225381,284936055,9502080,-227627470,-66810665,0,718266895,9502080,91230570,314929650,1133929195,433330840,0,318858040,381740315,1133929195
2024-10-18,5040,5090,4985,5030,106030,0.0,37991,519,-6900,-31610,0,86194,520,12789,6527,106030,48203,1,19689,38137,106030,190939555,2626190,-34973635,-158592110,0,433217875,2631200,64123660,32871120,532843855,242278320,5010,99097295,191463230,532843855
2024-10-21,5070,5100,5010,5080,132245,0.9940357852882704,64514,-395,-40735,-23384,0,108636,5,6489,17115,132245,44122,400,47224,40499,132245,326466440,-1990740,-206081490,-118394210,0,549414160,25260,32762080,86691600,668893100,222947720,2016000,238843570,205085810,668893100
2024-10-22,5090,5090,4985,5000,97587,-1.574803149606299,29374,-567,802,-29609,0,58743,1,24135,14708,97587,29369,568,23333,44317,97587,147228750,-2835000,3981505,-148375255,0,294270920,5000,120830640,73682320,488788880,147042170,2840000,116849135,222057575,488788880
2024-10-23,5000,5120,4955,4970,291563,-0.6,107399,0,-33765,-73634,0,173866,0,77743,39954,291563,66467,0,111508,113588,291563,540578480,0,-173120670,-367457810,0,876442810,0,389827445,200871510,1467141765,335864330,0,562948115,568329320,1467141765
2024-10-24,4985,4995,4940,4970,136172,0.0,80936,5283,-8706,-77513,0,108773,5283,14193,7923,136172,27837,0,22899,85436,136172,402464650,26230260,-43320140,-385374770,0,540817715,26230260,70504275,39469235,677021485,138353065,0,113824415,424844005,677021485
2024-10-25,4990,4995,4870,4940,212838,-0.6036217303822937,112074,5000,-34990,-82084,0,163095,5000,21283,23460,212838,51021,0,56273,105544,212838,556838585,24650000,-173865105,-407623480,0,809648110,24650000,105250800,116506320,1056055230,252809525,0,279115905,524129800,1056055230
2024-10-28,4940,4995,4865,4870,191379,-1.417004048582996,62872,0,-2331,-60541,0,126405,0,34686,30288,191379,63533,0,37017,90829,191379,308565520,0,-11537760,-297027760,0,619580635,0,169940495,148404660,937925790,311015115,0,181478255,445432420,937925790
2024-10-29,4890,4900,4830,4900,200100,0.6160164271047228,95326,-1740,-21657,-71929,0,153394,0,33122,13584,200100,58068,1740,54779,85513,200100,465042240,-8470200,-105655340,-350916700,0,747776130,0,160985025,66065650,974826805,282733890,8470200,266640365,416982350,974826805
2024-10-30,4855,4970,4830,4950,218543,1.0204081632653061,54236,220,2816,-57272,0,130051,220,54725,33547,218543,75815,0,51909,90819,218543,265963605,1063700,12629355,-279656660,0,635369610,1063700,265218495,163535170,1065186975,369406005,0,252589140,443191830,1065186975
2024-10-31,4900,5030,4880,4990,222715,0.8080808080808081,9003,0,-30774,21771,0,95958,0,20366,106391,222715,86955,0,51140,84620,222715,45056950,0,-153375930,108318980,0,475258405,0,100401160,527902505,1103562070,430201455,0,253777090,419583525,1103562070
2024-11-01,4950,4995,4930,4970,113677,-0.4008016032064128,-2206,-402,-15470,18078,0,44004,0,10305,59368,113677,46210,402,25775,41290,113677,-10968690,-1989930,-76987435,89946055,0,218271630,0,51074695,294902485,564248810,229240320,1989930,128062130,204956430,564248810
2024-11-04,4980,4980,4840,4860,116425,-2.2132796780684103,1091,-3220,38320,-36191,0,53391,0,62317,717,116425,52300,3220,23997,36908,116425,5528300,-15656700,186164965,-176036565,0,259646125,0,302882155,3498345,566026625,254117825,15656700,116717190,179534910,566026625
2024-11-05,4860,4875,4790,4815,116747,-0.9259259259259258,2798,-1998,18692,-19492,0,68128,2,46300,2317,116747,65330,2000,27608,21809,116747,14015960,-9710370,90072305,-94377895,0,329315235,9630,223329120,11230495,563884480,315299275,9720000,133256815,105608390,563884480
2024-11-06,4815,4815,4600,4775,298428,-0.8307372793354102,-59235,-5033,92654,-28386,0,98908,0,161198,38322,298428,158143,5033,68544,66708,298428,-276362810,-23997625,436884585,-136524150,0,467233000,0,759534175,179175830,1405943005,743595810,23997625,322649590,315699980,1405943005
2024-11-07,4750,4760,4625,4750,220399,-0.5235602094240838,10987,-2371,-17325,8709,0,114883,2636,59249,43631,220399,103896,5007,76574,34922,220399,52071460,-11211995,-81768245,40908780,0,537994490,12270580,277138745,204675580,1032079395,485923030,23482575,358906990,163766800,1032079395
2024-11-08,4750,4780,4660,4705,249094,-0.9473684210526316,-37723,-3000,16628,24095,0,126174,5000,59360,58560,249094,163897,8000,42732,34465,249094,-175988570,-13835520,77242325,112581765,0,594726125,23797000,278569365,275648950,1172741440,770714695,37632520,201327040,163067185,1172741440
2024-11-11,4705,4750,4535,4640,270038,-1.381509032943677,49586,-8086,-52778,11278,0,147443,115,57797,64683,270038,97857,8201,110575,53405,270038,230663425,-37273095,-243505060,50114730,0,681626715,531425,265946470,297467880,1245572490,450963290,37804520,509451530,247353150,1245572490
2024-11-12,4555,4635,4520,4580,240406,-1.293103448275862,-67189,44,-37286,104431,0,45305,2074,69124,123903,240406,112494,2030,106410,19472,240406,-307444590,162270,-170514360,477796680,0,207428980,9398920,315820795,566807335,1099456030,514873570,9236650,486335155,89010655,1099456030
2024-11-13,4520,4695,4500,4585,230006,0.10917030567685589,88566,-6228,-17641,-64697,0,140567,154,43134,46151,230006,52001,6382,60775,110848,230006,411834175,-28749740,-82230620,-300853815,0,652269660,717910,199719310,212657065,1065363945,240435485,29467650,281949930,513510880,1065363945
2024-11-14,4630,4680,4600,4655,188064,1.5267175572519083,-35794,0,-620,36414,0,71095,0,31778,85191,188064,106889,0,32398,48777,188064,-165336090,0,-3252165,168588255,0,329639650,0,147062305,394777225,871479180,494975740,0,150314470,226188970,871479180
2024-11-15,4750,4750,4635,4660,112951,0.10741138560687433,5086,0,2899,-7985,0,55997,0,32193,24761,112951,50911,0,29294,32746,112951,24572880,0,13194530,-37767410,0,262918750,0,151063160,116119575,530101485,238345870,0,137868630,153886985,530101485
2024-11-18,4695,4810,4650,4650,179147,-0.2145922746781116,7681,0,-21307,13626,0,89245,0,25234,64668,179147,81564,0,46541,51042,179147,37312715,0,-102039410,64726695,0,422802035,0,119343025,307143885,849288945,385489320,0,221382435,242417190,849288945
2024-11-19,4605,4715,4605,4665,166412,0.3225806451612903,3274,1655,7718,-12647,0,97850,1655,21721,45186,166412,94576,0,14003,57833,166412,16173255,7695085,35910825,-59779165,0,456683075,7695085,101231940,210326625,775936725,440509820,0,65321115,270105790,775936725
2024-11-20,4645,4800,4645,4800,181350,2.8938906752411575,26933,-100,-34903,8070,0,111443,0,19126,50781,181350,84510,100,54029,42711,181350,129399570,-479000,-166769715,37849145,0,530681215,0,90811430,241131610,862624255,401281645,479000,257581145,203282465,862624255
2024-11-21,4795,4825,4735,4805,133665,0.10416666666666667,59329,2000,-8018,-53311,0,108667,2000,8891,14107,133665,49338,0,16909,67418,133665,284990635,9600000,-38622300,-255968335,0,521885705,9600000,42628865,67777195,641891765,236895070,0,81251165,323745530,641891765
2024-11-22,4775,4890,4775,4840,113929,0.72840790842872,64118,3000,-39606,-27512,0,85004,3000,14065,11860,113929,20886,0,53671,39372,113929,311685540,14610000,-192714830,-133580710,0,413312485,14610000,68349820,57648975,553921280,101626945,0,261064650,191229685,553921280
2024-11-25,4895,4900,4820,4865,110663,0.5165289256198348,4485,2004,-10145,3656,0,44327,2005,24150,40181,110663,39842,1,34295,36525,110663,22164155,9694300,-49832045,17973590,0,215774785,9699185,117306850,195630365,538411185,193610630,4885,167138895,177656775,538411185
2024-11-26,4865,4955,4865,4955,96059,1.8499486125385407,17330,-280,-32621,15571,0,49442,1,18783,27833,96059,32112,281,51404,12262,96059,85378915,-1372580,-160393850,76387515,0,242833065,4885,91719835,136752410,471310195,157454150,1377465,252113685,60364895,471310195
2024-11-27,4955,4970,4800,4945,135918,-0.20181634712411706,12365,1000,8606,-21971,0,56877,1000,63643,14398,135918,44512,0,55037,36369,135918,61540305,4942500,41844190,-108326995,0,279816810,4942500,314327760,70775230,669862300,218276505,0,272483570,179102225,669862300
2024-11-28,4905,4975,4805,4830,195487,-2.3255813953488373,45356,-6006,-39542,192,0,87957,0,60512,47018,195487,42601,6006,100054,46826,195487,224907145,-29478820,-194470775,-957550,0,433355215,0,292914780,229895885,956165880,208448070,29478820,487385555,230853435,956165880
2024-11-29,4875,4900,4800,4800,225573,-0.6211180124223602,26965,1,-19724,-7242,0,144916,1,18370,62286,225573,117951,0,38094,69528,225573,132539600,4805,-96535910,-36008495,0,703490910,4805,88557045,301082290,1093135050,570951310,0,185092955,337090785,1093135050
2024-12-02,4890,4905,4775,4800,96557,0.0,30583,0,6529,-37112,0,48001,0,45557,2999,96557,17418,0,39028,40111,96557,147634830,0,31168235,-178803065,0,231314895,0,218546135,14429610,464290640,83680065,0,187377900,193232675,464290640
2024-12-03,4810,4810,4650,4680,144608,-2.5,-14823,996,20868,-7041,0,53251,1000,63634,26723,144608,68074,4,42766,33764,144608,-69150155,4671020,97832790,-33353655,0,250916770,4690000,300002220,125531825,681140815,320066925,18980,202169430,158885480,681140815
2024-12-04,4635,4660,4555,4635,159607,-0.9615384615384616,32517,-1,-992,-31524,0,66130,0,63802,29675,159607,33613,1,64794,61199,159607,150327260,-4620,-4451590,-145871050,0,304892220,0,293997920,136446685,735336825,154564960,4620,298449510,282317735,735336825
2024-12-05,4620,4675,4500,4515,157940,-2.5889967637540456,33075,1851,30828,-65754,0,68111,2001,56588,31240,157940,35036,150,25760,96994,157940,149788865,8378050,139548505,-297715420,0,308466780,9054550,256393400,141582175,715496905,158677915,676500,116844895,439297595,715496905
2024-12-06,4515,4665,4410,4520,318032,0.11074197120708748,11747,-65749,-70094,124096,0,91343,30,51407,175252,318032,79596,65779,121501,51156,318032,52649590,-294144095,-311839865,553334370,0,409026355,134100,230426085,783816580,1423403120,356376765,294278195,542265950,230482210,1423403120
2024-12-09,4520,4520,4375,4420,218583,-2.2123893805309733,54460,-23047,-31851,438,0,114349,3253,46307,54674,218583,59889,26300,78158,54236,218583,242012050,-101424015,-141128390,540355,0,506956760,14334280,204687915,241185885,967164840,264944710,115758295,345816305,240645530,967164840
2024-12-10,4420,4595,4420,4585,93543,3.733031674208145,16960,2014,-22547,3573,0,43504,2014,23621,24404,93543,26544,0,46168,20831,93543,77441960,9032790,-102268570,15793820,0,197039725,9032790,106089330,110156315,422318160,119597765,0,208357900,94362495,422318160
2024-12-11,4595,4610,4530,4550,95037,-0.7633587786259541,658,1490,24724,-26872,0,41404,1490,34620,17523,95037,40746,0,9896,44395,95037,3361330,6780000,112651820,-122793150,0,189007595,6780000,157800500,79799345,433387440,185646265,0,45148680,202592495,433387440
2024-12-12,4555,4700,4535,4700,250856,3.296703296703297,-32624,1,1975,30648,0,123086,1,40060,87709,250856,155710,0,38085,57061,250856,-147297570,4630,8309855,138983085,0,567884010,4630,184599025,402695780,1155183445,715181580,0,176289170,263712695,1155183445
2024-12-13,4700,4700,4465,4555,467071,-3.0851063829787235,-127735,8476,149162,-29903,0,186859,17389,202309,60514,467071,314594,8913,53147,90417,467071,-571792650,38018805,670248765,-136474920,0,841567035,78035875,909898865,272107200,2101608975,1413359685,40017070,239650100,408582120,2101608975
2024-12-16,4585,4595,4315,4365,642610,-4.171240395170143,-212493,9622,215640,-12769,0,186439,9622,335547,111002,642610,398932,0,119907,123771,642610,-928877550,42230440,950107620,-63460510,0,819959830,42230440,1473650835,482509585,2818350690,1748837380,0,523543215,545970095,2818350690
2024-12-17,4365,4380,4170,4310,876266,-1.2600229095074456,-365137,8547,82370,274220,0,213883,8986,177169,476228,876266,579020,439,94799,202008,876266,-1546772890,36559270,348293630,1161919990,0,907420185,38417455,751844195,2022449580,3720131415,2454193075,1858185,403550565,860529590,3720131415
2024-12-18,4395,4395,4180,4255,708079,-1.2761020881670533,-224032,173,154979,68880,0,271093,536,200702,235748,708079,495125,363,45723,166868,708079,-946896820,727625,654818050,291351145,0,1148451055,2265505,848975540,998442960,2998135060,2095347875,1537880,194157490,707091815,2998135060
2024-12-19,4190,4320,4190,4310,650158,1.2925969447708578,-344951,588,115501,228862,0,122960,1000,154811,371387,650158,467911,412,39310,142525,650158,-1472200180,2480170,493333880,976386130,0,525447065,4260000,661617930,1586691150,2778016145,1997647245,1779830,168284050,610305020,2778016145
2024-12-20,4310,4360,4260,4260,393812,-1.160092807424594,26732,0,43883,-70615,0,108401,0,121578,163833,393812,81669,0,77695,234448,393812,115289570,0,187617450,-302907020,0,468117065,0,523622610,701939665,1693679340,352827495,0,336005160,1004846685,1693679340
2024-12-23,4390,4395,4230,4380,267282,2.8169014084507045,68272,-90891,17025,5594,0,116216,1357,69677,80032,267282,47944,92248,52652,74438,267282,295570460,-394359970,73579575,25209935,0,504832445,5801645,302254810,346859845,1159748745,209261985,400161615,228675235,321649910,1159748745
2024-12-24,4400,4505,4400,4500,274455,2.73972602739726,120342,-7005,-92959,-20378,0,174479,200,33412,66365,274456,54137,7205,126371,86743,274456,539723595,-31464475,-415614780,-92644340,0,782681815,898500,149576225,296488040,1229644580,242958220,32362975,565191005,389132380,1229644580
