날짜,시가,고가,저가,종가,거래량,등락률,기관합계_거래량_순매수,기타법인_거래량_순매수,개인_거래량_순매수,외국인합계_거래량_순매수,전체_거래량_순매수,기관합계_거래량_매수,기타법인_거래량_매수,개인_거래량_매수,외국인합계_거래량_매수,전체_거래량_매수,기관합계_거래량_매도,기타법인_거래량_매도,개인_거래량_매도,외국인합계_거래량_매도,전체_거래량_매도,기관합계_거래대금_순매수,기타법인_거래대금_순매수,개인_거래대금_순매수,외국인합계_거래대금_순매수,전체_거래대금_순매수,기관합계_거래대금_매수,기타법인_거래대금_매수,개인_거래대금_매수,외국인합계_거래대금_매수,전체_거래대금_매수,기관합계_거래대금_매도,기타법인_거래대금_매도,개인_거래대금_매도,외국인합계_거래대금_매도,전체_거래대금_매도
2021-12-03,5310,5350,5180,5230,8856414,,-1103205,-410643,2004453,-490605,0,1339244,105989,7339580,71601,8856414,2442449,516632,5335127,562206,8856414,-5851494160,-2168212290,10595546020,-2575839570,0,7030201950,554794250,38617002410,376784430,46578783040,12881696110,2723006540,28021456390,2952624000,46578783040
2021-12-06,5220,5240,5190,5240,666930,0.19120458891013384,60760,-753,-61490,1483,0,145342,14100,504814,2674,666930,84582,14853,566304,1191,666930,317747460,-4046900,-321464410,7763850,0,758852920,73446000,2628573380,13975390,3474847690,441105460,77492900,2950037790,6211540,3474847690
2021-12-07,5240,5250,5210,5240,428627,0.0,83618,42963,-127001,420,0,149523,53010,225438,656,428627,65905,10047,352439,236,428627,438032120,225161900,-665397160,2203140,0,782961740,277682200,1178762040,3437280,2242843260,344929620,52520300,1844159200,1234140,2242843260
2021-12-08,5240,5280,5210,5270,488452,0.5725190839694656,75189,-1983,-87824,14618,0,115164,3991,342001,27296,488452,39975,5974,429825,12678,488452,395250950,-10371900,-461799420,76920370,0,605250680,20910230,1794563720,143294300,2564018930,209999730,31282130,2256363140,66373930,2564018930
2021-12-09,5270,5320,5250,5310,507799,0.7590132827324478,139092,-64342,-59067,-15683,0,196024,100,310500,1175,507799,56932,64442,369567,16858,507799,737554520,-340529510,-314101230,-82923780,0,1039013010,530000,1644367800,6228000,2690138810,301458490,341059510,1958469030,89151780,2690138810
2021-12-10,5280,5320,5280,5320,301938,0.18832391713747645,92608,-435,-93341,1168,0,120159,121,165749,15909,301938,27551,556,259090,14741,301938,492348650,-2306600,-496149950,6107900,0,638436560,642720,879956290,84409390,1603444960,146087910,2949320,1376106240,78301490,1603444960
2021-12-13,5330,5450,5300,5450,439014,2.443609022556391,152010,-7421,-163199,18610,0,192541,7896,210141,28436,439014,40531,15317,373340,9826,439014,814152640,-39403860,-875282060,100533280,0,1031181280,42458810,1126961880,152739780,2353341750,217028640,81862670,2002243940,52206500,2353341750
2021-12-14,5450,5590,5390,5560,474140,2.0183486238532113,92649,2990,-113302,17663,0,185229,3100,248214,37597,474140,92580,110,361516,19934,474140,512454890,16287350,-627182360,98440120,0,1019022820,16895000,1360868680,206604750,2603391250,506567930,607650,1988051040,108164630,2603391250
2021-12-15,5530,5790,5530,5780,691232,3.9568345323741005,29274,8556,-41979,4149,0,133212,9863,517678,30479,691232,103938,1307,559657,26330,691232,164849160,48613400,-236470630,23008070,0,757247930,56080210,2946592370,172777360,3932697870,592398770,7466810,3183063000,149769290,3932697870
2021-12-16,5790,5840,5610,5720,372224,-1.0380622837370241,27583,-324,-3783,-23476,0,52470,0,315151,4603,372224,24887,324,318934,28079,372224,157715320,-1834900,-21441260,-134439160,0,299228150,0,1797069170,26354660,2122651980,141512830,1834900,1818510430,160793820,2122651980
2021-12-17,5700,5700,5560,5640,278151,-1.3986013986013985,-33621,1828,25093,6700,0,50504,2000,218657,6990,278151,84125,172,193564,290,278151,-189143950,10314020,141288000,37541930,0,283313650,11280000,1228798860,39182790,1562575300,472457600,965980,1087510860,1640860,1562575300
2021-12-20,5600,5600,5490,5570,290543,-1.2411347517730498,-32688,-4565,63481,-26228,0,64016,3240,219701,3586,290543,96704,7805,156220,29814,290543,-181059370,-25247630,350565050,-144258050,0,353031670,17832800,1212622310,19871940,1603358720,534091040,43080430,862057260,164129990,1603358720
2021-12-21,5540,5570,5450,5560,167935,-0.17953321364452424,-16238,5517,20119,-9398,0,36371,6522,122549,2493,167935,52609,1005,102430,11891,167935,-88641240,30179300,110152940,-51691000,0,201122270,35767100,674050200,13700600,924640170,289763510,5587800,563897260,65391600,924640170
2021-12-22,5550,5550,5480,5530,81020,-0.539568345323741,15709,-2604,-21432,8327,0,25315,14,46882,8809,81020,9606,2618,68314,482,81020,86882870,-14441230,-118567640,46126000,0,139910580,77420,258875570,48792700,447656270,53027710,14518650,377443210,2666700,447656270
2021-12-23,5530,5610,5520,5600,122812,1.2658227848101267,-16535,6755,778,9002,0,14833,12522,85456,10001,122812,31368,5767,84678,999,122812,-92709180,38037910,4734620,49936650,0,82866100,70097050,476666080,55473010,685102240,175575280,32059140,471931460,5536360,685102240
2021-12-24,5610,5640,5590,5600,130185,0.0,-4206,18250,4972,-19016,0,14826,18250,96750,359,130185,19032,0,91778,19375,130185,-23438560,102598580,27653900,-106813920,0,83177170,102598580,542736960,2017000,730529710,106615730,0,515083060,108830920,730529710
2021-12-27,5600,5600,5540,5590,94209,-0.17857142857142858,-21422,1140,19679,603,0,14319,6000,73209,681,94209,35741,4860,53530,78,94209,-119150730,6469200,109333570,3347960,0,79747840,33500000,407458210,3784360,524490410,198898570,27030800,298124640,436400,524490410
2021-12-28,5590,5590,5540,5570,119514,-0.35778175313059035,-22774,-3106,28291,-2411,0,16344,6300,96372,498,119514,39118,9406,68081,2909,119514,-126573940,-17204060,157198400,-13420400,0,90816320,35091000,535361300,2769240,664037860,217390260,52295060,378162900,16189640,664037860
2021-12-29,5530,5610,5520,5560,56068,-0.17953321364452424,11891,-8897,-3826,832,0,11916,100,42947,1105,56068,25,8997,46773,273,56068,65999970,-49243850,-21377680,4621560,0,66138760,553000,238350970,6135810,311178540,138790,49796850,259728650,1514250,311178540
2021-12-30,5590,5600,5530,5550,76275,-0.1798561151079137,-8337,0,10195,-1858,0,17665,0,58118,492,76275,26002,0,47923,2350,76275,-46236700,0,56534140,-10297440,0,98019220,0,322200700,2730530,422950450,144255920,0,265666560,13027970,422950450
2022-01-03,5400,5500,5380,5490,370281,-1.0810810810810811,-126580,-24889,128683,22786,0,66585,7312,269311,27073,370281,193165,32201,140628,4287,370281,-689207230,-135331380,700560220,123978390,0,364022200,40048250,1466939320,147159190,2018168960,1053229430,175379630,766379100,23180800,2018168960
2022-01-04,5490,5510,5450,5490,125445,0.0,1098,-9532,18417,-9983,0,36616,3617,79394,5818,125445,35518,13149,60977,15801,125445,6437790,-52340210,100591570,-54689150,0,200943050,19830000,434740050,31880000,687393100,194505260,72170210,334148480,86569150,687393100
2022-01-05,5490,5500,5470,5470,157268,-0.36429872495446264,-50520,4597,62165,-16242,0,39916,6646,102032,8674,157268,90436,2049,39867,24916,157268,-277016220,25187840,340753670,-88925290,0,218876800,36420080,559221460,47618000,862136340,495893020,11232240,218467790,136543290,862136340
2022-01-06,5470,5490,5430,5450,105855,-0.3656307129798903,-5600,9178,-631,-2947,0,27051,9999,62186,6619,105855,32651,821,62817,9566,105855,-30574130,50201350,-3605930,-16021290,0,147797430,54687890,339218020,36161340,577864680,178371560,4486540,342823950,52182630,577864680
2022-01-07,5450,5460,5420,5450,105379,0.0,-5303,1793,-372,3882,0,36246,1793,62844,4496,105379,41549,0,63216,614,105379,-28558210,9738750,-2343540,21163000,0,197421730,9738750,341727810,24497020,573385310,225979940,0,344071350,3334020,573385310
2022-01-10,5420,5450,5410,5430,83475,-0.3669724770642202,4665,-4667,-4370,4372,0,6177,3333,65352,8613,83475,1512,8000,69722,4241,83475,25300520,-25349380,-23702800,23751660,0,33501650,18050620,354195670,46726110,452474050,8201130,43400000,377898470,22974450,452474050
2022-01-11,5430,5450,5370,5380,107848,-0.9208103130755065,8317,217,-1309,-7225,0,15233,217,91787,611,107848,6916,0,93096,7836,107848,44988060,1177650,-7022630,-39143080,0,82214790,1177650,494948430,3315870,581656740,37226730,0,501971060,42458950,581656740
2022-01-12,5400,5400,5350,5380,83442,0.0,18147,1027,-17717,-1457,0,24555,1027,57838,22,83442,6408,0,75555,1479,83442,97401460,5534990,-95100730,-7835720,0,131881510,5534990,310598130,118800,448133430,34480050,0,405698860,7954520,448133430
2022-01-13,5360,5400,5360,5390,52135,0.18587360594795538,21634,-3601,-9382,-8651,0,31605,0,19697,833,52135,9971,3601,29079,9484,52135,116531370,-19409390,-50501260,-46620720,0,170188410,0,106175720,4472880,280837010,53657040,19409390,156676980,51093600,280837010
2022-01-14,5360,5400,5350,5370,86796,-0.3710575139146568,17380,0,-1233,-16147,0,20926,0,62790,3080,86796,3546,0,64023,19227,86796,93277830,0,-6615130,-86662700,0,112308660,0,337267680,16599090,466175430,19030830,0,343882810,103261790,466175430
2022-01-17,5350,5370,5310,5320,102543,-0.931098696461825,16986,-5263,-8143,-3580,0,38960,1100,60528,1955,102543,21974,6363,68671,5535,102543,90684070,-28012480,-43526960,-19144630,0,207951390,5863000,322735680,10464690,547014760,117267320,33875480,366262640,29609320,547014760
2022-01-18,5320,5400,5290,5320,83314,0.0,15329,-2724,-13418,813,0,32074,0,48853,2387,83314,16745,2724,62271,1574,83314,81440100,-14486440,-71266180,4312520,0,170487050,0,259386490,12660270,442533810,89046950,14486440,330652670,8347750,442533810
2022-01-19,5300,5360,5300,5300,80265,-0.37593984962406013,6633,0,-8961,2328,0,28004,0,45255,7006,80265,21371,0,54216,4678,80265,35630990,0,-48079110,12448120,0,149234170,0,240588320,37308590,427131080,113603180,0,288667430,24860470,427131080
2022-01-20,5290,5340,5280,5330,52886,0.5660377358490566,15685,-830,-9493,-5362,0,28269,100,21942,2575,52886,12584,930,31435,7937,52886,83488130,-4426900,-50616910,-28444320,0,150555390,530000,116490180,13673270,281248840,67067260,4956900,167107090,42117590,281248840
2022-01-21,5350,5380,5330,5380,79282,0.9380863039399625,14160,-6974,-9797,2611,0,39299,0,29914,10069,79282,25139,6974,39711,7458,79282,75673940,-37310900,-52410620,14047580,0,210119490,0,159958620,53867530,423945640,134445550,37310900,212369240,39819950,423945640
2022-01-24,5360,5490,5360,5460,111104,1.486988847583643,21160,10197,-37626,6269,0,32200,10282,58619,10003,111104,11040,85,96245,3734,111104,115674320,54858260,-204829520,34296940,0,175223690,55317260,316395050,54531920,601467920,59549370,459000,521224570,20234980,601467920
2022-01-25,5420,5490,5420,5440,174003,-0.3663003663003663,38874,29982,-68974,118,0,61045,29982,65610,17366,174003,22171,0,134584,17248,174003,212231540,163367460,-376599940,1000940,0,333325550,163367460,358067070,95026810,949786890,121094010,0,734667010,94025870,949786890
2022-01-26,5410,5470,5390,5460,53411,0.3676470588235294,32066,0,-27821,-4245,0,34672,0,17008,1731,53411,2606,0,44829,5976,53411,174303130,0,-151240400,-23062730,0,188473390,0,92492470,9349400,290315260,14170260,0,243732870,32412130,290315260
2022-01-27,5460,5500,5400,5420,170509,-0.7326007326007326,42795,69995,-109411,-3379,0,59623,69995,27406,13485,170509,16828,0,136817,16864,170509,233595550,381068280,-596422680,-18241150,0,325340940,381068280,149290290,73741970,929441480,91745390,0,745712970,91983120,929441480
2022-01-28,5410,5500,5380,5490,103603,1.2915129151291513,45851,5581,-55098,3666,0,64325,6081,23208,9989,103603,18474,500,78306,6323,103603,251593320,30297830,-301875840,19984690,0,352454410,33019830,126613860,54600190,566688290,100861090,2722000,428489700,34615500,566688290
2022-02-03,5500,5570,5450,5550,116221,1.092896174863388,47189,-1094,-67107,21012,0,62761,1147,26226,26087,116221,15572,2241,93333,5075,116221,261536180,-6116520,-371682780,116263120,0,347520390,6297030,145212040,144345460,643374920,85984210,12413550,516894820,28082340,643374920
2022-02-04,5500,5600,5500,5590,75644,0.7207207207207207,34626,1717,-37999,1656,0,47337,1717,20964,5626,75644,12711,0,58963,3970,75644,193082140,9460670,-211595670,9052860,0,263620520,9460670,116444310,31163020,420688520,70538380,0,328039980,22110160,420688520
2022-02-07,5550,5670,5550,5670,108727,1.4311270125223614,66416,0,-64679,-1737,0,72260,0,30737,5730,108727,5844,0,95416,7467,108727,374632070,0,-364878820,-9753250,0,407607860,0,173190670,32238010,613036540,32975790,0,538069490,41991260,613036540
2022-02-08,5640,5690,5590,5670,102688,0.0,36313,1542,-21453,-16402,0,64590,1542,35719,837,102688,28277,0,57172,17239,102688,205931090,8718300,-121764350,-92885040,0,365474670,8718300,201957790,4724420,580875180,159543580,0,323722140,97609460,580875180
2022-02-09,5670,5700,5600,5700,86314,0.5291005291005291,56058,-41,-58164,2147,0,65518,0,17325,3471,86314,9460,41,75489,1324,86314,318676230,-233290,-330623230,12180290,0,372309840,0,98388740,19705070,490403650,53633610,233290,429011970,7524780,490403650
2022-02-10,5700,5730,5650,5700,98072,0.0,49453,-79,-43889,-5485,0,67997,0,28775,1300,98072,18544,79,72664,6785,98072,282283120,-451090,-250501040,-31330990,0,388034060,0,164128220,7371000,559533280,105750940,451090,414629260,38701990,559533280
2022-02-11,5690,5730,5630,5630,104728,-1.2280701754385965,33701,-2498,-26358,-4845,0,52057,0,45841,6830,104728,18356,2498,72199,11675,104728,192119720,-14279000,-150188370,-27652350,0,296271660,0,260508630,38842240,595622530,104151940,14279000,410697000,66494590,595622530
2022-02-14,5600,5700,5590,5650,70940,0.3552397868561279,24304,-50,-35280,11026,0,32456,0,20464,18020,70940,8152,50,55744,6994,70940,138099710,-284000,-200475730,62660020,0,184387650,0,115785890,102327490,402501030,46287940,284000,316261620,39667470,402501030
2022-02-15,5650,5700,5650,5660,60654,0.17699115044247787,23952,0,-21101,-2851,0,43982,0,13812,2860,60654,20030,0,34913,5711,60654,136333790,0,-120162960,-16170830,0,250313150,0,78557120,16283000,345153270,113979360,0,198720080,32453830,345153270
2022-02-16,5700,5700,5660,5680,39368,0.35335689045936397,16760,0,-17209,449,0,30267,0,7422,1679,39368,13507,0,24631,1230,39368,95339060,0,-97890560,2551500,0,172301620,0,42212970,9539970,224054560,76962560,0,140103530,6988470,224054560
2022-02-17,5710,5710,5670,5690,41976,0.17605633802816903,8110,79,-6592,-1597,0,19556,100,21193,1127,41976,11446,21,27785,2724,41976,46041530,450510,-37409150,-9082890,0,111283230,570000,120572260,6416170,238841660,65241700,119490,157981410,15499060,238841660
2022-02-18,5690,5700,5650,5680,15760,-0.17574692442882248,4198,10,-3789,-419,0,8653,10,6466,631,15760,4455,0,10255,1050,15760,23850900,56800,-21529120,-2378580,0,49193300,56800,36737060,3584970,89572130,25342400,0,58266180,5963550,89572130
2022-02-21,5680,5690,5650,5670,24555,-0.17605633802816903,11744,-88,-12108,452,0,13192,10,10420,933,24555,1448,98,22528,481,24555,66600590,-498960,-68662460,2560830,0,74807310,56700,58996300,5280280,139140590,8206720,555660,127658760,2719450,139140590
2022-02-22,5700,5700,5640,5680,41224,0.1763668430335097,19901,0,-23740,3839,0,25521,0,11536,4167,41224,5620,0,35276,328,41224,113230350,0,-135063330,21832980,0,145103530,0,65434800,23696020,234234350,31873180,0,200498130,1863040,234234350
2022-02-23,5650,5700,5650,5700,30651,0.35211267605633806,21538,20,-19879,-1679,0,22180,20,8104,347,30651,642,0,27983,2026,30651,122564370,113700,-113121540,-9556530,0,126212970,113700,46007870,1966700,174301240,3648600,0,159129410,11523230,174301240
2022-02-24,5700,5710,5650,5690,71405,-0.17543859649122806,26216,-40,-24642,-1534,0,41801,0,19166,10438,71405,15585,40,43808,11972,71405,148762280,-227000,-140037140,-8498140,0,237474910,0,108721320,59425500,405621730,88712630,227000,248758460,67923640,405621730
2022-02-25,5700,5720,5680,5680,32893,-0.17574692442882248,5498,0,-4850,-648,0,15287,0,16364,1242,32893,9789,0,21214,1890,32893,31330310,0,-27631910,-3698400,0,87025790,0,93208880,7075010,187309680,55695480,0,120840790,10773410,187309680
2022-02-28,5690,5730,5660,5710,52892,0.528169014084507,7246,0,-13512,6266,0,12401,0,30209,10282,52892,5155,0,43721,4016,52892,41418250,0,-77227380,35809130,0,70864830,0,172449290,58712880,302027000,29446580,0,249676670,22903750,302027000
2022-03-02,5720,5730,5680,5700,61522,-0.17513134851138354,-30478,0,32119,-1641,0,16883,0,42690,1949,61522,47361,0,10571,3590,61522,-173753030,0,183110110,-9357080,0,96261780,0,243375130,11134980,350771890,270014810,0,60265020,20492060,350771890
2022-03-03,5670,5700,5570,5700,211323,0.0,-45141,-23711,54231,14621,0,77741,10,99614,33958,211323,122882,23721,45383,19337,211323,-252937910,-134508620,304667860,82778670,0,440204510,56000,561254500,191665750,1193180760,693142420,134564620,256586640,108887080,1193180760
2022-03-04,5700,5700,5650,5690,80329,-0.17543859649122806,1407,-1834,5821,-5394,0,48136,679,26995,4519,80329,46729,2513,21174,9913,80329,8143740,-10452250,32874020,-30565510,0,273762510,3856720,153268870,25691480,456579580,265618770,14308970,120394850,56256990,456579580
2022-03-07,5690,5690,5650,5660,52071,-0.5272407732864675,4275,-1555,6310,-9030,0,31676,621,18744,1030,52071,27401,2176,12434,10060,52071,24219840,-8813060,35710770,-51117550,0,179612160,3514860,106156500,5843070,295126590,155392320,12327920,70445730,56960620,295126590
2022-03-08,5660,5700,5640,5700,97738,0.7067137809187279,22619,-13092,-24555,15028,0,67825,546,12300,17067,97738,45206,13638,36855,2039,97738,128574410,-74364750,-139650660,85441000,0,385957930,3101280,69801040,96986240,555846490,257383520,77466030,209451700,11545240,555846490
2022-03-10,5680,5710,5670,5670,86652,-0.5263157894736842,-21643,-13295,35827,-889,0,28246,705,43741,13960,86652,49889,14000,7914,14849,86652,-123368130,-75719970,203868050,-4779950,0,160585080,4010030,248891160,79571560,493057830,283953210,79730000,45023110,84351510,493057830
2022-03-11,5690,5700,5650,5700,57621,0.5291005291005291,-241,-2733,4960,-1986,0,30750,3472,20349,3050,57621,30991,6205,15389,5036,57621,-1325080,-15529210,28122790,-11268500,0,174901120,19723140,115623450,17325050,327572760,176226200,35252350,87500660,28593550,327572760
2022-03-14,5700,5700,5670,5700,50332,0.0,10389,-4980,-4672,-737,0,22056,716,24967,2593,50332,11667,5696,29639,3330,50332,59407770,-28366290,-26829650,-4211830,0,125601940,4070910,141899620,14708790,286281260,66194170,32437200,168729270,18920620,286281260
2022-03-15,5700,5700,5660,5700,56120,0.0,18797,-7996,-9545,-1256,0,24058,308,29870,1884,56120,5261,8304,39415,3140,56120,106814480,-45451360,-54249290,-7113830,0,136688580,1746360,169595470,10693620,318724030,29874100,47197720,223844760,17807450,318724030
2022-03-16,5700,5700,5640,5690,135746,-0.17543859649122806,11624,-9524,1516,-3616,0,22521,890,111050,1285,135746,10897,10414,109534,4901,135746,66061670,-54209280,8658100,-20510490,0,127985050,5066080,628193460,7288540,768533130,61923380,59275360,619535360,27799030,768533130
2022-03-17,5690,5690,5660,5660,30272,-0.5272407732864675,10633,-14664,7535,-3504,0,14568,252,15442,10,30272,3935,14916,7907,3514,30272,60323860,-83132280,42680860,-19872440,0,82616580,1428840,87528890,56600,171630910,22292720,84561120,44848030,19929040,171630910
2022-03-18,5690,5700,5660,5690,27178,0.5300353356890459,1220,0,-1293,73,0,4987,1000,18791,2400,27178,3767,1000,20084,2327,27178,6932480,-20000,-7304200,391720,0,28333250,5670000,106848350,13625830,154477430,21400770,5690000,114152550,13234110,154477430
2022-03-21,5670,5700,5670,5700,35471,0.17574692442882248,2054,682,-2538,-198,0,11633,682,23156,0,35471,9579,0,25694,198,35471,11689350,3880640,-14442610,-1127380,0,66274780,3880640,131840330,0,201995750,54585430,0,146282940,1127380,201995750
2022-03-22,5700,5700,5660,5700,65645,0.0,-16546,1000,15626,-80,0,26683,1000,37962,0,65645,43229,0,22336,80,65645,-94142060,5660000,88937720,-455660,0,151865700,5660000,216138490,0,373664190,246007760,0,127200770,455660,373664190
2022-03-23,5700,5710,5680,5690,59428,-0.17543859649122806,-18768,5307,15325,-1864,0,10560,5307,43382,179,59428,29328,0,28057,2043,59428,-106986230,30227230,87363710,-10604710,0,60138040,30227230,247173580,1020120,338558970,167124270,0,159809870,11624830,338558970
2022-03-24,5690,5710,5680,5700,49312,0.17574692442882248,-7610,5612,4335,-2337,0,26707,5612,16500,493,49312,34317,0,12165,2830,49312,-43346340,31932280,24715080,-13301020,0,152223220,31932280,94023960,2810100,280989560,195569560,0,69308880,16111120,280989560
2022-03-25,5700,5720,5690,5710,61607,0.17543859649122806,23705,2280,-30297,4312,0,37386,2280,17112,4829,61607,13681,0,47409,517,61607,135387480,12991000,-173005230,24626750,0,213378130,12991000,97567460,27573630,351510220,77990650,0,270572690,2946880,351510220
2022-03-28,5710,5800,5710,5770,87519,1.0507880910683012,-3871,3001,-17159,18029,0,19034,3021,46692,18772,87519,22905,20,63851,743,87519,-22421840,17331530,-98643260,103733570,0,109655910,17447130,268441340,108009670,503554050,132077750,115600,367084600,4276100,503554050
2022-03-29,5790,5800,5730,5760,74686,-0.17331022530329288,19850,282,-8686,-11446,0,33828,282,40385,191,74686,13978,0,49071,11637,74686,114394950,1627140,-50097130,-65924960,0,194978170,1627140,232740760,1099130,430445200,80583220,0,282837890,67024090,430445200
2022-03-30,5740,5820,5700,5820,110021,1.0416666666666665,10488,1288,-20500,8724,0,43533,1288,54875,10325,110021,33045,0,75375,1601,110021,60827270,7380240,-118440590,50233080,0,251011730,7380240,316671750,59409640,634473360,190184460,0,435112340,9176560,634473360
2022-03-31,5810,5860,5790,5830,61550,0.1718213058419244,13531,1684,-18274,3059,0,31176,1704,24584,4086,61550,17645,20,42858,1027,61550,79070590,9817520,-106769820,17881710,0,182064280,9934320,143526030,23877240,359401870,102993690,116800,250295850,5995530,359401870
2022-04-01,5820,5840,5700,5840,78389,0.17152658662092624,20626,1455,-27206,5125,0,34251,1455,34409,8274,78389,13625,0,61615,3149,78389,119845910,8402600,-157826980,29578470,0,199217390,8402600,199765980,47807850,455193820,79371480,0,357592960,18229380,455193820
2022-04-04,5860,5950,5820,5950,74230,1.8835616438356164,30458,1216,-37700,6026,0,39826,1216,25775,7413,74230,9368,0,63475,1387,74230,179942780,7126720,-222511930,35442430,0,235290190,7126720,151896160,43590120,437903190,55347410,0,374408090,8147690,437903190
2022-04-05,5950,6000,5930,5950,67343,0.0,28658,1310,-26256,-3712,0,39268,1310,23599,3166,67343,10610,0,49855,6878,67343,171145600,7820700,-156893130,-22073170,0,234520880,7820700,140747540,18955770,402044890,63375280,0,297640670,41028940,402044890
2022-04-06,5940,6010,5900,5990,64003,0.6722689075630253,9029,0,-7476,-1553,0,39795,0,21822,2386,64003,30766,0,29298,3939,64003,53834840,0,-44598170,-9236670,0,237867180,0,130488040,14278570,382633790,184032340,0,175086210,23515240,382633790
2022-04-07,5990,6000,5930,5990,77833,0.0,-12049,-519,12291,277,0,28129,0,46071,3633,77833,40178,519,33780,3356,77833,-71683120,-3108810,73140080,1651850,0,168004750,0,274751210,21681550,464437510,239687870,3108810,201611130,20029700,464437510
2022-04-08,5990,6170,5980,6140,119793,2.5041736227045077,-8580,1037,-11853,19396,0,41169,1037,56960,20627,119793,49749,0,68813,1231,119793,-52810960,6356810,-71130950,117585100,0,251381340,6356810,348045320,125121280,730904750,304192300,0,419176270,7536180,730904750
2022-04-11,6140,6230,6110,6220,111165,1.3029315960912053,23434,-2311,-26516,5393,0,58408,0,45819,6938,111165,34974,2311,72335,1545,111165,145425260,-14349080,-164487590,33411410,0,362374070,0,284029710,42968530,689372310,216948810,14349080,448517300,9557120,689372310
2022-04-12,6180,6380,6180,6360,146989,2.2508038585209005,22435,-3925,-19624,1114,0,48710,0,83503,14776,146989,26275,3925,103127,13662,146989,142021570,-24943980,-123938610,6861020,0,308441280,0,529141200,93295690,930878170,166419710,24943980,653079810,86434670,930878170
2022-04-13,6400,6570,6240,6270,224710,-1.4150943396226416,-17792,-1774,17052,2514,0,56876,0,145101,22733,224710,74668,1774,128049,20219,224710,-117391570,-11552050,112131950,16811670,0,362244750,0,929087570,145706450,1437038770,479636320,11552050,816955620,128894780,1437038770
2022-04-14,6250,6330,6140,6180,119029,-1.4354066985645932,25353,0,-15153,-10200,0,46951,0,65141,6937,119029,21598,0,80294,17137,119029,157322110,0,-93755840,-63566270,0,291461810,0,403189280,42821140,737472230,134139700,0,496945120,106387410,737472230
2022-04-15,6250,6440,6100,6430,161818,4.0453074433656955,31004,-4400,-35484,8880,0,63569,0,78474,19775,161818,32565,4400,113958,10895,161818,197032680,-27862570,-225699120,56529010,0,403101790,0,494796350,124510960,1022409100,206069110,27862570,720495470,67981950,1022409100
2022-04-18,6440,6500,6380,6410,97426,-0.3110419906687403,-1827,1397,5581,-5151,0,42316,1397,46160,7553,97426,44143,0,40579,12704,97426,-11589520,8982710,35593990,-32987180,0,271114910,8982710,295818650,48408920,624325190,282704430,0,260224660,81396100,624325190
2022-04-19,6410,6410,6300,6320,95603,-1.40405616224649,14207,0,-12502,-1705,0,38661,0,51402,5540,95603,24454,0,63904,7245,95603,89834180,0,-78976780,-10857400,0,244643560,0,325058510,35066670,604768740,154809380,0,404035290,45924070,604768740
2022-04-20,6350,6380,6300,6320,49113,0.0,10349,0,-4223,-6126,0,28007,0,20383,723,49113,17658,0,24606,6849,49113,65562110,0,-26707540,-38854570,0,177378090,0,129262320,4581550,311221960,111815980,0,155969860,43436120,311221960
2022-04-21,6320,6390,6300,6390,28294,1.1075949367088607,12623,0,-10015,-2608,0,16406,0,11587,301,28294,3783,0,21602,2909,28294,80232760,0,-63644660,-16588100,0,104232620,0,73630690,1911060,179774370,23999860,0,137275350,18499160,179774370
2022-04-22,6390,6510,6350,6470,73247,1.2519561815336464,13018,-1176,-19493,7651,0,23903,0,34043,15301,73247,10885,1176,53536,7650,73247,84395570,-7608720,-126152670,49365820,0,154654490,0,220017490,98802770,473474750,70258920,7608720,346170160,49436950,473474750
2022-04-25,6480,6650,6480,6650,133200,2.7820710973724885,-7449,-1000,-8532,16981,0,37059,0,73486,22655,133200,44508,1000,82018,5674,133200,-51018910,-6640000,-52981430,110640340,0,242374780,0,483214150,147951890,873540820,293393690,6640000,536195580,37311550,873540820
2022-04-26,6680,6940,6600,6840,185487,2.857142857142857,316,-6788,-5648,12120,0,27867,3115,121314,33191,185487,27551,9903,126962,21071,185487,1197540,-46703390,-35486440,80992290,0,189710000,21344900,826987130,224577650,1262619680,188512460,68048290,862473570,143585360,1262619680
2022-04-27,6950,7040,6770,6820,173260,-0.29239766081871343,10884,-5900,2852,-7836,0,51820,607,99173,21660,173260,40936,6507,96321,29496,173260,75749990,-40719440,19152050,-54182600,0,356644120,4171040,682176520,148998850,1191990530,280894130,44890480,663024470,203181450,1191990530
2022-04-28,6830,6830,6580,6600,173615,-3.225806451612903,-1175,-43,25564,-24346,0,57953,0,104095,11567,173615,59128,43,78531,35913,173615,-5677190,-288660,169507940,-163542090,0,385860750,0,692731690,76926470,1155518910,391537940,288660,523223750,240468560,1155518910
2022-04-29,6580,6740,6500,6700,142638,1.5151515151515151,18449,0,11820,-30269,0,57344,0,56107,29187,142638,38895,0,44287,59456,142638,123194950,0,79339090,-202534040,0,383234690,0,373479670,195315060,952029420,260039740,0,294140580,397849100,952029420
2022-05-02,6610,6640,6440,6450,186714,-3.731343283582089,-14523,2913,72724,-61114,0,50634,2913,116091,17076,186714,65157,0,43367,78190,186714,-93294190,18759720,473062710,-398528240,0,329760700,18759720,755438900,111243030,1215202350,423054890,0,282376190,509771270,1215202350
2022-05-03,6420,6490,6230,6230,226013,-3.4108527131782944,1071,7397,-11100,2632,0,93938,7397,88493,36185,226013,92867,0,99593,33553,226013,9757900,46415140,-70015040,13842000,0,595230310,46415140,557940230,228529780,1428115460,585472410,0,627955270,214687780,1428115460
2022-05-04,6220,6230,6020,6050,315625,-2.889245585874799,-72017,7146,23834,41037,0,116376,7146,136928,55175,315625,188393,0,113094,14138,315625,-436892350,43951860,144244770,248695720,0,706322190,43951860,830753730,334917960,1915945740,1143214540,0,686508960,86222240,1915945740
2022-05-06,6090,6160,6070,6150,65275,1.6528925619834711,-4303,3000,-2592,3895,0,11874,3000,39297,11104,65275,16177,0,41889,7209,65275,-26369100,18342160,-15890990,23917930,0,72607050,18342160,240362850,67970480,399282540,98976150,0,256253840,44052550,399282540
2022-05-09,6160,6180,6050,6070,74083,-1.3008130081300813,41471,276,-3375,-38372,0,51387,276,20193,2227,74083,9916,0,23568,40599,74083,252329900,1678080,-20597920,-233410060,0,312645370,1678080,122876070,13646890,450846410,60315470,0,143473990,247056950,450846410
2022-05-10,6010,6070,5890,6030,96301,-0.6589785831960462,15573,3100,-9596,-9077,0,37208,3100,39345,16648,96301,21635,0,48941,25725,96301,93941040,18525000,-57609730,-54856310,0,223838430,18525000,235209300,99765020,577337750,129897390,0,292819030,154621330,577337750
2022-05-11,6040,6190,6030,6170,49659,2.321724709784411,19650,0,-7220,-12430,0,28610,0,18998,2051,49659,8960,0,26218,14481,49659,120181120,0,-43669710,-76511410,0,174908840,0,116409160,12546060,303864060,54727720,0,160078870,89057470,303864060
2022-05-12,6180,6250,6110,6150,64237,-0.3241491085899514,25746,-93,-14771,-10882,0,42113,2,20306,1816,64237,16367,95,35077,12698,64237,159890810,-578470,-91678970,-67633370,0,261266130,12430,126029240,11207630,398515430,101375320,590900,217708210,78841000,398515430
2022-05-13,6190,6280,6190,6270,62299,1.951219512195122,25086,8,-31615,6521,0,35154,8,19336,7801,62299,10068,0,50951,1280,62299,157225550,49950,-197988010,40712510,0,220013640,49950,120767620,48685010,389516220,62788090,0,318755630,7972500,389516220
2022-05-16,6270,6360,6230,6340,36243,1.1164274322169059,15389,-1000,-16661,2272,0,23535,0,9831,2877,36243,8146,1000,26492,605,36243,97254650,-6340000,-105293930,14379280,0,148648230,0,62161370,18208900,229018500,51393580,6340000,167455300,3829620,229018500
2022-05-17,6270,6410,6270,6370,43942,0.47318611987381703,12571,12,-7446,-5137,0,26061,12,15638,2231,43942,13490,0,23084,7368,43942,80416760,76320,-47686190,-32806890,0,166413710,76320,99686280,14213730,280390040,85996950,0,147372470,47020620,280390040
2022-05-18,6370,6400,6210,6360,72665,-0.15698587127158556,39982,3008,-21198,-21792,0,50529,3008,17994,1134,72665,10547,0,39192,22926,72665,252107250,18850600,-132971220,-137986630,0,318579740,18850600,114004680,7084580,458519600,66472490,0,246975900,145071210,458519600
2022-05-19,6210,6280,6210,6260,42545,-1.5723270440251573,4431,2500,-7730,799,0,15017,2500,21090,3938,42545,10586,0,28820,3139,42545,27559540,15565000,-48041790,4917250,0,93761080,15565000,131721910,24532620,265580610,66201540,0,179763700,19615370,265580610
2022-05-20,6270,6340,6240,6320,33152,0.9584664536741214,1838,0,1843,-3681,0,12799,0,18694,1659,33152,10961,0,16851,5340,33152,11593450,0,11679260,-23272710,0,80557500,0,117782880,10426680,208767060,68964050,0,106103620,33699390,208767060
2022-05-23,6440,6440,6290,6330,17602,0.15822784810126583,5345,15,-3042,-2318,0,8637,15,8950,0,17602,3292,0,11992,2318,17602,33659830,94650,-19087470,-14667010,0,54497730,94650,56626030,0,111218410,20837900,0,75713500,14667010,111218410
2022-05-24,6330,6380,6300,6350,37381,0.315955766192733,13000,0,-7549,-5451,0,23089,0,13831,461,37381,10089,0,21380,5912,37381,82539730,0,-47952180,-34587550,0,146588170,0,87848350,2920540,237357060,64048440,0,135800530,37508090,237357060
2022-05-25,6350,6510,6320,6470,74444,1.889763779527559,19685,-13194,-13746,7255,0,39272,0,24854,10318,74444,19587,13194,38600,3063,74444,127450830,-85275760,-88499800,46324730,0,253433150,0,160517160,66075700,480026010,125982320,85275760,249016960,19750970,480026010
2022-05-26,6470,6590,6440,6590,96906,1.8547140649149922,45990,-44556,-27819,26385,0,59727,0,9446,27733,96906,13737,44556,37265,1348,96906,300217350,-290300610,-181771810,171855070,0,390141940,0,61796940,180615830,632554710,89924590,290300610,243568750,8760760,632554710
2022-05-27,6640,6640,6450,6490,116122,-1.5174506828528074,28723,-146,-18722,-9855,0,62098,0,36856,17168,116122,33375,146,55578,27023,116122,186867280,-959220,-120916910,-64991150,0,404481650,0,239655180,111144800,755281630,217614370,959220,360572090,176135950,755281630
2022-05-30,6470,6540,6390,6470,46121,-0.30816640986132515,14708,-346,-3769,-10593,0,26782,500,17409,1430,46121,12074,846,21178,12023,46121,94901880,-2225280,-24341500,-68335100,0,172735470,3212310,112099980,9167020,297214780,77833590,5437590,136441480,77502120,297214780
2022-05-31,6450,6650,6330,6650,159619,2.7820710973724885,10731,-12000,19931,-18662,0,66613,0,79396,13610,159619,55882,12000,59465,32272,159619,68091960,-78060000,133920130,-123952090,0,435228190,0,521321340,88331810,1044881340,367136230,78060000,387401210,212283900,1044881340
2022-06-02,6560,6670,6550,6640,36316,-0.15037593984962408,1495,-400,2733,-3828,0,19931,0,15105,1280,36316,18436,400,12372,5108,36316,9947260,-2648000,18137640,-25436900,0,132315330,0,100187100,8474830,240977260,122368070,2648000,82049460,33911730,240977260
2022-06-03,6510,6590,6170,6350,458338,-4.367469879518072,-133906,-7542,143961,-2513,0,204788,1001,228718,23831,458338,338694,8543,84757,26344,458338,-844205580,-47853840,907921000,-15861580,0,1298373280,6226300,1445709490,151600480,2901909550,2142578860,54080140,537788490,167462060,2901909550
2022-06-07,6270,6370,6270,6330,89285,-0.31496062992125984,18625,0,-15459,-3166,0,70351,0,16116,2818,89285,51726,0,31575,5984,89285,117945390,0,-97904740,-20040650,0,444346330,0,101788060,17792690,563927080,326400940,0,199692800,37833340,563927080
2022-06-08,6330,6330,6190,6200,135621,-2.0537124802527646,-40442,4300,37944,-1802,0,55971,7210,68032,4408,135621,96413,2910,30088,6210,135621,-251838110,26567700,236573470,-11303060,0,348329520,44755200,423690810,27506400,844281930,600167630,18187500,187117340,38809460,844281930
2022-06-09,6170,6240,6090,6110,109668,-1.4516129032258065,-22751,5700,19389,-2338,0,63175,5700,38631,2162,109668,85926,0,19242,4500,109668,-140004510,34920000,119412850,-14328340,0,387519190,34920000,237271860,13328980,673040030,527523700,0,117859010,27657320,673040030
2022-06-10,6120,6120,5970,6020,97750,-1.4729950900163666,-28948,5550,26343,-2945,0,31825,5550,57011,3364,97750,60773,0,30668,6309,97750,-173796920,33369900,158197940,-17770920,0,191149180,33369900,342773540,20282790,587575410,364946100,0,184575600,38053710,587575410
2022-06-13,6020,6020,5810,5850,84327,-2.823920265780731,-6007,1,14344,-8338,0,24939,1,57918,1469,84327,30946,0,43574,9807,84327,-34994950,5820,84261860,-49272730,0,146234410,5820,339917230,8604700,494762160,181229360,0,255655370,57877430,494762160
2022-06-14,5720,5830,5550,5690,265585,-2.735042735042735,-87205,4001,45410,37794,0,65752,4001,139549,56283,265585,152957,0,94139,18489,265585,-491923920,22645580,257853120,211425220,0,371542320,22645580,787639500,316556980,1498384380,863466240,0,529786380,105131760,1498384380
2022-06-15,5690,5690,5500,5560,106896,-2.2847100175746924,4335,5465,-379,-9421,0,25333,5559,69181,6823,106896,20998,94,69560,16244,106896,23970400,30091690,-1264800,-52797290,0,140570710,30614330,383918460,37811900,592915400,116600310,522640,385183260,90609190,592915400
2022-06-16,5560,5700,5560,5630,62561,1.2589928057553956,7040,-4002,7466,-10504,0,26271,5,34073,2212,62561,19231,4007,26607,12716,62561,40094010,-22485560,41637880,-59246330,0,148206830,28200,191485200,12376930,352097160,108112820,22513760,149847320,71623260,352097160
2022-06-17,5590,5640,5450,5630,105451,0.0,-3280,-4000,-852,8132,0,26186,2000,51248,26017,105451,29466,6000,52100,17885,105451,-16863610,-22360050,-6637520,45861180,0,145176940,10960000,282173920,145187800,583498660,162040550,33320050,288811440,99326620,583498660
2022-06-20,5600,5630,5250,5310,202643,-5.683836589698046,-66090,4405,45342,16343,0,25675,4405,141901,30662,202643,91765,0,96559,14319,202643,-352174080,24186940,241841490,86145650,0,137674450,24186940,761328470,163791110,1086980970,489848530,0,519486980,77645460,1086980970
2022-06-21,5310,5310,5100,5240,104027,-1.3182674199623352,-38733,4927,37930,-4124,0,14599,4927,74241,10260,104027,53332,0,36311,14384,104027,-201743450,25741190,197707200,-21704940,0,76233310,25741190,386793610,53416910,542185020,277976760,0,189086410,75121850,542185020
2022-06-22,5230,5280,5020,5110,186764,-2.480916030534351,-93375,2200,89466,1709,0,14581,2200,150790,19193,186764,107956,0,61324,17484,186764,-474342660,11090000,455796860,7455800,0,74608940,11090000,770063730,97544680,953307350,548951600,0,314266870,90088880,953307350
2022-06-23,5100,5100,4905,4930,203434,-3.522504892367906,-67277,9700,41210,16367,0,23828,9700,129925,39981,203434,91105,0,88715,23614,203434,-335131530,48352835,205559960,81218735,0,118285790,48352835,646518875,199189945,1012347445,453417320,0,440958915,117971210,1012347445
2022-06-24,5020,5090,4925,5020,88211,1.8255578093306288,-27064,6793,38376,-18105,0,11729,6793,63936,5753,88211,38793,0,25560,23858,88211,-134245860,33902245,190382570,-90038955,0,58488280,33902245,317629475,28505880,438525880,192734140,0,127246905,118544835,438525880
2022-06-27,5080,5150,5040,5150,120086,2.589641434262948,-76326,9099,49514,17713,0,10602,9164,78693,21627,120086,86928,65,29179,3914,120086,-389636390,46479880,252676650,90479860,0,54132130,46811380,401639900,110451820,613035230,443768520,331500,148963250,19971960,613035230
2022-06-28,5150,5230,5110,5230,87987,1.5533980582524272,-26581,6127,7196,13258,0,22684,6327,29710,29266,87987,49265,200,22514,16008,87987,-136856660,31587220,36963420,68306020,0,116937040,32627220,153448280,151109740,454122280,253793700,1040000,116484860,82803720,454122280
2022-06-29,5100,5160,5010,5010,81365,-4.2065009560229445,-805,5792,20731,-25718,0,30312,5792,40884,4377,81365,31117,0,20153,30095,81365,-4176270,29207620,104820800,-129852150,0,152712300,29207620,206391650,22080410,410391980,156888570,0,101570850,151932560,410391980
2022-06-30,5010,5010,4905,4925,99688,-1.6966067864271457,-49101,893,65372,-17164,0,11393,893,86238,1164,99688,60494,0,20866,18328,99688,-241659640,4422170,322413290,-85175820,0,56330885,4422170,425484030,5754195,491991280,297990525,0,103070740,90930015,491991280
2022-07-01,4920,4960,4850,4875,83926,-1.015228426395939,-28556,-1314,39981,-10111,0,15115,156,64491,4164,83926,43671,1470,24510,14275,83926,-139580025,-6503750,195416865,-49333090,0,74025075,765400,315464125,20506960,410761560,213605100,7269150,120047260,69840050,410761560
2022-07-04,4875,4880,4625,4670,167194,-4.205128205128205,-69087,-14014,56059,27042,0,17318,11,110865,39000,167194,86405,14025,54806,11958,167194,-322326000,-66407390,264410465,124322925,0,81105620,52530,521223035,181574210,783955395,403431620,66459920,256812570,57251285,783955395
2022-07-05,4660,4735,4635,4715,81619,0.9635974304068522,-30933,-176,24862,6247,0,17649,3000,39567,21403,81619,48582,3176,14705,15156,81619,-144011990,-963845,116061815,28914020,0,82476940,13975515,184866110,99834360,381152925,226488930,14939360,68804295,70920340,381152925
2022-07-06,4660,4705,4630,4630,45070,-1.8027571580063628,-2487,606,13695,-11814,0,12294,706,31966,104,45070,14781,100,18271,11918,45070,-11601575,2824575,63873055,-55096055,0,57258895,3287575,149052240,483130,210081840,68860470,463000,85179185,55579185,210081840
2022-07-07,4620,4705,4610,4700,33306,1.511879049676026,3032,1461,1739,-6232,0,7865,4602,17786,3053,33306,4833,3141,16047,9285,33306,13961560,6773110,8073885,-28808555,0,36555720,21436015,82810470,14303830,155106035,22594160,14662905,74736585,43112385,155106035
2022-07-08,4705,4775,4700,4775,28112,1.5957446808510638,-377,-1600,7765,-5788,0,5299,1700,18529,2584,28112,5676,3300,10764,8372,28112,-1847205,-7568500,37002360,-27586655,0,25160860,8073500,87905510,12173825,133313695,27008065,15642000,50903150,39760480,133313695
2022-07-11,4780,4785,4640,4640,53127,-2.8272251308900525,2103,4288,-3087,-3304,0,11142,4728,32377,4880,53127,9039,440,35464,8184,53127,9946395,20135440,-14292970,-15788865,0,52105610,22239740,151767045,22799400,248911795,42159215,2104300,166060015,38588265,248911795
2022-07-12,4640,4645,4525,4570,49473,-1.5086206896551724,3759,439,6031,-10229,0,12082,651,33458,3282,49473,8323,212,27427,13511,49473,17445450,2020260,27382235,-46847945,0,55377445,3005000,152948445,14989835,226320725,37931995,984740,125566210,61837780,226320725
2022-07-13,4570,4575,4505,4540,53777,-0.6564551422319475,-17522,45,18639,-1162,0,9147,50,41394,3186,53777,26669,5,22755,4348,53777,-79210885,202625,84303300,-5295040,0,41362825,225500,187121970,14395380,243105675,120573710,22875,102818670,19690420,243105675
2022-07-14,4530,4610,4525,4570,27193,0.6607929515418502,8898,-3220,-5832,154,0,14513,0,11072,1608,27193,5615,3220,16904,1454,27193,40715910,-14739550,-26666610,690250,0,66471955,0,50607610,7348645,124428210,25756045,14739550,77274220,6658395,124428210
2022-07-15,4560,4595,4510,4565,29577,-0.10940919037199125,2778,-1647,1213,-2344,0,14030,15,14391,1141,29577,11252,1662,13178,3485,29577,12708090,-7541870,5492600,-10658820,0,64095005,68175,65606275,5186585,134956040,51386915,7610045,60113675,15845405,134956040
2022-07-18,4560,4650,4545,4650,39096,1.8619934282584885,-18442,2785,13561,2096,0,9543,6338,20758,2457,39096,27985,3553,7197,361,39096,-85244910,12893160,62735810,9615940,0,44061265,29268080,95876465,11278245,180484055,129306175,16374920,33140655,1662305,180484055
2022-07-19,4655,4680,4615,4630,19816,-0.43010752688172044,1111,-2553,1728,-286,0,8550,0,9324,1942,19816,7439,2553,7596,2228,19816,5224375,-11892095,8019690,-1351970,0,39763325,0,43346935,9018025,92128285,34538950,11892095,35327245,10369995,92128285
2022-07-20,4645,4735,4625,4710,22861,1.7278617710583155,-695,-5892,6496,91,0,6035,0,14785,2041,22861,6730,5892,8289,1950,22861,-3362985,-27645480,30617540,390925,0,28324245,0,69505490,9554220,107383955,31687230,27645480,38887950,9163295,107383955
2022-07-21,4650,4715,4420,4570,111929,-2.9723991507431,-28185,4699,20047,3439,0,15160,4699,77525,14545,111929,43345,0,57478,11106,111929,-129605420,21529715,92260590,15815115,0,69372400,21529715,355933410,66824370,513659895,198977820,0,263672820,51009255,513659895
2022-07-22,4555,4590,4535,4590,35438,0.437636761487965,6978,-4840,3152,-5290,0,19475,1907,13403,653,35438,12497,6747,10251,5943,35438,31747445,-22026010,14371580,-24093015,0,88676215,8680585,61041420,2970600,161368820,56928770,30706595,46669840,27063615,161368820
2022-07-25,4535,4600,4535,4580,14621,-0.2178649237472767,2379,-360,-1423,-596,0,5371,0,9249,1,14621,2992,360,10672,597,14621,10895820,-1654900,-6507555,-2733365,0,24622780,0,42385475,4580,67012835,13726960,1654900,48893030,2737945,67012835
2022-07-26,4585,4665,4565,4665,46708,1.8558951965065504,-8737,-3610,9567,2780,0,15039,300,27478,3891,46708,23776,3910,17911,1111,46708,-40245195,-16687250,44081665,12850780,0,69659475,1396500,126960340,17992575,216008890,109904670,18083750,82878675,5141795,216008890
2022-07-27,4660,4770,4605,4770,30843,2.2508038585209005,5649,-4440,-5689,4480,0,10210,0,12540,8093,30843,4561,4440,18229,3613,30843,26838415,-20946500,-26755855,20863940,0,48376695,0,59476325,38064515,145917535,21538280,20946500,86232180,17200575,145917535
2022-07-28,4775,4780,4735,4735,48301,-0.7337526205450734,-16146,-5205,21763,-412,0,7663,15,34707,5916,48301,23809,5220,12944,6328,48301,-76704385,-24738905,103361200,-1917910,0,36374565,71100,164832385,28108475,229386525,113078950,24810005,61471185,30026385,229386525
2022-07-29,4740,4820,4740,4815,48254,1.689545934530095,-23381,1244,23675,-1538,0,9862,3102,30489,4801,48254,33243,1858,6814,6339,48254,-111064175,5891430,112490620,-7317875,0,46846150,14732230,144906385,22813070,229297835,157910325,8840800,32415765,30130945,229297835
2022-08-01,4810,4825,4750,4825,41135,0.20768431983385255,-1241,0,5777,-4536,0,23022,0,16839,1274,41135,24263,0,11062,5810,41135,-5851005,0,27397725,-21546720,0,110144240,0,80423390,6122865,196690495,115995245,0,53025665,27669585,196690495
2022-08-02,4825,4910,4800,4875,101204,1.0362694300518136,-14060,0,-303,14363,0,61005,0,21858,18341,101204,75065,0,22161,3978,101204,-68163790,0,-1427375,69591165,0,297145355,0,106370115,88929475,492444945,365309145,0,107797490,19338310,492444945
2022-08-03,4865,4865,4810,4860,43910,-0.3076923076923077,3441,665,5001,-9107,0,20409,665,22074,762,43910,16968,0,17073,9869,43910,16390620,3215275,24355855,-43961750,0,98540520,3215275,106921365,3702130,212379290,82149900,0,82565510,47663880,212379290
2022-08-04,4895,4895,4840,4855,37814,-0.102880658436214,-6534,0,6661,-127,0,21377,0,14108,2329,37814,27911,0,7447,2456,37814,-31727635,0,32332135,-604500,0,103690890,0,68482245,11307295,183480430,135418525,0,36150110,11911795,183480430
2022-08-05,4855,4915,4850,4905,51667,1.0298661174047374,-28146,-151,25586,2711,0,16870,0,31704,3093,51667,45016,151,6118,382,51667,-136845410,-737635,124335770,13247275,0,82307390,0,154223340,15110970,251641700,219152800,737635,29887570,1863695,251641700
2022-08-08,4915,4935,4905,4935,46489,0.6116207951070336,5614,-355,-5017,-242,0,27199,0,18662,628,46489,21585,355,23679,870,46489,27710105,-1750150,-24772510,-1187445,0,134062505,0,91895050,3096045,229053600,106352400,1750150,116667560,4283490,229053600
2022-08-09,4940,4950,4875,4875,21655,-1.21580547112462,3948,514,-1617,-2845,0,4131,514,16925,85,21655,183,0,18542,2930,21655,19342640,2531000,-7899990,-13973650,0,20241625,2531000,82860955,415965,106049545,898985,0,90760945,14389615,106049545
2022-08-10,4870,4890,4835,4850,15168,-0.5128205128205128,852,4,1305,-2161,0,5171,4,9872,121,15168,4319,0,8567,2282,15168,4109885,19400,6365090,-10494375,0,25121185,19400,47948105,586990,73675680,21011300,0,41583015,11081365,73675680
2022-08-11,4960,4960,4850,4935,18296,1.7525773195876289,-2807,-70,3335,-458,0,7843,0,9828,625,18296,10650,70,6493,1083,18296,-13758180,-343700,16364040,-2262160,0,38483975,0,48161765,3054010,89699750,52242155,343700,31797725,5316170,89699750
2022-08-12,4935,4965,4920,4960,52317,0.5065856129685917,6791,0,-12632,5841,0,15371,0,28955,7991,52317,8580,0,41587,2150,52317,33497295,0,-62331170,28833875,0,75769100,0,142748080,39422660,257939840,42271805,0,205079250,10588785,257939840
2022-08-16,4960,5030,4955,4975,40127,0.3024193548387097,-5092,3,2150,2939,0,15369,3,20911,3844,40127,20461,0,18761,905,40127,-25409820,14925,10719185,14675710,0,76691675,14925,104354020,19202890,200263510,102101495,0,93634835,4527180,200263510
2022-08-17,4965,4975,4920,4970,29832,-0.10050251256281408,6134,20,-3881,-2273,0,15960,20,13684,168,29832,9826,0,17565,2441,29832,30462960,98900,-19291645,-11270215,0,79029810,98900,67797995,828400,147755105,48566850,0,87089640,12098615,147755105
2022-08-18,4970,4970,4885,4910,31267,-1.2072434607645874,-6378,115,9249,-2986,0,9588,115,21404,160,31267,15966,0,12155,3146,31267,-31286200,563350,45389795,-14666945,0,46956920,563350,104971635,783270,153275175,78243120,0,59581840,15450215,153275175
2022-08-19,4940,4940,4890,4925,13528,0.30549898167006106,404,0,13,-417,0,2047,0,11467,14,13528,1643,0,11454,431,13528,1968225,0,83520,-2051745,0,10054635,0,56331655,68600,66454890,8086410,0,56248135,2120345,66454890
2022-08-22,4910,5100,4860,4875,19489,-1.015228426395939,-2378,0,6828,-4450,0,4239,0,14975,275,19489,6617,0,8147,4725,19489,-11674010,0,33402305,-21728295,0,20701500,0,73439530,1344755,95485785,32375510,0,40037225,23073050,95485785
2022-08-23,4850,4900,4830,4875,11735,0.0,1686,-55,734,-2365,0,5108,5,6622,0,11735,3422,60,5888,2365,11735,8221165,-268125,3582555,-11535595,0,24910640,24375,32270985,0,57206000,16689475,292500,28688430,11535595,57206000
2022-08-24,4875,4875,4800,4815,27452,-1.2307692307692308,512,605,-598,-519,0,15450,605,10949,448,27452,14938,0,11547,967,27452,2520655,2905600,-2911575,-2514680,0,74537800,2905600,52755610,2157150,132356160,72017145,0,55667185,4671830,132356160
2022-08-25,4815,4910,4815,4895,8467,1.6614745586708204,-2067,-500,2130,437,0,437,2000,5593,437,8467,2504,2500,3463,0,8467,-10064450,-2427720,10370505,2121665,0,2129975,9700000,27243045,2121665,41194685,12194425,12127720,16872540,0,41194685
2022-08-26,4895,4900,4860,4900,13361,0.10214504596527069,3875,1865,-5462,-278,0,4764,1865,6732,0,13361,889,0,12194,278,13361,18929220,9094375,-26664175,-1359420,0,23264775,9094375,32862770,0,65221920,4335555,0,59526945,1359420,65221920
2022-08-29,4850,4870,4820,4850,39435,-1.0204081632653061,12334,4135,-15942,-527,0,19650,4135,15619,31,39435,7316,0,31561,558,39435,59952150,20049750,-77445900,-2556000,0,95431855,20049750,75658015,150890,191290510,35479705,0,153103915,2706890,191290510
2022-08-30,4845,4870,4770,4835,39343,-0.30927835051546393,-3426,10,4828,-1412,0,9493,10,27557,2283,39343,12919,0,22729,3695,39343,-16562390,48125,23435945,-6921680,0,45712995,48125,132329760,10904360,188995240,62275385,0,108893815,17826040,188995240
2022-08-31,4865,4870,4805,4860,12119,0.5170630816959669,5289,365,-6448,794,0,5660,365,5108,986,12119,371,0,11556,192,12119,25619255,1756155,-31211915,3836505,0,27420115,1756155,24635620,4765820,58577710,1800860,0,55847535,929315,58577710
2022-09-01,4860,4860,4795,4800,12410,-1.2345679012345678,-4038,2407,3657,-2026,0,2644,2407,6856,503,12410,6682,0,3199,2529,12410,-19416420,11595600,17577360,-9756540,0,12726835,11595600,32991250,2414445,59728130,32143255,0,15413890,12170985,59728130
2022-09-02,4825,4835,4785,4785,20099,-0.3125,2792,4807,-4522,-3077,0,7170,5007,7774,148,20099,4378,200,12296,3225,20099,13394085,23035525,-21646925,-14782685,0,34434810,23993525,37353570,710400,96492305,21040725,958000,59000495,15493085,96492305
2022-09-05,4770,4820,4765,4770,3805,-0.3134796238244514,740,10,86,-836,0,1142,10,2620,33,3805,402,0,2534,869,3805,3543790,47680,411135,-4002605,0,5464850,47680,12512605,158310,18183445,1921060,0,12101470,4160915,18183445
2022-09-06,4815,4840,4770,4830,11667,1.257861635220126,143,6,-1943,1794,0,5836,6,4019,1806,11667,5693,0,5962,12,11667,755115,28670,-9393475,8609690,0,28108410,28670,19310950,8667570,56115600,27353295,0,28704425,57880,56115600
2022-09-07,4830,4830,4700,4780,29941,-1.0351966873706004,-10671,18,8318,2335,0,10239,18,14572,5112,29941,20910,0,6254,2777,29941,-50429450,84800,39203395,11141255,0,48365305,84800,68837160,24285235,141572500,98794755,0,29633765,13143980,141572500
2022-09-08,4770,4790,4710,4790,23718,0.20920502092050208,-8282,0,7177,1105,0,7357,0,14075,2286,23718,15639,0,6898,1181,23718,-39161790,0,33944225,5217565,0,35044580,0,66754740,10845790,112645110,74206370,0,32810515,5628225,112645110
2022-09-13,4790,4825,4760,4825,30746,0.7306889352818371,-10,-100,267,-157,0,20052,300,9625,769,30746,20062,400,9358,926,30746,123585,-482000,1126290,-767875,0,96179110,1438000,46019210,3686185,147322505,96055525,1920000,44892920,4454060,147322505
2022-09-14,4730,4820,4730,4810,20825,-0.31088082901554404,-4121,130,4463,-472,0,10874,200,9156,595,20825,14995,70,4693,1067,20825,-19505795,613300,21163385,-2270890,0,51983910,950000,43601865,2820020,99355795,71489705,336700,22438480,5090910,99355795
2022-09-15,4760,4825,4700,4750,26805,-1.2474012474012475,-9342,1204,7928,210,0,10031,1204,15288,282,26805,19373,0,7360,72,26805,-44215510,5713800,37511650,990060,0,47570755,5713800,72403325,1330385,127018265,91786265,0,34891675,340325,127018265
2022-09-16,4745,4755,4710,4750,25461,0.0,2371,100,-538,-1933,0,13080,100,12255,26,25461,10709,0,12793,1959,25461,11332625,472000,-2631000,-9173625,0,61991530,472000,57793560,122945,120380035,50658905,0,60424560,9296570,120380035
2022-09-19,4730,4730,4635,4655,35599,-2.0,-12581,1100,12226,-745,0,6218,1100,26591,1690,35599,18799,0,14365,2435,35599,-58791975,5120000,57075100,-3403125,0,28947150,5120000,123978210,7936895,165982255,87739125,0,66903110,11340020,165982255
2022-09-20,4645,4645,4560,4630,65324,-0.5370569280343717,-16498,4403,14197,-2102,0,27090,4403,33581,250,65324,43588,0,19384,2352,65324,-75002705,20243660,64421665,-9662620,0,125385010,20243660,153898340,1156255,300683265,200387715,0,89476675,10818875,300683265
2022-09-21,4630,4635,4575,4610,17840,-0.4319654427645789,-8744,0,10332,-1588,0,4058,0,13526,256,17840,12802,0,3194,1844,17840,-40094850,0,47411590,-7316740,0,18629255,0,62079555,1177850,81886660,58724105,0,14667965,8494590,81886660
2022-09-22,4610,4620,4560,4615,15209,0.10845986984815618,-4483,0,3817,666,0,1663,0,12534,1012,15209,6146,0,8717,346,15209,-20566815,0,17514825,3051990,0,7616235,0,57476125,4644790,69737150,28183050,0,39961300,1592800,69737150
2022-09-23,4615,4615,4540,4600,32417,-0.3250270855904659,-874,-300,-836,2010,0,13469,100,16242,2606,32417,14343,400,17078,596,32417,-3674390,-1365000,-4070915,9110305,0,61740050,455000,73933720,11838365,147967135,65414440,1820000,78004635,2728060,147967135
2022-09-26,4545,4575,4505,4575,63878,-0.5434782608695652,-23315,-92,25261,-1854,0,17619,9,41874,4376,63878,40934,101,16613,6230,63878,-105770595,-421400,114705625,-8513630,0,80100240,40640,190268765,19792665,290202310,185870835,462040,75563140,28306295,290202310
2022-09-27,4500,4595,4500,4590,84418,0.32786885245901637,39754,-370,-42822,3438,0,67021,0,13477,3920,84418,27267,370,56299,482,84418,181984975,-1683500,-195833620,15532145,0,305765145,0,61018705,17704455,384488305,123780170,1683500,256852325,2172310,384488305
2022-09-28,4600,4690,4500,4655,58606,1.4161220043572984,17308,-9,-20393,3094,0,43780,4,6376,8446,58606,26472,13,26769,5352,58606,79717870,-42825,-93845070,14170025,0,201359760,18080,29131970,38761920,269271730,121641890,60905,122977040,24591895,269271730
2022-09-29,4650,4650,4510,4520,35998,-2.9001074113856067,-9054,-198,18244,-8992,0,5169,2,30142,685,35998,14223,200,11898,9677,35998,-41062085,-896965,82868615,-40909565,0,23559880,9035,137119765,3155370,163844050,64621965,906000,54251150,44064935,163844050
2022-09-30,4475,4510,4465,4490,18343,-0.6637168141592921,1035,-1214,38,141,0,1768,0,14960,1615,18343,733,1214,14922,1474,18343,4630790,-5443500,174225,638485,0,7933970,0,67114920,7256160,82305050,3303180,5443500,66940695,6617675,82305050
2022-10-04,4610,4610,4445,4450,28401,-0.8908685968819599,-7954,-173,7755,372,0,3215,7,23340,1839,28401,11169,180,15585,1467,28401,-35401440,-798655,34544760,1655335,0,14385820,31145,104225865,8218585,126861415,49787260,829800,69681105,6563250,126861415
2022-10-05,4450,4505,4295,4320,76771,-2.9213483146067416,-19265,-175,22214,-2774,0,9839,0,60915,6017,76771,29104,175,38701,8791,76771,-84284395,-755650,97591835,-12551790,0,42571725,0,265321645,26072955,333966325,126856120,755650,167729810,38624745,333966325
2022-10-06,4315,4330,4165,4265,61114,-1.2731481481481481,-21079,-1000,24200,-2121,0,9565,0,49734,1815,61114,30644,1000,25534,3936,61114,-88294155,-4257500,101516830,-8965175,0,40489960,0,209746345,7725760,257962065,128784115,4257500,108229515,16690935,257962065
2022-10-07,4260,4295,4210,4265,15224,0.0,3511,-70,-4038,597,0,4172,0,10451,601,15224,661,70,14489,4,15224,14932885,-298550,-17181375,2547040,0,17723790,0,44228000,2564040,64515830,2790905,298550,61409375,17000,64515830
2022-10-11,4260,4260,4115,4120,40833,-3.399765533411489,-3012,12,8181,-5181,0,1924,50,37487,1372,40833,4936,38,29306,6553,40833,-12356995,45570,33722305,-21410880,0,8018935,206500,155337430,5775685,169338550,20375930,160930,121615125,27186565,169338550
2022-10-12,4115,4115,3870,3885,142452,-5.703883495145631,-64501,4530,76853,-16882,0,12440,4689,120531,4792,142452,76941,159,43678,21674,142452,-253267750,17663300,301744395,-66139945,0,48671855,18281015,472553555,18802170,558308595,301939605,617715,170809160,84942115,558308595
2022-10-13,3885,3890,3685,3800,102111,-2.187902187902188,-36582,-212,51547,-14753,0,17851,0,79017,5243,102111,54433,212,27470,19996,102111,-135997565,-808220,191820260,-55014475,0,66369055,0,294517210,19845275,380731540,202366620,808220,102696950,74859750,380731540
2022-10-14,3940,3940,3760,3830,40341,0.7894736842105263,-3137,0,3261,-124,0,1136,0,37144,2061,40341,4273,0,33883,2185,40341,-11929085,0,12441125,-512040,0,4327340,0,140920120,7828305,153075765,16256425,0,128478995,8340345,153075765
2022-10-17,3830,3840,3770,3810,12046,-0.5221932114882507,4045,-50,-4818,823,0,4796,0,5912,1338,12046,751,50,10730,515,12046,15336245,-190500,-18305185,3159440,0,18202535,0,22527975,5107915,45838425,2866290,190500,40833160,1948475,45838425
2022-10-18,3810,3815,3760,3815,34536,0.13123359580052493,-5032,-2100,7743,-611,0,8780,0,24437,1319,34536,13812,2100,16694,1930,34536,-18955360,-7912660,29141345,-2273325,0,33295480,0,92346370,5008020,130649870,52250840,7912660,63205025,7281345,130649870
2022-10-19,3815,3855,3755,3775,27942,-1.0484927916120577,-4785,-5915,12448,-1748,0,7599,0,20250,93,27942,12384,5915,7802,1841,27942,-18163635,-22283955,47096165,-6648575,0,28916260,0,76728315,355120,105999695,47079895,22283955,29632150,7003695,105999695
2022-10-20,3775,3840,3630,3650,60958,-3.3112582781456954,-15725,-43,15446,322,0,5709,57,54613,579,60958,21434,100,39167,257,60958,-58077790,-153945,57084210,1147525,0,21081950,210555,200639485,2109840,224041830,79159740,364500,143555275,962315,224041830
2022-10-21,3655,3665,3565,3580,37684,-1.9178082191780823,-16035,8,16600,-573,0,12399,8,25134,143,37684,28434,0,8534,716,37684,-57885585,28900,59935155,-2078470,0,44967985,28900,90812555,519720,136329160,102853570,0,30877400,2598190,136329160
2022-10-24,3590,3725,3570,3570,28447,-0.27932960893854747,-17202,4,17074,124,0,7322,4,20987,134,28447,24524,0,3913,10,28447,-61901345,14330,61438695,448320,0,26345040,14330,75575950,484620,102419940,88246385,0,14137255,36300,102419940
2022-10-25,3570,3630,3560,3560,17954,-0.2801120448179272,-9977,3,10174,-200,0,2955,3,14991,5,17954,12932,0,4817,205,17954,-35680030,10685,36384895,-715550,0,10554950,10685,53620520,17850,64204005,46234980,0,17235625,733400,64204005
2022-10-26,3565,3580,3555,3560,33999,0.0,-17225,1968,15257,0,0,7184,1968,24847,0,33999,24409,0,9590,0,33999,-61301630,7006080,54295550,0,0,25579180,7006080,88469245,0,121054505,86880810,0,34173695,0,121054505
2022-10-27,3560,3905,3530,3665,114183,2.9494382022471908,-74656,37391,31759,5506,0,7040,37391,63134,6618,114183,81696,0,31375,1112,114183,-266554175,135065665,111881650,19606860,0,25069035,135065665,226238375,23617295,409990370,291623210,0,114356725,4010435,409990370
2022-10-28,3640,3800,3590,3665,48839,0.0,-3136,14609,-10935,-538,0,10315,14609,20856,3059,48839,13451,0,31791,3597,48839,-11429350,53973750,-40616120,-1928280,0,37616600,53973750,76054590,11155150,178800090,49045950,0,116670710,13083430,178800090
2022-10-31,3675,3745,3555,3600,58410,-1.7735334242837655,-38065,3002,37325,-2262,0,4626,7847,44625,1312,58410,42691,4845,7300,3574,58410,-137768810,10779185,135237370,-8247745,0,16715010,28561815,161776685,4691570,211745080,154483820,17782630,26539315,12939315,211745080
2022-11-01,3600,3640,3460,3500,65913,-2.7777777777777777,-20377,0,19417,960,0,11709,0,50905,3299,65913,32086,0,31488,2339,65913,-71373785,0,68118245,3255540,0,41151330,0,178661850,11533030,231346210,112525115,0,110543605,8277490,231346210
2022-11-02,3490,3505,3380,3390,60267,-3.1428571428571432,-8000,-470,9356,-886,0,15732,50,42138,2347,60267,23732,520,32782,3233,60267,-26926210,-1598750,31598375,-3073415,0,54555560,169250,144244845,8050250,207019905,81481770,1768000,112646470,11123665,207019905
2022-11-03,3395,3410,3310,3310,73882,-2.359882005899705,-7765,-19336,30021,-2920,0,6810,3,65636,1433,73882,14575,19339,35615,4353,73882,-25765920,-64694790,100282530,-9821820,0,22951180,9935,219354010,4793660,247108785,48717100,64704725,119071480,14615480,247108785
2022-11-04,3305,3315,3205,3220,111924,-2.719033232628399,9646,-27530,10876,7008,0,14384,0,89482,8058,111924,4738,27530,78606,1050,111924,31393805,-88942330,34826460,22722065,0,46811210,0,289589535,26124580,362525325,15417405,88942330,254763075,3402515,362525325
2022-11-07,3225,3260,3140,3185,79299,-1.0869565217391304,-54383,5563,36762,12058,0,3940,5563,53747,16049,79299,58323,0,16985,3991,79299,-173120290,17789790,117395710,37934790,0,12556475,17789790,171622040,50800185,252768490,185676765,0,54226330,12865395,252768490
2022-11-08,3225,3270,3180,3250,41816,2.0408163265306123,-20679,0,9389,11290,0,4506,0,24674,12636,41816,25185,0,15285,1346,41816,-66399700,0,29980840,36418860,0,14427770,0,79291515,40788075,134507360,80827470,0,49310675,4369215,134507360
2022-11-09,3245,3790,3245,3380,364720,4.0,-86485,10970,14485,61030,0,28253,12729,222171,101567,364720,114738,1759,207686,40537,364720,-290939490,36190045,52134405,202615040,0,96252790,42753350,775647375,345361950,1260015465,387192280,6563305,723512970,142746910,1260015465
2022-11-10,3370,3390,3270,3300,170593,-2.366863905325444,-12333,18112,-160,-5619,0,125940,18112,21146,5395,170593,138273,0,21306,11014,170593,-40408535,59782425,-660205,-18713685,0,396441785,59782425,69942975,17825495,543992680,436850320,0,70603180,36539180,543992680
2022-11-11,3340,3580,3340,3485,100227,5.606060606060606,-48271,735,23330,24206,0,9291,735,57763,32438,100227,57562,0,34433,8232,100227,-166349070,2534985,80530130,83283955,0,31711930,2534985,199431065,111729805,345407785,198061000,0,118900935,28445850,345407785
2022-11-14,3500,3540,3405,3450,43463,-1.0043041606886656,-9840,2159,14330,-6649,0,7933,4551,27855,3124,43463,17773,2392,13525,9773,43463,-33899225,7539695,49399040,-23039510,0,27334380,15775235,96187745,10780720,150078080,61233605,8235540,46788705,33820230,150078080
2022-11-15,3450,3460,3415,3425,48284,-0.7246376811594203,-23803,-2908,28452,-1741,0,2495,0,40163,5626,48284,26298,2908,11711,7367,48284,-81728890,-9994050,97656290,-5933350,0,8570710,0,137951035,19371630,165893375,90299600,9994050,40294745,25304980,165893375
2022-11-16,3425,3430,3360,3415,64319,-0.291970802919708,6042,-12001,20412,-14453,0,26287,5801,28611,3620,64319,20245,17802,8199,18073,64319,20559630,-40460845,68976055,-49074840,0,89102805,19732450,96790765,12233425,217859445,68543175,60193295,27814710,61308265,217859445
2022-11-17,3410,3440,3355,3375,30236,-1.171303074670571,-6133,144,8647,-2658,0,10959,144,17662,1471,30236,17092,0,9015,4129,30236,-20617390,484560,29138935,-9006105,0,36857035,484560,59532460,4948965,101823020,57474425,0,30393525,13955070,101823020
2022-11-18,3375,3385,3360,3385,21822,0.2962962962962963,-11665,0,9283,2382,0,6215,0,11941,3666,21822,17880,0,2658,1284,21822,-39335740,0,31315485,8020255,0,20938865,0,40271570,12353635,73564070,60274605,0,8956085,4333380,73564070
2022-11-21,3420,3435,3315,3365,70924,-0.5908419497784343,-43632,21000,22361,271,0,7667,22000,28658,12599,70924,51299,1000,6297,12328,70924,-148610325,71481995,75940325,1188005,0,25971080,74904060,97378770,43065355,241319265,174581405,3422065,21438445,41877350,241319265
2022-11-22,3375,3400,3300,3345,52996,-0.5943536404160475,-3646,17546,-4772,-9128,0,20624,17546,13755,1071,52996,24270,0,18527,10199,52996,-12242265,58810790,-15940430,-30628095,0,68922580,58810790,45965115,3570850,177269335,81164845,0,61905545,34198945,177269335
2022-11-23,3345,3415,3345,3410,47346,1.9431988041853512,-36611,12576,3932,20103,0,3691,12869,10373,20413,47346,40302,293,6441,310,47346,-124138295,42657920,13355375,68125000,0,12513645,43657050,35182535,69169545,160522775,136651940,999130,21827160,1044545,160522775
2022-11-24,3410,3450,3385,3450,33260,1.1730205278592376,-23198,-865,18232,5831,0,4672,0,22657,5931,33260,27870,865,4425,100,33260,-79290985,-2953975,62308580,19936380,0,15914055,0,77456540,20277290,113647885,95205040,2953975,15147960,340910,113647885
2022-11-25,3450,3505,3400,3500,57218,1.4492753623188406,-28851,1663,15626,11562,0,3240,1663,37106,15209,57218,32091,0,21480,3647,57218,-99872835,5745665,53891045,40236125,0,11213605,5745665,128466355,52801045,198226670,111086440,0,74575310,12564920,198226670
2022-11-28,3500,3530,3445,3450,31639,-1.4285714285714286,-13677,1974,13304,-1601,0,3268,1974,22790,3607,31639,16945,0,9486,5208,31639,-47360480,6882490,46160795,-5682805,0,11387815,6882490,79273185,12477035,110020525,58748295,0,33112390,18159840,110020525
2022-11-29,3450,3520,3450,3500,46792,1.4492753623188406,-18016,0,8873,9143,0,7536,0,28258,10998,46792,25552,0,19385,1855,46792,-62803465,0,30839290,31964175,0,26289415,0,98693690,38425780,163408885,89092880,0,67854400,6461605,163408885
2022-11-30,3500,3895,3500,3700,183452,5.714285714285714,-7277,-39263,15365,31175,0,25154,17195,99540,41563,183452,32431,56458,84175,10388,183452,-26732535,-137987960,54398470,110322025,0,91080805,60838385,363236100,149256940,664412230,117813340,198826345,308837630,38934915,664412230
2022-12-01,3700,3880,3695,3830,87104,3.5135135135135136,4930,-2000,-1347,-1583,0,38505,0,38804,9795,87104,33575,2000,40151,11378,87104,19398990,-7660040,-5369890,-6369060,0,147793195,0,147854160,37365050,333012405,128394205,7660040,153224050,43734110,333012405
2022-12-02,3825,3885,3755,3830,46047,0.0,4267,0,2324,-6591,0,22769,0,17549,5729,46047,18502,0,15225,12320,46047,16294395,0,8880000,-25174395,0,86857140,0,66711740,21754215,175323095,70562745,0,57831740,46928610,175323095
2022-12-05,3830,3915,3810,3890,57952,1.5665796344647518,2452,0,858,-3310,0,23148,0,28448,6356,57952,20696,0,27590,9666,57952,9501000,0,3145235,-12646235,0,89220275,0,109569060,24526960,223316295,79719275,0,106423825,37173195,223316295
2022-12-06,3900,3925,3865,3925,46472,0.8997429305912596,3625,0,2413,-6038,0,21432,0,22212,2828,46472,17807,0,19799,8866,46472,14283305,0,9172610,-23455915,0,83522435,0,86434080,11023400,180979915,69239130,0,77261470,34479315,180979915
2022-12-07,3940,3940,3855,3920,57989,-0.12738853503184713,196,3,13000,-13199,0,16824,3,37807,3355,57989,16628,0,24807,16554,57989,805960,11640,50645870,-51463470,0,65666955,11640,147266870,13072450,226017915,64860995,0,96621000,64535920,226017915
2022-12-08,3930,3995,3870,3985,48855,1.6581632653061225,-2,8500,-7107,-1391,0,17180,12700,13464,5511,48855,17182,4200,20571,6902,48855,223455,33284640,-28128120,-5379975,0,67263440,49968560,52752790,21672605,191657395,67039985,16683920,80880910,27052580,191657395
2022-12-09,3980,4010,3945,4010,40088,0.6273525721455459,-24240,-100,25518,-1178,0,2844,0,35584,1660,40088,27084,100,10066,2838,40088,-96247860,-400500,101327785,-4679425,0,11292825,0,141374855,6597050,159264730,107540685,400500,40047070,11276475,159264730
2022-12-12,4010,4010,3915,3920,32093,-2.2443890274314215,-11896,0,22783,-10887,0,3959,0,28113,21,32093,15855,0,5330,10908,32093,-46704645,0,89493350,-42788705,0,15558655,0,110448550,82320,126089525,62263300,0,20955200,42871025,126089525
2022-12-13,3980,3980,3770,3815,42573,-2.6785714285714284,-9115,0,18777,-9662,0,10144,0,31185,1244,42573,19259,0,12408,10906,42573,-34628260,0,71727830,-37099570,0,38840970,0,119114775,4726390,162682135,73469230,0,47386945,41825960,162682135
2022-12-14,3875,3875,3785,3800,44646,-0.39318479685452157,-19743,0,21044,-1301,0,15933,0,26406,2307,44646,35676,0,5362,3608,44646,-74975870,0,79937420,-4961550,0,60562320,0,100302305,8765900,169630525,135538190,0,20364885,13727450,169630525
2022-12-15,3800,3810,3785,3795,33672,-0.13157894736842105,-11486,87,16298,-4899,0,13237,87,19479,869,33672,24723,0,3181,5768,33672,-43583065,331035,61860855,-18608825,0,50254365,331035,73930330,3302185,127817915,93837430,0,12069475,21911010,127817915
2022-12-16,3795,3815,3750,3795,15038,0.0,26,-2,-322,298,0,7725,0,5898,1415,15038,7699,2,6220,1117,15038,62265,-7590,-1191675,1137000,0,29309520,0,22358285,5364975,57032780,29247255,7590,23549960,4227975,57032780
2022-12-19,3795,3845,3760,3800,16895,0.13175230566534915,-4469,0,1428,3041,0,8712,0,5128,3055,16895,13181,0,3700,14,16895,-17008765,0,5445265,11563500,0,33117060,0,19483660,11616945,64217665,50125825,0,14038395,53445,64217665
2022-12-20,3760,3800,3760,3785,8960,-0.39473684210526316,-770,0,1220,-450,0,2611,0,5885,464,8960,3381,0,4665,914,8960,-2921800,0,4631760,-1709960,0,9873385,0,22258660,1749280,33881325,12795185,0,17626900,3459240,33881325
2022-12-21,3780,3830,3775,3790,4914,0.13210039630118892,492,0,-527,35,0,1169,0,3272,473,4914,677,0,3799,438,4914,1857065,0,-1993630,136565,0,4422790,0,12372565,1792715,18588070,2565725,0,14366195,1656150,18588070
2022-12-22,3790,3800,3785,3800,34438,0.2638522427440633,-17709,0,17765,-56,0,1894,0,30699,1845,34438,19603,0,12934,1901,34438,-67200515,0,67394575,-194060,0,7185205,0,116474575,7010225,130670005,74385720,0,49080000,7204285,130670005
2022-12-23,3800,3850,3785,3790,19297,-0.2631578947368421,-643,0,2243,-1600,0,11147,0,8145,5,19297,11790,0,5902,1605,19297,-2478530,0,8568920,-6090390,0,42431350,0,31078455,18950,73528755,44909880,0,22509535,6109340,73528755
2022-12-26,3800,3840,3780,3790,28823,0.0,-12120,2300,9323,497,0,8055,2300,16085,2383,28823,20175,0,6762,1886,28823,-46022165,8740000,35395225,1886940,0,30595675,8740000,61119615,9047055,109502345,76617840,0,25724390,7160115,109502345
2022-12-27,3820,3820,3780,3780,28947,-0.2638522427440633,-7114,-1271,8766,-381,0,13008,0,14150,1789,28947,20122,1271,5384,2170,28947,-26928560,-4823590,33187800,-1435650,0,49357100,0,53620835,6792945,109770880,76285660,4823590,20433035,8228595,109770880
2022-12-28,3830,3830,3750,3760,37102,-0.5291005291005291,-4817,0,5346,-529,0,10878,0,22065,4159,37102,15695,0,16719,4688,37102,-18072585,0,20058585,-1986000,0,41017355,0,83160865,15717045,139895265,59089940,0,63102280,17703045,139895265
2022-12-29,3800,3800,3690,3700,64339,-1.5957446808510638,-21837,165,26086,-4414,0,31367,165,30871,1936,64339,53204,0,4785,6350,64339,-80829965,610425,96715410,-16495870,0,116230090,610425,114446840,7164925,238452280,197060055,0,17731430,23660795,238452280
2023-01-02,3700,3850,3700,3795,29570,2.5675675675675675,14792,0,-8807,-5985,0,18525,0,9428,1617,29570,3733,0,18235,7602,29570,56395610,0,-33613285,-22782325,0,70530035,0,35703950,6149610,112383595,14134425,0,69317235,28931935,112383595
2023-01-03,3770,3850,3770,3825,30655,0.7905138339920948,8855,0,-9628,773,0,15227,0,10309,5119,30655,6372,0,19937,4346,30655,33782815,0,-36767810,2984995,0,58050045,0,39335920,19531575,116917540,24267230,0,76103730,16546580,116917540
2023-01-04,3825,3865,3785,3850,26656,0.6535947712418301,-70,0,-1343,1413,0,5731,0,16552,4373,26656,5801,0,17895,2960,26656,-316705,0,-5167425,5484130,0,22001960,0,63417585,16835445,102254990,22318665,0,68585010,11351315,102254990
2023-01-05,3850,3935,3830,3925,48256,1.948051948051948,-8384,0,-12059,20443,0,2945,0,22395,22916,48256,11329,0,34454,2473,48256,-32749495,0,-46710455,79459950,0,11423290,0,87234530,89098710,187756530,44172785,0,133944985,9638760,187756530
2023-01-06,3925,3950,3860,3925,37367,0.0,-12911,-1,7884,5028,0,8321,0,21864,7182,37367,21232,1,13980,2154,37367,-50214205,-3870,30678050,19540025,0,32479890,0,85169815,27963465,145613170,82694095,3870,54491765,8423440,145613170
2023-01-09,3995,3995,3910,3940,32504,0.3821656050955414,-3175,188,-816,3803,0,13029,188,14757,4530,32504,16204,0,15573,727,32504,-12492715,737460,-3194050,14949305,0,51184775,737460,57990610,17806460,127719305,63677490,0,61184660,2857155,127719305
2023-01-10,3945,3945,3870,3940,47743,0.0,-10749,1100,13514,-3865,0,22176,1100,21686,2781,47743,32925,0,8172,6646,47743,-41901980,4298000,52669115,-15065135,0,86716015,4298000,84690190,10862515,186566720,128617995,0,32021075,25927650,186566720
2023-01-11,3900,3925,3885,3900,64176,-1.015228426395939,-22482,1150,17079,4253,0,37740,1150,20424,4862,64176,60222,0,3345,609,64176,-87554260,4480000,66493925,16580335,0,147117185,4480000,79538090,18955090,250090365,234671445,0,13044165,2374755,250090365
2023-01-12,3900,3970,3860,3905,67358,0.1282051282051282,-23829,1668,10024,12137,0,32947,1668,19507,13236,67358,56776,0,9483,1099,67358,-92626110,6491760,38685070,47449280,0,128662825,6491760,75872770,51719850,262747205,221288935,0,37187700,4270570,262747205
2023-01-13,3900,3920,3885,3890,113518,-0.3841229193341869,-77471,7332,62430,7709,0,31410,7332,63884,10892,113518,108881,0,1454,3183,113518,-301572965,28544110,243010600,30018255,0,122331495,28544110,248675445,42417495,441968545,423904460,0,5664845,12399240,441968545
2023-01-16,3945,4030,3845,3920,285646,0.7712082262210797,-108695,1859,62518,44318,0,112779,2834,117838,52195,285646,221474,975,55320,7877,285646,-420411990,7162035,237907780,175342175,0,442386605,10960910,458437945,205947455,1117732915,862798595,3798875,220530165,30605280,1117732915
2023-01-17,3940,3995,3935,3945,97348,0.6377551020408163,-23080,4063,3523,15494,0,38497,4063,33124,21664,97348,61577,0,29601,6170,97348,-91326525,16028970,13717690,61579865,0,152626095,16028970,131450400,86018475,386123940,243952620,0,117732710,24438610,386123940
2023-01-18,3985,4050,3935,3940,145595,-0.12674271229404308,-79325,5502,49320,24503,0,29933,9702,70400,35560,145595,109258,4200,21080,11057,145595,-314715730,21758935,195003140,97953655,0,119016010,38641935,279526895,142010360,579195200,433731740,16883000,84523755,44056705,579195200
2023-01-19,3975,4000,3925,3930,172648,-0.25380710659898476,-80898,2,50661,30235,0,64270,2,76424,31952,172648,145168,0,25763,1717,172648,-318737515,7860,199141835,119587820,0,253837355,7860,301684830,126381160,681911205,572574870,0,102542995,6793340,681911205
2023-01-20,3960,4005,3930,3980,47720,1.2722646310432568,261,-3207,790,2156,0,20553,318,18138,8711,47720,20292,3525,17348,6555,47720,1071495,-12739345,3053100,8614750,0,81844710,1265640,71954080,34646060,189710490,80773215,14004985,68900980,26031310,189710490
2023-01-25,4000,4045,3985,3990,90757,0.25125628140703515,-40421,-1020,35034,6407,0,18780,155,60738,11084,90757,59201,1175,25704,4677,90757,-161728465,-4115080,140097840,25745705,0,75069025,618475,243169120,44485610,363342230,236797490,4733555,103071280,18739905,363342230
2023-01-26,4040,4090,4000,4020,111746,0.7518796992481203,-28303,-2875,17027,14151,0,25589,0,67105,19052,111746,53892,2875,50078,4901,111746,-114206265,-11603500,68417690,57392075,0,103255905,0,271054495,77166335,451476735,217462170,11603500,202636805,19774260,451476735
2023-01-27,4085,4085,4010,4050,35935,0.7462686567164178,2332,0,5719,-8051,0,12449,0,22900,586,35935,10117,0,17181,8637,35935,9332280,0,23065045,-32397325,0,50147625,0,92308810,2372115,144828550,40815345,0,69243765,34769440,144828550
2023-01-30,3960,4075,3960,4045,58734,-0.12345679012345678,11155,-11506,-15109,15460,0,26130,0,16616,15988,58734,14975,11506,31725,528,58734,45177195,-46160160,-61545020,62527985,0,105886600,0,66942060,64660355,237489015,60709405,46160160,128487080,2132370,237489015
2023-01-31,4050,4050,3960,3965,86583,-1.9777503090234856,-22959,157,41072,-18270,0,34568,157,50754,1104,86583,57527,0,9682,19374,86583,-91834600,627860,164137820,-72931080,0,138570105,627860,202973800,4450165,346621930,230404705,0,38835980,77381245,346621930
2023-02-01,4030,4030,3960,3970,46437,0.12610340479192939,725,-2241,10896,-9380,0,23789,12,20521,2115,46437,23064,2253,9625,11495,46437,2978455,-8990700,43397865,-37385620,0,94849435,47625,81838715,8430915,185166690,91870980,9038325,38440850,45816535,185166690
2023-02-02,3975,4005,3960,4005,70434,0.8816120906801008,-24359,-1087,15286,10160,0,27886,0,31084,11464,70434,52245,1087,15798,1304,70434,-96951730,-4320825,60854585,40417970,0,111029530,0,123709840,45620645,280360015,207981260,4320825,62855255,5202675,280360015
2023-02-03,4005,4030,3975,4020,61289,0.37453183520599254,-26689,1,21223,5465,0,23217,1,31952,6119,61289,49906,0,10729,654,61289,-106199630,3980,84341835,21853815,0,92950825,3980,127427630,24481465,244863900,199150455,0,43085795,2627650,244863900
2023-02-06,4035,4035,3960,3970,64491,-1.2437810945273633,-8092,4,21552,-13464,0,31262,4,32589,636,64491,39354,0,11037,14100,64491,-32149390,15870,85620600,-53487080,0,124164105,15870,129481340,2536155,256197470,156313495,0,43860740,56023235,256197470
2023-02-07,4000,4000,3925,3960,48683,-0.2518891687657431,-22490,204,39212,-16926,0,4651,204,42822,1006,48683,27141,0,3610,17932,48683,-88984095,806810,155255445,-67078160,0,18426405,806810,169500595,3988650,192722460,107410500,0,14245150,71066810,192722460
2023-02-08,3965,3965,3910,3920,131157,-1.0101010101010102,-42055,150,63809,-21904,0,56032,150,69592,5383,131157,98087,0,5783,27287,131157,-165614635,587250,251159385,-86132000,0,220113680,587250,273903215,21237975,515842120,385728315,0,22743830,107369975,515842120
2023-02-09,3920,3940,3885,3925,71259,0.12755102040816327,-5279,2500,21120,-18341,0,25704,2500,43055,0,71259,30983,0,21935,18341,71259,-20551475,9743255,82308520,-71500300,0,100216970,9743255,167778270,0,277738495,120768445,0,85469750,71500300,277738495
2023-02-10,3940,3940,3840,3905,164800,-0.5095541401273885,-51751,6150,72245,-26644,0,72571,6150,76518,9561,164800,124322,0,4273,36205,164800,-199452110,23786000,278628935,-102962825,0,279865190,23786000,295143660,36903895,635698745,479317300,0,16514725,139866720,635698745
2023-02-13,3915,3925,3860,3920,32605,0.3841229193341869,-7950,301,13595,-5946,0,4516,301,25440,2348,32605,12466,0,11845,8294,32605,-30982470,1179340,52952260,-23149130,0,17567125,1179340,99053660,9133300,126933425,48549595,0,46101400,32282430,126933425
2023-02-14,3940,3940,3895,3900,25072,-0.5102040816326531,-3254,131,17045,-13922,0,2743,201,22128,0,25072,5997,70,5083,13922,25072,-12708040,505600,66619945,-54417505,0,10693775,784900,86474165,0,97952840,23401815,279300,19854220,54417505,97952840
2023-02-15,3910,3910,3875,3900,28749,0.0,5157,4002,5905,-15064,0,9649,4002,14088,1010,28749,4492,0,8183,16074,28749,20122565,15545905,23008565,-58677035,0,37607000,15545905,54903325,3927600,111983830,17484435,0,31894760,62604635,111983830
2023-02-16,3930,3930,3845,3850,46798,-1.282051282051282,-1013,8,13127,-12122,0,9088,8,35899,1803,46798,10101,0,22772,13925,46798,-3949140,30900,50727035,-46808795,0,35077670,30900,138756755,6989655,180854980,39026810,0,88029720,53798450,180854980
2023-02-17,3870,3870,3810,3840,30096,-0.2597402597402597,3001,1094,-217,-3878,0,13779,1094,12953,2270,30096,10778,0,13170,6148,30096,11498750,4200930,-841385,-14858295,0,52791760,4200930,49614735,8697275,115304700,41293010,0,50456120,23555570,115304700
2023-02-20,3880,3890,3815,3890,26799,1.3020833333333335,4746,1,-2427,-2320,0,14391,1,10657,1750,26799,9645,0,13084,4070,26799,18161480,3830,-9229290,-8936020,0,55320125,3830,41039680,6721475,103085110,37158645,0,50268970,15657495,103085110
2023-02-21,3900,3905,3825,3880,17726,-0.2570694087403599,754,2,3066,-3822,0,6838,2,10886,0,17726,6084,0,7820,3822,17726,2928110,7750,11883185,-14819045,0,26514730,7750,42121300,0,68643780,23586620,0,30238115,14819045,68643780
2023-02-22,3805,3870,3805,3840,18118,-1.0309278350515463,4818,0,1266,-6084,0,7236,0,10309,573,18118,2418,0,9043,6657,18118,18500910,0,4872110,-23373020,0,27790695,0,39501045,2192690,69484430,9289785,0,34628935,25565710,69484430
2023-02-23,3870,3870,3795,3835,31807,-0.13020833333333331,-3568,500,6571,-3503,0,18082,500,12820,405,31807,21650,0,6249,3908,31807,-13516920,1922500,25032045,-13437625,0,69217635,1922500,48958420,1554370,121652925,82734555,0,23926375,14991995,121652925
2023-02-24,3850,3865,3810,3860,16250,0.651890482398957,-306,0,4504,-4198,0,7969,0,8281,0,16250,8275,0,3777,4198,16250,-1159350,0,17285140,-16125790,0,30650390,0,31820980,0,62471370,31809740,0,14535840,16125790,62471370
2023-02-27,3860,3860,3815,3860,14805,0.0,2395,0,-2808,413,0,5925,0,6253,2627,14805,3530,0,9061,2214,14805,9165135,0,-10729375,1564240,0,22744510,0,23997520,10061410,56803440,13579375,0,34726895,8497170,56803440
2023-02-28,3860,3895,3840,3895,24250,0.9067357512953367,-828,2955,-850,-1277,0,8514,2955,12737,44,24250,9342,0,13587,1321,24250,-3175105,11475400,-3354265,-4946030,0,33065140,11475400,49352930,169915,94063385,36240245,0,52707195,5115945,94063385
2023-03-02,3895,3895,3850,3860,17644,-0.8985879332477535,-2304,16,7643,-5355,0,4669,16,12799,160,17644,6973,0,5156,5515,17644,-8882885,61810,29516865,-20695790,0,18057750,61810,49472000,616350,68207910,26940635,0,19955135,21312140,68207910
2023-03-03,3875,3875,3850,3870,15592,0.2590673575129534,-4291,0,6510,-2219,0,6745,0,8847,0,15592,11036,0,2337,2219,15592,-16573960,0,25136860,-8562900,0,26056810,0,34163205,0,60220015,42630770,0,9026345,8562900,60220015
2023-03-06,3875,3920,3850,3905,35728,0.9043927648578811,84,0,-2817,2733,0,13773,0,14756,7199,35728,13689,0,17573,4466,35728,340745,0,-11030325,10689580,0,53748825,0,57488895,28079980,139317700,53408080,0,68519220,17390400,139317700
2023-03-07,3915,3960,3905,3925,47452,0.5121638924455826,2663,0,-12760,10097,0,12449,0,21721,13282,47452,9786,0,34481,3185,47452,10404215,0,-50200380,39796165,0,48926040,0,85478710,52281270,186686020,38521825,0,135679090,12485105,186686020
2023-03-08,3925,3950,3890,3930,24324,0.12738853503184713,9335,0,-2483,-6852,0,15537,0,7182,1605,24324,6202,0,9665,8457,24324,36565600,0,-9792895,-26772705,0,60802305,0,28010645,6288090,95101040,24236705,0,37803540,33060795,95101040
2023-03-09,3950,3950,3905,3935,30263,0.1272264631043257,11664,0,-15132,3468,0,16235,0,8472,5556,30263,4571,0,23604,2088,30263,45747760,0,-59347750,13599990,0,63688295,0,33242340,21798055,118728690,17940535,0,92590090,8198065,118728690
2023-03-10,3955,3955,3885,3905,27425,-0.7623888182973316,1866,100,-1609,-357,0,10375,100,14624,2326,27425,8509,0,16233,2683,27425,7336535,390500,-6310605,-1416430,0,40591865,390500,57169570,9082710,107234645,33255330,0,63480175,10499140,107234645
2023-03-13,3950,3950,3810,3930,47071,0.6402048655569782,6785,700,-5584,-1901,0,18104,700,25869,2398,47071,11319,0,31453,4299,47071,26437645,2734500,-21764100,-7408045,0,70543350,2734500,100018220,9282165,182578235,44105705,0,121782320,16690210,182578235
2023-03-14,3950,3950,3900,3935,41128,0.1272264631043257,14603,200,-9300,-5503,0,25000,200,12760,3168,41128,10397,0,22060,8671,41128,57285625,787000,-36510810,-21561815,0,98014945,787000,49895110,12408265,161105320,40729320,0,86405920,33970080,161105320
2023-03-15,3935,3935,3875,3915,41317,-0.5082592121982211,-794,0,9495,-8701,0,15799,0,24068,1450,41317,16593,0,14573,10151,41317,-2964850,0,36864550,-33899700,0,61757415,0,93665150,5671175,161093740,64722265,0,56800600,39570875,161093740
2023-03-16,3910,3965,3885,3955,76414,1.0217113665389528,30609,-3000,-20835,-6774,0,49801,0,17718,8895,76414,19192,3000,38553,15669,76414,120888195,-11855000,-82465355,-26567840,0,196406530,0,69378530,35031345,300816405,75518335,11855000,151843885,61599185,300816405
2023-03-17,3955,3955,3895,3935,23166,-0.5056890012642226,1176,103,616,-1895,0,8730,103,11731,2602,23166,7554,0,11115,4497,23166,4585820,402735,2520005,-7508560,0,34266800,402735,46004455,10147800,90821790,29680980,0,43484450,17656360,90821790
2023-03-20,3935,3935,3845,3910,47895,-0.6353240152477764,-16326,5,26334,-10013,0,10440,5,37440,10,47895,26766,0,11106,10023,47895,-63200820,19380,101905895,-38724455,0,40527730,19380,145052815,38550,185638475,103728550,0,43146920,38763005,185638475
2023-03-21,3910,3910,3865,3910,42225,0.0,4984,3,-1355,-3632,0,9377,3,32516,329,42225,4393,0,33871,3961,42225,19426350,11715,-5299955,-14138110,0,36563590,11715,126349795,1283100,164208200,17137240,0,131649750,15421210,164208200
2023-03-22,3910,3910,3850,3880,36719,-0.7672634271099744,-8908,12,11724,-2828,0,3079,12,33628,0,36719,11987,0,21904,2828,36719,-34510490,46605,45469455,-11005570,0,11986080,46605,130700685,0,142733370,46496570,0,85231230,11005570,142733370
2023-03-23,3880,3880,3820,3845,43002,-0.902061855670103,2105,0,6177,-8282,0,18782,0,21084,3136,43002,16677,0,14907,11418,43002,8147180,0,23705660,-31852840,0,72271370,0,80998015,12065850,165335235,64124190,0,57292355,43918690,165335235
2023-03-24,3860,3875,3805,3820,41234,-0.6501950585175552,-5154,1,13419,-8266,0,5965,1,35137,131,41234,11119,0,21718,8397,41234,-19638310,3810,51252445,-31617945,0,22922035,3810,134365035,499765,157790645,42560345,0,83112590,32117710,157790645
2023-03-27,3820,3840,3770,3770,30850,-1.3089005235602094,-2907,0,11586,-8679,0,3466,0,27384,0,30850,6373,0,15798,8679,30850,-10955435,0,43835920,-32880485,0,13110425,0,103602000,0,116712425,24065860,0,59766080,32880485,116712425
2023-03-28,3770,3770,3720,3735,55704,-0.9283819628647214,2292,1,7991,-10284,0,25609,1,28996,1098,55704,23317,0,21005,11382,55704,8687230,3720,29763790,-38454740,0,95718685,3720,108358925,4115050,208196380,87031455,0,78595135,42569790,208196380
2023-03-29,3735,3735,3625,3650,98365,-2.2757697456492636,6327,150,19185,-25662,0,18181,150,79694,340,98365,11854,0,60509,26002,98365,23023120,546000,70465100,-94034220,0,66474415,546000,292096460,1241025,360357900,43451295,0,221631360,95275245,360357900
2023-03-30,3600,3630,3575,3615,62436,-0.9589041095890412,5809,-510,-2214,-3085,0,22630,0,35808,3998,62436,16821,510,38022,7083,62436,20961940,-1841250,-7989960,-11130730,0,81435740,0,128732680,14374300,224542720,60473800,1841250,136722640,25505030,224542720
2023-03-31,3615,3765,3400,3765,109955,4.149377593360995,21109,450,-29200,7641,0,24334,550,63173,21898,109955,3225,100,92373,14257,109955,76962775,1578500,-105183460,26642185,0,88569740,1955000,223846240,77625185,391996165,11606965,376500,329029700,50983000,391996165
2023-04-03,3760,3760,3645,3695,30293,-1.859229747675963,9736,0,-2175,-7561,0,13696,0,16075,522,30293,3960,0,18250,8083,30293,35895710,0,-7992980,-27902730,0,50493220,0,59083320,1925455,111501995,14597510,0,67076300,29828185,111501995
2023-04-04,3700,3710,3660,3710,18651,0.40595399188092013,4793,-100,-2646,-2047,0,12476,0,6175,0,18651,7683,100,8821,2047,18651,17736775,-369000,-9809725,-7558050,0,46129890,0,22817460,0,68947350,28393115,369000,32627185,7558050,68947350
2023-04-05,3740,3740,3635,3655,54539,-1.482479784366577,-14081,0,25026,-10945,0,20050,0,34488,1,54539,34131,0,9462,10946,54539,-51355235,0,91523250,-40168015,0,73232445,0,126178995,3705,199415145,124587680,0,34655745,40171720,199415145
2023-04-06,3690,3690,3600,3605,23833,-1.3679890560875512,-8292,200,12541,-4449,0,4690,500,18630,13,23833,12982,300,6089,4462,23833,-29952395,731000,45323155,-16101760,0,16931895,1812500,67293300,47005,86084700,46884290,1081500,21970145,16148765,86084700
2023-04-07,3610,3610,3520,3520,78819,-2.3578363384188625,-20685,155,18010,2520,0,12936,155,59125,6603,78819,33621,0,41115,4083,78819,-73810605,548750,64596300,8665555,0,46000155,548750,210836590,23345310,280730805,119810760,0,146240290,14679755,280730805
2023-04-10,3595,3595,3495,3500,53835,-0.5681818181818182,3090,-81,7358,-10367,0,25396,19,28342,78,53835,22306,100,20984,10445,53835,10902295,-283810,25728985,-36347470,0,89023860,66690,99336215,273735,188700500,78121565,350500,73607230,36621205,188700500
2023-04-11,3490,3570,3485,3545,24641,1.2857142857142856,-2221,-100,-2296,4617,0,6013,0,12119,6509,24641,8234,100,14415,1892,24641,-7817135,-354500,-8008680,16180315,0,21243880,0,42709050,22866155,86819085,29061015,354500,50717730,6685840,86819085
2023-04-12,3580,3585,3550,3585,23276,1.1283497884344147,-7756,-70,2775,5051,0,4347,0,13858,5071,23276,12103,70,11083,20,23276,-27632855,-250250,9890960,17992145,0,15514225,0,49392695,18063645,82970565,43147080,250250,39501735,71500,82970565
2023-04-13,3595,3620,3585,3610,25113,0.697350069735007,-5410,0,8923,-3513,0,9334,0,14393,1386,25113,14744,0,5470,4899,25113,-19519395,0,32198595,-12679200,0,33691715,0,51930020,5004710,90626445,53211110,0,19731425,17683910,90626445
2023-04-14,3645,3645,3600,3640,40432,0.8310249307479225,-23069,10,21364,1695,0,4552,10,32949,2921,40432,27621,0,11585,1226,40432,-83310040,36050,77154865,6119125,0,16435005,36050,119059455,10544635,146075145,99745045,0,41904590,4425510,146075145
2023-04-17,3665,3665,3590,3590,32337,-1.3736263736263736,-23534,0,24393,-859,0,2227,0,29345,765,32337,25761,0,4952,1624,32337,-85005545,0,88150400,-3144855,0,8041310,0,106093650,2772865,116907825,93046855,0,17943250,5917720,116907825
2023-04-18,3630,3630,3545,3575,40612,-0.4178272980501393,-15052,400,17085,-2433,0,4756,400,35415,41,40612,19808,0,18330,2474,40612,-53783780,1430000,61095855,-8742075,0,16983995,1430000,126528810,145955,145088760,70767775,0,65432955,8888030,145088760
2023-04-19,3575,3590,3550,3555,46278,-0.5594405594405595,-20941,-1740,21642,1039,0,12117,10,32381,1770,46278,33058,1750,10739,731,46278,-74608760,-6185700,77100655,3693805,0,43159320,35550,115364810,6303130,164862810,117768080,6221250,38264155,2609325,164862810
2023-04-20,3600,3600,3540,3540,41027,-0.42194092827004215,-2512,-1858,4398,-28,0,18780,9,22238,0,41027,21292,1867,17840,28,41027,-8911945,-6605825,15617030,-99260,0,66650895,31950,78918885,0,145601730,75562840,6637775,63301855,99260,145601730
2023-04-21,3590,3590,3485,3500,73826,-1.1299435028248588,-6205,0,6306,-101,0,18978,0,54352,496,73826,25183,0,48046,597,73826,-21768125,0,22110550,-342425,0,66428545,0,190431785,1755840,258616170,88196670,0,168321235,2098265,258616170
2023-04-24,3500,3540,3495,3500,24941,0.0,9801,-292,-7431,-2078,0,16378,8,8555,0,24941,6577,300,15986,2078,24941,34436650,-1023825,-26109630,-7303195,0,57489855,28175,29957175,0,87475205,23053205,1052000,56066805,7303195,87475205
2023-04-25,3575,3575,3490,3545,45508,1.2857142857142856,-7240,50,3931,3259,0,26906,50,13516,5036,45508,34146,0,9585,1777,45508,-25370085,175000,13779255,11415830,0,94295975,175000,47295085,17650860,159416920,119666060,0,33515830,6235030,159416920
2023-04-26,3545,3550,3490,3500,34390,-1.2693935119887165,-13221,0,17454,-4233,0,6762,0,27628,0,34390,19983,0,10174,4233,34390,-46267460,0,61099480,-14832020,0,23681615,0,96771460,0,120453075,69949075,0,35671980,14832020,120453075
2023-04-27,3520,3520,3475,3500,28103,0.0,-2344,1,3791,-1448,0,10878,1,14555,2669,28103,13222,0,10764,4117,28103,-8197305,3485,13236190,-5042370,0,38018605,3485,50725035,9329615,98076740,46215910,0,37488845,14371985,98076740
2023-04-28,3500,3510,3480,3500,16903,0.0,-6789,0,9556,-2767,0,4634,0,12260,9,16903,11423,0,2704,2776,16903,-23747815,0,33405055,-9657240,0,16191990,0,42849370,31420,59072780,39939805,0,9444315,9688660,59072780
2023-05-02,3500,3570,3490,3530,14910,0.8571428571428572,319,10,-2157,1828,0,3854,10,8981,2065,14910,3535,0,11138,237,14910,1107820,35000,-7540475,6397655,0,13500350,35000,31450480,7227500,52213330,12392530,0,38990955,829845,52213330
2023-05-03,3500,3530,3500,3515,17365,-0.424929178470255,-1101,-2500,1946,1655,0,5440,0,9984,1941,17365,6541,2500,8038,286,17365,-3854455,-8812500,6852635,5814320,0,19149105,0,35105045,6821335,61075485,23003560,8812500,28252410,1007015,61075485
2023-05-04,3560,3560,3495,3510,39668,-0.1422475106685633,-11463,90,17821,-6448,0,17787,90,21541,250,39668,29250,0,3720,6698,39668,-40116590,315050,62392330,-22590790,0,62283365,315050,75427920,875775,138902110,102399955,0,13035590,23466565,138902110
2023-05-08,3515,3575,3505,3505,38431,-0.14245014245014245,-33860,100,26594,7166,0,3417,100,27690,7224,38431,37277,0,1096,58,38431,-118814390,350500,93310590,25153300,0,11986875,350500,97159640,25360170,134857185,130801265,0,3849050,206870,134857185
2023-05-09,3500,3510,3445,3505,74237,0.0,-22564,462,25771,-3669,0,19790,462,52486,1499,74237,42354,0,26715,5168,74237,-78111820,1607830,89399060,-12895070,0,68673315,1607830,181996630,5179450,257457225,146785135,0,92597570,18074520,257457225
2023-05-10,3505,3505,3460,3485,51314,-0.5706134094151213,-30889,100,28850,1939,0,8830,100,38733,3651,51314,39719,0,9883,1712,51314,-107268600,347500,100204695,6716405,0,30691765,347500,134485405,12675000,178199670,137960365,0,34280710,5958595,178199670
2023-05-11,3495,3510,3430,3445,93570,-1.1477761836441895,-35071,254,20367,14450,0,12026,254,66038,15252,93570,47097,0,45671,802,93570,-121170620,874250,70515155,49781215,0,41534805,874250,227765975,52560840,322735870,162705425,0,157250820,2779625,322735870
2023-05-12,3445,3480,3410,3445,32372,0.0,-3978,1006,1482,1490,0,3225,1006,24665,3476,32372,7203,0,23183,1986,32372,-13716865,3478310,5107485,5131070,0,11083325,3478310,84762875,11962435,111286945,24800190,0,79655390,6831365,111286945
2023-05-15,3445,3450,3420,3445,53551,0.0,-658,1780,-1995,873,0,15127,1780,31637,5007,53551,15785,0,33632,4134,53551,-2287665,6121570,-6826845,2992940,0,52033470,6121570,108716400,17224025,184095465,54321135,0,115543245,14231085,184095465
2023-05-16,3515,3515,3435,3440,64690,-0.14513788098693758,-16483,2977,21924,-8418,0,27426,3047,30950,3267,64690,43909,70,9026,11685,64690,-56788140,10250115,75618610,-29080585,0,94888215,10496165,106966040,11359185,223709605,151676355,246050,31347430,40439770,223709605
2023-05-17,3450,3450,3405,3435,37708,-0.14534883720930233,-5508,1,4696,811,0,3003,1,33160,1544,37708,8511,0,28464,733,37708,-18900960,3430,16118365,2779165,0,10290800,3430,113627270,5295235,129216735,29191760,0,97508905,2516070,129216735
2023-05-18,3460,3460,3425,3445,50791,0.2911208151382824,-34075,2335,23591,8149,0,7594,2335,30372,10490,50791,41669,0,6781,2341,50791,-116953770,8020725,81006105,27926940,0,26093870,8020725,104311985,35964070,174390650,143047640,0,23305880,8037130,174390650
2023-05-19,3485,3485,3390,3430,62697,-0.43541364296081275,-13618,4,16357,-2743,0,8626,4,51950,2117,62697,22244,0,35593,4860,62697,-46659565,13630,56128630,-9482695,0,29484465,13630,177587835,7227895,214313825,76144030,0,121459205,16710590,214313825
2023-05-22,3460,3460,3425,3430,66609,0.0,-50531,1856,40584,8091,0,6407,1856,47734,10612,66609,56938,0,7150,2521,66609,-173346800,6366080,139228535,27752185,0,21986660,6366080,163768980,36425525,228547245,195333460,0,24540445,8673340,228547245
2023-05-23,3430,3435,3405,3410,62209,-0.5830903790087464,-36739,22,37090,-373,0,9987,22,49120,3080,62209,46726,0,12030,3453,62209,-125490485,75230,126712830,-1297575,0,34127390,75230,167902015,10520810,212625445,159617875,0,41189185,11818385,212625445
2023-05-24,3410,3420,3385,3410,54633,0.0,-24602,1507,25549,-2454,0,12729,1507,37934,2463,54633,37331,0,12385,4917,54633,-83445950,5123550,86642300,-8319900,0,43270295,5123550,128739135,8380260,185513240,126716245,0,42096835,16700160,185513240
2023-05-25,3430,3440,3400,3415,25730,0.1466275659824047,-17238,10,17501,-273,0,3383,10,22190,147,25730,20621,0,4689,420,25730,-58660760,34100,59556855,-930195,0,11529460,34100,75544065,502005,87609630,70190220,0,15987210,1432200,87609630
2023-05-26,3440,3440,3390,3400,69332,-0.43923865300146414,-32417,1,34163,-1747,0,6130,1,63190,11,69332,38547,0,29027,1758,69332,-110125295,3405,116063890,-5942000,0,20816250,3405,214713325,37450,235570430,130941545,0,98649435,5979450,235570430
2023-05-30,3420,3420,3385,3400,31530,0.0,-13115,0,10453,2662,0,3423,0,25315,2792,31530,16538,0,14862,130,31530,-44515300,0,35490980,9024320,0,11610610,0,85908240,9465735,106984585,56125910,0,50417260,441415,106984585
2023-05-31,3430,3495,3390,3400,87173,0.0,-16809,7270,7112,2427,0,13688,7270,63252,2963,87173,30497,0,56140,536,87173,-57119835,24681655,24175335,8262845,0,46668550,24681655,215220035,10093950,296664190,103788385,0,191044700,1831105,296664190
2023-06-01,3420,3430,3385,3390,59736,-0.29411764705882354,-7699,8097,-1495,1097,0,15330,8097,34308,2001,59736,23029,0,35803,904,59736,-26253225,27490815,-4941520,3703930,0,52052455,27490815,116593905,6773395,202910570,78305680,0,121535425,3069465,202910570
2023-06-02,3390,3395,3375,3390,42760,0.0,163,-4579,1237,3179,0,9501,1,29847,3411,42760,9338,4580,28610,232,42760,540425,-15525710,4228550,10756735,0,32159360,3390,101021710,11542245,144726705,31618935,15529100,96793160,785510,144726705
2023-06-05,3405,3550,3405,3525,86247,3.982300884955752,-34810,-100,-407,35317,0,9756,0,39934,36557,86247,44566,100,40341,1240,86247,-119854050,-352000,-1573090,121779140,0,33877725,0,138072050,126146660,298096435,153731775,352000,139645140,4367520,298096435
2023-06-07,3525,3595,3525,3575,36465,1.4184397163120568,1795,0,-1901,106,0,5564,0,26086,4815,36465,3769,0,27987,4709,36465,6363780,0,-6722015,358235,0,19791565,0,92911630,17117240,129820435,13427785,0,99633645,16759005,129820435
2023-06-08,3560,3575,3550,3570,22672,-0.13986013986013987,-918,0,2467,-1549,0,2857,0,19470,345,22672,3775,0,17003,1894,22672,-3248060,0,8761920,-5513860,0,10176615,0,69377300,1226475,80780390,13424675,0,60615380,6740335,80780390
2023-06-09,3595,3595,3520,3535,72025,-0.9803921568627451,-9452,0,14011,-4559,0,10010,0,61974,41,72025,19462,0,47963,4600,72025,-33377350,0,49566350,-16189000,0,35344175,0,218753970,144800,254242945,68721525,0,169187620,16333800,254242945
2023-06-12,3530,3560,3505,3560,24566,0.7072135785007072,-4056,7981,-1594,-2331,0,7376,7981,9151,58,24566,11432,0,10745,2389,24566,-14182835,28089455,-5659560,-8247060,0,26062175,28089455,32211930,205010,86568570,40245010,0,37871490,8452070,86568570
2023-06-13,3555,3575,3525,3575,51790,0.42134831460674155,12629,-6120,2460,-8969,0,29388,2387,20011,4,51790,16759,8507,17551,8973,51790,44852865,-21661720,8542615,-31733760,0,104203505,8438045,70794610,14120,183450280,59350640,30099765,62251995,31747880,183450280
2023-06-14,3570,3585,3510,3515,29615,-1.6783216783216783,-4224,20,12125,-7921,0,10349,20,19241,5,29615,14573,0,7116,7926,29615,-14890770,70650,42780885,-27960765,0,36475095,70650,67853625,17650,104417020,51365865,0,25072740,27978415,104417020
2023-06-15,3535,3535,3440,3515,38545,0.0,-12803,163,22836,-10196,0,10261,163,27872,249,38545,23064,0,5036,10445,38545,-44411370,561535,79485140,-35635305,0,35763865,561535,97092035,860450,134277885,80175235,0,17606895,36495755,134277885
2023-06-16,3500,3500,3445,3500,58585,-0.42674253200568996,-21813,1454,26565,-6206,0,21679,1580,35289,37,58585,43492,126,8724,6243,58585,-75320780,5009970,91796730,-21485920,0,74881840,5450250,122065355,127730,202525175,150202620,440280,30268625,21613650,202525175
2023-06-19,3495,3495,3440,3455,32481,-1.2857142857142856,-5623,120,8546,-3043,0,11932,220,20329,0,32481,17555,100,11783,3043,32481,-19326380,412200,29424800,-10510620,0,41197380,757700,70093115,0,112048195,60523760,345500,40668315,10510620,112048195
2023-06-20,3485,3485,3430,3455,18837,0.0,-1885,195,5293,-3603,0,7172,195,11468,2,18837,9057,0,6175,3605,18837,-6469805,677900,18214055,-12422150,0,24723515,677900,39500815,6890,64909120,31193320,0,21286760,12429040,64909120
2023-06-21,3450,3450,3425,3450,10662,-0.1447178002894356,2696,-89,849,-3456,0,4058,11,6584,9,10662,1362,100,5735,3465,10662,9236795,-307075,2946885,-11876605,0,13927055,37925,22661010,30870,36656860,4690260,345000,19714125,11907475,36656860
2023-06-22,3445,3445,3420,3440,11981,-0.2898550724637681,-1971,-165,3960,-1824,0,4647,35,6639,660,11981,6618,200,2679,2484,11981,-6751370,-567950,13597685,-6278365,0,15925065,120050,22796915,2257340,41099370,22676435,688000,9199230,8535705,41099370
2023-06-23,3400,3555,3400,3440,1037997,0.0,-5268,6770,844,-2346,0,1018098,7020,12089,790,1037997,1023366,250,11245,3136,1037997,-18124380,23582385,2635675,-8093680,0,3329735395,24442635,41379370,2691375,3398248775,3347859775,860250,38743695,10785055,3398248775
2023-06-26,3395,3430,3390,3430,18673,-0.29069767441860467,3370,0,-2292,-1078,0,3924,0,13870,879,18673,554,0,16162,1957,18673,11500080,0,-7854705,-3645375,0,13395185,0,47321745,3010575,63727505,1895105,0,55176450,6655950,63727505
2023-06-27,3440,3450,3400,3410,50391,-0.5830903790087464,-3354,25892,-19105,-3433,0,7551,25960,15240,1640,50391,10905,68,34345,5073,50391,-11510555,88924465,-65594585,-11819325,0,25752600,89158725,52073115,5598850,172583290,37263155,234260,117667700,17418175,172583290
2023-06-28,3455,3455,3320,3370,89721,-1.1730205278592376,-50125,4202,46144,-221,0,24879,4202,56397,4243,89721,75004,0,10253,4464,89721,-168279485,13974705,155383455,-1078675,0,84119140,13974705,189880455,14170730,302145030,252398625,0,34497000,15249405,302145030
2023-06-29,3370,3370,3315,3365,43979,-0.1483679525222552,-16121,248,25333,-9460,0,5621,248,37842,268,43979,21742,0,12509,9728,43979,-53580130,823270,84308750,-31551890,0,18760980,823270,126008110,893295,146485655,72341110,0,41699360,32445185,146485655
2023-06-30,3360,3375,3320,3370,16825,0.1485884101040119,-1478,6010,-3598,-934,0,6160,6010,4555,100,16825,7638,0,8153,1034,16825,-4999160,20231255,-12103370,-3128725,0,20699705,20231255,15303045,336000,56570005,25698865,0,27406415,3464725,56570005
2023-07-03,3380,3380,3295,3370,70733,0.0,-39167,5443,34861,-1137,0,17467,5443,43921,3902,70733,56634,0,9060,5039,70733,-130043295,18060530,115875405,-3892640,0,58370220,18060530,146171515,12898240,235500505,188413515,0,30296110,16790880,235500505
2023-07-04,3340,3370,3320,3340,19217,-0.8902077151335311,5025,10,-32,-5003,0,5880,10,13327,0,19217,855,0,13359,5003,19217,16765720,33375,-114665,-16684430,0,19613250,33375,44454290,0,64100915,2847530,0,44568955,16684430,64100915
2023-07-05,3355,3355,3315,3330,23487,-0.29940119760479045,1276,20,2910,-4206,0,3932,20,19529,6,23487,2656,0,16619,4212,23487,4245155,66600,9696580,-14008335,0,13094515,66600,64957450,19980,78138545,8849360,0,55260870,14028315,78138545
2023-07-06,3315,3330,3275,3305,57692,-0.7507507507507507,-10353,9960,6340,-5947,0,2705,10010,44974,3,57692,13058,50,38634,5950,57692,-34165250,33052820,20764755,-19652325,0,8908200,33217320,148208605,9885,190344010,43073450,164500,127443850,19662210,190344010
2023-07-07,3310,3310,3260,3310,66635,0.15128593040847202,-7898,3010,10304,-5416,0,8858,3010,53620,1147,66635,16756,0,43316,6563,66635,-25858860,9850250,33765860,-17757250,0,29004895,9850250,175622650,3758280,218236075,54863755,0,141856790,21515530,218236075
2023-07-10,3310,3310,3280,3300,26969,-0.3021148036253776,-13082,5,13144,-67,0,2426,5,24528,10,26969,15508,0,11384,77,26969,-43023600,16475,43227825,-220700,0,7991620,16475,80782615,32900,88823610,51015220,0,37554790,253600,88823610
2023-07-11,3315,3315,3285,3305,19534,0.15151515151515152,-1910,3010,470,-1570,0,2806,3010,13718,0,19534,4716,0,13248,1570,19534,-6282655,9933000,1525865,-5176210,0,9251945,9933000,45214065,0,64399010,15534600,0,43688200,5176210,64399010
2023-07-12,3315,3315,3280,3310,26080,0.15128593040847202,-10022,-7000,19013,-1991,0,2006,0,24056,18,26080,12028,7000,5043,2009,26080,-32979315,-23060910,62588825,-6548600,0,6601175,0,79197470,59220,85857865,39580490,23060910,16608645,6607820,85857865
2023-07-13,3310,3350,3305,3340,49859,0.906344410876133,-10763,9940,-7159,7982,0,20156,10020,11625,8058,49859,30919,80,18784,76,49859,-35807000,33194255,-23863095,26475840,0,67022015,33461055,38629830,26728110,165841010,102829015,266800,62492925,252270,165841010
2023-07-14,3340,3370,3330,3350,40581,0.29940119760479045,-22314,115,22292,-93,0,4506,115,30791,5169,40581,26820,0,8499,5262,40581,-74446780,383500,74412450,-349170,0,15073855,383500,102861670,17263310,135582335,89520635,0,28449220,17612480,135582335
2023-07-17,3350,3350,3330,3340,11621,-0.2985074626865672,1035,0,-2047,1012,0,2105,0,7899,1617,11621,1070,0,9946,605,11621,3455345,0,-6829985,3374640,0,7027045,0,26371005,5397510,38795560,3571700,0,33200990,2022870,38795560
2023-07-18,3340,3340,3280,3300,34336,-1.1976047904191618,-173,0,2389,-2216,0,4849,0,24169,5318,34336,5022,0,21780,7534,34336,-470180,0,7898560,-7428380,0,16059550,0,79722585,17494825,113276960,16529730,0,71824025,24923205,113276960
2023-07-19,3330,3330,3265,3310,35752,0.30303030303030304,-7823,1000,15407,-8584,0,12620,1000,21409,723,35752,20443,0,6002,9307,35752,-25760055,3295000,50907150,-28442095,0,41689035,3295000,70726890,2372460,118083385,67449090,0,19819740,30814555,118083385
2023-07-20,3320,3320,3280,3280,24246,-0.906344410876133,-4434,0,9031,-4597,0,8085,0,15997,164,24246,12519,0,6966,4761,24246,-14557480,0,29663600,-15106120,0,26574235,0,52556235,538745,79669215,41131715,0,22892635,15644865,79669215
2023-07-21,3300,3300,3230,3280,52168,0.0,-19966,110,25607,-5751,0,13511,110,38460,87,52168,33477,0,12853,5838,52168,-65021550,356550,83424870,-18759870,0,43993110,356550,125223630,283310,169856600,109014660,0,41798760,19043180,169856600
2023-07-24,3270,3270,3210,3245,40212,-1.0670731707317074,-13470,1415,12555,-500,0,13711,1415,24824,262,40212,27181,0,12269,762,40212,-43403430,4582025,40444635,-1623230,0,44356595,4582025,80156690,842430,129937740,87760025,0,39712055,2465660,129937740
2023-07-25,3245,3245,3160,3165,89982,-2.465331278890601,-20941,1810,18172,959,0,12481,1810,73324,2367,89982,33422,0,55152,1408,89982,-66537470,5736500,57784880,3016090,0,39749470,5736500,232804375,7518085,285808430,106286940,0,175019495,4501995,285808430
2023-07-26,3220,3220,3070,3140,105233,-0.7898894154818324,-17492,217,17680,-405,0,19090,417,81470,4256,105233,36582,200,63790,4661,105233,-53902840,661475,54617665,-1376300,0,59592400,1289275,252737280,13181155,326800110,113495240,627800,198119615,14557455,326800110
2023-07-27,3140,3270,3085,3140,71704,0.0,-36135,1510,33816,809,0,9061,1610,58716,2317,71704,45196,100,24900,1508,71704,-112566170,4678415,105316425,2571330,0,28115445,5002415,183056285,7266375,223440520,140681615,324000,77739860,4695045,223440520
2023-07-28,3115,3120,3050,3095,73239,-1.4331210191082804,-39091,35,37515,1541,0,13955,175,56258,2851,73239,53046,140,18743,1310,73239,-119660425,104650,114859615,4696160,0,42769285,538750,172393285,8729585,224430905,162429710,434100,57533670,4033425,224430905
2023-07-31,3115,3115,3035,3065,364511,-0.9693053311793215,-312625,820,13969,297836,0,11938,1020,51469,300084,364511,324563,200,37500,2248,364511,-916804255,2509500,42846325,871448430,0,36646225,3121000,157453170,878356200,1075576595,953450480,611500,114606845,6907770,1075576595
2023-08-01,3065,3120,3040,3055,71185,-0.3262642740619902,-28809,3251,37711,-12153,0,9787,3251,53096,5051,71185,38596,0,15385,17204,71185,-88266125,9996765,115570395,-37301035,0,30006125,9996765,162748695,15465795,218217380,118272250,0,47178300,52766830,218217380
2023-08-02,3090,3090,3010,3025,81298,-0.9819967266775778,-3185,4017,32187,-33019,0,7842,4017,69214,225,81298,11027,0,37027,33244,81298,-9626495,12111525,97618530,-100103560,0,23787790,12111525,209662590,681940,246243845,33414285,0,112044060,100785500,246243845
2023-08-03,3025,3030,2995,3025,70631,0.0,-25577,2410,44721,-21554,0,9445,2510,55693,2983,70631,35022,100,10972,24537,70631,-76761665,7236850,134254635,-64729820,0,28376335,7539350,167261670,8967000,212144355,105138000,302500,33007035,73696820,212144355
2023-08-04,3035,3035,2985,3025,50676,0.0,-8782,2020,38353,-31591,0,5868,2020,41778,1010,50676,14650,0,3425,32601,50676,-26298550,6060000,114837315,-94598765,0,17554895,6060000,125124380,3026125,151765400,43853445,0,10287065,97624890,151765400
2023-08-07,3055,3055,2960,3025,61909,0.0,-6962,200,25368,-18606,0,8889,300,49385,3335,61909,15851,100,24017,21941,61909,-20707165,594500,75586620,-55473955,0,26509620,897000,147117590,9938070,184462280,47216785,302500,71530970,65412025,184462280
2023-08-08,3025,3025,2990,3000,50243,-0.8264462809917356,1469,-90,20735,-22114,0,15478,10,33899,856,50243,14009,100,13164,22970,50243,4400025,-269800,62409470,-66539695,0,46513160,30200,102009880,2569370,151122610,42113135,300000,39600410,69109065,151122610
2023-08-09,2980,3005,2965,3000,108071,0.0,-33467,11020,43753,-21306,0,14773,11020,73048,9230,108071,48240,0,29295,30536,108071,-99629430,32779450,130261110,-63411130,0,43870960,32779450,217310910,27465845,321427165,143500390,0,87049800,90876975,321427165
2023-08-10,3000,3000,2950,3000,63926,0.0,1126,6421,16375,-23922,0,6155,9020,40149,8602,63926,5029,2599,23774,32524,63926,3325070,19016920,48912530,-71254520,0,18260185,26719400,119330950,25398635,189709170,14935115,7702480,70418420,96653155,189709170
2023-08-11,3000,3000,2980,3000,52176,0.0,-4534,0,33132,-28598,0,8232,0,41889,2055,52176,12766,0,8757,30653,52176,-13499185,0,98898175,-85398990,0,24634380,0,125074370,6144895,155853645,38133565,0,26176195,91543885,155853645
2023-08-14,3000,3000,2940,2990,78852,-0.33333333333333337,-20984,3000,45970,-27986,0,12522,3000,56715,6615,78852,33506,0,10745,34601,78852,-61901455,8835000,135894465,-82828010,0,36984160,8835000,167704560,19530455,233054175,98885615,0,31810095,102358465,233054175
2023-08-16,2950,2995,2920,2990,70508,0.0,-13653,3007,33302,-22656,0,8991,3107,50371,8039,70508,22644,100,17069,30695,70508,-40179390,8835480,98051285,-66707375,0,26450155,9134480,148343350,23629675,207557660,66629545,299000,50292065,90337050,207557660
2023-08-17,2990,2990,2915,2960,62143,-1.0033444816053512,-11705,636,32252,-21183,0,12718,1923,42069,5433,62143,24423,1287,9817,26616,62143,-34196135,1856380,94465770,-62126015,0,37269100,5615260,123305335,15926460,182116155,71465235,3758880,28839565,78052475,182116155
2023-08-18,2925,2975,2925,2970,15096,0.33783783783783783,-5245,-2709,7172,782,0,3312,5,10978,801,15096,8557,2714,3806,19,15096,-15472980,-7997165,21160835,2309310,0,9778210,14750,32392170,2365350,44550480,25251190,8011915,11231335,56040,44550480
2023-08-21,2985,3000,2980,2985,23785,0.5050505050505051,-6545,0,3351,3194,0,2232,0,18354,3199,23785,8777,0,15003,5,23785,-19531400,0,9993210,9538190,0,6677750,0,54867895,9553150,71098795,26209150,0,44874685,14960,71098795
2023-08-22,3005,3025,2970,2995,31041,0.33500837520938026,-9895,903,8298,694,0,6043,1003,20766,3229,31041,15938,100,12468,2535,31041,-29428545,2681925,24695115,2051505,0,18028805,2983925,62124610,9647135,92784475,47457350,302000,37429495,7595630,92784475
2023-08-23,2995,3055,2980,3040,69168,1.5025041736227045,-2652,-100,-8422,11174,0,25806,0,26259,17103,69168,28458,100,34681,5929,69168,-8027820,-304500,-25689890,34022210,0,77868475,0,78905150,51744220,208517845,85896295,304500,104595040,17722010,208517845
2023-08-24,3040,3080,3000,3055,87988,0.4934210526315789,27647,0,-27854,207,0,53073,0,27964,6951,87988,25426,0,55818,6744,87988,84467145,0,-85066365,599220,0,162168115,0,85301500,21223615,268693230,77700970,0,170367865,20624395,268693230
2023-08-25,3055,3055,3025,3050,12786,-0.16366612111292964,-1531,-10,2105,-564,0,4374,0,8412,0,12786,5905,10,6307,564,12786,-4633910,-30300,6378770,-1714560,0,13287630,0,25545655,0,38833285,17921540,30300,19166885,1714560,38833285
2023-08-28,3050,3110,3020,3095,31719,1.4754098360655739,-4394,0,2466,1928,0,7079,0,20230,4410,31719,11473,0,17764,2482,31719,-13377405,0,7553290,5824115,0,21741870,0,62181820,13478765,97402455,35119275,0,54628530,7654650,97402455
2023-08-29,3090,3135,3090,3110,23747,0.48465266558966075,-1174,10,477,687,0,5708,10,16341,1688,23747,6882,0,15864,1001,23747,-3664850,31100,1510205,2123545,0,17768455,31100,50783745,5236675,73819975,21433305,0,49273540,3113130,73819975
2023-08-30,3135,3145,3115,3140,31188,0.964630225080386,-12850,5800,5522,1528,0,3414,5800,19353,2621,31188,16264,0,13831,1093,31188,-40200805,18182000,17255950,4762855,0,10673930,18182000,60603965,8193920,97653815,50874735,0,43348015,3431065,97653815
2023-08-31,3155,3210,3145,3200,73028,1.910828025477707,-10687,100,-4180,14767,0,16364,100,40748,15816,73028,27051,0,44928,1049,73028,-33926935,317500,-13354485,46963920,0,52247780,317500,129644955,50274510,232484745,86174715,0,142999440,3310590,232484745
2023-09-01,3225,3290,3200,3255,115285,1.7187500000000002,-7515,200,-6283,13598,0,34198,200,63491,17396,115285,41713,0,69774,3798,115285,-24255990,646000,-20792365,44402355,0,111356470,646000,206467885,56747505,375217860,135612460,0,227260250,12345150,375217860
2023-09-04,3295,3295,3185,3210,39611,-1.3824884792626728,11507,110,89,-11706,0,14814,110,24344,343,39611,3307,0,24255,12049,39611,36838335,351900,401600,-37591835,0,47419450,351900,78157405,1093685,127022440,10581115,0,77755805,38685520,127022440
2023-09-05,3230,3230,3070,3130,119157,-2.4922118380062304,-23972,151,45188,-21367,0,33236,151,84241,1529,119157,57208,0,39053,22896,119157,-74195080,474075,140548190,-66827185,0,103788010,474075,262272920,4760110,371295115,177983090,0,121724730,71587295,371295115
2023-09-06,3140,3140,3090,3120,34081,-0.3194888178913738,-11839,5,12082,-248,0,3324,5,28552,2200,34081,15163,0,16470,2448,34081,-36729585,15525,37547050,-832990,0,10320255,15525,88640215,6824510,105800505,47049840,0,51093165,7657500,105800505
2023-09-07,3130,3145,3115,3145,13890,0.8012820512820512,-1998,0,3852,-1854,0,3393,0,10497,0,13890,5391,0,6645,1854,13890,-6226485,0,12010965,-5784480,0,10594215,0,32792440,0,43386655,16820700,0,20781475,5784480,43386655
2023-09-08,3180,3180,3120,3160,28816,0.47694753577106513,-12196,0,14074,-1878,0,3923,0,23017,1876,28816,16119,0,8943,3754,28816,-38094730,0,44066035,-5971305,0,12332750,0,72104445,5873410,90310605,50427480,0,28038410,11844715,90310605
2023-09-11,3180,3185,3155,3185,22875,0.7911392405063291,-634,0,-5199,5833,0,6646,0,10282,5947,22875,7280,0,15481,114,22875,-2018130,0,-16475590,18493720,0,21072570,0,32653690,18856010,72582270,23090700,0,49129280,362290,72582270
2023-09-12,3185,3195,3155,3175,26090,-0.3139717425431711,5651,-8500,1823,1026,0,6775,0,18247,1068,26090,1124,8500,16424,42,26090,17914890,-26945000,5769500,3260610,0,21475970,0,57805825,3393745,82675540,3561080,26945000,52036325,133135,82675540
2023-09-13,3190,3190,3150,3170,25488,-0.15748031496062992,-1563,-3395,3842,1116,0,1544,105,18857,4982,25488,3107,3500,15015,3866,25488,-4950675,-10780675,12162235,3569115,0,4890735,331825,59758220,15821075,80801855,9841410,11112500,47595985,12251960,80801855
2023-09-14,3190,3190,3145,3185,33097,0.47318611987381703,-2775,93,144,2538,0,12954,93,16753,3297,33097,15729,0,16609,759,33097,-8689220,293450,366765,8029005,0,41090930,293450,52897935,10426995,104709310,49780150,0,52531170,2397990,104709310
2023-09-15,3180,3190,3170,3180,23882,-0.15698587127158556,-337,-4789,-4335,9461,0,2623,211,11587,9461,23882,2960,5000,15922,0,23882,-1071510,-15226520,-13779410,30077440,0,8341375,670980,36847260,30077440,75937055,9412885,15897500,50626670,0,75937055
2023-09-18,3195,3205,3180,3200,49148,0.628930817610063,2239,-3000,-13625,14386,0,15584,0,18302,15262,49148,13345,3000,31927,876,49148,7169360,-9575000,-43548620,45954260,0,49758225,0,58377390,48746715,156882330,42588865,9575000,101926010,2792455,156882330
2023-09-19,3200,3250,3175,3250,27114,1.5625,4010,5,-8428,4413,0,16310,5,6267,4532,27114,12300,0,14695,119,27114,12955860,16175,-27178680,14206645,0,52512725,16175,20163630,14589175,87281705,39556865,0,47342310,382530,87281705
2023-09-20,3255,3260,3240,3250,28953,0.0,-3759,-2895,7099,-445,0,14520,105,13254,1074,28953,18279,3000,6155,1519,28953,-12195200,-9429200,23060815,-1436415,0,47223835,340800,43069605,3493260,94127500,59419035,9770000,20008790,4929675,94127500
2023-09-21,3230,3255,3230,3250,23105,0.0,13370,-100,-9094,-4176,0,17312,0,5778,15,23105,3942,100,14872,4191,23105,43396000,-325000,-29529200,-13541800,0,56175010,0,18713420,48675,74937105,12779010,325000,48242620,13590475,74937105
2023-09-22,3245,3255,3165,3225,54645,-0.7692307692307693,7032,160,5189,-12381,0,28806,160,23997,1682,54645,21774,0,18808,14063,54645,22692900,509200,16376310,-39578410,0,92250885,509200,76770920,5360425,174891430,69557985,0,60394610,44938835,174891430
2023-09-25,3220,3245,3195,3240,36151,0.46511627906976744,18876,-6545,-11928,-403,0,22436,0,10750,2965,36151,3560,6545,22678,3368,36151,60946000,-21171025,-38482370,-1292605,0,72447955,0,34766665,9583390,116798010,11501955,21171025,73249035,10875995,116798010
2023-09-26,3190,3190,3070,3120,70093,-3.7037037037037033,3161,-5883,26519,-23797,0,25847,15,41406,2825,70093,22686,5898,14887,26622,70093,9961300,-18467705,82351915,-73845510,0,80206780,46525,128801555,8764480,217819340,70245480,18514230,46449640,82609990,217819340
2023-09-27,3080,3090,3020,3050,63509,-2.2435897435897436,-14025,-111,21665,-7529,0,17696,1,38838,6974,63509,31721,112,17173,14503,63509,-42530710,-339115,65813315,-22943490,0,53829725,3050,118036215,21207480,193076470,96360435,342165,52222900,44150970,193076470
2023-10-04,3070,3070,2955,3045,89496,-0.16393442622950818,-8568,-185,15300,-6547,0,36172,155,49658,3511,89496,44740,340,34358,10058,89496,-25309600,-568700,45299010,-19420710,0,108034310,462050,147959950,10492680,266948990,133343910,1030750,102660940,29913390,266948990
2023-10-05,2910,3040,2910,2995,79588,-1.6420361247947455,-94,-21150,15766,5478,0,17870,5,52055,9658,79588,17964,21155,36289,4180,79588,-574370,-62735450,46950475,16359345,0,52975770,14875,154264625,28769815,236025085,53550140,62750325,107314150,12410470,236025085
2023-10-06,2990,3005,2950,2960,59423,-1.1686143572621035,-750,-1145,6624,-4729,0,29517,4,29902,0,59423,30267,1149,23278,4729,59423,-2173175,-3408670,19625560,-14043715,0,87434815,11840,88585330,0,176031985,89607990,3420510,68959770,14043715,176031985
2023-10-10,2975,2975,2920,2955,31294,-0.16891891891891891,-5656,-477,15369,-9236,0,4066,1,26638,589,31294,9722,478,11269,9825,31294,-16725960,-1411950,45397255,-27259345,0,11968630,2930,78616570,1725770,92313900,28694590,1414880,33219315,28985115,92313900
2023-10-11,2955,2955,2920,2950,45101,-0.1692047377326565,3028,0,-1346,-1682,0,18297,0,26804,0,45101,15269,0,28150,1682,45101,8884230,0,-3938970,-4945260,0,53690780,0,78696915,0,132387695,44806550,0,82635885,4945260,132387695
2023-10-12,2945,2960,2930,2935,46487,-0.5084745762711864,6889,-5207,-3429,1747,0,15969,0,27761,2757,46487,9080,5207,31190,1010,46487,20273385,-15363150,-10061950,5151715,0,46964510,0,81622395,8122050,136708955,26691125,15363150,91684345,2970335,136708955
2023-10-13,2935,2960,2915,2915,35460,-0.6814310051107325,-5108,-7925,14175,-1142,0,4375,3000,28075,10,35460,9483,10925,13900,1152,35460,-14923410,-23109500,41376195,-3343285,0,12819865,8760000,82022025,29250,103631140,27743275,31869500,40645830,3372535,103631140
2023-10-16,2950,2950,2895,2895,45051,-0.6861063464837049,-3030,-7345,12311,-1936,0,4170,0,40196,685,45051,7200,7345,27885,2621,45051,-8810080,-21312130,35750880,-5628670,0,12119600,0,117075790,2000200,131195590,20929680,21312130,81324910,7628870,131195590
2023-10-17,2925,2925,2890,2900,22539,0.17271157167530224,-4374,-3180,8785,-1231,0,1833,767,19544,395,22539,6207,3947,10759,1626,22539,-12652060,-9217990,25435315,-3565265,0,5313500,2220465,56585935,1143525,65263425,17965560,11438455,31150620,4708790,65263425
2023-10-18,2900,2915,2880,2900,46819,0.0,-22617,-13988,27098,9507,0,1316,2008,32229,11266,46819,23933,15996,5131,1759,46819,-65206105,-40598500,78451185,27353420,0,3797555,5783240,93300135,32446080,135327010,69003660,46381740,14848950,5092660,135327010
2023-10-19,2880,2880,2770,2775,45400,-4.310344827586207,-10583,-250,20685,-9852,0,6928,50,38422,0,45400,17511,300,17737,9852,45400,-29634515,-693000,58060810,-27733295,0,19546560,139500,107901990,0,127588050,49181075,832500,49841180,27733295,127588050
2023-10-20,2775,2775,2750,2760,27976,-0.5405405405405406,3482,3325,-8695,1888,0,13613,3627,8848,1888,27976,10131,302,17543,0,27976,9639150,9177625,-24035955,5219180,0,37597420,10010645,24436610,5219180,77263855,27958270,833020,48472565,0,77263855
2023-10-23,2780,2800,2670,2690,45445,-2.536231884057971,-21065,2320,21747,-3002,0,3002,2500,39942,1,45445,24067,180,18195,3003,45445,-57057735,6238550,58949510,-8130325,0,8165355,6725000,108213350,2705,123106410,65223090,486450,49263840,8133030,123106410
2023-10-24,2670,2690,2670,2690,27151,0.0,168,-70,-98,0,0,5223,0,21928,0,27151,5055,70,22026,0,27151,475205,-188300,-286905,0,0,14023100,0,58717850,0,72740950,13547895,188300,59004755,0,72740950
2023-10-25,2690,2740,2660,2690,37382,0.0,-10742,0,5342,5400,0,7647,0,24335,5400,37382,18389,0,18993,0,37382,-28614805,0,14147180,14467625,0,20490385,0,64973340,14467625,99931350,49105190,0,50826160,0,99931350
2023-10-26,2685,2720,2650,2650,17431,-1.486988847583643,337,5,3420,-3762,0,3542,5,13884,0,17431,3205,0,10464,3762,17431,893175,13325,9106005,-10012505,0,9418290,13325,36873340,0,46304955,8525115,0,27767335,10012505,46304955
2023-10-27,2650,2650,2540,2565,77289,-3.207547169811321,-11845,50,7966,3829,0,8922,50,60015,8302,77289,20767,0,52049,4473,77289,-30464945,127500,20402710,9934735,0,23000350,127500,154712145,21545610,199385605,53465295,0,134309435,11610875,199385605
2023-10-30,2600,2600,2490,2575,95292,0.3898635477582846,-704,4,-390,1090,0,30220,4,50156,14912,95292,30924,0,50546,13822,95292,-1981125,10170,-259320,2230275,0,76892850,10170,127870285,37710620,242483925,78873975,0,128129605,35480345,242483925
2023-10-31,2585,2590,2520,2555,40955,-0.7766990291262136,-3758,4,3475,279,0,17465,4,19631,3855,40955,21223,0,16156,3576,40955,-9550390,10240,8949220,590930,0,44825160,10240,50371905,9768840,104976145,54375550,0,41422685,9177910,104976145
2023-11-01,2500,2555,2500,2550,17272,-0.19569471624266144,-1203,4,1194,5,0,8335,4,8892,41,17272,9538,0,7698,36,17272,-3019670,10180,2997065,12425,0,21231505,10180,22567135,104045,43912865,24251175,0,19570070,91620,43912865
2023-11-02,2550,2575,2535,2570,21141,0.7843137254901961,-10028,4,5608,4416,0,7169,4,8884,5084,21141,17197,0,3276,668,21141,-25656175,10260,14332575,11313340,0,18292100,10260,22721610,13030105,54054075,43948275,0,8389035,1716765,54054075
2023-11-03,2585,2680,2530,2620,125959,1.9455252918287937,-13056,38,-20427,33445,0,31991,38,57749,36181,125959,45047,0,78176,2736,125959,-34062205,101010,-53673620,87634815,0,84742920,101010,150977715,94711855,330533500,118805125,0,204651335,7077040,330533500
2023-11-06,2650,2670,2600,2600,76635,-0.7633587786259541,-30670,-148,41398,-10580,0,15388,215,60169,863,76635,46058,363,18771,11443,76635,-80080320,-386645,108228220,-27761255,0,40288450,564415,157402645,2251925,200507435,120368770,951060,49174425,30013180,200507435
2023-11-07,2640,2640,2495,2550,98650,-1.9230769230769231,-471,-12061,26962,-14430,0,23459,0,74005,1186,98650,23930,12061,47043,15616,98650,-644330,-30215295,67584935,-36725310,0,59674395,0,188239110,2982350,250895855,60318725,30215295,120654175,39707660,250895855
2023-11-08,2545,2545,2490,2510,62851,-1.5686274509803921,-6852,0,11841,-4989,0,15118,0,47583,150,62851,21970,0,35742,5139,62851,-17043165,0,29517835,-12474670,0,37844960,0,118967490,375250,157187700,54888125,0,89449655,12849920,157187700
2023-11-09,2510,2510,2435,2460,100600,-1.9920318725099602,-2038,0,6719,-4681,0,27445,0,72431,724,100600,29483,0,65712,5405,100600,-5067045,0,16647075,-11580030,0,67252245,0,177925290,1788815,246966350,72319290,0,161278215,13368845,246966350
2023-11-10,2450,2455,2420,2430,70428,-1.2195121951219512,9891,-24331,6418,8022,0,13547,0,47811,9070,70428,3656,24331,41393,1048,70428,24024155,-59408365,15771895,19612315,0,32935555,0,116461565,22169765,171566885,8911400,59408365,100689670,2557450,171566885
2023-11-13,2430,2480,2345,2375,159707,-2.263374485596708,-24685,2000,25831,-3146,0,26465,2000,125062,6180,159707,51150,0,99231,9326,159707,-59038215,4740000,61573785,-7275570,0,62620000,4740000,296937295,14936170,379233465,121658215,0,235363510,22211740,379233465
2023-11-14,2380,2380,2340,2370,138467,-0.21052631578947367,39,13225,-24083,10819,0,28260,13225,85964,11018,138467,28221,0,110047,199,138467,2000,31078830,-56650690,25569860,0,66716625,31078830,203060585,26040330,326896370,66714625,0,259711275,470470,326896370
2023-11-15,2385,2435,2370,2405,125962,1.4767932489451476,11763,-6714,-44369,39320,0,35471,2286,48660,39545,125962,23708,9000,93029,225,125962,28379790,-16127045,-106540980,94288235,0,85308480,5497830,116874450,94828140,302508900,56928690,21624875,223415430,539905,302508900
2023-11-16,2415,2415,2360,2370,93927,-1.4553014553014554,-22824,0,33611,-10787,0,9644,0,77903,6380,93927,32468,0,44292,17167,93927,-53968200,0,79514715,-25546515,0,22886850,0,184699420,15120505,222706775,76855050,0,105184705,40667020,222706775
2023-11-17,2375,2405,2365,2380,77310,0.42194092827004215,-14101,0,-7748,21849,0,13029,0,42352,21929,77310,27130,0,50100,80,77310,-33495035,0,-18371735,51866770,0,31025485,0,100714445,52057720,183797650,64520520,0,119086180,190950,183797650
2023-11-20,2390,2440,2380,2440,125869,2.5210084033613445,8272,2007,-66894,56615,0,36804,2007,30257,56801,125869,28532,0,97151,186,125869,19862340,4836855,-160981250,136282055,0,88636510,4836855,72973620,136730435,303177420,68774170,0,233954870,448380,303177420
2023-11-21,2440,2445,2415,2420,115522,-0.819672131147541,3556,-10097,-7812,14353,0,41232,1010,55062,18218,115522,37676,11107,62874,3865,115522,8807445,-24527260,-19138030,34857845,0,100181350,2454250,133614770,44258860,280509230,91373905,26981510,152752800,9401015,280509230
2023-11-22,2420,2435,2405,2430,44163,0.4132231404958678,-20159,0,11057,9102,0,14620,0,18779,10764,44163,34779,0,7722,1662,44163,-48711475,0,26661650,22049825,0,35400450,0,45378945,26063605,106843000,84111925,0,18717295,4013780,106843000
2023-11-23,2445,2540,2440,2510,131401,3.292181069958848,-5018,3372,-12843,14489,0,43618,3372,67307,17104,131401,48636,0,80150,2615,131401,-11885955,8395995,-32374900,35864860,0,109259890,8395995,167164725,42444075,327264685,121145845,0,199539625,6579215,327264685
2023-11-24,2510,2520,2485,2520,35084,0.398406374501992,-16260,0,16298,-38,0,4660,0,28301,2123,35084,20920,0,12003,2161,35084,-40757755,0,40852585,-94830,0,11676100,0,70960365,5320820,87957285,52433855,0,30107780,5415650,87957285
2023-11-27,2520,2550,2500,2550,60915,1.1904761904761905,-15393,-4000,11269,8124,0,10168,0,39206,11541,60915,25561,4000,27937,3417,60915,-38817980,-10080000,28273520,20624460,0,25612785,0,98717905,29200465,153531155,64430765,10080000,70444385,8576005,153531155
2023-11-28,2550,2550,2525,2545,34558,-0.19607843137254902,-20433,0,15834,4599,0,3768,0,26018,4772,34558,24201,0,10184,173,34558,-51716505,0,40076445,11640060,0,9523925,0,65871425,12077990,87473340,61240430,0,25794980,437930,87473340
2023-11-29,2560,2585,2540,2550,64328,0.19646365422396855,-12984,9,32288,-19313,0,2296,9,60787,1236,64328,15280,0,28499,20549,64328,-33065920,22950,82155980,-49113010,0,5847490,22950,154731310,3151830,163753580,38913410,0,72575330,52264840,163753580
2023-11-30,2575,2575,2530,2545,36980,-0.19607843137254902,1081,0,19033,-20114,0,1285,0,34576,1119,36980,204,0,15543,21233,36980,2737740,0,48479310,-51217050,0,3257470,0,87934295,2839150,94030915,519730,0,39454985,54056200,94030915
2023-12-01,2545,2545,2505,2505,27434,-1.5717092337917484,2279,0,886,-3165,0,3889,0,22603,942,27434,1610,0,21717,4107,27434,5747755,0,2214560,-7962315,0,9794230,0,56856815,2363105,69014150,4046475,0,54642255,10325420,69014150
2023-12-04,2475,2500,2385,2480,196837,-0.998003992015968,15093,114,-88551,73344,0,27679,2644,87428,79086,196837,12586,2530,175979,5742,196837,37426800,246045,-217195800,179522955,0,68686820,6545715,216234635,193707880,485175050,31260020,6299670,433430435,14184925,485175050
2023-12-05,2480,2485,2440,2480,116197,0.0,-13210,0,9870,3340,0,36907,0,65120,14170,116197,50117,0,55250,10830,116197,-32377150,0,24243125,8134025,0,90753700,0,159992640,34790815,285537155,123130850,0,135749515,26656790,285537155
2023-12-06,2480,2480,2410,2460,192044,-0.8064516129032258,4390,0,-9732,5342,0,16380,0,154574,21090,192044,11990,0,164306,15748,192044,10686875,0,-23949640,13262765,0,40067105,0,377200090,51660820,468928015,29380230,0,401149730,38398055,468928015
2023-12-07,2460,2510,2455,2495,165239,1.4227642276422763,-30553,0,-13591,44144,0,47141,0,73938,44160,165239,77694,0,87529,16,165239,-75747960,0,-33671980,109419940,0,116797060,0,183302295,109459810,409559165,192545020,0,216974275,39870,409559165
2023-12-08,2495,2530,2495,2525,101255,1.2024048096192386,-10928,4000,-18435,25363,0,24149,4000,47426,25680,101255,35077,0,65861,317,101255,-27362755,10060000,-46474030,63776785,0,60680310,10060000,119133605,64569250,254443165,88043065,0,165607635,792465,254443165
2023-12-11,2530,2585,2520,2580,113964,2.178217821782178,21083,0,-45579,24496,0,31446,0,57184,25334,113964,10363,0,102763,838,113964,53751955,0,-116513715,62761760,0,80322985,0,146483815,64890445,291697245,26571030,0,262997530,2128685,291697245
2023-12-12,2580,2625,2570,2620,94559,1.550387596899225,1321,1001,5900,-8222,0,17855,1001,69265,6438,94559,16534,0,63365,14660,94559,3398535,2613065,15313565,-21325165,0,46427300,2613065,180250080,16799195,246089640,43028765,0,164936515,38124360,246089640
2023-12-13,2620,2630,2585,2620,60451,0.0,-12567,100,20352,-7885,0,8655,100,47172,4524,60451,21222,0,26820,12409,60451,-32704475,261500,53189140,-20746165,0,22550435,261500,123334430,11719920,157866285,55254910,0,70145290,32466085,157866285
2023-12-14,2630,2675,2630,2675,131531,2.099236641221374,7158,0,-21886,14728,0,36985,0,78282,16264,131531,29827,0,100168,1536,131531,19078725,0,-58339270,39260545,0,98602585,0,208692605,43354995,350650185,79523860,0,267031875,4094450,350650185
2023-12-15,2675,2780,2675,2750,168476,2.803738317757009,-10447,-10306,2466,18287,0,23190,694,100529,44063,168476,33637,11000,98063,25776,168476,-28669915,-28399090,7480455,49588550,0,63576620,1910910,274755510,120488485,460731525,92246535,30310000,267275055,70899935,460731525
2023-12-18,2770,2800,2670,2680,143811,-2.5454545454545454,-13097,4415,64445,-55763,0,18950,4415,120445,1,143811,32047,0,56000,55764,143811,-36206195,11936145,176673620,-152403570,0,51531295,11936145,329956375,2690,393426505,87737490,0,153282755,152406260,393426505
2023-12-19,2690,2705,2640,2695,1769455,0.5597014925373134,-1696763,5000,1690,1690073,0,25488,5000,34083,1704884,1769455,1722251,0,32393,14811,1769455,-3954020135,13476155,4371650,3936172330,0,68420580,13476155,91328565,3975848070,4149073370,4022440715,0,86956915,39675740,4149073370
2023-12-20,2695,2725,2690,2720,110826,0.927643784786642,20900,500,38166,-59566,0,44980,500,63731,1615,110826,24080,0,25565,61181,110826,56737425,1357500,103218210,-161313135,0,121915760,1357500,172528000,4381575,300182835,65178335,0,69309790,165694710,300182835
2023-12-21,2720,2765,2710,2755,99177,1.2867647058823528,1351,0,9419,-10770,0,9783,0,50163,39231,99177,8432,0,40744,50001,99177,3652025,0,25842535,-29494560,0,26828565,0,137481710,107602650,271912925,23176540,0,111639175,137097210,271912925
2023-12-22,2795,2795,2720,2720,127691,-1.2704174228675136,40269,-41316,67306,-66259,0,43744,100,81555,2292,127691,3475,41416,14249,68551,127691,110171965,-112958440,184598820,-181812345,0,119745190,272000,223591340,6267150,349875680,9573225,113230440,38992520,188079495,349875680
2023-12-26,2710,2725,2660,2695,120317,-0.9191176470588236,1844,-5029,52250,-49065,0,14471,0,98382,7464,120317,12627,5029,46132,56529,120317,4820375,-13527865,140984770,-132277280,0,38893140,0,264958115,20064795,323916050,34072765,13527865,123973345,152342075,323916050
2023-12-27,2680,2700,2650,2685,81495,-0.3710575139146568,19831,110,-1999,-17942,0,29913,110,48553,2919,81495,10082,0,50552,20861,81495,53067520,292700,-5431710,-47928510,0,79861290,292700,129328975,7768690,217251655,26793770,0,134760685,55697200,217251655
2023-12-28,2680,2720,2650,2700,81275,0.5586592178770949,37576,2731,2973,-43280,0,49120,2731,17870,11554,81275,11544,0,14897,54834,81275,101340035,7373600,8059175,-116772810,0,132362080,7373600,48205930,31094570,219036180,31022045,0,40146755,147867380,219036180
2024-01-02,2700,2770,2700,2765,221823,2.4074074074074074,3103,-5571,33628,-31160,0,56525,0,94904,70394,221823,53422,5571,61276,101554,221823,8509035,-15363185,91933525,-85079375,0,154976595,0,259827875,193160470,607964940,146467560,15363185,167894350,278239845,607964940
2024-01-03,2765,2775,2740,2760,145029,-0.18083182640144665,39831,200,35351,-75382,0,44275,200,68842,31712,145029,4444,0,33491,107094,145029,109858165,551000,97487225,-207896390,0,122133050,551000,189856030,87614240,400154320,12274885,0,92368805,295510630,400154320
2024-01-04,2760,2770,2735,2745,174814,-0.5434782608695652,21280,100,132346,-153726,0,27753,100,146916,45,174814,6473,0,14570,153771,174814,58422825,275500,363825200,-422523525,0,76237845,275500,403930010,123890,480567245,17815020,0,40104810,422647415,480567245
2024-01-05,2730,2735,2700,2715,145227,-1.092896174863388,32190,2908,72724,-107822,0,34714,2908,106552,1053,145227,2524,0,33828,108875,145227,87268115,7895185,196891750,-292055050,0,94111175,7895185,288565275,2873880,393445515,6843060,0,91673525,294928930,393445515
2024-01-08,2715,2745,2715,2745,222457,1.1049723756906076,37148,200,30309,-67657,0,48195,200,81952,92110,222457,11047,0,51643,159767,222457,101485605,546500,82167025,-184199130,0,131704960,546500,223124135,251658705,607034300,30219355,0,140957110,435857835,607034300
2024-01-09,2750,2790,2740,2790,285095,1.639344262295082,62329,3,65119,-127451,0,89023,3,112359,83710,285095,26694,0,47240,211161,285095,172572220,8340,178387970,-350968530,0,246393800,8340,309180685,231686295,787269120,73821580,0,130792715,582654825,787269120
2024-01-10,2790,2790,2745,2755,139109,-1.2544802867383513,8304,-13668,94622,-89258,0,15310,1324,118731,3744,139109,7006,14992,24109,93002,139109,22929980,-37798980,261708935,-246839935,0,42300125,3652740,328315985,10335570,384604420,19370145,41451720,66607050,257175505,384604420
2024-01-11,2740,2790,2740,2775,211699,0.7259528130671506,48055,-1086,123541,-170510,0,51068,1200,146247,13184,211699,3013,2286,22706,183694,211699,133039225,-2993430,339918060,-469963855,0,141366235,3304500,402627870,36462735,583761340,8327010,6297930,62709810,506426590,583761340
2024-01-12,2775,2810,2745,2765,98684,-0.36036036036036034,29154,1952,36926,-68032,0,34510,1952,58210,4012,98684,5356,0,21284,72044,98684,80414815,5386520,102215345,-188016680,0,95163390,5386520,161176210,11077755,272803875,14748575,0,58960865,199094435,272803875
2024-01-15,2790,2790,2740,2750,107068,-0.5424954792043399,26708,945,58435,-86088,0,27350,945,78759,14,107068,642,0,20324,86102,107068,73510925,2594750,160625225,-236730900,0,75276030,2594750,216472475,38520,294381775,1765105,0,55847250,236769420,294381775
2024-01-16,2740,2755,2695,2710,129380,-1.4545454545454546,27690,1167,66891,-95748,0,30418,1367,91387,6208,129380,2728,200,24496,101956,129380,75355090,3177240,181855325,-260387655,0,82783880,3721240,248626460,16963210,352094790,7428790,544000,66771135,277350865,352094790
2024-01-17,2700,2730,2610,2645,137467,-2.3985239852398523,16928,-299,31294,-47923,0,35416,1701,82881,17469,137467,18488,2000,51587,65392,137467,44501280,-782120,83088460,-126807620,0,93482985,4474590,219073515,46318310,363349400,48981705,5256710,135985055,173125930,363349400
2024-01-18,2640,2645,2620,2635,59826,-0.3780718336483932,-23656,759,32949,-10052,0,6126,759,44649,8292,59826,29782,0,11700,18344,59826,-62228890,2003760,86677655,-26452525,0,16141765,2003760,117492560,21806675,157444760,78370655,0,30814905,48259200,157444760
2024-01-19,2635,2675,2635,2650,79767,0.5692599620493358,-155,100,36903,-36848,0,12337,100,53971,13359,79767,12492,0,17068,50207,79767,-336760,265000,97937760,-97866000,0,32799015,265000,143318455,35538640,211921110,33135775,0,45380695,133404640,211921110
2024-01-22,2650,2690,2640,2660,85742,0.37735849056603776,-2385,3768,7543,-8926,0,30436,3768,37251,14287,85742,32821,0,29708,23213,85742,-6385290,10041720,20131665,-23788095,0,81027905,10041720,99241340,38063505,228374470,87413195,0,79109675,61851600,228374470
2024-01-23,2660,2675,2650,2660,98111,0.0,-1418,100,46164,-44846,0,25049,100,64773,8189,98111,26467,0,18609,53035,98111,-3800065,265500,122808875,-119274310,0,66650925,265500,172314200,21782115,261012740,70450990,0,49505325,141056425,261012740
2024-01-24,2675,2675,2640,2655,108940,-0.18796992481203006,1878,0,50314,-52192,0,35161,0,66969,6810,108940,33283,0,16655,59002,108940,5007370,0,133619985,-138627355,0,93366140,0,177840240,18040835,289247215,88358770,0,44220255,156668190,289247215
2024-01-25,2655,2675,2645,2655,106426,0.0,35868,5,13852,-49725,0,45224,5,50629,10568,106426,9356,0,36777,60293,106426,95118405,13250,36634475,-131766130,0,119935365,13250,134181745,28028805,282159165,24816960,0,97547270,159794935,282159165
2024-01-26,2650,2710,2650,2700,127990,1.694915254237288,-17861,0,-13973,31834,0,12970,0,32741,82279,127990,30831,0,46714,50445,127990,-48303570,0,-37555700,85859270,0,34874650,0,88097420,221503745,344475815,83178220,0,125653120,135644475,344475815
2024-01-29,2700,2720,2685,2685,94726,-0.5555555555555556,17603,100,57863,-75566,0,24096,100,70444,86,94726,6493,0,12581,75652,94726,47300960,269500,155852610,-203423070,0,64823100,269500,189819155,232710,255144465,17522140,0,33966545,203655780,255144465
2024-01-30,2685,2725,2685,2695,151135,0.37243947858473,32380,0,29900,-62280,0,47571,0,64239,39325,151135,15191,0,34339,101605,151135,87583245,0,80507375,-168090620,0,128679810,0,173367100,106348380,408395290,41096565,0,92859725,274439000,408395290
2024-01-31,2700,2700,2675,2700,96269,0.1855287569573284,-19226,1087,23682,-5543,0,16057,1087,54379,24746,96269,35283,0,30697,30289,96269,-51277180,2924160,63620345,-15267325,0,43225735,2924160,146061995,66200320,258412210,94502915,0,82441650,81467645,258412210
2024-02-01,2700,2780,2695,2770,161818,2.5925925925925926,-50532,50,-5621,56103,0,15049,50,88581,58138,161818,65581,0,94202,2035,161818,-139067680,135500,-15665815,154597995,0,41364185,135500,244061170,160113535,445674390,180431865,0,259726985,5515540,445674390
2024-02-02,2770,2830,2755,2830,103631,2.166064981949458,29515,-104,-28536,-875,0,42374,15,50075,11167,103631,12859,119,78611,12042,103631,82688585,-293210,-79763240,-2632135,0,118589710,41775,140301940,31197125,290130550,35901125,334985,220065180,33829260,290130550
2024-02-05,2830,2905,2800,2900,144968,2.4734982332155475,-3282,2336,-12031,12977,0,20131,2336,106913,15588,144968,23413,0,118944,2611,144968,-9559040,6751795,-34300160,37107405,0,57625425,6751795,306166445,44517700,415061365,67184465,0,340466605,7410295,415061365
2024-02-06,2895,2900,2860,2880,94021,-0.6896551724137931,10373,4169,34863,-49405,0,22148,4169,67200,504,94021,11775,0,32337,49909,94021,29970785,12049700,100341260,-142361745,0,63902190,12049700,193648205,1452555,271052650,33931405,0,93306945,143814300,271052650
2024-02-07,2885,2930,2860,2930,114835,1.7361111111111112,36040,800,-13268,-23572,0,48068,800,55429,10538,114835,12028,0,68697,34110,114835,104897680,2321500,-38903755,-68315425,0,139790350,2321500,160362145,30474465,332948460,34892670,0,199265900,98789890,332948460
2024-02-08,2930,2930,2900,2925,91009,-0.17064846416382254,6834,1200,9945,-17979,0,22426,1200,61091,6292,91009,15592,0,51146,24271,91009,20021735,3508500,28980130,-52510365,0,65517590,3508500,178293600,18364300,265683990,45495855,0,149313470,70874665,265683990
2024-02-13,2935,2980,2900,2970,118304,1.5384615384615385,1167,-998,-33443,33274,0,27613,2,51173,39516,118304,26446,1000,84616,6242,118304,3711115,-2964130,-98857990,98111005,0,81392495,5870,150795965,116387455,348581785,77681380,2970000,249653955,18276450,348581785
2024-02-14,2925,2985,2925,2960,140489,-0.33670033670033667,32025,-1102,5418,-36341,0,45345,0,82486,12658,140489,13320,1102,77068,48999,140489,94652165,-3278450,15883175,-107256890,0,134203225,0,243986365,37486215,415675805,39551060,3278450,228103190,144743105,415675805
2024-02-15,2990,2990,2925,2940,68288,-0.6756756756756757,40,440,37471,-37951,0,11753,440,56091,4,68288,11713,0,18620,37955,68288,101675,1298700,110342595,-111742970,0,34561290,1298700,165166020,11810,201037820,34459615,0,54823425,111754780,201037820
2024-02-16,2940,2970,2885,2960,132116,0.6802721088435374,35103,0,-30229,-4874,0,56420,0,59065,16631,132116,21317,0,89294,21505,132116,103361130,0,-88915140,-14445990,0,166126010,0,172702990,48784535,387613535,62764880,0,261618130,63230525,387613535
2024-02-19,2955,3025,2930,3005,145472,1.5202702702702704,11080,-2000,-63874,54794,0,42282,0,37924,65266,145472,31202,2000,101798,10472,145472,33815790,-5940000,-190530575,162654785,0,126776325,0,112862940,194011755,433651020,92960535,5940000,303393515,31356970,433651020
2024-02-20,3015,3020,2950,2990,54848,-0.49916805324459235,1742,3674,12560,-17976,0,6494,3674,44513,167,54848,4752,0,31953,18143,54848,5181985,11010980,37525090,-53718055,0,19402920,11010980,133142595,498080,164054575,14220935,0,95617505,54216135,164054575
2024-02-21,2990,2995,2955,2985,67188,-0.16722408026755853,-1570,400,30876,-29706,0,7546,400,54136,5106,67188,9116,0,23260,34812,67188,-4650225,1186500,91659125,-88195400,0,22419520,1186500,160821130,15192275,199619425,27069745,0,69162005,103387675,199619425
2024-02-22,2985,3030,2950,3015,80828,1.0050251256281406,3225,-1000,-20263,18038,0,19534,0,32078,29216,80828,16309,1000,52341,11178,80828,9794125,-3013000,-61284970,54503845,0,58800915,0,95741195,87827250,242369360,49006790,3013000,157026165,33323405,242369360
2024-02-23,3015,3080,2985,3050,85361,1.1608623548922055,-6848,106,4170,2572,0,5542,106,64162,15551,85361,12390,0,59992,12979,85361,-20759695,320530,12739205,7699960,0,16731135,320530,195012970,47177645,259242280,37490830,0,182273765,39477685,259242280
2024-02-26,3050,3070,3020,3040,90964,-0.32786885245901637,6902,-1671,1356,-6587,0,13146,500,55375,21943,90964,6244,2171,54019,28530,90964,20951730,-5092650,4112555,-19971635,0,39918160,1516500,168216920,66631205,276282785,18966430,6609150,164104365,86602840,276282785
2024-02-27,3040,3040,3010,3015,50497,-0.8223684210526315,311,-9450,17807,-8668,0,7824,800,36453,5420,50497,7513,10250,18646,14088,50497,931015,-28581735,53812935,-26162215,0,23624190,2419000,110169135,16394220,152606545,22693175,31000735,56356200,42556435,152606545
2024-02-28,3030,3045,3005,3030,37271,0.4975124378109453,5042,-7003,617,1344,0,10519,1,19182,7569,37271,5477,7004,18565,6225,37271,15174835,-21204010,1881140,4148035,0,31733470,3030,58044215,22933545,112714260,16558635,21207040,56163075,18785510,112714260
2024-02-29,3020,3060,3020,3045,63423,0.49504950495049505,-485,-4571,-2267,7323,0,6622,429,44148,12224,63423,7107,5000,46415,4901,63423,-1501155,-13858985,-6960020,22320160,0,20111720,1301015,134413965,37232425,193059125,21612875,15160000,141373985,14912265,193059125
2024-03-04,3045,3135,3045,3130,144017,2.7914614121510675,-10268,-1000,-72004,83272,0,11612,0,45543,86862,144017,21880,1000,117547,3590,144017,-31776525,-3105000,-223502890,258384415,0,36081240,0,141064275,269423190,446568705,67857765,3105000,364567165,11038775,446568705
2024-03-05,3110,3240,3110,3235,236206,3.3546325878594248,-80206,-826,-1118,82150,0,16255,318,129257,90376,236206,96461,1144,130375,8226,236206,-255146340,-2647320,-3524130,261317790,0,51860655,1004940,412533025,287803580,753202200,307006995,3652260,416057155,26485790,753202200
2024-03-06,3240,3345,3190,3345,226396,3.400309119010819,18465,6471,-28481,3545,0,69829,18670,96189,41708,226396,51364,12199,124670,38163,226396,61770950,21700670,-94858205,11386585,0,230096290,62211350,314147740,136319750,742775130,168325340,40510680,409005945,124933165,742775130
2024-03-07,3345,3390,3270,3300,234523,-1.345291479820628,11856,6508,62635,-80999,0,45035,6909,160105,22474,234523,33179,401,97470,103473,234523,40224960,21837985,207501595,-269564540,0,149789515,23165295,532064135,74618245,779637190,109564555,1327310,324562540,344182785,779637190
2024-03-08,3325,3345,3270,3325,103934,0.7575757575757576,-4478,-7045,4273,7250,0,11761,600,72139,19434,103934,16239,7645,67866,12184,103934,-14830820,-23368220,14070185,24128855,0,38718335,1970000,237277905,64273425,342239665,53549155,25338220,223207720,40144570,342239665
2024-03-11,3330,3415,3325,3390,145796,1.954887218045113,-9540,-8900,-23524,41964,0,19770,100,70687,55239,145796,29310,9000,94211,13275,145796,-31618920,-30053745,-79400665,141073330,0,66858985,332500,238933145,185953435,492078065,98477905,30386245,318333810,44880105,492078065
2024-03-12,3390,3450,3335,3360,289633,-0.8849557522123894,24260,21050,6190,-51500,0,45403,27051,179556,37623,289633,21143,6001,173366,89123,289633,82616400,71902480,19907710,-174426590,0,154020430,92445875,608151320,127354130,981971755,71404030,20543395,588243610,301780720,981971755
2024-03-13,3375,3375,3320,3335,87301,-0.744047619047619,-884,-1264,27706,-25558,0,14792,400,67387,4722,87301,15676,1664,39681,30280,87301,-2866890,-4231040,92474560,-85376630,0,49422415,1335000,225048200,15814070,291619685,52289305,5566040,132573640,101190700,291619685
2024-03-14,3375,3375,3335,3355,68416,0.5997001499250375,8826,-1000,-951,-6875,0,18677,0,41655,8084,68416,9851,1000,42606,14959,68416,29515800,-3345000,-3208200,-22962600,0,62442780,0,139230480,27026850,228700110,32926980,3345000,142438680,49989450,228700110
2024-03-15,3340,3370,3330,3350,56530,-0.14903129657228018,1555,-1236,-1483,1164,0,12816,100,37021,6593,56530,11261,1336,38504,5429,56530,5158935,-4147280,-4944010,3932355,0,42875180,335000,124003260,22096745,189310185,37716245,4482280,128947270,18164390,189310185
2024-03-18,3350,3350,3125,3270,354223,-2.3880597014925375,27375,6936,40356,-74667,0,108077,6936,201350,37860,354223,80702,0,160994,112527,354223,89076965,22573560,131659205,-243309730,0,350081405,22573560,648458845,121695845,1142809655,261004440,0,516799640,365005575,1142809655
2024-03-19,3270,3315,3195,3305,150515,1.0703363914373087,7200,-100,18246,-25346,0,51066,0,75502,23947,150515,43866,100,57256,49293,150515,24820135,-330500,58217485,-82707120,0,166981100,0,243462200,78104475,488547775,142160965,330500,185244715,160811595,488547775
2024-03-20,3305,3320,3250,3300,32507,-0.15128593040847202,2983,-1000,3248,-5231,0,7166,0,19745,5596,32507,4183,1000,16497,10827,32507,9868170,-3293875,10680240,-17254535,0,23608205,0,65020340,18470195,107098740,13740035,3293875,54340100,35724730,107098740
2024-03-21,3300,3385,3295,3365,158413,1.9696969696969695,23087,-6251,-70466,53630,0,34505,1000,59054,63854,158413,11418,7251,129520,10224,158413,77447355,-20904640,-235393535,178850820,0,115751675,3330000,196893705,213217515,529192895,38304320,24234640,432287240,34366695,529192895
2024-03-22,3350,3385,3350,3370,29070,0.1485884101040119,-2547,100,-5191,7638,0,7110,100,13564,8296,29070,9657,0,18755,658,29070,-8612990,337000,-17486570,25762560,0,23949410,337000,45723175,27979555,97989140,32562400,0,63209745,2216995,97989140
2024-03-25,3375,3425,3355,3400,110314,0.8902077151335311,-16000,4596,-2094,13498,0,28846,6596,51128,23744,110314,44846,2000,53222,10246,110314,-54184985,15516810,-7332295,46000470,0,98042890,22356810,173584085,80807680,374791465,152227875,6840000,180916380,34807210,374791465
2024-03-26,3400,3440,3385,3425,161820,0.7352941176470588,28459,1100,-73862,44303,0,45768,1100,52341,62611,161820,17309,0,126203,18308,161820,97070050,3730000,-252046595,151246545,0,156168685,3730000,178209640,213678315,551786640,59098635,0,430256235,62431770,551786640
2024-03-27,3430,3430,3345,3380,200332,-1.313868613138686,68291,5181,5020,-78492,0,84677,5181,108175,2299,200332,16386,0,103155,80791,200332,230574730,17559970,17148340,-265283040,0,286012165,17559970,365391220,7734680,676698035,55437435,0,348242880,273017720,676698035
2024-03-28,3300,3330,3255,3320,197250,-1.7751479289940828,49946,-734,22437,-71649,0,79038,1065,98676,18471,197250,29092,1799,76239,90120,197250,164675145,-2474380,73681865,-235882630,0,260728780,3482550,324833495,60922385,649967210,96053635,5956930,251151630,296805015,649967210
2024-03-29,3335,3335,3255,3305,84826,-0.4518072289156626,25263,1240,4534,-31037,0,32771,1340,45150,5565,84826,7508,100,40616,36602,84826,83244845,4049795,14860805,-102155445,0,107989865,4381795,148503885,18419100,279294645,24745020,332000,133643080,120574545,279294645
2024-04-01,3310,3310,3260,3300,101955,-0.15128593040847202,36943,3699,-38207,-2435,0,55318,3999,34032,8606,101955,18375,300,72239,11041,101955,121033290,12167210,-125144855,-8055645,0,181226345,13156710,111565965,28202855,334151875,60193055,989500,236710820,36258500,334151875
2024-04-02,3300,3300,3240,3290,113122,-0.30303030303030304,60624,1535,-63693,1534,0,69463,2235,34229,7195,113122,8839,700,97922,5661,113122,198416720,4940495,-208441725,5084510,0,227356590,7241495,111867175,23556805,370022065,28939870,2301000,320308900,18472295,370022065
2024-04-03,3255,3290,3230,3285,90493,-0.1519756838905775,536,51172,-48224,-3484,0,6723,51922,30118,1730,90493,6187,750,78342,5214,90493,1811025,167579540,-158005875,-11384690,0,21956880,170034290,98148155,5620075,295759400,20145855,2454750,256154030,17004765,295759400
2024-04-04,3255,3285,3230,3270,79780,-0.45662100456621,4490,-2866,-3656,2032,0,25858,310,47870,5742,79780,21368,3176,51526,3710,79780,14507150,-9304795,-11831700,6629345,0,84047185,1018070,155526885,18679735,259271875,69540035,10322865,167358585,12050390,259271875
2024-04-05,3240,3265,3140,3200,167334,-2.1406727828746175,23277,3585,-24562,-2300,0,72783,3685,80013,10853,167334,49506,100,104575,13153,167334,74855835,11519860,-78565410,-7810285,0,233159765,11843360,254654715,34542845,534200685,158303930,323500,333220125,42353130,534200685
2024-04-08,3245,3245,3115,3130,128507,-2.1875,5444,1139,-28597,22014,0,19340,1139,77990,30038,128507,13896,0,106587,8024,128507,17322305,3562115,-89504400,68619980,0,60927390,3562115,244624310,93727310,402841125,43605085,0,334128710,25107330,402841125
2024-04-09,3130,3130,2995,3050,375601,-2.5559105431309903,6844,3929,-167194,156421,0,36506,4030,143895,191170,375601,29662,101,311089,34749,375601,20741520,11961090,-501801820,469099210,0,110894385,12269125,436997760,574950415,1135111685,90152865,308035,938799580,105851205,1135111685
2024-04-11,3010,3100,2965,3070,96781,0.6557377049180327,11028,-494,-19309,8775,0,28156,6,33576,35043,96781,17128,500,52885,26268,96781,34367270,-1522900,-58470050,25625680,0,86372240,18220,101171595,105622425,293184480,52004970,1541120,159641645,79996745,293184480
2024-04-12,3090,3100,3015,3060,58991,-0.32573289902280134,-789,2873,27974,-30058,0,9835,3173,44288,1695,58991,10624,300,16314,31753,58991,-2435350,8780795,85377185,-91722630,0,29921190,9697295,135097905,5115330,179831720,32356540,916500,49720720,96837960,179831720
2024-04-15,3060,3090,3015,3070,65998,0.32679738562091504,10216,-411,-8557,-1248,0,28307,39,30620,7032,65998,18091,450,39177,8280,65998,31359170,-1259660,-26262065,-3837445,0,86639010,119340,93402690,21467245,201628285,55279840,1379000,119664755,25304690,201628285
2024-04-16,3100,3100,2980,3000,84414,-2.2801302931596092,2116,405,28119,-30640,0,16906,405,66457,646,84414,14790,0,38338,31286,84414,6383055,1219995,84716975,-92320025,0,50854560,1219995,199992955,1963325,254030835,44471505,0,115275980,94283350,254030835
2024-04-17,3075,3075,2925,2955,116503,-1.5,-1945,3003,31511,-32569,0,18022,3303,92484,2694,116503,19967,300,60973,35263,116503,-5588085,8869815,92650140,-95931870,0,53339000,9754315,272844535,8028350,343966200,58927085,884500,180194395,103960220,343966200
2024-04-18,2990,2990,2960,2975,29621,0.676818950930626,4086,100,1188,-5374,0,5642,500,22152,1327,29621,1556,400,20964,6701,29621,12128590,295000,3544325,-15967915,0,16747265,1485000,65851500,3942280,88026045,4618675,1190000,62307175,19910195,88026045
2024-04-19,3015,3015,2910,2935,94416,-1.3445378151260505,-29709,-103,23029,6783,0,9661,222,64819,19714,94416,39370,325,41790,12931,94416,-86694180,-284240,67378170,19600250,0,28332110,663780,189952275,57619825,276567990,115026290,948020,122574105,38019575,276567990
2024-04-22,2960,2970,2925,2965,58295,1.0221465076660987,-8028,16941,-12273,3360,0,7670,17141,21654,11830,58295,15698,200,33927,8470,58295,-23351360,50149235,-36507875,9710000,0,22670160,50741235,63903750,34738360,172053505,46021520,592000,100411625,25028360,172053505
2024-04-23,2965,3050,2965,3050,39490,2.866779089376054,-9865,76,-4125,13914,0,5755,276,18065,15394,39490,15620,200,22190,1480,39490,-29805370,225720,-12336345,41915995,0,17247900,831220,54578555,46359570,119017245,47053270,605500,66914900,4443575,119017245
2024-04-24,3050,3080,3035,3055,36259,0.16393442622950818,-6657,-107,14113,-7349,0,6042,3,27994,2220,36259,12699,110,13881,9569,36259,-20313945,-328920,43063690,-22420825,0,18436125,9180,85464825,6775655,110685785,38750070,338100,42401135,29196480,110685785
2024-04-25,3055,3110,3055,3100,37551,1.4729950900163666,-15977,-106,7986,8097,0,1202,1,25556,10792,37551,17179,107,17570,2695,37551,-49489185,-328110,24714195,25103100,0,3717165,3090,79025730,33413980,116159965,53206350,331200,54311535,8310880,116159965
2024-04-26,3100,3125,3070,3095,31951,-0.16129032258064516,356,-297,5317,-5376,0,5050,3,20211,6687,31951,4694,300,14894,12063,31951,1081625,-918740,16437555,-16600440,0,15608990,9260,62522140,20665385,98805775,14527365,928000,46084585,37265825,98805775
2024-04-29,3095,3095,3050,3075,25621,-0.6462035541195477,1740,4,-2489,745,0,2304,4,15403,7910,25621,564,0,17892,7165,25621,5342795,12380,-7552325,2197150,0,7073265,12380,47341775,24241580,78669000,1730470,0,54894100,22044430,78669000
2024-04-30,3110,3110,3020,3055,53497,-0.6504065040650406,4206,-53,8740,-12893,0,11550,247,40415,1285,53497,7344,300,31675,14178,53497,12785720,-146830,26773610,-39412500,0,35094920,768170,123238265,3920630,163021985,22309200,915000,96464655,43333130,163021985
2024-05-02,3055,3090,3010,3055,47128,0.0,-9219,8,4206,5005,0,6920,8,29789,10411,47128,16139,0,25583,5406,47128,-27920005,24120,12692585,15203300,0,20950305,24120,90144000,31601030,142719455,48870310,0,77451415,16397730,142719455
2024-05-03,3045,3130,3045,3110,61252,1.800327332242226,-641,-144,-16174,16959,0,10509,342,29113,21288,61252,11150,486,45287,4329,61252,-2232790,-440140,-50050595,52723525,0,32340110,1065320,90332080,66167410,189904920,34572900,1505460,140382675,13443885,189904920
2024-05-07,3115,3160,3100,3155,80506,1.4469453376205788,16165,-500,-34582,18917,0,23223,0,36631,20672,80526,7058,500,71213,1755,80526,50448455,-1567000,-107964080,59082625,0,72671635,0,114290465,64580965,251543065,22223180,1567000,222254545,5498340,251543065
