날짜,시가,고가,저가,종가,거래량,등락률,기관합계_거래량_순매수,기타법인_거래량_순매수,개인_거래량_순매수,외국인합계_거래량_순매수,전체_거래량_순매수,기관합계_거래량_매수,기타법인_거래량_매수,개인_거래량_매수,외국인합계_거래량_매수,전체_거래량_매수,기관합계_거래량_매도,기타법인_거래량_매도,개인_거래량_매도,외국인합계_거래량_매도,전체_거래량_매도,기관합계_거래대금_순매수,기타법인_거래대금_순매수,개인_거래대금_순매수,외국인합계_거래대금_순매수,전체_거래대금_순매수,기관합계_거래대금_매수,기타법인_거래대금_매수,개인_거래대금_매수,외국인합계_거래대금_매수,전체_거래대금_매수,기관합계_거래대금_매도,기타법인_거래대금_매도,개인_거래대금_매도,외국인합계_거래대금_매도,전체_거래대금_매도
2021-12-10,4805,5000,4795,4915,5553075,,-194500,2732,656580,-464812,0,1730884,315883,3245548,260760,5553075,1925384,313151,2588968,725572,5553075,-849875145,552625,3127675070,-2278352550,0,8558432605,1539496955,15859813815,1286305145,27244048520,9408307750,1538944330,12732138745,3564657695,27244048520
2021-12-13,4945,4945,4870,4925,576426,0.20345879959308238,79255,-16753,-33958,-28544,0,188106,4069,382331,1920,576426,108851,20822,416289,30464,576426,390001250,-82607855,-167639165,-139754230,0,924953730,20119555,1877121175,9445130,2831639590,534952480,102727410,2044760340,149199360,2831639590
2021-12-14,4925,4975,4900,4965,467663,0.8121827411167513,184195,-32808,-146082,-5305,0,318806,2268,141526,5063,467663,134611,35076,287608,10368,467663,909844720,-161913755,-721627155,-26303810,0,1574083300,11184540,697335740,24866975,2307470555,664238580,173098295,1418962895,51170785,2307470555
2021-12-15,4965,4990,4950,4990,432234,0.5035246727089627,108651,-322,-15137,-93192,0,235397,8914,185255,2668,432234,126746,9236,200392,95860,432234,541523745,-1686380,-75663160,-464174205,0,1173176985,44401260,922813895,13301070,2153693210,631653240,46087640,998477055,477475275,2153693210
2021-12-16,4990,4995,4975,4985,457523,-0.1002004008016032,94606,-2239,-48520,-43847,0,258037,0,199314,172,457523,163431,2239,247834,44019,457523,471814905,-11170220,-242015265,-218629420,0,1287094650,0,993845470,858280,2281798400,815279745,11170220,1235860735,219487700,2281798400
2021-12-17,4985,4990,4975,4985,279396,0.0,7060,-1992,14516,-19584,0,143917,7552,127662,265,279396,136857,9544,113146,19849,279396,35310960,-9954630,72257170,-97613500,0,717313935,37664480,636264450,1321765,1392564630,682002975,47619110,564007280,98935265,1392564630
2021-12-20,4985,5030,4970,5030,873399,0.9027081243731194,452531,-121882,-351168,20519,0,690696,11076,134687,36940,873399,238165,132958,485855,16421,873399,2267028105,-610141280,-1759621855,102735030,0,3457381945,55315220,673869710,184741535,4371308410,1190353840,665456500,2433491565,82006505,4371308410
2021-12-21,5010,5060,4995,5040,761850,0.19880715705765406,400171,-41868,-307834,-50469,0,624972,4924,131881,73,761850,224801,46792,439715,50542,761850,2017861490,-211431770,-1553800365,-252629355,0,3151048250,24780000,662805950,368060,3839002260,1133186760,236211770,2216606315,252997415,3839002260
2021-12-22,5040,5050,5000,5040,178300,0.0,25464,7073,-22183,-10354,0,51550,10000,116740,10,178300,26086,2927,138923,10364,178300,128328020,35574560,-111898270,-52004310,0,259525800,50300000,586639520,50400,896515720,131197780,14725440,698537790,52054710,896515720
2021-12-23,5040,5040,5020,5030,242417,-0.1984126984126984,-51266,87,40202,10977,0,88837,7087,127999,18494,242417,140103,7000,87797,7517,242417,-257677210,417610,202045300,55214300,0,447112180,35627610,643552470,93024820,1219317080,704789390,35210000,441507170,37810520,1219317080
2021-12-24,5030,5030,5000,5020,409344,-0.19880715705765406,-225669,76705,140337,8627,0,15338,114432,258007,21567,409344,241007,37727,117670,12940,409344,-1132457240,385333510,703791290,43332440,0,76976880,574063050,1294123950,108266340,2053430220,1209434120,188729540,590332660,64933900,2053430220
2021-12-27,5010,5020,4995,5010,182549,-0.199203187250996,-48506,-6126,61672,-7040,0,11905,0,170624,20,182549,60411,6126,108952,7060,182549,-242808560,-30630000,308707200,-35268640,0,59605400,0,854318465,100200,914024065,302413960,30630000,545611265,35368840,914024065
2021-12-28,5020,5030,4990,4990,369117,-0.39920159680638717,-47997,-18577,78823,-12249,0,96906,90,271402,719,369117,144903,18667,192579,12968,369117,-239760640,-92813330,393953100,-61379130,0,485870370,450900,1358347465,3601570,1848270305,725631010,93264230,964394365,64980700,1848270305
2021-12-29,4965,4975,4915,4965,114066,-0.501002004008016,-15443,-5918,21776,-415,0,19817,2113,74126,18010,114066,35260,8031,52350,18425,114066,-76217510,-29372975,107642280,-2051795,0,98093540,10410480,366736105,89223515,564463640,174311050,39783455,259093825,91275310,564463640
2021-12-30,4970,5000,4960,5000,145484,0.7049345417925479,23900,-1046,-38097,15243,0,58472,0,60709,26303,145484,34572,1046,98806,11060,145484,119003315,-5193390,-190163755,76353830,0,290785560,0,301606275,131295850,723687685,171782245,5193390,491770030,54942020,723687685
2022-01-03,5000,5000,4960,4980,160804,-0.4,-6067,-20058,39362,-13237,0,61313,8004,85940,5547,160804,67380,28062,46578,18784,160804,-29944065,-100005275,195901650,-65952310,0,305122100,39877440,427816505,27594785,800410830,335066165,139882715,231914855,93547095,800410830
2022-01-04,4985,4995,4965,4985,158017,0.1004016064257028,15055,-25197,12555,-2413,0,59221,1000,92844,4952,158017,44166,26197,80289,7365,158017,74947250,-125764015,62846320,-12029555,0,295189565,4970000,463074700,24712210,787946475,220242315,130734015,400228380,36741765,787946475
2022-01-05,4985,4985,4955,4970,117958,-0.3009027081243731,44518,-2000,-35568,-6950,0,49248,0,68660,50,117958,4730,2000,104228,7000,117958,221198900,-9970000,-176637175,-34591725,0,244737940,0,341436845,248250,586423035,23539040,9970000,518074020,34839975,586423035
2022-01-06,4970,4985,4930,4980,199982,0.2012072434607646,-27913,3230,24024,659,0,60296,32510,98172,9004,199982,88209,29280,74148,8345,199982,-138375330,16147450,119011995,3215885,0,299722885,161653540,487275475,44684080,993335980,438098215,145506090,368263480,41468195,993335980
2022-01-07,4980,4985,4950,4975,79634,-0.1004016064257028,32157,-4591,-25260,-2306,0,61647,0,14987,3000,79634,29490,4591,40247,5306,79634,159715420,-22788405,-125466335,-11460680,0,306185010,0,74388535,14910000,395483545,146469590,22788405,199854870,26370680,395483545
2022-01-10,4960,4960,4895,4930,295126,-0.9045226130653266,58580,-79023,35959,-15516,0,127605,11507,145970,10044,295126,69025,90530,110011,25560,295126,287783495,-387471465,175991740,-76303770,0,627575450,56549510,717175320,49505945,1450806225,339791955,444020975,541183580,125809715,1450806225
2022-01-11,4930,4940,4910,4920,157039,-0.2028397565922921,-40281,-3083,48464,-5100,0,56490,150,86039,14360,157039,96771,3233,37575,19460,157039,-198554315,-15202270,238707960,-24951375,0,278126165,738750,423671505,70773740,773310160,476680480,15941020,184963545,95725115,773310160
2022-01-12,4915,4920,4890,4900,197915,-0.40650406504065045,-16570,-11225,36241,-8446,0,118635,100,79178,2,197915,135205,11325,42937,8448,197915,-81192910,-55030415,177686840,-41463515,0,581287635,489750,388091280,9810,969878475,662480545,55520165,210404440,41473325,969878475
2022-01-13,4920,4920,4860,4880,144694,-0.40816326530612246,29623,7412,-23410,-13625,0,52903,7412,84377,2,144694,23280,0,107787,13627,144694,144727275,36099000,-114296600,-66529675,0,258170775,36099000,411540420,9750,705819945,113443500,0,525837020,66539425,705819945
2022-01-14,4880,4895,4840,4880,130043,0.0,32443,250,147,-32840,0,57869,250,68738,3186,130043,25426,0,68591,36026,130043,157609700,1216250,739540,-159565490,0,281431185,1216250,334212555,15532290,632392280,123821485,0,333473015,175097780,632392280
2022-01-17,4875,4875,4770,4795,370991,-1.7418032786885245,20374,-36395,35808,-19787,0,181714,25750,161880,1647,370991,161340,62145,126072,21434,370991,97862785,-174498670,171777145,-95141260,0,871447130,123605895,776938425,7897365,1779888815,773584345,298104565,605161280,103038625,1779888815
2022-01-18,4825,4825,4750,4805,102232,0.20855057351407716,-3395,1052,15081,-12738,0,63901,1052,36948,331,102232,67296,0,21867,13069,102232,-16099215,4999000,72053605,-60953390,0,305521820,4999000,176707355,1579370,488807545,321621035,0,104653750,62532760,488807545
2022-01-19,4795,4820,4735,4805,206946,0.0,21824,-46472,32701,-8053,0,122062,7528,66151,11205,206946,100238,54000,33450,19258,206946,104329610,-221449645,155452805,-38332770,0,583122300,35812500,315332925,53511935,987779660,478792690,257262145,159880120,91844705,987779660
2022-01-20,4805,4805,4750,4790,68611,-0.31217481789802287,-23055,1200,25521,-3666,0,23289,3200,42122,0,68611,46344,2000,16601,3666,68611,-109666940,5635860,121540150,-17509070,0,111107065,15219000,200981650,0,327307715,220774005,9583140,79441500,17509070,327307715
2022-01-21,4790,4825,4770,4820,69378,0.6263048016701461,13620,1000,-16183,1563,0,41971,1000,20844,5563,69378,28351,0,37027,4000,69378,65471870,4820000,-77755520,7463650,0,201652800,4820000,100087910,26702420,333263130,136180930,0,177843430,19238770,333263130
2022-01-24,4845,4845,4760,4815,110802,-0.1037344398340249,14353,4300,5865,-24518,0,52638,4300,53862,2,110802,38285,0,47997,24520,110802,68864995,20521000,28032510,-117418505,0,251502465,20521000,257519920,9580,529552965,182637470,0,229487410,117428085,529552965
2022-01-25,4815,4815,4745,4785,107573,-0.6230529595015576,31051,-35226,3479,696,0,49029,4050,52823,1671,107573,17978,39276,49344,975,107573,147979350,-167634635,16381145,3274140,0,233715905,19268000,251735225,7952715,512671845,85736555,186902635,235354080,4678575,512671845
2022-01-26,4785,4800,4755,4760,54058,-0.522466039707419,818,-6000,6107,-925,0,25605,3000,24788,665,54058,24787,9000,18681,1590,54058,4028920,-28708835,29090915,-4411000,0,122397105,14361165,118414825,3178700,258351795,118368185,43070000,89323910,7589700,258351795
2022-01-27,4770,4790,4705,4705,145012,-1.1554621848739497,29380,-9660,-22600,2880,0,98077,3100,37628,6207,145012,68697,12760,60228,3327,145012,140681725,-46207600,-108209350,13735225,0,467243830,14730000,178650905,29564535,690189270,326562105,60937600,286860255,15829310,690189270
2022-01-28,4715,4760,4705,4740,95473,0.7438894792773645,-16411,-22741,38493,659,0,36234,2000,55680,1559,95473,52645,24741,17187,900,95473,-77236370,-108024260,182125970,3134660,0,171983200,9489800,263520455,7402040,452395495,249219570,117514060,81394485,4267380,452395495
2022-02-03,4770,4820,4755,4805,149096,1.3713080168776373,-16665,-38033,36642,18056,0,55791,9461,61822,22022,149096,72456,47494,25180,3966,149096,-80364095,-182695830,176318145,86741780,0,268285730,45393630,297016585,105769735,716465680,348649825,228089460,120698440,19027955,716465680
2022-02-04,4820,4835,4780,4800,127264,-0.10405827263267431,-21064,3092,28674,-10702,0,66560,8467,50303,1934,127264,87624,5375,21629,12636,127264,-101016330,14754400,137604140,-51342210,0,320530265,40632080,241458320,9330775,611951440,421546595,25877680,103854180,60672985,611951440
2022-02-07,4840,4880,4775,4840,140499,0.8333333333333334,15597,-6685,-11099,2187,0,101754,70,25774,12901,140499,86157,6755,36873,10714,140499,75971960,-32328415,-54017805,10374260,0,493273370,334250,124775935,62263940,680647495,417301410,32662665,178793740,51889680,680647495
2022-02-08,4875,4885,4830,4845,175195,0.10330578512396695,3063,415,18704,-22182,0,124305,2000,46578,2312,175195,121242,1585,27874,24494,175195,15718940,1969595,90192170,-107880705,0,605316995,9660000,225959320,11229085,852165400,589598055,7690405,135767150,119109790,852165400
2022-02-09,4845,4900,4845,4885,106414,0.8255933952528379,67562,0,-66839,-723,0,84959,0,17510,3945,106414,17397,0,84349,4668,106414,330391565,0,-326823600,-3567965,0,415487245,0,85580385,19248710,520316340,85095680,0,412403985,22816675,520316340
2022-02-10,4895,4940,4875,4915,137267,0.6141248720573182,16069,28758,-53608,8781,0,62351,29000,25483,20433,137267,46282,242,79091,11652,137267,79517570,141475155,-264122010,43129285,0,306713895,142663375,125065165,100273980,674716415,227196325,1188220,389187175,57144695,674716415
2022-02-11,4920,4990,4890,4955,239848,0.8138351983723295,17528,-9000,-35103,26575,0,107814,0,77720,54314,239848,90286,9000,112823,27739,239848,87205490,-44845000,-174140670,131780180,0,535294490,0,385804960,269511470,1190610920,448089000,44845000,559945630,137731290,1190610920
2022-02-14,4910,4980,4910,4960,92679,0.10090817356205853,55257,0,-31973,-23284,0,64448,0,26592,1639,92679,9191,0,58565,24923,92679,273795205,0,-158575415,-115219790,0,319337115,0,131613365,8063475,459013955,45541910,0,290188780,123283265,459013955
2022-02-15,4960,4990,4950,4980,181261,0.4032258064516129,55424,-479,-55499,554,0,117073,0,46397,17791,181261,61649,479,101896,17237,181261,276773380,-2385420,-277032960,2645000,0,583206755,0,230596045,88431090,902233890,306433375,2385420,507629005,85786090,902233890
2022-02-16,4980,4990,4970,4990,105845,0.2008032128514056,19897,40000,-43307,-16590,0,53468,40000,12377,0,105845,33571,0,55684,16590,105845,99161115,199282790,-215866380,-82577525,0,266479850,199282790,61590800,0,527353440,167318735,0,277457180,82577525,527353440
2022-02-17,4980,4990,4970,4985,85649,-0.1002004008016032,9284,25049,-34658,325,0,39721,25049,17567,3312,85649,30437,0,52225,2987,85649,46296585,124854440,-172781645,1630620,0,198088775,124854440,87571425,16520515,427035155,151792190,0,260353070,14889895,427035155
2022-02-18,4980,4980,4955,4955,29841,-0.6018054162487462,-2493,-4798,10405,-3114,0,8894,2012,18783,152,29841,11387,6810,8378,3266,29841,-12374860,-23770540,51594865,-15449465,0,44190490,9989480,93204680,755735,148140385,56565350,33760020,41609815,16205200,148140385
2022-02-21,4955,4970,4920,4935,59898,-0.4036326942482341,-36917,665,37133,-881,0,4317,2010,52476,1095,59898,41234,1345,15343,1976,59898,-181922625,3249970,183015540,-4342885,0,21307120,9899350,258634770,5398365,295239605,203229745,6649380,75619230,9741250,295239605
2022-02-22,4950,4950,4920,4940,24839,0.10131712259371835,6018,0,-7269,1251,0,6086,0,17287,1466,24839,68,0,24556,215,24839,29718910,0,-35899065,6180155,0,30054280,0,85229840,7241840,122525960,335370,0,121128905,1061685,122525960
2022-02-23,4940,4955,4930,4955,25143,0.30364372469635625,5125,1010,-8712,2577,0,8177,1010,12448,3508,25143,3052,0,21160,931,25143,25353120,4984550,-43090270,12752600,0,40450125,4984550,61471655,17355000,124261330,15097005,0,104561925,4602400,124261330
2022-02-24,4955,4955,4900,4925,64295,-0.6054490413723511,1709,-4,2925,-4630,0,15877,2000,46378,40,64295,14168,2004,43453,4670,64295,8696345,-35340,14171185,-22832190,0,78309375,9870000,228478705,197580,316855660,69613030,9905340,214307520,23029770,316855660
2022-02-25,4940,4965,4925,4960,45181,0.7106598984771574,19814,3123,-25467,2530,0,32237,3200,6477,3267,45181,12423,77,31944,737,45181,97968330,15479005,-125961485,12514150,0,159427955,15859000,31967910,16148320,223403185,61459625,379995,157929395,3634170,223403185
2022-02-28,4960,4965,4925,4955,101275,-0.10080645161290322,28402,-4750,-28611,4959,0,46423,10,45915,8927,101275,18021,4760,74526,3968,101275,140632785,-23555800,-141588230,24511245,0,229690245,49300,226955435,44144280,500839260,89057460,23605100,368543665,19633035,500839260
2022-03-02,4965,4980,4910,4970,165556,0.30272452068617556,-6413,17527,-6485,-4629,0,99810,18025,39900,7821,165556,106223,498,46385,12450,165556,-31547035,87089455,-32672010,-22870410,0,496197395,89567005,197734920,38806570,822305890,527744430,2477550,230406930,61676980,822305890
2022-03-03,4990,4995,4950,4985,177104,0.30181086519114686,28012,1160,-23011,-6161,0,111318,3160,53425,9201,177104,83306,2000,76436,15362,177104,140089720,5775700,-115323625,-30541795,0,555156005,15755700,265974240,45843300,882729245,415066285,9980000,381297865,76385095,882729245
2022-03-04,4990,4995,4975,4990,114639,0.10030090270812438,49473,-1457,-41447,-6569,0,78816,645,34458,720,114639,29343,2102,75905,7289,114639,246814825,-7273655,-206818040,-32723130,0,393176980,3215325,171803030,3591335,571786670,146362155,10488980,378621070,36314465,571786670
2022-03-07,4995,4995,4935,4995,90976,0.1002004008016032,3857,-5912,4803,-2748,0,36510,588,51226,2652,90976,32653,6500,46423,5400,90976,19202135,-29505170,23995930,-13692895,0,182155500,2929830,255405200,13233485,453724015,162953365,32435000,231409270,26926380,453724015
2022-03-08,4995,4995,4950,4995,79446,0.0,-1083,-4483,2838,2728,0,57281,517,18640,3008,79446,58364,5000,15802,280,79446,-5249205,-22372585,13998885,13622905,0,285821310,2582415,92828795,15018390,396250910,291070515,24955000,78829910,1395485,396250910
2022-03-10,4970,4990,4955,4975,112272,-0.40040040040040037,-21065,-3566,30323,-5692,0,69366,3684,39048,174,112272,90431,7250,8725,5866,112272,-104696500,-17760885,150724985,-28267600,0,344991570,18311855,194172165,865790,558341380,449688070,36072740,43447180,29133390,558341380
2022-03-11,4975,4990,4930,4945,119941,-0.6030150753768844,-20992,-4660,25607,45,0,55639,402,63699,201,119941,76631,5062,38092,156,119941,-103646615,-23170325,126596020,220920,0,275758235,1993920,315501810,994355,594248320,379404850,25164245,188905790,773435,594248320
2022-03-14,4950,4985,4935,4970,86824,0.5055611729019212,13478,-5210,-11955,3687,0,71309,701,10716,4098,86824,57831,5911,22671,411,86824,67021490,-25839755,-59470785,18289050,0,354501690,3479630,53049460,20328665,431359445,287480200,29319385,112520245,2039615,431359445
2022-03-15,4975,4990,4930,4985,199513,0.30181086519114686,26585,2696,-29565,284,0,124078,6095,59319,10021,199513,97493,3399,88884,9737,199513,133718210,13147210,-147994735,1129315,0,616554265,30091225,293273320,49544495,989463305,482836055,16944015,441268055,48415180,989463305
2022-03-16,4970,4990,4945,4980,82843,-0.10030090270812438,20950,-515,-20662,227,0,69379,285,12895,284,82843,48429,800,33557,57,82843,104576490,-2575825,-103127100,1126435,0,345398370,1412175,64017790,1409805,412238140,240821880,3988000,167144890,283370,412238140
2022-03-17,4985,5000,4980,5000,234922,0.4016064257028112,30134,-50936,18267,2535,0,89689,5123,135886,4224,234922,59555,56059,117619,1689,234922,150347910,-254217725,91200125,12669690,0,447334515,25538155,678480820,21083040,1172436530,296986605,279755880,587280695,8413350,1172436530
2022-03-18,5000,5000,4980,4995,84812,-0.1,24716,223,-25794,855,0,56107,223,26445,2037,84812,31391,0,52239,1182,84812,123419120,1112770,-128817595,4285705,0,280147795,1112770,132105980,10184905,423551450,156728675,0,260923575,5899200,423551450
2022-03-21,5010,5020,4980,5000,162362,0.10010010010010009,-64862,4897,67218,-7253,0,47954,5422,106876,2110,162362,112816,525,39658,9363,162362,-323932130,24427890,335810710,-36306470,0,239623495,27052890,534164400,10547530,811388315,563555625,2625000,198353690,46854000,811388315
2022-03-22,4990,5010,4980,5010,136348,0.2,-16401,-4140,14268,6273,0,51132,0,78240,6976,136348,67533,4140,63972,703,136348,-81862375,-20700000,71221200,31341175,0,255769430,0,391155225,34850000,681774655,337631805,20700000,319934025,3508825,681774655
2022-03-23,5000,5010,4960,4990,102318,-0.39920159680638717,12999,-15799,9329,-6529,0,64521,4464,33304,29,102318,51522,20263,23975,6558,102318,65281460,-78743340,46095470,-32633590,0,322486410,22272680,166043990,144850,510947930,257204950,101016020,119948520,32778440,510947930
2022-03-24,5010,5010,4990,5010,77993,0.4008016032064128,3016,2713,-5004,-725,0,45148,2713,29210,922,77993,42132,0,34214,1647,77993,15137345,13562500,-25071255,-3628590,0,225726870,13562500,145982480,4605560,389877410,210589525,0,171053735,8234150,389877410
2022-03-25,4980,5010,4980,5010,111068,0.0,-10648,-18733,15922,13459,0,46591,1928,48511,14038,111068,57239,20661,32589,579,111068,-53038295,-93674640,79424595,67288340,0,233206555,9630360,242431665,70183340,555451920,286244850,103305000,163007070,2895000,555451920
2022-03-28,4985,5010,4975,5010,191352,0.0,12965,2309,-33977,18703,0,101206,3309,62584,24253,191352,88241,1000,96561,5550,191352,65292525,11545000,-170449330,93611805,0,506634990,16545000,312789270,121264245,957233505,441342465,5000000,483238600,27652440,957233505
2022-03-29,5010,5020,4995,5020,186670,0.19960079840319359,-2723,4408,-3415,1730,0,119258,4408,56946,6058,186670,121981,0,60361,4328,186670,-13210880,22060000,-17570240,8721120,0,597739095,22060000,285025015,30342360,935166470,610949975,0,302595255,21621240,935166470
2022-03-30,5020,5020,5000,5020,177827,0.0,6316,1886,-10709,2507,0,85480,2265,84989,5093,177827,79164,379,95698,2586,177827,31995250,9429940,-54013230,12588040,0,428634390,11325000,425688550,25518990,891166930,396639140,1895060,479701780,12930950,891166930
2022-03-31,5010,5160,5000,5120,410552,1.9920318725099602,54685,20948,-145552,69919,0,157149,20978,157930,74495,410552,102464,30,303482,4576,410552,276308710,106946980,-735740640,352484950,0,792209620,107097580,801202480,376050310,2076559990,515900910,150600,1536943120,23565360,2076559990
2022-04-01,5100,5170,5080,5160,320431,0.78125,86364,-12074,-75890,1600,0,149574,11657,135856,23344,320431,63210,23731,211746,21744,320431,446980400,-62917550,-392246040,8183190,0,771109910,59734130,697108090,119785070,1647737200,324129510,122651680,1089354130,111601880,1647737200
2022-04-04,5180,5220,5110,5210,265035,0.9689922480620154,-13878,-1415,15788,-495,0,122258,10676,121722,10379,265035,136136,12091,105934,10874,265035,-70878270,-7891890,81041790,-2271630,0,634274100,55101540,630627020,53706320,1373708980,705152370,62993430,549585230,55977950,1373708980
2022-04-05,5200,5210,5150,5190,232401,-0.3838771593090211,-34004,20377,21644,-8017,0,120503,20799,83791,7308,232401,154507,422,62147,15325,232401,-176235280,105558880,112288290,-41611890,0,624975020,107753080,434403100,37871970,1205003170,801210300,2194200,322114810,79483860,1205003170
2022-04-06,5190,5330,5180,5270,430882,1.5414258188824663,110105,4089,-160829,46635,0,241229,14427,120405,54821,430882,131124,10338,281234,8186,430882,579225670,21543540,-844454930,243685720,0,1268060960,75795490,631831300,286334870,2262022620,688835290,54251950,1476286230,42649150,2262022620
2022-04-07,5260,5530,5230,5260,532878,-0.18975332068311196,30773,-5410,-9791,-15572,0,132625,5222,350523,44508,532878,101852,10632,360314,60080,532878,162256580,-29186180,-50390310,-82680090,0,703445710,27683010,1873520700,236510210,2841159630,541189130,56869190,1923911010,319190300,2841159630
2022-04-08,5260,5420,5260,5370,188604,2.091254752851711,69842,0,-69073,-769,0,99689,0,69002,19913,188604,29847,0,138075,20682,188604,375285510,0,-371067670,-4217840,0,535589960,0,370902940,106981210,1013474110,160304450,0,741970610,111199050,1013474110
2022-04-11,5370,5440,5350,5420,220813,0.931098696461825,90579,-1568,-85722,-3289,0,158228,0,54223,8362,220813,67649,1568,139945,11651,220813,489841900,-8481030,-463359820,-18001050,0,855462590,0,292338990,44995390,1192796970,365620690,8481030,755698810,62996440,1192796970
2022-04-12,5420,5430,5300,5360,230349,-1.107011070110701,8321,0,10334,-18655,0,146203,0,74877,9269,230349,137882,0,64543,27924,230349,45412780,0,55503680,-100916460,0,785258150,0,401034070,49470820,1235763040,739845370,0,345530390,150387280,1235763040
2022-04-13,5340,5420,5330,5400,194109,0.7462686567164178,33733,-130,-13230,-20373,0,128532,0,63318,2259,194109,94799,130,76548,22632,194109,182543340,-701380,-72048200,-109793760,0,692516420,0,340700230,12085370,1045302020,509973080,701380,412748430,121879130,1045302020
2022-04-14,5420,5430,5380,5410,173320,0.1851851851851852,44565,-80,-38263,-6222,0,144348,0,26976,1996,173320,99783,80,65239,8218,173320,241423100,-431200,-207361770,-33630130,0,780354790,0,145460280,10789580,936604650,538931690,431200,352822050,44419710,936604650
2022-04-15,5390,5500,5390,5480,301615,1.2939001848428837,9579,-20507,-8950,19878,0,215047,0,64130,22438,301615,205468,20507,73080,2560,301615,52694030,-111598360,-49386750,108291080,0,1171722740,0,349771040,122232160,1643725940,1119028710,111598360,399157790,13941080,1643725940
2022-04-18,5470,5500,5420,5460,183268,-0.36496350364963503,19192,1562,-5208,-15546,0,109312,1714,66614,5628,183268,90120,152,71822,21174,183268,105836700,8528520,-29464840,-84900380,0,597749720,9358440,363502550,30826140,1001436850,491913020,829920,392967390,115726520,1001436850
2022-04-19,5480,5480,5400,5450,142686,-0.18315018315018314,88609,0,-66905,-21704,0,130588,0,12098,0,142686,41979,0,79003,21704,142686,481861290,0,-363812710,-118048580,0,709977910,0,65752870,0,775730780,228116620,0,429565580,118048580,775730780
2022-04-20,5430,5500,5430,5480,101867,0.5504587155963303,41690,-2069,-22811,-16810,0,81798,0,19395,674,101867,40108,2069,42206,17484,101867,228257560,-11317430,-124933970,-92006160,0,447483710,0,106042670,3667970,557194350,219226150,11317430,230976640,95674130,557194350
2022-04-21,5460,5540,5460,5500,103506,0.36496350364963503,28530,6591,-31863,-3258,0,62040,8000,26721,6745,103506,33510,1409,58584,10003,103506,156875130,36518680,-175392090,-18001720,0,341260190,44240000,147131320,37030140,569661650,184385060,7721320,322523410,55031860,569661650
2022-04-22,5500,5570,5490,5570,91668,1.2727272727272727,22561,1244,-22542,-1263,0,63083,1250,24399,2936,91668,40522,6,46941,4199,91668,125246330,6854000,-125111260,-6989070,0,349267940,6887000,135108750,16208690,507472380,224021610,33000,260220010,23197760,507472380
2022-04-25,5570,5690,5530,5670,166870,1.7953321364452424,42446,0,-43590,1144,0,81759,0,67853,17258,166870,39313,0,111443,16114,166870,241614960,0,-247288460,5673500,0,462133920,0,381688450,96690790,940513160,220518960,0,628976910,91017290,940513160
2022-04-26,5640,5790,5640,5690,176425,0.3527336860670194,45224,-20102,-29227,4105,0,87838,1353,77934,9300,176425,42614,21455,107161,5195,176425,258446000,-115051830,-166956680,23562510,0,502454940,7733160,446974840,53214370,1010377310,244008940,122784990,613931520,29651860,1010377310
2022-04-27,5740,5740,5600,5740,328605,0.8787346221441126,99522,-19303,-92654,12435,0,220050,697,69106,38752,328605,120528,20000,161760,26317,328605,567174290,-109841250,-526900060,69567020,0,1253634570,3958750,392243060,219503350,1869339730,686460280,113800000,919143120,149936330,1869339730
2022-04-28,5740,5740,5570,5740,209725,0.0,56718,-1184,-30536,-24998,0,157215,1713,47442,3355,209725,100497,2897,77978,28353,209725,322004030,-6640120,-173140410,-142223500,0,887812550,9673140,267464570,18895060,1183845320,565808520,16313260,440604980,161118560,1183845320
2022-04-29,5740,5750,5660,5740,143704,0.0,69562,-6438,-57193,-5931,0,126800,0,16752,152,143704,57238,6438,73945,6083,143704,399155480,-37016180,-328098050,-34041250,0,727340790,0,96006950,872560,824220300,328185310,37016180,424105000,34913810,824220300
2022-05-02,5690,5760,5650,5730,111598,-0.17421602787456447,25516,-2,-22687,-2827,0,98023,0,8270,5305,111598,72507,2,30957,8132,111598,146253760,-11520,-129808470,-16433770,0,560362660,0,47066480,30071680,637500820,414108900,11520,176874950,46505450,637500820
2022-05-03,5680,5730,5520,5640,187488,-1.5706806282722512,39321,3500,-44428,1607,0,101935,3500,63333,18720,187488,62614,0,107761,17113,187488,221831240,19595000,-249220420,7794180,0,571857050,19595000,353255560,103971300,1048678910,350025810,0,602475980,96177120,1048678910
2022-05-04,5700,5700,5540,5590,129324,-0.8865248226950355,92308,5191,-92516,-4983,0,103780,5191,12667,7686,129324,11472,0,105183,12669,129324,517108140,29014960,-518329100,-27794000,0,581413890,29014960,70944250,42994160,724367260,64305750,0,589273350,70788160,724367260
2022-05-06,5570,5600,5450,5500,69981,-1.6100178890876566,-8127,3482,-79,4724,0,19248,3859,35466,11408,69981,27375,377,35545,6684,69981,-44447060,19143950,-371840,25674950,0,106021980,21217450,195518000,62661940,385419370,150469040,2073500,195889840,36986990,385419370
2022-05-09,5500,5530,5390,5460,119290,-0.7272727272727273,29411,453,-24252,-5612,0,83181,453,22292,13364,119290,53770,0,46544,18976,119290,160417280,2449880,-131926110,-30941050,0,452494590,2449880,120866600,72477480,648288550,292077310,0,252792710,103418530,648288550
2022-05-10,5370,5480,5300,5470,93706,0.18315018315018314,2910,0,-14658,11748,0,39731,1000,27008,25967,93706,36821,1000,41666,14219,93706,16690710,-140000,-78338770,61788060,0,215449140,5310000,145517500,138925490,505202130,198758430,5450000,223856270,77137430,505202130
2022-05-11,5470,5480,5380,5480,150732,0.18281535648994515,4037,0,-3437,-600,0,121085,0,19127,10520,150732,117048,0,22564,11120,150732,22166460,0,-18794030,-3372430,0,657883580,0,103803100,57130510,818817190,635717120,0,122597130,60502940,818817190
2022-05-12,5480,5480,5250,5270,366530,-3.832116788321168,-73012,-6,-7890,80908,0,188552,7002,61582,109394,366530,261564,7008,69472,28486,366530,-380739830,-372100,-45854140,426966070,0,1016168850,37130860,328981290,579836460,1962117460,1396908680,37502960,374835430,152870390,1962117460
2022-05-13,5320,5410,5280,5410,166530,2.6565464895635675,12827,-11832,-31274,30279,0,100358,1160,28924,36088,166530,87531,12992,60198,5809,166530,70482560,-63242160,-168899540,161659140,0,539230400,6144800,154579670,192717220,892672090,468747840,69386960,323479210,31058080,892672090
2022-05-16,5430,5490,5410,5490,95998,1.478743068391867,45697,20,-12415,-33302,0,88303,20,7626,49,95998,42606,0,20041,33351,95998,249511780,108800,-67845360,-181775220,0,482153570,108800,41653580,266440,524182390,232641790,0,109498940,182041660,524182390
2022-05-17,5490,5500,5390,5500,126817,0.18214936247723132,59374,1676,-4325,-56725,0,113205,2904,10030,678,126817,53831,1228,14355,57403,126817,324169420,9097380,-23705360,-309561440,0,617595320,15776580,54468720,3671400,691512020,293425900,6679200,78174080,313232840,691512020
2022-05-18,5450,5520,5400,5520,99971,0.36363636363636365,60460,-4423,-14163,-41874,0,80415,200,17327,2029,99971,19955,4623,31490,43903,99971,330519070,-24191070,-77779260,-228548740,0,440084180,1080000,94915610,11072030,547151820,109565110,25271070,172694870,239620770,547151820
2022-05-19,5410,5500,5410,5500,27871,-0.36231884057971014,19459,180,-13284,-6355,0,24588,180,3103,0,27871,5129,0,16387,6355,27871,106500420,984600,-72696840,-34788180,0,134585100,984600,16988280,0,152557980,28084680,0,89685120,34788180,152557980
2022-05-20,5500,5550,5450,5510,46972,0.18181818181818182,27143,0,-23777,-3366,0,29842,0,13274,3856,46972,2699,0,37051,7222,46972,149555520,0,-131065540,-18489980,0,164384860,0,72938040,21278580,258601480,14829340,0,204003580,39768560,258601480
2022-05-23,5560,5560,5440,5490,32880,-0.3629764065335753,14663,0,-8675,-5988,0,27947,0,3832,1101,32880,13284,0,12507,7089,32880,80282140,0,-47536080,-32746060,0,152995780,0,20896590,6018380,179910750,72713640,0,68432670,38764440,179910750
2022-05-24,5390,5540,5390,5500,35296,0.18214936247723132,18531,344,-11578,-7297,0,27176,344,4887,2889,35296,8645,0,16465,10186,35296,102218210,1854160,-63907640,-40164730,0,149227180,1854160,26563660,15705420,193350420,47008970,0,90471300,55870150,193350420
2022-05-25,5520,5590,5450,5580,132384,1.4545454545454546,76655,-6901,-69923,169,0,119021,0,3341,10022,132384,42366,6901,73264,9853,132384,424498560,-38179580,-387300930,981950,0,659805100,0,18360530,55595020,733760650,235306540,38179580,405661460,54613070,733760650
2022-05-26,5590,5660,5530,5660,125172,1.4336917562724014,63960,-200,-63695,-65,0,112565,0,6029,6578,125172,48605,200,69724,6643,125172,358639530,-1130000,-357061290,-448240,0,630589720,0,33781890,36900630,701272240,271950190,1130000,390843180,37348870,701272240
2022-05-27,5660,5680,5640,5660,46591,0.0,22537,-4281,-11521,-6735,0,38154,0,8133,304,46591,15617,4281,19654,7039,46591,127589640,-24240460,-65206600,-38142580,0,216170560,0,46077650,1717600,263965810,88580920,24240460,111284250,39860180,263965810
2022-05-30,5610,5680,5580,5680,63563,0.35335689045936397,31096,-500,-20256,-10340,0,59028,0,4533,2,63563,27932,500,24789,10342,63563,175945320,-2830000,-114692480,-58422840,0,333959760,0,25569090,11320,359540170,158014440,2830000,140261570,58434160,359540170
2022-05-31,5680,5680,5640,5680,32943,0.0,12235,0,-12200,-35,0,21670,0,2635,8638,32943,9435,0,14835,8673,32943,69412550,0,-69214290,-198260,0,122886620,0,14938600,49063840,186889060,53474070,0,84152890,49262100,186889060
2022-06-02,5690,5700,5650,5690,51622,0.17605633802816903,8876,-3687,-4320,-869,0,44497,0,7125,0,51622,35621,3687,11445,869,51622,50463040,-20943690,-24581310,-4938040,0,252511660,0,40401310,0,292912970,202048620,20943690,64982620,4938040,292912970
2022-06-03,5700,5700,5660,5670,44440,-0.35149384885764495,14446,0,-14118,-328,0,25416,0,19001,23,44440,10970,0,33119,351,44440,81983540,0,-80124270,-1859270,0,144276000,0,107882900,130480,252289380,62292460,0,188007170,1989750,252289380
2022-06-07,5670,5680,5610,5680,90503,0.1763668430335097,2380,-1000,-13894,12514,0,66776,0,9753,13974,90503,64396,1000,23647,1460,90503,13402280,-5668000,-78537890,70803610,0,378121030,0,55166750,79044900,512332680,364718750,5668000,133704640,8241290,512332680
2022-06-08,5690,5690,5650,5670,31174,-0.17605633802816903,-19577,30,6944,12603,0,7585,30,10923,12636,31174,27162,0,3979,33,31174,-110936190,170400,39331260,71434530,0,42964830,170400,61861880,71621900,176619010,153901020,0,22530620,187370,176619010
2022-06-09,5690,5690,5610,5610,28735,-1.0582010582010581,-9295,0,-3122,12417,0,6785,0,9328,12622,28735,16080,0,12450,205,28735,-52457460,0,-17550090,70007550,0,38169920,0,52585830,71166400,161922150,90627380,0,70135920,1158850,161922150
2022-06-10,5580,5600,5370,5380,322878,-4.09982174688057,-184225,5354,161712,17159,0,119628,7000,173068,23182,322878,303853,1646,11356,6023,322878,-996765160,28913060,874953700,92898400,0,646586530,37785000,936352960,125651750,1746376240,1643351690,8871940,61399260,32753350,1746376240
2022-06-13,5350,5420,5280,5410,179344,0.5576208178438662,-46469,1000,10055,35414,0,78669,4000,56406,40269,179344,125138,3000,46351,4855,179344,-244239380,4984510,50794380,188460490,0,420500600,21215000,299192780,214494020,955402400,664739980,16230490,248398400,26033530,955402400
2022-06-14,5330,5410,5280,5300,320295,-2.033271719038817,-112685,16410,24289,71986,0,146483,16410,61118,96284,320295,259168,0,36829,24298,320295,-597617130,86847000,128425100,382345030,0,776231310,86847000,323600910,510906270,1697585490,1373848440,0,195175810,128561240,1697585490
2022-06-15,5280,5300,5180,5180,164409,-2.2641509433962264,1951,2227,2779,-6957,0,85539,2227,50920,25723,164409,83588,0,48141,32680,164409,10452780,11579680,15076340,-37108800,0,447645810,11579680,266372390,134891210,860489090,437193030,0,251296050,172000010,860489090
2022-06-16,5200,5260,5200,5220,122729,0.7722007722007722,-10925,-21725,8575,24075,0,59362,400,27742,35225,122729,70287,22125,19167,11150,122729,-56684250,-113911180,44647830,125947600,0,310520460,2092000,144895540,184321610,641829610,367204710,116003180,100247710,58374010,641829610
2022-06-17,5170,5290,5130,5290,314695,1.3409961685823755,16156,-6612,-12914,3370,0,37227,400,35348,241720,314695,21071,7012,48262,238350,314695,83278320,-34518400,-67894740,19134820,0,193244530,2074000,183381430,1269209000,1647908960,109966210,36592400,251276170,1250074180,1647908960
2022-06-20,5330,5390,5100,5110,147282,-3.402646502835539,27838,474,-17758,-10554,0,62184,474,43576,41048,147282,34346,0,61334,51602,147282,144585810,2422800,-92026000,-54982610,0,321939470,2422800,226154330,214976160,765492760,177353660,0,318180330,269958770,765492760
2022-06-21,5130,5200,5100,5170,74971,1.1741682974559686,9508,200,-2796,-6912,0,34101,200,24401,16269,74971,24593,0,27197,23181,74971,48503290,1026000,-14009420,-35519870,0,174920640,1026000,125277950,83657990,384882580,126417350,0,139287370,119177860,384882580
2022-06-22,5270,5270,4985,4990,163178,-3.481624758220503,57538,1744,-20418,-38864,0,81001,2200,57871,22106,163178,23463,456,78289,60970,163178,295330485,8829880,-103296695,-200863670,0,414267555,11233000,295009875,111557440,832067870,118937070,2403120,398306570,312421110,832067870
2022-06-23,5020,5050,4945,4990,149895,0.0,59981,1216,-25776,-35421,0,79679,8216,36630,25370,149895,19698,7000,62406,60791,149895,300647950,6005225,-129020110,-177633065,0,398622785,41062210,182496950,126073500,748255445,97974835,35056985,311517060,303706565,748255445
2022-06-24,4960,5100,4960,5090,127269,2.004008016032064,20561,8786,-9836,-19511,0,52629,23286,33413,17941,127269,32068,14500,43249,37452,127269,104262010,44484050,-49911005,-98835055,0,265787220,117650925,167330755,90149920,640918820,161525210,73166875,217241760,188984975,640918820
2022-06-27,5070,5160,5050,5120,150150,0.5893909626719057,10350,20328,19111,-49789,0,79458,20528,35627,14537,150150,69108,200,16516,64326,150150,53602090,103556390,96675320,-253833800,0,404847580,104578390,180887830,74096850,764410650,351245490,1022000,84212510,327930650,764410650
2022-06-28,5120,5200,5100,5160,77141,0.78125,33369,16512,-26209,-23672,0,38807,16887,11498,9949,77141,5438,375,37707,33621,77141,172298070,85198180,-135321300,-122174950,0,200310170,87140680,59280320,51320340,398051510,28012100,1942500,194601620,173495290,398051510
2022-06-29,5090,5130,4980,4995,48923,-3.1976744186046515,-10276,6470,8256,-4450,0,6000,6870,31156,4897,48923,16276,400,22900,9347,48923,-51520965,32703140,41211145,-22393320,0,30248190,34735140,156628085,24623255,246234670,81769155,2032000,115416940,47016575,246234670
2022-06-30,4975,4995,4885,4905,46634,-1.8018018018018018,-4194,417,12078,-8301,0,14722,417,28780,2715,46634,18916,0,16702,11016,46634,-20441165,2076165,59471860,-41106860,0,72676575,2076165,141676615,13311825,229741180,93117740,0,82204755,54418685,229741180
2022-07-01,4910,4955,4820,4885,63896,-0.40774719673802245,-1910,5,7463,-5558,0,30656,5,30816,2419,63896,32566,0,23353,7977,63896,-9138355,24245,36362450,-27248340,0,149261480,24245,149921660,11739625,310947010,158399835,0,113559210,38987965,310947010
2022-07-04,4890,4890,4700,4810,131269,-1.5353121801432956,31788,2,-24677,-7113,0,50645,2,67321,13301,131269,18857,0,91998,20414,131269,152292015,9520,-118042290,-34259245,0,242017770,9520,320114385,63372515,625514190,89725755,0,438156675,97631760,625514190
2022-07-05,4810,4955,4760,4950,217459,2.9106029106029108,41324,0,-86625,45301,0,141363,0,18277,57819,217459,100039,0,104902,12518,217459,203650920,0,-424476625,220825705,0,692809200,0,89003985,282196355,1064009540,489158280,0,513480610,61370650,1064009540
2022-07-06,4925,4970,4845,4965,173966,0.30303030303030304,60854,-11400,-47594,-1860,0,135390,0,12915,25661,173966,74536,11400,60509,27521,173966,301090665,-55736730,-235776705,-9577230,0,669319950,0,63351575,126511915,859183440,368229285,55736730,299128280,136089145,859183440
2022-07-07,4950,5070,4920,5000,121329,0.7049345417925479,73354,0,-55290,-18064,0,108870,0,2137,10322,121329,35516,0,57427,28386,121329,369191845,0,-278088555,-91103290,0,547963195,0,10691510,51636910,610291615,178771350,0,288780065,142740200,610291615
2022-07-08,5000,5020,4950,5020,63951,0.4,23788,0,-4701,-19087,0,56336,0,3735,3880,63951,32548,0,8436,22967,63951,118510810,0,-23513095,-94997715,0,280823185,0,18553890,19412075,318789150,162312375,0,42066985,114409790,318789150
2022-07-11,5020,5020,4950,4950,106996,-1.394422310756972,64700,4,-21295,-43409,0,100865,4,5634,493,106996,36165,0,26929,43902,106996,322791740,19860,-106318255,-216493345,0,503174795,19860,28073490,2459330,533727475,180383055,0,134391745,218952675,533727475
2022-07-12,4930,4950,4880,4900,44290,-1.0101010101010102,5165,0,-10581,5416,0,33043,0,3565,7682,44290,27878,0,14146,2266,44290,25322380,0,-51968305,26645925,0,162354105,0,17493120,37771955,217619180,137031725,0,69461425,11126030,217619180
2022-07-13,4895,4970,4875,4960,48369,1.2244897959183674,19436,0,-14583,-4853,0,45770,0,1474,1125,48369,26334,0,16057,5978,48369,95934375,0,-72024350,-23910025,0,226168845,0,7217635,5576240,238962720,130234470,0,79241985,29486265,238962720
2022-07-14,4960,4960,4890,4910,51871,-1.0080645161290323,15787,4,-10758,-5033,0,43620,4,7532,715,51871,27833,0,18290,5748,51871,78218585,19600,-53370630,-24867555,0,215907905,19600,37167880,3530765,256626150,137689320,0,90538510,28398320,256626150
2022-07-15,4875,5090,4875,5020,205840,2.240325865580448,40051,-4417,-41125,5491,0,169712,0,6152,29976,205840,129661,4417,47277,24485,205840,203510100,-21688135,-207458305,25636340,0,851923880,0,30559370,148844345,1031327595,648413780,21688135,238017675,123208005,1031327595
2022-07-18,5000,5010,4915,4990,45841,-0.5976095617529881,-133,0,2160,-2027,0,36578,0,5569,3694,45841,36711,0,3409,5721,45841,-640675,0,10755775,-10115100,0,181588170,0,27678620,18326210,227593000,182228845,0,16922845,28441310,227593000
2022-07-19,4965,4990,4950,4990,58449,0.0,3530,-4431,-2062,2963,0,49360,0,3844,5245,58449,45830,4431,5906,2282,58449,17496755,-22021300,-10241910,14766455,0,245428815,0,19105865,26110035,290644715,227932060,22021300,29347775,11343580,290644715
2022-07-20,4995,4995,4695,4825,389454,-3.306613226452906,-115756,500,92733,22523,0,81373,500,267444,40137,389454,197129,0,174711,17614,389454,-545632320,2397500,435833235,107401585,0,395100415,2397500,1273280795,192178110,1862956820,940732735,0,837447560,84776525,1862956820
2022-07-21,4835,4850,4785,4850,87933,0.5181347150259068,10405,0,-4332,-6073,0,62004,0,25444,485,87933,51599,0,29776,6558,87933,49914050,0,-20739805,-29174245,0,297934715,0,122323580,2337610,422595905,248020665,0,143063385,31511855,422595905
2022-07-22,4850,4850,4790,4805,57430,-0.9278350515463918,9251,-4471,1871,-6651,0,47751,0,9678,1,57430,38500,4471,7807,6652,57430,44547680,-21544770,9022990,-32025900,0,229828380,0,46598035,4805,276431220,185280700,21544770,37575045,32030705,276431220
2022-07-25,4805,4805,4645,4770,81945,-0.72840790842872,-21853,0,35119,-13266,0,32358,0,48321,1266,81945,54211,0,13202,14532,81945,-101706150,0,164424050,-62717900,0,153315065,0,226920140,5950425,386185630,255021215,0,62496090,68668325,386185630
2022-07-26,4735,4770,4650,4685,84335,-1.781970649895178,-16296,-230,24052,-7526,0,28217,0,55708,410,84335,44513,230,31656,7936,84335,-76053330,-1087900,112331730,-35190500,0,131946495,0,260489240,1917695,394353430,207999825,1087900,148157510,37108195,394353430
2022-07-27,4640,4695,4635,4680,34127,-0.10672358591248667,-6120,0,10219,-4099,0,13794,0,20325,8,34127,19914,0,10106,4107,34127,-28595340,0,47667725,-19072385,0,64299655,0,94725740,37160,159062555,92894995,0,47058015,19109545,159062555
2022-07-28,4685,4710,4655,4655,55589,-0.5341880341880342,-12025,-541,15082,-2516,0,18677,0,35354,1558,55589,30702,541,20272,4074,55589,-56301420,-2533700,70651690,-11816570,0,87400385,0,165344550,7281825,260026760,143701805,2533700,94692860,19098395,260026760
2022-07-29,4660,4735,4660,4730,51783,1.611170784103115,-3019,-4795,5272,2542,0,22257,6,25094,4426,51783,25276,4801,19822,1884,51783,-13798530,-22512330,24491250,11819610,0,104726880,28110,117717270,20720940,243193200,118525410,22540440,93226020,8901330,243193200
2022-08-01,4730,4855,4720,4855,30461,2.6427061310782243,1895,0,432,-2327,0,18308,0,8745,3408,30461,16413,0,8313,5735,30461,9667055,0,1636915,-11303970,0,87804755,0,41546030,16245965,145596750,78137700,0,39909115,27549935,145596750
2022-08-02,4865,4865,4800,4825,18772,-0.6179196704428425,-4344,369,4097,-122,0,6942,369,11387,74,18772,11286,0,7290,196,18772,-20894870,1771385,19715600,-592115,0,33632875,1771385,55083705,355665,90843630,54527745,0,35368105,947780,90843630
2022-08-03,4860,4860,4780,4785,92634,-0.8290155440414507,-34855,1,25428,9426,0,51958,1,28896,11779,92634,86813,0,3468,2353,92634,-166963070,4780,121850915,45107375,0,249073575,4780,138452245,56436400,443967000,416036645,0,16601330,11329025,443967000
2022-08-04,4825,4845,4755,4835,20203,1.044932079414838,-669,-1884,4108,-1555,0,8189,0,11469,545,20203,8858,1884,7361,2100,20203,-3032535,-9065520,19627480,-7529425,0,39461200,0,55149205,2606860,97217265,42493735,9065520,35521725,10136285,97217265
2022-08-05,4860,4860,4755,4795,42267,-0.8273009307135472,-1044,-4,3494,-2446,0,19070,26,23168,3,42267,20114,30,19674,2449,42267,-5090580,-20700,16834940,-11723660,0,91436150,124110,111033500,14375,202608135,96526730,144810,94198560,11738035,202608135
2022-08-08,4825,4825,4775,4785,9271,-0.20855057351407716,-2521,-1800,4950,-629,0,2749,0,6516,6,9271,5270,1800,1566,635,9271,-12032090,-8606250,23651295,-3012955,0,13152405,0,31149260,28685,44330350,25184495,8606250,7497965,3041640,44330350
2022-08-09,4785,4785,4750,4770,17231,-0.3134796238244514,-2143,-1383,3937,-411,0,1790,1,15439,1,17231,3933,1384,11502,412,17231,-10187090,-6590215,18733655,-1956350,0,8522725,4755,73520155,4770,82052405,18709815,6594970,54786500,1961120,82052405
2022-08-10,4770,4770,4755,4770,20253,0.0,11329,5,-11356,22,0,13011,5,7215,22,20253,1682,0,18571,0,20253,54039195,23780,-54167640,104665,0,62052160,23780,34390405,104665,96571010,8012965,0,88558045,0,96571010
2022-08-11,4815,4820,4770,4790,21718,0.41928721174004197,-1047,1459,-105,-307,0,10002,1459,9906,351,21718,11049,0,10011,658,21718,-4953640,6972425,-542200,-1476585,0,47827235,6972425,47354640,1677025,103831325,52780875,0,47896840,3153610,103831325
2022-08-12,4795,4900,4770,4800,212852,0.20876826722338201,-166037,2,143891,22144,0,18187,2,166065,28598,212852,184224,0,22174,6454,212852,-797106605,9575,690443280,106653750,0,87328455,9575,797375350,137653470,1022366850,884435060,0,106932070,30999720,1022366850
2022-08-16,4800,4865,4780,4840,45498,0.8333333333333334,9532,8,-6771,-2769,0,27881,9,14718,2890,45498,18349,1,21489,5659,45498,46400215,38390,-33009640,-13428965,0,134842490,43205,71434390,13897920,220218005,88442275,4815,104444030,27326885,220218005
2022-08-17,4890,4895,4785,4835,33776,-0.10330578512396695,3186,7613,-7887,-2912,0,9949,7613,15935,279,33776,6763,0,23822,3191,33776,15377930,36548590,-37888770,-14037750,0,47930065,36548590,76709845,1341360,162529860,32552135,0,114598615,15379110,162529860
2022-08-18,4850,4875,4800,4860,19557,0.5170630816959669,2304,0,-201,-2103,0,6972,0,12584,1,19557,4668,0,12785,2104,19557,11220555,0,-1032105,-10188450,0,33872740,0,61032805,4860,94910405,22652185,0,62064910,10193310,94910405
2022-08-19,4860,4890,4845,4890,11163,0.6172839506172839,4222,0,-3213,-1009,0,5478,0,5658,27,11163,1256,0,8871,1036,11163,20625940,0,-15700640,-4925300,0,26741835,0,27569325,131200,54442360,6115895,0,43269965,5056500,54442360
2022-08-22,4920,4920,4835,4870,9366,-0.408997955010225,4139,0,-2268,-1871,0,4143,0,5094,129,9366,4,0,7362,2000,9366,20149900,0,-11033415,-9116485,0,20169380,0,24763690,628135,45561205,19480,0,35797105,9744620,45561205
2022-08-23,4920,4920,4800,4865,10677,-0.10266940451745381,5481,0,-5454,-27,0,7190,0,3486,1,10677,1709,0,8940,28,10677,26640485,0,-26509210,-131275,0,34958765,0,16860405,4865,51824035,8318280,0,43369615,136140,51824035
2022-08-24,4920,4920,4780,4830,34578,-0.7194244604316548,-8287,4559,4985,-1257,0,9411,4559,20565,43,34578,17698,0,15580,1300,34578,-40072950,21807060,24332080,-6066190,0,45179475,21807060,99055055,206035,166247625,85252425,0,74722975,6272225,166247625
2022-08-25,4830,4830,4755,4825,10490,-0.10351966873706005,-291,0,-446,737,0,3176,0,6272,1042,10490,3467,0,6718,305,10490,-1385810,0,-2162345,3548155,0,15305335,0,30155595,5021305,50482235,16691145,0,32317940,1473150,50482235
2022-08-26,4825,4855,4795,4855,19311,0.6217616580310881,3252,0,-3399,147,0,6005,0,12713,593,19311,2753,0,16112,446,19311,15634310,0,-16334005,699695,0,28903885,0,61136855,2849375,92890115,13269575,0,77470860,2149680,92890115
2022-08-29,4850,4850,4750,4800,11542,-1.132852729145211,-444,16,1317,-889,0,1903,16,9337,286,11542,2347,0,8020,1175,11542,-2132270,76610,6321610,-4265950,0,9109260,76610,44647840,1363870,55197580,11241530,0,38326230,5629820,55197580
2022-08-30,4810,4810,4745,4795,22013,-0.10416666666666667,-1482,11,2786,-1315,0,4277,11,17703,22,22013,5759,0,14917,1337,22013,-7013940,52260,13217060,-6255380,0,20375040,52260,84257390,104650,104789340,27388980,0,71040330,6360030,104789340
2022-08-31,4840,4845,4720,4765,8068,-0.6256517205422315,721,0,206,-927,0,2353,0,5714,1,8068,1632,0,5508,928,8068,3417310,0,996190,-4413500,0,11170175,0,27145005,4765,38319945,7752865,0,26148815,4418265,38319945
2022-09-01,4765,4770,4655,4695,33890,-1.4690451206715633,-1546,9,2854,-1317,0,13206,9,20667,8,33890,14752,0,17813,1325,33890,-7234695,42215,13367560,-6175080,0,62105295,42215,96971985,37605,159157100,69339990,0,83604425,6212685,159157100
2022-09-02,4725,4725,4645,4665,25341,-0.6389776357827476,-15737,12,16583,-858,0,4078,12,21242,9,25341,19815,0,4659,867,25341,-73216180,56000,77180290,-4020110,0,19079300,56000,99011000,41945,118188245,92295480,0,21830710,4062055,118188245
2022-09-05,4665,4685,4620,4620,20540,-0.964630225080386,-15782,1013,15211,-442,0,881,1013,18518,128,20540,16663,0,3307,570,20540,-73091305,4710230,70431455,-2050380,0,4087965,4710230,85777425,591910,95167530,77179270,0,15345970,2642290,95167530
2022-09-06,4640,4700,4640,4700,8217,1.7316017316017316,-7,0,20,-13,0,1605,0,5106,1506,8217,1612,0,5086,1519,8217,-45195,0,111975,-66780,0,7484540,0,23898835,7013575,38396950,7529735,0,23786860,7080355,38396950
2022-09-07,4705,4705,4635,4635,12205,-1.3829787234042552,-3097,4,3176,-83,0,2334,4,9790,77,12205,5431,0,6614,160,12205,-14393635,18610,14764865,-389840,0,10893330,18610,45622335,358160,56892435,25286965,0,30857470,748000,56892435
2022-09-08,4695,4695,4600,4690,19104,1.186623516720604,-6001,8,4680,1313,0,1386,8,15998,1712,19104,7387,0,11318,399,19104,-28157735,37235,22009415,6111085,0,6436940,37235,74610780,7980880,89065835,34594675,0,52601365,1869795,89065835
2022-09-13,4690,4700,4650,4680,25094,-0.21321961620469082,-6529,-294,7936,-1113,0,11982,2,13109,1,25094,18511,296,5173,1114,25094,-30509230,-1371520,37089575,-5208825,0,55954210,9320,61276120,4670,117244320,86463440,1380840,24186545,5213495,117244320
2022-09-14,4650,4745,4640,4675,12479,-0.10683760683760685,1,0,-1114,1113,0,7070,0,3998,1411,12479,7069,0,5112,298,12479,33120,0,-5207660,5174540,0,33111765,0,18691195,6574090,58377050,33078645,0,23898855,1399550,58377050
2022-09-15,4650,4695,4615,4620,17009,-1.1764705882352942,-6844,0,7329,-485,0,3040,0,13953,16,17009,9884,0,6624,501,17009,-31702360,0,33960220,-2257860,0,14099845,0,64645070,73965,78818880,45802205,0,30684850,2331825,78818880
2022-09-16,4670,4670,4550,4555,31748,-1.406926406926407,-4557,3010,2875,-1328,0,10464,3010,16599,1675,31748,15021,0,13724,3003,31748,-20397710,13835985,12726460,-6164735,0,48600320,13835985,76248130,7707870,146392305,68998030,0,63521670,13872605,146392305
2022-09-19,4660,4660,4555,4555,21175,0.0,2733,3001,-5062,-672,0,10725,3001,7309,140,21175,7992,0,12371,812,21175,12606560,13774850,-23295895,-3085515,0,49185145,13774850,33397080,640640,96997715,36578585,0,56692975,3726155,96997715
2022-09-20,4645,4715,4505,4650,36295,2.0856201975850714,1459,3000,-8460,4001,0,8090,3000,19929,5276,36295,6631,0,28389,1275,36295,6739470,13882310,-38775170,18153390,0,37370895,13882310,91593525,24059360,166906090,30631425,0,130368695,5905970,166906090
2022-09-21,4735,4735,4565,4575,15038,-1.6129032258064515,-3949,3000,1673,-724,0,5143,3000,6677,218,15038,9092,0,5004,942,15038,-18124490,13814645,7638615,-3328770,0,23662225,13814645,30651080,1007230,69135180,41786715,0,23012465,4336000,69135180
2022-09-22,4680,4680,4550,4555,10648,-0.4371584699453552,-5625,3652,2806,-833,0,71,3652,6338,587,10648,5696,0,3532,1420,10648,-25644170,16691120,12797720,-3844670,0,325045,16691120,28947520,2678160,48641845,25969215,0,16149800,6522830,48641845
2022-09-23,4630,4685,4500,4590,39551,0.7683863885839737,8254,-11971,3839,-122,0,21505,2029,13135,2882,39551,13251,14000,9296,3004,39551,38089360,-54035830,16656205,-709735,0,98371245,9220465,59298210,13130725,180020645,60281885,63256295,42642005,13840460,180020645
2022-09-26,4560,4590,4500,4505,23230,-1.8518518518518516,-2752,4000,-3088,1840,0,6693,4000,10068,2469,23230,9445,0,13156,629,23230,-12343375,18150710,-14144620,8337285,0,30432260,18150710,45499115,11203385,105285470,42775635,0,59643735,2866100,105285470
2022-09-27,4505,4505,4400,4400,31252,-2.3307436182019976,-20001,3002,16201,798,0,2114,3002,24369,1767,31252,22115,0,8168,969,31252,-89210120,13429495,72331785,3448840,0,9412365,13429495,108823630,7799875,139465365,98622485,0,36491845,4351035,139465365
2022-09-28,4500,4500,4340,4400,41399,0.0,-16523,2958,14950,-1385,0,5556,2958,29658,3227,41399,22079,0,14708,4612,41399,-72187020,12986690,65397335,-6197005,0,24492375,12986690,129948055,14078665,181505785,96679395,0,64550720,20275670,181505785
2022-09-29,4500,4500,4365,4365,21003,-0.7954545454545454,-2248,1500,-1225,1973,0,4294,1500,11101,4108,21003,6542,0,12326,2135,21003,-9748010,6589350,-5495615,8654275,0,18918305,6589350,48661870,18029575,92199100,28666315,0,54157485,9375300,92199100
2022-09-30,4365,4395,4305,4320,21037,-1.0309278350515463,-3197,-599,6812,-3016,0,8305,1,12039,692,21037,11502,600,5227,3708,21037,-13791455,-2628305,29474530,-13054770,0,36090425,4375,52140270,3005320,91240390,49881880,2632680,22665740,16060090,91240390
2022-10-04,4370,4370,4240,4270,43613,-1.1574074074074074,-12452,-5292,20442,-2698,0,7906,108,34373,1226,43613,20358,5400,13931,3924,43613,-53317055,-22770060,87613730,-11526615,0,33895090,468180,147248915,5236890,186849075,87212145,23238240,59635185,16763505,186849075
2022-10-05,4340,4340,4230,4235,19183,-0.819672131147541,-7818,750,9270,-2202,0,4919,750,13501,13,19183,12737,0,4231,2215,19183,-33192800,3196425,39391700,-9395325,0,20937195,3196425,57410575,55165,81599360,54129995,0,18018875,9450490,81599360
2022-10-06,4240,4255,4100,4185,45055,-1.1806375442739079,-16700,1067,17533,-1900,0,12706,1067,30589,693,45055,29406,0,13056,2593,45055,-68995130,4455435,72507390,-7967695,0,53444765,4455435,127257950,2879795,188037945,122439895,0,54750560,10847490,188037945
2022-10-07,4185,4255,4070,4175,24472,-0.23894862604540024,-5864,700,5857,-693,0,11628,700,8840,3304,24472,17492,0,2983,3997,24472,-23868605,2881920,23966060,-2979375,0,48024005,2881920,36281475,13526230,100713630,71892610,0,12315415,16505605,100713630
2022-10-11,4175,4175,3940,3970,71059,-4.910179640718563,-29004,1000,37580,-9576,0,17436,1000,50046,2577,71059,46440,0,12466,12153,71059,-115861610,4008900,150036345,-38183635,0,69667150,4008900,199826530,10316125,283818705,185528760,0,49790185,48499760,283818705
2022-10-12,3935,3965,3680,3740,265502,-5.793450881612091,-84157,6989,115027,-37859,0,93976,7216,143817,20493,265502,178133,227,28790,58352,265502,-313497090,25945045,428657475,-141105430,0,349855480,26796295,536403080,76755425,989810280,663352570,851250,107745605,217860855,989810280
2022-10-13,3785,3785,3510,3510,252158,-6.149732620320856,-83888,-2166,100780,-14726,0,100844,3544,118354,29416,252158,184732,5710,17574,44142,252158,-297649755,-7683310,358654685,-53321620,0,357846140,12610080,421105185,104051735,895613140,655495895,20293390,62450500,157373355,895613140
2022-10-14,3515,3605,3385,3565,156236,1.566951566951567,-80464,3816,68862,7786,0,32896,4816,100013,18511,156236,113360,1000,31151,10725,156236,-274097455,12869290,234323325,26904840,0,113473920,16369375,341465515,63746425,535055235,387571375,3500085,107142190,36841585,535055235
2022-10-17,3510,3510,3330,3450,177121,-3.225806451612903,-51992,-3623,57930,-2315,0,79696,4494,79125,13806,177121,131688,8117,21195,16121,177121,-174227970,-12553755,194696245,-7914520,0,271252240,15174205,267445985,47259605,601132035,445480210,27727960,72749740,55174125,601132035
2022-10-18,3495,3535,3380,3500,194090,1.4492753623188406,-34830,0,10425,24405,0,121328,0,31221,41541,194090,156158,0,20796,17136,194090,-118784200,0,35141110,83643090,0,418302080,0,107273185,142843610,668418875,537086280,0,72132075,59200520,668418875
2022-10-19,3545,3545,3455,3500,154858,0.0,6310,-4055,6539,-8794,0,129751,1990,13009,10108,154858,123441,6045,6470,18902,154858,22045620,-14252950,22859275,-30651945,0,453786780,6965000,45533735,35464035,541749550,431741160,21217950,22674460,66115980,541749550
2022-10-20,3500,3500,3395,3410,92033,-2.571428571428571,21458,0,-10274,-11184,0,70473,0,17665,3895,92033,49015,0,27939,15079,92033,73705250,0,-35316920,-38388330,0,241378465,0,60363810,13334865,315077140,167673215,0,95680730,51723195,315077140
2022-10-21,3410,3430,3320,3355,74796,-1.6129032258064515,2691,6,20809,-23506,0,46260,6,27703,827,74796,43569,0,6894,24333,74796,9450050,20010,69546430,-79016490,0,155451195,20010,92712645,2782075,250965925,146001145,0,23166215,81798565,250965925
2022-10-24,3330,3490,3330,3415,53234,1.7883755588673622,-4518,1,-4717,9234,0,29666,1,8061,15506,53234,34184,0,12778,6272,53234,-15526615,3425,-16391710,31914900,0,102058805,3425,27602260,53500735,183165225,117585420,0,43993970,21585835,183165225
2022-10-25,3425,3460,3400,3440,35419,0.7320644216691069,4912,-3953,6501,-7460,0,24874,2,10543,0,35419,19962,3955,4042,7460,35419,16908995,-13519285,22190285,-25579995,0,85323875,6815,36089420,0,121420110,68414880,13526100,13899135,25579995,121420110
2022-10-26,3440,3490,3400,3455,43899,0.436046511627907,1535,2037,-2702,-870,0,30132,2037,8408,3322,43899,28597,0,11110,4192,43899,5373450,7002185,-9377885,-2997750,0,103939630,7002185,28942790,11448780,151333385,98566180,0,38320675,14446530,151333385
2022-10-27,3455,3545,3440,3515,68796,1.7366136034732274,-19796,1510,2768,15518,0,33272,3010,15533,16981,68796,53068,1500,12765,1463,68796,-69359065,5345105,9709245,54304715,0,116541705,10595200,54422420,59433905,240993230,185900770,5250095,44713175,5129190,240993230
2022-10-28,3510,3555,3485,3555,57884,1.1379800853485065,15268,-718,-10727,-3823,0,44279,0,12007,1598,57884,29011,718,22734,5421,57884,54225575,-2530820,-38240045,-13454710,0,156562755,0,42302910,5625835,204491500,102337180,2530820,80542955,19080545,204491500
2022-10-31,3555,3620,3505,3510,53108,-1.2658227848101267,4251,-1000,-25,-3226,0,41186,0,8402,3520,53108,36935,1000,8427,6746,53108,15722990,-3550000,-494350,-11678640,0,147105190,0,29762395,12437935,189305520,131382200,3550000,30256745,24116575,189305520
2022-11-01,3530,3615,3495,3600,125379,2.564102564102564,-8435,0,5057,3378,0,100600,0,12786,11993,125379,109035,0,7729,8615,125379,-29848360,0,17985185,11863175,0,360264485,0,45630095,42700970,448595550,390112845,0,27644910,30837795,448595550
2022-11-02,3600,3620,3560,3600,53415,0.0,157,0,-602,445,0,44167,0,4987,4261,53415,44010,0,5589,3816,53415,468820,0,-2175350,1706530,0,159093205,0,17991850,15397485,192482540,158624385,0,20167200,13690955,192482540
2022-11-03,3600,3600,3505,3590,36784,-0.2777777777777778,2807,7,4077,-6891,0,27815,7,5924,3038,36784,25008,0,1847,9929,36784,10114250,24605,14431175,-24570030,0,98919325,24605,20987980,10728550,130660460,88805075,0,6556805,35298580,130660460
2022-11-04,3590,3750,3555,3740,75591,4.178272980501393,15708,0,-11904,-3804,0,61731,0,6282,7578,75591,46023,0,18186,11382,75591,57883780,0,-44016615,-13867165,0,226020605,0,22540430,27615895,276176930,168136825,0,66557045,41483060,276176930
2022-11-07,3740,3740,3650,3680,29138,-1.6042780748663104,-614,-400,2246,-1232,0,22278,600,6240,20,29138,22892,1000,3994,1252,29138,-2292250,-1475000,8319475,-4552225,0,82303140,2220000,23074535,73900,107671575,84595390,3695000,14755060,4626125,107671575
2022-11-08,3675,3700,3635,3635,40754,-1.2228260869565217,-15237,0,15303,-66,0,14738,0,24150,1866,40754,29975,0,8847,1932,40754,-55913070,0,56157920,-244850,0,54105210,0,88700340,6874900,149680450,110018280,0,32542420,7119750,149680450
2022-11-09,3630,3700,3605,3700,30169,1.7881705639614855,-1722,-18,1513,227,0,25393,0,4090,686,30169,27115,18,2577,459,30169,-6292780,-65700,5555145,803335,0,92886770,0,14957340,2492370,110336480,99179550,65700,9402195,1689035,110336480
2022-11-10,3700,3700,3600,3610,53641,-2.4324324324324325,-23437,0,14668,8769,0,21297,0,23162,9182,53641,44734,0,8494,413,53641,-84701885,0,53066025,31635860,0,78177355,0,84017210,33153375,195347940,162879240,0,30951185,1517515,195347940
2022-11-11,3615,3880,3615,3840,114619,6.3711911357340725,-20533,1205,3984,15344,0,58974,1205,32538,21902,114619,79507,0,28554,6558,114619,-76316915,4584520,14528040,57204355,0,222544430,4584520,122345210,81881645,431355805,298861345,0,107817170,24677290,431355805
2022-11-14,3840,3840,3750,3800,39655,-1.0416666666666665,-3748,0,12096,-8348,0,22474,0,16326,855,39655,26222,0,4230,9203,39655,-14149305,0,45588510,-31439205,0,84710095,0,61475675,3216190,149401960,98859400,0,15887165,34655395,149401960
2022-11-15,3665,3810,3665,3810,47999,0.2631578947368421,8836,0,-7351,-1485,0,29724,0,14049,4226,47999,20888,0,21400,5711,47999,33322855,0,-27354390,-5968465,0,112324655,0,51761110,15670900,179756665,79001800,0,79115500,21639365,179756665
2022-11-16,3810,3850,3785,3830,47302,0.5249343832020997,-6942,5231,2788,-1077,0,32885,5231,5676,3510,47302,39827,0,2888,4587,47302,-26360240,20053005,10519320,-4212085,0,125487230,20053005,21589765,13341180,180471180,151847470,0,11070445,17553265,180471180
2022-11-17,3830,3840,3785,3840,24840,0.26109660574412535,2543,0,-1548,-995,0,22799,0,1908,133,24840,20256,0,3456,1128,24840,9669925,0,-5896340,-3773585,0,86651430,0,7249920,504070,94405420,76981505,0,13146260,4277655,94405420
2022-11-18,3840,3855,3810,3855,33360,0.390625,1569,0,419,-1988,0,26229,0,5158,1973,33360,24660,0,4739,3961,33360,6092580,0,1515340,-7607920,0,100776300,0,19728200,7583385,128087885,94683720,0,18212860,15191305,128087885
2022-11-21,3870,3870,3775,3850,51047,-0.12970168612191957,447,0,5304,-5751,0,45187,0,5799,61,51047,44740,0,495,5812,51047,1737265,0,20306130,-22043395,0,173366625,0,22203140,232565,195802330,171629360,0,1897010,22275960,195802330
2022-11-22,3875,3875,3820,3875,42276,0.6493506493506493,-4551,0,5219,-668,0,34841,0,7428,7,42276,39392,0,2209,675,42276,-17407035,0,19965500,-2558465,0,133555685,0,28457430,26775,162039890,150962720,0,8491930,2585240,162039890
2022-11-23,3875,3875,3810,3815,47059,-1.5483870967741935,-20608,0,21999,-1391,0,21254,0,24949,856,47059,41862,0,2950,2247,47059,-78958480,0,84333145,-5374665,0,81665565,0,95655220,3274625,180595410,160624045,0,11322075,8649290,180595410
2022-11-24,3815,3825,3715,3825,41222,0.2621231979030144,-8572,82,11801,-3311,0,24536,82,15662,942,41222,33108,0,3861,4253,41222,-31989020,307495,44261360,-12579835,0,93019625,307495,58872735,3531920,155731775,125008645,0,14611375,16111755,155731775
2022-11-25,3825,3825,3745,3810,55438,-0.39215686274509803,-7795,-8291,6310,9776,0,23362,1669,18459,11948,55438,31157,9960,12149,2172,55438,-28691580,-31510390,23619765,36582205,0,88651085,6338475,69637455,44835565,209462580,117342665,37848865,46017690,8253360,209462580
2022-11-28,3810,3810,3760,3800,22551,-0.26246719160104987,1585,596,271,-2452,0,17178,596,4766,11,22551,15593,0,4495,2463,22551,6012225,2270750,1005125,-9288100,0,65157090,2270750,18054885,41725,85524450,59144865,0,17049760,9329825,85524450
2022-11-29,3800,3805,3750,3775,50779,-0.6578947368421052,20507,-9718,-10344,-445,0,41651,0,6503,2625,50779,21144,9718,16847,3070,50779,77968295,-36928430,-39384865,-1655000,0,158024385,0,24510200,9971340,192505925,80056090,36928430,63895065,11626340,192505925
2022-11-30,3775,3780,3745,3780,34776,0.13245033112582782,-11155,0,11458,-303,0,19196,0,14699,881,34776,30351,0,3241,1184,34776,-41792765,0,42950105,-1157340,0,72311655,0,55165875,3308215,130785745,114104420,0,12215770,4465555,130785745
2022-12-01,3780,3805,3750,3800,111163,0.5291005291005291,-28641,-23081,39200,12522,0,37122,0,56933,17108,111163,65763,23081,17733,4586,111163,-108492385,-87707800,148627305,47572880,0,140850235,0,215893955,64902025,421646215,249342620,87707800,67266650,17329145,421646215
2022-12-02,3805,3805,3750,3785,68135,-0.39473684210526316,-17175,262,17533,-620,0,37305,262,21699,8869,68135,54480,0,4166,9489,68135,-64492660,992980,65998390,-2498710,0,140742360,992980,81729070,33281110,256745520,205235020,0,15730680,35779820,256745520
2022-12-05,3785,3890,3770,3800,120107,0.3963011889035667,-16387,1583,4419,10385,0,74679,2493,25475,17460,120107,91066,910,21056,7075,120107,-62266810,5940700,16644840,39681270,0,284374185,9398610,96930990,66528375,457232160,346640995,3457910,80286150,26847105,457232160
2022-12-06,3800,3800,3770,3800,36849,0.0,-2498,6,6428,-3936,0,22589,6,12736,1518,36849,25087,0,6308,5454,36849,-9484215,22625,24317225,-14855635,0,85579065,22625,48180520,5735845,139518055,95063280,0,23863295,20591480,139518055
2022-12-07,3800,3810,3765,3810,52246,0.2631578947368421,7145,0,4702,-11847,0,39404,0,12684,158,52246,32259,0,7982,12005,52246,27010380,0,17755965,-44766345,0,149343245,0,47990250,598820,197932315,122332865,0,30234285,45365165,197932315
2022-12-08,3800,3800,3755,3800,29780,-0.26246719160104987,-5844,239,10116,-4511,0,16116,239,11734,1691,29780,21960,0,1618,6202,29780,-21999845,901335,38128485,-17029975,0,60841105,901335,44254985,6389085,112386510,82840950,0,6126500,23419060,112386510
2022-12-09,3800,3810,3760,3800,30394,0.0,-9742,0,11898,-2156,0,14417,0,14071,1906,30394,24159,0,2173,4062,30394,-36823835,0,44920675,-8096840,0,54638030,0,53149950,7227615,115015595,91461865,0,8229275,15324455,115015595
2022-12-12,3800,3800,3780,3780,16151,-0.5263157894736842,-1163,0,5780,-4617,0,9229,0,6922,0,16151,10392,0,1142,4617,16151,-4415070,0,21906750,-17491680,0,34983870,0,26233815,0,61217685,39398940,0,4327065,17491680,61217685
2022-12-13,3780,3800,3775,3800,18036,0.5291005291005291,3969,-198,-1695,-2076,0,15944,0,2092,0,18036,11975,198,3787,2076,18036,15053020,-752400,-6431970,-7868650,0,60457735,0,7920015,0,68377750,45404715,752400,14351985,7868650,68377750
2022-12-14,3775,3875,3760,3860,54290,1.5789473684210527,-7882,-11735,10377,9240,0,30724,0,12884,10682,54290,38606,11735,2507,1442,54290,-30007030,-44770985,39438690,35339325,0,117475750,0,48972230,40874125,207322105,147482780,44770985,9533540,5534800,207322105
2022-12-15,3860,3860,3800,3825,38921,-0.9067357512953367,-20757,1138,21560,-1941,0,10035,1138,25758,1990,38921,30792,0,4198,3931,38921,-79115685,4341470,82180280,-7406065,0,38304785,4341470,98177620,7594855,148418730,117420470,0,15997340,15000920,148418730
2022-12-16,3825,3825,3740,3760,36236,-1.6993464052287581,-20350,0,23397,-3047,0,10258,0,23945,2033,36236,30608,0,548,5080,36236,-76467860,0,87992825,-11524965,0,38682935,0,90056530,7654785,136394250,115150795,0,2063705,19179750,136394250
2022-12-19,3760,3760,3680,3750,59749,-0.26595744680851063,-13819,1,11542,2276,0,31436,1,18034,10278,59749,45255,0,6492,8002,59749,-50701250,3710,42397670,8299870,0,116883055,3710,66627845,38049840,221564450,167584305,0,24230175,29749970,221564450
2022-12-20,3755,3755,3650,3735,30938,-0.4,-9198,2670,6104,424,0,16798,2670,9091,2379,30938,25996,0,2987,1955,30938,-34030245,10012355,22546530,1471360,0,62582170,10012355,33663860,8740745,114999130,96612415,0,11117330,7269385,114999130
2022-12-21,3735,3735,3665,3720,18901,-0.4016064257028112,-5455,-141,8575,-2979,0,8799,0,9831,271,18901,14254,141,1256,3250,18901,-20021065,-517470,31601440,-11062905,0,32556145,0,36238160,996575,69790880,52577210,517470,4636720,12059480,69790880
2022-12-22,3725,3750,3685,3750,30142,0.8064516129032258,-4731,0,3445,1286,0,22751,0,5746,1645,30142,27482,0,2301,359,30142,-17422055,0,12668730,4753325,0,84875255,0,21262110,6096340,112233705,102297310,0,8593380,1343015,112233705
2022-12-23,3765,3765,3695,3750,26076,0.0,1222,0,1230,-2452,0,21962,0,4081,33,26076,20740,0,2851,2485,26076,4607265,0,4506310,-9113575,0,81986655,0,15165430,122270,97274355,77379390,0,10659120,9235845,97274355
2022-12-26,3760,3800,3710,3710,37542,-1.0666666666666667,-13391,0,10970,2421,0,17594,0,16674,3274,37542,30985,0,5704,853,37542,-50181645,0,41101100,9080545,0,65981715,0,62441025,12284140,140706880,116163360,0,21339925,3203595,140706880
2022-12-27,3760,3835,3720,3825,42794,3.0997304582210243,-1640,-200,-1156,2996,0,24411,0,14864,3519,42794,26051,200,16020,523,42794,-5253935,-750000,-5226415,11230350,0,92903355,0,55628355,13189205,161720915,98157290,750000,60854770,1958855,161720915
2022-12-28,3790,3790,3695,3750,43723,-1.9607843137254901,24284,0,-26839,2555,0,33552,0,4463,5708,43723,9268,0,31302,3153,43723,91285945,0,-100657750,9371805,0,125963520,0,16685665,21212585,163861770,34677575,0,117343415,11840780,163861770
2022-12-29,3775,3775,3630,3645,25853,-2.8000000000000003,-9164,86,10755,-1677,0,10812,86,14524,431,25853,19976,0,3769,2108,25853,-33419020,313030,39281840,-6175850,0,39512095,313030,53054725,1573095,94452945,72931115,0,13772885,7748945,94452945
2023-01-02,3645,3795,3640,3765,37739,3.292181069958848,5718,501,-476,-5743,0,22163,501,13812,1263,37739,16445,0,14288,7006,37739,21377505,1831180,-1805235,-21403450,0,82430290,1831180,50837350,4613275,139712095,61052785,0,52642585,26016725,139712095
2023-01-03,3800,3845,3655,3825,60622,1.593625498007968,-2446,9951,-3002,-4503,0,35873,10030,7269,7450,60622,38319,79,10271,11953,60622,-8180980,36793565,-11736475,-16876110,0,134335810,37096925,26901285,27858000,226192020,142516790,303360,38637760,44734110,226192020
2023-01-04,3830,3830,3710,3780,24986,-1.1764705882352942,-1476,0,1730,-254,0,11671,0,11344,1971,24986,13147,0,9614,2225,24986,-5482965,0,6461475,-978510,0,43797750,0,42528375,7368515,93694640,49280715,0,36066900,8347025,93694640
2023-01-05,3790,3870,3760,3860,39631,2.1164021164021163,6678,-79,-11204,4605,0,25163,1,5372,9095,39631,18485,80,16576,4490,39631,25669050,-302600,-42857130,17490680,0,96221020,3800,20464740,34632220,151321780,70551970,306400,63321870,17141540,151321780
2023-01-06,3860,3960,3830,3945,34220,2.2020725388601035,12962,0,-16456,3494,0,24869,0,4624,4727,34220,11907,0,21080,1233,34220,50879145,0,-64437150,13558005,0,97461460,0,18081495,18408915,133951870,46582315,0,82518645,4850910,133951870
2023-01-09,3945,3970,3925,3965,27310,0.5069708491761723,12192,0,-9891,-2301,0,24772,0,2536,2,27310,12580,0,12427,2303,27310,48215090,0,-39141730,-9073360,0,97875920,0,10002090,7885,107885895,49660830,0,49143820,9081245,107885895
2023-01-10,3965,3965,3905,3960,20681,-0.12610340479192939,2150,0,-2146,-4,0,14412,0,6259,10,20681,12262,0,8405,14,20681,8490215,0,-8474205,-16010,0,56648780,0,24542065,39340,81230185,48158565,0,33016270,55350,81230185
2023-01-11,3955,3965,3900,3945,33925,-0.3787878787878788,8518,0,-7388,-1130,0,29624,0,3999,302,33925,21106,0,11387,1432,33925,33668845,0,-29203255,-4465590,0,116676310,0,15704150,1184695,133565155,83007465,0,44907405,5650285,133565155
2023-01-12,3930,4320,3915,4095,108121,3.802281368821293,48680,-153,-43654,-4873,0,87688,0,11346,9087,108121,39008,153,55000,13960,108121,194884855,-619650,-174097715,-20167490,0,350742520,0,45145860,36251225,432139605,155857665,619650,219243575,56418715,432139605
2023-01-13,4100,4190,4055,4120,38893,0.6105006105006106,8925,-150,-5934,-2841,0,23001,0,13078,2814,38893,14076,150,19012,5655,38893,36765035,-619500,-24394010,-11751525,0,94450215,0,53574210,11469010,159493435,57685180,619500,77968220,23220535,159493435
2023-01-16,4195,4205,4100,4150,44780,0.7281553398058253,5910,-250,-12627,6967,0,23443,1000,8506,11831,44780,17533,1250,21133,4864,44780,24582035,-1102500,-52437870,28958335,0,97325025,4125000,35217905,49143270,185811200,72742990,5227500,87655775,20184935,185811200
2023-01-17,4180,4180,4035,4105,36820,-1.0843373493975903,-5758,1800,10683,-6725,0,13070,1800,18479,3471,36820,18828,0,7796,10196,36820,-23231470,7290510,43339095,-27398135,0,53236910,7290510,75054105,14062290,149643815,76468380,0,31715010,41460425,149643815
2023-01-18,4140,4395,4050,4200,65366,2.3142509135200973,2011,1350,-3456,95,0,23737,22532,12333,6764,65366,21726,21182,15789,6669,65366,8374715,5878840,-14571520,317965,0,98874490,93046000,51726665,28177145,271824300,90499775,87167160,66298185,27859180,271824300
2023-01-19,4285,4285,4070,4185,48485,-0.35714285714285715,-5272,-12050,19540,-2218,0,21057,473,24285,2670,48485,26329,12523,4745,4888,48485,-21757355,-49595585,80808605,-9455665,0,87316385,2007680,100636660,10944430,200905155,109073740,51603265,19828055,20400095,200905155
2023-01-20,4185,4200,4135,4180,33210,-0.11947431302270012,6854,-1749,-2602,-2503,0,24777,1,7160,1272,33210,17923,1750,9762,3775,33210,28859260,-7312105,-11068735,-10478420,0,103411125,4145,29780525,5284700,138480495,74551865,7316250,40849260,15763120,138480495
2023-01-25,4235,4235,4155,4200,47227,0.4784688995215311,12975,-1250,-10862,-863,0,28350,0,18566,311,47227,15375,1250,29428,1174,47227,54374735,-5218750,-45527055,-3628930,0,118714285,0,77564065,1294060,197572410,64339550,5218750,123091120,4922990,197572410
2023-01-26,4200,4210,4135,4200,39127,0.0,11337,-1250,-11323,1236,0,25026,0,8777,5324,39127,13689,1250,20100,4088,39127,47670335,-5222500,-47523545,5075710,0,104988785,0,36676475,22149745,163815005,57318450,5222500,84200020,17074035,163815005
2023-01-27,4155,4345,4155,4220,97607,0.4761904761904762,53106,-500,-50020,-2586,0,77764,0,8560,11283,97607,24658,500,58580,13869,97607,226284710,-2085000,-212812635,-11387075,0,331000275,0,35963165,47934695,414898135,104715565,2085000,248775800,59321770,414898135
2023-01-30,4175,4280,4145,4145,51319,-1.7772511848341233,6033,-4619,280,-1694,0,29928,9,16045,5337,51319,23895,4628,15765,7031,51319,25260545,-19270030,1118825,-7109340,0,125041170,37430,66933910,22287630,214300140,99780625,19307460,65815085,29396970,214300140
2023-01-31,4100,4215,4045,4150,162727,0.12062726176115801,-3124,1,6292,-3169,0,102081,1,29648,30997,162727,105205,0,23356,34166,162727,-11924285,4120,24631125,-12710960,0,420551755,4120,120914605,127362435,668832915,432476040,0,96283480,140073395,668832915
2023-02-01,4140,4265,4055,4060,71745,-2.1686746987951806,-19957,227,20458,-728,0,41442,227,26210,3866,71745,61399,0,5752,4594,71745,-81068900,966350,83105050,-3002500,0,168800990,966350,106622175,15801495,292191010,249869890,0,23517125,18803995,292191010
2023-02-02,4060,4130,4015,4110,56973,1.2315270935960592,-2907,-881,-2878,6666,0,37458,233,9724,9558,56973,40365,1114,12602,2892,56973,-11491795,-3587295,-11930675,27009765,0,152330160,937825,39302550,38707800,231278335,163821955,4525120,51233225,11698035,231278335
2023-02-03,4085,4135,4045,4100,60126,-0.24330900243309003,7388,-3105,8167,-12450,0,41489,3,15890,2744,60126,34101,3108,7723,15194,60126,30395675,-12590790,33172325,-50977210,0,169363665,12150,64644875,11150705,245171395,138967990,12602940,31472550,62127915,245171395
2023-02-06,4030,4100,4005,4050,42354,-1.2195121951219512,-10409,0,12475,-2066,0,14901,0,22664,4789,42354,25310,0,10189,6855,42354,-41521630,0,50000850,-8479220,0,60438400,0,91376615,19262640,171077655,101960030,0,41375765,27741860,171077655
2023-02-07,4015,4100,4005,4090,33075,0.9876543209876543,-8504,-65,7863,706,0,16114,2,15518,1441,33075,24618,67,7655,735,33075,-33864830,-261325,31254000,2872155,0,65073590,8015,62243510,5850410,133175525,98938420,269340,30989510,2978255,133175525
2023-02-08,4030,4105,4015,4090,31185,0.0,1279,78,2385,-3742,0,13817,78,15325,1965,31185,12538,0,12940,5707,31185,5652345,313950,9275980,-15242275,0,56459115,313950,62196620,8011135,126980820,50806770,0,52920640,23253410,126980820
2023-02-09,4050,4075,4015,4020,14078,-1.7114914425427872,-4277,78,6636,-2437,0,3579,78,10343,78,14078,7856,0,3707,2515,14078,-17186195,314340,26679610,-9807755,0,14407380,314340,41624320,313745,56659785,31593575,0,14944710,10121500,56659785
2023-02-10,4050,4065,3980,4030,51077,0.24875621890547264,5581,-6221,10037,-9397,0,29391,0,15163,6523,51077,23810,6221,5126,15920,51077,22683060,-25115865,40151570,-37718765,0,118030570,0,60725195,26154370,204910135,95347510,25115865,20573625,63873135,204910135
2023-02-13,4020,4020,3970,4020,36218,-0.24813895781637718,-3008,-1628,11348,-6712,0,19330,0,14895,1993,36218,22338,1628,3547,8705,36218,-11979265,-6530140,45303580,-26794175,0,77330450,0,59497950,7976940,144805340,89309715,6530140,14194370,34771115,144805340
2023-02-14,4020,4020,3975,3995,31621,-0.6218905472636816,-1407,-3486,10663,-5770,0,17815,16,12772,1018,31621,19222,3502,2109,6788,31621,-5494090,-13911680,42438765,-23032995,0,71152185,63830,50860715,4051760,126128490,76646275,13975510,8421950,27084755,126128490
2023-02-15,3995,4005,3950,3975,40896,-0.5006257822277848,-10346,2819,16215,-8688,0,13993,2819,24071,13,40896,24339,0,7856,8701,40896,-41087880,11187710,64400605,-34500435,0,55579460,11187710,95621345,51480,162439995,96667340,0,31220740,34551915,162439995
2023-02-16,3990,3990,3900,3955,54972,-0.5031446540880503,-17995,12629,20220,-14854,0,13730,12629,27600,1013,54972,31725,0,7380,15867,54972,-70753770,49843905,79468725,-58558860,0,54088960,49843905,108561180,4005895,216499940,124842730,0,29092455,62564755,216499940
2023-02-17,3980,3980,3900,3960,41046,0.12642225031605564,-7309,7,8913,-1611,0,18973,7,18907,3159,41046,26282,0,9994,4770,41046,-28561145,27510,34864035,-6330400,0,74776810,27510,74182005,12428435,161414760,103337955,0,39317970,18758835,161414760
2023-02-20,3980,3980,3875,3895,67905,-1.6414141414141417,-13403,90,18120,-4807,0,26870,90,35145,5800,67905,40273,0,17025,10607,67905,-52097125,349645,70407710,-18660230,0,104435630,349645,136616105,22588010,263989390,156532755,0,66208395,41248240,263989390
2023-02-21,3900,3950,3875,3935,23278,1.0269576379974326,2230,0,4344,-6574,0,13139,0,10139,0,23278,10909,0,5795,6574,23278,8807250,0,16911770,-25719020,0,51577135,0,39653005,0,91230140,42769885,0,22741235,25719020,91230140
2023-02-22,3955,3955,3890,3940,13604,0.12706480304955528,2947,2000,-2189,-2758,0,7781,2000,2760,1063,13604,4834,0,4949,3821,13604,11623065,7853590,-8618680,-10857975,0,30562065,7853590,10797605,4161595,53374855,18939000,0,19416285,15019570,53374855
2023-02-23,3940,3985,3925,3985,15216,1.1421319796954315,8268,0,-5337,-2931,0,9970,0,3191,2055,15216,1702,0,8528,4986,15216,32885440,0,-21202010,-11683430,0,39607860,0,12584940,8108860,60301660,6722420,0,33786950,19792290,60301660
2023-02-24,3985,4020,3945,3975,45761,-0.2509410288582183,13108,-3782,-4422,-4904,0,25134,5,14121,6501,45761,12026,3787,18543,11405,45761,52104385,-15011460,-17622815,-19470110,0,100148770,19860,56157960,25996675,182323265,48044385,15031320,73780775,45466785,182323265
2023-02-27,3975,4010,3905,4010,18854,0.8805031446540881,-37,0,1899,-1862,0,7856,0,8347,2651,18854,7893,0,6448,4513,18854,50040,0,7315500,-7365540,0,31080550,0,32733685,10406230,74220465,31030510,0,25418185,17771770,74220465
2023-02-28,4040,4070,3995,4070,47470,1.4962593516209477,23037,700,-25042,1305,0,35409,700,1923,9438,47470,12372,0,26965,8133,47470,93017025,2822000,-101068245,5229220,0,143149850,2822000,7757965,38087470,191817285,50132825,0,108826210,32858250,191817285
2023-03-02,4070,4075,4020,4070,30428,0.0,15682,2000,-8056,-9626,0,24887,2000,2934,607,30428,9205,0,10990,10233,30428,63734485,8138900,-32745290,-39128095,0,101186960,8138900,11919350,2455615,123700825,37452475,0,44664640,41583710,123700825
2023-03-03,4085,4090,4000,4030,18004,-0.9828009828009828,2636,2000,2333,-6969,0,9246,2000,5888,870,18004,6610,0,3555,7839,18004,10782480,8136545,9433185,-28352210,0,37552315,8136545,23909175,3500220,73098255,26769835,0,14475990,31852430,73098255
2023-03-06,4030,4050,3990,4050,21956,0.49627791563275436,3776,0,-116,-3660,0,20012,0,1560,384,21956,16236,0,1676,4044,21956,15217150,0,-479635,-14737515,0,80540540,0,6266520,1541925,88348985,65323390,0,6746155,16279440,88348985
2023-03-07,4100,4100,4015,4075,37218,0.6172839506172839,15279,-4113,-7764,-3402,0,27556,0,4515,5147,37218,12277,4113,12279,8549,37218,62107850,-16684420,-31493680,-13929750,0,111914710,0,18304040,20784900,151003650,49806860,16684420,49797720,34714650,151003650
2023-03-08,4075,4075,3970,4070,27079,-0.1226993865030675,6588,0,-4296,-2292,0,21035,0,3776,2268,27079,14447,0,8072,4560,27079,26727185,0,-17413315,-9313870,0,85081560,0,15220325,9137500,109439385,58354375,0,32633640,18451370,109439385
2023-03-09,4075,4075,4020,4025,9244,-1.1056511056511056,192,2000,1534,-3726,0,3867,2000,3376,1,9244,3675,0,1842,3727,9244,772880,8085245,6196195,-15054320,0,15602560,8085245,13631875,4035,37323715,14829680,0,7435680,15058355,37323715
2023-03-10,4090,4090,3990,4025,9906,0.0,2353,0,943,-3296,0,5259,0,4647,0,9906,2906,0,3704,3296,9906,9455070,0,3763745,-13218815,0,21099940,0,18622785,0,39722725,11644870,0,14859040,13218815,39722725
2023-03-13,4075,4075,3935,3975,46901,-1.2422360248447204,16948,87,-3825,-13210,0,29055,87,15204,2555,46901,12107,0,19029,15765,46901,67633225,343905,-15204325,-52772805,0,115467035,343905,60220555,10094005,186125500,47833810,0,75424880,62866810,186125500
2023-03-14,4015,4015,3890,3900,27788,-1.8867924528301887,-995,-551,5188,-3642,0,14017,2,12573,1196,27788,15012,553,7385,4838,27788,-3750040,-2152850,20200565,-14297675,0,54922065,7840,49058830,4676490,108665225,58672105,2160690,28858265,18974165,108665225
2023-03-15,3935,3935,3865,3920,42048,0.5128205128205128,8712,-1423,-2193,-5096,0,26892,0,10635,4521,42048,18180,1423,12828,9617,42048,34043735,-5566705,-8589170,-19887860,0,105054685,0,41423620,17637180,164115485,71010950,5566705,50012790,37525040,164115485
2023-03-16,3990,3990,3885,3940,22323,0.5102040816326531,13949,0,-8315,-5634,0,19100,0,1538,1685,22323,5151,0,9853,7319,22323,55280095,0,-32981680,-22298415,0,75592335,0,6011770,6624735,88228840,20312240,0,38993450,28923150,88228840
2023-03-17,3990,3990,3800,3985,50721,1.1421319796954315,6035,0,-903,-5132,0,27411,0,13804,9506,50721,21376,0,14707,14638,50721,25769850,0,-4639585,-21130265,0,108965815,0,53093270,36655005,198714090,83195965,0,57732855,57785270,198714090
2023-03-20,3990,3990,3900,3980,14163,-0.12547051442910914,5454,0,-1980,-3474,0,11854,0,1730,579,14163,6400,0,3710,4053,14163,21699460,0,-7888195,-13811265,0,47071080,0,6828350,2279315,56178745,25371620,0,14716545,16090580,56178745
2023-03-21,3980,4050,3960,4025,37923,1.1306532663316584,22453,-75,-19875,-2503,0,30456,3,1846,5618,37923,8003,78,21721,8121,37923,90227880,-303570,-79844785,-10079525,0,122186580,11940,7348355,22515175,152062050,31958700,315510,87193140,32594700,152062050
2023-03-22,4050,4050,3950,4015,31749,-0.2484472049689441,12578,12,-2994,-9596,0,27329,12,3169,1239,31749,14751,0,6163,10835,31749,50456525,47490,-12033250,-38470765,0,109437610,47490,12648625,4923500,127057225,58981085,0,24681875,43394265,127057225
2023-03-23,4025,4025,3900,3980,36673,-0.8717310087173101,10080,0,-5639,-4441,0,24070,0,9185,3418,36673,13990,0,14824,7859,36673,40024045,0,-22341080,-17682965,0,94970055,0,36054365,13346480,144370900,54946010,0,58395445,31029445,144370900
2023-03-24,3995,3995,3910,3935,10243,-1.1306532663316584,-1345,0,2745,-1400,0,6388,0,3854,1,10243,7733,0,1109,1401,10243,-5258120,0,10764300,-5506180,0,25134515,0,15148635,3930,40287080,30392635,0,4384335,5510110,40287080
2023-03-27,3950,3950,3755,3795,45634,-3.5578144853875475,-17843,0,24573,-6730,0,14891,0,30425,318,45634,32734,0,5852,7048,45634,-67726615,0,93410260,-25683645,0,56648625,0,115779785,1203065,173631475,124375240,0,22369525,26886710,173631475
2023-03-28,3795,3835,3650,3705,100199,-2.371541501976284,-35046,-484,40674,-5144,0,33114,87,60495,6503,100199,68160,571,19821,11647,100199,-129384820,-1844735,150636995,-19407440,0,122897910,322210,224825975,23874325,371920420,252282730,2166945,74188980,43281765,371920420
2023-03-29,3710,3720,3605,3660,51778,-1.214574898785425,-21490,3073,24512,-6095,0,6156,5002,38171,2449,51778,27646,1929,13659,8544,51778,-78699275,11310340,89846000,-22457065,0,22591600,18457285,140072320,8891915,190013120,101290875,7146945,50226320,31348980,190013120
2023-03-30,3690,3690,3610,3655,28437,-0.1366120218579235,-10451,0,15083,-4632,0,5288,0,21677,1472,28437,15739,0,6594,6104,28437,-37908035,0,54813560,-16905525,0,19208995,0,78784200,5336250,103329445,57117030,0,23970640,22241775,103329445
2023-03-31,3680,3760,3650,3740,36781,2.3255813953488373,-11049,0,10435,614,0,8286,0,20780,7715,36781,19335,0,10345,7101,36781,-40737495,0,38367320,2370175,0,30546330,0,76687685,28535335,135769350,71283825,0,38320365,26165160,135769350
2023-04-03,3795,3840,3695,3720,33095,-0.53475935828877,-9792,-2667,16559,-4100,0,9704,0,22333,1058,33095,19496,2667,5774,5158,33095,-36289840,-9891510,61408035,-15226685,0,36105215,0,82939295,3940285,122984795,72395055,9891510,21531260,19166970,122984795
2023-04-04,3760,3770,3700,3720,42303,0.0,-3049,0,7370,-4321,0,18819,0,20035,3449,42303,21868,0,12665,7770,42303,-11258375,0,27304260,-16045885,0,69959290,0,74293385,12808505,157061180,81217665,0,46989125,28854390,157061180
2023-04-05,3740,3755,3690,3720,41122,0.0,4224,0,97,-4321,0,21047,0,15790,4285,41122,16823,0,15693,8606,41122,15772310,0,273910,-16046220,0,78074085,0,58497350,15870935,152442370,62301775,0,58223440,31917155,152442370
2023-04-06,3720,3740,3680,3740,17514,0.5376344086021506,-1424,-3,3577,-2150,0,5201,0,11681,632,17514,6625,3,8104,2782,17514,-5174160,-11085,13134575,-7949330,0,19287950,0,43102735,2337725,64728410,24462110,11085,29968160,10287055,64728410
2023-04-07,3745,3750,3675,3685,35008,-1.4705882352941175,-7763,0,13117,-5354,0,13130,0,19222,2656,35008,20893,0,6105,8010,35008,-28461155,0,48346335,-19885180,0,48706385,0,71010025,9814245,129530655,77167540,0,22663690,29699425,129530655
2023-04-10,3685,3695,3550,3560,96885,-3.3921302578018993,-32527,2,44790,-12265,0,27903,2,59441,9539,96885,60430,0,14651,21804,96885,-116241150,7270,160801545,-44567665,0,100967095,7270,213829140,34198275,349001780,217208245,0,53027595,78765940,349001780
2023-04-11,3720,3720,3510,3535,286527,-0.7022471910112359,7785,0,10875,-18660,0,227547,0,54658,4322,286527,219762,0,43783,22982,286527,28099950,0,38339645,-66439595,0,808013075,0,193841550,15289450,1017144075,779913125,0,155501905,81729045,1017144075
2023-04-12,3580,3585,3515,3570,68631,0.9900990099009901,-10024,3,10007,14,0,37619,3,18696,12313,68631,47643,0,8689,12299,68631,-35434520,10600,35474965,-51045,0,133592795,10600,66324145,43614100,243541640,169027315,0,30849180,43665145,243541640
2023-04-13,3570,3605,3525,3605,33626,0.9803921568627451,-3528,0,2286,1242,0,11065,0,14455,8106,33626,14593,0,12169,6864,33626,-12504530,0,8094450,4410080,0,39592455,0,51626115,28937710,120156280,52096985,0,43531665,24527630,120156280
2023-04-14,3560,3620,3555,3605,66466,0.0,-8123,0,7074,1049,0,26507,0,27276,12683,66466,34630,0,20202,11634,66466,-28934985,0,25215430,3719555,0,95163830,0,97728265,45475540,238367635,124098815,0,72512835,41755985,238367635
2023-04-17,3620,3620,3555,3600,53070,-0.13869625520110956,-3478,-1310,11834,-7046,0,25548,20,23909,3593,53070,29026,1330,12075,10639,53070,-12232085,-4669620,42077550,-25175845,0,91478155,71830,85421650,12866290,189837925,103710240,4741450,43344100,38042135,189837925
2023-04-18,3600,3630,3565,3615,62696,0.4166666666666667,-7624,3300,7503,-3179,0,24136,3300,27417,7843,62696,31760,0,19914,11022,62696,-27248285,11855000,26879385,-11486100,0,86835175,11855000,98367205,28136630,225194010,114083460,0,71487820,39622730,225194010
2023-04-19,3640,3640,3560,3575,52579,-1.1065006915629323,-14675,-2500,28674,-11499,0,14584,0,35540,2455,52579,29259,2500,6866,13954,52579,-52315640,-8943575,102415325,-41156110,0,52196505,0,127050415,8820065,188066985,104512145,8943575,24635090,49976175,188066985
2023-04-20,3575,3585,3525,3565,56786,-0.27972027972027974,-25369,-2500,29235,-1366,0,16294,0,34579,5913,56786,41663,2500,5344,7279,56786,-90015325,-8935000,103844720,-4894395,0,58088020,0,122863695,21001715,201953430,148103345,8935000,19018975,25896110,201953430
2023-04-21,3565,3590,3530,3575,30914,0.2805049088359046,-1366,0,8582,-7216,0,15399,0,14320,1195,30914,16765,0,5738,8411,30914,-4535310,0,30316155,-25780845,0,54944565,0,50797435,4236390,109978390,59479875,0,20481280,30017235,109978390
2023-04-24,3580,3590,3500,3525,65168,-1.3986013986013985,-17868,0,26949,-9081,0,23074,0,39214,2880,65168,40942,0,12265,11961,65168,-62650120,0,94591860,-31941740,0,81013750,0,137856305,10134810,229004865,143663870,0,43264445,42076550,229004865
2023-04-25,3525,3530,3495,3520,71653,-0.14184397163120568,-10267,-9000,28012,-8745,0,29683,0,37535,4435,71653,39950,9000,9523,13180,71653,-35831700,-31509745,98074640,-30733195,0,104037245,0,131440450,15527965,251005660,139868945,31509745,33365810,46261160,251005660
2023-04-26,3560,3565,3480,3505,29644,-0.4261363636363636,-3780,0,7994,-4214,0,15055,0,13999,590,29644,18835,0,6005,4804,29644,-13183950,0,27962010,-14778060,0,52730955,0,49020090,2059780,103810825,65914905,0,21058080,16837840,103810825
2023-04-27,3475,3515,3400,3420,84136,-2.4251069900142657,-22882,0,33320,-10438,0,25637,0,47874,10625,84136,48519,0,14554,21063,84136,-78883050,0,114992825,-36109775,0,88233315,0,164874270,36590955,289698540,167116365,0,49881445,72700730,289698540
2023-04-28,3400,3455,3400,3440,73809,0.5847953216374269,-23300,0,27848,-4548,0,24299,0,38183,11327,73809,47599,0,10335,15875,73809,-79787985,0,95462815,-15674830,0,83154685,0,130895800,38816175,252866660,162942670,0,35432985,54491005,252866660
2023-05-02,3440,3470,3420,3440,33267,0.0,-4014,-4557,7897,674,0,8740,0,18717,5810,33267,12754,4557,10820,5136,33267,-13739915,-15610510,27039990,2310435,0,29984045,0,64166460,19931805,114082310,43723960,15610510,37126470,17621370,114082310
2023-05-03,3470,3470,3430,3440,17778,0.0,2073,0,1861,-3934,0,7468,0,10310,0,17778,5395,0,8449,3934,17778,7099150,0,6431720,-13530870,0,25686255,0,35465455,0,61151710,18587105,0,29033735,13530870,61151710
2023-05-04,3465,3465,3420,3460,50756,0.5813953488372093,-7751,0,17825,-10074,0,24475,0,23456,2825,50756,32226,0,5631,12899,50756,-26495385,0,61086520,-34591135,0,84112695,0,80434655,9684045,174231395,110608080,0,19348135,44275180,174231395
2023-05-08,3415,3500,3415,3490,44847,0.8670520231213872,-7832,0,1639,6193,0,15485,0,15722,13640,44847,23317,0,14083,7447,44847,-27254775,0,5667345,21587430,0,53927110,0,54360890,47432505,155720505,81181885,0,48693545,25845075,155720505
2023-05-09,3500,3500,3460,3490,42373,0.0,-66,2800,5178,-7912,0,20313,2800,16077,3183,42373,20379,0,10899,11095,42373,-237970,9772000,18028925,-27562955,0,70761815,9772000,55979225,11089215,147602255,70999785,0,37950300,38652170,147602255
2023-05-10,3490,3530,3475,3505,76153,0.42979942693409745,-10907,-9447,421,19933,0,32478,0,19025,24650,76153,43385,9447,18604,4717,76153,-38189260,-33140705,1409790,69920175,0,113807095,0,66648915,86433615,266889625,151996355,33140705,65239125,16513440,266889625
2023-05-11,3520,3550,3510,3540,52681,0.9985734664764622,-2668,0,-11446,14114,0,20045,0,16067,16569,52681,22713,0,27513,2455,52681,-9429625,0,-40602455,50032080,0,70934940,0,56833195,58703950,186472085,80364565,0,97435650,8671870,186472085
2023-05-12,3550,3555,3515,3540,71414,0.0,10149,0,-8306,-1843,0,44511,0,17640,9263,71414,34362,0,25946,11106,71414,35842440,0,-29429665,-6412775,0,157359060,0,62325155,32826565,252510780,121516620,0,91754820,39239340,252510780
2023-05-15,3540,3600,3515,3590,80136,1.4124293785310735,-8153,0,2986,5167,0,27299,0,38206,14631,80136,35452,0,35220,9464,80136,-28609000,0,10447825,18161175,0,97438060,0,136183970,52007110,285629140,126047060,0,125736145,33845935,285629140
2023-05-16,3620,3620,3550,3590,98968,0.0,-5059,8,11948,-6897,0,49700,8,44084,5176,98968,54759,0,32136,12073,98968,-17869355,28490,42679900,-24839035,0,178374435,28490,158039210,18549920,354992055,196243790,0,115359310,43388955,354992055
2023-05-17,3595,3610,3540,3555,103390,-0.9749303621169917,-35263,0,38729,-3466,0,26186,0,69625,7579,103390,61449,0,30896,11045,103390,-125786110,0,138414295,-12628185,0,93543520,0,248308310,27011710,368863540,219329630,0,109894015,39639895,368863540
2023-05-18,3560,3590,3510,3530,65441,-0.7032348804500703,-27845,204,35840,-8199,0,24264,204,39090,1883,65441,52109,0,3250,10082,65441,-98222245,727060,126492335,-28997150,0,85685865,727060,138000255,6638385,231051565,183908110,0,11507920,35635535,231051565
2023-05-19,3525,3575,3490,3520,92970,-0.28328611898017,-35368,10009,30047,-4688,0,25676,10009,51214,6071,92970,61044,0,21167,10759,92970,-124096300,35189065,105513830,-16606595,0,90354145,35189065,179821985,21285495,326650690,214450445,0,74308155,37892090,326650690
2023-05-22,3550,3560,3500,3560,84435,1.1363636363636365,-42168,1000,7661,33507,0,17806,1000,32027,33602,84435,59974,0,24366,95,84435,-148712325,3515000,26960625,118236700,0,62939360,3515000,112803030,118572015,297829405,211651685,0,85842405,335315,297829405
2023-05-23,3555,3590,3540,3565,96690,0.1404494382022472,-4446,-3557,-23260,31263,0,49354,737,11904,34695,96690,53800,4294,35164,3432,96690,-15748515,-12615830,-82965340,111329685,0,175857510,2616350,42272360,123577025,344323245,191606025,15232180,125237700,12247340,344323245
2023-05-24,3530,3590,3530,3575,100469,0.2805049088359046,2347,0,-45042,42695,0,44047,0,11835,44587,100469,41700,0,56877,1892,100469,8222350,0,-160356420,152134070,0,156780390,0,42188765,158858695,357827850,148558040,0,202545185,6724625,357827850
2023-05-25,3580,3595,3530,3570,93557,-0.13986013986013987,11399,1000,4254,-16653,0,63940,1000,26326,2291,93557,52541,0,22072,18944,93557,40603030,3560000,15167775,-59330805,0,227715650,3560000,93882160,8137565,333295375,187112620,0,78714385,67468370,333295375
2023-05-26,3585,3585,3540,3560,65077,-0.2801120448179272,6407,2,11780,-18189,0,18484,2,46168,423,65077,12077,0,34388,18612,65077,22864200,7090,41904445,-64775735,0,65765465,7090,164130160,1505325,231408040,42901265,0,122225715,66281060,231408040
2023-05-30,3560,3595,3560,3595,56244,0.9831460674157303,-14140,9571,-5424,9993,0,11494,10100,22476,12174,56244,25634,529,27900,2181,56244,-50398845,34127095,-19533930,35805680,0,41108795,36021555,80269985,43574805,200975140,91507640,1894460,99803915,7769125,200975140
2023-05-31,3605,3630,3595,3610,105743,0.4172461752433936,-14261,9000,-13517,18778,0,37302,9000,36425,23016,105743,51563,0,49942,4238,105743,-51546570,32515000,-48813410,67844980,0,134572525,32515000,131384780,83127625,381599930,186119095,0,180198190,15282645,381599930
2023-06-01,3600,3685,3595,3685,105676,2.0775623268698062,-33845,0,-5264,39109,0,19188,0,44517,41971,105676,53033,0,49781,2862,105676,-123180460,0,-18901255,142081715,0,69599920,0,161600940,152439855,383640715,192780380,0,180502195,10358140,383640715
2023-06-02,3700,3700,3650,3655,46488,-0.8141112618724559,21909,0,-11276,-10633,0,25528,0,20959,1,46488,3619,0,32235,10634,46488,80403570,0,-41347685,-39055885,0,93719615,0,76909145,3685,170632445,13316045,0,118256830,39059570,170632445
2023-06-05,3660,3725,3635,3725,35357,1.915184678522572,6584,10000,-8849,-7735,0,8349,10000,15069,1939,35357,1765,0,23918,9674,35357,24224755,36600000,-32437410,-28387345,0,30710105,36600000,55415990,7131065,129857160,6485350,0,87853400,35518410,129857160
2023-06-07,3725,3740,3690,3710,77577,-0.4026845637583893,-430,1000,1072,-1642,0,30083,1000,44163,2331,77577,30513,0,43091,3973,77577,-1508185,3700000,3900950,-6092765,0,111488250,3700000,163599260,8649735,287437245,112996435,0,159698310,14742500,287437245
2023-06-08,3695,3730,3685,3730,33400,0.5390835579514826,-12158,3000,8494,664,0,13273,3000,14077,3050,33400,25431,0,5583,2386,33400,-44896205,11096100,31384870,2415235,0,49151745,11096100,52104015,11271480,123623340,94047950,0,20719145,8856245,123623340
2023-06-09,3730,3730,3700,3730,60998,0.0,-5156,3000,18560,-16404,0,29881,3000,28117,0,60998,35037,0,9557,16404,60998,-19111060,11130000,68908105,-60927045,0,111050540,11130000,104437020,0,226617560,130161600,0,35528915,60927045,226617560
2023-06-12,3730,3750,3700,3750,67367,0.5361930294906166,-17237,4187,3447,9603,0,12924,4187,38640,11616,67367,30161,0,35193,2013,67367,-64003760,15491900,12780515,35731345,0,48184405,15491900,143892355,43224090,250792750,112188165,0,131111840,7492745,250792750
2023-06-13,3780,3790,3735,3760,41404,0.26666666666666666,13054,0,-5912,-7142,0,28529,0,12428,447,41404,15475,0,18340,7589,41404,49305100,0,-22384830,-26920270,0,107544350,0,46833225,1682955,156060530,58239250,0,69218055,28603225,156060530
2023-06-14,3740,3780,3655,3670,99708,-2.393617021276596,22723,2965,-18473,-7215,0,32106,5001,51172,11429,99708,9383,2036,69645,18644,99708,84051375,11027930,-67816935,-27262370,0,118855660,18653655,188964000,42128360,368601675,34804285,7625725,256780935,69390730,368601675
2023-06-15,3675,3695,3615,3620,49392,-1.3623978201634876,-8872,2001,21817,-14946,0,5435,2001,41875,81,49392,14307,0,20058,15027,49392,-32323525,7357275,79509115,-54542865,0,19798460,7357275,152573585,293425,180022745,52121985,0,73064470,54836290,180022745
2023-06-16,3630,3645,3595,3645,36545,0.6906077348066298,-4443,500,10032,-6089,0,10665,2079,23116,685,36545,15108,1579,13084,6774,36545,-16071415,1792475,36345830,-22066890,0,38730100,7493000,83813475,2486480,132523055,54801515,5700525,47467645,24553370,132523055
2023-06-19,3695,3695,3605,3645,47996,0.0,473,0,14572,-15045,0,22134,0,24594,1268,47996,21661,0,10022,16313,47996,2099885,0,52420620,-54520505,0,80402810,0,88837140,4592620,173832570,78302925,0,36416520,59113125,173832570
2023-06-20,3695,3695,3640,3665,42986,0.5486968449931412,-1442,0,9889,-8447,0,21456,0,17294,4236,42986,22898,0,7405,12683,42986,-5127440,0,36184985,-31057545,0,78714505,0,63409840,15473745,157598090,83841945,0,27224855,46531290,157598090
2023-06-21,3665,3665,3625,3655,13537,-0.2728512960436562,6819,-1500,87,-5406,0,8879,0,4007,651,13537,2060,1500,3920,6057,13537,24876255,-5473505,325660,-19728410,0,32398760,0,14593960,2359875,49352595,7522505,5473505,14268300,22088285,49352595
2023-06-22,3660,3660,3620,3625,17928,-0.8207934336525308,5114,-8273,8859,-5700,0,5400,0,12511,17,17928,286,8273,3652,5717,17928,18549195,-30044055,32214100,-20719240,0,19588815,0,45459270,61710,65109795,1039620,30044055,13245170,20780950,65109795
2023-06-23,3625,3730,3610,3645,26883,0.5517241379310345,-6185,6773,4618,-5206,0,5550,7000,13689,644,26883,11735,227,9071,5850,26883,-22578330,24930270,16562925,-18914865,0,20160345,25750875,49679465,2329285,97919970,42738675,820605,33116540,21244150,97919970
2023-06-26,3665,3695,3595,3630,32526,-0.411522633744856,7142,1,-6414,-729,0,13537,1,14635,4353,32526,6395,0,21049,5082,32526,26068100,3600,-23436140,-2635560,0,49237360,3600,53084955,15846350,118172265,23169260,0,76521095,18481910,118172265
2023-06-27,3655,3655,3615,3650,41062,0.5509641873278237,-16733,13650,4930,-1847,0,3054,13650,21673,2685,41062,19787,0,16743,4532,41062,-60755595,49651080,17809740,-6705225,0,11094335,49651080,78628390,9748075,149121880,71849930,0,60818650,16453300,149121880
2023-06-28,3655,3675,3630,3650,51524,0.0,2595,0,4100,-6695,0,10610,0,38558,2356,51524,8015,0,34458,9051,51524,9446650,0,14988045,-24434695,0,38743370,0,140760500,8628715,188132585,29296720,0,125772455,33063410,188132585
2023-06-29,3550,3570,3470,3515,178106,-3.6986301369863015,-46664,8000,83995,-45331,0,46984,8000,121261,1861,178106,93648,0,37266,47192,178106,-162790715,27976935,293751490,-158937710,0,164270665,27976935,424863385,6538210,623649195,327061380,0,131111895,165475920,623649195
2023-06-30,3535,3535,3405,3450,112096,-1.849217638691323,-54082,1300,57603,-4821,0,29270,1300,66355,15171,112096,83352,0,8752,19992,112096,-185268675,4482030,197592740,-16806095,0,100291400,4482030,227662310,51959300,384395040,285560075,0,30069570,68765395,384395040
2023-07-03,3460,3460,3375,3440,79130,-0.2898550724637681,-11484,1281,29271,-19068,0,37653,1281,37964,2232,79130,49137,0,8693,21300,79130,-38961410,4386980,99651095,-65076665,0,128551495,4386980,129345195,7635020,269918690,167512905,0,29694100,72711685,269918690
2023-07-04,3450,3450,3365,3390,70073,-1.4534883720930232,-26877,4500,35486,-13109,0,18296,4500,46388,889,70073,45173,0,10902,13998,70073,-90723015,15180000,119953945,-44410930,0,61910705,15180000,156802985,3004755,236898445,152633720,0,36849040,47415685,236898445
2023-07-05,3385,3390,3350,3360,33881,-0.8849557522123894,1780,-13500,17711,-5991,0,5996,1500,25739,646,33881,4216,15000,8028,6637,33881,6006400,-45361170,59538110,-20183340,0,20180850,5039060,86525780,2171540,113917230,14174450,50400230,26987670,22354880,113917230
2023-07-06,3375,3375,3280,3295,94667,-1.9345238095238095,-7181,15002,-6150,-1671,0,25065,15002,47573,7027,94667,32246,0,53723,8698,94667,-23835180,49884185,-20224815,-5824190,0,82848770,49884185,157465170,23250615,313448740,106683950,0,177689985,29074805,313448740
2023-07-07,3320,3320,3260,3280,49317,-0.4552352048558422,-25811,1725,26034,-1948,0,10258,1725,30921,6413,49317,36069,0,4887,8361,49317,-84400300,5643000,85231725,-6474425,0,33660450,5643000,101252295,20996400,161552145,118060750,0,16020570,27470825,161552145
2023-07-10,3310,3310,3230,3235,45660,-1.3719512195121952,-24064,2775,21836,-547,0,4208,2775,37958,719,45660,28272,0,16122,1266,45660,-78218385,9102000,70967375,-1850990,0,13682285,9102000,123438925,2330680,148553890,91900670,0,52471550,4181670,148553890
2023-07-11,3260,3260,3200,3220,69215,-0.46367851622874806,-28094,-10894,34427,4561,0,12367,4106,46306,6436,69215,40461,15000,11879,1875,69215,-90122410,-34968255,110476530,14614135,0,39740595,13182900,148631920,20644840,222200255,129863005,48151155,38155390,6030705,222200255
2023-07-12,3250,3260,3195,3250,62199,0.9316770186335404,-34207,-10000,44549,-342,0,7162,0,49425,5612,62199,41369,10000,4876,5954,62199,-109839825,-32229525,143120530,-1051180,0,23022540,0,158829250,18077260,199929050,132862365,32229525,15708720,19128440,199929050
2023-07-13,3250,3425,3235,3400,107727,4.615384615384616,-486,3266,-12000,9220,0,70373,3266,18052,16036,107727,70859,0,30052,6816,107727,-625800,10702060,-40407365,30331105,0,232330545,10702060,59165650,52737570,354935825,232956345,0,99573015,22406465,354935825
2023-07-14,3400,3400,3290,3330,83962,-2.0588235294117645,-43040,4100,32761,6179,0,25473,4100,40276,14113,83962,68513,0,7515,7934,83962,-141961110,13528505,108201195,20231410,0,84321325,13528505,133123380,46616775,277589985,226282435,0,24922185,26385365,277589985
2023-07-17,3335,3335,3260,3305,78633,-0.7507507507507507,-22499,0,20891,1608,0,38192,0,31477,8964,78633,60691,0,10586,7356,78633,-73562410,0,68527830,5034580,0,125247870,0,103293805,29343695,257885370,198810280,0,34765975,24309115,257885370
2023-07-18,3305,3315,3240,3250,85442,-1.6641452344931922,-17831,0,17869,-38,0,37662,0,40302,7478,85442,55493,0,22433,7516,85442,-58055345,0,58287845,-232500,0,122618780,0,131312765,24355215,278286760,180674125,0,73024920,24587715,278286760
2023-07-19,3285,3285,3220,3250,56073,0.0,-25132,0,21033,4099,0,20764,0,26311,8998,56073,45896,0,5278,4899,56073,-81119135,0,67982170,13136965,0,67336015,0,85069735,29082550,181488300,148455150,0,17087565,15945585,181488300
2023-07-20,3255,3270,3215,3250,44748,0.0,-20855,1000,20740,-885,0,12654,1000,27935,3159,44748,33509,0,7195,4044,44748,-67177030,3220000,66870685,-2913655,0,40902605,3220000,90172840,10181365,144476810,108079635,0,23302155,13095020,144476810
2023-07-21,3250,3255,3220,3250,62528,0.0,-17629,1552,16491,-414,0,34221,1552,23255,3500,62528,51850,0,6764,3914,62528,-56888490,5012960,53269950,-1394420,0,110832810,5012960,75183790,11313055,202342615,167721300,0,21913840,12707475,202342615
2023-07-24,3290,3290,3175,3200,66764,-1.5384615384615385,-16897,4500,14156,-1759,0,23727,4500,34168,4369,66764,40624,0,20012,6128,66764,-53908560,14382255,45290515,-5764210,0,75918235,14382255,109201465,13929345,213431300,129826795,0,63910950,19693555,213431300
2023-07-25,3200,3210,3145,3160,99682,-1.25,-28863,2500,24027,2336,0,30166,2500,60134,6882,99682,59029,0,36107,4546,99682,-91000610,7917500,75734305,7348805,0,95625870,7917500,190030650,21741420,315315440,186626480,0,114296345,14392615,315315440
2023-07-26,3215,3215,3110,3150,84046,-0.31645569620253167,729,-14,10487,-11202,0,27418,1486,52505,2637,84046,26689,1500,42018,13839,84046,2473680,-43590,32737655,-35167745,0,86217975,4621460,164738855,8296030,263874320,83744295,4665050,132001200,43463775,263874320
2023-07-27,3180,3180,3095,3120,96127,-0.9523809523809524,-47964,9231,35553,3180,0,23237,9231,56733,6926,96127,71201,0,21180,3746,96127,-149111080,28677110,110501320,9932650,0,72303095,28677110,176444035,21611750,299035990,221414175,0,65942715,11679100,299035990
2023-07-28,3125,3145,3095,3140,59922,0.641025641025641,-22760,1685,14627,6448,0,20723,1685,30066,7448,59922,43483,0,15439,1000,59922,-70771285,5252370,45397910,20121005,0,64649750,5252370,93482205,23229640,186613965,135421035,0,48084295,3108635,186613965
2023-07-31,3145,3155,3105,3125,39094,-0.47770700636942676,-13176,-243,11650,1769,0,12235,0,21612,5247,39094,25411,243,9962,3478,39094,-41007300,-759375,36278885,5487790,0,38115720,0,67299525,16341450,121756695,79123020,759375,31020640,10853660,121756695
2023-08-01,3125,3175,3110,3150,125799,0.8,-46243,16000,-11455,41698,0,26081,16000,35100,48618,125799,72324,0,46555,6920,125799,-145918215,50520240,-35473975,130871950,0,82089220,50520240,110359715,152718830,395688005,228007435,0,145833690,21846880,395688005
2023-08-02,3150,3180,3100,3110,70203,-1.2698412698412698,-31194,6161,42269,-17236,0,13440,6860,46190,3713,70203,44634,699,3921,20949,70203,-96868190,19146990,131595425,-53874225,0,41968565,21329600,143875095,11550555,218723815,138836755,2182610,12279670,65424780,218723815
2023-08-03,3130,3165,3100,3165,16453,1.7684887459807075,-3616,300,1638,1678,0,6259,300,4438,5456,16453,9875,0,2800,3778,16453,-11303130,943145,5090320,5269665,0,19638450,943145,13886535,17105855,51573985,30941580,0,8796215,11836190,51573985
2023-08-04,3195,3195,3095,3120,128174,-1.4218009478672986,-25976,2622,-25388,48742,0,23582,2622,47144,54826,128174,49558,0,72532,6084,128174,-80760655,8128200,-79154985,151787440,0,73635700,8128200,146609845,170804980,399178725,154396355,0,225764830,19017540,399178725
2023-08-07,3120,3155,3090,3120,60386,0.0,-23568,500,11447,11621,0,17679,500,19126,23081,60386,41247,0,7679,11460,60386,-73258700,1557500,35509420,36191780,0,54992665,1557500,59323140,71837965,187711270,128251365,0,23813720,35646185,187711270
2023-08-08,3120,3135,3085,3115,112871,-0.16025641025641024,-61623,25101,44794,-8272,0,30298,25101,51770,5702,112871,91921,0,6976,13974,112871,-190822475,77753680,138759335,-25690540,0,94126915,77753680,160407795,17687890,349976280,284949390,0,21648460,43378430,349976280
2023-08-09,3115,3125,3050,3080,195765,-1.1235955056179776,-115110,22498,107762,-15150,0,27512,22498,128519,17236,195765,142622,0,20757,32386,195765,-354283645,69690315,331700410,-47107080,0,84752535,69690315,395780960,52827715,603051525,439036180,0,64080550,99934795,603051525
2023-08-10,3100,3100,3015,3095,166103,0.487012987012987,-53715,10437,58076,-14798,0,39345,10437,111859,4462,166103,93060,0,53783,19260,166103,-162887560,31568920,176362840,-45044200,0,119702575,31568920,340385380,13646940,505303815,282590135,0,164022540,58691140,505303815
2023-08-11,3130,3315,3120,3315,273213,7.1082390953150245,-50126,20661,-67360,96825,0,55428,20661,87074,110050,273213,105554,0,154434,13225,273213,-160674320,67237795,-218370385,311806910,0,179508640,67237795,278361480,353906985,879014900,340182960,0,496731865,42100075,879014900
2023-08-14,3310,3315,3185,3245,148135,-2.1116138763197587,11151,55,28432,-39638,0,64241,55,67836,16003,148135,53090,0,39404,55641,148135,36875880,177690,91725780,-128779350,0,208168030,177690,219698600,51865045,479909365,171292150,0,127972820,180644395,479909365
2023-08-16,3275,3275,3060,3145,114509,-3.0816640986132513,-37171,49,59548,-22426,0,24017,49,72838,17605,114509,61188,0,13290,40031,114509,-114598085,153380,184737870,-70293165,0,74632085,153380,226310105,54472325,355567895,189230170,0,41572235,124765490,355567895
2023-08-17,3145,3145,3030,3080,116113,-2.066772655007949,-49128,12034,35300,1794,0,28037,12034,50399,25643,116113,77165,0,15099,23849,116113,-150932480,36997065,108252180,5683235,0,86250800,36997065,154557435,78804175,356609475,237183280,0,46305255,73120940,356609475
2023-08-18,3085,3130,3055,3130,35846,1.6233766233766231,-11002,-500,15665,-4163,0,3715,2000,28878,1253,35846,14717,2500,13213,5416,35846,-33957390,-1520000,48239495,-12762105,0,11407980,6130000,88999340,3880545,110417865,45365370,7650000,40759845,16642650,110417865
2023-08-21,3135,3135,3060,3085,36219,-1.4376996805111821,-17110,600,23651,-7141,0,4961,600,30248,410,36219,22071,0,6597,7551,36219,-52701570,1845500,72950625,-22094555,0,15324310,1845500,93332575,1259000,111761385,68025880,0,20381950,23353555,111761385
2023-08-22,3030,3180,3030,3105,56322,0.6482982171799028,20006,0,-16456,-3550,0,33554,0,15244,7524,56322,13548,0,31700,11074,56322,63554635,0,-52207235,-11347400,0,105970560,0,47301525,23469950,176742035,42415925,0,99508760,34817350,176742035
2023-08-23,3110,3145,3085,3105,13749,0.0,-2406,0,3425,-1019,0,6738,0,6594,417,13749,9144,0,3169,1436,13749,-7473450,0,10631325,-3157875,0,20872850,0,20446650,1288530,42608030,28346300,0,9815325,4446405,42608030
2023-08-24,3105,3140,3095,3135,31454,0.966183574879227,-9080,1,22594,-13515,0,4450,1,25543,1460,31454,13530,0,2949,14975,31454,-28464560,3095,70742550,-42281085,0,13931890,3095,79960105,4549430,98444520,42396450,0,9217555,46830515,98444520
2023-08-25,3145,3170,3115,3160,22301,0.7974481658692184,515,0,-3038,2523,0,8743,0,10119,3439,22301,8228,0,13157,916,22301,1636570,0,-9601125,7964555,0,27550765,0,31835035,10848480,70234280,25914195,0,41436160,2883925,70234280
2023-08-28,3165,3310,3165,3275,150508,3.6392405063291138,-14542,514,-31227,45255,0,47263,514,38774,63957,150508,61805,0,70001,18702,150508,-46373385,1693630,-102721760,147401515,0,154537465,1693630,125956480,208720375,490907950,200910850,0,228678240,61318860,490907950
2023-08-29,3310,3315,3265,3300,69004,0.7633587786259541,-39634,1299,42891,-4556,0,8236,1299,54603,4866,69004,47870,0,11712,9422,69004,-130374520,4274585,141058490,-14958555,0,27101490,4274585,179566205,16007910,226950190,157476010,0,38507715,30966465,226950190
2023-08-30,3315,3370,3290,3340,90507,1.2121212121212122,-38025,61,21487,16477,0,22718,61,44989,22739,90507,60743,0,23502,6262,90507,-126872195,203130,71455665,55213400,0,75733345,203130,149847070,76022210,301805755,202605540,0,78391405,20808810,301805755
2023-08-31,3380,3395,3325,3385,43891,1.347305389221557,5440,0,-2705,-2735,0,17145,0,19088,7658,43891,11705,0,21793,10393,43891,18459015,0,-9122480,-9336535,0,57669685,0,64036550,25645540,147351775,39210670,0,73159030,34982075,147351775
2023-09-01,3385,3395,3340,3395,61741,0.29542097488921715,5250,2939,250,-8439,0,12704,2939,42182,3916,61741,7454,0,41932,12355,61741,17670560,9816260,968165,-28454985,0,42766170,9816260,142235985,13155730,207974145,25095610,0,141267820,41610715,207974145
2023-09-04,3390,3390,3280,3385,52663,-0.29455081001472755,3204,0,3810,-7014,0,11454,0,35256,5953,52663,8250,0,31446,12967,52663,10731830,0,12720095,-23451925,0,38106735,0,117268615,19667875,175043225,27374905,0,104548520,43119800,175043225
2023-09-05,3385,3385,3295,3345,51258,-1.1816838995568686,-7724,0,21999,-14275,0,19597,0,30493,1168,51258,27321,0,8494,15443,51258,-25461635,0,72891015,-47429380,0,65111395,0,101175305,3872475,170159175,90573030,0,28284290,51301855,170159175
2023-09-06,3345,3360,3275,3310,41134,-1.046337817638266,-9986,0,14363,-4377,0,11699,0,27874,1561,41134,21685,0,13511,5938,41134,-32757255,0,47247230,-14489975,0,38593760,0,91751805,5147340,135492905,71351015,0,44504575,19637315,135492905
2023-09-07,3310,3310,3230,3270,56302,-1.2084592145015105,-21492,0,30131,-8639,0,12803,0,41661,1838,56302,34295,0,11530,10477,56302,-69791690,0,97940180,-28148490,0,41682645,0,135487890,5977440,183147975,111474335,0,37547710,34125930,183147975
2023-09-08,3275,3285,3185,3220,93504,-1.529051987767584,-6866,0,525,6341,0,24444,0,57916,11144,93504,31310,0,57391,4803,93504,-22040980,0,1780380,20260600,0,78779215,0,186559805,35881645,301220665,100820195,0,184779425,15621045,301220665
2023-09-11,3235,3310,3220,3280,63106,1.8633540372670807,-20425,1002,19307,116,0,18388,1002,36899,6817,63106,38813,0,17592,6701,63106,-66654150,3256525,63053145,344480,0,60153585,3256525,120618065,22291070,206319245,126807735,0,57564920,21946590,206319245
2023-09-12,3330,3330,3235,3250,68636,-0.9146341463414633,-40920,1000,39798,122,0,5796,1000,54912,6928,68636,46716,0,15114,6806,68636,-133919770,3285000,130375680,259090,0,18949070,3285000,180251025,22570350,225055445,152868840,0,49875345,22311260,225055445
2023-09-13,3250,3290,3240,3270,30187,0.6153846153846154,-15378,0,17243,-1865,0,7684,0,20217,2286,30187,23062,0,2974,4151,30187,-50182520,0,56266385,-6083865,0,25088130,0,65971825,7456025,98515980,75270650,0,9705440,13539890,98515980
2023-09-14,3280,3300,3225,3255,54467,-0.45871559633027525,-6434,2500,13523,-9589,0,20836,2500,20784,10347,54467,27270,0,7261,19936,54467,-20888185,8118000,43900605,-31130420,0,67741420,8118000,67498850,33720220,177078490,88629605,0,23598245,64850640,177078490
2023-09-15,3255,3260,3200,3205,142050,-1.5360983102918586,7551,2000,63482,-73033,0,27089,2000,74292,38669,142050,19538,0,10810,111702,142050,24343750,6500000,204896555,-235740305,0,87493855,6500000,239901435,124174865,458070155,63150105,0,35004880,359915170,458070155
2023-09-18,3205,3240,3200,3240,38142,1.0920436817472698,1309,0,9552,-10861,0,3425,0,17520,17197,38142,2116,0,7968,28058,38142,4223545,0,30621870,-34845415,0,11030265,0,56281300,55378480,122690045,6806720,0,25659430,90223895,122690045
2023-09-19,3235,3260,3230,3245,54653,0.15432098765432098,-29213,0,19153,10060,0,14488,0,25005,15160,54653,43701,0,5852,5100,54653,-94920280,0,62212405,32707875,0,47104875,0,81232930,49270585,177608390,142025155,0,19020525,16562710,177608390
2023-09-20,3255,3535,3240,3260,75875,0.46224961479198773,-14428,2000,3971,8457,0,10682,2000,35413,27780,75875,25110,0,31442,19323,75875,-46813810,6490000,9059790,31264020,0,34944805,6490000,116273140,94939055,252647000,81758615,0,107213350,63675035,252647000
2023-09-21,3240,3310,3220,3275,58493,0.4601226993865031,11849,5961,-8556,-9254,0,29394,5961,9344,13794,58493,17545,0,17900,23048,58493,39259630,19234225,-27820985,-30672870,0,96340005,19234225,30384460,44751325,190710015,57080375,0,58205445,75424195,190710015
2023-09-22,3275,3310,3210,3275,38906,0.0,-1630,0,14598,-12968,0,15360,0,21588,1958,38906,16990,0,6990,14926,38906,-5124870,0,47479685,-42354815,0,50133565,0,70335370,6402985,126871920,55258435,0,22855685,48757800,126871920
2023-09-25,3280,3290,3220,3255,25271,-0.6106870229007634,14729,0,2786,-17515,0,18463,0,6418,390,25271,3734,0,3632,17905,25271,48037275,0,9007120,-57044395,0,60202380,0,20834125,1261015,82297520,12165105,0,11827005,58305410,82297520
2023-09-26,3250,3270,3230,3235,34142,-0.6144393241167435,11265,0,7530,-18795,0,20067,0,14014,61,34142,8802,0,6484,18856,34142,36590085,0,24448560,-61038645,0,65258400,0,45504075,198295,110960770,28668315,0,21055515,61236940,110960770
2023-09-27,3235,3300,3205,3300,45594,2.009273570324575,4002,3633,2201,-9836,0,23303,3633,14094,4564,45594,19301,0,11893,14400,45594,13147045,11719675,7346525,-32213245,0,76487560,11719675,46111300,14984460,149302995,63340515,0,38764775,47197705,149302995
2023-10-04,3255,3295,3205,3290,82971,-0.30303030303030304,-25823,2014,11121,12688,0,23333,2014,30436,27188,82971,49156,0,19315,14500,82971,-83208460,6475010,35795150,40938300,0,75389660,6475010,98112510,87756170,267733350,158598120,0,62317360,46817870,267733350
2023-10-05,3300,3300,3220,3275,36836,-0.4559270516717325,14071,0,-420,-13651,0,28408,0,5320,3108,36836,14337,0,5740,16759,36836,46097025,0,-1482925,-44614100,0,92901385,0,17265755,10114250,120281390,46804360,0,18748680,54728350,120281390
2023-10-06,3275,3310,3220,3295,49331,0.6106870229007634,9941,11785,-11224,-10502,0,24804,12101,6944,5482,49331,14863,316,18168,15984,49331,32782855,38377360,-36589710,-34570505,0,81302810,39418660,22655735,17831375,161208580,48519955,1041300,59245445,52401880,161208580
2023-10-10,3295,3330,3265,3300,25382,0.15174506828528073,13200,-4688,-545,-7967,0,17947,0,6877,558,25382,4747,4688,7422,8525,25382,43476625,-15470760,-1799535,-26206330,0,59086360,0,22581145,1837980,83505485,15609735,15470760,24380680,28044310,83505485
2023-10-11,3300,3320,3260,3315,35170,0.45454545454545453,14972,4632,3217,-22821,0,21271,4632,9228,39,35170,6299,0,6011,22860,35170,49202415,15188760,10480525,-74871700,0,69833905,15188760,30220185,127545,115370395,20631490,0,19739660,74999245,115370395
2023-10-12,3315,3370,3290,3360,26822,1.3574660633484164,10865,-681,-9258,-926,0,16177,2319,4120,4206,26822,5312,3000,13378,5132,26822,36338700,-2401170,-30849510,-3088020,0,54004330,7678830,13663670,14016965,89363795,17665630,10080000,44513180,17104985,89363795
2023-10-13,3325,3375,3325,3370,26517,0.2976190476190476,8552,500,-12165,3113,0,17508,500,4273,4236,26517,8956,0,16438,1123,26517,28900220,1677500,-41029910,10452190,0,58945075,1677500,14305845,14235200,89163620,30044855,0,55335755,3783010,89163620
2023-10-16,3370,3380,3320,3380,44561,0.2967359050445104,10457,2800,-9218,-4039,0,22103,2800,15684,3974,44561,11646,0,24902,8013,44561,35143195,9397000,-30922600,-13617595,0,74216230,9397000,52672660,13236385,149522275,39073035,0,83595260,26853980,149522275
2023-10-17,3380,3480,3365,3395,52618,0.4437869822485207,3749,-3710,945,-984,0,21030,500,24410,6678,52618,17281,4210,23465,7662,52618,12885290,-12595025,3089925,-3380190,0,71793105,1697925,83218345,22808210,179517585,58907815,14292950,80128420,26188400,179517585
2023-10-18,3425,3460,3360,3460,39410,1.914580265095729,6572,-2144,-255,-4173,0,19026,2597,16712,1075,39410,12454,4741,16967,5248,39410,22844360,-7626000,-873960,-14344400,0,65402675,8777860,57354840,3670840,135206215,42558315,16403860,58228800,18015240,135206215
2023-10-19,3460,3460,3395,3430,58112,-0.8670520231213872,24015,13352,-33168,-4199,0,29663,13352,8363,6734,58112,5648,0,41531,10933,58112,82396990,45712210,-113697770,-14411430,0,101710430,45712210,28585815,23030145,199038600,19313440,0,142283585,37441575,199038600
2023-10-20,3430,3430,3345,3415,26965,-0.43731778425655976,1187,6818,-5270,-2735,0,9683,6818,9431,1033,26965,8496,0,14701,3768,26965,4166560,22984220,-17892960,-9257820,0,32822725,22984220,31835440,3483965,91126350,28656165,0,49728400,12741785,91126350
2023-10-23,3380,3390,3185,3275,103663,-4.099560761346998,5303,27283,-4104,-28482,0,36837,27283,27811,11732,103663,31534,0,31915,40214,103663,18226125,90157345,-13848565,-94534905,0,121725770,90157345,91609975,38484220,341977310,103499645,0,105458540,133019125,341977310
2023-10-24,3245,3350,3195,3340,38537,1.984732824427481,2945,8500,-6281,-5164,0,15672,8500,7271,7094,38537,12727,0,13552,12258,38537,10179535,27910885,-20800675,-17289745,0,51851840,27910885,23611900,23142660,126517285,41672305,0,44412575,40432405,126517285
2023-10-25,3355,3380,3310,3380,10957,1.1976047904191618,684,0,-414,-270,0,7246,0,2718,993,10957,6562,0,3132,1263,10957,2273715,0,-1371150,-902565,0,24404205,0,9143660,3345475,36893340,22130490,0,10514810,4248040,36893340
2023-10-26,3380,3380,3120,3300,134045,-2.366863905325444,51719,6000,-70815,13096,0,74892,6000,31017,22136,134045,23173,0,101832,9040,134045,170518095,19710000,-233438230,43210135,0,246892605,19710000,101363965,73011770,440978340,76374510,0,334802195,29801635,440978340
2023-10-27,3150,3300,3150,3295,45439,-0.15151515151515152,-4061,3000,4880,-3819,0,19836,3000,15051,7552,45439,23897,0,10171,11371,45439,-12339055,9808695,15271125,-12740765,0,64827800,9808695,48194950,24403470,147234915,77166855,0,32923825,37144235,147234915
2023-10-30,3295,3300,3225,3295,23783,0.0,6952,3000,-7919,-2033,0,14670,3000,5182,931,23783,7718,0,13101,2964,23783,22701190,9828010,-25882410,-6646790,0,47937875,9828010,16850955,3023885,77640725,25236685,0,42733365,9670675,77640725
2023-10-31,3295,3370,3265,3265,50805,-0.9104704097116844,23002,8000,-28791,-2211,0,31317,8000,9311,2177,50805,8315,0,38102,4388,50805,75848080,26512415,-95025285,-7335210,0,103336870,26512415,30625340,7199510,167674135,27488790,0,125650625,14534720,167674135
2023-11-01,3290,3320,3260,3320,21266,1.6845329249617151,2440,7000,-8234,-1206,0,9078,7000,3430,1758,21266,6638,0,11664,2964,21266,8041975,22923580,-27025615,-3939940,0,29820050,22923580,11254005,5771785,69769420,21778075,0,38279620,9711725,69769420
2023-11-02,3320,3350,3300,3330,23040,0.30120481927710846,11271,2000,-12434,-837,0,16010,2000,3892,1138,23040,4739,0,16326,1975,23040,37355110,6635000,-41229890,-2760220,0,53114225,6635000,12938645,3788315,76476185,15759115,0,54168535,6548535,76476185
2023-11-03,3345,3425,3295,3360,49224,0.9009009009009009,8113,0,-7000,-1113,0,31277,0,10295,7652,49224,23164,0,17295,8765,49224,27668990,0,-23948255,-3720735,0,105519385,0,34438985,25666585,165624955,77850395,0,58387240,29387320,165624955
2023-11-06,3430,3465,3365,3465,52591,3.125,13671,-1000,-12174,-497,0,29774,0,19192,3625,52591,16103,1000,31366,4122,52591,46809585,-3457850,-41656930,-1694805,0,101784175,0,65353785,12304925,179442885,54974590,3457850,107010715,13999730,179442885
2023-11-07,3460,3490,3390,3405,44368,-1.7316017316017316,22378,-2000,-9498,-10880,0,30665,0,10873,2830,44368,8287,2000,20371,13710,44368,76910775,-6835000,-32466900,-37608875,0,105365085,0,37151435,9688530,152205050,28454310,6835000,69618335,47297405,152205050
2023-11-08,3410,3480,3410,3470,36830,1.908957415565345,5238,0,-2139,-3099,0,18494,0,11753,6583,36830,13256,0,13892,9682,36830,18449065,0,-7550010,-10899055,0,64014270,0,40622010,22575450,127211730,45565205,0,48172020,33474505,127211730
2023-11-09,3490,3530,3450,3530,58427,1.729106628242075,-19465,41721,-26131,3875,0,4560,43538,4308,6021,58427,24025,1817,30439,2146,58427,-68251940,146071100,-91473840,13654680,0,15990125,152460600,15118170,21149055,204717950,84242065,6389500,106592010,7494375,204717950
2023-11-10,3575,3610,3500,3610,126572,2.26628895184136,-52567,40987,6868,4712,0,3895,41987,56985,23705,126572,56462,1000,50117,18993,126572,-188030580,146477365,24189710,17363505,0,13967195,150067365,203265715,85088830,452389105,201997775,3590000,179076005,67725325,452389105
2023-11-13,3610,3610,3565,3590,37551,-0.554016620498615,18945,0,-16844,-2101,0,27902,0,4981,4668,37551,8957,0,21825,6769,37551,67942170,0,-60352640,-7589530,0,100018045,0,17837595,16692980,134548620,32075875,0,78190235,24282510,134548620
2023-11-14,3590,3590,3520,3525,24304,-1.8105849582172702,6596,0,-752,-5844,0,11934,0,12086,284,24304,5338,0,12838,6128,24304,23418535,0,-2692785,-20725750,0,42321730,0,42812210,1013820,86147760,18903195,0,45504995,21739570,86147760
2023-11-15,3535,3625,3530,3615,67854,2.553191489361702,28205,-20,-27393,-792,0,46155,0,14635,7064,67854,17950,20,42028,7856,67854,101610615,-71480,-98514845,-3024290,0,165951195,0,52128035,25170275,243249505,64340580,71480,150642880,28194565,243249505
2023-11-16,3635,3640,3620,3640,25333,0.6915629322268326,11356,1995,-10436,-2915,0,15732,2001,7599,1,25333,4376,6,18035,2916,25333,41260080,7251815,-37927050,-10584845,0,57147440,7273630,27582745,3635,92007450,15887360,21815,65509795,10588480,92007450
2023-11-17,3640,3680,3620,3675,40998,0.9615384615384616,5557,7924,-17652,4171,0,14799,7924,13546,4729,40998,9242,0,31198,558,40998,20153165,29039975,-64461250,15268110,0,53954795,29039975,49412560,17302165,149709495,33801630,0,113873810,2034055,149709495
2023-11-20,3675,3725,3660,3715,75325,1.0884353741496597,234,7110,-23132,15788,0,16913,14465,27301,16646,75325,16679,7355,50433,858,75325,959450,26200285,-85625585,58465850,0,62629790,53475205,101036745,61656405,278798145,61670340,27274920,186662330,3190555,278798145
2023-11-21,3750,3750,3700,3725,49169,0.2691790040376851,1337,25741,-27005,-73,0,9811,25745,10629,2984,49169,8474,4,37634,3057,49169,5010435,95837530,-100538265,-309700,0,36534525,95852420,39552290,11088895,183028130,31524090,14890,140090555,11398595,183028130
2023-11-22,3710,3745,3685,3695,21813,-0.8053691275167786,816,-5,9355,-10166,0,4687,0,17120,6,21813,3871,5,7765,10172,21813,2992040,-18475,34806420,-37779985,0,17357625,0,63663435,22170,81043230,14365585,18475,28857015,37802155,81043230
2023-11-23,3695,3725,3610,3670,53494,-0.6765899864682002,8892,0,2540,-11432,0,35033,0,14558,3903,53494,26141,0,12018,15335,53494,33083505,0,8947980,-42031485,0,128430270,0,52887975,14195050,195513295,95346765,0,43939995,56226535,195513295
2023-11-24,3665,3685,3630,3630,23892,-1.08991825613079,-93,0,2224,-2131,0,11915,0,5682,6295,23892,12008,0,3458,8426,23892,-331140,0,8156380,-7825240,0,43603800,0,20797055,23029195,87430050,43934940,0,12640675,30854435,87430050
2023-11-27,3630,3665,3610,3620,26592,-0.27548209366391185,-6427,0,4826,1601,0,9503,0,12710,4379,26592,15930,0,7884,2778,26592,-23303830,0,17465685,5838145,0,34512295,0,46134825,15919710,96566830,57816125,0,28669140,10081565,96566830
2023-11-28,3600,3680,3585,3615,38433,-0.13812154696132595,13622,0,-17904,4282,0,23729,0,5272,9432,38433,10107,0,23176,5150,38433,49845105,0,-65112200,15267095,0,86538845,0,19159105,34056930,139754880,36693740,0,84271305,18789835,139754880
2023-11-29,3655,3655,3595,3635,25687,0.5532503457814661,12279,0,-11746,-533,0,17438,0,6431,1818,25687,5159,0,18177,2351,25687,44662205,0,-42681535,-1980670,0,63366855,0,23267810,6580990,93215655,18704650,0,65949345,8561660,93215655
2023-11-30,3665,3670,3630,3665,19394,0.8253094910591471,8404,0,-6601,-1803,0,16015,0,3379,0,19394,7611,0,9980,1803,19394,30759045,0,-24172860,-6586185,0,58533325,0,12328330,0,70861655,27774280,0,36501190,6586185,70861655
2023-12-01,3635,3720,3635,3700,33348,0.9549795361527967,-970,0,-3972,4942,0,15793,0,10462,7093,33348,16763,0,14434,2151,33348,-3522595,0,-14699475,18222070,0,58168400,0,38587420,26164680,122920500,61690995,0,53286895,7942610,122920500
2023-12-04,3700,3735,3665,3680,15897,-0.5405405405405406,-2299,-5,3335,-1031,0,7806,0,6817,1274,15897,10105,5,3482,2305,15897,-8419395,-18600,12267140,-3829145,0,28844840,0,25152305,4684910,58682055,37264235,18600,12885165,8514055,58682055
2023-12-05,3660,3710,3660,3710,10764,0.8152173913043478,-276,661,-1051,666,0,4226,661,5210,667,10764,4502,0,6261,1,10764,-980490,2432480,-3906790,2454800,0,15605870,2432480,19203965,2458500,39700815,16586360,0,23110755,3700,39700815
2023-12-06,3710,3755,3705,3750,35775,1.078167115902965,418,3985,-8691,4288,0,14714,3985,11857,5219,35775,14296,0,20548,931,35775,1652015,14903250,-32525855,15970590,0,54848390,14903250,44196870,19432740,133381250,53196375,0,76722725,3462150,133381250
2023-12-07,3745,3800,3730,3775,68533,0.6666666666666667,-10452,-10,-7576,18038,0,25001,1,24835,18696,68533,35453,11,32411,658,68533,-39346905,-37870,-28469365,67854140,0,94184675,3795,93420265,70344650,257953385,133531580,41665,121889630,2490510,257953385
2023-12-08,3800,3800,3750,3760,30573,-0.3973509933774834,3143,-1000,2382,-4525,0,17835,0,12466,272,30573,14692,1000,10084,4797,30573,11782675,-3775000,9028505,-17036180,0,67029450,0,46903375,1021700,114954525,55246775,3775000,37874870,18057880,114954525
2023-12-11,3760,3760,3700,3755,40028,-0.13297872340425532,27491,-1335,-21599,-4557,0,30055,0,9535,438,40028,2564,1335,31134,4995,40028,102727220,-4991780,-80716065,-17019375,0,112286590,0,35584050,1622790,149493430,9559370,4991780,116300115,18642165,149493430
2023-12-12,3755,3770,3750,3765,23728,0.2663115845539281,-2348,-3,5383,-3032,0,4691,0,19033,4,23728,7039,3,13650,3036,23728,-8846500,-11295,20255305,-11397510,0,17637975,0,71490120,15020,89143115,26484475,11295,51234815,11412530,89143115
2023-12-13,3750,3810,3725,3785,45033,0.5312084993359893,-6304,-2960,-1564,10828,0,16997,2000,12434,13602,45033,23301,4960,13998,2774,45033,-23476660,-11175630,-5899585,40551875,0,63972210,7550000,46814400,51046295,169382905,87448870,18725630,52713985,10494420,169382905
2023-12-14,3785,3820,3700,3810,56553,0.6605019815059445,13467,1000,-15701,1234,0,23442,5000,21718,6393,56553,9975,4000,37419,5159,56553,51203535,3774395,-59727925,4749995,0,89167875,18974395,82566110,24342405,215050785,37964340,15200000,142294035,19592410,215050785
2023-12-15,3800,3845,3775,3830,45544,0.5249343832020997,7550,-16,-6952,-582,0,35053,0,9398,1093,45544,27503,16,16350,1675,45544,28932645,-61145,-26638060,-2233440,0,134021335,0,35891675,4176770,174089780,105088690,61145,62529735,6410210,174089780
2023-12-18,3825,3825,3720,3780,83744,-1.3054830287206265,12996,-1253,-193,-11550,0,57398,0,20706,5640,83744,44402,1253,20899,17190,83744,48888320,-4741150,-603695,-43543475,0,215972760,0,77840830,21175105,314988695,167084440,4741150,78444525,64718580,314988695
2023-12-19,3725,3780,3700,3700,80849,-2.1164021164021163,5078,2000,5216,-12294,0,53980,2000,19925,4944,80849,48902,0,14709,17238,80849,19326755,7427305,19262060,-46016120,0,201368885,7427305,74010890,18411240,301218320,182042130,0,54748830,64427360,301218320
2023-12-20,3690,3720,3660,3685,46436,-0.40540540540540543,-10297,4000,9838,-3541,0,20864,4000,18828,2744,46436,31161,0,8990,6285,46436,-37829550,14767705,36156695,-13094850,0,76993355,14767705,69320575,10097805,171179440,114822905,0,33163880,23192655,171179440
2023-12-21,3680,3705,3660,3665,51678,-0.5427408412483039,-12162,0,9392,2770,0,22543,0,21187,7948,51678,34705,0,11795,5178,51678,-44537030,0,34455455,10081575,0,82874905,0,77717405,29150895,189743205,127411935,0,43261950,19069320,189743205
2023-12-22,3680,3740,3675,3740,11604,2.046384720327422,674,-408,262,-528,0,4375,0,6046,1183,11604,3701,408,5784,1711,11604,2650850,-1509600,799000,-1940250,0,16299615,0,22295135,4373355,42968105,13648765,1509600,21496135,6313605,42968105
2023-12-26,3745,3795,3705,3795,57150,1.4705882352941175,17126,-5000,-14361,2235,0,25692,0,24039,7419,57150,8566,5000,38400,5184,57150,64854500,-18950000,-54386070,8481570,0,97091720,0,90623420,27983605,215698745,32237220,18950000,145009490,19502035,215698745
2023-12-27,3730,3775,3665,3730,64127,-1.7127799736495388,10875,10961,-10712,-11124,0,33654,10961,10250,9262,64127,22779,0,20962,20386,64127,41043180,40475055,-39850100,-41668135,0,125578300,40475055,37983615,34282105,238319075,84535120,0,77833715,75950240,238319075
2023-12-28,3730,3800,3660,3670,44281,-1.6085790884718498,4385,0,671,-5056,0,24996,0,14183,5102,44281,20611,0,13512,10158,44281,16518115,0,2456450,-18974565,0,92611050,0,52426735,18773565,163811350,76092935,0,49970285,37748130,163811350
2024-01-02,3690,3755,3630,3680,34720,0.2724795640326975,-1326,3,4937,-3614,0,23129,3,10131,1457,34720,24455,0,5194,5071,34720,-4696400,10950,18038130,-13352680,0,85082400,10950,37162470,5326340,127582160,89778800,0,19124340,18679020,127582160
2024-01-03,3690,3695,3635,3665,45473,-0.4076086956521739,-5625,4409,12458,-11242,0,15475,4409,22260,3329,45473,21100,0,9802,14571,45473,-20490840,16070805,45761050,-41341015,0,56674605,16070805,81662000,12253700,166661110,77165445,0,35900950,53594715,166661110
2024-01-04,3670,3720,3660,3695,64035,0.8185538881309686,-30699,10247,6446,14006,0,10571,10247,27730,15487,64035,41270,0,21284,1481,64035,-112978455,37754715,23708900,51514840,0,38928365,37754715,102106930,56959430,235749440,151906820,0,78398030,5444590,235749440
2024-01-05,3695,3735,3595,3670,44048,-0.6765899864682002,-2973,519,10441,-7987,0,24765,524,14873,3886,44048,27738,5,4432,11873,44048,-10503695,1901720,38051320,-29449345,0,90640225,1920395,54292790,14022685,160876095,101143920,18675,16241470,43472030,160876095
2024-01-08,3670,3670,3565,3620,53110,-1.3623978201634876,-13241,0,8922,4319,0,27401,0,14619,11090,53110,40642,0,5697,6771,53110,-47349020,0,32003260,15345760,0,98898270,0,52490295,39876480,191265045,146247290,0,20487035,24530720,191265045
2024-01-09,3640,3670,3570,3580,45560,-1.1049723756906076,8792,0,92,-8884,0,34963,0,5520,5077,45560,26171,0,5428,13961,45560,32563520,0,36805,-32600325,0,127239280,0,19855520,18342765,165437565,94675760,0,19818715,50943090,165437565
2024-01-10,3615,3635,3585,3630,21035,1.3966480446927374,-11976,5169,5875,932,0,5121,5169,9315,1430,21035,17097,0,3440,498,21035,-43380025,18722535,21284010,3373480,0,18523325,18722535,33749325,5177250,76172435,61903350,0,12465315,1803770,76172435
2024-01-11,3630,3680,3580,3630,45689,0.0,-12307,1605,6799,3903,0,22145,1605,14538,7401,45689,34452,0,7739,3498,45689,-44142510,5796855,24401570,13944085,0,80069695,5796855,52382300,26690645,164939495,124212205,0,27980730,12746560,164939495
2024-01-12,3660,3660,3555,3570,31995,-1.6528925619834711,-11822,2260,8780,782,0,11846,2261,13651,4237,31995,23668,1,4871,3455,31995,-42191890,8081505,31400555,2709830,0,42421210,8085165,48785060,15145725,114437160,84613100,3660,17384505,12435895,114437160
2024-01-15,3575,3595,3555,3585,38966,0.42016806722689076,-2598,3890,-1384,92,0,25911,3890,8414,751,38966,28509,0,9798,659,38966,-9237430,13877890,-4978265,337805,0,92488350,13877890,30029805,2684195,139080240,101725780,0,35008070,2346390,139080240
2024-01-16,3595,3600,3550,3550,39455,-0.9762900976290098,5552,0,-3959,-1593,0,27500,0,11955,0,39455,21948,0,15914,1593,39455,19873965,0,-14162485,-5711480,0,98376185,0,42780180,0,141156365,78502220,0,56942665,5711480,141156365
2024-01-17,3565,3570,3520,3570,24602,0.5633802816901409,6415,15,-6538,108,0,16604,15,3700,4283,24602,10189,0,10238,4175,24602,22741790,52875,-23117170,322505,0,58803505,52875,13055070,15150515,87061965,36061715,0,36172240,14828010,87061965
2024-01-18,3585,3605,3560,3580,14572,0.2801120448179272,9351,-655,-5970,-2726,0,13747,0,825,0,14572,4396,655,6795,2726,14572,33547825,-2361275,-21403795,-9782755,0,49301630,0,2957575,0,52259205,15753805,2361275,24361370,9782755,52259205
2024-01-19,3600,3620,3565,3610,20548,0.8379888268156425,166,0,347,-513,0,15281,0,2074,3193,20548,15115,0,1727,3706,20548,682100,0,1241640,-1923740,0,54971845,0,7456870,11428540,73857255,54289745,0,6215230,13352280,73857255
2024-01-22,3625,3635,3575,3580,26013,-0.8310249307479225,3919,-1,-5270,1352,0,17280,0,2918,5815,26013,13361,1,8188,4463,26013,14303585,-3600,-19050090,4750105,0,62386360,0,10485555,20888080,93759995,48082775,3600,29535645,16137975,93759995
2024-01-23,3600,3670,3585,3635,16318,1.536312849162011,3843,0,-4601,758,0,11740,0,1244,3334,16318,7897,0,5845,2576,16318,13990250,0,-16709710,2719460,0,42699690,0,4522990,12095490,59318170,28709440,0,21232700,9376030,59318170
2024-01-24,3645,3695,3645,3695,25610,1.6506189821182942,14449,0,-16526,2077,0,19674,0,2245,3691,25610,5225,0,18771,1614,25610,53177200,0,-60768425,7591225,0,72428960,0,8232270,13526110,94187340,19251760,0,69000695,5934885,94187340
2024-01-25,3715,3730,3670,3730,23629,0.9472259810554804,6055,0,-8024,1969,0,17266,0,3170,3193,23629,11211,0,11194,1224,23629,22417875,0,-29621455,7203580,0,63808895,0,11717390,11731060,87257345,41391020,0,41338845,4527480,87257345
2024-01-26,3750,3750,3700,3720,18827,-0.2680965147453083,7911,0,-4873,-3038,0,16388,0,2437,2,18827,8477,0,7310,3040,18827,29446905,0,-18144225,-11302680,0,60972690,0,9048915,7420,70029025,31525785,0,27193140,11310100,70029025
2024-01-29,3740,3740,3690,3730,28570,0.2688172043010753,1712,0,1646,-3358,0,18468,0,9451,651,28570,16756,0,7805,4009,28570,6405840,0,6074010,-12479850,0,68635395,0,35077350,2413320,106126065,62229555,0,29003340,14893170,106126065
2024-01-30,3730,3750,3710,3725,41831,-0.13404825737265416,752,0,-8018,7266,0,29759,0,3578,8494,41831,29007,0,11596,1228,41831,2905075,0,-29898645,26993570,0,110903525,0,13316650,31573930,155794105,107998450,0,43215295,4580360,155794105
2024-01-31,3725,3790,3715,3770,31708,1.2080536912751678,2674,-2,-7590,4918,0,21586,0,3430,6692,31708,18912,2,11020,1774,31708,10090085,-7470,-28432655,18350040,0,80834710,0,12827785,25014475,118676970,70744625,7470,41260440,6664435,118676970
2024-02-01,3790,3790,3700,3755,31062,-0.3978779840848806,4307,0,-4140,-167,0,18653,0,9755,2654,31062,14346,0,13895,2821,31062,16317530,0,-15675390,-642140,0,70144725,0,36592730,9958260,116695715,53827195,0,52268120,10600400,116695715
2024-02-02,3755,3795,3735,3795,43765,1.0652463382157125,13816,0,-20606,6790,0,33354,0,2512,7899,43765,19538,0,23118,1109,43765,52456400,0,-77986500,25530100,0,125924565,0,9425990,29714630,165065185,73468165,0,87412490,4184530,165065185
2024-02-05,3795,3820,3700,3795,55526,0.0,7907,0,-17062,9155,0,29056,0,15143,11327,55526,21149,0,32205,2172,55526,29940460,0,-64594575,34654115,0,110021270,0,57246095,42906115,210173480,80080810,0,121840670,8252000,210173480
2024-02-06,3795,3895,3765,3815,45834,0.5270092226613966,22036,0,-24112,2076,0,30897,0,6443,8494,45834,8861,0,30555,6418,45834,84109710,0,-91941285,7831575,0,117849715,0,24487680,32396290,174733685,33740005,0,116428965,24564715,174733685
2024-02-07,3850,3850,3800,3815,47635,0.0,11906,0,-9201,-2705,0,34121,0,7828,5686,47635,22215,0,17029,8391,47635,45551225,0,-35209560,-10341665,0,130412530,0,29878610,21726980,182018120,84861305,0,65088170,32068645,182018120
2024-02-08,3830,3845,3810,3830,29862,0.39318479685452157,6984,-5000,-8198,6214,0,18236,0,4701,6925,29862,11252,5000,12899,711,29862,26742945,-19104275,-31384960,23746290,0,69739190,0,17963050,26468350,114170590,42996245,19104275,49348010,2722060,114170590
2024-02-13,3830,3890,3800,3870,80486,1.0443864229765014,10619,0,-14727,4108,0,17652,0,56613,6221,80486,7033,0,71340,2113,80486,40758870,0,-56670725,15911855,0,67993000,0,217888525,24015665,309897190,27234130,0,274559250,8103810,309897190
2024-02-14,3810,3880,3810,3880,53747,0.2583979328165375,17639,700,-26059,7720,0,39192,700,5743,8112,53747,21553,0,31802,392,53747,68330880,2716000,-100929220,29882340,0,151785705,2716000,22197510,31396505,208095720,83454825,0,123126730,1514165,208095720
2024-02-15,3900,3900,3800,3820,52031,-1.5463917525773196,7015,-3700,5561,-8876,0,24204,0,26846,981,52031,17189,3700,21285,9857,52031,26799910,-14247280,21567010,-34119640,0,92948025,0,103225585,3777275,199950885,66148115,14247280,81658575,37896915,199950885
2024-02-16,3820,3820,3745,3755,68364,-1.7015706806282722,-3093,0,17257,-14164,0,28697,0,39085,582,68364,31790,0,21828,14746,68364,-11756210,0,65274735,-53518525,0,108335215,0,147365315,2190780,257891310,120091425,0,82090580,55709305,257891310
2024-02-19,3775,3780,3750,3755,51688,0.0,4153,0,-20820,16667,0,20131,0,12762,18795,51688,15978,0,33582,2128,51688,15581115,0,-78322705,62741590,0,75765715,0,48027130,70746990,194539835,60184600,0,126349835,8005400,194539835
2024-02-20,3780,3780,3745,3770,13374,0.3994673768308922,-1579,0,1237,342,0,2416,0,10495,463,13374,3995,0,9258,121,13374,-5920855,0,4634900,1285955,0,9077880,0,39424435,1740810,50243125,14998735,0,34789535,454855,50243125
2024-02-21,3770,3780,3755,3770,16662,0.0,-446,0,-6163,6609,0,3929,0,5883,6850,16662,4375,0,12046,241,16662,-1676635,0,-23196190,24872825,0,14796645,0,22138880,25779260,62714785,16473280,0,45335070,906435,62714785
2024-02-22,3765,3780,3740,3760,28802,-0.2652519893899204,-1273,2735,-3499,2037,0,6762,2735,17170,2135,28802,8035,0,20669,98,28802,-4800385,10310950,-13173500,7662935,0,25415020,10310950,64540725,8031875,108298570,30215405,0,77714225,368940,108298570
2024-02-23,3760,3790,3745,3760,48379,0.0,-9579,5000,-14736,19315,0,7340,5000,16272,19767,48379,16919,0,31008,452,48379,-36041750,18853770,-55530910,72718890,0,27652185,18853770,61194895,74429195,182130045,63693935,0,116725805,1710305,182130045
2024-02-26,3740,3790,3735,3780,35931,0.5319148936170213,-14519,-22,-24,14565,0,9748,0,9238,16945,35931,24267,22,9262,2380,35931,-54414295,-82610,-102635,54599540,0,36674565,0,34659300,63612685,134946550,91088860,82610,34761935,9013145,134946550
2024-02-27,3790,3790,3740,3770,24955,-0.26455026455026454,-7502,1000,1176,5326,0,6435,1000,10411,7109,24955,13937,0,9235,1783,24955,-28288665,3775890,4419575,20093200,0,24283475,3775890,39292650,26821010,94173025,52572140,0,34873075,6727810,94173025
2024-02-28,3785,3795,3770,3795,22992,0.6631299734748011,-3490,0,2326,1164,0,14555,0,5153,3284,22992,18045,0,2827,2120,22992,-13164295,0,8764745,4399550,0,54972885,0,19460925,12404030,86837840,68137180,0,10696180,8004480,86837840
2024-02-29,3790,3795,3755,3770,31797,-0.6587615283267457,-3933,0,293,3640,0,5723,0,20790,5284,31797,9656,0,20497,1644,31797,-14851365,0,1136815,13714550,0,21556310,0,78403080,19914430,119873820,36407675,0,77266265,6199880,119873820
2024-03-04,3770,3785,3755,3775,24836,0.1326259946949602,-6503,0,8620,-2117,0,5050,0,18749,1037,24836,11553,0,10129,3154,24836,-24439010,0,32409370,-7970360,0,19028975,0,70552820,3899860,93481655,43467985,0,38143450,11870220,93481655
2024-03-05,3770,3860,3765,3850,65191,1.9867549668874174,10166,264,-23923,13493,0,33606,264,13262,18059,65191,23440,0,37185,4566,65191,38989495,1000070,-91101910,51112345,0,128026205,1000070,50340445,68592830,247959550,89036710,0,141442355,17480485,247959550
2024-03-06,3840,3965,3825,3950,131602,2.5974025974025974,36017,3083,-40882,1782,0,81894,3090,24210,22408,131602,45877,7,65092,20626,131602,141891115,12147200,-160454715,6416400,0,321925700,12174865,95123920,87627550,516852035,180034585,27665,255578635,81211150,516852035
2024-03-07,3950,4065,3930,4000,66623,1.2658227848101267,15250,-5241,-183,-9826,0,26066,0,28355,12202,66623,10816,5241,28538,22028,66623,60788895,-20931230,-408965,-39448700,0,103708695,0,113136105,48428805,265273605,42919800,20931230,113545070,87877505,265273605
2024-03-08,3950,4025,3875,3955,45933,-1.125,16395,-264,-12241,-3890,0,20874,0,17956,7103,45933,4479,264,30197,10993,45933,65235460,-1044675,-48649165,-15541620,0,82941600,0,71148935,28158060,182248595,17706140,1044675,119798100,43699680,182248595
2024-03-11,3985,4020,3895,4010,57900,1.390644753476612,12248,1250,-22268,8770,0,25910,1250,17073,13667,57900,13662,0,39341,4897,57900,48822255,5018750,-88606180,34765175,0,103234370,5018750,68206275,54349585,230808980,54412115,0,156812455,19584410,230808980
2024-03-12,4005,4060,3985,4060,68218,1.2468827930174564,21261,10,-31297,10026,0,36513,10,17329,14366,68218,15252,0,48626,4340,68218,85925655,40450,-126528585,40562480,0,147586250,40450,69916175,58027975,275570850,61660595,0,196444760,17465495,275570850
2024-03-13,4060,4070,4015,4070,35943,0.24630541871921183,1279,-1096,2579,-2762,0,16973,688,13717,4565,35943,15694,1784,11138,7327,35943,5246560,-4463525,10389385,-11172420,0,68813015,2779520,55565770,18486150,145644455,63566455,7243045,45176385,29658570,145644455
2024-03-14,4060,4090,4025,4090,55534,0.4914004914004914,12129,6200,-11978,-6351,0,22727,6200,21012,5595,55534,10598,0,32990,11946,55534,49398770,25048000,-48586470,-25860300,0,92492920,25048000,85378715,22739030,225658665,43094150,0,133965185,48599330,225658665
2024-03-15,4050,4090,4035,4035,24888,-1.3447432762836184,184,0,7589,-7773,0,9166,0,15721,1,24888,8982,0,8132,7774,24888,789570,0,30728415,-31517985,0,37179250,0,63669090,4055,100852395,36389680,0,32940675,31522040,100852395
2024-03-18,4035,4075,3955,3955,17611,-1.982651796778191,3951,0,-2139,-1812,0,8090,0,9169,352,17611,4139,0,11308,2164,17611,15846570,0,-8584005,-7262565,0,32367400,0,36611180,1402645,70381225,16520830,0,45195185,8665210,70381225
2024-03-19,3960,4000,3905,3985,22579,0.7585335018963337,1007,0,1012,-2019,0,6619,0,15018,942,22579,5612,0,14006,2961,22579,4008120,0,3983280,-7991400,0,26035115,0,59154235,3704820,88894170,22026995,0,55170955,11696220,88894170
2024-03-20,4000,4045,3960,4045,33487,1.5056461731493098,7301,1450,-4488,-4263,0,20722,1450,7858,3457,33487,13421,0,12346,7720,33487,29479580,5831000,-18125560,-17185020,0,83510740,5831000,31626145,13918130,134886015,54031160,0,49751705,31103150,134886015
2024-03-21,4075,4075,4020,4060,36002,0.3708281829419036,16394,0,-13403,-2991,0,24163,0,10071,1768,36002,7769,0,23474,4759,36002,66500765,0,-54361730,-12139035,0,97969030,0,40812190,7137320,145918540,31468265,0,95173920,19276355,145918540
2024-03-22,4060,4160,4045,4155,78887,2.3399014778325125,952,1105,-34307,32250,0,26694,1105,10784,40304,78887,25742,0,45091,8054,78887,4343830,4491795,-140619250,131783625,0,109707095,4491795,44071455,165007840,323278185,105363265,0,184690705,33224215,323278185
2024-03-25,4155,4160,4135,4155,21657,0.0,11149,0,-836,-10313,0,13188,0,8319,150,21657,2039,0,9155,10463,21657,46279880,0,-3506095,-42773785,0,54728590,0,34488800,621000,89838390,8448710,0,37994895,43394785,89838390
2024-03-26,4155,4155,4095,4145,41742,-0.24067388688327318,5180,-268,11432,-16344,0,21483,0,19623,636,41742,16303,268,8191,16980,41742,21388205,-1103475,47163410,-67448140,0,88526665,0,80826500,2604870,171958035,67138460,1103475,33663090,70053010,171958035
2024-03-27,4145,4145,4090,4105,29208,-0.9650180940892641,12406,0,-8219,-4187,0,20473,0,4096,4639,29208,8067,0,12315,8826,29208,51110035,0,-33752175,-17357860,0,84273870,0,16874780,19041055,120189705,33163835,0,50626955,36398915,120189705
2024-03-28,4135,4140,4070,4115,63615,0.24360535931790497,33421,-2355,-32778,1712,0,42011,0,11903,9701,63615,8590,2355,44681,7989,63615,137362945,-9679050,-134674925,6991030,0,172714880,0,48812105,39903820,261430805,35351935,9679050,183487030,32912790,261430805
2024-03-29,4120,4125,4070,4125,45624,0.24301336573511542,17245,2588,-16549,-3284,0,21440,2588,18188,3408,45624,4195,0,34737,6692,45624,70916660,10559040,-67973685,-13502015,0,88153790,10559040,74817505,14011600,187541935,17237130,0,142791190,27513615,187541935
2024-04-01,4125,4155,4080,4135,37164,0.24242424242424243,14765,0,-15800,1035,0,21653,0,10855,4656,37164,6888,0,26655,3621,37164,60942015,0,-65143000,4200985,0,89268180,0,44723180,19149960,153141320,28326165,0,109866180,14948975,153141320
2024-04-02,4140,4140,4070,4095,25442,-0.9673518742442563,8705,0,-4087,-4618,0,14890,0,10552,0,25442,6185,0,14639,4618,25442,35633310,0,-16754270,-18879040,0,60872250,0,43102365,0,103974615,25238940,0,59856635,18879040,103974615
2024-04-03,4090,4170,4045,4130,34061,0.8547008547008548,8924,246,-8040,-1130,0,17956,246,9614,6245,34061,9032,0,17654,7375,34061,36801895,998760,-33046980,-4753675,0,73798105,998760,39082725,25596215,139475805,36996210,0,72129705,30349890,139475805
2024-04-04,4135,4135,4070,4110,38827,-0.48426150121065376,-40,240,5762,-5962,0,23114,240,12934,2539,38827,23154,0,7172,8501,38827,68070,989775,23469215,-24527060,0,94831515,989775,52868370,10376205,159065865,94763445,0,29399155,34903265,159065865
2024-04-05,4115,4115,4055,4085,22429,-0.6082725060827251,-2619,122,6412,-3915,0,13750,122,8376,181,22429,16369,0,1964,4096,22429,-10531890,498980,26011095,-15978185,0,56105370,498980,34027620,735630,91367600,66637260,0,8016525,16713815,91367600
2024-04-08,4085,4120,4000,4000,44672,-2.08078335373317,3627,-498,-1615,-1514,0,24902,2,11330,8438,44672,21275,500,12945,9952,44672,14804060,-2004460,-6580145,-6219455,0,100524660,8040,45614895,34095260,180242855,85720600,2012500,52195040,40314715,180242855
2024-04-09,4000,4025,3915,3990,47927,-0.25,-3741,265,1425,2051,0,23532,265,13198,10932,47927,27273,0,11773,8881,47927,-14308115,1048075,5478610,7781430,0,93105565,1048075,51996870,43028610,189179120,107413680,0,46518260,35247180,189179120
2024-04-11,3985,3985,3920,3920,18976,-1.7543859649122806,4914,0,-3972,-942,0,10634,0,4878,3464,18976,5720,0,8850,4406,18976,19453875,0,-15666870,-3787005,0,42006730,0,19208580,13667775,74883085,22552855,0,34875450,17454780,74883085
2024-04-12,3935,4000,3900,3900,36762,-0.5102040816326531,-2312,-5167,4690,2789,0,12904,0,16215,7643,36762,15216,5167,11525,4854,36762,-9015025,-20230745,18318020,10927750,0,50685345,0,63473190,30044340,144202875,59700370,20230745,45155170,19116590,144202875
2024-04-15,3945,3945,3800,3885,14604,-0.38461538461538464,5644,0,-4052,-1592,0,8587,0,5340,677,14604,2943,0,9392,2269,14604,21951220,0,-15758770,-6192450,0,33373060,0,20639410,2629125,56641595,11421840,0,36398180,8821575,56641595
2024-04-16,3885,3885,3760,3770,50303,-2.9601029601029603,-17052,5,9985,7062,0,13989,5,25531,10778,50303,31041,0,15546,3716,50303,-64646230,19090,37942990,26684150,0,53411095,19090,97513810,40929270,191873265,118057325,0,59570820,14245120,191873265
2024-04-17,3780,3820,3605,3645,106441,-3.3156498673740056,-60363,7,40887,19469,0,22538,7,60018,23878,106441,82901,0,19131,4409,106441,-222317760,25985,150714995,71576780,0,83518105,25985,221754245,88151255,393449590,305835865,0,71039250,16574475,393449590
2024-04-18,3685,3745,3645,3675,51553,0.823045267489712,-16389,0,7891,8498,0,25246,0,12581,13726,51553,41635,0,4690,5228,51553,-60320625,0,29019500,31301125,0,93446345,0,46368045,50719060,190533450,153766970,0,17348545,19417935,190533450
2024-04-19,3675,3730,3650,3690,34532,0.40816326530612246,-7500,0,698,6802,0,18832,0,6865,8835,34532,26332,0,6167,2033,34532,-27402080,0,2443515,24958565,0,69673030,0,25252860,32489940,127415830,97075110,0,22809345,7531375,127415830
2024-04-22,3720,3825,3690,3795,43653,2.8455284552845526,-1756,0,-1077,2833,0,25647,0,8053,9953,43653,27403,0,9130,7120,43653,-6544695,0,-4032980,10577675,0,96631170,0,30215845,37384230,164231245,103175865,0,34248825,26806555,164231245
2024-04-23,3740,3900,3740,3835,61138,1.0540184453227932,-8284,10203,101,-2020,0,27849,10203,10917,12169,61138,36133,0,10816,14189,61138,-31430935,39395930,363495,-8328490,0,107440750,39395930,41898750,46549630,235285060,138871685,0,41535255,54878120,235285060
2024-04-24,3830,3915,3825,3915,30651,2.0860495436766624,10737,0,-7952,-2785,0,24884,0,2988,2779,30651,14147,0,10940,5564,30651,41815950,0,-30943745,-10872205,0,96494935,0,11552010,10688470,118735415,54678985,0,42495755,21560675,118735415
2024-04-25,3945,3975,3845,3950,38342,0.8939974457215836,5054,-219,-4600,-235,0,25927,0,3561,8854,38342,20873,219,8161,9089,38342,20207060,-853100,-18029740,-1324220,0,101613620,0,13864165,34345580,149823365,81406560,853100,31893905,35669800,149823365
2024-04-26,3985,4020,3950,4020,23935,1.7721518987341773,3114,0,-2128,-986,0,13743,0,6166,4026,23935,10629,0,8294,5012,23935,12465335,0,-8546545,-3918790,0,54868960,0,24616520,16048045,95533525,42403625,0,33163065,19966835,95533525
2024-04-29,4030,4055,3960,4055,24733,0.8706467661691543,14040,0,-11035,-3005,0,18044,0,1742,4947,24733,4004,0,12777,7952,24733,56334505,0,-44148820,-12185685,0,72387775,0,6972990,19796555,99157320,16053270,0,51121810,31982240,99157320
2024-04-30,4055,4065,3990,4000,15090,-1.3563501849568433,6481,0,-3654,-2827,0,11216,0,3874,0,15090,4735,0,7528,2827,15090,26117605,0,-14746980,-11370625,0,45124995,0,15648415,0,60773410,19007390,0,30395395,11370625,60773410
2024-05-02,4000,4060,3930,4035,52301,0.8750000000000001,6400,0,-9528,3128,0,26282,0,11103,14916,52301,19882,0,20631,11788,52301,26269245,0,-38141870,11872625,0,105475665,0,44068330,59319945,208863940,79206420,0,82210200,47447320,208863940
2024-05-03,4060,4065,3990,4045,29297,0.24783147459727387,4281,-3540,4330,-5071,0,18264,0,8923,2110,29297,13983,3540,4593,7181,29297,17478300,-14213560,17302060,-20566800,0,73619010,0,35863470,8448210,117930690,56140710,14213560,18561410,29015010,117930690
2024-05-07,4015,4075,4015,4055,33486,0.2472187886279357,11923,0,-9738,-2185,0,25882,0,7604,0,33486,13959,0,17342,2185,33486,48378390,0,-39510305,-8868085,0,104968775,0,30801825,0,135770600,56590385,0,70312130,8868085,135770600
2024-05-08,4015,4100,4000,4090,41789,0.8631319358816275,26906,0,-31883,4977,0,30647,0,4145,6997,41789,3741,0,36028,2020,41789,109654925,0,-129644385,19989460,0,124934335,0,16792110,28251795,169978240,15279410,0,146436495,8262335,169978240
2024-05-09,4090,4145,4090,4100,37005,0.24449877750611246,12100,0,-11948,-152,0,22770,0,8692,5543,37005,10670,0,20640,5695,37005,50169655,0,-49429635,-740020,0,94094200,0,35829265,22808590,152732055,43924545,0,85258900,23548610,152732055
2024-05-10,4130,4215,4070,4180,65709,1.951219512195122,17750,-17,-19929,2196,0,42693,0,7306,15710,65709,24943,17,27235,13514,65709,74404895,-70980,-83024465,8690550,0,177963645,0,30456860,65152525,273573030,103558750,70980,113481325,56461975,273573030
2024-05-13,4225,4265,4190,4265,56752,2.0334928229665072,24632,-14,-29221,4603,0,41739,0,9774,5239,56752,17107,14,38995,636,56752,104227065,-59285,-123638455,19470675,0,176710520,0,41382310,22147470,240240300,72483455,59285,165020765,2676795,240240300
2024-05-14,4210,4295,4210,4275,30705,0.23446658851113714,12987,-1,-9758,-3228,0,19014,0,7632,4059,30705,6027,1,17390,7287,30705,55455450,-4280,-41631295,-13819875,0,81100080,0,32574380,17246025,130920485,25644630,4280,74205675,31065900,130920485
2024-05-16,4275,4295,4245,4250,30096,-0.5847953216374269,8417,71,-5406,-3082,0,18649,71,8867,2509,30096,10232,0,14273,5591,30096,36112580,303170,-23207020,-13208730,0,79747820,303170,37804390,10676555,128531935,43635240,0,61011410,23885285,128531935
2024-05-17,4250,4290,4235,4270,28611,0.4705882352941176,12662,0,-12749,87,0,21526,0,2692,4393,28611,8864,0,15441,4306,28611,54080965,0,-54341620,260655,0,91779055,0,11453905,18648610,121881570,37698090,0,65795525,18387955,121881570
2024-05-20,4285,4365,4280,4350,50307,1.873536299765808,19955,0,-25457,5502,0,31675,0,5044,13588,50307,11720,0,30501,8086,50307,86567925,0,-110184675,23616750,0,137350695,0,21855450,58838330,218044475,50782770,0,132040125,35221580,218044475
2024-05-21,4345,4370,4335,4365,27582,0.3448275862068966,8700,0,-5646,-3054,0,20266,0,7239,77,27582,11566,0,12885,3131,27582,37896455,0,-24591740,-13304715,0,88280505,0,31510865,334395,120125765,50384050,0,56102605,13639110,120125765
2024-05-22,4370,4380,4295,4340,33350,-0.572737686139748,4281,-500,-712,-3069,0,23485,0,5189,4676,33350,19204,500,5901,7745,33350,18673995,-2153200,-3125930,-13394865,0,101506475,0,22405225,20149300,144061000,82832480,2153200,25531155,33544165,144061000
2024-05-23,4380,4380,4220,4250,41877,-2.0737327188940093,-207,112,3319,-3224,0,22298,112,13355,6112,41877,22505,0,10036,9336,41877,-622540,478240,14133560,-13989260,0,95426915,478240,57163545,26032865,179101565,96049455,0,43029985,40022125,179101565
2024-05-24,4250,4280,3955,4250,38963,0.0,11418,378,-9223,-2573,0,25226,378,9064,4295,38963,13808,0,18287,6868,38963,48600185,1586400,-38981000,-11205585,0,107096530,1586400,37723560,17990650,164397140,58496345,0,76704560,29196235,164397140
2024-05-27,4295,4340,4260,4335,43518,2.0,10844,-5000,-7746,1902,0,29007,0,5923,8588,43518,18163,5000,13669,6686,43518,47349365,-21549670,-33692585,7892890,0,125271830,0,25408350,36754360,187434540,77922465,21549670,59100935,28861470,187434540
2024-05-28,4280,4340,4280,4315,18316,-0.461361014994233,12651,-122,-6125,-6404,0,14578,0,3313,425,18316,1927,122,9438,6829,18316,54603820,-525820,-26426495,-27651505,0,62916810,0,14315030,1823640,79055480,8312990,525820,40741525,29475145,79055480
2024-05-29,4295,4355,4205,4355,31443,0.9269988412514484,18868,-5020,-11544,-2304,0,28036,0,1343,2064,31443,9168,5020,12887,4368,31443,81670435,-21564100,-49983230,-10123105,0,121288405,0,5761945,8843630,135893980,39617970,21564100,55745175,18966735,135893980
2024-05-30,4360,4380,4320,4360,23906,0.1148105625717566,11456,0,-8646,-2810,0,20114,0,3776,16,23906,8658,0,12422,2826,23906,50001225,0,-37751735,-12249490,0,87763885,0,16465065,69440,104298390,37762660,0,54216800,12318930,104298390
2024-05-31,4360,4410,4335,4405,44539,1.0321100917431194,15637,-3000,-11223,-1414,0,32971,0,6267,5301,44539,17334,3000,17490,6715,44539,68704375,-13125000,-49374535,-6204840,0,144480210,0,27405850,23159005,195045065,75775835,13125000,76780385,29363845,195045065
2024-06-03,4405,4415,4190,4315,114352,-2.0431328036322363,21472,184,-31110,9454,0,63861,184,27020,23287,114352,42389,0,58130,13833,114352,92182060,793960,-132323170,39347150,0,272928870,793960,115643030,98495140,487861000,180746810,0,247966200,59147990,487861000
2024-06-04,4320,4360,4260,4340,62906,0.5793742757821553,5845,3,-4867,-981,0,47854,3,2201,12848,62906,42009,0,7068,13829,62906,25702565,13005,-21178375,-4537195,0,206747835,13005,9517070,55186085,271463995,181045270,0,30695445,59723280,271463995
2024-06-05,4345,4350,4330,4340,17761,0.0,4685,0,-2234,-2451,0,12891,0,4870,0,17761,8206,0,7104,2451,17761,20332020,0,-9699965,-10632055,0,55933500,0,21131180,0,77064680,35601480,0,30831145,10632055,77064680
2024-06-07,4340,4395,4330,4390,31464,1.1520737327188941,12797,0,-15472,2675,0,23841,0,1881,5742,31464,11044,0,17353,3067,31464,56007320,0,-67580585,11573265,0,104095290,0,8183390,24972120,137250800,48087970,0,75763975,13398855,137250800
2024-06-10,4420,4480,4370,4475,64478,1.9362186788154898,29223,0,-38634,9411,0,41564,0,9353,13561,64478,12341,0,47987,4150,64478,129940480,0,-171350770,41410290,0,184899080,0,41624360,59948955,286472395,54958600,0,212975130,18538665,286472395
2024-06-11,4460,4485,4460,4485,27295,0.22346368715083798,16263,7,-12332,-3938,0,18458,7,8777,53,27295,2195,0,21109,3991,27295,72770560,31310,-55181585,-17620285,0,82592725,31310,39236585,237010,122097630,9822165,0,94418170,17857295,122097630
2024-06-12,4485,4485,4440,4465,22994,-0.4459308807134894,10388,0,-2829,-7559,0,17314,0,5680,0,22994,6926,0,8509,7559,22994,46424270,0,-12672035,-33752235,0,77378550,0,25364950,0,102743500,30954280,0,38036985,33752235,102743500
2024-06-13,4465,4500,4390,4490,73442,0.5599104143337066,21509,-3,-16292,-5214,0,53373,5,6807,13257,73442,31864,8,23099,18471,73442,96450140,-13740,-72595025,-23841375,0,238619210,22100,30330255,58804215,327775780,142169070,35840,102925280,82645590,327775780
2024-06-14,4490,4490,4330,4375,70567,-2.5612472160356345,-1009,433,2403,-1827,0,39836,433,22149,8149,70567,40845,0,19746,9976,70567,-4092795,1896540,10526295,-8330040,0,175021745,1896540,97073030,35597360,309588675,179114540,0,86546735,43927400,309588675
2024-06-17,4375,4375,4210,4225,75177,-3.428571428571429,-7589,178,-3730,11141,0,34406,178,22042,18551,75177,41995,0,25772,7410,75177,-32129520,760950,-15485360,46853930,0,147829960,760950,94449880,78815510,321856300,179959480,0,109935240,31961580,321856300
2024-06-18,4275,4275,4180,4220,61515,-0.1183431952662722,-12084,0,1648,10436,0,22561,0,22754,16200,61515,34645,0,21106,5764,61515,-50696905,0,6773710,43923195,0,95267435,0,95753340,68269445,259290220,145964340,0,88979630,24346250,259290220
2024-06-19,4180,4275,4155,4220,66607,0.0,10918,-4231,-5045,-1642,0,44990,0,10521,11096,66607,34072,4231,15566,12738,66607,46246440,-17690960,-21414010,-7141470,0,189077470,0,44073530,46580965,279731965,142831030,17690960,65487540,53722435,279731965
2024-06-20,4285,4285,4125,4190,65555,-0.7109004739336493,-6498,0,3112,3386,0,43896,0,11443,10216,65555,50394,0,8331,6830,65555,-26584725,0,12890525,13694200,0,183072960,0,47559755,42394645,273027360,209657685,0,34669230,28700445,273027360
2024-06-21,4150,4355,4140,4170,88093,-0.47732696897374705,-26530,2,-231,26759,0,40264,2,7691,40136,88093,66794,0,7922,13377,88093,-109798780,8300,-1586180,111376660,0,170153175,8300,32084905,168155200,370401580,279951955,0,33671085,56778540,370401580
2024-06-24,4170,4240,4170,4230,12562,1.4388489208633095,1996,0,-4266,2270,0,3529,0,3753,5280,12562,1533,0,8019,3010,12562,8417275,0,-18067585,9650310,0,14896190,0,15805100,22282260,52983550,6478915,0,33872685,12631950,52983550
2024-06-25,4240,4270,4100,4245,40145,0.3546099290780142,14646,-128,-14388,-130,0,18376,0,16174,5595,40145,3730,128,30562,5725,40145,62345845,-545280,-61032370,-768195,0,78121845,0,68228395,23616230,169966470,15776000,545280,129260765,24384425,169966470
2024-06-26,4290,4345,4150,4345,63192,2.3557126030624262,33136,1,-26815,-6322,0,47346,1,6959,8886,63192,14210,0,33774,15208,63192,142578795,4265,-115464600,-27118460,0,203583075,4265,29757235,38057085,271401660,61004280,0,145221835,65175545,271401660
2024-06-27,4345,4345,4225,4300,19162,-1.0356731875719216,9715,93,-985,-8823,0,14349,93,3264,1456,19162,4634,0,4249,10279,19162,41661615,396180,-4299475,-37758320,0,61442840,396180,13927945,6200330,81967295,19781225,0,18227420,43958650,81967295
2024-06-28,4340,4350,4300,4320,22285,0.46511627906976744,12228,0,-6754,-5474,0,16353,0,5312,620,22285,4125,0,12066,6094,22285,52982905,0,-29240310,-23742595,0,70833520,0,23036750,2673690,96543960,17850615,0,52277060,26416285,96543960
2024-07-01,4350,4350,4240,4295,32067,-0.5787037037037037,11550,0,-10160,-1390,0,21368,0,6286,4413,32067,9818,0,16446,5803,32067,49620810,0,-43516210,-6104600,0,91539195,0,26863075,18826425,137228695,41918385,0,70379285,24931025,137228695
2024-07-02,4300,4300,4175,4250,18499,-1.0477299185098952,3944,0,-5683,1739,0,9398,0,4655,4446,18499,5454,0,10338,2707,18499,16759730,0,-23994055,7234325,0,39710575,0,19573320,18691920,77975815,22950845,0,43567375,11457595,77975815
2024-07-03,4250,4250,4115,4195,60597,-1.2941176470588236,2820,0,-6227,3407,0,34875,0,16159,9563,60597,32055,0,22386,6156,60597,12292520,0,-26261285,13968765,0,145854360,0,67243580,39703425,252801365,133561840,0,93504865,25734660,252801365
2024-07-04,4210,4215,4170,4195,33898,0.0,11259,0,-9738,-1521,0,26672,0,5925,1301,33898,15413,0,15663,2822,33898,47232425,0,-40854725,-6377700,0,111798990,0,24772410,5449310,142020710,64566565,0,65627135,11827010,142020710
2024-07-05,4240,4240,4110,4215,24674,0.47675804529201427,16349,-5000,-6350,-4999,0,18934,0,4895,845,24674,2585,5000,11245,5844,24674,68609195,-20955780,-26667225,-20986190,0,79452615,0,20421015,3528400,103402030,10843420,20955780,47088240,24514590,103402030
2024-07-08,4200,4215,4130,4200,29293,-0.3558718861209964,6849,-5000,-5675,3826,0,13717,0,8841,6735,29293,6868,5000,14516,2909,29293,28753855,-20901305,-23724650,15872100,0,57331900,0,36909085,28052120,122293105,28578045,20901305,60633735,12180020,122293105
2024-07-09,4200,4235,4160,4235,25027,0.8333333333333334,8249,-5000,1891,-5140,0,17883,0,6452,692,25027,9634,5000,4561,5832,25027,34564585,-20895375,7865365,-21534575,0,74921075,0,26976735,2894560,104792370,40356490,20895375,19111370,24429135,104792370
2024-07-10,4230,4250,4190,4250,24839,0.3541912632821724,17979,-5000,-7576,-5403,0,21602,0,1770,1467,24839,3623,5000,9346,6870,24839,75989090,-21096790,-32029435,-22862865,0,91288095,0,7439710,6178590,104906395,15299005,21096790,39469145,29041455,104906395
2024-07-11,4250,4255,4165,4225,44096,-0.5882352941176471,11556,-5000,1302,-7858,0,29832,0,10626,3638,44096,18276,5000,9324,11496,44096,48762885,-20930350,5215875,-33048410,0,125160195,0,44401365,15220175,184781735,76397310,20930350,39185490,48268585,184781735
2024-07-12,4225,4240,4155,4200,30815,-0.591715976331361,1528,-4990,3656,-194,0,19958,10,8168,2679,30815,18430,5000,4512,2873,30815,6540340,-20864895,15226730,-902175,0,83560115,41950,34133370,11152935,128888370,77019775,20906845,18906640,12055110,128888370
2024-07-15,4210,4215,4050,4100,61247,-2.380952380952381,-26044,-4851,27337,3558,0,18142,149,34330,8626,61247,44186,5000,6993,5068,61247,-106617815,-20068775,112127075,14559515,0,74984370,608985,140998560,35457325,252049240,181602185,20677760,28871485,20897810,252049240
2024-07-16,4125,4210,4050,4200,88833,2.4390243902439024,28684,-8000,-18839,-1845,0,68521,0,3669,16643,88833,39837,8000,22508,18488,88833,119652865,-33056775,-78338390,-8257700,0,284352855,0,15134005,68763285,368250145,164699990,33056775,93472395,77020985,368250145
2024-07-17,4225,4235,4095,4135,99087,-1.5476190476190477,-24743,-3500,28590,-347,0,43351,1500,39717,14519,99087,68094,5000,11127,14866,99087,-101503060,-14416220,117577735,-1658455,0,179011890,6150000,163443695,59854830,408460415,280514950,20566220,45865960,61513285,408460415
2024-07-18,4140,4165,4120,4160,31224,0.6045949214026602,-789,-1986,-2637,5412,0,15985,0,6957,8282,31224,16774,1986,9594,2870,31224,-3230245,-8235110,-10950265,22415620,0,66258360,0,28815685,34290120,129364165,69488605,8235110,39765950,11874500,129364165
2024-07-19,4160,4225,4135,4225,43640,1.5625,18411,-1500,-17780,869,0,36348,0,406,6886,43640,17937,1500,18186,6017,43640,77323360,-6292500,-74555335,3524475,0,152494420,0,1703460,28813535,183011415,75171060,6292500,76258795,25289060,183011415
2024-07-22,4250,4270,4225,4265,40697,0.9467455621301776,18707,1168,-18155,-1720,0,32648,1180,4112,2757,40697,13941,12,22267,4477,40697,79452970,4952140,-77044800,-7360310,0,138640495,5003200,17443280,11685815,172772790,59187525,51060,94488080,19046125,172772790
2024-07-23,4260,4280,4205,4275,18502,0.23446658851113714,5120,16,-1798,-3338,0,12945,16,2492,3049,18502,7825,0,4290,6387,18502,21923540,68320,-7664120,-14327740,0,55097505,68320,10586010,12861770,78613605,33173965,0,18250130,27189510,78613605
2024-07-24,4275,4350,4080,4330,78600,1.2865497076023393,19003,0,-27863,8860,0,43175,0,17937,17488,78600,24172,0,45800,8628,78600,81789570,0,-119446675,37657105,0,185222880,0,75925935,74656935,335805750,103433310,0,195372610,36999830,335805750
2024-07-25,4290,4330,4200,4330,45581,0.0,14560,-3000,-12398,838,0,25173,0,7935,12473,45581,10613,3000,20333,11635,45581,62870960,-12885000,-52936775,2950815,0,108448675,0,33758470,53113345,195320490,45577715,12885000,86695245,50162530,195320490
2024-07-26,4330,4350,4275,4345,49617,0.3464203233256351,5601,0,-1175,-4426,0,32999,0,3299,13319,49617,27398,0,4474,17745,49617,24587480,0,-5061515,-19525965,0,142463600,0,14253155,57203305,213920060,117876120,0,19314670,76729270,213920060
2024-07-29,4345,4345,4285,4315,18819,-0.6904487917146145,9106,1154,-4058,-6202,0,11246,2334,4904,335,18819,2140,1180,8962,6537,18819,39295225,4995110,-17506830,-26783505,0,48501760,10063210,21090450,1437275,81092695,9206535,5068100,38597280,28220780,81092695
2024-07-30,4315,4390,4285,4390,38143,1.738122827346466,8503,284,-11261,2474,0,23440,284,7284,7135,38143,14937,0,18545,4661,38143,37210830,1236820,-49137815,10690165,0,101902800,1236820,31576570,30931020,165647210,64691970,0,80714385,20240855,165647210
2024-07-31,4405,4405,4330,4385,42119,-0.11389521640091116,5952,0,-7363,1411,0,27148,0,7849,7122,42119,21196,0,15212,5711,42119,26165585,0,-32221455,6055870,0,118743690,0,34248185,31059675,184051550,92578105,0,66469640,25003805,184051550
2024-08-01,4425,4425,4310,4340,48945,-1.0262257696693273,541,0,5209,-5750,0,27265,0,18000,3680,48945,26724,0,12791,9430,48945,2584400,0,22337645,-24922045,0,118231695,0,78040775,15955290,212227760,115647295,0,55703130,40877335,212227760
2024-08-02,4310,4335,4175,4240,62359,-2.3041474654377883,-27742,0,20394,7348,0,21453,0,28015,12891,62359,49195,0,7621,5543,62359,-116798220,0,85974920,30823300,0,91193750,0,118170325,54362370,263726445,207991970,0,32195405,23539070,263726445
2024-08-05,4240,4240,3970,3970,82382,-6.367924528301887,2165,200,8977,-11342,0,30338,200,38054,13790,82382,28173,0,29077,25132,82382,8888925,815000,36497520,-46201445,0,123531090,815000,154597595,56048360,334992045,114642165,0,118100075,102249805,334992045
2024-08-06,4050,4165,3980,4080,102572,2.770780856423174,-30882,2,1763,29117,0,50633,3,16143,35793,102572,81515,1,14380,6676,102572,-125354380,8110,7187850,118158420,0,206008180,12135,65681165,145421160,417122640,331362560,4025,58493315,27262740,417122640
2024-08-07,4130,4140,3875,4115,141646,0.857843137254902,-18949,6,445,18498,0,53691,8,49641,38306,141646,72640,2,49196,19808,141646,-71126440,24280,-3017210,74119370,0,220198570,32480,196855690,155217715,572304455,291325010,8200,199872900,81098345,572304455
2024-08-08,4110,4165,4015,4025,89410,-2.187120291616039,-11168,0,-4843,16011,0,40435,0,11412,37563,89410,51603,0,16255,21552,89410,-43834275,0,-20347660,64181935,0,166984735,0,46528520,153144035,366657290,210819010,0,66876180,88962100,366657290
2024-08-09,4025,4065,3775,3870,168382,-3.8509316770186333,-474,5259,47900,-52685,0,42627,5259,100316,20180,168382,43101,0,52416,72865,168382,-1204335,20282425,184496145,-203574235,0,165874325,20282425,388537290,78746910,653440950,167078660,0,204041145,282321145,653440950
2024-08-12,3890,3985,3890,3950,55587,2.0671834625323,-10341,277,14256,-4192,0,10690,277,28765,15855,55587,21031,0,14509,20047,55587,-40401655,1094150,56014650,-16707145,0,41903205,1094150,113089095,62139280,218225730,82304860,0,57074445,78846425,218225730
2024-08-13,3955,3955,3900,3935,42652,-0.37974683544303794,-5314,239,11692,-6617,0,19805,239,17631,4977,42652,25119,0,5939,11594,42652,-20592235,936860,45610660,-25955285,0,77621215,936860,68887765,19486000,166931840,98213450,0,23277105,45441285,166931840
2024-08-14,3950,3985,3900,3985,40088,1.2706480304955527,748,15,33,-796,0,28251,15,5158,6664,40088,27503,0,5125,7460,40088,2995300,59100,74925,-3129325,0,111362335,59100,20326955,26293170,158041560,108367035,0,20252030,29422495,158041560
2024-08-16,3985,3985,3935,3975,23553,-0.2509410288582183,11646,1933,-4911,-8668,0,16414,2163,4918,58,23553,4768,230,9829,8726,23553,46217960,7644145,-19489415,-34372690,0,65073075,8559545,19450435,229670,93312725,18855115,915400,38939850,34602360,93312725
2024-08-19,3995,4075,3945,3980,48683,0.12578616352201258,5646,2678,7558,-15882,0,21826,2916,16699,7242,48683,16180,238,9141,23124,48683,22589735,10598810,30516510,-63705055,0,86981850,11547240,66982505,28813140,194324735,64392115,948430,36465995,92518195,194324735
2024-08-20,4000,4050,3960,3995,57723,0.37688442211055273,-21282,886,29470,-9074,0,15685,1100,35109,5829,57723,36967,214,5639,14903,57723,-85052835,3527350,117966355,-36440870,0,62783775,4378000,140603990,23319390,231085155,147836610,850650,22637635,59760260,231085155
2024-08-21,4030,4045,3935,4035,22801,1.0012515644555695,5589,6,-5282,-313,0,14160,6,6847,1788,22801,8571,0,12129,2101,22801,22546865,23645,-21262885,-1307625,0,56657885,23645,27234515,7112215,91028260,34111020,0,48497400,8419840,91028260
2024-08-22,4040,4115,3935,3940,44686,-2.3543990086741013,-18352,0,15775,2577,0,17598,0,22252,4836,44686,35950,0,6477,2259,44686,-72265700,0,62075865,10189835,0,70123585,0,88062835,19174930,177361350,142389285,0,25986970,8985095,177361350
2024-08-23,3965,3965,3855,3855,30781,-2.1573604060913705,-18350,4000,13044,1306,0,4431,4000,18749,3601,30781,22781,0,5705,2295,30781,-71020090,15485010,50579755,4955325,0,17150355,15485010,72677910,13920960,119234235,88170445,0,22098155,8965635,119234235
2024-08-26,3860,3985,3845,3865,58907,0.25940337224383914,-16045,2524,7841,5680,0,27012,2524,17307,12064,58907,43057,0,9466,6384,58907,-61201085,9784980,29839645,21576460,0,105490570,9784980,66782045,46748325,228805920,166691655,0,36942400,25171865,228805920
2024-08-27,3870,3880,3780,3805,73262,-1.5523932729624839,-17370,9,19351,-1990,0,24292,9,44299,4662,73262,41662,0,24948,6652,73262,-66047750,34035,73726045,-7712330,0,92606345,34035,168470120,17708200,278818700,158654095,0,94744075,25420530,278818700
2024-08-28,3805,3835,3775,3805,51825,0.0,-6246,0,12298,-6052,0,31007,0,16712,4106,51825,37253,0,4414,10158,51825,-23706365,0,46760535,-23054170,0,118086655,0,63591475,15599490,197277620,141793020,0,16830940,38653660,197277620
2024-08-29,3805,3820,3780,3820,33877,0.39421813403416556,3133,-3500,634,-267,0,22440,0,10373,1064,33877,19307,3500,9739,1331,33877,11949755,-13261790,2337045,-1025010,0,85348440,0,39409295,4039870,128797605,73398685,13261790,37072250,5064880,128797605
2024-08-30,3840,3875,3805,3875,43804,1.4397905759162304,-3086,0,-3058,6144,0,30414,0,4329,9061,43804,33500,0,7387,2917,43804,-11779730,0,-11792245,23571975,0,116578775,0,16568740,34752040,167899555,128358505,0,28360985,11180065,167899555
2024-09-02,3875,3875,3780,3785,40213,-2.3225806451612905,-15115,10,19786,-4681,0,13295,10,23523,3385,40213,28410,0,3737,8066,40213,-57191740,38500,75180230,-18026990,0,50761795,38500,89366530,12816060,152982885,107953535,0,14186300,30843050,152982885
2024-09-03,3785,3815,3780,3800,41947,0.3963011889035667,-5938,-10410,13646,2702,0,14293,0,21708,5946,41947,20231,10410,8062,3244,41947,-22553820,-39540050,51762795,10331075,0,54255400,0,82419690,22654900,159329990,76809220,39540050,30656895,12323825,159329990
2024-09-04,3800,3800,3740,3750,50250,-1.3157894736842104,-4064,-2000,14602,-8538,0,26266,0,20994,2990,50250,30330,2000,6392,11528,50250,-15093080,-7522500,54758710,-32143130,0,98865565,0,78818425,11214220,188898210,113958645,7522500,24059715,43357350,188898210
2024-09-05,3770,3770,3680,3695,59723,-1.4666666666666666,4491,-1083,4503,-7911,0,38865,0,18476,2382,59723,34374,1083,13973,10293,59723,16932760,-4061165,16764395,-29635990,0,145073925,0,68687225,8834050,222595200,128141165,4061165,51922830,38470040,222595200
2024-09-06,3720,3725,3635,3695,112837,0.0,-72482,10148,57520,4814,0,23125,13148,63268,13296,112837,95607,3000,5748,8482,112837,-267280355,37499985,212279475,17500895,0,85065500,48579985,233349500,48807575,415802560,352345855,11080000,21070025,31306680,415802560
2024-09-09,3690,3690,3635,3650,80431,-1.2178619756427604,-40125,0,34955,5170,0,28336,0,40831,11264,80431,68461,0,5876,6094,80431,-146508595,0,127579730,18928865,0,103613550,0,149035750,41222395,293871695,250122145,0,21456020,22293530,293871695
2024-09-10,3650,3665,3625,3645,47855,-0.136986301369863,-31458,957,30749,-248,0,12500,957,33152,1246,47855,43958,0,2403,1494,47855,-114334390,3480770,111764255,-910635,0,45519215,3480770,120525565,4528880,174054430,159853605,0,8761310,5439515,174054430
2024-09-11,3650,3735,3635,3735,55428,2.4691358024691357,292,674,-4785,3819,0,28942,674,19349,6463,55428,28650,0,24134,2644,55428,1481350,2500540,-18098890,14117000,0,106815630,2500540,71115455,23803710,204235335,105334280,0,89214345,9686710,204235335
2024-09-12,3735,3810,3705,3720,53814,-0.4016064257028112,-5087,2190,838,2059,0,24988,2190,13495,13141,53814,30075,0,12657,11082,53814,-18490205,8185820,2840040,7464345,0,93875565,8185820,50445370,49291880,201798635,112365770,0,47605330,41827535,201798635
2024-09-13,3730,3785,3725,3785,52043,1.747311827956989,-17151,4357,-3777,16571,0,21145,4357,1622,24919,52043,38296,0,5399,8348,52043,-63892460,16321645,-14222305,61793120,0,79432770,16321645,6073775,93203035,195031225,143325230,0,20296080,31409915,195031225
2024-09-19,3785,3860,3730,3790,70953,0.13210039630118892,-11932,14132,-9594,7394,0,27465,14132,10202,19154,70953,39397,0,19796,11760,70953,-44619295,53451470,-36170550,27338375,0,104203665,53451470,38452130,72309775,268417040,148822960,0,74622680,44971400,268417040
2024-09-20,3805,3810,3715,3730,75493,-1.58311345646438,-11016,16551,2415,-7950,0,37482,19551,13582,4878,75493,48498,3000,11167,12828,75493,-41164685,62013880,9104730,-29953925,0,140625960,73308880,50845085,18230385,283010310,181790645,11295000,41740355,48184310,283010310
2024-09-23,3705,3770,3685,3770,49612,1.0723860589812333,-11252,3722,207,7323,0,20278,3722,12089,13523,49612,31530,0,11882,6200,49612,-41641570,13786645,811520,27043405,0,75503450,13786645,44951920,50290660,184532675,117145020,0,44140400,23247255,184532675
2024-09-24,3770,3935,3755,3795,76253,0.6631299734748011,5953,6670,-6000,-6623,0,48845,6670,6137,14601,76253,42892,0,12137,21224,76253,22988850,25212140,-22892250,-25308740,0,185183910,25212140,23227805,55523810,289147665,162195060,0,46120055,80832550,289147665
2024-09-25,3800,3825,3770,3820,33593,0.6587615283267457,1786,2594,-1721,-2659,0,21960,2594,7058,1981,33593,20174,0,8779,4640,33593,6895130,9852255,-6555965,-10191420,0,83482795,9852255,26722850,7485035,127542935,76587665,0,33278815,17676455,127542935
2024-09-26,3850,3850,3740,3745,81114,-1.963350785340314,-47246,12866,27563,6817,0,18953,12866,29823,19472,81114,66199,0,2260,12655,81114,-177014645,48533355,103360580,25120710,0,71505595,48533355,111917860,73013490,304970300,248520240,0,8557280,47892780,304970300
2024-09-27,3710,3800,3710,3770,57330,0.6675567423230975,3213,3505,-6090,-628,0,35826,3505,9654,8345,57330,32613,0,15744,8973,57330,12351400,13161955,-22908875,-2604480,0,134790550,13161955,36246585,31280340,215479430,122439150,0,59155460,33884820,215479430
2024-09-30,3765,3780,3695,3755,62785,-0.3978779840848806,-18641,20481,4147,-5987,0,20217,20481,13992,8095,62785,38858,0,9845,14082,62785,-69368755,76857530,15245245,-22734020,0,75465785,76857530,52158705,30138715,234620735,144834540,0,36913460,52872735,234620735
2024-10-02,3770,3795,3705,3740,45113,-0.3994673768308922,2356,10000,-11640,-716,0,26275,10000,3888,4950,45113,23919,0,15528,5666,45113,9076825,37376930,-43804570,-2649185,0,98833065,37376930,14543240,18586670,169339905,89756240,0,58347810,21235855,169339905
2024-10-04,3740,3770,3630,3725,29405,-0.4010695187165776,3704,3,-3409,-298,0,18023,3,8315,3064,29405,14319,0,11724,3362,29405,14609050,11195,-13322285,-1297960,0,67350900,11195,30613055,11221125,109196275,52741850,0,43935340,12519085,109196275
2024-10-07,3725,3745,3650,3740,64243,0.4026845637583893,-1790,8020,-11210,4980,0,32252,8020,7628,16343,64243,34042,0,18838,11363,64243,-6375750,29686000,-41387655,18077405,0,119225440,29686000,28064750,60271570,237247760,125601190,0,69452405,42194165,237247760
2024-10-08,3760,3845,3715,3770,39902,0.8021390374331552,15355,2192,-15998,-1549,0,30397,2192,1538,5775,39902,15042,0,17536,7324,39902,57942040,8209040,-60122400,-6028680,0,114454105,8209040,5768975,21689880,150122000,56512065,0,65891375,27718560,150122000
2024-10-10,3770,3770,3690,3730,48404,-1.0610079575596816,5190,11052,-15610,-632,0,22806,13052,8579,3967,48404,17616,2000,24189,4599,48404,19448065,41206565,-58231325,-2423305,0,84886455,48660235,31857540,14729655,180133885,65438390,7453670,90088865,17152960,180133885
2024-10-11,3795,3835,3670,3725,85631,-0.13404825737265416,-22936,5207,8650,9079,0,33725,13207,17977,20722,85631,56661,8000,9327,11643,85631,-84385235,18872960,31754395,33757880,0,125820560,49152960,66497835,77688725,319160080,210205795,30280000,34743440,43930845,319160080
2024-10-14,3725,3765,3685,3685,41450,-1.0738255033557047,-9955,3035,11358,-4438,0,17297,3054,13897,7202,41450,27252,19,2539,11640,41450,-36681410,11282785,42110400,-16711775,0,64477865,11353570,51573160,26764600,154169195,101159275,70785,9462760,43476375,154169195
2024-10-15,3735,3735,3635,3650,88241,-0.9497964721845319,-25228,20000,16930,-11702,0,48955,20000,18375,911,88241,74183,0,1445,12613,88241,-92241645,73378600,61923360,-43060315,0,178982605,73378600,67221345,3325395,322907945,271224250,0,5297985,46385710,322907945
2024-10-16,3615,3690,3550,3570,105704,-2.191780821917808,-56953,10000,42347,4606,0,32945,10000,51975,10784,105704,89898,0,9628,6178,105704,-203716820,35946100,151438895,16331825,0,117928360,35946100,186043700,38667195,378585355,321645180,0,34604805,22335370,378585355
2024-10-17,3610,3610,3545,3570,53297,0.0,-1323,-3993,1323,3993,0,16940,7,30078,6272,53297,18263,4000,28755,2279,53297,-4749985,-14281195,4777265,14253915,0,60551720,24840,107296565,22423505,190296630,65301705,14306035,102519300,8169590,190296630
2024-10-18,3570,3570,3445,3495,182406,-2.100840336134454,-54485,8411,21248,24826,0,36611,24411,77121,44263,182406,91096,16000,55873,19437,182406,-189452180,29246785,75203405,85001990,0,127585435,85734010,268849135,153302670,635471250,317037615,56487225,193645730,68300680,635471250
2024-10-21,3415,3525,3415,3495,60286,0.0,-9509,3450,9597,-3538,0,24859,3450,18837,13140,60286,34368,0,9240,16678,60286,-32556130,12047655,33119555,-12611080,0,86545330,12047655,65152920,45530595,209276500,119101460,0,32033365,58141675,209276500
2024-10-22,3525,3525,3440,3520,45343,0.7153075822603719,8133,501,3948,-12582,0,27881,501,10581,6380,45343,19748,0,6633,18962,45343,29006750,1728465,13366450,-44101665,0,97379895,1728465,36554855,22067645,157730860,68373145,0,23188405,66169310,157730860
2024-10-23,3525,3530,3455,3530,50519,0.2840909090909091,-1999,300,4672,-2973,0,26544,300,12017,11658,50519,28543,0,7345,14631,50519,-6561715,1039500,16291965,-10769750,0,92696110,1039500,41923030,40476520,176135160,99257825,0,25631065,51246270,176135160
2024-10-24,3540,3540,3435,3460,51398,-1.9830028328611897,-6137,2000,13027,-8890,0,26636,2000,16188,6574,51398,32773,0,3161,15464,51398,-20974105,6920000,45065465,-31011360,0,92614150,6920000,56072640,22804385,178411175,113588255,0,11007175,53815745,178411175
2024-10-25,3500,3540,3275,3350,315979,-3.1791907514450863,42505,15,-105669,63149,0,143907,15,81476,90581,315979,101402,0,187145,27432,315979,143167395,50775,-353596465,210378295,0,484526775,50775,272849765,302791770,1060219085,341359380,0,626446230,92413475,1060219085
2024-10-28,3370,3370,3230,3295,154499,-1.6417910447761193,22975,-18000,-22442,17467,0,59819,0,33293,61387,154499,36844,18000,55735,43920,154499,75457725,-59116795,-73391570,57050640,0,196845395,0,108700525,200904980,506450900,121387670,59116795,182092095,143854340,506450900
2024-10-29,3260,3405,3260,3370,91074,2.2761760242792106,13189,-2000,-13376,2187,0,59666,0,10702,20706,91074,46477,2000,24078,18519,91074,44566925,-6590000,-44454130,6477205,0,199923430,0,35542395,68606445,304072270,155356505,6590000,79996525,62129240,304072270
2024-10-30,3345,3450,3330,3400,80906,0.8902077151335311,-2369,0,8361,-5992,0,42502,0,21169,17235,80906,44871,0,12808,23227,80906,-7109220,0,27857900,-20748680,0,143979795,0,70934225,57999895,272913915,151089015,0,43076325,78748575,272913915
2024-10-31,3475,3505,3400,3505,47791,3.088235294117647,-2363,1798,-4544,5109,0,26580,2798,3986,14427,47791,28943,1000,8530,9318,47791,-8259910,6290880,-15782685,17751715,0,92388735,9737040,13799205,50061395,165986375,100648645,3446160,29581890,32309680,165986375
2024-11-01,3510,3520,3430,3515,57632,0.28530670470756064,10328,-4630,5358,-11056,0,31373,0,15533,10726,57632,21045,4630,10175,21782,57632,36256180,-16063225,18299110,-38492065,0,109463035,0,53700625,37037710,200201370,73206855,16063225,35401515,75529775,200201370
2024-11-04,3520,3535,3440,3500,42969,-0.42674253200568996,10808,-2131,6122,-14799,0,24352,0,12071,6546,42969,13544,2131,5949,21345,42969,37854430,-7478500,21416485,-51792415,0,84984620,0,42209740,22793770,149988130,47130190,7478500,20793255,74586185,149988130
2024-11-05,3500,3545,3460,3535,41136,1.0,11231,-2016,-10884,1669,0,23305,0,11617,6214,41136,12074,2016,22501,4545,41136,39613425,-7116560,-38334755,5837890,0,82100815,0,40846965,21838525,144786305,42487390,7116560,79181720,16000635,144786305
2024-11-06,3550,3550,3410,3510,55052,-0.7072135785007072,11921,-1193,1804,-12532,0,35875,1000,11735,6442,55052,23954,2193,9931,18974,55052,41877665,-4198860,6250180,-43928985,0,124988870,3460000,40717550,22254615,191421035,83111205,7658860,34467370,66183600,191421035
2024-11-07,3480,3480,3400,3405,93452,-2.9914529914529915,-10871,-6074,21127,-4182,0,43777,2926,33919,12830,93452,54648,9000,12792,17012,93452,-36284225,-20860835,71829095,-14684035,0,150681370,9971165,115911055,44039545,320603135,186965595,30832000,44081960,58723580,320603135
2024-11-08,3405,3465,3335,3355,64088,-1.4684287812041115,-20524,-6411,12612,14323,0,17909,0,24637,21542,64088,38433,6411,12025,7219,64088,-69012745,-21488905,42509335,47992315,0,60235615,0,82885930,72394775,215516320,129248360,21488905,40376595,24402460,215516320
2024-11-11,3475,3475,3240,3260,70158,-2.8315946348733236,-1105,-7000,19028,-10923,0,24694,0,40289,5175,70158,25799,7000,21261,16098,70158,-3531955,-22940500,62404870,-35932415,0,80981610,0,132153835,16941880,230077325,84513565,22940500,69748965,52874295,230077325
2024-11-12,3250,3285,3190,3215,75816,-1.3803680981595092,-20708,-7292,18250,9750,0,18913,0,39786,17117,75816,39621,7292,21536,7367,75816,-66329615,-23439315,58438855,31330075,0,60802870,0,127589240,55005850,243397960,127132485,23439315,69150385,23675775,243397960
2024-11-13,3180,3295,3160,3250,77254,1.088646967340591,10124,-7431,7988,-10681,0,42928,0,22163,12163,77254,32804,7431,14175,22844,77254,32848820,-24011700,25794085,-34631205,0,139450690,0,71840870,39365470,250657030,106601870,24011700,46046785,73996675,250657030
2024-11-14,3220,3310,3220,3250,32427,0.0,3344,0,6169,-9513,0,18178,0,10724,3525,32427,14834,0,4555,13038,32427,11106685,0,19947045,-31053730,0,59471835,0,34834135,11490200,105796170,48365150,0,14887090,42543930,105796170
2024-11-15,3220,3320,3220,3270,58521,0.6153846153846154,-7826,0,2255,5571,0,30429,0,10629,17463,58521,38255,0,8374,11892,58521,-25316700,0,7419445,17897255,0,99710545,0,34825245,56898200,191433990,125027245,0,27405800,39000945,191433990
2024-11-18,3335,3415,3255,3370,42016,3.058103975535168,4635,352,-4298,-689,0,22345,352,7061,12258,42016,17710,0,11359,12947,42016,15884705,1179540,-14566740,-2497505,0,75303515,1179540,23657835,41114770,141255660,59418810,0,38224575,43612275,141255660
2024-11-19,3395,3475,3375,3460,42656,2.6706231454005933,19216,3480,-5034,-17662,0,28287,3480,7233,3656,42656,9071,0,12267,21318,42656,66161675,11905660,-17271120,-60796215,0,97190635,11905660,24658880,12416370,146171545,31028960,0,41930000,73212585,146171545
2024-11-20,3500,3630,3435,3630,64033,4.913294797687861,12403,0,-7282,-5121,0,35175,0,12605,16253,64033,22772,0,19887,21374,64033,44670455,0,-26007070,-18663385,0,124240375,0,44014970,56749935,225005280,79569920,0,70022040,75413320,225005280
