날짜,시가,고가,저가,종가,거래량,등락률,기관합계_거래량_순매수,기타법인_거래량_순매수,개인_거래량_순매수,외국인합계_거래량_순매수,전체_거래량_순매수,기관합계_거래량_매수,기타법인_거래량_매수,개인_거래량_매수,외국인합계_거래량_매수,전체_거래량_매수,기관합계_거래량_매도,기타법인_거래량_매도,개인_거래량_매도,외국인합계_거래량_매도,전체_거래량_매도,기관합계_거래대금_순매수,기타법인_거래대금_순매수,개인_거래대금_순매수,외국인합계_거래대금_순매수,전체_거래대금_순매수,기관합계_거래대금_매수,기타법인_거래대금_매수,개인_거래대금_매수,외국인합계_거래대금_매수,전체_거래대금_매수,기관합계_거래대금_매도,기타법인_거래대금_매도,개인_거래대금_매도,외국인합계_거래대금_매도,전체_거래대금_매도
2022-03-28,5260,5490,5260,5410,9086883,,-1601418,1383686,1108416,-890684,0,1113838,1598491,6368518,6036,9086883,2715256,214805,5260102,896720,9086883,-8565372170,7451284990,5866751760,-4752664580,0,5962029030,8591582170,34054503690,32452760,48640567650,14527401200,1140297180,28187751930,4785117340,48640567650
2022-03-29,5440,5460,5400,5420,693894,0.18484288354898337,-167701,109780,58889,-968,0,93708,122657,477480,49,693894,261409,12877,418591,1017,693894,-907810420,594407280,318672330,-5269190,0,508349030,664260070,2587795450,265090,3760669640,1416159450,69852790,2269123120,5534280,3760669640
2022-03-30,5420,5480,5420,5470,629619,0.9225092250922509,-120427,88796,37743,-6112,0,69722,121629,400818,37450,629619,190149,32833,363075,43562,629619,-656417680,485043160,205248650,-33874130,0,380459170,664224570,2185851870,203829290,3434364900,1036876850,179181410,1980603220,237703420,3434364900
2022-03-31,5450,5590,5440,5580,565297,2.010968921389397,-118868,11902,79081,27885,0,107490,26187,397676,33944,565297,226358,14285,318595,6059,565297,-655608050,65493220,435967120,154147710,0,594952140,144142630,2195374630,187273670,3121743070,1250560190,78649410,1759407510,33125960,3121743070
2022-04-01,5620,5780,5560,5770,771071,3.405017921146954,-230484,83924,124281,22279,0,91831,90860,518319,70061,771071,322315,6936,394038,47782,771071,-1304269410,473302710,704318580,126648120,0,525133010,512980570,2947404370,397414330,4382932280,1829402420,39677860,2243085790,270766210,4382932280
2022-04-04,5840,5950,5830,5910,675958,2.4263431542461005,63354,285,-47289,-16350,0,130924,88010,422285,34739,675958,67570,87725,469574,51089,675958,371601090,2435950,-277941510,-96095530,0,769738100,518722760,2486910470,204707010,3980078340,398137010,516286810,2764851980,300802540,3980078340
2022-04-05,5910,6160,5900,6130,1018672,3.7225042301184432,177728,149548,-350501,23225,0,496370,154760,290929,76613,1018672,318642,5212,641430,53388,1018672,1080677620,893624010,-2110712460,136410830,0,2999424680,924880040,1749732360,458553260,6132590340,1918747060,31256030,3860444820,322142430,6132590340
2022-04-06,6120,6250,6000,6250,840224,1.957585644371941,490348,-44250,-369782,-76316,0,530579,385,280916,28344,840224,40231,44635,650698,104660,840224,3045521830,-274130990,-2299964950,-471425890,0,3294326760,2356170,1729945950,175194470,5201823350,248804930,276487160,4029910900,646620360,5201823350
2022-04-07,6210,6250,6070,6180,357438,-1.1199999999999999,1883,8199,-203,-9879,0,74398,16989,245571,20480,357438,72515,8790,245774,30359,357438,11535680,51018160,-1859830,-60694010,0,457518330,104788390,1510520980,126300160,2199127860,445982650,53770230,1512380810,186994170,2199127860
2022-04-08,6110,6200,6100,6190,333789,0.16181229773462785,-17959,74210,-34225,-22026,0,77766,114210,121683,20130,333789,95725,40000,155908,42156,333789,-109957190,456292880,-210683850,-135651840,0,479364260,703044880,748779600,123786150,2054974890,589321450,246752000,959463450,259437990,2054974890
2022-04-11,6240,6240,6100,6190,139558,0.0,20220,-1202,-15137,-3881,0,40188,798,93416,5156,139558,19968,2000,108553,9037,139558,125490710,-7432300,-94150430,-23907980,0,247833120,4907700,574924410,31719680,859384910,122342410,12340000,669074840,55627660,859384910
2022-04-12,6190,6190,6070,6160,236625,-0.48465266558966075,-9559,19109,-14398,4848,0,41355,26240,160089,8941,236625,50914,7131,174487,4093,236625,-58326940,116677810,-87840510,29489640,0,254029200,160388120,981381400,54658470,1450457190,312356140,43710310,1069221910,25168830,1450457190
2022-04-13,6130,6170,6120,6170,104181,0.16233766233766234,61017,0,-58538,-2479,0,70743,0,27646,5792,104181,9726,0,86184,8271,104181,375547400,0,-360166440,-15380960,0,435395110,0,170025540,35648980,641069630,59847710,0,530191980,51029940,641069630
2022-04-14,6190,6200,6140,6190,158983,0.3241491085899514,27896,-3674,-29509,5287,0,37975,0,110118,10890,158983,10079,3674,139627,5603,158983,172158900,-22742060,-182108090,32691250,0,234281710,0,680153010,67373820,981808540,62122810,22742060,862261100,34682570,981808540
2022-04-15,6170,6260,6160,6260,216563,1.1308562197092082,-31452,2055,10066,19331,0,51695,6039,133699,25130,216563,83147,3984,123633,5799,216563,-196072240,12812350,63329670,119930220,0,321832840,37543310,832740040,155914000,1348030190,517905080,24730960,769410370,35983780,1348030190
2022-04-18,6270,6300,6190,6250,232345,-0.1597444089456869,-2359,-24281,49270,-22630,0,102196,0,126754,3395,232345,104555,24281,77484,26025,232345,-13862010,-151776250,307248040,-141609780,0,638236540,0,792257890,21096740,1451591170,652098550,151776250,485009850,162706520,1451591170
2022-04-19,6240,6240,6150,6180,139964,-1.1199999999999999,20739,-25219,9141,-4661,0,59570,0,79708,686,139964,38831,25219,70567,5347,139964,128234730,-155690720,56309490,-28853500,0,368359840,0,492873970,4233280,865467090,240125110,155690720,436564480,33086780,865467090
2022-04-20,6220,6240,6180,6210,58102,0.48543689320388345,16250,-6182,-8771,-1297,0,33100,0,24206,796,58102,16850,6182,32977,2093,58102,100846690,-38355850,-54487370,-8003470,0,205302890,0,150047310,4935200,360285400,104456200,38355850,204534680,12938670,360285400
2022-04-21,6230,6310,6210,6310,123722,1.610305958132045,46428,979,-55584,8177,0,48401,16857,47374,11090,123722,1973,15878,102958,2913,123722,291458680,6664330,-349325880,51202870,0,303850580,106178530,297060370,69433740,776523220,12391900,99514200,646386250,18230870,776523220
2022-04-22,6300,6440,6260,6420,189782,1.7432646592709984,10296,-5162,-30582,25448,0,69049,0,87260,33473,189782,58753,5162,117842,8025,189782,67808310,-32722720,-195894720,160809130,0,440248720,0,557692900,211594500,1209536120,372440410,32722720,753587620,50785370,1209536120
2022-04-25,6430,6590,6420,6590,223922,2.64797507788162,55677,-4000,-46271,-5406,0,64194,0,157456,2272,223922,8517,4000,203727,7678,223922,363548440,-26110000,-302301080,-35137360,0,419251860,0,1026127130,14828900,1460207890,55703420,26110000,1328428210,49966260,1460207890
2022-04-26,6630,6730,6560,6640,244670,0.7587253414264037,-9305,-640,37585,-27640,0,28506,10,207311,8843,244670,37811,650,169726,36483,244670,-62091520,-4265700,249067850,-182710630,0,189585010,65800,1378797170,59132950,1627580930,251676530,4331500,1129729320,241843580,1627580930
2022-04-27,6680,6730,6590,6640,244320,0.0,54975,-649,-60796,6470,0,85111,0,144859,14350,244320,30136,649,205655,7880,244320,364101720,-4306980,-402723540,42928800,0,563740270,0,960046760,95071650,1618858680,199638550,4306980,1362770300,52142850,1618858680
2022-04-28,6590,6610,6300,6450,470362,-2.86144578313253,-42950,-15924,73830,-14956,0,154005,10623,283550,22184,470362,196955,26547,209720,37140,470362,-274043530,-103447540,476771580,-99280510,0,989790650,68193570,1819677490,141700350,3019362060,1263834180,171641110,1342905910,240980860,3019362060
2022-04-29,6450,6570,6390,6570,231636,1.8604651162790697,20798,-17820,4036,-7014,0,104097,5483,112941,9115,231636,83299,23303,108905,16129,231636,135681690,-115516590,25972230,-46137330,0,678568470,35255690,734446270,58905360,1507175790,542886780,150772280,708474040,105042690,1507175790
2022-05-02,6530,6530,6400,6470,177461,-1.5220700152207,-38544,23653,16924,-2033,0,71990,27656,72105,5710,177461,110534,4003,55181,7743,177461,-247976010,152096460,108885840,-13006290,0,462759940,177891960,463774020,36777870,1141203790,710735950,25795500,354888180,49784160,1141203790
2022-05-03,6490,6490,6170,6270,402502,-3.091190108191654,44607,-1840,-70488,27721,0,144907,1000,219358,37237,402502,100300,2840,289846,9516,402502,279111690,-11493440,-439670950,172052700,0,906096600,6290000,1373229290,231515400,2517131290,626984910,17783440,1812900240,59462700,2517131290
2022-05-04,6300,6300,6130,6190,188434,-1.2759170653907497,23177,18794,-35595,-6376,0,43139,21308,114651,9336,188434,19962,2514,150246,15712,188434,142598410,115902700,-218229500,-40271610,0,266199930,131496240,708670950,57459870,1163826990,123601520,15593540,926900450,97731480,1163826990
2022-05-06,6190,6220,6000,6220,141306,0.48465266558966075,5543,21166,-40617,13908,0,22222,21166,76255,21663,141306,16679,0,116872,7755,141306,34540350,128733730,-246535080,83261000,0,137032380,128733730,466498430,130583710,862848250,102492030,0,713033510,47322710,862848250
2022-05-09,6240,6240,6120,6230,94470,0.1607717041800643,36066,9246,-32411,-12901,0,50206,9246,31233,3785,94470,14140,0,63644,16686,94470,224280290,57337500,-201134960,-80482830,0,312293220,57337500,193971800,23355490,586958010,88012930,0,395106760,103838320,586958010
2022-05-10,6220,6240,6060,6240,139483,0.16051364365971107,27440,17938,-47213,1835,0,55615,18028,53132,12708,139483,28175,90,100345,10873,139483,167461070,109865210,-288268280,10942000,0,341491510,110415110,326352050,77895680,856154350,174030440,549900,614620330,66953680,856154350
2022-05-11,6250,6250,6150,6200,49996,-0.641025641025641,15498,20,-12045,-3473,0,29720,20,20256,0,49996,14222,0,32301,3473,49996,95957350,124300,-74543760,-21537890,0,184134070,124300,125461000,0,309719370,88176720,0,200004760,21537890,309719370
2022-05-12,6150,6230,6060,6110,134766,-1.4516129032258065,27719,-10685,-27998,10964,0,58159,0,53995,22612,134766,30440,10685,81993,11648,134766,171731030,-64952550,-173551740,66773260,0,358621020,0,331363390,138657990,828642400,186889990,64952550,504915130,71884730,828642400
2022-05-13,6110,6190,6080,6190,78759,1.309328968903437,28809,-8430,-15976,-4403,0,43427,1000,27529,6803,78759,14618,9430,43505,11206,78759,177351030,-51455450,-98560510,-27335070,0,267348730,6085000,168611510,41478060,483523300,89997700,57540450,267172020,68813130,483523300
2022-05-16,6230,6230,6160,6220,58228,0.48465266558966075,9504,-87,39,-9456,0,31516,1623,24949,140,58228,22012,1710,24910,9596,58228,59015960,-541760,21630,-58495830,0,195218050,10043140,154396230,867600,360525020,136202090,10584900,154374600,59363430,360525020
2022-05-17,6220,6240,6150,6180,138450,-0.6430868167202572,78713,-8953,-59965,-9795,0,83306,2327,48161,4656,138450,4593,11280,108126,14451,138450,489115830,-55321630,-372498370,-61295830,0,517538320,14431940,298151680,28682960,858804900,28422490,69753570,670650050,89978790,858804900
2022-05-18,6200,6200,6090,6180,111715,0.0,24818,1449,-21402,-4865,0,37606,1504,70926,1679,111715,12788,55,92328,6544,111715,152654190,8888350,-131475370,-30067170,0,230972040,9224400,434973970,10263520,685433930,78317850,336050,566449340,40330690,685433930
2022-05-19,6120,6150,6090,6150,28519,-0.48543689320388345,4148,1996,-4637,-1507,0,7317,2000,19034,168,28519,3169,4,23671,1675,28519,25421410,12185560,-28398520,-9208450,0,44831130,12210000,116414470,1028180,174483780,19409720,24440,144812990,10236630,174483780
2022-05-20,6150,6160,6090,6160,65721,0.16260162601626016,5261,13000,-17359,-902,0,24641,13000,27940,140,65721,19380,0,45299,1042,65721,32586800,79981600,-107027980,-5540420,0,151244680,79981600,171156380,855830,403238490,118657880,0,278184360,6396250,403238490
2022-05-23,6160,6180,6120,6180,47139,0.3246753246753247,21130,0,-19806,-1324,0,24341,0,22616,182,47139,3211,0,42422,1506,47139,130207920,0,-122091730,-8116190,0,149957100,0,138818550,1118500,289894150,19749180,0,260910280,9234690,289894150
2022-05-24,6180,6200,6120,6190,60244,0.16181229773462785,30252,0,-37786,7534,0,32416,0,17901,9927,60244,2164,0,55687,2393,60244,187236490,0,-233417680,46181190,0,200630800,0,110695720,60952160,372278680,13394310,0,344113400,14770970,372278680
2022-05-25,6150,6270,6150,6200,161285,0.16155088852988692,68560,4209,-99143,26374,0,73750,5826,39140,42569,161285,5190,1617,138283,16195,161285,427964580,26404860,-618877880,164508440,0,460261240,36462760,243911500,265531320,1006166820,32296660,10057900,862789380,101022880,1006166820
2022-05-26,6170,6270,6170,6250,115620,0.8064516129032258,45252,-2010,-38999,-4243,0,64874,0,49801,945,115620,19622,2010,88800,5188,115620,281790690,-12557600,-242812390,-26420700,0,404099780,0,309733770,5888100,719721650,122309090,12557600,552546160,32308800,719721650
2022-05-27,6250,6290,6230,6260,156227,0.16,77276,-30555,-41367,-5354,0,113191,0,39187,3849,156227,35915,30555,80554,9203,156227,484581290,-191414980,-259705570,-33460740,0,710053220,0,245343470,24155800,979552490,225471930,191414980,505049040,57616540,979552490
2022-05-30,6240,6240,6160,6180,93589,-1.2779552715654952,22394,-33623,15199,-3970,0,34563,3322,52081,3623,93589,12169,36945,36882,7593,93589,138238280,-207645890,93858750,-24451140,0,213554750,20629620,321951230,22457930,578593530,75316470,228275510,228092480,46909070,578593530
2022-05-31,6140,6180,6110,6180,67645,0.0,16018,0,-22798,6780,0,20765,0,38416,8464,67645,4747,0,61214,1684,67645,98535790,0,-140260360,41724570,0,127684400,0,235760710,52067250,415512360,29148610,0,376021070,10342680,415512360
2022-06-02,6180,6200,6110,6190,59673,0.16181229773462785,29776,0,-24986,-4790,0,29820,0,29773,80,59673,44,0,54759,4870,59673,183335180,0,-153781780,-29553400,0,183606960,0,183194660,492000,367293620,271780,0,336976440,30045400,367293620
2022-06-03,6190,6230,6160,6230,60344,0.6462035541195477,25233,12000,-33960,-3273,0,27825,12000,20498,21,60344,2592,0,54458,3294,60344,156718920,74548750,-210904980,-20362690,0,172786280,74548750,127190920,130060,374656010,16067360,0,338095900,20492750,374656010
2022-06-07,6240,6250,6180,6240,55746,0.16051364365971107,1213,20117,-13613,-7717,0,3964,20117,31655,10,55746,2751,0,45268,7727,55746,7634070,125117340,-84666250,-48085160,0,24709200,125117340,197345000,62200,347233740,17075130,0,282011250,48147360,347233740
2022-06-08,6240,6240,6190,6220,39669,-0.3205128205128205,5184,4820,-4227,-5777,0,16689,15140,7547,293,39669,11505,10320,11774,6070,39669,32263540,30025330,-26323270,-35965600,0,103854030,94071700,46933050,1816600,246675380,71590490,64046370,73256320,37782200,246675380
2022-06-09,6220,6220,6180,6200,20300,-0.3215434083601286,-384,9000,-8596,-20,0,996,9000,10304,0,20300,1380,0,18900,20,20300,-2377480,55710000,-53208520,-124000,0,6175120,55710000,63803720,0,125688840,8552600,0,117012240,124000,125688840
2022-06-10,6190,6190,6110,6150,95575,-0.8064516129032258,-20128,-15,21756,-1613,0,19481,13985,61912,197,95575,39609,14000,40156,1810,95575,-123564750,504490,132992690,-9932430,0,119579840,86198200,379848260,1208640,586834940,243144590,85693710,246855570,11141070,586834940
2022-06-13,6100,6110,5960,6050,187651,-1.6260162601626018,24661,28389,-32485,-20565,0,52269,35555,89683,10144,187651,27608,7166,122168,30709,187651,149882600,169898920,-195380640,-124400880,0,315639260,213024520,539216890,61337010,1129217680,165756660,43125600,734597530,185737890,1129217680
2022-06-14,5880,6050,5870,6050,133062,0.0,-9420,39011,-35450,5859,0,30587,43304,48545,10626,133062,40007,4293,83995,4767,133062,-55271490,232452340,-211684000,34503150,0,180977480,257738110,286312140,62657080,787684810,236248970,25285770,497996140,28153930,787684810
2022-06-15,6050,6050,5810,5900,107688,-2.479338842975207,26598,23182,-56760,6980,0,38190,23198,34707,11593,107688,11592,16,91467,4613,107688,155466970,137652720,-333942360,40822670,0,223944890,137748400,205641310,68116920,635451520,68477920,95680,539583670,27294250,635451520
2022-06-16,5900,6000,5900,5940,83663,0.6779661016949152,-6894,25500,-6709,-11897,0,8084,25500,46183,3896,83663,14978,0,52892,15793,83663,-41063260,151725000,-40066170,-70595570,0,47943100,151725000,275048350,23163600,497880050,89006360,0,315114520,93759170,497880050
2022-06-17,5850,5900,5810,5860,83923,-1.3468013468013467,30138,21096,-52213,979,0,35375,21096,25265,2187,83923,5237,0,77478,1208,83923,175149310,123191720,-304075730,5734700,0,205816520,123191720,147593220,12798090,489399550,30667210,0,451668950,7063390,489399550
2022-06-20,5850,5860,5420,5540,242909,-5.460750853242321,54384,11759,-87920,21777,0,102172,11759,99750,29228,242909,47788,0,187670,7451,242909,303023630,65990940,-487016980,118002410,0,568488740,65990940,555976890,159762850,1350219420,265465110,0,1042993870,41760440,1350219420
2022-06-21,5590,5740,5420,5640,92783,1.8050541516245486,-611,24290,-19680,-3999,0,17399,24290,34981,16113,92783,18010,0,54661,20112,92783,-3815660,137007910,-108983890,-24208360,0,96207080,137007910,194530720,88702000,516447710,100022740,0,303514610,112910360,516447710
2022-06-22,5690,5690,5350,5380,149112,-4.609929078014184,-28019,33327,277,-5585,0,27764,34031,73789,13528,149112,55783,704,73512,19113,149112,-148931990,181161040,1190,-32230240,0,153101360,185120310,402810950,73012150,814044770,302033350,3959270,402809760,105242390,814044770
2022-06-23,5480,5480,5290,5400,127861,0.37174721189591076,23321,18137,-57827,16369,0,34132,18233,39416,36080,127861,10811,96,97243,19711,127861,124988540,96334060,-308474910,87152310,0,182693340,96859180,210862010,192663950,683078480,57704800,525120,519336920,105511640,683078480
2022-06-24,5400,5550,5380,5550,106438,2.7777777777777777,18620,25534,-33432,-10722,0,52073,29700,19433,5232,106438,33453,4166,52865,15954,106438,103219580,139913400,-183960880,-59172100,0,286121880,163034700,106076120,28358260,583590960,182902300,23121300,290037000,87530360,583590960
2022-06-27,5600,5720,5550,5710,167683,2.8828828828828827,-50043,59646,-14618,5015,0,46654,65253,40255,15521,167683,96697,5607,54873,10506,167683,-284032370,338703660,-82565790,27894500,0,264786370,370614750,228927490,87540560,951869170,548818740,31911090,311493280,59646060,951869170
2022-06-28,5610,5800,5570,5730,176361,0.3502626970227671,-33870,24731,18651,-9512,0,81074,24731,57040,13516,176361,114944,0,38389,23028,176361,-187217130,138786310,102490300,-54059480,0,457780100,138786310,319745020,75834760,992146190,644997230,0,217254720,129894240,992146190
2022-06-29,5720,5720,5600,5670,33615,-1.0471204188481675,1487,10220,-9560,-2147,0,11865,10220,10733,797,33615,10378,0,20293,2944,33615,8530920,57686390,-54112690,-12104620,0,67071620,57686390,60523090,4502730,189783830,58540700,0,114635780,16607350,189783830
2022-06-30,5660,5660,5590,5610,42615,-1.0582010582010581,-2572,3330,2902,-3660,0,19508,3330,19526,251,42615,22080,0,16624,3911,42615,-14362540,18614700,16284890,-20537050,0,109429390,18614700,109375990,1403360,238823440,123791930,0,93091100,21940410,238823440
2022-07-01,5610,5630,5290,5520,231741,-1.6042780748663104,-73298,-18705,70313,21690,0,52334,32662,111327,35418,231741,125632,51367,41014,13728,231741,-394746220,-96088340,377149090,113685470,0,283681850,177324280,599186500,188607500,1248800130,678428070,273412620,222037410,74922030,1248800130
2022-07-04,5460,5510,5310,5350,92081,-3.0797101449275366,6243,-4186,-4667,2610,0,39595,200,44324,7962,92081,33352,4386,48991,5352,92081,33309790,-22448580,-24990050,14128840,0,211787930,1073000,237726370,42731550,493318850,178478140,23521580,262716420,28602710,493318850
2022-07-05,5290,5360,5290,5360,63079,0.1869158878504673,15921,610,-12042,-4489,0,32397,2930,13327,14425,63079,16476,2320,25369,18914,63079,85080030,3213500,-63883070,-24410460,0,173274070,15625500,71105360,76649440,336654370,88194040,12412000,134988430,101059900,336654370
2022-07-06,5360,5440,5340,5420,35322,1.1194029850746268,10511,-320,-8007,-2184,0,27842,0,6720,760,35322,17331,320,14727,2944,35322,56687380,-1718400,-43143710,-11825270,0,149768730,0,36117940,4081350,189968020,93081350,1718400,79261650,15906620,189968020
2022-07-07,5440,5490,5350,5480,69607,1.107011070110701,8845,0,-11178,2333,0,36813,0,23574,9220,69607,27968,0,34752,6887,69607,48051770,0,-59984390,11932620,0,200832110,0,128424300,49528990,378785400,152780340,0,188408690,37596370,378785400
2022-07-08,5500,5500,5360,5470,35735,-0.18248175182481752,-14489,100,14651,-262,0,9523,100,24305,1807,35735,24012,0,9654,2069,35735,-78290430,537500,79336170,-1583240,0,51599820,537500,131763260,9705680,193606260,129890250,0,52427090,11288920,193606260
2022-07-11,5470,5470,5300,5350,44023,-2.1937842778793417,-5491,1531,18664,-14704,0,14597,1531,27132,763,44023,20088,0,8468,15467,44023,-29190920,8141350,99561770,-78512200,0,77970880,8141350,144884190,4096810,235093230,107161800,0,45322420,82609010,235093230
2022-07-12,5300,5330,5150,5220,41480,-2.4299065420560746,-9669,1700,23177,-15208,0,5504,3100,31331,1545,41480,15173,1400,8154,16753,41480,-50352010,8908000,121379330,-79935320,0,28893060,16288000,164309630,8035240,217525930,79245070,7380000,42930300,87970560,217525930
2022-07-13,5210,5210,5110,5180,39149,-0.7662835249042145,156,100,11174,-11430,0,10789,100,27885,375,39149,10633,0,16711,11805,39149,853780,512000,57463990,-58829770,0,55541030,512000,143356560,1928350,201337940,54687250,0,85892570,60758120,201337940
2022-07-14,5180,5180,5060,5140,31272,-0.7722007722007722,1671,1794,-1297,-2168,0,9068,4687,17236,281,31272,7397,2893,18533,2449,31272,8742070,9030680,-6737320,-11035430,0,46442870,23900700,87881480,1434950,159660000,37700800,14870020,94618800,12470380,159660000
2022-07-15,5110,5180,5070,5150,53406,0.19455252918287938,-13545,3427,-5237,15355,0,16973,4427,11703,20303,53406,30518,1000,16940,4948,53406,-69208200,17630510,-27151660,78729350,0,87418620,22710510,59873270,104144830,274147230,156626820,5080000,87024930,25415480,274147230
2022-07-18,5200,5220,5120,5170,39850,0.3883495145631068,8111,0,-8912,801,0,21774,0,11782,6294,39850,13663,0,20694,5493,39850,41775630,0,-45747710,3972080,0,112480230,0,60891790,32437360,205809380,70704600,0,106639500,28465280,205809380
2022-07-19,5210,5230,5170,5200,30200,0.5802707930367506,4614,-5312,1945,-1247,0,20489,1136,7449,1126,30200,15875,6448,5504,2373,30200,23924110,-27531580,10103440,-6495970,0,106353550,5908700,38669340,5842210,156773800,82429440,33440280,28565900,12338180,156773800
2022-07-20,5210,5220,5100,5120,62442,-1.5384615384615385,-12285,194,14857,-2766,0,25889,194,35308,1051,62442,38174,0,20451,3817,62442,-63318230,997160,76574550,-14253480,0,132836190,997160,181712160,5424990,320970500,196154420,0,105137610,19678470,320970500
2022-07-21,5150,5150,5090,5130,63907,0.1953125,35140,0,605,-35745,0,51326,0,12581,0,63907,16186,0,11976,35745,63907,179929960,0,3089090,-183019050,0,262782450,0,64290210,0,327072660,82852490,0,61201120,183019050,327072660
2022-07-22,5160,5240,5160,5180,24588,0.9746588693957114,4641,-120,-4331,-190,0,15187,300,8559,542,24588,10546,420,12890,732,24588,24052490,-612700,-22453260,-986530,0,78714310,1560000,44376660,2816720,127467690,54661820,2172700,66829920,3803250,127467690
2022-07-25,5220,5240,5160,5180,22713,0.0,-8774,8,9115,-349,0,9761,8,12934,10,22713,18535,0,3819,359,22713,-45384910,41280,47148810,-1805180,0,50539830,41280,66916490,52000,117549600,95924740,0,19767680,1857180,117549600
2022-07-26,5230,5230,5160,5180,11362,0.0,-1847,192,2173,-518,0,4431,192,6738,1,11362,6278,0,4565,519,11362,-9586110,998400,11268440,-2680730,0,22927550,998400,34926440,5160,58857550,32513660,0,23658000,2685890,58857550
2022-07-27,5210,5230,5020,5180,25339,0.0,-1581,0,1426,155,0,8339,0,15474,1526,25339,9920,0,14048,1371,25339,-8124930,0,7351770,773160,0,43118250,0,79574120,7872460,130564830,51243180,0,72222350,7099300,130564830
2022-07-28,5220,5220,5150,5180,40337,0.0,-12469,-9800,24486,-2217,0,6851,200,32750,536,40337,19320,10000,8264,2753,40337,-64462260,-50665570,126584470,-11456640,0,35451240,1036000,169306080,2773440,208566760,99913500,51701570,42721610,14230080,208566760
2022-07-29,5200,5250,5180,5250,31952,1.3513513513513513,-2875,-200,-2184,5259,0,13235,0,13334,5383,31952,16110,200,15518,124,31952,-14951280,-1044000,-11442600,27437880,0,69046320,0,69454200,28081630,166582150,83997600,1044000,80896800,643750,166582150
2022-08-01,5290,5400,5240,5370,68147,2.2857142857142856,6074,1309,-18344,10961,0,26156,4500,18306,19185,68147,20082,3191,36650,8224,68147,33307840,6798240,-98112130,58006050,0,139947890,23895000,97501290,102116150,363460330,106640050,17096760,195613420,44110100,363460330
2022-08-02,5380,5380,5270,5350,59014,-0.37243947858473,1468,0,27245,-28713,0,16597,0,41836,581,59014,15129,0,14591,29294,59014,8329610,0,145630440,-153960050,0,88953230,0,223108440,3084180,315145850,80623620,0,77478000,157044230,315145850
2022-08-03,5350,5350,5250,5350,45222,0.0,-8468,-500,15260,-6292,0,14260,0,27758,3204,45222,22728,500,12498,9496,45222,-44372200,-2630330,80428310,-33425780,0,75420130,0,146350930,16858330,238629390,119792330,2630330,65922620,50284110,238629390
2022-08-04,5320,5350,5250,5350,30749,0.0,1762,-467,11607,-12902,0,9071,1388,20280,10,30749,7309,1855,8673,12912,30749,9425240,-2504200,61456350,-68377390,0,48086010,7354400,107435480,53000,162928890,38660770,9858600,45979130,68430390,162928890
2022-08-05,5380,5380,5320,5370,34190,0.3738317757009346,2078,0,10289,-12367,0,9292,0,24011,887,34190,7214,0,13722,13254,34190,11181300,0,54975570,-66156870,0,49715890,0,128424130,4749760,182889780,38534590,0,73448560,70906630,182889780
2022-08-08,5390,5390,5310,5370,13029,0.0,-587,0,6054,-5467,0,1366,0,11623,40,13029,1953,0,5569,5507,13029,-3185200,0,32384450,-29199250,0,7301230,0,62128170,212400,69641800,10486430,0,29743720,29411650,69641800
2022-08-09,5390,5390,5330,5380,12892,0.186219739292365,-891,287,4229,-3625,0,2518,287,10065,22,12892,3409,0,5836,3647,12892,-4784320,1529710,22619460,-19364850,0,13453460,1529710,53853090,117260,68953520,18237780,0,31233630,19482110,68953520
2022-08-10,5380,5390,5300,5370,14647,-0.18587360594795538,3224,100,-4386,1062,0,4353,100,8937,1257,14647,1129,0,13323,195,14647,17287820,531000,-23479980,5661160,0,23328630,531000,47708330,6707320,78275280,6040810,0,71188310,1046160,78275280
2022-08-11,5390,5480,5350,5450,62116,1.48975791433892,7990,0,-16294,8304,0,34576,0,17017,10523,62116,26586,0,33311,2219,62116,43257610,0,-88191950,44934340,0,187419770,0,92115000,56990710,336525480,144162160,0,180306950,12056370,336525480
2022-08-12,5450,5450,5380,5450,35074,0.0,-10802,185,15343,-4726,0,10917,185,23523,449,35074,21719,0,8180,5175,35074,-58175400,997150,82807640,-25629390,0,59148680,997150,127145000,2423080,189713910,117324080,0,44337360,28052470,189713910
2022-08-16,5450,5520,5410,5500,54794,0.9174311926605505,-10335,0,-3182,13517,0,21160,0,18824,14810,54794,31495,0,22006,1293,54794,-56106710,0,-17789370,73896080,0,115592080,0,102696270,80947500,299235850,171698790,0,120485640,7051420,299235850
2022-08-17,5520,5520,5460,5500,19351,0.0,7737,1,-3249,-4489,0,11432,1,7873,45,19351,3695,0,11122,4534,19351,42477040,5500,-17862000,-24620540,0,62798480,5500,43239710,247350,106291040,20321440,0,61101710,24867890,106291040
2022-08-18,5510,5510,5450,5500,22763,0.0,4228,-2041,-296,-1891,0,10044,200,12519,0,22763,5816,2241,12815,1891,22763,23264440,-11177680,-1713120,-10373640,0,55071390,1093000,68541870,0,124706260,31806950,12270680,70254990,10373640,124706260
2022-08-19,5510,5510,5450,5500,42928,0.0,8052,0,-3279,-4773,0,17659,0,25243,26,42928,9607,0,28522,4799,42928,44227030,0,-18108890,-26118140,0,96949760,0,138444630,142220,235536610,52722730,0,156553520,26260360,235536610
2022-08-22,5490,5510,5410,5510,32338,0.18181818181818182,12174,100,-9919,-2355,0,23462,100,8467,309,32338,11288,0,18386,2664,32338,66772480,543000,-54427640,-12887840,0,128466360,543000,46282140,1684050,176975550,61693880,0,100709780,14571890,176975550
2022-08-23,5510,5510,5450,5500,23777,-0.18148820326678766,-2811,-600,5292,-1881,0,6387,0,17383,7,23777,9198,600,12091,1888,23777,-15459450,-3300000,29100600,-10341150,0,35083270,0,95373050,38220,130494540,50542720,3300000,66272450,10379370,130494540
2022-08-24,5510,5510,5440,5470,18601,-0.5454545454545455,2745,-759,-1499,-487,0,8510,0,9776,315,18601,5765,759,11275,802,18601,15053510,-4151730,-8239510,-2662270,0,46508460,0,53345010,1719900,101573370,31454950,4151730,61584520,4382170,101573370
2022-08-25,5470,5500,5400,5480,35790,0.18281535648994515,-9721,5960,5400,-1639,0,12329,6000,17389,72,35790,22050,40,11989,1711,35790,-52798910,32541200,29225620,-8967910,0,67463000,32760000,94847080,391680,195461760,120261910,218800,65621460,9359590,195461760
2022-08-26,5480,5480,5430,5480,69489,0.0,-13897,5000,12994,-4097,0,30237,5000,32659,1593,69489,44134,0,19665,5690,69489,-75418200,27250000,70556620,-22388420,0,165006230,27250000,177960740,8700850,378917820,240424430,0,107404120,31089270,378917820
2022-08-29,5420,5430,5350,5390,44283,-1.6423357664233578,1913,8900,-9793,-1020,0,10767,8900,23849,767,44283,8854,0,33642,1787,44283,10242480,47878000,-52612910,-5507570,0,57878780,47878000,128190530,4121200,238068510,47636300,0,180803440,9628770,238068510
2022-08-30,5400,5400,5310,5390,19088,0.0,8307,0,-7705,-602,0,10967,0,7559,562,19088,2660,0,15264,1164,19088,44426370,0,-41178640,-3247730,0,58622070,0,40327740,2989870,101939680,14195700,0,81506380,6237600,101939680
2022-08-31,5390,5390,5320,5390,16283,0.0,312,1000,-228,-1084,0,968,1000,14126,189,16283,656,0,14354,1273,16283,1670520,5380000,-1211540,-5838980,0,5188580,5380000,75964970,1007760,87541310,3518060,0,77176510,6846740,87541310
2022-09-01,5390,5390,5290,5350,23403,-0.7421150278293136,-4860,3850,1293,-283,0,4286,4050,14879,188,23403,9146,200,13586,471,23403,-25779950,20445000,6849580,-1514630,0,22774560,21515000,79124090,998310,124411960,48554510,1070000,72274510,2512940,124411960
2022-09-02,5400,5400,5310,5350,13765,0.0,-5020,0,6034,-1014,0,1829,0,11883,53,13765,6849,0,5849,1067,13765,-26692350,0,32085180,-5392830,0,9746180,0,63253550,281950,73281680,36438530,0,31168370,5674780,73281680
2022-09-05,5350,5350,5210,5300,27046,-0.9345794392523363,2794,2010,-5038,234,0,3521,2010,21244,271,27046,727,0,26282,37,27046,14711970,10602500,-26539770,1225300,0,18549970,10602500,111915770,1421850,142490090,3838000,0,138455540,196550,142490090
2022-09-06,5300,5320,5250,5280,10136,-0.37735849056603776,2477,0,-2494,17,0,3174,0,6942,20,10136,697,0,9436,3,10136,13094570,0,-13184760,90190,0,16769350,0,36576950,106000,53452300,3674780,0,49761710,15810,53452300
2022-09-07,5300,5300,5150,5200,23163,-1.5151515151515151,2504,1540,-4276,232,0,6889,1540,14113,621,23163,4385,0,18389,389,23163,12818080,8007200,-22006520,1181240,0,35681790,8007200,73380160,3223570,120292720,22863710,0,95386680,2042330,120292720
2022-09-08,5230,5230,5160,5230,20135,0.576923076923077,3251,0,-5575,2324,0,6123,0,11675,2337,20135,2872,0,17250,13,20135,16897830,0,-28988750,12090920,0,31817260,0,60592960,12158480,104568700,14919430,0,89581710,67560,104568700
2022-09-13,5230,5260,5180,5230,17783,0.0,3146,100,-3977,731,0,6631,100,10014,1038,17783,3485,0,13991,307,17783,16491750,521000,-20831580,3818830,0,34684070,521000,52237960,5422000,92865030,18192320,0,73069540,1603170,92865030
2022-09-14,5170,5270,5170,5230,26349,0.0,677,100,-3836,3059,0,13071,100,9925,3253,26349,12394,0,13761,194,26349,3548400,517000,-20031050,15965650,0,67988740,517000,51538100,16973720,137017560,64440340,0,71569150,1008070,137017560
2022-09-15,5230,5250,5190,5230,12541,0.0,2593,0,-1713,-880,0,6956,0,5451,134,12541,4363,0,7164,1014,12541,13505950,0,-8910190,-4595760,0,36322440,0,28422040,696810,65441290,22816490,0,37332230,5292570,65441290
2022-09-16,5240,5240,5050,5190,51577,-0.7648183556405354,-10019,673,12106,-2760,0,9433,673,37955,3516,51577,19452,0,25849,6276,51577,-51278850,3457290,62054170,-14232610,0,48718070,3457290,195688170,18087290,265950820,99996920,0,133634000,32319900,265950820
2022-09-19,5190,5210,5100,5160,84085,-0.5780346820809248,38913,3520,-44555,2122,0,58680,3520,18150,3735,84085,19767,0,62705,1613,84085,202595060,18165200,-231642030,10881770,0,304223170,18165200,93389310,19218240,434995920,101628110,0,325031340,8336470,434995920
2022-09-20,5180,5190,5110,5130,39539,-0.5813953488372093,-12062,3202,11239,-2379,0,11328,3202,25006,3,39539,23390,0,13767,2382,39539,-61998180,16460660,57787850,-12250330,0,58208350,16460660,128498490,15450,203182950,120206530,0,70710640,12265780,203182950
2022-09-21,5130,5130,5040,5110,33164,-0.3898635477582846,-4151,759,4997,-1605,0,10104,759,22232,69,33164,14255,0,17235,1674,33164,-21051430,3847500,25388600,-8184670,0,51216310,3847500,112736850,349040,168149700,72267740,0,87348250,8533710,168149700
2022-09-22,5110,5110,5020,5070,22715,-0.7827788649706457,-5070,200,4671,199,0,1593,200,20710,212,22715,6663,0,16039,13,22715,-25621390,1007000,23609830,1004560,0,8031850,1007000,104577380,1070490,114686720,33653240,0,80967550,65930,114686720
2022-09-23,5090,5090,4965,4990,78534,-1.5779092702169626,-13599,20400,-7333,532,0,4195,20400,53208,731,78534,17794,0,60541,199,78534,-67943330,101766500,-36489880,2666710,0,20991435,101766500,265698625,3658725,392115285,88934765,0,302188505,992015,392115285
2022-09-26,5010,5010,4810,4845,59149,-2.905811623246493,-12694,10711,2782,-799,0,7983,10811,39115,1240,59149,20677,100,36333,2039,59149,-62093680,52217060,13776005,-3899385,0,39118600,52707060,191488785,6112680,289427125,101212280,490000,177712780,10012065,289427125
2022-09-27,4845,4845,4700,4750,59865,-1.9607843137254901,-17410,-2305,19107,608,0,4805,3900,48965,2195,59865,22215,6205,29858,1587,59865,-82926670,-10800855,90879715,2847810,0,22901480,18527730,233331750,10387950,285148910,105828150,29328585,142452035,7540140,285148910
2022-09-28,4740,4740,4320,4640,379952,-2.3157894736842106,-181423,16886,170281,-5744,0,93315,26479,233315,26843,379952,274738,9593,63034,32587,379952,-816387210,77143335,766525800,-27281925,0,422287370,120282950,1048749440,121948655,1713268415,1238674580,43139615,282223640,149230580,1713268415
2022-09-29,4550,4615,4500,4540,58867,-2.1551724137931036,-27029,1798,24664,567,0,13874,2500,37014,5479,58867,40903,702,12350,4912,58867,-122851615,8127205,112109945,2614465,0,63198430,11340750,168205005,24931395,267675580,186050045,3213545,56095060,22316930,267675580
2022-09-30,4545,4545,4465,4485,88718,-1.2114537444933922,-37893,1500,40120,-3727,0,22796,1500,64396,26,88718,60689,0,24276,3753,88718,-170179690,6730000,180203305,-16753615,0,102282030,6730000,289077630,117390,398207050,272461720,0,108874325,16871005,398207050
2022-10-04,4475,4475,4380,4390,76401,-2.118171683389075,-29893,1,29872,20,0,10684,1,64186,1530,76401,40577,0,34314,1510,76401,-132331615,4405,132196675,130535,0,47308820,4405,284019615,6786825,338119665,179640435,0,151822940,6656290,338119665
2022-10-05,4390,4455,4305,4370,56606,-0.45558086560364464,-8045,-15191,17561,5675,0,14352,750,35052,6452,56606,22397,15941,17491,777,56606,-35181820,-66345105,76783070,24743855,0,62626680,3288045,153062730,28163785,247141240,97808500,69633150,76279660,3419930,247141240
2022-10-06,4365,4500,4305,4480,60403,2.517162471395881,-27430,2630,28290,-3490,0,11277,2690,43068,3368,60403,38707,60,14778,6858,60403,-117770410,11335880,121459880,-15025350,0,49276210,11605880,185913265,14694760,261490115,167046620,270000,64453385,29720110,261490115
2022-10-07,4475,4475,4300,4405,62556,-1.6741071428571428,-18294,-19238,36470,1062,0,12226,800,45216,4314,62556,30520,20038,8746,3252,62556,-79783745,-83972750,159120740,4635755,0,53282960,3493120,197279725,18833580,272889385,133066705,87465870,38158985,14197825,272889385
2022-10-11,4405,4405,4310,4340,43964,-1.4755959137343928,-8623,12623,-6940,2940,0,8765,13516,17334,4349,43964,17388,893,24274,1409,43964,-37431100,54732970,-30058280,12756410,0,37962070,58584695,75184335,18864460,190595560,75393170,3851725,105242615,6108050,190595560
2022-10-12,4260,4305,4005,4095,115252,-5.64516129032258,-43863,-2540,40521,5882,0,20931,1800,72407,20114,115252,64794,4340,31886,14232,115252,-181813705,-10699650,168582090,23931265,0,87030255,7512155,300732900,83402190,478677500,268843960,18211805,132150810,59470925,478677500
2022-10-13,4150,4150,3900,3900,146276,-4.761904761904762,-75197,4000,74718,-3521,0,28772,4000,102100,11404,146276,103969,0,27382,14925,146276,-297410430,15903900,296243235,-14736705,0,114808470,15903900,405292575,45001290,581006235,412218900,0,109049340,59737995,581006235
2022-10-14,3910,4030,3830,3965,110043,1.6666666666666667,-48111,2297,41344,4470,0,32472,2297,58797,16477,110043,80583,0,17453,12007,110043,-185323650,8904085,159372200,17047365,0,126306755,8904085,227157600,63801290,426169730,311630405,0,67785400,46753925,426169730
2022-10-17,4035,4035,3880,3895,110723,-1.7654476670870116,-49048,-360,36512,12896,0,48579,0,43969,18175,110723,97627,360,7457,5279,110723,-192621930,-1428000,143679150,50370780,0,190649095,0,173019995,71321100,434990190,383271025,1428000,29340845,20950320,434990190
2022-10-18,3915,4220,3830,4020,218537,3.209242618741977,-45579,976,16070,28533,0,126696,2076,53741,36024,218537,172275,1100,37671,7491,218537,-175789400,3761060,58409015,113619325,0,505206195,8214060,209684595,143512530,866617380,680995595,4453000,151275580,29893205,866617380
2022-10-19,4040,4315,4025,4250,104755,5.721393034825871,-22260,689,4859,16712,0,56683,3900,19856,24316,104755,78943,3211,14997,7604,104755,-91935740,2629265,19990160,69316315,0,236249450,16026000,82575970,101054280,435905700,328185190,13396735,62585810,31737965,435905700
2022-10-20,4250,4250,4030,4060,74449,-4.470588235294118,-5427,5280,10576,-10429,0,43170,6105,23059,2115,74449,48597,825,12483,12544,74449,-21723015,21842800,42932435,-43052220,0,177252390,25262420,94418920,8590470,305524200,198975405,3419620,51486485,51642690,305524200
2022-10-21,4060,4075,3920,4000,77526,-1.477832512315271,-15177,-44,14144,1077,0,45239,0,23649,8638,77526,60416,44,9505,7561,77526,-60585855,-176440,56483710,4278585,0,180635185,0,94396345,34520910,309552440,241221040,176440,37912635,30242325,309552440
2022-10-24,4005,4200,4005,4100,40571,2.5,-1698,825,2868,-1995,0,28039,1230,10752,550,40571,29737,405,7884,2545,40571,-6944560,3373035,11778340,-8206815,0,114954960,5038435,44112785,2260130,166366310,121899520,1665400,32334445,10466945,166366310
2022-10-25,4100,4140,3990,4045,46483,-1.3414634146341464,-12056,-20,13530,-1454,0,23526,75,19910,2972,46483,35582,95,6380,4426,46483,-48170015,-88040,54243590,-5985535,0,94586470,301460,80040200,11892115,186820245,142756485,389500,25796610,17877650,186820245
2022-10-26,4045,4095,4000,4065,19492,0.4944375772558714,-2882,883,5095,-3096,0,6661,983,10400,1448,19492,9543,100,5305,4544,19492,-11264290,3587745,20351870,-12675325,0,27003010,3995745,41783650,5799240,78581645,38267300,408000,21431780,18474565,78581645
2022-10-27,4065,4180,4040,4180,38529,2.8290282902829027,-11359,0,10185,1174,0,6449,0,25000,7080,38529,17808,0,14815,5906,38529,-46372795,0,41672175,4700620,0,26535505,0,102143510,28936975,157615990,72908300,0,60471335,24236355,157615990
2022-10-28,4220,4220,4070,4130,27557,-1.1961722488038278,-10006,72,17141,-7207,0,5342,72,20625,1518,27557,15348,0,3484,8725,27557,-41080450,298080,70691525,-29909155,0,22138720,298080,85012150,6203645,113652595,63219170,0,14320625,36112800,113652595
2022-10-31,4130,4145,4100,4105,31745,-0.6053268765133172,-13649,1680,13886,-1917,0,10444,1680,17802,1819,31745,24093,0,3916,3736,31745,-56252275,6946800,57214105,-7908630,0,42883780,6946800,73358995,7506090,130695665,99136055,0,16144890,15414720,130695665
2022-11-01,4105,4185,4095,4160,34514,1.3398294762484775,-17238,1,16279,958,0,10088,1,22513,1912,34514,27326,0,6234,954,34514,-70781800,4105,66855240,3922455,0,41472250,4105,92451395,7857800,141785550,112254050,0,25596155,3935345,141785550
2022-11-02,4185,4185,4080,4135,27272,-0.6009615384615385,-9061,400,11134,-2473,0,8271,400,18530,71,27272,17332,0,7396,2544,27272,-37295970,1643000,45889730,-10236760,0,33975200,1643000,76313990,293515,112225705,71271170,0,30424260,10530275,112225705
2022-11-03,4135,4135,4080,4110,8942,-0.6045949214026602,-4696,73,5493,-870,0,1292,73,7569,8,8942,5988,0,2076,878,8942,-19250995,298205,22520035,-3567245,0,5298070,298205,31013595,32760,36642630,24549065,0,8493560,3600005,36642630
2022-11-04,4115,4135,4075,4080,11266,-0.7299270072992701,519,0,1440,-1959,0,5406,0,5792,68,11266,4887,0,4352,2027,11266,2158805,0,5886155,-8044960,0,22199375,0,23745740,278015,46223130,20040570,0,17859585,8322975,46223130
2022-11-07,4085,4300,4085,4220,105425,3.431372549019608,-61673,7901,41905,11867,0,9101,9431,68177,18716,105425,70774,1530,26272,6849,105425,-260160685,33544995,176602845,50012845,0,38228170,40032295,287421095,78800685,444482245,298388855,6487300,110818250,28787840,444482245
2022-11-08,4225,4240,4135,4215,76773,-0.11848341232227488,-54247,22647,31413,187,0,6258,22647,43834,4034,76773,60505,0,12421,3847,76773,-226498235,94659270,130982290,856675,0,26200425,94659270,183151110,16973975,320984780,252698660,0,52168820,16117300,320984780
2022-11-09,4210,4300,4205,4260,32210,1.0676156583629894,-7847,607,4105,3135,0,14562,610,11151,5887,32210,22409,3,7046,2752,32210,-33259000,2600095,17345575,13313330,0,61977585,2612845,47249380,25015600,136855410,95236585,12750,29903805,11702270,136855410
2022-11-10,4285,4425,4200,4350,42016,2.112676056338028,-5739,1207,3246,1286,0,8641,1357,24726,7292,42016,14380,150,21480,6006,42016,-24681610,5169745,13800830,5711035,0,37761580,5829745,106744390,31460470,181796185,62443190,660000,92943560,25749435,181796185
2022-11-11,4510,4885,4420,4570,258320,5.057471264367816,58740,2905,-80736,19091,0,130446,4455,46846,76573,258320,71706,1550,127582,57482,258320,272500510,12983640,-370691745,85207595,0,604744730,20393390,218154370,352246850,1195539340,332244220,7409750,588846115,267039255,1195539340
2022-11-14,4570,4650,4405,4515,30470,-1.2035010940919038,-6776,1150,8137,-2511,0,9493,1150,17278,2549,30470,16269,0,9141,5060,30470,-30045775,5144500,36343445,-11442170,0,42706940,5144500,77414410,11373410,136639260,72752715,0,41070965,22815580,136639260
2022-11-15,4520,4575,4440,4570,33345,1.2181616832779625,-5875,8605,9453,-12183,0,8634,8605,15730,376,33345,14509,0,6277,12559,33345,-26598990,38862680,42659845,-54923535,0,38904535,38862680,70972425,1696535,150436175,65503525,0,28312580,56620070,150436175
2022-11-16,4570,4665,4555,4610,28276,0.87527352297593,-759,1476,4772,-5489,0,12245,4690,9483,1858,28276,13004,3214,4711,7347,28276,-3373515,6712125,21975335,-25313945,0,56422150,21552125,43654985,8532285,130161545,59795665,14840000,21679650,33846230,130161545
2022-11-17,4640,4665,4500,4505,24079,-2.27765726681128,-9835,9993,7663,-7821,0,2319,9993,11107,660,24079,12154,0,3444,8481,24079,-44550625,45391670,34924610,-35765655,0,10545220,45391670,50682440,2997200,109616530,55095845,0,15757830,38762855,109616530
2022-11-18,4545,4615,4495,4495,29519,-0.22197558268590456,-5552,3090,7324,-4862,0,16562,3214,9506,237,29519,22114,124,2182,5099,29519,-24839455,13908485,33016290,-22085320,0,74763355,14479320,42875160,1067685,133185520,99602810,570835,9858870,23153005,133185520
2022-11-21,4560,4605,4500,4540,23093,1.0011123470522802,-2032,4000,4773,-6741,0,12048,4500,6130,415,23093,14080,500,1357,7156,23093,-9017950,18355955,21473130,-30811135,0,54545420,20655955,27625440,1874405,104701220,63563370,2300000,6152310,32685540,104701220
2022-11-22,4550,4585,4510,4585,15486,0.9911894273127754,1928,0,243,-2171,0,10037,0,5076,373,15486,8109,0,4833,2544,15486,8821540,0,1046500,-9868040,0,45674470,0,23069765,1694525,70438760,36852930,0,22023265,11562565,70438760
2022-11-23,4625,4650,4500,4520,16913,-1.4176663031624863,-2255,0,4546,-2291,0,11017,5,5890,1,16913,13272,5,1344,2292,16913,-10137005,-600,20554840,-10417235,0,49764975,22650,26627000,4505,76419130,59901980,23250,6072160,10421740,76419130
2022-11-24,4520,4600,4505,4600,28922,1.7699115044247788,8139,220,-8461,102,0,23769,220,2973,1960,28922,15630,0,11434,1858,28922,36948380,994400,-38406230,463450,0,108035020,994400,13492920,8932465,131454805,71086640,0,51899150,8469015,131454805
2022-11-25,4645,4645,4530,4595,44514,-0.10869565217391304,-2992,217,2149,626,0,30122,217,9370,4805,44514,33114,0,7221,4179,44514,-13591735,987350,9851535,2752850,0,138633905,987350,43024980,21987435,204633670,152225640,0,33173445,19234585,204633670
2022-11-28,4650,4650,4500,4635,39099,0.8705114254624592,12421,298,-1747,-10972,0,31134,417,6874,674,39099,18713,119,8621,11646,39099,57324770,1369425,-8102875,-50591320,0,143730145,1922115,31744725,3101005,180497990,86405375,552690,39847600,53692325,180497990
2022-11-29,4635,4635,4570,4590,16451,-0.9708737864077669,1812,-88,1525,-3249,0,7033,1215,8198,5,16451,5221,1303,6673,3254,16451,8370370,-416120,7015820,-14970070,0,32423420,5597225,37755610,22965,75799220,24053050,6013345,30739790,14993035,75799220
2022-11-30,4650,4650,4480,4575,47669,-0.32679738562091504,-2265,1068,-3195,4392,0,12912,1085,24296,9376,47669,15177,17,27491,4984,47669,-10156985,4797620,-14281730,19641095,0,58435750,4876670,109847590,42159925,215319935,68592735,79050,124129320,22518830,215319935
2022-12-01,4580,4580,4480,4540,66817,-0.7650273224043715,-11349,1286,20160,-10097,0,12329,1286,50555,2647,66817,23678,0,30395,12744,66817,-51336860,5806870,91394565,-45864575,0,55670255,5806870,228267315,11907390,301651830,107007115,0,136872750,57771965,301651830
2022-12-02,4560,4560,4465,4495,46330,-0.9911894273127754,-15432,1903,16411,-2882,0,12815,1903,29547,2065,46330,28247,0,13136,4947,46330,-69265675,8557790,73654285,-12946400,0,57552190,8557790,132623215,9292195,208025390,126817865,0,58968930,22238595,208025390
2022-12-05,4495,4525,4460,4505,27877,0.22246941045606228,-13040,-1027,15619,-1552,0,3319,1290,21877,1391,27877,16359,2317,6258,2943,27877,-58293440,-4659325,69960000,-7007235,0,14896160,5766510,98009810,6226145,124898625,73189600,10425835,28049810,13233380,124898625
2022-12-06,4510,4520,4445,4465,32394,-0.8879023307436182,-14131,1,14346,-216,0,8779,1,23204,410,32394,22910,0,8858,626,32394,-63030535,4480,64000945,-974890,0,39200950,4480,103529880,1827690,144563000,102231485,0,39528935,2802580,144563000
2022-12-07,4470,4470,4420,4465,31634,0.0,-9506,-10517,21239,-1216,0,7117,500,23971,46,31634,16623,11017,2732,1262,31634,-42072320,-46713405,94190640,-5404915,0,31588145,2217500,106310005,204010,140319660,73660465,48930905,12119365,5608925,140319660
2022-12-08,4465,4490,4410,4430,26106,-0.7838745800671892,-5858,200,8477,-2819,0,15055,200,10742,109,26106,20913,0,2265,2928,26106,-25860160,884500,37528275,-12552615,0,66613690,884500,47569680,481495,115549365,92473850,0,10041405,13034110,115549365
2022-12-09,4460,4460,4385,4390,41237,-0.9029345372460496,-32686,6,32759,-79,0,4143,6,36983,105,41237,36829,0,4224,184,41237,-143881415,26320,144203135,-348040,0,18225525,26320,162815830,461655,181529330,162106940,0,18612695,809695,181529330
2022-12-12,4390,4430,4360,4425,30162,0.7972665148063782,-15644,229,15129,286,0,9280,229,20193,460,30162,24924,0,5064,174,30162,-68331155,999585,66077105,1254465,0,40590130,999585,88248570,2013975,131852260,108921285,0,22171465,759510,131852260
2022-12-13,4440,4445,4355,4425,25582,0.0,-429,3,1315,-889,0,15128,3,10239,212,25582,15557,0,8924,1101,25582,-1768595,13075,5678750,-3923230,0,66596495,13075,44967720,929935,112507225,68365090,0,39288970,4853165,112507225
2022-12-14,4430,4430,4360,4390,46294,-0.7909604519774011,4179,-5678,-149,1648,0,30181,69,13822,2222,46294,26002,5747,13971,574,46294,18454460,-25007775,-679840,7233155,0,132628070,302910,60597440,9757980,203286400,114173610,25310685,61277280,2524825,203286400
2022-12-15,4400,4400,4340,4340,59540,-1.1389521640091116,-28586,1002,25795,1789,0,25271,1002,30357,2910,59540,53857,0,4562,1121,59540,-124149860,4358690,112021245,7769925,0,110059610,4358690,131886475,12649120,258953895,234209470,0,19865230,4879195,258953895
2022-12-16,4345,4345,4290,4340,50719,0.0,-23215,500,19601,3114,0,18887,500,26166,5166,50719,42102,0,6565,2052,50719,-99918360,2152500,84383725,13382135,0,81411790,2152500,112643240,22254050,218461580,181330150,0,28259515,8871915,218461580
2022-12-19,4340,4355,4260,4340,34962,0.0,-8378,71,9413,-1106,0,17200,71,15686,2005,34962,25578,0,6273,3111,34962,-35919105,305300,40460175,-4846370,0,74359915,305300,67524060,8626170,150815445,110279020,0,27063885,13472540,150815445
2022-12-20,4340,4410,4260,4335,59040,-0.1152073732718894,-10809,-2547,9147,4209,0,27828,57,21612,9543,59040,38637,2604,12465,5334,59040,-45803165,-10975220,38701905,18076480,0,120142730,243260,92844490,41085905,254316385,165945895,11218480,54142585,23009425,254316385
2022-12-21,4360,4360,4300,4335,18082,0.0,5715,76,-7210,1419,0,13674,76,1775,2557,18082,7959,0,8985,1138,18082,24776735,329840,-31227915,6121340,0,59270795,329840,7665730,11050925,78317290,34494060,0,38893645,4929585,78317290
2022-12-22,4335,4345,4300,4345,15422,0.2306805074971165,-1358,205,2092,-939,0,7871,205,6922,424,15422,9229,0,4830,1363,15422,-5787810,883550,8993185,-4088925,0,34040415,883550,29883680,1825320,66632965,39828225,0,20890495,5914245,66632965
2022-12-23,4340,4365,4270,4325,26181,-0.46029919447640966,1093,0,2758,-3851,0,12751,0,13429,1,26181,11658,0,10671,3852,26181,4832010,0,11885890,-16717900,0,55231320,0,57802700,4340,113038360,50399310,0,45916810,16722240,113038360
2022-12-26,4370,4370,4300,4330,26725,0.11560693641618498,8793,-1576,-4887,-2330,0,10727,0,15536,462,26725,1934,1576,20423,2792,26725,38282250,-6856345,-21258660,-10167245,0,46676460,0,67670415,1994155,116341030,8394210,6856345,88929075,12161400,116341030
2022-12-27,4335,4365,4320,4340,26415,0.23094688221709006,2712,-8039,5582,-255,0,13750,0,12657,8,26415,11038,8039,7075,263,26415,11817300,-34859440,24147190,-1105050,0,59685955,0,54873325,34720,114594000,47868655,34859440,30726135,1139770,114594000
2022-12-28,4355,4380,4270,4315,17313,-0.5760368663594471,-1642,0,2907,-1265,0,10392,0,6651,270,17313,12034,0,3744,1535,17313,-6862250,0,12378810,-5516560,0,45092175,0,28565095,1155600,74812870,51954425,0,16186285,6672160,74812870
2022-12-29,4320,4335,4205,4270,21572,-1.0428736964078795,-593,0,4554,-3961,0,8989,0,12320,263,21572,9582,0,7766,4224,21572,-2525105,0,19518245,-16993140,0,38346035,0,52563700,1114725,92024460,40871140,0,33045455,18107865,92024460
2023-01-02,4270,4390,4270,4350,37363,1.873536299765808,-9603,0,10914,-1311,0,11080,0,25092,1191,37363,20683,0,14178,2502,37363,-41518730,0,47206165,-5687435,0,47827540,0,108556930,5156250,161540720,89346270,0,61350765,10843685,161540720
2023-01-03,4350,4480,4300,4385,23443,0.8045977011494253,2565,1088,-1744,-1909,0,14584,1158,5996,1705,23443,12019,70,7740,3614,23443,11795535,4689470,-7896245,-8588760,0,63965535,4996770,25984830,7455685,102402820,52170000,307300,33881075,16044445,102402820
2023-01-04,4385,4435,4345,4425,37080,0.9122006841505131,6413,1150,-14442,6879,0,19679,1150,8562,7689,37080,13266,0,23004,810,37080,28277410,5002500,-63298750,30018840,0,86767925,5002500,37530885,33577215,162878525,58490515,0,100829635,3558375,162878525
2023-01-05,4470,4800,4420,4565,80413,3.1638418079096042,32570,-3679,-28948,57,0,58269,50,10827,11267,80413,25699,3729,39775,11210,80413,148162575,-16745920,-130555580,-861075,0,264680135,224500,48824650,50685660,364414945,116517560,16970420,179380230,51546735,364414945
2023-01-06,4565,4645,4550,4610,63294,0.9857612267250823,15201,-1962,-15969,2730,0,49313,0,7501,6480,63294,34112,1962,23470,3750,63294,69710435,-9060175,-73107270,12457010,0,225888665,0,34419255,29720975,290028895,156178230,9060175,107526525,17263965,290028895
2023-01-09,4610,4645,4545,4595,33959,-0.32537960954446854,4980,0,2661,-7641,0,20264,0,13677,18,33959,15284,0,11016,7659,33959,22933670,0,12121430,-35055100,0,92947475,0,62583795,83070,155614340,70013805,0,50462365,35138170,155614340
2023-01-10,4625,4625,4520,4530,27075,-1.4145810663764962,-2622,0,3537,-915,0,16073,0,8943,2059,27075,18695,0,5406,2974,27075,-11864010,0,16055480,-4191470,0,73175005,0,40696085,9318780,123189870,85039015,0,24640605,13510250,123189870
2023-01-11,4635,4635,4500,4560,33145,0.6622516556291391,1108,0,1248,-2356,0,27369,0,5296,480,33145,26261,0,4048,2836,33145,5103620,0,5614910,-10718530,0,124285720,0,24038615,2173125,150497460,119182100,0,18423705,12891655,150497460
2023-01-12,4595,4625,4540,4610,29294,1.0964912280701753,2742,0,-1373,-1369,0,25823,0,3416,55,29294,23081,0,4789,1424,29294,12690495,0,-6385755,-6304740,0,118574785,0,15642145,252680,134469610,105884290,0,22027900,6557420,134469610
2023-01-13,4635,4720,4600,4715,45177,2.27765726681128,5470,1744,-10652,3438,0,28862,2209,8945,5161,45177,23392,465,19597,1723,45177,25372160,8188720,-49483330,15922450,0,134087630,10367570,41517675,23999330,209972205,108715470,2178850,91001005,8076880,209972205
2023-01-16,4695,4840,4695,4840,49080,2.651113467656416,10064,-1344,-7218,-1502,0,38945,210,8612,1313,49080,28881,1554,15830,2815,49080,48039980,-6367090,-34427375,-7245515,0,185173035,996450,40835495,6244990,233249970,137133055,7363540,75262870,13490505,233249970
2023-01-17,4865,4865,4735,4790,31575,-1.0330578512396695,-5470,1665,6865,-3060,0,14085,2180,13609,1701,31575,19555,515,6744,4761,31575,-25924300,7934350,32691635,-14701685,0,67284970,10411500,64943000,8077350,150716820,93209270,2477150,32251365,22779035,150716820
2023-01-18,4790,4820,4740,4740,34672,-1.0438413361169103,-1257,-8143,9766,-366,0,17238,1127,14769,1538,34672,18495,9270,5003,1904,34672,-5828595,-38729720,46333730,-1775415,0,82093650,5376825,70204530,7304235,164979240,87922245,44106545,23870800,9079650,164979240
2023-01-19,4740,4740,4640,4700,57323,-0.8438818565400843,-21035,-10191,34980,-3754,0,16142,194,38072,2915,57323,37177,10385,3092,6669,57323,-97817780,-47496755,163137435,-17822900,0,75198030,905550,177605045,13554840,267263465,173015810,48402305,14467610,31377740,267263465
2023-01-20,4730,4740,4655,4720,43316,0.425531914893617,-6406,1562,4034,810,0,27135,2812,10314,3055,43316,33541,1250,6280,2245,43316,-29769725,7252910,18790655,3726160,0,126941770,13115410,48199645,14276570,202533395,156711495,5862500,29408990,10550410,202533395
2023-01-25,4775,4775,4690,4705,57895,-0.31779661016949157,-5897,-7740,15966,-2329,0,34943,157,21554,1241,57895,40840,7897,5588,3570,57895,-27776880,-36432265,75271295,-11062150,0,165218555,744180,101772445,5860700,273595880,192995435,37176445,26501150,16922850,273595880
2023-01-26,4670,4710,4630,4705,42581,0.0,-3619,-1037,5166,-510,0,26064,216,14784,1517,42581,29683,1253,9618,2027,42581,-16776270,-4862125,24043900,-2405505,0,121745230,1004400,68875130,7070570,198695330,138521500,5866525,44831230,9476075,198695330
2023-01-27,4700,4700,4650,4655,44277,-1.0626992561105209,-38,-2697,5984,-3249,0,32271,297,11582,127,44277,32309,2994,5598,3376,44277,-123025,-12590885,27916845,-15202935,0,150732015,1385690,54049970,593005,206760680,150855040,13976575,26133125,15795940,206760680
2023-01-30,4655,4665,4565,4565,62344,-1.933404940923738,-13203,-485,11394,2294,0,23994,415,31995,5940,62344,37197,900,20601,3646,62344,-60758475,-2225515,52505700,10478290,0,110171475,1905485,147061960,27291190,286430110,170929950,4131000,94556260,16812900,286430110
2023-01-31,4560,4600,4455,4485,66419,-1.7524644030668126,-13388,-3308,10387,6309,0,37051,248,21436,7684,66419,50439,3556,11049,1375,66419,-60275165,-14961480,46819385,28417260,0,167555375,1123225,96798940,34638280,300115820,227830540,16084705,49979555,6221020,300115820
2023-02-01,4525,4525,4400,4430,63362,-1.2263099219620959,-25837,-3515,27567,1785,0,17189,206,41164,4803,63362,43026,3721,13597,3018,63362,-114478480,-15593010,122182560,7888930,0,76213895,914255,182527370,21288390,280943910,190692375,16507265,60344810,13399460,280943910
2023-02-02,4430,4560,4430,4560,59483,2.9345372460496613,-19003,-2518,8689,12832,0,28727,0,16933,13823,59483,47730,2518,8244,991,59483,-85207350,-11218810,38945305,57480855,0,128802915,0,75961785,61952630,266717330,214010265,11218810,37016480,4471775,266717330
2023-02-03,4565,4565,4485,4530,136729,-0.6578947368421052,-8014,113,6453,1448,0,116865,113,17322,2429,136729,124879,0,10869,981,136729,-36108745,510645,29104895,6493205,0,519231470,510645,78121665,10928120,608791900,555340215,0,49016770,4434915,608791900
2023-02-06,4565,4565,4490,4530,30222,0.0,-12834,50,13785,-1001,0,8918,50,19327,1927,30222,21752,0,5542,2928,30222,-57821585,225225,62148245,-4551885,0,40269245,225225,87157960,8687755,136340185,98090830,0,25009715,13239640,136340185
2023-02-07,4550,4560,4495,4560,50612,0.6622516556291391,-3529,370,1472,1687,0,33583,370,13197,3462,50612,37112,0,11725,1775,50612,-15914820,1679500,6594040,7641280,0,152252530,1679500,59820345,15678390,229430765,168167350,0,53226305,8037110,229430765
2023-02-08,4590,4600,4495,4535,84138,-0.5482456140350876,-25673,1820,25133,-1280,0,26967,1822,47713,7636,84138,52640,2,22580,8916,84138,-116002830,8276020,113531130,-5804320,0,122316205,8285110,216208845,34702460,381512620,238319035,9090,102677715,40506780,381512620
2023-02-09,4565,4570,4495,4530,22319,-0.11025358324145534,-3071,69,5824,-2822,0,6623,69,14753,874,22319,9694,0,8929,3696,22319,-13807470,310845,26224555,-12727930,0,29911970,310845,66516855,3954875,100694545,43719440,0,40292300,16682805,100694545
2023-02-10,4560,4560,4480,4520,41272,-0.22075055187637968,3869,394,8288,-12551,0,16573,394,23997,308,41272,12704,0,15709,12859,41272,17585795,1774270,37149655,-56509720,0,74717790,1774270,107927550,1384600,185804210,57131995,0,70777895,57894320,185804210
2023-02-13,4545,4545,4450,4530,30728,0.22123893805309736,2212,1956,2884,-7052,0,18555,1956,9928,289,30728,16343,0,7044,7341,30728,9975250,8850900,12982030,-31808180,0,83884500,8850900,44657725,1305785,138698910,73909250,0,31675695,33113965,138698910
2023-02-14,4535,4565,4530,4550,35121,0.44150110375275936,733,-3999,7482,-4216,0,8434,373,23973,2341,35121,7701,4372,16491,6557,35121,3355465,-18177575,33981520,-19159410,0,38422405,1691555,109089180,10663435,159866575,35066940,19869130,75107660,29822845,159866575
2023-02-15,4570,4570,4545,4570,35196,0.43956043956043955,-6411,-1787,15520,-7322,0,5667,0,29378,151,35196,12078,1787,13858,7473,35196,-29223010,-8148725,70737210,-33365475,0,25819785,0,133864655,687405,160371845,55042795,8148725,63127445,34052880,160371845
2023-02-16,4580,4580,4500,4570,14529,0.0,-1883,0,2510,-627,0,2573,0,10265,1691,14529,4456,0,7755,2318,14529,-8576330,0,11445395,-2869065,0,11728755,0,46742570,7685235,66156560,20305085,0,35297175,10554300,66156560
2023-02-17,4590,4595,4565,4585,13473,0.3282275711159737,-1267,0,2551,-1284,0,2971,0,10063,439,13473,4238,0,7512,1723,13473,-5828585,0,11713935,-5885350,0,13600775,0,46118175,2010585,61729535,19429360,0,34404240,7895935,61729535
2023-02-20,4595,4625,4590,4620,18504,0.7633587786259541,-3913,858,3118,-63,0,1079,994,13654,2777,18504,4992,136,10536,2840,18504,-18052750,3938430,14395695,-281375,0,4971915,4567430,62930740,12792670,85262755,23024665,629000,48535045,13074045,85262755
2023-02-21,4625,4680,4625,4670,19527,1.0822510822510822,1916,-135,-865,-916,0,3969,0,13695,1863,19527,2053,135,14560,2779,19527,8929325,-628425,-4040215,-4260685,0,18483180,0,63725440,8671015,90879635,9553855,628425,67765655,12931700,90879635
2023-02-22,4655,4700,4620,4620,17995,-1.070663811563169,231,2000,2679,-4910,0,2299,2000,13528,168,17995,2068,0,10849,5078,17995,1050820,9275390,12434945,-22761155,0,10633595,9275390,62699840,777000,83385825,9582775,0,50264895,23538155,83385825
2023-02-23,4620,4620,4570,4620,19273,0.0,488,2020,4543,-7051,0,6579,2020,10421,253,19273,6091,0,5878,7304,19273,2294030,9283650,20830500,-32408180,0,30228520,9283650,47845690,1160780,88518640,27934490,0,27015190,33568960,88518640
2023-02-24,4635,4640,4580,4620,32998,0.0,11153,0,-5877,-5276,0,12933,0,17858,2207,32998,1780,0,23735,7483,32998,51446445,0,-27178950,-24267495,0,59648765,0,82357175,10197165,152203105,8202320,0,109536125,34464660,152203105
2023-02-27,4610,4610,4505,4590,38899,-0.6493506493506493,-4189,163,12869,-8843,0,9600,163,27348,1788,38899,13789,0,14479,10631,38899,-18856005,738875,58202785,-40085655,0,43609335,738875,123944565,8133070,176425845,62465340,0,65741780,48218725,176425845
2023-02-28,4540,4590,4535,4585,27366,-0.10893246187363835,5858,25,701,-6584,0,17366,25,9854,121,27366,11508,0,9153,6705,27366,26828135,113625,3141260,-30083020,0,79496660,113625,45046700,553355,125210340,52668525,0,41905440,30636375,125210340
2023-03-02,4595,4595,4500,4525,36748,-1.3086150490730644,8737,2160,-4410,-6487,0,15784,2160,15773,3031,36748,7047,0,20183,9518,36748,39572765,9769860,-19944650,-29397975,0,71456825,9769860,71396215,13672355,166295255,31884060,0,91340865,43070330,166295255
2023-03-03,4585,4585,4450,4480,46517,-0.9944751381215469,-14850,2199,24064,-11413,0,14729,2199,29543,46,46517,29579,0,5479,11459,46517,-66351500,9817020,107677595,-51143115,0,65937845,9817020,132210165,205610,208170640,132289345,0,24532570,51348725,208170640
2023-03-06,4500,4500,4440,4455,40109,-0.5580357142857143,-10968,1864,13802,-4698,0,15533,1864,22653,59,40109,26501,0,8851,4757,40109,-48862455,8330750,61499395,-20967690,0,69291930,8330750,100951965,262250,178836895,118154385,0,39452570,21229940,178836895
2023-03-07,4495,4495,4465,4470,22009,0.33670033670033667,4506,-2511,-19,-1976,0,12868,0,7528,1613,22009,8362,2511,7547,3589,22009,20166845,-11229060,-93210,-8844575,0,57605700,0,33727160,7238240,98571100,37438855,11229060,33820370,16082815,98571100
2023-03-08,4470,4480,4435,4455,27622,-0.33557046979865773,3606,250,1491,-5347,0,12344,250,14967,61,27622,8738,0,13476,5408,27622,16061455,1116150,6693985,-23871590,0,55009645,1116150,66778795,271225,123175815,38948190,0,60084810,24142815,123175815
2023-03-09,4480,4490,4450,4490,23503,0.7856341189674524,4035,-229,-5302,1496,0,11467,1,5287,6748,23503,7432,230,10589,5252,23503,18022735,-1020595,-23724065,6721925,0,51230385,4475,23622870,30184540,105042270,33207650,1025070,47346935,23462615,105042270
2023-03-10,4495,4495,4460,4495,19207,0.11135857461024498,10388,-229,-6208,-3951,0,14837,0,3557,813,19207,4449,229,9765,4764,19207,46553230,-1024775,-27817890,-17710565,0,66526200,0,15951505,3648840,86126545,19972970,1024775,43769395,21359405,86126545
2023-03-13,4500,4500,4430,4465,28968,-0.6674082313681869,7577,0,4326,-11903,0,18599,0,10317,52,28968,11022,0,5991,11955,28968,33760815,0,19331160,-53091975,0,82901230,0,46023790,231655,129156675,49140415,0,26692630,53323630,129156675
2023-03-14,4480,4480,4415,4415,48446,-1.1198208286674132,5691,6000,1644,-13335,0,17576,6000,24801,69,48446,11885,0,23157,13404,48446,25465285,26680000,7223525,-59368810,0,78275210,26680000,110348890,305775,215609875,52809925,0,103125365,59674585,215609875
2023-03-15,4490,4490,4325,4340,143231,-1.698754246885617,-107328,272,107309,-253,0,22183,272,114228,6548,143231,129511,0,6919,6801,143231,-465264965,1182920,465313855,-1231810,0,96326960,1182920,495426865,28378985,621315730,561591925,0,30113010,29610795,621315730
2023-03-16,4340,4340,4250,4300,43196,-0.9216589861751152,-1525,600,4981,-4056,0,18587,600,21408,2601,43196,20112,0,16427,6657,43196,-6540245,2569000,21346335,-17375090,0,79790745,2569000,91805810,11184300,185349855,86330990,0,70459475,28559390,185349855
2023-03-17,4345,4345,4250,4315,20220,0.3488372093023256,-10101,-301,6535,3867,0,4715,0,11629,3876,20220,14816,301,5094,9,20220,-43447290,-1297525,28112455,16632360,0,20290485,0,50013915,16671190,86975590,63737775,1297525,21901460,38830,86975590
2023-03-20,4340,4345,4295,4330,26849,0.34762456546929316,-1866,-2917,4762,21,0,10637,1633,13765,814,26849,12503,4550,9003,793,26849,-8032280,-12567860,20511040,89100,0,45804760,7034900,59307005,3513280,115659945,53837040,19602760,38795965,3424180,115659945
2023-03-21,4330,4345,4300,4325,20539,-0.11547344110854503,-5400,133,6414,-1147,0,7959,133,9964,2483,20539,13359,0,3550,3630,20539,-23286095,572155,27716745,-5002805,0,34327540,572155,43060495,10711480,88671670,57613635,0,15343750,15714285,88671670
2023-03-22,4350,4350,4300,4315,19389,-0.23121387283236997,-6301,40,8476,-2215,0,5201,40,14032,116,19389,11502,0,5556,2331,19389,-27145740,172300,36532690,-9559250,0,22409800,172300,60481640,499380,83563120,49555540,0,23948950,10058630,83563120
2023-03-23,4340,4340,4265,4265,41232,-1.1587485515643106,-4738,100,13446,-8808,0,15021,100,26110,1,41232,19759,0,12664,8809,41232,-20201600,427000,57593290,-37818690,0,64398970,427000,111745815,4280,176576065,84600570,0,54152525,37822970,176576065
2023-03-24,4285,4295,4265,4295,41511,0.7033997655334115,-8782,0,15950,-7168,0,12392,0,28930,189,41511,21174,0,12980,7357,41511,-37471000,0,68106320,-30635320,0,52983495,0,123554885,807975,177346355,90454495,0,55448565,31443295,177346355
2023-03-27,4295,4330,4130,4190,114891,-2.4447031431897557,-41720,431,55273,-13984,0,12463,431,99095,2902,114891,54183,0,43822,16886,114891,-175435205,1805315,232414900,-58785010,0,52066400,1805315,416218285,12175655,482265655,227501605,0,183803385,70960665,482265655
2023-03-28,4190,4550,4180,4350,106774,3.8186157517899764,-5530,-1833,-16403,23766,0,35682,167,32650,38275,106774,41212,2000,49053,14509,106774,-24223370,-7834630,-71113940,103171940,0,155181295,725370,141804905,166307725,464019295,179404665,8560000,212918845,63135785,464019295
2023-03-29,4385,4475,4350,4365,55567,0.3448275862068966,-9465,-70,19700,-10165,0,20189,0,33605,1773,55567,29654,70,13905,11938,55567,-41896100,-312900,87285990,-45076990,0,89368085,0,148962410,7848615,246179110,131264185,312900,61676420,52925605,246179110
2023-03-30,4410,4425,4320,4380,42947,0.3436426116838488,-8652,60,3419,5173,0,11190,60,17630,14067,42947,19842,0,14211,8894,42947,-37915630,261600,15494490,22159540,0,49014030,261600,77227395,61146135,187649160,86929660,0,61732905,38986595,187649160
2023-03-31,4460,4520,4425,4455,51515,1.7123287671232876,-14733,-70,7199,7604,0,12249,0,25600,13666,51515,26982,70,18401,6062,51515,-65982315,-315000,32165470,34131845,0,54789555,0,114665050,61189450,230644055,120771870,315000,82499580,27057605,230644055
2023-04-03,4510,4510,4390,4445,37500,-0.22446689113355783,-8209,-2422,7968,2663,0,8722,569,20938,7271,37500,16931,2991,12970,4608,37500,-36304075,-10624320,35270625,11657770,0,38618685,2537350,92752205,32150960,166059200,74922760,13161670,57481580,20493190,166059200
2023-04-04,4480,4480,4420,4475,18634,0.6749156355455568,-1678,904,5181,-4407,0,7225,904,10352,153,18634,8903,0,5171,4560,18634,-7419725,4024680,23010750,-19615705,0,32203700,4024680,45999435,679315,82907130,39623425,0,22988685,20295020,82907130
2023-04-05,4490,4510,4345,4405,168411,-1.564245810055866,-83639,4415,69108,10116,0,53610,4415,82392,27994,168411,137249,0,13284,17878,168411,-365778275,19323695,303380215,43074365,0,236108410,19323695,362396815,122579570,740408490,601886685,0,59016600,79505205,740408490
2023-04-06,4440,4440,4290,4330,143710,-1.70261066969353,-92634,868,71516,20250,0,38968,868,76745,27129,143710,131602,0,5229,6879,143710,-400395235,3777785,309515225,87102225,0,168787915,3777785,332273900,117112260,621951860,569183150,0,22758675,30010035,621951860
2023-04-07,4330,4335,4245,4290,155192,-0.9237875288683602,-110437,5230,102291,2916,0,17896,5230,113746,18320,155192,128333,0,11455,15404,155192,-472158130,22471560,437816805,11869765,0,76704985,22471560,486942725,78152930,664272200,548863115,0,49125920,66283165,664272200
2023-04-10,4285,4330,4230,4250,158666,-0.9324009324009324,-83300,-2671,71961,14010,0,35447,377,99867,22975,158666,118747,3048,27906,8965,158666,-354572395,-11518595,306721415,59369575,0,151065950,1620425,426314050,97807655,676808080,505638345,13139020,119592635,38438080,676808080
2023-04-11,4270,4290,4230,4290,135176,0.9411764705882352,-89048,10078,51985,26985,0,18268,10078,68397,38433,135176,107316,0,16412,11448,135176,-378292990,43023250,220520765,114748975,0,77591585,43023250,290558775,163483350,574656960,455884575,0,70038010,48734375,574656960
2023-04-12,4290,4400,4285,4400,183554,2.564102564102564,-70628,8482,-1487,63633,0,57094,8482,48523,69455,183554,127722,0,50010,5822,183554,-305793275,36660010,-6608415,275741680,0,247931950,36660010,210346090,300976410,795914460,553725225,0,216954505,25234730,795914460
2023-04-13,4400,4400,4350,4390,126243,-0.22727272727272727,-50592,463,20484,29645,0,53498,507,38055,34183,126243,104090,44,17571,4538,126243,-220547470,2019830,89311450,129216190,0,233289540,2211670,165909880,149051930,550463020,453837010,191840,76598430,19835740,550463020
2023-04-14,4400,4450,4360,4425,137228,0.7972665148063782,-90296,2314,47620,40362,0,22060,2314,69040,43814,137228,112356,0,21420,3452,137228,-395318965,10145710,208225505,176947750,0,96732600,10145710,302462225,192088395,601428930,492051565,0,94236720,15140645,601428930
2023-04-17,4435,4445,4370,4380,86831,-1.0169491525423728,-8685,2556,3297,2832,0,38104,2808,35311,10608,86831,46789,252,32014,7776,86831,-37965980,11207445,14329595,12428940,0,167252805,12313715,155273960,46534900,381375380,205218785,1106270,140944365,34105960,381375380
2023-04-18,4405,4420,4350,4380,93114,0.0,-34774,2510,26872,5392,0,25786,2510,47854,16964,93114,60560,0,20982,11572,93114,-151509505,11004610,117159000,23345895,0,112779865,11004610,209166090,74104475,407055040,264289370,0,92007090,50758580,407055040
2023-04-19,4395,4420,4300,4320,175409,-1.36986301369863,-90121,2335,60860,26926,0,38829,4835,90769,40976,175409,128950,2500,29909,14050,175409,-389067365,10308900,262422680,116335785,0,168659525,21186400,393460795,177570070,760876790,557726890,10877500,131038115,61234285,760876790
2023-04-20,4360,4375,4315,4365,44780,1.0416666666666665,-5611,-2087,4248,3450,0,13960,413,23789,6618,44780,19571,2500,19541,3168,44780,-24465470,-9067290,18391420,15141340,0,60848975,1798960,103627755,28869895,195145585,85314445,10866250,85236335,13728555,195145585
2023-04-21,4365,4410,4365,4395,100019,0.6872852233676976,-13602,373,-2326,15555,0,23805,373,53750,22091,100019,37407,0,56076,6536,100019,-59747720,1638145,-10203445,68313020,0,104440730,1638145,235812840,96956905,438848620,164188450,0,246016285,28643885,438848620
2023-04-24,4400,4470,4380,4430,87279,0.7963594994311717,-27909,8595,5714,13600,0,14534,8650,46395,17700,87279,42443,55,40681,4100,87279,-123396735,37964170,25239760,60192805,0,64112505,38209470,205009400,78249515,385580890,187509240,245300,179769640,18056710,385580890
2023-04-25,4480,4480,4375,4435,45591,0.1128668171557562,2965,8599,234,-11798,0,6053,8599,29913,1026,45591,3088,0,29679,12824,45591,13025645,37908375,1216035,-52150055,0,26754705,37908375,132000550,4513285,201176915,13729060,0,130784515,56663340,201176915
2023-04-26,4435,4465,4370,4445,38778,0.2254791431792559,3819,3484,345,-7648,0,8683,3484,25129,1482,38778,4864,0,24784,9130,38778,16875370,15398320,1581240,-33854930,0,38446810,15398320,110832455,6579420,171257005,21571440,0,109251215,40434350,171257005
2023-04-27,4445,4450,4385,4425,33732,-0.44994375703037126,7227,3323,8235,-18785,0,11720,3323,18689,0,33732,4493,0,10454,18785,33732,32091545,14705105,36418865,-83215515,0,51988955,14705105,82661460,0,149355520,19897410,0,46242595,83215515,149355520
2023-04-28,4425,4465,4385,4465,44685,0.903954802259887,-13058,5192,13488,-5622,0,11120,5192,27082,1291,44685,24178,0,13594,6913,44685,-57581320,23103000,59306380,-24828060,0,49023185,23103000,119506730,5690020,197322935,106604505,0,60200350,30518080,197322935
2023-05-02,4500,4500,4430,4480,28822,0.33594624860022393,-2564,1268,1972,-676,0,8142,2468,15504,2708,28822,10706,1200,13532,3384,28822,-11455745,5661960,8832690,-3038905,0,36392600,11020960,69239255,12064465,128717280,47848345,5359000,60406565,15103370,128717280
2023-05-03,4490,4550,4480,4495,34812,0.33482142857142855,9558,-5075,3712,-8195,0,17219,2133,14728,732,34812,7661,7208,11016,8927,34812,43065225,-22829505,16595285,-36831005,0,77479820,9583500,66201885,3290340,156555545,34414595,32413005,49606600,40121345,156555545
2023-05-04,4500,4500,4445,4495,114649,0.0,-66657,7209,52228,7220,0,31122,7348,61360,14819,114649,97779,139,9132,7599,114649,-297109175,32099950,232868470,32140755,0,138659925,32725450,273741600,66141435,511268410,435769100,625500,40873130,34000680,511268410
2023-05-08,4495,4515,4450,4500,47998,0.11123470522803114,8935,-3362,-13485,7912,0,14398,267,23503,9830,47998,5463,3629,36988,1918,47998,40302170,-15094790,-60573920,35366540,0,64809930,1201345,105406965,43970370,215388610,24507760,16296135,165980885,8603830,215388610
2023-05-09,4510,4510,4410,4500,37752,0.0,10769,-1448,-10656,1335,0,12592,4266,15178,5716,37752,1823,5714,25834,4381,37752,48251340,-6524490,-47772000,6045150,0,56446780,19121810,68031945,25677975,169278510,8195440,25646300,115803945,19632825,169278510
2023-05-10,4500,4555,4490,4510,72754,0.2222222222222222,4234,3576,-11418,3608,0,29522,3576,23612,16044,72754,25288,0,35030,12436,72754,19021265,16203950,-51625745,16400530,0,133476195,16203950,106823180,72645025,329148350,114454930,0,158448925,56244495,329148350
2023-05-11,4545,4580,4520,4575,76228,1.441241685144124,-38487,27234,-213,11466,0,2338,27234,28106,18550,76228,40825,0,28319,7084,76228,-174767775,123812005,-1321975,52277745,0,10642170,123812005,127622500,84420505,346497180,185409945,0,128944475,32142760,346497180
2023-05-12,4580,4590,4525,4575,39417,0.0,-11038,11780,-2346,1604,0,9088,11780,11420,7129,39417,20126,0,13766,5525,39417,-50529565,53904410,-10701075,7326230,0,41534150,53904410,52136685,32542700,180117945,92063715,0,62837760,25216470,180117945
2023-05-15,4620,4635,4575,4630,50669,1.2021857923497268,-18464,2171,10718,5575,0,14492,2171,24688,9318,50669,32956,0,13970,3743,50669,-85082195,9995470,49318165,25768560,0,66776905,9995470,113683055,42975780,233431210,151859100,0,64364890,17207220,233431210
2023-05-16,4645,4700,4630,4630,69146,0.0,-7386,343,15712,-8669,0,33761,343,32207,2835,69146,41147,0,16495,11504,69146,-34581430,1598370,73213475,-40230415,0,157435165,1598370,150146385,13239055,322418975,192016595,0,76932910,53469470,322418975
2023-05-17,4685,4685,4560,4590,88572,-0.8639308855291578,-26808,-378,48769,-21583,0,28718,522,56400,2932,88572,55526,900,7631,24515,88572,-123426240,-1741300,224704730,-99537190,0,131539880,2407700,259901690,13457560,407306830,254966120,4149000,35196960,112994750,407306830
2023-05-18,4590,4660,4590,4635,60303,0.9803921568627451,-27783,10416,14331,3036,0,9852,10416,30537,9498,60303,37635,0,16206,6462,60303,-128317665,48208475,65976130,14133060,0,45409050,48208475,140913190,43894130,278424845,173726715,0,74937060,29761070,278424845
2023-05-19,4640,4650,4580,4600,79227,-0.7551240560949299,-17407,-2308,25548,-5833,0,34732,1584,37596,5315,79227,52139,3892,12048,11148,79227,-79970770,-10642435,117508275,-26895070,0,160091420,7323700,173090475,24458180,364963775,240062190,17966135,55582200,51353250,364963775
2023-05-22,4675,4675,4575,4605,62577,0.10869565217391304,-29961,2467,19474,8020,0,12215,4475,29195,16692,62577,42176,2008,9721,8672,62577,-138143110,11369135,89698510,37075465,0,56251410,20628935,134482570,76952595,288315510,194394520,9259800,44784060,39877130,288315510
2023-05-23,4625,4635,4595,4620,49514,0.32573289902280134,-32317,2347,26777,3193,0,6200,2347,33951,7016,49514,38517,0,7174,3823,49514,-149142680,10842340,123580395,14719945,0,28575115,10842340,156679325,32381960,228478740,177717795,0,33098930,17662015,228478740
2023-05-24,4600,4625,4560,4625,59354,0.10822510822510822,-10628,11837,7169,-8378,0,13073,11837,30760,3684,59354,23701,0,23591,12062,59354,-48661095,54557815,32442615,-38339335,0,60160875,54557815,141177035,16991615,272887340,108821970,0,108734420,55330950,272887340
2023-05-25,4635,4780,4615,4720,103217,2.054054054054054,-18359,26199,-48853,41013,0,11290,26199,21756,43972,103217,29649,0,70609,2959,103217,-85402815,122560770,-228914705,191756750,0,52596875,122560770,101752305,205644515,482554465,137999690,0,330667010,13887765,482554465
2023-05-26,4730,4800,4705,4750,197716,0.6355932203389831,-32038,131181,-83140,-16003,0,27667,131181,33271,5597,197716,59705,0,116411,21600,197716,-152786790,626585995,-397547035,-76252170,0,131715155,626585995,158126090,26605960,943033200,284501945,0,555673125,102858130,943033200
2023-05-30,4700,4745,4660,4690,98177,-1.263157894736842,12132,14525,637,-27294,0,34344,17525,40943,5365,98177,22212,3000,40306,32659,98177,57150365,68591685,2480225,-128222275,0,161578055,82781685,191795410,25235665,461390815,104427690,14190000,189315185,153457940,461390815
2023-05-31,4705,4770,4620,4655,110557,-0.7462686567164178,9078,3453,-8063,-4468,0,45612,3453,55913,5579,110557,36534,0,63976,10047,110557,42108535,16080505,-37336835,-20852205,0,214403060,16080505,261411960,26158830,518054355,172294525,0,298748795,47011035,518054355
2023-06-01,4680,4705,4625,4645,85894,-0.21482277121374865,10931,26582,-8876,-28637,0,33271,26585,24991,1047,85894,22340,3,33867,29684,85894,51225995,124370310,-41810125,-133786180,0,155655900,124384335,116663660,4898315,401602210,104429905,14025,158473785,138684495,401602210
2023-06-02,4695,4730,4650,4730,77952,1.829924650161464,-13309,-6343,16176,3476,0,23894,3977,40088,9993,77952,37203,10320,23912,6517,77952,-62329180,-29654330,75548445,16435065,0,111785990,18626370,187699530,46884975,364996865,174115170,48280700,112151085,30449910,364996865
2023-06-05,4725,4815,4685,4780,70630,1.0570824524312896,6873,555,-12361,4933,0,25466,555,37855,6754,70630,18593,0,50216,1821,70630,32677300,2653275,-58909195,23578620,0,121419055,2653275,180881985,32199740,337154055,88741755,0,239791180,8621120,337154055
2023-06-07,4780,4840,4745,4825,57161,0.9414225941422595,13507,331,-673,-13165,0,27675,331,27155,2000,57161,14168,0,27828,15165,57161,65241780,1599555,-3241120,-63600215,0,133595595,1599555,131026490,9603940,275825580,68353815,0,134267610,73204155,275825580
2023-06-08,4845,4900,4790,4855,45638,0.6217616580310881,8481,329,2669,-11479,0,21192,329,18964,5153,45638,12711,0,16295,16632,45638,41178140,1599745,12911930,-55689815,0,102874100,1599745,92026640,24987005,221487490,61695960,0,79114710,80676820,221487490
2023-06-09,4855,4865,4820,4845,29207,-0.20597322348094746,9008,972,5181,-15161,0,13931,972,13360,944,29207,4923,0,8179,16105,29207,43690235,4709600,25079810,-73479645,0,67535990,4709600,64741835,4567630,141555055,23845755,0,39662025,78047275,141555055
2023-06-12,4890,4890,4800,4840,71868,-0.10319917440660474,-766,12395,7893,-19522,0,21542,12395,37456,475,71868,22308,0,29563,19997,71868,-3529935,59761020,38023425,-94254510,0,104096890,59761020,180704250,2283345,346845505,107626825,0,142680825,96537855,346845505
2023-06-13,4845,4850,4795,4820,34098,-0.4132231404958678,3388,466,6951,-10805,0,8209,466,25423,0,34098,4821,0,18472,10805,34098,16326740,2245850,33423605,-51996195,0,39515195,2245850,122340440,0,164101485,23188455,0,88916835,51996195,164101485
2023-06-14,4850,4850,4770,4770,44245,-1.0373443983402488,-5719,1434,13474,-9189,0,2705,2410,39129,1,44245,8424,976,25655,9190,44245,-27393510,6823760,64523135,-43953385,0,12924730,11503680,187198730,4770,211631910,40318240,4679920,122675595,43958155,211631910
2023-06-15,4815,4815,4715,4730,31649,-0.8385744234800839,-2178,2758,13269,-13849,0,2892,2758,25999,0,31649,5070,0,12730,13849,31649,-10270815,13164435,63043635,-65937255,0,13745520,13164435,123525900,0,150435855,24016335,0,60482265,65937255,150435855
2023-06-16,4825,4825,4720,4745,57974,0.3171247357293869,-10549,3767,13648,-6866,0,13034,3911,39455,1574,57974,23583,144,25807,8440,57974,-50195815,17889140,64829610,-32522935,0,61749625,18569540,187127460,7488870,274935495,111945440,680400,122297850,40011805,274935495
2023-06-19,4800,4800,4700,4735,42168,-0.21074815595363539,-20820,22,26142,-5344,0,3240,22,38349,557,42168,24060,0,12207,5901,42168,-98508270,103565,123748850,-25344145,0,15305420,103565,181551620,2624375,199584980,113813690,0,57802770,27968520,199584980
2023-06-20,4780,4780,4700,4705,20599,-0.6335797254487857,3176,1002,-2159,-2019,0,4568,1002,14624,405,20599,1392,0,16783,2424,20599,14994970,4724065,-10153125,-9565910,0,21559320,4724065,68996430,1905525,97185340,6564350,0,79149555,11471435,97185340
2023-06-21,4725,4725,4670,4705,30663,0.0,12509,-4251,-4873,-3385,0,16637,340,12015,1671,30663,4128,4591,16888,5056,30663,58789990,-19996815,-22889710,-15903465,0,78210980,1601815,56496140,7855425,144164360,19420990,21598630,79385850,23758890,144164360
2023-06-22,4750,4750,4680,4705,51589,0.0,13402,-12769,7560,-8193,0,35378,553,15646,12,51589,21976,13322,8086,8205,51589,62957760,-59981815,35544060,-38520005,0,166279100,2600800,73531260,56220,242467380,103321340,62582615,37987200,38576225,242467380
2023-06-23,4705,4710,4635,4690,48107,-0.3188097768331562,134,-2082,-3460,5408,0,19451,1596,17989,9071,48107,19317,3678,21449,3663,48107,730695,-9792735,-16312260,25374300,0,91156840,7493865,84193465,42547940,225392110,90426145,17286600,100505725,17173640,225392110
2023-06-26,4690,4755,4670,4725,38386,0.7462686567164178,9328,341,-12601,2932,0,21501,341,9251,7293,38386,12173,0,21852,4361,38386,43959610,1605100,-59316155,13751445,0,101233090,1605100,43515520,34313605,180667315,57273480,0,102831675,20562160,180667315
2023-06-27,4700,4765,4650,4755,24988,0.6349206349206349,1497,8440,-2950,-6987,0,10032,8440,6403,113,24988,8535,0,9353,7100,24988,7129910,39919085,-13916640,-33132355,0,47497460,39919085,30229345,533990,118179880,40367550,0,44145985,33666345,118179880
2023-06-28,4765,4815,4670,4740,92331,-0.31545741324921134,-31168,1739,15449,13980,0,29713,1739,38444,22435,92331,60881,0,22995,8455,92331,-146799330,8282955,72737970,65778405,0,139834310,8282955,181446045,105845450,435408760,286633640,0,108708075,40067045,435408760
2023-06-29,4740,4780,4710,4770,30419,0.6329113924050633,18416,336,-5678,-13074,0,25571,336,3351,1161,30419,7155,0,9029,14235,30419,87681455,1604495,-27105970,-62179980,0,121722920,1604495,15863495,5509015,144699925,34041465,0,42969465,67688995,144699925
2023-06-30,4775,4795,4755,4770,25519,0.0,14487,998,-11384,-4101,0,17506,998,6246,769,25519,3019,0,17630,4870,25519,69334345,4765075,-54479440,-19619980,0,83780280,4765075,29850020,3674610,122069985,14445935,0,84329460,23294590,122069985
2023-07-03,4775,4800,4755,4785,32793,0.3144654088050315,7599,0,-854,-6745,0,12757,0,18376,1660,32793,5158,0,19230,8405,32793,36390275,0,-4086950,-32303325,0,61100610,0,87946200,7935850,156982660,24710335,0,92033150,40239175,156982660
2023-07-04,4800,4820,4775,4800,33851,0.3134796238244514,14993,-800,-9239,-4954,0,21346,0,10923,1582,33851,6353,800,20162,6536,33851,72071130,-3848000,-44420070,-23803060,0,102560465,0,52446420,7592840,162599725,30489335,3848000,96866490,31395900,162599725
2023-07-05,4815,4815,4740,4770,53089,-0.625,16390,0,-10828,-5562,0,33931,0,15145,4013,53089,17541,0,25973,9575,53089,78390240,0,-51723440,-26666800,0,162239710,0,72261110,19092170,253592990,83849470,0,123984550,45758970,253592990
2023-07-06,4800,4800,4700,4755,39437,-0.3144654088050315,17382,0,-9389,-7993,0,28588,0,8251,2598,39437,11206,0,17640,10591,39437,82970840,0,-44787120,-38183720,0,136285070,0,39175165,12298950,187759185,53314230,0,83962285,50482670,187759185
2023-07-07,4790,4815,4730,4785,71337,0.6309148264984227,21319,-2508,-17546,-1265,0,37987,800,21776,10774,71337,16668,3308,39322,12039,71337,101968235,-12025415,-83837990,-6104830,0,181694015,3828000,104075215,51376190,340973420,79725780,15853415,187913205,57481020,340973420
2023-07-10,4795,4795,4750,4760,32360,-0.522466039707419,8436,0,-5687,-2749,0,19277,0,12028,1055,32360,10841,0,17715,3804,32360,40270785,0,-27173810,-13096975,0,91911390,0,57305715,5023670,154240775,51640605,0,84479525,18120645,154240775
2023-07-11,4800,4800,4730,4755,24525,-0.10504201680672269,6695,0,5429,-12124,0,11631,0,12662,232,24525,4936,0,7233,12356,24525,31819390,0,25741000,-57560390,0,55264205,0,60088065,1103445,116455715,23444815,0,34347065,58663835,116455715
2023-07-12,4770,4770,4745,4760,27713,0.10515247108307045,12219,-7000,-5432,213,0,18620,0,6452,2641,27713,6401,7000,11884,2428,27713,58185405,-33315000,-25884220,1013815,0,88708775,0,30701695,12575465,131985935,30523370,33315000,56585915,11561650,131985935
2023-07-13,4800,4840,4760,4840,41870,1.680672268907563,3915,0,-14785,10870,0,15654,0,15257,10959,41870,11739,0,30042,89,41870,18777335,0,-70992580,52215245,0,75089715,0,73264015,52642635,200996365,56312380,0,144256595,427390,200996365
2023-07-14,4850,4860,4795,4845,29416,0.10330578512396695,15909,92,-14857,-1144,0,17728,92,9701,1895,29416,1819,0,24558,3039,29416,77012895,445740,-71878030,-5580605,0,85785860,445740,46974980,9137970,142344550,8772965,0,118853010,14718575,142344550
2023-07-17,4850,4850,4795,4840,25290,-0.10319917440660474,9163,-1606,-8004,447,0,12977,0,9600,2713,25290,3814,1606,17604,2266,25290,44277495,-7740920,-38636380,2099805,0,62671750,0,46374425,13051495,122097670,18394255,7740920,85010805,10951690,122097670
2023-07-18,4850,4850,4755,4795,33882,-0.9297520661157025,7254,3100,-4315,-6039,0,17524,3100,8518,4740,33882,10270,0,12833,10779,33882,34827435,14826000,-20623025,-29030410,0,84018105,14826000,40771545,22624345,162239995,49190670,0,61394570,51654755,162239995
2023-07-19,4800,4800,4740,4775,45818,-0.4171011470281543,5043,10680,-7132,-8591,0,18020,10680,13209,3909,45818,12977,0,20341,12500,45818,24131835,51132965,-34142530,-41122270,0,86039165,51132965,62963755,18598230,218734115,61907330,0,97106285,59720500,218734115
2023-07-20,4805,4805,4750,4790,44303,0.31413612565445026,-722,15454,-7620,-7112,0,13411,15454,15315,123,44303,14133,0,22935,7235,44303,-3448250,74028920,-36593255,-33987415,0,64156810,74028920,73194630,585480,211965840,67605060,0,109787885,34572895,211965840
2023-07-21,4795,4805,4765,4795,46678,0.10438413361169101,-13306,15685,4510,-6889,0,12023,15685,17980,990,46678,25329,0,13470,7879,46678,-63576240,75063795,21502275,-32989830,0,57564230,75063795,85988065,4736645,223352735,121140470,0,64485790,37726475,223352735
2023-07-24,4795,4795,4745,4745,39629,-1.0427528675703857,-704,18298,-13028,-4566,0,9874,18298,11020,437,39629,10578,0,24048,5003,39629,-3344635,87112310,-61999230,-21768445,0,46977360,87112310,52431510,2077935,188599115,50321995,0,114430740,23846380,188599115
2023-07-25,4790,4790,4730,4735,25013,-0.21074815595363539,5073,5867,-5574,-5366,0,11448,5867,7640,58,25013,6375,0,13214,5424,25013,24053830,27858190,-26442125,-25469895,0,54336365,27858190,36284990,274580,118754125,30282535,0,62727115,25744475,118754125
2023-07-26,4735,4750,4680,4720,60906,-0.31678986272439286,5810,3504,4215,-13529,0,18341,3504,36892,2169,60906,12531,0,32677,15698,60906,27489920,16545270,19920495,-63955685,0,86549445,16545270,174235340,10225260,287555315,59059525,0,154314845,74180945,287555315
2023-07-27,4690,4735,4685,4690,33738,-0.6355932203389831,-3574,4148,-115,-459,0,8004,4148,18280,3306,33738,11578,0,18395,3765,33738,-16781000,19553685,-644395,-2128290,0,37664335,19553685,85837445,15588870,158644335,54445335,0,86481840,17717160,158644335
2023-07-28,4715,4715,4625,4625,84047,-1.3859275053304905,-1707,3581,-707,-1167,0,22685,3600,48226,9536,84047,24392,19,48933,10703,84047,-7699920,16617700,-3300255,-5617525,0,105714665,16707000,224330100,44425225,391176990,113414585,89300,227630355,50042750,391176990
2023-07-31,4700,4700,4580,4630,46980,0.10810810810810811,-16571,7801,14098,-5328,0,12986,7801,24787,1406,46980,29557,0,10689,6734,46980,-77095360,36430670,65451390,-24786700,0,60472255,36430670,115167730,6481925,218552580,137567615,0,49716340,31268625,218552580
2023-08-01,4700,4700,4595,4630,30383,0.0,-8294,2046,8368,-2120,0,4209,2046,23317,811,30383,12503,0,14949,2931,30383,-38303920,9452150,38639295,-9787525,0,19431355,9452150,107667745,3747500,140298750,57735275,0,69028450,13535025,140298750
2023-08-02,4700,4700,4600,4625,29104,-0.10799136069114472,-9769,-506,15064,-4789,0,8137,0,20226,741,29104,17906,506,5162,5530,29104,-45086185,-2349105,69592465,-22157175,0,37594100,0,93464290,3416690,134475080,82680285,2349105,23871825,25573865,134475080
2023-08-03,4665,4665,4585,4605,33905,-0.43243243243243246,-13624,300,16426,-3102,0,6644,300,26803,158,33905,20268,0,10377,3260,33905,-62516030,1380000,75424105,-14288075,0,30522690,1380000,123132330,725440,155760460,93038720,0,47708225,15013515,155760460
2023-08-04,4650,4650,4585,4605,26777,0.0,-15629,6000,10656,-1027,0,4502,6000,15860,415,26777,20131,0,5204,1442,26777,-71814600,27585000,48952995,-4723395,0,20673630,27585000,72890645,1906990,123056265,92488230,0,23937650,6630385,123056265
2023-08-07,4605,4605,4545,4590,67136,-0.32573289902280134,-16086,6940,8280,866,0,14565,6940,40504,5127,67136,30651,0,32224,4261,67136,-73224430,31608700,37683665,3932065,0,66431405,31608700,184680180,23383080,306103365,139655835,0,146996515,19451015,306103365
2023-08-08,4600,4600,4525,4535,52340,-1.1982570806100217,-14072,0,19809,-5737,0,15983,0,31092,5265,52340,30055,0,11283,11002,52340,-63863855,0,89848110,-25984255,0,72504635,0,141014815,23922865,237442315,136368490,0,51166705,49907120,237442315
2023-08-09,4585,4585,4440,4480,61245,-1.2127894156560088,-19088,4965,16333,-2210,0,22700,4965,32106,1474,61245,41788,0,15773,3684,61245,-85195900,22264495,72857475,-9926070,0,101416595,22264495,143498885,6576485,273756460,186612495,0,70641410,16502555,273756460
2023-08-10,4540,4540,4425,4460,60134,-0.4464285714285714,-18592,915,14865,2812,0,16294,915,38013,4912,60134,34886,0,23148,2100,60134,-82529845,4067100,65940340,12522405,0,72344010,4067100,168798710,21846445,267056265,154873855,0,102858370,9324040,267056265
2023-08-11,4500,4505,4460,4500,28189,0.8968609865470852,-9041,554,8494,-7,0,10247,554,16427,961,28189,19288,0,7933,968,28189,-40413830,2489820,37953275,-29265,0,45837610,2489820,73511585,4313210,126152225,86251440,0,35558310,4342475,126152225
2023-08-14,4545,4620,4470,4525,50165,0.5555555555555556,-30801,1242,21790,7769,0,2689,1242,37531,8703,50165,33490,0,15741,934,50165,-138354700,5572790,97892235,34889675,0,12091215,5572790,168715665,39108770,225488440,150445915,0,70823430,4219095,225488440
2023-08-16,4525,4525,4460,4500,39060,-0.5524861878453038,-19512,50,16043,3419,0,8338,50,24444,6228,39060,27850,0,8401,2809,39060,-87344175,223250,71841215,15279710,0,37333455,223250,109452150,27872790,174881645,124677630,0,37610935,12593080,174881645
2023-08-17,4500,4500,4450,4495,24123,-0.1111111111111111,-5929,0,12134,-6205,0,3866,0,20205,52,24123,9795,0,8071,6257,24123,-26432245,0,54162175,-27729930,0,17239720,0,90157940,232405,107630065,43671965,0,35995765,27962335,107630065
2023-08-18,4500,4500,4450,4470,26555,-0.5561735261401557,-11129,230,12803,-1904,0,3184,230,22640,501,26555,14313,0,9837,2405,26555,-49619275,1026450,57089695,-8496870,0,14198465,1026450,100942015,2233115,118400045,63817740,0,43852320,10729985,118400045
2023-08-21,4525,4525,4440,4465,32075,-0.11185682326621924,-5884,530,10023,-4669,0,7627,530,23918,0,32075,13511,0,13895,4669,32075,-26158385,2359590,44618005,-20819210,0,33969145,2359590,106530880,0,142859615,60127530,0,61912875,20819210,142859615
2023-08-22,4495,4495,4410,4470,22415,0.11198208286674133,-3511,-1616,8521,-3394,0,6381,151,15858,25,22415,9892,1767,7337,3419,22415,-15433495,-7208945,37728865,-15086425,0,28358325,668250,70343160,110545,99480280,43791820,7877195,32614295,15196970,99480280
2023-08-23,4490,4490,4430,4460,28469,-0.22371364653243847,-6773,-1010,3511,4272,0,3296,0,19532,5641,28469,10069,1010,16021,1369,28469,-30120810,-4514750,15732500,18903060,0,14657825,0,86879580,25010000,126547405,44778635,4514750,71147080,6106940,126547405
2023-08-24,4485,4485,4435,4480,22712,0.4484304932735426,6373,-4421,2582,-4534,0,7621,0,15082,9,22712,1248,4421,12500,4543,22712,28390160,-19666300,11479300,-20203160,0,33946785,0,67266090,40100,101252975,5556625,19666300,55786790,20243260,101252975
2023-08-25,4475,4525,4455,4525,17159,1.0044642857142858,-577,589,413,-425,0,5830,589,10470,270,17159,6407,0,10057,695,17159,-2572810,2636815,1835200,-1899205,0,26139580,2636815,46967300,1210985,76954680,28712390,0,45132100,3110190,76954680
2023-08-28,4520,4705,4485,4605,68687,1.7679558011049725,7907,-618,-28329,21040,0,25937,0,18157,24593,68687,18030,618,46486,3553,68687,36282500,-2814990,-129563395,96095885,0,119072575,0,82877260,112479730,314429565,82790075,2814990,212440655,16383845,314429565
2023-08-29,4665,4665,4605,4650,41367,0.9771986970684038,11253,-2337,-7948,-968,0,20604,0,17757,3006,41367,9351,2337,25705,3974,41367,52265435,-10861400,-36941490,-4462545,0,95591380,0,82291895,13940925,191824200,43325945,10861400,119233385,18403470,191824200
2023-08-30,4620,4650,4595,4635,20857,-0.3225806451612903,935,35,-1933,963,0,5606,35,12880,2336,20857,4671,0,14813,1373,20857,4339210,162400,-8934955,4433345,0,25976950,162400,59568910,10800720,96508980,21637740,0,68503865,6367375,96508980
2023-08-31,4650,4650,4615,4640,20065,0.10787486515641855,-3312,879,7941,-5508,0,4140,879,15046,0,20065,7452,0,7105,5508,20065,-15318160,4065375,36744475,-25491690,0,19161765,4065375,69586355,0,92813495,34479925,0,32841880,25491690,92813495
2023-09-01,4650,4650,4610,4630,26222,-0.21551724137931033,-8985,0,8660,325,0,4611,0,20663,948,26222,13596,0,12003,623,26222,-41539890,0,40041485,1498405,0,21344670,0,95591855,4386105,121322630,62884560,0,55550370,2887700,121322630
2023-09-04,4635,4635,4495,4565,55816,-1.4038876889848813,-31413,663,36507,-5757,0,11243,663,43271,639,55816,42656,0,6764,6396,55816,-142194365,3012675,165510435,-26328745,0,50900065,3012675,196239725,2879060,253031525,193094430,0,30729290,29207805,253031525
2023-09-05,4580,4580,4455,4505,42164,-1.3143483023001095,-9459,580,14813,-5934,0,11007,580,28632,1945,42164,20466,0,13819,7879,42164,-42266075,2601300,66303390,-26638615,0,49400880,2601300,128333070,8708455,189043705,91666955,0,62029680,35347070,189043705
2023-09-06,4530,4530,4450,4490,35957,-0.3329633740288568,-7884,0,13918,-6034,0,14948,0,20685,324,35957,22832,0,6767,6358,35957,-35123605,0,62071220,-26947615,0,66815480,0,92335235,1446525,160597240,101939085,0,30264015,28394140,160597240
2023-09-07,4460,4490,4435,4480,29498,-0.22271714922048996,-4522,0,6710,-2188,0,13602,258,13371,2267,29498,18124,258,6661,4455,29498,-20023105,1290,29804265,-9782450,0,60714300,1149390,59551430,10099715,131514835,80737405,1148100,29747165,19882165,131514835
2023-09-08,4490,4490,4420,4485,48569,0.11160714285714285,-1448,1023,-10389,10814,0,18498,1023,18041,11007,48569,19946,0,28430,193,48569,-6419630,4571695,-46207015,48054950,0,82320330,4571695,80227265,48919830,216039120,88739960,0,126434280,864880,216039120
2023-09-11,4485,4490,4385,4400,114977,-1.89520624303233,-50265,528,48134,1603,0,39442,528,69979,5028,114977,89707,0,21845,3425,114977,-221717690,2329950,212213030,7174710,0,174598810,2329950,309079175,22276235,508284170,396316500,0,96866145,15101525,508284170
2023-09-12,4440,4440,4335,4340,83754,-1.3636363636363635,-27873,369,41121,-13617,0,33971,369,49389,25,83754,61844,0,8268,13642,83754,-121499195,1606590,179271365,-59378760,0,148161645,1606590,215349375,108875,365226485,269660840,0,36078010,59487635,365226485
2023-09-13,4435,4435,4335,4415,69981,1.7281105990783412,-26829,22804,-126,4151,0,18528,22804,21418,7231,69981,45357,0,21544,3080,69981,-117195515,99762995,-1065665,18498185,0,80977375,99762995,93321580,31896040,305957990,198172890,0,94387245,13397855,305957990
2023-09-14,4420,4440,4400,4420,33571,0.11325028312570783,-1239,1,322,916,0,17481,1,14220,1869,33571,18720,0,13898,953,33571,-5437515,4415,1378225,4054875,0,77216775,4415,62741195,8264825,148227210,82654290,0,61362970,4209950,148227210
2023-09-15,4450,4480,4415,4480,37681,1.3574660633484164,-7166,2964,-3287,7489,0,11271,2964,15922,7524,37681,18437,0,19209,35,37681,-31997825,13206165,-14657145,33448805,0,50301025,13206165,71138475,33604810,168250475,82298850,0,85795620,156005,168250475
2023-09-18,4435,4520,4430,4485,30515,0.11160714285714285,-6587,0,3296,3291,0,10055,0,16048,4412,30515,16642,0,12752,1121,30515,-29255865,0,14552175,14703690,0,44938510,0,71641960,19742490,136322960,74194375,0,57089785,5038800,136322960
2023-09-19,4540,4540,4450,4475,19825,-0.2229654403567447,-4147,0,4446,-299,0,8616,0,10576,633,19825,12763,0,6130,932,19825,-18539690,0,19886020,-1346330,0,38559330,0,47334200,2829790,88723320,57099020,0,27448180,4176120,88723320
2023-09-20,4445,4480,4445,4475,26997,0.0,1333,6118,-5285,-2166,0,16132,6118,4028,719,26997,14799,0,9313,2885,26997,5950475,27345440,-23614255,-9681660,0,71959885,27345440,17969950,3206400,120481675,66009410,0,41584205,12888060,120481675
2023-09-21,4445,4475,4420,4425,23837,-1.1173184357541899,-2682,4,3537,-859,0,8885,4,11939,3009,23837,11567,0,8402,3868,23837,-11868260,17760,15676535,-3826035,0,39448545,17760,52991675,13339975,105797955,51316805,0,37315140,17166010,105797955
2023-09-22,4440,4450,4395,4405,14577,-0.4519774011299435,-1095,1863,766,-1534,0,5653,1868,6712,344,14577,6748,5,5946,1878,14577,-4787865,8214275,3353500,-6779910,0,24957605,8236300,29614355,1515655,64323915,29745470,22025,26260855,8295565,64323915
2023-09-25,4495,4495,4390,4410,22351,0.11350737797956867,5313,-8230,3049,-132,0,9821,0,11195,1335,22351,4508,8230,8146,1467,22351,23486635,-36372190,13498950,-613395,0,43410310,0,49434480,5888360,98733150,19923675,36372190,35935530,6501755,98733150
2023-09-26,4410,4440,4390,4405,31580,-0.11337868480725624,8445,-12998,3793,760,0,10885,8090,10712,1893,31580,2440,21088,6919,1133,31580,37287650,-57360325,16724485,3348190,0,48030170,35576030,47160325,8343775,139110300,10742520,92936355,30435840,4995585,139110300
2023-09-27,4420,4480,4395,4475,27690,1.5891032917139614,12235,-7900,-10931,6596,0,13292,2000,4923,7475,27690,1057,9900,15854,879,27690,54168460,-34849630,-48404145,29085315,0,58837795,8800000,21836140,32997090,122471025,4669335,43649630,70240285,3911775,122471025
2023-10-04,4475,4475,4395,4440,30974,-0.782122905027933,3621,0,-1880,-1741,0,9230,0,20032,1712,30974,5609,0,21912,3453,30974,16097720,0,-8310975,-7786745,0,40929160,0,89071805,7564530,137565495,24831440,0,97382780,15351275,137565495
2023-10-05,4495,4495,4420,4435,14710,-0.11261261261261261,419,0,2173,-2592,0,4857,0,9204,649,14710,4438,0,7031,3241,14710,1892380,0,9668735,-11561115,0,21582030,0,40869170,2874115,65325315,19689650,0,31200435,14435230,65325315
2023-10-06,4495,4495,4410,4455,19392,0.4509582863585118,595,70,1262,-1927,0,5470,70,11430,2422,19392,4875,0,10168,4349,19392,2670070,311500,5669690,-8651260,0,24279495,311500,50782320,10693160,86066475,21609425,0,45112630,19344420,86066475
2023-10-10,4455,4455,4420,4435,12246,-0.44893378226711567,-4471,0,3001,1470,0,2071,0,8587,1588,12246,6542,0,5586,118,12246,-19776820,0,13268805,6508015,0,9170275,0,38018775,7030600,54219650,28947095,0,24749970,522585,54219650
2023-10-11,4490,4490,4430,4450,13543,0.3382187147688839,4006,0,513,-4519,0,6194,0,7349,0,13543,2188,0,6836,4519,13543,17868705,0,2255590,-20124295,0,27606880,0,32696105,0,60302985,9738175,0,30440515,20124295,60302985
2023-10-12,4495,4495,4445,4470,11154,0.44943820224719105,-3571,0,3886,-315,0,2060,0,8057,1037,11154,5631,0,4171,1352,11154,-15887140,0,17291605,-1404465,0,9175035,0,35856280,4616425,49647740,25062175,0,18564675,6020890,49647740
2023-10-13,4480,4500,4470,4500,31779,0.6711409395973155,1007,1256,1281,-3544,0,6023,1256,22816,1684,31779,5016,0,21535,5228,31779,4519610,5642205,5755130,-15916945,0,27003795,5642205,102293120,7554815,142493935,22484185,0,96537990,23471760,142493935
2023-10-16,4500,4550,4450,4550,29259,1.1111111111111112,-1753,2173,-11815,11395,0,6474,2173,9109,11503,29259,8227,0,20924,108,29259,-7921105,9837965,-53403900,51487040,0,29207675,9837965,41105045,51977025,132127710,37128780,0,94508945,489985,132127710
2023-10-17,4575,4575,4535,4555,14407,0.10989010989010989,3497,0,-6408,2911,0,6367,0,5003,3037,14407,2870,0,11411,126,14407,15919930,0,-29140765,13220835,0,28951055,0,22771930,13793710,65516695,13031125,0,51912695,572875,65516695
2023-10-18,4565,4565,4515,4560,13027,0.10976948408342481,6761,0,-5192,-1569,0,7053,0,5711,263,13027,292,0,10903,1832,13027,30681835,0,-23552400,-7129435,0,32011755,0,25906600,1194255,59112610,1329920,0,49459000,8323690,59112610
2023-10-19,4570,4570,4485,4535,15683,-0.5482456140350876,4385,0,179,-4564,0,8223,0,6488,972,15683,3838,0,6309,5536,15683,19901360,0,785470,-20686830,0,37204970,0,29283745,4371850,70860565,17303610,0,28498275,25058680,70860565
2023-10-20,4545,4545,4460,4500,17960,-0.7717750826901874,6012,0,-1093,-4919,0,8932,0,8403,625,17960,2920,0,9496,5544,17960,26981715,0,-4924695,-22057020,0,40069615,0,37599055,2798940,80467610,13087900,0,42523750,24855960,80467610
2023-10-23,4555,4555,4420,4445,24629,-1.2222222222222223,-3230,607,8764,-6141,0,7415,607,15823,784,24629,10645,0,7059,6925,24629,-14259615,2685975,38881935,-27308295,0,32947715,2685975,70178140,3481600,109293430,47207330,0,31296205,30789895,109293430
2023-10-24,4530,4530,4400,4440,32013,-0.11248593925759282,295,-980,-1233,1918,0,12398,20,11989,7606,32013,12103,1000,13222,5688,32013,1383510,-4323080,-5392950,8332520,0,54877285,88700,53104685,33616800,141687470,53493775,4411780,58497635,25284280,141687470
2023-10-25,4470,4570,4435,4570,45100,2.9279279279279278,23092,0,-28156,5064,0,34931,0,1381,8788,45100,11839,0,29537,3724,45100,105206510,0,-127817460,22610950,0,158723785,0,6250400,39451620,204425805,53517275,0,134067860,16840670,204425805
2023-10-26,4570,4570,4455,4495,18330,-1.6411378555798686,2819,0,842,-3661,0,11907,0,5194,1229,18330,9088,0,4352,4890,18330,12762980,0,3873420,-16636400,0,53795330,0,23462425,5522560,82780315,41032350,0,19589005,22158960,82780315
2023-10-27,4555,4555,4470,4500,14962,0.11123470522803114,-2470,1830,1816,-1176,0,6926,1830,5361,845,14962,9396,0,3545,2021,14962,-11015370,8220745,8121745,-5327120,0,31174640,8220745,24049745,3793365,67238495,42190010,0,15928000,9120485,67238495
2023-10-30,4565,4565,4475,4505,21300,0.1111111111111111,1358,0,4091,-5449,0,11730,0,8765,805,21300,10372,0,4674,6254,21300,6252025,0,18339605,-24591630,0,52811335,0,39321185,3612315,95744835,46559310,0,20981580,28203945,95744835
2023-10-31,4545,4570,4400,4510,24441,0.11098779134295228,-1031,12000,-6929,-4040,0,6980,12000,4653,808,24441,8011,0,11582,4848,24441,-4671095,54455105,-31338055,-18445955,0,31520565,54455105,20945640,3632630,110553940,36191660,0,52283695,22078585,110553940
2023-11-01,4560,4560,4505,4530,18871,0.4434589800443459,3526,1000,-3665,-861,0,11188,1000,6303,380,18871,7662,0,9968,1241,18871,16066050,4535000,-16686165,-3914885,0,50730550,4535000,28560165,1714185,85539900,34664500,0,45246330,5629070,85539900
2023-11-02,4565,4565,4520,4560,24427,0.6622516556291391,-711,626,-2154,2239,0,12111,626,8816,2874,24427,12822,0,10970,635,24427,-3110210,2829520,-9906915,10187605,0,55060330,2829520,39981910,13067110,110938870,58170540,0,49888825,2879505,110938870
2023-11-03,4595,4600,4560,4595,27532,0.7675438596491228,3199,0,-9900,6701,0,12661,0,8123,6748,27532,9462,0,18023,47,27532,14688715,0,-45385250,30696535,0,57974920,0,37239730,30912100,126126750,43286205,0,82624980,215565,126126750
2023-11-06,4600,4650,4580,4635,36506,0.8705114254624592,6573,450,-13298,6275,0,22230,450,7131,6695,36506,15657,0,20429,420,36506,30429630,2085750,-61486925,28971545,0,102800630,2085750,32884710,30902150,168673240,72371000,0,94371635,1930605,168673240
2023-11-07,4650,4650,4540,4615,22024,-0.4314994606256742,-4256,0,6211,-1955,0,8725,0,11994,1305,22024,12981,0,5783,3260,22024,-19412010,0,28516915,-9104905,0,40271845,0,55185005,5952225,101409075,59683855,0,26668090,15057130,101409075
2023-11-08,4640,4640,4575,4575,15170,-0.8667388949079089,-2109,5,1807,297,0,8050,5,6041,1074,15170,10159,0,4234,777,15170,-9676135,23075,8302245,1350815,0,37074670,23075,27813840,4934970,69846555,46750805,0,19511595,3584155,69846555
2023-11-09,4610,4635,4545,4630,21710,1.2021857923497268,-2072,73,-2088,4087,0,9409,73,7147,5081,21710,11481,0,9235,994,21710,-9435695,335800,-9646755,18746650,0,43240845,335800,32780470,23304120,99661235,52676540,0,42427225,4557470,99661235
2023-11-10,4635,4650,4610,4630,25196,0.0,7452,-5426,-4269,2243,0,10834,1641,8689,4032,25196,3382,7067,12958,1789,25196,34455380,-25124520,-19680070,10349210,0,50085765,7606025,40215325,18636860,116543975,15630385,32730545,59895395,8287650,116543975
2023-11-13,4630,4635,4590,4625,16735,-0.10799136069114472,-4904,-24,2615,2313,0,7920,414,5733,2668,16735,12824,438,3118,355,16735,-22574980,-112150,12036980,10650150,0,36521920,1915790,26426285,12290590,77154585,59096900,2027940,14389305,1640440,77154585
2023-11-14,4625,4650,4600,4630,25921,0.10810810810810811,8468,-2495,-6437,464,0,17309,0,7434,1178,25921,8841,2495,13871,714,25921,39298645,-11551850,-29882075,2135280,0,80106295,0,34316990,5437950,119861235,40807650,11551850,64199065,3302670,119861235
2023-11-15,4635,4700,4610,4700,22331,1.511879049676026,7841,150,-10421,2430,0,14971,150,4677,2533,22331,7130,0,15098,103,22331,36525405,695250,-48507160,11286505,0,69653225,695250,21724575,11769305,103842355,33127820,0,70231735,482800,103842355
2023-11-16,4700,4700,4650,4695,21479,-0.10638297872340426,2180,30,-2981,771,0,12731,30,7741,977,21479,10551,0,10722,206,21479,10219200,140450,-13966280,3606630,0,59694275,140450,36266115,4564920,100665760,49475075,0,50232395,958290,100665760
2023-11-17,4660,4695,4660,4680,10086,-0.3194888178913738,-2103,1700,1019,-616,0,4669,1700,3680,37,10086,6772,0,2661,653,10086,-9867880,7973000,4781445,-2886565,0,21893970,7973000,17244925,172740,47284635,31761850,0,12463480,3059305,47284635
2023-11-20,4700,4960,4640,4715,35234,0.7478632478632479,4869,0,-7842,2973,0,10796,0,20550,3888,35234,5927,0,28392,915,35234,23030715,0,-36916495,13885780,0,50926830,0,97410205,18232635,166569670,27896115,0,134326700,4346855,166569670
2023-11-21,4750,4780,4720,4780,44470,1.378579003181336,13360,4,-18871,5507,0,30352,4,8574,5540,44470,16992,0,27445,33,44470,63774210,19020,-90007190,26213960,0,144534515,19020,40750445,26370380,211674360,80760305,0,130757635,156420,211674360
2023-11-22,4790,4790,4760,4780,8017,0.0,-267,-2,626,-357,0,3699,0,4288,30,8017,3966,2,3662,387,8017,-1287025,-9530,3001285,-1704730,0,17648020,0,20473310,142950,38264280,18935045,9530,17472025,1847680,38264280
2023-11-23,4790,4800,4740,4785,26260,0.10460251046025104,9511,-2,-7045,-2464,0,20035,0,5866,359,26260,10524,2,12911,2823,26260,45339830,-9530,-33566775,-11763525,0,95544845,0,27996115,1710950,125251910,50205015,9530,61562890,13474475,125251910
2023-11-24,4815,4815,4770,4785,25706,0.0,3406,0,-1593,-1813,0,14638,0,10794,274,25706,11232,0,12387,2087,25706,16313405,0,-7644400,-8669005,0,70001660,0,51594190,1309375,122905225,53688255,0,59238590,9978380,122905225
2023-11-27,4790,4795,4725,4760,28139,-0.522466039707419,12028,1159,-12707,-480,0,18823,1159,7200,957,28139,6795,0,19907,1437,28139,57291925,5534225,-60525985,-2300165,0,89623285,5534225,34301040,4546835,134005385,32331360,0,94827025,6847000,134005385
2023-11-28,4785,4785,4740,4755,12291,-0.10504201680672269,3550,0,-3643,93,0,4701,0,7022,568,12291,1151,0,10665,475,12291,16878130,0,-17321095,442965,0,22347130,0,33380780,2698980,58426890,5469000,0,50701875,2256015,58426890
2023-11-29,4700,4735,4685,4720,21899,-0.7360672975814931,3759,568,-4161,-166,0,9224,568,10122,1985,21899,5465,0,14283,2151,21899,17709475,2675280,-19609910,-774845,0,43484565,2675280,47734765,9374635,103269245,25775090,0,67344675,10149480,103269245
2023-11-30,4740,4740,4700,4725,17219,0.1059322033898305,3676,0,-2786,-890,0,9454,0,7765,0,17219,5778,0,10551,890,17219,17364830,0,-13169605,-4195225,0,44583475,0,36585175,0,81168650,27218645,0,49754780,4195225,81168650
2023-12-01,4670,4755,4670,4725,26218,0.0,-333,38,-338,633,0,18894,38,5354,1932,26218,19227,0,5692,1299,26218,-1520565,179360,-1632545,2973750,0,89353270,179360,25332135,9117565,123982330,90873835,0,26964680,6143815,123982330
2023-12-04,4730,4730,4700,4720,23142,-0.10582010582010583,-1014,0,-274,1288,0,8219,0,13358,1565,23142,9233,0,13632,277,23142,-4746720,0,-1322535,6069255,0,38760900,0,62941405,7375660,109077965,43507620,0,64263940,1306405,109077965
2023-12-05,4760,4760,4695,4725,21170,0.1059322033898305,181,0,-408,227,0,14363,0,5796,1011,21170,14182,0,6204,784,21170,879810,0,-1938415,1058605,0,67706430,0,27322180,4759705,99788315,66826620,0,29260595,3701100,99788315
2023-12-06,4725,4770,4700,4770,31862,0.9523809523809524,2680,0,-4376,1696,0,21647,0,8249,1966,31862,18967,0,12625,270,31862,12770195,0,-20786110,8015915,0,102338560,0,38985335,9289995,150613890,89568365,0,59771445,1274080,150613890
2023-12-07,4780,4785,4700,4765,28414,-0.10482180293501049,-133,1,1729,-1597,0,14241,1,13048,1124,28414,14374,0,11319,2721,28414,-461615,4755,8051355,-7594495,0,67627725,4755,61938075,5317035,134887590,68089340,0,53886720,12911530,134887590
2023-12-08,4795,4795,4705,4730,21369,-0.7345225603357817,-10990,1000,11084,-1094,0,7068,1000,13220,81,21369,18058,0,2136,1175,21369,-51882175,4730000,52326850,-5174675,0,33384155,4730000,62438970,381715,100934840,85266330,0,10112120,5556390,100934840
2023-12-11,4735,4755,4700,4755,26594,0.5285412262156448,3908,-669,-1800,-1439,0,19489,379,6494,232,26594,15581,1048,8294,1671,26594,18555295,-3151995,-8594250,-6809050,0,92133095,1794565,30682510,1095460,125705630,73577800,4946560,39276760,7904510,125705630
2023-12-12,4785,4785,4740,4755,16953,0.0,5978,262,-2635,-3605,0,10001,262,6690,0,16953,4023,0,9325,3605,16953,28444825,1249740,-12482865,-17211700,0,47602375,1249740,31899080,0,80751195,19157550,0,44381945,17211700,80751195
2023-12-13,4790,4790,4710,4730,13908,-0.5257623554153523,830,0,-805,-25,0,10600,0,3241,67,13908,9770,0,4046,92,13908,3918580,0,-3797435,-121145,0,50176460,0,15334420,316275,65827155,46257880,0,19131855,437420,65827155
2023-12-14,4745,4780,4740,4750,14580,0.42283298097251587,4362,0,-4200,-162,0,6698,0,7865,17,14580,2336,0,12065,179,14580,20791420,0,-20018645,-772775,0,31919150,0,37462520,80965,69462635,11127730,0,57481165,853740,69462635
2023-12-15,4785,4790,4755,4785,20792,0.7368421052631579,554,550,-1642,538,0,9764,550,9828,650,20792,9210,0,11470,112,20792,2684640,2623500,-7871630,2563490,0,46658665,2623500,46913575,3098800,99294540,43974025,0,54785205,535310,99294540
2023-12-18,4785,4790,4630,4695,83289,-1.8808777429467085,-16663,5004,18223,-6564,0,44487,5004,33794,4,83289,61150,0,15571,6568,83289,-77599390,23318665,85112635,-30831910,0,208820090,23318665,158093325,18640,390250720,286419480,0,72980690,30850550,390250720
2023-12-19,4695,4710,4640,4640,39864,-1.1714589989350372,-2475,0,6257,-3782,0,23210,0,16624,30,39864,25685,0,10367,3812,39864,-11219130,0,28882260,-17663130,0,108227965,0,77248965,139650,185616580,119447095,0,48366705,17802780,185616580
2023-12-20,4640,4710,4620,4655,30151,0.3232758620689655,2194,0,-3284,1090,0,22127,0,6223,1801,30151,19933,0,9507,711,30151,10254935,0,-15322905,5067970,0,102992885,0,28901350,8374670,140268905,92737950,0,44224255,3306700,140268905
2023-12-21,4655,4680,4610,4640,37396,-0.322234156820623,-4697,1500,4239,-1042,0,17106,1500,18610,180,37396,21803,0,14371,1222,37396,-21678935,6930000,19580970,-4832035,0,79195010,6930000,86058870,833295,173017175,100873945,0,66477900,5665330,173017175
2023-12-22,4645,4645,4620,4630,28238,-0.21551724137931033,745,-850,1296,-1191,0,14421,690,13113,14,28238,13676,1540,11817,1205,28238,3457355,-3934700,5989060,-5511715,0,66704210,3187800,60651075,64830,130607915,63246855,7122500,54662015,5576545,130607915
2023-12-26,4610,4650,4610,4650,24392,0.4319654427645789,-240,0,1658,-1418,0,11444,0,12047,901,24392,11684,0,10389,2319,24392,-1076575,0,7639655,-6563080,0,53095745,0,55840275,4184320,113120340,54172320,0,48200620,10747400,113120340
2023-12-27,4650,4665,4630,4650,30609,0.0,3690,0,-4161,471,0,13158,0,16531,920,30609,9468,0,20692,449,30609,17122675,0,-19306315,2183640,0,61127540,0,76812480,4269005,142209025,44004865,0,96118795,2085365,142209025
2023-12-28,4670,4670,4625,4650,15112,0.0,2002,200,-2567,365,0,4941,200,9466,505,15112,2939,0,12033,140,15112,9296615,926000,-11912175,1689560,0,22906920,926000,43905975,2339890,70078785,13610305,0,55818150,650330,70078785
2024-01-02,4670,4695,4645,4675,30019,0.5376344086021506,1550,0,-857,-693,0,12961,0,16476,582,30019,11411,0,17333,1275,30019,7217970,0,-3969290,-3248680,0,60514010,0,77011680,2712340,140238030,53296040,0,80980970,5961020,140238030
2024-01-03,4680,4710,4675,4695,52369,0.42780748663101603,10251,0,-17004,6753,0,13335,0,32264,6770,52369,3084,0,49268,17,52369,48085020,0,-79804570,31719550,0,62561685,0,151198320,31799105,245559110,14476665,0,231002890,79555,245559110
2024-01-04,4710,4760,4625,4730,41486,0.7454739084132056,-7619,10000,-8107,5726,0,8730,10000,17008,5748,41486,16349,0,25115,22,41486,-36106130,47446770,-38365120,27024480,0,41210875,47446770,80360535,27128170,196146350,77317005,0,118725655,103690,196146350
2024-01-05,4690,4745,4690,4740,27198,0.21141649048625794,6081,0,-5168,-913,0,14948,0,11051,1199,27198,8867,0,16219,2112,27198,28814160,0,-24499430,-4314730,0,70678885,0,52219070,5655125,128553080,41864725,0,76718500,9969855,128553080
2024-01-08,4745,4780,4715,4735,8488,-0.10548523206751054,2032,0,-1292,-740,0,4810,0,3661,17,8488,2778,0,4953,757,8488,9657215,0,-6139420,-3517795,0,22820045,0,17328695,80410,40229150,13162830,0,23468115,3598205,40229150
2024-01-09,4755,4765,4735,4745,29611,0.21119324181626187,8774,-3580,-4759,-435,0,11198,0,16813,1600,29611,2424,3580,21572,2035,29611,41740140,-17023635,-22642735,-2073770,0,53269270,0,79974295,7600535,140844100,11529130,17023635,102617030,9674305,140844100
2024-01-10,4770,4770,4740,4755,15275,0.21074815595363539,-2553,-1530,4189,-106,0,4002,0,10825,448,15275,6555,1530,6636,554,15275,-12157200,-7271015,19928560,-500345,0,19030035,0,51438190,2128935,72597160,31187235,7271015,31509630,2629280,72597160
2024-01-11,4785,4785,4730,4730,11440,-0.5257623554153523,-1051,-775,1747,79,0,3597,242,6329,1272,11440,4648,1017,4582,1193,11440,-4974595,-3667695,8271890,370400,0,17052045,1151920,30008340,6028185,54240490,22026640,4819615,21736450,5657785,54240490
2024-01-12,4730,4755,4660,4710,23347,-0.42283298097251587,1287,-1276,438,-449,0,16995,0,5709,643,23347,15708,1276,5271,1092,23347,6125060,-6033090,2046460,-2138430,0,80176805,0,26919305,3018270,110114380,74051745,6033090,24872845,5156700,110114380
2024-01-15,4715,4715,4660,4675,35300,-0.743099787685775,-11162,-1936,12665,433,0,13194,256,20862,988,35300,24356,2192,8197,555,35300,-52037000,-9043680,59083700,1996980,0,61665390,1194305,97331895,4609560,164801150,113702390,10237985,38248195,2612580,164801150
2024-01-16,4655,4675,4635,4640,86337,-0.7486631016042781,42635,-60536,18488,-587,0,63744,17,22557,19,86337,21109,60553,4069,606,86337,198093570,-281189210,85836445,-2740805,0,296133440,79205,104746690,88330,401047665,98039870,281268415,18910245,2829135,401047665
2024-01-17,4650,4650,4575,4600,30744,-0.8620689655172413,3309,-2993,321,-637,0,9981,304,19921,538,30744,6672,3297,19600,1175,30744,15191190,-13749585,1489345,-2930950,0,45899810,1397035,91652355,2473685,141422885,30708620,15146620,90163010,5404635,141422885
2024-01-18,4500,4625,4500,4610,16380,0.21739130434782608,903,-1711,1164,-356,0,9515,0,6740,125,16380,8612,1711,5576,481,16380,4131075,-7803465,5310200,-1637810,0,43397865,0,30697775,567685,74663325,39266790,7803465,25387575,2205495,74663325
2024-01-19,4610,4670,4565,4630,21427,0.43383947939262474,2175,-2660,3191,-2706,0,6989,0,14212,226,21427,4814,2660,11021,2932,21427,10055515,-12295300,14755120,-12515335,0,32279910,0,65661470,1043100,98984480,22224395,12295300,50906350,13558435,98984480
2024-01-22,4630,4630,4575,4615,23895,-0.32397408207343414,245,-2629,1486,898,0,12241,0,10497,1157,23895,11996,2629,9011,259,23895,1209600,-12083820,6757655,4116565,0,56294705,0,48206225,5310080,109811010,55085105,12083820,41448570,1193515,109811010
2024-01-23,4625,4635,4500,4630,14957,0.3250270855904659,-369,-1410,1822,-43,0,6563,0,7896,498,14957,6932,1410,6074,541,14957,-1705295,-6500660,8421135,-215180,0,30353565,0,36421170,2286095,69060830,32058860,6500660,28000035,2501275,69060830
2024-01-24,4625,4650,4600,4650,43628,0.4319654427645789,12309,-3997,-14005,5693,0,24537,3,13174,5914,43628,12228,4000,27179,221,43628,56827925,-18473465,-64659030,26304570,0,113388055,13890,60901410,27321190,201624545,56560130,18487355,125560440,1016620,201624545
2024-01-25,4685,4685,4625,4640,15805,-0.21505376344086022,-5027,-1928,7143,-188,0,5464,0,10024,317,15805,10491,1928,2881,505,15805,-23266265,-8935495,33076575,-874815,0,25324185,0,46432385,1469105,73225675,48590450,8935495,13355810,2343920,73225675
2024-01-26,4690,4690,4620,4650,16423,0.21551724137931033,827,-2017,3147,-1957,0,8374,0,8049,0,16423,7547,2017,4902,1957,16423,3837850,-9345995,14573845,-9065700,0,38803305,0,37294610,0,76097915,34965455,9345995,22720765,9065700,76097915
2024-01-29,4675,4740,4635,4730,27897,1.7204301075268817,12923,-3503,-5837,-3583,0,18436,0,7631,1830,27897,5513,3503,13468,5413,27897,60907490,-16449160,-27516210,-16942120,0,86649610,0,35613225,8532655,130795490,25742120,16449160,63129435,25474775,130795490
2024-01-30,4735,4735,4680,4680,31876,-1.0570824524312896,-555,-5668,6132,91,0,14613,0,16999,264,31876,15168,5668,10867,173,31876,-2533455,-26681980,28791080,424355,0,68814325,0,79966815,1238935,150020075,71347780,26681980,51175735,814580,150020075
2024-01-31,4715,4750,4670,4680,39951,0.0,12038,-10598,-2814,1374,0,25376,0,11823,2752,39951,13338,10598,14637,1378,39951,56628150,-49829945,-13227390,6429185,0,119400240,0,55632920,12936645,187969805,62772090,49829945,68860310,6507460,187969805
2024-02-01,4685,4740,4670,4670,36615,-0.2136752136752137,-7099,0,-55,7154,0,10888,0,17937,7790,36615,17987,0,17992,636,36615,-33235875,0,-324545,33560420,0,51114500,0,84120365,36548550,171783415,84350375,0,84444910,2988130,171783415
2024-02-02,4715,4800,4680,4795,95760,2.676659528907923,54425,0,-67703,13278,0,71834,0,9135,14791,95760,17409,0,76838,1513,95760,258926635,0,-322100340,63173705,0,341576830,0,43360695,70343890,455281415,82650195,0,365461035,7170185,455281415
2024-02-05,4795,4850,4770,4840,50040,0.9384775808133473,4726,0,-21434,16708,0,19816,0,13123,17101,50040,15090,0,34557,393,50040,22461040,0,-102845390,80384350,0,95179210,0,63092565,82268710,240540485,72718170,0,165937955,1884360,240540485
2024-02-06,4850,4865,4700,4785,59945,-1.1363636363636365,17678,450,-26195,8067,0,24885,450,21456,13154,59945,7207,0,47651,5087,59945,85450515,2175750,-125741135,38114870,0,120320205,2175750,103273410,62729600,288498965,34869690,0,229014545,24614730,288498965
2024-02-07,4820,4820,4760,4810,15935,0.522466039707419,166,170,1433,-1769,0,6207,170,8435,1123,15935,6041,0,7002,2892,15935,763040,809200,6900605,-8472845,0,29754850,809200,40481200,5390890,76436140,28991810,0,33580595,13863735,76436140
2024-02-08,4815,4835,4800,4825,27439,0.31185031185031187,13441,0,-14418,977,0,18475,0,6297,2667,27439,5034,0,20715,1690,27439,64818450,0,-69492695,4674245,0,89103845,0,30304060,12823880,132231785,24285395,0,99796755,8149635,132231785
2024-02-13,4825,4870,4825,4855,37937,0.6217616580310881,2667,0,-5938,3271,0,20636,0,12753,4548,37937,17969,0,18691,1277,37937,12948660,0,-28787285,15838625,0,100135570,0,61903950,22037480,184077000,87186910,0,90691235,6198855,184077000
2024-02-14,4845,4855,4800,4835,58263,-0.4119464469618949,10455,0,-16715,6260,0,31855,0,18952,7456,58263,21400,0,35667,1196,58263,50460775,0,-80665980,30205205,0,153830635,0,91555660,35975985,281362280,103369860,0,172221640,5770780,281362280
2024-02-15,4850,4895,4835,4875,35070,0.8273009307135472,11303,-5800,-9792,4289,0,17845,200,12251,4774,35070,6542,6000,22043,485,35070,55057020,-28328680,-47646230,20917890,0,86908220,970000,59621445,23272335,170772000,31851200,29298680,107267675,2354445,170772000
2024-02-16,4875,4895,4860,4880,44123,0.10256410256410256,-10570,0,3767,6803,0,16874,0,20340,6909,44123,27444,0,16573,106,44123,-51599900,0,18358690,33241210,0,82440940,0,99348330,33758645,215547915,134040840,0,80989640,517435,215547915
2024-02-19,4885,4965,4885,4945,49733,1.331967213114754,-11531,0,7320,4211,0,2895,0,39805,7033,49733,14426,0,32485,2822,49733,-57022330,0,36207945,20814385,0,14269800,0,196507300,34731125,245508225,71292130,0,160299355,13916740,245508225
2024-02-20,4980,4985,4925,4930,46083,-0.3033367037411527,-1234,0,8411,-7177,0,16796,0,27906,1381,46083,18030,0,19495,8558,46083,-5940750,0,41440100,-35499350,0,83251405,0,138092540,6859650,228203595,89192155,0,96652440,42359000,228203595
2024-02-21,4930,4950,4925,4925,17093,-0.10141987829614604,-483,0,3089,-2606,0,5953,0,9853,1287,17093,6436,0,6764,3893,17093,-2392140,0,15253080,-12860940,0,29426350,0,48669885,6358715,84454950,31818490,0,33416805,19219655,84454950
2024-02-22,4925,4965,4925,4955,28804,0.6091370558375634,2425,0,-1539,-886,0,9891,0,17275,1638,28804,7466,0,18814,2524,28804,12014515,0,-7615160,-4399355,0,48960450,0,85558670,8103390,142622510,36945935,0,93173830,12502745,142622510
2024-02-23,4960,4975,4855,4955,48378,0.0,-899,0,-7350,8249,0,13771,0,25849,8758,48378,14670,0,33199,509,48378,-4523905,0,-36376085,40899990,0,68268715,0,128164490,43415010,239848215,72792620,0,164540575,2515020,239848215
2024-02-26,4975,4995,4955,4990,33738,0.7063572149344097,5958,-168,-12970,7180,0,9604,0,16031,8103,33738,3646,168,29001,923,33738,29721605,-838320,-64686305,35803020,0,47870645,0,79908085,40396985,168175715,18149040,838320,144594390,4593965,168175715
2024-02-27,4990,4995,4955,4970,40491,-0.4008016032064128,-2799,937,14943,-13081,0,9535,2000,28481,475,40491,12334,1063,13538,13556,40491,-13965715,4635285,74352905,-65022475,0,47370750,9939655,141687915,2363870,201362190,61336465,5304370,67335010,67386345,201362190
2024-02-28,4930,4930,4890,4905,79047,-1.30784708249497,6873,-1189,-101,-5583,0,30140,2151,43799,2957,79047,23267,3340,43900,8540,79047,33698030,-5828635,-502225,-27367170,0,147789565,10538655,214789305,14512900,387630425,114091535,16367290,215291530,41880070,387630425
2024-02-29,4915,4915,4880,4910,35220,0.10193679918450561,-1136,1915,2403,-3182,0,13010,1915,20240,55,35220,14146,0,17837,3237,35220,-5486975,9354850,11728595,-15596470,0,63788055,9354850,99186325,269220,172598450,69275030,0,87457730,15865690,172598450
2024-03-04,4920,4950,4915,4940,30859,0.6109979633401221,4245,0,-4530,285,0,13343,0,16978,538,30859,9098,0,21508,253,30859,20978160,0,-22382190,1404030,0,65948675,0,83873615,2655545,152477835,44970515,0,106255805,1251515,152477835
2024-03-05,4950,4975,4870,4975,95109,0.708502024291498,46508,0,-53640,7132,0,65283,0,21452,8374,95109,18775,0,75092,1242,95109,230281155,0,-265618645,35337490,0,323254575,0,105956755,41485750,470697080,92973420,0,371575400,6148260,470697080
2024-03-06,4995,5050,4975,5030,101021,1.105527638190955,-6868,11313,-32405,27960,0,31940,11511,20962,36608,101021,38808,198,53367,8648,101021,-34363085,56785290,-162758845,140336640,0,160763855,57781230,105369180,183775560,507689825,195126940,995940,268128025,43438920,507689825
2024-03-07,5070,5090,5000,5040,61764,0.19880715705765406,-8714,8267,-191,638,0,19952,8267,29059,4486,61764,28666,0,29250,3848,61764,-43773360,41764720,-1192610,3201250,0,100616300,41764720,146187620,22625920,311194560,144389660,0,147380230,19424670,311194560
2024-03-08,5070,5080,5020,5020,26131,-0.3968253968253968,2351,0,-1253,-1098,0,12653,0,11224,2254,26131,10302,0,12477,3352,26131,11885580,0,-6338930,-5546650,0,63730450,0,56487050,11333680,131551180,51844870,0,62825980,16880330,131551180
2024-03-11,5030,5090,5010,5080,52455,1.1952191235059761,-9920,0,7419,2501,0,15034,0,30492,6929,52455,24954,0,23073,4428,52455,-49830730,0,37261110,12569620,0,76111310,0,154136940,34955890,265204140,125942040,0,116875830,22386270,265204140
2024-03-12,5100,5100,5040,5060,37242,-0.39370078740157477,-1012,0,9646,-8634,0,10730,0,26321,191,37242,11742,0,16675,8825,37242,-5046600,0,48767000,-43720400,0,54326640,0,133173760,966070,188466470,59373240,0,84406760,44686470,188466470
2024-03-13,5080,5080,4950,4990,73245,-1.383399209486166,10399,-6,-7032,-3361,0,25904,0,37838,9503,73245,15505,6,44870,12864,73245,51956820,-29970,-34781565,-17145285,0,129637825,0,189662395,47370925,366671145,77681005,29970,224443960,64516210,366671145
2024-03-14,4975,5010,4975,5010,41851,0.4008016032064128,-24974,0,3432,21542,0,4747,0,15260,21844,41851,29721,0,11828,302,41851,-124776985,0,17140075,107636910,0,23701250,0,76237565,109142595,209081410,148478235,0,59097490,1505685,209081410
2024-03-15,5030,5030,4965,5000,33287,-0.19960079840319359,5091,200,-12405,7114,0,13084,200,12533,7470,33287,7993,0,24938,356,33287,25406305,997000,-61931625,35528320,0,65360755,997000,62637845,37313330,166308930,39954450,0,124569470,1785010,166308930
2024-03-18,5050,5060,4910,4990,48943,-0.2,9850,438,-5674,-4614,0,17312,438,25422,5771,48943,7462,0,31096,10385,48943,49083295,2185620,-28349450,-22919465,0,86303270,2185620,126545265,28711355,243745510,37219975,0,154894715,51630820,243745510
2024-03-19,5000,5000,4975,4990,33496,0.0,-1260,320,3121,-2181,0,21174,320,10615,1387,33496,22434,0,7494,3568,33496,-6301860,1596575,15574915,-10869630,0,105723145,1596575,52976550,6922320,167218590,112025005,0,37401635,17791950,167218590
2024-03-20,4990,5020,4950,4950,50341,-0.8016032064128256,4884,1030,-6515,601,0,19583,1030,21007,8721,50341,14699,0,27522,8120,50341,24391035,5124250,-32337240,2821955,0,97450180,5124250,104416705,43296800,250287935,73059145,0,136753945,40474845,250287935
2024-03-21,4950,4970,4930,4960,50419,0.20202020202020202,-11293,0,14047,-2754,0,12269,0,33692,4458,50419,23562,0,19645,7212,50419,-55821245,0,69492685,-13671440,0,60700630,0,166610190,22042710,249353530,116521875,0,97117505,35714150,249353530
2024-03-22,4960,5040,4950,5030,44828,1.411290322580645,2798,1000,-18264,14466,0,12806,1000,12654,18368,44828,10008,0,30918,3902,44828,13934190,4990000,-91366460,72442270,0,63982445,4990000,63029390,91902825,223904660,50048255,0,154395850,19460555,223904660
2024-03-25,5030,5050,4960,5040,66141,0.19880715705765406,10273,3811,-33038,18954,0,24937,3811,14293,23100,66141,14664,0,47331,4146,66141,51556575,19089390,-165066090,94420125,0,124889280,19089390,71605500,115221795,330805965,73332705,0,236671590,20801670,330805965
2024-03-26,5060,5060,5000,5040,32632,0.0,-5057,445,9422,-4810,0,6326,445,23144,2717,32632,11383,0,13722,7527,32632,-25352930,2229450,47423710,-24300230,0,31802630,2229450,116448180,13634160,164114420,57155560,0,69024470,37934390,164114420
2024-03-27,5060,5060,4995,5000,26810,-0.7936507936507936,12663,0,-10511,-2152,0,14437,0,12338,35,26810,1774,0,22849,2187,26810,63458745,0,-52673425,-10785320,0,72342030,0,61777825,175440,134295295,8883285,0,114451250,10960760,134295295
2024-03-28,4990,5000,4970,4985,38680,-0.3,-11975,2689,12825,-3539,0,6101,2689,29453,437,38680,18076,0,16628,3976,38680,-59663525,13399880,63921760,-17658115,0,30398105,13399880,146731995,2175325,192705305,90061630,0,82810235,19833440,192705305
2024-03-29,4990,4990,4960,4985,30219,0.0,2942,86,2144,-5172,0,7288,86,22805,40,30219,4346,0,20661,5212,30219,14607410,427090,10699260,-25733760,0,36217110,427090,113409795,199250,150253245,21609700,0,102710535,25933010,150253245
2024-04-01,4985,4985,4900,4940,97152,-0.9027081243731194,-9825,-1635,25748,-14288,0,46121,365,43514,7152,97152,55946,2000,17766,21440,97152,-48411660,-8019825,126956470,-70524985,0,227720265,1800175,214836110,35421425,479777975,276131925,9820000,87879640,105946410,479777975
2024-04-02,4985,4985,4880,4910,75406,-0.6072874493927125,-24434,-1477,20107,5804,0,36950,8,25668,12780,75406,61384,1485,5561,6976,75406,-119490740,-7264950,98477465,28278225,0,181044305,39160,125751735,62554070,369389270,300535045,7304110,27274270,34275845,369389270
2024-04-03,4910,4930,4880,4900,84155,-0.20366598778004072,-30659,21255,2425,6979,0,20691,34062,11936,17466,84155,51350,12807,9511,10487,84155,-150303225,104190435,11920865,34191925,0,101467715,167078840,58528010,85616145,412690710,251770940,62888405,46607145,51424220,412690710
2024-04-04,4935,4935,4850,4855,80432,-0.9183673469387756,-32446,255,41220,-9029,0,22493,255,56530,1154,80432,54939,0,15310,10183,80432,-157806655,1247250,200556105,-43996700,0,109513480,1247250,275067135,5617300,391445165,267320135,0,74511030,49614000,391445165
2024-04-05,4880,4880,4820,4820,45011,-0.7209062821833162,4577,-1860,-164,-2553,0,18765,4164,21003,1079,45011,14188,6024,21167,3632,45011,22244180,-9053190,-787550,-12403440,0,90899765,20251190,101533455,5225990,217910400,68655585,29304380,102321005,17629430,217910400
2024-04-08,4875,4875,4810,4845,30864,0.5186721991701244,2752,-8543,439,5352,0,18969,0,6222,5673,30864,16217,8543,5783,321,30864,13287485,-41274955,2117235,25870235,0,91623510,0,30064465,27424775,149112750,78336025,41274955,27947230,1554540,149112750
2024-04-09,4815,4860,4815,4860,33412,0.30959752321981426,4154,-737,-3754,337,0,16366,2502,11043,3501,33412,12212,3239,14797,3164,33412,20154315,-3591145,-18161265,1598095,0,79171405,12089670,53339715,16903495,161504285,59017090,15680815,71500980,15305400,161504285
2024-04-11,4830,4895,4825,4895,19607,0.720164609053498,2643,0,-1292,-1351,0,8100,0,10475,1032,19607,5457,0,11767,2383,19607,12813470,0,-6248530,-6564940,0,39274550,0,50831255,4998830,95104635,26461080,0,57079785,11563770,95104635
2024-04-12,4895,4925,4855,4910,37440,0.30643513789581206,7844,60,-3663,-4241,0,13246,60,21773,2361,37440,5402,0,25436,6602,37440,38364455,293550,-17897490,-20760515,0,64856115,293550,106776015,11541030,183466710,26491660,0,124673505,32301545,183466710
2024-04-15,4930,4930,4875,4930,9973,0.40733197556008144,3899,0,-2175,-1724,0,5905,0,3779,289,9973,2006,0,5954,2013,9973,19106380,0,-10648705,-8457675,0,28942285,0,18494840,1410320,48847445,9835905,0,29143545,9867995,48847445
2024-04-16,4930,4930,4820,4840,37145,-1.8255578093306288,5683,150,6215,-12048,0,17157,150,17305,2533,37145,11474,0,11090,14581,37145,27736155,729750,30205520,-58671425,0,83422355,729750,84221140,12304250,180677495,55686200,0,54015620,70975675,180677495
2024-04-17,4900,4900,4765,4780,52386,-1.2396694214876034,6826,60,177,-7063,0,17837,60,32652,1837,52386,11011,0,32475,8900,52386,32803740,288750,902330,-33994820,0,85592320,288750,156354650,8777790,251013510,52788580,0,155452320,42772610,251013510
2024-04-18,4815,4900,4790,4800,12551,0.41841004184100417,2278,0,330,-2608,0,8142,0,4238,171,12551,5864,0,3908,2779,12551,11060405,0,1534370,-12594775,0,39298045,0,20416965,823735,60538745,28237640,0,18882595,13418510,60538745
2024-04-19,4855,4855,4810,4840,12146,0.8333333333333334,3467,25,-2730,-762,0,6527,25,4013,1581,12146,3060,0,6743,2343,12146,16758345,120250,-13215115,-3663480,0,31541570,120250,19387550,7649005,58698375,14783225,0,32602665,11312485,58698375
2024-04-22,4790,4910,4790,4865,20546,0.5165289256198348,6196,0,-2326,-3870,0,10846,0,7102,2598,20546,4650,0,9428,6468,20546,30296025,0,-11367585,-18928440,0,52994695,0,34642490,12680045,100317230,22698670,0,46010075,31608485,100317230
2024-04-23,4865,4890,4850,4855,14723,-0.20554984583761562,601,0,474,-1075,0,7759,0,5908,1056,14723,7158,0,5434,2131,14723,2948390,0,2308215,-5256605,0,37806710,0,28757905,5137455,71702070,34858320,0,26449690,10394060,71702070
2024-04-24,4880,4940,4860,4915,21272,1.235839340885685,1238,0,-5222,3984,0,8565,0,6525,6182,21272,7327,0,11747,2198,21272,6078250,0,-25602910,19524660,0,41980085,0,31954205,30293570,104227860,35901835,0,57557115,10768910,104227860
2024-04-25,4915,4925,4880,4905,20791,-0.20345879959308238,706,60,-3949,3183,0,7580,60,9576,3575,20791,6874,0,13525,392,20791,3532670,294450,-19375880,15548760,0,37200380,294450,46927130,17475960,101897920,33667710,0,66303010,1927200,101897920
2024-04-26,4905,4935,4890,4930,19857,0.509683995922528,7799,0,-3303,-4496,0,10030,0,8839,988,19857,2231,0,12142,5484,19857,38346925,0,-16212060,-22134865,0,49322815,0,43496470,4850380,97669665,10975890,0,59708530,26985245,97669665
2024-04-29,4940,4940,4905,4940,18559,0.2028397565922921,3290,60,-3128,-222,0,4442,60,14057,0,18559,1152,0,17185,222,18559,16165885,294750,-15366000,-1094635,0,21828135,294750,69146550,0,91269435,5662250,0,84512550,1094635,91269435
2024-04-30,4935,4955,4930,4940,13665,0.0,2007,0,-1556,-451,0,3629,0,10036,0,13665,1622,0,11592,451,13665,9914320,0,-7686395,-2227925,0,17924440,0,49546625,0,67471065,8010120,0,57233020,2227925,67471065
2024-05-02,4940,4960,4870,4920,58607,-0.4048582995951417,-8827,1006,7886,-65,0,19796,1006,31619,6186,58607,28623,0,23733,6251,58607,-43186290,4899460,38648705,-361875,0,96966935,4899460,154792510,30326005,286984910,140153225,0,116143805,30687880,286984910
2024-05-03,4965,4965,4915,4940,15436,0.40650406504065045,2962,-21,-898,-2043,0,5235,0,9732,469,15436,2273,21,10630,2512,15436,14608235,-104120,-4423980,-10080135,0,25823795,0,48008400,2310020,76142215,11215560,104120,52432380,12390155,76142215
2024-05-07,4920,4955,4920,4930,20322,-0.20242914979757085,-2223,0,3077,-854,0,6499,0,13823,0,20322,8722,0,10746,854,20322,-10966030,0,15172025,-4205995,0,32028100,0,68169455,0,100197555,42994130,0,52997430,4205995,100197555
2024-05-08,4940,4960,4920,4960,25873,0.6085192697768762,-591,300,-5303,5594,0,5400,300,14077,6096,25873,5991,0,19380,502,25873,-2933525,1476000,-26163655,27621180,0,26645015,1476000,69411360,30097005,127629380,29578540,0,95575015,2475825,127629380
2024-05-09,4960,5010,4950,5010,32602,1.0080645161290323,-1378,1835,-5552,5095,0,9038,1835,15502,6227,32602,10416,0,21054,1132,32602,-6744175,9129350,-27723905,25338730,0,44986315,9129350,76959025,30967390,162042080,51730490,0,104682930,5628660,162042080
2024-05-10,5010,5020,4990,5010,43438,0.0,2862,-1669,248,-1441,0,10623,665,30217,1933,43438,7761,2334,29969,3374,43438,14331815,-8351050,1192485,-7173250,0,53118760,3329780,151097710,9684310,217230560,38786945,11680830,149905225,16857560,217230560
2024-05-13,5010,5010,4975,5010,44997,0.0,-12017,-31,18138,-6090,0,4208,0,40758,31,44997,16225,31,22620,6121,44997,-60081180,-155310,90685490,-30449000,0,21036680,0,203872420,154995,225064095,81117860,155310,113186930,30603995,225064095
2024-05-14,5010,5010,4985,5000,23572,-0.19960079840319359,-3806,0,5054,-1248,0,4236,0,19254,82,23572,8042,0,14200,1330,23572,-18964630,0,25215030,-6250400,0,21161070,0,96105355,410340,117676765,40125700,0,70890325,6660740,117676765
2024-05-16,5000,5020,4980,4995,29239,-0.1,-2063,0,914,1149,0,3774,0,22996,2469,29239,5837,0,22082,1320,29239,-10310000,0,4553790,5756210,0,18889430,0,115000790,12345090,146235310,29199430,0,110447000,6588880,146235310
2024-05-17,4995,5020,4990,5020,34039,0.5005005005005005,-5421,-1335,4359,2397,0,9031,0,19630,5378,34039,14452,1335,15271,2981,34039,-27024345,-6675000,21694310,12005035,0,45168645,0,98038865,26880380,170087890,72192990,6675000,76344555,14875345,170087890
2024-05-20,5030,5050,5020,5020,44690,0.0,-7632,200,-1309,8741,0,11720,200,23979,8791,44690,19352,0,25288,50,44690,-38318980,1008000,-6667230,43978210,0,58957200,1008000,120622440,44229970,224817610,97276180,0,127289670,251760,224817610
2024-05-21,5030,5050,5000,5020,43851,0.0,3807,-3942,2646,-2511,0,17339,0,23076,3436,43851,13532,3942,20430,5947,43851,19081310,-19828260,13356470,-12609520,0,87099160,0,115958760,17262040,220319960,68017850,19828260,102602290,29871560,220319960
2024-05-22,5020,5030,4995,5020,29589,0.0,7713,60,-6753,-1020,0,15048,60,12046,2435,29589,7335,0,18799,3455,29589,38638685,300100,-33819255,-5119530,0,75425835,300100,60359305,12177640,148262880,36787150,0,94178560,17297170,148262880
2024-05-23,5020,5040,5000,5030,26168,0.199203187250996,1188,20,-5092,3884,0,7752,20,12936,5460,26168,6564,0,18028,1576,26168,6005610,100600,-25624020,19517810,0,38968560,100600,64959810,27434500,131463470,32962950,0,90583830,7916690,131463470
2024-05-24,5030,5050,5000,5030,39634,0.0,-7001,-2113,2433,6681,0,13354,887,18497,6896,39634,20355,3000,16064,215,39634,-35131820,-10659340,12182790,33608370,0,67238270,4460660,93034660,34691270,199424860,102370090,15120000,80851870,1082900,199424860
2024-05-27,5030,5100,5020,5090,73938,1.1928429423459244,277,2000,-12165,9888,0,16431,2000,45614,9893,73938,16154,0,57779,5,73938,1479200,10080000,-61452340,49893140,0,82963630,10080000,230743650,49918270,373705550,81484430,0,292195990,25130,373705550
2024-05-28,5070,5120,5070,5090,90311,0.0,-51766,7980,43198,588,0,12057,9000,64133,5121,90311,63823,1020,20935,4533,90311,-263543610,40618400,219917110,3008100,0,61395930,45810000,326571660,26090240,459867830,324939540,5191600,106654550,23082140,459867830
2024-05-29,5100,5100,5050,5080,32896,-0.19646365422396855,9706,-5,-2703,-6998,0,16818,0,15812,266,32896,7112,5,18515,7264,32896,49294730,-25250,-13814560,-35454920,0,85350030,0,80108400,1348620,166807050,36055300,25250,93922960,36803540,166807050
2024-05-30,5000,5050,5000,5050,33521,-0.5905511811023622,6718,0,-5929,-789,0,14429,0,13796,5296,33521,7711,0,19725,6085,33521,33786800,0,-29839860,-3946940,0,72536680,0,69255520,26635450,168427650,38749880,0,99095380,30582390,168427650
2024-05-31,5060,5060,5000,5040,28008,-0.19801980198019803,-7789,-216,11483,-3478,0,5177,0,22815,16,28008,12966,216,11332,3494,28008,-39020560,-1086480,57618390,-17511350,0,26044090,0,114662560,80360,140787010,65064650,1086480,57044170,17591710,140787010
2024-06-03,5060,5060,5000,5040,37537,0.0,13021,-1000,-9902,-2119,0,15133,0,20952,1452,37537,2112,1000,30854,3571,37537,65625290,-5050000,-49850590,-10724700,0,76229030,0,105479630,7299200,189007860,10603740,5050000,155330220,18023900,189007860
2024-06-04,5050,5050,5010,5040,13340,0.0,6604,50,-6354,-300,0,8340,50,4950,0,13340,1736,0,11304,300,13340,33229180,251500,-31973620,-1507060,0,41957880,251500,24865130,0,67074510,8728700,0,56838750,1507060,67074510
2024-06-05,5040,5040,5010,5030,16650,-0.1984126984126984,5186,0,-2563,-2623,0,6904,0,9702,44,16650,1718,0,12265,2667,16650,26083990,0,-12890980,-13193010,0,34710760,0,48736370,220880,83668010,8626770,0,61627350,13413890,83668010
2024-06-07,5030,5050,5010,5050,31946,0.3976143141153081,12400,-795,-11138,-467,0,20429,0,11514,3,31946,8029,795,22652,470,31946,62443670,-4006800,-56085140,-2351730,0,102830160,0,57884820,15090,160730070,40386490,4006800,113969960,2366820,160730070
2024-06-10,5010,5060,5010,5050,15930,0.0,5832,0,-5721,-111,0,6044,0,9674,212,15930,212,0,15395,323,15930,29449970,0,-28890650,-559320,0,30518720,0,48788560,1068480,80375760,1068750,0,77679210,1627800,80375760
2024-06-11,5010,5050,5010,5050,23270,0.0,7688,2500,-5414,-4774,0,9507,2500,10712,551,23270,1819,0,16126,5325,23270,38727080,12600000,-27272960,-24054120,0,47894240,12600000,53894600,2771530,117160370,9167160,0,81167560,26825650,117160370
2024-06-12,5060,5060,5040,5060,20114,0.19801980198019803,-3928,0,5719,-1791,0,6811,0,13303,0,20114,10739,0,7584,1791,20114,-19793210,0,28833790,-9040580,0,34390660,0,67134690,0,101525350,54183870,0,38300900,9040580,101525350
2024-06-13,5070,5070,5000,5000,59168,-1.185770750988142,-437,0,2908,-2471,0,33788,0,24377,1003,59168,34225,0,21469,3474,59168,-1841440,0,14325880,-12484440,0,170027930,0,122491550,5036580,297556060,171869370,0,108165670,17521020,297556060
2024-06-14,5020,5220,5000,5150,548989,3.0,95641,-700,-126858,31917,0,432258,300,55592,60839,548989,336617,1000,182450,28922,548989,494057330,-3635000,-655302780,164880450,0,2232839130,1545000,286710630,313998310,2835093070,1738781800,5180000,942013410,149117860,2835093070
2024-06-17,5170,5240,5110,5140,511887,-0.1941747572815534,55389,0,-51850,-3539,0,471642,0,15223,25022,511887,416253,0,67073,28561,511887,284850870,0,-266829070,-18021800,0,2428093760,0,78396370,128913310,2635403440,2143242890,0,345225440,146935110,2635403440
2024-06-18,5150,5180,5070,5090,521606,-0.9727626459143969,15247,0,-26975,11728,0,458549,0,27204,35853,521606,443302,0,54179,24125,521606,78328480,0,-139083600,60755120,0,2357856410,0,139473020,184423760,2681753190,2279527930,0,278556620,123668640,2681753190
2024-06-19,5100,5150,5050,5140,476774,0.9823182711198428,94243,-554,-63390,-30299,0,440597,0,21477,14700,476774,346354,554,84867,44999,476774,484359090,-2847560,-325775240,-155736290,0,2265306580,0,109881460,75216000,2450404040,1780947490,2847560,435656700,230952290,2450404040
2024-06-20,5140,5150,5100,5150,445345,0.19455252918287938,101767,200,-97428,-4539,0,431462,200,7436,6247,445345,329695,0,104864,10786,445345,523548720,1028000,-501216620,-23360100,0,2221080810,1028000,38237820,32051690,2292398320,1697532090,0,539454440,55411790,2292398320
2024-06-21,5130,5140,5080,5100,15912,-0.9708737864077669,-5161,300,3599,1262,0,1973,300,11134,2505,15912,7134,0,7535,1243,15912,-26309370,1527000,18358300,6424070,0,10067090,1527000,56753260,12756990,81104340,36376460,0,38394960,6332920,81104340
2024-06-24,5080,5140,5050,5080,15160,-0.39215686274509803,3077,0,3078,-6155,0,4733,0,10356,71,15160,1656,0,7278,6226,15160,15597910,0,15541960,-31139870,0,23975930,0,52389640,359840,76725410,8378020,0,36847680,31499710,76725410
2024-06-25,5060,5100,5060,5100,9861,0.39370078740157477,2144,0,-1769,-375,0,4143,0,4852,866,9861,1999,0,6621,1241,9861,10893640,0,-8986620,-1907020,0,21068600,0,24652730,4398710,50120040,10174960,0,33639350,6305730,50120040
2024-06-26,5060,5100,5060,5100,20278,0.0,-279,0,2872,-2593,0,13876,0,6312,90,20278,14155,0,3440,2683,20278,-1423280,0,14611050,-13187770,0,70573280,0,32100940,457200,103131420,71996560,0,17489890,13644970,103131420
2024-06-27,5110,5110,5000,5060,26446,-0.7843137254901961,-2602,0,2533,69,0,7903,0,16048,2495,26446,10505,0,13515,2426,26446,-13040070,0,12784320,255750,0,39859980,0,80785780,12511920,133157680,52900050,0,68001460,12256170,133157680
2024-06-28,5060,5090,5030,5030,17983,-0.592885375494071,-3775,2000,1064,711,0,6379,2000,8275,1329,17983,10154,0,7211,618,17983,-18975020,10090000,5324600,3560420,0,32213340,10090000,41887010,6687700,90878050,51188360,0,36562410,3127280,90878050
2024-07-01,5030,5080,5030,5080,20207,0.9940357852882704,11913,0,-12495,582,0,14399,0,4792,1016,20207,2486,0,17287,434,20207,60340270,0,-63294520,2954250,0,72911500,0,24167870,5141000,102220370,12571230,0,87462390,2186750,102220370
2024-07-02,5100,5100,5040,5080,18240,0.0,6886,0,-4174,-2712,0,11067,0,7152,21,18240,4181,0,11326,2733,18240,34946250,0,-21229590,-13716660,0,56094380,0,36205980,106440,92406800,21148130,0,57435570,13823100,92406800
2024-07-03,5100,5100,5030,5060,21170,-0.39370078740157477,3810,0,-1996,-1814,0,11778,0,9116,276,21170,7968,0,11112,2090,21170,19252060,0,-10075110,-9176950,0,59515380,0,46031670,1397820,106944870,40263320,0,56106780,10574770,106944870
2024-07-04,5060,5140,5040,5120,42932,1.185770750988142,20074,3508,-24884,1302,0,29469,3508,5749,4206,42932,9395,0,30633,2904,42932,102218750,17814100,-126612360,6579510,0,150041850,17814100,29242640,21379640,218478230,47823100,0,155855000,14800130,218478230
2024-07-05,5100,5210,5100,5120,38322,0.0,6638,-8500,4365,-2503,0,20735,500,15755,1332,38322,14097,9000,11390,3835,38322,33818940,-43405390,22368030,-12781580,0,106114780,2565000,80776210,6847500,196303490,72295840,45970390,58408180,19629080,196303490
2024-07-08,5150,5150,5030,5090,21714,-0.5859375,5038,-395,-4851,208,0,11128,3812,4715,2059,21714,6090,4207,9566,1851,21714,25586560,-1983470,-24621540,1018450,0,56514980,19366720,23916030,10458860,110256590,30928420,21350190,48537570,9440410,110256590
2024-07-09,5090,5100,5050,5080,28361,-0.19646365422396855,7233,-5656,-500,-1077,0,17842,2000,7171,1348,28361,10609,7656,7671,2425,28361,36716130,-28660970,-2552370,-5502790,0,90646270,10165000,36426010,6835890,144073170,53930140,38825970,38978380,12338680,144073170
2024-07-10,5080,5120,5060,5080,21890,0.0,10954,-5226,-4772,-956,0,16847,1000,3813,230,21890,5893,6226,8585,1186,21890,55630130,-26530700,-24243920,-4855510,0,85614670,5080000,19364270,1170340,111229280,29984540,31610700,43608190,6025850,111229280
2024-07-11,5080,5140,5070,5080,44550,0.0,4611,-5251,-11743,12383,0,20080,3900,7969,12601,44550,15469,9151,19712,218,44550,23334470,-26663030,-59577090,62905650,0,102026250,19805000,40521840,64020950,226374040,78691780,46468030,100098930,1115300,226374040
2024-07-12,5090,5110,5050,5090,37770,0.19685039370078738,-4327,0,7273,-2946,0,16845,0,20481,444,37770,21172,0,13208,3390,37770,-22075630,0,37042120,-14966490,0,85572600,0,104063680,2248080,191884360,107648230,0,67021560,17214570,191884360
2024-07-15,5090,5120,5070,5110,37027,0.3929273084479371,-7583,300,-1327,8610,0,8543,300,18873,9311,37027,16126,0,20200,701,37027,-38662110,1530000,-6680100,43812210,0,43579330,1530000,96224740,47393290,188727360,82241440,0,102904840,3581080,188727360
2024-07-16,5110,5150,5090,5110,28173,0.0,3551,1000,-4037,-514,0,15217,1000,11430,526,28173,11666,0,15467,1040,28173,18144890,5110000,-20626780,-2628110,0,77726660,5110000,58436080,2684550,143957290,59581770,0,79062860,5312660,143957290
2024-07-17,5130,5180,5110,5180,50846,1.36986301369863,10475,0,-10241,-234,0,37129,0,6482,7235,50846,26654,0,16723,7469,50846,54154450,0,-52793860,-1360590,0,190916880,0,33274420,37135850,261327150,136762430,0,86068280,38496440,261327150
2024-07-18,5180,5180,5100,5180,23210,0.0,6113,0,-7715,1602,0,8389,0,11855,2966,23210,2276,0,19570,1364,23210,31483730,0,-39726580,8242850,0,43234970,0,61051890,15255930,119542790,11751240,0,100778470,7013080,119542790
2024-07-19,5190,5250,5100,5150,86047,-0.5791505791505791,-11063,-15720,18827,7956,0,27163,0,41307,17577,86047,38226,15720,22480,9621,86047,-57439480,-80555460,97198910,40796030,0,140371180,0,213843690,90616110,444830980,197810660,80555460,116644780,49820080,444830980
2024-07-22,5200,5200,5110,5150,48186,0.0,-10597,0,10669,-72,0,25551,0,19127,3508,48186,36148,0,8458,3580,48186,-54525310,0,54999920,-474610,0,131647420,0,98505590,18007740,248160750,186172730,0,43505670,18482350,248160750
2024-07-23,5200,5200,5140,5150,30996,0.0,1958,0,10743,-12701,0,14716,0,16221,59,30996,12758,0,5478,12760,30996,10029200,0,55311870,-65341070,0,75746200,0,83546900,303850,159596950,65717000,0,28235030,65644920,159596950
2024-07-24,5200,5200,5130,5150,29679,0.0,6822,-8377,2755,-1200,0,19068,46,10294,271,29679,12246,8423,7539,1471,29679,35061330,-43051270,14166890,-6176950,0,98096520,236440,52984810,1393270,152711040,63035190,43287710,38817920,7570220,152711040
2024-07-25,5150,5190,5100,5140,54370,-0.1941747572815534,-2063,0,-17792,19855,0,25120,0,7556,21694,54370,27183,0,25348,1839,54370,-10532100,0,-91207610,101739710,0,128823430,0,38684860,111197100,278705390,139355530,0,129892470,9457390,278705390
2024-07-26,5180,5180,5130,5150,32173,0.19455252918287938,-3491,5000,-1867,358,0,17662,5000,5543,3968,32173,21153,0,7410,3610,32173,-18040200,25750000,-9587160,1877360,0,90896120,25750000,28528200,20443290,165617610,108936320,0,38115360,18565930,165617610
2024-07-29,5200,5200,5110,5140,38838,-0.1941747572815534,7190,0,-6633,-557,0,18335,0,16360,4143,38838,11145,0,22993,4700,38838,36929660,0,-34010680,-2918980,0,94268060,0,84003260,21264150,199535470,57338400,0,118013940,24183130,199535470
2024-07-30,5140,5170,5120,5150,63990,0.19455252918287938,-15937,2000,4043,9894,0,39274,2000,11367,11349,63990,55211,0,7324,1455,63990,-82081500,10300000,20806890,50974610,0,202217500,10300000,58515360,58454420,329487280,284299000,0,37708470,7479810,329487280
2024-07-31,5150,5180,5140,5170,153589,0.3883495145631068,-46109,0,336,45773,0,88213,0,18301,47075,153589,134322,0,17965,1302,153589,-237442670,0,1650930,235791740,0,454452570,0,94270650,242491620,791214840,691895240,0,92619720,6699880,791214840
2024-08-01,5150,5190,5150,5180,19353,0.19342359767891684,283,0,1429,-1712,0,7936,0,8574,2843,19353,7653,0,7145,4555,19353,1484560,0,7377490,-8862050,0,41057980,0,44350580,14693570,100102130,39573420,0,36973090,23555620,100102130
2024-08-02,5200,5200,5150,5170,46710,-0.19305019305019305,5760,0,298,-6058,0,22340,0,20004,4366,46710,16580,0,19706,10424,46710,29748860,0,1524060,-31272920,0,115336490,0,103244580,22553950,241135020,85587630,0,101720520,53826870,241135020
2024-08-05,5180,5180,4900,4970,116018,-3.8684719535783367,30868,403,-21451,-9820,0,45569,403,45910,24136,116018,14701,0,67361,33956,116018,154371700,2022760,-106334300,-50060160,0,228156710,2022760,230166845,120079095,580425410,73785010,0,336501145,170139255,580425410
2024-08-06,4975,5130,4975,5060,36303,1.8108651911468814,-1503,2033,-11188,10658,0,9417,2100,8638,16148,36303,10920,67,19826,5490,36303,-7551670,10346310,-56970600,54175960,0,47984730,10686000,43820525,82105160,184596415,55536400,339690,100791125,27929200,184596415
2024-08-07,5110,5170,5050,5170,34981,2.1739130434782608,8070,1000,-13051,3981,0,11965,1000,14235,7781,34981,3895,0,27286,3800,34981,41460540,5090000,-66972190,20421650,0,61416700,5090000,72975300,39867420,179349420,19956160,0,139947490,19445770,179349420
2024-08-08,5190,5190,5060,5090,47591,-1.5473887814313347,-11309,-3000,14112,197,0,8083,3000,30595,5913,47591,19392,6000,16483,5716,47591,-57356460,-15358020,71738920,975560,0,41326070,15252000,155986100,30112400,242676570,98682530,30610020,84247180,29136840,242676570
2024-08-09,5120,5140,5060,5070,35981,-0.3929273084479371,-976,3100,1807,-3931,0,9897,3100,17519,5465,35981,10873,0,15712,9396,35981,-4864610,15776000,9202450,-20113840,0,50460340,15776000,89253210,27786190,183275740,55324950,0,80050760,47900030,183275740
2024-08-12,5070,5180,5070,5180,27020,2.1696252465483234,10970,800,-4140,-7630,0,13768,800,8611,3841,27020,2798,0,12751,11471,27020,56295000,4067000,-21167510,-39194490,0,70618720,4067000,43900180,19611110,138197010,14323720,0,65067690,58805600,138197010
2024-08-13,5180,5200,5160,5190,24693,0.19305019305019305,19691,-72,-10024,-9595,0,20680,0,3937,76,24693,989,72,13961,9671,24693,101994800,-372960,-51937670,-49684170,0,107117080,0,20400260,394440,127911780,5122280,372960,72337930,50078610,127911780
2024-08-14,5190,5210,5150,5210,16676,0.3853564547206166,2921,0,489,-3410,0,8663,0,5392,2621,16676,5742,0,4903,6031,16676,15186290,0,2463480,-17649770,0,44856630,0,27853700,13554990,86265320,29670340,0,25390220,31204760,86265320
2024-08-16,5210,5230,5170,5220,28033,0.19193857965451055,18343,1010,-3936,-15417,0,18539,1010,8465,19,28033,196,0,12401,15436,28033,95543130,5256700,-20535940,-80263890,0,96563180,5256700,44061330,99000,145980210,1020050,0,64597270,80362890,145980210
2024-08-19,5220,5240,5190,5220,19325,0.0,10931,300,-4535,-6696,0,13834,300,4958,233,19325,2903,0,9493,6929,19325,57056420,1564000,-23677610,-34942810,0,72212910,1564000,25864930,1213900,100855740,15156490,0,49542540,36156710,100855740
2024-08-20,5220,5240,5130,5220,36772,0.0,7624,2300,288,-10212,0,23819,2300,6447,4206,36772,16195,0,6159,14418,36772,39755270,11892700,1389400,-53037370,0,123535690,11892700,33478380,21773010,190679780,83780420,0,32088980,74810380,190679780
2024-08-21,5220,5220,5140,5200,19970,-0.38314176245210724,9523,0,-3193,-6330,0,14522,0,5448,0,19970,4999,0,8641,6330,19970,49426110,0,-16601540,-32824570,0,75341870,0,28246410,0,103588280,25915760,0,44847950,32824570,103588280
2024-08-22,5200,5210,5170,5210,24781,0.19230769230769232,13942,200,-3447,-10695,0,20901,200,3650,30,24781,6959,0,7097,10725,24781,72481510,1038000,-17934630,-55584880,0,108589950,1038000,18949060,155700,128732710,36108440,0,36883690,55740580,128732710
2024-08-23,5210,5210,5150,5210,21486,0.0,4226,0,1879,-6105,0,8667,0,12650,169,21486,4441,0,10771,6274,21486,21915030,0,9770800,-31685830,0,44990540,0,65659080,874630,111524250,23075510,0,55888280,32560460,111524250
2024-08-26,5220,5240,5190,5210,44485,0.0,21256,0,-7071,-14185,0,31521,0,12856,108,44485,10265,0,19927,14293,44485,111146880,0,-36992960,-74153920,0,164817690,0,67283190,565740,232666620,53670810,0,104276150,74719660,232666620
2024-08-27,5210,5240,5170,5210,45744,0.0,16022,0,-10230,-5792,0,35597,0,7936,2211,45744,19575,0,18166,8003,45744,83607760,0,-53385880,-30221880,0,185676620,0,41368740,11493450,238538810,102068860,0,94754620,41715330,238538810
2024-08-28,5160,5230,5160,5210,26065,0.0,21066,0,-16520,-4546,0,23575,0,1817,673,26065,2509,0,18337,5219,26065,109730500,0,-86075230,-23655270,0,122786850,0,9440340,3507490,135734680,13056350,0,95515570,27162760,135734680
2024-08-29,5200,5210,5140,5170,23932,-0.7677543186180422,12662,1000,-3360,-10302,0,14383,1000,7374,1175,23932,1721,0,10734,11477,23932,65414220,5155000,-17383420,-53185800,0,74283530,5155000,38047390,6085180,123571100,8869310,0,55430810,59270980,123571100
2024-08-30,5170,5190,5130,5160,27714,-0.19342359767891684,-4578,500,10692,-6614,0,7841,500,19059,314,27714,12419,0,8367,6928,27714,-23478650,2585000,54972880,-34079230,0,40425950,2585000,98103280,1617090,142731320,63904600,0,43130400,35696320,142731320
2024-09-02,5160,5160,5090,5130,29374,-0.5813953488372093,-520,300,8395,-8175,0,14477,300,13178,1419,29374,14997,0,4783,9594,29374,-2539590,1533000,42968260,-41961670,0,74183750,1533000,67466190,7263880,150446820,76723340,0,24497930,49225550,150446820
2024-09-03,5150,5150,5020,5070,42731,-1.1695906432748537,-2527,397,7459,-5329,0,14834,2150,23894,1853,42731,17361,1753,16435,7182,42731,-12760850,2026200,38033070,-27298420,0,75410660,10971000,121608790,9365040,217355490,88171510,8944800,83575720,36663460,217355490
2024-09-04,5030,5100,5020,5030,37668,-0.7889546351084813,2354,-2478,140,-16,0,20378,0,14155,3135,37668,18024,2478,14015,3151,37668,11967890,-12513900,684710,-138700,0,102850240,0,71328360,15788320,189966920,90882350,12513900,70643650,15927020,189966920
2024-09-05,5060,5080,5040,5040,21969,0.19880715705765406,6935,-5295,1754,-3394,0,14819,100,6801,249,21969,7884,5395,5047,3643,21969,35083870,-26766700,8844970,-17162140,0,74880540,507000,34354690,1259530,111001760,39796670,27273700,25509720,18421670,111001760
2024-09-06,5120,5120,5030,5100,17160,1.1904761904761905,3411,-3000,2696,-3107,0,8875,0,7889,396,17160,5464,3000,5193,3503,17160,17398680,-15124320,13486610,-15760970,0,45001250,0,39810400,2007720,86819370,27602570,15124320,26323790,17768690,86819370
2024-09-09,5100,5100,5020,5080,13704,-0.39215686274509803,8328,300,-4301,-4327,0,11503,300,1831,70,13704,3175,0,6132,4397,13704,42330700,1524000,-21847340,-22007360,0,58464190,1524000,9296500,351940,69636630,16133490,0,31143840,22359300,69636630
2024-09-10,5050,5080,5020,5080,44591,0.0,-19215,3032,19977,-3794,0,11418,3032,29183,958,44591,30633,0,9206,4752,44591,-96818520,15286360,100656010,-19123850,0,57584840,15286360,147047380,4831920,224750500,154403360,0,46391370,23955770,224750500
2024-09-11,5080,5080,5010,5070,44704,-0.19685039370078738,12873,-2269,-7343,-3261,0,37050,131,7439,84,44704,24177,2400,14782,3345,44704,64775460,-11389260,-36969610,-16416590,0,186301710,658740,37424900,421680,224807030,121526250,12048000,74394510,16838270,224807030
2024-09-12,5100,5120,5020,5080,55065,0.19723865877712032,13443,1732,-11290,-3885,0,35008,1732,13959,4366,55065,21565,0,25249,8251,55065,67906140,8726590,-57119280,-19513450,0,176661150,8726590,70340690,22164130,277892560,108755010,0,127459970,41677580,277892560
2024-09-13,5090,5090,4995,5020,55220,-1.1811023622047243,10232,1203,-10372,-1063,0,25341,1203,28596,80,55220,15109,0,38968,1143,55220,51769375,6065200,-52464215,-5370360,0,127451795,6065200,143369155,401600,277287750,75682420,0,195833370,5771960,277287750
2024-09-19,5050,5050,4985,5030,47602,0.199203187250996,-17576,12751,-555,5380,0,12010,12751,16753,6088,47602,29586,0,17308,708,47602,-88063340,63916420,-2802555,26949475,0,60200130,63916420,83927780,30511545,238555875,148263470,0,86730335,3562070,238555875
2024-09-20,5040,5040,4970,5000,78839,-0.5964214711729622,-18230,-443,23356,-4683,0,28276,2557,45191,2815,78839,46506,3000,21835,7498,78839,-90703035,-2210055,116250325,-23337235,0,140987040,12729945,225419430,14024835,393161250,231690075,14940000,109169105,37362070,393161250
2024-09-23,5000,5000,4660,4900,103584,-2.0,-5839,8199,-10150,7790,0,31107,8199,43277,21001,103584,36946,0,53427,13211,103584,-28810440,40563655,-49940185,38186970,0,153819465,40563655,213112580,103650420,511146120,182629905,0,263052765,65463450,511146120
2024-09-24,4985,5020,4890,4995,64814,1.9387755102040816,10544,2039,-5386,-7197,0,39323,4447,8925,12119,64814,28779,2408,14311,19316,64814,52616795,10009830,-26699265,-35927360,0,195268765,22037790,44237275,60050450,321594280,142651970,12027960,70936540,95977810,321594280
2024-09-25,4995,5020,4940,4990,35450,-0.10010010010010009,2214,3766,-306,-5674,0,21401,3766,9858,425,35450,19187,0,10164,6099,35450,11208575,18718260,-1638195,-28288640,0,106509295,18718260,48956155,2106010,176289720,95300720,0,50594350,30394650,176289720
2024-09-26,5060,5060,4935,4945,48829,-0.9018036072144289,-15429,4339,6181,4909,0,14476,6439,21134,6780,48829,29905,2100,14953,1871,48829,-76436670,21487025,30674830,24274815,0,71960620,31893025,104824420,33584675,242262740,148397290,10406000,74149590,9309860,242262740
2024-09-27,5060,5060,4685,5000,78134,1.1122345803842264,37757,3804,-41636,75,0,56876,4104,12595,4559,78134,19119,300,54231,4484,78134,188305210,18874580,-207595280,415490,0,283921305,20374580,61934230,22788345,389018460,95616095,1500000,269529510,22372855,389018460
2024-09-30,5000,5000,4945,4955,34891,-0.8999999999999999,2710,925,6333,-9968,0,17672,925,12073,4221,34891,14962,0,5740,14189,34891,13677615,4583375,31365105,-49626095,0,87846775,4583375,59853165,20920730,173204045,74169160,0,28488060,70546825,173204045
2024-10-02,4955,4990,4915,4950,60147,-0.10090817356205853,-5339,100,7393,-2154,0,26833,100,20884,12330,60147,32172,0,13491,14484,60147,-26065355,492250,36656130,-11083025,0,133213190,492250,103244340,60851630,297801410,159278545,0,66588210,71934655,297801410
2024-10-04,4950,5000,4810,4850,31840,-2.0202020202020203,2731,2274,-4645,-360,0,14990,2274,10309,4267,31840,12259,0,14954,4627,31840,14863155,11147940,-23708900,-2302195,0,74663240,11147940,50651105,20734880,157197165,59800085,0,74360005,23037075,157197165
2024-10-07,4860,4950,4835,4880,51040,0.6185567010309279,-636,0,-1006,1642,0,27442,0,12699,10899,51040,28078,0,13705,9257,51040,-2813265,0,-4921910,7735175,0,133435010,0,61595035,52881930,247911975,136248275,0,66516945,45146755,247911975
2024-10-08,4905,4980,4870,4980,54060,2.0491803278688523,25873,-392,-16247,-9234,0,40088,1161,2838,9973,54060,14215,1553,19085,19207,54060,128106940,-1995125,-80168850,-45942965,0,198286170,5699990,14016740,49145765,267148665,70179230,7695115,94185590,95088730,267148665
2024-10-10,4980,4995,4915,4980,21394,0.0,6463,704,-1274,-5893,0,13943,724,6126,601,21394,7480,20,7400,6494,21394,32178990,3512960,-6370095,-29321855,0,69298555,3612760,30459730,2972135,106343180,37119565,99800,36829825,32293990,106343180
2024-10-11,4980,5040,4945,5000,32970,0.4016064257028112,10034,-1669,-11919,3554,0,21507,915,3466,7082,32970,11473,2584,15385,3528,32970,50643495,-8382230,-59859295,17598030,0,107751685,4565850,17295575,35291920,164905030,57108190,12948080,77154870,17693890,164905030
2024-10-14,5000,5030,4990,4995,18816,-0.1,4948,2195,-4025,-3118,0,10661,2195,5960,0,18816,5713,0,9985,3118,18816,24739230,10980890,-20100490,-15619630,0,53377690,10980890,29820330,0,94178910,28638460,0,49920820,15619630,94178910
2024-10-15,5010,5030,4985,5020,23602,0.5005005005005005,7015,1611,-6132,-2494,0,18482,1611,3503,6,23602,11467,0,9635,2500,23602,35174300,8071110,-30752215,-12493195,0,92640350,8071110,17538295,30120,118279875,57466050,0,48290510,12523315,118279875
2024-10-16,5040,5040,4985,4995,19900,-0.49800796812749004,3090,726,-4010,194,0,9825,2215,3102,4758,19900,6735,1489,7112,4564,19900,15517340,3606070,-20073370,949960,0,49212815,11051550,15507675,23809550,99581590,33695475,7445480,35581045,22859590,99581590
2024-10-17,4995,5010,4960,4990,16174,-0.10010010010010009,2279,-1123,-1811,655,0,9331,0,3474,3369,16174,7052,1123,5285,2714,16174,11407790,-5610450,-9065155,3267815,0,46568790,0,17320505,16810410,80699705,35161000,5610450,26385660,13542595,80699705
2024-10-18,4990,4995,4935,4965,17137,-0.501002004008016,746,1888,-1869,-765,0,7474,1888,6693,1082,17137,6728,0,8562,1847,17137,3763275,9383920,-9337725,-3809470,0,37116850,9383920,33199345,5362760,85062875,33353575,0,42537070,9172230,85062875
2024-10-21,4965,5020,4940,4990,21405,0.5035246727089627,-1734,0,2143,-409,0,9722,0,9848,1835,21405,11456,0,7705,2244,21405,-8705300,0,10739925,-2034625,0,48478045,0,49159175,9145700,106782920,57183345,0,38419250,11180325,106782920
2024-10-22,4995,4995,4950,4995,15360,0.1002004008016032,6236,0,-3116,-3120,0,10306,0,4895,159,15360,4070,0,8011,3279,15360,31040300,0,-15514665,-15525635,0,51279445,0,24319795,789320,76388560,20239145,0,39834460,16314955,76388560
2024-10-23,5010,5010,4950,4955,25263,-0.8008008008008007,3167,-585,-3956,1374,0,14545,170,7352,3196,25263,11378,755,11308,1822,25263,15741445,-2928900,-19710875,6898330,0,72263455,843600,36519275,15941585,125567915,56522010,3772500,56230150,9043255,125567915
2024-10-24,4940,5010,4900,4980,39628,0.5045408678102926,145,119,-12208,11944,0,17279,300,3899,18150,39628,17134,181,16107,6206,39628,972390,575215,-60455025,58907420,0,85712580,1477500,19262860,89675035,196127975,84740190,902285,79717885,30767615,196127975
2024-10-25,4980,4985,4850,4890,70086,-1.8072289156626504,-6572,2876,12295,-8599,0,24463,4233,36601,4789,70086,31035,1357,24306,13388,70086,-31823345,14042975,60079125,-42298755,0,119941300,20699060,179128705,23401505,343170570,151764645,6656085,119049580,65700260,343170570
2024-10-28,4895,4920,4740,4840,56735,-1.0224948875255624,-839,-2757,11534,-7938,0,10601,5609,36937,3588,56735,11440,8366,25403,11526,56735,-4104800,-13166690,55811120,-38539630,0,50952605,26888100,177527065,17145460,272513230,55057405,40054790,121715945,55685090,272513230
2024-10-29,4865,4885,4800,4810,39079,-0.6198347107438017,-7392,500,4854,2038,0,16434,500,14298,7847,39079,23826,0,9444,5809,39079,-35379570,2412500,23327355,9639715,0,79577465,2412500,69043860,37779665,188813490,114957035,0,45716505,28139950,188813490
2024-10-30,4810,4835,4765,4815,39418,0.10395010395010396,-12648,0,13275,-627,0,11264,0,24483,3671,39418,23912,0,11208,4298,39418,-60423700,0,63505110,-3081410,0,54141940,0,117248710,17586310,188976960,114565640,0,53743600,20667720,188976960
2024-10-31,4815,4880,4780,4840,49084,0.5192107995846313,4249,-7997,-1667,5415,0,25327,503,12134,11120,49084,21078,8500,13801,5705,49084,20783945,-38635490,-8041010,25892555,0,122079255,2414340,58406480,53457455,236357530,101295310,41049830,66447490,27564900,236357530
2024-11-01,4850,4850,4790,4835,22559,-0.10330578512396695,2699,-200,874,-3373,0,11278,0,8064,3217,22559,8579,200,7190,6590,22559,13055730,-966690,4227030,-16316070,0,54243525,0,38824745,15451230,108519500,41187795,966690,34597715,31767300,108519500
2024-11-04,4780,4830,4770,4780,18376,-1.1375387797311272,-1574,-2000,8467,-4893,0,6222,0,12147,7,18376,7796,2000,3680,4900,18376,-7541355,-9560000,40513775,-23412420,0,29743725,0,58099975,33495,87877195,37285080,9560000,17586200,23445915,87877195
2024-11-05,4780,4875,4775,4825,18894,0.9414225941422595,7905,24,-2965,-4964,0,15409,24,2605,856,18894,7504,0,5570,5820,18894,38119845,114720,-14338910,-23895655,0,74090415,114720,12475580,4100265,90780980,35970570,0,26814490,27995920,90780980
2024-11-06,4785,4870,4695,4770,42608,-1.1398963730569949,4317,-633,-2082,-1602,0,19370,2000,12724,8514,42608,15053,2633,14806,10116,42608,20884175,-3090135,-9712760,-8081280,0,92550725,9460000,60509625,40446985,202967335,71666550,12550135,70222385,48528265,202967335
2024-11-07,4770,4795,4700,4725,37111,-0.9433962264150944,-12645,-773,14650,-1232,0,6366,2227,26518,2000,37111,19011,3000,11868,3232,37111,-59659100,-3657630,69151745,-5835015,0,30046430,10479870,125222365,9461210,175209875,89705530,14137500,56070620,15296225,175209875
2024-11-08,4740,4740,4570,4600,71722,-2.6455026455026456,-21148,5485,18056,-2393,0,17396,6985,45854,1487,71722,38544,1500,27798,3880,71722,-98245095,25529220,84106515,-11390640,0,80927690,32541130,213315320,6837360,333621500,179172785,7011910,129208805,18228000,333621500
2024-11-11,4600,4630,4410,4410,104526,-4.130434782608695,-24371,1551,20651,2169,0,13400,6551,75717,8858,104526,37771,5000,55066,6689,104526,-108769995,6676585,92428280,9665130,0,60117850,29547830,338861115,39646310,468173105,168887845,22871245,246432835,29981180,468173105
2024-11-12,4510,4510,4315,4380,102410,-0.6802721088435374,-8117,-7748,16848,-983,0,24316,7930,58429,11735,102410,32433,15678,41581,12718,102410,-35395665,-33719030,73629635,-4514940,0,105922740,34467150,254855175,51194020,446439085,141318405,68186180,181225540,55708960,446439085
2024-11-13,4495,4495,4370,4425,76668,1.0273972602739725,-9904,-5993,13266,2631,0,20718,4009,27503,24438,76668,30622,10002,14237,21807,76668,-43288930,-26488835,58524380,11253385,0,91657720,17589420,121736685,107899965,338883790,134946650,44078255,63212305,96646580,338883790
2024-11-14,4430,4490,4365,4380,24936,-1.0169491525423728,-6576,-1050,7184,442,0,8533,2000,9957,4446,24936,15109,3050,2773,4004,24936,-28738245,-4593630,31509945,1821930,0,37619815,8730000,43686955,19595700,109632470,66358060,13323630,12177010,17773770,109632470
2024-11-15,4385,4445,4320,4365,47645,-0.3424657534246575,-19584,500,11630,7454,0,18087,500,14300,14758,47645,37671,0,2670,7304,47645,-85768620,2207500,51086615,32474505,0,79616010,2207500,62855775,64655590,209334875,165384630,0,11769160,32181085,209334875
2024-11-18,4470,4515,4370,4455,88373,2.0618556701030926,-6655,0,2875,3780,0,46129,0,10213,32031,88373,52784,0,7338,28251,88373,-29018595,0,12594745,16423850,0,204728355,0,45139645,141853075,391721075,233746950,0,32544900,125429225,391721075
2024-11-19,4455,4550,4395,4550,35034,2.132435465768799,-2059,999,1991,-931,0,19460,999,6508,8067,35034,21519,0,4517,8998,35034,-9245355,4460535,8852835,-4068015,0,87271420,4460535,29183045,36222475,157137475,96516775,0,20330210,40290490,157137475
2024-11-20,4550,4585,4520,4585,45543,0.7692307692307693,7228,0,290,-7518,0,29393,0,12052,4098,45543,22165,0,11762,11616,45543,33408610,0,997620,-34406230,0,134209445,0,54747525,18626135,207583105,100800835,0,53749905,53032365,207583105
2024-11-21,4590,4715,4570,4715,38838,2.8353326063249726,14954,322,-10545,-4731,0,26369,322,6550,5607,38848,11415,0,17095,10338,38848,69583220,1497300,-49084275,-21996245,0,122261085,1497300,30227155,25890825,179876365,52677865,0,79311430,47887070,179876365
