날짜,시가,고가,저가,종가,거래량,등락률,기관합계_거래량_순매수,기타법인_거래량_순매수,개인_거래량_순매수,외국인합계_거래량_순매수,전체_거래량_순매수,기관합계_거래량_매수,기타법인_거래량_매수,개인_거래량_매수,외국인합계_거래량_매수,전체_거래량_매수,기관합계_거래량_매도,기타법인_거래량_매도,개인_거래량_매도,외국인합계_거래량_매도,전체_거래량_매도,기관합계_거래대금_순매수,기타법인_거래대금_순매수,개인_거래대금_순매수,외국인합계_거래대금_순매수,전체_거래대금_순매수,기관합계_거래대금_매수,기타법인_거래대금_매수,개인_거래대금_매수,외국인합계_거래대금_매수,전체_거래대금_매수,기관합계_거래대금_매도,기타법인_거래대금_매도,개인_거래대금_매도,외국인합계_거래대금_매도,전체_거래대금_매도
2022-10-06,4500,4500,3600,4340,3281731,,347650,115580,584569,-1047799,0,723627,159542,2391380,7182,3281731,375977,43962,1806811,1054981,3281731,1519677520,497023845,2411461765,-4428163130,0,3096506150,677996215,10102324550,30466665,13907293580,1576828630,180972370,7690862785,4458629795,13907293580
2022-10-07,4350,4370,4250,4360,559023,0.4608294930875576,120852,0,-70276,-50576,0,276890,0,275343,6790,559023,156038,0,345619,57366,559023,522774630,0,-305107785,-217666845,0,1195186895,0,1185858665,29432875,2410478435,672412265,0,1490966450,247099720,2410478435
2022-10-11,4300,4305,4215,4220,495771,-3.211009174311927,124391,-4770,20127,-139748,0,195225,15230,283333,1983,495771,70834,20000,263206,141731,495771,529054510,-20052605,86610170,-595612075,0,830450480,64580525,1208388115,8460020,2111879140,301395970,84633130,1121777945,604072095,2111879140
2022-10-12,4220,4255,4070,4085,366080,-3.1990521327014214,18847,3561,74130,-96538,0,73366,3561,286661,2492,366080,54519,0,212531,99030,366080,78169255,14642680,304482335,-397294270,0,302788860,14642680,1185567100,10281205,1513279845,224619605,0,881084765,407575475,1513279845
2022-10-13,4090,4100,3980,3980,382712,-2.570379436964504,51145,12377,34890,-98412,0,139197,12377,215369,15769,382712,88052,0,180479,114181,382712,208490555,50128080,137825340,-396443975,0,560686890,50128080,868053075,63514420,1542382465,352196335,0,730227735,459958395,1542382465
2022-10-14,4010,4045,3975,4025,405405,1.1306532663316584,-51285,3300,91014,-43029,0,118079,3300,279930,4096,405405,169364,0,188916,47125,405405,-205952235,13247000,364929205,-172223970,0,472575125,13247000,1120615335,16375600,1622813060,678527360,0,755686130,188599570,1622813060
2022-10-17,4020,4215,3990,4150,735549,3.1055900621118013,319404,-10781,-290090,-18533,0,604032,219,79192,52106,735549,284628,11000,369282,70639,735549,1329000885,-45103230,-1206415780,-77481875,0,2508547690,877095,323870340,215497345,3048792470,1179546805,45980325,1530286120,292979220,3048792470
2022-10-18,4195,4375,4035,4345,1046062,4.698795180722891,556088,-30000,-442326,-83762,0,855467,0,112923,77672,1046062,299379,30000,555249,161434,1046062,2379925975,-127825000,-1890348105,-361752870,0,3669813530,0,477689820,331372285,4478875635,1289887555,127825000,2368037925,693125155,4478875635
2022-10-19,4300,4655,4205,4605,1632191,5.983889528193326,687451,-15028,-627141,-45282,0,1285661,100,217754,128676,1632191,598210,15128,844895,173958,1632191,3134380295,-69705275,-2855772605,-208902415,0,5857007230,463560,978998970,578005780,7414475540,2722626935,70168835,3834771575,786908195,7414475540
2022-10-20,4465,4600,4310,4505,612700,-2.1715526601520088,198423,-715,-176380,-21328,0,438355,1285,132994,40066,612700,239932,2000,309374,61394,612700,902731840,-3319210,-803282950,-96129680,0,1975729280,5650790,589726235,177946035,2749052340,1072997440,8970000,1393009185,274075715,2749052340
2022-10-21,4450,4485,4235,4235,106419,-5.993340732519423,-13325,-3000,22486,-6161,0,10458,0,93016,2945,106419,23783,3000,70530,9106,106419,-56963450,-13244265,97304525,-27096810,0,45708465,0,403540900,12588530,461837895,102671915,13244265,306236375,39685340,461837895
2022-10-24,4375,4375,4210,4290,94541,1.2987012987012987,-34391,-820,30503,4708,0,16591,1180,69029,7741,94541,50982,2000,38526,3033,94541,-147277125,-3508200,130727300,20058025,0,70579640,5026800,295574280,33096185,404276905,217856765,8535000,164846980,13038160,404276905
2022-10-25,4340,4340,4195,4240,70991,-1.1655011655011656,9918,0,-10071,153,0,25988,0,41053,3950,70991,16070,0,51124,3797,70991,41954475,0,-42685875,731400,0,109773925,0,173472035,16721945,299967905,67819450,0,216157910,15990545,299967905
2022-10-26,4200,4320,4150,4295,68701,1.2971698113207548,-12296,0,14009,-1713,0,19516,0,45008,4177,68701,31812,0,30999,5890,68701,-51312460,0,58696630,-7384170,0,82618920,0,189399920,17626665,289645505,133931380,0,130703290,25010835,289645505
2022-10-27,4205,4495,4205,4350,79424,1.2805587892898718,2879,-1105,4035,-5809,0,17679,0,57592,4153,79424,14800,1105,53557,9962,79424,12137130,-4966975,17935520,-25105675,0,76597765,0,251724685,17933775,346256225,64460635,4966975,233789165,43039450,346256225
2022-10-28,4305,4360,4305,4325,39878,-0.5747126436781609,2989,0,-4876,1887,0,9405,0,28462,2011,39878,6416,0,33338,124,39878,13027020,0,-21219635,8192615,0,40811265,0,123585145,8730555,173126965,27784245,0,144804780,537940,173126965
2022-10-31,4325,4370,4305,4330,64119,0.11560693641618498,-20734,0,21191,-457,0,5705,0,56556,1858,64119,26439,0,35365,2315,64119,-89692755,0,91579145,-1886390,0,24783090,0,245097905,8116725,277997720,114475845,0,153518760,10003115,277997720
2022-11-01,4325,4385,4315,4350,58924,0.4618937644341801,-19018,0,16645,2373,0,11622,0,44135,3167,58924,30640,0,27490,794,58924,-82786675,0,72423475,10363200,0,50335905,0,191564620,13808175,255708700,133122580,0,119141145,3444975,255708700
2022-11-02,4335,4360,4315,4340,117278,-0.22988505747126436,-6828,0,11977,-5149,0,1186,0,115686,406,117278,8014,0,103709,5555,117278,-29607150,0,51910810,-22303660,0,5135700,0,501885110,1762040,508782850,34742850,0,449974300,24065700,508782850
2022-11-03,4340,4340,4285,4295,30416,-1.0368663594470047,97,0,389,-486,0,3158,0,27256,2,30416,3061,0,26867,488,30416,398190,0,1694485,-2092675,0,13589290,0,117386470,8680,130984440,13191100,0,115691985,2101355,130984440
2022-11-04,4300,4320,4235,4320,47991,0.5820721769499418,5832,0,-6879,1047,0,11892,0,34450,1649,47991,6060,0,41329,602,47991,25008755,0,-29532035,4523280,0,50974165,0,146684330,7105350,204763845,25965410,0,176216365,2582070,204763845
2022-11-07,4250,4320,4250,4320,59614,0.0,47757,-1180,-46690,113,0,47954,0,11290,370,59614,197,1180,57980,257,59614,205377515,-5068100,-200792745,483330,0,206224010,0,48553380,1590805,256368195,846495,5068100,249346125,1107475,256368195
2022-11-08,4250,4330,4250,4285,61749,-0.8101851851851851,11769,0,-14722,2953,0,30230,0,26755,4764,61749,18461,0,41477,1811,61749,50883595,0,-63465495,12581900,0,130350035,0,114519510,20361975,265231520,79466440,0,177985005,7780075,265231520
2022-11-09,4285,4330,4250,4300,40517,0.3500583430571762,-4393,1000,2588,805,0,13911,1000,22582,3024,40517,18304,0,19994,2219,40517,-18796020,4290000,10983340,3522680,0,59764120,4290000,96950420,13056120,174060660,78560140,0,85967080,9533440,174060660
2022-11-10,4300,4325,4250,4300,59819,0.0,25313,100,-27654,2241,0,30240,100,26796,2683,59819,4927,0,54450,442,59819,108910835,429970,-118973200,9632395,0,130046955,429970,115138275,11532590,257147790,21136120,0,234111475,1900195,257147790
2022-11-11,4340,4420,4330,4375,127966,1.744186046511628,-12089,32004,-29259,9344,0,24969,32004,60297,10696,127966,37058,0,89556,1352,127966,-53568125,140398595,-127842200,41011730,0,109193180,140398595,264419785,46899275,560910835,162761305,0,392261985,5887545,560910835
2022-11-14,4420,4420,4330,4375,60987,0.0,-366,1498,177,-1309,0,23938,1498,32556,2995,60987,24304,0,32379,4304,60987,-2020585,6525295,1196660,-5701370,0,104013900,6525295,142089790,13092465,265721450,106034485,0,140893130,18793835,265721450
2022-11-15,4375,4385,4330,4365,72234,-0.2285714285714286,-39512,13189,28555,-2232,0,7433,13189,47662,3950,72234,46945,0,19107,6182,72234,-171844085,57296205,124345580,-9797700,0,32373355,57296205,207561525,17219720,314450805,204217440,0,83215945,27017420,314450805
2022-11-16,4355,4425,4330,4400,45245,0.8018327605956471,-11408,10444,-3,967,0,5431,10444,26561,2809,45245,16839,0,26564,1842,45245,-49947975,45732045,-4615,4220545,0,23743300,45732045,116042365,12304910,197822620,73691275,0,116046980,8084365,197822620
2022-11-17,4365,4395,4335,4365,38117,-0.7954545454545454,-4087,227,8907,-5047,0,20724,227,17041,125,38117,24811,0,8134,5172,38117,-17685910,994260,38743840,-22052190,0,90538470,994260,74301370,546250,166380350,108224380,0,35557530,22598440,166380350
2022-11-18,4355,4400,4315,4360,68488,-0.11454753722794961,-12294,229,5062,7003,0,28358,229,29228,10673,68488,40652,0,24166,3670,68488,-52708750,993860,21313755,30401135,0,123956785,993860,126944400,46364960,298260005,176665535,0,105630645,15963825,298260005
2022-11-21,4335,4390,4315,4360,58880,0.0,2700,0,3534,-6234,0,29870,0,27010,2000,58880,27170,0,23476,8234,58880,12109445,0,15146695,-27256140,0,130083045,0,117241635,8680985,256005665,117973600,0,102094940,35937125,256005665
2022-11-22,4340,4365,4330,4365,33255,0.11467889908256881,2033,950,-407,-2576,0,22785,950,9270,250,33255,20752,0,9677,2826,33255,8893650,4123310,-1792380,-11224580,0,99317860,4123310,40342555,1087285,144871010,90424210,0,42134935,12311865,144871010
2022-11-23,4350,4380,4325,4370,55879,0.11454753722794961,-3116,1000,2862,-746,0,17816,1000,37061,2,55879,20932,0,34199,748,55879,-13321825,4340000,12238145,-3256320,0,77594745,4340000,161203825,8670,243147240,90916570,0,148965680,3264990,243147240
2022-11-24,4350,4380,4340,4370,79032,0.0,-19706,229,8032,11445,0,35327,229,29463,14013,79032,55033,0,21431,2568,79032,-85604285,996150,34729390,49878745,0,154053120,996150,128191125,61045450,344285845,239657405,0,93461735,11166705,344285845
2022-11-25,4345,4450,4345,4425,95545,1.2585812356979404,6110,-2312,-28063,24265,0,42460,2756,19355,30974,95545,36350,5068,47418,6709,95545,27041305,-10208515,-124137375,107304585,0,187008675,12115000,85103550,136845980,421073205,159967370,22323515,209240925,29541395,421073205
2022-11-28,4425,4450,4355,4370,70292,-1.2429378531073447,2175,2742,2678,-7595,0,40998,2742,20366,6186,70292,38823,0,17688,13781,70292,9869685,12123520,11362820,-33356025,0,179647645,12123520,89579725,27196430,308547320,169777960,0,78216905,60552455,308547320
2022-11-29,4495,4495,4370,4410,97139,0.9153318077803204,25570,-2140,-37257,13827,0,56271,228,21900,18740,97139,30701,2368,59157,4913,97139,113263985,-9458090,-165000660,61194765,0,248715430,1011180,96651035,82851130,429228775,135451445,10469270,261651695,21656365,429228775
2022-11-30,4410,4500,4410,4480,85988,1.5873015873015872,-2252,-632,-18734,21618,0,27965,2000,31130,24893,85988,30217,2632,49864,3275,85988,-10338340,-2624595,-83723570,96686505,0,124735040,8998845,139435000,111391890,384560775,135073380,11623440,223158570,14705385,384560775
2022-12-01,4490,4540,4480,4540,71955,1.3392857142857142,1372,156,3737,-5265,0,44071,223,24512,3149,71955,42699,67,20775,8414,71955,6290565,701105,16797130,-23788800,0,199300870,1004615,110829610,14255995,325391090,193010305,303510,94032480,38044795,325391090
2022-12-02,4545,4545,4490,4535,53280,-0.11013215859030838,1856,631,874,-3361,0,31743,631,12954,7952,53280,29887,0,12080,11313,53280,8402850,2846110,3918320,-15167280,0,143371020,2846110,58522160,35957525,240696815,134968170,0,54603840,51124805,240696815
2022-12-05,4535,4600,4500,4600,73006,1.4332965821389196,28928,1535,-20151,-10312,0,36111,1535,21921,13439,73006,7183,0,42072,23751,73006,132683135,7011070,-92508440,-47185765,0,165573730,7011070,100240610,61516790,334342200,32890595,0,192749050,108702555,334342200
2022-12-06,4600,4640,4540,4615,137529,0.32608695652173914,-14894,1683,45626,-32415,0,64866,1683,69672,1308,137529,79760,0,24046,33723,137529,-67948155,7741660,209599675,-149393180,0,299055080,7741660,320670720,6022235,633489695,367003235,0,111071045,155415415,633489695
2022-12-07,4615,4615,4490,4490,76746,-2.7085590465872156,7243,2048,15150,-24441,0,42902,2348,29047,2449,76746,35659,300,13897,26890,76746,33503515,9250885,68941225,-111695625,0,195543085,10624885,132185760,11100555,349454285,162039570,1374000,63244535,122796180,349454285
2022-12-08,4530,4620,4495,4540,43019,1.1135857461024499,17855,0,-5521,-12334,0,36512,0,5960,547,43019,18657,0,11481,12881,43019,81128835,0,-25158905,-55969930,0,165638155,0,27026935,2471130,195136220,84509320,0,52185840,58441060,195136220
2022-12-09,4605,4605,4500,4545,21298,0.11013215859030838,4911,217,-512,-4616,0,11857,217,9080,144,21298,6946,0,9592,4760,21298,22449430,985180,-2382415,-21052195,0,54011590,985180,41234685,649130,96880585,31562160,0,43617100,21701325,96880585
2022-12-12,4545,4560,4475,4510,37181,-0.77007700770077,-6943,5442,2993,-1492,0,9904,5442,18334,3501,37181,16847,0,15341,4993,37181,-31527565,24645630,13623840,-6741905,0,44740585,24645630,82831575,15814380,168032170,76268150,0,69207735,22556285,168032170
2022-12-13,4545,4545,4470,4500,34339,-0.22172949002217296,6921,188,-2748,-4361,0,28081,188,5982,88,34339,21160,0,8730,4449,34339,31162440,846940,-12380555,-19628825,0,126306615,846940,26901695,394735,154449985,95144175,0,39282250,20023560,154449985
2022-12-14,4500,4510,4495,4510,36452,0.2222222222222222,3105,1109,-1896,-2318,0,20757,1109,13187,1399,36452,17652,0,15083,3717,36452,13986300,4996045,-8546835,-10435510,0,93465055,4996045,59378705,6295730,164135535,79478755,0,67925540,16731240,164135535
2022-12-15,4510,4555,4475,4475,50235,-0.7760532150776054,7118,908,-2448,-5578,0,25884,908,23168,275,50235,18766,0,25616,5853,50235,32105475,4089320,-10942030,-25252765,0,116492245,4089320,104220095,1239740,226041400,84386770,0,115162125,26492505,226041400
2022-12-16,4475,4525,4465,4525,86103,1.1173184357541899,-44502,-68,-8154,52724,0,11161,0,11237,63705,86103,55663,68,19391,10981,86103,-200471465,-306680,-37148390,237926535,0,50114600,0,50388555,287361050,387864205,250586065,306680,87536945,49434515,387864205
2022-12-19,4525,4525,4465,4500,34689,-0.5524861878453038,3165,224,6345,-9734,0,13151,224,21304,10,34689,9986,0,14959,9744,34689,14211895,1002400,28387665,-43601960,0,58931305,1002400,95391905,44755,155370365,44719410,0,67004240,43646715,155370365
2022-12-20,4500,4500,4440,4465,32173,-0.7777777777777778,-3454,0,4519,-1065,0,9009,0,22346,818,32173,12463,0,17827,1883,32173,-15374785,0,20121320,-4746535,0,40158940,0,99556405,3643190,143358535,55533725,0,79435085,8389725,143358535
2022-12-21,4485,4500,4405,4440,28017,-0.5599104143337066,-7144,0,8549,-1405,0,6169,0,21657,191,28017,13313,0,13108,1596,28017,-31437585,0,37725410,-6287825,0,27342510,0,95641800,843745,123828055,58780095,0,57916390,7131570,123828055
2022-12-22,4440,4490,4395,4455,46546,0.33783783783783783,-6498,0,3194,3304,0,24753,0,16442,5351,46546,31251,0,13248,2047,46546,-28699145,0,14059555,14639590,0,109610405,0,72705305,23747065,206062775,138309550,0,58645750,9107475,206062775
2022-12-23,4455,4465,4405,4445,55171,-0.22446689113355783,-12008,2106,4650,5252,0,26081,2106,18356,8628,55171,38089,0,13706,3376,55171,-53146375,9356350,20522935,23267090,0,115789250,9356350,81381825,38256960,244784385,168935625,0,60858890,14989870,244784385
2022-12-26,4445,4460,4385,4400,114628,-1.0123734533183353,-70333,-43,72172,-1796,0,23046,2457,81895,7230,114628,93379,2500,9723,9026,114628,-309463255,-173095,317683285,-8046935,0,101598215,10836470,360600030,31798815,504833530,411061470,11009565,42916745,39845750,504833530
2022-12-27,4400,4440,4380,4425,54762,0.5681818181818182,-15810,6221,10022,-433,0,16201,6221,31059,1281,54762,32011,0,21037,1714,54762,-69090655,27515955,43477555,-1902855,0,71544745,27515955,136410160,5654420,241125280,140635400,0,92932605,7557275,241125280
2022-12-28,4400,4440,4365,4385,134204,-0.903954802259887,-94663,438,62271,31954,0,20777,438,78051,34938,134204,115440,0,15780,2984,134204,-414935720,1919225,272599805,140416690,0,91651440,1919225,342229655,153570685,589371005,506587160,0,69629850,13153995,589371005
2022-12-29,4390,4460,4385,4425,33790,0.9122006841505131,5207,40,-8776,3529,0,17569,40,9885,6296,33790,12362,0,18661,2767,33790,23035315,175500,-38982315,15771500,0,77403850,175500,43637135,27914030,149130515,54368535,0,82619450,12142530,149130515
2023-01-02,4435,4470,4410,4450,46347,0.5649717514124294,-10394,190,17408,-7204,0,7979,190,38083,95,46347,18373,0,20675,7299,46347,-46115950,839615,77176175,-31899840,0,35386995,839615,168837200,420595,205484405,81502945,0,91661025,32320435,205484405
2023-01-03,4450,4455,4410,4450,31566,0.0,7453,181,-8481,847,0,12454,181,15133,3798,31566,5001,0,23614,2951,31566,33020965,802150,-37596050,3772935,0,55275415,802150,67258620,16867810,140203995,22254450,0,104854670,13094875,140203995
2023-01-04,4455,4480,4445,4480,42830,0.6741573033707865,2192,337,2789,-5318,0,8933,405,32734,758,42830,6741,68,29945,6076,42830,9728390,1503515,12503510,-23735415,0,39888535,1807475,146092665,3377245,191165920,30160145,303960,133589155,27112660,191165920
2023-01-05,4490,4510,4490,4505,69129,0.5580357142857143,7017,-1114,1988,-7891,0,28343,329,33866,6591,69129,21326,1443,31878,14482,69129,31509470,-5024230,8972280,-35457520,0,127520765,1481145,152389225,29652230,311043365,96011295,6505375,143416945,65109750,311043365
2023-01-06,4505,4575,4500,4575,83303,1.553829078801332,5550,-5753,-18681,18884,0,29678,1448,29471,22706,83303,24128,7201,48152,3822,83303,25315995,-26090205,-85050875,85825085,0,134962415,6588390,133944175,103097910,378592890,109646420,32678595,218995050,17272825,378592890
2023-01-09,4580,4600,4515,4580,61774,0.1092896174863388,4917,-67,4403,-9253,0,15772,0,43895,2107,61774,10855,67,39492,11360,61774,22309280,-307530,20178650,-42180400,0,71830550,0,200364675,9590050,281785275,49521270,307530,180186025,51770450,281785275
2023-01-10,4590,4595,4540,4560,32308,-0.43668122270742354,12598,0,-8097,-4501,0,20066,0,11225,1017,32308,7468,0,19322,5518,32308,57414125,0,-36893210,-20520915,0,91409930,0,51142700,4634945,147187575,33995805,0,88035910,25155860,147187575
2023-01-11,4565,4580,4510,4530,49569,-0.6578947368421052,-14,-500,4675,-4161,0,13189,0,36367,13,49569,13203,500,31692,4174,49569,-720,-2272695,21151555,-18878140,0,59753170,0,164504165,59350,224316685,59753890,2272695,143352610,18937490,224316685
2023-01-12,4530,4560,4525,4555,26990,0.5518763796909493,2001,-1136,2964,-3829,0,8323,0,17833,834,26990,6322,1136,14869,4663,26990,9081970,-5149710,13467965,-17400225,0,37809665,0,80957505,3788085,122555255,28727695,5149710,67489540,21188310,122555255
2023-01-13,4565,4570,4520,4570,52454,0.3293084522502744,-9732,-1272,6188,4816,0,11316,5221,29990,5927,52454,21048,6493,23802,1111,52454,-44255880,-5685040,28014495,21926425,0,51505020,23753340,136321950,26977665,238557975,95760900,29438380,108307455,5051240,238557975
2023-01-16,4570,4685,4565,4675,160570,2.297592997811816,-10893,132,-44232,54993,0,32287,132,65818,62333,160570,43180,0,110050,7340,160570,-50012180,615260,-205736680,255133600,0,150504530,615260,305394995,289376005,745890790,200516710,0,511131675,34242405,745890790
2023-01-17,4685,4785,4685,4760,141812,1.8181818181818181,2933,120,-20535,17482,0,56068,120,57835,27789,141812,53135,0,78370,10307,141812,14135605,570000,-97311365,82605760,0,266765700,570000,275138550,131699260,674173510,252630095,0,372449915,49093500,674173510
2023-01-18,4775,4790,4715,4725,69565,-0.7352941176470588,4457,20,6569,-11046,0,26438,20,39105,4002,69565,21981,0,32536,15048,69565,21249090,94500,31134950,-52478540,0,125750230,94500,185440070,19011295,330296095,104501140,0,154305120,71489835,330296095
2023-01-19,4730,4765,4730,4750,42477,0.5291005291005291,4849,20,10065,-14934,0,16097,20,26125,235,42477,11248,0,16060,15169,42477,23041360,94750,47813005,-70949115,0,76519470,94750,124088315,1111760,201814295,53478110,0,76275310,72060875,201814295
2023-01-20,4750,4785,4735,4785,50436,0.7368421052631579,6258,170,-2904,-3524,0,17476,170,30818,1972,50436,11218,0,33722,5496,50436,29839985,815150,-13842995,-16812140,0,83435730,815150,147090625,9415285,240756790,53595745,0,160933620,26227425,240756790
2023-01-25,4800,4880,4790,4835,194062,1.044932079414838,6311,57983,-90421,26127,0,16489,70945,74975,31653,194062,10178,12962,165396,5526,194062,30458310,280160025,-437230095,126611760,0,79760605,342967165,362653380,153335235,938716385,49302295,62807140,799883475,26723475,938716385
2023-01-26,4845,4890,4820,4835,245039,0.0,-63821,166678,-47157,-55700,0,11359,166715,58286,8679,245039,75180,37,105443,64379,245039,-308694580,806408285,-228586860,-269126845,0,54992045,806587735,282110660,42176270,1185866710,363686625,179450,510697520,311303115,1185866710
2023-01-27,4845,4845,4815,4830,238851,-0.1034126163391934,-57515,124339,-47013,-19811,0,17314,126981,91799,2757,238851,74829,2642,138812,22568,238851,-277449950,599566710,-226571290,-95545470,0,83498650,612340780,443081160,13309970,1152230560,360948600,12774070,669652450,108855440,1152230560
2023-01-30,4635,4750,4635,4670,196185,-3.3126293995859215,-93222,88181,4560,481,0,19629,88181,69608,18767,196185,112851,0,65048,18286,196185,-436218685,412706685,21415725,2096275,0,92135425,412706685,326123235,87932270,918897615,528354110,0,304707510,85835995,918897615
2023-01-31,4655,4710,4540,4590,129259,-1.7130620985010707,9870,-7809,10218,-12279,0,51220,173,74585,3281,129259,41350,7982,64367,15560,129259,46070075,-36053195,46829215,-56846095,0,236125910,803430,342912505,14978725,594820570,190055835,36856625,296083290,71824820,594820570
2023-02-01,4590,4635,4580,4585,94611,-0.10893246187363835,-17904,0,8856,9048,0,56792,0,26181,11638,94611,74696,0,17325,2590,94611,-82176070,0,40619570,41556500,0,260877305,0,120316075,53474555,434667935,343053375,0,79696505,11918055,434667935
2023-02-02,4600,4645,4580,4625,212551,0.8724100327153763,-124367,1505,101472,21390,0,61449,1505,112054,37543,212551,185816,0,10582,16153,212551,-570065650,6905425,465289040,97871185,0,282167265,6905425,514019915,172259510,975352115,852232915,0,48730875,74388325,975352115
2023-02-03,4630,4640,4570,4635,66166,0.21621621621621623,-25712,432,24146,1134,0,12749,432,47352,5633,66166,38461,0,23206,4499,66166,-117925040,1993370,110819035,5112635,0,58751935,1993370,217593060,25901250,304239615,176676975,0,106774025,20788615,304239615
2023-02-06,4580,4640,4580,4640,23568,0.10787486515641855,5809,0,-3221,-2588,0,10894,0,11869,805,23568,5085,0,15090,3393,23568,26927555,0,-14953480,-11974075,0,50416045,0,54824880,3702520,108943445,23488490,0,69778360,15676595,108943445
2023-02-07,4640,4645,4610,4620,18285,-0.43103448275862066,2584,203,-833,-1954,0,8041,203,10041,0,18285,5457,0,10874,1954,18285,11929670,937860,-3840285,-9027245,0,37146100,937860,46458480,0,84542440,25216430,0,50298765,9027245,84542440
2023-02-08,4620,4900,4600,4685,30927,1.406926406926407,21371,0,-19702,-1669,0,22933,0,7318,676,30927,1562,0,27020,2345,30927,100881550,0,-93023685,-7857865,0,108133375,0,34054050,3128770,145316195,7251825,0,127077735,10986635,145316195
2023-02-09,4680,4680,4615,4650,14268,-0.7470651013874066,-1159,0,3489,-2330,0,4511,0,9746,11,14268,5670,0,6257,2341,14268,-5324665,0,16173580,-10848915,0,20933535,0,45253260,50875,66237670,26258200,0,29079680,10899790,66237670
2023-02-10,4650,4650,4600,4645,37032,-0.10752688172043011,6325,2023,2667,-11015,0,10687,2023,24311,11,37032,4362,0,21644,11026,37032,29310050,9367125,12315140,-50992315,0,49492320,9367125,112372955,50800,171283200,20182270,0,100057815,51043115,171283200
2023-02-13,4675,4675,4605,4620,27474,-0.5382131324004306,-2879,0,4570,-1691,0,6706,0,20768,0,27474,9585,0,16198,1691,27474,-13302110,0,21125260,-7823150,0,31036190,0,95972295,0,127008485,44338300,0,74847035,7823150,127008485
2023-02-14,4640,4665,4590,4615,40829,-0.10822510822510822,17611,-360,-12038,-5213,0,19245,62,21521,1,40829,1634,422,33559,5214,40829,81107610,-1666245,-55397260,-24044105,0,88641350,285510,99145050,4610,188076520,7533740,1951755,154542310,24048715,188076520
2023-02-15,4615,4615,4555,4605,41892,-0.21668472372697722,8185,10,-4083,-4112,0,15777,10,26075,30,41892,7592,0,30158,4142,41892,37606050,45775,-18754380,-18897445,0,72464610,45775,119279665,136855,191926905,34858560,0,138034045,19034300,191926905
2023-02-16,4605,4615,4555,4590,27393,-0.32573289902280134,-3191,4,6183,-2996,0,5781,4,20952,656,27393,8972,0,14769,3652,27393,-14595125,18290,28279590,-13702755,0,26482070,18290,95908820,3007525,125416705,41077195,0,67629230,16710280,125416705
2023-02-17,4610,4610,4565,4585,19372,-0.10893246187363835,-924,2,4378,-3456,0,2265,2,17102,3,19372,3189,0,12724,3459,19372,-4199310,9135,20018205,-15828030,0,10372660,9135,78251920,13730,88647445,14571970,0,58233715,15841760,88647445
2023-02-20,4600,4600,4535,4560,37591,-0.5452562704471101,6583,0,-2991,-3592,0,8541,0,29043,7,37591,1958,0,32034,3599,37591,29974535,0,-13601795,-16372740,0,38903365,0,132328515,31970,171263850,8928830,0,145930310,16404710,171263850
2023-02-21,4565,4565,4530,4545,29673,-0.3289473684210526,5897,0,-2488,-3409,0,15540,0,14132,1,29673,9643,0,16620,3410,29673,26883010,0,-11392095,-15490915,0,70653460,0,64153235,4540,134811235,43770450,0,75545330,15495455,134811235
2023-02-22,4525,4555,4495,4515,31870,-0.6600660066006601,8225,0,-6357,-1868,0,8453,0,23416,1,31870,228,0,29773,1869,31870,37112815,0,-28672545,-8440270,0,38142235,0,105645725,4540,143792500,1029420,0,134318270,8444810,143792500
2023-02-23,4500,4535,4480,4530,45685,0.33222591362126247,8106,323,-3801,-4628,0,21729,323,22164,1469,45685,13623,0,25965,6097,45685,36532150,1453385,-17146690,-20838845,0,97971265,1453385,99796620,6624985,205846255,61439115,0,116943310,27463830,205846255
2023-02-24,4570,4600,4500,4500,49766,-0.6622516556291391,6325,0,-7568,1243,0,23211,0,21318,5237,49766,16886,0,28886,3994,49766,28820890,0,-34501975,5681085,0,106179105,0,96780405,23951810,226911320,77358215,0,131282380,18270725,226911320
2023-02-27,4600,4600,4495,4585,67293,1.8888888888888888,1819,175,-19510,17516,0,14277,175,33208,19633,67293,12458,0,52718,2117,67293,8467925,789550,-88352990,79095515,0,64705330,789550,149668980,88793695,303957555,56237405,0,238021970,9698180,303957555
2023-02-28,4520,4590,4520,4570,32915,-0.3271537622682661,12304,252,-6385,-6171,0,16990,252,15198,475,32915,4686,0,21583,6646,32915,56003970,1144790,-28995225,-28153535,0,77302500,1144790,69128275,2163255,149738820,21298530,0,98123500,30316790,149738820
2023-03-02,4570,4570,4500,4535,35882,-0.7658643326039387,5047,119,-5469,303,0,19788,119,13982,1993,35882,14741,0,19451,1690,35882,22897755,538555,-24774990,1338680,0,89540600,538555,63225925,9007930,162313010,66642845,0,88000915,7669250,162313010
2023-03-03,4520,4570,4515,4530,14677,-0.11025358324145534,2543,200,-743,-2000,0,6723,200,7753,1,14677,4180,0,8496,2001,14677,11536160,905000,-3376780,-9064380,0,30440005,905000,35079410,4525,66428940,18903845,0,38456190,9068905,66428940
2023-03-06,4545,4560,4505,4560,36553,0.6622516556291391,-4901,0,8667,-3766,0,17890,0,17722,941,36553,22791,0,9055,4707,36553,-22019810,0,39076880,-17057070,0,80912145,0,80048620,4250730,165211495,102931955,0,40971740,21307800,165211495
2023-03-07,4560,4590,4525,4525,23630,-0.7675438596491228,10916,0,-10822,-94,0,12290,0,8921,2419,23630,1374,0,19743,2513,23630,49788975,0,-49354855,-434120,0,56064370,0,40589965,11045905,107700240,6275395,0,89944820,11480025,107700240
2023-03-08,4530,4555,4505,4535,24590,0.22099447513812157,14282,-55,-15506,1279,0,14502,0,7567,2521,24590,220,55,23073,1242,24590,64644220,-248875,-70189285,5793940,0,65640820,0,34163215,11413715,111217750,996600,248875,104352500,5619775,111217750
2023-03-09,4520,4545,4510,4530,14883,-0.11025358324145534,7182,-5,-5078,-2099,0,8130,0,5711,1042,14883,948,5,10789,3141,14883,32506380,-22615,-22989080,-9494685,0,36795820,0,25827345,4720805,67343970,4289440,22615,48816425,14215490,67343970
2023-03-10,4505,4575,4500,4545,54930,0.33112582781456956,26885,4051,-27157,-3779,0,28750,4051,19882,2247,54930,1865,0,47039,6026,54930,121960865,18229500,-123029285,-17161080,0,130395060,18229500,89877595,10184735,248686890,8434195,0,212906880,27345815,248686890
2023-03-13,4545,4545,4430,4430,64691,-2.5302530253025304,-2231,5222,2693,-5684,0,11362,5222,44367,3740,64691,13593,0,41674,9424,64691,-10114445,23500110,12364235,-25749900,0,51031400,23500110,198515030,16723130,289769670,61145845,0,186150795,42473030,289769670
2023-03-14,4455,4480,4430,4445,74436,0.33860045146726864,-39682,40589,-1423,516,0,10412,40589,19638,3797,74436,50094,0,21061,3281,74436,-176417645,180528130,-6339880,2229395,0,46389560,180528130,87521050,16890235,331328975,222807205,0,93860930,14660840,331328975
2023-03-15,4450,4540,4450,4495,36911,1.124859392575928,6704,360,-8116,1052,0,18974,360,13819,3758,36911,12270,0,21935,2706,36911,30351510,1613745,-36704265,4739010,0,85727565,1613745,62410855,16953475,166705640,55376055,0,99115120,12214465,166705640
2023-03-16,4495,4520,4450,4470,38885,-0.5561735261401557,-5081,8397,-4450,1134,0,20547,8397,8047,1894,38885,25628,0,12497,760,38885,-22366910,37467060,-20165125,5064975,0,92452750,37467060,35948145,8479230,174347185,114819660,0,56113270,3414255,174347185
2023-03-17,4490,4515,4470,4500,17728,0.6711409395973155,4613,1000,-4722,-891,0,7366,1000,8954,408,17728,2753,0,13676,1299,17728,20758400,4475000,-21211085,-4022315,0,33162400,4475000,40224150,1823780,79685330,12404000,0,61435235,5846095,79685330
2023-03-20,4500,4565,4480,4500,12438,0.0,1703,0,1348,-3051,0,2610,0,9801,27,12438,907,0,8453,3078,12438,7684505,0,6045915,-13730420,0,11756750,0,44046615,121285,55924650,4072245,0,38000700,13851705,55924650
2023-03-21,4500,4500,4465,4490,23187,-0.2222222222222222,3050,9,-214,-2845,0,10613,9,11994,571,23187,7563,0,12208,3416,23187,13749515,40275,-1036925,-12752865,0,47569590,40275,53709070,2553160,103872095,33820075,0,54745995,15306025,103872095
2023-03-22,4480,4495,4435,4490,35666,0.0,3296,3052,-2063,-4285,0,16240,3052,15533,841,35666,12944,0,17596,5126,35666,14817330,13566070,-9222895,-19160505,0,72441725,13566070,69101025,3746620,158855440,57624395,0,78323920,22907125,158855440
2023-03-23,4450,4485,4415,4440,30820,-1.1135857461024499,5599,7000,-9365,-3234,0,7822,7000,15193,805,30820,2223,0,24558,4039,30820,24888440,31015000,-41538930,-14364510,0,34728245,31015000,67387370,3558100,136688715,9839805,0,108926300,17922610,136688715
2023-03-24,4445,4455,4405,4425,17721,-0.33783783783783783,-342,100,-1619,1861,0,4638,100,10280,2703,17721,4980,0,11899,842,17721,-1498725,442050,-7147885,8204560,0,20489295,442050,45403270,11933750,78268365,21988020,0,52551155,3729190,78268365
2023-03-27,4400,4415,4315,4340,62963,-1.92090395480226,1106,13030,-8089,-6047,0,16860,13030,33073,0,62963,15754,0,41162,6047,62963,5038820,56904835,-35452835,-26490820,0,73260150,56904835,143720710,0,273885695,68221330,0,179173545,26490820,273885695
2023-03-28,4340,4355,4300,4340,20053,0.0,2420,4857,-6369,-908,0,5952,4857,8399,845,20053,3532,0,14768,1753,20053,10540380,21070810,-27635155,-3976035,0,25859170,21070810,36410780,3636540,86977300,15318790,0,64045935,7612575,86977300
2023-03-29,4340,4355,4320,4340,19212,0.0,3411,3775,-8921,1735,0,4272,3775,9427,1738,19212,861,0,18348,3,19212,14781430,16342500,-38654410,7530480,0,18508545,16342500,40817885,7543490,83212420,3727115,0,79472295,13010,83212420
2023-03-30,4310,4370,4310,4335,52071,-0.1152073732718894,-22558,7082,9926,5550,0,9640,7082,29660,5689,52071,32198,0,19734,139,52071,-98006695,30672200,43201095,24133400,0,41919110,30672200,128989650,24735915,226316875,139925805,0,85788555,602515,226316875
2023-03-31,4250,4380,4250,4380,81029,1.0380622837370241,-18533,4960,3965,9608,0,25106,4960,35874,15089,81029,43639,0,31909,5481,81029,-80801895,21558390,17453765,41789740,0,109082345,21558390,154978470,65528010,351147215,189884240,0,137524705,23738270,351147215
2023-04-03,4375,4470,4370,4440,31147,1.36986301369863,6785,4500,-20649,9364,0,12532,4500,3440,10675,31147,5747,0,24089,1311,31147,30024725,19830000,-91387020,41532295,0,55538190,19830000,15208080,47313205,137889475,25513465,0,106595100,5780910,137889475
2023-04-04,4440,4470,4425,4465,29897,0.5630630630630631,-8591,18189,-4516,-5082,0,6571,18189,5136,1,29897,15162,0,9652,5083,29897,-38255140,80925105,-20087380,-22582585,0,29217825,80925105,22825280,4450,132972660,67472965,0,42912660,22587035,132972660
2023-04-05,4455,4490,4420,4465,33062,0.0,5128,3887,-2818,-6197,0,19524,3887,8115,1536,33062,14396,0,10933,7733,33062,22950405,17245540,-12542310,-27653635,0,86874660,17245540,36011365,6804505,146936070,63924255,0,48553675,34458140,146936070
2023-04-06,4420,4455,4385,4415,47157,-1.1198208286674132,270,191,6235,-6696,0,15035,191,31217,714,47157,14765,0,24982,7410,47157,1248940,838990,27351805,-29439735,0,66106250,838990,137132310,3138145,207215695,64857310,0,109780505,32577880,207215695
2023-04-07,4385,4450,4370,4405,30876,-0.22650056625141565,-9511,5000,6715,-2204,0,6445,5000,18948,483,30876,15956,0,12233,2687,30876,-41615690,21915000,29390535,-9689845,0,28286120,21915000,83023960,2114040,135339120,69901810,0,53633425,11803885,135339120
2023-04-10,4405,4420,4355,4380,34435,-0.5675368898978433,-7384,5013,5550,-3179,0,7692,5013,20870,860,34435,15076,0,15320,4039,34435,-32388405,21976940,24386115,-13974650,0,33767530,21976940,91580885,3771115,151096470,66155935,0,67194770,17745765,151096470
2023-04-11,4350,4390,4350,4375,26303,-0.1141552511415525,-149,6300,-3623,-2528,0,8686,6300,11316,1,26303,8835,0,14939,2529,26303,-649335,27479500,-15762055,-11068110,0,37987800,27479500,49448790,4380,114920470,38637135,0,65210845,11072490,114920470
2023-04-12,4375,4375,4335,4350,49621,-0.5714285714285714,-16,13132,-13266,150,0,16827,13132,19021,641,49621,16843,0,32287,491,49621,-22615,57091170,-57716125,647570,0,73203105,57091170,82678380,2788330,215760985,73225720,0,140394505,2140760,215760985
2023-04-13,4350,4365,4300,4345,37479,-0.11494252873563218,-8735,4322,4436,-23,0,8898,4322,23004,1255,37479,17633,0,18568,1278,37479,-37618860,18669600,19081030,-131770,0,38522965,18669600,99333085,5411015,161936665,76141825,0,80252055,5542785,161936665
2023-04-14,4350,4435,4315,4415,87021,1.611047180667434,-24584,25678,-13674,12580,0,13804,25678,30887,16652,87021,38388,0,44561,4072,87021,-107166425,111716795,-59489475,54939105,0,60378695,111716795,134010375,72705055,378810920,167545120,0,193499850,17765950,378810920
2023-04-17,4430,4440,4375,4440,46220,0.5662514156285391,17142,0,-14913,-2229,0,27584,0,16565,2071,46220,10442,0,31478,4300,46220,75673175,0,-65786610,-9886565,0,121773305,0,72808530,9119665,203701500,46100130,0,138595140,19006230,203701500
2023-04-18,4460,4465,4370,4405,60317,-0.7882882882882882,-11056,4300,9837,-3081,0,25673,4300,28586,1758,60317,36729,0,18749,4839,60317,-48763720,19173265,43262240,-13671785,0,113360635,19173265,126245305,7720835,266500040,162124355,0,82983065,21392620,266500040
2023-04-19,4445,4445,4335,4400,50641,-0.11350737797956867,-9262,0,11584,-2322,0,22482,0,26977,1182,50641,31744,0,15393,3504,50641,-39973880,0,50212355,-10238475,0,98310485,0,117669910,5145110,221125505,138284365,0,67457555,15383585,221125505
2023-04-20,4410,4445,4340,4390,69449,-0.22727272727272727,-24613,250,15337,9026,0,27603,250,29183,12413,69449,52216,0,13846,3387,69449,-106636905,1089700,66377880,39169325,0,120893680,1089700,127351900,54096910,303432190,227530585,0,60974020,14927585,303432190
2023-04-21,4400,4485,4355,4420,58478,0.683371298405467,-389,9,-3404,3784,0,36967,9,9129,12373,58478,37356,0,12533,8589,58478,-1313195,39465,-15022400,16296130,0,162334420,39465,39928695,54208130,256510710,163647615,0,54951095,37912000,256510710
2023-04-24,4420,4435,4330,4335,63358,-1.9230769230769231,-28073,0,24349,3724,0,18347,0,33307,11704,63358,46420,0,8958,7980,63358,-121460655,0,105687450,15773205,0,80000070,0,144692355,50763480,275455905,201460725,0,39004905,34990275,275455905
2023-04-25,4365,4365,4265,4295,102842,-0.922722029988466,-60393,16045,45207,-859,0,17498,16045,62419,6880,102842,77891,0,17212,7739,102842,-258375815,68582525,193786955,-3993665,0,74994095,68582525,267520415,29429195,440526230,333369910,0,73733460,33422860,440526230
2023-04-26,4265,4330,4265,4290,22704,-0.11641443538998836,6383,69,-1184,-5268,0,14826,69,7807,2,22704,8443,0,8991,5270,22704,27527930,298080,-5161230,-22664780,0,63875875,298080,33582805,8600,97765360,36347945,0,38744035,22673380,97765360
2023-04-27,4290,4400,4265,4330,28286,0.9324009324009324,359,265,4156,-4780,0,12408,265,13358,2255,28286,12049,0,9202,7035,28286,1447500,1130450,18097605,-20675555,0,53539765,1130450,57771960,9665410,122107585,52092265,0,39674355,30340965,122107585
2023-04-28,4340,4340,4285,4325,23385,-0.11547344110854503,-9057,0,8078,979,0,3102,0,18817,1466,23385,12159,0,10739,487,23385,-39073765,0,34836530,4237235,0,13404800,0,81145465,6341440,100891705,52478565,0,46308935,2104205,100891705
2023-05-02,4330,4355,4325,4340,20933,0.3468208092485549,-4535,668,7261,-3394,0,8518,668,11746,1,20933,13053,0,4485,3395,20933,-19624930,2892440,31469880,-14737390,0,36935005,2892440,50913685,4340,90745470,56559935,0,19443805,14741730,90745470
2023-05-03,4350,4350,4330,4345,29592,0.1152073732718894,6757,30,-3955,-2832,0,18946,30,10615,1,29592,12189,0,14570,2833,29592,29374465,129975,-17222535,-12281905,0,82185470,129975,45996915,4335,128316695,52811005,0,63219450,12286240,128316695
2023-05-04,4350,4405,4330,4380,37553,0.805523590333717,14529,2484,-19541,2528,0,25998,2493,4006,5056,37553,11469,9,23547,2528,37553,63332200,10775720,-85095745,10987825,0,113334750,10814690,17401690,22019050,163570180,50002550,38970,102497435,11031225,163570180
2023-05-08,4400,4450,4375,4445,32545,1.4840182648401825,11590,0,-10829,-761,0,22934,0,6048,3563,32545,11344,0,16877,4324,32545,51211700,0,-47757955,-3453745,0,101155670,0,26661525,15697410,143514605,49943970,0,74419480,19151155,143514605
2023-05-09,4415,4485,4395,4485,45517,0.8998875140607425,12427,363,-7132,-5658,0,30760,363,12601,1793,45517,18333,0,19733,7451,45517,55511860,1604460,-31884770,-25231550,0,136891480,1604460,55997225,7978280,202471445,81379620,0,87881995,33209830,202471445
2023-05-10,4480,4510,4365,4460,88075,-0.5574136008918618,37392,0,-47470,10078,0,59801,0,16894,11380,88075,22409,0,64364,1302,88075,168106995,0,-213387625,45280630,0,268840635,0,75336545,51133870,395311050,100733640,0,288724170,5853240,395311050
2023-05-11,4485,4500,4460,4500,26005,0.8968609865470852,13381,0,-9525,-3856,0,18716,0,6855,434,26005,5335,0,16380,4290,26005,60026255,0,-42722490,-17303765,0,83952100,0,30687150,1939980,116579230,23925845,0,73409640,19243745,116579230
2023-05-12,4500,4530,4460,4530,38706,0.6666666666666667,22948,2724,-21699,-3973,0,31423,2724,4457,102,38706,8475,0,26156,4075,38706,103471955,12258000,-97864155,-17865800,0,141684830,12258000,20040000,456520,174439350,38212875,0,117904155,18322320,174439350
2023-05-15,4530,4550,4510,4540,26969,0.22075055187637968,7768,0,-6567,-1201,0,16428,0,9306,1235,26969,8660,0,15873,2436,26969,35291020,0,-29804885,-5486135,0,74533875,0,42191155,5583335,122308365,39242855,0,71996040,11069470,122308365
2023-05-16,4595,4600,4530,4580,56228,0.881057268722467,34966,0,-28966,-6000,0,51438,0,2296,2494,56228,16472,0,31262,8494,56228,159825440,0,-132268390,-27557050,0,235004135,0,10470775,11386590,256861500,75178695,0,142739165,38943640,256861500
2023-05-17,4595,4600,4550,4595,54733,0.32751091703056767,24403,0,-23958,-445,0,34282,0,18729,1722,54733,9879,0,42687,2167,54733,111886525,0,-109796855,-2089670,0,157191485,0,85872050,7843635,250907170,45304960,0,195668905,9933305,250907170
2023-05-18,4605,4605,4585,4600,35619,0.1088139281828074,-4111,0,5815,-1704,0,17016,0,18588,15,35619,21127,0,12773,1719,35619,-18874260,0,26699065,-7824805,0,78199840,0,85396865,69000,163665705,97074100,0,58697800,7893805,163665705
2023-05-19,4600,4610,4325,4595,71767,-0.10869565217391304,21859,60,-26357,4438,0,44214,60,19688,7805,71767,22355,0,46045,3367,71767,99664360,274650,-120363800,20424790,0,202349235,274650,90106795,35894850,328625530,102684875,0,210470595,15470060,328625530
2023-05-22,4595,4600,4545,4580,22301,-0.3264417845484222,6791,249,-7036,-4,0,13301,249,8700,51,22301,6510,0,15736,55,22301,31110435,1140495,-32232430,-18500,0,60995590,1140495,39912265,233800,102282150,29885155,0,72144695,252300,102282150
2023-05-23,4605,4605,4550,4570,14578,-0.21834061135371177,4741,0,-2748,-1993,0,9904,0,4674,0,14578,5163,0,7422,1993,14578,21649410,0,-12523045,-9126365,0,45298525,0,21414255,0,66712780,23649115,0,33937300,9126365,66712780
2023-05-24,4595,4595,4565,4575,16668,0.10940919037199125,3876,1165,-3173,-1868,0,11143,1165,4360,0,16668,7267,0,7533,1868,16668,17735435,5318225,-14495395,-8558265,0,50977420,5318225,19968805,0,76264450,33241985,0,34464200,8558265,76264450
2023-05-25,4600,4600,4535,4590,35542,0.32786885245901637,16613,0,-14579,-2034,0,31409,0,3874,259,35542,14796,0,18453,2293,35542,75892570,0,-66585775,-9306795,0,143610605,0,17689260,1178475,162478340,67718035,0,84275035,10485270,162478340
2023-05-26,4600,4600,4510,4590,34538,0.0,16268,0,-16034,-234,0,24278,0,8320,1940,34538,8010,0,24354,2174,34538,74410970,0,-73276925,-1134045,0,111058445,0,38016360,8838485,157913290,36647475,0,111293285,9972530,157913290
2023-05-30,4600,4600,4570,4600,29731,0.2178649237472767,5700,8430,-13333,-797,0,12617,8430,8683,1,29731,6917,0,22016,798,29731,26173205,38693700,-61209715,-3657190,0,57892650,38693700,39835240,4590,136426180,31719445,0,101044955,3661780,136426180
2023-05-31,4650,4650,4570,4615,26249,0.32608695652173914,4258,0,-6765,2507,0,16279,0,7400,2570,26249,12021,0,14165,63,26249,19649540,0,-31208255,11558715,0,75047125,0,34087040,11849770,120983935,55397585,0,65295295,291055,120983935
2023-06-01,4640,4640,4535,4615,52622,0.0,-7402,4000,941,2461,0,28700,4000,13517,6405,52622,36102,0,12576,3944,52622,-33423345,18270000,3803655,11349690,0,132140280,18270000,61833445,29514135,241757860,165563625,0,58029790,18164445,241757860
2023-06-02,4625,4625,4590,4600,16880,-0.3250270855904659,8893,0,-8657,-236,0,14506,0,2374,0,16880,5613,0,11031,236,16880,40932745,0,-39845690,-1087055,0,66761110,0,10925680,0,77686790,25828365,0,50771370,1087055,77686790
2023-06-05,4620,4620,4580,4620,25119,0.43478260869565216,6632,0,-6572,-60,0,13879,0,11239,1,25119,7247,0,17811,61,25119,30563975,0,-30287845,-276130,0,63937625,0,51738455,4600,115680680,33373650,0,82026300,280730,115680680
2023-06-07,4640,4640,4605,4610,26760,-0.21645021645021645,16277,1405,-17784,102,0,17038,1405,8208,109,26760,761,0,25992,7,26760,75262025,6477050,-82209685,470610,0,78769480,6477050,37850380,502845,123599755,3507455,0,120060065,32235,123599755
2023-06-08,4620,4620,4585,4595,20932,-0.32537960954446854,4518,0,-4518,0,0,10228,0,10703,1,20932,5710,0,15221,1,20932,20775430,0,-20775435,5,0,46967550,0,49149405,4590,96121545,26192120,0,69924840,4585,96121545
2023-06-09,4600,4640,4595,4600,37252,0.1088139281828074,17499,0,-18516,1017,0,25804,0,10085,1363,37252,8305,0,28601,346,37252,80975915,0,-85669370,4693455,0,119346165,0,46496010,6295885,172138060,38370250,0,132165380,1602430,172138060
2023-06-12,4615,4640,4605,4640,36268,0.8695652173913043,4031,1250,-6956,1675,0,23302,1250,9221,2495,36268,19271,0,16177,820,36268,18678775,5787500,-32209240,7742965,0,107943015,5787500,42726015,11540620,167997150,89264240,0,74935255,3797655,167997150
2023-06-13,4635,4650,4605,4650,37798,0.21551724137931033,14773,30,-11331,-3472,0,30766,30,7002,0,37798,15993,0,18333,3472,37798,68644810,138650,-52664955,-16118505,0,142823035,138650,32427575,0,175389260,74178225,0,85092530,16118505,175389260
2023-06-14,4650,4650,4575,4590,43375,-1.2903225806451613,14874,0,-14806,-68,0,26257,0,15740,1378,43375,11383,0,30546,1446,43375,68670860,0,-68328970,-341890,0,121175270,0,72532030,6363045,200070345,52504410,0,140861000,6704935,200070345
2023-06-15,4620,4620,4525,4580,28617,-0.2178649237472767,-13127,219,12167,741,0,3267,219,22856,2275,28617,16394,0,10689,1534,28617,-59889330,1001925,55556975,3330430,0,14912620,1001925,104411420,10343165,130669130,74801950,0,48854445,7012735,130669130
2023-06-16,4615,4615,4530,4560,21205,-0.43668122270742354,-26,174,-1496,1348,0,12418,174,5752,2861,21205,12444,0,7248,1513,21205,-9050,792570,-6844955,6061435,0,56535030,792570,26170950,12960355,96458905,56544080,0,33015905,6898920,96458905
2023-06-19,4560,4610,4515,4600,33898,0.8771929824561403,4174,0,-3778,-396,0,21639,0,9674,2585,33898,17465,0,13452,2981,33898,19447445,0,-17569325,-1878120,0,98672330,0,43928905,11740505,154341740,79224885,0,61498230,13618625,154341740
2023-06-20,4610,4640,4575,4640,32288,0.8695652173913043,18969,0,-16722,-2247,0,26051,0,5255,982,32288,7082,0,21977,3229,32288,87750740,0,-77313325,-10437415,0,120510550,0,24225980,4520205,149256735,32759810,0,101539305,14957620,149256735
2023-06-21,4645,4645,4565,4625,22680,-0.3232758620689655,6654,0,-5878,-776,0,17963,0,4475,242,22680,11309,0,10353,1018,22680,30888205,0,-27298025,-3590180,0,82997915,0,20645465,1109350,104752730,52109710,0,47943490,4699530,104752730
2023-06-22,4630,4630,4595,4625,13758,0.0,5670,14,-5681,-3,0,11718,14,1871,155,13758,6048,0,7552,158,13758,26143310,64330,-26191460,-16180,0,53985445,64330,8632070,713775,63395620,27842135,0,34823530,729955,63395620
2023-06-23,4625,4625,4595,4610,20231,-0.3243243243243243,13476,0,-13967,491,0,17164,0,2532,535,20231,3688,0,16499,44,20231,62049885,0,-64304965,2255080,0,79067600,0,11680070,2458325,93205995,17017715,0,75985035,203245,93205995
2023-06-26,4575,4610,4575,4600,19008,-0.21691973969631237,10197,0,-9663,-534,0,15051,0,3956,1,19008,4854,0,13619,535,19008,46903355,0,-44447900,-2455455,0,69212775,0,18191815,4605,87409195,22309420,0,62639715,2460060,87409195
2023-06-27,4610,4610,4575,4610,30569,0.21739130434782608,7989,0,-8112,123,0,20645,0,9738,186,30569,12656,0,17850,63,30569,36896390,0,-37459450,563060,0,94992190,0,44694660,852770,140539620,58095800,0,82154110,289710,140539620
2023-06-28,4615,4615,4550,4580,29925,-0.6507592190889371,-15257,0,13427,1830,0,11615,0,16472,1838,29925,26872,0,3045,8,29925,-69673795,0,61322870,8350925,0,53235060,0,75310460,8387720,136933240,122908855,0,13987590,36795,136933240
2023-06-29,4610,4610,4580,4595,17652,0.32751091703056767,7005,218,-7150,-73,0,9723,218,7518,193,17652,2718,0,14668,266,17652,32215505,1000620,-32880275,-335850,0,44684070,1000620,34476210,886570,81047470,12468565,0,67356485,1222420,81047470
2023-06-30,4605,4605,4560,4585,13650,-0.2176278563656148,-5248,-174,3510,1912,0,1390,0,10079,2181,13650,6638,174,6569,269,13650,-23975260,-797790,16052445,8720605,0,6362810,0,46109390,9956475,62428675,30338070,797790,30056945,1235870,62428675
2023-07-03,4540,4580,4515,4555,43000,-0.6543075245365322,-14590,0,14160,430,0,8772,0,29696,4532,43000,23362,0,15536,4102,43000,-66103965,0,64236195,1867770,0,39831325,0,134692945,20515825,195040095,105935290,0,70456750,18648055,195040095
2023-07-04,4555,4570,4525,4530,13311,-0.5488474204171241,945,32,854,-1831,0,6910,32,6368,1,13311,5965,0,5514,1832,13311,4325445,145375,3866035,-8336855,0,31403180,145375,28913175,4545,60466275,27077735,0,25047140,8341400,60466275
2023-07-05,4530,4530,4290,4300,244779,-5.077262693156733,-160748,27900,120137,12711,0,53423,27900,147263,16193,244779,214171,0,27126,3482,244779,-705061135,121918000,528388295,54754840,0,233565390,121918000,647463905,70179560,1073126855,938626525,0,119075610,15424720,1073126855
2023-07-06,4345,4345,4285,4310,88624,0.23255813953488372,-47746,2760,44501,485,0,27105,2760,54541,4218,88624,74851,0,10040,3733,88624,-205475385,11850300,191552800,2072285,0,116828760,11850300,234773025,18139160,381591245,322304145,0,43220225,16066875,381591245
2023-07-07,4345,4345,4235,4245,74437,-1.5081206496519721,-28863,8671,23605,-3413,0,23484,8671,38942,3340,74437,52347,0,15337,6753,74437,-122702680,36911395,100404810,-14613525,0,99826450,36911395,165799760,14172140,316709745,222529130,0,65394950,28785665,316709745
2023-07-10,4260,4305,4215,4245,77112,0.0,-58924,6920,56764,-4760,0,4921,6920,63343,1928,77112,63845,0,6579,6688,77112,-249529870,29254400,240420620,-20145150,0,20871040,29254400,268275495,8179705,326580640,270400910,0,27854875,28324855,326580640
2023-07-11,4260,4315,4215,4290,90249,1.0600706713780919,-28247,0,8580,19667,0,53607,0,16968,19674,90249,81854,0,8388,7,90249,-120934505,0,36852215,84082290,0,229956560,0,72808255,84112035,386876850,350891065,0,35956040,29745,386876850
2023-07-12,4315,4315,4280,4290,34184,0.0,-9175,0,12734,-3559,0,14765,0,18753,666,34184,23940,0,6019,4225,34184,-39395290,0,54641870,-15246580,0,63393325,0,80475025,2867115,146735465,102788615,0,25833155,18113695,146735465
2023-07-13,4285,4390,4280,4370,141007,1.8648018648018647,-59975,233,41311,18431,0,58046,233,59780,22948,141007,118021,0,18469,4517,141007,-260359965,1004230,179766010,79589725,0,251234250,1004230,259785125,99365535,611389140,511594215,0,80019115,19775810,611389140
2023-07-14,4370,4395,4345,4360,62219,-0.2288329519450801,-12951,0,6584,6367,0,39538,0,14916,7765,62219,52489,0,8332,1398,62219,-56509180,0,28665495,27843685,0,172542040,0,65058790,33942885,271543715,229051220,0,36393295,6099200,271543715
2023-07-17,4355,4355,4220,4245,92984,-2.637614678899083,-61541,1307,57323,2911,0,21748,1307,63372,6557,92984,83289,0,6049,3646,92984,-262098000,5587790,244309500,12200710,0,92926840,5587790,270359795,27955970,396830395,355024840,0,26050295,15755260,396830395
2023-07-18,4295,4295,4205,4225,128568,-0.47114252061248524,-74313,4500,86977,-17164,0,31180,4500,89758,3130,128568,105493,0,2781,20294,128568,-313687425,18945000,367344240,-72601815,0,131791740,18945000,379101065,13208430,543046235,445479165,0,11756825,85810245,543046235
2023-07-19,4320,4320,4190,4210,79733,-0.35502958579881655,-28677,6500,34326,-12149,0,28377,6500,43771,1085,79733,57054,0,9445,13234,79733,-120412125,27310000,144225860,-51123735,0,119373660,27310000,183965595,4558730,335207985,239785785,0,39739735,55682465,335207985
2023-07-20,4230,4235,4195,4205,54544,-0.11876484560570072,-30698,3500,25780,1418,0,17804,3500,31292,1948,54544,48502,0,5512,530,54544,-129100075,14700000,108428490,5971585,0,74950150,14700000,131602490,8202865,229455505,204050225,0,23174000,2231280,229455505
2023-07-21,4210,4210,4185,4200,107365,-0.11890606420927466,-60554,2700,59420,-1566,0,29500,2700,70774,4391,107365,90054,0,11354,5957,107365,-254092320,11313000,249334910,-6555590,0,123801815,11313000,296968075,18429870,450512760,377894135,0,47633165,24985460,450512760
2023-07-24,4225,4225,4160,4180,50749,-0.4761904761904762,-13270,2600,19510,-8840,0,9096,2600,39050,3,50749,22366,0,19540,8843,50749,-55256740,10816500,81330275,-36890035,0,37898260,10816500,162830390,12495,211557645,93155000,0,81500115,36902530,211557645
2023-07-25,4185,4185,4160,4180,51135,0.0,-10338,100,13002,-2764,0,25928,100,25106,1,51135,36266,0,12104,2765,51135,-43062400,416500,54175385,-11529485,0,108089125,416500,104629270,4170,213139065,151151525,0,50453885,11533655,213139065
2023-07-26,4180,4190,4145,4175,130271,-0.11961722488038277,-63123,2810,63294,-2981,0,25193,2810,102020,248,130271,88316,0,38726,3229,130271,-262996270,11665700,263791730,-12461160,0,104928485,11665700,425255485,1033305,542882975,367924755,0,161463755,13494465,542882975
2023-07-27,4170,4195,4070,4115,147945,-1.437125748502994,-45878,8250,36724,904,0,23707,8250,112748,3240,147945,69585,0,76024,2336,147945,-190122260,34041000,152296090,3785170,0,97824395,34041000,465839080,13462400,611166875,287946655,0,313542990,9677230,611166875
2023-07-28,4000,4000,3930,3960,187986,-3.766707168894289,-58421,4163,53036,1222,0,31872,17163,124901,14050,187986,90293,13000,71865,12828,187986,-231127585,16516275,209733650,4877660,0,126119685,68516275,494326195,55699405,744661560,357247270,52000000,284592545,50821745,744661560
2023-07-31,3985,3985,3940,3960,77475,0.0,-40627,100,43813,-3286,0,15399,100,61873,103,77475,56026,0,18060,3389,77475,-160651870,395295,173300745,-13044170,0,61001110,395295,244808640,407355,306612400,221652980,0,71507895,13451525,306612400
2023-08-01,3960,3995,3900,3970,99694,0.25252525252525254,-38530,537,29585,8408,0,20167,537,69672,9318,99694,58697,0,40087,910,99694,-152527195,2106520,117110905,33309770,0,79599385,2106520,274654625,36938605,393299135,232126580,0,157543720,3628835,393299135
2023-08-02,3995,3995,3950,3960,43061,-0.2518891687657431,-14634,5100,8412,1122,0,19049,5100,17538,1374,43061,33683,0,9126,252,43061,-57994625,20196495,33341230,4456900,0,75419705,20196495,69495355,5453785,170565340,133414330,0,36154125,996885,170565340
2023-08-03,3980,3980,3925,3955,33401,-0.12626262626262627,-15194,1,14967,226,0,10656,1,20461,2283,33401,25850,0,5494,2057,33401,-60100350,3960,59192340,904050,0,42121760,3960,80874455,9028315,132028490,102222110,0,21682115,8124265,132028490
2023-08-04,3970,3970,3945,3950,33873,-0.12642225031605564,-15617,2093,12749,775,0,9758,2093,18358,3664,33873,25375,0,5609,2889,33873,-61796975,8256885,50456395,3083695,0,38597200,8256885,72633065,14483850,133971000,100394175,0,22176670,11400155,133971000
2023-08-07,3960,3960,3915,3935,33246,-0.37974683544303794,-8170,2207,12047,-6084,0,11390,2207,19625,24,33246,19560,0,7578,6108,33246,-32154965,8683045,47422945,-23951025,0,44860545,8683045,77214680,94560,130852830,77015510,0,29791735,24045585,130852830
2023-08-08,3985,3985,3900,3915,64889,-0.5082592121982211,-18158,100,19109,-1051,0,31156,100,33633,0,64889,49314,0,14524,1051,64889,-70947740,391000,74688415,-4131675,0,121962220,391000,131572830,0,253926050,192909960,0,56884415,4131675,253926050
2023-08-09,3920,3920,3835,3850,121449,-1.6602809706257982,-71908,4500,61990,5418,0,40798,4500,69916,6235,121449,112706,0,7926,817,121449,-277293270,17486845,239045445,20760980,0,157637300,17486845,269796670,23944385,468865200,434930570,0,30751225,3183405,468865200
2023-08-10,3850,3875,3685,3685,309295,-4.285714285714286,-166299,4629,155186,6484,0,103408,4629,181939,19319,309295,269707,0,26753,12835,309295,-619442110,17643545,578535800,23262765,0,385793720,17643545,679197795,71640060,1154275120,1005235830,0,100661995,48377295,1154275120
2023-08-11,3700,3770,3590,3600,301014,-2.3066485753052914,-170762,9736,159831,1195,0,76460,9736,188709,26109,301014,247222,0,28878,24914,301014,-619339780,35432740,580558965,3348075,0,278102150,35432740,685737235,94861885,1094134010,897441930,0,105178270,91513810,1094134010
2023-08-14,3575,3670,3545,3650,207487,1.3888888888888888,-117841,6100,50147,61594,0,54819,6100,74617,71951,207487,172660,0,24470,10357,207487,-425252035,21954760,180691830,222605445,0,198490095,21954760,268970470,260076800,749492125,623742130,0,88278640,37471355,749492125
2023-08-16,3680,3680,3430,3605,85196,-1.2328767123287672,-50806,12177,33920,4709,0,11054,12177,51757,10208,85196,61860,0,17837,5499,85196,-183223080,43936390,122357185,16929505,0,39839965,43936390,186063995,36765895,306606245,223063045,0,63706810,19836390,306606245
2023-08-17,3625,3640,3550,3595,90676,-0.27739251040221913,-37358,3000,36004,-1646,0,26048,3000,50504,11124,90676,63406,0,14500,12770,90676,-134158900,10745000,129240955,-5827055,0,93514930,10745000,181212885,39912145,325384960,227673830,0,51971930,45739200,325384960
2023-08-18,3590,3590,3465,3490,198464,-2.920723226703755,-79232,5800,84712,-11280,0,32367,13800,143861,8436,198464,111599,8000,59149,19716,198464,-277687450,20499500,297314965,-40127015,0,114331935,48899500,506109935,29620155,698961525,392019385,28400000,208794970,69747170,698961525
2023-08-21,3510,3530,3495,3510,109108,0.5730659025787965,-64856,0,31601,33255,0,32471,0,43382,33255,109108,97327,0,11781,0,109108,-227695350,0,110971235,116724115,0,114094840,0,152309945,116724115,383128900,341790190,0,41338710,0,383128900
2023-08-22,3525,3525,3470,3485,115019,-0.7122507122507122,-43958,157,51906,-8105,0,39543,157,68130,7189,115019,83501,0,16224,15294,115019,-153216975,546250,180891775,-28221050,0,137974485,546250,237355190,25082310,400958235,291191460,0,56463415,53303360,400958235
2023-08-23,3485,3500,3425,3460,206823,-0.7173601147776184,-139496,237,131297,7962,0,40653,237,140987,24946,206823,180149,0,9690,16984,206823,-480089275,820120,452128570,27140585,0,139950410,820120,485505875,85728325,712004730,620039685,0,33377305,58587740,712004730
2023-08-24,3460,3480,3420,3460,67727,0.0,-37850,451,21451,15948,0,17700,451,30580,18996,67727,55550,0,9129,3048,67727,-130591105,1555450,73953290,55082365,0,61105370,1555450,105390540,65580015,233631375,191696475,0,31437250,10497650,233631375
2023-08-25,3495,3495,3445,3470,40144,0.2890173410404624,-29165,0,21497,7668,0,5963,0,25056,9125,40144,35128,0,3559,1457,40144,-100884780,0,74345400,26539380,0,20644055,0,86641650,31573885,138859590,121528835,0,12296250,5034505,138859590
2023-08-28,3470,3560,3460,3540,141176,2.0172910662824206,-90220,0,37779,52441,0,35763,0,52775,52638,141176,125983,0,14996,197,141176,-316657355,0,132328250,184329105,0,125735875,0,185186475,185015650,495938000,442393230,0,52858225,686545,495938000
2023-08-29,3535,3590,3535,3580,127071,1.1299435028248588,-84358,4541,55058,24759,0,18579,4541,72810,31141,127071,102937,0,17752,6382,127071,-301397440,16228385,196781160,88387895,0,66408235,16228385,260205815,111147715,453990150,367805675,0,63424655,22759820,453990150
2023-08-30,3595,3675,3590,3625,122655,1.2569832402234637,-55406,3144,21611,30651,0,32041,3144,45456,42014,122655,87447,0,23845,11363,122655,-200521340,11342680,78184065,110994595,0,115742005,11342680,164400035,151988665,443473385,316263345,0,86215970,40994070,443473385
2023-08-31,3650,3665,3620,3660,91487,0.9655172413793104,-38413,9245,26496,2672,0,24426,14245,39991,12825,91487,62839,5000,13495,10153,91487,-139679035,33630440,96197665,9850930,0,88878865,52030440,145289345,46674940,332873590,228557900,18400000,49091680,36824010,332873590
2023-09-01,3680,3680,3615,3630,97333,-0.819672131147541,-23780,2200,55879,-34299,0,15936,2200,70441,8756,97333,39716,0,14562,43055,97333,-86892075,8066905,203661370,-124836200,0,58153665,8066905,256730175,31852915,354803660,145045740,0,53068805,156689115,354803660
2023-09-04,3630,3630,3505,3515,169872,-3.1680440771349865,-54779,2300,107917,-55438,0,40678,2300,125432,1462,169872,95457,0,17515,56900,169872,-193276110,8101500,382087310,-196912700,0,143393030,8101500,444133570,5151500,600779600,336669140,0,62046260,202064200,600779600
2023-09-05,3535,3535,3435,3450,175518,-1.849217638691323,-61893,953,93363,-32423,0,50894,953,123567,104,175518,112787,0,30204,32527,175518,-213921865,3302645,323423570,-112804350,0,176774310,3302645,428304460,362055,608743470,390696175,0,104880890,113166405,608743470
2023-09-06,3450,3450,3420,3425,175692,-0.7246376811594203,-102064,100,99787,2177,0,50623,100,111430,13539,175692,152687,0,11643,11362,175692,-350144435,343000,342420900,7380535,0,173781080,343000,382455090,46458705,603037875,523925515,0,40034190,39078170,603037875
2023-09-07,3505,3505,3415,3425,87508,0.0,-42826,292,46442,-3908,0,19760,292,66639,817,87508,62586,0,20197,4725,87508,-146584650,1001560,158986050,-13402960,0,67730860,1001560,228353775,2823255,299909450,214315510,0,69367725,16226215,299909450
2023-09-08,3430,3485,3415,3450,250978,0.7299270072992701,-194822,3040,126163,65619,0,37635,3040,141204,69099,250978,232457,0,15041,3480,250978,-668587350,10456700,432445125,225685525,0,130148115,10456700,484283980,237737925,862626720,798735465,0,51838855,12052400,862626720
2023-09-11,3500,3575,3455,3545,132073,2.753623188405797,-60300,5468,-4976,59808,0,22744,5468,41030,62831,132073,83044,0,46006,3023,132073,-212030625,19215220,-18028530,210843935,0,79888065,19215220,143903680,221497570,464504535,291918690,0,161932210,10653635,464504535
2023-09-12,3585,3585,3500,3530,68912,-0.4231311706629055,-9297,2416,37673,-30792,0,11470,2416,54802,224,68912,20767,0,17129,31016,68912,-32810085,8530640,133033200,-108753755,0,40360915,8530640,193297840,795040,242984435,73171000,0,60264640,109548795,242984435
2023-09-13,3540,3540,3480,3485,71553,-1.2747875354107647,-22788,7700,37209,-22121,0,16574,7700,47237,42,71553,39362,0,10028,22163,71553,-79388895,26816000,129952165,-77379270,0,57959420,26816000,165018990,147675,249942085,137348315,0,35066825,77526945,249942085
2023-09-14,3490,3600,3470,3600,75097,3.2998565279770444,-42985,520,29614,12851,0,12486,520,38502,23589,75097,55471,0,8888,10738,75097,-150514340,1804500,102611605,46098235,0,43829390,1804500,134100585,83943145,263677620,194343730,0,31488980,37844910,263677620
2023-09-15,3580,3580,3470,3580,116712,-0.5555555555555556,-47548,1330,37021,9197,0,31743,1330,53449,30190,116712,79291,0,16428,20993,116712,-167500440,4676300,130272610,32551530,0,112078295,4676300,188300110,106905390,411960095,279578735,0,58027500,74353860,411960095
2023-09-18,3605,3605,3545,3570,63371,-0.27932960893854747,-16382,0,41745,-25363,0,8196,0,51853,3322,63371,24578,0,10108,28685,63371,-58330520,0,148820255,-90489735,0,29182630,0,184844110,11880900,225907640,87513150,0,36023855,102370635,225907640
2023-09-19,3585,3585,3520,3535,63686,-0.9803921568627451,-17973,2939,43210,-28176,0,12940,2939,47805,2,63686,30913,0,4595,28178,63686,-63473830,10386865,152667805,-99580840,0,45771080,10386865,168927080,7070,225092095,109244910,0,16259275,99587910,225092095
2023-09-20,3550,3550,3520,3530,48634,-0.14144271570014144,-7699,2832,6912,-2045,0,16784,2832,24501,4517,48634,24483,0,17589,6562,48634,-27151330,9995790,24400715,-7245175,0,59213125,9995790,86428980,15930260,171568155,86364455,0,62028265,23175435,171568155
2023-09-21,3565,3565,3485,3495,75183,-0.9915014164305949,-29184,1000,35555,-7371,0,17259,1000,56922,2,75183,46443,0,21367,7373,75183,-101993155,3490000,124389355,-25886200,0,60387755,3490000,199096980,6980,262981715,162380910,0,74707625,25893180,262981715
2023-09-22,3525,3525,3460,3485,47062,-0.28612303290414876,-17633,0,31066,-13433,0,7096,0,39208,758,47062,24729,0,8142,14191,47062,-61229245,0,107855505,-46626260,0,24649040,0,136129340,2633965,163412345,85878285,0,28273835,49260225,163412345
2023-09-25,3485,3530,3475,3500,70847,0.430416068866571,-53443,0,47261,6182,0,10390,0,51913,8544,70847,63833,0,4652,2362,70847,-187021060,0,165400535,21620525,0,36373385,0,181707310,29885845,247966540,223394445,0,16306775,8265320,247966540
2023-09-26,3500,3505,3465,3480,55899,-0.5714285714285714,-13664,3000,19664,-9000,0,14615,3000,38177,107,55899,28279,0,18513,9107,55899,-47474965,10410000,68444200,-31379235,0,50889110,10410000,132825355,373195,194497660,98364075,0,64381155,31752430,194497660
2023-09-27,3510,3595,3445,3550,159401,2.0114942528735633,-2389,3000,9547,-10158,0,95024,3000,37919,23458,159401,97413,0,28372,33616,159401,-7353750,10620000,33097110,-36363360,0,335087125,10620000,132386225,82307340,560400690,342440875,0,99289115,118670700,560400690
2023-10-04,3570,3570,3475,3485,67445,-1.8309859154929577,3133,0,16870,-20003,0,24128,0,40969,2348,67445,20995,0,24099,22351,67445,10890635,0,58867715,-69758350,0,84246310,0,142997655,8204700,235448665,73355675,0,84129940,77963050,235448665
2023-10-05,3500,3500,3470,3490,56865,0.1434720229555237,-5221,0,15569,-10348,0,17362,0,38466,1037,56865,22583,0,22897,11385,56865,-18231810,0,54315875,-36084065,0,60567315,0,134171115,3606335,198344765,78799125,0,79855240,39690400,198344765
2023-10-06,3525,3530,3480,3495,67678,0.14326647564469913,-20030,70,18955,1005,0,24864,70,34009,8735,67678,44894,0,15054,7730,67678,-70071965,245000,66200785,3626180,0,87021475,245000,118763345,30626490,236656310,157093440,0,52562560,27000310,236656310
2023-10-10,3500,3500,3455,3480,57833,-0.4291845493562232,-18110,-2912,34489,-13467,0,16393,88,40897,455,57833,34503,3000,6408,13922,57833,-62903140,-10115690,119830335,-46811505,0,57090130,306240,142145205,1574305,201115880,119993270,10421930,22314870,48385810,201115880
2023-10-11,3490,3570,3470,3490,111315,0.28735632183908044,-23988,0,22753,1235,0,54661,0,48115,8539,111315,78649,0,25362,7304,111315,-83626745,0,79262390,4364355,0,190221320,0,167458590,29753700,387433610,273848065,0,88196200,25389345,387433610
2023-10-12,3495,3495,3485,3490,39573,0.0,-21431,0,16681,4750,0,13118,0,21598,4857,39573,34549,0,4917,107,39573,-74753390,0,58173495,16579895,0,45756520,0,75331050,16953305,138040875,120509910,0,17157555,373410,138040875
2023-10-13,3490,3540,3450,3485,74467,-0.14326647564469913,-14268,15,8088,6165,0,21161,15,43092,10199,74467,35429,0,35004,4034,74467,-49581050,52050,28098435,21430565,0,73645220,52050,149641365,35514195,258852830,123226270,0,121542930,14083630,258852830
2023-10-16,3480,3595,3470,3485,47828,0.0,-28591,5740,23738,-887,0,6757,5740,31402,3929,47828,35348,0,7664,4816,47828,-99585980,20003800,82698965,-3116785,0,23597400,20003800,109396800,13696040,166694040,123183380,0,26697835,16812825,166694040
2023-10-17,3500,3525,3480,3500,82308,0.430416068866571,-61322,10607,36324,14391,0,10555,10607,46000,15146,82308,71877,0,9676,755,82308,-214071790,37094490,126702415,50274885,0,36869940,37094490,160464490,52919690,287348610,250941730,0,33762075,2644805,287348610
2023-10-18,3490,3490,3470,3485,58364,-0.4285714285714286,-6574,0,1212,5362,0,10036,0,40248,8080,58364,16610,0,39036,2718,58364,-22901215,0,4222775,18678440,0,34934620,0,140044290,28123495,203102405,57835835,0,135821515,9445055,203102405
2023-10-19,3510,3510,3460,3480,32745,-0.1434720229555237,3581,288,6307,-10176,0,13483,288,18969,5,32745,9902,0,12662,10181,32745,12480220,1000800,21919585,-35400605,0,46918610,1000800,65980940,17355,113917705,34438390,0,44061355,35417960,113917705
2023-10-20,3500,3500,3450,3460,62689,-0.5747126436781609,-31978,45,40038,-8105,0,11000,45,51604,40,62689,42978,0,11566,8145,62689,-110569440,155700,138454175,-28040435,0,38038135,155700,178429125,138405,216761365,148607575,0,39974950,28178840,216761365
2023-10-23,3450,3455,3410,3420,65470,-1.1560693641618496,-18380,3000,35500,-20120,0,14480,3000,46317,1673,65470,32860,0,10817,21793,65470,-62949225,10305000,121703970,-69059745,0,49745180,10305000,158891010,5763475,224704665,112694405,0,37187040,74823220,224704665
2023-10-24,3460,3460,3405,3415,62259,-0.14619883040935672,-4569,-12430,30868,-13869,0,6886,0,54868,505,62259,11455,12430,24000,14374,62259,-15629100,-42510600,105457370,-47317670,0,23519550,0,187354990,1729575,212604115,39148650,42510600,81897620,49047245,212604115
2023-10-25,3535,3535,3420,3430,74666,0.43923865300146414,-19575,0,29222,-9647,0,10012,0,64094,560,74666,29587,0,34872,10207,74666,-67072880,0,100172125,-33099245,0,34557265,0,219927950,1916720,256401935,101630145,0,119755825,35015965,256401935
2023-10-26,3475,3475,3375,3420,71478,-0.2915451895043732,-9389,-23170,44313,-11754,0,5014,100,64369,1995,71478,14403,23270,20056,13749,71478,-32011335,-78576725,150750125,-40162065,0,17080380,341500,219196305,6760820,243379005,49091715,78918225,68446180,46922885,243379005
2023-10-27,3420,3440,3405,3430,54950,0.29239766081871343,-23820,654,9865,13301,0,12277,654,27276,14743,54950,36097,0,17411,1442,54950,-81605640,2239950,33789530,45576160,0,42057405,2239950,93404120,50511805,188213280,123663045,0,59614590,4935645,188213280
2023-10-30,3480,3480,3410,3420,70145,-0.2915451895043732,-47268,0,52823,-5555,0,5656,0,59088,5401,70145,52924,0,6265,10956,70145,-162298500,0,181195035,-18896535,0,19398235,0,202695690,18584190,240678115,181696735,0,21500655,37480725,240678115
2023-10-31,3430,3430,3410,3425,38559,0.14619883040935672,221,-108,7965,-8078,0,8490,10000,20067,2,38559,8269,10108,12102,8080,38559,771125,-368820,27193630,-27595935,0,29031745,34500000,68517880,6830,132056455,28260620,34868820,41324250,27602765,132056455
2023-11-01,3420,3435,3405,3420,19216,-0.145985401459854,-8711,0,10408,-1697,0,5842,0,12961,413,19216,14553,0,2553,2110,19216,-29787535,0,35585065,-5797530,0,19946390,0,44311960,1414300,65672650,49733925,0,8726895,7211830,65672650
2023-11-02,3445,3535,3420,3425,29989,0.14619883040935672,-8849,0,11011,-2162,0,8652,0,19820,1517,29989,17501,0,8809,3679,29989,-30331810,0,37713485,-7381675,0,29641085,0,67911545,5225470,102778100,59972895,0,30198060,12607145,102778100
2023-11-03,3480,3505,3430,3505,95849,2.335766423357664,-45731,6000,3388,36343,0,22477,6000,28380,38992,95849,68208,0,24992,2649,95849,-158383705,21010000,11390365,125983340,0,77908020,21010000,97964410,135160790,332043220,236291725,0,86574045,9177450,332043220
2023-11-06,3530,3595,3510,3530,139164,0.7132667617689016,-49763,68,25513,24182,0,23880,68,75527,39689,139164,73643,0,50014,15507,139164,-176408415,239120,90368620,85800675,0,84699105,239120,267181925,140796425,492916575,261107520,0,176813305,54995750,492916575
2023-11-07,3595,3595,3485,3510,48590,-0.56657223796034,-428,0,24148,-23720,0,17288,0,31246,56,48590,17716,0,7098,23776,48590,-1395585,0,84493450,-83097865,0,60655530,0,109294925,195720,170146175,62051115,0,24801475,83293585,170146175
2023-11-08,3510,3510,3475,3500,31827,-0.2849002849002849,-1992,1673,15010,-14691,0,13047,1673,17099,8,31827,15039,0,2089,14699,31827,-6917160,5823200,52344910,-51250950,0,45523125,5823200,59640395,27850,111014570,52440285,0,7295485,51278800,111014570
2023-11-09,3500,3770,3490,3520,125472,0.5714285714285714,-45545,0,54683,-9138,0,27577,0,95273,2622,125472,73122,0,40590,11760,125472,-166035890,0,198482375,-32446485,0,97471540,0,345041150,9308745,451821435,263507430,0,146558775,41755230,451821435
2023-11-10,3525,3535,3495,3525,32392,0.14204545454545456,-956,153,2157,-1354,0,9261,153,19222,3756,32392,10217,0,17065,5110,32392,-3384010,538595,7641160,-4795745,0,32570780,538595,67478205,13170230,113757810,35954790,0,59837045,17965975,113757810
2023-11-13,3575,3575,3505,3550,48275,0.7092198581560284,-17715,0,23339,-5624,0,11040,0,35029,2206,48275,28755,0,11690,7830,48275,-62612840,0,82516895,-19904055,0,38956525,0,123773005,7780190,170509720,101569365,0,41256110,27684245,170509720
2023-11-14,3550,3555,3525,3555,22439,0.14084507042253522,-9029,0,5488,3541,0,6991,0,11251,4197,22439,16020,0,5763,656,22439,-31904210,0,19380275,12523935,0,24749875,0,39769370,14844285,79363530,56654085,0,20389095,2320350,79363530
2023-11-15,3565,3645,3565,3590,55449,0.9845288326300985,-1812,-7,2755,-936,0,20411,0,29538,5500,55449,22223,7,26783,6436,55449,-6408540,-25145,9917880,-3484195,0,73565935,0,106401410,19767765,199735110,79974475,25145,96483530,23251960,199735110
2023-11-16,3590,3620,3570,3605,45972,0.4178272980501393,4276,0,-10591,6315,0,18239,0,19851,7882,45972,13963,0,30442,1567,45972,15315890,0,-38018370,22702480,0,65536600,0,71328970,28338530,165204100,50220710,0,109347340,5636050,165204100
2023-11-17,3645,3645,3590,3630,40087,0.6934812760055479,-14009,-234,12228,2015,0,9840,200,25504,4543,40087,23849,434,13276,2528,40087,-50594050,-844910,44151080,7287880,0,35633355,724000,92229140,16436205,145022700,86227405,1568910,48078060,9148325,145022700
2023-11-20,3620,3690,3620,3690,74276,1.6528925619834711,-22358,0,1821,20537,0,12166,0,39243,22867,74276,34524,0,37422,2330,74276,-82145210,0,6846045,75299165,0,44649255,0,144051990,83860475,272561720,126794465,0,137205945,8561310,272561720
2023-11-21,3690,3725,3650,3660,184695,-0.8130081300813009,-118601,49200,11974,57427,0,8822,49200,59738,66935,184695,127423,0,47764,9508,184695,-439251305,182962000,43799645,212489660,0,32603170,182962000,220542500,247550645,683658315,471854475,0,176742855,35060985,683658315
2023-11-22,3660,3660,3605,3660,68568,0.0,-23370,100,38933,-15663,0,12322,100,55218,928,68568,35692,0,16285,16591,68568,-84621135,361500,140980495,-56720860,0,44676785,361500,199988385,3360060,248386730,129297920,0,59007890,60080920,248386730
2023-11-23,3660,3665,3620,3650,55397,-0.273224043715847,-6397,-4180,23938,-13361,0,16961,120,34576,3740,55397,23358,4300,10638,17101,55397,-23055095,-15130900,86765630,-48579635,0,61650345,435100,125374320,13562545,201022310,84705440,15566000,38608690,62142180,201022310
2023-11-24,3650,3650,3625,3635,30687,-0.410958904109589,-22436,0,18966,3470,0,4137,0,22929,3621,30687,26573,0,3963,151,30687,-81410350,0,68809140,12601210,0,15019500,0,83195855,13148590,111363945,96429850,0,14386715,547380,111363945
2023-11-27,3635,3655,3610,3650,48249,0.41265474552957354,-8164,0,9536,-1372,0,12363,0,32783,3103,48249,20527,0,23247,4475,48249,-29467935,0,34438770,-4970835,0,44888295,0,118646970,11243510,174778775,74356230,0,84208200,16214345,174778775
2023-11-28,3650,3650,3625,3640,38365,-0.273972602739726,-14932,0,16796,-1864,0,8547,0,27433,2385,38365,23479,0,10637,4249,38365,-54226545,0,60996450,-6769905,0,31052065,0,99645640,8667060,139364765,85278610,0,38649190,15436965,139364765
2023-11-29,3635,3655,3615,3645,66524,0.13736263736263737,-18975,300,5008,13667,0,13580,300,31821,20823,66524,32555,0,26813,7156,66524,-69070405,1086000,18089130,49895275,0,49393490,1086000,115757245,75865960,242102695,118463895,0,97668115,25970685,242102695
2023-11-30,3645,3670,3450,3670,130015,0.6858710562414266,7552,0,-30494,22942,0,33794,0,67067,29154,130015,26242,0,97561,6212,130015,27394645,0,-111107565,83712920,0,122997225,0,243180475,106249385,472427085,95602580,0,354288040,22536465,472427085
2023-12-01,3660,3785,3660,3780,115350,2.997275204359673,-21813,1276,-31257,51794,0,16026,5255,42229,51840,115350,37839,3979,73486,46,115350,-81365235,4938855,-117080655,193507035,0,60274055,20456955,157518500,193680035,431929545,141639290,15518100,274599155,173000,431929545
2023-12-04,3780,3875,3775,3845,112629,1.7195767195767195,7735,23,-36264,28506,0,38110,2000,42402,30117,112629,30375,1977,78666,1611,112629,30241510,89700,-139039225,108708015,0,146567465,7800000,162526655,114830745,431724865,116325955,7710300,301565880,6122730,431724865
2023-12-05,3820,3890,3820,3880,64766,0.9102730819245773,-17095,0,6280,10815,0,4097,0,48280,12389,64766,21192,0,42000,1574,64766,-65890730,0,24149405,41741325,0,15805300,0,186165050,47802035,249772385,81696030,0,162015645,6060710,249772385
2023-12-06,3885,3930,3835,3875,73442,-0.12886597938144329,-16366,-12,37310,-20932,0,8218,80,63048,2096,73442,24584,92,25738,23028,73442,-63123740,-46505,144276895,-81106650,0,31837555,309400,244253690,8158695,284559340,94961295,355905,99976795,89265345,284559340
2023-12-07,3875,3880,3825,3880,49246,0.12903225806451613,-4387,-60,12681,-8234,0,7097,0,37484,4665,49246,11484,60,24803,12899,49246,-16767015,-230910,48725875,-31727950,0,27415285,0,144653410,18071750,190140445,44182300,230910,95927535,49799700,190140445
2023-12-08,3875,3910,3870,3905,79582,0.6443298969072164,565,424,-7434,6445,0,21627,16728,30407,10820,79582,21062,16304,37841,4375,79582,2210495,1644050,-28985820,25131275,0,84201325,65229650,118385205,42167530,309983710,81990830,63585600,147371025,17036255,309983710
2023-12-11,3905,3905,3865,3880,30961,-0.6402048655569782,3332,1060,6705,-11097,0,8975,1060,20924,2,30961,5643,0,14219,11099,30961,12921920,4128400,26046730,-43097050,0,34869655,4128400,81237030,7780,120242865,21947735,0,55190300,43104830,120242865
2023-12-12,3870,3890,3850,3890,53371,0.25773195876288657,-7492,-4550,14157,-2115,0,15328,0,36413,1630,53371,22820,4550,22256,3745,53371,-28986915,-17617255,54793700,-8189530,0,59501675,0,141105500,6326240,206933415,88488590,17617255,86311800,14515770,206933415
2023-12-13,3910,3935,3890,3930,95332,1.0282776349614395,-14392,0,-17610,32002,0,28512,0,33416,33404,95332,42904,0,51026,1402,95332,-56070005,0,-69098370,125168375,0,111941395,0,131049885,130665475,373656755,168011400,0,200148255,5497100,373656755
2023-12-14,3940,4055,3940,4005,179616,1.9083969465648856,-43346,0,-5360,48706,0,42909,0,84523,52184,179616,86255,0,89883,3478,179616,-173569280,0,-21467620,195036900,0,172192010,0,338412465,208950420,719554895,345761290,0,359880085,13913520,719554895
2023-12-15,4005,4050,3920,3925,197886,-1.9975031210986267,28518,0,53912,-82430,0,80139,0,99093,18654,197886,51621,0,45181,101084,197886,114406855,0,214216860,-328623715,0,319136020,0,394461685,73957925,787555630,204729165,0,180244825,402581640,787555630
2023-12-18,3975,3975,3780,3795,123298,-3.3121019108280256,11435,0,42796,-54231,0,39548,0,83481,269,123298,28113,0,40685,54500,123298,44269415,0,164892095,-209161510,0,152201515,0,321058290,1026575,474286380,107932100,0,156166195,210188085,474286380
2023-12-19,3795,3845,3780,3825,85210,0.7905138339920948,1703,0,2109,-3812,0,34715,0,35479,15016,85210,33012,0,33370,18828,85210,6796605,0,8211340,-15007945,0,132556120,0,135336750,57001665,324894535,125759515,0,127125410,72009610,324894535
2023-12-20,3825,3845,3785,3815,71428,-0.261437908496732,-220,0,15039,-14819,0,30087,0,40429,912,71428,30307,0,25390,15731,71428,-660890,0,57072505,-56411615,0,114512015,0,153687860,3468235,271668110,115172905,0,96615355,59879850,271668110
2023-12-21,3825,3900,3795,3880,98924,1.7038007863695939,-7683,517,19948,-12782,0,35254,517,45763,17390,98924,42937,0,25815,30172,98924,-29312260,1990450,76647355,-49325545,0,135936565,1990450,175990990,66901940,380819945,165248825,0,99343635,116227485,380819945
2023-12-22,3845,3900,3820,3885,54799,0.12886597938144329,983,0,13825,-14808,0,16620,0,37422,757,54799,15637,0,23597,15565,54799,3930640,0,53304985,-57235625,0,64181400,0,144174130,2903410,211258940,60250760,0,90869145,60139035,211258940
2023-12-26,3905,3905,3855,3900,45654,0.3861003861003861,-7656,0,18262,-10606,0,12911,0,31493,1250,45654,20567,0,13231,11856,45654,-29413650,0,70536720,-41123070,0,50154700,0,121896110,4832160,176882970,79568350,0,51359390,45955230,176882970
2023-12-27,3850,3920,3850,3905,75560,0.1282051282051282,-21101,0,-64,21165,0,16715,0,30058,28787,75560,37816,0,30122,7622,75560,-82082345,0,-304980,82387325,0,65057060,0,116772475,111927065,293756600,147139405,0,117077455,29539740,293756600
2023-12-28,3885,3970,3885,3970,76441,1.6645326504481435,-2725,0,-23644,26369,0,20677,0,24413,31351,76441,23402,0,48057,4982,76441,-10708665,0,-93046235,103754900,0,81377840,0,95507345,123198105,300083290,92086505,0,188553580,19443205,300083290
2024-01-02,3970,4055,3965,4045,153922,1.8891687657430731,9085,0,-68786,59701,0,35421,0,56292,62209,153922,26336,0,125078,2508,153922,36160980,0,-276336100,240175120,0,142321235,0,226904105,250264810,619490150,106160255,0,503240205,10089690,619490150
2024-01-03,4045,4100,4025,4095,132114,1.2360939431396787,20000,10193,-64386,34193,0,38545,10193,46983,36393,132114,18545,0,111369,2200,132114,81344675,41349950,-262016350,139321725,0,156876475,41349950,190158010,148225440,536609875,75531800,0,452174360,8903715,536609875
2024-01-04,4100,4145,4085,4145,133065,1.221001221001221,-3700,0,-2913,6613,0,36083,0,81751,15231,133065,39783,0,84664,8618,133065,-15602585,0,-11717795,27320380,0,148912345,0,337499195,62856535,549268075,164514930,0,349216990,35536155,549268075
2024-01-05,4145,4145,4050,4090,96650,-1.3268998793727382,14859,0,46425,-61284,0,35838,0,57332,3480,96650,20979,0,10907,64764,96650,60495545,0,189813170,-250308715,0,146097905,0,234269960,14176070,394543935,85602360,0,44456790,264484785,394543935
2024-01-08,4070,4090,4025,4065,80055,-0.6112469437652812,3516,0,7091,-10607,0,30654,0,43942,5459,80055,27138,0,36851,16066,80055,14350660,0,28728975,-43079635,0,124270160,0,178230615,22141585,324642360,109919500,0,149501640,65221220,324642360
2024-01-09,4065,4105,4050,4100,52644,0.8610086100861009,6660,500,-10655,3495,0,26491,500,15342,10311,52644,19831,0,25997,6816,52644,27316515,2040000,-43538985,14182470,0,108139485,2040000,62539300,42024520,214743305,80822970,0,106078285,27842050,214743305
2024-01-10,4090,4115,4070,4100,70945,0.0,-19891,1000,19072,-181,0,26303,1000,31923,11719,70945,46194,0,12851,11900,70945,-81056940,4085000,77784045,-812105,0,107651110,4085000,130408500,47825065,289969675,188708050,0,52624455,48637170,289969675
2024-01-11,4095,4100,4045,4090,105568,-0.24390243902439024,-19069,60,34974,-15965,0,32863,60,67523,5122,105568,51932,0,32549,21087,105568,-77213670,243450,142103080,-65132860,0,133899855,243450,274560550,20783530,429487385,211113525,0,132457470,85916390,429487385
2024-01-12,4100,4105,4050,4060,63760,-0.7334963325183375,5395,-10000,20772,-16167,0,21610,0,41910,240,63760,16215,10000,21138,16407,63760,21953605,-40533485,84357920,-65778040,0,87906785,0,170412510,976420,259295715,65953180,40533485,86054590,66754460,259295715
2024-01-15,4055,4065,4020,4035,80160,-0.6157635467980296,-9656,40,32011,-22395,0,33188,40,46818,114,80160,42844,0,14807,22509,80160,-38661370,161500,128978240,-90478370,0,134024635,161500,188839690,459640,323485465,172686005,0,59861450,90938010,323485465
2024-01-16,4040,4040,3995,4020,75193,-0.37174721189591076,-14530,100,19782,-5352,0,29379,100,39290,6424,75193,43909,0,19508,11776,75193,-58232670,402500,79325265,-21495095,0,117941510,402500,157621010,25801330,301766350,176174180,0,78295745,47296425,301766350
2024-01-17,3985,4035,3945,3965,91749,-1.3681592039800996,-10782,2025,20804,-12047,0,31416,2025,53498,4810,91749,42198,0,32694,16857,91749,-42709605,8024000,82697895,-48012290,0,124628580,8024000,212353205,19127295,364133080,167338185,0,129655310,67139585,364133080
2024-01-18,3965,3965,3935,3960,66996,-0.12610340479192939,-22533,1019,21128,386,0,24287,1019,33928,7762,66996,46820,0,12800,7376,66996,-88712385,4014905,83242900,1454580,0,95776200,4014905,133701490,30588760,264081355,184488585,0,50458590,29134180,264081355
2024-01-19,3970,4020,3955,4000,48320,1.0101010101010102,-6218,1991,8646,-4419,0,14121,1991,27994,4214,48320,20339,0,19348,8633,48320,-24832935,7964000,34533460,-17664525,0,56480130,7964000,115107635,16845015,196396780,81313065,0,80574175,34509540,196396780
2024-01-22,4000,4045,3990,4000,61209,0.0,-1777,0,-16091,17868,0,22826,0,17716,20667,61209,24603,0,33807,2799,61209,-7260695,0,-64690815,71951510,0,91517085,0,70971100,83152390,245640575,98777780,0,135661915,11200880,245640575
2024-01-23,4005,4010,3975,4000,48429,0.0,-15294,0,22068,-6774,0,9539,0,34145,4745,48429,24833,0,12077,11519,48429,-60965100,0,87974255,-27009155,0,38062930,0,136218730,18927315,193208975,99028030,0,48244475,45936470,193208975
2024-01-24,4010,4020,3980,4000,256658,0.0,-44513,-2000,23155,23358,0,32890,0,199438,24330,256658,77403,2000,176283,972,256658,-177598365,-7980000,92222805,93355560,0,131447570,0,796513910,97245785,1025207265,309045935,7980000,704291105,3890225,1025207265
2024-01-25,4000,4025,3990,4020,83302,0.5,-33478,0,2687,30791,0,21343,0,28792,33167,83302,54821,0,26105,2376,83302,-133978395,0,10776260,123202135,0,85472645,0,115235620,132738960,333447225,219451040,0,104459360,9536825,333447225
2024-01-26,4020,4040,4000,4040,126311,0.4975124378109453,-9786,0,-46012,55798,0,42684,0,26409,57218,126311,52470,0,72421,1420,126311,-39394385,0,-185119485,224513870,0,171567860,0,106169825,230225905,507963590,210962245,0,291289310,5712035,507963590
2024-01-29,4040,4065,4030,4040,161413,0.0,8265,0,-2670,-5595,0,46770,0,107080,7563,161413,38505,0,109750,13158,161413,33467055,0,-10769845,-22697210,0,189291945,0,433344820,30605415,653242180,155824890,0,444114665,53302625,653242180
2024-01-30,3920,3945,3860,3880,258661,-3.9603960396039604,-3137,9270,118526,-124659,0,72159,9270,170320,6912,258661,75296,0,51794,131571,258661,-11631385,35937450,459227410,-483533475,0,280235535,35937450,660790185,26950455,1003913625,291866920,0,201562775,510483930,1003913625
2024-01-31,3900,3900,3860,3875,49488,-0.12886597938144329,-12821,1000,17658,-5837,0,16470,1000,28381,3637,49488,29291,0,10723,9474,49488,-49443300,3870000,68203470,-22630170,0,63787530,3870000,109709840,14088000,191455370,113230830,0,41506370,36718170,191455370
2024-02-01,3900,3900,3860,3900,72277,0.6451612903225806,-1511,0,-9416,10927,0,18110,0,39421,14746,72277,19621,0,48837,3819,72277,-5743535,0,-36679645,42423180,0,70264425,0,152642475,57227495,280134395,76007960,0,189322120,14804315,280134395
2024-02-02,3900,3905,3885,3900,78090,0.0,26099,-1672,-14972,-9455,0,34931,0,42608,551,78090,8832,1672,57580,10006,78090,101740540,-6512940,-58386605,-36840995,0,136142470,0,165921625,2145950,304210045,34401930,6512940,224308230,38986945,304210045
2024-02-05,3895,3895,3875,3895,69700,-0.1282051282051282,8140,0,-16009,7869,0,13497,0,46759,9444,69700,5357,0,62768,1575,69700,31637030,0,-62214745,30577715,0,52467560,0,181538785,36687065,270693410,20830530,0,243753530,6109350,270693410
2024-02-06,3895,3915,3875,3915,51212,0.5134788189987163,23504,40,-22429,-1115,0,29919,40,19409,1844,51212,6415,0,41838,2959,51212,91741120,155700,-87556770,-4340050,0,116709540,155700,75589410,7185090,199639740,24968420,0,163146180,11525140,199639740
2024-02-07,3915,3970,3885,3970,75175,1.40485312899106,14540,2700,-37778,20538,0,32722,2700,15283,24470,75175,18182,0,53061,3932,75175,57669415,10650500,-148760445,80440530,0,129246030,10650500,60053500,96004965,295954995,71576615,0,208813945,15564435,295954995
2024-02-08,3980,3990,3960,3990,58910,0.5037783375314862,13444,4685,-33826,15697,0,18947,4685,17166,18112,58910,5503,0,50992,2415,58910,53460395,18646300,-134436205,62329510,0,75335330,18646300,68170910,71926310,234078850,21874935,0,202607115,9596800,234078850
2024-02-13,3990,3990,3910,3945,122788,-1.1278195488721803,8568,5305,-11094,-2779,0,32695,5305,73349,11439,122788,24127,0,84443,14218,122788,33657220,20877700,-43490165,-11044755,0,128712770,20877700,289198500,45021440,483810410,95055550,0,332688665,56066195,483810410
2024-02-14,3945,3945,3900,3940,59810,-0.12674271229404308,-30591,0,34118,-3527,0,16781,0,38794,4235,59810,47372,0,4676,7762,59810,-119652805,0,133462130,-13809325,0,65751320,0,151803210,16617895,234172425,185404125,0,18341080,30427220,234172425
2024-02-15,3945,3945,3875,3900,65192,-1.015228426395939,-14609,0,31091,-16482,0,17777,0,47092,323,65192,32386,0,16001,16805,65192,-56820880,0,121100085,-64279205,0,69216955,0,183268435,1253250,253738640,126037835,0,62168350,65532455,253738640
2024-02-16,3900,3935,3900,3930,22030,0.7692307692307693,1884,0,-25,-1859,0,9491,0,12539,0,22030,7607,0,12564,1859,22030,7401435,0,-140815,-7260620,0,37241035,0,49134160,0,86375195,29839600,0,49274975,7260620,86375195
2024-02-19,3920,3940,3900,3925,58812,-0.1272264631043257,-16237,0,374,15863,0,12678,0,29947,16187,58812,28915,0,29573,324,58812,-63770145,0,1587695,62182450,0,49779770,0,117583845,63455995,230819610,113549915,0,115996150,1273545,230819610
2024-02-20,3930,3935,3910,3925,25717,0.0,-3825,0,10247,-6422,0,4242,0,21277,198,25717,8067,0,11030,6620,25717,-14998290,0,40186425,-25188135,0,16629890,0,83438980,776440,100845310,31628180,0,43252555,25964575,100845310
2024-02-21,3925,3925,3900,3905,59486,-0.5095541401273885,-10681,20,10805,-144,0,9366,20,45322,4778,59486,20047,0,34517,4922,59486,-41689745,78100,42197595,-585950,0,36605755,78100,177081635,18687005,232452495,78295500,0,134884040,19272955,232452495
2024-02-22,3925,3925,3890,3910,29429,0.12804097311139565,-5793,15,6036,-258,0,4552,15,20405,4457,29429,10345,0,14369,4715,29429,-22626405,58500,23557670,-989765,0,17773690,58500,79633480,17394040,114859710,40400095,0,56075810,18383805,114859710
2024-02-23,3910,3980,3900,3965,121987,1.4066496163682864,44872,0,-48075,3203,0,72036,0,24698,25253,121987,27164,0,72773,22050,121987,177939210,0,-189675070,11735860,0,285179045,0,96981785,99190345,481351175,107239835,0,286656855,87454485,481351175
2024-02-26,3995,4020,3930,4020,146549,1.3871374527112232,27149,3000,-46634,16485,0,80538,3000,21493,41518,146549,53389,0,68127,25033,146549,108322185,12028800,-186260430,65909445,0,321909395,12028800,85699950,165935965,585574110,213587210,0,271960380,100026520,585574110
2024-02-27,4000,4020,3960,3975,54782,-1.1194029850746268,6014,15,12831,-18860,0,23237,15,26838,4692,54782,17223,0,14007,23552,54782,24085960,59550,50890995,-75036505,0,92652080,59550,106915035,18723400,218350065,68566120,0,56024040,93759905,218350065
2024-02-28,3995,4020,3975,4015,42775,1.0062893081761006,6569,407,-8873,1897,0,27683,407,8618,6067,42775,21114,0,17491,4170,42775,26350610,1623930,-35546540,7572000,0,110879075,1623930,34463175,24259430,171225610,84528465,0,70009715,16687430,171225610
2024-02-29,4015,4020,3995,4015,32460,0.0,-11341,249,6938,4154,0,7313,249,19179,5719,32460,18654,0,12241,1565,32460,-45485295,1000925,27810985,16673385,0,29302760,1000925,76892665,22948895,130145245,74788055,0,49081680,6275510,130145245
2024-03-04,4015,4015,3990,4015,89028,0.0,-15365,0,23477,-8112,0,20352,0,68128,548,89028,35717,0,44651,8660,89028,-61424560,0,93936620,-32512060,0,81443375,0,272456880,2186710,356086965,142867935,0,178520260,34698770,356086965
2024-03-05,4000,4075,3995,4075,114954,1.4943960149439601,-35252,0,-17405,52657,0,36933,0,19224,58797,114954,72185,0,36629,6140,114954,-141883885,0,-70475585,212359470,0,149441810,0,77231695,237273000,463946505,291325695,0,147707280,24913530,463946505
2024-03-06,4075,4115,4020,4055,245861,-0.49079754601227,-23330,45,13410,9875,0,80525,45,125346,39945,245861,103855,0,111936,30070,245861,-94202870,182325,54084020,39936525,0,327707835,182325,508758110,162483325,999131595,421910705,0,454674090,122546800,999131595
2024-03-07,4060,4135,4050,4070,171661,0.36991368680641185,-45137,60,-1960,47037,0,43224,60,62692,65685,171661,88361,0,64652,18648,171661,-183798040,244500,-9192295,192745835,0,176179275,244500,255105930,268739825,700269530,359977315,0,264298225,75993990,700269530
2024-03-08,4065,4115,4045,4115,79097,1.1056511056511056,8226,-250,-9969,1993,0,33682,0,29888,15527,79097,25456,250,39857,13534,79097,33537155,-1015000,-41083025,8560870,0,137269080,0,121428995,63458145,322156220,103731925,1015000,162512020,54897275,322156220
2024-03-11,4110,4115,4080,4115,145156,0.0,-54573,45,31985,22543,0,29261,45,86873,28977,145156,83834,0,54888,6434,145156,-223022075,184275,130719490,92118310,0,119830875,184275,355878190,118513620,594406960,342852950,0,225158700,26395310,594406960
2024-03-12,4125,4130,4085,4130,99618,0.3645200486026731,-11214,207,16998,-5991,0,50802,207,40894,7715,99618,62016,0,23896,13706,99618,-45729345,848445,69442330,-24561430,0,208612535,848445,167693835,31630270,408785085,254341880,0,98251505,56191700,408785085
2024-03-13,4130,4130,4105,4130,90644,0.0,7058,40,-11312,4214,0,35397,40,44851,10356,90644,28339,0,56163,6142,90644,29173915,164500,-46705210,17366795,0,145858820,164500,184784100,42673165,373480585,116684905,0,231489310,25306370,373480585
2024-03-14,4130,4130,4085,4120,97448,-0.24213075060532688,-6141,90,13191,-7140,0,36354,90,48017,12987,97448,42495,0,34826,20127,97448,-24952320,369600,53745160,-29162440,0,149388755,369600,196886770,53327360,399972485,174341075,0,143141610,82489800,399972485
2024-03-15,4120,4120,4095,4110,86472,-0.24271844660194172,-4975,0,-9156,14131,0,29102,0,42134,15236,86472,34077,0,51290,1105,86472,-20336775,0,-37659645,57996420,0,119497065,0,172929885,62542615,354969565,139833840,0,210589530,4546195,354969565
2024-03-18,4100,4115,4085,4090,67205,-0.48661800486618007,-18830,83,17436,1311,0,15492,83,41861,9769,67205,34322,0,24425,8458,67205,-77130555,339815,71436635,5354105,0,63534540,339815,171582160,40048730,275505245,140665095,0,100145525,34694625,275505245
2024-03-19,4090,4115,4030,4100,71116,0.24449877750611246,5186,1000,1270,-7456,0,18465,1000,42008,9643,71116,13279,0,40738,17099,71116,21182185,4065000,5234320,-30481505,0,75174730,4065000,171071455,39226235,289537420,53992545,0,165837135,69707740,289537420
2024-03-20,4090,4105,4070,4100,52370,0.0,28591,1099,-20067,-9623,0,36224,1099,11504,3543,52370,7633,0,31571,13166,52370,117163970,4500405,-82335940,-39328435,0,148389355,4500405,47025815,14517485,214433060,31225385,0,129361755,53845920,214433060
2024-03-21,4100,4140,4100,4140,79710,0.975609756097561,35284,-5393,-45564,15673,0,45823,0,17112,16775,79710,10539,5393,62676,1102,79710,145368195,-22193695,-187750620,64576120,0,188780825,0,70429865,69115320,328326010,43412630,22193695,258180485,4539200,328326010
2024-03-22,4150,4200,4125,4200,86637,1.4492753623188406,10752,-3875,-21513,14636,0,46073,25,15420,25119,86637,35321,3900,36933,10483,86637,45154985,-16198975,-89738955,60782945,0,192245485,103250,64102425,104620790,361071950,147090500,16302225,153841380,43837845,361071950
2024-03-25,4225,4225,4185,4220,44940,0.4761904761904762,8616,0,-3664,-4952,0,25818,0,14702,4420,44940,17202,0,18366,9372,44940,36258830,0,-15467220,-20791610,0,108510190,0,61719315,18543280,188772785,72251360,0,77186535,39334890,188772785
2024-03-26,4220,4230,4170,4220,64343,0.0,6804,176,-551,-6429,0,29653,176,29099,5415,64343,22849,0,29650,11844,64343,28745735,739870,-2329375,-27156230,0,124584520,739870,122150505,22702335,270177230,95838785,0,124479880,49858565,270177230
2024-03-27,4240,4240,4150,4205,53431,-0.35545023696682465,32731,60,-24179,-8612,0,40994,60,10611,1766,53431,8263,0,34790,10378,53431,137640250,252450,-101621230,-36271470,0,172367135,252450,44506525,7393785,224519895,34726885,0,146127755,43665255,224519895
2024-03-28,4205,4265,4195,4255,105945,1.1890606420927468,47213,2000,-62455,13242,0,69476,2000,11651,22818,105945,22263,0,74106,9576,105945,200201280,8430000,-264912890,56281610,0,294790920,8430000,49506990,96722985,449450895,94589640,0,314419880,40441375,449450895
2024-03-29,4260,4280,4210,4270,51613,0.35252643948296125,33762,0,91,-33853,0,36564,0,14392,657,51613,2802,0,14301,34510,51613,143787815,0,389355,-144177170,0,155712960,0,61305185,2786315,219804460,11925145,0,60915830,146963485,219804460
2024-04-01,4290,4290,4255,4285,57210,0.351288056206089,34254,0,-29834,-4420,0,38568,0,15660,2982,57210,4314,0,45494,7402,57210,146540820,0,-127622325,-18918495,0,164940820,0,66905585,12742235,244588640,18400000,0,194527910,31660730,244588640
2024-04-02,4300,4300,4250,4290,45825,0.11668611435239205,19714,0,-4656,-15058,0,20486,0,21622,3717,45825,772,0,26278,18775,45825,84148820,0,-19899145,-64249675,0,87450465,0,92145125,15838505,195434095,3301645,0,112044270,80088180,195434095
2024-04-03,4290,4300,4250,4300,78844,0.2331002331002331,32674,249,-30682,-2241,0,51417,249,16985,10193,78844,18743,0,47667,12434,78844,140418265,1060665,-131799350,-9679580,0,220495110,1060665,72480600,43517175,337553550,80076845,0,204279950,53196755,337553550
2024-04-04,4300,4300,4275,4290,55351,-0.23255813953488372,30000,-18961,-9564,-1475,0,39269,232,15753,97,55351,9269,19193,25317,1572,55351,128551255,-81259785,-40968945,-6322525,0,168275170,995280,67520835,415695,237206980,39723915,82255065,108489780,6738220,237206980
2024-04-05,4280,4280,4240,4260,49317,-0.6993006993006993,7353,-4137,592,-3808,0,25679,264,22483,891,49317,18326,4401,21891,4699,49317,31410645,-17607960,2446485,-16249170,0,109387535,1124095,95677330,3788010,209976970,77976890,18732055,93230845,20037180,209976970
2024-04-08,4240,4310,4240,4300,79409,0.9389671361502347,8875,-1104,-11666,3895,0,28076,0,43168,8165,79409,19201,1104,54834,4270,79409,37877015,-4707965,-49614220,16445170,0,119817675,0,184541505,34784710,339143890,81940660,4707965,234155725,18339540,339143890
2024-04-09,4295,4295,4180,4235,67715,-1.5116279069767442,14162,30,-10914,-3278,0,26356,30,29406,11923,67715,12194,0,40320,15201,67715,59797260,126525,-45737065,-14186720,0,111277295,126525,124346345,50113120,285863285,51480035,0,170083410,64299840,285863285
2024-04-11,4160,4260,4160,4240,69235,0.11806375442739078,-11680,20,4491,7169,0,14599,20,29751,24865,69235,26279,0,25260,17696,69235,-49130155,83200,19196370,29850585,0,61702970,83200,125100100,104690050,291576320,110833125,0,105903730,74839465,291576320
2024-04-12,4200,4265,4200,4265,42932,0.589622641509434,14870,0,-21302,6432,0,20041,0,9817,13074,42932,5171,0,31119,6642,42932,63279130,0,-90627610,27348480,0,85260140,0,41681880,55587060,182529080,21981010,0,132309490,28238580,182529080
2024-04-15,4265,4265,4150,4255,69291,-0.23446658851113714,14775,0,-17074,2299,0,28054,0,31171,10066,69291,13279,0,48245,7767,69291,62487415,0,-72016560,9529145,0,118348115,0,131265500,42348590,291962205,55860700,0,203282060,32819445,291962205
2024-04-16,4250,4250,4170,4170,38535,-1.9976498237367801,-2372,1000,4420,-3048,0,13629,1000,19534,4372,38535,16001,0,15114,7420,38535,-9757885,4225000,18499430,-12966545,0,57308685,4225000,82113015,18299930,161946630,67066570,0,63613585,31266475,161946630
2024-04-17,4110,4295,4110,4160,47377,-0.2398081534772182,15464,-20,-12739,-2705,0,28980,0,17951,446,47377,13516,20,30690,3151,47377,64366365,-83000,-52994395,-11288970,0,120556905,0,74647460,1856370,197060735,56190540,83000,127641855,13145340,197060735
2024-04-18,4160,4250,4120,4205,79334,1.0817307692307692,18529,0,-21979,3450,0,48321,0,17937,13076,79334,29792,0,39916,9626,79334,78554270,0,-92415255,13860985,0,202435255,0,74185750,54281730,330902735,123880985,0,166601005,40420745,330902735
2024-04-19,4240,4240,4200,4230,22901,0.5945303210463734,13235,0,-11116,-2119,0,16512,0,4618,1771,22901,3277,0,15734,3890,22901,55762270,0,-46805735,-8956535,0,69574015,0,19472825,7455910,96502750,13811745,0,66278560,16412445,96502750
2024-04-22,4230,4270,4220,4240,50372,0.2364066193853428,16280,90,-17341,971,0,39283,90,5767,5232,50372,23003,0,23108,4261,50372,69201805,380250,-73654205,4072150,0,166681860,380250,24450960,22164380,213677450,97480055,0,98105165,18092230,213677450
2024-04-23,4255,4340,4240,4335,102298,2.240566037735849,46470,0,-71040,24570,0,61728,0,4575,35995,102298,15258,0,75615,11425,102298,199963985,0,-305609205,105645220,0,265642860,0,19721815,154890725,440255400,65678875,0,325331020,49245505,440255400
2024-04-24,4340,4375,4315,4335,60675,0.0,31935,-602,-20496,-10837,0,43098,0,11664,5913,60675,11163,602,32160,16750,60675,138758650,-2611200,-89064030,-47083420,0,187247770,0,50775020,25690340,263713130,48489120,2611200,139839050,72773760,263713130
2024-04-25,4335,4380,4300,4340,50403,0.11534025374855825,29064,0,-25459,-3605,0,37019,0,3394,9990,50403,7955,0,28853,13595,50403,126077515,0,-110485035,-15592480,0,160629850,0,14753185,43488580,218871615,34552335,0,125238220,59081060,218871615
2024-04-26,4340,4360,4310,4330,37301,-0.2304147465437788,17000,0,-5744,-11256,0,29605,0,6784,912,37301,12605,0,12528,12168,37301,73551295,0,-24854390,-48696905,0,128030445,0,29360560,3944920,161335925,54479150,0,54214950,52641825,161335925
2024-04-29,4280,4325,4220,4240,90486,-2.0785219399538106,-25431,80,14641,10710,0,37984,80,36237,16185,90486,63415,0,21596,5475,90486,-108077385,339700,62392410,45345275,0,161285780,339700,153971865,68845305,384442650,269363165,0,91579455,23500030,384442650
2024-04-30,4245,4265,4230,4250,22026,0.2358490566037736,-3969,0,-3147,7116,0,8434,0,6460,7132,22026,12403,0,9607,16,22026,-16798100,0,-13387805,30185905,0,35789965,0,27409920,30253695,93453580,52588065,0,40797725,67790,93453580
2024-05-02,4260,4310,4240,4310,85056,1.411764705882353,24625,0,-46973,22348,0,44296,0,16087,24673,85056,19671,0,63060,2325,85056,105486475,0,-201300675,95814200,0,189717815,0,68952965,105779080,364449860,84231340,0,270253640,9964880,364449860
2024-05-03,4310,4350,4305,4345,76912,0.8120649651972157,29778,1000,-31112,334,0,56751,1000,11670,7491,76912,26973,0,42782,7157,76912,129379435,4334855,-135159455,1445165,0,246354870,4334855,50497980,32487405,333675110,116975435,0,185657435,31042240,333675110
2024-05-07,4370,4395,4310,4375,74882,0.6904487917146145,30307,0,-44377,14070,0,38309,0,19219,17354,74882,8002,0,63596,3284,74882,132755365,0,-193852850,61097485,0,167824460,0,84141380,75484570,327450410,35069095,0,277994230,14387085,327450410
2024-05-08,4375,4415,4350,4390,63503,0.34285714285714286,29536,0,-37044,7508,0,33084,0,15309,15110,63503,3548,0,52353,7602,63503,129742610,0,-162576660,32834050,0,145314220,0,67256945,66284435,278855600,15571610,0,229833605,33450385,278855600
2024-05-09,4395,4435,4375,4375,56869,-0.3416856492027335,-2005,99,421,1485,0,24863,99,25997,5910,56869,26868,0,25576,4425,56869,-8672925,433620,1679310,6559995,0,109438890,433620,114260690,26013040,250146240,118111815,0,112581380,19453045,250146240
2024-05-10,4330,4435,4330,4415,158306,0.9142857142857144,37729,0,-60313,22584,0,77045,0,42678,38583,158306,39316,0,102991,15999,158306,167526295,0,-266609495,99083200,0,339785485,0,186938055,169399390,696122930,172259190,0,453547550,70316190,696122930
2024-05-13,4415,4440,4405,4430,54513,0.33975084937712347,5725,0,-14797,9072,0,23868,0,19315,11330,54513,18143,0,34112,2258,54513,25564100,0,-65656075,40091975,0,105835210,0,85632845,50103770,241571825,80271110,0,151288920,10011795,241571825
2024-05-14,4450,4520,4420,4500,156198,1.580135440180587,13752,22500,-89415,53163,0,34597,22500,36461,62640,156198,20845,0,125876,9477,156198,61654770,100088595,-400456515,238713150,0,154992600,100088595,163180375,280908410,699169980,93337830,0,563636890,42195260,699169980
2024-05-16,4500,4500,4465,4475,58678,-0.5555555555555556,11715,200,-11974,59,0,15853,200,34894,7731,58678,4138,0,46868,7672,58678,52668475,898000,-53813895,247420,0,71236700,898000,156757130,34682585,263574415,18568225,0,210571025,34435165,263574415
2024-05-17,4475,4545,4460,4535,82781,1.3407821229050279,9486,19,-42172,32667,0,18881,20,26409,37471,82781,9395,1,68581,4804,82781,42710145,84905,-190425285,147630235,0,85123385,89400,118950295,169205870,373368950,42413240,4495,309375580,21575635,373368950
2024-05-20,4550,4565,4520,4565,85084,0.6615214994487321,30443,329,-19192,-11580,0,38577,329,36441,9737,85084,8134,0,55633,21317,85084,138385905,1500240,-87426600,-52459545,0,175421800,1500240,165730255,44384140,387036435,37035895,0,253156855,96843685,387036435
2024-05-21,4565,4565,4465,4515,116653,-1.095290251916758,-10361,0,35106,-24745,0,46335,0,53216,17102,116653,56696,0,18110,41847,116653,-46279970,0,158508775,-112228805,0,209203660,0,240239355,76805430,526248445,255483630,0,81730580,189034235,526248445
2024-05-22,4515,4530,4460,4465,49577,-1.1074197120708749,3621,-220,11279,-14680,0,24537,0,24194,846,49577,20916,220,12915,15526,49577,16497610,-987400,50421085,-65931295,0,110136265,0,108402060,3787775,222326100,93638655,987400,57980975,69719070,222326100
2024-05-23,4450,4495,4425,4460,56396,-0.11198208286674133,1800,333,5276,-7409,0,26413,553,22574,6856,56396,24613,220,17298,14265,56396,8226495,1480430,23460370,-33167295,0,117798515,2464730,100473390,30466315,251202950,109572020,984300,77013020,63633610,251202950
2024-05-24,4460,4485,4405,4485,47091,0.5605381165919282,-15369,-240,-2497,18106,0,13527,60,14495,19009,47091,28896,300,16992,903,47091,-68316300,-1073320,-11233920,80623540,0,60268025,267900,64444120,84650950,209630995,128584325,1341220,75678040,4027410,209630995
2024-05-27,4500,4510,4460,4510,66857,0.5574136008918618,1043,702,8631,-10376,0,23434,862,40093,2468,66857,22391,160,31462,12844,66857,4858020,3133540,38576550,-46568110,0,105068955,3854140,179719790,11044850,299687735,100210935,720600,141143240,57612960,299687735
2024-05-28,4510,4530,4450,4495,78258,-0.3325942350332594,-32433,140,33692,-1399,0,20089,400,47989,9780,78258,52522,260,14297,11179,78258,-144805130,619100,150696660,-6510630,0,90216420,1791800,214957575,43658455,350624250,235021550,1172700,64260915,50169085,350624250
2024-05-29,4490,4490,4370,4395,154695,-2.2246941045606228,-67535,2526,68699,-3690,0,34245,3526,88775,28149,154695,101780,1000,20076,31839,154695,-296327645,11249010,302413205,-17334570,0,151046810,15634010,391008210,123687815,681376845,447374455,4385000,88595005,141022385,681376845
2024-05-30,4395,4410,4315,4355,79588,-0.9101251422070534,-31529,-1696,31316,1909,0,13465,304,49304,16515,79588,44994,2000,17988,14606,79588,-136963940,-7334165,136255125,8042980,0,58474935,1325835,214470345,71601085,345872200,195438875,8660000,78215220,63558105,345872200
2024-05-31,4355,4395,4315,4365,74940,0.2296211251435132,-27719,-1960,8920,20759,0,11766,40,39538,23596,74940,39485,2000,30618,2837,74940,-120637760,-8526100,38834985,90328875,0,51196930,174400,171914780,102686425,325972535,171834690,8700500,133079795,12357550,325972535
2024-06-03,4360,4395,4350,4395,57592,0.6872852233676976,2441,20,9526,-11987,0,25642,20,31512,418,57592,23201,0,21986,12405,57592,10902145,87200,41421205,-52410550,0,112290430,87200,137588315,1826425,251792370,101388285,0,96167110,54236975,251792370
2024-06-04,4420,4420,4385,4395,22707,0.0,3558,51,-824,-2785,0,7054,51,15548,54,22707,3496,0,16372,2839,22707,15678650,224400,-3621540,-12281510,0,31069985,224400,68492225,237495,100024105,15391335,0,72113765,12519005,100024105
2024-06-05,4400,4435,4400,4420,40255,0.5688282138794084,-5467,0,6705,-1238,0,5255,0,32373,2627,40255,10722,0,25668,3865,40255,-24241550,0,29718435,-5476885,0,23227830,0,143156705,11612015,177996550,47469380,0,113438270,17088900,177996550
2024-06-07,4420,4495,4420,4480,135190,1.3574660633484164,-38921,2169,-7283,44035,0,22895,2169,51471,58655,135190,61816,0,58754,14620,135190,-172692990,9717120,-33291265,196267135,0,101978740,9717120,229518565,261578030,602792455,274671730,0,262809830,65310895,602792455
2024-06-10,4480,4480,4400,4415,106788,-1.4508928571428572,-61115,1260,64137,-4282,0,19344,1260,78288,7896,106788,80459,0,14151,12178,106788,-269873835,5582040,283189090,-18897295,0,85463425,5582040,345772390,34880580,471698435,355337260,0,62583300,53777875,471698435
2024-06-11,4445,4445,4400,4440,48935,0.5662514156285391,6430,0,5751,-12181,0,28353,0,16866,3716,48935,21923,0,11115,15897,48935,28636920,0,25344880,-53981800,0,125447070,0,74539645,16385465,216372180,96810150,0,49194765,70367265,216372180
2024-06-12,4405,4445,4405,4420,39460,-0.45045045045045046,10509,-1000,958,-10467,0,20640,0,18753,67,39460,10131,1000,17795,10534,39460,46474065,-4420000,4233405,-46287470,0,91223620,0,82876240,296140,174396000,44749555,4420000,78642835,46583610,174396000
2024-06-13,4440,4455,4420,4455,63574,0.7918552036199095,6222,100,-2778,-3544,0,38954,100,24097,423,63574,32732,0,26875,3967,63574,27710100,445000,-12427420,-15727680,0,173171065,445000,106995745,1873890,282485700,145460965,0,119423165,17601570,282485700
2024-06-14,4455,4455,4380,4430,111457,-0.5611672278338945,-41119,327,42616,-1824,0,36746,327,66551,7833,111457,77865,0,23935,9657,111457,-181127615,1436540,187902445,-8211370,0,162146340,1436540,293565610,34494085,491642575,343273955,0,105663165,42705455,491642575
2024-06-17,4430,4450,4320,4385,195914,-1.0158013544018059,-96153,745,56546,38862,0,59017,745,80541,55611,195914,155170,0,23995,16749,195914,-416441015,3243925,245837850,167359240,0,257762865,3243925,350358890,241083415,852449095,674203880,0,104521040,73724175,852449095
2024-06-18,4380,4400,4360,4400,70184,0.34207525655644244,-25237,697,27516,-2976,0,22638,697,37277,9572,70184,47875,0,9761,12548,70184,-110194645,3046990,120206445,-13058790,0,99144520,3046990,162967985,41896865,307056360,209339165,0,42761540,54955655,307056360
2024-06-19,4400,4400,4320,4340,111035,-1.3636363636363635,1609,1465,10732,-13806,0,51630,1465,48034,9906,111035,50021,0,37302,23712,111035,7605375,6365975,46784545,-60755895,0,225061620,6365975,208927640,42943745,483298980,217456245,0,162143095,103699640,483298980
2024-06-20,4340,4385,4300,4335,79364,-0.1152073732718894,-27761,-9610,28729,8642,0,22650,390,39563,16761,79364,50411,10000,10834,8119,79364,-119667680,-41415900,123958910,37124670,0,98053860,1684100,170803385,72336725,342878070,217721540,43100000,46844475,35212055,342878070
2024-06-21,4335,4400,4320,4385,31765,1.1534025374855825,3969,0,-7790,3821,0,9104,0,13264,9397,31765,5135,0,21054,5576,31765,17378435,0,-34003820,16625385,0,39787720,0,57820860,40894880,138503460,22409285,0,91824680,24269495,138503460
2024-06-24,4400,4430,4370,4395,36344,0.22805017103762829,1637,0,936,-2573,0,10833,0,20614,4897,36344,9196,0,19678,7470,36344,7166135,0,4118580,-11284715,0,47615875,0,90632290,21523400,159771565,40449740,0,86513710,32808115,159771565
2024-06-25,4405,4430,4380,4405,45181,0.22753128555176336,8411,-5500,-5579,2668,0,19159,500,16831,8691,45181,10748,6000,22410,6023,45181,36998095,-24137545,-24617220,11756670,0,84293155,2200000,74019515,38263570,198776240,47295060,26337545,98636735,26506900,198776240
2024-06-26,4405,4450,4400,4450,59941,1.0215664018161181,15204,0,-29138,13934,0,30547,0,12964,16430,59941,15343,0,42102,2496,59941,67585670,0,-129390420,61804750,0,135481855,0,57290070,72853200,265625125,67896185,0,186680490,11048450,265625125
2024-06-27,4455,4465,4415,4455,32005,0.11235955056179776,-2094,810,2661,-1377,0,12566,810,16372,2257,32005,14660,0,13711,3634,32005,-9231110,3591200,11777575,-6137665,0,55897345,3591200,72721420,10000295,142210260,65128455,0,60943845,16137960,142210260
2024-06-28,4450,4460,4310,4455,35723,0.0,2202,1487,-2867,-822,0,11501,1687,18566,3969,35723,9299,200,21433,4791,35723,9889920,6575410,-12766625,-3698705,0,51135330,7465410,82097360,17598805,158296905,41245410,890000,94863985,21297510,158296905
2024-07-01,4460,4465,4370,4420,139364,-0.7856341189674524,-52508,3614,43131,5763,0,58725,3614,56845,20180,139364,111233,0,13714,14417,139364,-230514600,15906915,189535345,25072340,0,258269250,15906915,249929825,88677670,612783660,488783850,0,60394480,63605330,612783660
2024-07-02,4430,4430,4380,4415,49459,-0.11312217194570137,-3754,-4800,9357,-803,0,15569,200,32574,1116,49459,19323,5000,23217,1919,49459,-16339605,-21119500,40999790,-3540685,0,68533375,880500,143195430,4914615,217523920,84872980,22000000,102195640,8455300,217523920
2024-07-03,4430,4455,4400,4435,49075,0.4530011325028313,11601,-50,-16432,4881,0,29174,150,10344,9407,49075,17573,200,26776,4526,49075,51432895,-222300,-72897175,21686580,0,129333185,663700,45814255,41727305,217538445,77900290,886000,118711430,20040725,217538445
2024-07-04,4420,4470,4365,4430,130931,-0.11273957158962795,-33136,1921,51822,-20607,0,56802,1921,67481,4727,130931,89938,0,15659,25334,130931,-145182920,8431570,227887740,-91136390,0,249906260,8431570,296905695,20739470,575982995,395089180,0,69017955,111875860,575982995
2024-07-05,4445,4450,4390,4425,69913,-0.1128668171557562,18955,50,-2301,-16704,0,45800,50,22888,1175,69913,26845,0,25189,17879,69913,83703805,219950,-10164940,-73758815,0,201896170,219950,100789470,5168260,308073850,118192365,0,110954410,78927075,308073850
2024-07-08,4440,4440,4390,4420,53315,-0.11299435028248588,16505,1590,-15143,-2952,0,29343,1590,21330,1052,53315,12838,0,36473,4004,53315,72793810,7021100,-66761830,-13053080,0,129396560,7021100,93960885,4626085,235004630,56602750,0,160722715,17679165,235004630
2024-07-09,4395,4395,4350,4375,154616,-1.0180995475113122,-37288,539,57258,-20509,0,65424,539,81947,6706,154616,102712,0,24689,27215,154616,-162189765,2349295,249477315,-89636845,0,285581735,2349295,357458420,29259170,674648620,447771500,0,107981105,118896015,674648620
2024-07-10,4375,4430,4360,4430,84062,1.2571428571428571,24465,-70,-30138,5743,0,47456,30,24962,11614,84062,22991,100,55100,5871,84062,107734455,-311400,-132513125,25090070,0,209011740,131100,109417115,51011830,369571785,101277285,442500,241930240,25921760,369571785
2024-07-11,4430,4450,4390,4415,86911,-0.33860045146726864,11341,66,-20057,8650,0,47386,66,24900,14559,86911,36045,0,44957,5909,86911,50575190,291385,-89037350,38170775,0,209985310,291385,110315565,64337695,384929955,159410120,0,199352915,26166920,384929955
2024-07-12,4435,4455,4400,4430,165347,0.33975084937712347,-44933,-50,10600,34383,0,69113,50,53291,42893,165347,114046,100,42691,8510,165347,-197923655,-223950,46140010,152007595,0,305860850,220550,235770750,189725840,731577990,503784505,444500,189630740,37718245,731577990
2024-07-15,4430,4530,4430,4500,175524,1.580135440180587,-43447,-280,-5814,49541,0,44298,20,72530,58676,175524,87745,300,78344,9135,175524,-193441090,-1262650,-27157630,221861370,0,198486715,89350,324286365,262851570,785714000,391927805,1352000,351443995,40990200,785714000
2024-07-16,4500,4515,4450,4490,173553,-0.2222222222222222,-55138,40,24558,30540,0,72351,40,62811,38351,173553,127489,0,38253,7811,173553,-245902315,178950,109424460,136298905,0,323516900,178950,280506260,171258340,775460450,569419215,0,171081800,34959435,775460450
2024-07-17,4490,4570,4485,4565,171603,1.670378619153675,21762,-972,-87747,66957,0,55652,30,47087,68834,171603,33890,1002,134834,1877,171603,98968870,-4384150,-397603655,303018935,0,252280630,134950,212673060,311532260,776620900,153311760,4519100,610276715,8513325,776620900
2024-07-18,4565,4570,4495,4565,118238,0.0,-34136,30,34471,-365,0,42177,30,65029,11002,118238,76313,0,30558,11367,118238,-153441155,136000,155263090,-1957935,0,191765555,136000,294115555,49751485,535768595,345206710,0,138852465,51709420,535768595
2024-07-19,4565,4580,4545,4570,82260,0.10952902519167579,15672,20,-14616,-1076,0,37213,20,41439,3588,82260,21541,0,56055,4664,82260,71572875,91200,-66749915,-4914160,0,169903905,91200,189041585,16361705,375398395,98331030,0,255791500,21275865,375398395
2024-07-22,4555,4575,4550,4565,76791,-0.10940919037199125,13387,24,-27577,14166,0,31569,24,29647,15551,76791,18182,0,57224,1385,76791,61122035,109450,-125840180,64608695,0,144144600,109450,135262550,70936825,350453425,83022565,0,261102730,6328130,350453425
2024-07-23,4565,4575,4490,4510,142824,-1.2048192771084338,-22409,359,30524,-8474,0,46739,359,80305,15421,142824,69148,0,49781,23895,142824,-101378885,1627625,138231955,-38480695,0,211134865,1627625,363130275,69624385,645517150,312513750,0,224898320,108105080,645517150
2024-07-24,4510,4555,4475,4550,60382,0.8869179600886918,2204,-2573,-6940,7309,0,25065,132,26373,8812,60382,22861,2705,33313,1503,60382,10192135,-11714180,-31482695,33004740,0,113347910,593570,119245950,39784085,272971515,103155775,12307750,150728645,6779345,272971515
2024-07-25,4510,4570,4510,4570,95601,0.43956043956043955,922,521,-16364,14921,0,21446,6980,46411,20764,95601,20524,6459,62775,5843,95601,4389255,2445435,-74822965,67988275,0,97682080,31833885,211051450,94592810,435160225,93292825,29388450,285874415,26604535,435160225
2024-07-26,4575,4580,4540,4565,153015,-0.10940919037199125,4198,379,24446,-29023,0,50932,479,100869,735,153015,46734,100,76423,29758,153015,19368875,1729275,111292750,-132390900,0,232482100,2185775,460124805,3350610,698143290,213113225,456500,348832055,135741510,698143290
2024-07-29,4575,4575,4450,4465,367222,-2.190580503833516,-138268,282,159336,-21350,0,104349,688,229712,32473,367222,242617,406,70376,53823,367222,-619902835,1283255,715480770,-96861190,0,466986810,3096045,1031171925,145409225,1646664005,1086889645,1812790,315691155,242270415,1646664005
2024-07-30,4310,4425,4310,4425,167595,-0.8958566629339306,-2604,-4290,56,6838,0,41434,487,80217,45457,167595,44038,4777,80161,38619,167595,-11388710,-18717785,502270,29604225,0,181890125,2123060,350760265,198887590,733661040,193278835,20840845,350257995,169283365,733661040
2024-07-31,4425,4455,4425,4455,105141,0.6779661016949152,24313,-128,-42461,18276,0,52365,22,26139,26615,105141,28052,150,68600,8339,105141,108209125,-569700,-188970155,81330730,0,232906155,97800,116215720,118412775,467632450,124697030,667500,305185875,37082045,467632450
2024-08-01,4415,4480,4410,4445,77553,-0.22446689113355783,313,41,10505,-10859,0,27557,161,39208,10627,77553,27244,120,28703,21486,77553,1575510,180335,46655430,-48411275,0,122500070,714335,174150200,47135535,344500140,120924560,534000,127494770,95546810,344500140
2024-08-02,4445,4445,4360,4385,98499,-1.3498312710911136,-1388,-249,47681,-46044,0,22460,51,75026,962,98499,23848,300,27345,47006,98499,-5950890,-1098190,209270400,-202221320,0,98727015,224810,329180850,4202140,432334815,104677905,1323000,119910450,206423460,432334815
2024-08-05,4390,4395,4100,4230,196020,-3.534777651083238,-3484,127,10827,-7470,0,47734,427,100557,47302,196020,51218,300,89730,54772,196020,-13501880,562415,47320440,-34380975,0,202330110,1822915,426069605,197702105,827924735,215831990,1260500,378749165,232083080,827924735
2024-08-06,4280,4370,4280,4350,74331,2.8368794326241136,18240,-60,-4280,-13900,0,29102,48,30735,14446,74331,10862,108,35015,28346,74331,78957000,-259230,-18670140,-60027630,0,125800710,207260,132704210,62236935,320949115,46843710,466490,151374350,122264565,320949115
2024-08-07,4390,4400,4365,4390,71446,0.9195402298850575,36330,-327,-23768,-12235,0,44673,30,14221,12522,71446,8343,357,37989,24757,71446,159354755,-1435780,-104242935,-53676040,0,195946355,131450,62432955,54898380,313409140,36591600,1567230,166675890,108574420,313409140
2024-08-08,4400,4400,4275,4280,135315,-2.5056947608200453,-26314,74,-6605,32845,0,27521,74,60065,47655,135315,53835,0,66670,14810,135315,-113051010,320780,-28228760,140958990,0,118575040,320780,260141755,205193675,584231250,231626050,0,288370515,64234685,584231250
2024-08-09,4280,4370,4280,4300,61571,0.46728971962616817,-1375,30,12107,-10762,0,20472,30,26761,14308,61571,21847,0,14654,25070,61571,-5612245,129350,52566390,-47083495,0,88592390,129350,115903520,61661560,266286820,94204635,0,63337130,108745055,266286820
2024-08-12,4300,4375,4290,4350,42161,1.1627906976744187,13664,38,-17402,3700,0,19646,38,9020,13457,42161,5982,0,26422,9757,42161,59320845,164150,-75390290,15905295,0,85308215,164150,39017690,58224815,182714870,25987370,0,114407980,42319520,182714870
2024-08-13,4350,4400,4350,4400,50888,1.1494252873563218,27175,30,-22830,-4375,0,39662,30,9283,1913,50888,12487,0,32113,6288,50888,118932585,130900,-99912430,-19151055,0,173544650,130900,40578875,8386745,222641170,54612065,0,140491305,27537800,222641170
2024-08-14,4400,4420,4365,4395,38305,-0.11363636363636363,5615,-960,-3180,-1475,0,16443,40,17687,4135,38305,10828,1000,20867,5610,38305,24679845,-4219300,-13882610,-6577935,0,72293655,175700,77689710,18097825,168256890,47613810,4395000,91572320,24675760,168256890
2024-08-16,4435,4435,4360,4390,59446,-0.11376564277588168,26635,30,-9216,-17449,0,37362,30,21046,1008,59446,10727,0,30262,18457,59446,116710045,131350,-40359780,-76481615,0,163729380,131350,92112865,4401275,260374870,47019335,0,132472645,80882890,260374870
2024-08-19,4390,4420,4345,4390,50147,0.0,25630,-772,-20325,-4533,0,32767,30,9954,7396,50147,7137,802,30279,11929,50147,112372175,-3393300,-88937540,-20041335,0,143611210,131500,43578615,32224985,219546310,31239035,3524800,132516155,52266320,219546310
2024-08-20,4415,4415,4310,4330,61549,-1.366742596810934,6653,-3819,15747,-18581,0,35845,112,22251,3341,61549,29192,3931,6504,21922,61549,29350560,-16769730,68284355,-80865185,0,156266695,485860,96633375,14504775,267890705,126916135,17255590,28349020,95369960,267890705
2024-08-21,4340,4350,4320,4345,55468,0.3464203233256351,24927,-3780,-15894,-5253,0,37593,20,17009,846,55468,12666,3800,32903,6099,55468,107957710,-16367500,-68867775,-22722435,0,162805470,86500,73654855,3672960,240219785,54847760,16454000,142522630,26395395,240219785
2024-08-22,4355,4395,4335,4360,65123,0.34522439585730724,17955,-10940,-6892,-123,0,33912,60,23725,7426,65123,15957,11000,30617,7549,65123,78178285,-47589635,-29928360,-660290,0,147800045,261350,103686955,32318525,284066875,69621760,47850985,133615315,32978815,284066875
2024-08-23,4360,4380,4345,4365,17676,0.11467889908256881,6735,-1770,2418,-7383,0,10018,30,7617,11,17676,3283,1800,5199,7394,17676,29359400,-7715250,10570035,-32214185,0,43700010,130750,33328685,47960,77207405,14340610,7846000,22758650,32262145,77207405
2024-08-26,4395,4400,4370,4380,57190,0.3436426116838488,14477,-11980,-437,-2060,0,40123,20,14617,2430,57190,25646,12000,15054,4490,57190,63425805,-52434145,-1942450,-9049210,0,175676350,87500,63974965,10643820,250382635,112250545,52521645,65917415,19693030,250382635
2024-08-27,4380,4400,4370,4395,43470,0.3424657534246575,10024,-2980,-12816,5772,0,30413,20,6055,6982,43470,20389,3000,18871,1210,43470,43931605,-13052400,-56158640,25279435,0,133261795,87600,26522340,30579720,190451455,89330190,13140000,82680980,5300285,190451455
2024-08-28,4400,4400,4355,4380,60467,-0.3412969283276451,12314,-3630,8654,-17338,0,43407,70,15683,1307,60467,31093,3700,7029,18645,60467,53913610,-15899500,37776455,-75790565,0,189988270,306500,68571075,5731195,264597040,136074660,16206000,30794620,81521760,264597040
2024-08-29,4395,4395,4350,4390,52394,0.228310502283105,25079,-5450,3626,-23255,0,33142,50,18337,865,52394,8063,5500,14711,24120,52394,109666760,-23844450,15831125,-101653435,0,144961105,218050,80166510,3781215,229126880,35294345,24062500,64335385,105434650,229126880
2024-08-30,4365,4400,4365,4400,31552,0.22779043280182232,14766,-4950,-1923,-7893,0,19831,50,11215,456,31552,5065,5000,13138,8349,31552,64827995,-21706000,-8502675,-34619320,0,87046365,219000,49208915,1997280,138471560,22218370,21925000,57711590,36616600,138471560
2024-09-02,4400,4410,4380,4405,35926,0.11363636363636363,12545,-3960,-6061,-2524,0,26099,40,8033,1754,35926,13554,4000,14094,4278,35926,55157245,-17399600,-26643540,-11114105,0,114807480,175400,35317440,7700060,158000380,59650235,17575000,61960980,18814165,158000380
2024-09-03,4405,4405,4385,4395,33410,-0.22701475595913734,22701,41,-20729,-2013,0,24984,41,8366,19,33410,2283,0,29095,2032,33410,99724160,179995,-91059390,-8844765,0,109756465,179995,36751660,83590,146771710,10032305,0,127811050,8928355,146771710
2024-09-04,4390,4390,4355,4365,59129,-0.6825938566552902,35481,20,-27666,-7835,0,43022,20,13847,2240,59129,7541,0,41513,10075,59129,154913345,87250,-120790465,-34210130,0,187801575,87250,60430350,9775930,258095105,32888230,0,181220815,43986060,258095105
2024-09-05,4365,4390,4365,4375,32621,0.22909507445589922,23124,-3750,-14725,-4649,0,30373,50,1540,658,32621,7249,3800,16265,5307,32621,101324345,-16425200,-64532840,-20366305,0,133058640,218800,6737545,2880900,142895885,31734295,16644000,71270385,23247205,142895885
2024-09-06,4375,4405,4335,4405,65628,0.6857142857142857,31264,20,-31236,-48,0,42098,20,14985,8525,65628,10834,0,46221,8573,65628,137130695,87250,-137014860,-203085,0,184581795,87250,65601595,37350095,287620735,47451100,0,202616455,37553180,287620735
2024-09-09,4375,4415,4345,4410,73627,0.11350737797956867,12225,20,-27277,15032,0,42908,20,9367,21332,73627,30683,0,36644,6300,73627,53888865,87450,-119772990,65796675,0,188775350,87450,41179670,93480380,323522850,134886485,0,160952660,27683705,323522850
2024-09-10,4415,4415,4370,4395,61492,-0.3401360544217687,-5314,0,22399,-17085,0,26587,0,33202,1703,61492,31901,0,10803,18788,61492,-23256775,0,98164705,-74907930,0,116523690,0,145486890,7463040,269473620,139780465,0,47322185,82370970,269473620
2024-09-11,4385,4400,4365,4395,79271,0.0,49999,-1950,-18854,-29195,0,67953,50,9391,1877,79271,17954,2000,28245,31072,79271,219308415,-8536200,-82746300,-128025915,0,297973885,218800,41122970,8212260,347527915,78665470,8755000,123869270,136238175,347527915
2024-09-12,4400,4405,4360,4380,86788,-0.3412969283276451,29025,88,-25355,-3758,0,72853,88,11608,2239,86788,43828,0,36963,5997,86788,127204685,385620,-111049655,-16540650,0,319403410,385620,50824365,9779710,380393105,192198725,0,161874020,26320360,380393105
2024-09-13,4380,4400,4380,4400,64740,0.45662100456621,13771,30,-14439,638,0,54134,30,6463,4113,64740,40363,0,20902,3475,64740,60520410,131450,-63451750,2799890,0,237471175,131450,28340915,18036820,283980360,176950765,0,91792665,15236930,283980360
2024-09-19,4360,4405,4360,4400,69347,0.0,17776,20,-32462,14666,0,49424,20,4692,15211,69347,31648,0,37154,545,69347,78130745,87800,-142625485,64406940,0,217342855,87800,20621095,66802590,304854340,139212110,0,163246580,2395650,304854340
2024-09-20,4410,4450,4400,4450,126308,1.1363636363636365,25760,10,-51243,25473,0,58504,10,40728,27066,126308,32744,0,91971,1593,126308,113811515,44000,-226427515,112572000,0,258466250,44000,180137670,119612435,558260355,144654735,0,406565185,7040435,558260355
2024-09-23,4455,4455,4405,4425,77794,-0.5617977528089888,10930,0,1895,-12825,0,39268,0,37871,655,77794,28338,0,35976,13480,77794,48534860,0,8319945,-56854805,0,173922030,0,167275655,2899635,344097320,125387170,0,158955710,59754440,344097320
2024-09-24,4415,4440,4385,4390,104818,-0.7909604519774011,7835,50,1247,-9132,0,71074,50,24054,9640,104818,63239,0,22807,18772,104818,35114520,219750,5229785,-40564055,0,313663220,219750,105949645,42366110,462198725,278548700,0,100719860,82930165,462198725
2024-09-25,4395,4425,4375,4385,70801,-0.11389521640091116,18260,110,-7055,-11315,0,46814,110,20544,3333,70801,28554,0,27599,14648,70801,80060590,482550,-30883600,-49659540,0,205506095,482550,90199490,14640885,310829020,125445505,0,121083090,64300425,310829020
2024-09-26,4395,4400,4370,4370,51166,-0.34207525655644244,8605,-1925,383,-7063,0,27531,75,21308,2252,51166,18926,2000,20925,9315,51166,37765015,-8441675,1666710,-30990050,0,120696720,328325,93444235,9852065,224321345,82931705,8770000,91777525,40842115,224321345
2024-09-27,4370,4395,4360,4375,84431,0.11441647597254005,31950,21,-23957,-8014,0,69918,21,14279,213,84431,37968,0,38236,8227,84431,139826695,91825,-104866705,-35051815,0,305856845,91825,62424800,932355,369305825,166030150,0,167291505,35984170,369305825
2024-09-30,4375,4390,4340,4370,50841,-0.1142857142857143,7815,106,1069,-8990,0,30754,106,15194,4787,50841,22939,0,14125,13777,50841,34383555,462465,4556200,-39402220,0,134262525,462465,66234645,20786765,221746400,99878970,0,61678445,60188985,221746400
2024-10-02,4370,4375,4305,4310,116854,-1.3729977116704806,22572,300,-4786,-18086,0,54051,300,53702,8801,116854,31479,0,58488,26887,116854,97858390,1300800,-20739010,-78420180,0,234280025,1300800,232466775,38194160,506241760,136421635,0,253205785,116614340,506241760
2024-10-04,4310,4345,4295,4300,58981,-0.23201856148491878,22155,480,-20584,-2051,0,36081,480,16920,5500,58981,13926,0,37504,7551,58981,95824195,2069750,-89044230,-8849715,0,155804700,2069750,72904465,23724850,254503765,59980505,0,161948695,32574565,254503765
2024-10-07,4340,4370,4305,4330,70959,0.6976744186046512,37151,-1995,-35024,-132,0,53949,5,8121,8884,70959,16798,2000,43145,9016,70959,161305395,-8633640,-151999440,-672315,0,234097395,21625,35268590,38514590,307902200,72792000,8655265,187268030,39186905,307902200
2024-10-08,4365,4365,4305,4335,77986,0.11547344110854503,25144,-9273,-8557,-7314,0,67225,1227,7104,2430,77986,42081,10500,15661,9744,77986,108933690,-40102360,-37137945,-31693385,0,290893665,5300140,30690310,10513005,337397120,181959975,45402500,67828255,42206390,337397120
2024-10-10,4370,4375,4335,4360,37508,0.5767012687427913,27868,-5000,-20227,-2641,0,30351,0,6773,384,37508,2483,5000,27000,3025,37508,121413925,-21775000,-88099270,-11539655,0,132216190,0,29463045,1671380,163350615,10802265,21775000,117562315,13211035,163350615
2024-10-11,4360,4400,4350,4395,61231,0.8027522935779817,33329,-100,-27229,-6000,0,55895,0,4155,1181,61231,22566,100,31384,7181,61231,146391405,-439500,-119603275,-26348630,0,245483750,0,18238710,5174355,268896815,99092345,439500,137841985,31522985,268896815
2024-10-14,4375,4395,4315,4335,73628,-1.3651877133105803,-22180,10,26859,-4689,0,23433,10,48195,1990,73628,45613,0,21336,6679,73628,-96097880,43300,116709435,-20654855,0,102482880,43300,209626105,8625540,320777825,198580760,0,92916670,29280395,320777825
2024-10-15,4340,4385,4340,4360,80700,0.5767012687427913,37781,-1999,-42843,7061,0,58676,1,10004,12019,80700,20895,2000,52847,4958,80700,164784070,-8703650,-186730115,30649695,0,255751570,4350,43593980,52325560,351675460,90967500,8708000,230324095,21675865,351675460
2024-10-16,4375,4375,4320,4330,42716,-0.6880733944954129,459,20,8599,-9078,0,28751,20,12123,1822,42716,28292,0,3524,10900,42716,2268595,86500,37195975,-39551070,0,124773970,86500,52461170,7888200,185209840,122505375,0,15265195,47439270,185209840
2024-10-17,4330,4355,4330,4350,24976,0.4618937644341801,19718,-3000,-15141,-1577,0,20909,0,3936,131,24976,1191,3000,19077,1708,24976,85680815,-13035000,-65791155,-6854660,0,90861155,0,17108270,568540,108537965,5180340,13035000,82899425,7423200,108537965
2024-10-18,4360,4375,4320,4350,24150,0.0,4418,0,-1615,-2803,0,15405,0,8605,140,24150,10987,0,10220,2943,24150,19264145,0,-7041305,-12222840,0,66976010,0,37325280,606100,104907390,47711865,0,44366585,12828940,104907390
2024-10-21,4350,4350,4320,4350,35814,0.0,15009,-10500,-3875,-634,0,21704,0,14082,28,35814,6695,10500,17957,662,35814,65193285,-45577500,-16860645,-2755140,0,94256380,0,61121080,121370,155498830,29063095,45577500,77981725,2876510,155498830
2024-10-22,4350,4355,4305,4345,36986,-0.11494252873563218,17872,-4000,-12290,-1582,0,27058,0,8386,1542,36986,9186,4000,20676,3124,36986,77424435,-17258860,-53270020,-6895555,0,117181360,0,36209250,6655190,160045800,39756925,17258860,89479270,13550745,160045800
2024-10-23,4340,4345,4330,4340,48101,-0.11507479861910241,24719,-1250,-23127,-342,0,39144,50,8907,0,48101,14425,1300,32034,342,48101,107198200,-5425250,-100289785,-1483165,0,169759625,216750,38667160,0,208643535,62561425,5642000,138956945,1483165,208643535
2024-10-24,4340,4355,4320,4355,33999,0.3456221198156682,23439,-3601,-19301,-537,0,27946,99,5940,14,33999,4507,3700,25241,551,33999,101524860,-15602850,-83593970,-2328040,0,121097795,430650,25791270,60570,147380285,19572935,16033500,109385240,2388610,147380285
2024-10-25,4355,4355,4300,4335,55732,-0.4592422502870264,32219,-13165,-18272,-782,0,43384,30,10497,1821,55732,11165,13195,28769,2603,55732,139602610,-57068410,-79113725,-3420475,0,188034110,129850,45498455,7871415,241533830,48431500,57198260,124612180,11291890,241533830
2024-10-28,4335,4345,4150,4185,155268,-3.4602076124567476,2869,-1389,-2801,1321,0,45257,611,97191,12209,155268,42388,2000,99992,10888,155268,12722520,-5843995,-12654185,5775660,0,190099035,2546005,407020160,51309555,650974755,177376515,8390000,419674345,45533895,650974755
2024-10-29,4150,4300,4035,4110,122628,-1.7921146953405016,-13062,-5889,3241,15710,0,46606,1325,45975,28722,122628,59668,7214,42734,13012,122628,-53311380,-23868720,13481745,63698355,0,191585965,5440720,189742315,117245630,504014630,244897345,29309440,176260570,53547275,504014630
2024-10-30,4110,4150,4055,4110,52512,0.0,32736,-17403,-10167,-5166,0,40689,60,9669,2094,52512,7953,17463,19836,7260,52512,134365950,-71326105,-41731835,-21308010,0,167026135,246000,39754340,8579530,215606005,32660185,71572105,81486175,29887540,215606005
2024-10-31,4080,4240,3985,4200,90471,2.18978102189781,20256,-6275,-23541,9560,0,30442,100,38158,21771,90471,10186,6375,61699,12211,90471,84926875,-26113195,-97963880,39150200,0,127094595,408850,157545840,90289175,375338460,42167720,26522045,255509720,51138975,375338460
2024-11-01,4200,4200,4115,4145,46986,-1.3095238095238095,11981,-9983,11196,-13194,0,27552,128,17354,1952,46986,15571,10111,6158,15146,46986,49720845,-41387215,46485480,-54819110,0,114111485,530860,72022190,8049120,194713655,64390640,41918075,25536710,62868230,194713655
2024-11-04,4150,4160,4060,4085,41763,-1.4475271411338964,8861,-5711,2322,-5472,0,23803,70,16919,971,41763,14942,5781,14597,6443,41763,36174870,-23260035,9516610,-22431445,0,97205500,285550,69217130,3956340,170664520,61030630,23545585,59700520,26387785,170664520
2024-11-05,4090,4100,4055,4090,51676,0.12239902080783352,18457,-1990,-17629,1162,0,28575,10,21184,1907,51676,10118,2000,38813,745,51676,75187510,-8085195,-71837210,4734895,0,116401880,40700,86245745,7771025,210459350,41214370,8125895,158082955,3036130,210459350
2024-11-06,4105,4190,4055,4120,59774,0.7334963325183375,6071,-2300,-8761,4990,0,25039,0,12039,22696,59774,18968,2300,20800,17706,59774,25589965,-9445000,-35991045,19846080,0,103412520,0,49583170,93154960,246150650,77822555,9445000,85574215,73308880,246150650
2024-11-07,4120,4145,4015,4040,33508,-1.9417475728155338,-5061,400,8179,-3518,0,6116,450,21791,5151,33508,11177,50,13612,8669,33508,-20486160,1613300,33134675,-14261815,0,24695465,1815300,88083150,20790760,135384675,45181625,202000,54948475,35052575,135384675
2024-11-08,4040,4110,4040,4075,44302,0.8663366336633664,17099,-10150,-4278,-2671,0,29731,0,10639,3932,44302,12632,10150,14917,6603,44302,69973420,-41491165,-17557470,-10924785,0,121366740,0,43274735,16059210,180700685,51393320,41491165,60832205,26983995,180700685
2024-11-11,4075,4095,3925,3965,101409,-2.6993865030674846,-5915,2770,5223,-2078,0,22284,3120,68870,7135,101409,28199,350,63647,9213,101409,-23339040,10926915,20827035,-8414910,0,88781645,12314665,274257960,28505760,403860030,112120685,1387750,253430925,36920670,403860030
2024-11-12,4015,4015,3760,3865,123894,-2.5220680958385877,-33409,2184,11970,19255,0,28218,2334,57295,36047,123894,61627,150,45325,16792,123894,-127679790,8385740,46844820,72449230,0,107868795,8965490,219501400,137056565,473392250,235548585,579750,172656580,64607335,473392250
2024-11-13,3865,3970,3860,3970,56598,2.716688227684347,11820,-169,-7850,-3801,0,25206,31,21855,9506,56598,13386,200,29705,13307,56598,46722890,-672100,-31126565,-14924225,0,99297335,120900,85789030,37402640,222609905,52574445,793000,116915595,52326865,222609905
2024-11-14,3985,3985,3845,3855,61384,-2.8967254408060454,-6185,480,19929,-14224,0,19252,480,39573,2079,61384,25437,0,19644,16303,61384,-24116085,1854850,77458560,-55197325,0,74412335,1854850,153328530,8083130,237678845,98528420,0,75869970,63280455,237678845
2024-11-15,3870,3950,3855,3935,48339,2.075226977950713,-7599,20,1227,6352,0,17232,20,14821,16266,48339,24831,0,13594,9914,48339,-29455265,77400,4709135,24668730,0,67067610,77400,57635845,63332320,188113175,96522875,0,52926710,38663590,188113175
2024-11-18,3940,4080,3895,3925,93096,-0.25412960609911056,-25764,-50,16131,9683,0,40117,50,24522,28407,93096,65881,100,8391,18724,93096,-100153690,-211050,63179110,37185630,0,159498585,195950,96442160,111861235,367997930,259652275,407000,33263050,74675605,367997930
2024-11-19,3925,3940,3880,3940,94211,0.3821656050955414,-16548,40,21526,-5018,0,45661,40,30371,18139,94211,62209,0,8845,23157,94211,-64100955,155550,83769250,-19823845,0,178561085,155550,118281115,70792570,367790320,242662040,0,34511865,90616415,367790320
2024-11-20,3940,4085,3930,4015,94446,1.903553299492386,16482,0,-15708,-774,0,54016,0,15190,25240,94446,37534,0,30898,26014,94446,66873910,0,-63533190,-3340720,0,216623290,0,60372685,100968725,377964700,149749380,0,123905875,104309445,377964700
2024-11-21,4015,4060,3985,4050,62397,0.8717310087173101,15109,0,-12962,-2147,0,42503,0,12661,7233,62397,27394,0,25623,9380,62397,61260815,0,-52500250,-8760565,0,171685005,0,51241930,29101125,252028060,110424190,0,103742180,37861690,252028060
2024-11-22,4095,4120,4030,4120,69142,1.728395061728395,-4555,0,9465,-4910,0,36855,0,28165,4122,69142,41410,0,18700,9032,69142,-18127615,0,38160925,-20033310,0,150252175,0,114410370,16779085,281441630,168379790,0,76249445,36812395,281441630
2024-11-25,4120,4120,4045,4085,51078,-0.8495145631067961,-15720,3215,9653,2852,0,21079,3215,22079,4705,51078,36799,0,12426,1853,51078,-63697835,13020750,39157585,11519500,0,85724260,13020750,89628610,19091885,207465505,149422095,0,50471025,7572385,207465505
2024-11-26,4085,4090,4010,4080,35939,-0.12239902080783352,-1366,100,5088,-3822,0,19994,100,12849,2996,35939,21360,0,7761,6818,35939,-5317080,402000,20447380,-15532300,0,80652010,402000,51764465,12072530,144891005,85969090,0,31317085,27604830,144891005
2024-11-27,4120,4120,4035,4080,50285,0.0,1411,0,-1232,-179,0,25571,0,15604,9110,50285,24160,0,16836,9289,50285,6099305,0,-5279730,-819575,0,104124210,0,63148720,36967765,204240695,98024905,0,68428450,37787340,204240695
2024-11-28,4090,4150,4070,4125,66199,1.1029411764705883,23556,0,-38491,14935,0,34598,0,9853,21748,66199,11042,0,48344,6813,66199,96809085,0,-158202200,61393115,0,142358570,0,40504540,89470080,272333190,45549485,0,198706740,28076965,272333190
2024-11-29,4145,4145,4000,4045,64322,-1.9393939393939394,-20966,-2215,23189,-8,0,12463,674,34656,16529,64322,33429,2889,11467,16537,64322,-84467150,-8928320,94017735,-622265,0,50627920,2719350,140688035,66463095,260498400,135095070,11647670,46670300,67085360,260498400
2024-12-02,4090,4100,4035,4095,34466,1.2360939431396787,16618,100,-10577,-6141,0,21900,100,8802,3664,34466,5282,0,19379,9805,34466,67854205,408000,-43233025,-25029180,0,89422550,408000,35892015,14923405,140645970,21568345,0,79125040,39952585,140645970
2024-12-03,4095,4130,4035,4055,54778,-0.9768009768009768,-12771,-4254,12976,4049,0,19604,125,21676,13373,54778,32375,4379,8700,9324,54778,-51507745,-17179560,52493065,16194240,0,79746465,506250,87818620,54198540,222269875,131254210,17685810,35325555,38004300,222269875
2024-12-04,4040,4080,3995,4050,51158,-0.12330456226880394,-3896,-400,13642,-9346,0,8184,0,38722,4252,51158,12080,400,25080,13598,51158,-15449105,-1606000,54852365,-37797260,0,32945875,0,155819470,17049860,205815205,48394980,1606000,100967105,54847120,205815205
2024-12-05,4045,4045,3900,3990,54534,-1.4814814814814816,-10027,50,13524,-3547,0,11656,450,41248,1180,54534,21683,400,27724,4727,54534,-39930665,180250,53911020,-14160605,0,46476405,1775250,164252875,4674815,217179345,86407070,1595000,110341855,18835420,217179345
2024-12-06,4005,4030,3710,3950,93010,-1.0025062656641603,-16800,200,16653,-53,0,30675,400,56375,5560,93010,47475,200,39722,5613,93010,-64840835,752000,64332355,-243520,0,120815810,1542000,220817205,21874325,365049340,185656645,790000,156484850,22117845,365049340
2024-12-09,3950,3950,3840,3905,65289,-1.139240506329114,18020,-10153,-8198,331,0,34059,201,17618,13411,65289,16039,10354,25816,13080,65289,70305805,-39246030,-32003150,943375,0,132636070,771900,68210185,51905950,253524105,62330265,40017930,100213335,50962575,253524105
2024-12-10,3945,3970,3895,3970,48505,1.6645326504481435,-8589,0,5748,2841,0,20176,0,22892,5437,48505,28765,0,17144,2596,48505,-33293405,0,22217420,11075985,0,79726985,0,89696290,21294405,190717680,113020390,0,67478870,10218420,190717680
2024-12-11,4000,4025,3935,4000,58656,0.7556675062972292,-1899,116,-4464,6247,0,23456,116,16537,18547,58656,25355,0,21001,12300,58656,-7321510,459520,-17967925,24829915,0,93337450,459520,65689765,73780380,233267115,100658960,0,83657690,48950465,233267115
2024-12-12,4000,4060,3940,4060,149289,1.5,-57306,2600,25083,29623,0,56134,2600,38905,51650,149289,113440,0,13822,22027,149289,-226386155,10244000,99257230,116884925,0,224434950,10244000,154840080,205238935,594757965,450821105,0,55582850,88354010,594757965
2024-12-13,4060,4080,3895,3940,194627,-2.955665024630542,-83881,2100,103911,-22130,0,68324,2300,113398,10605,194627,152205,200,9487,32735,194627,-327685705,8244500,407615760,-88174555,0,268235070,9032500,444982065,41545315,763794950,595920775,788000,37366305,129719870,763794950
2024-12-16,3910,3940,3800,3845,236384,-2.4111675126903553,-159701,-59,133032,26728,0,49553,241,145710,40880,236384,209254,300,12678,14152,236384,-612097345,-229295,510806355,101520285,0,190649000,924205,559835625,156302815,907711645,802746345,1153500,49029270,54782530,907711645
2024-12-17,3845,3845,3675,3740,258855,-2.7308192457737324,-139349,-19639,178259,-19271,0,42481,611,203478,12285,258855,181830,20250,25219,31556,258855,-519112710,-72936360,665207395,-73158325,0,158817520,2280335,759681005,45591650,966370510,677930230,75216695,94473610,118749975,966370510
2024-12-18,3720,3750,3625,3710,325493,-0.8021390374331552,-171653,454,102230,68969,0,66975,654,176693,81171,325493,238628,200,74463,12202,325493,-627603785,1640615,373705260,252257910,0,245586070,2382615,645997705,297294825,1191261215,873189855,742000,272292445,45036915,1191261215
2024-12-19,3690,3700,3600,3670,281131,-1.078167115902965,-199892,301,152659,46932,0,34472,601,172726,73332,281131,234364,300,20067,26400,281131,-725494340,1083635,554087510,170323195,0,125664185,2184635,627281260,266763140,1021893220,851158525,1101000,73193750,96439945,1021893220
2024-12-20,3640,3700,3605,3640,100117,-0.8174386920980926,1320,650,10928,-12898,0,27889,750,52583,18895,100117,26569,100,41655,31793,100117,4969460,2366000,39926235,-47261695,0,101677315,2730000,191343665,68479740,364230720,96707855,364000,151417430,115741435,364230720
2024-12-23,3640,3730,3640,3695,70139,1.510989010989011,26206,-300,-28858,2952,0,41988,0,17111,11040,70139,15782,300,45969,8088,70139,96821925,-1098000,-106751690,11027765,0,155241440,0,63072480,40802300,259116220,58419515,1098000,169824170,29774535,259116220
2024-12-24,3730,3820,3695,3810,90306,3.1123139377537212,25282,-100,-44704,19522,0,29990,0,25971,34368,90329,4708,100,70675,14846,90329,95691290,-382000,-169163665,73854375,0,113369795,0,98213155,129905130,341488080,17678505,382000,267376820,56050755,341488080
