날짜,시가,고가,저가,종가,거래량,등락률,기관합계_거래량_순매수,기타법인_거래량_순매수,개인_거래량_순매수,외국인합계_거래량_순매수,전체_거래량_순매수,기관합계_거래량_매수,기타법인_거래량_매수,개인_거래량_매수,외국인합계_거래량_매수,전체_거래량_매수,기관합계_거래량_매도,기타법인_거래량_매도,개인_거래량_매도,외국인합계_거래량_매도,전체_거래량_매도,기관합계_거래대금_순매수,기타법인_거래대금_순매수,개인_거래대금_순매수,외국인합계_거래대금_순매수,전체_거래대금_순매수,기관합계_거래대금_매수,기타법인_거래대금_매수,개인_거래대금_매수,외국인합계_거래대금_매수,전체_거래대금_매수,기관합계_거래대금_매도,기타법인_거래대금_매도,개인_거래대금_매도,외국인합계_거래대금_매도,전체_거래대금_매도
2023-04-10,4765,5043,4765,4830,3498288,,416025,69583,1200375,-1685983,0,681523,70083,2721199,7939,3480744,265498,500,1520824,1693922,3480744,2035559185,339989235,5900907910,-8276456330,0,3336892600,342441735,13368497490,38994355,17086826180,1301333415,2452500,7467589580,8315450685,17086826180
2023-04-11,4904,4904,4676,4880,1127844,1.0351966873706004,353979,1110,-102409,-252680,0,491422,1610,623287,5869,1122188,137443,500,725696,258549,1122188,1714804825,5244265,-495371475,-1224677615,0,2380204965,7709265,3003426995,28242580,5419583805,665400140,2465000,3498798470,1252920195,5419583805
2023-04-12,4885,4945,4815,4945,588808,1.331967213114754,200497,155,-136476,-64176,0,259748,167,322137,3804,585856,59251,12,458613,67980,585856,986092020,758210,-672031705,-314818525,0,1277575420,816900,1579079650,18594505,2876066475,291483400,58690,2251111355,333413030,2876066475
2023-04-13,4939,4994,4894,4994,568017,0.9908998988877654,212397,65,-110129,-102333,0,327661,181,223191,14136,565169,115264,116,333320,116469,565169,1059527365,324440,-549514530,-510337275,0,1632606300,897595,1108552435,70140265,2812196595,573078935,573155,1658066965,580477540,2812196595
2023-04-14,4974,5103,4959,5094,742485,2.002402883460152,256383,102,-239351,-17134,0,415766,247,290984,31765,738762,159383,145,530335,48899,738762,1302955570,513140,-1215723430,-87745280,0,2108820570,1247310,1471228840,161356580,3742653300,805865000,734170,2686952270,249101860,3742653300
2023-04-17,5084,5223,5044,5114,856453,0.39261876717707106,321617,52,-66928,-254741,0,476598,161,326948,48451,852158,154981,109,393876,303192,852158,1656618960,269000,-345290480,-1311597480,0,2456447380,826670,1680678290,249371780,4387324120,799828420,557670,2025968770,1560969260,4387324120
2023-04-18,5114,5163,5074,5114,918624,0.0,115449,45844,-84470,-76823,0,610715,45844,224967,32492,914018,495266,0,309437,109315,914018,596888100,236327140,-437454690,-395760550,0,3145101470,236327140,1156753600,167174740,4705356950,2548213370,0,1594208290,562935290,4705356950
2023-04-19,5113,5242,4974,5213,644292,1.9358623386781384,276461,-2727,-229164,-44570,0,433612,277,202993,4179,641061,157151,3004,432157,48749,641061,1429506620,-14136130,-1186835430,-228535060,0,2246586880,1424770,1036090470,21315210,3305417330,817080260,15560900,2222925900,249850270,3305417330
2023-04-20,5153,5272,5073,5253,563956,0.7673124880107424,117582,4000,-112944,-8638,0,350364,4046,189888,16830,561128,232782,46,302832,25468,561128,630341490,20568380,-605018780,-45891090,0,1842476820,20807880,983729360,87737000,2934751060,1212135330,239500,1588748140,133628090,2934751060
2023-04-21,5253,5532,5193,5343,494925,1.7133066818960592,97925,-16966,-106085,25126,0,202030,156,255525,34732,492443,104105,17122,361610,9606,492443,526711590,-91288130,-571327860,135904400,0,1087206620,828420,1375478090,187436350,2650949480,560495030,92116550,1946805950,51531950,2650949480
2023-04-24,5392,5441,5193,5402,457252,1.104248549504024,122924,-920,-95793,-26211,0,232080,148,210608,12123,454959,109156,1068,306401,38334,454959,667852600,-4984030,-520552730,-142315840,0,1255856550,802160,1129468370,64533340,2450660420,588003950,5786190,1650021100,206849180,2450660420
2023-04-25,5392,5481,5302,5452,441982,0.9255831173639394,95348,69,-118370,22953,0,241922,147,164509,33188,439766,146574,78,282879,10235,439766,523717990,373800,-649584360,125492570,0,1326611160,800440,899063330,181235250,2407710180,802893170,426640,1548647690,55742680,2407710180
2023-04-26,5451,5451,5292,5372,219235,-1.467351430667645,20773,2047,-7529,-15291,0,82154,2054,130791,3137,218136,61381,7,138320,18428,218136,112040390,11056350,-40283080,-82813660,0,443461400,11094260,707577500,16926910,1179060070,331421010,37910,747860580,99740570,1179060070
2023-04-27,5352,5352,5103,5273,231414,-1.8428890543559198,89451,143,-74432,-15162,0,98325,152,123047,8730,230254,8874,9,197479,23892,230254,471271110,755830,-391877830,-80149110,0,518154530,803330,647187700,45697600,1211843160,46883420,47500,1039065530,125846710,1211843160
2023-04-28,5212,5312,5163,5173,118932,-1.8964536317087048,13560,51,-15055,1444,0,14154,152,99372,4658,118336,594,101,114427,3214,118336,70752630,271280,-78506200,7482290,0,73875060,800940,520677500,24345940,619699440,3122430,529660,599183700,16863650,619699440
2023-05-02,5243,5243,5114,5124,88087,-0.9472259810554804,4351,209,-2695,-1865,0,7834,233,79229,350,87646,3483,24,81924,2215,87646,22429720,1084010,-13769870,-9743860,0,40464890,1208110,410080900,1809530,453563430,18035170,124100,423850770,11553390,453563430
2023-05-03,5093,5143,5024,5044,187536,-1.56128024980484,13883,109,-15626,1634,0,78294,118,103420,4764,186596,64411,9,119046,3130,186596,70564940,553760,-79402780,8284080,0,396977540,599440,524635770,24207750,946420500,326412600,45680,604038550,15923670,946420500
2023-05-04,5044,5114,4984,5114,101519,1.387787470261697,-5281,219,2248,2814,0,19954,238,75915,4903,101010,25235,19,73667,2089,101010,-25660260,1107380,10498740,14054140,0,101398150,1203020,382871060,24754560,510226790,127058410,95640,372372320,10700420,510226790
2023-05-08,5104,5153,5054,5114,55353,0.0,10503,90,-10881,288,0,16951,234,36579,1312,55076,6448,144,47460,1024,55076,53999500,460630,-55940420,1480290,0,87006590,1199250,187325470,6734610,282265920,33007090,738620,243265890,5254320,282265920
2023-05-09,5114,5144,5044,5144,76402,0.5866249511145875,20355,2070,-16066,-6359,0,23835,2113,49353,718,76019,3480,43,65419,7077,76019,104321730,10599490,-82300840,-32620380,0,122112680,10818890,252501300,3682090,389114960,17790950,219400,334802140,36302470,389114960
2023-05-10,5143,5183,5074,5124,139160,-0.38880248833592534,23217,-7822,-22094,6699,0,63351,7123,59135,8854,138463,40134,14945,81229,2155,138463,121266470,-40304900,-115495720,34534150,0,327009760,36956650,304265930,45683780,713916120,205743290,77261550,419761650,11149630,713916120
2023-05-11,5124,5153,5074,5144,773757,0.39032006245121,2396,297,-14509,11816,0,723425,311,34172,11969,769877,721029,14,48681,153,769877,12328050,1529690,-74751380,60893640,0,3620758640,1601650,175534930,61680320,3859575540,3608430590,71960,250286310,786680,3859575540
2023-05-12,5163,5163,5114,5124,61682,-0.38880248833592534,8249,301,-9211,661,0,30516,310,29114,1433,61373,22267,9,38325,772,61373,42902220,1556210,-47880880,3422450,0,157699610,1602620,150118720,7409960,316830910,114797390,46410,197999600,3987510,316830910
2023-05-15,5113,5163,5064,5074,106188,-0.9758001561280251,-24911,1546,6056,17309,0,27977,1558,55777,20344,105656,52888,12,49721,3035,105656,-126895930,7966510,30410800,88518620,0,143733070,8027940,284862780,104143680,540767470,270629000,61430,254451980,15625060,540767470
2023-05-16,5074,5173,5074,5134,107753,1.1824990145841545,-9336,305,5773,3258,0,44998,312,49947,11956,107213,54334,7,44174,8698,107213,-47558280,1564720,29433090,16560470,0,230955150,1600560,256199720,61314450,550069880,278513430,35840,226766630,44753980,550069880
2023-05-17,5133,5163,5084,5114,73498,-0.38955979742890534,2684,311,5026,-8021,0,25004,311,42679,5136,73130,22320,0,37653,13157,73130,14479490,1604750,25152580,-41236820,0,129000250,1604750,219318200,26391090,376314290,114520760,0,194165620,67627910,376314290
2023-05-18,5114,5163,5084,5114,33482,0.0,10829,302,-12708,1577,0,15424,310,15289,2292,33315,4595,8,27997,715,33315,55896440,1562940,-65580600,8121220,0,79604490,1604250,78877390,11813890,171900020,23708050,41310,144457990,3692670,171900020
2023-05-19,5114,5163,5094,5144,245545,0.5866249511145875,11997,311,-13655,1347,0,218649,311,22150,3204,244314,206652,0,35805,1857,244314,61946860,1602440,-70456300,6907000,0,1096129190,1602440,113955760,16502180,1228189570,1034182330,0,184412060,9595180,1228189570
2023-05-22,5163,5163,5084,5104,104542,-0.7776049766718507,-35365,3433,30643,1289,0,36094,4403,59787,3734,104018,71459,970,29144,2445,104018,-181186940,17694430,156879950,6612560,0,185287470,22670530,306683830,19178840,533820670,366474410,4976100,149803880,12566280,533820670
2023-05-23,5103,5113,5074,5084,80131,-0.3918495297805642,-8008,314,4548,3146,0,23855,314,52024,3537,79730,31863,0,47476,391,79730,-40895660,1609240,23207330,16079090,0,121944390,1609240,265807370,18082600,407443600,162840050,0,242600040,2003510,407443600
2023-05-24,5074,5114,5074,5114,47221,0.5900865460267506,26012,313,-25507,-818,0,30357,313,16151,164,46985,4345,0,41658,982,46985,133160490,1600990,-130570020,-4191460,0,155373000,1600990,82487310,838200,240299500,22212510,0,213057330,5029660,240299500
2023-05-25,5103,5123,5074,5094,374330,-0.3910833007430583,-3993,314,6446,-2767,0,333738,314,37156,1245,372453,337731,0,30710,4012,372453,-20198410,1609190,32789010,-14199790,0,1672867780,1609190,190115800,6363840,1870956610,1693066190,0,157326790,20563630,1870956610
2023-05-26,5094,5113,5044,5104,81306,0.19630938358853553,-14585,314,23361,-9090,0,23959,316,56242,382,80899,38544,2,32881,9472,80899,-73956740,1601080,118626180,-46270520,0,122191890,1611250,286207170,1951610,411961920,196148630,10170,167580990,48222130,411961920
2023-05-30,5113,5113,5044,5074,70266,-0.5877742946708464,-9768,10014,3426,-3672,0,29577,10014,29331,992,69914,39345,0,25905,4664,69914,-49632050,51396230,17059320,-18823500,0,150888400,51396230,149430390,5057580,356772600,200520450,0,132371070,23881080,356772600
2023-05-31,5073,5123,5044,5064,99196,-0.1970831690973591,9823,9314,-17544,-1593,0,51512,9314,35360,2513,98699,41689,0,52904,4106,98699,50332350,47817120,-90045030,-8104440,0,262951730,47817120,180341190,12850870,503960910,212619380,0,270386220,20955310,503960910
2023-06-01,5064,5113,5034,5084,85331,0.3949447077409162,-7458,715,4754,1989,0,32976,715,45510,5703,84904,40434,0,40756,3714,84904,-37578830,3631330,23694830,10252670,0,167853710,3631330,231158050,29109820,431752910,205432540,0,207463220,18857150,431752910
2023-06-02,5093,5093,5044,5074,51766,-0.1966955153422502,9064,315,-10243,864,0,20271,315,29589,1332,51507,11207,0,39832,468,51507,46278620,1603340,-52292370,4410410,0,103196570,1603340,150382140,6789190,261971240,56917950,0,202674510,2378780,261971240
2023-06-05,5074,5093,5054,5084,41561,0.1970831690973591,11526,515,-11884,-157,0,17341,515,22166,1331,41353,5815,0,34050,1488,41353,58776860,2626490,-60607200,-796150,0,88360790,2626490,112865970,6784420,210637670,29583930,0,173473170,7580570,210637670
2023-06-07,5064,5084,5054,5084,84004,0.0,-3853,314,3445,94,0,34949,314,47746,574,83583,38802,0,44301,480,83583,-19492780,1601400,17405730,485650,0,177973000,1601400,242931060,2928850,425434310,197465780,0,225525330,2443200,425434310
2023-06-08,5064,5083,5054,5074,54659,-0.1966955153422502,-25422,2315,22671,436,0,10733,2315,40819,518,54385,36155,0,18148,82,54385,-129328650,11788070,115323410,2217170,0,54623540,11788070,207746560,2634730,276792900,183952190,0,92423150,417560,276792900
2023-06-09,5074,5084,5054,5084,60489,0.1970831690973591,23194,315,-24477,968,0,39345,315,19048,1478,60186,16151,0,43525,510,60186,118437120,1609630,-124977730,4930980,0,200724940,1609630,97048250,7531890,306914710,82287820,0,222025980,2600910,306914710
2023-06-12,5084,5093,5054,5084,90960,0.0,-18924,313,17631,980,0,19372,314,68143,2675,90504,38296,1,50512,1695,90504,-96192840,1596300,89616010,4980530,0,98718740,1601400,346974320,13620100,460914560,194911580,5100,257358310,8639570,460914560
2023-06-13,5073,5093,5034,5044,168938,-0.7867820613690008,-65103,5188,58122,1793,0,28848,40314,93243,5686,168091,93951,35126,35121,3893,168091,-327234640,22736650,295313220,9184770,0,146889060,201601400,474350510,28993930,851834900,474123700,178864750,179037290,19809160,851834900
2023-06-14,5043,5083,5024,5034,478682,-0.19825535289452814,-14312,1319,14554,-1561,0,419259,1319,53253,2451,476282,433571,0,38699,4012,476282,-72222760,6687660,73479880,-7944780,0,2097861780,6687660,270177720,12441840,2387169000,2170084540,0,196697840,20386620,2387169000
2023-06-15,5034,5093,5034,5044,59734,0.1986491855383393,5477,435,-8513,2601,0,22417,5314,26957,4747,59435,16940,4879,35470,2146,59435,28080350,2074800,-43420310,13265160,0,114023220,26946690,137019970,24171280,302161160,85942870,24871890,180440280,10906120,302161160
2023-06-16,5044,5083,5034,5074,87197,0.5947660586835845,24491,513,-30164,5160,0,48215,514,31107,6924,86760,23724,1,61271,1764,86760,124977620,2608750,-153819670,26233300,0,245576460,2613830,157997550,35210060,441397900,120598840,5080,311817220,8976760,441397900
2023-06-19,5074,5093,5044,5074,115548,0.0,-58069,4810,55237,-1978,0,21524,4810,87761,874,114969,79593,0,32524,2852,114969,-290030050,24451960,275639420,-10061330,0,109485840,24451960,441156260,4444610,579538670,399515890,0,165516840,14505940,579538670
2023-06-20,5054,5074,5044,5074,46290,0.0,11292,-7,-13749,2464,0,23183,0,20380,2495,46058,11891,7,34129,31,46058,57670830,-35600,-70167770,12532540,0,118126800,0,103637460,12690330,234454590,60455970,35600,173805230,157790,234454590
2023-06-21,5074,5093,5034,5074,118932,0.0,24073,320,-40098,15705,0,61986,320,38300,17730,118336,37913,0,78398,2025,118336,123135400,1635070,-204871130,80100660,0,316196800,1635070,195024170,90419180,603275220,193061400,0,399895300,10318520,603275220
2023-06-22,5083,5083,5044,5044,258503,-0.5912495072920773,-5125,313,15415,-10603,0,203819,314,52878,196,257207,208944,1,37463,10799,257207,-26067110,1594750,78427230,-53954870,0,1019400590,1599830,269022390,997490,1291020300,1045467700,5080,190595160,54952360,1291020300
2023-06-23,5044,5073,5044,5064,135411,0.3965107057890563,-98207,313,100573,-2679,0,7338,314,127080,0,134732,105545,1,26507,2679,134732,-490835240,1593190,502863560,-13621510,0,37296660,1598260,637475690,0,676370610,528131900,5070,134612130,13621510,676370610
2023-06-26,5064,5074,5024,5074,37386,0.1974723538704581,8082,810,-5677,-3215,0,14222,814,21298,865,37199,6140,4,26975,4080,37199,41149300,4104490,-28939770,-16314020,0,72361400,4124830,108291500,4402720,189180450,31212100,20340,137231270,20716740,189180450
2023-06-27,5074,5074,5054,5074,903311,0.0,6716,314,-5484,-1546,0,874483,314,22290,1694,898781,867767,0,27774,3240,898781,34218020,1600980,-27954870,-7864130,0,4373755410,1600980,113512510,8628760,4497497660,4339537390,0,141467380,16492890,4497497660
2023-06-28,5074,5163,5054,5144,342753,1.3795821836815136,100632,2131,-151128,48365,0,277224,2132,12376,49303,341035,176592,1,163504,938,341035,518494930,10862260,-777957300,248600110,0,1405242050,10867420,63556350,253436950,1733102770,886747120,5160,841513650,4836840,1733102770
2023-06-29,5143,5163,5084,5104,618832,-0.7776049766718507,-86570,21300,72542,-7272,0,495947,21310,98441,31,615729,582517,10,25899,7303,615729,-430836720,106691980,361491820,-37347080,0,2482335320,106743280,494727740,159030,3083965370,2913172040,51300,133235920,37506110,3083965370
2023-06-30,5103,5113,5064,5074,45960,-0.5877742946708464,14294,-2136,509,-12667,0,22896,157,21365,1312,45730,8602,2293,20856,13979,45730,73243400,-10957170,2489200,-64775430,0,117161910,800700,109139190,6710180,233811980,43918510,11757870,106649990,71485610,233811980
2023-07-03,5093,5093,5054,5084,51259,0.1970831690973591,21479,-7272,279,-14486,0,28353,0,22128,521,51002,6874,7272,21849,15007,51002,109567290,-37117200,1368990,-73819080,0,144580290,0,112770570,2657580,260008440,35013000,37117200,111401580,76476660,260008440
2023-07-04,5083,5083,5054,5074,53516,-0.1966955153422502,9815,-9927,11902,-11790,0,24934,500,27279,535,53248,15119,10427,15377,12325,53248,50007760,-50479840,60522050,-60049970,0,126932490,2540000,138850350,2727060,271049900,76924730,53019840,78328300,62777030,271049900
2023-07-05,5054,5093,5054,5074,53755,0.0,23440,2952,-20278,-6114,0,36394,2953,14072,67,53486,12954,1,34350,6181,53486,119526320,15055210,-103445160,-31136370,0,185454480,15060300,71651080,341400,272507260,65928160,5090,175096240,31477770,272507260
2023-07-06,5073,5083,5034,5044,66222,-0.5912495072920773,-5699,29203,-14494,-9010,0,9826,29203,26589,272,65890,15525,0,41083,9282,65890,-28790160,148546480,-73943210,-45813110,0,49948980,148546480,134954550,1379650,334829660,78739140,0,208897760,47192760,334829660
2023-07-07,5053,5063,5004,5004,1568090,-0.7930214115781126,-605091,600539,9678,-5126,0,902088,600540,55966,1632,1560226,1507179,1,46288,6758,1560226,-3025467780,3002721940,48702110,-25956270,0,4511869040,3002727000,283182530,8255910,7806034480,7537336820,5060,234480420,34212180,7806034480
2023-07-10,5043,5043,4994,5014,56743,0.19984012789768185,20283,10,-19140,-1153,0,36245,11,19408,795,56459,15962,1,38548,1948,56459,102832240,50270,-97033560,-5848950,0,183399980,55330,97893660,4003400,285352370,80567740,5060,194927220,9852350,285352370
2023-07-11,5034,5044,4994,5044,40791,0.5983246908655764,3709,-2,-5726,2019,0,22914,0,15078,2595,40587,19205,2,20804,576,40587,18806860,-10060,-28982510,10185710,0,115580460,0,76036920,13097850,204715230,96773600,10060,105019430,2912140,204715230
2023-07-12,5024,5043,5014,5034,25899,-0.19825535289452814,5741,-3,-1345,-4393,0,10059,0,15268,443,25770,4318,3,16613,4836,25770,29087620,-15180,-6864250,-22208190,0,50898810,0,77136250,2238950,130274010,21811190,15180,84000500,24447140,130274010
2023-07-13,5043,5053,5014,5034,89354,0.0,41560,0,-51935,10375,0,62111,0,16162,10633,88906,20551,0,68097,258,88906,210732310,0,-263302770,52570460,0,314753640,0,81820830,53876320,450450790,104021330,0,345123600,1305860,450450790
2023-07-14,5034,5064,5024,5064,71737,0.5959475566150179,31353,0,-40856,9503,0,49548,0,11982,9848,71378,18195,0,52838,345,71378,158999440,0,-207181470,48182030,0,251163080,0,60740390,49930870,361834340,92163640,0,267921860,1748840,361834340
2023-07-17,5074,5084,5044,5084,45572,0.3949447077409162,14538,0,-18302,3764,0,28360,0,10952,6032,45344,13822,0,29254,2268,45344,74064080,0,-93217160,19153080,0,144397040,0,55797160,30707180,230901380,70332960,0,149014320,11554100,230901380
2023-07-18,5083,5083,5054,5074,23053,-0.1966955153422502,11472,0,-12430,958,0,15587,0,5637,1714,22938,4115,0,18067,756,22938,58501600,0,-63379370,4877770,0,79438800,0,28720770,8725810,116885380,20937200,0,92100140,3848040,116885380
2023-07-19,5073,5083,5044,5044,35850,-0.5912495072920773,-799,14727,-6833,-7095,0,4006,14727,16766,172,35671,4805,0,23599,7267,35671,-4054960,75086800,-34932270,-36099570,0,20349190,75086800,85176200,873730,181485920,24404150,0,120108470,36973300,181485920
2023-07-20,5044,5093,5034,5084,55264,0.7930214115781126,12422,18260,-24952,-5730,0,22581,18260,13618,528,54987,10159,0,38570,6258,54987,63429110,93282190,-127492900,-29218400,0,115169930,93282190,69356770,2690630,280499520,51740820,0,196849670,31909030,280499520
2023-07-21,5093,5093,5054,5084,67213,0.0,-2060,15447,-10549,-2838,0,36244,15447,13976,1209,66876,38304,0,24525,4047,66876,-10312080,78922820,-54094760,-14515980,0,184988020,78922820,71211180,6160250,341282270,195300100,0,125305940,20676230,341282270
2023-07-24,5073,5093,5054,5064,80567,-0.3933910306845004,13607,16939,-28588,-1958,0,49229,16939,9267,4728,80163,35622,0,37855,6686,80163,69413250,86425390,-145850950,-9987690,0,250976990,86425390,47219170,24097790,408719340,181563740,0,193070120,34085480,408719340
2023-07-25,5063,5063,5014,5054,72071,-0.1974723538704581,26284,8974,-23774,-11484,0,39697,8974,22668,371,71710,13413,0,46442,11855,71710,133036630,45408440,-120293540,-58151530,0,200949580,45408440,114645950,1879010,362882980,67912950,0,234939490,60030540,362882980
2023-07-26,5054,5073,4974,5054,91957,0.0,31020,0,-22517,-8503,0,44707,0,42892,3897,91496,13687,0,65409,12400,91496,157181590,0,-114047630,-43133960,0,226517020,0,217139920,19716500,463373440,69335430,0,331187550,62850460,463373440
2023-07-27,5053,5053,5014,5034,71133,-0.3957261574990107,23051,4706,-31371,3614,0,37915,4706,20071,8085,70777,14864,0,51442,4471,70777,116839050,23859420,-159024450,18325980,0,192152590,23859420,101569810,40986290,358568110,75313540,0,260594260,22660310,358568110
2023-07-28,5034,5034,4984,5034,46607,0.0,10107,0,-8327,-1780,0,18020,0,26612,1742,46374,7913,0,34939,3522,46374,50965720,0,-41986700,-8979020,0,90976500,0,133986790,8769530,233732820,40010780,0,175973490,17748550,233732820
2023-07-31,5014,5054,5014,5054,33979,0.3972983710766786,8513,9409,-15912,-2010,0,13471,9409,9234,1695,33809,4958,0,25146,3705,33809,43161700,47609540,-80571570,-10199670,0,68260950,47609540,46713210,8559750,171143450,25099250,0,127284780,18759420,171143450
2023-08-01,5054,5074,5024,5074,35903,0.3957261574990107,16968,710,-17738,60,0,20625,710,9609,4779,35723,3657,0,27347,4719,35723,86220810,3599690,-90103160,282660,0,104815560,3599690,48734130,24226450,181375830,18594750,0,138837290,23943790,181375830
2023-08-02,5103,5103,5024,5034,28000,-0.7883326763894364,4692,-820,3579,-7451,0,13171,0,14538,151,27860,8479,820,10959,7602,27860,23720320,-4165600,18218520,-37773240,0,66687250,0,73732380,767580,141187210,42966930,4165600,55513860,38540820,141187210
2023-08-03,5023,5053,5004,5004,54561,-0.5959475566150179,12910,500,-6559,-6851,0,27357,500,26346,85,54288,14447,0,32905,6936,54288,65287460,2524940,-33215170,-34597230,0,138118780,2524940,132805480,428400,273877600,72831320,0,166020650,35025630,273877600
2023-08-04,4994,5013,4994,4994,31370,-0.19984012789768185,4288,0,-2157,-2131,0,12275,0,18612,326,31213,7987,0,20769,2457,31213,21561140,0,-10852470,-10708670,0,61677790,0,93503420,1639780,156820990,40116650,0,104355890,12348450,156820990
2023-08-07,5004,5023,4984,5014,38193,0.4004805766920304,-4980,0,6638,-1658,0,9472,0,26162,2368,38002,14452,0,19524,4026,38002,-24940980,0,33310510,-8369530,0,47687900,0,131460500,11894160,191042560,72628880,0,98149990,20263690,191042560
2023-08-08,5024,5044,4994,5044,49688,0.5983246908655764,-2282,10606,-11620,3296,0,7748,10606,26061,5024,49439,10030,0,37681,1728,49439,-11516640,53468150,-58619340,16667830,0,39068590,53468150,131545300,25376220,249458260,50585230,0,190164640,8708390,249458260
2023-08-09,5033,5043,4964,4984,159434,-1.189532117367169,-64751,23294,46739,-5282,0,45462,23294,82921,6958,158635,110213,0,36182,12240,158635,-324573630,117269425,234019190,-26714985,0,228024855,117269425,416350060,34884280,796528620,552598485,0,182330870,61599265,796528620
2023-08-10,4984,5013,4959,4994,106036,0.20064205457463882,3137,1421,-10691,6133,0,81087,1421,16057,6940,105505,77950,0,26748,807,105505,15923190,7083685,-53823410,30816535,0,405954595,7083685,80386980,34862965,528288225,390031405,0,134210390,4046430,528288225
2023-08-11,4994,5013,4969,4994,34648,0.0,-314,1,-3709,4022,0,19210,1,10681,4583,34475,19524,0,14390,561,34475,-1477735,4995,-18625920,20098660,0,96313235,4995,53497075,22916710,172732015,97790970,0,72122995,2818050,172732015
2023-08-14,5003,5003,4954,4994,60835,0.0,17637,2200,-21428,1591,0,34506,2200,21944,1880,60530,16869,0,43372,289,60530,88211640,10967000,-107131230,7952590,0,172489350,10967000,109574590,9400290,302431230,84277710,0,216705820,1447700,302431230
2023-08-16,4993,4993,4964,4974,34159,-0.4004805766920304,19754,4,-18227,-1531,0,25709,4,8229,46,33988,5955,0,26456,1577,33988,98688675,19975,-91055895,-7652755,0,128434005,19975,41110930,229985,169794895,29745330,0,132166825,7882740,169794895
2023-08-17,4974,4974,4954,4974,50556,0.0,11776,37,-17157,5344,0,34651,37,9251,6364,50303,22875,0,26408,1020,50303,58714565,184275,-85596850,26698010,0,172892360,184275,46161390,31791860,251029885,114177795,0,131758240,5093850,251029885
2023-08-18,4973,4973,4959,4969,29110,-0.10052271813429835,11214,2,-11106,-110,0,21236,2,7244,483,28965,10022,0,18350,593,28965,55957285,9975,-55416600,-550660,0,105968105,9975,36170485,2410195,144558760,50010820,0,91587085,2960855,144558760
2023-08-21,4974,4974,4955,4960,37444,-0.18112296236667338,11011,1,-7916,-3096,0,22939,1,14317,0,37257,11928,0,22233,3096,37257,54959180,4985,-39513065,-15451100,0,114457780,4985,71568285,0,186031050,59498600,0,111081350,15451100,186031050
2023-08-22,4969,4973,4959,4969,34450,0.1814516129032258,3254,2,396,-3652,0,11386,2,22590,300,34278,8132,0,22194,3952,34278,16251730,9975,1962235,-18223940,0,56833580,9975,112816415,1498500,171158470,40581850,0,110854180,19722440,171158470
2023-08-23,4973,4973,4964,4969,22205,0.0,12147,0,-11577,-570,0,15748,0,6346,0,22094,3601,0,17923,570,22094,60633540,0,-57786940,-2846600,0,78603300,0,31682790,0,110286090,17969760,0,89469730,2846600,110286090
2023-08-24,4969,4983,4964,4969,16535,0.0,6892,2,-8010,1116,0,7816,2,6792,1843,16453,924,0,14802,727,16453,34412205,9985,-40000575,5578385,0,39026885,9985,33926065,9208485,82171420,4614680,0,73926640,3630100,82171420
2023-08-25,4969,4983,4964,4974,24640,0.1006238679814852,8148,0,-10614,2466,0,12450,0,9601,2466,24517,4302,0,20215,0,24517,40711595,0,-53035405,12323810,0,62200740,0,47959320,12323810,122483870,21489145,0,100994725,0,122483870
2023-08-28,4969,4994,4964,4994,39113,0.4020908725371934,20516,0,-26003,5487,0,20724,0,12242,5951,38917,208,0,38245,464,38917,102757255,0,-130245005,27487750,0,103797400,0,61188370,29810155,194795925,1040145,0,191433375,2322405,194795925
2023-08-29,4994,5004,4969,5004,47703,0.2002402883460152,11848,0,-25931,14083,0,23869,0,9338,14257,47464,12021,0,35269,174,47464,59552730,0,-130199160,70646430,0,119977010,0,46898520,71519910,238395440,60424280,0,177097680,873480,238395440
2023-08-30,4994,5054,4994,5054,38700,0.9992006394884092,14932,-13,-31558,16639,0,18709,0,2253,17544,38506,3777,13,33811,905,38506,75599590,-65650,-159677940,84144000,0,94695870,0,11383990,88713660,194793520,19096280,65650,171061930,4569660,194793520
2023-08-31,5054,5054,5004,5054,10091,0.0,5041,0,-6216,1175,0,5966,0,2659,1416,10041,925,0,8875,241,10041,25561160,0,-31509950,5948790,0,30247800,0,13484570,7170390,50902760,4686640,0,44994520,1221600,50902760
2023-09-01,5024,5074,5024,5074,29193,0.3957261574990107,5646,-5000,-7577,6931,0,5981,0,15388,7678,29047,335,5000,22965,747,29047,28712800,-25400000,-38512560,35199760,0,30416190,0,78108760,38996490,147521440,1703390,25400000,116621320,3796730,147521440
2023-09-04,5074,5074,5044,5074,16491,0.0,7190,0,-8314,1124,0,9231,0,5017,2161,16409,2041,0,13331,1037,16409,36647480,0,-42365860,5718380,0,47033830,0,25498740,10994160,83526730,10386350,0,67864600,5275780,83526730
2023-09-05,5074,5074,5034,5074,13631,0.0,10173,0,-8144,-2029,0,10183,0,3380,0,13563,10,0,11524,2029,13563,51854660,0,-41524050,-10330610,0,51905560,0,17212130,0,69117690,50900,0,58736180,10330610,69117690
2023-09-06,5073,5073,4994,5004,22205,-1.3795821836815136,1544,0,2898,-4442,0,9320,0,12575,199,22094,7776,0,9677,4641,22094,7905060,0,14603980,-22509040,0,47218780,0,63533700,1004550,111757030,39313720,0,48929720,23513590,111757030
2023-09-07,5004,5033,4984,5024,18597,0.3996802557953637,3351,2995,-2729,-3617,0,7269,2995,8177,63,18504,3918,0,10906,3680,18504,16886780,15004950,-13704540,-18187190,0,36561500,15004950,41076380,316820,92959650,19674720,0,54780920,18504010,92959650
2023-09-08,5014,5014,4984,5014,11852,-0.19904458598726116,5950,-2011,-1318,-2621,0,8170,0,3619,4,11793,2220,2011,4937,2625,11793,29945360,-10135440,-6629870,-13180050,0,41096430,0,18167560,20040,59284030,11151070,10135440,24797430,13200090,59284030
2023-09-11,5014,5033,4984,5014,17973,0.0,3601,0,-707,-2894,0,13240,0,4596,47,17883,9639,0,5303,2941,17883,18160930,0,-3589660,-14571270,0,66695690,0,23098330,236320,90030340,48534760,0,26687990,14807590,90030340
2023-09-12,4994,5004,4935,4940,97772,-1.4758675708017552,-47234,11813,62458,-27037,0,16840,11813,68619,10,97282,64074,0,6161,27047,97282,-235478690,58802770,311468840,-134792920,0,83861770,58802770,342120100,50300,484834940,319340460,0,30651260,134843220,484834940
2023-09-13,4993,4993,4944,4984,27266,0.8906882591093117,18757,-5000,-8170,-5587,0,20521,0,5988,621,27130,1764,5000,14158,6208,27130,93732225,-25000000,-40843195,-27889030,0,102539930,0,29852140,3099645,135491715,8807705,25000000,70695335,30988675,135491715
2023-09-14,4974,5003,4944,4994,30003,0.20064205457463882,13648,-294,-4652,-8702,0,17601,306,11583,363,29853,3953,600,16235,9065,29853,68525375,-1476940,-23473775,-43574660,0,88297650,1533060,57892495,1806975,149530180,19772275,3010000,81366270,45381635,149530180
2023-09-15,4994,4994,4969,4994,21696,0.0,9802,2003,-6406,-5399,0,10478,2003,6998,2109,21588,676,0,13404,7508,21588,49080170,10004985,-32104715,-26980440,0,52460230,10004985,34994515,10547670,108007400,3380060,0,67099230,37528110,108007400
2023-09-18,5003,5003,4969,4984,14127,-0.2002402883460152,6136,0,-5586,-550,0,8288,0,5288,481,14057,2152,0,10874,1031,14057,30751965,0,-27994735,-2757230,0,41539880,0,26470345,2409810,70420035,10787915,0,54465080,5167040,70420035
2023-09-19,4974,5003,4969,4974,14657,-0.20064205457463882,5660,3004,-7927,-737,0,6797,3004,4783,0,14584,1137,0,12710,737,14584,28322015,15004980,-39643530,-3683465,0,34007365,15004980,23918965,0,72931310,5685350,0,63562495,3683465,72931310
2023-09-20,4974,4994,4954,4994,25847,0.4020908725371934,3344,1579,-2003,-2920,0,11682,1579,11302,1155,25718,8338,0,13305,4075,25718,16773335,7863420,-10007835,-14628920,0,58493705,7863420,56449655,5775000,128581780,41720370,0,66457490,20403920,128581780
2023-09-21,4993,5003,4964,4974,17407,-0.4004805766920304,12703,-124,-8666,-3913,0,13414,128,3778,0,17320,711,252,12444,3913,17320,63634990,-626320,-43408450,-19600220,0,67193210,638720,18877215,0,86709145,3558220,1265040,62285665,19600220,86709145
2023-09-22,4993,4993,4954,4984,9610,0.2010454362685967,2598,0,-1323,-1275,0,6121,0,3441,0,9562,3523,0,4764,1275,9562,13013760,0,-6634900,-6378860,0,30624160,0,17183950,0,47808110,17610400,0,23818850,6378860,47808110
2023-09-25,4984,4993,4964,4984,12471,0.0,3497,0,-2940,-557,0,6598,0,5504,307,12409,3101,0,8444,864,12409,17529265,0,-14738975,-2790290,0,33034805,0,27532085,1533480,62100370,15505540,0,42271060,4323770,62100370
2023-09-26,4993,4993,4949,4964,18043,-0.40128410914927765,4863,216,-4652,-427,0,7124,216,8061,2552,17953,2261,0,12713,2979,17953,24264515,1074600,-23195895,-2143220,0,35548570,1074600,40188595,12721720,89533485,11284055,0,63384490,14864940,89533485
2023-09-27,4974,5083,4959,4994,46234,0.604351329572925,16645,0,-19522,2877,0,27476,0,11388,7139,46003,10831,0,30910,4262,46003,84393455,0,-98454805,14061350,0,138606855,0,57316560,35768270,231691685,54213400,0,155771365,21706920,231691685
2023-10-04,4993,4993,4939,4969,23599,-0.500600720865038,4138,0,-6184,2046,0,9544,0,11690,2247,23481,5406,0,17874,201,23481,20627300,0,-30822090,10194790,0,47605365,0,58281050,11201525,117087940,26978065,0,89103140,1006735,117087940
2023-10-05,4969,4983,4964,4974,16945,0.1006238679814852,8696,0,-7127,-1569,0,12092,0,4582,187,16861,3396,0,11709,1756,16861,43471640,0,-35634860,-7836780,0,60451095,0,22891570,935080,84277745,16979455,0,58526430,8771860,84277745
2023-10-06,4934,4994,4934,4994,15236,0.4020908725371934,8904,-2000,-8346,1442,0,8999,0,4617,1544,15160,95,2000,12963,102,15160,44600060,-10030000,-41795040,7224980,0,45076600,0,23027525,7735440,75839565,476540,10030000,64822565,510460,75839565
2023-10-10,4974,4993,4964,4984,18655,-0.2002402883460152,4009,-2100,-1617,-292,0,9011,0,9182,369,18562,5002,2100,10799,661,18562,20073535,-10501000,-8108825,-1463710,0,45083555,0,45903190,1841310,92828055,25010020,10501000,54012015,3305020,92828055
2023-10-11,4984,4994,4954,4994,13077,0.20064205457463882,8245,0,-8009,-236,0,8790,0,4222,0,13012,545,0,12231,236,13012,41318200,0,-40136410,-1181790,0,44048020,0,21104970,0,65152990,2729820,0,61241380,1181790,65152990
2023-10-12,4994,5004,4984,5004,10783,0.2002402883460152,4683,0,-3286,-1397,0,7631,0,3095,3,10729,2948,0,6381,1400,10729,23496030,0,-16497060,-6998970,0,38267010,0,15520430,15030,53802470,14770980,0,32017490,7014000,53802470
2023-10-13,5003,5003,4974,4984,11990,-0.3996802557953637,5399,-1,-5398,0,0,6193,0,5737,0,11930,794,1,11135,0,11930,27044610,-5030,-27039580,0,0,31028530,0,28732170,0,59760700,3983920,5030,55771750,0,59760700
2023-10-16,4984,5023,4959,5004,48523,0.40128410914927765,24280,354,-32324,7690,0,32724,354,7004,8198,48280,8444,0,39328,508,48280,122081985,1773540,-162470685,38615160,0,164456415,1773540,35027940,41165220,242423115,42374430,0,197498625,2550060,242423115
2023-10-17,5004,5004,4974,5004,12899,0.0,8714,374,-9031,-57,0,10451,374,1564,446,12835,1737,0,10595,503,12835,43714310,1870000,-45288710,-295600,0,52417340,1870000,7839420,2234460,64361220,8703030,0,53128130,2530060,64361220
2023-10-18,5004,5014,4984,5014,19790,0.19984012789768185,15778,-2586,-13347,155,0,15788,414,3232,257,19691,10,3000,16579,102,19691,79344820,-12993860,-67129060,778100,0,79395120,2076140,16251240,1290140,99012640,50300,15070000,83380300,512040,99012640
2023-10-19,5023,5023,4974,5004,25376,-0.1994415636218588,10537,-3800,-7170,433,0,15696,2500,6390,663,25249,5159,6300,13560,230,25249,52940180,-19018000,-36089600,2167420,0,78802850,12500000,31983530,3321630,126608010,25862670,31518000,68073130,1154210,126608010
2023-10-20,5023,5023,4964,4984,50571,-0.3996802557953637,23595,0,-20467,-3128,0,38002,0,12316,0,50318,14407,0,32783,3128,50318,118055930,0,-102414550,-15641380,0,190073730,0,61545495,0,251619225,72017800,0,163960045,15641380,251619225
2023-10-23,4984,4984,4920,4925,60423,-1.1837881219903692,-19096,2200,18653,-1757,0,23648,2200,31361,2911,60120,42744,0,12708,4668,60120,-94726920,10923000,92609145,-8805225,0,117514280,10923000,155746370,14418520,298602170,212241200,0,63137225,23223745,298602170
2023-10-24,4959,4994,4934,4994,24516,1.401015228426396,18926,719,-20171,526,0,19970,719,2045,1660,24394,1044,0,22216,1134,24394,94566480,3566240,-100759445,2626725,0,99782080,3566240,10188255,8288690,121825265,5215600,0,110947700,5661965,121825265
2023-10-25,5004,5013,4944,5004,22624,0.2002402883460152,15184,0,-13858,-1326,0,21104,0,1208,199,22511,5920,0,15066,1525,22511,76306930,0,-69648625,-6658305,0,106000745,0,6048115,997930,113046790,29693815,0,75696740,7656235,113046790
2023-10-26,5073,5073,4964,5014,22421,0.19984012789768185,2154,0,988,-3142,0,11273,0,10805,231,22309,9119,0,9817,3373,22309,10904435,0,4866905,-15771340,0,56619275,0,54251475,1153940,112024690,45714840,0,49384570,16925280,112024690
2023-10-27,5013,5013,4969,5004,28617,-0.1994415636218588,11278,-4000,-6601,-677,0,18561,0,9305,608,28474,7283,4000,15906,1285,28474,56691355,-20000460,-33282625,-3408270,0,93268800,0,46620755,3044340,142933895,36577445,20000460,79903380,6452610,142933895
2023-10-30,4974,5003,4954,4984,20820,-0.3996802557953637,10850,-3442,-8731,1323,0,11799,0,6459,2458,20716,949,3442,15190,1135,20716,54227230,-17210000,-43635645,6618415,0,58972530,0,32216055,12285425,103474010,4745300,17210000,75851700,5667010,103474010
2023-10-31,5003,5003,4934,4994,18531,0.20064205457463882,14969,-1000,-10557,-3412,0,16093,0,2324,22,18439,1124,1000,12881,3434,18439,74947190,-5010000,-52866685,-17070505,0,80589430,0,11615930,109890,92315250,5642240,5010000,64482615,17180395,92315250
2023-11-01,4993,4993,4939,4984,12659,-0.2002402883460152,5728,0,-4540,-1188,0,5769,0,5215,1612,12596,41,0,9755,2800,12596,28712360,0,-22733045,-5979315,0,28917770,0,25986120,8014820,62918710,205410,0,48719165,13994135,62918710
2023-11-02,4993,4993,4969,4984,9987,0.0,7649,0,-3044,-4605,0,7674,0,2229,34,9937,25,0,5273,4639,9937,38270020,0,-15231640,-23038380,0,38395270,0,11150915,170340,49716525,125250,0,26382555,23208720,49716525
2023-11-03,4984,5003,4969,4984,20614,0.0,14539,0,-11985,-2554,0,16231,0,4280,0,20511,1692,0,16265,2554,20511,72825820,0,-60043525,-12782295,0,81285820,0,21451025,0,102736845,8460000,0,81494550,12782295,102736845
2023-11-06,5003,5003,4949,4994,25264,0.20064205457463882,10893,0,-8603,-2290,0,16719,0,7569,850,25138,5826,0,16172,3140,25138,54550480,0,-43087195,-11463285,0,83696635,0,37859080,4250000,125805715,29146155,0,80946275,15713285,125805715
2023-11-07,5003,5003,4969,4984,20379,-0.2002402883460152,7670,0,-5200,-2470,0,13777,0,6500,0,20277,6107,0,11700,2470,20277,38445275,0,-26082050,-12363225,0,69011205,0,32517145,0,101528350,30565930,0,58599195,12363225,101528350
2023-11-08,4994,4994,4954,4994,32007,0.20064205457463882,1518,0,-1823,305,0,12175,85,14647,4940,31847,10657,85,16470,4635,31847,7622490,-425,-9054695,1432630,0,60812300,424150,73168875,24621975,159027300,53189810,424575,82223570,23189345,159027300
2023-11-09,4993,4993,4964,4984,13803,-0.2002402883460152,1786,0,-535,-1251,0,5225,0,7666,843,13734,3439,0,8201,2094,13734,8949240,0,-2680695,-6268545,0,26149490,0,38344385,4206765,68700640,17200250,0,41025080,10475310,68700640
2023-11-10,4993,4993,4959,4984,19432,0.0,247,-1206,4357,-3398,0,3957,0,15366,12,19335,3710,1206,11009,3410,19335,1201740,-6054120,21875060,-17022680,0,19824590,0,76955835,60000,96840425,18622850,6054120,55080775,17082680,96840425
2023-11-13,4984,5043,4969,5024,47363,0.8025682182985553,2220,-1000,-1937,717,0,6312,0,36362,4452,47126,4092,1000,38299,3735,47126,11105030,-5010000,-9682290,3587260,0,31716730,0,182603100,22359880,236679710,20611700,5010000,192285390,18772620,236679710
2023-11-14,5023,5023,4984,4994,19753,-0.5971337579617835,3906,-4130,1332,-1108,0,4232,0,13823,1599,19654,326,4130,12491,2707,19654,19581540,-20702600,6668690,-5547630,0,21218060,0,69335470,8023680,98577210,1636520,20702600,62666780,13571310,98577210
2023-11-15,5014,5023,4994,5014,26681,0.4004805766920304,13932,0,-11030,-2902,0,14094,0,12374,80,26548,162,0,23404,2982,26548,70115600,0,-55517610,-14597990,0,70930460,0,62262320,402280,133595060,814860,0,117779930,15000270,133595060
2023-11-16,5024,5024,4974,5024,13246,0.1994415636218588,4627,-2400,-691,-1536,0,4627,0,7844,709,13180,0,2400,8535,2245,13180,23283340,-12024000,-3545680,-7713660,0,23283340,0,39288810,3557670,66129820,0,12024000,42834490,11271330,66129820
2023-11-17,4984,5024,4984,5024,8774,0.0,5645,0,-3124,-2521,0,6226,0,2492,12,8730,581,0,5616,2533,8730,28450980,0,-15765560,-12685420,0,31371070,0,12508760,60360,43940190,2920090,0,28274320,12745780,43940190
2023-11-20,5034,5034,5004,5034,19580,0.19904458598726116,1557,-8,594,-2143,0,3020,0,15926,536,19482,1463,8,15332,2679,19482,7870260,-40400,3003310,-10833170,0,15256790,0,80379630,2700740,98337160,7386530,40400,77376320,13533910,98337160
2023-11-21,5033,5033,4984,4984,16644,-0.9932459276916964,4794,0,-3173,-1621,0,5281,0,9808,1472,16561,487,0,12981,3093,16561,24177790,0,-16033120,-8144670,0,26636570,0,49383600,7408230,83428400,2458780,0,65416720,15552900,83428400
2023-11-22,4994,5023,4974,4994,4637,0.20064205457463882,1665,0,1030,-2695,0,1988,0,2626,0,4614,323,0,1596,2695,4614,8371090,0,5168310,-13539400,0,9992060,0,13174630,0,23166690,1620970,0,8006320,13539400,23166690
2023-11-23,5013,5013,4954,5004,31551,0.2002402883460152,4024,-14800,12533,-1757,0,8093,0,21182,2118,31393,4069,14800,8649,3875,31393,20088865,-73805505,62517655,-8801015,0,40474745,0,105795720,10566650,156837115,20385880,73805505,43278065,19367665,156837115
2023-11-24,5013,5013,4969,4974,10806,-0.5995203836930456,1186,0,1129,-2315,0,1186,0,9536,30,10752,0,0,8407,2345,10752,5932085,0,5660125,-11592210,0,5932085,0,47716605,150000,53798690,0,0,42056480,11742210,53798690
2023-11-27,4974,5004,4974,5004,12045,0.6031363088057901,7495,0,-4175,-3320,0,7495,0,3480,1010,11985,0,0,7655,4330,11985,37646610,0,-20975530,-16671080,0,37646610,0,17447660,5051560,60145830,0,0,38423190,21722640,60145830
2023-11-28,4983,5003,4964,4974,19549,-0.5995203836930456,5235,0,578,-5813,0,11376,0,7689,386,19451,6141,0,7111,6199,19451,26228650,0,2903675,-29132325,0,57004510,0,38525165,1930005,97459680,30775860,0,35621490,31062330,97459680
2023-11-29,4994,4994,4969,4994,22179,0.4020908725371934,14098,0,-11956,-2142,0,15534,0,5901,633,22068,1436,0,17857,2775,22068,70633735,0,-59897195,-10736540,0,77840575,0,29549820,3165000,110555395,7206840,0,89447015,13901540,110555395
2023-11-30,5004,5014,4974,5014,18874,0.4004805766920304,1374,0,-1956,582,0,10494,0,7473,813,18780,9120,0,9429,231,18780,6952820,0,-9858210,2905390,0,52735220,0,37484110,4065010,94284340,45782400,0,47342320,1159620,94284340
2023-12-01,4974,5013,4974,4974,15990,-0.7977662544874352,5213,0,-1992,-3221,0,7069,0,8806,35,15910,1856,0,10798,3256,15910,26202340,0,-10041630,-16160710,0,35551720,0,44246020,176050,79973790,9349380,0,54287650,16336760,79973790
2023-12-04,4983,5013,4974,4974,18462,0.0,941,0,906,-1847,0,13041,0,4075,1254,18370,12100,0,3169,3101,18370,4742540,0,4512030,-9254570,0,65462260,0,20426700,6286160,92175120,60719720,0,15914670,15540730,92175120
2023-12-05,4974,5013,4974,4974,10314,0.0,671,0,1291,-1962,0,4492,0,5470,301,10263,3821,0,4179,2263,10263,3355510,0,6474370,-9829880,0,22506570,0,27401690,1507860,51416120,19151060,0,20927320,11337740,51416120
2023-12-06,4993,5003,4969,4969,15575,-0.10052271813429835,-1996,0,3102,-1106,0,8106,0,6200,1191,15497,10102,0,3098,2297,15497,-10008470,0,15526515,-5518045,0,40560295,0,31026105,5959040,77545440,50568765,0,15499590,11477085,77545440
2023-12-07,5013,5013,4974,4974,15556,0.1006238679814852,3760,0,-1233,-2527,0,10720,0,4199,559,15478,6960,0,5432,3086,15478,18853910,0,-6195580,-12658330,0,53706590,0,21065340,2800590,77572520,34852680,0,27260920,15458920,77572520
2023-12-08,4984,5034,4959,5034,64559,1.2062726176115801,34840,0,-34347,-493,0,50400,0,10339,3497,64236,15560,0,44686,3990,64236,175756035,0,-173289105,-2466930,0,254036635,0,51913330,17633800,323583765,78280600,0,225202435,20100730,323583765
2023-12-11,5033,5043,4974,5024,25115,-0.1986491855383393,-3751,0,6966,-3215,0,8571,0,15325,1094,24990,12322,0,8359,4309,24990,-18830650,0,35001880,-16171230,0,43043030,0,77232930,5493520,125769480,61873680,0,42231050,21664750,125769480
2023-12-12,5013,5013,4974,4974,28257,-0.9952229299363057,-10541,0,14224,-3683,0,7575,0,19806,735,28116,18116,0,5582,4418,28116,-52705880,0,71148280,-18442400,0,37938120,0,99116680,3683600,140738400,90644000,0,27968400,22126000,140738400
2023-12-13,4994,4994,4974,4994,30318,0.4020908725371934,-3117,0,8139,-5022,0,16327,0,13630,209,30166,19444,0,5491,5231,30166,-15602790,0,40738760,-25135970,0,81719950,0,68238340,1046040,151004330,97322740,0,27499580,26182010,151004330
2023-12-14,4994,5034,4974,5034,35775,0.8009611533840608,3679,0,-715,-2964,0,20110,0,14289,1197,35596,16431,0,15004,4161,35596,18730300,0,-3858430,-14871870,0,100976160,0,71553880,6007860,178537900,82245860,0,75412310,20879730,178537900
2023-12-15,5024,5043,4974,5024,68148,-0.1986491855383393,2253,0,-6816,4563,0,51735,0,11498,4574,67807,49482,0,18314,11,67807,11781780,0,-34642070,22860290,0,260374590,0,57761150,22915740,341051480,248592810,0,92403220,55450,341051480
2023-12-18,5023,5023,4969,4984,40402,-0.7961783439490446,-7766,0,16087,-8321,0,19452,0,20748,0,40200,27218,0,4661,8321,40200,-38836925,0,80465225,-41628300,0,97415140,0,103815130,0,201230270,136252065,0,23349905,41628300,201230270
2023-12-19,4974,4994,4964,4994,44779,0.20064205457463882,-2712,0,11499,-8787,0,24987,0,19553,15,44555,27699,0,8054,8802,44555,-13415580,0,57390365,-43974785,0,125042510,0,97701735,75010,222819255,138458090,0,40311370,44049795,222819255
2023-12-20,5003,5003,4954,4969,76600,-0.500600720865038,2587,0,5944,-8531,0,20187,0,56029,0,76216,17600,0,50085,8531,76216,12923940,0,29673885,-42597825,0,100798360,0,279542095,0,380340455,87874420,0,249868210,42597825,380340455
2023-12-21,4974,4984,4950,4955,58215,-0.28174683034815856,8236,0,2221,-10457,0,23836,0,34078,10,57924,15600,0,31857,10467,57924,41176335,0,10998025,-52174360,0,118981840,0,169953305,49900,288985045,77805505,0,158955280,52224260,288985045
2023-12-22,4969,4974,4954,4974,32660,0.38345105953582237,17587,0,-11131,-6456,0,25124,0,5986,1387,32497,7537,0,17117,7843,32497,87853080,0,-55611540,-32241540,0,125497205,0,29894350,6928070,162319625,37644125,0,85505890,39169610,162319625
2023-12-26,4984,5004,4964,5004,31687,0.6031363088057901,4835,0,942,-5777,0,18330,0,12586,613,31529,13495,0,11644,6390,31529,24284795,0,4583490,-28868285,0,91731445,0,62908685,3061945,157702075,67446650,0,58325195,31930230,157702075
2023-12-27,5003,5003,4974,4994,24195,-0.19984012789768185,3168,5000,-4713,-3455,0,11349,5000,6358,1367,24074,8181,0,11071,4822,24074,15813800,25050000,-23592010,-17271790,0,56798220,25050000,31807870,6850040,120506130,40984420,0,55399880,24121830,120506130
2023-12-28,4994,5003,4974,4994,27433,0.0,-5481,0,6678,-1197,0,11919,0,14582,795,27296,17400,0,7904,1992,27296,-27428000,0,33415550,-5987550,0,59716820,0,73026870,3982950,136726640,87144820,0,39611320,9970500,136726640
2024-01-02,5004,5004,4974,5004,42835,0.2002402883460152,601,0,-2592,1991,0,24174,0,15057,3390,42621,23573,0,17649,1399,42621,3121900,0,-13101130,9979230,0,121199930,0,75420580,16988220,213608730,118078030,0,88521710,7008990,213608730
2024-01-03,5003,5003,4984,4994,38416,-0.19984012789768185,-2409,0,2015,394,0,26828,0,10418,978,38224,29237,0,8403,584,38224,-12030010,0,10056090,1973920,0,134531550,0,52219870,4899780,191651200,146561560,0,42163780,2925860,191651200
2024-01-04,4974,5023,4969,5014,76910,0.4004805766920304,20425,1,-27342,6916,0,56681,1,11884,7959,76525,36256,0,39226,1043,76525,102849120,5020,-137592260,34738120,0,284802640,5020,59522985,39994000,384324645,181953520,0,197115245,5255880,384324645
2024-01-05,4984,5013,4974,4994,55085,-0.3988831272437176,-11217,0,16072,-4855,0,32318,0,22478,13,54809,43535,0,6406,4868,54809,-56058280,0,80359970,-24301690,0,161898930,0,112502880,65260,274467070,217957210,0,32142910,24366950,274467070
2024-01-08,5003,5003,4969,4984,28836,-0.2002402883460152,-6131,0,8906,-2775,0,11682,0,16999,11,28692,17813,0,8093,2786,28692,-30661300,0,44530600,-13869300,0,58413080,0,84993705,54945,143461730,89074380,0,40463105,13924245,143461730
2024-01-09,5003,5003,4974,4994,19379,0.20064205457463882,1541,0,-1367,-174,0,9205,0,10077,0,19282,7664,0,11444,174,19282,7788410,0,-6917450,-870960,0,46159800,0,50482130,0,96641930,38371390,0,57399580,870960,96641930
2024-01-10,4974,5004,4974,5004,26064,0.2002402883460152,8124,0,-6863,-1261,0,14914,0,10983,37,25934,6790,0,17846,1298,25934,40811480,0,-34476620,-6334860,0,74812340,0,54957420,185370,129955130,34000860,0,89434040,6520230,129955130
2024-01-11,4984,5033,4974,5014,88430,0.19984012789768185,39784,-5000,-40024,5240,0,75600,0,6467,5920,87987,35816,5000,46491,680,87987,200501980,-25100000,-201832990,26431010,0,380934180,0,32456950,29852850,443243980,180432200,25100000,234289940,3421840,443243980
2024-01-12,5024,5024,4969,5024,54739,0.1994415636218588,24196,0,-22528,-1668,0,38090,0,16172,203,54465,13894,0,38700,1871,54465,121787480,0,-113395660,-8391820,0,191811540,0,81090650,1019060,273921250,70024060,0,194486310,9410880,273921250
2024-01-15,5024,5034,4994,5034,17446,0.19904458598726116,10223,350,-9992,-581,0,11990,350,5019,0,17359,1767,0,15011,581,17359,51576980,1760500,-50415030,-2922450,0,60490400,1760500,25282680,0,87533580,8913420,0,75697710,2922450,87533580
2024-01-16,5034,5034,4974,5034,37620,0.0,961,0,1185,-2146,0,15192,0,21869,371,37432,14231,0,20684,2517,37432,4965920,0,5786330,-10752250,0,76345950,0,109801890,1862710,188010550,71380030,0,104015560,12614960,188010550
2024-01-17,4984,5024,4974,5024,48226,-0.1986491855383393,18516,4,-16188,-2332,0,35764,4,10105,2112,47985,17248,0,26293,4444,47985,93339790,20040,-81607960,-11751870,0,180069770,20040,50617960,10604260,241312030,86729980,0,132225920,22356130,241312030
2024-01-18,5024,5024,4974,5024,30527,0.0,-10188,0,12208,-2020,0,7762,0,22344,268,30374,17950,0,10136,2288,30374,-50939970,0,61079200,-10139230,0,39041520,0,111971710,1346300,152359530,89981490,0,50892510,11485530,152359530
2024-01-19,4974,5014,4974,5014,20395,-0.19904458598726116,659,0,-900,241,0,7927,0,12034,332,20293,7268,0,12934,91,20293,3329330,0,-4537340,1208010,0,39846760,0,60400430,1665350,101912540,36517430,0,64937770,457340,101912540
2024-01-22,5013,5013,4974,4994,29009,-0.3988831272437176,-2683,0,2883,-200,0,14981,0,13883,0,28864,17664,0,11000,200,28864,-13457990,0,14459990,-1002000,0,75166920,0,69592810,0,144759730,88624910,0,55132820,1002000,144759730
2024-01-23,4994,5003,4974,4994,16365,0.0,-3054,0,3054,0,0,5476,0,10807,0,16283,8530,0,7753,0,16283,-15295440,0,15295440,0,0,27459260,0,54142130,0,81601390,42754700,0,38846690,0,81601390
2024-01-24,4994,5024,4984,5024,18378,0.6007208650380457,10079,0,-10077,-2,0,12909,0,5377,0,18286,2830,0,15454,2,18286,50707140,0,-50697100,-10040,0,64949220,0,27008340,0,91957560,14242080,0,77705440,10040,91957560
2024-01-25,5024,5024,4984,5024,27418,0.0,808,0,-808,0,0,12065,0,15216,0,27281,11257,0,16024,0,27281,4333790,0,-4333790,0,0,60858600,0,76368990,0,137227590,56524810,0,80702780,0,137227590
2024-01-26,5033,5033,4994,5024,13795,0.0,8186,0,-9087,901,0,10020,0,2805,901,13726,1834,0,11892,0,13726,41323690,0,-45863590,4539900,0,50579800,0,14137770,4539900,69257470,9256110,0,60001360,0,69257470
2024-01-29,5024,5034,5004,5034,41484,0.19904458598726116,3543,0,-5660,2117,0,24767,0,14387,2122,41276,21224,0,20047,5,41276,17880840,0,-28561330,10680490,0,125064240,0,72636690,10705740,208406670,107183400,0,101198020,25250,208406670
2024-01-30,4984,5004,4984,5004,39486,-0.5959475566150179,14871,1000,-19281,3410,0,23580,1000,11274,3434,39288,8709,0,30555,24,39288,74663100,5020000,-96778410,17095310,0,118382080,5020000,56550680,17215550,197168310,43718980,0,153329090,120240,197168310
2024-01-31,4984,5003,4984,4994,19779,-0.19984012789768185,-3638,0,3546,92,0,6258,0,13323,99,19680,9896,0,9777,7,19680,-18230840,0,17768980,461860,0,31395040,0,66779830,496930,98671800,49625880,0,49010850,35070,98671800
2024-02-01,4984,4994,4974,4994,36215,0.0,-399,-570,-60,1029,0,12426,0,22578,1030,36034,12825,570,22638,1,36034,-1936500,-2850000,-364000,5150500,0,62270750,0,112967640,5155510,180393900,64207250,2850000,113331640,5010,180393900
2024-02-02,5003,5003,4974,4994,40263,0.0,1145,0,-2881,1736,0,16915,0,19047,4100,40062,15770,0,21928,2364,40062,5859700,0,-14556660,8696960,0,84793820,0,95336720,20541000,200671540,78934120,0,109893380,11844040,200671540
2024-02-05,4993,4993,4974,4974,43577,-0.4004805766920304,-11951,-2000,10332,3619,0,3539,0,36200,3620,43359,15490,2000,25868,1,43359,-59830620,-10006370,51705810,18131180,0,17717510,0,181235460,18136200,217089170,77548130,10006370,129529650,5020,217089170
2024-02-06,4994,5003,4974,4994,23586,0.4020908725371934,-1316,0,-1746,3062,0,10041,0,10335,3092,23468,11357,0,12081,30,23468,-6569480,0,-8771040,15340520,0,50358020,0,51780920,15490870,117629810,56927500,0,60551960,150350,117629810
2024-02-07,5004,5004,4984,5004,20938,0.2002402883460152,3087,0,-3522,435,0,12958,0,6903,972,20833,9871,0,10425,537,20833,15545030,0,-17727390,2182360,0,65102290,0,34632760,4877980,104613030,49557260,0,52360150,2695620,104613030
2024-02-08,5013,5013,4984,5004,22258,0.0,112,0,-4168,4056,0,7895,0,10187,4065,22147,7783,0,14355,9,22147,605840,0,-20969090,20363250,0,39664720,0,51122010,20408450,111195180,39058880,0,72091100,45200,111195180
2024-02-13,5004,5013,4994,5004,35774,0.0,-7582,0,4673,2909,0,8017,0,24138,3440,35595,15599,0,19465,531,35595,-38097240,0,23479210,14618030,0,40261030,0,121309840,17285320,178856190,78358270,0,97830630,2667290,178856190
2024-02-14,5013,5013,4974,4994,22824,-0.19984012789768185,-14597,0,14537,60,0,1711,0,20406,593,22710,16308,0,5869,533,22710,-73077580,0,72777760,299820,0,8574890,0,102198120,2970880,113743890,81652470,0,29420360,2671060,113743890
2024-02-15,5003,5003,4974,4994,29658,0.0,-10528,0,12858,-2330,0,9143,0,19646,721,29510,19671,0,6788,3051,29510,-52690820,0,64340890,-11650070,0,45837540,0,98377410,3612210,147827160,98528360,0,34036520,15262280,147827160
2024-02-16,5003,5003,4974,4994,15187,0.0,-3979,0,4357,-378,0,5007,0,9978,126,15111,8986,0,5621,504,15111,-19902460,0,21797570,-1895110,0,25095290,0,49965340,631210,75691840,44997750,0,28167770,2526320,75691840
2024-02-19,4993,4993,4974,4984,11744,-0.2002402883460152,2210,0,-2849,639,0,2754,0,8200,732,11686,544,0,11049,93,11686,11096410,0,-14297800,3201390,0,13821860,0,41093190,3667320,58582370,2725450,0,55390990,465930,58582370
2024-02-20,4974,5013,4974,5004,35080,0.40128410914927765,20341,0,-23099,2758,0,26487,0,5194,3224,34905,6146,0,28293,466,34905,102161320,0,-115987450,13826130,0,132994490,0,26026310,16169570,175190370,30833170,0,142013760,2343440,175190370
2024-02-21,5013,5013,4984,5004,6635,0.0,-1479,0,1304,175,0,107,0,6220,275,6602,1586,0,4916,100,6602,-7427780,0,6550280,877500,0,537970,0,31271500,1380500,33189970,7965750,0,24721220,503000,33189970
2024-02-22,4984,5003,4984,4994,8860,-0.19984012789768185,-39,0,-2006,2045,0,2471,0,4288,2057,8816,2510,0,6294,12,8816,-191770,0,-10074180,10265950,0,12407700,0,21521890,10326140,44255730,12599470,0,31596070,60190,44255730
2024-02-23,4994,5003,4984,4994,18824,0.0,-814,0,18,796,0,5323,0,12342,1065,18730,6137,0,12324,269,18730,-4036280,0,40360,3995920,0,26771460,0,61935530,5346300,94053290,30807740,0,61895170,1350380,94053290
2024-02-26,5014,5014,4984,5014,19755,0.4004805766920304,-399,0,7,392,0,7001,0,11990,665,19656,7400,0,11983,273,19656,-1910520,0,-60210,1970730,0,35246610,0,60206940,3343930,98797480,37157130,0,60267150,1373200,98797480
2024-02-27,5014,5014,4984,5014,25089,0.0,4750,3429,-8171,-8,0,10850,3429,10685,0,24964,6100,0,18856,8,24964,23967870,17246300,-41173850,-40320,0,54598440,17246300,53670650,0,125515390,30630570,0,94844500,40320,125515390
2024-02-28,4984,5013,4984,4994,33989,-0.3988831272437176,10691,198,-10423,-466,0,14559,198,19062,0,33819,3868,0,29485,466,33819,53731180,995940,-52390600,-2336520,0,73181690,995940,95774760,0,169952390,19450510,0,148165360,2336520,169952390
2024-02-29,4993,5013,4974,4974,53331,-0.4004805766920304,-28037,855,25245,1937,0,10970,855,38711,2528,53064,39007,0,13466,591,53064,-140294070,4292100,126292870,9709100,0,54935830,4292100,193853370,12670090,265751390,195229900,0,67560500,2960990,265751390
2024-03-04,5004,5004,4969,5004,57922,0.6031363088057901,-22781,99,21787,895,0,11717,99,44358,1458,57632,34498,0,22571,563,57632,-113801370,495990,108836630,4468750,0,58697375,495990,221907030,7292060,288392455,172498745,0,113070400,2823310,288392455
2024-03-05,5004,5024,4984,5024,33494,0.3996802557953637,21380,0,-23081,1701,0,25496,0,6109,1722,33327,4116,0,29190,21,33327,107693490,0,-116240420,8546930,0,128370390,0,30674620,8652730,167697740,20676900,0,146915040,105800,167697740
2024-03-06,5024,5073,4994,5064,150112,0.7961783439490446,42353,22257,-72374,7764,0,61597,23257,55621,8885,149360,19244,1000,127995,1121,149360,214214380,112607610,-366048720,39226730,0,311590110,117697610,281512010,44921740,755721470,97375730,5090000,647560730,5695010,755721470
2024-03-07,5064,5123,5054,5114,53340,0.9873617693522907,18058,8102,-25477,-683,0,21982,8102,21394,1595,53073,3924,0,46871,2278,53073,92660090,41449610,-130606320,-3503380,0,112771880,41449610,109703530,8173960,272098980,20111790,0,240309850,11677340,272098980
2024-03-08,5074,5124,5074,5124,43257,0.19554165037152915,16495,3524,-14922,-5097,0,32374,3524,7010,133,43041,15879,0,21932,5230,43041,84915160,18127910,-76848940,-26194130,0,166336010,18127910,35944310,682290,221090520,81420850,0,112793250,26876420,221090520
2024-03-11,5124,5173,5084,5134,41847,0.195160031225605,12939,-1,-12991,53,0,23491,1,17568,578,41638,10552,2,30559,525,41638,66876060,-5130,-67141060,270130,0,121380200,5200,90695040,2975140,215055580,54504140,10330,157836100,2705010,215055580
2024-03-12,5133,5222,5123,5203,769555,1.3439813011297235,8673,0,-20284,11611,0,733361,1,11969,20365,765696,724688,1,32253,8754,765696,45370870,40,-105345180,59974270,0,3687313820,5210,62085150,105712120,3855116300,3641942950,5170,167430330,45737850,3855116300
2024-03-13,5202,5202,5113,5183,60226,-0.3843936190659235,-8202,0,12897,-4695,0,23154,1,31264,5505,59924,31356,1,18367,10200,59924,-42014040,20,66369860,-24355840,0,119984080,5200,161507630,28409780,309906690,161998120,5180,95137770,52765620,309906690
2024-03-14,5203,5233,5113,5233,65655,0.9646922631680493,22300,8430,-30271,-459,0,49316,8431,5563,2016,65326,27016,1,35834,2475,65326,116537190,43998650,-158142810,-2393030,0,257509930,44003860,29008840,10512300,341034930,140972740,5210,187151650,12905330,341034930
2024-03-15,5172,5232,5143,5163,32191,-1.3376648194152494,-629,2,-1283,1910,0,18991,2,6492,6545,32030,19620,0,7775,4635,32030,-3007780,10450,-6796160,9793490,0,99081250,10450,33829490,34035420,166956610,102089030,0,40625650,24241930,166956610
2024-03-18,5173,5203,5034,5034,35100,-2.4985473561882623,-16757,-1,8458,8300,0,9550,0,14289,11085,34924,26307,1,5831,2785,34924,-85419280,-5120,43252830,42171570,0,49049090,0,73252910,56573310,178875310,134468370,5120,30000080,14401740,178875310
2024-03-19,5034,5064,4994,5064,53710,0.5959475566150179,-26102,999,13268,11835,0,10710,1002,26492,15237,53441,36812,3,13224,3402,53441,-131375340,5025000,66757200,59593140,0,54103500,5040110,133514670,76789710,269447990,185478840,15110,66757470,17196570,269447990
2024-03-20,5093,5212,5023,5173,73193,2.152448657187994,30180,-996,-18083,-11101,0,61017,4,7873,3932,72826,30837,1000,25956,15033,72826,156016380,-5079490,-93331760,-57605130,0,314908640,20510,40364100,20196460,375489710,158892260,5100000,133695860,77801590,375489710
2024-03-21,5143,5182,5103,5173,356532,0.0,9532,2687,-9829,-2390,0,333988,2692,11737,6327,354744,324456,5,21566,8717,354744,49785160,13811030,-51093420,-12502770,0,1681854680,13836880,60572790,32695730,1788960080,1632069520,25850,111666210,45198500,1788960080
2024-03-22,5144,5173,5084,5144,42055,-0.5606031316450802,-6124,778,7100,-1754,0,28385,778,10588,2094,41845,34509,0,3488,3848,41845,-31450260,4006710,36595860,-9152310,0,146426710,4006710,54593580,10731910,215758910,177876970,0,17997720,19884220,215758910
2024-03-25,5143,5143,5074,5104,65367,-0.7776049766718507,-12918,-4614,20319,-2787,0,26493,1,34391,4155,65040,39411,4615,14072,6942,65040,-65568960,-23624680,103663810,-14470170,0,135900560,5120,175754590,21235910,332896180,201469520,23629800,72090780,35706080,332896180
2024-03-26,5104,5123,5074,5104,49773,0.0,-13309,1000,13935,-1626,0,24497,1000,22638,1389,49524,37806,0,8703,3015,49524,-67897990,5100000,71149300,-8351310,0,125507310,5100000,115812200,7089130,253508640,193405300,0,44662900,15440440,253508640
2024-03-27,5113,5113,5064,5074,34612,-0.5877742946708464,7846,-2,-4857,-2987,0,25010,0,8974,455,34439,17164,2,13831,3442,34439,40135540,-10200,-24865490,-15259850,0,127749150,0,45785760,2321130,175856040,87613610,10200,70651250,17580980,175856040
2024-03-28,5094,5133,5054,5094,146460,0.3941663381947182,-17608,1588,-6242,22262,0,77732,3912,34064,30018,145726,95340,2324,40306,7756,145726,-89549590,8197680,-32668380,114020290,0,396906300,20068560,173704350,153757530,744436740,486455890,11870880,206372730,39737240,744436740
2024-03-29,5104,5114,5064,5114,48982,0.39261876717707106,-1480,0,-2042,3522,0,28146,0,14532,6059,48737,29626,0,16574,2537,48737,-7558450,0,-10394070,17952520,0,143968820,0,74300030,30963580,249232430,151527270,0,84694100,13011060,249232430
2024-04-01,5114,5133,5064,5124,44803,0.19554165037152915,9453,2,-1840,-7615,0,26182,2,15206,3189,44579,16729,0,17046,10804,44579,48731880,10290,-9654140,-39088030,0,134440460,10290,77738280,16280700,228469730,85708580,0,87392420,55368730,228469730
2024-04-02,5084,5133,5064,5104,57111,-0.39032006245121,-19551,-2,23720,-4167,0,21600,0,32122,3103,56825,41151,2,8402,7270,56825,-99283980,-10230,120704610,-21410400,0,110828890,0,163881240,15854640,290564770,210112870,10230,43176630,37265040,290564770
2024-04-03,5073,5163,5033,5163,71806,1.1559561128526645,-1409,29721,-20341,-7971,0,22095,32309,16206,836,71446,23504,2588,36547,8807,71446,-6905390,153478720,-105373570,-41199760,0,114232970,166801680,82958050,4255390,368248090,121138360,13322960,188331620,45455150,368248090
2024-04-04,5182,5182,5103,5173,61704,0.19368584156498161,-15005,-812,5295,10522,0,30713,190,16487,14005,61395,45718,1002,11192,3483,61395,-77086810,-4224230,27077330,54233710,0,159006420,986100,85054630,72278690,317325840,236093230,5210330,57977300,18044980,317325840
2024-04-05,5173,5173,5074,5104,107778,-1.3338488304658807,-38662,2102,24322,12238,0,50654,2102,34938,19544,107238,89316,0,10616,7306,107238,-197991630,10733320,124668410,62589900,0,259738070,10733320,179215450,100264770,549951610,457729700,0,54547040,37674870,549951610
2024-04-08,5133,5143,5054,5064,64807,-0.7836990595611284,-20242,-4,20864,-618,0,28779,0,30827,4876,64482,49021,4,9963,5494,64482,-102998430,-20400,106262210,-3243380,0,146987230,0,157024970,24875150,328887350,249985660,20400,50762760,28118530,328887350
2024-04-09,5054,5093,5014,5064,74525,0.0,-32031,0,34771,-2740,0,17413,0,50112,6627,74152,49444,0,15341,9367,74152,-161788580,0,175789580,-14001000,0,88349340,0,253577000,33542690,375469030,250137920,0,77787420,47543690,375469030
2024-04-11,5023,5043,4984,4994,56414,-1.382306477093207,-16947,0,19606,-2659,0,21328,0,33035,1769,56132,38275,0,13429,4428,56132,-85119540,0,98571010,-13451470,0,107312170,0,166197930,8884630,282394730,192431710,0,67626920,22336100,282394730
2024-04-12,5023,5053,4974,4994,75585,0.0,-39189,1402,28685,9102,0,24911,1402,38773,10120,75206,64100,0,10088,1018,75206,-196616620,7066080,143789890,45760650,0,125282470,7066080,194590390,50907930,377846870,321899090,0,50800500,5147280,377846870
2024-04-15,4984,5003,4964,4994,113420,0.0,-71710,202,61952,9556,0,27931,202,73538,11181,112852,99641,0,11586,1625,112852,-358276810,1014930,309493825,47768055,0,139825055,1014930,367627745,55911255,564378985,498101865,0,58133920,8143200,564378985
2024-04-16,4993,5023,4974,4974,64532,-0.4004805766920304,10000,2,-8090,-1912,0,38408,2,18646,7153,64209,28408,0,26736,9065,64209,50463710,10050,-40813070,-9660690,0,192836650,10050,93437480,35881250,322165430,142372940,0,134250550,45541940,322165430
2024-04-17,5014,5014,4954,5014,92069,0.8041817450743868,-8,-4,6036,-6024,0,57353,0,31840,2415,91608,57361,4,25804,8439,91608,455835,-19980,29623285,-30059140,0,287200895,0,158983325,12060010,458244230,286745060,19980,129360040,42119150,458244230
2024-04-18,5013,5023,4969,4974,53548,-0.7977662544874352,-16009,596,8203,7210,0,17403,598,24818,10461,53280,33412,2,16615,3251,53280,-79862480,2997910,40755580,36108990,0,87592660,3007950,124358630,52491810,267451050,167455140,10040,83603050,16382820,267451050
2024-04-19,4984,5003,4964,4984,95531,0.2010454362685967,-64237,202,45355,18680,0,11509,202,62964,20377,95052,75746,0,17609,1697,95052,-320918430,1012005,226565845,93340580,0,57601375,1012005,314735940,101833000,475182320,378519805,0,88170095,8492420,475182320
2024-04-22,4994,5004,4964,5004,76016,0.40128410914927765,-27593,-4,31796,-4199,0,24909,0,49820,906,75635,52502,4,18024,5105,75635,-137582385,-19985,158635570,-21033200,0,124703400,0,248930470,4525455,378159325,262285785,19985,90294900,25558655,378159325
2024-04-23,5003,5003,4949,4974,134309,-0.5995203836930456,-58549,50,88306,-29807,0,31802,50,101775,9,133636,90351,0,13469,29816,133636,-292204465,249250,440659910,-148704695,0,158875040,249250,507972685,44960,667141935,451079505,0,67312775,148749655,667141935
2024-04-24,4974,4984,4964,4984,48875,0.2010454362685967,2640,58,-1753,-945,0,27159,58,21393,20,48630,24519,0,23146,965,48630,13344945,290580,-8911685,-4723840,0,135886015,290580,106948270,100000,243224865,122541070,0,115859955,4823840,243224865
2024-04-25,4974,4994,4964,4994,98064,0.20064205457463882,-25656,-36700,36129,26227,0,16875,0,53954,26744,97573,42531,36700,17825,517,97573,-128330205,-183444765,180651035,131123935,0,84526005,0,270004295,133712000,488242300,212856210,183444765,89353260,2588065,488242300
2024-04-26,4994,4994,4964,4994,68353,0.0,-34070,0,37474,-3404,0,16640,0,50282,1089,68011,50710,0,12808,4493,68011,-170143005,0,187195580,-17052575,0,83335090,0,251361575,5441070,340137735,253478095,0,64165995,22493645,340137735
2024-04-29,4964,4984,4954,4984,48727,-0.2002402883460152,9396,0,-4328,-5068,0,11530,0,34233,2720,48483,2134,0,38561,7788,48483,46993875,0,-21666310,-25327565,0,57648205,0,170879300,13581995,242109500,10654330,0,192545610,38909560,242109500
2024-04-30,4984,4984,4974,4984,21871,0.0,7581,0,-4430,-3151,0,10014,0,11748,0,21762,2433,0,16178,3151,21762,37908580,0,-22142210,-15766370,0,50094780,0,58817460,0,108912240,12186200,0,80959670,15766370,108912240
2024-05-02,4984,4984,4954,4984,25304,0.0,-855,0,5794,-4939,0,7225,0,14589,3364,25178,8080,0,8795,8303,25178,-4266090,0,28899560,-24633470,0,36127895,0,72882140,16836790,125846825,40393985,0,43982580,41470260,125846825
2024-05-03,4974,4994,4969,4994,30419,0.20064205457463882,18759,0,-17717,-1042,0,23906,0,6353,8,30267,5147,0,24070,1050,30267,93921115,0,-88706315,-5214800,0,119704890,0,31780350,40080,151525320,25783775,0,120486665,5254880,151525320
2024-05-07,4994,5003,4974,4994,46422,0.0,7537,0,-1533,-6004,0,15599,0,30566,25,46190,8062,0,32099,6029,46190,37769520,0,-7681510,-30088010,0,78199970,0,153311460,125250,231636680,40430450,0,160992970,30213260,231636680
2024-05-08,4984,5004,4984,5004,38093,0.2002402883460152,4525,0,-5550,1025,0,14695,0,20461,2746,37902,10170,0,26011,1721,37902,22757590,0,-27897470,5139880,0,73813320,0,102723830,13780250,190317400,51055730,0,130621300,8640370,190317400
2024-05-09,4984,5043,4984,5014,54630,0.19984012789768185,5399,17833,-27396,4164,0,9093,17833,20407,7024,54357,3694,0,47803,2860,54357,27258610,90197090,-138447400,20991700,0,45906030,90197090,103976530,35441500,275521150,18647420,0,242423930,14449800,275521150
2024-05-10,5053,5053,5014,5044,41799,0.5983246908655764,11691,663,-9574,-2780,0,33200,663,4068,3659,41590,21509,0,13642,6439,41590,59192220,3361410,-48463290,-14090340,0,168102830,3361410,20600370,18515520,210580130,108910610,0,69063660,32605860,210580130
2024-05-13,5044,5103,5024,5054,24497,0.19825535289452814,3029,0,-3589,560,0,18248,0,2780,3347,24375,15219,0,6369,2787,24375,15396220,0,-18214290,2818070,0,92659920,0,14102530,16963350,123725800,77263700,0,32316820,14145280,123725800
2024-05-14,5054,5074,5044,5074,27098,0.3957261574990107,21409,0,-20627,-782,0,24265,0,2025,673,26963,2856,0,22652,1455,26963,108915240,0,-104936050,-3979190,0,123429080,0,10297680,3423860,137150620,14513840,0,115233730,7403050,137150620
2024-05-16,5093,5093,5054,5064,35874,-0.1970831690973591,20743,0,-23150,2407,0,22346,0,9912,3437,35695,1603,0,33062,1030,35695,105853460,0,-118091580,12238120,0,114030460,0,50514420,17498950,182043830,8177000,0,168606000,5260830,182043830
2024-05-17,5083,5083,5054,5074,23977,0.1974723538704581,13363,609,-15225,1253,0,13363,609,8630,1255,23857,0,0,23855,2,23857,68050490,3099810,-77518420,6368120,0,68050490,3099810,43931820,6378340,121460460,0,0,121450240,10220,121460460
2024-05-20,5074,5094,5064,5094,36673,0.3941663381947182,10789,0,-11240,451,0,29547,0,5076,1867,36490,18758,0,16316,1416,36490,55149840,0,-57436380,2286540,0,151033720,0,25916210,9528770,186478700,95883880,0,83352590,7242230,186478700
2024-05-21,5093,5093,5054,5054,24065,-0.7852375343541421,14835,0,-14001,-834,0,19293,0,2438,2214,23945,4458,0,16439,3048,23945,75816990,0,-71561210,-4255780,0,98502150,0,12442670,11306150,122250970,22685160,0,84003880,15561930,122250970
2024-05-22,5054,5093,5054,5084,16910,0.593589236248516,7678,0,-5586,-2092,0,12326,0,4469,31,16826,4648,0,10055,2123,16826,39165920,0,-28495910,-10670010,0,62829780,0,22749660,158100,85737540,23663860,0,51245570,10828110,85737540
2024-05-23,5083,5083,5044,5074,18590,-0.1966955153422502,12099,2000,-12271,-1828,0,13123,2000,3348,26,18497,1024,0,15619,1854,18497,61600570,10180000,-62466890,-9313680,0,66814100,10180000,17021940,132320,94148360,5213530,0,79488830,9446000,94148360
2024-05-24,5073,5073,5004,5044,27678,-0.5912495072920773,-3298,0,602,2696,0,8438,0,13107,5995,27540,11736,0,12505,3299,27540,-16581040,0,3075350,13505690,0,42693380,0,66248750,30227740,139169870,59274420,0,63173400,16722050,139169870
2024-05-27,5014,5043,4994,5014,38403,-0.5947660586835845,-6081,2597,5739,-2255,0,14179,2597,21422,13,38211,20260,0,15683,2268,38211,-30505820,13074850,28815080,-11384110,0,71414580,13074850,107790630,65470,192345530,101920400,0,78975550,11449580,192345530
2024-05-28,4994,5123,4994,5054,28779,0.7977662544874352,8347,6000,-13927,-420,0,12133,6000,4242,6260,28635,3786,0,18169,6680,28635,42446350,30400000,-70526630,-2319720,0,61627710,30400000,21429580,31594950,145052240,19181360,0,91956210,33914670,145052240
2024-05-29,5063,5063,5024,5044,20754,-0.19786307874950534,11806,0,-8179,-3627,0,13831,0,5833,986,20650,2025,0,14012,4613,20650,59939150,0,-41494030,-18445120,0,70215080,0,29537120,4979300,104731500,10275930,0,71031150,23424420,104731500
2024-05-30,5073,5073,5014,5054,9705,0.19825535289452814,3671,0,-7,-3664,0,4857,0,4800,0,9657,1186,0,4807,3664,9657,18568660,0,-22700,-18545960,0,24568610,0,24263990,0,48832600,5999950,0,24286690,18545960,48832600
2024-05-31,5073,5073,5014,5044,7141,-0.19786307874950534,279,0,1696,-1975,0,1333,0,5773,0,7106,1054,0,4077,1975,7106,1416100,0,8579350,-9995450,0,6749390,0,29189930,0,35939320,5333290,0,20610580,9995450,35939320
2024-06-03,5014,5073,4984,5054,54526,0.19825535289452814,8649,1000,-10189,540,0,17526,1000,29936,5791,54253,8877,0,40125,5251,54253,43866310,5020000,-51460390,2574080,0,88625060,5020000,151148980,29158880,273952920,44758750,0,202609370,26584800,273952920
2024-06-04,5053,5053,5024,5044,5881,-0.19786307874950534,1446,0,-598,-848,0,1738,0,4114,0,5852,292,0,4712,848,5852,7326680,0,-3032930,-4293750,0,8801430,0,20815270,0,29616700,1474750,0,23848200,4293750,29616700
2024-06-05,5043,5063,5024,5034,9817,-0.19825535289452814,-2127,0,3582,-1455,0,1045,0,8722,1,9768,3172,0,5140,1456,9768,-10758720,0,18131710,-7372990,0,5291540,0,44102010,5070,49398620,16050260,0,25970300,7378060,49398620
2024-06-07,5024,5073,5014,5054,16962,0.3972983710766786,461,-500,1432,-1393,0,9524,0,7353,0,16877,9063,500,5921,1393,16877,2474810,-2541170,7123820,-7057460,0,48304100,0,37146150,0,85450250,45829290,2541170,30022330,7057460,85450250
2024-06-10,5073,5073,5014,5044,20518,-0.19786307874950534,6742,-9222,3506,-1026,0,7728,0,12424,264,20416,986,9222,8918,1290,20416,34085910,-46573140,17681450,-5194220,0,39072740,0,62769900,1333200,103175840,4986830,46573140,45088450,6527420,103175840
2024-06-11,5054,5063,5034,5054,19236,0.19825535289452814,16081,-9000,-6832,-249,0,16742,0,1980,418,19140,661,9000,8812,667,19140,81581900,-45660000,-34651130,-1270770,0,84939020,0,10043590,2115080,97097690,3357120,45660000,44694720,3385850,97097690
2024-06-12,5064,5064,5024,5064,15462,0.19786307874950534,7366,0,-6360,-1006,0,8782,0,6603,0,15385,1416,0,12963,1006,15385,37375370,0,-32273370,-5102000,0,44544750,0,33396190,0,77940940,7169380,0,65669560,5102000,77940940
2024-06-13,5063,5063,5004,5034,47165,-0.5924170616113744,-1090,-15000,14939,1151,0,20573,1000,23108,2248,46929,21663,16000,8169,1097,46929,-5268340,-76025080,75517520,5775900,0,104144430,5040000,116877190,11333640,237395260,109412770,81065080,41359670,5557740,237395260
2024-06-14,5054,5054,5004,5054,55759,0.3972983710766786,-15405,-500,18876,-2971,0,27780,0,25729,1971,55480,43185,500,6853,4942,55480,-77446550,-2535000,95038280,-15056730,0,140580820,0,129749750,9952510,280283080,218027370,2535000,34711470,25009240,280283080
2024-06-17,5034,5053,4994,5034,56429,-0.3957261574990107,-3313,660,2366,287,0,35014,1000,17163,2970,56147,38327,340,14797,2683,56147,-16337420,3309600,11614330,1413490,0,176972460,5030000,86451500,14979950,283433910,193309880,1720400,74837170,13566460,283433910
2024-06-18,5033,5043,4984,4984,62170,-0.9932459276916964,-14454,1000,14094,-640,0,26020,1000,31686,3153,61859,40474,0,17592,3793,61859,-72232210,5010000,70516330,-3294120,0,131021580,5010000,159050710,15832360,310914650,203253790,0,88534380,19126480,310914650
2024-06-19,5004,5023,4974,5014,64344,0.6019261637239166,4476,-1286,-7033,3843,0,43752,0,15112,5158,64022,39276,1286,22145,1315,64022,22567210,-6441870,-35390390,19265050,0,219751720,0,75798160,25881530,321431410,197184510,6441870,111188550,6616480,321431410
2024-06-20,5023,5023,4974,4994,70350,-0.3988831272437176,-25343,0,26530,-1187,0,29543,0,39303,1152,69998,54886,0,12773,2339,69998,-126669230,0,132685390,-6016160,0,148123750,0,196704480,5783860,350612090,274792980,0,64019090,11800020,350612090
2024-06-21,4984,5004,4974,5004,14371,0.2002402883460152,-3059,0,4294,-1235,0,3744,0,10350,205,14299,6803,0,6056,1440,14299,-15292510,0,21490700,-6198190,0,18788810,0,51852850,1027050,71668710,34081320,0,30362150,7225240,71668710
2024-06-24,5003,5003,4974,4984,28672,-0.3996802557953637,-1207,0,5003,-3796,0,7124,0,21053,352,28529,8331,0,16050,4148,28529,-5997040,0,25043330,-19046290,0,35759620,0,105518300,1767040,143044960,41756660,0,80474970,20813330,143044960
2024-06-25,4994,5014,4984,5014,11669,0.6019261637239166,3179,-500,-2232,-447,0,6532,0,5064,15,11611,3353,500,7296,462,11611,16015690,-2520000,-11248780,-2246910,0,32849150,0,25411990,75300,58336440,16833460,2520000,36660770,2322210,58336440
2024-06-26,4984,5024,4984,5024,46058,0.1994415636218588,-10811,-500,5039,6272,0,20009,0,17933,7886,45828,30820,500,12894,1614,45828,-54059920,-2525000,25143100,31441820,0,100768810,0,90059180,39587720,230415710,154828730,2525000,64916080,8145900,230415710
2024-06-27,5024,5024,4994,5024,18444,0.0,2187,0,-6162,3975,0,4109,0,9688,4555,18352,1922,0,15850,580,18352,11052170,0,-31037470,19985300,0,20738110,0,48749550,22910210,92397870,9685940,0,79787020,2924910,92397870
2024-06-28,5043,5043,4984,5024,26349,0.0,-11021,0,11578,-557,0,8140,0,17756,321,26217,19161,0,6178,878,26217,-55311410,0,58121080,-2809670,0,41003650,0,89263650,1611450,131878750,96315060,0,31142570,4421120,131878750
2024-07-01,5024,5024,4984,5024,45744,0.0,-471,-500,1187,-216,0,23937,0,21491,87,45515,24408,500,20304,303,45515,-2247460,-2525000,5860240,-1087780,0,120411960,0,107931800,436940,228780700,122659420,2525000,102071560,1524720,228780700
2024-07-02,5013,5013,4974,4984,41297,-0.7961783439490446,-9701,1000,12109,-3408,0,15349,1000,24719,22,41090,25050,0,12610,3430,41090,-48541130,5010000,60637090,-17105960,0,76900600,5010000,123849590,110880,205871070,125441730,0,63212500,17216840,205871070
2024-07-03,4974,5014,4974,5014,32445,0.6019261637239166,12782,-1000,-7108,-4674,0,20845,0,11438,0,32283,8063,1000,18546,4674,32283,64277630,-5040000,-35746000,-23491630,0,104758890,0,57417770,0,162176660,40481260,5040000,93163770,23491630,162176660
2024-07-04,4994,5034,4984,5034,37419,0.3988831272437176,21970,-1000,-16764,-4206,0,27958,0,9274,0,37232,5988,1000,26038,4206,37232,110757420,-5060000,-84457610,-21239810,0,140911750,0,46656680,0,187568430,30154330,5060000,131114290,21239810,187568430
2024-07-05,5004,5033,5004,5024,34421,-0.1986491855383393,16080,-4000,-10485,-1595,0,25784,0,8227,238,34249,9704,4000,18712,1833,34249,81165050,-20167190,-52944730,-8053130,0,130117490,0,41539090,1202880,172859460,48952440,20167190,94483820,9256010,172859460
2024-07-08,5024,5044,5004,5044,29051,0.3980891719745223,17522,-4000,-11900,-1622,0,17803,0,11103,0,28906,281,4000,23003,1622,28906,88383280,-20145770,-60040850,-8196660,0,89802490,0,55997180,0,145799670,1419210,20145770,116038030,8196660,145799670
2024-07-09,5043,5053,4994,5024,52248,-0.3965107057890563,-651,-4600,9271,-4020,0,28780,0,21916,1290,51986,29431,4600,12645,5310,51986,-2955090,-23206890,46503500,-20341520,0,145369800,0,110435380,6497390,262302570,148324890,23206890,63931880,26838910,262302570
2024-07-10,5024,5034,4994,5034,44559,0.19904458598726116,-7355,-4000,9251,2104,0,21582,0,20201,2553,44336,28937,4000,10950,449,44336,-36913900,-20145220,46466630,10592490,0,108758280,0,101673240,12856370,223287890,145672180,20145220,55206610,2263880,223287890
2024-07-11,5034,5053,5014,5044,55664,0.1986491855383393,-6287,-4000,9281,1006,0,27993,0,25225,2167,55385,34280,4000,15944,1161,55385,-31756510,-20244840,46903360,5097990,0,141765950,0,127669980,10977460,280413390,173522460,20244840,80766620,5879470,280413390
2024-07-12,5054,5054,5014,5054,37232,0.19825535289452814,6401,-4000,-5695,3294,0,22272,0,11039,3735,37046,15871,4000,16734,441,37046,32484960,-20216200,-28924640,16655880,0,112700120,0,55804660,18890290,187395070,80215160,20216200,84729300,2234410,187395070
2024-07-15,5063,5063,5014,5054,55487,0.0,-23877,-4100,27355,622,0,16657,200,32725,5627,55209,40534,4300,5370,5005,55209,-120661690,-20772750,138366000,3068440,0,84500260,1016000,165616870,28476860,279609990,205161950,21788750,27250870,25408420,279609990
2024-07-16,5054,5064,5024,5064,61208,0.19786307874950534,12215,-4000,-6979,-1236,0,42284,0,16086,2532,60902,30069,4000,23065,3768,60902,62177390,-20275110,-35573700,-6328580,0,214622610,0,81573670,12810350,309006630,152445220,20275110,117147370,19138930,309006630
2024-07-17,5064,5074,5044,5074,60837,0.1974723538704581,11092,-3358,-11381,3647,0,37275,0,16889,6368,60532,26183,3358,28270,2721,60532,56581370,-17069190,-58020860,18508680,0,189650010,0,85848790,32362690,307861490,133068640,17069190,143869650,13854010,307861490
2024-07-18,5074,5083,5034,5074,80687,0.0,-38622,0,33449,5173,0,22866,0,50173,7244,80283,61488,0,16724,2071,80283,-195818600,0,169575350,26243250,0,116376260,0,254781870,36783300,407941430,312194860,0,85206520,10540050,407941430
2024-07-19,5074,5093,5034,5074,41530,0.0,16513,0,-16114,-399,0,33872,0,5853,1597,41322,17359,0,21967,1996,41322,84303760,0,-82240020,-2063740,0,172719930,0,29765020,8110610,210595560,88416170,0,112005040,10174350,210595560
2024-07-22,5083,5083,5034,5044,53266,-0.5912495072920773,9100,0,-10500,1400,0,37755,0,10287,4957,52999,28655,0,20787,3557,52999,46520150,0,-53582490,7062340,0,192046900,0,52150860,25149680,269347440,145526750,0,105733350,18087340,269347440
2024-07-23,5054,5064,5024,5064,33024,0.3965107057890563,452,0,-5234,4782,0,16980,0,10193,5686,32859,16528,0,15427,904,32859,2369290,0,-26586470,24217180,0,86135590,0,51711980,28809690,166657260,83766300,0,78298450,4592510,166657260
2024-07-24,5063,5073,5024,5054,33580,-0.1974723538704581,5770,0,-3439,-2331,0,23053,0,9605,754,33412,17283,0,13044,3085,33412,29382180,0,-17539820,-11842360,0,117003390,0,48679255,3816170,169498815,87621210,0,66219075,15658530,169498815
2024-07-25,5034,5113,5034,5074,70941,0.3957261574990107,1099,-5325,-18186,22412,0,26852,408,15986,27340,70586,25753,5733,34172,4928,70586,5864650,-27002270,-92475900,113613520,0,136564530,2072640,81067810,138778310,358483290,130699880,29074910,173543710,25164790,358483290
2024-07-26,5074,5084,5044,5084,67826,0.1970831690973591,-242,-640,-4321,5203,0,47142,20,14194,6130,67486,47384,660,18515,927,67486,-1305800,-3271000,-22021710,26598510,0,240687750,101600,72490830,31324300,344604480,241993550,3372600,94512540,4725790,344604480
2024-07-29,5054,5113,5054,5104,64101,0.3933910306845004,290,0,-3567,3277,0,42777,0,17000,4003,63780,42487,0,20567,726,63780,1437210,0,-18234610,16797400,0,219071250,0,87068840,20515330,326655420,217634040,0,105303450,3717930,326655420
2024-07-30,5054,5123,5044,5094,57110,-0.1959247648902821,-8877,0,12734,-3857,0,27137,0,23812,5875,56824,36014,0,11078,9732,56824,-44926400,0,64570770,-19644370,0,138100560,0,120985520,29931930,289018010,183026960,0,56414750,49576300,289018010
2024-07-31,5083,5083,5034,5074,64878,-0.39261876717707106,8378,1020,-6935,-2463,0,43118,1020,17067,3348,64553,34740,0,24002,5811,64553,42739920,5171600,-35429210,-12482310,0,219306950,5171600,86671570,17045950,328196070,176567030,0,122100780,29528260,328196070
2024-08-01,5083,5083,5024,5034,79037,-0.7883326763894364,-31858,2817,35332,-6291,0,25831,2817,45708,4285,78641,57689,0,10376,10576,78641,-161174280,14282360,178826160,-31934240,0,130863700,14282360,231406270,21694020,398246350,292037980,0,52580110,53628260,398246350
2024-08-02,5034,5054,4915,4960,296479,-1.4700039729837107,-217566,8000,189378,20188,0,43359,8000,217822,25812,294993,260925,0,28444,5624,294993,-1084454555,39730000,944458150,100266405,0,216664325,39730000,1086784345,128439690,1471618360,1301118880,0,142326195,28173285,1471618360
2024-08-05,4930,4965,4785,4840,270721,-2.4193548387096775,-93205,1760,147113,-55668,0,41746,4560,223926,489,270721,134951,2800,76813,56157,270721,-451502635,8371700,713980195,-270849260,0,201804850,21951700,1086233520,2394310,1312384380,653307485,13580000,372253325,273243570,1312384380
2024-08-06,4850,4890,4715,4780,426670,-1.2396694214876034,-263028,2910,217263,42855,0,78322,2910,290853,54585,426670,341350,0,73590,11730,426670,-1255108725,13838300,1037660435,203609990,0,375510015,13838300,1389875220,259846995,2039070530,1630618740,0,352214785,56237005,2039070530
2024-08-07,4780,4825,4700,4700,257519,-1.6736401673640167,-130025,6329,137755,-14059,0,48524,6329,179844,22822,257519,178549,0,42089,36881,257519,-615868535,29828280,652980655,-66940400,0,231850710,29828280,853995045,108773860,1224447895,847719245,0,201014390,175714260,1224447895
2024-08-08,4695,4755,4695,4705,169990,0.10638297872340426,-96896,7586,69127,20183,0,37844,7586,88425,36135,169990,134740,0,19298,15952,169990,-456217965,35656530,325513845,95047590,0,178585730,35656530,416580325,170342135,801164720,634803695,0,91066480,75294545,801164720
2024-08-09,4745,4765,4720,4755,131177,1.0626992561105209,-71910,6000,36510,29400,0,26326,6000,65715,33136,131177,98236,0,29205,3736,131177,-341103085,28530000,173262640,139310445,0,124920225,28530000,311917795,157059430,622427450,466023310,0,138655155,17748985,622427450
2024-08-12,4755,4810,4755,4805,63651,1.0515247108307046,-26541,313,4095,22133,0,11250,313,27844,24244,63651,37791,0,23749,2111,63651,-126735545,1497705,19279545,105958295,0,53903485,1497705,133148285,116072730,304622205,180639030,0,113868740,10114435,304622205
2024-08-13,4805,4850,4800,4835,70980,0.6243496357960457,-11007,6,5236,5765,0,31687,6,28271,11016,70980,42694,0,23035,5251,70980,-52844035,28920,25066155,27748960,0,152786625,28920,136298885,53087250,342201680,205630660,0,111232730,25338290,342201680
2024-08-14,4835,4860,4820,4840,38294,0.1034126163391934,-10158,-2878,6541,6495,0,10507,16,18080,9691,38294,20665,2894,11539,3196,38294,-48937445,-13929680,31544310,31322815,0,50860570,77280,87353575,46803055,185094480,99798015,14006960,55809265,15480240,185094480
2024-08-16,4840,4900,4825,4890,76717,1.0330578512396695,15812,-7106,-25824,17118,0,37619,0,17798,21300,76717,21807,7106,43622,4182,76717,77341480,-34393040,-126053215,83104775,0,183190395,0,86450135,103503590,373144120,105848915,34393040,212503350,20398815,373144120
2024-08-19,4895,4920,4870,4905,53709,0.3067484662576687,8152,0,-10927,2775,0,24683,0,20682,8344,53709,16531,0,31609,5569,53709,39979375,0,-53535445,13556070,0,121051425,0,101430305,40871970,263353700,81072050,0,154965750,27315900,263353700
2024-08-20,4910,4915,4895,4905,54830,0.0,10258,0,-11447,1189,0,29683,0,16538,8609,54830,19425,0,27985,7420,54830,50325195,0,-56132405,5807210,0,145548190,0,81125145,42194360,268867695,95222995,0,137257550,36387150,268867695
2024-08-21,4910,4915,4865,4915,41552,0.20387359836901123,3412,0,-814,-2598,0,21514,0,16017,4021,41552,18102,0,16831,6619,41552,16846945,0,-4062745,-12784200,0,105346400,0,78288330,19633310,203268040,88499455,0,82351075,32417510,203268040
2024-08-22,4915,4920,4870,4900,28339,-0.3051881993896236,2176,0,5022,-7198,0,16900,0,10840,599,28339,14724,0,5818,7797,28339,10722475,0,24517115,-35239590,0,82688680,0,52972720,2922830,138584230,71966205,0,28455605,38162420,138584230
2024-08-23,4895,4900,4860,4880,57599,-0.40816326530612246,-21654,97,25541,-3984,0,9186,97,45209,3107,57599,30840,0,19668,7091,57599,-105307555,471420,124292885,-19456750,0,44826880,471420,220325405,15123130,280746835,150134435,0,96032520,34579880,280746835
2024-08-26,4905,4905,4850,4880,86081,0.0,-4029,0,12606,-8577,0,45023,0,35350,5708,86081,49052,0,22744,14285,86081,-19143030,0,61192735,-42049705,0,219418455,0,172001340,27743955,419163750,238561485,0,110808605,69793660,419163750
2024-08-27,4890,4890,4860,4880,67241,0.0,-5579,5000,-4957,5536,0,30062,5000,25209,6970,67241,35641,0,30166,1434,67241,-26983420,24337300,-24295145,26941265,0,146620030,24337300,122665310,33944995,327567635,173603450,0,146960455,7003730,327567635
2024-08-28,4880,4890,4860,4890,39465,0.20491803278688525,7955,0,-7658,-297,0,23812,0,14089,1564,39465,15857,0,21747,1861,39465,38875750,0,-37417090,-1458660,0,116270670,0,68695175,7632320,192598165,77394920,0,106112265,9090980,192598165
2024-08-29,4900,4900,4880,4890,33772,0.0,12476,-2782,-7812,-1882,0,23063,0,10258,451,33772,10587,2782,18070,2333,33772,61040960,-13605820,-38220095,-9215045,0,112776145,0,50171905,2206515,165154565,51735185,13605820,88392000,11421560,165154565
2024-08-30,4890,4915,4890,4900,64976,0.2044989775051125,-17776,-2218,22753,-2759,0,31357,0,30533,3086,64976,49133,2218,7780,5845,64976,-87013270,-10846020,111416280,-13556990,0,153555045,0,149523900,15099960,318178905,240568315,10846020,38107620,28656950,318178905
2024-09-02,4900,4905,4885,4895,43124,-0.10204081632653061,6530,0,-6117,-413,0,22154,0,20048,922,43124,15624,0,26165,1335,43124,31890140,0,-29868930,-2021210,0,108439310,0,98203980,4517800,211161090,76549170,0,128072910,6539010,211161090
2024-09-03,4885,4905,4885,4895,40170,0.0,-1811,0,522,1289,0,21868,0,16413,1889,40170,23679,0,15891,600,40170,-8853480,0,2534610,6318870,0,107086560,0,80351255,9256100,196693915,115940040,0,77816645,2937230,196693915
2024-09-04,4895,4905,4870,4895,77761,0.0,13914,0,-10467,-3447,0,58607,0,17989,1165,77761,44693,0,28456,4612,77761,68177360,0,-51304080,-16873280,0,286431605,0,87869225,5683755,379984585,218254245,0,139173305,22557035,379984585
2024-09-05,4895,4905,4845,4855,57964,-0.8171603677221655,7856,0,-13098,5242,0,29066,0,21271,7627,57964,21210,0,34369,2385,57964,38614190,0,-64035955,25421765,0,141950175,0,103533025,37079075,282562275,103335985,0,167568980,11657310,282562275
2024-09-06,4875,4895,4850,4895,59951,0.8238928939237898,18079,0,-17358,-721,0,42636,0,12143,5172,59951,24557,0,29501,5893,59951,88216055,0,-84738655,-3477400,0,207928785,0,59120730,25222390,292271905,119712730,0,143859385,28699790,292271905
2024-09-09,4895,5000,4880,4955,95141,1.2257405515832482,33641,-3706,-26230,-3705,0,48100,0,35629,11412,95141,14459,3706,61859,15117,95141,165736705,-18363230,-128750835,-18622640,0,237205945,0,176133750,56277210,469616905,71469240,18363230,304884585,74899850,469616905
2024-09-10,4955,4955,4880,4955,55156,0.0,-8406,1099,6102,1205,0,23668,2747,20966,7775,55156,32074,1648,14864,6570,55156,-41115370,5332465,30015065,5767840,0,116444005,13498305,103174455,38153450,271270215,157559375,8165840,73159390,32385610,271270215
2024-09-11,4950,4950,4880,4930,78919,-0.5045408678102926,25113,1899,-12697,-14315,0,62377,1899,10541,4102,78919,37264,0,23238,18417,78919,123430460,9337600,-62387895,-70380165,0,306006755,9337600,51611190,20109510,387065055,182576295,0,113999085,90489675,387065055
2024-09-12,4930,4985,4930,4980,86920,1.0141987829614605,30999,1963,-31509,-1453,0,72929,3963,1959,8071,86922,41930,2000,33468,9524,86922,154116390,9784740,-156543915,-7357215,0,362382460,19694740,9726475,39951655,431755330,208266070,9910000,166270390,47308870,431755330
