날짜,시가,고가,저가,종가,거래량,등락률,기관합계_거래량_순매수,기타법인_거래량_순매수,개인_거래량_순매수,외국인합계_거래량_순매수,전체_거래량_순매수,기관합계_거래량_매수,기타법인_거래량_매수,개인_거래량_매수,외국인합계_거래량_매수,전체_거래량_매수,기관합계_거래량_매도,기타법인_거래량_매도,개인_거래량_매도,외국인합계_거래량_매도,전체_거래량_매도,기관합계_거래대금_순매수,기타법인_거래대금_순매수,개인_거래대금_순매수,외국인합계_거래대금_순매수,전체_거래대금_순매수,기관합계_거래대금_매수,기타법인_거래대금_매수,개인_거래대금_매수,외국인합계_거래대금_매수,전체_거래대금_매수,기관합계_거래대금_매도,기타법인_거래대금_매도,개인_거래대금_매도,외국인합계_거래대금_매도,전체_거래대금_매도
2019-01-02,1700,1730,1660,1670,44671,-1.183431952662722,0,0,-506,506,0,0,0,42755,1916,44671,0,0,43261,1410,44671,0,0,-837260,837260,0,0,0,71829100,3228150,75057250,0,0,72666360,2390890,75057250
2019-01-03,1705,1705,1620,1620,58807,-2.9940119760479043,0,0,6213,-6213,0,0,0,57548,1259,58807,0,0,51335,7472,58807,0,0,10337200,-10337200,0,0,0,95003920,2071755,97075675,0,0,84666720,12408955,97075675
2019-01-04,1620,1660,1570,1605,90286,-0.9259259259259258,0,0,3499,-3499,0,0,0,82815,7471,90286,0,0,79316,10970,90286,0,0,5675160,-5675160,0,0,0,131761095,11867115,143628210,0,0,126085935,17542275,143628210
2019-01-07,1620,1670,1615,1645,63351,2.4922118380062304,0,50,-12602,12552,0,0,50,46393,16908,63351,0,0,58995,4356,63351,0,82500,-20619650,20537150,0,0,82500,75971730,27685670,103739900,0,0,96591380,7148520,103739900
2019-01-08,1685,1685,1620,1625,64144,-1.21580547112462,0,30,2042,-2072,0,0,30,58376,5738,64144,0,0,56334,7810,64144,0,49200,3341720,-3390920,0,0,49200,95692575,9440325,105182100,0,0,92350855,12831245,105182100
2019-01-09,1695,1710,1635,1675,126462,3.076923076923077,0,-700,-10200,10900,0,0,0,109698,16764,126462,0,700,119898,5864,126462,0,-1169000,-16949910,18118910,0,0,0,182905175,27902420,210807595,0,1169000,199855085,9783510,210807595
2019-01-10,1675,1905,1675,1725,1787725,2.9850746268656714,0,-170,147355,-147185,0,1010,0,1752990,33725,1787725,1010,170,1605635,180910,1787725,500,-303200,268467925,-268165225,0,1813100,0,3159788680,59532155,3221133935,1812600,303200,2891320755,327697380,3221133935
2019-01-11,1750,1760,1700,1755,202783,1.7391304347826086,0,0,-3477,3477,0,0,0,192205,10578,202783,0,0,195682,7101,202783,0,0,-5998685,5998685,0,0,0,334331640,18348510,352680150,0,0,340330325,12349825,352680150
2019-01-14,1755,1855,1735,1795,817368,2.2792022792022792,0,0,76752,-76752,0,0,0,785027,32341,817368,0,0,708275,109093,817368,0,0,139758475,-139758475,0,0,0,1427054800,58232615,1485287415,0,0,1287296325,197991090,1485287415
2019-01-15,1835,1900,1765,1825,660677,1.6713091922005572,0,0,45864,-45864,0,0,0,611346,49331,660677,0,0,565482,95195,660677,0,0,85854445,-85854445,0,0,0,1122972240,90660980,1213633220,0,0,1037117795,176515425,1213633220
2019-01-16,1825,1855,1795,1800,255320,-1.36986301369863,0,0,-9620,9620,0,0,0,237439,17881,255320,0,0,247059,8261,255320,0,0,-17270485,17270485,0,0,0,431499105,32417780,463916885,0,0,448769590,15147295,463916885
2019-01-17,1805,1825,1725,1750,288147,-2.7777777777777777,0,0,-24207,24207,0,0,0,257726,30421,288147,0,0,281933,6214,288147,0,0,-42267025,42267025,0,0,0,451788805,53347340,505136145,0,0,494055830,11080315,505136145
2019-01-18,1765,1800,1750,1770,154970,1.1428571428571428,0,0,-47509,47509,0,0,0,105097,49873,154970,0,0,152606,2364,154970,0,0,-83746840,83746840,0,0,0,185822680,87925110,273747790,0,0,269569520,4178270,273747790
2019-01-21,1780,1845,1780,1810,397630,2.2598870056497176,0,0,-67602,67602,0,0,0,323592,74038,397630,0,0,391194,6436,397630,0,0,-122994645,122994645,0,0,0,590262395,134693375,724955770,0,0,713257040,11698730,724955770
2019-01-22,1845,1845,1790,1810,125138,0.0,0,0,-9423,9423,0,0,0,110070,15068,125138,0,0,119493,5645,125138,0,0,-16950935,16950935,0,0,0,198560700,27166905,225727605,0,0,215511635,10215970,225727605
2019-01-23,1805,1970,1790,1920,1119803,6.077348066298343,0,1000,7113,-8113,0,0,1000,1024924,93879,1119803,0,0,1017811,101992,1119803,0,1870000,14473800,-16343800,0,0,1870000,1941171695,177821990,2120863685,0,0,1926697895,194165790,2120863685
2019-01-24,1905,1925,1855,1895,376384,-1.3020833333333335,0,-1000,-85,1085,0,0,0,350856,25528,376384,0,1000,350941,24443,376384,0,-1911500,181500,1730000,0,0,0,659574790,47720970,707295760,0,1911500,659393290,45990970,707295760
2019-01-25,1940,1940,1865,1900,506290,0.2638522427440633,0,0,25480,-25480,0,0,0,497720,8570,506290,0,0,472240,34050,506290,0,0,47917120,-47917120,0,0,0,961767085,16175955,977943040,0,0,913849965,64093075,977943040
2019-01-28,2025,2025,1875,1875,1144633,-1.3157894736842104,0,0,194875,-194875,0,0,0,1129542,15091,1144633,0,0,934667,209966,1144633,0,0,380941125,-380941125,0,0,0,2202911960,29334055,2232246015,0,0,1821970835,410275180,2232246015
2019-01-29,1855,1865,1800,1820,398991,-2.933333333333333,0,0,-31684,31684,0,0,0,356342,42649,398991,0,0,388026,10965,398991,0,0,-58012235,58012235,0,0,0,650467005,78118625,728585630,0,0,708479240,20106390,728585630
2019-01-30,1855,1855,1815,1825,99285,0.27472527472527475,0,0,-10024,10024,0,0,0,88064,11221,99285,0,0,98088,1197,99285,0,0,-18265455,18265455,0,0,0,160780055,20454650,181234705,0,0,179045510,2189195,181234705
2019-01-31,1830,1840,1780,1780,161325,-2.4657534246575343,0,0,-1352,1352,0,0,0,149572,11753,161325,0,0,150924,10401,161325,0,0,-2441150,2441150,0,0,0,269225490,21185135,290410625,0,0,271666640,18743985,290410625
2019-02-01,1780,1790,1750,1780,104116,0.0,0,0,-10860,10860,0,0,0,91892,12224,104116,0,0,102752,1364,104116,0,0,-19135490,19135490,0,0,0,162713730,21560480,184274210,0,0,181849220,2424990,184274210
2019-02-07,1790,1830,1745,1775,137123,-0.2808988764044944,0,0,-10318,10318,0,0,0,121369,15754,137123,0,0,131687,5436,137123,0,0,-18335620,18335620,0,0,0,214326350,27975335,242301685,0,0,232661970,9639715,242301685
2019-02-08,1810,1810,1755,1765,91165,-0.5633802816901409,0,0,4975,-4975,0,0,0,87171,3994,91165,0,0,82196,8969,91165,0,0,8844065,-8844065,0,0,0,154362440,7059790,161422230,0,0,145518375,15903855,161422230
2019-02-11,1765,1785,1715,1725,239685,-2.26628895184136,0,0,-13451,13451,0,0,0,221017,18668,239685,0,0,234468,5217,239685,0,0,-23203840,23203840,0,0,0,386469300,32430375,418899675,0,0,409673140,9226535,418899675
2019-02-12,1750,1950,1725,1850,1156688,7.246376811594203,0,0,36420,-36420,0,0,0,1122448,34240,1156688,0,0,1086028,70660,1156688,0,0,71283310,-71283310,0,0,0,2076644860,61793695,2138438555,0,0,2005361550,133077005,2138438555
2019-02-13,1835,1895,1825,1870,425684,1.0810810810810811,0,0,-23633,23633,0,0,0,384486,41198,425684,0,0,408119,17565,425684,0,0,-44102905,44102905,0,0,0,718970545,76964795,795935340,0,0,763073450,32861890,795935340
2019-02-14,1870,1885,1835,1860,131438,-0.53475935828877,0,-4500,4367,133,0,0,0,104679,26759,131438,0,4500,100312,26626,131438,0,-8349030,8241705,107325,0,0,0,194413495,49616215,244029710,0,8349030,186171790,49508890,244029710
2019-02-15,1875,2195,1835,1980,5205888,6.451612903225806,0,8998,207903,-216901,0,0,8998,5140654,56236,5205888,0,0,4932751,273137,5205888,0,17546100,433356680,-450902780,0,0,17546100,10465395810,113499635,10596441545,0,0,10032039130,564402415,10596441545
2019-02-18,1975,2115,1975,2070,2763103,4.545454545454546,0,-6498,196556,-190058,0,0,2500,2710468,50135,2763103,0,8998,2513912,240193,2763103,0,-13703340,408798775,-395095435,0,0,5012500,5577835660,102280580,5685128740,0,18715840,5169036885,497376015,5685128740
2019-02-19,2070,2080,1995,2070,649709,0.0,0,12500,-59616,47116,0,0,12500,585950,51259,649709,0,0,645566,4143,649709,0,25162500,-120581480,95418980,0,0,25162500,1192397980,103873945,1321434425,0,0,1312979460,8454965,1321434425
2019-02-20,2085,2185,2050,2095,2996319,1.2077294685990339,0,-14993,378004,-363011,0,0,15022,2955850,25447,2996319,0,30015,2577846,388458,2996319,0,-31860340,801974585,-770114245,0,0,31172285,6235926185,53866955,6320965425,0,63032625,5433951600,823981200,6320965425
2019-02-21,2095,2135,2060,2090,702406,-0.23866348448687352,0,2029,25705,-27734,0,0,2036,673716,26654,702406,0,7,648011,54388,702406,0,4250875,54207920,-58458795,0,0,4265540,1413775395,55878990,1473919925,0,14665,1359567475,114337785,1473919925
2019-02-22,2115,2335,2095,2195,8819285,5.023923444976076,0,10,758163,-758173,0,0,2300,8726493,90492,8819285,0,2290,7968330,848665,8819285,0,51940,1675286465,-1675338405,0,0,5111000,19381173425,196511780,19582796205,0,5059060,17705886960,1871850185,19582796205
2019-02-25,2210,2430,2200,2245,5093219,2.277904328018223,0,-345,54777,-54432,0,0,2200,5049847,41172,5093219,0,2545,4995070,95604,5093219,0,-730415,129979255,-129248840,0,0,5020000,11627659705,93310975,11725990680,0,5750415,11497680450,222559815,11725990680
2019-02-26,2260,2345,2220,2225,2654219,-0.8908685968819599,0,-1710,56162,-54452,0,0,1091,2636624,16504,2654219,0,2801,2580462,70956,2654219,0,-3943850,130526355,-126582505,0,0,2502935,6015831800,37269900,6055604635,0,6446785,5885305445,163852405,6055604635
2019-02-27,2245,2250,2100,2120,1173686,-4.719101123595506,-18193,0,-49727,67920,0,0,0,1089047,84639,1173686,18193,0,1138774,16719,1173686,-38534940,0,-107103440,145638380,0,0,0,2336511170,181849660,2518360830,38534940,0,2443614610,36211280,2518360830
2019-02-28,2120,2155,1970,1975,974414,-6.839622641509433,0,0,-39994,39994,0,0,0,842962,131452,974414,0,0,882956,91458,974414,0,0,-79239010,79239010,0,0,0,1734523185,266760265,2001283450,0,0,1813762195,187521255,2001283450
2019-03-04,2020,2105,2015,2085,672574,5.5696202531645564,0,0,-28282,28282,0,0,0,594380,78194,672574,0,0,622662,49912,672574,0,0,-58318855,58318855,0,0,0,1231420855,161630600,1393051455,0,0,1289739710,103311745,1393051455
2019-03-05,2085,2085,2030,2030,274441,-2.6378896882494005,0,0,40735,-40735,0,0,0,260526,13915,274441,0,0,219791,54650,274441,0,0,83581510,-83581510,0,0,0,533232735,28335155,561567890,0,0,449651225,111916665,561567890
2019-03-06,2035,2100,2025,2035,239561,0.24630541871921183,0,500,13684,-14184,0,0,500,229595,9466,239561,0,0,215911,23650,239561,0,1015000,28467955,-29482955,0,0,1015000,470633015,19292265,490940280,0,0,442165060,48775220,490940280
2019-03-07,2035,2075,1970,1975,328391,-2.9484029484029484,0,0,-20393,20393,0,0,0,298408,29983,328391,0,0,318801,9590,328391,0,0,-40724395,40724395,0,0,0,601866030,60385725,662251755,0,0,642590425,19661330,662251755
2019-03-08,1945,2030,1920,1960,140323,-0.7594936708860759,0,0,-12027,12027,0,0,0,121770,18553,140323,0,0,133797,6526,140323,0,0,-23328020,23328020,0,0,0,238949955,36309195,275259150,0,0,262277975,12981175,275259150
2019-03-11,1995,1995,1910,1915,152143,-2.295918367346939,0,0,6406,-6406,0,0,0,143467,8676,152143,0,0,137061,15082,152143,0,0,12908525,-12908525,0,0,0,277469680,16722950,294192630,0,0,264561155,29631475,294192630
2019-03-12,1915,1965,1910,1940,217476,1.3054830287206265,0,0,-24221,24221,0,0,0,190063,27413,217476,0,0,214284,3192,217476,0,0,-46546365,46546365,0,0,0,366561650,52776955,419338605,0,0,413108015,6230590,419338605
2019-03-13,1940,1955,1885,1910,179571,-1.5463917525773196,0,0,1220,-1220,0,0,0,169690,9881,179571,0,0,168470,11101,179571,0,0,2303315,-2303315,0,0,0,324155800,18874335,343030135,0,0,321852485,21177650,343030135
2019-03-14,1910,1975,1900,1965,149880,2.8795811518324608,0,0,-15751,15751,0,0,0,122248,27632,149880,0,0,137999,11881,149880,0,0,-30621545,30621545,0,0,0,237537210,53774905,291312115,0,0,268158755,23153360,291312115
2019-03-15,2010,2235,2010,2085,4601204,6.106870229007633,0,0,160739,-160739,0,0,0,4529277,71927,4601204,0,0,4368538,232666,4601204,0,0,346578510,-346578510,0,0,0,9715136025,154729790,9869865815,0,0,9368557515,501308300,9869865815
2019-03-18,2070,2130,2070,2110,718253,1.1990407673860912,0,0,-5245,5245,0,0,0,687649,30604,718253,0,0,692894,25359,718253,0,0,-10728075,10728075,0,0,0,1446336015,64245685,1510581700,0,0,1457064090,53517610,1510581700
2019-03-19,2140,2200,2120,2120,1404262,0.47393364928909953,0,0,90912,-90912,0,0,0,1358678,45584,1404262,0,0,1267766,136496,1404262,0,0,197382210,-197382210,0,0,0,2936898025,98877565,3035775590,0,0,2739515815,296259775,3035775590
2019-03-20,2125,2150,2050,2100,503942,-0.9433962264150944,0,0,-1229,1229,0,0,0,486523,17419,503942,0,0,487752,16190,503942,0,0,-2115525,2115525,0,0,0,1012010005,36109100,1048119105,0,0,1014125530,33993575,1048119105
2019-03-21,2100,2105,2025,2025,282768,-3.571428571428571,0,0,-7084,7084,0,0,0,272547,10221,282768,0,0,279631,3137,282768,0,0,-14573620,14573620,0,0,0,560500210,21024030,581524240,0,0,575073830,6450410,581524240
2019-03-22,2010,2045,1965,1975,214620,-2.4691358024691357,0,500,-44101,43601,0,0,500,166641,47479,214620,0,0,210742,3878,214620,0,1007500,-87812075,86804575,0,0,1007500,333128090,94571675,428707265,0,0,420940165,7767100,428707265
2019-03-25,1915,1965,1880,1910,240879,-3.2911392405063293,0,520,-16220,15700,0,0,520,216902,23457,240879,0,0,233122,7757,240879,0,1008800,-31311285,30302485,0,0,1008800,416475145,45308325,462792270,0,0,447786430,15005840,462792270
2019-03-26,1910,2010,1910,1995,290204,4.450261780104712,0,1000,2458,-3458,0,0,1000,268936,20268,290204,0,0,266478,23726,290204,0,1955000,5136295,-7091295,0,0,1955000,533189625,39966275,575110900,0,0,528053330,47057570,575110900
2019-03-27,1985,2045,1980,1980,279585,-0.7518796992481203,0,-1000,11400,-10400,0,0,0,265031,14554,279585,0,1000,253631,24954,279585,0,-2015000,23165020,-21150020,0,0,0,533165530,29234805,562400335,0,2015000,510000510,50384825,562400335
2019-03-28,1980,2000,1950,1970,174909,-0.5050505050505051,0,-520,13605,-13085,0,0,0,169475,5434,174909,0,520,155870,18519,174909,0,-1027000,26859570,-25832570,0,0,0,333266530,10696780,343963310,0,1027000,306406960,36529350,343963310
2019-03-29,1975,2010,1950,1970,211893,0.0,0,590,846,-1436,0,0,590,199831,11472,211893,0,0,198985,12908,211893,0,1168810,1598280,-2767090,0,0,1168810,394518195,22637175,418324180,0,0,392919915,25404265,418324180
2019-04-01,2005,2125,2005,2080,1381271,5.583756345177665,0,0,208484,-208484,0,0,1,1290112,91158,1381271,0,1,1081628,299642,1381271,0,60,430521595,-430521655,0,0,2120,2676778785,188738610,2865519515,0,2060,2246257190,619260265,2865519515
2019-04-02,2080,2095,2040,2040,529356,-1.9230769230769231,2323,800,146942,-150065,0,2323,800,485484,40749,529356,0,0,338542,190814,529356,4820225,1668000,301754060,-308242285,0,4820225,1668000,1001858865,84346865,1092693955,0,0,700104805,392589150,1092693955
2019-04-03,2050,2115,2040,2095,647119,2.696078431372549,0,0,-34885,34885,0,0,0,572565,74554,647119,0,0,607450,39669,647119,0,0,-71716835,71716835,0,0,0,1192373930,154502765,1346876695,0,0,1264090765,82785930,1346876695
2019-04-04,2080,2095,2050,2090,531742,-0.23866348448687352,0,0,-19484,19484,0,0,0,502668,29074,531742,0,0,522152,9590,531742,0,0,-40499155,40499155,0,0,0,1039377245,60285710,1099662955,0,0,1079876400,19786555,1099662955
2019-04-05,2115,2120,2055,2110,572280,0.9569377990430622,0,354,-11329,10975,0,0,354,547566,24360,572280,0,0,558895,13385,572280,0,738305,-23722045,22983740,0,0,738305,1144412345,51006060,1196156710,0,0,1168134390,28022320,1196156710
2019-04-08,2130,2165,2080,2080,788085,-1.4218009478672986,0,-465,25380,-24915,0,0,943,763153,23989,788085,0,1408,737773,48904,788085,0,-954580,53653395,-52698815,0,0,2017820,1619436370,50638890,1672093080,0,2972400,1565782975,103337705,1672093080
2019-04-09,2080,2100,2040,2070,359684,-0.4807692307692308,0,0,-27766,27766,0,0,0,319084,40600,359684,0,0,346850,12834,359684,0,0,-57263270,57263270,0,0,0,657109875,83795410,740905285,0,0,714373145,26532140,740905285
2019-04-10,2065,2075,2045,2060,155139,-0.4830917874396135,0,0,-7472,7472,0,0,0,146735,8404,155139,0,0,154207,932,155139,0,0,-15387010,15387010,0,0,0,301843265,17311590,319154855,0,0,317230275,1924580,319154855
2019-04-11,2080,2100,2065,2080,325687,0.9708737864077669,0,3000,27541,-30541,0,0,3000,278951,43736,325687,0,0,251410,74277,325687,0,6270000,57190745,-63460745,0,0,6270000,581036095,91127915,678434010,0,0,523845350,154588660,678434010
2019-04-12,2080,2200,2070,2115,3570779,1.6826923076923077,132,146,528591,-528869,0,132,646,3016640,553361,3570779,0,500,2488049,1082230,3570779,282020,295155,1134061005,-1134638180,0,282020,1380155,6507261285,1179252955,7688176415,0,1085000,5373200280,2313891135,7688176415
2019-04-15,2130,2200,2130,2175,1289742,2.8368794326241136,0,-201,-43706,43907,0,0,0,1186574,103168,1289742,0,201,1230280,59261,1289742,0,-438180,-94898575,95336755,0,0,0,2573322190,224130590,2797452780,0,438180,2668220765,128793835,2797452780
2019-04-16,2185,2260,2115,2145,1244588,-1.3793103448275863,0,0,169993,-169993,0,0,0,1221075,23513,1244588,0,0,1051082,193506,1244588,0,0,370706535,-370706535,0,0,0,2646332560,50470205,2696802765,0,0,2275626025,421176740,2696802765
2019-04-17,2180,2205,2145,2205,1174429,2.797202797202797,0,2558,-12519,9961,0,0,5758,1120040,48631,1174429,0,3200,1132559,38670,1174429,0,5507400,-27474175,21966775,0,0,12541400,2444514220,106337890,2563393510,0,7034000,2471988395,84371115,2563393510
2019-04-18,2235,2265,2170,2215,922194,0.45351473922902497,0,3161,69557,-72718,0,0,3161,912834,6199,922194,0,0,843277,78917,922194,0,7033225,154298665,-161331890,0,0,7033225,2012906705,13628250,2033568180,0,0,1858608040,174960140,2033568180
2019-04-19,2215,2360,2215,2285,5313129,3.160270880361174,0,-91,86027,-85936,0,0,0,5264146,48983,5313129,0,91,5178119,134919,5313129,0,-207345,197207215,-196999870,0,0,0,12042083415,111295360,12153378775,0,207345,11844876200,308295230,12153378775
2019-04-22,2260,2335,2240,2315,1183882,1.312910284463895,0,-11828,26523,-14695,0,0,0,1169152,14730,1183882,0,11828,1142629,29425,1183882,0,-26497555,60452570,-33955015,0,0,0,2668557395,33369720,2701927115,0,26497555,2608104825,67324735,2701927115
2019-04-23,2330,2385,2285,2340,1708708,1.079913606911447,0,5000,-82081,77081,0,0,5000,1611126,92582,1708708,0,0,1693207,15501,1708708,0,11525000,-191574440,180049440,0,0,11525000,3763121035,216432170,3991078205,0,0,3954695475,36382730,3991078205
2019-04-24,2345,2345,2285,2290,646725,-2.1367521367521367,0,1000,-957,-43,0,0,1000,639907,5818,646725,0,0,640864,5861,646725,0,2310000,-2212050,-97950,0,0,2310000,1473337610,13467320,1489114930,0,0,1475549660,13565270,1489114930
2019-04-25,2290,2300,2225,2280,726768,-0.43668122270742354,0,0,-6435,6435,0,0,0,706837,19931,726768,0,0,713272,13496,726768,0,0,-14234225,14234225,0,0,0,1594155195,44886545,1639041740,0,0,1608389420,30652320,1639041740
2019-04-26,2275,2305,2145,2250,830619,-1.3157894736842104,0,2502,-4104,1602,0,0,2502,771448,56669,830619,0,0,775552,55067,830619,0,5432510,-5455290,22780,0,0,5432510,1725067665,123738335,1854238510,0,0,1730522955,123715555,1854238510
2019-04-29,2260,2270,2230,2255,352031,0.2222222222222222,0,0,-69631,69631,0,0,0,281210,70821,352031,0,0,350841,1190,352031,0,0,-156674720,156674720,0,0,0,633276665,159357485,792634150,0,0,789951385,2682765,792634150
2019-04-30,2290,2310,2255,2270,570356,0.6651884700665188,0,-590,-11189,11779,0,0,0,512032,58324,570356,0,590,523221,46545,570356,0,-1339300,-25677620,27016920,0,0,0,1168127840,133304985,1301432825,0,1339300,1193805460,106288065,1301432825
2019-05-02,2270,2360,2255,2345,681616,3.303964757709251,0,-200,-69576,69776,0,0,0,585211,96405,681616,0,200,654787,26629,681616,0,-471000,-161372435,161843435,0,0,0,1361734260,223776900,1585511160,0,471000,1523106695,61933465,1585511160
2019-05-03,2345,2395,2305,2375,719126,1.279317697228145,-2323,0,15057,-12734,0,0,0,704541,14585,719126,2323,0,689484,27319,719126,-5412590,0,35650425,-30237835,0,0,0,1661027175,34214825,1695242000,5412590,0,1625376750,64452660,1695242000
2019-05-07,2280,2395,2250,2365,747471,-0.42105263157894735,0,665,-72403,71738,0,0,1000,623656,122815,747471,0,335,696059,51077,747471,0,1526100,-168457945,166931845,0,0,2310000,1455823615,286458755,1744592370,0,783900,1624281560,119526910,1744592370
2019-05-08,2310,2370,2300,2370,393924,0.21141649048625794,0,-100,-9513,9613,0,0,0,378663,15261,393924,0,100,388176,5648,393924,0,-235000,-22311625,22546625,0,0,0,886109590,35800650,921910240,0,235000,908421215,13254025,921910240
2019-05-09,2365,2365,2220,2260,517557,-4.641350210970464,0,-354,-6497,6851,0,0,0,472121,45436,517557,0,354,478618,38585,517557,0,-808890,-15177100,15985990,0,0,0,1080834415,104274690,1185109105,0,808890,1096011515,88288700,1185109105
2019-05-10,2240,2300,2155,2210,463528,-2.2123893805309733,0,0,-44239,44239,0,0,0,371332,92196,463528,0,0,415571,47957,463528,0,0,-99103350,99103350,0,0,0,827211900,206301615,1033513515,0,0,926315250,107198265,1033513515
2019-05-13,2195,2210,2100,2115,387785,-4.298642533936651,0,0,-90740,90740,0,0,0,280657,107128,387785,0,0,371397,16388,387785,0,0,-196244135,196244135,0,0,0,602009020,231659150,833668170,0,0,798253155,35415015,833668170
2019-05-14,2070,2115,2035,2060,287302,-2.6004728132387704,0,200,-76704,76504,0,0,200,191656,95446,287302,0,0,268360,18942,287302,0,408000,-158405520,157997520,0,0,408000,397714435,197386130,595508565,0,0,556119955,39388610,595508565
2019-05-15,2085,2125,2060,2115,231491,2.669902912621359,0,0,-6519,6519,0,0,0,199815,31676,231491,0,0,206334,25157,231491,0,0,-13329420,13329420,0,0,0,418994395,66066765,485061160,0,0,432323815,52737345,485061160
2019-05-16,2090,2115,2015,2055,249874,-2.8368794326241136,0,0,23681,-23681,0,0,0,225767,24107,249874,0,0,202086,47788,249874,0,0,49376655,-49376655,0,0,0,464211245,49612705,513823950,0,0,414834590,98989360,513823950
2019-05-17,2050,2080,1985,2000,255458,-2.67639902676399,0,0,-6534,6534,0,0,0,228471,26987,255458,0,0,235005,20453,255458,0,0,-12848245,12848245,0,0,0,461083045,54447675,515530720,0,0,473931290,41599430,515530720
2019-05-20,1985,2030,1880,1880,573275,-6.0,0,0,-70928,70928,0,0,0,472441,100834,573275,0,0,543369,29906,573275,0,0,-136385950,136385950,0,0,0,908098500,194323525,1102422025,0,0,1044484450,57937575,1102422025
2019-05-21,1850,1915,1815,1895,663482,0.7978723404255319,0,0,-136630,136630,0,0,0,495572,167910,663482,0,0,632202,31280,663482,0,0,-252373630,252373630,0,0,0,926024795,310778750,1236803545,0,0,1178398425,58405120,1236803545
2019-05-22,1895,1920,1850,1860,353044,-1.8469656992084433,0,0,-10142,10142,0,0,0,303810,49234,353044,0,0,313952,39092,353044,0,0,-18436860,18436860,0,0,0,566950450,91942375,658892825,0,0,585387310,73505515,658892825
2019-05-23,1850,1880,1730,1745,712704,-6.182795698924731,0,0,-24275,24275,0,0,0,651743,60961,712704,0,0,676018,36686,712704,0,0,-41385900,41385900,0,0,0,1153930315,107175670,1261105985,0,0,1195316215,65789770,1261105985
2019-05-24,1730,1730,1655,1695,534014,-2.865329512893983,0,0,-110195,110195,0,0,0,401673,132341,534014,0,0,511868,22146,534014,0,0,-185480615,185480615,0,0,0,679161300,223015640,902176940,0,0,864641915,37535025,902176940
2019-05-27,1690,1775,1675,1770,516037,4.424778761061947,0,0,-32360,32360,0,0,0,440725,75312,516037,0,0,473085,42952,516037,0,0,-55066585,55066585,0,0,0,766799605,129663530,896463135,0,0,821866190,74596945,896463135
2019-05-28,1770,1790,1725,1770,202757,0.0,0,0,12579,-12579,0,0,0,189710,13047,202757,0,0,177131,25626,202757,0,0,22364825,-22364825,0,0,0,334610905,22886185,357497090,0,0,312246080,45251010,357497090
2019-05-29,1770,1770,1705,1705,248965,-3.672316384180791,0,0,26568,-26568,0,0,0,233653,15312,248965,0,0,207085,41880,248965,0,0,46230870,-46230870,0,0,0,403076665,26356435,429433100,0,0,356845795,72587305,429433100
2019-05-30,1670,1730,1660,1715,251360,0.5865102639296188,0,0,-38858,38858,0,0,0,198931,52429,251360,0,0,237789,13571,251360,0,0,-65511920,65511920,0,0,0,335686590,88520350,424206940,0,0,401198510,23008430,424206940
2019-05-31,1745,1760,1685,1735,137061,1.1661807580174928,0,0,-27563,27563,0,0,0,96434,40627,137061,0,0,123997,13064,137061,0,0,-47310895,47310895,0,0,0,166482775,69866990,236349765,0,0,213793670,22556095,236349765
2019-06-03,1725,1735,1680,1725,149642,-0.5763688760806917,0,0,2065,-2065,0,0,0,125385,24257,149642,0,0,123320,26322,149642,0,0,3664350,-3664350,0,0,0,214214240,41275860,255490100,0,0,210549890,44940210,255490100
2019-06-04,1725,1770,1705,1760,291921,2.0289855072463765,0,0,-1428,1428,0,0,0,269557,22364,291921,0,0,270985,20936,291921,0,0,-2378170,2378170,0,0,0,470046555,38727450,508774005,0,0,472424725,36349280,508774005
2019-06-05,1785,1815,1750,1810,329967,2.840909090909091,0,0,-45016,45016,0,0,0,279577,50390,329967,0,0,324593,5374,329967,0,0,-80567195,80567195,0,0,0,500393590,90139535,590533125,0,0,580960785,9572340,590533125
2019-06-07,1810,1835,1795,1810,418444,0.0,0,0,-50330,50330,0,0,0,339657,78787,418444,0,0,389987,28457,418444,0,0,-91595315,91595315,0,0,0,617295125,143223510,760518635,0,0,708890440,51628195,760518635
2019-06-10,1810,1825,1780,1800,149103,-0.5524861878453038,0,0,-13771,13771,0,0,0,127329,21774,149103,0,0,141100,8003,149103,0,0,-24763200,24763200,0,0,0,228868070,39169835,268037905,0,0,253631270,14406635,268037905
2019-06-11,1810,1895,1810,1845,513200,2.5,0,0,-49308,49308,0,0,0,439206,73994,513200,0,0,488514,24686,513200,0,0,-90747760,90747760,0,0,0,811144135,136354270,947498405,0,0,901891895,45606510,947498405
2019-06-12,1835,1890,1830,1850,217263,0.27100271002710025,0,0,-43243,43243,0,0,0,163872,53391,217263,0,0,207115,10148,217263,0,0,-80102765,80102765,0,0,0,303328710,99020625,402349335,0,0,383431475,18917860,402349335
2019-06-13,1850,1875,1815,1830,227525,-1.0810810810810811,0,600,-62203,61603,0,0,600,158369,68556,227525,0,0,220572,6953,227525,0,1110000,-114575575,113465575,0,0,1110000,291214070,126266005,418590075,0,0,405789645,12800430,418590075
2019-06-14,1835,1850,1825,1825,259626,-0.273224043715847,0,0,-51924,51924,0,0,0,204572,55054,259626,0,0,256496,3130,259626,0,0,-95477895,95477895,0,0,0,375739190,101227045,476966235,0,0,471217085,5749150,476966235
2019-06-17,1825,1845,1815,1830,103881,0.273972602739726,0,0,-16880,16880,0,0,0,85498,18383,103881,0,0,102378,1503,103881,0,0,-30845210,30845210,0,0,0,156166990,33594950,189761940,0,0,187012200,2749740,189761940
2019-06-18,1830,1895,1830,1870,256936,2.185792349726776,-3,-14,-24661,24678,0,0,0,231247,25689,256936,3,14,255908,1011,256936,-5620,-26215,-45974490,46006325,0,0,0,430212590,47891355,478103945,5620,26215,476187080,1885030,478103945
2019-06-19,1880,2025,1870,1910,1173542,2.13903743315508,-27,2609,130791,-133373,0,0,2752,1149377,21413,1173542,27,143,1018586,154786,1173542,-53375,5006755,253920875,-258874255,0,0,5289860,2211870150,40814930,2257974940,53375,283105,1957949275,299689185,2257974940
2019-06-20,1905,1925,1890,1900,162628,-0.5235602094240838,0,-801,-4214,5015,0,0,0,154526,8102,162628,0,801,158740,3087,162628,0,-1533915,-8002555,9536470,0,0,0,294892375,15427910,310320285,0,1533915,302894930,5891440,310320285
2019-06-21,1925,1970,1865,1865,148767,-1.8421052631578945,0,0,-1162,1162,0,0,0,145142,3625,148767,0,0,146304,2463,148767,0,0,-2149655,2149655,0,0,0,274697315,6866625,281563940,0,0,276846970,4716970,281563940
2019-06-24,1835,1870,1815,1815,189861,-2.680965147453083,0,0,-9849,9849,0,0,0,178720,11141,189861,0,0,188569,1292,189861,0,0,-18078075,18078075,0,0,0,326841455,20454010,347295465,0,0,344919530,2375935,347295465
2019-06-25,1815,1835,1800,1815,180580,0.0,0,0,-13786,13786,0,0,0,161976,18604,180580,0,0,175762,4818,180580,0,0,-25088705,25088705,0,0,0,294276335,33837850,328114185,0,0,319365040,8749145,328114185
2019-06-26,1805,1850,1780,1815,219180,0.0,0,0,-29188,29188,0,0,0,181834,37346,219180,0,0,211022,8158,219180,0,0,-52636160,52636160,0,0,0,329630570,67463580,397094150,0,0,382266730,14827420,397094150
2019-06-27,1850,1850,1780,1810,118848,-0.27548209366391185,0,0,-7366,7366,0,0,0,107020,11828,118848,0,0,114386,4462,118848,0,0,-13322180,13322180,0,0,0,193245755,21383375,214629130,0,0,206567935,8061195,214629130
2019-06-28,1810,1825,1770,1800,87046,-0.5524861878453038,0,-2600,-3060,5660,0,0,0,70057,16989,87046,0,2600,73117,11329,87046,0,-4636280,-5532505,10168785,0,0,0,125410440,30472040,155882480,0,4636280,130942945,20303255,155882480
2019-07-01,1815,1890,1815,1875,432171,4.166666666666666,-1,5537,-87970,82434,0,0,6000,322531,103640,432171,1,463,410501,21206,432171,-1865,10425915,-163592955,153168905,0,0,11294020,600513025,192896460,804703505,1865,868105,764105980,39727555,804703505
2019-07-02,1905,1940,1855,1885,351225,0.5333333333333333,0,0,1051,-1051,0,0,0,321439,29786,351225,0,0,320388,30837,351225,0,0,2472265,-2472265,0,0,0,608024885,56015430,664040315,0,0,605552620,58487695,664040315
2019-07-03,1870,1885,1835,1850,158875,-1.8567639257294428,-1,-4,-11136,11141,0,0,0,128822,30053,158875,1,4,139958,18912,158875,-1850,-7400,-20531675,20540925,0,0,0,238472450,55586765,294059215,1850,7400,259004125,35045840,294059215
2019-07-04,1855,1875,1785,1785,168157,-3.5135135135135136,0,-5400,19027,-13627,0,0,0,165450,2707,168157,0,5400,146423,16334,168157,0,-9720000,34603295,-24883295,0,0,0,299501925,4904880,304406805,0,9720000,264898630,29788175,304406805
2019-07-05,1785,1830,1775,1815,80171,1.680672268907563,0,0,-4010,4010,0,0,0,71556,8615,80171,0,0,75566,4605,80171,0,0,-7253130,7253130,0,0,0,129114185,15581310,144695495,0,0,136367315,8328180,144695495
2019-07-08,1825,1850,1685,1705,259886,-6.0606060606060606,0,-600,-13860,14460,0,0,0,217760,42126,259886,0,600,231620,27666,259886,0,-1062000,-23712825,24774825,0,0,0,378094810,73137935,451232745,0,1062000,401807635,48363110,451232745
2019-07-09,1695,1735,1650,1650,228500,-3.225806451612903,0,0,40957,-40957,0,0,0,215815,12685,228500,0,0,174858,53642,228500,0,0,69116030,-69116030,0,0,0,363872935,21448700,385321635,0,0,294756905,90564730,385321635
2019-07-10,1620,1665,1615,1615,328930,-2.1212121212121215,-1,-4,-1894,1899,0,0,0,292449,36481,328930,1,4,294343,34582,328930,-1655,-6620,-3127430,3135705,0,0,0,477191520,59716995,536908515,1655,6620,480318950,56581290,536908515
2019-07-11,1640,1665,1615,1635,125711,1.238390092879257,-4,-8564,1434,7134,0,0,0,105408,20303,125711,4,8564,103974,13169,125711,-6580,-14087790,2535005,11559365,0,0,0,173218245,33343675,206561920,6580,14087790,170683240,21784310,206561920
2019-07-12,1685,1690,1640,1670,129204,2.1406727828746175,0,0,-4994,4994,0,0,0,101668,27536,129204,0,0,106662,22542,129204,0,0,-8408775,8408775,0,0,0,170604365,46247085,216851450,0,0,179013140,37838310,216851450
2019-07-15,1655,1715,1645,1695,177297,1.4970059880239521,0,0,12965,-12965,0,0,0,133002,44295,177297,0,0,120037,57260,177297,0,0,21852395,-21852395,0,0,0,224184160,74716400,298900560,0,0,202331765,96568795,298900560
2019-07-16,1705,1705,1655,1680,165858,-0.8849557522123894,0,0,-9376,9376,0,0,0,117933,47925,165858,0,0,127309,38549,165858,0,0,-15748170,15748170,0,0,0,198275670,80657865,278933535,0,0,214023840,64909695,278933535
2019-07-17,1710,1725,1640,1645,117623,-2.083333333333333,0,0,12938,-12938,0,0,0,91106,26517,117623,0,0,78168,39455,117623,0,0,21661355,-21661355,0,0,0,152050530,44559095,196609625,0,0,130389175,66220450,196609625
2019-07-18,1630,1760,1630,1695,332993,3.0395136778115504,0,0,8804,-8804,0,0,0,288795,44198,332993,0,0,279991,53002,332993,0,0,15407820,-15407820,0,0,0,490823280,74580635,565403915,0,0,475415460,89988455,565403915
2019-07-19,1670,1715,1670,1685,75442,-0.5899705014749262,0,0,11365,-11365,0,0,0,71729,3713,75442,0,0,60364,15078,75442,0,0,19238645,-19238645,0,0,0,121097245,6278500,127375745,0,0,101858600,25517145,127375745
2019-07-22,1670,1715,1600,1625,223690,-3.5608308605341246,0,0,11699,-11699,0,0,0,203979,19711,223690,0,0,192280,31410,223690,0,0,19699730,-19699730,0,0,0,333312600,32333325,365645925,0,0,313612870,52033055,365645925
2019-07-23,1620,1655,1570,1585,233524,-2.4615384615384617,0,0,11235,-11235,0,0,0,211319,22205,233524,0,0,200084,33440,233524,0,0,17689475,-17689475,0,0,0,338352240,35951840,374304080,0,0,320662765,53641315,374304080
2019-07-24,1565,1620,1555,1565,138817,-1.2618296529968454,0,0,9630,-9630,0,0,0,126960,11857,138817,0,0,117330,21487,138817,0,0,15413800,-15413800,0,0,0,200119470,18675320,218794790,0,0,184705670,34089120,218794790
2019-07-25,1565,1585,1445,1475,342829,-5.7507987220447285,0,0,-12900,12900,0,0,0,311535,31294,342829,0,0,324435,18394,342829,0,0,-18380040,18380040,0,0,0,463441410,46302330,509743740,0,0,481821450,27922290,509743740
2019-07-26,1460,1540,1445,1505,136109,2.0338983050847457,0,0,-16484,16484,0,0,0,98246,37863,136109,0,0,114730,21379,136109,0,0,-24331230,24331230,0,0,0,145530720,55939660,201470380,0,0,169861950,31608430,201470380
2019-07-29,1490,1535,1380,1380,277007,-8.305647840531561,0,0,26656,-26656,0,0,0,250872,26135,277007,0,0,224216,52791,277007,0,0,38787650,-38787650,0,0,0,356360435,37432075,393792510,0,0,317572785,76219725,393792510
2019-07-30,1340,1430,1340,1425,204961,3.260869565217391,0,0,-89886,89886,0,0,0,107147,97814,204961,0,0,197033,7928,204961,0,0,-126318575,126318575,0,0,0,150241580,137505730,287747310,0,0,276560155,11187155,287747310
2019-07-31,1405,1465,1395,1445,137357,1.4035087719298245,1,0,-15124,15123,0,1,0,93002,44354,137357,0,0,108126,29231,137357,1445,0,-21617095,21615650,0,1445,0,133624360,63792605,197418410,0,0,155241455,42176955,197418410
2019-08-01,1420,1465,1405,1410,108954,-2.422145328719723,0,0,4497,-4497,0,0,0,95674,13280,108954,0,0,91177,17777,108954,0,0,6501330,-6501330,0,0,0,136245085,18927420,155172505,0,0,129743755,25428750,155172505
2019-08-02,1390,1415,1370,1405,81002,-0.3546099290780142,0,0,2675,-2675,0,0,0,64129,16873,81002,0,0,61454,19548,81002,0,0,3620120,-3620120,0,0,0,89050680,23504380,112555060,0,0,85430560,27124500,112555060
2019-08-05,1380,1410,1220,1220,319004,-13.167259786476867,0,0,-7673,7673,0,0,0,260074,58930,319004,0,0,267747,51257,319004,0,0,-7639490,7639490,0,0,0,338922705,75302375,414225080,0,0,346562195,67662885,414225080
2019-08-06,1190,1280,1135,1165,380869,-4.508196721311475,0,0,-112331,112331,0,0,0,184644,196225,380869,0,0,296975,83894,380869,0,0,-136807555,136807555,0,0,0,225362640,240101930,465464570,0,0,362170195,103294375,465464570
2019-08-07,1155,1260,1155,1185,144648,1.7167381974248928,0,0,-28471,28471,0,0,0,94595,50053,144648,0,0,123066,21582,144648,0,0,-33729775,33729775,0,0,0,112600755,59765735,172366490,0,0,146330530,26035960,172366490
2019-08-08,1200,1455,1200,1300,885235,9.70464135021097,0,0,33230,-33230,0,0,0,760744,124491,885235,0,0,727514,157721,885235,0,0,50349570,-50349570,0,0,0,1023516730,163019400,1186536130,0,0,973167160,213368970,1186536130
2019-08-09,1305,1325,1270,1275,142744,-1.9230769230769231,0,0,9853,-9853,0,0,0,129556,13188,142744,0,0,119703,23041,142744,0,0,12651020,-12651020,0,0,0,166739735,16939105,183678840,0,0,154088715,29590125,183678840
2019-08-12,1255,1655,1255,1570,6089312,23.137254901960784,0,0,212777,-212777,0,0,0,5824938,264374,6089312,0,0,5612161,477151,6089312,0,0,330898525,-330898525,0,0,0,9172897175,410361280,9583258455,0,0,8841998650,741259805,9583258455
2019-08-13,1540,1570,1480,1555,1583290,-0.9554140127388535,0,587,97194,-97781,0,0,587,1499060,83643,1583290,0,0,1401866,181424,1583290,0,898110,147374670,-148272780,0,0,898110,2283836930,127033310,2411768350,0,0,2136462260,275306090,2411768350
2019-08-14,1630,1790,1520,1520,4017008,-2.2508038585209005,0,-567,185083,-184516,0,0,746,3891084,125178,4017008,0,1313,3706001,309694,4017008,0,-933135,306864455,-305931320,0,0,1217830,6490819080,206195910,6698232820,0,2150965,6183954625,512127230,6698232820
2019-08-16,1490,1520,1430,1430,471470,-5.921052631578947,0,0,40028,-40028,0,0,0,401714,69756,471470,0,0,361686,109784,471470,0,0,58879000,-58879000,0,0,0,587276340,101846360,689122700,0,0,528397340,160725360,689122700
2019-08-19,1475,1535,1450,1460,524736,2.097902097902098,0,0,60864,-60864,0,0,0,482520,42216,524736,0,0,421656,103080,524736,0,0,90031035,-90031035,0,0,0,713103890,62095375,775199265,0,0,623072855,152126410,775199265
2019-08-20,1460,1490,1455,1465,195320,0.3424657534246575,0,0,-6230,6230,0,0,0,152538,42782,195320,0,0,158768,36552,195320,0,0,-9116285,9116285,0,0,0,224040785,62846870,286887655,0,0,233157070,53730585,286887655
2019-08-21,1475,1475,1435,1450,235012,-1.023890784982935,-6137,0,8373,-2236,0,0,0,190225,44787,235012,6137,0,181852,47023,235012,-8927665,0,12216935,-3289270,0,0,0,275118460,64733500,339851960,8927665,0,262901525,68022770,339851960
2019-08-22,1445,1490,1430,1445,254915,-0.3448275862068966,0,0,3093,-3093,0,0,0,200108,54807,254915,0,0,197015,57900,254915,0,0,4404935,-4404935,0,0,0,290967410,79597730,370565140,0,0,286562475,84002665,370565140
2019-08-23,1445,1520,1445,1495,255994,3.4602076124567476,0,0,27891,-27891,0,0,0,230038,25956,255994,0,0,202147,53847,255994,0,0,41442655,-41442655,0,0,0,341571290,38288550,379859840,0,0,300128635,79731205,379859840
2019-08-26,1445,1475,1380,1390,210385,-7.023411371237458,0,0,-84,84,0,0,0,192823,17562,210385,0,0,192907,17478,210385,0,0,211995,-211995,0,0,0,273629595,24768980,298398575,0,0,273417600,24980975,298398575
2019-08-27,1470,1480,1390,1400,290478,0.7194244604316548,0,0,3899,-3899,0,0,0,264431,26047,290478,0,0,260532,29946,290478,0,0,6804445,-6804445,0,0,0,376650535,36523770,413174305,0,0,369846090,43328215,413174305
2019-08-28,1400,1420,1390,1415,96571,1.0714285714285714,0,0,-8418,8418,0,0,0,80574,15997,96571,0,0,88992,7579,96571,0,0,-11712545,11712545,0,0,0,113284380,22412915,135697295,0,0,124996925,10700370,135697295
2019-08-29,1435,1440,1400,1405,50076,-0.7067137809187279,0,0,-2988,2988,0,0,0,39633,10443,50076,0,0,42621,7455,50076,0,0,-4287325,4287325,0,0,0,56126415,14813880,70940295,0,0,60413740,10526555,70940295
2019-08-30,1460,1825,1450,1680,14223080,19.572953736654807,0,5173,-29486,24313,0,246680,11211,13301748,663441,14223080,246680,6038,13331234,639128,14223080,1503910,8592075,-71458475,61362490,0,450191000,19521275,23466786550,1168565480,25105064305,448687090,10929200,23538245025,1107202990,25105064305
2019-09-02,1715,2045,1665,1915,17904358,13.988095238095239,0,-5191,-132787,137978,0,0,177,16948089,956092,17904358,0,5368,17080876,818114,17904358,0,-8878365,-231332135,240210500,0,0,310765,32193910950,1799196865,33993418580,0,9189130,32425243085,1558986365,33993418580
2019-09-03,1905,2020,1850,1865,6161199,-2.610966057441253,0,65,-14317,14252,0,0,100,5927703,233396,6161199,0,35,5942020,219144,6161199,0,124005,-28064035,27940030,0,0,190155,11354878155,447717665,11802785975,0,66150,11382942190,419777635,11802785975
2019-09-04,1860,1895,1825,1880,2566085,0.8042895442359249,15154,0,1446,-16600,0,15154,0,2479420,71511,2566085,0,0,2477974,88111,2566085,29247220,0,2612145,-31859365,0,29247220,0,4644099075,133253175,4806599470,0,0,4641486930,165112540,4806599470
2019-09-05,1920,2220,1890,1940,23398958,3.1914893617021276,-15154,3933,-97405,108626,0,0,33222,22776605,589131,23398958,15154,29289,22874010,480505,23398958,-29777610,12344860,-206658700,224091450,0,0,68534850,47466850190,1227320570,48762705610,29777610,56189990,47673508890,1003229120,48762705610
2019-09-06,1955,1970,1840,1860,2363812,-4.123711340206185,-95,-323,38621,-38203,0,0,139,2318846,44827,2363812,95,462,2280225,83030,2363812,-183825,-633370,74952765,-74135570,0,0,260600,4417167100,85393865,4502821565,183825,893970,4342214335,159529435,4502821565
2019-09-09,1855,2220,1810,1905,14528156,2.4193548387096775,0,115,25952,-26067,0,0,7272,13976620,544264,14528156,0,7157,13950668,570331,14528156,0,2130,64521850,-64523980,0,0,14197975,28422454375,1091934375,29528586725,0,14195845,28357932525,1156458355,29528586725
2019-09-10,1895,2150,1880,2025,12587026,6.299212598425196,0,-4254,136787,-132533,0,0,937,12254924,331165,12587026,0,5191,12118137,463698,12587026,0,-8881740,273880045,-264998305,0,0,1856150,24981086475,668457385,25651400010,0,10737890,24707206430,933455690,25651400010
2019-09-11,2015,2120,1980,2000,3960645,-1.2345679012345678,0,0,11193,-11193,0,0,0,3818505,142140,3960645,0,0,3807312,153333,3960645,0,0,23984250,-23984250,0,0,0,7777837330,288327530,8066164860,0,0,7753853080,312311780,8066164860
2019-09-16,2020,2085,1990,2000,2157351,0.0,0,10677,25020,-35697,0,0,10989,2082136,64226,2157351,0,312,2057116,99923,2157351,0,21466010,51616795,-73082805,0,0,22087390,4229720635,130126610,4381934635,0,621380,4178103840,203209415,4381934635
2019-09-17,2030,2030,1910,1970,2363045,-1.5,0,0,54787,-54787,0,0,0,2280306,82739,2363045,0,0,2225519,137526,2363045,0,0,108086815,-108086815,0,0,0,4477950245,162205630,4640155875,0,0,4369863430,270292445,4640155875
2019-09-18,1950,1985,1905,1980,1605913,0.5076142131979695,-49343,-10677,94512,-34492,0,0,0,1542257,63656,1605913,49343,10677,1447745,98148,1605913,-95848895,-20630015,184339005,-67860095,0,0,0,2997355695,123405810,3120761505,95848895,20630015,2813016690,191265905,3120761505
2019-09-19,1935,2030,1915,2030,2046117,2.525252525252525,4500,3500,7056,-15056,0,4500,4500,2015491,21626,2046117,0,1000,2008435,36682,2046117,9495000,6737500,13427455,-29659955,0,9495000,8707500,4094629460,42210145,4155042105,0,1970000,4081202005,71870100,4155042105
2019-09-20,2105,2295,1985,1985,14332567,-2.2167487684729066,-4500,-3500,143541,-135541,0,0,22,14074609,257936,14332567,4500,3522,13931068,393477,14332567,-9675000,-7818460,316126315,-298632855,0,0,49720,30456277545,563242800,31019570065,9675000,7868180,30140151230,861875655,31019570065
2019-09-23,1945,1950,1880,1910,1523274,-3.7783375314861463,0,0,-39310,39310,0,0,0,1412459,110815,1523274,0,0,1451769,71505,1523274,0,0,-73916025,73916025,0,0,0,2696698200,210660945,2907359145,0,0,2770614225,136744920,2907359145
2019-09-24,1920,2055,1915,1970,3231937,3.1413612565445024,0,0,50432,-50432,0,0,0,3136166,95771,3231937,0,0,3085734,146203,3231937,0,0,102886505,-102886505,0,0,0,6238847075,188756025,6427603100,0,0,6135960570,291642530,6427603100
2019-09-25,1950,1995,1890,1900,1205513,-3.5532994923857872,0,0,27983,-27983,0,0,0,1154072,51441,1205513,0,0,1126089,79424,1205513,0,0,54496070,-54496070,0,0,0,2236855380,99742255,2336597635,0,0,2182359310,154238325,2336597635
2019-09-26,1965,1980,1900,1905,1124262,0.2631578947368421,0,0,7178,-7178,0,0,0,1065212,59050,1124262,0,0,1058034,66228,1124262,0,0,14060410,-14060410,0,0,0,2066478005,114202100,2180680105,0,0,2052417595,128262510,2180680105
2019-09-27,1940,2130,1935,2025,10942732,6.299212598425196,0,2000,30582,-32582,0,0,2500,10838784,101448,10942732,0,500,10808202,134030,10942732,0,4084905,65056460,-69141365,0,0,5124905,22258228980,206131130,22469485015,0,1040000,22193172520,275272495,22469485015
2019-09-30,2000,2015,1925,1950,1416587,-3.7037037037037033,32292,-2000,42178,-72470,0,32292,1000,1315981,67314,1416587,0,3000,1273803,139784,1416587,63537340,-3930000,82623210,-142230550,0,63537340,1995000,2586361080,131814335,2783707755,0,5925000,2503737870,274044885,2783707755
2019-10-01,1975,2080,1960,2065,3746376,5.897435897435897,0,900,39487,-40387,0,0,900,3649948,95528,3746376,0,0,3610461,135915,3746376,0,1831000,79856990,-81687990,0,0,1831000,7439111260,194249585,7635191845,0,0,7359254270,275937575,7635191845
2019-10-02,2025,2035,1970,1975,1419313,-4.358353510895883,0,100,54021,-54121,0,0,600,1357945,60768,1419313,0,500,1303924,114889,1419313,0,198735,107408595,-107607330,0,0,1207000,2709609920,121509210,2832326130,0,1008265,2602201325,229116540,2832326130
2019-10-04,1950,2115,1900,2050,7236597,3.79746835443038,0,0,201171,-201171,0,0,5500,6971051,260046,7236597,0,5500,6769880,461217,7236597,0,-330000,411995260,-411665260,0,0,11137500,14221991700,526035420,14759164620,0,11467500,13809996440,937700680,14759164620
2019-10-07,2110,2215,2050,2050,7030966,0.0,-32292,-1000,60829,-27537,0,0,1000,6846455,183511,7030966,32292,2000,6785626,211048,7030966,-67589175,-2197500,129318470,-59531795,0,0,2090000,14549909395,389446280,14941445675,67589175,4287500,14420590925,448978075,14941445675
2019-10-08,2010,2065,1975,2020,1524160,-1.4634146341463417,0,0,16945,-16945,0,0,0,1442086,82074,1524160,0,0,1425141,99019,1524160,0,0,33684010,-33684010,0,0,0,2902236985,164644015,3066881000,0,0,2868552975,198328025,3066881000
2019-10-10,1995,2020,1925,1940,1454458,-3.9603960396039604,0,0,-26348,26348,0,0,0,1329880,124578,1454458,0,0,1356228,98230,1454458,0,0,-50093585,50093585,0,0,0,2617085200,244921630,2862006830,0,0,2667178785,194828045,2862006830
2019-10-11,2060,2215,2000,2020,11482129,4.123711340206185,0,0,-85704,85704,0,0,0,10973377,508752,11482129,0,0,11059081,423048,11482129,0,0,-171907895,171907895,0,0,0,22962884250,1059328100,24022212350,0,0,23134792145,887420205,24022212350
2019-10-14,2075,2185,1950,1970,6568412,-2.4752475247524752,0,2627,-87528,84901,0,0,2627,6286378,279407,6568412,0,0,6373906,194506,6568412,0,5391615,-178682465,173290850,0,0,5391615,13150866825,579271150,13735529590,0,0,13329549290,405980300,13735529590
2019-10-15,1970,1985,1925,1950,1462694,-1.015228426395939,0,0,-29210,29210,0,0,0,1390313,72381,1462694,0,0,1419523,43171,1462694,0,0,-56234795,56234795,0,0,0,2707134520,140917725,2848052245,0,0,2763369315,84682930,2848052245
2019-10-16,1940,1960,1920,1930,789419,-1.0256410256410255,0,2277,-34166,31889,0,0,2277,746993,40149,789419,0,0,781159,8260,789419,0,4422495,-66109255,61686760,0,0,4422495,1444274980,77719715,1526417190,0,0,1510384235,16032955,1526417190
2019-10-17,1930,1945,1905,1910,700835,-1.0362694300518136,0,-2904,63103,-60199,0,0,0,683654,17181,700835,0,2904,620551,77380,700835,0,-5546640,120864120,-115317480,0,0,0,1310744375,33028355,1343772730,0,5546640,1189880255,148345835,1343772730
2019-10-18,1905,1935,1845,1860,846832,-2.6178010471204187,0,0,59456,-59456,0,0,0,816831,30001,846832,0,0,757375,89457,846832,0,0,112379795,-112379795,0,0,0,1541177660,56338820,1597516480,0,0,1428797865,168718615,1597516480
2019-10-21,1840,1850,1720,1740,1173898,-6.451612903225806,-10214,0,-84861,95075,0,0,0,1042523,131375,1173898,10214,0,1127384,36300,1173898,-17840545,0,-148515675,166356220,0,0,0,1832381815,230654345,2063036160,17840545,0,1980897490,64298125,2063036160
2019-10-22,1790,1795,1740,1750,610224,0.5747126436781609,0,2590,6894,-9484,0,0,2590,552623,55011,610224,0,0,545729,64495,610224,0,4558400,12311970,-16870370,0,0,4558400,970478800,96811945,1071849145,0,0,958166830,113682315,1071849145
2019-10-23,1720,1765,1690,1705,596774,-2.571428571428571,-17500,0,-3110,20610,0,0,0,500684,96090,596774,17500,0,503794,75480,596774,-29894320,0,-5820230,35714550,0,0,0,860896115,165170835,1026066950,29894320,0,866716345,129456285,1026066950
2019-10-24,1675,1705,1640,1700,598513,-0.2932551319648094,0,0,-84753,84753,0,0,0,464833,133680,598513,0,0,549586,48927,598513,0,0,-141586230,141586230,0,0,0,776510300,223606830,1000117130,0,0,918096530,82020600,1000117130
2019-10-25,1700,1705,1640,1645,408730,-3.2352941176470593,0,-2590,-8915,11505,0,0,0,350792,57938,408730,0,2590,359707,46433,408730,0,-4273500,-14724850,18998350,0,0,0,580260055,96048405,676308460,0,4273500,594984905,77050055,676308460
2019-10-28,1660,1710,1660,1685,409394,2.43161094224924,0,0,-9261,9261,0,0,0,357523,51871,409394,0,0,366784,42610,409394,0,0,-15747925,15747925,0,0,0,604659115,87840145,692499260,0,0,620407040,72092220,692499260
2019-10-29,1700,1735,1675,1690,353690,0.2967359050445104,0,0,-8552,8552,0,0,0,310534,43156,353690,0,0,319086,34604,353690,0,0,-14109955,14109955,0,0,0,528687245,73515585,602202830,0,0,542797200,59405630,602202830
2019-10-30,1680,1770,1670,1730,496754,2.366863905325444,0,0,-46588,46588,0,0,0,428910,67844,496754,0,0,475498,21256,496754,0,0,-79726320,79726320,0,0,0,739556740,116008880,855565620,0,0,819283060,36282560,855565620
2019-10-31,1730,1900,1720,1755,1519688,1.4450867052023122,0,0,43898,-43898,0,0,44,1425918,93726,1519688,0,44,1382020,137624,1519688,0,1260,81575860,-81577120,0,0,79400,2548387165,164536870,2713003435,0,78140,2466811305,246113990,2713003435
2019-11-01,1765,1765,1720,1740,308318,-0.8547008547008548,-1,0,-29683,29684,0,0,0,271475,36843,308318,1,0,301158,7159,308318,-1765,0,-51615130,51616895,0,0,0,471746215,64074285,535820500,1765,0,523361345,12457390,535820500
2019-11-04,1785,1810,1745,1805,634367,3.7356321839080464,0,0,-61430,61430,0,0,0,547129,87238,634367,0,0,608559,25808,634367,0,0,-108640380,108640380,0,0,0,974024155,154612995,1128637150,0,0,1082664535,45972615,1128637150
2019-11-05,1815,2085,1805,1990,12056989,10.249307479224377,27714,-2000,-73675,47961,0,27714,0,11480344,548931,12056989,0,2000,11554019,500970,12056989,54609460,-3780000,-143308220,92478760,0,54609460,0,22630002550,1069138915,23753750925,0,3780000,22773310770,976660155,23753750925
2019-11-06,1990,2035,1915,1945,2111248,-2.261306532663317,0,0,-82639,82639,0,0,0,1905150,206098,2111248,0,0,1987789,123459,2111248,0,0,-158550225,158550225,0,0,0,3737030900,402376700,4139407600,0,0,3895581125,243826475,4139407600
2019-11-07,1930,1940,1875,1930,1393146,-0.7712082262210797,0,0,-38980,38980,0,0,500,1281353,111293,1393146,0,500,1320333,72313,1393146,0,-2500,-73613300,73615800,0,0,1057500,2547209345,211833255,2760100100,0,1060000,2620822645,138217455,2760100100
2019-11-08,2230,2420,1950,2000,14326934,3.6269430051813467,0,0,184482,-184482,0,0,20000,14022393,284541,14326934,0,20000,13837911,469023,14326934,0,-480165,415452795,-414972630,0,0,44896300,30917359135,615862830,31578118265,0,45376465,30501906340,1030835460,31578118265
2019-11-11,2000,2150,1940,2025,4905617,1.25,0,0,-30690,30690,0,0,0,4598453,307164,4905617,0,0,4629143,276474,4905617,0,0,-55889300,55889300,0,0,0,9478969395,626130210,10105099605,0,0,9534858695,570240910,10105099605
2019-11-12,2015,2065,1985,2000,1501844,-1.2345679012345678,0,0,56021,-56021,0,0,0,1411861,89983,1501844,0,0,1355840,146004,1501844,0,0,115774205,-115774205,0,0,0,2860107965,182037600,3042145565,0,0,2744333760,297811805,3042145565
2019-11-13,2005,2020,1945,1990,868569,-0.5,0,0,-149890,149890,0,0,0,686085,182484,868569,0,0,835975,32594,868569,0,0,-297097160,297097160,0,0,0,1359800270,361956005,1721756275,0,0,1656897430,64858845,1721756275
2019-11-14,1975,2020,1915,1925,826578,-3.2663316582914574,0,0,41348,-41348,0,0,0,745960,80618,826578,0,0,704612,121966,826578,0,0,83887920,-83887920,0,0,0,1460297285,156749860,1617047145,0,0,1376409365,240637780,1617047145
2019-11-15,1925,2040,1910,1970,1632549,2.3376623376623376,0,0,-39633,39633,0,0,0,1473977,158572,1632549,0,0,1513610,118939,1632549,0,0,-73683195,73683195,0,0,0,2911493255,309408860,3220902115,0,0,2985176450,235725665,3220902115
2019-11-18,1980,2005,1925,1950,647315,-1.015228426395939,0,0,27127,-27127,0,0,0,586141,61174,647315,0,0,559014,88301,647315,0,0,53482925,-53482925,0,0,0,1145664035,120165270,1265829305,0,0,1092181110,173648195,1265829305
2019-11-19,1920,1935,1865,1875,690405,-3.8461538461538463,0,0,56,-56,0,0,0,639459,50946,690405,0,0,639403,51002,690405,0,0,89095,-89095,0,0,0,1205077110,96068715,1301145825,0,0,1204988015,96157810,1301145825
2019-11-20,1870,1905,1800,1810,615503,-3.4666666666666663,0,0,-30854,30854,0,0,0,506410,109093,615503,0,0,537264,78239,615503,0,0,-54958160,54958160,0,0,0,934714960,199673710,1134388670,0,0,989673120,144715550,1134388670
2019-11-21,1780,1815,1725,1725,463590,-4.696132596685083,0,0,-90290,90290,0,0,0,333527,130063,463590,0,0,423817,39773,463590,0,0,-158862655,158862655,0,0,0,585889680,229125445,815015125,0,0,744752335,70262790,815015125
2019-11-22,1700,1770,1700,1710,378290,-0.8695652173913043,0,0,-43927,43927,0,0,0,280590,97700,378290,0,0,324517,53773,378290,0,0,-76816600,76816600,0,0,0,484116820,169484400,653601220,0,0,560933420,92667800,653601220
2019-11-25,1725,1825,1725,1820,644639,6.432748538011696,0,0,16178,-16178,0,0,0,568418,76221,644639,0,0,552240,92399,644639,0,0,28968255,-28968255,0,0,0,1044342755,135816385,1180159140,0,0,1015374500,164784640,1180159140
2019-11-26,2000,2155,1840,1840,6979766,1.098901098901099,0,0,655099,-655099,0,7500,27960,6647386,296920,6979766,7500,27960,5992287,952019,6979766,600000,2488300,1286708010,-1289796310,0,15412500,56032660,13288380420,591065665,13950891245,14812500,53544360,12001672410,1880861975,13950891245
2019-11-27,1865,1875,1810,1835,777519,-0.2717391304347826,0,0,-57520,57520,0,0,0,665660,111859,777519,0,0,723180,54339,777519,0,0,-104995405,104995405,0,0,0,1223322025,205420030,1428742055,0,0,1328317430,100424625,1428742055
2019-11-28,1810,1825,1765,1765,653515,-3.8147138964577656,0,0,12390,-12390,0,0,0,609672,43843,653515,0,0,597282,56233,653515,0,0,21802335,-21802335,0,0,0,1095445180,78866665,1174311845,0,0,1073642845,100669000,1174311845
2019-11-29,1885,2065,1820,1920,11886395,8.78186968838527,0,1,122575,-122576,0,0,1,11403208,483186,11886395,0,0,11280633,605762,11886395,0,1910,246021175,-246023085,0,0,1910,22312466895,937662640,23250131445,0,0,22066445720,1183685725,23250131445
2019-12-02,1900,2030,1900,2020,3221050,5.208333333333334,0,0,22637,-22637,0,0,81,2987559,233410,3221050,0,81,2964922,256047,3221050,0,-785,45434160,-45433375,0,0,160815,5876426245,455347690,6331934750,0,161600,5830992085,500781065,6331934750
2019-12-03,1960,2000,1935,1975,1341038,-2.2277227722772275,0,0,-7699,7699,0,0,0,1208994,132044,1341038,0,0,1216693,124345,1341038,0,0,-14838345,14838345,0,0,0,2381001090,259735350,2640736440,0,0,2395839435,244897005,2640736440
2019-12-04,1995,2080,1880,1895,3381643,-4.050632911392405,0,1,111792,-111793,0,0,2000,3139732,239911,3381643,0,1999,3027940,351704,3381643,0,121885,229747380,-229869265,0,0,3890000,6190845925,471499205,6666235130,0,3768115,5961098545,701368470,6666235130
2019-12-05,1965,1980,1805,1830,1998935,-3.430079155672823,0,0,10369,-10369,0,0,0,1848500,150435,1998935,0,0,1838131,160804,1998935,0,0,22730940,-22730940,0,0,0,3508942295,282226595,3791168890,0,0,3486211355,304957535,3791168890
2019-12-06,1790,1960,1780,1935,2254126,5.737704918032787,0,-2,30492,-30490,0,0,0,2157046,97080,2254126,0,2,2126554,127570,2254126,0,-3620,61814195,-61810575,0,0,0,4039383095,178709465,4218092560,0,3620,3977568900,240520040,4218092560
2019-12-09,1885,1885,1830,1830,561067,-5.426356589147287,0,0,1840,-1840,0,1,0,515658,45408,561067,1,0,513818,47248,561067,50,0,3632285,-3632335,0,1935,0,953015485,84204440,1037221860,1885,0,949383200,87836775,1037221860
2019-12-10,1825,1865,1810,1830,437524,0.0,0,0,979,-979,0,0,0,400168,37356,437524,0,0,399189,38335,437524,0,0,2290695,-2290695,0,0,0,735781010,68239385,804020395,0,0,733490315,70530080,804020395
2019-12-11,1865,1885,1825,1835,400618,0.273224043715847,0,0,13761,-13761,0,0,0,365250,35368,400618,0,0,351489,49129,400618,0,0,25521420,-25521420,0,0,0,673504505,65129895,738634400,0,0,647983085,90651315,738634400
2019-12-12,1820,1910,1820,1865,546594,1.6348773841961852,0,0,-63344,63344,0,0,0,455587,91007,546594,0,0,518931,27663,546594,0,0,-116889620,116889620,0,0,0,852289515,169209875,1021499390,0,0,969179135,52320255,1021499390
2019-12-13,2085,2120,1880,1900,4378448,1.876675603217158,0,0,92917,-92917,0,0,8289,4167977,202182,4378448,0,8289,4075060,295099,4378448,0,165780,188962390,-189128170,0,0,16246440,8269386365,398895745,8684528550,0,16080660,8080423975,588023915,8684528550
2019-12-16,1920,1920,1865,1875,473889,-1.3157894736842104,0,0,-49947,49947,0,0,0,383645,90244,473889,0,0,433592,40297,473889,0,0,-93402965,93402965,0,0,0,725025045,170102495,895127540,0,0,818428010,76699530,895127540
2019-12-17,1875,1910,1830,1830,523174,-2.4,0,0,11389,-11389,0,0,0,487427,35747,523174,0,0,476038,47136,523174,0,0,21140005,-21140005,0,0,0,903509630,66517605,970027235,0,0,882369625,87657610,970027235
2019-12-18,1825,1870,1820,1845,385088,0.819672131147541,0,0,-28005,28005,0,0,0,340496,44592,385088,0,0,368501,16587,385088,0,0,-51475030,51475030,0,0,0,625825700,81922410,707748110,0,0,677300730,30447380,707748110
2019-12-19,1845,2025,1830,1945,2769091,5.420054200542006,0,0,-18462,18462,0,0,0,2593040,176051,2769091,0,0,2611502,157589,2769091,0,0,-35134215,35134215,0,0,0,5015574475,338388335,5353962810,0,0,5050708690,303254120,5353962810
2019-12-20,1930,2035,1920,2030,3494057,4.370179948586118,0,20000,-65557,45557,0,0,20000,3160627,313430,3494057,0,0,3226184,267873,3494057,0,39975000,-129659820,89684820,0,0,39975000,6283428810,620864975,6944268785,0,0,6413088630,531180155,6944268785
2019-12-23,2010,2020,1920,1935,1252147,-4.679802955665025,0,-16938,147226,-130288,0,0,3062,1188440,60645,1252147,0,20000,1041214,190933,1252147,0,-34059720,288977450,-254917730,0,0,5940280,2329832985,118659685,2454432950,0,40000000,2040855535,373577415,2454432950
2019-12-24,1930,1935,1840,1860,989870,-3.875968992248062,0,0,25893,-25893,0,0,0,907388,82482,989870,0,0,881495,108375,989870,0,0,46530050,-46530050,0,0,0,1693745015,155241630,1848986645,0,0,1647214965,201771680,1848986645
2019-12-26,1910,1945,1850,1860,900791,0.0,0,0,25622,-25622,0,0,0,847432,53359,900791,0,0,821810,78981,900791,0,0,49682580,-49682580,0,0,0,1598548365,100933690,1699482055,0,0,1548865785,150616270,1699482055
2019-12-27,1860,1890,1850,1860,411206,0.0,0,0,-15556,15556,0,0,0,369332,41874,411206,0,0,384888,26318,411206,0,0,-28979140,28979140,0,0,0,688581305,78134465,766715770,0,0,717560445,49155325,766715770
2019-12-30,1855,1875,1835,1860,424033,0.0,0,0,-28318,28318,0,0,0,364870,59163,424033,0,0,393188,30845,424033,0,0,-52990145,52990145,0,0,0,677270040,110103350,787373390,0,0,730260185,57113205,787373390
2020-01-02,1890,1950,1860,1940,1012950,4.301075268817205,0,10000,-78714,68714,0,0,13289,883506,116155,1012950,0,3289,962220,47441,1012950,0,19196515,-150954495,131757980,0,0,25506990,1689598730,222023475,1937129195,0,6310475,1840553225,90265495,1937129195
2020-01-03,1945,1960,1910,1935,675677,-0.25773195876288657,0,0,-21302,21302,0,0,0,596104,79573,675677,0,0,617406,58271,675677,0,0,-41021775,41021775,0,0,0,1151507290,153903560,1305410850,0,0,1192529065,112881785,1305410850
2020-01-06,1905,1910,1870,1900,444215,-1.8087855297157622,0,5000,-37165,32165,0,0,5000,357236,81979,444215,0,0,394401,49814,444215,0,9400000,-70370360,60970360,0,0,9400000,674676500,155203480,839279980,0,0,745046860,94233120,839279980
2020-01-07,1890,2050,1890,2015,2628632,6.052631578947368,0,-15562,-282247,297809,0,0,5500,2163104,460028,2628632,0,21062,2445351,162219,2628632,0,-30620890,-556631640,587252530,0,0,10972500,4321594520,912554390,5245121410,0,41593390,4878226160,325301860,5245121410
2020-01-08,1985,2000,1885,1920,1465349,-4.714640198511166,0,764,60259,-61023,0,0,770,1266003,198576,1465349,0,6,1205744,259599,1465349,0,1481940,114061975,-115543915,0,0,1493640,2454049600,386037950,2841581190,0,11700,2339987625,501581865,2841581190
2020-01-09,1990,2055,1970,2015,1404077,4.947916666666666,0,-24,13632,-13608,0,0,7,1264240,139830,1404077,0,31,1250608,153438,1404077,0,-48740,26733575,-26684835,0,0,14035,2537927005,281834800,2819775840,0,62775,2511193430,308519635,2819775840
2020-01-10,2020,2130,2000,2110,3189327,4.714640198511166,0,12790,-122177,109387,0,0,12820,2877100,299407,3189327,0,30,2999277,190020,3189327,0,26841150,-246843540,220002390,0,0,26903980,5989067445,616128850,6632100275,0,62830,6235910985,396126460,6632100275
2020-01-13,2110,2235,2090,2160,6373391,2.3696682464454977,0,19412,156310,-175722,0,0,32446,6019579,321366,6373391,0,13034,5863269,497088,6373391,0,41923800,336663970,-378587770,0,0,70290540,13060718180,694301825,13825310545,0,28366740,12724054210,1072889595,13825310545
2020-01-14,2210,2260,2045,2090,3261790,-3.2407407407407405,0,-7574,88599,-81025,0,0,7900,3037215,216675,3261790,0,15474,2948616,297700,3261790,0,-17700205,196528770,-178828565,0,0,16701500,6539005810,466070470,7021777780,0,34401705,6342477040,644899035,7021777780
2020-01-15,2090,2115,2030,2070,911538,-0.9569377990430622,0,8000,-87776,79776,0,0,8000,755757,147781,911538,0,0,843533,68005,911538,0,16780000,-181837350,165057350,0,0,16780000,1569641660,307052400,1893474060,0,0,1751479010,141995050,1893474060
2020-01-16,2105,2110,1995,2010,985771,-2.898550724637681,0,0,1379,-1379,0,0,0,898489,87282,985771,0,0,897110,88661,985771,0,0,5212450,-5212450,0,0,0,1827942845,176700860,2004643705,0,0,1822730395,181913310,2004643705
2020-01-17,2030,2045,2000,2020,518371,0.4975124378109453,0,0,-83323,83323,0,0,0,396248,122123,518371,0,0,479571,38800,518371,0,0,-168585450,168585450,0,0,0,799908380,246993140,1046901520,0,0,968493830,78407690,1046901520
2020-01-20,2010,2050,1985,2005,579277,-0.7425742574257426,0,4803,-12069,7266,0,0,4803,515115,59359,579277,0,0,527184,52093,579277,0,9557970,-24931490,15373520,0,0,9557970,1038313895,120210815,1168082680,0,0,1063245385,104837295,1168082680
2020-01-21,1970,2010,1945,1950,518406,-2.7431421446384037,0,8083,-11879,3796,0,0,8083,444842,65481,518406,0,0,456721,61685,518406,0,16085170,-23637395,7552225,0,0,16085170,872977005,128822205,1017884380,0,0,896614400,121269980,1017884380
2020-01-22,1930,1995,1920,1995,396011,2.307692307692308,0,9055,-56393,47338,0,0,9055,305073,81883,396011,0,0,361466,34545,396011,0,17705320,-109738555,92033235,0,0,17705320,596524580,159690705,773920605,0,0,706263135,67657470,773920605
2020-01-23,1990,1990,1930,1945,412269,-2.506265664160401,0,0,12738,-12738,0,0,0,369090,43179,412269,0,0,356352,55917,412269,0,0,25383640,-25383640,0,0,0,721073230,84412775,805486005,0,0,695689590,109796415,805486005
2020-01-28,1800,1825,1740,1755,1072445,-9.768637532133676,0,0,-161358,161358,0,0,0,824175,248270,1072445,0,0,985533,86912,1072445,0,0,-284365015,284365015,0,0,0,1460025985,439129520,1899155505,0,0,1744391000,154764505,1899155505
2020-01-29,1770,1805,1740,1760,457226,0.2849002849002849,0,-5700,-19463,25163,0,0,0,367810,89416,457226,0,5700,387273,64253,457226,0,-10089000,-34859415,44948415,0,0,0,652590070,158652770,811242840,0,10089000,687449485,113704355,811242840
2020-01-30,1745,1760,1665,1675,577646,-4.829545454545454,0,0,3138,-3138,0,0,0,484655,92991,577646,0,0,481517,96129,577646,0,0,6758210,-6758210,0,0,0,824572320,157813410,982385730,0,0,817814110,164571620,982385730
2020-01-31,1675,1720,1610,1610,507767,-3.880597014925373,50000,0,-81607,31607,0,50000,0,361952,95815,507767,0,0,443559,64208,507767,85746480,0,-138203320,52456840,0,85746480,0,603610075,160697345,850053900,0,0,741813395,108240505,850053900
2020-02-03,1545,1680,1535,1660,478626,3.1055900621118013,60000,0,-142305,82305,0,60000,0,235682,182944,478626,0,0,377987,100639,478626,93850845,0,-224325340,130474495,0,93850845,0,382663830,293365435,769880110,0,0,606989170,162890940,769880110
2020-02-04,1660,1725,1660,1710,288247,3.0120481927710845,0,-5554,-37690,43244,0,0,0,211525,76722,288247,0,5554,249215,33478,288247,0,-9525110,-64407110,73932220,0,0,0,360302730,130693930,490996660,0,9525110,424709840,56761710,490996660
2020-02-05,1720,1830,1715,1765,1333705,3.216374269005848,0,-10500,79497,-68997,0,0,0,1237081,96624,1333705,0,10500,1157584,165621,1333705,0,-18650000,143086545,-124436545,0,0,0,2213043860,171679900,2384723760,0,18650000,2069957315,296116445,2384723760
2020-02-06,1780,1790,1755,1785,420394,1.13314447592068,0,6753,-62181,55428,0,0,8753,320424,91217,420394,0,2000,382605,35789,420394,0,11899045,-110902645,99003600,0,0,15449045,567939835,162299625,745688505,0,3550000,678842480,63296025,745688505
2020-02-07,1795,1820,1755,1775,326818,-0.5602240896358543,2000,-18753,-51506,68259,0,2000,0,232519,92299,326818,0,18753,284025,24040,326818,3530000,-33099100,-92620435,122189535,0,3530000,0,414150885,164841265,582522150,0,33099100,506771320,42651730,582522150
2020-02-10,1760,1800,1760,1785,229664,0.5633802816901409,18682,5000,-42456,18774,0,18682,5000,167750,38232,229664,0,0,210206,19458,229664,32930320,8963730,-75264290,33370240,0,32930320,8963730,298378215,67880535,408152800,0,0,373642505,34510295,408152800
2020-02-11,1780,1830,1780,1810,441763,1.400560224089636,0,0,-15852,15852,0,0,0,369242,72521,441763,0,0,385094,56669,441763,0,0,-28462830,28462830,0,0,0,668195335,131149730,799345065,0,0,696658165,102686900,799345065
2020-02-12,1815,1825,1795,1815,248915,0.2762430939226519,4318,0,-92908,88590,0,4318,0,143421,101176,248915,0,0,236329,12586,248915,7750810,0,-168584175,160833365,0,7750810,0,259861400,183677625,451289835,0,0,428445575,22844260,451289835
2020-02-13,1830,1845,1790,1815,391350,0.0,0,0,-16008,16008,0,0,0,328207,63143,391350,0,0,344215,47135,391350,0,0,-29094220,29094220,0,0,0,595741270,114444175,710185445,0,0,624835490,85349955,710185445
2020-02-14,1805,1825,1800,1820,213446,0.27548209366391185,0,7000,-65791,58791,0,0,7000,139518,66928,213446,0,0,205309,8137,213446,0,12732730,-119449245,106716515,0,0,12732730,252437650,121461685,386632065,0,0,371886895,14745170,386632065
2020-02-17,1860,1870,1820,1845,340869,1.3736263736263736,0,11464,-19890,8426,0,0,11464,283697,45708,340869,0,0,303587,37282,340869,0,21113870,-36918235,15804365,0,0,21113870,523185295,84429245,628728410,0,0,560103530,68624880,628728410
2020-02-18,1845,1865,1805,1835,314406,-0.5420054200542005,10000,1400,-1990,-9410,0,10000,1400,263488,39518,314406,0,0,265478,48928,314406,18275000,2555000,-3646780,-17183220,0,18275000,2555000,482325355,72357195,575512550,0,0,485972135,89540415,575512550
2020-02-19,1835,1840,1775,1795,221023,-2.17983651226158,0,0,-4970,4970,0,0,0,164531,56492,221023,0,0,169501,51522,221023,0,0,-8881545,8881545,0,0,0,296312465,101903155,398215620,0,0,305194010,93021610,398215620
2020-02-20,1790,1815,1765,1765,154576,-1.6713091922005572,0,0,23001,-23001,0,0,0,138880,15696,154576,0,0,115879,38697,154576,0,0,40898820,-40898820,0,0,0,247842950,28218880,276061830,0,0,206944130,69117700,276061830
2020-02-21,1740,1795,1715,1740,224050,-1.41643059490085,0,0,-11820,11820,0,0,0,173736,50314,224050,0,0,185556,38494,224050,0,0,-20434690,20434690,0,0,0,305690470,88448400,394138870,0,0,326125160,68013710,394138870
2020-02-24,1675,1715,1620,1630,327942,-6.321839080459771,0,0,14176,-14176,0,0,0,273736,54206,327942,0,0,259560,68382,327942,0,0,23338550,-23338550,0,0,0,453485065,90441895,543926960,0,0,430146515,113780445,543926960
2020-02-25,1610,1680,1580,1675,244748,2.7607361963190185,0,0,-73219,73219,0,0,0,143021,101727,244748,0,0,216240,28508,244748,0,0,-120668850,120668850,0,0,0,236920830,167739770,404660600,0,0,357589680,47070920,404660600
2020-02-26,1620,1720,1620,1690,143892,0.8955223880597015,0,1500,15653,-17153,0,0,1500,119476,22916,143892,0,0,103823,40069,143892,0,2487905,26223430,-28711335,0,0,2487905,199145610,38126360,239759875,0,0,172922180,66837695,239759875
2020-02-27,1700,1715,1620,1640,156898,-2.9585798816568047,0,0,21111,-21111,0,0,0,135299,21599,156898,0,0,114188,42710,156898,0,0,34713495,-34713495,0,0,0,224038515,36177915,260216430,0,0,189325020,70891410,260216430
2020-02-28,1595,1635,1470,1490,484675,-9.146341463414634,0,0,1630,-1630,0,0,0,405075,79600,484675,0,0,403445,81230,484675,0,0,2992755,-2992755,0,0,0,617565780,122278540,739844320,0,0,614573025,125271295,739844320
2020-03-02,1465,1515,1450,1500,353065,0.6711409395973155,0,0,-78051,78051,0,0,0,253602,99463,353065,0,0,331653,21412,353065,0,0,-115953925,115953925,0,0,0,375204430,147718955,522923385,0,0,491158355,31765030,522923385
2020-03-03,1520,1575,1520,1530,228145,2.0,15000,0,-58494,43494,0,15000,0,136557,76588,228145,0,0,195051,33094,228145,23228515,0,-91058985,67830470,0,23228515,0,211299615,118905260,353433390,0,0,302358600,51074790,353433390
2020-03-04,1525,1585,1495,1565,212375,2.287581699346405,0,0,-27419,27419,0,0,0,146650,65725,212375,0,0,174069,38306,212375,0,0,-42323005,42323005,0,0,0,228308345,102007930,330316275,0,0,270631350,59684925,330316275
2020-03-05,1575,1670,1570,1625,262623,3.8338658146964857,0,0,27600,-27600,0,0,0,225019,37604,262623,0,0,197419,65204,262623,0,0,45116800,-45116800,0,0,0,365641635,60769160,426410795,0,0,320524835,105885960,426410795
2020-03-06,1590,1600,1540,1570,150979,-3.3846153846153846,0,0,36189,-36189,0,0,0,131580,19399,150979,0,0,95391,55588,150979,0,0,56812945,-56812945,0,0,0,206696880,30692335,237389215,0,0,149883935,87505280,237389215
2020-03-09,1485,1540,1475,1480,216888,-5.7324840764331215,0,0,48476,-48476,0,0,0,195887,21001,216888,0,0,147411,69477,216888,0,0,72613555,-72613555,0,0,0,293215245,31678840,324894085,0,0,220601690,104292395,324894085
2020-03-10,1440,1490,1425,1485,202133,0.33783783783783783,0,0,-1008,1008,0,0,0,144089,58044,202133,0,0,145097,57036,202133,0,0,-1469845,1469845,0,0,0,209352265,84181250,293533515,0,0,210822110,82711405,293533515
2020-03-11,1500,1510,1385,1395,377328,-6.0606060606060606,-55000,0,95823,-40823,0,0,0,305907,71421,377328,55000,0,210084,112244,377328,-79606585,0,142757685,-63151100,0,0,0,443150785,101412645,544563430,79606585,0,300393100,164563745,544563430
2020-03-12,1365,1400,1230,1235,586805,-11.469534050179211,0,0,-41743,41743,0,0,0,425391,161414,586805,0,0,467134,119671,586805,0,0,-53816605,53816605,0,0,0,544025040,208644715,752669755,0,0,597841645,154828110,752669755
2020-03-13,1085,1195,999,1100,1319198,-10.931174089068826,-105000,3500,-47633,149133,0,0,3500,913077,402621,1319198,105000,0,960710,253488,1319198,-110103910,3869000,-54725051,160959961,0,0,3869000,969766068,428167985,1401803053,110103910,0,1024491119,267208024,1401803053
2020-03-16,1090,1145,1055,1060,341596,-3.6363636363636362,0,0,-23495,23495,0,0,0,224537,117059,341596,0,0,248032,93564,341596,0,0,-26020865,26020865,0,0,0,248689580,130067995,378757575,0,0,274710445,104047130,378757575
2020-03-17,960,1065,960,1060,301749,0.0,0,0,-118880,118880,0,0,0,140514,161235,301749,0,0,259394,42355,301749,0,0,-120751586,120751586,0,0,0,143551990,164172409,307724399,0,0,264303576,43420823,307724399
2020-03-18,1060,1100,1005,1005,281582,-5.188679245283019,0,0,48799,-48799,0,0,0,224754,56828,281582,0,0,175955,105627,281582,0,0,51227920,-51227920,0,0,0,239006335,60981660,299987995,0,0,187778415,112209580,299987995
2020-03-19,1035,1050,806,823,534708,-18.109452736318406,0,0,-11931,11931,0,0,0,372928,161780,534708,0,0,384859,149849,534708,0,0,-12216101,12216101,0,0,0,342059172,150971145,493030317,0,0,354275273,138755044,493030317
2020-03-20,844,916,841,874,276380,6.1968408262454435,0,0,-28506,28506,0,0,0,162965,113415,276380,0,0,191471,84909,276380,0,0,-24885017,24885017,0,0,0,141093385,98309922,239403307,0,0,165978402,73424905,239403307
2020-03-23,820,842,776,776,378161,-11.212814645308924,0,0,73666,-73666,0,0,0,320709,57452,378161,0,0,247043,131118,378161,0,0,58919943,-58919943,0,0,0,256922788,46182180,303104968,0,0,198002845,105102123,303104968
2020-03-24,785,816,785,814,260013,4.896907216494846,0,2000,-298,-1702,0,0,2000,187226,70787,260013,0,0,187524,72489,260013,0,1624000,-295237,-1328763,0,0,1624000,150631430,57094715,209350145,0,0,150926667,58423478,209350145
2020-03-25,830,910,830,910,417661,11.793611793611793,0,1000,-13603,12603,0,0,1000,291541,125120,417661,0,0,305144,112517,417661,0,910000,-11586212,10676212,0,0,910000,255183513,109133323,365226836,0,0,266769725,98457111,365226836
2020-03-26,937,1050,901,998,571719,9.670329670329672,0,500,1846,-2346,0,0,3000,438242,130477,571719,0,2500,436396,132823,571719,0,426000,2578635,-3004635,0,0,3001000,435201628,128923566,567126194,0,2575000,432622993,131928201,567126194
2020-03-27,1030,1040,944,1010,535315,1.2024048096192386,0,0,12392,-12392,0,0,0,402550,132765,535315,0,0,390158,145157,535315,0,0,11658244,-11658244,0,0,0,403563860,133382698,536946558,0,0,391905616,145040942,536946558
2020-03-30,965,1030,960,1020,263146,0.9900990099009901,0,0,-50015,50015,0,0,0,167229,95917,263146,0,0,217244,45902,263146,0,0,-49795712,49795712,0,0,0,166810195,95160732,261970927,0,0,216605907,45365020,261970927
2020-03-31,1055,1080,1030,1055,328643,3.431372549019608,0,0,-7173,7173,0,0,0,248005,80638,328643,0,0,255178,73465,328643,0,0,-7405920,7405920,0,0,0,261649875,84585450,346235325,0,0,269055795,77179530,346235325
2020-04-01,1060,1155,1035,1065,444371,0.9478672985781991,0,0,42391,-42391,0,0,0,360182,84189,444371,0,0,317791,126580,444371,0,0,46914830,-46914830,0,0,0,397943735,92363010,490306745,0,0,351028905,139277840,490306745
2020-04-02,1065,1110,1025,1095,264799,2.8169014084507045,0,0,-47751,47751,0,0,0,189130,75669,264799,0,0,236881,27918,264799,0,0,-51300650,51300650,0,0,0,201772060,80890525,282662585,0,0,253072710,29589875,282662585
2020-04-03,1130,1165,1070,1135,348227,3.65296803652968,0,-100,-35713,35813,0,0,0,278052,70175,348227,0,100,313765,34362,348227,0,-114500,-39879990,39994490,0,0,0,311223655,78366985,389590640,0,114500,351103645,38372495,389590640
2020-04-06,1110,1240,1110,1240,381273,9.251101321585903,0,-6400,27077,-20677,0,0,0,355992,25281,381273,0,6400,328915,45958,381273,0,-7666000,32752200,-25086200,0,0,0,420130575,29364110,449494685,0,7666000,387378375,54450310,449494685
2020-04-07,1245,1400,1190,1395,1065992,12.5,0,6912,45578,-52490,0,62,8912,984543,72475,1065992,62,2000,938965,124965,1065992,-310,9039165,61269060,-70307915,0,85560,11639165,1273784765,90758780,1376268270,85870,2600000,1212515705,161066695,1376268270
2020-04-08,1380,1760,1320,1570,5722347,12.544802867383511,0,-39799,144704,-104905,0,0,31555,5398074,292718,5722347,0,71354,5253370,397623,5722347,0,-59646385,227357070,-167710685,0,0,52850915,8540591750,458906310,9052348975,0,112497300,8313234680,626616995,9052348975
2020-04-09,1570,1595,1520,1535,745898,-2.229299363057325,0,0,-45784,45784,0,0,0,657738,88160,745898,0,0,703522,42376,745898,0,0,-70993475,70993475,0,0,0,1027408930,137700495,1165109425,0,0,1098402405,66707020,1165109425
2020-04-10,1535,1570,1430,1530,711137,-0.32573289902280134,0,0,-26821,26821,0,0,0,580777,130360,711137,0,0,607598,103539,711137,0,0,-39021155,39021155,0,0,0,872230620,195425010,1067655630,0,0,911251775,156403855,1067655630
2020-04-13,1530,1690,1505,1600,1926311,4.57516339869281,0,7380,24402,-31782,0,0,7380,1790963,127968,1926311,0,0,1766561,159750,1926311,0,11734560,42114040,-53848600,0,0,11734560,2897576330,205102390,3114413280,0,0,2855462290,258950990,3114413280
2020-04-14,1620,1630,1590,1605,429687,0.3125,0,0,-9276,9276,0,0,0,402952,26735,429687,0,0,412228,17459,429687,0,0,-14870795,14870795,0,0,0,649454370,43008255,692462625,0,0,664325165,28137460,692462625
2020-04-16,1615,1625,1570,1605,280957,0.0,0,0,28144,-28144,0,0,0,251919,29038,280957,0,0,223775,57182,280957,0,0,45046410,-45046410,0,0,0,403296145,46417150,449713295,0,0,358249735,91463560,449713295
2020-04-17,1605,1615,1590,1610,384544,0.3115264797507788,0,5000,-8541,3541,0,0,5000,358127,21417,384544,0,0,366668,17876,384544,0,8050000,-13759010,5709010,0,0,8050000,574565770,34387105,617002875,0,0,588324780,28678095,617002875
2020-04-20,1610,1665,1585,1590,937791,-1.2422360248447204,0,0,45986,-45986,0,0,0,890942,46849,937791,0,0,844956,92835,937791,0,0,74354535,-74354535,0,0,0,1440536145,75574640,1516110785,0,0,1366181610,149929175,1516110785
2020-04-21,1590,1595,1495,1555,533479,-2.20125786163522,0,0,5237,-5237,0,0,0,463720,69759,533479,0,0,458483,74996,533479,0,0,7682170,-7682170,0,0,0,718331775,108533945,826865720,0,0,710649605,116216115,826865720
2020-04-22,1555,1590,1505,1555,321161,0.0,0,1,6951,-6952,0,0,1,297562,23598,321161,0,0,290611,30550,321161,0,1545,10538585,-10540130,0,0,1545,460593340,36543915,497138800,0,0,450054755,47084045,497138800
2020-04-23,1575,1585,1540,1575,280420,1.2861736334405145,0,0,-23289,23289,0,0,0,254269,26151,280420,0,0,277558,2862,280420,0,0,-36382380,36382380,0,0,0,398180835,40862600,439043435,0,0,434563215,4480220,439043435
2020-04-24,1575,1575,1525,1525,260407,-3.1746031746031744,0,0,12740,-12740,0,0,0,249025,11382,260407,0,0,236285,24122,260407,0,0,19561875,-19561875,0,0,0,382834625,17456930,400291555,0,0,363272750,37018805,400291555
2020-04-27,1545,1575,1535,1550,172706,1.639344262295082,0,0,-5338,5338,0,0,0,162808,9898,172706,0,0,168146,4560,172706,0,0,-8218020,8218020,0,0,0,252907790,15292460,268200250,0,0,261125810,7074440,268200250
2020-04-28,1565,1570,1495,1525,250633,-1.6129032258064515,0,0,13144,-13144,0,0,0,218685,31948,250633,0,0,205541,45092,250633,0,0,20242580,-20242580,0,0,0,336020030,49332065,385352095,0,0,315777450,69574645,385352095
2020-04-29,1510,1560,1495,1510,301424,-0.9836065573770493,0,0,-15674,15674,0,0,0,268431,32993,301424,0,0,284105,17319,301424,0,0,-23654645,23654645,0,0,0,407075535,49951570,457027105,0,0,430730180,26296925,457027105
2020-05-04,1510,1530,1415,1475,198758,-2.3178807947019866,0,0,-11925,11925,0,0,0,152257,46501,198758,0,0,164182,34576,198758,0,0,-17572515,17572515,0,0,0,226329465,69373950,295703415,0,0,243901980,51801435,295703415
2020-05-06,1475,1555,1455,1530,211599,3.728813559322034,0,0,11019,-11019,0,0,0,183259,28340,211599,0,0,172240,39359,211599,0,0,16916330,-16916330,0,0,0,278279155,42763410,321042565,0,0,261362825,59679740,321042565
2020-05-07,1525,1545,1510,1530,183070,0.0,0,0,-18758,18758,0,0,0,149363,33707,183070,0,0,168121,14949,183070,0,0,-28703905,28703905,0,0,0,229010530,51615955,280626485,0,0,257714435,22912050,280626485
2020-05-08,1530,1680,1530,1575,912918,2.941176470588235,0,9300,2684,-11984,0,0,9300,842660,60958,912918,0,0,839976,72942,912918,0,15003830,5082205,-20086035,0,0,15003830,1341633205,96597785,1453234820,0,0,1336551000,116683820,1453234820
2020-05-11,1580,1585,1545,1565,181794,-0.6349206349206349,0,-1,-18981,18982,0,0,0,136639,45155,181794,0,1,155620,26173,181794,0,-1560,-29605335,29606895,0,0,0,213707740,70559785,284267525,0,1560,243313075,40952890,284267525
2020-05-12,1570,1640,1520,1585,517448,1.2779552715654952,0,0,7650,-7650,0,0,0,471088,46360,517448,0,0,463438,54010,517448,0,0,11742700,-11742700,0,0,0,747729815,73262885,820992700,0,0,735987115,85005585,820992700
2020-05-13,1555,1555,1520,1545,190975,-2.5236593059936907,0,0,2622,-2622,0,0,0,176240,14735,190975,0,0,173618,17357,190975,0,0,3925330,-3925330,0,0,0,271363275,22715830,294079105,0,0,267437945,26641160,294079105
2020-05-14,1570,1730,1550,1600,6699587,3.559870550161812,0,2988,154468,-157456,0,0,7451,6468545,223591,6699587,0,4463,6314077,381047,6699587,0,4833430,258274475,-263107905,0,0,12469200,10767524770,370012085,11150006055,0,7635770,10509250295,633119990,11150006055
2020-05-15,1595,1625,1540,1610,601451,0.625,0,0,-15309,15309,0,0,0,570760,30691,601451,0,0,586069,15382,601451,0,0,-23850565,23850565,0,0,0,897569900,48353815,945923715,0,0,921420465,24503250,945923715
2020-05-18,1625,1650,1565,1640,517286,1.8633540372670807,0,0,-37462,37462,0,0,0,461318,55968,517286,0,0,498780,18506,517286,0,0,-61405975,61405975,0,0,0,747273725,91251300,838525025,0,0,808679700,29845325,838525025
2020-05-19,1650,1870,1640,1750,7220550,6.707317073170732,0,-12300,217682,-205382,0,0,19930,6955163,245457,7220550,0,32230,6737481,450839,7220550,0,-22627760,378638175,-356010415,0,0,34975310,12185974800,427650320,12648600430,0,57603070,11807336625,783660735,12648600430
2020-05-20,1770,1875,1715,1875,2415313,7.142857142857142,0,-29000,-7158,36158,0,0,1327,2220079,193907,2415313,0,30327,2227237,157749,2415313,0,-50950150,-13130815,64080965,0,0,2322250,3978138050,345875625,4326335925,0,53272400,3991268865,281794660,4326335925
2020-05-21,1875,1920,1690,1740,2839918,-7.199999999999999,0,0,66939,-66939,0,0,0,2700806,139112,2839918,0,0,2633867,206051,2839918,0,0,129155945,-129155945,0,0,0,4926692750,249946775,5176639525,0,0,4797536805,379102720,5176639525
2020-05-22,1760,1780,1650,1695,1136335,-2.586206896551724,0,432,-53163,52731,0,0,432,977491,158412,1136335,0,0,1030654,105681,1136335,0,734400,-90406285,89671885,0,0,734400,1668633010,271099095,1940466505,0,0,1759039295,181427210,1940466505
2020-05-25,1695,1705,1630,1680,427269,-0.8849557522123894,0,1073,-76885,75812,0,0,1073,335005,91191,427269,0,0,411890,15379,427269,0,1802640,-127270315,125467675,0,0,1802640,556779400,151194275,709776315,0,0,684049715,25726600,709776315
2020-05-26,1705,1710,1645,1690,451953,0.5952380952380952,0,2000,-97597,95597,0,0,2000,332634,117319,451953,0,0,430231,21722,451953,0,3370000,-164877395,161507395,0,0,3370000,559036645,198130725,760537370,0,0,723914040,36623330,760537370
2020-05-27,1705,1715,1670,1695,208385,0.2958579881656805,0,0,1159,-1159,0,0,0,183466,24919,208385,0,0,182307,26078,208385,0,0,2139980,-2139980,0,0,0,309573065,41916935,351490000,0,0,307433085,44056915,351490000
2020-05-28,1695,1700,1600,1635,509329,-3.5398230088495577,0,-2705,48899,-46194,0,0,0,439842,69487,509329,0,2705,390943,115681,509329,0,-4515920,79605330,-75089410,0,0,0,724187850,115271865,839459715,0,4515920,644582520,190361275,839459715
2020-05-29,1625,1625,1540,1585,535649,-3.058103975535168,0,0,-74959,74959,0,0,0,437712,97937,535649,0,0,512671,22978,535649,0,0,-118227255,118227255,0,0,0,689380595,154349835,843730430,0,0,807607850,36122580,843730430
2020-06-01,1615,1620,1580,1585,265022,0.0,0,0,-54758,54758,0,0,0,203033,61989,265022,0,0,257791,7231,265022,0,0,-87382315,87382315,0,0,0,323426025,98966065,422392090,0,0,410808340,11583750,422392090
2020-06-02,1595,1690,1590,1680,420795,5.993690851735016,0,0,-72723,72723,0,0,0,324559,96236,420795,0,0,397282,23513,420795,0,0,-117364885,117364885,0,0,0,532176505,155837655,688014160,0,0,649541390,38472770,688014160
2020-06-03,1680,1680,1625,1655,356260,-1.488095238095238,0,-800,81633,-80833,0,0,0,347874,8386,356260,0,800,266241,89219,356260,0,-1304100,134507945,-133203845,0,0,0,572540355,13748975,586289330,0,1304100,438032410,146952820,586289330
2020-06-04,1640,1685,1620,1635,254105,-1.2084592145015105,0,0,-15872,15872,0,0,0,218034,36071,254105,0,0,233906,20199,254105,0,0,-26016370,26016370,0,0,0,358768480,59355075,418123555,0,0,384784850,33338705,418123555
2020-06-05,1635,1660,1620,1650,209684,0.9174311926605505,0,0,-75770,75770,0,0,0,130947,78737,209684,0,0,206717,2967,209684,0,0,-124745090,124745090,0,0,0,215663535,129601415,345264950,0,0,340408625,4856325,345264950
2020-06-08,1690,1695,1655,1690,404530,2.4242424242424243,0,0,-66303,66303,0,0,0,293998,110532,404530,0,0,360301,44229,404530,0,0,-111772895,111772895,0,0,0,493099695,185599385,678699080,0,0,604872590,73826490,678699080
2020-06-09,1700,1700,1650,1665,180858,-1.4792899408284024,0,10000,12641,-22641,0,0,10000,163475,7383,180858,0,0,150834,30024,180858,0,16650000,21319335,-37969335,0,0,16650000,273204760,12337355,302192115,0,0,251885425,50306690,302192115
2020-06-10,1660,1690,1635,1670,192176,0.3003003003003003,0,0,4613,-4613,0,0,0,180097,12079,192176,0,0,175484,16692,192176,0,0,7595855,-7595855,0,0,0,299792655,20061145,319853800,0,0,292196800,27657000,319853800
2020-06-11,1685,1790,1670,1690,2266275,1.1976047904191618,0,816,213361,-214177,0,0,816,2127268,138191,2266275,0,0,1913907,352368,2266275,0,1442380,371788110,-373230490,0,0,1442380,3695579135,239558865,3936580380,0,0,3323791025,612789355,3936580380
2020-06-12,1585,1665,1580,1650,440803,-2.366863905325444,0,8889,1700,-10589,0,0,8889,384701,47213,440803,0,0,383001,57802,440803,0,14191290,3434805,-17626095,0,0,14191290,621476750,76369880,712037920,0,0,618041945,93995975,712037920
2020-06-15,1640,1675,1500,1520,477141,-7.878787878787878,0,17207,68391,-85598,0,0,17207,407584,52350,477141,0,0,339193,137948,477141,0,26452060,108610535,-135062595,0,0,26452060,639945615,80784510,747182185,0,0,531335080,215847105,747182185
2020-06-16,1575,1635,1550,1580,187512,3.9473684210526314,0,0,-7537,7537,0,0,0,158233,29279,187512,0,0,165770,21742,187512,0,0,-12013395,12013395,0,0,0,249728545,46330140,296058685,0,0,261741940,34316745,296058685
2020-06-17,1575,1595,1515,1545,162248,-2.2151898734177213,0,2578,21898,-24476,0,0,2994,135242,24012,162248,0,416,113344,48488,162248,0,3926830,33940015,-37866845,0,0,4575790,210403165,37418715,252397670,0,648960,176463150,75285560,252397670
2020-06-18,1540,1585,1520,1545,192243,0.0,0,0,-27844,27844,0,0,0,154230,38013,192243,0,0,182074,10169,192243,0,0,-43190225,43190225,0,0,0,239183690,59067405,298251095,0,0,282373915,15877180,298251095
2020-06-19,1570,1570,1510,1565,169504,1.2944983818770228,0,-400,13419,-13019,0,0,0,154044,15460,169504,0,400,140625,28479,169504,0,-610000,20877330,-20267330,0,0,0,237085980,23827650,260913630,0,610000,216208650,44094980,260913630
2020-06-22,1565,1580,1540,1550,113206,-0.9584664536741214,0,0,12878,-12878,0,0,0,97524,15682,113206,0,0,84646,28560,113206,0,0,20066470,-20066470,0,0,0,152038130,24486920,176525050,0,0,131971660,44553390,176525050
2020-06-23,1560,1560,1510,1530,141865,-1.2903225806451613,0,0,17608,-17608,0,0,0,116609,25256,141865,0,0,99001,42864,141865,0,0,27293385,-27293385,0,0,0,179104655,38570065,217674720,0,0,151811270,65863450,217674720
2020-06-24,1560,1565,1535,1535,62131,0.32679738562091504,0,0,-4699,4699,0,0,0,51761,10370,62131,0,0,56460,5671,62131,0,0,-7251120,7251120,0,0,0,80174235,16028690,96202925,0,0,87425355,8777570,96202925
2020-06-25,1500,1540,1480,1480,133744,-3.5830618892508146,0,3000,-7230,4230,0,0,3000,105900,24844,133744,0,0,113130,20614,133744,0,4465000,-10957365,6492365,0,0,4465000,158522400,37407860,200395260,0,0,169479765,30915495,200395260
2020-06-26,1500,1515,1465,1475,101946,-0.33783783783783783,0,500,6084,-6584,0,0,500,94239,7207,101946,0,0,88155,13791,101946,0,740000,9052455,-9792455,0,0,740000,140216705,10717585,151674290,0,0,131164250,20510040,151674290
2020-06-29,1495,1700,1460,1500,2363401,1.694915254237288,0,0,121965,-121965,0,500,2801,2178243,181857,2363401,500,2801,2056278,303822,2363401,60000,-138385,190956015,-190877630,0,815000,4427505,3426763970,287200265,3719206740,755000,4565890,3235807955,478077895,3719206740
2020-06-30,1500,1765,1480,1660,6723984,10.666666666666668,0,13000,31161,-44161,0,0,15751,6269854,438379,6723984,0,2751,6238693,482540,6723984,0,21528380,65168410,-86696790,0,0,26150060,10516247075,724330220,11266727355,0,4621680,10451078665,811027010,11266727355
2020-07-01,1635,1640,1530,1530,1054032,-7.83132530120482,0,-500,39616,-39116,0,0,500,944736,108796,1054032,0,1000,905120,147912,1054032,0,-795000,63561575,-62766575,0,0,787500,1490990810,171926915,1663705225,0,1582500,1427429235,234693490,1663705225
2020-07-02,1510,1600,1510,1555,496794,1.6339869281045754,0,0,-17941,17941,0,0,0,441614,55180,496794,0,0,459555,37239,496794,0,0,-27480955,27480955,0,0,0,687346715,85576910,772923625,0,0,714827670,58095955,772923625
2020-07-03,1575,1600,1530,1585,301651,1.929260450160772,0,0,-103,103,0,0,0,268579,33072,301651,0,0,268682,32969,301651,0,0,-136410,136410,0,0,0,422670440,51864055,474534495,0,0,422806850,51727645,474534495
2020-07-06,1595,1645,1570,1640,958865,3.4700315457413247,0,1000,33090,-34090,0,0,1000,885243,72622,958865,0,0,852153,106712,958865,0,1620000,52378465,-53998465,0,0,1620000,1451525220,117459070,1570604290,0,0,1399146755,171457535,1570604290
2020-07-07,1690,1695,1590,1620,688518,-1.2195121951219512,0,2000,41132,-43132,0,0,2000,617532,68986,688518,0,0,576400,112118,688518,0,3220000,68444350,-71664350,0,0,3220000,1009016580,112599945,1124836525,0,0,940572230,184264295,1124836525
2020-07-08,1620,1625,1585,1610,198268,-0.6172839506172839,0,2000,-50386,48386,0,0,2000,146468,49800,198268,0,0,196854,1414,198268,0,3205000,-81179835,77974835,0,0,3205000,235382395,80251805,318839200,0,0,316562230,2276970,318839200
2020-07-09,1630,1635,1600,1620,197070,0.6211180124223602,0,0,-15375,15375,0,0,0,172100,24970,197070,0,0,187475,9595,197070,0,0,-24687185,24687185,0,0,0,277738315,40310320,318048635,0,0,302425500,15623135,318048635
2020-07-10,1625,1625,1580,1595,163732,-1.5432098765432098,0,0,4532,-4532,0,0,0,147647,16085,163732,0,0,143115,20617,163732,0,0,7278115,-7278115,0,0,0,236314415,25849025,262163440,0,0,229036300,33127140,262163440
2020-07-13,1600,1645,1585,1615,238543,1.2539184952978055,0,0,-51058,51058,0,0,0,178166,60377,238543,0,0,229224,9319,238543,0,0,-82274225,82274225,0,0,0,287997425,97358525,385355950,0,0,370271650,15084300,385355950
2020-07-14,1615,1630,1580,1600,135787,-0.9287925696594427,0,0,-8645,8645,0,0,0,119466,16321,135787,0,0,128111,7676,135787,0,0,-13731595,13731595,0,0,0,190352480,26010410,216362890,0,0,204084075,12278815,216362890
2020-07-15,1610,1615,1580,1595,197538,-0.3125,0,0,-33417,33417,0,0,0,155120,42418,197538,0,0,188537,9001,197538,0,0,-53205020,53205020,0,0,0,247417240,67625860,315043100,0,0,300622260,14420840,315043100
2020-07-16,1595,1650,1595,1630,245078,2.19435736677116,0,-10000,-59206,69206,0,0,0,165623,79455,245078,0,10000,224829,10249,245078,0,-16200000,-95878210,112078210,0,0,0,270239860,128804155,399044015,0,16200000,366118070,16725945,399044015
2020-07-17,1635,1640,1595,1595,167635,-2.147239263803681,0,0,27771,-27771,0,0,0,155456,12179,167635,0,0,127685,39950,167635,0,0,44425485,-44425485,0,0,0,249396755,19666235,269062990,0,0,204971270,64091720,269062990
2020-07-20,1600,1640,1590,1630,293876,2.19435736677116,0,0,-10123,10123,0,0,0,252437,41439,293876,0,0,262560,31316,293876,0,0,-16876990,16876990,0,0,0,408754920,67206285,475961205,0,0,425631910,50329295,475961205
2020-07-21,1630,1645,1615,1625,196935,-0.3067484662576687,0,0,-15339,15339,0,0,0,176703,20232,196935,0,0,192042,4893,196935,0,0,-24846540,24846540,0,0,0,287178060,32812765,319990825,0,0,312024600,7966225,319990825
2020-07-22,1635,1635,1605,1615,104121,-0.6153846153846154,0,-1093,10518,-9425,0,0,0,92663,11458,104121,0,1093,82145,20883,104121,0,-1776125,17097940,-15321815,0,0,0,149766185,18511975,168278160,0,1776125,132668245,33833790,168278160
2020-07-23,1610,1640,1580,1580,220982,-2.1671826625387,0,6000,24696,-30696,0,0,6000,208044,6938,220982,0,0,183348,37634,220982,0,9505000,39656135,-49161135,0,0,9505000,332593955,11074495,353173450,0,0,292937820,60235630,353173450
2020-07-24,1585,1605,1555,1595,195441,0.949367088607595,0,2000,32865,-34865,0,0,2000,159857,33584,195441,0,0,126992,68449,195441,0,3160000,52251530,-55411530,0,0,3160000,253731145,53005595,309896740,0,0,201479615,108417125,309896740
2020-07-27,1565,1625,1565,1620,171745,1.5673981191222568,0,0,-12391,12391,0,0,0,131547,40198,171745,0,0,143938,27807,171745,0,0,-19599815,19599815,0,0,0,211389305,64174285,275563590,0,0,230989120,44574470,275563590
2020-07-28,1600,1615,1575,1580,200847,-2.4691358024691357,0,0,54714,-54714,0,0,0,194476,6371,200847,0,0,139762,61085,200847,0,0,86495170,-86495170,0,0,0,307998315,10118105,318116420,0,0,221503145,96613275,318116420
2020-07-29,1575,1610,1560,1595,169471,0.949367088607595,0,0,23091,-23091,0,0,0,161794,7677,169471,0,0,138703,30768,169471,0,0,36626955,-36626955,0,0,0,256639335,12124030,268763365,0,0,220012380,48750985,268763365
2020-07-30,1600,1625,1580,1585,123049,-0.6269592476489028,0,-1400,16490,-15090,0,0,0,113971,9078,123049,0,1400,97481,24168,123049,0,-2229860,26375355,-24145495,0,0,0,182193075,14502240,196695315,0,2229860,155817720,38647735,196695315
2020-07-31,1585,1625,1575,1580,263829,-0.31545741324921134,0,0,-5667,5667,0,0,0,235593,28236,263829,0,0,241260,22569,263829,0,0,-9326195,9326195,0,0,0,376846005,45397655,422243660,0,0,386172200,36071460,422243660
2020-08-03,1615,1615,1565,1570,122420,-0.6329113924050633,0,0,23089,-23089,0,0,0,118680,3740,122420,0,0,95591,26829,122420,0,0,36634565,-36634565,0,0,0,187542305,5901405,193443710,0,0,150907740,42535970,193443710
2020-08-04,1570,1610,1565,1590,145057,1.2738853503184715,0,0,-17842,17842,0,0,0,104020,41037,145057,0,0,121862,23195,145057,0,0,-28520350,28520350,0,0,0,165647595,65398855,231046450,0,0,194167945,36878505,231046450
2020-08-05,1590,1605,1575,1585,102137,-0.3144654088050315,0,0,39621,-39621,0,0,0,99873,2264,102137,0,0,60252,41885,102137,0,0,62941035,-62941035,0,0,0,158658215,3575100,162233315,0,0,95717180,66516135,162233315
2020-08-06,1595,1660,1570,1615,607085,1.8927444794952681,0,0,-37751,37751,0,0,2004,513320,91761,607085,0,2004,551071,54010,607085,0,-75690,-59766855,59842545,0,0,3196645,831095405,147586380,981878430,0,3272335,890862260,87743835,981878430
2020-08-07,1625,1625,1585,1610,238406,-0.30959752321981426,0,0,-16389,16389,0,0,0,200795,37611,238406,0,0,217184,21222,238406,0,0,-26326315,26326315,0,0,0,321640010,60392255,382032265,0,0,347966325,34065940,382032265
2020-08-10,1630,1765,1620,1730,2562010,7.453416149068323,0,14736,-71216,56480,0,0,14736,2185975,361299,2562010,0,0,2257191,304819,2562010,0,24661755,-120321950,95660195,0,0,24661755,3730382580,615629035,4370673370,0,0,3850704530,519968840,4370673370
2020-08-11,1750,1750,1700,1715,840179,-0.8670520231213872,0,-14736,-60360,75096,0,0,1,699776,140402,840179,0,14737,760136,65306,840179,0,-25430110,-102916660,128346770,0,0,1735,1205781280,241430915,1447213930,0,25431845,1308697940,113084145,1447213930
2020-08-12,1730,1735,1560,1675,610549,-2.3323615160349855,0,0,-7658,7658,0,0,0,520454,90095,610549,0,0,528112,82437,610549,0,0,-9403530,9403530,0,0,0,871244725,149102905,1020347630,0,0,880648255,139699375,1020347630
2020-08-13,1700,1880,1700,1745,4719770,4.179104477611941,0,0,219238,-219238,0,0,0,4377485,342285,4719770,0,0,4158247,561523,4719770,0,0,398338725,-398338725,0,0,0,7850789530,611157435,8461946965,0,0,7452450805,1009496160,8461946965
2020-08-14,1770,1925,1770,1875,5358649,7.4498567335243555,0,0,-50041,50041,0,0,0,4848211,510438,5358649,0,0,4898252,460397,5358649,0,0,-87353770,87353770,0,0,0,8985705320,941281160,9926986480,0,0,9073059090,853927390,9926986480
2020-08-18,1855,1860,1665,1725,1450180,-8.0,0,700,33684,-34384,0,0,700,1294789,154691,1450180,0,0,1261105,189075,1450180,0,1221500,61801860,-63023360,0,0,1221500,2260988860,268463875,2530674235,0,0,2199187000,331487235,2530674235
2020-08-19,1725,1830,1690,1795,1500542,4.057971014492753,0,-25000,-45040,70040,0,0,0,1255497,245045,1500542,0,25000,1300537,175005,1500542,0,-43000000,-75463540,118463540,0,0,0,2227718640,429535495,2657254135,0,43000000,2303182180,311071955,2657254135
2020-08-20,1810,1835,1705,1740,1192347,-3.064066852367688,0,-744,115048,-114304,0,0,0,1025464,166883,1192347,0,744,910416,281187,1192347,0,-1331760,204110090,-202778330,0,0,0,1805941975,292341350,2098283325,0,1331760,1601831885,495119680,2098283325
2020-08-21,1735,1785,1690,1690,774741,-2.8735632183908044,0,0,-3917,3917,0,0,0,661251,113490,774741,0,0,665168,109573,774741,0,0,-8565260,8565260,0,0,0,1140028975,198126700,1338155675,0,0,1148594235,189561440,1338155675
2020-08-24,1680,1680,1600,1650,678830,-2.366863905325444,0,0,-74119,74119,0,0,0,562488,116342,678830,0,0,636607,42223,678830,0,0,-121039950,121039950,0,0,0,915490775,189876790,1105367565,0,0,1036530725,68836840,1105367565
2020-08-25,1655,1685,1635,1660,346693,0.6060606060606061,0,0,-73952,73952,0,0,0,253565,93128,346693,0,0,327517,19176,346693,0,0,-122571945,122571945,0,0,0,420742220,154391635,575133855,0,0,543314165,31819690,575133855
2020-08-26,1670,1670,1630,1650,415981,-0.6024096385542169,0,0,-41216,41216,0,0,0,320184,95797,415981,0,0,361400,54581,415981,0,0,-67810085,67810085,0,0,0,528197520,158091310,686288830,0,0,596007605,90281225,686288830
2020-08-27,1640,1640,1590,1590,524936,-3.6363636363636362,0,0,43388,-43388,0,0,0,489536,35400,524936,0,0,446148,78788,524936,0,0,69931940,-69931940,0,0,0,788849555,57164570,846014125,0,0,718917615,127096510,846014125
2020-08-28,1595,1620,1575,1585,427681,-0.3144654088050315,0,500,-59893,59393,0,0,500,342230,84951,427681,0,0,402123,25558,427681,0,807500,-95671340,94863840,0,0,807500,545033560,135695460,681536520,0,0,640704900,40831620,681536520
2020-08-31,1590,1625,1590,1605,253627,1.2618296529968454,0,-5253,29225,-23972,0,0,0,246835,6792,253627,0,5253,217610,30764,253627,0,-8483595,47121185,-38637590,0,0,0,396346925,10892120,407239045,0,8483595,349225740,49529710,407239045
2020-09-01,1605,1620,1570,1610,220606,0.3115264797507788,0,-1947,-6620,8567,0,0,0,195901,24705,220606,0,1947,202521,16138,220606,0,-3134670,-10421350,13556020,0,0,0,313913515,39543475,353456990,0,3134670,324334865,25987455,353456990
2020-09-02,1615,1660,1610,1660,273903,3.1055900621118013,0,-8000,-25507,33507,0,0,0,234188,39715,273903,0,8000,259695,6208,273903,0,-13000000,-41529230,54529230,0,0,0,383223930,64662290,447886220,0,13000000,424753160,10133060,447886220
2020-09-03,1665,1725,1650,1700,584788,2.4096385542168677,0,4000,-52696,48696,0,0,4000,482478,98310,584788,0,0,535174,49614,584788,0,6800000,-88602755,81802755,0,0,6800000,817831165,166111930,990743095,0,0,906433920,84309175,990743095
2020-09-04,1650,1730,1650,1730,529361,1.7647058823529411,0,4829,-48162,43333,0,0,4829,427805,96727,529361,0,0,475967,53394,529361,0,8064430,-80153025,72088595,0,0,8064430,721530840,162184730,891780000,0,0,801683865,90096135,891780000
2020-09-07,1730,1775,1700,1755,702765,1.4450867052023122,0,0,-14192,14192,0,0,0,602433,100332,702765,0,0,616625,86140,702765,0,0,-24980130,24980130,0,0,0,1053482715,175378490,1228861205,0,0,1078462845,150398360,1228861205
2020-09-08,1765,1765,1705,1735,489403,-1.1396011396011396,0,3560,-59819,56259,0,0,8060,384877,96466,489403,0,4500,444696,40207,489403,0,6100665,-103381600,97280935,0,0,13863200,665383560,166678410,845925170,0,7762535,768765160,69397475,845925170
2020-09-09,1695,1735,1680,1705,307846,-1.729106628242075,0,3859,-43623,39764,0,0,3859,222255,81732,307846,0,0,265878,41968,307846,0,6579595,-74493820,67914225,0,0,6579595,381476905,140069970,528126470,0,0,455970725,72155745,528126470
2020-09-10,1735,1830,1730,1790,698851,4.9853372434017595,0,166,-26572,26406,0,0,166,570072,128613,698851,0,0,596644,102207,698851,0,295335,-45797515,45502180,0,0,295335,1014353985,227873985,1242523305,0,0,1060151500,182371805,1242523305
2020-09-11,1800,1810,1730,1780,438208,-0.5586592178770949,0,-166,38861,-38695,0,0,0,416516,21692,438208,0,166,377655,60387,438208,0,-295480,68842850,-68547370,0,0,0,734912625,38467815,773380440,0,295480,666069775,107015185,773380440
2020-09-14,1795,1795,1745,1760,298425,-1.1235955056179776,0,0,-68014,68014,0,0,0,218981,79444,298425,0,0,286995,11430,298425,0,0,-119450460,119450460,0,0,0,386075650,139883795,525959445,0,0,505526110,20433335,525959445
2020-09-15,1770,1780,1750,1780,207312,1.1363636363636365,0,0,-36854,36854,0,0,0,156217,51095,207312,0,0,193071,14241,207312,0,0,-64962445,64962445,0,0,0,275525040,90083735,365608775,0,0,340487485,25121290,365608775
2020-09-16,1780,1780,1720,1745,267652,-1.9662921348314606,0,10000,-25410,15410,0,0,10000,220415,37237,267652,0,0,245825,21827,267652,0,17427585,-44649335,27221750,0,0,17427585,387090115,65389350,469907050,0,0,431739450,38167600,469907050
2020-09-17,1740,1745,1695,1710,274661,-2.005730659025788,0,2000,34287,-36287,0,0,2000,256420,16241,274661,0,0,222133,52528,274661,0,3400000,58450700,-61850700,0,0,3400000,438473930,27834135,469708065,0,0,380023230,89684835,469708065
2020-09-18,1710,1725,1685,1720,155368,0.5847953216374269,0,0,9532,-9532,0,0,0,143636,11732,155368,0,0,134104,21264,155368,0,0,16243965,-16243965,0,0,0,245634010,20059750,265693760,0,0,229390045,36303715,265693760
2020-09-21,1730,1900,1715,1740,3752542,1.1627906976744187,0,111,231647,-231758,0,0,111,3512460,239971,3752542,0,0,3280813,471729,3752542,0,197025,430398370,-430595395,0,0,197025,6412358110,431988260,6844543395,0,0,5981959740,862583655,6844543395
2020-09-22,1730,1740,1655,1655,539049,-4.885057471264368,0,10000,4320,-14320,0,0,10000,441482,87567,539049,0,0,437162,101887,539049,0,17000000,7408275,-24408275,0,0,17000000,747972495,148779590,913752085,0,0,740564220,173187865,913752085
2020-09-23,1690,1710,1595,1655,487297,0.0,0,-111,-34611,34722,0,0,0,383802,103495,487297,0,111,418413,68773,487297,0,-180930,-57145225,57326155,0,0,0,629043350,169898215,798941565,0,180930,686188575,112572060,798941565
2020-09-24,1600,1640,1595,1625,314771,-1.812688821752266,0,940,84172,-85112,0,0,940,269538,44293,314771,0,0,185366,129405,314771,0,1499300,134992985,-136492285,0,0,1499300,434003450,71528455,507031205,0,0,299010465,208020740,507031205
2020-09-25,1625,1645,1600,1620,203952,-0.3076923076923077,0,0,24172,-24172,0,0,0,177957,25995,203952,0,0,153785,50167,203952,0,0,38603710,-38603710,0,0,0,287430650,42176110,329606760,0,0,248826940,80779820,329606760
2020-09-28,1675,1690,1640,1650,186728,1.8518518518518516,0,0,-8370,8370,0,0,0,138264,48464,186728,0,0,146634,40094,186728,0,0,-14044350,14044350,0,0,0,230442230,80752035,311194265,0,0,244486580,66707685,311194265
2020-09-29,1655,1715,1645,1685,174321,2.1212121212121215,0,0,-27071,27071,0,0,0,130622,43699,174321,0,0,157693,16628,174321,0,0,-45776200,45776200,0,0,0,220714595,73739305,294453900,0,0,266490795,27963105,294453900
2020-10-05,1685,1720,1670,1720,194364,2.0771513353115725,0,1401,-77111,75710,0,0,1401,104658,88305,194364,0,0,181769,12595,194364,0,2393705,-131065290,128671585,0,0,2393705,177973985,150039825,330407515,0,0,309039275,21368240,330407515
2020-10-06,1730,1730,1680,1685,129240,-2.0348837209302326,0,11051,4571,-15622,0,0,11051,111220,6969,129240,0,0,106649,22591,129240,0,18582720,7800190,-26382910,0,0,18582720,188606650,11864520,219053890,0,0,180806460,38247430,219053890
2020-10-07,1685,1695,1655,1680,75222,-0.2967359050445104,0,0,-5327,5327,0,0,0,57434,17788,75222,0,0,62761,12461,75222,0,0,-8871480,8871480,0,0,0,96338735,29807300,126146035,0,0,105210215,20935820,126146035
2020-10-08,1680,1700,1670,1690,118992,0.5952380952380952,0,-3060,-18777,21837,0,0,0,96550,22442,118992,0,3060,115327,605,118992,0,-5171400,-31646520,36817920,0,0,0,162874305,37843220,200717525,0,5171400,194520825,1025300,200717525
2020-10-12,1710,1825,1710,1815,1013257,7.396449704142012,0,3949,-137755,133806,0,0,4000,795198,214059,1013257,0,51,932953,80253,1013257,0,7075495,-244712985,237637490,0,0,7165000,1415955345,381133515,1804253860,0,89505,1660668330,143496025,1804253860
2020-10-13,1825,1845,1760,1765,352367,-2.7548209366391188,0,0,39665,-39665,0,0,0,327431,24936,352367,0,0,287766,64601,352367,0,0,71507425,-71507425,0,0,0,584512745,44399160,628911905,0,0,513005320,115906585,628911905
2020-10-14,1780,1785,1730,1780,277776,0.84985835694051,0,0,9472,-9472,0,0,0,251760,26016,277776,0,0,242288,35488,277776,0,0,16637920,-16637920,0,0,0,443425160,45918605,489343765,0,0,426787240,62556525,489343765
2020-10-15,1785,1800,1705,1745,308507,-1.9662921348314606,0,2161,60303,-62464,0,0,10000,277313,21194,308507,0,7839,217010,83658,308507,0,3692555,105284495,-108977050,0,0,17450000,483045155,36635970,537131125,0,13757445,377760660,145613020,537131125
2020-10-16,1740,1760,1700,1755,177496,0.5730659025787965,0,0,26548,-26548,0,0,0,144848,32648,177496,0,0,118300,59196,177496,0,0,45484240,-45484240,0,0,0,249876370,56619695,306496065,0,0,204392130,102103935,306496065
2020-10-19,1775,1815,1730,1750,382001,-0.2849002849002849,0,-5385,19519,-14134,0,0,0,343924,38077,382001,0,5385,324405,52211,382001,0,-9468110,34161730,-24693620,0,0,0,609336450,67373860,676710310,0,9468110,575174720,92067480,676710310
2020-10-20,1755,1755,1675,1710,227950,-2.2857142857142856,0,5000,-726,-4274,0,0,5000,196152,26798,227950,0,0,196878,31072,227950,0,8600000,-1039695,-7560305,0,0,8600000,334636235,45615260,388851495,0,0,335675930,53175565,388851495
2020-10-21,1750,2215,1730,2060,36323451,20.46783625730994,0,11391,162108,-173499,0,0,69074,34860655,1393722,36323451,0,57683,34698547,1567221,36323451,0,24424355,331835455,-356259810,0,0,149118990,71252400510,2797754640,74199274140,0,124694635,70920565055,3154014450,74199274140
2020-10-22,2050,2200,2025,2095,12810022,1.6990291262135921,0,14592,-14854,262,0,0,22572,12047225,740225,12810022,0,7980,12062079,739963,12810022,0,31011095,-10699590,-20311505,0,0,47423405,25338672770,1544050245,26930146420,0,16412310,25349372360,1564361750,26930146420
2020-10-23,2105,2115,1950,2040,3354164,-2.6252983293556085,0,-28000,30150,-2150,0,0,9793,3121907,222464,3354164,0,37793,3091757,224614,3354164,0,-56613005,66373595,-9760590,0,0,19879790,6329382980,448894525,6798157295,0,76492795,6263009385,458655115,6798157295
2020-10-26,2030,2395,1920,1920,31646046,-5.88235294117647,0,-14042,299227,-285185,0,0,6465,29936939,1702642,31646046,0,20507,29637712,1987827,31646046,0,-28785605,665748715,-636963110,0,0,15065490,65989272030,3722733220,69727070740,0,43851095,65323523315,4359696330,69727070740
2020-10-27,1870,1980,1810,1835,3096202,-4.427083333333334,0,0,-46965,46965,0,0,0,2589516,506686,3096202,0,0,2636481,459721,3096202,0,0,-86318430,86318430,0,0,0,4867015595,950448780,5817464375,0,0,4953334025,864130350,5817464375
2020-10-28,1885,2255,1860,2050,37446285,11.716621253405995,0,-5249,72814,-67565,0,0,8010,35540218,1898057,37446285,0,13259,35467404,1965622,37446285,0,-10619555,161122745,-150503190,0,0,16465315,75110314185,3964176705,79090956205,0,27084870,74949191440,4114679895,79090956205
2020-10-29,2020,2440,1970,2255,47427417,10.0,1238,8230,56189,-65657,0,1238,20863,45118459,2286857,47427417,0,12633,45062270,2352514,47427417,2494570,19478160,160580545,-182553275,0,2494570,48842830,103863035580,5180525540,109094898520,0,29364670,103702455035,5363078815,109094898520
2020-10-30,2265,2395,2140,2145,10599388,-4.878048780487805,-1238,-7675,187757,-178844,0,0,3400,10001072,594916,10599388,1238,11075,9813315,773760,10599388,-2804070,-17322065,451914230,-431788095,0,0,7557500,22951379900,1354501930,24313439330,2804070,24879565,22499465670,1786290025,24313439330
2020-11-02,2175,2370,2165,2260,9774589,5.361305361305361,6637,-1000,67614,-73251,0,6637,0,9175121,592831,9774589,0,1000,9107507,666082,9774589,14998395,-2225000,160776290,-173549685,0,14998395,0,20953693425,1343774940,22312466760,0,2225000,20792917135,1517324625,22312466760
2020-11-03,2265,2630,2260,2365,31424365,4.646017699115045,-6637,-1730,15886,-7519,0,0,5970,29950714,1467681,31424365,6637,7700,29934828,1475200,31424365,-15762875,-3303445,59455715,-40389395,0,0,14944005,73430158410,3570129615,77015232030,15762875,18247450,73370702695,3610519010,77015232030
2020-11-04,2405,2535,2165,2255,12591384,-4.651162790697675,0,0,54518,-54518,0,0,0,11821406,769978,12591384,0,0,11766888,824496,12591384,0,0,139408655,-139408655,0,0,0,28498718585,1836491045,30335209630,0,0,28359309930,1975899700,30335209630
2020-11-05,2370,2380,2265,2290,2892968,1.5521064301552108,0,0,-92728,92728,0,0,0,2629232,263736,2892968,0,0,2721960,171008,2892968,0,0,-212908050,212908050,0,0,0,6076836400,609823065,6686659465,0,0,6289744450,396915015,6686659465
2020-11-06,2300,2745,2210,2590,25766878,13.100436681222707,4825,-3300,-391359,389834,0,4825,23035,23391593,2347425,25766878,0,26335,23782952,1957591,25766878,12000140,-9482395,-920040350,917522605,0,12000140,57739970,59267071260,5837799975,65174611345,0,67222365,60187111610,4920277370,65174611345
2020-11-09,2630,2640,2510,2560,5821551,-1.1583011583011582,304,5290,335681,-341275,0,5129,6290,5468869,341263,5821551,4825,1000,5133188,682538,5821551,312325,13397440,875978360,-889688125,0,13002075,15997440,14116515285,877398040,15022912840,12689750,2600000,13240536925,1767086165,15022912840
2020-11-10,2570,2935,2555,2595,30224886,1.3671875,1579,-9238,111926,-104267,0,6707,24036,28551205,1642938,30224886,5128,33274,28439279,1747205,30224886,3695175,-26927340,331217130,-307984965,0,18002295,66680380,79447342975,4527360585,84059386235,14307120,93607720,79116125845,4835345550,84059386235
2020-11-11,2620,2655,2355,2370,5110517,-8.670520231213873,-6707,14985,-21917,13639,0,0,17311,4563205,530001,5110517,6707,2326,4585122,516362,5110517,-15898400,36798830,-36325155,15424725,0,0,42592220,11204439630,1296548595,12543580445,15898400,5793390,11240764785,1281123870,12543580445
2020-11-12,2390,2720,2255,2475,20337584,4.430379746835443,7207,-589,-32013,25395,0,7207,4,18536286,1794087,20337584,0,593,18568299,1768692,20337584,18000180,-1551740,-42864630,26416190,0,18000180,10650,47594553970,4526967785,52139532585,0,1562390,47637418600,4500551595,52139532585
2020-11-13,2490,2670,2390,2415,11231606,-2.4242424242424243,-7207,-4280,112362,-100875,0,0,4050,10444287,783269,11231606,7207,8330,10331925,884144,11231606,-18702165,-10511450,303048005,-273834390,0,0,10443250,26889539465,2004186605,28904169320,18702165,20954700,26586491460,2278020995,28904169320
2020-11-16,2460,2540,2390,2415,2101227,0.0,0,-32,652,-620,0,0,1185,1908225,191817,2101227,0,1217,1907573,192437,2101227,0,-25710,6027795,-6002085,0,0,2962500,4685157150,469518920,5157638570,0,2988210,4679129355,475521005,5157638570
2020-11-17,2415,2485,2365,2405,1629469,-0.4140786749482402,0,-1000,-66048,67048,0,0,5463,1390897,233109,1629469,0,6463,1456945,166061,1629469,0,-2478250,-157564545,160042795,0,0,13165680,3368057910,564646510,3945870100,0,15643930,3525622455,404603715,3945870100
2020-11-18,2370,2470,2340,2425,1587322,0.8316008316008316,0,12416,-132223,119807,0,0,12416,1274360,300546,1587322,0,0,1406583,180739,1587322,0,30108360,-312784585,282676225,0,0,30108360,3058879850,718056750,3807044960,0,0,3371664435,435380525,3807044960
2020-11-19,2400,2425,2350,2350,781415,-3.0927835051546393,0,-6266,-14830,21096,0,0,0,710266,71149,781415,0,6266,725096,50053,781415,0,-14881465,-34580280,49461745,0,0,0,1692901165,168769110,1861670275,0,14881465,1727481445,119307365,1861670275
2020-11-20,2410,2645,2410,2535,13562763,7.872340425531915,0,-6072,254047,-247975,0,0,1296,13006838,554629,13562763,0,7368,12752791,802604,13562763,0,-15165525,657313250,-642147725,0,0,3375440,33342543960,1417060755,34762980155,0,18540965,32685230710,2059208480,34762980155
2020-11-23,2550,2610,2500,2595,3183672,2.366863905325444,0,87,-120866,120779,0,0,87,2790426,393159,3183672,0,0,2911292,272380,3183672,0,221550,-306105465,305883915,0,0,221550,7158815030,1005306055,8164342635,0,0,7464920495,699422140,8164342635
2020-11-24,2610,2680,2525,2615,6100196,0.7707129094412332,-1,-11,87279,-87267,0,0,9737,5612911,477548,6100196,1,9748,5525632,564815,6100196,-2660,615,230626795,-230624750,0,0,25288805,14681424060,1248609880,15955322745,2660,25288190,14450797265,1479234630,15955322745
2020-11-25,2615,2660,2495,2640,3940577,0.9560229445506693,0,-2,-28564,28566,0,0,231,3567141,373205,3940577,0,233,3595705,344639,3940577,0,-21240,-70130420,70151660,0,0,592715,9244040445,963276645,10207909805,0,613955,9314170865,893124985,10207909805
2020-11-26,2595,2760,2460,2470,4877339,-6.4393939393939394,0,3153,44416,-47569,0,0,3305,4578545,295489,4877339,0,152,4534129,343058,4877339,0,7816940,122954065,-130771005,0,0,8225425,11845830720,758753970,12612810115,0,408485,11722876655,889524975,12612810115
2020-11-27,2425,2430,2330,2360,1610703,-4.4534412955465585,0,2000,-113984,111984,0,0,18985,1372693,219025,1610703,0,16985,1486677,107041,1610703,0,4321770,-269021475,264699705,0,0,44744675,3245322745,518332105,3808399525,0,40422905,3514344220,253632400,3808399525
2020-11-30,2380,2395,2300,2300,916603,-2.5423728813559325,0,2172,-62871,60699,0,0,2172,774866,139565,916603,0,0,837737,78866,916603,0,5019040,-146079750,141060710,0,0,5019040,1794621490,324378545,2124019075,0,0,1940701240,183317835,2124019075
2020-12-01,2295,2345,2260,2295,950534,-0.21739130434782608,0,0,-78146,78146,0,0,0,760736,189798,950534,0,0,838882,111652,950534,0,0,-176064625,176064625,0,0,0,1751767620,435066115,2186833735,0,0,1927832245,259001490,2186833735
2020-12-02,2300,2345,2295,2310,416783,0.6535947712418301,0,0,-68140,68140,0,0,0,329993,86790,416783,0,0,398133,18650,416783,0,0,-158275315,158275315,0,0,0,765112315,201441610,966553925,0,0,923387630,43166295,966553925
2020-12-03,2380,2395,2300,2330,431358,0.8658008658008658,0,0,-8027,8027,0,0,0,381379,49979,431358,0,0,389406,41952,431358,0,0,-18551915,18551915,0,0,0,886346895,116279890,1002626785,0,0,904898810,97727975,1002626785
2020-12-04,2355,2355,2225,2240,847991,-3.862660944206009,0,174,-65475,65301,0,0,174,731233,116584,847991,0,0,796708,51283,847991,0,395850,-144828215,144432365,0,0,395850,1659820705,261716920,1921933475,0,0,1804648920,117284555,1921933475
2020-12-07,2265,2270,2175,2205,518784,-1.5625,0,0,-128977,128977,0,0,0,347996,170788,518784,0,0,476973,41811,518784,0,0,-283803130,283803130,0,0,0,768791875,376100420,1144892295,0,0,1052595005,92297290,1144892295
2020-12-08,2225,2225,2140,2145,539793,-2.7210884353741496,0,2000,-70006,68006,0,0,2000,437014,100779,539793,0,0,507020,32773,539793,0,4380000,-152125620,147745620,0,0,4380000,949906695,219043165,1173329860,0,0,1102032315,71297545,1173329860
2020-12-09,2160,2255,2160,2225,763488,3.7296037296037294,0,0,39299,-39299,0,0,0,649868,113620,763488,0,0,610569,152919,763488,0,0,86964375,-86964375,0,0,0,1442582935,252021910,1694604845,0,0,1355618560,338986285,1694604845
2020-12-10,2225,2250,2180,2180,352983,-2.0224719101123596,0,80,53414,-53494,0,0,80,316632,36271,352983,0,0,263218,89765,352983,0,178400,117547630,-117726030,0,0,178400,697144575,79931955,777254930,0,0,579596945,197657985,777254930
2020-12-11,2190,2200,2150,2200,311053,0.9174311926605505,0,0,-46077,46077,0,0,0,261012,50041,311053,0,0,307089,3964,311053,0,0,-100321375,100321375,0,0,0,568526215,108960430,677486645,0,0,668847590,8639055,677486645
2020-12-14,2195,2195,2090,2130,340945,-3.1818181818181817,0,0,47608,-47608,0,0,0,314504,26441,340945,0,0,266896,74049,340945,0,0,101863575,-101863575,0,0,0,670745245,56336160,727081405,0,0,568881670,158199735,727081405
2020-12-15,2115,2145,2100,2125,200223,-0.2347417840375587,0,0,-3617,3617,0,0,0,181152,19071,200223,0,0,184769,15454,200223,0,0,-7512220,7512220,0,0,0,382774120,40226795,423000915,0,0,390286340,32714575,423000915
2020-12-16,2125,2155,2110,2120,259731,-0.2352941176470588,0,0,-30956,30956,0,0,0,214070,45661,259731,0,0,245026,14705,259731,0,0,-65810765,65810765,0,0,0,456837855,97201135,554038990,0,0,522648620,31390370,554038990
2020-12-17,2110,2120,2065,2065,360438,-2.5943396226415096,0,0,-2651,2651,0,0,0,318898,41540,360438,0,0,321549,38889,360438,0,0,-5565640,5565640,0,0,0,663287940,86395865,749683805,0,0,668853580,80830225,749683805
2020-12-18,2055,2100,2040,2100,306811,1.694915254237288,0,0,-97138,97138,0,0,0,205148,101663,306811,0,0,302286,4525,306811,0,0,-200557735,200557735,0,0,0,424139395,209892705,634032100,0,0,624697130,9334970,634032100
2020-12-21,2090,2095,2000,2025,412076,-3.571428571428571,0,1000,7682,-8682,0,0,1000,372355,38721,412076,0,0,364673,47403,412076,0,2030000,16211135,-18241135,0,0,2030000,755710570,78217785,835958355,0,0,739499435,96458920,835958355
2020-12-22,2030,2030,1955,1965,388914,-2.9629629629629632,0,1000,-4189,3189,0,0,1000,323756,64158,388914,0,0,327945,60969,388914,0,1995000,-8156970,6161970,0,0,1995000,641087460,127138785,770221245,0,0,649244430,120976815,770221245
2020-12-23,1965,1985,1900,1945,489153,-1.0178117048346056,0,0,-25998,25998,0,0,0,391426,97727,489153,0,0,417424,71729,489153,0,0,-50303705,50303705,0,0,0,760799290,190142085,950941375,0,0,811102995,139838380,950941375
2020-12-24,1955,1985,1950,1960,207351,0.7712082262210797,0,0,-40237,40237,0,0,0,152943,54408,207351,0,0,193180,14171,207351,0,0,-79244320,79244320,0,0,0,300336540,107102540,407439080,0,0,379580860,27858220,407439080
2020-12-28,1970,1970,1885,1885,301678,-3.826530612244898,0,0,97238,-97238,0,0,0,290652,11026,301678,0,0,193414,108264,301678,0,0,186189720,-186189720,0,0,0,555710070,21173845,576883915,0,0,369520350,207363565,576883915
2020-12-29,1885,1990,1885,1970,233300,4.509283819628647,0,0,-55856,55856,0,0,0,166749,66551,233300,0,0,222605,10695,233300,0,0,-108626395,108626395,0,0,0,326790765,129646200,456436965,0,0,435417160,21019805,456436965
2020-12-30,1995,2010,1925,2010,192662,2.030456852791878,0,0,644,-644,0,0,0,166249,26413,192662,0,0,165605,27057,192662,0,0,1693320,-1693320,0,0,0,330690550,52252455,382943005,0,0,328997230,53945775,382943005
2021-01-04,2015,2030,1950,1970,287363,-1.9900497512437811,0,10920,27721,-38641,0,0,11000,236028,40335,287363,0,80,208307,78976,287363,0,21411195,55888690,-77299885,0,0,21570000,466565200,79712210,567847410,0,158805,410676510,157012095,567847410
2021-01-05,1970,2030,1960,2010,309578,2.030456852791878,0,213,20186,-20399,0,0,213,240816,68549,309578,0,0,220630,88948,309578,0,429130,40324290,-40753420,0,0,429130,481320495,137010655,618760280,0,0,440996205,177764075,618760280
2021-01-06,2050,2050,1970,1975,193060,-1.7412935323383085,0,-213,38235,-38022,0,0,0,176504,16556,193060,0,213,138269,54578,193060,0,-420640,75832435,-75411795,0,0,0,350767955,33016060,383784015,0,420640,274935520,108427855,383784015
2021-01-07,1975,2015,1960,1970,313739,-0.25316455696202533,0,0,-11577,11577,0,0,0,254688,59051,313739,0,0,266265,47474,313739,0,0,-23347760,23347760,0,0,0,505716715,117317245,623033960,0,0,529064475,93969485,623033960
2021-01-08,1980,1985,1925,1930,316031,-2.030456852791878,0,1000,36378,-37378,0,0,1000,282202,32829,316031,0,0,245824,70207,316031,0,1940000,70535290,-72475290,0,0,1940000,548550515,63965580,614456095,0,0,478015225,136440870,614456095
2021-01-11,1930,1930,1825,1835,496333,-4.922279792746114,0,6000,77342,-83342,0,0,6000,421797,68536,496333,0,0,344455,151878,496333,0,11220000,143652990,-154872990,0,0,11220000,782166620,126994515,920381135,0,0,638513630,281867505,920381135
2021-01-12,1855,1950,1830,1905,295698,3.8147138964577656,0,0,-47885,47885,0,0,0,188730,106968,295698,0,0,236615,59083,295698,0,0,-89288555,89288555,0,0,0,357637955,201663390,559301345,0,0,446926510,112374835,559301345
2021-01-13,1925,1980,1895,1975,328095,3.674540682414698,0,0,5939,-5939,0,0,0,260508,67587,328095,0,0,254569,73526,328095,0,0,11824865,-11824865,0,0,0,507573155,131356980,638930135,0,0,495748290,143181845,638930135
2021-01-14,1975,2020,1930,1965,253160,-0.5063291139240507,0,0,43635,-43635,0,0,0,222293,30867,253160,0,0,178658,74502,253160,0,0,87159055,-87159055,0,0,0,442453695,61319045,503772740,0,0,355294640,148478100,503772740
2021-01-15,1995,2030,1970,2010,325691,2.2900763358778624,0,0,36111,-36111,0,0,0,274965,50726,325691,0,0,238854,86837,325691,0,0,72016210,-72016210,0,0,0,550476810,101492260,651969070,0,0,478460600,173508470,651969070
2021-01-18,2015,2025,1930,1930,231298,-3.9800995024875623,0,0,69608,-69608,0,0,0,211118,20180,231298,0,0,141510,89788,231298,0,0,136062000,-136062000,0,0,0,412703160,39528895,452232055,0,0,276641160,175590895,452232055
2021-01-19,1930,1970,1920,1950,205660,1.0362694300518136,0,0,-52640,52640,0,0,0,129034,76626,205660,0,0,181674,23986,205660,0,0,-102433615,102433615,0,0,0,251338755,149215620,400554375,0,0,353772370,46782005,400554375
2021-01-20,1985,1995,1935,1990,218359,2.051282051282051,0,0,-15379,15379,0,0,0,154789,63570,218359,0,0,170168,48191,218359,0,0,-30328895,30328895,0,0,0,304607790,124896645,429504435,0,0,334936685,94567750,429504435
2021-01-21,2000,2075,1975,2060,696645,3.5175879396984926,0,580,7318,-7898,0,0,1160,587216,108269,696645,0,580,579898,116167,696645,0,1197700,16856045,-18053745,0,0,2389600,1201439435,219331065,1423160100,0,1191900,1184583390,237384810,1423160100
2021-01-22,2050,2460,2030,2180,16011179,5.825242718446602,0,-2660,313859,-311199,0,0,13403,14791269,1206507,16011179,0,16063,14477410,1517706,16011179,0,-4046265,723060035,-719013770,0,0,31144295,33972375515,2740110680,36743630490,0,35190560,33249315480,3459124450,36743630490
2021-01-25,2160,2295,2120,2255,2438766,3.4403669724770642,0,-5183,-3677,8860,0,0,17,2139995,298754,2438766,0,5200,2143672,289894,2438766,0,-11346830,-8329200,19676030,0,0,38455,4744044175,664295110,5408377740,0,11385285,4752373375,644619080,5408377740
2021-01-26,2250,2255,2180,2200,719224,-2.4390243902439024,0,-17,23334,-23317,0,0,0,679370,39854,719224,0,17,656036,63171,719224,0,-37400,52127010,-52089610,0,0,0,1498388995,87673415,1586062410,0,37400,1446261985,139763025,1586062410
2021-01-27,2380,2400,2200,2245,3788812,2.0454545454545454,0,-1800,73156,-71356,0,0,1615,3557295,229902,3788812,0,3415,3484139,301258,3788812,0,-4051525,174957815,-170906290,0,0,3833700,8274018650,530381340,8808233690,0,7885225,8099060835,701287630,8808233690
2021-01-28,2185,2245,2115,2150,645394,-4.231625835189309,0,0,-15124,15124,0,0,713,539828,104853,645394,0,713,554952,89729,645394,0,13720,-30871435,30857715,0,0,1557330,1169630800,225758570,1396946700,0,1543610,1200502235,194900855,1396946700
2021-01-29,2190,2230,2010,2050,836455,-4.651162790697675,0,-4600,21040,-16440,0,0,0,697764,138691,836455,0,4600,676724,155131,836455,0,-9574135,43510225,-33936090,0,0,0,1475803685,293762630,1769566315,0,9574135,1432293460,327698720,1769566315
2021-02-01,2020,2075,1985,2060,586657,0.4878048780487805,0,-2451,-100296,102747,0,0,98,415134,171425,586657,0,2549,515430,68678,586657,0,-5031490,-201272915,206304405,0,0,199430,842943400,345911550,1189054380,0,5230920,1044216315,139607145,1189054380
2021-02-02,2080,2165,2055,2160,622940,4.854368932038835,0,-6140,-95897,102037,0,0,0,444224,178716,622940,0,6140,540121,76679,622940,0,-12987300,-201276705,214264005,0,0,0,946850045,378309335,1325159380,0,12987300,1148126750,164045330,1325159380
2021-02-03,2180,2190,2130,2165,350601,0.23148148148148145,0,-8000,-27855,35855,0,0,0,276791,73810,350601,0,8000,304646,37955,350601,0,-17215000,-60261930,77476930,0,0,0,596659670,159406095,756065765,0,17215000,656921600,81929165,756065765
2021-02-04,2145,2185,2110,2120,275783,-2.0785219399538106,0,0,2278,-2278,0,0,0,238233,37550,275783,0,0,235955,39828,275783,0,0,4886275,-4886275,0,0,0,508155405,80227125,588382530,0,0,503269130,85113400,588382530
2021-02-05,2135,2155,2045,2080,310774,-1.8867924528301887,0,0,27977,-27977,0,0,0,269527,41247,310774,0,0,241550,69224,310774,0,0,59280960,-59280960,0,0,0,562001610,85540075,647541685,0,0,502720650,144821035,647541685
2021-02-08,2085,2140,2035,2130,341110,2.403846153846154,0,0,-42780,42780,0,0,0,260807,80303,341110,0,0,303587,37523,341110,0,0,-89499455,89499455,0,0,0,543634675,167506330,711141005,0,0,633134130,78006875,711141005
2021-02-09,2125,2135,2070,2090,249961,-1.8779342723004695,0,0,60358,-60358,0,0,0,236002,13959,249961,0,0,175644,74317,249961,0,0,126480990,-126480990,0,0,0,495798875,29551925,525350800,0,0,369317885,156032915,525350800
2021-02-10,2085,2105,2040,2065,211673,-1.1961722488038278,0,-899,45217,-44318,0,0,0,195217,16456,211673,0,899,150000,60774,211673,0,-1866435,93341690,-91475255,0,0,0,402405710,33712525,436118235,0,1866435,309064020,125187780,436118235
2021-02-15,2085,2115,2055,2105,251726,1.937046004842615,0,-8501,-62393,70894,0,0,0,158021,93705,251726,0,8501,220414,22811,251726,0,-17842080,-130239705,148081785,0,0,0,330481715,195608235,526089950,0,17842080,460721420,47526450,526089950
2021-02-16,2105,2150,2070,2145,389714,1.9002375296912115,0,0,-76611,76611,0,0,0,290391,99323,389714,0,0,367002,22712,389714,0,0,-162584115,162584115,0,0,0,613126975,210247060,823374035,0,0,775711090,47662945,823374035
2021-02-17,2190,2190,2100,2145,424544,0.0,0,0,30569,-30569,0,0,0,386236,38308,424544,0,0,355667,68877,424544,0,0,66362760,-66362760,0,0,0,827073180,82086020,909159200,0,0,760710420,148448780,909159200
2021-02-18,2170,2250,2135,2165,769343,0.9324009324009324,0,0,-85342,85342,0,0,0,627175,142168,769343,0,0,712517,56826,769343,0,0,-186833280,186833280,0,0,0,1373372775,310603165,1683975940,0,0,1560206055,123769885,1683975940
2021-02-19,2185,2230,2095,2120,451778,-2.0785219399538106,0,0,128139,-128139,0,0,101,426310,25367,451778,0,101,298171,153506,451778,0,-1920,277846675,-277844755,0,0,218730,918014990,54420020,972653740,0,220650,640168315,332264775,972653740
2021-02-22,2150,2155,2070,2095,227117,-1.179245283018868,0,0,-4686,4686,0,0,0,196708,30409,227117,0,0,201394,25723,227117,0,0,-10179225,10179225,0,0,0,417015775,64723630,481739405,0,0,427195000,54544405,481739405
2021-02-23,2075,2280,2045,2190,2104935,4.534606205250596,0,0,-10205,10205,0,0,0,1749590,355345,2104935,0,0,1759795,345140,2104935,0,0,-18284710,18284710,0,0,0,3806555310,767348595,4573903905,0,0,3824840020,749063885,4573903905
2021-02-24,2190,2230,2050,2070,959210,-5.47945205479452,0,0,95818,-95818,0,0,0,827832,131378,959210,0,0,732014,227196,959210,0,0,210826895,-210826895,0,0,0,1786818795,280675970,2067494765,0,0,1575991900,491502865,2067494765
2021-02-25,2155,2180,2080,2115,297130,2.1739130434782608,0,1459,-2048,589,0,0,3000,233670,60460,297130,0,1541,235718,59871,297130,0,3071125,-4102055,1030930,0,0,6345000,496053160,127912915,630311075,0,3273875,500155215,126881985,630311075
2021-02-26,2040,2090,2020,2060,325815,-2.6004728132387704,0,0,17555,-17555,0,0,0,289639,36176,325815,0,0,272084,53731,325815,0,0,36123315,-36123315,0,0,0,594753115,74481830,669234945,0,0,558629800,110605145,669234945
2021-03-02,2100,2170,2060,2125,267719,3.1553398058252426,0,-913,1152,-239,0,0,137,217703,49879,267719,0,1050,216551,50118,267719,0,-1917855,1514115,403740,0,0,288145,457328935,105510000,563127080,0,2206000,455814820,105106260,563127080
2021-03-03,2235,2235,2120,2140,609788,0.7058823529411765,0,-279,39681,-39402,0,0,0,557120,52668,609788,0,279,517439,92070,609788,0,-597060,88702900,-88105840,0,0,0,1210837045,113288760,1324125805,0,597060,1122134145,201394600,1324125805
2021-03-04,2185,2245,2145,2155,962576,0.7009345794392523,0,0,-93249,93249,0,0,0,816945,145631,962576,0,0,910194,52382,962576,0,0,-204495960,204495960,0,0,0,1788397955,319156540,2107554495,0,0,1992893915,114660580,2107554495
2021-03-05,2155,2180,2095,2130,339094,-1.160092807424594,0,-2521,14861,-12340,0,0,0,289498,49596,339094,0,2521,274637,61936,339094,0,-5300875,31692930,-26392055,0,0,0,613891930,105643290,719535220,0,5300875,582199000,132035345,719535220
2021-03-08,2160,2180,2070,2070,243543,-2.8169014084507045,9523,0,16104,-25627,0,9523,0,210596,23424,243543,0,0,194492,49051,243543,19996030,0,34223545,-54219575,0,19996030,0,442689985,49260485,511946500,0,0,408466440,103480060,511946500
2021-03-09,2055,2100,1980,2050,435593,-0.966183574879227,9901,0,10665,-20566,0,9901,0,349652,76040,435593,0,0,338987,96606,435593,19997590,0,23115545,-43113135,0,19997590,0,708762230,153671150,882430970,0,0,685646685,196784285,882430970
2021-03-10,2080,2085,1980,1990,252487,-2.9268292682926833,4902,0,14970,-19872,0,4902,0,217651,29934,252487,0,0,202681,49806,252487,9999840,0,30852665,-40852505,0,9999840,0,439053635,59882680,508936155,0,0,408200970,100735185,508936155
2021-03-11,2020,2040,1990,2020,164244,1.507537688442211,0,-3000,-10302,13302,0,0,0,133127,31117,164244,0,3000,143429,17815,164244,0,-6045000,-20750600,26795600,0,0,0,267251195,62536355,329787550,0,6045000,288001795,35740755,329787550
2021-03-12,2010,2045,1995,2020,128360,0.0,0,0,-33180,33180,0,0,0,81830,46530,128360,0,0,115010,13350,128360,0,0,-66962805,66962805,0,0,0,165746000,94153680,259899680,0,0,232708805,27190875,259899680
2021-03-15,2055,2055,2000,2020,136567,0.0,0,0,-5645,5645,0,0,0,122264,14303,136567,0,0,127909,8658,136567,0,0,-11292975,11292975,0,0,0,246353565,28819785,275173350,0,0,257646540,17526810,275173350
2021-03-16,2020,2040,2015,2025,173505,0.24752475247524752,0,0,741,-741,0,0,0,155575,17930,173505,0,0,154834,18671,173505,0,0,1440555,-1440555,0,0,0,315212580,36397245,351609825,0,0,313772025,37837800,351609825
2021-03-17,2025,2025,2005,2010,119386,-0.7407407407407408,0,0,-7715,7715,0,0,0,100894,18492,119386,0,0,108609,10777,119386,0,0,-15534080,15534080,0,0,0,203515030,37253065,240768095,0,0,219049110,21718985,240768095
2021-03-18,2005,2040,2005,2010,160382,0.0,0,0,-34386,34386,0,0,0,120999,39383,160382,0,0,155385,4997,160382,0,0,-69500940,69500940,0,0,0,244316125,79598450,323914575,0,0,313817065,10097510,323914575
2021-03-19,2030,2055,2005,2020,201980,0.4975124378109453,0,0,11593,-11593,0,0,0,183170,18810,201980,0,0,171577,30403,201980,0,0,23320880,-23320880,0,0,0,371892075,38210560,410102635,0,0,348571195,61531440,410102635
2021-03-22,2025,2030,1975,1985,272487,-1.7326732673267329,0,0,47123,-47123,0,0,0,267154,5333,272487,0,0,220031,52456,272487,0,0,93880690,-93880690,0,0,0,531088290,10607645,541695935,0,0,437207600,104488335,541695935
2021-03-23,1990,2000,1930,1935,308438,-2.518891687657431,0,0,-2954,2954,0,0,0,257962,50476,308438,0,0,260916,47522,308438,0,0,-4934180,4934180,0,0,0,501324240,97749230,599073470,0,0,506258420,92815050,599073470
2021-03-24,1930,1960,1890,1940,158752,0.2583979328165375,0,0,-10973,10973,0,0,0,124293,34459,158752,0,0,135266,23486,158752,0,0,-21078325,21078325,0,0,0,238016775,66161775,304178550,0,0,259095100,45083450,304178550
2021-03-25,1935,1955,1895,1910,186119,-1.5463917525773196,0,0,948,-948,0,0,0,167161,18958,186119,0,0,166213,19906,186119,0,0,2014225,-2014225,0,0,0,318548995,36020130,354569125,0,0,316534770,38034355,354569125
2021-03-26,1920,1925,1880,1880,208525,-1.5706806282722512,0,-137,8775,-8638,0,0,0,203797,4728,208525,0,137,195022,13366,208525,0,-261670,16668055,-16406385,0,0,0,385350410,8986940,394337350,0,261670,368682355,25393325,394337350
2021-03-29,1870,1890,1850,1860,208850,-1.0638297872340425,0,0,-20252,20252,0,0,0,186479,22371,208850,0,0,206731,2119,208850,0,0,-37907260,37907260,0,0,0,347277330,41871620,389148950,0,0,385184590,3964360,389148950
2021-03-30,1880,1910,1855,1890,264399,1.6129032258064515,0,0,-16696,16696,0,0,0,227834,36565,264399,0,0,244530,19869,264399,0,0,-30941090,30941090,0,0,0,427121215,68312300,495433515,0,0,458062305,37371210,495433515
2021-03-31,1895,2175,1870,1995,2168487,5.555555555555555,-2400,0,50474,-48074,0,0,409,2044404,123674,2168487,2400,409,1993930,171748,2168487,-5112000,-21335,110132115,-104998780,0,0,768920,4159154830,248557705,4408481455,5112000,790255,4049022715,353556485,4408481455
2021-04-01,2000,2005,1945,2000,340313,0.2506265664160401,0,0,2940,-2940,0,0,0,320125,20188,340313,0,0,317185,23128,340313,0,0,5942760,-5942760,0,0,0,630031715,39787510,669819225,0,0,624088955,45730270,669819225
2021-04-02,2000,2000,1960,1975,199958,-1.25,0,0,5289,-5289,0,0,0,195476,4482,199958,0,0,190187,9771,199958,0,0,10492255,-10492255,0,0,0,386238475,8841790,395080265,0,0,375746220,19334045,395080265
2021-04-05,1970,2045,1965,2010,336692,1.7721518987341773,0,0,-101068,101068,0,0,0,231168,105524,336692,0,0,332236,4456,336692,0,0,-204099870,204099870,0,0,0,463528710,213031565,676560275,0,0,667628580,8931695,676560275
2021-04-06,2035,2040,1970,1990,215389,-0.9950248756218906,0,0,-12614,12614,0,0,0,184655,30734,215389,0,0,197269,18120,215389,0,0,-24807815,24807815,0,0,0,368542770,61289730,429832500,0,0,393350585,36481915,429832500
2021-04-07,2010,2015,1980,2005,162912,0.7537688442211055,0,0,-44605,44605,0,0,0,115723,47189,162912,0,0,160328,2584,162912,0,0,-89412160,89412160,0,0,0,231614255,94578300,326192555,0,0,321026415,5166140,326192555
2021-04-08,2000,2015,1985,1995,135660,-0.4987531172069825,0,0,4264,-4264,0,0,0,129304,6356,135660,0,0,125040,10620,135660,0,0,8512700,-8512700,0,0,0,257781515,12687940,270469455,0,0,249268815,21200640,270469455
2021-04-09,2010,2010,1985,1995,135328,0.0,0,0,-30908,30908,0,0,0,96048,39280,135328,0,0,126956,8372,135328,0,0,-61706255,61706255,0,0,0,191457770,78406670,269864440,0,0,253164025,16700415,269864440
2021-04-12,1995,2010,1980,2005,165748,0.5012531328320802,0,0,-48043,48043,0,0,0,112155,53593,165748,0,0,160198,5550,165748,0,0,-95947280,95947280,0,0,0,224090920,107015555,331106475,0,0,320038200,11068275,331106475
2021-04-13,2005,2040,1990,2020,220287,0.7481296758104738,0,276,-27646,27370,0,0,721,186661,32905,220287,0,445,214307,5535,220287,0,555605,-55547035,54991430,0,0,1445605,374717705,66132090,442295400,0,890000,430264740,11140660,442295400
2021-04-14,2030,2050,2000,2035,215582,0.7425742574257426,0,0,7339,-7339,0,0,0,197625,17957,215582,0,0,190286,25296,215582,0,0,15030020,-15030020,0,0,0,399283010,36220180,435503190,0,0,384252990,51250200,435503190
2021-04-15,2025,2040,2015,2030,175406,-0.2457002457002457,0,0,-12942,12942,0,0,0,155458,19948,175406,0,0,168400,7006,175406,0,0,-26210105,26210105,0,0,0,314598625,40391750,354990375,0,0,340808730,14181645,354990375
2021-04-16,2035,2040,1995,2015,162644,-0.7389162561576355,0,0,1733,-1733,0,0,0,156249,6395,162644,0,0,154516,8128,162644,0,0,3434655,-3434655,0,0,0,314011545,12886425,326897970,0,0,310576890,16321080,326897970
2021-04-19,2020,2125,1990,2025,654006,0.49627791563275436,0,-721,58554,-57833,0,0,0,602625,51381,654006,0,721,544071,109214,654006,0,-1506970,122063650,-120556680,0,0,0,1234137365,104146395,1338283760,0,1506970,1112073715,224703075,1338283760
2021-04-20,2035,2095,2015,2070,410112,2.2222222222222223,0,0,-93357,93357,0,0,0,285336,124776,410112,0,0,378693,31419,410112,0,0,-191322980,191322980,0,0,0,586213720,255992100,842205820,0,0,777536700,64669120,842205820
2021-04-21,2060,2080,2035,2055,192337,-0.7246376811594203,0,0,-27043,27043,0,0,0,160248,32089,192337,0,0,187291,5046,192337,0,0,-55657355,55657355,0,0,0,329241625,66069190,395310815,0,0,384898980,10411835,395310815
2021-04-22,2045,2100,2035,2050,307641,-0.24330900243309003,0,-535,-29155,29690,0,0,0,253913,53728,307641,0,535,283068,24038,307641,0,-1104775,-60200870,61305645,0,0,0,524851925,110928175,635780100,0,1104775,585052795,49622530,635780100
2021-04-23,2070,2070,2035,2055,162765,0.24390243902439024,0,-465,-15205,15670,0,0,0,142017,20748,162765,0,465,157222,5078,162765,0,-957900,-31209325,32167225,0,0,0,290865940,42568370,333434310,0,957900,322075265,10401145,333434310
2021-04-26,2075,2075,2040,2065,194398,0.48661800486618007,0,-3100,-11538,14638,0,0,0,163092,31306,194398,0,3100,174630,16668,194398,0,-6417000,-23751900,30168900,0,0,0,336250145,64536075,400786220,0,6417000,360002045,34367175,400786220
2021-04-27,2060,2085,2050,2070,174996,0.24213075060532688,0,0,-23645,23645,0,0,0,134383,40613,174996,0,0,158028,16968,174996,0,0,-48945265,48945265,0,0,0,277140990,83901940,361042930,0,0,326086255,34956675,361042930
2021-04-28,2070,2090,2035,2045,244210,-1.2077294685990339,0,0,22343,-22343,0,0,0,228871,15339,244210,0,0,206528,37682,244210,0,0,46046250,-46046250,0,0,0,471288810,31674295,502963105,0,0,425242560,77720545,502963105
2021-04-29,2030,2045,2000,2025,191563,-0.9779951100244498,0,0,-27593,27593,0,0,0,151264,40299,191563,0,0,178857,12706,191563,0,0,-56086740,56086740,0,0,0,306692695,81839615,388532310,0,0,362779435,25752875,388532310
2021-04-30,2045,2070,2020,2030,221124,0.24691358024691357,0,-5900,-28031,33931,0,0,0,162048,59076,221124,0,5900,190079,25145,221124,0,-12154000,-57080985,69234985,0,0,0,331193035,120618475,451811510,0,12154000,388274020,51383490,451811510
2021-05-03,2050,2120,2045,2105,511780,3.6945812807881775,0,-6059,-47475,53534,0,0,0,410808,100972,511780,0,6059,458283,47438,511780,0,-12613900,-98348345,110962245,0,0,0,860382520,210311975,1070694495,0,12613900,958730865,99349730,1070694495
2021-05-04,2110,2135,2045,2090,337335,-0.7125890736342043,9638,0,-289,-9349,0,9638,0,282651,45046,337335,0,0,282940,54395,337335,19996550,0,-93345,-19903205,0,19996550,0,587273720,93506245,700776515,0,0,587367065,113409450,700776515
2021-05-06,2095,2165,2075,2155,574936,3.110047846889952,2392,-3941,-88663,90212,0,2392,0,446344,126200,574936,0,3941,535007,35988,574936,4999280,-8315510,-188791100,192107330,0,4999280,0,956871700,269108180,1230979160,0,8315510,1145662800,77000850,1230979160
2021-05-07,2155,2180,2125,2160,554519,0.23201856148491878,4661,0,-6581,1920,0,4661,0,477750,72108,554519,0,0,484331,70188,554519,9997635,0,-13472030,3474395,0,9997635,0,1030946315,155055215,1195999165,0,0,1044418345,151580820,1195999165
2021-05-10,2160,2180,2125,2170,329943,0.4629629629629629,0,7000,-65124,58124,0,0,7000,232842,90101,329943,0,0,297966,31977,329943,0,14970000,-140171980,125201980,0,0,14970000,501350890,194096760,710417650,0,0,641522870,68894780,710417650
2021-05-11,2140,2210,2140,2195,377311,1.1520737327188941,0,0,-98037,98037,0,0,0,244480,132831,377311,0,0,342517,34794,377311,0,0,-213382190,213382190,0,0,0,533458350,289303865,822762215,0,0,746840540,75921675,822762215
2021-05-12,2200,2200,2095,2115,357233,-3.644646924829157,0,0,-10657,10657,0,0,0,308614,48619,357233,0,0,319271,37962,357233,0,0,-21951795,21951795,0,0,0,657544365,103343755,760888120,0,0,679496160,81391960,760888120
2021-05-13,2095,2160,2080,2115,242842,0.0,0,0,-47689,47689,0,0,0,176892,65950,242842,0,0,224581,18261,242842,0,0,-100961300,100961300,0,0,0,375175455,139757600,514933055,0,0,476136755,38796300,514933055
2021-05-14,2175,2175,2105,2145,196780,1.4184397163120568,0,0,-28150,28150,0,0,0,154950,41830,196780,0,0,183100,13680,196780,0,0,-59849990,59849990,0,0,0,331534095,89239095,420773190,0,0,391384085,29389105,420773190
2021-05-17,2170,2170,2135,2135,192655,-0.4662004662004662,0,0,-5585,5585,0,0,0,170299,22356,192655,0,0,175884,16771,192655,0,0,-11945555,11945555,0,0,0,366617525,48095330,414712855,0,0,378563080,36149775,414712855
2021-05-18,2135,2270,2120,2160,361457,1.1709601873536302,0,0,2268,-2268,0,0,0,326562,34895,361457,0,0,324294,37163,361457,0,0,5900230,-5900230,0,0,0,714975925,76226370,791202295,0,0,709075695,82126600,791202295
2021-05-20,2160,2175,2100,2135,168615,-1.1574074074074074,0,0,14330,-14330,0,0,0,156798,11817,168615,0,0,142468,26147,168615,0,0,30575350,-30575350,0,0,0,332390910,25047250,357438160,0,0,301815560,55622600,357438160
2021-05-21,2125,2140,2020,2050,294727,-3.9812646370023423,0,0,15996,-15996,0,0,0,275755,18972,294727,0,0,259759,34968,294727,0,0,34103555,-34103555,0,0,0,574068930,39612100,613681030,0,0,539965375,73715655,613681030
2021-05-24,2030,2030,1950,1970,237946,-3.902439024390244,0,0,11453,-11453,0,0,0,219938,18008,237946,0,0,208485,29461,237946,0,0,22775215,-22775215,0,0,0,437396575,35906770,473303345,0,0,414621360,58681985,473303345
2021-05-25,1980,2010,1980,1990,131549,1.015228426395939,0,0,21890,-21890,0,0,0,130579,970,131549,0,0,108689,22860,131549,0,0,43701250,-43701250,0,0,0,260821470,1941155,262762625,0,0,217120220,45642405,262762625
2021-05-26,2000,2070,1990,2055,270927,3.2663316582914574,0,0,-52302,52302,0,0,0,209220,61707,270927,0,0,261522,9405,270927,0,0,-106094930,106094930,0,0,0,423869285,125092650,548961935,0,0,529964215,18997720,548961935
2021-05-27,2060,2140,2060,2135,427872,3.8929440389294405,0,0,-87012,87012,0,0,0,336967,90905,427872,0,0,423979,3893,427872,0,0,-183417505,183417505,0,0,0,710434040,191597955,902031995,0,0,893851545,8180450,902031995
2021-05-28,2145,2210,2120,2170,940462,1.639344262295082,0,0,-84304,84304,0,0,0,785311,155151,940462,0,0,869615,70847,940462,0,0,-182645480,182645480,0,0,0,1711287635,336830475,2048118110,0,0,1893933115,154184995,2048118110
2021-05-31,2190,2195,2140,2190,337886,0.9216589861751152,0,0,-26824,26824,0,0,0,288996,48890,337886,0,0,315820,22066,337886,0,0,-57934030,57934030,0,0,0,629601670,105879970,735481640,0,0,687535700,47945940,735481640
2021-06-01,2225,2340,2150,2170,3250063,-0.91324200913242,0,-7000,297352,-290352,0,0,0,3093629,156434,3250063,0,7000,2796277,446786,3250063,0,-16170000,672152645,-655982645,0,0,0,6954703975,350360965,7305064940,0,16170000,6282551330,1006343610,7305064940
2021-06-02,2170,2335,2150,2320,2143778,6.912442396313365,0,0,-295531,295531,0,0,0,1768839,374939,2143778,0,0,2064370,79408,2143778,0,0,-653660475,653660475,0,0,0,4051061685,835302630,4886364315,0,0,4704722160,181642155,4886364315
2021-06-03,2345,2350,2250,2285,1029793,-1.5086206896551724,0,4800,214527,-219327,0,0,4800,994064,30929,1029793,0,0,779537,250256,1029793,0,10848000,489246515,-500094515,0,0,10848000,2263929085,70604235,2345381320,0,0,1774682570,570698750,2345381320
2021-06-04,2285,2295,2230,2250,469264,-1.5317286652078774,0,0,-27882,27882,0,0,0,398226,71038,469264,0,0,426108,43156,469264,0,0,-62810465,62810465,0,0,0,897427170,160308150,1057735320,0,0,960237635,97497685,1057735320
2021-06-07,2285,2290,2195,2255,391418,0.2222222222222222,0,2000,-45347,43347,0,0,2000,330474,58944,391418,0,0,375821,15597,391418,0,4470000,-100564230,96094230,0,0,4470000,737017155,131195615,872682770,0,0,837581385,35101385,872682770
2021-06-08,2255,2260,2210,2220,341132,-1.5521064301552108,0,1000,-6719,5719,0,0,1000,301585,38547,341132,0,0,308304,32828,341132,0,2232500,-15113855,12881355,0,0,2232500,671563110,86006060,759801670,0,0,686676965,73124705,759801670
2021-06-09,2245,2245,2190,2190,246966,-1.3513513513513513,0,0,1608,-1608,0,0,0,221215,25751,246966,0,0,219607,27359,246966,0,0,4111835,-4111835,0,0,0,489393020,56790365,546183385,0,0,485281185,60902200,546183385
2021-06-10,2190,2240,2160,2210,274606,0.91324200913242,0,500,-16516,16016,0,0,500,234752,39354,274606,0,0,251268,23338,274606,0,1100000,-36655770,35555770,0,0,1100000,516886495,86985605,604972100,0,0,553542265,51429835,604972100
2021-06-11,2225,2225,2150,2165,249145,-2.0361990950226243,-21758,0,56054,-34296,0,0,0,242173,6972,249145,21758,0,186119,41268,249145,-47323650,0,122535730,-75212080,0,0,0,528224715,15209290,543434005,47323650,0,405688985,90421370,543434005
2021-06-14,2155,2195,2155,2165,246035,0.0,-26898,0,18947,7951,0,0,0,222674,23361,246035,26898,0,203727,15410,246035,-58237470,0,41077710,17159760,0,0,0,483328860,50661015,533989875,58237470,0,442251150,33501255,533989875
2021-06-15,2175,2210,2155,2190,194974,1.1547344110854503,0,0,-28004,28004,0,0,0,157291,37683,194974,0,0,185295,9679,194974,0,0,-61045745,61045745,0,0,0,342490180,82081185,424571365,0,0,403535925,21035440,424571365
2021-06-16,2190,2245,2175,2240,459956,2.28310502283105,0,0,-90773,90773,0,0,0,364183,95773,459956,0,0,454956,5000,459956,0,0,-200549490,200549490,0,0,0,808447900,211613050,1020060950,0,0,1008997390,11063560,1020060950
2021-06-17,2240,2270,2210,2235,431958,-0.2232142857142857,0,0,9358,-9358,0,0,0,402102,29856,431958,0,0,392744,39214,431958,0,0,20879095,-20879095,0,0,0,900679285,66967170,967646455,0,0,879800190,87846265,967646455
2021-06-18,2255,2255,2185,2195,338312,-1.7897091722595078,0,0,-7774,7774,0,0,0,303120,35192,338312,0,0,310894,27418,338312,0,0,-17847380,17847380,0,0,0,670777630,78350785,749128415,0,0,688625010,60503405,749128415
2021-06-21,2190,2190,2100,2130,335003,-2.9612756264236904,0,0,8597,-8597,0,0,0,290161,44842,335003,0,0,281564,53439,335003,0,0,19104480,-19104480,0,0,0,623465535,95887715,719353250,0,0,604361055,114992195,719353250
2021-06-22,2140,2160,2125,2140,201906,0.4694835680751174,0,99,24011,-24110,0,0,99,191476,10331,201906,0,0,167465,34441,201906,0,210870,51366375,-51577245,0,0,210870,409288250,22084525,431583645,0,0,357921875,73661770,431583645
2021-06-23,2140,2150,2095,2135,310442,-0.23364485981308408,0,0,55543,-55543,0,0,0,309098,1344,310442,0,0,253555,56887,310442,0,0,117420910,-117420910,0,0,0,653420350,2832500,656252850,0,0,535999440,120253410,656252850
2021-06-24,2140,2145,2050,2065,425908,-3.278688524590164,0,431,40682,-41113,0,0,431,397288,28189,425908,0,0,356606,69302,425908,0,893775,85223170,-86116945,0,0,893775,825459340,58173535,884526650,0,0,740236170,144290480,884526650
2021-06-25,2090,2140,2080,2130,168406,3.14769975786925,0,70,-12072,12002,0,0,70,148632,19704,168406,0,0,160704,7702,168406,0,146300,-25152950,25006650,0,0,146300,313281310,41299920,354727530,0,0,338434260,16293270,354727530
2021-06-28,2130,2145,2115,2120,113732,-0.4694835680751174,0,0,12793,-12793,0,0,0,110832,2900,113732,0,0,98039,15693,113732,0,0,27145255,-27145255,0,0,0,235267065,6154065,241421130,0,0,208121810,33299320,241421130
2021-06-29,2130,2130,2090,2130,145018,0.4716981132075472,0,0,22374,-22374,0,0,0,137821,7197,145018,0,0,115447,29571,145018,0,0,47064405,-47064405,0,0,0,289978205,15153290,305131495,0,0,242913800,62217695,305131495
2021-06-30,2120,2135,2085,2115,232174,-0.7042253521126761,0,0,4307,-4307,0,0,0,223349,8825,232174,0,0,219042,13132,232174,0,0,9206950,-9206950,0,0,0,470862220,18583225,489445445,0,0,461655270,27790175,489445445
2021-07-01,2110,2130,2080,2100,187711,-0.7092198581560284,0,0,-19602,19602,0,0,0,163236,24475,187711,0,0,182838,4873,187711,0,0,-41153530,41153530,0,0,0,342332595,51390095,393722690,0,0,383486125,10236565,393722690
2021-07-02,2110,2130,2095,2120,162369,0.9523809523809524,0,0,-27996,27996,0,0,0,130710,31659,162369,0,0,158706,3663,162369,0,0,-59170960,59170960,0,0,0,276164710,66911955,343076665,0,0,335335670,7740995,343076665
2021-07-05,2120,2125,2085,2100,172645,-0.9433962264150944,0,500,7578,-8078,0,0,500,167359,4786,172645,0,0,159781,12864,172645,0,1050000,16052705,-17102705,0,0,1050000,351981310,10060625,363091935,0,0,335928605,27163330,363091935
2021-07-06,2095,2110,2080,2110,221035,0.4761904761904762,0,0,-35626,35626,0,0,0,178498,42537,221035,0,0,214124,6911,221035,0,0,-74786440,74786440,0,0,0,373608405,89268445,462876850,0,0,448394845,14482005,462876850
2021-07-07,2100,2115,2080,2100,223913,-0.47393364928909953,0,0,-7420,7420,0,0,0,198230,25683,223913,0,0,205650,18263,223913,0,0,-15513525,15513525,0,0,0,415341785,53753990,469095775,0,0,430855310,38240465,469095775
2021-07-08,2100,2100,2045,2075,395671,-1.1904761904761905,0,94,86567,-86661,0,0,94,388394,7183,395671,0,0,301827,93844,395671,0,194580,179318335,-179512915,0,0,194580,802510950,14863580,817569110,0,0,623192615,194376495,817569110
2021-07-09,2035,2055,1985,2005,462752,-3.3734939759036147,0,-3500,38058,-34558,0,0,0,441398,21354,462752,0,3500,403340,55912,462752,0,-7070000,76800495,-69730495,0,0,0,885632440,42964800,928597240,0,7070000,808831945,112695295,928597240
2021-07-12,2000,2020,1985,2010,93252,0.24937655860349126,0,0,5215,-5215,0,0,0,85617,7635,93252,0,0,80402,12850,93252,0,0,10420810,-10420810,0,0,0,172012985,15341265,187354250,0,0,161592175,25762075,187354250
2021-07-13,2020,2065,2010,2060,168688,2.4875621890547266,0,0,1718,-1718,0,0,0,144022,24666,168688,0,0,142304,26384,168688,0,0,3932365,-3932365,0,0,0,293989815,50074390,344064205,0,0,290057450,54006755,344064205
2021-07-14,2060,2060,2020,2030,109380,-1.4563106796116505,0,0,12645,-12645,0,0,0,92789,16591,109380,0,0,80144,29236,109380,0,0,26003930,-26003930,0,0,0,188904825,33614950,222519775,0,0,162900895,59618880,222519775
2021-07-15,2050,2050,2020,2040,118697,0.49261083743842365,0,106,-7172,7066,0,0,106,97825,20766,118697,0,0,104997,13700,118697,0,215180,-14517540,14302360,0,0,215180,198758310,42139475,241112965,0,0,213275850,27837115,241112965
2021-07-16,2040,2045,2000,2035,160831,-0.24509803921568626,0,97,30249,-30346,0,0,97,155857,4877,160831,0,0,125608,35223,160831,0,194485,60991765,-61186250,0,0,194485,314352315,9878980,324425780,0,0,253360550,71065230,324425780
2021-07-19,2005,2030,1990,2000,152655,-1.71990171990172,0,40,44023,-44063,0,0,40,149794,2821,152655,0,0,105771,46884,152655,0,80000,88427000,-88507000,0,0,80000,300425830,5688425,306194255,0,0,211998830,94195425,306194255
2021-07-20,1955,1995,1955,1970,201395,-1.5,5076,63,1887,-7026,0,5076,63,168655,27601,201395,0,0,166768,34627,201395,9923580,124195,3849945,-13897720,0,9923580,124195,332559410,54354885,396962070,0,0,328709465,68252605,396962070
2021-07-21,2000,2000,1935,1940,188590,-1.5228426395939088,5102,0,31880,-36982,0,5102,0,180440,3048,188590,0,0,148560,40030,188590,9999660,0,62615655,-72615315,0,9999660,0,352336645,5962150,368298455,0,0,289720990,78577465,368298455
2021-07-22,1950,1980,1915,1940,371127,0.0,0,0,-55576,55576,0,0,0,300268,70859,371127,0,0,355844,15283,371127,0,0,-107106855,107106855,0,0,0,582089965,137075355,719165320,0,0,689196820,29968500,719165320
2021-07-23,1940,1955,1920,1955,110307,0.7731958762886598,0,100,3858,-3958,0,0,100,101693,8514,110307,0,0,97835,12472,110307,0,194500,7516575,-7711075,0,0,194500,197378650,16530150,214103300,0,0,189862075,24241225,214103300
2021-07-26,1970,1970,1910,1935,178355,-1.0230179028132993,0,-4800,52874,-48074,0,0,0,178055,300,178355,0,4800,125181,48374,178355,0,-9192000,101693605,-92501605,0,0,0,342827805,577000,343404805,0,9192000,241134200,93078605,343404805
2021-07-27,1935,1955,1910,1935,200233,0.0,0,0,28217,-28217,0,0,0,196194,4039,200233,0,0,167977,32256,200233,0,0,54286055,-54286055,0,0,0,377514495,7790395,385304890,0,0,323228440,62076450,385304890
2021-07-28,1930,1940,1890,1925,186329,-0.516795865633075,0,0,39662,-39662,0,0,0,182755,3574,186329,0,0,143093,43236,186329,0,0,75754505,-75754505,0,0,0,348760485,6843730,355604215,0,0,273005980,82598235,355604215
2021-07-29,1915,1930,1900,1925,128446,0.0,0,68,24314,-24382,0,0,68,128278,100,128446,0,0,103964,24482,128446,0,129540,46515930,-46645470,0,0,129540,245129660,190000,245449200,0,0,198613730,46835470,245449200
2021-07-30,1910,1930,1885,1930,157986,0.2597402597402597,0,-500,27054,-26554,0,0,0,157608,378,157986,0,500,130554,26932,157986,0,-947500,51428490,-50480990,0,0,0,300550075,718050,301268125,0,947500,249121585,51199040,301268125
2021-08-02,2005,2150,1925,1945,1919464,0.7772020725388601,0,1000,239494,-240494,0,0,1000,1845734,72730,1919464,0,0,1606240,313224,1919464,0,2036000,482492035,-484528035,0,0,2036000,3721261875,146573460,3869871335,0,0,3238769840,631101495,3869871335
2021-08-03,1980,1980,1900,1900,277557,-2.313624678663239,0,1900,7543,-9443,0,0,2500,260859,14198,277557,0,600,253316,23641,277557,0,3711500,14438885,-18150385,0,0,4872500,502218615,27415390,534506505,0,1161000,487779730,45565775,534506505
2021-08-04,1910,1920,1880,1920,196720,1.0526315789473684,0,0,-32385,32385,0,0,0,149238,47482,196720,0,0,181623,15097,196720,0,0,-61164895,61164895,0,0,0,284033300,89995515,374028815,0,0,345198195,28830620,374028815
2021-08-05,1920,1935,1905,1925,88834,0.26041666666666663,0,1004,-1420,416,0,0,1004,75220,12610,88834,0,0,76640,12194,88834,0,1932700,-2733530,800830,0,0,1932700,144550315,24226865,170709880,0,0,147283845,23426035,170709880
2021-08-06,1925,1925,1905,1920,112007,-0.2597402597402597,0,1000,-2948,1948,0,0,1000,96349,14658,112007,0,0,99297,12710,112007,0,1920000,-5657625,3737625,0,0,1920000,184392275,28088875,214401150,0,0,190049900,24351250,214401150
2021-08-09,1925,1925,1895,1895,135060,-1.3020833333333335,0,0,20802,-20802,0,0,0,126221,8839,135060,0,0,105419,29641,135060,0,0,39597005,-39597005,0,0,0,239866480,16834380,256700860,0,0,200269475,56431385,256700860
2021-08-10,1895,1900,1865,1890,213854,-0.2638522427440633,0,0,12460,-12460,0,0,0,206159,7695,213854,0,0,193699,20155,213854,0,0,23406490,-23406490,0,0,0,387258640,14504845,401763485,0,0,363852150,37911335,401763485
2021-08-11,1870,1885,1855,1870,136069,-1.0582010582010581,0,0,10692,-10692,0,0,0,132977,3092,136069,0,0,122285,13784,136069,0,0,20033285,-20033285,0,0,0,248180155,5768300,253948455,0,0,228146870,25801585,253948455
2021-08-12,1880,1890,1845,1855,158101,-0.8021390374331552,0,168,1307,-1475,0,0,168,151153,6780,158101,0,0,149846,8255,158101,0,311970,2427890,-2739860,0,0,311970,280863700,12607155,293782825,0,0,278435810,15347015,293782825
2021-08-13,1865,1865,1775,1845,337459,-0.5390835579514826,0,0,5718,-5718,0,0,0,312491,24968,337459,0,0,306773,30686,337459,0,0,10752040,-10752040,0,0,0,562882945,44806835,607689780,0,0,552130905,55558875,607689780
2021-08-17,1830,1830,1745,1770,194113,-4.0650406504065035,0,0,29400,-29400,0,0,0,169031,25082,194113,0,0,139631,54482,194113,0,0,51989130,-51989130,0,0,0,299079920,44770260,343850180,0,0,247090790,96759390,343850180
2021-08-18,1765,1785,1740,1780,119194,0.5649717514124294,0,-4,-44858,44862,0,0,0,68812,50382,119194,0,4,113670,5520,119194,0,-7095,-79184280,79191375,0,0,0,121723115,88898095,210621210,0,7095,200907395,9706720,210621210
2021-08-19,1775,1785,1710,1735,125425,-2.528089887640449,0,0,33054,-33054,0,0,0,120110,5315,125425,0,0,87056,38369,125425,0,0,57534870,-57534870,0,0,0,208189635,9155805,217345440,0,0,150654765,66690675,217345440
2021-08-20,1730,1770,1655,1655,248353,-4.610951008645533,0,0,16591,-16591,0,0,0,211000,37353,248353,0,0,194409,53944,248353,0,0,28353295,-28353295,0,0,0,356469400,63660580,420129980,0,0,328116105,92013875,420129980
2021-08-23,1655,1715,1650,1690,82081,2.1148036253776437,-4000,0,3127,873,0,0,0,68339,13742,82081,4000,0,65212,12869,82081,-6640000,0,5159255,1480745,0,0,0,115118115,22960430,138078545,6640000,0,109958860,21479685,138078545
2021-08-24,1685,1745,1685,1725,143172,2.0710059171597637,-44795,0,38969,5826,0,0,0,135534,7638,143172,44795,0,96565,1812,143172,-76921030,0,66872390,10048640,0,0,0,233142030,13178425,246320455,76921030,0,166269640,3129785,246320455
2021-08-25,1725,1745,1705,1730,37447,0.2898550724637681,0,0,-1837,1837,0,0,0,31160,6287,37447,0,0,32997,4450,37447,0,0,-3211440,3211440,0,0,0,53852190,10873790,64725980,0,0,57063630,7662350,64725980
2021-08-26,1730,1755,1720,1755,65580,1.4450867052023122,0,0,-8142,8142,0,0,0,55153,10427,65580,0,0,63295,2285,65580,0,0,-14153505,14153505,0,0,0,96250045,18138435,114388480,0,0,110403550,3984930,114388480
2021-08-27,1755,1780,1735,1750,54479,-0.2849002849002849,0,0,1933,-1933,0,0,0,53889,590,54479,0,0,51956,2523,54479,0,0,3388875,-3388875,0,0,0,94808965,1035540,95844505,0,0,91420090,4424415,95844505
2021-08-30,1775,1775,1740,1775,67858,1.4285714285714286,0,0,-2693,2693,0,0,0,64931,2927,67858,0,0,67624,234,67858,0,0,-4725725,4725725,0,0,0,114125210,5138355,119263565,0,0,118850935,412630,119263565
2021-08-31,1780,1805,1770,1800,138983,1.4084507042253522,0,0,-6331,6331,0,0,0,126058,12925,138983,0,0,132389,6594,138983,0,0,-11273155,11273155,0,0,0,224747000,23016440,247763440,0,0,236020155,11743285,247763440
2021-09-01,1780,1805,1765,1795,70267,-0.2777777777777778,0,21,5694,-5715,0,0,21,67358,2888,70267,0,0,61664,8603,70267,0,37640,10255965,-10293605,0,0,37640,120283015,5146320,125466975,0,0,110027050,15439925,125466975
2021-09-02,1820,1820,1780,1795,79866,0.0,0,0,1578,-1578,0,0,0,73532,6334,79866,0,0,71954,7912,79866,0,0,2861180,-2861180,0,0,0,131780870,11340135,143121005,0,0,128919690,14201315,143121005
2021-09-03,1795,1815,1780,1810,59347,0.8356545961002786,0,0,1781,-1781,0,0,0,58424,923,59347,0,0,56643,2704,59347,0,0,3227175,-3227175,0,0,0,105519790,1659355,107179145,0,0,102292615,4886530,107179145
2021-09-06,1790,1900,1780,1860,312746,2.7624309392265194,0,0,6515,-6515,0,0,0,288656,24090,312746,0,0,282141,30605,312746,0,0,12522600,-12522600,0,0,0,529818385,44179590,573997975,0,0,517295785,56702190,573997975
2021-09-07,1860,1920,1855,1875,355641,0.8064516129032258,0,-2,68693,-68691,0,0,0,325711,29930,355641,0,2,257018,98621,355641,0,-3765,129625190,-129621425,0,0,0,614093680,56888190,670981870,0,3765,484468490,186509615,670981870
2021-09-08,1900,1910,1845,1885,182170,0.5333333333333333,0,0,20522,-20522,0,0,0,177832,4338,182170,0,0,157310,24860,182170,0,0,38654350,-38654350,0,0,0,333683595,8128730,341812325,0,0,295029245,46783080,341812325
2021-09-09,1850,1880,1840,1860,147686,-1.3262599469496021,0,164,-29389,29225,0,0,164,108299,39223,147686,0,0,137688,9998,147686,0,302580,-54481685,54179105,0,0,302580,200646115,72727620,273676315,0,0,255127800,18548515,273676315
2021-09-10,1845,1880,1830,1880,174541,1.0752688172043012,0,-7030,-5790,12820,0,0,0,144208,30333,174541,0,7030,149998,17513,174541,0,-12888650,-10677685,23566335,0,0,0,267701815,56135200,323837015,0,12888650,278379500,32568865,323837015
2021-09-13,1880,1880,1830,1835,111726,-2.393617021276596,0,0,7147,-7147,0,0,0,104869,6857,111726,0,0,97722,14004,111726,0,0,13189710,-13189710,0,0,0,193517840,12762550,206280390,0,0,180328130,25952260,206280390
2021-09-14,1835,1870,1825,1870,135463,1.9073569482288828,0,50,-10611,10561,0,0,50,122148,13265,135463,0,0,132759,2704,135463,0,91500,-19455945,19364445,0,0,91500,224268300,24366835,248726635,0,0,243724245,5002390,248726635
2021-09-15,1845,1865,1815,1845,148120,-1.3368983957219251,0,50,7494,-7544,0,0,50,144155,3915,148120,0,0,136661,11459,148120,0,91000,13791345,-13882345,0,0,91000,263991800,7151645,271234445,0,0,250200455,21033990,271234445
2021-09-16,1850,1850,1795,1795,198492,-2.710027100271003,0,89,14082,-14171,0,0,100,193312,5080,198492,0,11,179230,19251,198492,0,160580,25479025,-25639605,0,0,180500,349418385,9271015,358869900,0,19920,323939360,34910620,358869900
2021-09-17,1800,1835,1765,1835,156067,2.2284122562674096,0,49,10883,-10932,0,0,50,150258,5759,156067,0,1,139375,16691,156067,0,86860,19638100,-19724960,0,0,88650,268308390,10231425,278628465,0,1790,248670290,29956385,278628465
2021-09-23,1800,1800,1730,1745,190467,-4.904632152588556,0,74,5533,-5607,0,0,74,174112,16281,190467,0,0,168579,21888,190467,0,129500,9932525,-10062025,0,0,129500,305545060,28628740,334303300,0,0,295612535,38690765,334303300
2021-09-24,1730,2265,1730,1880,18563584,7.736389684813753,12571,2116,67537,-82224,0,155992,2116,18026262,379214,18563584,143421,0,17958725,461438,18563584,22048355,3734740,152481560,-178264655,0,346896920,3734740,37189211560,743255380,38283098600,324848565,0,37036730000,921520035,38283098600
2021-09-27,1925,1955,1865,1865,2843940,-0.7978723404255319,0,58001,50346,-108347,0,0,58001,2658947,126992,2843940,0,0,2608601,235339,2843940,0,111261900,98380400,-209642300,0,0,111261900,5079824170,242795690,5433881760,0,0,4981443770,452437990,5433881760
2021-09-28,1865,1895,1755,1770,1210126,-5.093833780160858,0,-52938,59555,-6617,0,0,5062,1153998,51066,1210126,0,58000,1094443,57683,1210126,0,-94767445,108992035,-14224590,0,0,9340385,2094379315,92389585,2196109285,0,104107830,1985387280,106614175,2196109285
2021-09-29,1730,1755,1715,1750,577399,-1.1299435028248588,0,1,-28244,28243,0,0,1,527008,50390,577399,0,0,555252,22147,577399,0,1730,-48835770,48834040,0,0,1730,911870535,87222345,999094610,0,0,960706305,38388305,999094610
2021-09-30,1735,1765,1725,1730,481378,-1.1428571428571428,0,0,8136,-8136,0,0,0,443497,37881,481378,0,0,435361,46017,481378,0,0,14035725,-14035725,0,0,0,770641720,66067815,836709535,0,0,756605995,80103540,836709535
2021-10-01,1740,1765,1715,1715,533007,-0.8670520231213872,0,1155,31577,-32732,0,0,1155,502959,28893,533007,0,0,471382,61625,533007,0,1990750,54922300,-56913050,0,0,1990750,871652440,50205500,923848690,0,0,816730140,107118550,923848690
2021-10-05,1690,1700,1585,1620,491787,-5.539358600583091,0,-4,17516,-17512,0,0,3,463785,27999,491787,0,7,446269,45511,491787,0,-6540,30044335,-30037795,0,0,4770,755234530,45130190,800369490,0,11310,725190195,75167985,800369490
2021-10-06,1655,1655,1555,1580,356903,-2.4691358024691357,0,0,18772,-18772,0,0,0,322209,34694,356903,0,0,303437,53466,356903,0,0,30261425,-30261425,0,0,0,511242570,54977105,566219675,0,0,480981145,85238530,566219675
2021-10-07,1570,1635,1565,1625,213342,2.848101265822785,0,0,-35447,35447,0,0,0,157212,56130,213342,0,0,192659,20683,213342,0,0,-56489430,56489430,0,0,0,251168035,89435395,340603430,0,0,307657465,32945965,340603430
2021-10-08,1640,1645,1595,1645,236809,1.2307692307692308,0,0,-21534,21534,0,0,0,199962,36847,236809,0,0,221496,15313,236809,0,0,-34392450,34392450,0,0,0,323205695,59227235,382432930,0,0,357598145,24834785,382432930
2021-10-12,1740,1780,1630,1640,1420982,-0.303951367781155,0,-5063,136596,-131533,0,0,0,1381902,39080,1420982,0,5063,1245306,170613,1420982,0,-8809610,237726115,-228916505,0,0,0,2371871125,65897975,2437769100,0,8809610,2134145010,294814480,2437769100
2021-10-13,1650,1650,1620,1630,236933,-0.6097560975609756,0,0,-2638,2638,0,0,0,226934,9999,236933,0,0,229572,7361,236933,0,0,-4301945,4301945,0,0,0,370541000,16331310,386872310,0,0,374842945,12029365,386872310
2021-10-14,1640,1690,1630,1665,355486,2.147239263803681,0,0,-48310,48310,0,0,0,305659,49827,355486,0,0,353969,1517,355486,0,0,-80366115,80366115,0,0,0,508406585,82909205,591315790,0,0,588772700,2543090,591315790
2021-10-15,1680,1695,1660,1680,254535,0.9009009009009009,0,0,-58983,58983,0,0,0,191401,63134,254535,0,0,250384,4151,254535,0,0,-98833020,98833020,0,0,0,320394760,105803395,426198155,0,0,419227780,6970375,426198155
2021-10-18,1680,1725,1660,1720,256426,2.380952380952381,0,0,-70592,70592,0,0,0,171443,84983,256426,0,0,242035,14391,256426,0,0,-119648175,119648175,0,0,0,290335455,143849180,434184635,0,0,409983630,24201005,434184635
2021-10-19,1745,1745,1710,1730,215774,0.5813953488372093,0,0,-3098,3098,0,0,0,196630,19144,215774,0,0,199728,16046,215774,0,0,-5316780,5316780,0,0,0,337592200,32857970,370450170,0,0,342908980,27541190,370450170
2021-10-20,1745,1750,1720,1750,196815,1.1560693641618496,0,3,-23472,23469,0,0,3,171753,25059,196815,0,0,195225,1590,196815,0,5200,-40685235,40680035,0,0,5200,297935135,43453465,341393800,0,0,338620370,2773430,341393800
2021-10-21,1750,1760,1720,1720,142623,-1.7142857142857144,0,0,-2753,2753,0,0,0,132924,9699,142623,0,0,135677,6946,142623,0,0,-4770860,4770860,0,0,0,229990980,16791015,246781995,0,0,234761840,12020155,246781995
2021-10-22,1725,1765,1710,1760,255262,2.3255813953488373,0,0,-12155,12155,0,0,0,236618,18644,255262,0,0,248773,6489,255262,0,0,-21095300,21095300,0,0,0,412446525,32371890,444818415,0,0,433541825,11276590,444818415
2021-10-25,1765,1850,1745,1835,815071,4.261363636363636,0,0,46558,-46558,0,0,0,759498,55573,815071,0,0,712940,102131,815071,0,0,85689495,-85689495,0,0,0,1376491165,100461645,1476952810,0,0,1290801670,186151140,1476952810
2021-10-26,1825,1850,1815,1825,336054,-0.544959128065395,0,0,-22151,22151,0,0,0,301335,34719,336054,0,0,323486,12568,336054,0,0,-40576705,40576705,0,0,0,550666135,63564590,614230725,0,0,591242840,22987885,614230725
2021-10-27,1845,1845,1795,1810,198066,-0.821917808219178,0,0,-13252,13252,0,0,0,174666,23400,198066,0,0,187918,10148,198066,0,0,-23787515,23787515,0,0,0,315384970,42212865,357597835,0,0,339172485,18425350,357597835
2021-10-28,1820,1820,1795,1810,145878,0.0,0,0,-19188,19188,0,0,0,110701,35177,145878,0,0,129889,15989,145878,0,0,-34572575,34572575,0,0,0,199845910,63381890,263227800,0,0,234418485,28809315,263227800
2021-10-29,1810,1845,1800,1825,242677,0.8287292817679558,0,0,-15182,15182,0,0,0,220166,22511,242677,0,0,235348,7329,242677,0,0,-27830100,27830100,0,0,0,400419325,41120725,441540050,0,0,428249425,13290625,441540050
2021-11-01,1830,1840,1810,1820,123470,-0.273972602739726,0,0,5207,-5207,0,0,0,121413,2057,123470,0,0,116206,7264,123470,0,0,9463900,-9463900,0,0,0,221046980,3772050,224819030,0,0,211583080,13235950,224819030
2021-11-02,1820,1835,1795,1805,236866,-0.8241758241758242,0,0,2399,-2399,0,0,0,231821,5045,236866,0,0,229422,7444,236866,0,0,4381635,-4381635,0,0,0,419777695,9125735,428903430,0,0,415396060,13507370,428903430
2021-11-03,1810,1830,1770,1770,188819,-1.9390581717451523,0,16,-6448,6432,0,0,16,176965,11838,188819,0,0,183413,5406,188819,0,28750,-11478880,11450130,0,0,28750,316724015,21226635,337979400,0,0,328202895,9776505,337979400
2021-11-04,1780,1800,1745,1765,140617,-0.2824858757062147,0,0,-20704,20704,0,0,0,109223,31394,140617,0,0,129927,10690,140617,0,0,-36409815,36409815,0,0,0,193095045,55350680,248445725,0,0,229504860,18940865,248445725
2021-11-05,1765,1765,1685,1765,377653,0.0,0,0,-24965,24965,0,0,0,334859,42794,377653,0,0,359824,17829,377653,0,0,-42444690,42444690,0,0,0,571598930,72972665,644571595,0,0,614043620,30527975,644571595
2021-11-08,1740,1750,1690,1700,213534,-3.6827195467422094,0,0,-8003,8003,0,0,0,184423,29111,213534,0,0,192426,21108,213534,0,0,-13272340,13272340,0,0,0,314829395,49533665,364363060,0,0,328101735,36261325,364363060
2021-11-09,1705,1735,1685,1700,165114,0.0,0,0,8315,-8315,0,0,0,157413,7701,165114,0,0,149098,16016,165114,0,0,14333370,-14333370,0,0,0,268090410,13098305,281188715,0,0,253757040,27431675,281188715
2021-11-10,1695,1700,1630,1645,281533,-3.2352941176470593,0,0,10613,-10613,0,0,0,255907,25626,281533,0,0,245294,36239,281533,0,0,17475895,-17475895,0,0,0,422548090,42399785,464947875,0,0,405072195,59875680,464947875
2021-11-11,1615,1650,1570,1590,232098,-3.343465045592705,0,0,-17841,17841,0,0,0,195320,36778,232098,0,0,213161,18937,232098,0,0,-28670710,28670710,0,0,0,312396795,59098540,371495335,0,0,341067505,30427830,371495335
2021-11-12,1590,1630,1575,1610,176908,1.257861635220126,0,2,-10318,10316,0,0,2,154368,22538,176908,0,0,164686,12222,176908,0,3230,-16149125,16145895,0,0,3230,247785495,35845595,283634320,0,0,263934620,19699700,283634320
2021-11-15,1615,1645,1605,1640,108434,1.8633540372670807,0,0,5527,-5527,0,0,0,99199,9235,108434,0,0,93672,14762,108434,0,0,9141805,-9141805,0,0,0,160261245,14880350,175141595,0,0,151119440,24022155,175141595
2021-11-16,1630,1780,1595,1610,790260,-1.8292682926829267,0,0,159454,-159454,0,0,0,756774,33486,790260,0,0,597320,192940,790260,0,0,268954370,-268954370,0,0,0,1257922645,54400365,1312323010,0,0,988968275,323354735,1312323010
2021-11-17,1600,1610,1580,1590,151943,-1.2422360248447204,0,327,38664,-38991,0,0,327,150874,742,151943,0,0,112210,39733,151943,0,519915,61780915,-62300830,0,0,519915,240603395,1190905,242314215,0,0,178822480,63491735,242314215
2021-11-18,1590,1595,1555,1570,149434,-1.257861635220126,0,-17,14083,-14066,0,0,0,138896,10538,149434,0,17,124813,24604,149434,0,-26730,22138790,-22112060,0,0,0,218199990,16513385,234713375,0,26730,196061200,38625445,234713375
2021-11-19,1590,1590,1550,1575,93799,0.3184713375796179,0,0,2030,-2030,0,0,0,83357,10442,93799,0,0,81327,12472,93799,0,0,3180560,-3180560,0,0,0,130523170,16327760,146850930,0,0,127342610,19508320,146850930
2021-11-22,1575,1580,1515,1540,282559,-2.2222222222222223,0,20,-31151,31131,0,0,20,219185,63354,282559,0,0,250336,32223,282559,0,30700,-46807335,46776635,0,0,30700,338230945,96641315,434902960,0,0,385038280,49864680,434902960
2021-11-23,1540,1540,1505,1520,143973,-1.2987012987012987,0,20,21721,-21741,0,0,20,141195,2758,143973,0,0,119474,24499,143973,0,30400,33033500,-33063900,0,0,30400,214165760,4203995,218400155,0,0,181132260,37267895,218400155
2021-11-24,1510,1570,1500,1570,157517,3.289473684210526,0,0,10247,-10247,0,0,0,154065,3452,157517,0,0,143818,13699,157517,0,0,15597000,-15597000,0,0,0,233352990,5198385,238551375,0,0,217755990,20795385,238551375
2021-11-25,1555,1590,1520,1520,203313,-3.1847133757961785,0,0,24550,-24550,0,0,0,199035,4278,203313,0,0,174485,28828,203313,0,0,38186050,-38186050,0,0,0,308641425,6584520,315225945,0,0,270455375,44770570,315225945
2021-11-26,1540,1540,1475,1480,150105,-2.631578947368421,0,0,26652,-26652,0,0,0,147576,2529,150105,0,0,120924,29181,150105,0,0,39886815,-39886815,0,0,0,220419535,3809290,224228825,0,0,180532720,43696105,224228825
2021-11-29,1420,1475,1400,1425,216636,-3.7162162162162162,0,3,-34673,34670,0,0,3,156457,60176,216636,0,0,191130,25506,216636,0,4265,-49559815,49555550,0,0,4265,221615635,85714125,307334025,0,0,271175450,36158575,307334025
2021-11-30,1425,1465,1325,1355,277717,-4.912280701754386,0,2384,18526,-20910,0,0,2384,235536,39797,277717,0,0,217010,60707,277717,0,3421040,26312775,-29733815,0,0,3421040,324419195,54268185,382108420,0,0,298106420,84002000,382108420
2021-12-01,1405,1430,1330,1430,270885,5.535055350553505,0,-3,-12302,12305,0,0,0,224865,46020,270885,0,3,237167,33715,270885,0,-4055,-16584045,16588100,0,0,0,309352880,62890805,372243685,0,4055,325936925,46302705,372243685
2021-12-02,1415,1425,1380,1400,205979,-2.097902097902098,0,0,-63197,63197,0,0,0,135771,70208,205979,0,0,198968,7011,205979,0,0,-88467470,88467470,0,0,0,190150340,98297115,288447455,0,0,278617810,9829645,288447455
2021-12-03,1420,1445,1395,1440,83141,2.857142857142857,0,0,3467,-3467,0,0,0,70563,12578,83141,0,0,67096,16045,83141,0,0,4812235,-4812235,0,0,0,100210335,17849975,118060310,0,0,95398100,22662210,118060310
2021-12-06,1445,1445,1390,1425,79923,-1.0416666666666665,0,0,-13089,13089,0,0,0,54378,25545,79923,0,0,67467,12456,79923,0,0,-18477090,18477090,0,0,0,76671500,35999335,112670835,0,0,95148590,17522245,112670835
2021-12-07,1435,1435,1415,1425,69298,0.0,0,0,-9304,9304,0,0,0,53069,16229,69298,0,0,62373,6925,69298,0,0,-13306965,13306965,0,0,0,75669730,23164640,98834370,0,0,88976695,9857675,98834370
2021-12-08,1440,1450,1425,1445,61019,1.4035087719298245,0,0,8159,-8159,0,0,0,57169,3850,61019,0,0,49010,12009,61019,0,0,11797885,-11797885,0,0,0,82301730,5532310,87834040,0,0,70503845,17330195,87834040
2021-12-09,1430,1455,1430,1445,38123,0.0,0,0,2966,-2966,0,0,0,34985,3138,38123,0,0,32019,6104,38123,0,0,4292140,-4292140,0,0,0,50453795,4525605,54979400,0,0,46161655,8817745,54979400
2021-12-10,1440,1460,1430,1440,52276,-0.34602076124567477,0,0,4470,-4470,0,0,0,44817,7459,52276,0,0,40347,11929,52276,0,0,6442515,-6442515,0,0,0,64496955,10714295,75211250,0,0,58054440,17156810,75211250
2021-12-13,1430,1450,1425,1440,73320,0.0,-12571,0,16286,-3715,0,0,0,67916,5404,73320,12571,0,51630,9119,73320,-17990305,0,23309630,-5319325,0,0,0,97305715,7743370,105049085,17990305,0,73996085,13062695,105049085
2021-12-14,1435,1445,1400,1415,96684,-1.7361111111111112,0,0,8788,-8788,0,0,0,90484,6200,96684,0,0,81696,14988,96684,0,0,12460690,-12460690,0,0,0,127976610,8766885,136743495,0,0,115515920,21227575,136743495
2021-12-15,1400,1415,1380,1390,114911,-1.76678445229682,0,0,-7637,7637,0,0,0,95250,19661,114911,0,0,102887,12024,114911,0,0,-10578855,10578855,0,0,0,132664095,27355215,160019310,0,0,143242950,16776360,160019310
2021-12-16,1420,1430,1385,1390,104929,0.0,0,22,-27679,27657,0,0,22,75378,29529,104929,0,0,103057,1872,104929,0,30780,-38922250,38891470,0,0,30780,105782360,41512145,147325285,0,0,144704610,2620675,147325285
2021-12-17,1390,1390,1375,1390,66499,0.0,0,1,-7446,7445,0,0,1,55704,10794,66499,0,0,63150,3349,66499,0,1385,-10293035,10291650,0,0,1385,77060680,14921385,91983450,0,0,87353715,4629735,91983450
2021-12-20,1390,1395,1365,1370,90041,-1.4388489208633095,0,0,38522,-38522,0,0,0,88423,1618,90041,0,0,49901,40140,90041,0,0,52918465,-52918465,0,0,0,121444275,2224800,123669075,0,0,68525810,55143265,123669075
2021-12-21,1355,1370,1350,1360,73551,-0.7299270072992701,0,0,17738,-17738,0,0,0,71053,2498,73551,0,0,53315,20236,73551,0,0,24071655,-24071655,0,0,0,96409590,3395395,99804985,0,0,72337935,27467050,99804985
2021-12-22,1360,1375,1355,1370,59440,0.7352941176470588,0,0,-1164,1164,0,0,0,54640,4800,59440,0,0,55804,3636,59440,0,0,-1580695,1580695,0,0,0,74386435,6536075,80922510,0,0,75967130,4955380,80922510
2021-12-23,1380,1390,1355,1390,101441,1.4598540145985401,0,0,-9684,9684,0,0,0,88610,12831,101441,0,0,98294,3147,101441,0,0,-13215775,13215775,0,0,0,120832050,17515425,138347475,0,0,134047825,4299650,138347475
2021-12-24,1390,1390,1375,1385,98022,-0.3597122302158274,0,0,-13000,13000,0,0,0,79397,18625,98022,0,0,92397,5625,98022,0,0,-17913430,17913430,0,0,0,109560620,25678255,135238875,0,0,127474050,7764825,135238875
2021-12-27,1390,1390,1380,1385,42915,0.0,0,0,4517,-4517,0,0,0,38329,4586,42915,0,0,33812,9103,42915,0,0,6274560,-6274560,0,0,0,53136595,6348045,59484640,0,0,46862035,12622605,59484640
2021-12-28,1375,1390,1370,1380,57318,-0.36101083032490977,0,0,9983,-9983,0,0,0,54281,3037,57318,0,0,44298,13020,57318,0,0,13743705,-13743705,0,0,0,74830705,4196060,79026765,0,0,61087000,17939765,79026765
2021-12-29,1375,1405,1370,1405,52300,1.8115942028985508,0,2,8990,-8992,0,0,2,49467,2831,52300,0,0,40477,11823,52300,0,2775,12408590,-12411365,0,0,2775,68630850,3922440,72556065,0,0,56222260,16333805,72556065
2021-12-30,1400,1415,1390,1410,39737,0.3558718861209964,0,0,13882,-13882,0,0,0,39718,19,39737,0,0,25836,13901,39737,0,0,19444310,-19444310,0,0,0,55664525,26695,55691220,0,0,36220215,19471005,55691220
2022-01-03,1455,1590,1420,1530,1317373,8.51063829787234,0,0,122367,-122367,0,0,0,1277707,39666,1317373,0,0,1155340,162033,1317373,0,0,185835750,-185835750,0,0,0,1904855620,58048575,1962904195,0,0,1719019870,243884325,1962904195
2022-01-04,1540,1545,1450,1515,312538,-0.9803921568627451,0,-3,18064,-18061,0,0,0,293166,19372,312538,0,3,275102,37433,312538,0,-4485,27154075,-27149590,0,0,0,441111600,29143015,470254615,0,4485,413957525,56292605,470254615
2022-01-05,1500,1600,1485,1535,646274,1.3201320132013201,0,1,27450,-27451,0,0,1,621948,24325,646274,0,0,594498,51776,646274,0,1545,43348735,-43350280,0,0,1545,968524890,37275755,1005802190,0,0,925176155,80626035,1005802190
2022-01-06,1530,1790,1515,1630,4990168,6.188925081433225,0,-1,-12702,12703,0,0,0,4766664,223504,4990168,0,1,4779366,210801,4990168,0,-1645,-15158635,15160280,0,0,0,7991941810,370608680,8362550490,0,1645,8007100445,355448400,8362550490
2022-01-07,1690,1705,1580,1615,917833,-0.9202453987730062,0,-1,20171,-20170,0,0,0,877672,40161,917833,0,1,857501,60331,917833,0,-1595,34462025,-34460430,0,0,0,1433950340,65630080,1499580420,0,1595,1399488315,100090510,1499580420
2022-01-10,1620,1620,1540,1560,342317,-3.4055727554179565,0,0,-15283,15283,0,0,0,308454,33863,342317,0,0,323737,18580,342317,0,0,-24777200,24777200,0,0,0,486178340,54387700,540566040,0,0,510955540,29610500,540566040
2022-01-11,1590,1595,1515,1540,187627,-1.282051282051282,0,0,-21418,21418,0,0,0,163386,24241,187627,0,0,184804,2823,187627,0,0,-32753500,32753500,0,0,0,251719485,37203025,288922510,0,0,284472985,4449525,288922510
2022-01-12,1525,1540,1505,1520,179701,-1.2987012987012987,0,0,-21402,21402,0,0,0,156714,22987,179701,0,0,178116,1585,179701,0,0,-32493710,32493710,0,0,0,238238020,34918525,273156545,0,0,270731730,2424815,273156545
2022-01-13,1525,1555,1515,1535,138211,0.9868421052631579,0,1,1010,-1011,0,0,1,134787,3423,138211,0,0,133777,4434,138211,0,1535,1599175,-1600710,0,0,1535,206957170,5205315,212164020,0,0,205357995,6806025,212164020
2022-01-14,1505,1525,1475,1510,121725,-1.6286644951140066,0,0,8968,-8968,0,0,0,111918,9807,121725,0,0,102950,18775,121725,0,0,13633720,-13633720,0,0,0,168395505,14701190,183096695,0,0,154761785,28334910,183096695
2022-01-17,1475,1500,1465,1465,108248,-2.980132450331126,0,0,3280,-3280,0,0,0,103751,4497,108248,0,0,100471,7777,108248,0,0,4862510,-4862510,0,0,0,153018135,6642630,159660765,0,0,148155625,11505140,159660765
2022-01-18,1475,1485,1415,1445,191265,-1.3651877133105803,0,1,45713,-45714,0,0,1,182537,8727,191265,0,0,136824,54441,191265,0,1430,66104535,-66105965,0,0,1430,262855025,12513760,275370215,0,0,196750490,78619725,275370215
2022-01-19,1410,1445,1390,1410,233963,-2.422145328719723,0,0,22123,-22123,0,0,0,199053,34910,233963,0,0,176930,57033,233963,0,0,30783190,-30783190,0,0,0,279891105,49358870,329249975,0,0,249107915,80142060,329249975
2022-01-20,1420,1430,1390,1415,123185,0.3546099290780142,0,-30,53580,-53550,0,0,0,111899,11286,123185,0,30,58319,64836,123185,0,-42180,75409175,-75366995,0,0,0,157336310,15816910,173153220,0,42180,81927135,91183905,173153220
2022-01-21,1430,1430,1385,1395,169790,-1.4134275618374559,0,0,35711,-35711,0,0,0,151690,18100,169790,0,0,115979,53811,169790,0,0,49933020,-49933020,0,0,0,212178910,25381795,237560705,0,0,162245890,75314815,237560705
2022-01-24,1395,1405,1330,1395,161751,0.0,0,0,49754,-49754,0,0,0,154957,6794,161751,0,0,105203,56548,161751,0,0,67428570,-67428570,0,0,0,209811500,9191420,219002920,0,0,142382930,76619990,219002920
2022-01-25,1380,1380,1290,1300,355505,-6.810035842293908,0,253,97711,-97964,0,0,253,350216,5036,355505,0,0,252505,103000,355505,0,328900,128690610,-129019510,0,0,328900,460477175,6671665,467477740,0,0,331786565,135691175,467477740
2022-01-26,1300,1310,1275,1275,203699,-1.9230769230769231,0,0,37808,-37808,0,0,0,186197,17502,203699,0,0,148389,55310,203699,0,0,48576210,-48576210,0,0,0,239500115,22603280,262103395,0,0,190923905,71179490,262103395
2022-01-27,1285,1285,1205,1210,208015,-5.098039215686274,0,0,81385,-81385,0,0,0,203611,4404,208015,0,0,122226,85789,208015,0,0,100000025,-100000025,0,0,0,249891645,5413455,255305100,0,0,149891620,105413480,255305100
2022-01-28,1230,1290,1185,1275,164328,5.371900826446281,0,0,35574,-35574,0,0,0,130905,33423,164328,0,0,95331,68997,164328,0,0,44674425,-44674425,0,0,0,161488745,40680735,202169480,0,0,116814320,85355160,202169480
2022-02-03,1275,1340,1275,1330,214725,4.313725490196078,0,0,40526,-40526,0,0,0,193090,21635,214725,0,0,152564,62161,214725,0,0,53681385,-53681385,0,0,0,254425510,28544750,282970260,0,0,200744125,82226135,282970260
2022-02-04,1325,1345,1310,1335,148638,0.37593984962406013,6769,0,20538,-27307,0,6769,0,115197,26672,148638,0,0,94659,53979,148638,8981575,0,27147435,-36129010,0,8981575,0,152671610,35289125,196942310,0,0,125524175,71418135,196942310
2022-02-07,1335,1345,1305,1320,121524,-1.1235955056179776,0,0,34830,-34830,0,0,0,98277,23247,121524,0,0,63447,58077,121524,0,0,46320500,-46320500,0,0,0,130019105,30736920,160756025,0,0,83698605,77057420,160756025
2022-02-08,1330,1460,1300,1330,944529,0.7575757575757576,0,0,118500,-118500,0,58,0,840765,103706,944529,58,0,722265,222206,944529,1015,0,168430920,-168431935,0,81490,0,1155536730,139043475,1294661695,80475,0,987105810,307475410,1294661695
2022-02-09,1340,1345,1320,1340,201125,0.7518796992481203,0,0,17813,-17813,0,0,0,168517,32608,201125,0,0,150704,50421,201125,0,0,23691645,-23691645,0,0,0,224945375,43403270,268348645,0,0,201253730,67094915,268348645
2022-02-10,1370,1420,1320,1325,265648,-1.1194029850746268,0,0,46264,-46264,0,0,0,218012,47636,265648,0,0,171748,93900,265648,0,0,63052885,-63052885,0,0,0,293215430,63639165,356854595,0,0,230162545,126692050,356854595
2022-02-11,1330,1330,1275,1305,147218,-1.509433962264151,0,0,55759,-55759,0,0,0,129968,17250,147218,0,0,74209,73009,147218,0,0,71954970,-71954970,0,0,0,167779460,22311665,190091125,0,0,95824490,94266635,190091125
2022-02-14,1280,1280,1215,1220,219804,-6.513409961685824,0,0,49169,-49169,0,0,0,202371,17433,219804,0,0,153202,66602,219804,0,0,60972130,-60972130,0,0,0,250268345,21608485,271876830,0,0,189296215,82580615,271876830
2022-02-15,1220,1235,1195,1200,201789,-1.639344262295082,0,0,60036,-60036,0,0,0,187496,14293,201789,0,0,127460,74329,201789,0,0,72724825,-72724825,0,0,0,227047610,17341325,244388935,0,0,154322785,90066150,244388935
2022-02-16,1240,1255,1230,1250,145926,4.166666666666666,0,0,23011,-23011,0,0,0,115981,29945,145926,0,0,92970,52956,145926,0,0,28556960,-28556960,0,0,0,143878610,37136815,181015425,0,0,115321650,65693775,181015425
2022-02-17,1265,1335,1245,1290,482960,3.2,0,0,87568,-87568,0,6,0,425463,57491,482960,6,0,337895,145059,482960,30,0,114443945,-114443975,0,7980,0,551407340,73456300,624871620,7950,0,436963395,187900275,624871620
2022-02-18,1315,1370,1270,1360,534527,5.426356589147287,0,0,2445,-2445,0,0,0,441843,92684,534527,0,0,439398,95129,534527,0,0,2954130,-2954130,0,0,0,589223600,122357390,711580990,0,0,586269470,125311520,711580990
2022-02-21,1365,1395,1340,1360,358848,0.0,0,0,77249,-77249,0,0,0,328089,30759,358848,0,0,250840,108008,358848,0,0,106365325,-106365325,0,0,0,449751980,42005875,491757855,0,0,343386655,148371200,491757855
2022-02-22,1325,1360,1300,1315,333136,-3.308823529411765,0,0,14338,-14338,0,0,0,274101,59035,333136,0,0,259763,73373,333136,0,0,18982295,-18982295,0,0,0,361830280,78146450,439976730,0,0,342847985,97128745,439976730
2022-02-23,1315,1380,1310,1335,377992,1.520912547528517,0,0,36261,-36261,0,0,0,325191,52801,377992,0,0,288930,89062,377992,0,0,49393855,-49393855,0,0,0,435703545,70420570,506124115,0,0,386309690,119814425,506124115
2022-02-24,1330,1330,1250,1260,276079,-5.617977528089887,0,0,58059,-58059,0,0,0,254280,21799,276079,0,0,196221,79858,276079,0,0,74704720,-74704720,0,0,0,326462645,28120650,354583295,0,0,251757925,102825370,354583295
2022-02-25,1310,1315,1280,1280,194726,1.5873015873015872,0,0,53789,-53789,0,0,0,169797,24929,194726,0,0,116008,78718,194726,0,0,69548740,-69548740,0,0,0,219408690,32176320,251585010,0,0,149859950,101725060,251585010
2022-02-28,1300,1300,1260,1275,206904,-0.390625,0,0,16053,-16053,0,0,0,165491,41413,206904,0,0,149438,57466,206904,0,0,20310065,-20310065,0,0,0,210908155,52965290,263873445,0,0,190598090,73275355,263873445
2022-03-02,1260,1590,1260,1460,13030083,14.50980392156863,0,5001,147452,-152453,0,99,5001,12438028,586955,13030083,99,0,12290576,739408,13030083,100,7251460,227684255,-234935815,0,145425,7251460,18430782265,857599995,19295779145,145325,0,18203098010,1092535810,19295779145
2022-03-03,1480,1485,1435,1475,1607426,1.0273972602739725,3593,5000,104549,-113142,0,3593,5000,1405658,193175,1607426,0,0,1301109,306317,1607426,5236275,7325000,152013020,-164574295,0,5236275,7325000,2052083365,281600410,2346245050,0,0,1900070345,446174705,2346245050
2022-03-04,1450,1460,1405,1415,1044803,-4.067796610169491,0,0,183777,-183777,0,0,0,969942,74861,1044803,0,0,786165,258638,1044803,0,0,262063460,-262063460,0,0,0,1379830685,106601360,1486432045,0,0,1117767225,368664820,1486432045
2022-03-07,1400,1425,1355,1380,663351,-2.4734982332155475,0,-2500,152973,-150473,0,0,0,602839,60512,663351,0,2500,449866,210985,663351,0,-3500000,212330115,-208830115,0,0,0,839311755,84072350,923384105,0,3500000,626981640,292902465,923384105
2022-03-08,1350,1360,1325,1330,442450,-3.6231884057971016,0,-2500,106635,-104135,0,0,0,399303,43147,442450,0,2500,292668,147282,442450,0,-3375000,143245065,-139870065,0,0,0,536383230,57810495,594193725,0,3375000,393138165,197680560,594193725
2022-03-10,1370,1375,1335,1335,429817,0.37593984962406013,0,0,131014,-131014,0,0,0,414474,15343,429817,0,0,283460,146357,429817,0,0,177196560,-177196560,0,0,0,558349305,20585135,578934440,0,0,381152745,197781695,578934440
2022-03-11,1335,1410,1335,1405,988847,5.2434456928838955,0,0,-20870,20870,0,0,0,843640,145207,988847,0,0,864510,124337,988847,0,0,-29225600,29225600,0,0,0,1171219575,200918040,1372137615,0,0,1200445175,171692440,1372137615
2022-03-14,1410,1440,1390,1405,703158,0.0,0,142,49457,-49599,0,0,142,628173,74843,703158,0,0,578716,124442,703158,0,199510,69239665,-69439175,0,0,199510,888510910,106024075,994734495,0,0,819271245,175463250,994734495
2022-03-15,1400,1410,1365,1375,330212,-2.135231316725979,0,4030,46213,-50243,0,0,4030,283278,42904,330212,0,0,237065,93147,330212,0,5581400,64598830,-70180230,0,0,5581400,391889005,59136250,456606655,0,0,327290175,129316480,456606655
2022-03-16,1395,1415,1385,1415,313638,2.909090909090909,0,-4172,39036,-34864,0,0,0,268413,45225,313638,0,4172,229377,80089,313638,0,-5840800,54424300,-48583500,0,0,0,375416230,63338310,438754540,0,5840800,320991930,111921810,438754540
2022-03-17,1445,1460,1405,1415,417717,0.0,0,0,118274,-118274,0,0,0,390303,27414,417717,0,0,272029,145688,417717,0,0,168161265,-168161265,0,0,0,554379035,38760960,593139995,0,0,386217770,206922225,593139995
2022-03-18,1410,1425,1395,1405,186727,-0.7067137809187279,0,0,11338,-11338,0,0,0,159798,26929,186727,0,0,148460,38267,186727,0,0,16057245,-16057245,0,0,0,224436085,37798000,262234085,0,0,208378840,53855245,262234085
2022-03-21,1420,1420,1390,1395,217052,-0.7117437722419928,0,0,-1115,1115,0,0,0,173976,43076,217052,0,0,175091,41961,217052,0,0,-1489315,1489315,0,0,0,243317965,60205030,303522995,0,0,244807280,58715715,303522995
2022-03-22,1400,1410,1380,1385,176797,-0.7168458781362007,0,0,28290,-28290,0,0,0,166309,10488,176797,0,0,138019,38778,176797,0,0,39447085,-39447085,0,0,0,231145300,14572855,245718155,0,0,191698215,54019940,245718155
2022-03-23,1390,1405,1370,1380,219988,-0.36101083032490977,0,0,26931,-26931,0,0,0,200034,19954,219988,0,0,173103,46885,219988,0,0,37322345,-37322345,0,0,0,277219270,27690845,304910115,0,0,239896925,65013190,304910115
2022-03-24,1380,1385,1365,1385,152786,0.36231884057971014,0,0,38448,-38448,0,0,0,142970,9816,152786,0,0,104522,48264,152786,0,0,52816625,-52816625,0,0,0,196407830,13497585,209905415,0,0,143591205,66314210,209905415
2022-03-25,1385,1420,1370,1415,239097,2.166064981949458,0,0,4164,-4164,0,0,0,215517,23580,239097,0,0,211353,27744,239097,0,0,5924185,-5924185,0,0,0,301227545,32801920,334029465,0,0,295303360,38726105,334029465
2022-03-28,1430,1435,1380,1400,249129,-1.0600706713780919,0,0,51454,-51454,0,0,0,245733,3396,249129,0,0,194279,54850,249129,0,0,72225790,-72225790,0,0,0,343627105,4752200,348379305,0,0,271401315,76977990,348379305
2022-03-29,1405,1465,1390,1425,755874,1.7857142857142856,0,8500,27313,-35813,0,0,8500,693989,53385,755874,0,0,666676,89198,755874,0,12070000,39710255,-51780255,0,0,12070000,990899505,75950610,1078920115,0,0,951189250,127730865,1078920115
2022-03-30,1440,1440,1405,1420,270169,-0.3508771929824561,0,6217,35111,-41328,0,0,6217,255026,8926,270169,0,0,219915,50254,270169,0,8889225,49904340,-58793565,0,0,8889225,361914575,12649420,383453220,0,0,312010235,71442985,383453220
2022-03-31,1410,1430,1410,1425,229843,0.35211267605633806,0,1000,1409,-2409,0,0,1000,198619,30224,229843,0,0,197210,32633,229843,0,1420000,1929850,-3349850,0,0,1420000,281963915,42906775,326290690,0,0,280034065,46256625,326290690
2022-04-01,1425,1685,1410,1515,21296927,6.315789473684211,16840,5099,71786,-93725,0,16875,5100,20447952,827000,21296927,35,1,20376166,920725,21296927,25092125,7699900,119096980,-151889005,0,25149140,7701500,32484004925,1294601050,33811456615,57015,1600,32364907945,1446490055,33811456615
2022-04-04,1535,1610,1510,1560,5029945,2.9702970297029703,-27202,18124,66657,-57579,0,0,37111,4564293,428541,5029945,27202,18987,4497636,486120,5029945,-42637970,27730190,108761025,-93853245,0,0,58014455,7120600835,664060700,7842675990,42637970,30284265,7011839810,757913945,7842675990
2022-04-05,1560,1580,1510,1525,1106318,-2.2435897435897436,0,2000,-46178,44178,0,0,2000,963401,140917,1106318,0,0,1009579,96739,1106318,0,3080000,-69836040,66756040,0,0,3080000,1480254580,215961205,1699295785,0,0,1550090620,149205165,1699295785
2022-04-06,1510,1565,1510,1540,626590,0.9836065573770493,0,-3050,42909,-39859,0,0,3000,550227,73363,626590,0,6050,507318,113222,626590,0,-4680855,66469870,-61789015,0,0,4628500,846650665,112541980,963821145,0,9309355,780180795,174330995,963821145
2022-04-07,1540,1540,1440,1485,1061138,-3.571428571428571,0,0,20400,-20400,0,0,0,983052,78086,1061138,0,0,962652,98486,1061138,0,0,30952595,-30952595,0,0,0,1450347725,115058540,1565406265,0,0,1419395130,146011135,1565406265
2022-04-08,1485,1505,1450,1500,548266,1.0101010101010102,0,0,57884,-57884,0,0,10000,499830,38436,548266,0,10000,441946,96320,548266,0,324885,86278435,-86603320,0,0,14900000,737506785,56357590,808764375,0,14575115,651228350,142960910,808764375
2022-04-11,1500,1570,1475,1535,921445,2.3333333333333335,0,30,73739,-73769,0,0,30,858746,62669,921445,0,0,785007,136438,921445,0,45150,112952085,-112997235,0,0,45150,1312727040,95024460,1407796650,0,0,1199774955,208021695,1407796650
2022-04-12,1535,1535,1465,1510,703471,-1.6286644951140066,0,700,30183,-30883,0,0,700,643910,58861,703471,0,0,613727,89744,703471,0,1050000,46088425,-47138425,0,0,1050000,963476030,87572160,1052098190,0,0,917387605,134710585,1052098190
2022-04-13,1495,1575,1495,1555,1285551,2.980132450331126,0,-27642,86570,-58928,0,0,955,1221083,63513,1285551,0,28597,1134513,122441,1285551,0,-42497415,134505050,-92007635,0,0,1476975,1888750410,97666430,1987893815,0,43974390,1754245360,189674065,1987893815
2022-04-14,1580,1700,1545,1590,12050109,2.2508038585209005,88106,1306,55294,-144706,0,88109,20803,11542216,398981,12050109,3,19497,11486922,543687,12050109,140065455,2204070,91873185,-234142710,0,140070465,34376870,18859899955,650890620,19685237910,5010,32172800,18768026770,885033330,19685237910
2022-04-15,1570,1575,1520,1520,1176897,-4.40251572327044,-88106,-1561,22166,67501,0,0,700,1090291,85906,1176897,88106,2261,1068125,18405,1176897,-134591755,-2401635,33293385,103700005,0,0,1071000,1679682850,132165410,1812919260,134591755,3472635,1646389465,28465405,1812919260
2022-04-18,1545,1595,1520,1545,1458722,1.644736842105263,0,0,219494,-219494,0,0,0,1378177,80545,1458722,0,0,1158683,300039,1458722,0,0,341214345,-341214345,0,0,0,2153907415,125682040,2279589455,0,0,1812693070,466896385,2279589455
2022-04-19,1540,1565,1500,1545,860437,0.0,0,1316,213194,-214510,0,0,1316,769028,90093,860437,0,0,555834,304603,860437,0,1992480,324587265,-326579745,0,0,1992480,1172622990,137796740,1312412210,0,0,848035725,464376485,1312412210
2022-04-20,1560,1560,1525,1525,686237,-1.2944983818770228,0,700,186272,-186972,0,0,700,619495,66042,686237,0,0,433223,253014,686237,0,1074500,286291735,-287366235,0,0,1074500,951510365,101743575,1054328440,0,0,665218630,389109810,1054328440
2022-04-21,1525,1530,1475,1490,1067162,-2.2950819672131146,0,700,248929,-249629,0,0,700,1001099,65363,1067162,0,0,752170,314992,1067162,0,1046500,371503955,-372550455,0,0,1046500,1491749355,97464010,1590259865,0,0,1120245400,470014465,1590259865
2022-04-22,1490,1590,1445,1505,1841933,1.006711409395973,0,680,343276,-343956,0,20,680,1736733,104500,1841933,20,0,1393457,448456,1841933,-100,1003000,513606675,-514609575,0,30700,1003000,2590985085,154878670,2746897455,30800,0,2077378410,669488245,2746897455
2022-04-25,1455,1490,1440,1460,654241,-2.990033222591362,0,0,149330,-149330,0,0,0,577584,76657,654241,0,0,428254,225987,654241,0,0,219081285,-219081285,0,0,0,845288070,112042375,957330445,0,0,626206785,331123660,957330445
2022-04-26,1495,1495,1440,1445,666261,-1.0273972602739725,0,700,303688,-304388,0,0,700,623941,41620,666261,0,0,320253,346008,666261,0,1015000,441489320,-442504320,0,0,1015000,907372505,60409335,968796840,0,0,465883185,502913655,968796840
2022-04-27,1405,1425,1375,1410,725228,-2.422145328719723,0,0,103032,-103032,0,0,0,677697,47531,725228,0,0,574665,150563,725228,0,0,143866205,-143866205,0,0,0,947442600,66657635,1014100235,0,0,803576395,210523840,1014100235
2022-04-28,1425,1500,1420,1500,1823165,6.382978723404255,0,0,187941,-187941,0,0,0,1540777,282388,1823165,0,0,1352836,470329,1823165,0,0,274905135,-274905135,0,0,0,2264342080,415793750,2680135830,0,0,1989436945,690698885,2680135830
2022-04-29,1515,1635,1510,1555,8061172,3.6666666666666665,0,24320,635360,-659680,0,0,25906,7260615,774651,8061172,0,1586,6625255,1434331,8061172,0,37293950,997662945,-1034956895,0,0,39865540,11431538880,1216609025,12688013445,0,2571590,10433875935,2251565920,12688013445
2022-05-02,1535,1560,1500,1515,968006,-2.572347266881029,0,-2000,42752,-40752,0,0,0,858525,109481,968006,0,2000,815773,150233,968006,0,-3077250,64840545,-61763295,0,0,0,1301683840,166113420,1467797260,0,3077250,1236843295,227876715,1467797260
2022-05-03,1525,1530,1465,1465,910589,-3.3003300330033,0,0,47428,-47428,0,0,0,818959,91630,910589,0,0,771531,139058,910589,0,0,71989500,-71989500,0,0,0,1216568175,135825410,1352393585,0,0,1144578675,207814910,1352393585
2022-05-04,1470,1500,1430,1490,1042396,1.7064846416382253,0,-24000,90052,-66052,0,0,0,910098,132298,1042396,0,24000,820046,198350,1042396,0,-34700000,131860445,-97160445,0,0,0,1329519420,193200370,1522719790,0,34700000,1197658975,290360815,1522719790
2022-05-06,1450,1475,1425,1445,576787,-3.0201342281879198,0,0,116934,-116934,0,0,0,552844,23943,576787,0,0,435910,140877,576787,0,0,168346685,-168346685,0,0,0,797146905,34698740,831845645,0,0,628800220,203045425,831845645
2022-05-09,1435,1435,1345,1360,652114,-5.88235294117647,0,0,59203,-59203,0,0,0,603336,48778,652114,0,0,544133,107981,652114,0,0,82789140,-82789140,0,0,0,834473240,66339110,900812350,0,0,751684100,149128250,900812350
2022-05-10,1350,1355,1255,1320,723702,-2.941176470588235,0,-2635,8917,-6282,0,0,0,583211,140491,723702,0,2635,574294,146773,723702,0,-3475805,13168575,-9692770,0,0,0,761480530,182333595,943814125,0,3475805,748311955,192026365,943814125
2022-05-11,1375,1380,1315,1335,487160,1.1363636363636365,0,-305,75731,-75426,0,0,0,414656,72504,487160,0,305,338925,147930,487160,0,-410225,101828290,-101418065,0,0,0,557669010,97404025,655073035,0,410225,455840720,198822090,655073035
2022-05-12,1335,1335,1255,1260,581478,-5.617977528089887,0,0,77924,-77924,0,0,0,536341,45137,581478,0,0,458417,123061,581478,0,0,101646060,-101646060,0,0,0,690012240,57870915,747883155,0,0,588366180,159516975,747883155
2022-05-13,1260,1315,1260,1300,247066,3.1746031746031744,0,0,62775,-62775,0,0,0,230045,17021,247066,0,0,167270,79796,247066,0,0,81172050,-81172050,0,0,0,296247340,21868445,318115785,0,0,215075290,103040495,318115785
2022-05-16,1335,1335,1305,1320,256947,1.5384615384615385,0,0,-35015,35015,0,0,0,162143,94804,256947,0,0,197158,59789,256947,0,0,-46109825,46109825,0,0,0,213924040,125146490,339070530,0,0,260033865,79036665,339070530
2022-05-17,1310,1330,1305,1325,207771,0.3787878787878788,0,0,23033,-23033,0,0,0,185188,22583,207771,0,0,162155,45616,207771,0,0,30335590,-30335590,0,0,0,243670095,29717850,273387945,0,0,213334505,60053440,273387945
2022-05-18,1325,1330,1290,1295,415304,-2.2641509433962264,0,0,79536,-79536,0,0,0,367914,47390,415304,0,0,288378,126926,415304,0,0,104216510,-104216510,0,0,0,481631355,61902155,543533510,0,0,377414845,166118665,543533510
2022-05-19,1255,1285,1240,1260,419361,-2.7027027027027026,0,0,15950,-15950,0,0,0,369142,50219,419361,0,0,353192,66169,419361,0,0,19917205,-19917205,0,0,0,463987175,63370365,527357540,0,0,444069970,83287570,527357540
2022-05-20,1255,1280,1250,1260,277454,0.0,0,800,34925,-35725,0,0,800,239154,37500,277454,0,0,204229,73225,277454,0,1008000,44282580,-45290580,0,0,1008000,302038180,47375875,350422055,0,0,257755600,92666455,350422055
2022-05-23,1260,1370,1250,1305,1097600,3.571428571428571,0,0,105026,-105026,0,0,0,983232,114368,1097600,0,0,878206,219394,1097600,0,0,138672020,-138672020,0,0,0,1292829080,148799120,1441628200,0,0,1154157060,287471140,1441628200
2022-05-24,1315,1315,1265,1270,352046,-2.681992337164751,0,477,33850,-34327,0,0,477,317613,33956,352046,0,0,283763,68283,352046,0,620065,43591875,-44211940,0,0,620065,407381045,43666920,451668030,0,0,363789170,87878860,451668030
2022-05-25,1275,1295,1260,1285,159454,1.1811023622047243,0,0,23929,-23929,0,0,0,130643,28811,159454,0,0,106714,52740,159454,0,0,30757465,-30757465,0,0,0,167188680,36786185,203974865,0,0,136431215,67543650,203974865
2022-05-26,1285,1305,1280,1300,165994,1.1673151750972763,0,0,26187,-26187,0,0,0,147561,18433,165994,0,0,121374,44620,165994,0,0,33906585,-33906585,0,0,0,190612160,23703350,214315510,0,0,156705575,57609935,214315510
2022-05-27,1290,1365,1290,1315,781566,1.153846153846154,0,-1,114225,-114224,0,0,0,692131,89435,781566,0,1,577906,203659,781566,0,-1355,149248815,-149247460,0,0,0,919815935,119456710,1039272645,0,1355,770567120,268704170,1039272645
2022-05-30,1315,1340,1305,1320,520514,0.38022813688212925,0,3260,137637,-140897,0,0,3260,429876,87378,520514,0,0,292239,228275,520514,0,4296400,182260850,-186557250,0,0,4296400,568358000,115335645,687990045,0,0,386097150,301892895,687990045
2022-05-31,1315,1390,1310,1340,1534087,1.5151515151515151,0,14010,250217,-264227,0,0,14010,1319711,200366,1534087,0,0,1069494,464593,1534087,0,19018200,339713330,-358731530,0,0,19018200,1781927000,267774085,2068719285,0,0,1442213670,626505615,2068719285
2022-06-02,1360,1470,1325,1360,5092509,1.4925373134328357,0,-1578,228546,-226968,0,0,9581,4810474,272454,5092509,0,11159,4581928,499422,5092509,0,-2915750,317102500,-314186750,0,0,13121685,6747652890,378482265,7139256840,0,16037435,6430550390,692669015,7139256840
2022-06-03,1370,1385,1310,1320,1552164,-2.941176470588235,0,0,607645,-607645,0,0,0,1370116,182048,1552164,0,0,762471,789693,1552164,0,0,816752600,-816752600,0,0,0,1843419840,246377205,2089797045,0,0,1026667240,1063129805,2089797045
2022-06-07,1320,1320,1250,1255,1569865,-4.924242424242424,0,838,826542,-827380,0,0,838,1507098,61929,1569865,0,0,680556,889309,1569865,0,1065550,1048724085,-1049789635,0,0,1065550,1915810915,79385135,1996261600,0,0,867086830,1129174770,1996261600
2022-06-08,1255,1275,1200,1220,1285909,-2.788844621513944,0,-7722,536735,-529013,0,0,3278,1175238,107393,1285909,0,11000,638503,636406,1285909,0,-9298540,656068080,-646769540,0,0,4011460,1437328795,130699405,1572039660,0,13310000,781260715,777468945,1572039660
2022-06-09,1210,1225,1155,1175,1237631,-3.6885245901639343,0,380,546991,-547371,0,0,380,1171610,65641,1237631,0,0,624619,613012,1237631,0,443835,639561525,-640005360,0,0,443835,1373884000,77449515,1451777350,0,0,734322475,717454875,1451777350
2022-06-10,1170,1170,1135,1160,438220,-1.276595744680851,0,6295,71538,-77833,0,0,6295,380442,51483,438220,0,0,308904,129316,438220,0,7246720,82270520,-89517240,0,0,7246720,437442095,59226715,503915530,0,0,355171575,148743955,503915530
2022-06-13,1110,1140,1080,1100,802535,-5.172413793103448,0,11,86267,-86278,0,0,11,739684,62840,802535,0,0,653417,149118,802535,0,12255,94145945,-94158200,0,0,12255,813421350,70130385,883563990,0,0,719275405,164288585,883563990
2022-06-14,1060,1105,1045,1065,851242,-3.1818181818181817,0,2211,51919,-54130,0,0,2211,718075,130956,851242,0,0,666156,185086,851242,0,2365715,56243240,-58608955,0,0,2365715,762260770,138246825,902873310,0,0,706017530,196855780,902873310
2022-06-15,1070,1070,1010,1015,712199,-4.694835680751173,0,1,131597,-131598,0,0,1,650164,62034,712199,0,0,518567,193632,712199,0,1070,135072050,-135073120,0,0,1070,666124025,64060430,730185525,0,0,531051975,199133550,730185525
2022-06-16,1035,1105,1030,1030,793822,1.477832512315271,0,0,27717,-27717,0,0,0,711926,81896,793822,0,0,684209,109613,793822,0,0,30558965,-30558965,0,0,0,754942190,86370165,841312355,0,0,724383225,116929130,841312355
2022-06-17,990,1045,990,1045,287456,1.4563106796116505,0,22,-21456,21434,0,0,22,212476,74958,287456,0,0,233932,53524,287456,0,22350,-21467157,21444807,0,0,22350,215946766,75840742,291809858,0,0,237413923,54395935,291809858
2022-06-20,1060,1060,998,1005,399258,-3.827751196172249,0,0,69860,-69860,0,0,0,369573,29685,399258,0,0,299713,99545,399258,0,0,71160204,-71160204,0,0,0,373571936,29916760,403488696,0,0,302411732,101076964,403488696
2022-06-21,1000,1200,1000,1080,4851313,7.462686567164178,0,9139,-38060,28921,0,0,9165,4417500,424648,4851313,0,26,4455560,395727,4851313,0,9823385,-35575135,25751750,0,0,9852375,4931419440,464658170,5405929985,0,28990,4966994575,438906420,5405929985
2022-06-22,1085,1085,997,997,1061781,-7.685185185185185,0,0,-27359,27359,0,0,0,881479,180302,1061781,0,0,908838,152943,1061781,0,0,-29311696,29311696,0,0,0,906425972,186599752,1093025724,0,0,935737668,157288056,1093025724
2022-06-23,997,1000,903,903,1138325,-9.42828485456369,53612,-6306,139552,-186858,0,53612,0,950430,134283,1138325,0,6306,810878,321141,1138325,53236716,-5751072,132338685,-179824329,0,53236716,0,900045928,126239147,1079521791,0,5751072,767707243,306063476,1079521791
2022-06-24,1120,1170,1120,1170,5007029,29.568106312292358,-53612,-1000,176500,-121888,0,0,25039,4977715,4275,5007029,53612,26039,4801215,126163,5007029,-61226040,-1170000,203937655,-141541615,0,0,29295630,5791636140,4993250,5825925020,61226040,30465630,5587698485,146534865,5825925020
2022-06-27,1265,1385,1175,1190,20716483,1.7094017094017095,0,-10816,91475,-80659,0,0,12495,19949700,754288,20716483,0,23311,19858225,834947,20716483,0,-12774045,124248410,-111474365,0,0,15934800,25662954250,976699415,26655588465,0,28708845,25538705840,1088173780,26655588465
2022-06-28,1190,1285,1155,1175,6231538,-1.2605042016806722,0,-2447,-45646,48093,0,0,8021,5582958,640559,6231538,0,10468,5628604,592466,6231538,0,-3006505,-71268210,74274715,0,0,9605200,6784284225,791099940,7584989365,0,12611705,6855552435,716825225,7584989365
2022-06-29,1165,1195,1145,1175,1781487,0.0,0,0,-65138,65138,0,30,0,1606481,174976,1781487,30,0,1671619,109838,1781487,150,0,-75321070,75320920,0,35550,0,1887242440,204895630,2092173620,35400,0,1962563510,129574710,2092173620
2022-06-30,1175,1185,1090,1105,1818343,-5.957446808510639,0,310,-21152,20842,0,0,310,1483067,334966,1818343,0,0,1504219,314124,1818343,0,338900,-23443650,23104750,0,0,338900,1669817775,377556800,2047713475,0,0,1693261425,354452050,2047713475
2022-07-01,1100,1105,1025,1025,1296696,-7.239819004524888,0,210,-77431,77221,0,0,210,1059290,237196,1296696,0,0,1136721,159975,1296696,0,216300,-81236340,81020040,0,0,216300,1114426875,250646550,1365289725,0,0,1195663215,169626510,1365289725
2022-07-04,1030,1045,984,984,801013,-4.0,0,-2509,20532,-18023,0,0,350,679193,121470,801013,0,2859,658661,139493,801013,0,-2488228,20645039,-18156811,0,0,347900,682948572,122799656,806096128,0,2836128,662303533,140956467,806096128
2022-07-05,984,1020,984,1020,744719,3.6585365853658534,0,0,-126230,126230,0,0,0,546838,197881,744719,0,0,673068,71651,744719,0,0,-126314603,126314603,0,0,0,550912683,198701460,749614143,0,0,677227286,72386857,749614143
2022-07-06,1010,1025,970,995,711252,-2.450980392156863,0,-10,51464,-51454,0,0,0,578962,132290,711252,0,10,527498,183744,711252,0,-9980,50908611,-50898631,0,0,0,574150795,131158220,705309015,0,9980,523242184,182056851,705309015
2022-07-07,1005,1050,992,1005,804412,1.0050251256281406,0,0,82828,-82828,0,0,0,739771,64641,804412,0,0,656943,147469,804412,0,0,83984669,-83984669,0,0,0,745556812,64697666,810254478,0,0,661572143,148682335,810254478
2022-07-08,1005,1020,1000,1010,556756,0.4975124378109453,0,0,-91742,91742,0,0,0,456373,100383,556756,0,0,548115,8641,556756,0,0,-92259165,92259165,0,0,0,459098675,100988330,560087005,0,0,551357840,8729165,560087005
2022-07-11,1015,1025,993,997,307796,-1.2871287128712872,0,0,38512,-38512,0,0,0,276366,31430,307796,0,0,237854,69942,307796,0,0,38953300,-38953300,0,0,0,277292141,31432259,308724400,0,0,238338841,70385559,308724400
2022-07-12,986,997,953,958,536813,-3.911735205616851,0,445,121178,-121623,0,0,445,502841,33527,536813,0,0,381663,155150,536813,0,426699,117299979,-117726678,0,0,426699,486591615,32569620,519587934,0,0,369291636,150296298,519587934
2022-07-13,963,971,942,967,261136,0.9394572025052191,0,0,-37491,37491,0,0,0,188373,72763,261136,0,0,225864,35272,261136,0,0,-35717060,35717060,0,0,0,180974515,69481964,250456479,0,0,216691575,33764904,250456479
2022-07-14,960,989,949,974,218129,0.7238883143743536,0,0,-8775,8775,0,0,0,161742,56387,218129,0,0,170517,47612,218129,0,0,-8428093,8428093,0,0,0,156411641,54451629,210863270,0,0,164839734,46023536,210863270
2022-07-15,978,978,946,970,223947,-0.41067761806981523,0,0,13913,-13913,0,0,0,181597,42350,223947,0,0,167684,56263,223947,0,0,13268256,-13268256,0,0,0,173652918,40552314,214205232,0,0,160384662,53820570,214205232
2022-07-18,970,989,966,985,242487,1.5463917525773196,0,0,-55219,55219,0,0,0,175288,67199,242487,0,0,230507,11980,242487,0,0,-54116237,54116237,0,0,0,171779280,65895584,237674864,0,0,225895517,11779347,237674864
2022-07-19,974,989,971,989,173073,0.40609137055837563,0,1,-5874,5873,0,0,1,153121,19951,173073,0,0,158995,14078,173073,0,974,-5819215,5818241,0,0,974,150614162,19669119,170284255,0,0,156433377,13850878,170284255
2022-07-20,1000,1010,994,1005,324628,1.6177957532861478,0,0,-17818,17818,0,0,0,275026,49602,324628,0,0,292844,31784,324628,0,0,-17835767,17835767,0,0,0,275633913,49677421,325311334,0,0,293469680,31841654,325311334
2022-07-21,1010,1025,1000,1010,279924,0.4975124378109453,0,1000,23842,-24842,0,0,1000,265098,13826,279924,0,0,241256,38668,279924,0,1000000,24191200,-25191200,0,0,1000000,267645515,13867455,282512970,0,0,243454315,39058655,282512970
2022-07-22,1010,1025,1000,1015,204615,0.49504950495049505,0,0,-6810,6810,0,0,0,171039,33576,204615,0,0,177849,26766,204615,0,0,-6884065,6884065,0,0,0,172714880,33923260,206638140,0,0,179598945,27039195,206638140
2022-07-25,1015,1015,997,1010,209002,-0.49261083743842365,0,0,-11536,11536,0,0,0,175027,33975,209002,0,0,186563,22439,209002,0,0,-11515460,11515460,0,0,0,175655043,34011649,209666692,0,0,187170503,22496189,209666692
2022-07-26,1000,1010,997,1005,200293,-0.49504950495049505,0,-990,-24321,25311,0,0,10,159946,40337,200293,0,1000,184267,15026,200293,0,-989573,-24322855,25312428,0,0,10045,160077226,40359074,200446345,0,999618,184400081,15046646,200446345
2022-07-27,1005,1015,999,1010,121528,0.4975124378109453,0,0,-14252,14252,0,0,0,96907,24621,121528,0,0,111159,10369,121528,0,0,-14368656,14368656,0,0,0,97548944,24784030,122332974,0,0,111917600,10415374,122332974
2022-07-28,1015,1040,1005,1015,349657,0.49504950495049505,0,0,-31515,31515,0,0,0,285641,64016,349657,0,0,317156,32501,349657,0,0,-32199300,32199300,0,0,0,291125000,65466765,356591765,0,0,323324300,33267465,356591765
2022-07-29,1025,1025,1010,1020,253301,0.49261083743842365,0,0,-13639,13639,0,0,0,232234,21067,253301,0,0,245873,7428,253301,0,0,-13840100,13840100,0,0,0,235993895,21399005,257392900,0,0,249833995,7558905,257392900
2022-08-01,1020,1025,1005,1020,211611,0.0,0,4,-13759,13755,0,0,4,185567,26040,211611,0,0,199326,12285,211611,0,4080,-14023875,14019795,0,0,4080,188162240,26451235,214617555,0,0,202186115,12431440,214617555
2022-08-02,1005,1015,1000,1010,199208,-0.9803921568627451,0,0,-13880,13880,0,0,0,177563,21645,199208,0,0,191443,7765,199208,0,0,-13957815,13957815,0,0,0,178625550,21772515,200398065,0,0,192583365,7814700,200398065
2022-08-03,999,1015,999,1010,259461,0.0,0,1,-119067,119066,0,0,1,140361,119099,259461,0,0,259428,33,259461,0,999,-119637274,119636275,0,0,999,141667014,119669510,261337523,0,0,261304288,33235,261337523
2022-08-04,1015,1030,1010,1030,282069,1.9801980198019802,0,1,-54277,54276,0,0,1,225855,56213,282069,0,0,280132,1937,282069,0,1015,-55377335,55376320,0,0,1015,230430845,57365595,287797455,0,0,285808180,1989275,287797455
2022-08-05,1040,1055,1025,1045,343297,1.4563106796116505,0,0,-24924,24924,0,0,0,301046,42251,343297,0,0,325970,17327,343297,0,0,-25856655,25856655,0,0,0,313561410,43870865,357432275,0,0,339418065,18014210,357432275
2022-08-08,1035,1050,1025,1050,148995,0.4784688995215311,0,-15968,10586,5382,0,0,2,131227,17766,148995,0,15970,120641,12384,148995,0,-16576875,10904925,5671950,0,0,2075,136252870,18522080,154777025,0,16578950,125347945,12850130,154777025
2022-08-09,1050,1060,1030,1055,182820,0.4761904761904762,0,0,-23803,23803,0,0,0,153963,28857,182820,0,0,177766,5054,182820,0,0,-24792690,24792690,0,0,0,160846775,30082230,190929005,0,0,185639465,5289540,190929005
2022-08-10,1050,1055,1020,1035,255939,-1.8957345971563981,0,0,-20502,20502,0,0,0,220836,35103,255939,0,0,241338,14601,255939,0,0,-20971155,20971155,0,0,0,227770125,36137835,263907960,0,0,248741280,15166680,263907960
2022-08-11,1035,1065,1035,1050,276954,1.4492753623188406,0,22,-22955,22933,0,0,22,239714,37218,276954,0,0,262669,14285,276954,0,22995,-24062395,24039400,0,0,22995,251802650,39079340,290904985,0,0,275865045,15039940,290904985
2022-08-12,1045,1070,1045,1065,259745,1.4285714285714286,0,-710,-22874,23584,0,0,0,223134,36611,259745,0,710,246008,13027,259745,0,-756150,-24196600,24952750,0,0,0,236644910,38736410,275381320,0,756150,260841510,13783660,275381320
2022-08-16,1065,1075,1055,1070,165798,0.4694835680751174,0,5,-939,934,0,0,5,158403,7390,165798,0,0,159342,6456,165798,0,5325,-1016145,1010820,0,0,5325,168863825,7878490,176747640,0,0,169879970,6867670,176747640
2022-08-17,1080,1080,1040,1055,184504,-1.4018691588785046,0,0,-68,68,0,0,0,168487,16017,184504,0,0,168555,15949,184504,0,0,-42550,42550,0,0,0,176868655,16910780,193779435,0,0,176911205,16868230,193779435
2022-08-18,1060,1060,1030,1045,112761,-0.9478672985781991,0,1,-25399,25398,0,0,1,84021,28739,112761,0,0,109420,3341,112761,0,1045,-26487695,26486650,0,0,1045,87314850,29970105,117286000,0,0,113802545,3483455,117286000
2022-08-19,1055,1055,1025,1035,147002,-0.9569377990430622,0,0,-12548,12548,0,0,0,130678,16324,147002,0,0,143226,3776,147002,0,0,-12969740,12969740,0,0,0,135032810,16883580,151916390,0,0,148002550,3913840,151916390
2022-08-22,1015,1030,998,998,272114,-3.5748792270531404,0,1,12383,-12384,0,0,1,245921,26192,272114,0,0,233538,38576,272114,0,1015,12510750,-12511765,0,0,1015,246920890,26302959,273224864,0,0,234410140,38814724,273224864
2022-08-23,990,1005,981,988,245570,-1.002004008016032,0,0,-17742,17742,0,0,0,192272,53298,245570,0,0,210014,35556,245570,0,0,-17691693,17691693,0,0,0,190437497,52982458,243419955,0,0,208129190,35290765,243419955
2022-08-24,989,1005,986,994,127122,0.6072874493927125,0,21,3192,-3213,0,0,21,104625,22476,127122,0,0,101433,25689,127122,0,20854,3155307,-3176161,0,0,20854,103811564,22296551,126128969,0,0,100656257,25472712,126128969
2022-08-25,987,1020,987,1015,180737,2.112676056338028,0,0,-51263,51263,0,0,0,123590,57147,180737,0,0,174853,5884,180737,0,0,-51559100,51559100,0,0,0,124424484,57500075,181924559,0,0,175983584,5940975,181924559
2022-08-26,1040,1040,1005,1010,164674,-0.49261083743842365,0,0,1049,-1049,0,0,0,140351,24323,164674,0,0,139302,25372,164674,0,0,1094935,-1094935,0,0,0,142800600,24822975,167623575,0,0,141705665,25917910,167623575
2022-08-29,981,999,970,987,226683,-2.277227722772277,0,17,7948,-7965,0,0,17,193320,33346,226683,0,0,185372,41311,226683,0,16965,7731381,-7748346,0,0,16965,190080604,32827843,222925412,0,0,182349223,40576189,222925412
2022-08-30,980,1030,980,988,408528,0.10131712259371835,0,0,-3527,3527,0,0,0,353027,55501,408528,0,0,356554,51974,408528,0,0,-3183992,3183992,0,0,0,353517979,55317671,408835650,0,0,356701971,52133679,408835650
2022-08-31,1000,1190,1000,1085,18103357,9.817813765182185,0,12848,566302,-579150,0,0,18938,17336260,748159,18103357,0,6090,16769958,1327309,18103357,0,14672220,653710715,-668382935,0,0,21395130,19491901220,839505125,20352801475,0,6722910,18838190505,1507888060,20352801475
2022-09-01,1075,1100,1050,1065,2034195,-1.8433179723502304,0,-200,-109962,110162,0,0,0,1733778,300417,2034195,0,200,1843740,190255,2034195,0,-218000,-115142465,115360465,0,0,0,1851643120,319154185,2170797305,0,218000,1966785585,203793720,2170797305
2022-09-02,1085,1095,1015,1015,1858529,-4.694835680751173,0,0,-76025,76025,0,0,0,1668645,189884,1858529,0,0,1744670,113859,1858529,0,0,-75844770,75844770,0,0,0,1742475510,196783785,1939259295,0,0,1818320280,120939015,1939259295
2022-09-05,1010,1015,981,985,812591,-2.955665024630542,0,-13240,115325,-102085,0,0,0,775274,37317,812591,0,13240,659949,139402,812591,0,-13240000,115380502,-102140502,0,0,0,772263679,37187514,809451193,0,13240000,656883177,139328016,809451193
2022-09-06,976,993,976,987,267058,0.20304568527918782,0,0,-26730,26730,0,0,0,228438,38620,267058,0,0,255168,11890,267058,0,0,-26300095,26300095,0,0,0,225475913,38051964,263527877,0,0,251776008,11751869,263527877
2022-09-07,980,986,960,960,449210,-2.735562310030395,0,0,18573,-18573,0,0,0,433030,16180,449210,0,0,414457,34753,449210,0,0,17989858,-17989858,0,0,0,418953827,15748655,434702482,0,0,400963969,33738513,434702482
2022-09-08,961,969,953,955,302157,-0.5208333333333333,0,15,10735,-10750,0,0,15,287967,14175,302157,0,0,277232,24925,302157,0,14483,10181995,-10196478,0,0,14483,275911821,13669175,289595479,0,0,265729826,23865653,289595479
2022-09-13,962,983,962,980,332611,2.6178010471204187,0,1,-14945,14944,0,0,1,302818,29792,332611,0,0,317763,14848,332611,0,962,-14437085,14436123,0,0,962,295061545,28968920,324031427,0,0,309498630,14532797,324031427
2022-09-14,950,972,948,971,272361,-0.9183673469387756,0,1,-11794,11793,0,0,300,236197,35864,272361,0,299,247991,24071,272361,0,-3729,-11332840,11336569,0,0,286600,226941156,34358924,261586680,0,290329,238273996,23022355,261586680
2022-09-15,971,993,971,989,349765,1.8537590113285274,0,1100,-32051,30951,0,0,1100,285668,62997,349765,0,0,317719,32046,349765,0,1080200,-31271811,30191611,0,0,1080200,280845788,61672727,343598715,0,0,312117599,31481116,343598715
2022-09-16,986,989,968,975,288186,-1.4155712841253791,0,0,55472,-55472,0,0,0,275835,12351,288186,0,0,220363,67823,288186,0,0,54216395,-54216395,0,0,0,269351939,12090943,281442882,0,0,215135544,66307338,281442882
2022-09-19,975,998,958,969,322324,-0.6153846153846154,0,500,44306,-44806,0,0,500,314621,7203,322324,0,0,270315,52009,322324,0,482700,43113434,-43596134,0,0,482700,305749247,6965849,313197796,0,0,262635813,50561983,313197796
2022-09-20,972,980,964,978,230155,0.9287925696594427,0,-400,-14844,15244,0,0,0,209680,20475,230155,0,400,224524,5231,230155,0,-389600,-14454411,14844011,0,0,0,203844367,19932940,223777307,0,389600,218298778,5088929,223777307
2022-09-21,961,983,959,970,222854,-0.81799591002045,0,0,-20910,20910,0,0,0,190028,32826,222854,0,0,210938,11916,222854,0,0,-20353628,20353628,0,0,0,185120570,31976545,217097115,0,0,205474198,11622917,217097115
2022-09-22,970,975,943,959,254249,-1.134020618556701,0,0,-3762,3762,0,0,0,228721,25528,254249,0,0,232483,21766,254249,0,0,-3494881,3494881,0,0,0,218642914,24357537,243000451,0,0,222137795,20862656,243000451
2022-09-23,984,986,944,950,341978,-0.9384775808133473,0,1314,-38,-1276,0,0,1314,294706,45958,341978,0,0,294744,47234,341978,0,1242830,-632263,-610567,0,0,1242830,282524425,44888930,328656185,0,0,283156688,45499497,328656185
2022-09-26,936,947,896,900,404353,-5.263157894736842,0,444,-21785,21341,0,0,444,337063,66846,404353,0,0,358848,45505,404353,0,400044,-19170110,18770066,0,0,400044,307832385,60623787,368856216,0,0,327002495,41853721,368856216
2022-09-27,878,905,872,893,330921,-0.7777777777777778,0,0,-98005,98005,0,0,0,206146,124775,330921,0,0,304151,26770,330921,0,0,-86636876,86636876,0,0,0,181983652,110348405,292332057,0,0,268620528,23711529,292332057
2022-09-28,889,896,830,859,350345,-3.807390817469205,0,440,-88921,88481,0,0,440,216701,133204,350345,0,0,305622,44723,350345,0,374880,-76336176,75961296,0,0,374880,186704826,115174355,302254061,0,0,263041002,39213059,302254061
2022-09-29,856,877,843,843,594876,-1.8626309662398137,0,0,-175598,175598,0,0,0,384134,210742,594876,0,0,559732,35144,594876,0,0,-151654090,151654090,0,0,0,329046011,182004693,511050704,0,0,480700101,30350603,511050704
2022-09-30,833,839,813,821,195621,-2.6097271648873073,0,300,-35855,35555,0,0,300,151057,44264,195621,0,0,186912,8709,195621,0,249600,-29670297,29420697,0,0,249600,124856940,36627781,161734321,0,0,154527237,7207084,161734321
2022-10-04,847,848,827,846,198158,3.0450669914738127,0,-300,-44541,44841,0,0,0,147915,50243,198158,0,300,192456,5402,198158,0,-252300,-37233143,37485443,0,0,0,123774027,42013223,165787250,0,252300,161007170,4527780,165787250
2022-10-05,847,868,836,845,188938,-0.1182033096926714,0,0,-27017,27017,0,0,0,134473,54465,188938,0,0,161490,27448,188938,0,0,-23028269,23028269,0,0,0,114017424,46283956,160301380,0,0,137045693,23255687,160301380
2022-10-06,839,880,839,868,237183,2.72189349112426,0,0,9264,-9264,0,0,0,209658,27525,237183,0,0,200394,36789,237183,0,0,8234939,-8234939,0,0,0,180929512,23582823,204512335,0,0,172694573,31817762,204512335
2022-10-07,858,875,858,865,78692,-0.3456221198156682,0,0,-6199,6199,0,0,0,66806,11886,78692,0,0,73005,5687,78692,0,0,-5369710,5369710,0,0,0,57947514,10292299,68239813,0,0,63317224,4922589,68239813
2022-10-11,865,865,817,825,152124,-4.624277456647398,0,110,22609,-22719,0,0,110,141568,10446,152124,0,0,118959,33165,152124,0,90640,18818049,-18908689,0,0,90640,117135159,8634916,125860715,0,0,98317110,27543605,125860715
2022-10-12,816,831,810,815,181037,-1.2121212121212122,0,51,-17869,17818,0,0,51,141977,39009,181037,0,0,159846,21191,181037,0,41616,-14562917,14521301,0,0,41616,116370916,31896093,148308625,0,0,130933833,17374792,148308625
2022-10-13,815,818,769,773,308598,-5.153374233128835,0,150,16906,-17056,0,0,150,275052,33396,308598,0,0,258146,50452,308598,0,117450,13548646,-13666096,0,0,117450,216685187,26252078,243054715,0,0,203136541,39918174,243054715
2022-10-14,777,805,777,795,148308,2.846054333764554,0,0,-16208,16208,0,0,0,129020,19288,148308,0,0,145228,3080,148308,0,0,-12878434,12878434,0,0,0,102063788,15305444,117369232,0,0,114942222,2427010,117369232
2022-10-17,803,804,746,803,99648,1.0062893081761006,0,-5,-14771,14776,0,0,0,77939,21709,99648,0,5,92710,6933,99648,0,-3975,-11478895,11482870,0,0,0,61288479,16974297,78262776,0,3975,72767374,5491427,78262776
2022-10-18,816,817,800,812,89323,1.1207970112079702,0,1,-14699,14698,0,0,1,71338,17984,89323,0,0,86037,3286,89323,0,816,-11870159,11869343,0,0,816,57764144,14535037,72299997,0,0,69634303,2665694,72299997
2022-10-19,820,941,813,832,887441,2.4630541871921183,0,-900,115944,-115044,0,0,0,808670,78771,887441,0,900,692726,193815,887441,0,-846000,105052667,-104206667,0,0,0,705999755,66351084,772350839,0,846000,600947088,170557751,772350839
2022-10-20,832,898,829,864,535678,3.8461538461538463,0,0,-22987,22987,0,0,0,424325,111353,535678,0,0,447312,88366,535678,0,0,-18819186,18819186,0,0,0,366218015,95800288,462018303,0,0,385037201,76981102,462018303
2022-10-21,866,867,826,842,170917,-2.5462962962962963,0,128,9182,-9310,0,0,128,155649,15140,170917,0,0,146467,24450,170917,0,107064,7855542,-7962606,0,0,107064,131036584,12685887,143829535,0,0,123181042,20648493,143829535
2022-10-24,844,868,844,853,152430,1.3064133016627077,0,12,-26018,26006,0,0,12,115023,37395,152430,0,0,141041,11389,152430,0,10182,-22087677,22077495,0,0,10182,98528821,31813305,130352308,0,0,120616498,9735810,130352308
2022-10-25,861,861,835,842,98336,-1.2895662368112544,0,109,7230,-7339,0,0,120,91565,6651,98336,0,11,84335,13990,98336,0,91567,6135630,-6227197,0,0,100840,77197339,5594590,82892769,0,9273,71061709,11821787,82892769
2022-10-26,830,845,776,807,153192,-4.156769596199525,0,125,20786,-20911,0,0,125,142631,10436,153192,0,0,121845,31347,153192,0,101850,16934229,-17036079,0,0,101850,116388949,8619797,125110596,0,0,99454720,25655876,125110596
2022-10-27,806,822,803,808,100006,0.12391573729863693,0,0,-13107,13107,0,0,0,84010,15996,100006,0,0,97117,2889,100006,0,0,-10582311,10582311,0,0,0,68064278,12935321,80999599,0,0,78646589,2353010,80999599
2022-10-28,808,814,793,806,106501,-0.24752475247524752,0,0,7922,-7922,0,0,0,105638,863,106501,0,0,97716,8785,106501,0,0,6345208,-6345208,0,0,0,84461975,686072,85148047,0,0,78116767,7031280,85148047
2022-10-31,811,811,792,797,64314,-1.1166253101736971,0,75,-1902,1827,0,0,75,57883,6356,64314,0,0,59785,4529,64314,0,59925,-1497076,1437151,0,0,59925,46313751,5072392,51446068,0,0,47810827,3635241,51446068
2022-11-01,809,819,797,819,89561,2.7603513174404015,0,0,-10065,10065,0,0,0,78831,10730,89561,0,0,88896,665,89561,0,0,-8184227,8184227,0,0,0,64156614,8726198,72882812,0,0,72340841,541971,72882812
2022-11-02,819,819,800,805,117840,-1.7094017094017095,0,424,-1336,912,0,0,424,107408,10008,117840,0,0,108744,9096,117840,0,343228,-1036905,693677,0,0,343228,86895590,8084828,95323646,0,0,87932495,7391151,95323646
2022-11-03,805,808,799,803,93436,-0.2484472049689441,0,300,-35537,35237,0,0,300,57413,35723,93436,0,0,92950,486,93436,0,240900,-28465913,28225013,0,0,240900,46155995,28614981,75011876,0,0,74621908,389968,75011876
2022-11-04,808,830,794,826,167946,2.86425902864259,0,-96,12857,-12761,0,0,154,153185,14607,167946,0,250,140328,27368,167946,0,-81722,10305980,-10224258,0,0,124278,124088207,11926666,136139151,0,206000,113782227,22150924,136139151
2022-11-07,866,898,829,850,653448,2.9055690072639226,0,-1629,58500,-56871,0,0,0,594534,58914,653448,0,1629,536034,115785,653448,0,-1420634,50891189,-49470555,0,0,0,508427061,50106462,558533523,0,1420634,457535872,99577017,558533523
2022-11-08,852,1015,847,890,14854476,4.705882352941177,0,12536,295996,-308532,0,0,13531,14513483,327462,14854476,0,995,14217487,635994,14854476,0,12364779,293523036,-305887815,0,0,13300526,13911409413,300133327,14224843266,0,935747,13617886377,606021142,14224843266
2022-11-09,889,905,873,897,1154653,0.7865168539325843,0,2,-96001,95999,0,0,2,1009324,145327,1154653,0,0,1105325,49328,1154653,0,1764,-84188134,84186370,0,0,1764,895855288,127858342,1023715394,0,0,980043422,43671972,1023715394
2022-11-10,905,910,872,875,845329,-2.4526198439241917,0,0,23746,-23746,0,0,0,745620,99709,845329,0,0,721874,123455,845329,0,0,21899870,-21899870,0,0,0,659120453,87742930,746863383,0,0,637220583,109642800,746863383
2022-11-11,894,901,872,888,611492,1.4857142857142858,0,-3,-34478,34481,0,0,1,514374,97117,611492,0,4,548852,62636,611492,0,-2659,-30547136,30549795,0,0,883,455941159,86117605,542059647,0,3542,486488295,55567810,542059647
2022-11-14,888,916,880,908,780510,2.2522522522522523,0,0,-70721,70721,0,0,0,670841,109669,780510,0,0,741562,38948,780510,0,0,-63222729,63222729,0,0,0,603686668,98430353,702117021,0,0,666909397,35207624,702117021
2022-11-15,905,922,895,913,490177,0.5506607929515419,0,0,8116,-8116,0,0,0,471109,19068,490177,0,0,462993,27184,490177,0,0,7514447,-7514447,0,0,0,428648644,17246828,445895472,0,0,421134197,24761275,445895472
2022-11-16,910,913,885,899,327797,-1.5334063526834611,0,0,-6796,6796,0,0,0,286313,41484,327797,0,0,293109,34688,327797,0,0,-6096117,6096117,0,0,0,257858546,37462703,295321249,0,0,263954663,31366586,295321249
2022-11-17,899,899,881,882,206201,-1.8909899888765296,0,0,-3889,3889,0,0,0,186663,19538,206201,0,0,190552,15649,206201,0,0,-3434675,3434675,0,0,0,165420709,17321949,182742658,0,0,168855384,13887274,182742658
2022-11-18,896,896,872,875,203755,-0.7936507936507936,0,0,-10233,10233,0,0,0,182696,21059,203755,0,0,192929,10826,203755,0,0,-8941703,8941703,0,0,0,160392811,18463883,178856694,0,0,169334514,9522180,178856694
2022-11-21,875,885,856,865,172669,-1.1428571428571428,0,0,12070,-12070,0,0,0,161361,11308,172669,0,0,149291,23378,172669,0,0,10576978,-10576978,0,0,0,139391211,9702838,149094049,0,0,128814233,20279816,149094049
2022-11-22,861,870,847,858,129190,-0.8092485549132947,0,0,1439,-1439,0,0,0,122376,6814,129190,0,0,120937,8253,129190,0,0,1268106,-1268106,0,0,0,104405459,5794809,110200268,0,0,103137353,7062915,110200268
2022-11-23,866,877,859,867,142265,1.048951048951049,0,0,-23160,23160,0,0,0,115640,26625,142265,0,0,138800,3465,142265,0,0,-20206236,20206236,0,0,0,100596522,23227817,123824339,0,0,120802758,3021581,123824339
2022-11-24,870,883,868,882,114126,1.7301038062283738,0,0,-7261,7261,0,0,0,101519,12607,114126,0,0,108780,5346,114126,0,0,-6308292,6308292,0,0,0,89160589,11001747,100162336,0,0,95468881,4693455,100162336
2022-11-25,890,890,875,880,105109,-0.22675736961451248,0,0,5506,-5506,0,0,0,99545,5564,105109,0,0,94039,11070,105109,0,0,4906295,-4906295,0,0,0,87818556,4885881,92704437,0,0,82912261,9792176,92704437
2022-11-28,873,891,855,855,252162,-2.840909090909091,0,0,24034,-24034,0,0,0,244128,8034,252162,0,0,220094,32068,252162,0,0,20808661,-20808661,0,0,0,210172556,6886835,217059391,0,0,189363895,27695496,217059391
2022-11-29,847,925,841,915,1574584,7.017543859649122,0,0,4476,-4476,0,0,0,1435059,139525,1574584,0,0,1430583,144001,1574584,0,0,5904373,-5904373,0,0,0,1291839949,123931221,1415771170,0,0,1285935576,129835594,1415771170
2022-11-30,922,934,907,915,1672652,0.0,0,0,152905,-152905,0,0,0,1516164,156488,1672652,0,0,1363259,309393,1672652,0,0,141423799,-141423799,0,0,0,1399741150,144013700,1543754850,0,0,1258317351,285437499,1543754850
2022-12-01,925,935,916,924,460693,0.9836065573770493,0,1,-64294,64293,0,0,1,343812,116880,460693,0,0,408106,52587,460693,0,925,-59679149,59678224,0,0,925,318071479,108294855,426367259,0,0,377750628,48616631,426367259
2022-12-02,926,945,916,918,333969,-0.6493506493506493,0,0,-24706,24706,0,0,0,294395,39574,333969,0,0,319101,14868,333969,0,0,-22861002,22861002,0,0,0,273324591,36660730,309985321,0,0,296185593,13799728,309985321
2022-12-05,927,1030,927,962,8506380,4.793028322440087,0,152,142540,-142692,0,0,252,7908421,597707,8506380,0,100,7765881,740399,8506380,0,148988,148298347,-148447335,0,0,250488,7789690068,580454591,8370395147,0,101500,7641391721,728901926,8370395147
2022-12-06,940,982,918,921,1041453,-4.261954261954262,0,0,-127479,127479,0,0,0,840814,200639,1041453,0,0,968293,73160,1041453,0,0,-118943584,118943584,0,0,0,794754409,189074049,983828458,0,0,913697993,70130465,983828458
2022-12-07,920,1195,919,1195,20123340,29.75027144408252,0,-13468,154260,-140792,0,0,56512,19813194,253634,20123340,0,69980,19658934,394426,20123340,0,-13872825,175074284,-161201459,0,0,67513500,22793458569,254663139,23115635208,0,81386325,22618384285,415864598,23115635208
2022-12-08,1180,1375,1175,1220,52557559,2.092050209205021,0,278371,-498289,219918,0,0,287967,51588581,681011,52557559,0,9596,52086870,461093,52557559,0,352042060,-611519055,259476995,0,0,364279525,65560713605,836121190,66761114320,0,12237465,66172232660,576644195,66761114320
2022-12-09,1220,1320,1190,1220,21376610,0.0,0,-197400,348159,-150759,0,0,20419,21086639,269552,21376610,0,217819,20738480,420311,21376610,0,-239271835,430597510,-191325675,0,0,26036420,26415352855,333884370,26775273645,0,265308255,25984755345,525210045,26775273645
2022-12-12,1245,1350,1230,1265,15890900,3.6885245901639343,52742,-4584,56550,-104708,0,52742,1538,15490983,345637,15890900,0,6122,15434433,450345,15890900,67017405,-6194585,75730600,-136553420,0,67017405,1955665,19909200475,440534670,20418708215,0,8150250,19833469875,577088090,20418708215
2022-12-13,1315,1320,1180,1195,4213011,-5.533596837944664,-52742,1094,65893,-14245,0,0,1233,4083953,127825,4213011,52742,139,4018060,142070,4213011,-63671690,1289990,82343650,-19961950,0,0,1464435,5056948755,155922425,5214335615,63671690,174445,4974605105,175884375,5214335615
2022-12-14,1175,1225,1115,1155,4015484,-3.3472803347280333,86,335,-760878,760457,0,8813,335,3074939,931397,4015484,8727,0,3835817,170940,4015484,-336590,398650,-871739670,871677610,0,10048540,398650,3605291015,1073707180,4689445385,10385130,0,4477030685,202029570,4689445385
2022-12-15,1210,1265,1145,1155,4735823,0.0,-43,-75652,787551,-711856,0,0,4348,4599299,132176,4735823,43,80000,3811748,844032,4735823,-53105,-87197200,934224330,-846974025,0,0,5202800,5430743670,155347165,5591293635,53105,92400000,4496519340,1002321190,5591293635
2022-12-16,1125,1250,1120,1210,9175707,4.761904761904762,0,-3632,-57452,61084,0,0,373,8513584,661750,9175707,0,4005,8571036,600666,9175707,0,-4434520,-58688220,63122740,0,0,451530,10266530405,788164795,11055146730,0,4886050,10325218625,725042055,11055146730
2022-12-19,1200,1230,1180,1205,2021064,-0.4132231404958678,-43,104,79389,-79450,0,0,104,1950078,70882,2021064,43,0,1870689,150332,2021064,-51385,125580,95926390,-96000585,0,0,125580,2353766395,85516935,2439408910,51385,0,2257840005,181517520,2439408910
2022-12-20,1190,1265,1185,1215,4971082,0.8298755186721992,0,2315,-43013,40698,0,0,2825,4741025,227232,4971082,0,510,4784038,186534,4971082,0,2852210,-51682280,48830070,0,0,3487310,5838755775,278831055,6121074140,0,635100,5890438055,230000985,6121074140
2022-12-21,1250,1265,1205,1250,3088112,2.880658436213992,0,315,7118,-7433,0,0,1125,2920419,166568,3088112,0,810,2913301,174001,3088112,0,400560,8512240,-8912800,0,0,1405110,3609352780,206694925,3817452815,0,1004550,3600840540,215607725,3817452815
2022-12-22,1265,1390,1235,1300,19425954,4.0,10167,504,48931,-59602,0,10167,5082,18779084,631621,19425954,0,4578,18730153,691223,19425954,13003760,504340,71693065,-85201165,0,13003760,6483430,24611527950,817725860,25448741000,0,5979090,24539834885,902927025,25448741000
2022-12-23,1265,1345,1190,1190,10139293,-8.461538461538462,-10167,867,-20513,29813,0,0,16640,9729255,393398,10139293,10167,15773,9749768,363585,10139293,-13269605,1452330,-22415330,34232605,0,0,20702250,12506927985,504948635,13032578870,13269605,19249920,12529343315,470716030,13032578870
2022-12-26,1180,1220,1150,1160,1962744,-2.5210084033613445,0,0,57041,-57041,0,0,1000,1887187,74557,1962744,0,1000,1830146,131598,1962744,0,-20000,69761150,-69741150,0,0,1185000,2224491700,87113910,2312790610,0,1205000,2154730550,156855060,2312790610
2022-12-27,1165,1360,1165,1265,20797829,9.051724137931034,0,-705,-783304,784009,0,0,5238,18933800,1858791,20797829,0,5943,19717104,1074782,20797829,0,-1023565,-972202210,973225775,0,0,6642775,24470555015,2357645490,26834843280,0,7666340,25442757225,1384419715,26834843280
2022-12-28,1270,1300,1240,1280,4250231,1.185770750988142,0,-4251,348895,-344644,0,0,320,3856716,393195,4250231,0,4571,3507821,737839,4250231,0,-5320900,449522040,-444201140,0,0,398400,4914013090,499766885,5414178375,0,5719300,4464491050,943968025,5414178375
2022-12-29,1260,1265,1190,1205,2091513,-5.859375,0,1096,-40154,39058,0,0,1115,1968267,122131,2091513,0,19,2008421,83073,2091513,0,1313565,-47680015,46366450,0,0,1336935,2397903290,148391550,2547631775,0,23370,2445583305,102025100,2547631775
2023-01-02,1205,1210,1120,1150,1761693,-4.564315352697095,0,101,-175358,175257,0,0,295,1405961,355437,1761693,0,194,1581319,180180,1761693,0,118360,-200614200,200495840,0,0,341460,1636957230,411962840,2049261530,0,223100,1837571430,211467000,2049261530
2023-01-03,1130,1195,1130,1170,1448009,1.7391304347826086,0,330,17398,-17728,0,0,330,1242873,204806,1448009,0,0,1225475,222534,1448009,0,386100,20741375,-21127475,0,0,386100,1451156250,238923385,1690465735,0,0,1430414875,260050860,1690465735
2023-01-04,1170,1200,1140,1180,1001178,0.8547008547008548,0,151,51662,-51813,0,0,151,889586,111441,1001178,0,0,837924,163254,1001178,0,177535,61148275,-61325810,0,0,177535,1042235690,130540235,1172953460,0,0,981087415,191866045,1172953460
2023-01-05,1205,1235,1170,1210,2047905,2.5423728813559325,0,296,44258,-44554,0,0,296,1747266,300343,2047905,0,0,1703008,344897,2047905,0,358900,50720335,-51079235,0,0,358900,2096663005,362169315,2459191220,0,0,2045942670,413248550,2459191220
2023-01-06,1200,1285,1195,1205,5673415,-0.4132231404958678,0,213,313866,-314079,0,0,213,5333461,339741,5673415,0,0,5019595,653820,5673415,0,256130,395357700,-395613830,0,0,256130,6626854090,419640890,7046751110,0,0,6231496390,815254720,7046751110
2023-01-09,1220,1280,1215,1260,3412032,4.564315352697095,0,23840,-603378,579538,0,0,23840,2576327,811865,3412032,0,0,3179705,232327,3412032,0,29542400,-751783560,722241160,0,0,29542400,3223541100,1014714695,4267798195,0,0,3975324660,292473535,4267798195
2023-01-10,1250,1300,1205,1220,3835652,-3.1746031746031744,0,-23840,589860,-566020,0,0,0,3567982,267670,3835652,0,23840,2978122,833690,3835652,0,-30038400,748759775,-718721375,0,0,0,4475912820,332192935,4808105755,0,30038400,3727153045,1050914310,4808105755
2023-01-11,1230,1395,1205,1280,15666827,4.918032786885246,5250,3100,-708871,700521,0,5250,22147,13865210,1774220,15666827,0,19047,14574081,1073699,15666827,6641250,3106625,-886105585,876357710,0,6641250,27903225,18162465690,2272755245,20469765410,0,24796600,19048571275,1396397535,20469765410
2023-01-12,1280,1300,1240,1260,2302164,-1.5625,-5250,1236,404443,-400429,0,0,1700,2124596,175868,2302164,5250,464,1720153,576297,2302164,-6630720,1531080,516677020,-511577380,0,0,2125000,2706693915,224238580,2933057495,6630720,593920,2190016895,735815960,2933057495
2023-01-13,1270,1310,1255,1285,3136480,1.984126984126984,0,0,419788,-419788,0,0,0,2864783,271697,3136480,0,0,2444995,691485,3136480,0,0,537996615,-537996615,0,0,0,3660192645,347029765,4007222410,0,0,3122196030,885026380,4007222410
2023-01-16,1320,1370,1300,1310,7841239,1.9455252918287937,0,-1705,-19533,21238,0,0,0,7141955,699284,7841239,0,1705,7161488,678046,7841239,0,-2314525,-25257755,27572280,0,0,0,9544795715,936322225,10481117940,0,2314525,9570053470,908749945,10481117940
2023-01-17,1330,1530,1315,1400,42734992,6.870229007633588,4744,7390,-68718,56584,0,4744,60573,40889910,1779765,42734992,0,53183,40958628,1723181,42734992,6641600,10090290,-78304835,61572945,0,6641600,89126685,58959636255,2519181960,61574586500,0,79036395,59037941090,2457609015,61574586500
2023-01-18,1425,1425,1360,1410,4924209,0.7142857142857143,-4744,146,-308321,312919,0,0,1000,4255328,667881,4924209,4744,854,4563649,354962,4924209,-6696150,212975,-428107190,434590365,0,0,1420000,5959451490,933618930,6894490420,6696150,1207025,6387558680,499028565,6894490420
2023-01-19,1395,1485,1375,1430,11026926,1.4184397163120568,90000,-16077,261287,-335210,0,90000,3923,10239798,693205,11026926,0,20000,9978511,1028415,11026926,128650000,-23242940,377556990,-482964050,0,128650000,5712970,14762075895,998453165,15894892030,0,28955910,14384518905,1481417215,15894892030
2023-01-20,1435,1455,1390,1395,2866782,-2.4475524475524475,0,3148,115279,-118427,0,0,7071,2727820,131891,2866782,0,3923,2612541,250318,2866782,0,4621980,168835845,-173457825,0,0,10114045,3849240345,184988975,4044343365,0,5492065,3680404500,358446800,4044343365
2023-01-25,1395,1396,1311,1336,3139811,-4.229390681003585,-90000,0,-41125,131125,0,0,0,2914103,225708,3139811,90000,0,2955228,94583,3139811,-119864661,0,-55524111,175388772,0,0,0,3894331490,302056066,4196387556,119864661,0,3949855601,126667294,4196387556
2023-01-26,1343,1374,1316,1332,2208222,-0.29940119760479045,0,0,-24168,24168,0,0,0,2075004,133218,2208222,0,0,2099172,109050,2208222,0,0,-31627852,31627852,0,0,0,2809930321,180152244,2990082565,0,0,2841558173,148524392,2990082565
2023-01-27,1336,1349,1310,1320,1523207,-0.9009009009009009,0,0,-82617,82617,0,0,0,1372270,150937,1523207,0,0,1454887,68320,1523207,0,0,-109394804,109394804,0,0,0,1817103048,199970546,2017073594,0,0,1926497852,90575742,2017073594
2023-01-30,1340,1350,1290,1293,1291238,-2.0454545454545454,0,-3000,4950,-1950,0,0,0,1171610,119628,1291238,0,3000,1166660,121578,1291238,0,-3897000,6724676,-2827676,0,0,0,1538511151,156999900,1695511051,0,3897000,1531786475,159827576,1695511051
2023-01-31,1292,1292,1242,1245,1273548,-3.7122969837587005,0,-2071,-77657,79728,0,0,0,1096196,177352,1273548,0,2071,1173853,97624,1273548,0,-2620170,-97382416,100002586,0,0,0,1373426284,222262291,1595688575,0,2620170,1470808700,122259705,1595688575
2023-02-01,1245,1293,1245,1280,1061627,2.8112449799196786,0,4800,4323,-9123,0,0,4800,982794,74033,1061627,0,0,978471,83156,1061627,0,6069500,6445141,-12514641,0,0,6069500,1247549566,93126130,1346745196,0,0,1241104425,105640771,1346745196
2023-02-02,1294,1307,1270,1307,1034188,2.109375,0,0,-45319,45319,0,0,0,898106,136082,1034188,0,0,943425,90763,1034188,0,0,-58354566,58354566,0,0,0,1159844121,175553020,1335397141,0,0,1218198687,117198454,1335397141
2023-02-03,1330,1330,1289,1297,1109425,-0.7651109410864576,0,0,99160,-99160,0,0,0,1071145,38280,1109425,0,0,971985,137440,1109425,0,0,129643563,-129643563,0,0,0,1395720192,49992184,1445712376,0,0,1266076629,179635747,1445712376
2023-02-06,1296,1296,1250,1285,871259,-0.9252120277563608,0,-2800,-49863,52663,0,0,0,736400,134859,871259,0,2800,786263,82196,871259,0,-3587207,-63489716,67076923,0,0,0,936972806,171797038,1108769844,0,3587207,1000462522,104720115,1108769844
2023-02-07,1285,1293,1262,1290,867068,0.38910505836575876,0,-4000,-26344,30344,0,0,0,773934,93134,867068,0,4000,800278,62790,867068,0,-5052000,-34183587,39235587,0,0,0,986902944,119050646,1105953590,0,5052000,1021086531,79815059,1105953590
2023-02-08,1292,1295,1265,1271,621702,-1.4728682170542635,0,0,34680,-34680,0,0,0,594336,27366,621702,0,0,559656,62046,621702,0,0,44420194,-44420194,0,0,0,756923416,34858321,791781737,0,0,712503222,79278515,791781737
2023-02-09,1271,1276,1257,1266,567546,-0.3933910306845004,0,0,-63896,63896,0,0,0,468871,98675,567546,0,0,532767,34779,567546,0,0,-80545230,80545230,0,0,0,593122360,124659809,717782169,0,0,673667590,44114579,717782169
2023-02-10,1276,1345,1260,1284,3569259,1.4218009478672986,0,0,5484,-5484,0,0,0,3197669,371590,3569259,0,0,3192185,377074,3569259,0,0,11641689,-11641689,0,0,0,4170684538,482539202,4653223740,0,0,4159042849,494180891,4653223740
2023-02-13,1330,1338,1286,1289,1785499,0.3894080996884735,0,0,252397,-252397,0,0,0,1702665,82834,1785499,0,0,1450268,335231,1785499,0,0,330924409,-330924409,0,0,0,2229064946,108263767,2337328713,0,0,1898140537,439188176,2337328713
2023-02-14,1284,1300,1266,1267,912117,-1.7067494181536074,0,0,81721,-81721,0,0,0,870818,41299,912117,0,0,789097,123020,912117,0,0,104126692,-104126692,0,0,0,1109359285,52582157,1161941442,0,0,1005232593,156708849,1161941442
2023-02-15,1267,1271,1208,1209,1610675,-4.577742699289661,0,0,-28390,28390,0,0,0,1440647,170028,1610675,0,0,1469037,141638,1610675,0,0,-32174288,32174288,0,0,0,1770493870,208223796,1978717666,0,0,1802668158,176049508,1978717666
2023-02-16,1210,1226,1190,1226,661511,1.4061207609594708,0,0,-104157,104157,0,0,0,536073,125438,661511,0,0,640230,21281,661511,0,0,-126293174,126293174,0,0,0,649905869,152223379,802129248,0,0,776199043,25930205,802129248
2023-02-17,1201,1240,1201,1237,424899,0.897226753670473,0,15117,-111489,96372,0,0,15117,286198,123584,424899,0,0,397687,27212,424899,0,18636554,-136238610,117602056,0,0,18636554,349588502,151011376,519236432,0,0,485827112,33409320,519236432
2023-02-20,1226,1239,1215,1237,391797,0.0,0,-11317,-90813,102130,0,0,3800,263098,124899,391797,0,15117,353911,22769,391797,0,-13840942,-111542671,125383613,0,0,4674318,322865503,153384414,480924235,0,18515260,434408174,28000801,480924235
2023-02-21,1225,1245,1225,1234,430013,-0.2425222312045271,0,0,-3475,3475,0,0,0,385231,44782,430013,0,0,388706,41307,430013,0,0,-4403735,4403735,0,0,0,476939472,55524302,532463774,0,0,481343207,51120567,532463774
2023-02-22,1217,1245,1200,1201,612446,-2.674230145867099,0,0,73780,-73780,0,0,0,548127,64319,612446,0,0,474347,138099,612446,0,0,89753298,-89753298,0,0,0,669326937,78812482,748139419,0,0,579573639,168565780,748139419
2023-02-23,1210,1210,1193,1196,498561,-0.4163197335553705,0,0,-19390,19390,0,0,0,449464,49097,498561,0,0,468854,29707,498561,0,0,-23253055,23253055,0,0,0,539492592,58917496,598410088,0,0,562745647,35664441,598410088
2023-02-24,1196,1201,1144,1157,841875,-3.260869565217391,0,0,-42840,42840,0,0,0,703136,138739,841875,0,0,745976,95899,841875,0,0,-48928059,48928059,0,0,0,819361379,161066342,980427721,0,0,868289438,112138283,980427721
2023-02-27,1139,1184,1134,1176,460320,1.6421780466724287,0,0,-49182,49182,0,0,0,340336,119984,460320,0,0,389518,70802,460320,0,0,-56343359,56343359,0,0,0,395784346,139220928,535005274,0,0,452127705,82877569,535005274
2023-02-28,1172,1222,1172,1212,534820,3.061224489795918,0,0,-66629,66629,0,0,200,418372,116248,534820,0,200,485001,49619,534820,0,-2250,-80255735,80257985,0,0,241350,504428877,140047296,644717523,0,243600,584684612,59789311,644717523
2023-03-02,1245,1245,1211,1222,547056,0.825082508250825,0,1000,-82535,81535,0,0,1000,417644,128412,547056,0,0,500179,46877,547056,0,1221000,-100623194,99402194,0,0,1221000,513089205,157146436,671456641,0,0,613712399,57744242,671456641
2023-03-03,1239,1250,1223,1234,425331,0.9819967266775778,0,0,-43831,43831,0,0,0,325742,99589,425331,0,0,369573,55758,425331,0,0,-54003045,54003045,0,0,0,401270456,122795403,524065859,0,0,455273501,68792358,524065859
2023-03-06,1234,1234,1180,1207,413716,-2.188006482982172,468,0,-35925,35457,0,468,0,333767,79481,413716,0,0,369692,44024,413716,564876,0,-42543901,41979025,0,564876,0,402813730,95553664,498932270,0,0,445357631,53574639,498932270
2023-03-07,1201,1202,1174,1179,414885,-2.31980115990058,360,0,24462,-24822,0,360,0,340719,73806,414885,0,0,316257,98628,414885,432320,0,29082675,-29514995,0,432320,0,403621749,87434177,491488246,0,0,374539074,116949172,491488246
2023-03-08,1165,1169,1131,1153,451264,-2.205258693808312,673,0,-41277,40604,0,673,0,355545,95046,451264,0,0,396822,54442,451264,761163,0,-46789738,46028575,0,761163,0,408010107,108774070,517545340,0,0,454799845,62745495,517545340
2023-03-09,1163,1170,1129,1142,324704,-0.9540329575021683,0,0,-54269,54269,0,0,0,247163,77541,324704,0,0,301432,23272,324704,0,0,-61714884,61714884,0,0,0,282519123,88447144,370966267,0,0,344234007,26732260,370966267
2023-03-10,1125,1126,1093,1098,391005,-3.852889667250438,1057,0,-15461,14404,0,1057,0,340584,49364,391005,0,0,356045,34960,391005,1155301,0,-16874920,15719619,0,1155301,0,377569889,54720227,433445417,0,0,394444809,39000608,433445417
2023-03-13,1084,1112,1050,1106,532567,0.7285974499089253,0,0,-145680,145680,0,0,0,328968,203599,532567,0,0,474648,57919,532567,0,0,-156135019,156135019,0,0,0,354252901,218685879,572938780,0,0,510387920,62550860,572938780
2023-03-14,1106,1106,1030,1049,503580,-5.15370705244123,3019,0,-63794,60775,0,3847,0,354205,145528,503580,828,0,417999,84753,503580,3101526,0,-65486082,62384556,0,3985492,0,374078365,153000105,531063962,883966,0,439564447,90615549,531063962
2023-03-15,1069,1098,1060,1089,358339,3.813155386081983,0,-372,-28695,29067,0,0,0,253769,104570,358339,0,372,282464,75503,358339,0,-404308,-30864223,31268531,0,0,0,274811332,113078327,387889659,0,404308,305675555,81809796,387889659
2023-03-16,1089,1089,1019,1055,200999,-3.1221303948576673,0,0,-28231,28231,0,0,0,154351,46648,200999,0,0,182582,18417,200999,0,0,-29800492,29800492,0,0,0,163800820,49377512,213178332,0,0,193601312,19577020,213178332
2023-03-17,1104,1104,1047,1079,334022,2.2748815165876777,0,0,-40936,40936,0,0,0,249427,84595,334022,0,0,290363,43659,334022,0,0,-43229181,43229181,0,0,0,265476509,89997545,355474054,0,0,308705690,46768364,355474054
2023-03-20,1078,1145,1067,1130,664006,4.726598702502317,0,0,-10971,10971,0,1,0,528395,135610,664006,1,0,539366,124639,664006,1,0,-11513521,11513520,0,1135,0,595923606,151940193,747864934,1134,0,607437127,140426673,747864934
2023-03-21,1130,1142,1097,1099,354410,-2.743362831858407,0,0,50901,-50901,0,0,0,323242,31168,354410,0,0,272341,82069,354410,0,0,56930578,-56930578,0,0,0,359507617,34905757,394413374,0,0,302577039,91836335,394413374
2023-03-22,1115,1119,1071,1071,330743,-2.547770700636943,0,0,39883,-39883,0,0,0,307937,22806,330743,0,0,268054,62689,330743,0,0,43431491,-43431491,0,0,0,333440425,24679685,358120110,0,0,290008934,68111176,358120110
2023-03-23,1049,1091,1043,1054,265920,-1.5873015873015872,0,-10000,-39641,49641,0,784,0,186813,78323,265920,784,10000,226454,28682,265920,-7840,-10500000,-41788513,52296353,0,822416,0,197462908,82788145,281073469,830256,10500000,239251421,30491792,281073469
2023-03-24,1050,1075,1046,1052,203703,-0.18975332068311196,0,14,-51301,51287,0,0,14,123125,80564,203703,0,0,174426,29277,203703,0,14732,-54563265,54548533,0,0,14732,129744308,85413445,215172485,0,0,184307573,30864912,215172485
2023-03-27,1060,1067,1026,1052,242298,0.0,0,0,26315,-26315,0,0,0,179425,62873,242298,0,0,153110,89188,242298,0,0,27664604,-27664604,0,0,0,186914576,65365643,252280219,0,0,159249972,93030247,252280219
2023-03-28,1052,1075,1052,1072,286138,1.9011406844106464,0,3,-105601,105598,0,0,3,149961,136174,286138,0,0,255562,30576,286138,0,3158,-112375832,112372674,0,0,3158,159689670,144898056,304590884,0,0,272065502,32525382,304590884
2023-03-29,1079,1085,1060,1076,254961,0.3731343283582089,0,1789,-4026,2237,0,0,1789,201130,52042,254961,0,0,205156,49805,254961,0,1923175,-4341585,2418410,0,0,1923175,215763702,55953853,273640730,0,0,220105287,53535443,273640730
2023-03-30,1087,1087,1071,1075,149504,-0.09293680297397769,0,0,-31910,31910,0,0,0,95587,53917,149504,0,0,127497,22007,149504,0,0,-34365789,34365789,0,0,0,102962545,58076906,161039451,0,0,137328334,23711117,161039451
2023-03-31,1082,1082,1055,1078,280037,0.27906976744186046,0,0,87395,-87395,0,0,0,272376,7661,280037,0,0,184981,95056,280037,0,0,92898415,-92898415,0,0,0,289927808,8162615,298090423,0,0,197029393,101061030,298090423
2023-04-03,1076,1079,1061,1078,241992,0.0,0,354,-65853,65499,0,0,354,151619,90019,241992,0,0,217472,24520,241992,0,380904,-70244808,69863904,0,0,380904,162159956,96150800,258691660,0,0,232404764,26286896,258691660
2023-04-04,1084,1096,1062,1092,270526,1.2987012987012987,0,-116,-58335,58451,0,0,202,197238,73086,270526,0,318,255573,14635,270526,0,-129712,-63009472,63139184,0,0,218180,213845477,79031097,293094754,0,347892,276854949,15891913,293094754
2023-04-05,1090,1093,1076,1087,219236,-0.4578754578754579,0,0,19498,-19498,0,0,0,197210,22026,219236,0,0,177712,41524,219236,0,0,21255953,-21255953,0,0,0,213949677,23868791,237818468,0,0,192693724,45124744,237818468
2023-04-06,1087,1087,1035,1052,393030,-3.219871205151794,0,0,116083,-116083,0,0,0,387993,5037,393030,0,0,271910,121120,393030,0,0,122518684,-122518684,0,0,0,407873937,5297284,413171221,0,0,285355253,127815968,413171221
2023-04-07,1047,1127,1034,1085,1277892,3.1368821292775664,-5577,-314,89672,-83781,0,0,4,1110402,167486,1277892,5577,318,1020730,251267,1277892,-6062199,-336855,96824460,-90425406,0,0,4200,1213351197,184370123,1397725520,6062199,341055,1116526737,274795529,1397725520
2023-04-10,1085,1135,1066,1078,1214358,-0.6451612903225806,0,0,116129,-116129,0,0,0,1097504,116854,1214358,0,0,981375,232983,1214358,0,0,126482656,-126482656,0,0,0,1205524378,129321109,1334845487,0,0,1079041722,255803765,1334845487
2023-04-11,1078,1087,1042,1068,479874,-0.927643784786642,0,0,-6026,6026,0,0,0,383440,96434,479874,0,0,389466,90408,479874,0,0,-5209445,5209445,0,0,0,406877963,101791439,508669402,0,0,412087408,96581994,508669402
2023-04-12,1060,1104,1050,1095,436435,2.528089887640449,0,0,-132468,132468,0,0,0,276340,160095,436435,0,0,408808,27627,436435,0,0,-143790590,143790590,0,0,0,298572894,173620525,472193419,0,0,442363484,29829935,472193419
2023-04-13,1120,1120,1076,1091,301210,-0.365296803652968,0,-1053,25178,-24125,0,0,0,271934,29276,301210,0,1053,246756,53401,301210,0,-1143558,27381362,-26237804,0,0,0,295117202,31778814,326896016,0,1143558,267735840,58016618,326896016
2023-04-14,1084,1107,1084,1091,272605,0.0,0,0,-63994,63994,0,0,0,204167,68438,272605,0,0,268161,4444,272605,0,0,-70122233,70122233,0,0,0,223571411,75002321,298573732,0,0,293693644,4880088,298573732
2023-04-17,1087,1097,1085,1092,216325,0.09165902841429881,0,7,-58001,57994,0,0,7,141620,74698,216325,0,0,199621,16704,216325,0,7627,-63401772,63394145,0,0,7627,154560359,81616398,236184384,0,0,217962131,18222253,236184384
2023-04-18,1105,1140,1100,1133,798892,3.7545787545787546,0,0,-10860,10860,0,0,0,692387,106505,798892,0,0,703247,95645,798892,0,0,-11721257,11721257,0,0,0,778324930,119334402,897659332,0,0,790046187,107613145,897659332
2023-04-19,1136,1205,1136,1165,1517656,2.824360105913504,3378,0,73876,-77254,0,3378,0,1333985,180293,1517656,0,0,1260109,257547,1517656,4002930,0,87805379,-91808309,0,4002930,0,1563754011,211001038,1778757979,0,0,1475948632,302809347,1778757979
2023-04-20,1165,1189,1121,1135,780332,-2.575107296137339,0,0,-25438,25438,0,0,0,642494,137838,780332,0,0,667932,112400,780332,0,0,-28786757,28786757,0,0,0,740819387,159241891,900061278,0,0,769606144,130455134,900061278
2023-04-21,1158,1158,1052,1070,749102,-5.726872246696035,0,145,137932,-138077,0,0,145,704917,44040,749102,0,0,566985,182117,749102,0,154361,149926718,-150081079,0,0,154361,760493192,47389541,808037094,0,0,610566474,197470620,808037094
2023-04-24,1040,1093,1009,1010,1517898,-5.607476635514018,0,695,303230,-303925,0,0,695,1428357,88846,1517898,0,0,1125127,392771,1517898,0,713046,314846371,-315559417,0,0,713046,1482597373,91936417,1575246836,0,0,1167751002,407495834,1575246836
2023-04-25,1000,1010,970,991,548273,-1.881188118811881,0,16,-30113,30097,0,0,16,450667,97590,548273,0,0,480780,67493,548273,0,16076,-29687121,29671045,0,0,16076,443717754,96096305,539830135,0,0,473404875,66425260,539830135
2023-04-26,981,1009,975,989,216561,-0.20181634712411706,0,8,-4567,4559,0,0,8,180297,36256,216561,0,0,184864,31697,216561,0,7860,-4345444,4337584,0,0,7860,178978300,35802993,214789153,0,0,183323744,31465409,214789153
2023-04-27,980,1004,972,1002,174756,1.314459049544995,0,55,7599,-7654,0,0,55,155164,19537,174756,0,0,147565,27191,174756,0,54724,7388497,-7443221,0,0,54724,152932452,19276703,172263879,0,0,145543955,26719924,172263879
2023-04-28,1018,1039,993,1014,384582,1.1976047904191618,0,-354,-16542,16896,0,0,0,337319,47263,384582,0,354,353861,30367,384582,0,-354242,-16661722,17015964,0,0,0,340190118,47665244,387855362,0,354242,356851840,30649280,387855362
2023-05-02,1020,1024,997,1023,173138,0.8875739644970414,-844,0,-37356,38200,0,0,0,129730,43408,173138,844,0,167086,5208,173138,-861724,0,-37919328,38781052,0,0,0,131148389,44049357,175197746,861724,0,169067717,5268305,175197746
2023-05-03,1008,1025,1000,1022,183315,-0.09775171065493646,0,0,-630,630,0,0,0,162242,21073,183315,0,0,162872,20443,183315,0,0,-435174,435174,0,0,0,164214991,21302882,185517873,0,0,164650165,20867708,185517873
2023-05-04,1013,1021,1001,1019,147158,-0.29354207436399216,0,1,21988,-21989,0,0,1,141549,5608,147158,0,0,119561,27597,147158,0,1013,22119796,-22120809,0,0,1013,142369188,5648902,148019103,0,0,120249392,27769711,148019103
2023-05-08,1029,1029,1001,1010,174151,-0.8832188420019628,0,0,4240,-4240,0,0,0,161461,12690,174151,0,0,157221,16930,174151,0,0,4338358,-4338358,0,0,0,163310296,12771837,176082133,0,0,158971938,17110195,176082133
2023-05-09,1000,1020,995,1008,127456,-0.19801980198019803,0,5,5285,-5290,0,0,5,120507,6944,127456,0,0,115222,12234,127456,0,5054,5363028,-5368082,0,0,5054,120901631,6947396,127854081,0,0,115538603,12315478,127854081
2023-05-10,1008,1167,1007,1072,4202271,6.349206349206349,0,2695,52699,-55394,0,0,7109,3785126,410036,4202271,0,4414,3732427,465430,4202271,0,3022685,69276242,-72298927,0,0,8016495,4157001836,444773020,4609791351,0,4993810,4087725594,517071947,4609791351
2023-05-11,1072,1120,1030,1059,1356392,-1.212686567164179,0,0,-123887,123887,0,0,0,1124906,231486,1356392,0,0,1248793,107599,1356392,0,0,-131040858,131040858,0,0,0,1209382177,246774484,1456156661,0,0,1340423035,115733626,1456156661
2023-05-12,1065,1085,1045,1056,504626,-0.28328611898017,6000,1,47928,-53929,0,6000,1,463126,35499,504626,0,0,415198,89428,504626,6341313,1065,50548584,-56890962,0,6341313,1065,489175435,37777057,533294870,0,0,438626851,94668019,533294870
2023-05-15,1056,1064,1025,1031,393269,-2.367424242424242,0,0,28542,-28542,0,0,0,377108,16161,393269,0,0,348566,44703,393269,0,0,30180712,-30180712,0,0,0,393215776,16705113,409920889,0,0,363035064,46885825,409920889
2023-05-16,1031,1042,1020,1042,233379,1.066925315227934,0,-2695,-19476,22171,0,0,0,201446,31933,233379,0,2695,220922,9762,233379,0,-2794781,-19986519,22781300,0,0,0,208198800,32870165,241068965,0,2794781,228185319,10088865,241068965
2023-05-17,1049,1055,1035,1051,182901,0.8637236084452975,0,0,-26391,26391,0,0,0,152586,30315,182901,0,0,178977,3924,182901,0,0,-27575745,27575745,0,0,0,159706816,31685929,191392745,0,0,187282561,4110184,191392745
2023-05-18,1053,1071,1039,1047,205353,-0.3805899143672693,-6000,0,418,5582,0,0,0,188901,16452,205353,6000,0,188483,10870,205353,-6290360,0,494844,5795516,0,0,0,199094728,17334755,216429483,6290360,0,198599884,11539239,216429483
2023-05-19,1054,1054,1028,1043,352721,-0.38204393505253104,0,5600,8053,-13653,0,0,5600,338951,8170,352721,0,0,330898,21823,352721,0,5784800,8417319,-14202119,0,0,5784800,351718006,8483857,365986663,0,0,343300687,22685976,365986663
2023-05-22,1050,1050,1019,1035,308003,-0.7670182166826461,0,0,-40934,40934,0,0,0,258499,49504,308003,0,0,299433,8570,308003,0,0,-41895579,41895579,0,0,0,265463220,50757702,316220922,0,0,307358799,8862123,316220922
2023-05-23,1027,1043,1027,1030,167030,-0.4830917874396135,0,0,-22713,22713,0,0,0,136864,30166,167030,0,0,159577,7453,167030,0,0,-23411361,23411361,0,0,0,141164317,31099825,172264142,0,0,164575678,7688464,172264142
2023-05-24,1022,1034,1021,1032,159111,0.1941747572815534,0,22,8719,-8741,0,0,22,155911,3178,159111,0,0,147192,11919,159111,0,22508,8990752,-9013260,0,0,22508,160329111,3250147,163601766,0,0,151338359,12263407,163601766
2023-05-25,1025,1036,1001,1018,192505,-1.3565891472868217,0,0,17119,-17119,0,0,0,189386,3119,192505,0,0,172267,20238,192505,0,0,17614819,-17614819,0,0,0,193125387,3144989,196270376,0,0,175510568,20759808,196270376
2023-05-26,1025,1025,997,1016,355823,-0.19646365422396855,0,25,-29705,29680,0,0,25,294381,61417,355823,0,0,324086,31737,355823,0,25400,-29724097,29698697,0,0,25400,296390103,61830958,358246461,0,0,326114200,32132261,358246461
2023-05-30,1016,1019,1004,1017,148047,0.09842519685039369,0,-10,1934,-1924,0,0,0,145236,2811,148047,0,10,143302,4735,148047,0,-10090,1952932,-1942842,0,0,0,147282779,2848209,150130988,0,10090,145329847,4791051,150130988
2023-05-31,1006,1017,1005,1009,171271,-0.7866273352999017,0,0,2546,-2546,0,0,0,161033,10238,171271,0,0,158487,12784,171271,0,0,2539342,-2539342,0,0,0,162817219,10396243,173213462,0,0,160277877,12935585,173213462
2023-06-01,1009,1030,1007,1022,221929,1.288404360753221,0,0,-24493,24493,0,0,0,186773,35156,221929,0,0,211266,10663,221929,0,0,-25041400,25041400,0,0,0,189854362,35877810,225732172,0,0,214895762,10836410,225732172
2023-06-02,1019,1037,1019,1036,200426,1.36986301369863,0,0,-52809,52809,0,0,0,137333,63093,200426,0,0,190142,10284,200426,0,0,-54324455,54324455,0,0,0,141237235,64918807,206156042,0,0,195561690,10594352,206156042
2023-06-05,1030,1050,1023,1044,302516,0.7722007722007722,0,0,-118595,118595,0,0,0,167149,135367,302516,0,0,285744,16772,302516,0,0,-122546621,122546621,0,0,0,173376520,140024842,313401362,0,0,295923141,17478221,313401362
2023-06-07,1040,1081,1037,1078,577893,3.256704980842912,0,0,-77698,77698,0,0,0,411457,166436,577893,0,0,489155,88738,577893,0,0,-81721613,81721613,0,0,0,441112807,176994704,618107511,0,0,522834420,95273091,618107511
2023-06-08,1071,1091,1065,1090,231302,1.1131725417439702,0,0,-43341,43341,0,0,0,170513,60789,231302,0,0,213854,17448,231302,0,0,-46814823,46814823,0,0,0,183873422,65588073,249461495,0,0,230688245,18773250,249461495
2023-06-09,1090,1102,1086,1097,293158,0.6422018348623854,0,0,-65018,65018,0,0,0,203593,89565,293158,0,0,268611,24547,293158,0,0,-71081126,71081126,0,0,0,222499945,97884523,320384468,0,0,293581071,26803397,320384468
2023-06-12,1099,1100,1080,1098,251787,0.09115770282588878,0,0,-115594,115594,0,0,0,124332,127455,251787,0,0,239926,11861,251787,0,0,-126566723,126566723,0,0,0,135750142,139552083,275302225,0,0,262316865,12985360,275302225
2023-06-13,1101,1131,1085,1127,505816,2.6411657559198543,0,0,-315209,315209,0,0,0,180888,324928,505816,0,0,496097,9719,505816,0,0,-352138717,352138717,0,0,0,202473218,362985948,565459166,0,0,554611935,10847231,565459166
2023-06-14,1128,1155,1107,1155,670727,2.484472049689441,0,0,-195452,195452,0,0,0,391407,279320,670727,0,0,586859,83868,670727,0,0,-222495684,222495684,0,0,0,445526583,317159546,762686129,0,0,668022267,94663862,762686129
2023-06-15,1159,1194,1141,1193,604656,3.29004329004329,0,0,-197978,197978,0,0,0,343977,260679,604656,0,0,541955,62701,604656,0,0,-230497930,230497930,0,0,0,402528905,303114783,705643688,0,0,633026835,72616853,705643688
2023-06-16,1196,1224,1162,1201,803701,0.6705783738474435,0,-4500,-262701,267201,0,0,0,451742,351959,803701,0,4500,714443,84758,803701,0,-5395500,-312751478,318146978,0,0,0,539180150,419470925,958651075,0,5395500,851931628,101323947,958651075
2023-06-19,1201,1221,1174,1219,643796,1.4987510407993339,-2534,0,-275156,277690,0,0,0,305690,338106,643796,2534,0,580846,60416,643796,-3024342,0,-329926918,332951260,0,0,0,364371728,405078216,769449944,3024342,0,694298646,72126956,769449944
2023-06-20,1220,1228,1191,1207,430467,-0.9844134536505332,0,0,-28950,28950,0,0,0,296551,133916,430467,0,0,325501,104966,430467,0,0,-35395951,35395951,0,0,0,358569935,162516905,521086840,0,0,393965886,127120954,521086840
2023-06-21,1204,1215,1171,1174,486937,-2.7340513670256836,0,0,-67117,67117,0,0,0,384706,102231,486937,0,0,451823,35114,486937,0,0,-79247624,79247624,0,0,0,453096484,120828803,573925287,0,0,532344108,41581179,573925287
2023-06-22,1191,1458,1100,1124,11073650,-4.258943781942079,3598,-1086,1022241,-1024753,0,3598,6841,10397402,665809,11073650,0,7927,9375161,1690562,11073650,4346384,-1002263,1303442702,-1306786823,0,4346384,8844594,13184144699,799576295,13996911972,0,9846857,11880701997,2106363118,13996911972
2023-06-23,1119,1134,1087,1100,709413,-2.135231316725979,-3598,0,-185782,189380,0,0,0,470988,238425,709413,3598,0,656770,49045,709413,-3954138,0,-205882293,209836431,0,0,0,519956299,264227772,784184071,3954138,0,725838592,54391341,784184071
2023-06-26,1080,1129,1070,1084,624726,-1.4545454545454546,0,0,-97369,97369,0,0,0,505511,119215,624726,0,0,602880,21846,624726,0,0,-105581933,105581933,0,0,0,549844833,129512816,679357649,0,0,655426766,23930883,679357649
2023-06-27,1072,1320,1070,1212,24585095,11.808118081180812,0,14,-344851,344837,0,0,729,21961211,2623155,24585095,0,715,22306062,2278318,24585095,0,12002,-344880108,344868106,0,0,921852,27028527441,3143152732,30172602025,0,909850,27373407549,2798284626,30172602025
2023-06-28,1212,1391,1192,1289,27600308,6.353135313531354,0,484,108749,-109233,0,0,27157,25195798,2377353,27600308,0,26673,25087049,2486586,27600308,0,844633,175692758,-176537391,0,0,36349881,33055405562,3078276647,36170032090,0,35505248,32879712804,3254814038,36170032090
2023-06-29,1250,1320,1212,1230,5340822,-4.577191621411948,0,150,22577,-22727,0,0,4541,4602619,733662,5340822,0,4391,4580042,756389,5340822,0,143574,54833256,-54976830,0,0,5862434,5886730069,921441791,6814034294,0,5718860,5831896813,976418621,6814034294
2023-06-30,1220,1295,1188,1248,3724087,1.4634146341463417,0,-708,-192694,193402,0,0,0,3072546,651541,3724087,0,708,3265240,458139,3724087,0,-861472,-229274725,230136197,0,0,0,3822353997,803972513,4626326510,0,861472,4051628722,573836316,4626326510
2023-07-03,1295,1295,1222,1241,1282310,-0.5608974358974359,0,170,187416,-187586,0,0,170,1226231,55909,1282310,0,0,1038815,243495,1282310,0,211140,234334388,-234545528,0,0,211140,1540721213,70729775,1611662128,0,0,1306386825,305275303,1611662128
2023-07-04,1251,1276,1209,1242,1089863,0.08058017727639001,0,0,-134400,134400,0,0,0,884396,205467,1089863,0,0,1018796,71067,1089863,0,0,-162076955,162076955,0,0,0,1091207709,250370546,1341578255,0,0,1253284664,88293591,1341578255
2023-07-05,1231,1246,1210,1222,609470,-1.610305958132045,0,0,3217,-3217,0,0,0,556407,53063,609470,0,0,553190,56280,609470,0,0,3657592,-3657592,0,0,0,680377468,65329763,745707231,0,0,676719876,68987355,745707231
2023-07-06,1226,1226,1150,1186,857529,-2.9459901800327333,0,0,-73020,73020,0,0,0,677190,180339,857529,0,0,750210,107319,857529,0,0,-85869736,85869736,0,0,0,807475561,214291445,1021767006,0,0,893345297,128421709,1021767006
2023-07-07,1160,1192,1150,1180,589603,-0.5059021922428331,0,0,-152133,152133,0,0,0,392858,196745,589603,0,0,544991,44612,589603,0,0,-177997115,177997115,0,0,0,459114963,230534202,689649165,0,0,637112078,52537087,689649165
2023-07-10,1180,1198,1142,1158,716651,-1.864406779661017,0,0,-18440,18440,0,0,0,579511,137140,716651,0,0,597951,118700,716651,0,0,-19864171,19864171,0,0,0,671237059,158579169,829816228,0,0,691101230,138714998,829816228
2023-07-11,1152,1174,1150,1174,251246,1.381692573402418,0,0,-10168,10168,0,0,0,228302,22944,251246,0,0,238470,12776,251246,0,0,-11731035,11731035,0,0,0,264824298,26560025,291384323,0,0,276555333,14828990,291384323
2023-07-12,1174,1185,1149,1159,301154,-1.2776831345826234,0,0,71333,-71333,0,0,0,286133,15021,301154,0,0,214800,86354,301154,0,0,82643421,-82643421,0,0,0,331464659,17430757,348895416,0,0,248821238,100074178,348895416
2023-07-13,1159,1163,1104,1155,374939,-0.3451251078515962,0,0,59013,-59013,0,0,0,314906,60033,374939,0,0,255893,119046,374939,0,0,67431664,-67431664,0,0,0,360817307,68971877,429789184,0,0,293385643,136403541,429789184
2023-07-14,1155,1160,1103,1114,614436,-3.54978354978355,0,0,29639,-29639,0,0,0,584086,30350,614436,0,0,554447,59989,614436,0,0,33015651,-33015651,0,0,0,651400266,34109183,685509449,0,0,618384615,67124834,685509449
2023-07-17,1104,1113,1091,1103,172873,-0.9874326750448833,0,0,11759,-11759,0,0,0,165122,7751,172873,0,0,153363,19510,172873,0,0,12943315,-12943315,0,0,0,181519268,8512005,190031273,0,0,168575953,21455320,190031273
2023-07-18,1109,1433,1072,1310,46022766,18.766999093381685,0,19020,601942,-620962,0,1043,28205,44484982,1508536,46022766,1043,9185,43883040,2129498,46022766,3386,26926519,777842549,-804772454,0,1434665,39068766,60158779714,1987103984,62186387129,1431279,12142247,59380937165,2791876438,62186387129
2023-07-19,1252,1265,1197,1203,5241168,-8.167938931297709,0,20,-253729,253709,0,0,20,4696222,544926,5241168,0,0,4949951,291217,5241168,0,24220,-304040309,304016089,0,0,24220,5742397829,664749743,6407171792,0,0,6046438138,360733654,6407171792
2023-07-20,1206,1230,1181,1212,2125832,0.7481296758104738,0,0,28024,-28024,0,0,0,1908867,216965,2125832,0,0,1880843,244989,2125832,0,0,34932251,-34932251,0,0,0,2287232351,259104886,2546337237,0,0,2252300100,294037137,2546337237
2023-07-21,1195,1199,1150,1150,1171619,-5.115511551155116,0,0,105954,-105954,0,0,0,1121649,49970,1171619,0,0,1015695,155924,1171619,0,0,125813091,-125813091,0,0,0,1317124386,58058853,1375183239,0,0,1191311295,183871944,1375183239
2023-07-24,1148,1193,1128,1167,1431505,1.4782608695652173,0,583,-89094,88511,0,0,583,1191608,239314,1431505,0,0,1280702,150803,1431505,0,679195,-101845166,101165971,0,0,679195,1376259396,275243568,1652182159,0,0,1478104562,174077597,1652182159
2023-07-25,1157,1192,1139,1161,1123131,-0.5141388174807198,0,0,-194294,194294,0,0,0,793662,329469,1123131,0,0,987956,135175,1123131,0,0,-228205402,228205402,0,0,0,918411181,385284748,1303695929,0,0,1146616583,157079346,1303695929
2023-07-26,1193,1260,1165,1248,7768522,7.493540051679587,0,-585,-59629,60214,0,0,0,6539722,1228800,7768522,0,585,6599351,1168586,7768522,0,-699085,-82784055,83483140,0,0,0,7972021401,1502025521,9474046922,0,699085,8054805456,1418542381,9474046922
2023-07-27,1312,1345,1222,1265,4900797,1.3621794871794872,0,5000,-145572,140572,0,0,5000,4273568,622229,4900797,0,0,4419140,481657,4900797,0,6610000,-184646464,178036464,0,0,6610000,5494803697,798674098,6300087795,0,0,5679450161,620637634,6300087795
2023-07-28,1265,1279,1225,1257,1669885,-0.6324110671936759,0,0,-255712,255712,0,0,0,1252881,417004,1669885,0,0,1508593,161292,1669885,0,0,-312703585,312703585,0,0,0,1565239044,515038881,2080277925,0,0,1877942629,202335296,2080277925
2023-07-31,1257,1268,1213,1217,1253178,-3.182179793158314,0,0,114155,-114155,0,0,0,1204035,49143,1253178,0,0,1089880,163298,1253178,0,0,140629850,-140629850,0,0,0,1478671402,60463022,1539134424,0,0,1338041552,201092872,1539134424
2023-08-01,1224,1245,1216,1245,1094056,2.3007395234182417,0,0,-124924,124924,0,0,0,831679,262377,1094056,0,0,956603,137453,1094056,0,0,-154075673,154075673,0,0,0,1031005488,323703957,1354709445,0,0,1185081161,169628284,1354709445
2023-08-02,1252,1286,1219,1223,1404750,-1.7670682730923692,0,0,97962,-97962,0,0,0,1206442,198308,1404750,0,0,1108480,296270,1404750,0,0,122783814,-122783814,0,0,0,1516734041,249072126,1765806167,0,0,1393950227,371855940,1765806167
2023-08-03,1213,1222,1173,1185,657213,-3.107113654946852,0,5,32260,-32265,0,0,10,552613,104590,657213,0,5,520353,136855,657213,0,5946,38397195,-38403141,0,0,11916,656854169,124225190,781091275,0,5970,618456974,162628331,781091275
2023-08-04,1185,1243,1168,1220,929542,2.9535864978902953,0,0,-90015,90015,0,0,0,739750,189792,929542,0,0,829765,99777,929542,0,0,-108988090,108988090,0,0,0,904137001,230937902,1135074903,0,0,1013125091,121949812,1135074903
2023-08-07,1254,1254,1199,1235,778683,1.2295081967213115,0,0,-107400,107400,0,0,7,493820,284856,778683,0,7,601220,177456,778683,0,-180,-129799906,129800086,0,0,8463,603496658,346551863,950056984,0,8643,733296564,216751777,950056984
2023-08-08,1235,1243,1166,1183,726632,-4.2105263157894735,0,22,84709,-84731,0,0,22,596592,130018,726632,0,0,511883,214749,726632,0,26533,103366876,-103393409,0,0,26533,713430335,154366129,867822997,0,0,610063459,257759538,867822997
2023-08-09,1183,1213,1170,1208,380343,2.113271344040575,0,0,-27969,27969,0,0,0,309935,70408,380343,0,0,337904,42439,380343,0,0,-33533758,33533758,0,0,0,371021439,84305087,455326526,0,0,404555197,50771329,455326526
2023-08-10,1279,1420,1247,1339,18108221,10.844370860927151,4910,-20012,326604,-311502,0,4910,26177,16604667,1472467,18108221,0,46189,16278063,1783969,18108221,6584310,-28489669,429188316,-407282957,0,6584310,35036075,22420419577,1973096187,24435136149,0,63525744,21991231261,2380379144,24435136149
2023-08-11,1332,1428,1311,1311,7541494,-2.0911127707244215,45090,2000,-107889,60799,0,50000,5000,6621103,865391,7541494,4910,3000,6728992,804592,7541494,62052065,2799040,-137046462,72195357,0,68857325,6846040,9047415266,1174022104,10297140735,6805260,4047000,9184461728,1101826747,10297140735
2023-08-14,1320,1369,1285,1291,2025541,-1.5255530129672006,10000,-1980,-2861,-5159,0,10000,20,1743611,271910,2025541,0,2000,1746472,277069,2025541,13600000,-2593410,-5844383,-5162207,0,13600000,26590,2308694638,362195344,2684516572,0,2620000,2314539021,367357551,2684516572
2023-08-16,1280,1280,1210,1228,1535498,-4.8799380325329205,0,-20,-9346,9366,0,0,0,1355264,180234,1535498,0,20,1364610,170868,1535498,0,-25224,-10828918,10854142,0,0,0,1677694376,223074521,1900768897,0,25224,1688523294,212220379,1900768897
2023-08-17,1245,1247,1171,1185,1258500,-3.5016286644951142,-20000,0,37265,-17265,0,0,0,1081368,177132,1258500,20000,0,1044103,194397,1258500,-23536614,0,47147452,-23610838,0,0,0,1294887281,210759738,1505647019,23536614,0,1247739829,234370576,1505647019
2023-08-18,1187,1269,1182,1192,1890555,0.5907172995780591,-40000,0,63159,-23159,0,0,0,1605518,285037,1890555,40000,0,1542359,308196,1890555,-48382902,0,80263973,-31881071,0,0,0,1968623914,348771781,2317395695,48382902,0,1888359941,380652852,2317395695
2023-08-21,1192,1375,1175,1295,8497008,8.640939597315436,0,151,-119930,119779,0,0,151,7560599,936258,8497008,0,0,7680529,816479,8497008,0,200377,-141680352,141479975,0,0,200377,9893097645,1206026256,11099324278,0,0,10034777997,1064546281,11099324278
2023-08-22,1280,1326,1253,1255,2404166,-3.088803088803089,0,0,-299675,299675,0,0,0,1795527,608639,2404166,0,0,2095202,308964,2404166,0,0,-382134140,382134140,0,0,0,2306670316,780425773,3087096089,0,0,2688804456,398291633,3087096089
2023-08-23,1249,1285,1211,1226,971522,-2.3107569721115535,0,0,-28270,28270,0,0,0,715866,255656,971522,0,0,744136,227386,971522,0,0,-32038791,32038791,0,0,0,887134613,315391093,1202525706,0,0,919173404,283352302,1202525706
2023-08-24,1229,1270,1226,1246,695128,1.631321370309951,0,0,-27082,27082,0,0,0,590534,104594,695128,0,0,617616,77512,695128,0,0,-32769077,32769077,0,0,0,735830011,129814502,865644513,0,0,768599088,97045425,865644513
2023-08-25,1238,1530,1212,1423,52490984,14.20545746388443,0,25709,1998587,-2024296,0,0,164043,49272435,3054506,52490984,0,138334,47273848,5078802,52490984,0,33064263,2810780999,-2843845262,0,0,231992439,70533944815,4324750695,75090687949,0,198928176,67723163816,7168595957,75090687949
2023-08-28,1493,1594,1378,1395,46558465,-1.9676739283204496,0,-16985,3316952,-3299967,0,0,32319,45048890,1477256,46558465,0,49304,41731938,4777223,46558465,0,-23877596,4946180222,-4922302626,0,0,48629006,67434425593,2173957259,69657011858,0,72506602,62488245371,7096259885,69657011858
2023-08-29,1378,1410,1335,1353,6619254,-3.010752688172043,0,-8039,-111759,119798,0,0,4621,5858890,755743,6619254,0,12660,5970649,635945,6619254,0,-10693570,-151429667,162123237,0,0,6445850,7995471718,1031525508,9033443076,0,17139420,8146901385,869402271,9033443076
2023-08-30,1366,1382,1326,1334,3702211,-1.4042867701404287,0,10000,194748,-204748,0,0,10000,3549833,142378,3702211,0,0,3355085,347126,3702211,0,13680000,263158240,-276838240,0,0,13680000,4779230794,192317280,4985228074,0,0,4516072554,469155520,4985228074
2023-08-31,1328,1343,1300,1322,2009622,-0.8995502248875562,0,0,-22238,22238,0,0,0,1841955,167667,2009622,0,0,1864193,145429,2009622,0,0,-27746012,27746012,0,0,0,2424185129,221076434,2645261563,0,0,2451931141,193330422,2645261563
2023-09-01,1317,1376,1285,1327,3560827,0.37821482602118006,0,-501,8131,-7630,0,0,700,3163295,396832,3560827,0,1201,3155164,404462,3560827,0,-688312,20561327,-19873015,0,0,923400,4214264831,524460983,4739649214,0,1611712,4193703504,544333998,4739649214
2023-09-04,1326,1357,1296,1305,2134812,-1.6578749058025624,0,0,133885,-133885,0,0,0,2003861,130951,2134812,0,0,1869976,264836,2134812,0,0,176876325,-176876325,0,0,0,2630553230,172293912,2802847142,0,0,2453676905,349170237,2802847142
2023-09-05,1330,1337,1293,1298,1397272,-0.5363984674329502,0,6513,105488,-112001,0,0,6513,1323133,67626,1397272,0,0,1217645,179627,1397272,0,8558082,138789705,-147347787,0,0,8558082,1735561546,89166505,1833286133,0,0,1596771841,236514292,1833286133
2023-09-06,1298,1307,1285,1285,1092934,-1.0015408320493067,0,-500,-43840,44340,0,0,0,1000720,92214,1092934,0,500,1044560,47874,1092934,0,-648226,-56434886,57083112,0,0,0,1290238538,118929964,1409168502,0,648226,1346673424,61846852,1409168502
2023-09-07,1305,1373,1280,1329,6017220,3.4241245136186773,0,201,635889,-636090,0,0,201,5472578,544441,6017220,0,0,4836689,1180531,6017220,0,265621,851588240,-851853861,0,0,265621,7272286724,722025870,7994578215,0,0,6420698484,1573879731,7994578215
2023-09-08,1314,1318,1114,1183,5688951,-10.985703536493604,0,-1,91893,-91892,0,0,0,4902610,786341,5688951,0,1,4810717,878233,5688951,0,-1224,113813885,-113812661,0,0,0,5851995314,935940033,6787935347,0,1224,5738181429,1049752694,6787935347
2023-09-11,1186,1228,1157,1193,2144849,0.84530853761623,7900,0,-18200,10300,0,7900,0,1858289,278660,2144849,0,0,1876489,268360,2144849,9305359,0,-18056334,8750975,0,9305359,0,2210034618,330244566,2549584543,0,0,2228090952,321493591,2549584543
2023-09-12,1177,1274,1175,1191,3633493,-0.16764459346186086,0,0,-114500,114500,0,0,0,3164713,468780,3633493,0,0,3279213,354280,3633493,0,0,-142686266,142686266,0,0,0,3882562022,579456990,4462019012,0,0,4025248288,436770724,4462019012
2023-09-13,1193,1236,1186,1204,1391552,1.09151973131822,0,0,-287524,287524,0,0,0,1043174,348378,1391552,0,0,1330698,60854,1391552,0,0,-348435345,348435345,0,0,0,1265913544,422419051,1688332595,0,0,1614348889,73983706,1688332595
2023-09-14,1250,1365,1181,1188,6430562,-1.3289036544850499,0,1400,651098,-652498,0,0,2700,6069621,358241,6430562,0,1300,5418523,1010739,6430562,0,1665500,829356924,-831022424,0,0,3359400,7664866904,450254244,8118480548,0,1693900,6835509980,1281276668,8118480548
2023-09-15,1190,1215,1180,1182,1005469,-0.5050505050505051,0,10500,-52053,41553,0,0,10500,907025,87944,1005469,0,0,959078,46391,1005469,0,12619000,-61615449,48996449,0,0,12619000,1083021985,104604204,1200245189,0,0,1144637434,55607755,1200245189
2023-09-18,1185,1191,1169,1169,684559,-1.0998307952622675,0,500,-28097,27597,0,0,500,627748,56311,684559,0,0,655845,28714,684559,0,590500,-32984700,32394200,0,0,590500,738543270,66319671,805453441,0,0,771527970,33925471,805453441
2023-09-19,1171,1181,1154,1157,744577,-1.0265183917878529,0,-1315,-61324,62639,0,0,85,672495,71997,744577,0,1400,733819,9358,744577,0,-1536622,-71168749,72705371,0,0,98940,782824182,83658542,866581664,0,1635562,853992931,10953171,866581664
2023-09-20,1154,1165,1113,1118,930301,-3.3707865168539324,0,-100,-9915,10015,0,0,0,842794,87507,930301,0,100,852709,77492,930301,0,-115100,-10320925,10436025,0,0,0,950339996,98974209,1049314205,0,115100,960660921,88538184,1049314205
2023-09-21,1115,1130,1072,1080,743509,-3.3989266547406083,0,0,-63029,63029,0,0,0,667070,76439,743509,0,0,730099,13410,743509,0,0,-69156659,69156659,0,0,0,730200712,83935487,814136199,0,0,799357371,14778828,814136199
2023-09-22,1064,1088,1043,1073,393500,-0.6481481481481481,0,241,-71383,71142,0,0,241,291738,101521,393500,0,0,363121,30379,393500,0,258353,-76283386,76025033,0,0,258353,312351924,108687118,421297395,0,0,388635310,32662085,421297395
2023-09-25,1083,1122,1083,1083,624765,0.9319664492078285,0,0,3491,-3491,0,0,0,553923,70842,624765,0,0,550432,74333,624765,0,0,3997436,-3997436,0,0,0,607354644,77663452,685018096,0,0,603357208,81660888,685018096
2023-09-26,1083,1085,1038,1038,549700,-4.1551246537396125,0,0,-42354,42354,0,0,0,465729,83971,549700,0,0,508083,41617,549700,0,0,-44753116,44753116,0,0,0,491706404,88929185,580635589,0,0,536459520,44176069,580635589
2023-09-27,1028,1042,1020,1033,321281,-0.48169556840077066,0,0,-38043,38043,0,0,0,261602,59679,321281,0,0,299645,21636,321281,0,0,-39119274,39119274,0,0,0,268968943,61410500,330379443,0,0,308088217,22291226,330379443
2023-10-04,1024,1024,987,987,650863,-4.453049370764763,0,500,50472,-50972,0,0,500,573049,77314,650863,0,0,522577,128286,650863,0,496500,50698843,-51195343,0,0,496500,571916048,77504585,649917133,0,0,521217205,128699928,649917133
2023-10-05,985,1001,950,950,801164,-3.7487335359675784,0,-1000,-71289,72289,0,0,0,602667,198497,801164,0,1000,673956,126208,801164,0,-970213,-68735563,69705776,0,0,0,588840456,193542733,782383189,0,970213,657576019,123836957,782383189
2023-10-06,951,998,950,991,418139,4.315789473684211,4710,0,-117974,113264,0,4710,0,221030,192399,418139,0,0,339004,79135,418139,4607275,0,-115905099,111297824,0,4607275,0,217087720,189377067,411072062,0,0,332992819,78079243,411072062
2023-10-10,991,1005,957,968,311736,-2.320887991927346,0,0,42185,-42185,0,0,0,232947,78789,311736,0,0,190762,120974,311736,0,0,42022671,-42022671,0,0,0,228490092,77149886,305639978,0,0,186467421,119172557,305639978
2023-10-11,969,1000,969,985,263380,1.756198347107438,0,0,-81932,81932,0,0,0,124929,138451,263380,0,0,206861,56519,263380,0,0,-81361589,81361589,0,0,0,123503255,137292957,260796212,0,0,204864844,55931368,260796212
2023-10-12,986,1011,975,1000,321469,1.5228426395939088,0,0,-101125,101125,0,0,0,205569,115900,321469,0,0,306694,14775,321469,0,0,-101047195,101047195,0,0,0,205118447,115841420,320959867,0,0,306165642,14794225,320959867
2023-10-13,997,1022,997,1013,260123,1.3,0,0,50021,-50021,0,0,0,236729,23394,260123,0,0,186708,73415,260123,0,0,50577636,-50577636,0,0,0,238973310,23631778,262605088,0,0,188395674,74209414,262605088
2023-10-16,1033,1033,962,968,586848,-4.4422507403751235,0,0,163207,-163207,0,0,0,540783,46065,586848,0,0,377576,209272,586848,0,0,160025430,-160025430,0,0,0,528035256,44823688,572858944,0,0,368009826,204849118,572858944
2023-10-17,970,1006,970,996,287641,2.8925619834710745,0,63,-99155,99092,0,0,63,153268,134310,287641,0,0,252423,35218,287641,0,62892,-98573726,98510834,0,0,62892,152452118,133636190,286151200,0,0,251025844,35125356,286151200
2023-10-18,998,1005,976,979,300808,-1.706827309236948,0,-56,67535,-67479,0,0,0,270187,30621,300808,0,56,202652,98100,300808,0,-55529,66751050,-66695521,0,0,0,266314558,30290055,296604613,0,55529,199563508,96985576,296604613
2023-10-19,973,979,940,947,393546,-3.268641470888662,0,0,32544,-32544,0,0,0,349698,43848,393546,0,0,317154,76392,393546,0,0,31601456,-31601456,0,0,0,333587735,41774481,375362216,0,0,301986279,73375937,375362216
2023-10-20,929,949,898,933,538500,-1.478352692713833,0,0,-80244,80244,0,0,0,366775,171725,538500,0,0,447019,91481,538500,0,0,-73451760,73451760,0,0,0,336854353,158183958,495038311,0,0,410306113,84732198,495038311
2023-10-23,925,948,909,915,270338,-1.929260450160772,0,0,-43194,43194,0,0,0,191378,78960,270338,0,0,234572,35766,270338,0,0,-40163663,40163663,0,0,0,176948354,73476249,250424603,0,0,217112017,33312586,250424603
2023-10-24,920,939,892,939,303543,2.622950819672131,0,17,-79866,79849,0,0,17,163138,140388,303543,0,0,243004,60539,303543,0,15764,-73356006,73340242,0,0,15764,148740428,128916555,277672747,0,0,222096434,55576313,277672747
2023-10-25,939,1023,931,962,944015,2.4494142705005326,0,-10000,29129,-19129,0,0,0,744781,199234,944015,0,10000,715652,218363,944015,0,-9740000,32484568,-22744568,0,0,0,725465412,191244717,916710129,0,9740000,692980844,213989285,916710129
2023-10-26,944,959,906,918,383137,-4.5738045738045745,0,250,-50900,50650,0,0,250,266776,116111,383137,0,0,317676,65461,383137,0,229350,-46867383,46638033,0,0,229350,245295145,106825990,352350485,0,0,292162528,60187957,352350485
2023-10-27,910,926,902,909,206873,-0.9803921568627451,0,50,-24588,24538,0,0,50,151892,54931,206873,0,0,176480,30393,206873,0,45250,-22419477,22374227,0,0,45250,138362036,50142663,188549949,0,0,160781513,27768436,188549949
2023-10-30,903,917,883,911,199488,0.22002200220022,0,0,-92104,92104,0,0,0,95061,104427,199488,0,0,187165,12323,199488,0,0,-83639586,83639586,0,0,0,85923103,94789462,180712565,0,0,169562689,11149876,180712565
2023-10-31,911,942,890,910,366057,-0.10976948408342481,0,56,-14610,14554,0,0,56,249759,116242,366057,0,0,264369,101688,366057,0,49990,-12976829,12926839,0,0,49990,228647006,106270137,334967133,0,0,241623835,93343298,334967133
2023-11-01,911,936,902,928,186434,1.9780219780219779,0,0,-96408,96408,0,0,0,76294,110140,186434,0,0,172702,13732,186434,0,0,-89157027,89157027,0,0,0,70292359,101875761,172168120,0,0,159449386,12718734,172168120
2023-11-02,924,966,924,943,247983,1.6163793103448276,0,0,2394,-2394,0,0,0,207015,40968,247983,0,0,204621,43362,247983,0,0,2342403,-2342403,0,0,0,194473410,38416544,232889954,0,0,192131007,40758947,232889954
2023-11-03,943,971,932,965,265621,2.332979851537646,0,0,-57679,57679,0,0,0,192240,73381,265621,0,0,249919,15702,265621,0,0,-55420378,55420378,0,0,0,183956351,70206850,254163201,0,0,239376729,14786472,254163201
2023-11-06,972,972,943,968,647245,0.31088082901554404,0,52,-101354,101302,0,0,52,521608,125585,647245,0,0,622962,24283,647245,0,49972,-96847081,96797109,0,0,49972,498757691,120104989,618912652,0,0,595604772,23307880,618912652
2023-11-07,957,977,946,958,193454,-1.0330578512396695,0,19,22184,-22203,0,0,19,170234,23201,193454,0,0,148050,45404,193454,0,18168,21097054,-21115222,0,0,18168,163212574,22312207,185542949,0,0,142115520,43427429,185542949
2023-11-08,958,968,953,955,149678,-0.31315240083507306,0,0,-33670,33670,0,0,0,100638,49040,149678,0,0,134308,15370,149678,0,0,-32363271,32363271,0,0,0,96478718,47110031,143588749,0,0,128841989,14746760,143588749
2023-11-09,955,958,925,933,310907,-2.3036649214659684,0,450,40093,-40543,0,0,450,288137,22320,310907,0,0,248044,62863,310907,0,419550,37945214,-38364764,0,0,419550,269930017,20973847,291323414,0,0,231984803,59338611,291323414
2023-11-10,916,937,905,909,242865,-2.572347266881029,0,109,32287,-32396,0,0,109,209221,33535,242865,0,0,176934,65931,242865,0,99844,29565499,-29665343,0,0,99844,190692147,30517850,221309841,0,0,161126648,60183193,221309841
2023-11-13,910,917,881,886,299229,-2.5302530253025304,0,0,29660,-29660,0,0,0,259339,39890,299229,0,0,229679,69550,299229,0,0,26799216,-26799216,0,0,0,232356006,35639393,267995399,0,0,205556790,62438609,267995399
2023-11-14,881,917,881,912,158831,2.9345372460496613,0,0,-42593,42593,0,0,0,101386,57445,158831,0,0,143979,14852,158831,0,0,-38185512,38185512,0,0,0,91715313,51678736,143394049,0,0,129900825,13493224,143394049
2023-11-15,917,930,912,923,143408,1.2061403508771928,0,0,-31395,31395,0,0,0,89181,54227,143408,0,0,120576,22832,143408,0,0,-28936752,28936752,0,0,0,82083403,49933053,132016456,0,0,111020155,20996301,132016456
2023-11-16,925,934,917,925,151518,0.21668472372697722,0,0,-34693,34693,0,0,0,95811,55707,151518,0,0,130504,21014,151518,0,0,-32242853,32242853,0,0,0,88707452,51627039,140334491,0,0,120950305,19384186,140334491
2023-11-17,924,957,911,915,177557,-1.0810810810810811,0,0,25096,-25096,0,0,0,166625,10932,177557,0,0,141529,36028,177557,0,0,23136380,-23136380,0,0,0,153704148,10073558,163777706,0,0,130567768,33209938,163777706
2023-11-20,909,919,900,909,331911,-0.6557377049180327,0,16,-94323,94307,0,0,16,231970,99925,331911,0,0,326293,5618,331911,0,14566,-86127839,86113273,0,0,14566,210927485,91217017,302159068,0,0,297055324,5103744,302159068
2023-11-21,914,914,905,906,202996,-0.33003300330033003,0,12,-12572,12560,0,0,12,177592,25392,202996,0,0,190164,12832,202996,0,10907,-11433950,11423043,0,0,10907,161338887,23080964,184430758,0,0,172772837,11657921,184430758
2023-11-22,908,908,896,898,224547,-0.8830022075055187,0,0,61475,-61475,0,0,0,217060,7487,224547,0,0,155585,68962,224547,0,0,55356437,-55356437,0,0,0,195192117,6719727,201911844,0,0,139835680,62076164,201911844
2023-11-23,899,902,888,888,369375,-1.1135857461024499,0,2787,83853,-86640,0,0,2787,361643,4945,369375,0,0,277790,91585,369375,0,2503718,74847620,-77351338,0,0,2503718,322667799,4422258,329593775,0,0,247820179,81773596,329593775
2023-11-24,895,895,878,881,310512,-0.7882882882882882,0,-2777,10984,-8207,0,0,0,288790,21722,310512,0,2777,277806,29929,310512,0,-2450316,9831794,-7381478,0,0,0,254695074,19169195,273864269,0,2450316,244863280,26550673,273864269
2023-11-27,881,910,877,884,339249,0.340522133938706,0,0,-89889,89889,0,0,0,206342,132907,339249,0,0,296231,43018,339249,0,0,-80566680,80566680,0,0,0,183043909,118840820,301884729,0,0,263610589,38274140,301884729
2023-11-28,879,895,877,882,238608,-0.22624434389140274,0,10,-14771,14761,0,0,10,207042,31556,238608,0,0,221813,16795,238608,0,8802,-12982464,12973662,0,0,8802,182351835,27838394,210199031,0,0,195334299,14864732,210199031
2023-11-29,880,891,880,881,215576,-0.11337868480725624,0,0,-50559,50559,0,0,0,151575,64001,215576,0,0,202134,13442,215576,0,0,-44922273,44922273,0,0,0,133840209,56781109,190621318,0,0,178762482,11858836,190621318
2023-11-30,882,890,882,890,130663,1.0215664018161181,0,0,-23129,23129,0,0,0,104068,26595,130663,0,0,127197,3466,130663,0,0,-20488395,20488395,0,0,0,92266447,23558478,115824925,0,0,112754842,3070083,115824925
2023-12-01,893,921,888,892,234112,0.22471910112359553,0,0,18996,-18996,0,0,0,207904,26208,234112,0,0,188908,45204,234112,0,0,17270485,-17270485,0,0,0,186791019,23537401,210328420,0,0,169520534,40807886,210328420
2023-12-04,892,900,888,895,121171,0.336322869955157,0,0,4554,-4554,0,0,0,105936,15235,121171,0,0,101382,19789,121171,0,0,4130876,-4130876,0,0,0,94678587,13614957,108293544,0,0,90547711,17745833,108293544
2023-12-05,879,896,879,886,162696,-1.005586592178771,0,18,7939,-7957,0,0,18,154514,8164,162696,0,0,146575,16121,162696,0,15979,7073227,-7089206,0,0,15979,137102966,7240396,144359341,0,0,130029739,14329602,144359341
2023-12-06,881,901,881,900,144798,1.580135440180587,0,0,-23732,23732,0,0,0,112698,32100,144798,0,0,136430,8368,144798,0,0,-21157374,21157374,0,0,0,100517331,28619462,129136793,0,0,121674705,7462088,129136793
2023-12-07,895,901,891,901,108637,0.1111111111111111,-12610,0,-25824,38434,0,0,0,57590,51047,108637,12610,0,83414,12613,108637,-11282744,0,-23087902,34370646,0,0,0,51641843,45677460,97319303,11282744,0,74729745,11306814,97319303
2023-12-08,901,923,900,905,177204,0.4439511653718091,0,54,-21242,21188,0,0,54,146532,30618,177204,0,0,167774,9430,177204,0,49194,-19319511,19270317,0,0,49194,133457257,27844390,161350841,0,0,152776768,8574073,161350841
2023-12-11,905,924,905,918,104452,1.4364640883977902,0,1371,-16438,15067,0,0,1371,82647,20434,104452,0,0,99085,5367,104452,0,1258578,-15035626,13777048,0,0,1258578,75587262,18693684,95539524,0,0,90622888,4916636,95539524
2023-12-12,911,919,911,912,94581,-0.6535947712418301,0,0,17764,-17764,0,0,0,89779,4802,94581,0,0,72015,22566,94581,0,0,16233822,-16233822,0,0,0,82011481,4389141,86400622,0,0,65777659,20622963,86400622
2023-12-13,912,916,903,903,99206,-0.9868421052631579,0,22,3262,-3284,0,0,22,93343,5841,99206,0,0,90081,9125,99206,0,20014,2989551,-3009565,0,0,20014,84669787,5293135,89982936,0,0,81680236,8302700,89982936
2023-12-14,924,924,896,896,108930,-0.7751937984496124,0,0,5740,-5740,0,0,0,101178,7752,108930,0,0,95438,13492,108930,0,0,5261588,-5261588,0,0,0,91630392,6991621,98622013,0,0,86368804,12253209,98622013
2023-12-15,896,905,869,895,136537,-0.11160714285714285,0,0,-5452,5452,0,0,0,122342,14195,136537,0,0,127794,8743,136537,0,0,-4878289,4878289,0,0,0,109270013,12743722,122013735,0,0,114148302,7865433,122013735
2023-12-18,892,899,885,891,213066,-0.44692737430167595,0,0,-30402,30402,0,0,0,181414,31652,213066,0,0,211816,1250,213066,0,0,-27136787,27136787,0,0,0,161692225,28254232,189946457,0,0,188829012,1117445,189946457
2023-12-19,879,895,879,893,123053,0.22446689113355783,0,-6482,-719,7201,0,0,31,113672,9350,123053,0,6513,114391,2149,123053,0,-5781885,-644358,6426243,0,0,27711,101114930,8334290,109476931,0,5809596,101759288,1908047,109476931
2023-12-20,888,903,882,892,129806,-0.11198208286674133,0,2,-9273,9271,0,0,2,115358,14446,129806,0,0,124631,5175,129806,0,1794,-8309616,8307822,0,0,1794,103377619,12958140,116337553,0,0,111687235,4650318,116337553
2023-12-21,884,898,881,892,120440,0.0,0,0,8808,-8808,0,0,0,109920,10520,120440,0,0,101112,19328,120440,0,0,7829258,-7829258,0,0,0,97650504,9376311,107026815,0,0,89821246,17205569,107026815
2023-12-22,888,898,888,888,91025,-0.4484304932735426,0,0,-295,295,0,0,0,86131,4894,91025,0,0,86426,4599,91025,0,0,-254499,254499,0,0,0,76814732,4361892,81176624,0,0,77069231,4107393,81176624
2023-12-26,919,919,886,886,123835,-0.22522522522522523,0,0,3747,-3747,0,0,0,118390,5445,123835,0,0,114643,9192,123835,0,0,3356095,-3356095,0,0,0,105224633,4837429,110062062,0,0,101868538,8193524,110062062
2023-12-27,879,892,879,884,114678,-0.2257336343115124,0,-982,2306,-1324,0,0,18,110799,3861,114678,0,1000,108493,5185,114678,0,-873052,2031715,-1158663,0,0,15948,98025805,3417223,101458976,0,889000,95994090,4575886,101458976
2023-12-28,889,919,878,900,329926,1.809954751131222,0,-2510,-51762,54272,0,0,0,266883,63043,329926,0,2510,318645,8771,329926,0,-2263069,-46254814,48517883,0,0,0,240405682,56493808,296899490,0,2263069,286660496,7975925,296899490
2024-01-02,902,918,898,910,118678,1.1111111111111112,0,0,-250,250,0,0,0,114233,4445,118678,0,0,114483,4195,118678,0,0,-182350,182350,0,0,0,103640934,4009954,107650888,0,0,103823284,3827604,107650888
2024-01-03,905,914,899,903,76131,-0.7692307692307693,0,9850,711,-10561,0,0,9850,64850,1431,76131,0,0,64139,11992,76131,0,8948970,554234,-9503204,0,0,8948970,58530388,1294190,68773548,0,0,57976154,10797394,68773548
2024-01-04,888,898,888,895,127897,-0.8859357696566998,0,12,-10754,10742,0,0,12,111612,16273,127897,0,0,122366,5531,127897,0,10768,-9590910,9580142,0,0,10768,99656953,14529500,114197221,0,0,109247863,4949358,114197221
2024-01-05,889,901,888,892,105247,-0.33519553072625696,0,0,-987,987,0,0,0,99361,5886,105247,0,0,100348,4899,105247,0,0,-877552,877552,0,0,0,88869600,5261805,94131405,0,0,89747152,4384253,94131405
2024-01-08,892,907,892,903,82901,1.2331838565022422,0,463,8867,-9330,0,0,463,80886,1552,82901,0,0,72019,10882,82901,0,418242,7997048,-8415290,0,0,418242,72818834,1394124,74631200,0,0,64821786,9809414,74631200
2024-01-09,895,906,895,899,121341,-0.4429678848283499,0,9,-5605,5596,0,0,9,113465,7867,121341,0,0,119070,2271,121341,0,8088,-5051640,5043552,0,0,8088,102132040,7091403,109231531,0,0,107183680,2047851,109231531
2024-01-10,902,906,889,898,172329,-0.11123470522803114,0,0,9105,-9105,0,0,0,169701,2628,172329,0,0,160596,11733,172329,0,0,8109406,-8109406,0,0,0,152115016,2366933,154481949,0,0,144005610,10476339,154481949
2024-01-11,898,901,891,898,88081,0.0,0,0,-154,154,0,0,0,85260,2821,88081,0,0,85414,2667,88081,0,0,-132393,132393,0,0,0,76473925,2524693,78998618,0,0,76606318,2392300,78998618
2024-01-12,898,900,887,891,150599,-0.779510022271715,0,0,8957,-8957,0,0,0,149876,723,150599,0,0,140919,9680,150599,0,0,8000760,-8000760,0,0,0,133363634,645024,134008658,0,0,125362874,8645784,134008658
2024-01-15,886,892,884,884,103817,-0.7856341189674524,0,31,14500,-14531,0,0,31,102865,921,103817,0,0,88365,15452,103817,0,27564,12860124,-12887688,0,0,27564,91262370,815808,92105742,0,0,78402246,13703496,92105742
2024-01-16,884,889,881,882,125434,-0.22624434389140274,0,0,6489,-6489,0,0,0,119966,5468,125434,0,0,113477,11957,125434,0,0,5732735,-5732735,0,0,0,106028618,4840920,110869538,0,0,100295883,10573655,110869538
2024-01-17,882,884,852,852,325686,-3.4013605442176873,0,0,39044,-39044,0,0,0,296632,29054,325686,0,0,257588,68098,325686,0,0,34183010,-34183010,0,0,0,256043757,24900835,280944592,0,0,221860747,59083845,280944592
2024-01-18,852,856,843,844,172057,-0.9389671361502347,0,0,-29266,29266,0,0,0,137552,34505,172057,0,0,166818,5239,172057,0,0,-24678060,24678060,0,0,0,116592531,29134583,145727114,0,0,141270591,4456523,145727114
2024-01-19,846,853,843,845,71494,0.11848341232227488,0,0,4658,-4658,0,0,0,65777,5717,71494,0,0,61119,10375,71494,0,0,3968033,-3968033,0,0,0,55762303,4858109,60620412,0,0,51794270,8826142,60620412
2024-01-22,846,847,820,834,132885,-1.301775147928994,0,0,18439,-18439,0,0,0,129325,3560,132885,0,0,110886,21999,132885,0,0,15516988,-15516988,0,0,0,107910460,2967294,110877754,0,0,92393472,18484282,110877754
2024-01-23,824,845,824,836,82800,0.2398081534772182,0,0,-14575,14575,0,0,0,65086,17714,82800,0,0,79661,3139,82800,0,0,-12123690,12123690,0,0,0,54190333,14760444,68950777,0,0,66314023,2636754,68950777
2024-01-24,828,855,825,836,157380,0.0,0,62,-12635,12573,0,0,62,134888,22430,157380,0,0,147523,9857,157380,0,52014,-10458891,10406877,0,0,52014,112892403,18693975,131638392,0,0,123351294,8287098,131638392
2024-01-25,836,902,836,874,775812,4.545454545454546,0,0,17528,-17528,0,0,5200,691089,79523,775812,0,5200,673561,97051,775812,0,31579,15561881,-15593460,0,0,4547800,607162540,69907404,681617744,0,4516221,591600659,85500864,681617744
2024-01-26,867,883,857,858,213713,-1.8306636155606408,0,0,1663,-1663,0,0,0,203366,10347,213713,0,0,201703,12010,213713,0,0,1463842,-1463842,0,0,0,175750122,8946768,184696890,0,0,174286280,10410610,184696890
2024-01-29,863,864,837,842,192361,-1.8648018648018647,0,0,3929,-3929,0,0,0,184274,8087,192361,0,0,180345,12016,192361,0,0,3380007,-3380007,0,0,0,155534271,6844679,162378950,0,0,152154264,10224686,162378950
2024-01-30,842,847,792,822,257141,-2.375296912114014,0,0,-4036,4036,0,0,0,235426,21715,257141,0,0,239462,17679,257141,0,0,-3329299,3329299,0,0,0,193668534,17901498,211570032,0,0,196997833,14572199,211570032
2024-01-31,822,825,812,812,91832,-1.2165450121654502,0,0,20463,-20463,0,0,0,89464,2368,91832,0,0,69001,22831,91832,0,0,16704972,-16704972,0,0,0,73027602,1932312,74959914,0,0,56322630,18637284,74959914
2024-02-01,812,823,800,808,99007,-0.49261083743842365,0,0,3578,-3578,0,0,0,94531,4476,99007,0,0,90953,8054,99007,0,0,2975394,-2975394,0,0,0,76473302,3600468,80073770,0,0,73497908,6575862,80073770
2024-02-02,813,817,810,813,78477,0.6188118811881188,0,0,-20508,20508,0,0,0,57441,21036,78477,0,0,77949,528,78477,0,0,-16640877,16640877,0,0,0,46723289,17071286,63794575,0,0,63364166,430409,63794575
2024-02-05,814,818,806,814,76310,0.12300123001230012,0,-16181,27965,-11784,0,0,0,76244,66,76310,0,16181,48279,11850,76310,0,-13099292,22663959,-9564667,0,0,0,61903221,53580,61956801,0,13099292,39239262,9618247,61956801
2024-02-06,814,817,807,811,144743,-0.36855036855036855,0,0,1017,-1017,0,0,0,138183,6560,144743,0,0,137166,7577,144743,0,0,844285,-844285,0,0,0,111938880,5309793,117248673,0,0,111094595,6154078,117248673
2024-02-07,814,820,808,811,78760,0.0,0,0,-2743,2743,0,0,0,74387,4373,78760,0,0,77130,1630,78760,0,0,-2233673,2233673,0,0,0,60402026,3557872,63959898,0,0,62635699,1324199,63959898
2024-02-08,812,826,802,811,151970,0.0,0,0,1007,-1007,0,0,0,145909,6061,151970,0,0,144902,7068,151970,0,0,800465,-800465,0,0,0,118032065,4922855,122954920,0,0,117231600,5723320,122954920
2024-02-13,815,815,805,806,112748,-0.6165228113440198,0,0,1007,-1007,0,0,0,112738,10,112748,0,0,111731,1017,112748,0,0,814777,-814777,0,0,0,91088870,8060,91096930,0,0,90274093,822837,91096930
2024-02-14,806,810,799,805,104907,-0.12406947890818859,0,0,13686,-13686,0,0,0,103710,1197,104907,0,0,90024,14883,104907,0,0,11076612,-11076612,0,0,0,83464116,956784,84420900,0,0,72387504,12033396,84420900
2024-02-15,805,812,803,810,115416,0.6211180124223602,0,10,2189,-2199,0,0,10,115128,278,115416,0,0,112939,2477,115416,0,8109,1774361,-1782470,0,0,8109,92986223,223672,93218004,0,0,91211862,2006142,93218004
2024-02-16,812,812,803,809,129416,-0.12345679012345678,0,0,-3647,3647,0,0,0,116191,13225,129416,0,0,119838,9578,129416,0,0,-2886623,2886623,0,0,0,93666684,10632901,104299585,0,0,96553307,7746278,104299585
2024-02-19,809,810,800,808,125613,-0.12360939431396785,0,0,719,-719,0,0,0,123741,1872,125613,0,0,123022,2591,125613,0,0,583628,-583628,0,0,0,99518402,1503749,101022151,0,0,98934774,2087377,101022151
2024-02-20,808,812,806,809,159938,0.12376237623762376,0,0,5231,-5231,0,0,0,158245,1693,159938,0,0,153014,6924,159938,0,0,4227038,-4227038,0,0,0,127952970,1369233,129322203,0,0,123725932,5596271,129322203
2024-02-21,809,813,803,807,170653,-0.2472187886279357,0,0,2638,-2638,0,0,0,166979,3674,170653,0,0,164341,6312,170653,0,0,2136352,-2136352,0,0,0,134793292,2973110,137766402,0,0,132656940,5109462,137766402
2024-02-22,807,809,802,808,163340,0.12391573729863693,0,191,9886,-10077,0,0,191,163113,36,163340,0,0,153227,10113,163340,0,153564,7948263,-8101827,0,0,153564,131107248,28972,131289784,0,0,123158985,8130799,131289784
2024-02-23,808,808,799,800,166702,-0.9900990099009901,0,0,16517,-16517,0,0,0,163711,2991,166702,0,0,147194,19508,166702,0,0,13267957,-13267957,0,0,0,131305510,2404562,133710072,0,0,118037553,15672519,133710072
2024-02-26,801,804,795,799,128449,-0.125,0,0,24628,-24628,0,0,0,127317,1132,128449,0,0,102689,25760,128449,0,0,19667749,-19667749,0,0,0,101593000,902212,102495212,0,0,81925251,20569961,102495212
2024-02-27,804,804,788,794,163590,-0.6257822277847309,0,0,36267,-36267,0,0,0,163266,324,163590,0,0,126999,36591,163590,0,0,28816171,-28816171,0,0,0,129412275,256158,129668433,0,0,100596104,29072329,129668433
2024-02-28,796,797,788,793,109751,-0.12594458438287154,0,0,1512,-1512,0,0,0,106844,2907,109751,0,0,105332,4419,109751,0,0,1204591,-1204591,0,0,0,84635401,2298970,86934371,0,0,83430810,3503561,86934371
2024-02-29,794,796,785,787,107392,-0.7566204287515763,0,0,2143,-2143,0,0,0,102870,4522,107392,0,0,100727,6665,107392,0,0,1696166,-1696166,0,0,0,81155798,3571355,84727153,0,0,79459632,5267521,84727153
2024-03-04,792,795,777,779,183380,-1.0165184243964422,0,0,10171,-10171,0,0,0,181572,1808,183380,0,0,171401,11979,183380,0,0,7972217,-7972217,0,0,0,142128890,1412061,143540951,0,0,134156673,9384278,143540951
2024-03-05,777,777,759,762,407166,-2.1822849807445444,0,0,19824,-19824,0,0,0,393609,13557,407166,0,0,373785,33381,407166,0,0,15330357,-15330357,0,0,0,301166531,10339692,311506223,0,0,285836174,25670049,311506223
2024-03-06,762,783,758,777,200693,1.968503937007874,0,0,-3474,3474,0,0,0,194052,6641,200693,0,0,197526,3167,200693,0,0,-2642314,2642314,0,0,0,148701407,5086872,153788279,0,0,151343721,2444558,153788279
2024-03-07,766,825,766,812,604463,4.504504504504505,0,29,14845,-14874,0,0,29,571880,32554,604463,0,0,557035,47428,604463,0,23547,11785687,-11809234,0,0,23547,461016867,26152503,487192917,0,0,449231180,37961737,487192917
2024-03-08,805,812,785,796,160450,-1.9704433497536946,0,0,26527,-26527,0,0,0,158469,1981,160450,0,0,131942,28508,160450,0,0,21116335,-21116335,0,0,0,125968018,1577320,127545338,0,0,104851683,22693655,127545338
2024-03-11,797,816,797,810,107021,1.7587939698492463,0,0,3923,-3923,0,0,0,104825,2196,107021,0,0,100902,6119,107021,0,0,3176630,-3176630,0,0,0,84779130,1761801,86540931,0,0,81602500,4938431,86540931
2024-03-12,819,819,780,781,183664,-3.580246913580247,0,0,24067,-24067,0,0,0,181632,2032,183664,0,0,157565,26099,183664,0,0,19190884,-19190884,0,0,0,143871958,1610332,145482290,0,0,124681074,20801216,145482290
2024-03-13,783,791,773,778,110424,-0.3841229193341869,0,0,2844,-2844,0,0,0,99778,10646,110424,0,0,96934,13490,110424,0,0,2248388,-2248388,0,0,0,77755349,8272669,86028018,0,0,75506961,10521057,86028018
2024-03-14,778,786,774,784,82179,0.7712082262210797,0,0,-3618,3618,0,0,0,71773,10406,82179,0,0,75391,6788,82179,0,0,-2801061,2801061,0,0,0,55937777,8095034,64032811,0,0,58738838,5293973,64032811
2024-03-15,787,787,770,774,96197,-1.2755102040816326,0,21,12757,-12778,0,0,21,95162,1014,96197,0,0,82405,13792,96197,0,16296,9891395,-9907691,0,0,16296,73638268,784341,74438905,0,0,63746873,10692032,74438905
2024-03-18,768,775,763,773,72528,-0.12919896640826875,0,36,-212,176,0,0,36,71806,686,72528,0,0,72018,510,72528,0,27732,-163424,135692,0,0,27732,55241840,528566,55798138,0,0,55405264,392874,55798138
2024-03-19,776,776,764,766,81097,-0.9055627425614489,0,0,13367,-13367,0,0,0,78038,3059,81097,0,0,64671,16426,81097,0,0,10254582,-10254582,0,0,0,59773459,2341734,62115193,0,0,49518877,12596316,62115193
2024-03-20,766,770,760,764,100021,-0.26109660574412535,0,0,4122,-4122,0,0,0,99036,985,100021,0,0,94914,5107,100021,0,0,3138205,-3138205,0,0,0,75482009,752841,76234850,0,0,72343804,3891046,76234850
2024-03-21,768,768,758,761,106767,-0.3926701570680628,0,46,5253,-5299,0,0,46,102944,3777,106767,0,0,97691,9076,106767,0,35190,4012129,-4047319,0,0,35190,78452677,2877357,81365224,0,0,74440548,6924676,81365224
2024-03-22,767,767,756,759,100839,-0.2628120893561104,0,0,6346,-6346,0,0,0,98037,2802,100839,0,0,91691,9148,100839,0,0,4824688,-4824688,0,0,0,74684791,2129723,76814514,0,0,69860103,6954411,76814514
2024-03-25,759,767,756,757,86435,-0.2635046113306983,0,0,659,-659,0,0,0,84821,1614,86435,0,0,84162,2273,86435,0,0,502613,-502613,0,0,0,64487097,1229848,65716945,0,0,63984484,1732461,65716945
2024-03-26,760,764,758,758,110763,0.13210039630118892,0,0,2960,-2960,0,0,0,109315,1448,110763,0,0,106355,4408,110763,0,0,2250344,-2250344,0,0,0,83087453,1103601,84191054,0,0,80837109,3353945,84191054
2024-03-27,762,762,756,759,82920,0.13192612137203166,0,0,5192,-5192,0,0,0,80743,2177,82920,0,0,75551,7369,82920,0,0,3936841,-3936841,0,0,0,61249700,1653161,62902861,0,0,57312859,5590002,62902861
2024-03-28,756,764,756,761,90180,0.2635046113306983,0,0,7776,-7776,0,0,0,88912,1268,90180,0,0,81136,9044,90180,0,0,5892139,-5892139,0,0,0,67451613,963157,68414770,0,0,61559474,6855296,68414770
2024-03-29,762,782,762,768,102629,0.9198423127463863,0,0,1012,-1012,0,0,0,100021,2608,102629,0,0,99009,3620,102629,0,0,809651,-809651,0,0,0,77066130,2004363,79070493,0,0,76256479,2814014,79070493
2024-04-01,763,788,763,780,152822,1.5625,0,0,-29293,29293,0,0,0,121672,31150,152822,0,0,150965,1857,152822,0,0,-22754054,22754054,0,0,0,94324021,24203927,118527948,0,0,117078075,1449873,118527948
2024-04-02,780,791,774,780,112257,0.0,0,0,-2242,2242,0,0,0,102889,9368,112257,0,0,105131,7126,112257,0,0,-1747395,1747395,0,0,0,80171921,7306987,87478908,0,0,81919316,5559592,87478908
2024-04-03,780,806,775,790,246078,1.282051282051282,0,3529,-8643,5114,0,0,3529,224590,17959,246078,0,0,233233,12845,246078,0,2763207,-6682410,3919203,0,0,2763207,177830478,14070796,194664481,0,0,184512888,10151593,194664481
2024-04-04,788,790,775,777,100049,-1.6455696202531647,0,0,-10499,10499,0,0,0,80038,20011,100049,0,0,90537,9512,100049,0,0,-8149583,8149583,0,0,0,62470420,15578701,78049121,0,0,70620003,7429118,78049121
2024-04-05,777,780,757,766,138227,-1.4157014157014158,0,3713,-20874,17161,0,0,3713,108156,26358,138227,0,0,129030,9197,138227,0,2858905,-16194667,13335762,0,0,2858905,83084905,20410447,106354257,0,0,99279572,7074685,106354257
2024-04-08,766,774,757,770,138101,0.5221932114882507,0,0,-52448,52448,0,0,0,80202,57899,138101,0,0,132650,5451,138101,0,0,-40236160,40236160,0,0,0,61108213,44400937,105509150,0,0,101344373,4164777,105509150
2024-04-09,762,770,758,758,90427,-1.5584415584415585,0,0,2033,-2033,0,0,0,89414,1013,90427,0,0,87381,3046,90427,0,0,1548226,-1548226,0,0,0,68065363,771708,68837071,0,0,66517137,2319934,68837071
2024-04-11,762,762,751,756,71344,-0.2638522427440633,0,0,3357,-3357,0,0,0,69196,2148,71344,0,0,65839,5505,71344,0,0,2534662,-2534662,0,0,0,52130260,1615655,53745915,0,0,49595598,4150317,53745915
2024-04-12,759,771,754,770,84925,1.8518518518518516,0,0,-37291,37291,0,0,0,39295,45630,84925,0,0,76586,8339,84925,0,0,-28612355,28612355,0,0,0,29816564,34980132,64796696,0,0,58428919,6367777,64796696
2024-04-15,760,777,755,770,98224,0.0,0,0,-45286,45286,0,0,0,47381,50843,98224,0,0,92667,5557,98224,0,0,-34984151,34984151,0,0,0,36136056,39210750,75346806,0,0,71120207,4226599,75346806
2024-04-16,769,778,748,755,165597,-1.948051948051948,0,0,-26783,26783,0,0,0,130353,35244,165597,0,0,157136,8461,165597,0,0,-20532574,20532574,0,0,0,98507225,26971683,125478908,0,0,119039799,6439109,125478908
2024-04-17,762,774,755,763,143223,1.0596026490066226,0,0,-30500,30500,0,0,0,106995,36228,143223,0,0,137495,5728,143223,0,0,-23490352,23490352,0,0,0,82177094,27891760,110068854,0,0,105667446,4401408,110068854
2024-04-18,756,782,756,773,175724,1.310615989515072,0,0,-41144,41144,0,0,0,132831,42893,175724,0,0,173975,1749,175724,0,0,-31856589,31856589,0,0,0,101889503,33201657,135091160,0,0,133746092,1345068,135091160
2024-04-19,781,810,757,770,439638,-0.38809831824062097,0,-404,-8847,9251,0,0,0,402846,36792,439638,0,404,411693,27541,439638,0,-319160,-7188277,7507437,0,0,0,314910384,29135755,344046139,0,319160,322098661,21628318,344046139
2024-04-22,778,778,750,770,235633,0.0,0,31,5341,-5372,0,0,31,210339,25263,235633,0,0,204998,30635,235633,0,23839,4115204,-4139043,0,0,23839,161056065,19233320,180313224,0,0,156940861,23372363,180313224
2024-04-23,771,786,766,769,246653,-0.12987012987012986,0,0,-74592,74592,0,0,0,163165,83488,246653,0,0,237757,8896,246653,0,0,-57768348,57768348,0,0,0,125697427,64614150,190311577,0,0,183465775,6845802,190311577
2024-04-24,769,780,768,780,96594,1.4304291287386215,0,0,-25137,25137,0,0,0,64246,32348,96594,0,0,89383,7211,96594,0,0,-19636010,19636010,0,0,0,49587779,25208485,74796264,0,0,69223789,5572475,74796264
2024-04-25,780,798,777,789,167110,1.153846153846154,0,0,12503,-12503,0,0,0,164803,2307,167110,0,0,152300,14810,167110,0,0,9900091,-9900091,0,0,0,130032770,1801772,131834542,0,0,120132679,11701863,131834542
2024-04-26,785,793,776,776,104242,-1.6476552598225602,0,0,-2102,2102,0,0,0,97125,7117,104242,0,0,99227,5015,104242,0,0,-1627495,1627495,0,0,0,75806649,5548740,81355389,0,0,77434144,3921245,81355389
2024-04-29,779,788,774,780,97041,0.5154639175257731,0,0,7894,-7894,0,0,0,95733,1308,97041,0,0,87839,9202,97041,0,0,6148250,-6148250,0,0,0,74618296,1020143,75638439,0,0,68470046,7168393,75638439
2024-04-30,790,798,775,793,143293,1.6666666666666667,0,0,1833,-1833,0,0,0,137881,5412,143293,0,0,136048,7245,143293,0,0,1483785,-1483785,0,0,0,109064690,4249010,113313700,0,0,107580905,5732795,113313700
2024-05-02,794,850,794,812,734308,2.3959646910466583,0,0,5986,-5986,0,0,0,702366,31942,734308,0,0,696380,37928,734308,0,0,5542614,-5542614,0,0,0,579300165,25963191,605263356,0,0,573757551,31505805,605263356
2024-05-03,820,820,786,810,155620,-0.24630541871921183,0,7,4666,-4673,0,0,7,150089,5524,155620,0,0,145423,10197,155620,0,5625,3810238,-3815863,0,0,5625,120741962,4450977,125198564,0,0,116931724,8266840,125198564
2024-05-07,809,818,800,813,96373,0.3703703703703704,0,0,9369,-9369,0,0,0,95995,378,96373,0,0,86626,9747,96373,0,0,7569827,-7569827,0,0,0,77559147,305218,77864365,0,0,69989320,7875045,77864365
2024-05-08,813,813,803,803,99159,-1.2300123001230012,0,6,6810,-6816,0,0,6,97235,1918,99159,0,0,90425,8734,99159,0,4848,5482831,-5487679,0,0,4848,78378395,1545778,79929021,0,0,72895564,7033457,79929021
2024-05-09,803,811,797,798,73029,-0.62266500622665,0,0,2844,-2844,0,0,0,72415,614,73029,0,0,69571,3458,73029,0,0,2298545,-2298545,0,0,0,58253878,495926,58749804,0,0,55955333,2794471,58749804
2024-05-10,789,825,789,813,168875,1.8796992481203008,0,0,2547,-2547,0,0,0,163981,4894,168875,0,0,161434,7441,168875,0,0,2128583,-2128583,0,0,0,132984817,3941265,136926082,0,0,130856234,6069848,136926082
2024-05-13,815,835,811,817,275855,0.4920049200492005,0,0,-638,638,0,0,0,267461,8394,275855,0,0,268099,7756,275855,0,0,-467899,467899,0,0,0,220459286,6890052,227349338,0,0,220927185,6422153,227349338
2024-05-14,811,830,809,818,98936,0.12239902080783352,0,8,3655,-3663,0,0,8,97944,984,98936,0,0,94289,4647,98936,0,6536,2996650,-3003186,0,0,6536,80156094,805802,80968432,0,0,77159444,3808988,80968432
2024-05-16,820,831,819,825,278655,0.8557457212713936,0,0,-7667,7667,0,0,0,269679,8976,278655,0,0,277346,1309,278655,0,0,-6337582,6337582,0,0,0,222847188,7418286,230265474,0,0,229184770,1080704,230265474
2024-05-17,825,829,811,820,128365,-0.6060606060606061,0,0,7287,-7287,0,0,0,125222,3143,128365,0,0,117935,10430,128365,0,0,5980861,-5980861,0,0,0,102334488,2567864,104902352,0,0,96353627,8548725,104902352
2024-05-20,820,825,809,816,76932,-0.4878048780487805,0,0,541,-541,0,0,0,75604,1328,76932,0,0,75063,1869,76932,0,0,438991,-438991,0,0,0,61436719,1082680,62519399,0,0,60997728,1521671,62519399
2024-05-21,811,838,811,828,226432,1.4705882352941175,0,0,-5030,5030,0,0,0,215195,11237,226432,0,0,220225,6207,226432,0,0,-4134222,4134222,0,0,0,177921585,9300445,187222030,0,0,182055807,5166223,187222030
2024-05-22,842,842,828,831,122472,0.36231884057971014,0,10028,-8640,-1388,0,0,10028,111898,546,122472,0,0,120538,1934,122472,0,8318934,-7166067,-1152867,0,0,8318934,93147159,453180,101919273,0,0,100313226,1606047,101919273
2024-05-23,831,832,816,829,146307,-0.24067388688327318,0,0,-3692,3692,0,0,0,136391,9916,146307,0,0,140083,6224,146307,0,0,-2951643,2951643,0,0,0,112681693,8096758,120778451,0,0,115633336,5145115,120778451
2024-05-24,828,859,825,839,388425,1.2062726176115801,0,0,6965,-6965,0,0,0,383364,5061,388425,0,0,376399,12026,388425,0,0,5950599,-5950599,0,0,0,323801110,4276044,328077154,0,0,317850511,10226643,328077154
2024-05-27,844,862,841,857,527545,2.1454112038140645,0,0,-5652,5652,0,0,0,502144,25401,527545,0,0,507796,19749,527545,0,0,-4848012,4848012,0,0,0,429610560,21763205,451373765,0,0,434458572,16915193,451373765
2024-05-28,857,924,851,887,2361935,3.5005834305717616,0,200,11201,-11401,0,0,200,2242786,118949,2361935,0,0,2231585,130350,2361935,0,176600,10856100,-11032700,0,0,176600,2014466669,106751701,2121394970,0,0,2003610569,117784401,2121394970
2024-05-29,889,900,838,844,600387,-4.8478015783540025,0,8,-10225,10217,0,0,8,554737,45642,600387,0,0,564962,35425,600387,0,6770,-8712084,8705314,0,0,6770,473487676,39139542,512633988,0,0,482199760,30434228,512633988
2024-05-30,830,879,821,837,1014955,-0.8293838862559242,0,0,55871,-55871,0,0,0,983116,31839,1014955,0,0,927245,87710,1014955,0,0,48736867,-48736867,0,0,0,836288651,26842673,863131324,0,0,787551784,75579540,863131324
2024-05-31,840,840,810,810,395534,-3.225806451612903,0,5439,-16560,11121,0,0,5439,369346,20749,395534,0,0,385906,9628,395534,0,4465095,-13584352,9119257,0,0,4465095,302602466,17022029,324089590,0,0,316186818,7902772,324089590
2024-06-03,800,810,799,801,190402,-1.1111111111111112,0,4634,-6827,2193,0,0,4634,177596,8172,190402,0,0,184423,5979,190402,0,3725927,-5472483,1746556,0,0,3725927,142628011,6561682,152915620,0,0,148100494,4815126,152915620
2024-06-04,798,803,780,784,404214,-2.1223470661672907,0,436,2818,-3254,0,0,436,393533,10245,404214,0,0,390715,13499,404214,0,345984,2227039,-2573023,0,0,345984,309796030,8059129,318201143,0,0,307568991,10632152,318201143
2024-06-05,784,797,782,790,171120,0.7653061224489796,0,4763,4173,-8936,0,0,4763,165672,685,171120,0,0,161499,9621,171120,0,3744255,3289739,-7033994,0,0,3744255,130486458,538792,134769505,0,0,127196719,7572786,134769505
2024-06-07,790,800,782,800,162083,1.2658227848101267,0,0,4322,-4322,0,0,0,161568,515,162083,0,0,157246,4837,162083,0,0,3398006,-3398006,0,0,0,127148744,405506,127554250,0,0,123750738,3803512,127554250
2024-06-10,795,804,789,799,89406,-0.125,0,0,18257,-18257,0,0,0,87428,1978,89406,0,0,69171,20235,89406,0,0,14530502,-14530502,0,0,0,69494294,1572310,71066604,0,0,54963792,16102812,71066604
2024-06-11,801,803,786,793,95767,-0.7509386733416771,0,4444,908,-5352,0,0,4444,86765,4558,95767,0,0,85857,9910,95767,0,3535202,698038,-4233240,0,0,3535202,68760603,3609933,75905738,0,0,68062565,7843173,75905738
2024-06-12,790,797,787,791,65180,-0.25220680958385877,0,1301,-1778,477,0,0,1501,62334,1345,65180,0,200,64112,868,65180,0,1035488,-1408515,373027,0,0,1193288,49309971,1061881,51565140,0,157800,50718486,688854,51565140
2024-06-13,790,822,785,802,222256,1.390644753476612,0,0,-44655,44655,0,0,1646,164569,56041,222256,0,1646,209224,11386,222256,0,569,-35534430,35533861,0,0,1320661,131974108,44761505,178056274,0,1320092,167508538,9227644,178056274
2024-06-14,800,849,780,818,667331,1.99501246882793,0,0,-26231,26231,0,0,0,574413,92918,667331,0,0,600644,66687,667331,0,0,-21318956,21318956,0,0,0,473969642,76609662,550579304,0,0,495288598,55290706,550579304
2024-06-17,818,818,800,801,133247,-2.078239608801956,0,1112,10547,-11659,0,0,1112,130623,1512,133247,0,0,120076,13171,133247,0,896268,8498029,-9394297,0,0,896268,105017699,1218964,107132931,0,0,96519670,10613261,107132931
2024-06-18,805,813,800,803,96016,0.24968789013732834,0,43,14478,-14521,0,0,43,95101,872,96016,0,0,80623,15393,96016,0,34497,11637152,-11671649,0,0,34497,76413128,699478,77147103,0,0,64775976,12371127,77147103
2024-06-19,807,809,795,804,75843,0.12453300124533001,0,122,13052,-13174,0,0,122,75059,662,75843,0,0,62007,13836,75843,0,97611,10434831,-10532442,0,0,97611,60047001,529523,60674135,0,0,49612170,11061965,60674135
2024-06-20,804,805,791,794,112560,-1.2437810945273633,0,0,8478,-8478,0,0,0,111220,1340,112560,0,0,102742,9818,112560,0,0,6738193,-6738193,0,0,0,88455037,1070696,89525733,0,0,81716844,7808889,89525733
2024-06-21,789,793,777,788,195558,-0.7556675062972292,0,223,97627,-97850,0,0,223,179563,15772,195558,0,0,81936,113622,195558,0,175278,76336970,-76512248,0,0,175278,140602400,12396070,153173748,0,0,64265430,88908318,153173748
2024-06-24,788,795,770,789,95383,0.12690355329949238,0,0,18100,-18100,0,0,0,94472,911,95383,0,0,76372,19011,95383,0,0,14034674,-14034674,0,0,0,73360117,708956,74069073,0,0,59325443,14743630,74069073
2024-06-25,782,789,772,778,49006,-1.394169835234474,0,0,14279,-14279,0,0,0,46398,2608,49006,0,0,32119,16887,49006,0,0,11151141,-11151141,0,0,0,36061638,2015250,38076888,0,0,24910497,13166391,38076888
2024-06-26,773,778,766,774,60413,-0.5141388174807198,0,0,4319,-4319,0,0,0,58894,1519,60413,0,0,54575,5838,60413,0,0,3362295,-3362295,0,0,0,45457788,1167272,46625060,0,0,42095493,4529567,46625060
2024-06-27,769,778,764,772,60927,-0.2583979328165375,0,95,14298,-14393,0,0,95,60347,485,60927,0,0,46049,14878,60927,0,72865,11031313,-11104178,0,0,72865,46375386,372048,46820299,0,0,35344073,11476226,46820299
2024-06-28,770,776,757,757,97148,-1.9430051813471503,0,2654,-5194,2540,0,0,2654,85805,8689,97148,0,0,90999,6149,97148,0,2040078,-3939852,1899774,0,0,2040078,65615701,6641336,74297115,0,0,69555553,4741562,74297115
2024-07-01,757,761,744,756,141447,-0.13210039630118892,0,0,24353,-24353,0,0,0,139974,1473,141447,0,0,115621,25826,141447,0,0,18388713,-18388713,0,0,0,105350343,1109794,106460137,0,0,86961630,19498507,106460137
2024-07-02,746,760,744,748,50689,-1.0582010582010581,0,0,10028,-10028,0,0,0,49333,1356,50689,0,0,39305,11384,50689,0,0,7538125,-7538125,0,0,0,36945557,1015680,37961237,0,0,29407432,8553805,37961237
2024-07-03,752,752,730,747,171152,-0.1336898395721925,0,0,20692,-20692,0,0,0,170241,911,171152,0,0,149549,21603,171152,0,0,15304484,-15304484,0,0,0,125781580,674192,126455772,0,0,110477096,15978676,126455772
2024-07-04,742,750,723,732,94182,-2.0080321285140563,0,282,4725,-5007,0,0,282,92656,1244,94182,0,0,87931,6251,94182,0,208786,3512928,-3721714,0,0,208786,68027341,909836,69145963,0,0,64514413,4631550,69145963
2024-07-05,722,737,715,736,129060,0.546448087431694,0,243,-6537,6294,0,0,243,105537,23280,129060,0,0,112074,16986,129060,0,176446,-4616134,4439688,0,0,176446,76667747,16806280,93650473,0,0,81283881,12366592,93650473
2024-07-08,736,740,724,740,34804,0.5434782608695652,0,523,789,-1312,0,0,523,33731,550,34804,0,0,32942,1862,34804,0,380586,588901,-969487,0,0,380586,24756120,403443,25540149,0,0,24167219,1372930,25540149
2024-07-09,737,745,732,743,56395,0.40540540540540543,0,167,-6307,6140,0,0,167,48523,7705,56395,0,0,54830,1565,56395,0,123280,-4619387,4496107,0,0,123280,35744806,5650954,41519040,0,0,40364193,1154847,41519040
2024-07-10,735,745,720,741,65058,-0.2691790040376851,0,0,3940,-3940,0,0,0,64136,922,65058,0,0,60196,4862,65058,0,0,2910561,-2910561,0,0,0,47029642,675879,47705521,0,0,44119081,3586440,47705521
2024-07-11,741,741,724,737,83237,-0.5398110661268556,0,-2107,20619,-18512,0,0,16,82903,318,83237,0,2123,62284,18830,83237,0,-1537791,15111079,-13573288,0,0,11604,60632562,233317,60877483,0,1549395,45521483,13806605,60877483
2024-07-12,729,737,722,734,95909,-0.40705563093622793,0,-1414,11950,-10536,0,0,100,95433,376,95909,0,1514,83483,10912,95909,0,-1039017,8718706,-7679689,0,0,72700,69485268,273637,69831605,0,1111717,60766562,7953326,69831605
2024-07-15,734,735,712,728,58714,-0.8174386920980926,0,-3098,6761,-3663,0,0,380,57021,1313,58714,0,3478,50260,4976,58714,0,-2252710,4910679,-2657969,0,0,274920,41321531,945360,42541811,0,2527630,36410852,3603329,42541811
2024-07-16,723,728,717,722,90302,-0.8241758241758242,0,-6375,23649,-17274,0,0,510,83403,6389,90302,0,6885,59754,23663,90302,0,-4576401,16992183,-12415782,0,0,366213,59993565,4602854,64962632,0,4942614,43001382,17018636,64962632
2024-07-17,721,721,709,716,162795,-0.8310249307479225,0,336,-5511,5175,0,0,336,150491,11968,162795,0,0,156002,6793,162795,0,239555,-3919728,3680173,0,0,239555,106622521,8529037,115391113,0,0,110542249,4848864,115391113
2024-07-18,709,710,690,695,196751,-2.9329608938547485,0,318,-45338,45020,0,0,318,137481,58952,196751,0,0,182819,13932,196751,0,221010,-31641730,31420720,0,0,221010,95871742,41227913,137320665,0,0,127513472,9807193,137320665
2024-07-19,695,695,682,685,113332,-1.4388489208633095,0,209,-610,401,0,0,209,107817,5306,113332,0,0,108427,4905,113332,0,142996,-398038,255042,0,0,142996,73979289,3628479,77750764,0,0,74377327,3373437,77750764
2024-07-22,685,686,672,677,97606,-1.167883211678832,0,-316,2087,-1771,0,0,2,91593,6011,97606,0,318,89506,7782,97606,0,-212336,1428288,-1215952,0,0,1360,62036561,4073443,66111364,0,213696,60608273,5289395,66111364
2024-07-23,677,690,677,686,111065,1.329394387001477,0,4,-3680,3676,0,0,4,101467,9594,111065,0,0,105147,5918,111065,0,2732,-2557000,2554268,0,0,2732,69314452,6594080,75911264,0,0,71871452,4039812,75911264
2024-07-24,686,689,672,672,89106,-2.0408163265306123,0,355,4160,-4515,0,0,355,88323,428,89106,0,0,84163,4943,89106,0,242365,2851683,-3094048,0,0,242365,60129038,293575,60664978,0,0,57277355,3387623,60664978
2024-07-25,672,672,622,645,246676,-4.017857142857143,0,998,-52896,51898,0,0,998,183903,61775,246676,0,0,236799,9877,246676,0,642743,-33857573,33214830,0,0,642743,118591788,39741137,158975668,0,0,152449361,6526307,158975668
2024-07-26,645,648,638,646,34378,0.15503875968992248,0,376,903,-1279,0,0,376,33012,990,34378,0,0,32109,2269,34378,0,242790,585145,-827935,0,0,242790,21243525,635633,22121948,0,0,20658380,1463568,22121948
2024-07-29,646,654,612,624,126262,-3.4055727554179565,0,-343,-16936,17279,0,0,0,106601,19661,126262,0,343,123537,2382,126262,0,-214704,-10898425,11113129,0,0,0,67674737,12631241,80305978,0,214704,78573162,1518112,80305978
2024-07-30,624,657,618,650,183873,4.166666666666666,0,348,-39477,39129,0,0,348,131092,52433,183873,0,0,170569,13304,183873,0,227840,-25649966,25422126,0,0,227840,81923255,33727184,115878279,0,0,107573221,8305058,115878279
2024-07-31,646,675,630,658,136000,1.2307692307692308,0,0,-31508,31508,0,0,0,101752,34248,136000,0,0,133260,2740,136000,0,0,-20709114,20709114,0,0,0,65835183,22513144,88348327,0,0,86544297,1804030,88348327
2024-08-01,658,661,650,657,39405,-0.1519756838905775,0,-348,1702,-1354,0,0,0,38436,969,39405,0,348,36734,2323,39405,0,-226896,1119373,-892477,0,0,0,25171626,633525,25805151,0,226896,24052253,1526002,25805151
2024-08-02,654,666,610,659,234643,0.30441400304414,0,0,-53475,53475,0,0,0,166065,68578,234643,0,0,219540,15103,234643,0,0,-34621162,34621162,0,0,0,104296285,44286923,148583208,0,0,138917447,9665761,148583208
2024-08-05,618,655,590,590,230773,-10.47040971168437,0,1200,-61101,59901,0,0,1200,150475,79098,230773,0,0,211576,19197,230773,0,724525,-38087916,37363391,0,0,724525,91753696,49505512,141983733,0,0,129841612,12142121,141983733
2024-08-06,590,649,569,634,156707,7.457627118644068,0,2,-46040,46038,0,0,2,92001,64704,156707,0,0,138041,18666,156707,0,1204,-29008513,29007309,0,0,1204,56157306,40833542,96992052,0,0,85165819,11826233,96992052
2024-08-07,608,646,608,644,90769,1.5772870662460567,0,0,-32333,32333,0,0,0,32603,58166,90769,0,0,64936,25833,90769,0,0,-20517417,20517417,0,0,0,20519293,36966898,57486191,0,0,41036710,16449481,57486191
2024-08-08,637,652,628,648,68383,0.6211180124223602,0,0,-28323,28323,0,0,0,23316,45067,68383,0,0,51639,16744,68383,0,0,-18222737,18222737,0,0,0,14899881,29084164,43984045,0,0,33122618,10861427,43984045
2024-08-09,642,650,626,645,224238,-0.4629629629629629,0,0,83518,-83518,0,0,0,149984,74254,224238,0,0,66466,157772,224238,0,0,52665735,-52665735,0,0,0,95166290,47536022,142702312,0,0,42500555,100201757,142702312
2024-08-12,645,649,640,646,53655,0.15503875968992248,0,523,4645,-5168,0,0,523,52161,971,53655,0,0,47516,6139,53655,0,337739,2994406,-3332145,0,0,337739,33607104,624100,34568943,0,0,30612698,3956245,34568943
2024-08-13,640,646,634,639,36949,-1.08359133126935,0,0,1006,-1006,0,0,0,34409,2540,36949,0,0,33403,3546,36949,0,0,646027,-646027,0,0,0,21969621,1614148,23583769,0,0,21323594,2260175,23583769
2024-08-14,640,648,635,646,70907,1.0954616588419406,0,0,-680,680,0,0,0,66358,4549,70907,0,0,67038,3869,70907,0,0,-410530,410530,0,0,0,42639279,2902467,45541746,0,0,43049809,2491937,45541746
2024-08-16,646,659,637,654,61545,1.238390092879257,0,0,-9577,9577,0,0,0,51177,10368,61545,0,0,60754,791,61545,0,0,-6201294,6201294,0,0,0,33227278,6715772,39943050,0,0,39428572,514478,39943050
2024-08-19,656,660,638,657,58416,0.45871559633027525,0,0,-3571,3571,0,0,0,49774,8642,58416,0,0,53345,5071,58416,0,0,-2311568,2311568,0,0,0,32330402,5606328,37936730,0,0,34641970,3294760,37936730
2024-08-20,657,662,650,660,59013,0.45662100456621,0,0,-5007,5007,0,0,0,53080,5933,59013,0,0,58087,926,59013,0,0,-3280367,3280367,0,0,0,34774230,3892431,38666661,0,0,38054597,612064,38666661
2024-08-21,659,664,648,650,44637,-1.5151515151515151,0,0,8125,-8125,0,0,0,44636,1,44637,0,0,36511,8126,44637,0,0,5349560,-5349560,0,0,0,29224481,657,29225138,0,0,23874921,5350217,29225138
2024-08-22,650,660,634,635,65005,-2.307692307692308,0,527,-20124,19597,0,0,527,40407,24071,65005,0,0,60531,4474,65005,0,344642,-13063041,12718399,0,0,344642,25905991,15591148,41841781,0,0,38969032,2872749,41841781
2024-08-23,635,655,606,655,163804,3.149606299212598,0,0,-40969,40969,0,0,0,121163,42641,163804,0,0,162132,1672,163804,0,0,-26821591,26821591,0,0,0,75338662,27864352,103203014,0,0,102160253,1042761,103203014
2024-08-26,655,656,635,651,14795,-0.6106870229007634,0,1,-114,113,0,0,1,13268,1526,14795,0,0,13382,1413,14795,0,650,-68120,67470,0,0,650,8620371,989873,9610894,0,0,8688491,922403,9610894
2024-08-27,650,652,635,647,27371,-0.6144393241167435,0,0,40,-40,0,0,0,27191,180,27371,0,0,27151,220,27371,0,0,25539,-25539,0,0,0,17512852,115724,17628576,0,0,17487313,141263,17628576
2024-08-28,648,653,638,647,65475,0.0,0,0,3753,-3753,0,0,0,64585,890,65475,0,0,60832,4643,65475,0,0,2443680,-2443680,0,0,0,41796123,572178,42368301,0,0,39352443,3015858,42368301
2024-08-29,646,653,602,630,77162,-2.627511591962906,0,826,-19090,18264,0,0,826,53238,23098,77162,0,0,72328,4834,77162,0,517693,-12085270,11567577,0,0,517693,33588587,14657410,48763690,0,0,45673857,3089833,48763690
2024-08-30,630,656,629,655,36191,3.968253968253968,0,200,-8660,8460,0,0,200,18249,17742,36191,0,0,26909,9282,36191,0,126792,-5705853,5579061,0,0,126792,11671549,11544532,23342873,0,0,17377402,5965471,23342873
2024-09-02,653,656,637,653,24156,-0.3053435114503817,0,0,1556,-1556,0,0,0,22512,1644,24156,0,0,20956,3200,24156,0,0,1016157,-1016157,0,0,0,14600672,1055320,15655992,0,0,13584515,2071477,15655992
2024-09-03,651,658,628,653,37406,0.0,0,0,1416,-1416,0,0,0,33979,3427,37406,0,0,32563,4843,37406,0,0,929413,-929413,0,0,0,21974673,2190157,24164830,0,0,21045260,3119570,24164830
2024-09-04,651,655,628,653,88909,0.0,0,0,-22532,22532,0,0,0,61147,27762,88909,0,0,83679,5230,88909,0,0,-14667892,14667892,0,0,0,38889221,17979911,56869132,0,0,53557113,3312019,56869132
2024-09-05,656,657,633,648,65380,-0.7656967840735069,0,0,-4286,4286,0,0,0,55087,10293,65380,0,0,59373,6007,65380,0,0,-2696462,2696462,0,0,0,35531622,6604729,42136351,0,0,38228084,3908267,42136351
2024-09-06,641,652,632,644,35501,-0.6172839506172839,0,0,-9593,9593,0,0,0,23837,11664,35501,0,0,33430,2071,35501,0,0,-6135136,6135136,0,0,0,15279650,7473154,22752804,0,0,21414786,1338018,22752804
2024-09-09,643,645,626,640,38470,-0.6211180124223602,0,0,-2759,2759,0,0,0,33994,4476,38470,0,0,36753,1717,38470,0,0,-1727429,1727429,0,0,0,21513457,2826368,24339825,0,0,23240886,1098939,24339825
2024-09-10,634,640,619,634,94019,-0.9375,0,0,-26526,26526,0,0,0,65501,28518,94019,0,0,92027,1992,94019,0,0,-16786209,16786209,0,0,0,41336521,18046488,59383009,0,0,58122730,1260279,59383009
2024-09-11,627,644,614,630,122707,-0.6309148264984227,0,-4799,-46289,51088,0,0,1,70919,51787,122707,0,4800,117208,699,122707,0,-2986543,-29269753,32256296,0,0,618,44073921,32696906,76771445,0,2987161,73343674,440610,76771445
2024-09-12,630,660,627,645,115604,2.380952380952381,0,0,-63894,63894,0,0,0,34827,80777,115604,0,0,98721,16883,115604,0,0,-41198061,41198061,0,0,0,22167456,52157177,74324633,0,0,63365517,10959116,74324633
2024-09-13,651,691,649,666,418123,3.255813953488372,0,0,-6071,6071,0,0,0,378301,39822,418123,0,0,384372,33751,418123,0,0,-3926525,3926525,0,0,0,253758514,26531442,280289956,0,0,257685039,22604917,280289956
2024-09-19,666,669,640,647,103682,-2.8528528528528527,0,0,7906,-7906,0,0,0,100828,2854,103682,0,0,92922,10760,103682,0,0,5165973,-5165973,0,0,0,65353017,1849405,67202422,0,0,60187044,7015378,67202422
2024-09-20,650,658,638,644,74093,-0.46367851622874806,0,0,-746,746,0,0,0,72031,2062,74093,0,0,72777,1316,74093,0,0,-477729,477729,0,0,0,46363840,1327639,47691479,0,0,46841569,849910,47691479
2024-09-23,644,656,630,650,57753,0.9316770186335404,0,0,-21093,21093,0,0,0,35262,22491,57753,0,0,56355,1398,57753,0,0,-13601094,13601094,0,0,0,22765960,14503989,37269949,0,0,36367054,902895,37269949
2024-09-24,650,651,630,642,65753,-1.2307692307692308,0,0,2222,-2222,0,0,0,63550,2203,65753,0,0,61328,4425,65753,0,0,1462044,-1462044,0,0,0,40758701,1411259,42169960,0,0,39296657,2873303,42169960
2024-09-25,676,834,666,711,21174908,10.74766355140187,0,123,238182,-238305,0,0,19058,20270589,1035819,21325466,0,18935,20032407,1274124,21325466,0,368221,205522209,-205890430,0,0,15456135,15975350198,805576684,16796383017,0,15087914,15769827989,1011467114,16796383017
