날짜,시가,고가,저가,종가,거래량,등락률,기관합계_거래량_순매수,기타법인_거래량_순매수,개인_거래량_순매수,외국인합계_거래량_순매수,전체_거래량_순매수,기관합계_거래량_매수,기타법인_거래량_매수,개인_거래량_매수,외국인합계_거래량_매수,전체_거래량_매수,기관합계_거래량_매도,기타법인_거래량_매도,개인_거래량_매도,외국인합계_거래량_매도,전체_거래량_매도,기관합계_거래대금_순매수,기타법인_거래대금_순매수,개인_거래대금_순매수,외국인합계_거래대금_순매수,전체_거래대금_순매수,기관합계_거래대금_매수,기타법인_거래대금_매수,개인_거래대금_매수,외국인합계_거래대금_매수,전체_거래대금_매수,기관합계_거래대금_매도,기타법인_거래대금_매도,개인_거래대금_매도,외국인합계_거래대금_매도,전체_거래대금_매도
2019-01-02,2670,2690,2620,2645,144775,0.0,0,0,-26306,26306,0,0,0,116671,28104,144775,0,0,142977,1798,144775,0,0,-69660070,69660070,0,0,0,308318535,74430945,382749480,0,0,377978605,4770875,382749480
2019-01-03,2650,2910,2640,2805,572303,6.049149338374291,-4000,7056,-14077,11021,0,0,7056,503685,61562,572303,4000,0,517762,50541,572303,-11220000,19029575,-35405235,27595660,0,0,19029575,1388354935,167971990,1575356500,11220000,0,1423760170,140376330,1575356500
2019-01-04,2800,2805,2680,2780,281141,-0.8912655971479502,0,0,95253,-95253,0,0,0,272289,8852,281141,0,0,177036,104105,281141,0,0,260824400,-260824400,0,0,0,747949210,24372720,772321930,0,0,487124810,285197120,772321930
2019-01-07,2780,2830,2695,2695,172119,-3.0575539568345325,0,-10784,46867,-36083,0,0,2514,163382,6223,172119,0,13298,116515,42306,172119,0,-29464160,128960680,-99496520,0,0,6959235,449541220,17246500,473746955,0,36423395,320580540,116743020,473746955
2019-01-08,2705,2735,2665,2685,76903,-0.3710575139146568,0,0,1100,-1100,0,0,0,70718,6185,76903,0,0,69618,7285,76903,0,0,2890775,-2890775,0,0,0,190122445,16701610,206824055,0,0,187231670,19592385,206824055
2019-01-09,2665,2705,2635,2665,244985,-0.74487895716946,0,7216,109434,-116650,0,0,7216,216464,21305,244985,0,0,107030,137955,244985,0,19295260,291443585,-310738845,0,0,19295260,576961880,56881810,653138950,0,0,285518295,367620655,653138950
2019-01-10,2670,2755,2630,2630,578931,-1.3133208255159476,0,-611,216093,-215482,0,0,389,549901,28641,578931,0,1000,333808,244123,578931,0,-1599975,577671080,-576071105,0,0,1060025,1472596475,77760915,1551417415,0,2660000,894925395,653832020,1551417415
2019-01-11,2605,2625,2570,2590,447336,-1.520912547528517,0,587,163953,-164540,0,0,587,419369,27380,447336,0,0,255416,191920,447336,0,1522605,425531930,-427054535,0,0,1522605,1087961435,71086510,1160570550,0,0,662429505,498141045,1160570550
2019-01-14,2590,2610,2500,2540,536722,-1.9305019305019304,-86070,-889,216386,-129427,0,13930,0,473240,49552,536722,100000,889,256854,178979,536722,-219181650,-2320290,550015330,-328513390,0,35197255,0,1201730905,125784255,1362712415,254378905,2320290,651715575,454297645,1362712415
2019-01-15,2525,2560,2525,2545,207951,0.19685039370078738,1070,1408,67303,-69781,0,3000,3019,182949,18983,207951,1930,1611,115646,88764,207951,2688850,3576615,170946705,-177212170,0,7620000,7668555,464759420,48251370,528299345,4931150,4091940,293812715,225463540,528299345
2019-01-16,2585,2595,2515,2540,425568,-0.19646365422396855,0,500,172922,-173422,0,0,500,415459,9609,425568,0,0,242537,183031,425568,0,1275000,440389360,-441664360,0,0,1275000,1056643340,24441550,1082359890,0,0,616253980,466105910,1082359890
2019-01-17,2535,2540,2390,2395,934044,-5.708661417322835,0,1901,358770,-360671,0,0,1901,907627,24516,934044,0,0,548857,385187,934044,0,4712035,883557755,-888269790,0,0,4712035,2229189335,60077895,2293979265,0,0,1345631580,948347685,2293979265
2019-01-18,2405,2530,2405,2500,333959,4.3841336116910234,0,400,-62589,62189,0,0,400,251112,82447,333959,0,0,313701,20258,333959,0,995000,-155310560,154315560,0,0,995000,623837300,204886060,829718360,0,0,779147860,50570500,829718360
2019-01-21,2540,2560,2500,2535,337437,1.4000000000000001,5000,-532,73775,-78243,0,5000,800,268343,63294,337437,0,1332,194568,141537,337437,12625000,-1354960,186207090,-197477130,0,12625000,2015000,677623495,159748695,852012190,0,3369960,491416405,357225825,852012190
2019-01-22,2525,2555,2515,2530,202242,-0.19723865877712032,0,7039,6169,-13208,0,0,7039,189418,5785,202242,0,0,183249,18993,202242,0,17886550,15495940,-33382490,0,0,17886550,478473155,14599005,510958710,0,0,462977215,47981495,510958710
2019-01-23,2530,2630,2530,2600,789649,2.766798418972332,2174,5056,-14345,7115,0,2174,6756,693097,87622,789649,0,1700,707442,80507,789649,5640660,13073855,-35931185,17216670,0,5640660,17483855,1798028570,226383735,2047536820,0,4410000,1833959755,209167065,2047536820
2019-01-24,2620,2640,2595,2620,319164,0.7692307692307693,2826,1000,8053,-11879,0,2826,1000,298140,17198,319164,0,0,290087,29077,319164,7361730,2635000,21297215,-31293945,0,7361730,2635000,779359100,44886455,834242285,0,0,758061885,76180400,834242285
2019-01-25,2640,2650,2600,2640,327803,0.7633587786259541,0,7356,6555,-13911,0,0,7953,298309,21541,327803,0,597,291754,35452,327803,0,19339045,17289730,-36628775,0,0,20912140,783454505,56439495,860806140,0,1573095,766164775,93068270,860806140
2019-01-28,2660,2660,2565,2585,337861,-2.083333333333333,-11000,390,19578,-8968,0,0,390,312338,25133,337861,11000,0,292760,34101,337861,-28270000,1016700,50789585,-23536285,0,0,1016700,813054450,65500560,879571710,28270000,0,762264865,89036845,879571710
2019-01-29,2585,2615,2505,2545,401030,-1.5473887814313347,-2531,10557,-12708,4682,0,0,10557,348055,42418,401030,2531,0,360763,37736,401030,-6377000,26964920,-32329405,11741485,0,0,26964920,883322735,107370305,1017657960,6377000,0,915652140,95628820,1017657960
2019-01-30,2610,2700,2605,2655,1039159,4.322200392927308,0,-1350,30298,-28948,0,0,408,983253,55498,1039159,0,1758,952955,84446,1039159,0,-3572430,79762965,-76190535,0,0,1083240,2603141170,147005485,2751229895,0,4655670,2523378205,223196020,2751229895
2019-01-31,2650,2670,2590,2620,282088,-1.3182674199623352,-343,-11200,24757,-13214,0,0,4497,269621,7970,282088,343,15697,244864,21184,282088,-908950,-29458690,65153690,-34786050,0,0,11769040,706886335,20894885,739550260,908950,41227730,641732645,55680935,739550260
2019-02-01,2630,2645,2550,2570,274142,-1.9083969465648856,0,-17245,24570,-7325,0,0,4822,265304,4016,274142,0,22067,240734,11341,274142,0,-44645665,63475775,-18830110,0,0,12386170,684073250,10370350,706829770,0,57031835,620597475,29200460,706829770
2019-02-07,2570,2570,2485,2555,283936,-0.5836575875486382,0,-919,-4627,5546,0,0,381,266053,17502,283936,0,1300,270680,11956,283936,0,-2362110,-11663525,14025635,0,0,952890,671509460,44290075,716752425,0,3315000,683172985,30264440,716752425
2019-02-08,2545,2555,2495,2550,166665,-0.19569471624266144,0,1519,-9280,7761,0,0,1519,155028,10118,166665,0,0,164308,2357,166665,0,3852715,-23437165,19584450,0,0,3852715,392181080,25578205,421612000,0,0,415618245,5993755,421612000
2019-02-11,2550,2625,2550,2615,295507,2.549019607843137,0,5485,-55251,49766,0,0,13118,228104,54285,295507,0,7633,283355,4519,295507,0,14364535,-143765495,129400960,0,0,34181925,591495300,141099465,766776690,0,19817390,735260795,11698505,766776690
2019-02-12,2630,2665,2590,2630,212354,0.5736137667304015,0,0,11357,-11357,0,0,0,199889,12465,212354,0,0,188532,23822,212354,0,0,29755145,-29755145,0,0,0,524065915,32698130,556764045,0,0,494310770,62453275,556764045
2019-02-13,2630,2650,2600,2610,210240,-0.7604562737642585,0,7354,8685,-16039,0,0,7354,180635,22251,210240,0,0,171950,38290,210240,0,19406255,22463090,-41869345,0,0,19406255,472542405,58301055,550249715,0,0,450079315,100170400,550249715
2019-02-14,2610,2655,2590,2615,335813,0.19157088122605362,0,0,-48249,48249,0,0,0,281171,54642,335813,0,0,329420,6393,335813,0,0,-125838020,125838020,0,0,0,733512350,142598335,876110685,0,0,859350370,16760315,876110685
2019-02-15,2615,2790,2600,2645,1367555,1.147227533460803,0,34298,-64235,29937,0,0,37230,1200127,130198,1367555,0,2932,1264362,100261,1367555,0,92203885,-163513750,71309865,0,0,99942205,3222626375,345193025,3667761605,0,7738320,3386140125,273883160,3667761605
2019-02-18,2670,2780,2650,2780,1164910,5.103969754253308,2000,500,-110233,107733,0,2000,500,1026048,136362,1164910,0,0,1136281,28629,1164910,5430000,1362500,-300265580,293473080,0,5430000,1362500,2800247395,371418555,3178458450,0,0,3100512975,77945475,3178458450
2019-02-19,2795,2795,2725,2785,490858,0.1798561151079137,0,-14743,60992,-46249,0,0,45,487072,3741,490858,0,14788,426080,49990,490858,0,-40485600,167875825,-127390225,0,0,123675,1343208820,10309720,1353642215,0,40609275,1175332995,137699945,1353642215
2019-02-20,2785,2830,2755,2770,879131,-0.5385996409335727,3000,-43427,192104,-151677,0,3000,0,857831,18300,879131,0,43427,665727,169977,879131,8400000,-121336590,535635005,-422698415,0,8400000,0,2388886555,50823325,2448109880,0,121336590,1853251550,473521740,2448109880
2019-02-21,2785,2835,2755,2805,655324,1.263537906137184,0,-4700,-98315,103015,0,0,300,545414,109610,655324,0,5000,643729,6595,655324,0,-13169500,-275153215,288322715,0,0,843000,1524180850,306723725,1831747575,0,14012500,1799334065,18401010,1831747575
2019-02-22,2830,2990,2805,2840,2146930,1.2477718360071302,0,-291,98044,-97753,0,0,0,2108049,38881,2146930,0,291,2010005,136634,2146930,0,-859905,281660085,-280800180,0,0,0,6104977405,112836725,6217814130,0,859905,5823317320,393636905,6217814130
2019-02-25,2920,2950,2875,2940,814110,3.5211267605633805,13000,0,10721,-23721,0,13000,0,760294,40816,814110,0,0,749573,64537,814110,37840000,0,30715525,-68555525,0,37840000,0,2216252950,119466300,2373559250,0,0,2185537425,188021825,2373559250
2019-02-26,2980,3075,2950,3010,1667647,2.380952380952381,-5132,50,108602,-103520,0,8000,50,1562771,96826,1667647,13132,0,1454169,200346,1667647,-16187260,149750,327094285,-311056775,0,23805000,149750,4702648400,292316715,5018919865,39992260,0,4375554115,603373490,5018919865
2019-02-27,3040,3070,2845,2875,1174729,-4.485049833887043,-1868,0,158573,-156705,0,0,2000,1151176,21553,1174729,1868,2000,992603,178258,1174729,-5697400,35000,460166525,-454504125,0,0,5870000,3362271990,63163775,3431305765,5697400,5835000,2902105465,517667900,3431305765
2019-02-28,2870,2895,2715,2735,682183,-4.869565217391305,-11000,500,17491,-6991,0,0,500,610326,71357,682183,11000,0,592835,78348,682183,-30680000,1417500,50296405,-21033905,0,0,1417500,1715219395,198772645,1915409540,30680000,0,1664922990,219806550,1915409540
2019-03-04,2770,2875,2755,2815,489270,2.9250457038391224,0,500,28959,-29459,0,0,3323,447661,38286,489270,0,2823,418702,67745,489270,0,1321900,81845305,-83167205,0,0,9423910,1268873915,108552325,1386850150,0,8102010,1187028610,191719530,1386850150
2019-03-05,2815,2850,2745,2785,291212,-1.0657193605683837,-19508,500,49147,-30139,0,0,500,285310,5402,291212,19508,0,236163,35541,291212,-54599390,1382500,137312935,-84096045,0,0,1382500,794364995,14941230,810688725,54599390,0,657052060,99037275,810688725
2019-03-06,2785,2845,2760,2785,267814,0.0,-10492,500,52491,-42499,0,0,500,239817,27497,267814,10492,0,187326,69996,267814,-29202500,1392500,146484870,-118674870,0,0,1392500,668963755,76675145,747031400,29202500,0,522478885,195350015,747031400
2019-03-07,2800,2800,2660,2725,479057,-2.154398563734291,0,0,6841,-6841,0,0,0,457521,21536,479057,0,0,450680,28377,479057,0,0,18955005,-18955005,0,0,0,1247546540,58826560,1306373100,0,0,1228591535,77781565,1306373100
2019-03-08,2725,2760,2660,2665,295198,-2.2018348623853212,0,0,2998,-2998,0,0,0,272648,22550,295198,0,0,269650,25548,295198,0,0,8204850,-8204850,0,0,0,738034890,61291430,799326320,0,0,729830040,69496280,799326320
2019-03-11,2685,2725,2630,2700,217843,1.3133208255159476,0,2200,-9737,7537,0,0,2200,190935,24708,217843,0,0,200672,17171,217843,0,5862515,-24957485,19094970,0,0,5862515,509196645,65435875,580495035,0,0,534154130,46340905,580495035
2019-03-12,2745,2800,2705,2760,310180,2.2222222222222223,0,-16768,45694,-28926,0,0,788,301272,8120,310180,0,17556,255578,37046,310180,0,-46174875,125954910,-79780035,0,0,2151450,828131595,22223185,852506230,0,48326325,702176685,102003220,852506230
2019-03-13,2745,2780,2655,2705,348607,-1.9927536231884055,0,-3700,112420,-108720,0,0,0,342722,5885,348607,0,3700,230302,114605,348607,0,-9840065,302252665,-292412600,0,0,0,919832565,15787615,935620180,0,9840065,617579900,308200215,935620180
2019-03-14,2725,2725,2665,2690,202254,-0.5545286506469501,0,10,-16046,16036,0,0,132,180236,21886,202254,0,122,196282,5850,202254,0,29760,-43091070,43061310,0,0,355500,485477225,58814455,544647180,0,325740,528568295,15753145,544647180
2019-03-15,2715,2780,2640,2675,596152,-0.5576208178438662,0,0,46290,-46290,0,0,0,552207,43945,596152,0,0,505917,90235,596152,0,0,124588735,-124588735,0,0,0,1491552320,119974505,1611526825,0,0,1366963585,244563240,1611526825
2019-03-18,2695,2885,2685,2805,943603,4.859813084112149,0,-554,-229104,229658,0,0,446,659269,283888,943603,0,1000,888373,54230,943603,0,-1663310,-631155890,632819200,0,0,1216690,1842734255,786073315,2630024260,0,2880000,2473890145,153254115,2630024260
2019-03-19,2830,2850,2755,2760,342693,-1.6042780748663104,0,-5000,15483,-10483,0,0,0,331946,10747,342693,0,5000,316463,21230,342693,0,-13910375,43153965,-29243590,0,0,0,930084305,30281790,960366095,0,13910375,886930340,59525380,960366095
2019-03-20,2805,2830,2730,2765,374565,0.18115942028985507,0,-893,51870,-50977,0,0,500,342761,31304,374565,0,1393,290891,82281,374565,0,-2443785,143101115,-140657330,0,0,1380000,946715075,86359435,1034454510,0,3823785,803613960,227016765,1034454510
2019-03-21,2770,2795,2730,2735,195360,-1.0849909584086799,0,-8000,11441,-3441,0,0,0,178263,17097,195360,0,8000,166822,20538,195360,0,-21876250,31456840,-9580590,0,0,0,489097415,46987275,536084690,0,21876250,457640575,56567865,536084690
2019-03-22,2755,2755,2670,2680,501818,-2.010968921389397,0,0,110386,-110386,0,0,0,495906,5912,501818,0,0,385520,116298,501818,0,0,298373460,-298373460,0,0,0,1341302940,16020075,1357323015,0,0,1042929480,314393535,1357323015
2019-03-25,2645,2670,2580,2580,362391,-3.731343283582089,0,0,-11665,11665,0,0,0,301457,60934,362391,0,0,313122,49269,362391,0,0,-30887950,30887950,0,0,0,787174665,159582520,946757185,0,0,818062615,128694570,946757185
2019-03-26,2585,2630,2585,2610,253386,1.1627906976744187,0,0,-6998,6998,0,0,0,228020,25366,253386,0,0,235018,18368,253386,0,0,-18182380,18182380,0,0,0,592530090,65989445,658519535,0,0,610712470,47807065,658519535
2019-03-27,2645,2655,2600,2630,340622,0.7662835249042145,0,774,69815,-70589,0,0,774,322909,16939,340622,0,0,253094,87528,340622,0,2031670,183048635,-185080305,0,0,2031670,847369120,44458950,893859740,0,0,664320485,229539255,893859740
2019-03-28,2625,2685,2620,2685,728955,2.091254752851711,0,6622,8554,-15176,0,0,22101,606542,100312,728955,0,15479,597988,115488,728955,0,17583415,22538180,-40121595,0,0,58719855,1606781110,265691790,1931192755,0,41136440,1584242930,305813385,1931192755
2019-03-29,2710,2750,2635,2645,2372851,-1.48975791433892,-47854,-47283,170727,-75590,0,0,4835,2256259,111757,2372851,47854,52118,2085532,187347,2372851,-126956300,-125485985,451369810,-198927525,0,0,13178270,6030281345,302846790,6346306405,126956300,138664255,5578911535,501774315,6346306405
2019-04-01,2695,2735,2650,2670,2436089,0.945179584120983,0,-4553,102974,-98421,0,0,6221,2395649,34219,2436089,0,10774,2292675,132640,2436089,0,-12010070,275413870,-263403800,0,0,16762110,6432656790,91946875,6541365775,0,28772180,6157242920,355350675,6541365775
2019-04-02,2700,2715,2625,2650,1386204,-0.7490636704119851,0,-4765,45682,-40917,0,0,0,1357812,28392,1386204,0,4765,1312130,69309,1386204,0,-12642265,120552675,-107910410,0,0,0,3636817565,76266930,3713084495,0,12642265,3516264890,184177340,3713084495
2019-04-03,2650,2665,2625,2645,376927,-0.18867924528301888,0,0,34148,-34148,0,0,0,371473,5454,376927,0,0,337325,39602,376927,0,0,90211480,-90211480,0,0,0,981340995,14436420,995777415,0,0,891129515,104647900,995777415
2019-04-04,2660,2690,2640,2655,375467,0.3780718336483932,0,0,-75089,75089,0,0,0,299785,75682,375467,0,0,374874,593,375467,0,0,-200453185,200453185,0,0,0,797563250,202027120,999590370,0,0,998016435,1573935,999590370
2019-04-05,2675,2785,2650,2745,1270314,3.389830508474576,0,-926,-231196,232122,0,0,65,1011002,259247,1270314,0,991,1242198,27125,1270314,0,-2484035,-628659115,631143150,0,0,176800,2755860575,705456535,3461493910,0,2660835,3384519690,74313385,3461493910
2019-04-08,2790,2810,2760,2795,978599,1.8214936247723135,-2125,0,-66009,68134,0,8000,0,871982,98617,978599,10125,0,937991,30483,978599,-5992155,0,-184250875,190243030,0,22210000,0,2431751740,275143285,2729105025,28202155,0,2616002615,84900255,2729105025
2019-04-09,2810,2810,2725,2775,629300,-0.7155635062611807,0,0,47584,-47584,0,0,0,593036,36264,629300,0,0,545452,83848,629300,0,0,131597445,-131597445,0,0,0,1635980130,99890205,1735870335,0,0,1504382685,231487650,1735870335
2019-04-10,2760,2760,2680,2690,824399,-3.063063063063063,48,10237,54755,-65040,0,48,10237,782798,31316,824399,0,0,728043,96356,824399,129520,27811355,148518085,-176458960,0,129520,27811355,2120598525,85108265,2233647665,0,0,1972080440,261567225,2233647665
2019-04-11,2720,2725,2635,2650,754438,-1.486988847583643,0,10700,88603,-99303,0,0,10700,711253,32485,754438,0,0,622650,131788,754438,0,28774620,235969425,-264744045,0,0,28774620,1901830450,87723170,2018328240,0,0,1665861025,352467215,2018328240
2019-04-12,2650,2860,2645,2860,2563964,7.9245283018867925,132,-4458,-567650,571976,0,42682,1242,1866241,653799,2563964,42550,5700,2433891,81823,2563964,375235,-12042110,-1577093730,1588760605,0,119609790,3461890,5206570950,1815379150,7145021780,119234555,15504000,6783664680,226618545,7145021780
2019-04-15,2930,3030,2905,3000,2758004,4.895104895104895,8630,-18047,-121865,131282,0,8630,14164,2445557,289653,2758004,0,32211,2567422,158371,2758004,25852805,-54460355,-364050720,392658270,0,25852805,41919070,7267424775,861513140,8196709790,0,96379425,7631475495,468854870,8196709790
2019-04-16,3015,3025,2870,2870,1098401,-4.333333333333334,-8000,29589,25737,-47326,0,0,30189,1023106,45106,1098401,8000,600,997369,92432,1098401,-23368100,87744955,75161050,-139537905,0,0,89472955,2998466820,131969665,3219909440,23368100,1728000,2923305770,271507570,3219909440
2019-04-17,2875,2945,2870,2890,720189,0.6968641114982579,-8444,33911,-7704,-17763,0,0,33911,617583,68695,720189,8444,0,625287,86458,720189,-24487085,98767995,-22894120,-51386790,0,0,98767995,1791935750,199611010,2090314755,24487085,0,1814829870,250997800,2090314755
2019-04-18,2940,2960,2795,2810,768796,-2.768166089965398,0,993,78860,-79853,0,0,993,758758,9045,768796,0,0,679898,88898,768796,0,2842740,225026635,-227869375,0,0,2842740,2168620320,25743895,2197206955,0,0,1943593685,253613270,2197206955
2019-04-19,2770,2845,2750,2795,675883,-0.5338078291814947,0,11574,-50926,39352,0,0,11574,590777,73532,675883,0,0,641703,34180,675883,0,32608090,-142944405,110336315,0,0,32608090,1656883885,206617905,1896109880,0,0,1799828290,96281590,1896109880
2019-04-22,2800,2870,2565,2800,3188688,0.17889087656529518,0,-69740,287619,-217879,0,10000,260,2994094,184334,3188688,10000,70000,2706475,402213,3188688,-800000,-184205915,745308195,-560302280,0,27275000,686825,8063378960,510741965,8602082750,28075000,184892740,7318070765,1071044245,8602082750
2019-04-23,2825,2835,2750,2780,430819,-0.7142857142857143,0,172,93530,-93702,0,0,172,407740,22907,430819,0,0,314210,116609,430819,0,478065,260066890,-260544955,0,0,478065,1134031360,63970890,1198480315,0,0,873964470,324515845,1198480315
2019-04-24,2800,2805,2765,2790,557033,0.3597122302158274,0,0,111467,-111467,0,0,0,553559,3474,557033,0,0,442092,114941,557033,0,0,309713760,-309713760,0,0,0,1539245435,9669455,1548914890,0,0,1229531675,319383215,1548914890
2019-04-25,2790,2840,2755,2840,522431,1.7921146953405016,-5851,0,73261,-67410,0,0,0,508055,14376,522431,5851,0,434794,81786,522431,-16207270,0,203968335,-187761065,0,0,0,1419432500,40017000,1459449500,16207270,0,1215464165,227778065,1459449500
2019-04-26,2870,2920,2815,2855,2335350,0.528169014084507,0,0,292176,-292176,0,0,3239,2318836,13275,2335350,0,3239,2026660,305451,2335350,0,9725,838424535,-838434260,0,0,9441685,6678640265,38116375,6726198325,0,9431960,5840215730,876550635,6726198325
2019-04-29,2870,2900,2825,2860,822748,0.17513134851138354,0,0,132284,-132284,0,0,0,809169,13579,822748,0,0,676885,145863,822748,0,0,376334210,-376334210,0,0,0,2303527440,38700695,2342228135,0,0,1927193230,415034905,2342228135
2019-04-30,2865,2915,2855,2890,1391694,1.048951048951049,0,0,-85981,85981,0,0,0,1062483,329211,1391694,0,0,1148464,243230,1391694,0,0,-246762450,246762450,0,0,0,3068650765,948405470,4017056235,0,0,3315413215,701643020,4017056235
2019-05-02,2885,2955,2855,2950,955835,2.0761245674740483,7540,21,-144596,137035,0,7540,21,764519,183755,955835,0,0,909115,46720,955835,22243000,61845,-422512050,400207205,0,22243000,61845,2235260610,537000220,2794565675,0,0,2657772660,136793015,2794565675
2019-05-03,2940,3015,2930,3015,1058155,2.2033898305084745,0,1500,-48696,47196,0,0,2000,990767,65388,1058155,0,500,1039463,18192,1058155,0,4440000,-145201385,140761385,0,0,5930000,2952942885,194835490,3153708375,0,1490000,3098144270,54074105,3153708375
2019-05-07,2925,3130,2915,3080,1886296,2.155887230514096,-15548,-1014,-113506,130068,0,0,507,1638686,247103,1886296,15548,1521,1752192,117035,1886296,-48165600,-3063950,-338281250,389510800,0,0,1487995,4957095475,745204520,5703787990,48165600,4551945,5295376725,355693720,5703787990
2019-05-08,3030,3110,3030,3095,888638,0.487012987012987,-18504,0,27850,-9346,0,0,0,848661,39977,888638,18504,0,820811,49323,888638,-57162880,0,85743210,-28580330,0,0,0,2615399430,123303845,2738703275,57162880,0,2529656220,151884175,2738703275
2019-05-09,3070,3100,2870,2920,2014592,-5.654281098546042,0,-840,294516,-293676,0,0,160,1948429,66003,2014592,0,1000,1653913,359679,2014592,0,-2436000,865822430,-863386430,0,0,464000,5763728445,196795885,5960988330,0,2900000,4897906015,1060182315,5960988330
2019-05-10,2900,2960,2850,2930,808946,0.3424657534246575,0,479,-44333,43854,0,0,479,719300,89167,808946,0,0,763633,45313,808946,0,1394100,-129809425,128415325,0,0,1394100,2091506505,259589610,2352490215,0,0,2221315930,131174285,2352490215
2019-05-13,2935,2960,2805,2820,569925,-3.754266211604096,0,0,58818,-58818,0,0,0,549440,20485,569925,0,0,490622,79303,569925,0,0,170217570,-170217570,0,0,0,1589022545,59224130,1648246675,0,0,1418804975,229441700,1648246675
2019-05-14,2790,2790,2560,2725,845067,-3.368794326241135,0,200,70999,-71199,0,0,200,728846,116021,845067,0,0,657847,187220,845067,0,555000,193700420,-194255420,0,0,555000,1983228400,316532600,2300316000,0,0,1789527980,510788020,2300316000
2019-05-15,2760,2780,2725,2750,275095,0.9174311926605505,0,0,35987,-35987,0,0,0,265310,9785,275095,0,0,229323,45772,275095,0,0,98931855,-98931855,0,0,0,729270325,26907315,756177640,0,0,630338470,125839170,756177640
2019-05-16,2755,2765,2635,2665,578369,-3.090909090909091,3284,0,53394,-56678,0,3284,0,548045,27040,578369,0,0,494651,83718,578369,8793415,0,144244805,-153038220,0,8793415,0,1468539260,72549470,1549882145,0,0,1324294455,225587690,1549882145
2019-05-17,2675,2720,2630,2650,413542,-0.5628517823639775,0,0,47410,-47410,0,0,0,401038,12504,413542,0,0,353628,59914,413542,0,0,127950790,-127950790,0,0,0,1071379155,33355990,1104735145,0,0,943428365,161306780,1104735145
2019-05-20,2630,2645,2510,2515,739788,-5.09433962264151,0,-1800,45509,-43709,0,0,200,701492,38096,739788,0,2000,655983,81805,739788,0,-4532000,117590485,-113058485,0,0,518000,1791600115,96901305,1889019420,0,5050000,1674009630,209959790,1889019420
2019-05-21,2460,2505,2435,2475,907929,-1.5904572564612325,-7540,221,-69644,76963,0,0,1500,762419,144010,907929,7540,1279,832063,67047,907929,-18709200,573950,-171388080,189523330,0,0,3707500,1880206885,355280515,2239194900,18709200,3133550,2051594965,165757185,2239194900
2019-05-22,2475,2505,2440,2465,418048,-0.40404040404040403,4511,800,2811,-8122,0,4511,800,399669,13068,418048,0,0,396858,21190,418048,11130005,1967000,7015195,-20112200,0,11130005,1967000,986069140,32277050,1031443195,0,0,979053945,52389250,1031443195
2019-05-23,2450,2480,2300,2340,1011845,-5.070993914807302,0,300,17717,-18017,0,0,300,975762,35783,1011845,0,0,958045,53800,1011845,0,705500,43459350,-44164850,0,0,705500,2293397375,83149910,2377252785,0,0,2249938025,127314760,2377252785
2019-05-24,2300,2335,2260,2300,514856,-1.7094017094017095,0,200,-89401,89201,0,0,200,414806,99850,514856,0,0,504207,10649,514856,0,460500,-205158165,204697665,0,0,460500,954210035,229367185,1184037720,0,0,1159368200,24669520,1184037720
2019-05-27,2300,2365,2275,2365,379265,2.8260869565217392,0,-179,16444,-16265,0,0,71,363329,15865,379265,0,250,346885,32130,379265,0,-407470,38417150,-38009680,0,0,163130,838651550,36463215,875277895,0,570600,800234400,74472895,875277895
2019-05-28,2375,2375,2310,2360,359654,-0.21141649048625794,0,-181,44488,-44307,0,0,0,356628,3026,359654,0,181,312140,47333,359654,0,-422635,104146095,-103723460,0,0,0,833362920,7043310,840406230,0,422635,729216825,110766770,840406230
2019-05-29,2360,2360,2305,2320,231624,-1.694915254237288,0,-427,39173,-38746,0,0,0,227602,4022,231624,0,427,188429,42768,231624,0,-986370,90928475,-89942105,0,0,0,527724490,9318265,537042755,0,986370,436796015,99260370,537042755
2019-05-30,2300,2325,2260,2270,329476,-2.1551724137931036,0,0,5259,-5259,0,0,0,309704,19772,329476,0,0,304445,25031,329476,0,0,12451755,-12451755,0,0,0,705826370,44996275,750822645,0,0,693374615,57448030,750822645
2019-05-31,2250,2310,2250,2275,319364,0.22026431718061676,0,100,52975,-53075,0,0,100,275270,43994,319364,0,0,222295,97069,319364,0,229500,120834775,-121064275,0,0,229500,627910090,100458850,728598440,0,0,507075315,221523125,728598440
2019-06-03,2270,2315,2270,2300,151636,1.098901098901099,0,2870,-16239,13369,0,0,2870,110728,38038,151636,0,0,126967,24669,151636,0,6565450,-37223820,30658370,0,0,6565450,254305985,87304660,348176095,0,0,291529805,56646290,348176095
2019-06-04,2300,2355,2290,2330,218974,1.3043478260869565,0,1130,18563,-19693,0,0,1130,204976,12868,218974,0,0,186413,32561,218974,0,2632900,43538030,-46170930,0,0,2632900,477716190,29815345,510164435,0,0,434178160,75986275,510164435
2019-06-05,2350,2385,2350,2375,230459,1.9313304721030045,0,929,-24667,23738,0,0,1974,177012,51473,230459,0,1045,201679,27735,230459,0,2197105,-58508875,56311770,0,0,4663660,419078920,121939660,545682240,0,2466555,477587795,65627890,545682240
2019-06-07,2385,2390,2335,2355,240083,-0.8421052631578947,0,9500,-15846,6346,0,0,9500,208270,22313,240083,0,0,224116,15967,240083,0,22372500,-37295695,14923195,0,0,22372500,490915470,52648465,565936435,0,0,528211165,37725270,565936435
2019-06-10,2360,2375,2310,2340,160736,-0.6369426751592357,0,1000,-14531,13531,0,0,1000,140136,19600,160736,0,0,154667,6069,160736,0,2340000,-33788550,31448550,0,0,2340000,327495985,45769600,375605585,0,0,361284535,14321050,375605585
2019-06-11,2355,2440,2340,2420,404543,3.418803418803419,0,0,30641,-30641,0,0,0,376378,28165,404543,0,0,345737,58806,404543,0,0,75421425,-75421425,0,0,0,906579210,66577395,973156605,0,0,831157785,141998820,973156605
2019-06-12,2445,2450,2390,2410,150477,-0.4132231404958678,0,0,14227,-14227,0,0,0,144047,6430,150477,0,0,129820,20657,150477,0,0,34624590,-34624590,0,0,0,347828945,15420350,363249295,0,0,313204355,50044940,363249295
2019-06-13,2395,2440,2370,2390,182355,-0.8298755186721992,0,200,-2882,2682,0,0,200,172348,9807,182355,0,0,175230,7125,182355,0,480000,-6963750,6483750,0,0,480000,413062770,23568385,437111155,0,0,420026520,17084635,437111155
2019-06-14,2400,2410,2345,2345,234598,-1.882845188284519,0,2000,12390,-14390,0,0,2000,215442,17156,234598,0,0,203052,31546,234598,0,4735000,29248480,-33983480,0,0,4735000,510558550,40694440,555987990,0,0,481310070,74677920,555987990
2019-06-17,2345,2370,2325,2345,199819,0.0,0,1500,-34888,33388,0,0,1500,161407,36912,199819,0,0,196295,3524,199819,0,3502500,-81998135,78495635,0,0,3502500,378418400,86786405,468707305,0,0,460416535,8290770,468707305
2019-06-18,2345,2405,2335,2335,272182,-0.42643923240938164,-3,3487,67834,-71318,0,0,3500,248175,20507,272182,3,13,180341,91825,272182,-7110,8176690,160667070,-168836650,0,0,8207500,586978660,48478960,643665120,7110,30810,426311590,217315610,643665120
2019-06-19,2380,2570,2380,2460,2344067,5.353319057815846,-93,-178,57507,-57236,0,0,278,2214813,128976,2344067,93,456,2157306,186212,2344067,-232180,-455085,145599390,-144912125,0,0,683145,5471640165,313653375,5785976685,232180,1138230,5326040775,458565500,5785976685
2019-06-20,2435,2465,2420,2440,336092,-0.8130081300813009,0,1000,-13963,12963,0,0,1000,317235,17857,336092,0,0,331198,4894,336092,0,2440000,-34042390,31602390,0,0,2440000,775206165,43551585,821197750,0,0,809248555,11949195,821197750
2019-06-21,2460,2540,2440,2450,947087,0.4098360655737705,0,222,38446,-38668,0,0,564,921182,25341,947087,0,342,882736,64009,947087,0,539065,95922325,-96461390,0,0,1386080,2296130990,62911475,2360428545,0,847015,2200208665,159372865,2360428545
2019-06-24,2455,2505,2410,2455,344982,0.20408163265306123,0,0,-473,473,0,0,0,336933,8049,344982,0,0,337406,7576,344982,0,0,-1233475,1233475,0,0,0,827607950,19819615,847427565,0,0,828841425,18586140,847427565
2019-06-25,2475,2490,2395,2395,304789,-2.4439918533604885,0,500,11099,-11599,0,0,500,287852,16437,304789,0,0,276753,28036,304789,0,1197500,27453235,-28650735,0,0,1197500,699505575,40020515,740723590,0,0,672052340,68671250,740723590
2019-06-26,2390,2430,2380,2400,132922,0.20876826722338201,0,2500,-16190,13690,0,0,2500,112906,17516,132922,0,0,129096,3826,132922,0,5983125,-38810405,32827280,0,0,5983125,270673700,42046670,318703495,0,0,309484105,9219390,318703495
2019-06-27,2410,2435,2350,2360,328785,-1.6666666666666667,0,1000,13461,-14461,0,0,1000,290772,37013,328785,0,0,277311,51474,328785,0,2360000,32989365,-35349365,0,0,2360000,699230555,88896300,790486855,0,0,666241190,124245665,790486855
2019-06-28,2380,2395,2260,2315,599075,-1.9067796610169492,0,23521,-49162,25641,0,0,23521,493669,81885,599075,0,0,542831,56244,599075,0,54407455,-113851150,59443695,0,0,54407455,1140625810,190069770,1385103035,0,0,1254476960,130626075,1385103035
2019-07-01,2380,2405,2355,2365,381293,2.159827213822894,-1,-6,-59149,59156,0,0,0,290592,90701,381293,1,6,349741,31545,381293,-2390,-14340,-140866415,140883145,0,0,0,691692645,216089330,907781975,2390,14340,832559060,75206185,907781975
2019-07-02,2350,2385,2325,2365,266349,0.0,0,7172,28481,-35653,0,0,7172,232835,26342,266349,0,0,204354,61995,266349,0,16889280,67060235,-83949515,0,0,16889280,546968935,61968420,625826635,0,0,479908700,145917935,625826635
2019-07-03,2365,2380,2290,2305,363161,-2.536997885835095,0,6308,44663,-50971,0,0,6308,326851,30002,363161,0,0,282188,80973,363161,0,14499030,103321300,-117820330,0,0,14499030,755752680,69363500,839615210,0,0,652431380,187183830,839615210
2019-07-04,2340,2340,2285,2330,188110,1.0845986984815619,0,2850,-73830,70980,0,0,2850,103727,81533,188110,0,0,177557,10553,188110,0,6554905,-170409530,163854625,0,0,6554905,238892355,188187805,433635065,0,0,409301885,24333180,433635065
2019-07-05,2310,2350,2305,2335,80730,0.2145922746781116,0,2030,-5082,3052,0,0,2030,67099,11601,80730,0,0,72181,8549,80730,0,4699900,-11723805,7023905,0,0,4699900,155878600,26961325,187539825,0,0,167602405,19937420,187539825
2019-07-08,2335,2340,2230,2230,495738,-4.496788008565311,0,4209,-78352,74143,0,0,6909,370075,118754,495738,0,2700,448427,44611,495738,0,9537020,-175975770,166438750,0,0,15590020,835061875,268162685,1118814580,0,6053000,1011037645,101723935,1118814580
2019-07-09,2240,2250,2160,2165,505805,-2.914798206278027,0,3640,43974,-47614,0,0,8137,474881,22787,505805,0,4497,430907,70401,505805,0,8224800,97329745,-105554545,0,0,17988660,1040408510,49945410,1108342580,0,9763860,943078765,155499955,1108342580
2019-07-10,2135,2200,2135,2170,242078,0.23094688221709006,-6,6318,9598,-15910,0,0,6345,198129,37604,242078,6,27,188531,53514,242078,-13100,13690475,21060340,-34737715,0,0,13749425,429192115,81464955,524406495,13100,58950,408131775,116202670,524406495
2019-07-11,2185,2210,2160,2185,167023,0.6912442396313364,-4,2981,-10204,7227,0,0,3000,127216,36807,167023,4,19,137420,29580,167023,-8770,6508355,-22327045,15827460,0,0,6550000,277111230,80280120,363941350,8770,41645,299438275,64452660,363941350
2019-07-12,2195,2255,2185,2240,161498,2.517162471395881,0,1337,-25629,24292,0,0,1337,118684,41477,161498,0,0,144313,17185,161498,0,2954715,-57036540,54081825,0,0,2954715,264172320,92175710,359302745,0,0,321208860,38093885,359302745
2019-07-15,2255,2260,2195,2210,155250,-1.3392857142857142,0,5588,14900,-20488,0,0,5588,107976,41686,155250,0,0,93076,62174,155250,0,12354810,33253810,-45608620,0,0,12354810,239647670,92628130,344630610,0,0,206393860,138236750,344630610
2019-07-16,2195,2225,2180,2190,187648,-0.904977375565611,0,5550,-13695,8145,0,0,5550,142715,39383,187648,0,0,156410,31238,187648,0,12136750,-29963050,17826300,0,0,12136750,312911085,86420625,411468460,0,0,342874135,68594325,411468460
2019-07-17,2205,2225,2090,2145,393404,-2.054794520547945,0,13045,9187,-22232,0,0,13045,350830,29529,393404,0,0,341643,51761,393404,0,27865175,20222010,-48087185,0,0,27865175,747338335,62731815,837935325,0,0,727116325,110819000,837935325
2019-07-18,2145,2225,2125,2160,352862,0.6993006993006993,0,1000,-37450,36450,0,0,1000,289489,62373,352862,0,0,326939,25923,352862,0,2160000,-81566635,79406635,0,0,2160000,630838280,135972825,768971105,0,0,712404915,56566190,768971105
2019-07-19,2175,2185,2120,2150,341763,-0.4629629629629629,0,3550,-49290,45740,0,0,3550,277853,60360,341763,0,0,327143,14620,341763,0,7642500,-105430895,97788395,0,0,7642500,594746300,129153810,731542610,0,0,700177195,31365415,731542610
2019-07-22,2165,2165,2070,2105,329381,-2.0930232558139537,0,6015,2791,-8806,0,0,9015,283850,36516,329381,0,3000,281059,45322,329381,0,12750615,6558825,-19309440,0,0,18966650,597273865,76617570,692858085,0,6216035,590715040,95927010,692858085
2019-07-23,2105,2140,2050,2080,293736,-1.187648456057007,0,1176,-34457,33281,0,0,1176,230511,62049,293736,0,0,264968,28768,293736,0,2451780,-71475275,69023495,0,0,2451780,479554785,129190525,611197090,0,0,551030060,60167030,611197090
2019-07-24,2090,2095,2040,2040,245005,-1.9230769230769231,0,18,-11408,11390,0,0,18,204257,40730,245005,0,0,215665,29340,245005,0,37080,-23654305,23617225,0,0,37080,420457115,84209445,504703640,0,0,444111420,60592220,504703640
2019-07-25,2040,2060,1950,2000,756220,-1.9607843137254901,0,5050,-75640,70590,0,0,5050,645594,105576,756220,0,0,721234,34986,756220,0,10124500,-149301525,139177025,0,0,10124500,1284156870,209390345,1503671715,0,0,1433458395,70213320,1503671715
2019-07-26,1990,2010,1900,1970,425436,-1.5,0,1500,-44672,43172,0,0,1500,366267,57669,425436,0,0,410939,14497,425436,0,2925000,-86337870,83412870,0,0,2925000,712313315,111844600,827082915,0,0,798651185,28431730,827082915
2019-07-29,1970,1980,1850,1885,416752,-4.314720812182741,0,3550,-40474,36924,0,0,3550,329595,83607,416752,0,0,370069,46683,416752,0,6711000,-75730830,69019830,0,0,6711000,623549075,158257915,788517990,0,0,699279905,89238085,788517990
2019-07-30,1835,1935,1835,1920,233841,1.8567639257294428,0,0,-129878,129878,0,0,0,93671,140170,233841,0,0,223549,10292,233841,0,0,-247916560,247916560,0,0,0,178124555,267446110,445570665,0,0,426041115,19529550,445570665
2019-07-31,1905,1950,1860,1930,324298,0.5208333333333333,1,0,-94047,94046,0,1,0,181541,142756,324298,0,0,275588,48710,324298,1920,0,-180514850,180512930,0,1920,0,345657630,272703575,618363125,0,0,526172480,92190645,618363125
2019-08-01,1885,1930,1870,1895,168197,-1.8134715025906734,0,577,-24215,23638,0,0,577,120756,46864,168197,0,0,144971,23226,168197,0,1090265,-46313945,45223680,0,0,1090265,228705760,89010305,318806330,0,0,275019705,43786625,318806330
2019-08-02,1855,1880,1805,1825,466200,-3.6939313984168867,0,0,-42042,42042,0,0,0,392204,73996,466200,0,0,434246,31954,466200,0,0,-76678500,76678500,0,0,0,716415840,135326230,851742070,0,0,793094340,58647730,851742070
2019-08-05,1785,1855,1645,1645,709756,-9.863013698630137,-1000,2900,-205818,203918,0,0,2900,471854,235002,709756,1000,0,677672,31084,709756,-1677500,4801000,-346580115,343456615,0,0,4801000,805500605,397253700,1207555305,1677500,0,1152080720,53797085,1207555305
2019-08-06,1550,1675,1515,1585,607888,-3.64741641337386,-1000,-2957,-149208,153165,0,0,0,322852,285036,607888,1000,2957,472060,131871,607888,-1636000,-4674705,-239323940,245634645,0,0,0,516439335,457941890,974381225,1636000,4674705,755763275,212307245,974381225
2019-08-07,1585,1675,1575,1640,467172,3.4700315457413247,-1000,-11200,-130170,142370,0,0,0,277735,189437,467172,1000,11200,407905,47067,467172,-1628000,-18227000,-210262585,230117585,0,0,0,450326825,306828235,757155060,1628000,18227000,660589410,76710650,757155060
2019-08-08,1665,1880,1615,1740,1482052,6.097560975609756,-10800,58,177210,-166468,0,0,105,1307914,174033,1482052,10800,47,1130704,340501,1482052,-19099430,98240,324917700,-305916510,0,0,181515,2321474730,302358285,2624014530,19099430,83275,1996557030,608274795,2624014530
2019-08-09,1740,1755,1675,1690,308028,-2.8735632183908044,-800,0,81754,-80954,0,0,0,292131,15897,308028,800,0,210377,96851,308028,-1376000,0,139414635,-138038635,0,0,0,499000390,27335380,526335770,1376000,0,359585755,165374015,526335770
2019-08-12,1695,1795,1680,1740,671574,2.9585798816568047,-800,-12700,46682,-33182,0,0,80,602295,69199,671574,800,12780,555613,102381,671574,-1412000,-22154110,83138330,-59572220,0,0,139690,1059081900,121050620,1180272210,1412000,22293800,975943570,180622840,1180272210
2019-08-13,1755,1765,1680,1690,408002,-2.8735632183908044,-1000,617,18709,-18326,0,0,617,352520,54865,408002,1000,0,333811,73191,408002,-1715000,1043890,32022360,-31351250,0,0,1043890,601463650,93311685,695819225,1715000,0,569441290,124662935,695819225
2019-08-14,1715,1780,1675,1710,649112,1.183431952662722,-1200,700,41902,-41402,0,0,701,575891,72520,649112,1200,1,533989,113922,649112,-2057000,1190030,72479370,-71612400,0,0,1191780,999381835,125403430,1125977045,2057000,1750,926902465,197015830,1125977045
2019-08-16,1680,1700,1635,1655,296058,-3.216374269005848,-800,0,58382,-57582,0,0,0,259837,36221,296058,800,0,201455,93803,296058,-1329000,0,96536020,-95207020,0,0,0,429891365,59965630,489856995,1329000,0,333355345,155172650,489856995
2019-08-19,1665,1700,1655,1695,231528,2.416918429003021,-800,1100,-75128,74828,0,0,1100,146939,83489,231528,800,0,222067,8661,231528,-1347000,1864500,-126287440,125769940,0,0,1864500,246823150,140313655,389001305,1347000,0,373110590,14543715,389001305
2019-08-20,1700,1735,1700,1730,178905,2.0648967551622417,-800,0,-55453,56253,0,0,0,116447,62458,178905,800,0,171900,6205,178905,-1379000,0,-95581155,96960155,0,0,0,200355075,107612790,307967865,1379000,0,295936230,10652635,307967865
2019-08-21,1725,1755,1715,1755,219572,1.4450867052023122,-800,2700,-44255,42355,0,0,2700,147052,69820,219572,800,0,191307,27465,219572,-1386000,4696500,-76912970,73602470,0,0,4696500,255398280,121233025,381327805,1386000,0,332311250,47630555,381327805
2019-08-22,1765,1770,1720,1720,265507,-1.9943019943019942,-800,0,80355,-79555,0,0,0,234810,30697,265507,800,0,154455,110252,265507,-1392000,0,139516370,-138124370,0,0,0,407871685,53317515,461189200,1392000,0,268355315,191441885,461189200
2019-08-23,1710,1775,1705,1730,250925,0.5813953488372093,-800,1000,2602,-2802,0,0,1023,205323,44579,250925,800,23,202721,47381,250925,-1387000,1730680,4739225,-5082905,0,0,1770620,356513640,77134625,435418885,1387000,39940,351774415,82217530,435418885
2019-08-26,1700,1710,1630,1635,341489,-5.491329479768786,-800,7760,67240,-74200,0,0,9260,306910,25319,341489,800,1500,239670,99519,341489,-1329000,12804200,112080830,-123556030,0,0,15257700,509255035,42166025,566678760,1329000,2453500,397174205,165722055,566678760
2019-08-27,1665,1690,1640,1645,248505,0.6116207951070336,-800,0,-42577,43377,0,0,0,184879,63626,248505,800,0,227456,20249,248505,-1332000,0,-70806950,72138950,0,0,0,307937175,105899985,413837160,1332000,0,378744125,33761035,413837160
2019-08-28,1660,1680,1635,1675,115474,1.82370820668693,-800,0,-20175,20975,0,0,0,80986,34488,115474,800,0,101161,13513,115474,-1328000,0,-33517500,34845500,0,0,0,134078985,57197610,191276595,1328000,0,167596485,22352110,191276595
2019-08-29,1675,1690,1650,1665,166676,-0.5970149253731344,-1252,0,31403,-30151,0,0,0,148224,18452,166676,1252,0,116821,48603,166676,-2091100,0,52168240,-50077140,0,0,0,246764660,30733795,277498455,2091100,0,194596420,80810935,277498455
2019-08-30,1750,1785,1710,1755,1144492,5.405405405405405,-800,0,6225,-5425,0,0,0,1022410,122082,1144492,800,0,1016185,127507,1144492,-1406000,0,10332375,-8926375,0,0,0,1791369300,213648415,2005017715,1406000,0,1781036925,222574790,2005017715
2019-09-02,1750,2010,1740,1930,4114946,9.971509971509972,-1000,-32432,149377,-115945,0,0,1484,3832387,281075,4114946,1000,33916,3683010,397020,4114946,-1862000,-62908200,301567405,-236797205,0,0,2625515,7384678785,531357595,7918661895,1862000,65533715,7083111380,768154800,7918661895
2019-09-03,1935,1945,1845,1870,832896,-3.1088082901554404,-600,671,28242,-28313,0,0,1671,774953,56272,832896,600,1000,746711,84585,832896,-1130000,1231495,53888230,-53989725,0,0,3141495,1465882030,106419505,1575443030,1130000,1910000,1411993800,160409230,1575443030
2019-09-04,1860,1920,1850,1890,1193325,1.06951871657754,0,0,232876,-232876,0,0,0,1170125,23200,1193325,0,0,937249,256076,1193325,0,0,440447685,-440447685,0,0,0,2209137060,43788270,2252925330,0,0,1768689375,484235955,2252925330
2019-09-05,1940,1960,1880,1880,975119,-0.5291005291005291,0,1000,130695,-131695,0,0,1000,932932,41187,975119,0,0,802237,172882,975119,0,1880000,250723870,-252603870,0,0,1880000,1791500760,79398785,1872779545,0,0,1540776890,332002655,1872779545
2019-09-06,1910,1915,1860,1870,252110,-0.5319148936170213,0,0,-16723,16723,0,0,0,224855,27255,252110,0,0,241578,10532,252110,0,0,-31209960,31209960,0,0,0,421236115,51014205,472250320,0,0,452446075,19804245,472250320
2019-09-09,1885,1895,1830,1840,227875,-1.6042780748663104,0,0,-15501,15501,0,0,0,196392,31483,227875,0,0,211893,15982,227875,0,0,-28583930,28583930,0,0,0,363512400,58297920,421810320,0,0,392096330,29713990,421810320
2019-09-10,1835,1865,1825,1845,194326,0.2717391304347826,0,0,-24812,24812,0,0,0,159121,35205,194326,0,0,183933,10393,194326,0,0,-45667915,45667915,0,0,0,292431870,64797000,357228870,0,0,338099785,19129085,357228870
2019-09-11,1825,1905,1825,1875,294755,1.6260162601626018,0,388,366,-754,0,0,1188,252295,41272,294755,0,800,251929,42026,294755,0,723820,1134210,-1858030,0,0,2223820,473229300,77075830,552528950,0,1500000,472095090,78933860,552528950
2019-09-16,1910,1920,1875,1895,230750,1.0666666666666667,0,0,-33272,33272,0,0,0,187901,42849,230750,0,0,221173,9577,230750,0,0,-62845090,62845090,0,0,0,354978235,80937360,435915595,0,0,417823325,18092270,435915595
2019-09-17,1900,1910,1880,1910,286453,0.79155672823219,0,-7200,-40769,47969,0,0,0,216647,69806,286453,0,7200,257416,21837,286453,0,-13644000,-77579235,91223235,0,0,0,410785555,132575920,543361475,0,13644000,488364790,41352685,543361475
2019-09-18,1915,1920,1890,1910,215749,0.0,0,0,190,-190,0,0,0,185784,29965,215749,0,0,185594,30155,215749,0,0,338140,-338140,0,0,0,353720155,57084015,410804170,0,0,353382015,57422155,410804170
2019-09-19,1905,1995,1900,1990,667199,4.18848167539267,0,0,-30060,30060,0,0,146,599913,67140,667199,0,146,629973,37080,667199,0,-2255,-58497125,58499380,0,0,284740,1172882380,130698940,1303866060,0,286995,1231379505,72199560,1303866060
2019-09-20,2030,2045,1945,1965,886975,-1.256281407035176,0,800,130328,-131128,0,0,800,848009,38166,886975,0,0,717681,169294,886975,0,1574000,259447560,-261021560,0,0,1574000,1681804650,75885580,1759264230,0,0,1422357090,336907140,1759264230
2019-09-23,1950,1950,1910,1925,293239,-2.035623409669211,0,400,-9325,8925,0,0,400,274113,18726,293239,0,0,283438,9801,293239,0,776000,-18004020,17228020,0,0,776000,528513430,36113485,565402915,0,0,546517450,18885465,565402915
2019-09-24,1920,1940,1910,1920,339346,-0.2597402597402597,0,0,-18070,18070,0,0,0,298918,40428,339346,0,0,316988,22358,339346,0,0,-34668855,34668855,0,0,0,573601030,77646450,651247480,0,0,608269885,42977595,651247480
2019-09-25,1925,1925,1875,1875,312067,-2.34375,0,-700,55234,-54534,0,0,0,304438,7629,312067,0,700,249204,62163,312067,0,-1319500,104460065,-103140565,0,0,0,575936480,14466060,590402540,0,1319500,471476415,117606625,590402540
2019-09-26,1880,1915,1855,1880,166230,0.26666666666666666,0,500,-14502,14002,0,0,500,142983,22747,166230,0,0,157485,8745,166230,0,950000,-27302765,26352765,0,0,950000,268932045,42867575,312749620,0,0,296234810,16514810,312749620
2019-09-27,1890,1960,1890,1935,529480,2.925531914893617,0,0,67832,-67832,0,0,0,509104,20376,529480,0,0,441272,88208,529480,0,0,131070015,-131070015,0,0,0,981711890,39161415,1020873305,0,0,850641875,170231430,1020873305
2019-09-30,1925,1930,1855,1890,248233,-2.3255813953488373,0,0,35898,-35898,0,0,0,238230,10003,248233,0,0,202332,45901,248233,0,0,67711815,-67711815,0,0,0,449286105,18954440,468240545,0,0,381574290,86666255,468240545
2019-10-01,1890,1920,1885,1895,165475,0.26455026455026454,0,0,36203,-36203,0,0,0,156188,9287,165475,0,0,119985,45490,165475,0,0,68485000,-68485000,0,0,0,295773805,17646740,313420545,0,0,227288805,86131740,313420545
2019-10-02,1865,1895,1845,1870,180558,-1.3192612137203166,0,-1000,-4941,5941,0,0,0,159726,20832,180558,0,1000,164667,14891,180558,0,-1850000,-9129055,10979055,0,0,0,296622770,38678300,335301070,0,1850000,305751825,27699245,335301070
2019-10-04,1875,1875,1810,1810,316350,-3.2085561497326207,0,0,37780,-37780,0,0,0,302732,13618,316350,0,0,264952,51398,316350,0,0,69266880,-69266880,0,0,0,554530940,24937730,579468670,0,0,485264060,94204610,579468670
2019-10-07,1835,1860,1780,1795,164759,-0.8287292817679558,0,0,8903,-8903,0,0,0,144176,20583,164759,0,0,135273,29486,164759,0,0,15985755,-15985755,0,0,0,260309345,37219320,297528665,0,0,244323590,53205075,297528665
2019-10-08,1790,1825,1780,1795,121979,0.0,-1,-6,-11330,11337,0,0,0,80330,41649,121979,1,6,91660,30312,121979,-1805,-10830,-20384535,20397170,0,0,0,144667950,74974660,219642610,1805,10830,165052485,54577490,219642610
2019-10-10,1795,1805,1760,1775,132591,-1.1142061281337048,0,0,26068,-26068,0,0,0,121463,11128,132591,0,0,95395,37196,132591,0,0,46381245,-46381245,0,0,0,216655630,19791355,236446985,0,0,170274385,66172600,236446985
2019-10-11,1795,1840,1775,1810,225808,1.971830985915493,0,0,47478,-47478,0,0,0,183595,42213,225808,0,0,136117,89691,225808,0,0,85505390,-85505390,0,0,0,331644665,76289580,407934245,0,0,246139275,161794970,407934245
2019-10-14,1850,1890,1775,1805,483504,-0.2762430939226519,0,0,18849,-18849,0,0,0,424217,59287,483504,0,0,405368,78136,483504,0,0,34658200,-34658200,0,0,0,774506520,108112355,882618875,0,0,739848320,142770555,882618875
2019-10-15,1825,1845,1800,1840,243843,1.9390581717451523,0,0,-93034,93034,0,0,0,112356,131487,243843,0,0,205390,38453,243843,0,0,-169750980,169750980,0,0,0,203935990,239620845,443556835,0,0,373686970,69869865,443556835
2019-10-16,1840,1865,1835,1845,176479,0.2717391304347826,0,0,14311,-14311,0,0,0,147708,28771,176479,0,0,133397,43082,176479,0,0,26184640,-26184640,0,0,0,271989975,53146140,325136115,0,0,245805335,79330780,325136115
2019-10-17,1850,1850,1815,1850,179822,0.27100271002710025,0,0,-36373,36373,0,0,0,106839,72983,179822,0,0,143212,36610,179822,0,0,-67269555,67269555,0,0,0,195779735,134293315,330073050,0,0,263049290,67023760,330073050
2019-10-18,1850,1860,1820,1825,212628,-1.3513513513513513,0,0,-25931,25931,0,0,0,124826,87802,212628,0,0,150757,61871,212628,0,0,-48329395,48329395,0,0,0,228842580,161985920,390828500,0,0,277171975,113656525,390828500
2019-10-21,1830,1840,1750,1760,349831,-3.5616438356164384,0,0,100847,-100847,0,0,557,337507,11767,349831,0,557,236660,112614,349831,0,21445,179710190,-179731635,0,0,1012905,599948220,20765250,621726375,0,991460,420238030,200496885,621726375
2019-10-22,1770,1790,1740,1760,252261,0.0,-77153,1700,73790,1663,0,0,1700,223037,27524,252261,77153,0,149247,25861,252261,-135529790,2986000,129383455,3160335,0,0,2986000,391809420,48649935,443445355,135529790,0,262425965,45489600,443445355
2019-10-23,1770,1785,1705,1730,275863,-1.7045454545454544,-29434,0,78305,-48871,0,0,0,267064,8799,275863,29434,0,188759,57670,275863,-51945980,0,137203540,-85257560,0,0,0,464855500,15315560,480171060,51945980,0,327651960,100573120,480171060
2019-10-24,1750,1760,1675,1740,186786,0.5780346820809248,0,0,-32753,32753,0,0,0,103494,83292,186786,0,0,136247,50539,186786,0,0,-57167730,57167730,0,0,0,176625470,144129040,320754510,0,0,233793200,86961310,320754510
2019-10-25,1760,1760,1690,1705,141536,-2.0114942528735633,-882,0,27440,-26558,0,0,0,132131,9405,141536,882,0,104691,35963,141536,-1552320,0,46884800,-45332480,0,0,0,225671570,16077065,241748635,1552320,0,178786770,61409545,241748635
2019-10-28,1705,1740,1695,1710,133596,0.2932551319648094,-14745,-2352,34478,-17381,0,0,0,118421,15175,133596,14745,2352,83943,32556,133596,-25287675,-4010160,59004830,-29706995,0,0,0,202342520,25916280,228258800,25287675,4010160,143337690,55623275,228258800
2019-10-29,1710,1720,1695,1695,143690,-0.8771929824561403,-33994,0,67056,-33062,0,0,0,127391,16299,143690,33994,0,60335,49361,143690,-58123285,0,114344750,-56221465,0,0,0,217174440,27857500,245031940,58123285,0,102829690,84078965,245031940
2019-10-30,1705,1710,1670,1690,226750,-0.2949852507374631,-81000,0,132760,-51760,0,0,0,221227,5523,226750,81000,0,88467,57283,226750,-136628585,0,223879625,-87251040,0,0,0,373027400,9324845,382352245,136628585,0,149147775,96575885,382352245
2019-10-31,1745,1765,1700,1715,307165,1.4792899408284024,-15000,0,30781,-15781,0,0,0,245065,62100,307165,15000,0,214284,77881,307165,-25900000,0,53311230,-27411230,0,0,0,424942490,107509155,532451645,25900000,0,371631260,134920385,532451645
2019-11-01,1715,1745,1690,1740,106303,1.4577259475218658,-1001,0,-1412,2413,0,0,0,92364,13939,106303,1001,0,93776,11526,106303,-1721715,0,-2179795,3901510,0,0,0,158317705,23643915,181961620,1721715,0,160497500,19742405,181961620
2019-11-04,1750,1770,1735,1745,305671,0.28735632183908044,-110216,0,59018,51198,0,0,0,239938,65733,305671,110216,0,180920,14535,305671,-192387920,0,102863745,89524175,0,0,0,419458225,115004105,534462330,192387920,0,316594480,25479930,534462330
2019-11-05,1745,1830,1745,1785,758982,2.292263610315186,-205000,813,113974,90213,0,0,813,628855,129314,758982,205000,0,514881,39101,758982,-360172320,1431815,199081450,159659055,0,0,1431815,1118230950,229513395,1349176160,360172320,0,919149500,69854340,1349176160
2019-11-06,1820,1890,1805,1845,1174413,3.361344537815126,-70000,-1000,199682,-128682,0,0,0,1137893,36520,1174413,70000,1000,938211,165202,1174413,-129576095,-1845000,369279580,-237858485,0,0,0,2105050495,67446250,2172496745,129576095,1845000,1735770915,305304735,2172496745
2019-11-07,1875,1880,1820,1870,522840,1.3550135501355014,0,600,13847,-14447,0,0,600,485145,37095,522840,0,0,471298,51542,522840,0,1115200,26068935,-27184135,0,0,1115200,928496840,68758980,998371020,0,0,902427905,95943115,998371020
2019-11-08,2085,2190,1925,1940,4608530,3.7433155080213902,25000,-65284,317789,-277505,0,25000,19,4415450,168061,4608530,0,65303,4097661,445566,4608530,51550000,-132367280,652422980,-571605700,0,51550000,40565,8993645935,343501490,9388737990,0,132407845,8341222955,915107190,9388737990
2019-11-11,1940,1990,1870,1955,958440,0.7731958762886598,0,700,37183,-37883,0,0,700,849371,108369,958440,0,0,812188,146252,958440,0,1365000,72236555,-73601555,0,0,1365000,1645166030,209746385,1856277415,0,0,1572929475,283347940,1856277415
2019-11-12,1955,2010,1905,1925,622967,-1.5345268542199488,0,0,-19751,19751,0,0,0,560735,62232,622967,0,0,580486,42481,622967,0,0,-37815325,37815325,0,0,0,1084570335,120394050,1204964385,0,0,1122385660,82578725,1204964385
2019-11-13,1925,1955,1905,1915,315070,-0.5194805194805194,0,0,-4436,4436,0,0,0,260453,54617,315070,0,0,264889,50181,315070,0,0,-8337110,8337110,0,0,0,500391740,104969120,605360860,0,0,508728850,96632010,605360860
2019-11-14,1905,1920,1865,1910,245362,-0.26109660574412535,0,0,5586,-5586,0,0,0,222969,22393,245362,0,0,217383,27979,245362,0,0,10444930,-10444930,0,0,0,422222450,42342830,464565280,0,0,411777520,52787760,464565280
2019-11-15,1910,1945,1875,1920,399098,0.5235602094240838,0,400,-88221,87821,0,0,400,275477,123221,399098,0,0,363698,35400,399098,0,762000,-168723945,167961945,0,0,762000,528831775,236067710,765661485,0,0,697555720,68105765,765661485
2019-11-18,1920,1925,1555,1595,15569068,-16.927083333333336,-559941,187834,5684018,-5311911,0,5120000,188934,10003346,256788,15569068,5679941,1100,4319328,5568699,15569068,-1178186755,313585045,9437462485,-8572860775,0,8258560000,315406380,16452792405,423625380,25450384165,9436746755,1821335,7015329920,8996486155,25450384165
2019-11-19,1605,1605,1425,1440,4600075,-9.717868338557993,-1935248,1000,1727793,206455,0,0,1000,4289299,309776,4600075,1935248,0,2561506,103321,4600075,-2890483180,1440000,2580590930,308452250,0,0,1440000,6429152365,465000485,6895592850,2890483180,0,3848561435,156548235,6895592850
2019-11-20,1480,1505,1420,1435,2320570,-0.3472222222222222,-323811,29975,408821,-114985,0,0,33406,2202000,85164,2320570,323811,3431,1793179,200149,2320570,-473685550,43464225,597726465,-167505140,0,0,48474255,3214285835,124518385,3387278475,473685550,5010030,2616559370,292023525,3387278475
2019-11-21,1425,1480,1395,1410,1696587,-1.7421602787456445,0,-2406,163059,-160653,0,0,1620,1604575,90392,1696587,0,4026,1441516,251045,1696587,0,-3450550,232668420,-229217870,0,0,2286500,2279060530,128360470,2409707500,0,5737050,2046392110,357578340,2409707500
2019-11-22,1390,1430,1280,1345,2560142,-4.609929078014184,0,117569,-123238,5669,0,0,117569,2297173,145400,2560142,0,0,2420411,139731,2560142,0,159036550,-166418715,7382165,0,0,159036550,3090378355,196007770,3445422675,0,0,3256797070,188625605,3445422675
2019-11-25,1380,1395,1345,1395,1075426,3.717472118959108,-5000,0,-100840,105840,0,0,0,928588,146838,1075426,5000,0,1029428,40998,1075426,-6800000,0,-137994605,144794605,0,0,0,1293964840,201113590,1495078430,6800000,0,1431959445,56318985,1495078430
2019-11-26,1450,1460,1415,1435,1669214,2.867383512544803,0,916,102442,-103358,0,0,22036,1557554,89624,1669214,0,21120,1455112,192982,1669214,0,1236605,147836655,-149073260,0,0,31479405,2241626465,128821395,2401927265,0,30242800,2093789810,277894655,2401927265
2019-11-27,1440,1455,1425,1440,409645,0.34843205574912894,-13000,0,-10943,23943,0,0,0,373832,35813,409645,13000,0,384775,11870,409645,-18685000,0,-15663280,34348280,0,0,0,536796085,51439240,588235325,18685000,0,552459365,17090960,588235325
2019-11-28,1440,1445,1385,1390,999505,-3.4722222222222223,-2,14793,-55255,40464,0,0,14804,928202,56499,999505,2,11,983457,16035,999505,-2790,20960820,-77658360,56700330,0,0,20976165,1305836635,79438820,1406251620,2790,15345,1383494995,22738490,1406251620
2019-11-29,1440,1510,1410,1450,4598909,4.316546762589928,0,6000,45691,-51691,0,0,6022,4287778,305109,4598909,0,22,4242087,356800,4598909,0,8864770,75417910,-84282680,0,0,8896560,6285249820,444686565,6738832945,0,31790,6209831910,528969245,6738832945
2019-12-02,1485,1510,1455,1495,1359192,3.103448275862069,0,20884,-65565,44681,0,0,25905,1215475,117812,1359192,0,5021,1281040,73131,1359192,0,30895345,-95573355,64678010,0,0,38400900,1798051075,173203685,2009655660,0,7505555,1893624430,108525675,2009655660
2019-12-03,1490,1500,1445,1500,1237121,0.33444816053511706,0,257,-152646,152389,0,0,257,928288,308576,1237121,0,0,1080934,156187,1237121,0,378000,-223972880,223594880,0,0,378000,1371196645,454106335,1825680980,0,0,1595169525,230511455,1825680980
2019-12-04,1520,1540,1475,1515,1689945,1.0,0,24397,-191729,167332,0,0,24397,1249186,416362,1689945,0,0,1440915,249030,1689945,0,36860360,-289100405,252240045,0,0,36860360,1888300470,629479130,2554639960,0,0,2177400875,377239085,2554639960
2019-12-05,1545,1560,1480,1525,1632553,0.6600660066006601,0,178,-194647,194469,0,0,200,1281620,350733,1632553,0,22,1476267,156264,1632553,0,272670,-300013445,299740775,0,0,306000,1955595835,538871385,2494773220,0,33330,2255609280,239130610,2494773220
2019-12-06,1540,1610,1520,1585,2180432,3.934426229508197,0,27999,-72292,44293,0,0,37989,1923702,218741,2180432,0,9990,1995994,174448,2180432,0,43973225,-110560180,66586955,0,0,59857325,3022243805,341706720,3423807850,0,15884100,3132803985,275119765,3423807850
2019-12-09,1585,1590,1530,1545,892304,-2.5236593059936907,0,0,15990,-15990,0,0,0,829563,62741,892304,0,0,813573,78731,892304,0,0,25330615,-25330615,0,0,0,1288442435,97530385,1385972820,0,0,1263111820,122861000,1385972820
2019-12-10,1545,1565,1515,1530,617303,-0.9708737864077669,0,4579,-43520,38941,0,0,4579,518233,94491,617303,0,0,561753,55550,617303,0,7086160,-66435270,59349110,0,0,7086160,795276010,144979685,947341855,0,0,861711280,85630575,947341855
2019-12-11,1550,1565,1510,1520,888494,-0.6535947712418301,0,0,-119011,119011,0,0,0,732875,155619,888494,0,0,851886,36608,888494,0,0,-181547185,181547185,0,0,0,1117394725,237739050,1355133775,0,0,1298941910,56191865,1355133775
2019-12-12,1520,1535,1510,1530,501299,0.6578947368421052,0,-585,-137848,138433,0,0,915,323487,176897,501299,0,1500,461335,38464,501299,0,-886310,-210173025,211059335,0,0,1396715,493033660,269852440,764282815,0,2283025,703206685,58793105,764282815
2019-12-13,1640,1650,1530,1530,2181916,0.0,0,1500,305509,-307009,0,0,2000,2006706,173210,2181916,0,500,1701197,480219,2181916,0,2380000,488043070,-490423070,0,0,3160000,3183924950,271915335,3459000285,0,780000,2695881880,762338405,3459000285
2019-12-16,1560,1565,1530,1550,571670,1.3071895424836601,0,-15765,-45454,61219,0,0,0,477784,93886,571670,0,15765,523238,32667,571670,0,-24426820,-69923595,94350415,0,0,0,738492835,145059750,883552585,0,24426820,808416430,50709335,883552585
2019-12-17,1545,1550,1490,1505,3718603,-2.903225806451613,0,-265,-23321,23586,0,0,735,1325218,2392650,3718603,0,1000,1348539,2369064,3718603,0,-414940,-36348360,36763300,0,0,1109060,1991925825,3703635660,5696670545,0,1524000,2028274185,3666872360,5696670545
2019-12-18,1465,1480,1445,1455,940796,-3.322259136212625,0,2156,13714,-15870,0,1,2156,812490,126149,940796,1,0,798776,142019,940796,40,3147760,20183980,-23331780,0,1505,3147760,1187915490,184312380,1375377135,1465,0,1167731510,207644160,1375377135
2019-12-19,1455,1490,1445,1490,475482,2.405498281786942,0,0,-14675,14675,0,0,0,400044,75438,475482,0,0,414719,60763,475482,0,0,-21388385,21388385,0,0,0,588251830,110638315,698890145,0,0,609640215,89249930,698890145
2019-12-20,1490,1505,1470,1490,600705,0.0,0,100,12752,-12852,0,0,100,531639,68966,600705,0,0,518887,81818,600705,0,147500,19161870,-19309370,0,0,147500,790685895,102550145,893383540,0,0,771524025,121859515,893383540
2019-12-23,1495,1500,1455,1460,699811,-2.013422818791946,0,100,82312,-82412,0,0,100,659889,39822,699811,0,0,577577,122234,699811,0,146000,121381800,-121527800,0,0,146000,968176475,58318595,1026641070,0,0,846794675,179846395,1026641070
2019-12-24,1460,1465,1430,1430,700982,-2.054794520547945,0,196,3425,-3621,0,0,196,658854,41932,700982,0,0,655429,45553,700982,0,282240,5231630,-5513870,0,0,282240,949725515,60459040,1010466795,0,0,944493885,65972910,1010466795
2019-12-26,1435,1475,1435,1465,990976,2.4475524475524475,0,0,-112089,112089,0,0,0,838379,152597,990976,0,0,950468,40508,990976,0,0,-162555695,162555695,0,0,0,1221597470,221554935,1443152405,0,0,1384153165,58999240,1443152405
2019-12-27,1445,1455,1420,1440,612652,-1.7064846416382253,0,1471,8262,-9733,0,0,1671,542466,68515,612652,0,200,534204,78248,612652,0,2119360,12081255,-14200615,0,0,2407360,780918140,98716730,882042230,0,288000,768836885,112917345,882042230
2019-12-30,1440,1455,1430,1450,444170,0.6944444444444444,0,-6110,-16341,22451,0,0,0,304582,139588,444170,0,6110,320923,117137,444170,0,-8859500,-24198040,33057540,0,0,0,439784395,202288610,642073005,0,8859500,463982435,169231070,642073005
2020-01-02,1455,1460,1395,1400,2884318,-3.4482758620689653,0,12134,1711535,-1723669,0,0,12134,2667222,204962,2884318,0,0,955687,1928631,2884318,0,17161735,2418465090,-2435626825,0,0,17161735,3766544000,291468465,4075174200,0,0,1348078910,2727095290,4075174200
2020-01-03,1405,1405,1335,1375,1693196,-1.7857142857142856,0,37100,-32596,-4504,0,0,37100,1540827,115269,1693196,0,0,1573423,119773,1693196,0,50518335,-42347830,-8170505,0,0,50518335,2108650830,156963040,2316132205,0,0,2150998660,165133545,2316132205
2020-01-06,1350,1355,1295,1300,1601520,-5.454545454545454,-256,19666,79539,-98949,0,0,20915,1469239,111366,1601520,256,1249,1389700,210315,1601520,-334080,25652315,107054970,-132373205,0,0,27282260,1932923155,146677095,2106882510,334080,1629945,1825868185,279050300,2106882510
2020-01-07,1310,1360,1310,1350,806949,3.8461538461538463,0,9488,-170148,160660,0,0,9488,599167,198294,806949,0,0,769315,37634,806949,0,12643555,-227462930,214819375,0,0,12643555,801295785,265194195,1079133535,0,0,1028758715,50374820,1079133535
2020-01-08,1345,1345,1225,1245,2084973,-7.777777777777778,0,90234,-50900,-39334,0,0,90234,1728720,266019,2084973,0,0,1779620,305353,2084973,0,113251990,-61554455,-51697535,0,0,113251990,2203317385,340587005,2657156380,0,0,2264871840,392284540,2657156380
2020-01-09,1270,1310,1265,1300,848088,4.417670682730924,0,4574,96396,-100970,0,0,4574,695770,147744,848088,0,0,599374,248714,848088,0,5898795,123782425,-129681220,0,0,5898795,895052705,190376410,1091327910,0,0,771270280,320057630,1091327910
2020-01-10,1310,1350,1290,1340,1086841,3.076923076923077,0,-98768,76440,22328,0,0,7485,913170,166186,1086841,0,106253,836730,143858,1086841,0,-128444260,98705635,29738625,0,0,9952565,1215542095,220875045,1446369705,0,138396825,1116836460,191136420,1446369705
2020-01-13,1350,1445,1350,1415,3754888,5.597014925373134,0,-13195,-440039,453234,0,0,305,2844947,909636,3754888,0,13500,3284986,456402,3754888,0,-18761550,-619077840,637839390,0,0,420950,4007032130,1276157245,5283610325,0,19182500,4626109970,638317855,5283610325
2020-01-14,1440,1450,1375,1390,1686669,-1.76678445229682,0,700,374044,-374744,0,0,700,1622896,63073,1686669,0,0,1248852,437817,1686669,0,973000,529168640,-530141640,0,0,973000,2281356195,88087030,2370416225,0,0,1752187555,618228670,2370416225
2020-01-15,1395,1420,1385,1410,933821,1.4388489208633095,0,0,122061,-122061,0,0,0,762577,171244,933821,0,0,640516,293305,933821,0,0,171352915,-171352915,0,0,0,1070378165,240414160,1310792325,0,0,899025250,411767075,1310792325
2020-01-16,1390,1420,1380,1395,665443,-1.0638297872340425,0,0,-67107,67107,0,0,0,540823,124620,665443,0,0,607930,57513,665443,0,0,-93941070,93941070,0,0,0,753544500,174122475,927666975,0,0,847485570,80181405,927666975
2020-01-17,1410,1425,1395,1415,753427,1.4336917562724014,0,0,-113651,113651,0,0,0,564146,189281,753427,0,0,677797,75630,753427,0,0,-160802930,160802930,0,0,0,795824270,267401390,1063225660,0,0,956627200,106598460,1063225660
2020-01-20,1430,1430,1380,1385,897467,-2.1201413427561837,0,478,124859,-125337,0,0,478,844400,52589,897467,0,0,719541,177926,897467,0,660140,174014595,-174674735,0,0,660140,1178600385,73300235,1252560760,0,0,1004585790,247974970,1252560760
2020-01-21,1385,1390,1070,1135,22332728,-18.050541516245488,-40000,60869,3711627,-3732496,0,4000000,135608,12937184,5259936,22332728,4040000,74739,9225557,8992432,22332728,-197605725,80905160,4643652875,-4526952310,0,4720000000,167229055,15386604355,6356530430,26630363840,4917605725,86323895,10742951480,10883482740,26630363840
2020-01-22,1110,1160,1095,1115,2132193,-1.762114537444934,-28262,1993,-50454,76723,0,0,2000,1945350,184843,2132193,28262,7,1995804,108120,2132193,-31397150,2212265,-55870245,85055130,0,0,2220000,2165089380,206124865,2373434245,31397150,7735,2220959625,121069735,2373434245
2020-01-23,1110,1140,1090,1120,1464166,0.4484304932735426,0,8676,11260,-19936,0,0,8676,1370336,85154,1464166,0,0,1359076,105090,1464166,0,9752110,12588200,-22340310,0,0,9752110,1532724890,95142155,1637619155,0,0,1520136690,117482465,1637619155
2020-01-28,1110,1240,1070,1170,5809139,4.464285714285714,0,45467,324072,-369539,0,0,45467,5395670,368002,5809139,0,0,5071598,737541,5809139,0,53151390,371385245,-424536635,0,0,53151390,6234902275,418978820,6707032485,0,0,5863517030,843515455,6707032485
2020-01-29,1150,1155,1100,1105,2208406,-5.555555555555555,0,2000,175465,-177465,0,0,2000,2122302,84104,2208406,0,0,1946837,261569,2208406,0,2230000,195080185,-197310185,0,0,2230000,2369572565,94017760,2465820325,0,0,2174492380,291327945,2465820325
2020-01-30,1105,1115,1025,1035,1951050,-6.334841628959276,0,-50927,164085,-113158,0,0,5300,1864826,80924,1951050,0,56227,1700741,194082,1951050,0,-53065130,174267020,-121201890,0,0,5485500,1978688305,85555355,2069729160,0,58550630,1804421285,206757245,2069729160
2020-01-31,1040,1300,983,1300,25180303,25.60386473429952,32500,50333,320909,-403742,0,32500,69581,23762686,1315536,25180303,0,19248,23441777,1719278,25180303,39987500,51340865,453164975,-544493340,0,39987500,70903560,28355972260,1456227129,29923090449,0,19562695,27902807285,2000720469,29923090449
2020-02-03,1220,1230,1035,1095,14934529,-15.769230769230768,-32500,32944,545025,-545469,0,0,32944,14180693,720892,14934529,32500,0,13635668,1266361,14934529,-42250000,35811020,600064595,-593625615,0,0,35811020,15691212230,805039510,16532062760,42250000,0,15091147635,1398665125,16532062760
2020-02-04,1120,1125,1065,1085,4518065,-0.91324200913242,0,1928,-28497,26569,0,0,1928,4344955,171182,4518065,0,0,4373452,144613,4518065,0,2118565,-31069370,28950805,0,0,2118565,4763496440,187390370,4953005375,0,0,4794565810,158439565,4953005375
2020-02-05,1095,1405,1080,1345,52177843,23.963133640552993,0,-28755,358253,-329498,0,0,35616,50031110,2111117,52177843,0,64371,49672857,2440615,52177843,0,-40985255,469250705,-428265450,0,0,46462850,65201530255,2728239370,67976232475,0,87448105,64732279550,3156504820,67976232475
2020-02-06,1370,1570,1325,1405,51722652,4.4609665427509295,0,28312,362875,-391187,0,0,127182,50488037,1107433,51722652,0,98870,50125162,1498620,51722652,0,33729805,535737795,-569467600,0,0,181868105,73838645080,1625357600,75645870785,0,148138300,73302907285,2194825200,75645870785
2020-02-07,1430,1550,1380,1390,23729579,-1.0676156583629894,0,73733,10961,-84694,0,0,74247,23038897,616435,23729579,0,514,23027936,701129,23729579,0,107306640,26616380,-133923020,0,0,108090230,34070043805,898719595,35076853630,0,783590,34043427425,1032642615,35076853630
2020-02-10,1420,1505,1400,1430,13468783,2.877697841726619,0,2868,205782,-208650,0,0,24227,13138759,305797,13468783,0,21359,12932977,514447,13468783,0,4145975,297434040,-301580015,0,0,34385755,19033449850,442334305,19510169910,0,30239780,18736015810,743914320,19510169910
2020-02-11,1440,1495,1410,1450,9002891,1.3986013986013985,0,10451,88950,-99401,0,0,109673,8612948,280270,9002891,0,99222,8523998,379671,9002891,0,16049000,129572355,-145621355,0,0,159168580,12574694190,408753605,13142616375,0,143119580,12445121835,554374960,13142616375
2020-02-12,1410,1430,1345,1350,6677127,-6.896551724137931,58796,13131,32989,-104916,0,72295,66850,6328281,209701,6677127,13499,53719,6295292,314617,6677127,78869710,18163990,47678240,-144711940,0,97903300,91757440,8725106430,290669475,9205436645,19033590,73593450,8677428190,435381415,9205436645
2020-02-13,1360,1385,1295,1340,4256472,-0.7407407407407408,73660,44019,-186642,68963,0,73660,44019,3872958,265835,4256472,0,0,4059600,196872,4256472,97599500,58353000,-242480410,86527910,0,97599500,58353000,5142761320,349283160,5647996980,0,0,5385241730,262755250,5647996980
2020-02-14,1350,1355,1295,1300,2568463,-2.9850746268656714,0,4525,97248,-101773,0,0,4525,2438351,125587,2568463,0,0,2341103,227360,2568463,0,5950230,131380235,-137330465,0,0,5950230,3210746120,164500540,3381196890,0,0,3079365885,301831005,3381196890
2020-02-17,1295,1345,1265,1320,2315620,1.5384615384615385,77500,-24417,-187090,134007,0,77500,7097,1955249,275774,2315620,0,31514,2142339,141767,2315620,99253125,-31080135,-235950765,167777775,0,99253125,9150355,2539211940,354680925,3002296345,0,40230490,2775162705,186903150,3002296345
2020-02-18,1310,1490,1310,1375,14472476,4.166666666666666,-209956,-1954,264947,-53037,0,0,15046,13748464,708966,14472476,209956,17000,13483517,762003,14472476,-289354030,-3252675,376369205,-83762500,0,0,20796060,19397365825,986323615,20404485500,289354030,24048735,19020996620,1070086115,20404485500
2020-02-19,1380,1515,1365,1460,14785234,6.181818181818182,0,-13000,202176,-189176,0,0,0,14399703,385531,14785234,0,13000,14197527,574707,14785234,0,-18740000,294665365,-275925365,0,0,0,20984400440,556022785,21540423225,0,18740000,20689735075,831948150,21540423225
2020-02-20,1465,1540,1380,1385,13270109,-5.136986301369863,0,106658,132185,-238843,0,0,121858,12761354,386897,13270109,0,15200,12629169,625740,13270109,0,154731885,201392400,-356124285,0,0,176847885,18705085270,562425205,19444358360,0,22116000,18503692870,918549490,19444358360
2020-02-21,1405,1435,1325,1330,4777068,-3.9711191335740073,0,13616,-11900,-1716,0,0,22711,4399051,355306,4777068,0,9095,4410951,357022,4777068,0,18811705,-9598355,-9213350,0,0,31135430,6035330390,484115670,6550581490,0,12323725,6044928745,493329020,6550581490
2020-02-24,1320,1320,1150,1160,4875577,-12.781954887218044,114462,14999,-514463,385002,0,114462,14999,3968592,777524,4875577,0,0,4483055,392522,4875577,136346065,17888740,-617554595,463319790,0,136346065,17888740,4833405050,948384005,5936023860,0,0,5450959645,485064215,5936023860
2020-02-25,1135,1275,1135,1190,5463488,2.586206896551724,-114462,12048,543917,-441503,0,0,12614,4853178,597696,5463488,114462,566,4309261,1039199,5463488,-143553545,14334235,668129185,-538909875,0,0,15030415,5876798090,712428990,6604257495,143553545,696180,5208668905,1251338865,6604257495
2020-02-26,1175,1260,1175,1215,2854435,2.100840336134454,0,7927,13470,-21397,0,0,7927,2590994,255514,2854435,0,0,2577524,276911,2854435,0,9656820,16148055,-25804875,0,0,9656820,3164633545,309016725,3483307090,0,0,3148485490,334821600,3483307090
2020-02-27,1225,1260,1110,1175,2266792,-3.292181069958848,0,14101,-166359,152258,0,0,14101,1957846,294845,2266792,0,0,2124205,142587,2266792,0,16527775,-186502085,169974310,0,0,16527775,2363308835,345188200,2725024810,0,0,2549810920,175213890,2725024810
2020-02-28,1150,1205,1115,1115,1975670,-5.106382978723404,0,18299,-85535,67236,0,0,18299,1612873,344498,1975670,0,0,1698408,277262,1975670,0,21245640,-94286435,73040795,0,0,21245640,1849546480,393814040,2264606160,0,0,1943832915,320773245,2264606160
2020-03-02,1115,1170,1095,1160,1654917,4.0358744394618835,0,100,-243367,243267,0,0,100,1238568,416249,1654917,0,0,1481935,172982,1654917,0,114000,-277897845,277783845,0,0,114000,1409067035,473639385,1882820420,0,0,1686964880,195855540,1882820420
2020-03-03,1180,1215,1170,1190,1562739,2.586206896551724,0,20100,-172833,152733,0,0,20100,1302094,240545,1562739,0,0,1474927,87812,1562739,0,23719500,-205714730,181995230,0,0,23719500,1550309195,286179330,1860208025,0,0,1756023925,104184100,1860208025
2020-03-04,1185,1220,1175,1205,1396198,1.2605042016806722,0,34,-1530,1496,0,0,134,1230387,165677,1396198,0,100,1231917,164181,1396198,0,42300,-1794330,1752030,0,0,161800,1477958695,199214235,1677334730,0,119500,1479753025,197462205,1677334730
2020-03-05,1210,1240,1195,1195,1564658,-0.8298755186721992,0,3417,-193350,189933,0,0,3417,1279375,281866,1564658,0,0,1472725,91933,1564658,0,4160880,-234360265,230199385,0,0,4160880,1550856040,342164020,1897180940,0,0,1785216305,111964635,1897180940
2020-03-06,1195,1225,1160,1170,1570627,-2.092050209205021,0,777,171404,-172181,0,0,777,1406754,163096,1570627,0,0,1235350,335277,1570627,0,945940,207710385,-208656325,0,0,945940,1674139015,192941770,1868026725,0,0,1466428630,401598095,1868026725
2020-03-09,1170,1170,1065,1080,1912814,-7.6923076923076925,0,3271,-185121,181850,0,0,3271,1546122,363421,1912814,0,0,1731243,181571,1912814,0,3684880,-205184500,201499620,0,0,3684880,1711617575,403271715,2118574170,0,0,1916802075,201772095,2118574170
2020-03-10,1070,1115,1060,1095,1606212,1.3888888888888888,0,969,-139174,138205,0,0,969,1306108,299135,1606212,0,0,1445282,160930,1606212,0,1061040,-149146050,148085010,0,0,1061040,1424783350,324571830,1750416220,0,0,1573929400,176486820,1750416220
2020-03-11,1100,1120,1030,1055,1345551,-3.65296803652968,0,5232,-125221,119989,0,0,5632,981202,358717,1345551,0,400,1106423,238728,1345551,0,5640260,-135059975,129419715,0,0,6080260,1053725550,386436050,1446241860,0,440000,1188785525,257016335,1446241860
2020-03-12,1035,1065,970,976,2281661,-7.488151658767772,0,1,65009,-65010,0,0,1,1777561,504099,2281661,0,0,1712552,569109,2281661,0,1000,61670212,-61671212,0,0,1000,1776551232,507766843,2284319075,0,0,1714881020,569438055,2284319075
2020-03-13,850,895,771,863,2771793,-11.577868852459016,0,2090,-652261,650171,0,0,2090,1678476,1091227,2771793,0,0,2330737,441056,2771793,0,1702031,-545290591,543588560,0,0,1702031,1411307338,917191132,2330200501,0,0,1956597929,373602572,2330200501
2020-03-16,893,926,829,829,1591148,-3.9397450753186556,0,1000,-239371,238371,0,0,1000,1015847,574301,1591148,0,0,1255218,335930,1591148,0,890000,-207776820,206886820,0,0,890000,883824441,500865385,1385579826,0,0,1091601261,293978565,1385579826
2020-03-17,760,840,760,819,1649523,-1.2062726176115801,0,1,-289813,289812,0,0,1,922527,726995,1649523,0,0,1212340,437183,1649523,0,817,-234401435,234400618,0,0,817,747762334,589929057,1337692208,0,0,982163769,355528439,1337692208
2020-03-18,816,897,776,781,1565342,-4.63980463980464,0,5288,11651,-16939,0,0,6943,1266507,291892,1565342,0,1655,1254856,308831,1565342,0,4578532,15133841,-19712373,0,0,5937922,1079986908,244239646,1330164476,0,1359390,1064853067,263952019,1330164476
2020-03-19,781,816,600,639,2512142,-18.181818181818183,0,6384,-412608,406224,0,0,6384,1756174,749584,2512142,0,0,2168782,343360,2512142,0,4275973,-285221810,280945837,0,0,4275973,1223015402,526648769,1753940144,0,0,1508237212,245702932,1753940144
2020-03-20,634,693,634,686,1777401,7.355242566510173,0,46216,-231523,185307,0,0,46216,1307833,423352,1777401,0,0,1539356,238045,1777401,0,30787420,-154928079,124140659,0,0,30787420,869195208,282482541,1182465169,0,0,1024123287,158341882,1182465169
2020-03-23,630,656,620,623,1248226,-9.183673469387756,0,3713,-69926,66213,0,0,3713,939349,305164,1248226,0,0,1009275,238951,1248226,0,2388083,-45250624,42862541,0,0,2388083,597456328,194612148,794456559,0,0,642706952,151749607,794456559
2020-03-24,636,668,631,650,1292499,4.333868378812198,0,9975,-28315,18340,0,0,9975,1167708,114816,1292499,0,0,1196023,96476,1292499,0,6419274,-18161178,11741904,0,0,6419274,755503607,74363187,836286068,0,0,773664785,62621283,836286068
2020-03-25,670,717,670,706,1578737,8.615384615384615,0,100,-137507,137407,0,0,100,1289204,289433,1578737,0,0,1426711,152026,1578737,0,69700,-94271653,94201953,0,0,69700,891197426,199266830,1090533956,0,0,985469079,105064877,1090533956
2020-03-26,722,774,701,762,1628622,7.932011331444759,0,0,-13933,13933,0,0,0,1301539,327083,1628622,0,0,1315472,313150,1628622,0,0,-8467992,8467992,0,0,0,976216818,244007311,1220224129,0,0,984684810,235539319,1220224129
2020-03-27,792,807,720,763,2056326,0.13123359580052493,0,-4499,-102872,107371,0,0,501,1520161,535664,2056326,0,5000,1623033,428293,2056326,0,-3621578,-78397720,82019298,0,0,382285,1186006334,413543110,1599931729,0,4003863,1264404054,331523812,1599931729
2020-03-30,735,774,719,774,784234,1.4416775884665793,0,0,-190187,190187,0,0,0,473089,311145,784234,0,0,663276,120958,784234,0,0,-144246069,144246069,0,0,0,356424776,234921059,591345835,0,0,500670845,90674990,591345835
2020-03-31,790,822,778,816,1380461,5.426356589147287,0,3169,-18103,14934,0,0,3169,1060275,317017,1380461,0,0,1078378,302083,1380461,0,2584591,-15638290,13053699,0,0,2584591,855573528,255435001,1113593120,0,0,871211818,242381302,1113593120
2020-04-01,820,865,800,820,1646277,0.49019607843137253,0,-500,89015,-88515,0,0,0,1352751,293526,1646277,0,500,1263736,382041,1646277,0,-412000,72746256,-72334256,0,0,0,1132262525,245362205,1377624730,0,412000,1059516269,317696461,1377624730
2020-04-02,824,840,786,830,1047225,1.2195121951219512,0,0,-129944,129944,0,0,0,738966,308259,1047225,0,0,868910,178315,1047225,0,0,-108664128,108664128,0,0,0,608934097,254586058,863520155,0,0,717598225,145921930,863520155
2020-04-03,843,979,842,910,5905401,9.63855421686747,0,3230,400454,-403684,0,0,7242,5381261,516898,5905401,0,4012,4980807,920582,5905401,0,2711206,374175142,-376886348,0,0,6385222,4961846468,472800826,5441032516,0,3674016,4587671326,849687174,5441032516
2020-04-06,920,929,888,920,1864053,1.098901098901099,0,0,-65933,65933,0,0,0,1635560,228493,1864053,0,0,1701493,162560,1864053,0,0,-59824801,59824801,0,0,0,1489193172,207585796,1696778968,0,0,1549017973,147760995,1696778968
2020-04-07,958,959,914,959,1808340,4.239130434782608,0,3001,-73902,70901,0,0,3001,1461188,344151,1808340,0,0,1535090,273250,1808340,0,2848881,-69533057,66684176,0,0,2848881,1372068165,322236121,1697153167,0,0,1441601222,255551945,1697153167
2020-04-08,966,1245,960,1245,21339240,29.822732012513036,8032,-3051,432359,-437340,0,780236,49299,20053823,455882,21339240,772204,52350,19621464,893222,21339240,14778895,-4542330,503025131,-513261696,0,971393820,60418420,24267634029,531392347,25830838616,956614925,64960750,23764608898,1044654043,25830838616
2020-04-09,1225,1380,1185,1215,22828565,-2.4096385542168677,-8032,-7121,773859,-758706,0,0,6768,22102981,718816,22828565,8032,13889,21329122,1477522,22828565,-9999840,-9011515,985816080,-966804725,0,0,8539830,28031205040,897369360,28937114230,9999840,17551345,27045388960,1864174085,28937114230
2020-04-10,1210,1215,1090,1160,6990171,-4.526748971193416,0,0,-44969,44969,0,0,0,6296186,693985,6990171,0,0,6341155,649016,6990171,0,0,-41486395,41486395,0,0,0,7297336420,791788455,8089124875,0,0,7338822815,750302060,8089124875
2020-04-13,1210,1300,1155,1165,16004296,0.43103448275862066,0,19721,585691,-605412,0,0,23386,15348599,632311,16004296,0,3665,14762908,1237723,16004296,0,24331270,719285910,-743617180,0,0,29036200,19043106295,787199425,19859341920,0,4704930,18323820385,1530816605,19859341920
2020-04-14,1160,1205,1155,1175,3067211,0.8583690987124464,0,-8289,3174,5115,0,0,6711,2840148,220352,3067211,0,15000,2836974,215237,3067211,0,-9473130,6014390,3458740,0,0,7851870,3344355705,258792625,3611000200,0,17325000,3338341315,255333885,3611000200
2020-04-16,1170,1175,1095,1150,2206341,-2.127659574468085,0,24147,-124812,100665,0,0,24147,1984762,197432,2206341,0,0,2109574,96767,2206341,0,27765735,-141021460,113255725,0,0,27765735,2251045590,223236160,2502047485,0,0,2392067050,109980435,2502047485
2020-04-17,1165,1190,1160,1175,2360249,2.1739130434782608,0,0,-305102,305102,0,0,0,1994187,366062,2360249,0,0,2299289,60960,2360249,0,0,-358640530,358640530,0,0,0,2343055495,430343515,2773399010,0,0,2701696025,71702985,2773399010
2020-04-20,1190,1215,1170,1195,2588308,1.702127659574468,0,0,-72591,72591,0,0,0,2243004,345304,2588308,0,0,2315595,272713,2588308,0,0,-88832640,88832640,0,0,0,2683939800,414794310,3098734110,0,0,2772772440,325961670,3098734110
2020-04-21,1190,1190,1090,1130,2910025,-5.439330543933055,0,2873,134073,-136946,0,0,2873,2371945,535207,2910025,0,0,2237872,672153,2910025,0,3254325,156862545,-160116870,0,0,3254325,2701678655,605666645,3310599625,0,0,2544816110,765783515,3310599625
2020-04-22,1110,1145,1075,1140,1099238,0.8849557522123894,0,5582,-101917,96335,0,0,5948,887497,205793,1099238,0,366,989414,109458,1099238,0,6131850,-113802170,107670320,0,0,6530790,983300170,228404420,1218235380,0,398940,1097102340,120734100,1218235380
2020-04-23,1170,1195,1135,1170,2961255,2.631578947368421,0,969,5676,-6645,0,0,2610,2764007,194638,2961255,0,1641,2758331,201283,2961255,0,1103915,7088200,-8192115,0,0,3007475,3237530785,227298885,3467837145,0,1903560,3230442585,235491000,3467837145
2020-04-24,1180,1205,1145,1160,2511368,-0.8547008547008548,0,6055,197234,-203289,0,0,6055,2416920,88393,2511368,0,0,2219686,291682,2511368,0,7078590,234276280,-241354870,0,0,7078590,2876966070,103535835,2987580495,0,0,2642689790,344890705,2987580495
2020-04-27,1385,1390,1250,1260,17414018,8.620689655172415,0,5431,546425,-551856,0,0,53619,16900800,459599,17414018,0,48188,16354375,1011455,17414018,0,6729860,719254110,-725983970,0,0,70670800,22299561820,611070195,22981302815,0,63940940,21580307710,1337054165,22981302815
2020-04-28,1275,1280,1220,1230,3166357,-2.380952380952381,0,-31459,16174,15285,0,0,0,3043446,122911,3166357,0,31459,3027272,107626,3166357,0,-38744570,20444080,18300490,0,0,0,3758992325,151768975,3910761300,0,38744570,3738548245,133468485,3910761300
2020-04-29,1220,1225,1150,1155,4971394,-6.097560975609756,0,27780,-71341,43561,0,0,53956,4685142,232296,4971394,0,26176,4756483,188735,4971394,0,32755120,-83336250,50581130,0,0,63048990,5517966140,274305465,5855320595,0,30293870,5601302390,223724335,5855320595
2020-05-04,1135,1145,1100,1135,1252903,-1.7316017316017316,0,41,-207993,207952,0,0,41,970783,282079,1252903,0,0,1178776,74127,1252903,0,46635,-233900610,233853975,0,0,46635,1094202935,317337390,1411586960,0,0,1328103545,83483415,1411586960
2020-05-06,1155,1160,1135,1150,1086117,1.3215859030837005,0,0,-27063,27063,0,0,0,982562,103555,1086117,0,0,1009625,76492,1086117,0,0,-30934455,30934455,0,0,0,1127196445,118830045,1246026490,0,0,1158130900,87895590,1246026490
2020-05-07,1150,1170,1120,1135,1664087,-1.3043478260869565,0,0,14063,-14063,0,0,0,1540454,123633,1664087,0,0,1526391,137696,1664087,0,0,16443970,-16443970,0,0,0,1752927200,140956360,1893883560,0,0,1736483230,157400330,1893883560
2020-05-08,1140,1190,1130,1165,3139334,2.643171806167401,0,315,-298401,298086,0,0,315,2637117,501902,3139334,0,0,2935518,203816,3139334,0,365505,-349767040,349401535,0,0,365505,3081096430,587423435,3668885370,0,0,3430863470,238021900,3668885370
2020-05-11,1175,1190,1155,1165,1360692,0.0,0,0,961,-961,0,0,0,1174469,186223,1360692,0,0,1173508,187184,1360692,0,0,1917950,-1917950,0,0,0,1372481300,217171800,1589653100,0,0,1370563350,219089750,1589653100
2020-05-12,1175,1175,1120,1160,1400047,-0.4291845493562232,0,0,4925,-4925,0,0,0,1213716,186331,1400047,0,0,1208791,191256,1400047,0,0,6749250,-6749250,0,0,0,1390871270,212913370,1603784640,0,0,1384122020,219662620,1603784640
2020-05-13,1140,1165,1125,1160,741947,0.0,0,151,-67896,67745,0,0,151,646319,95477,741947,0,0,714215,27732,741947,0,170630,-77740680,77570050,0,0,170630,739564205,109414455,849149290,0,0,817304885,31844405,849149290
2020-05-14,1170,1210,1160,1170,3343842,0.8620689655172413,0,800,288676,-289476,0,0,800,3108984,234058,3343842,0,0,2820308,523534,3343842,0,948750,337269500,-338218250,0,0,948750,3674435950,278036885,3953421585,0,0,3337166450,616255135,3953421585
2020-05-15,1215,1220,1170,1175,2010644,0.4273504273504274,0,750,17383,-18133,0,0,750,1919846,90048,2010644,0,0,1902463,108181,2010644,0,886750,20361835,-21248585,0,0,886750,2283006980,107396760,2391290490,0,0,2262645145,128645345,2391290490
2020-05-18,1175,1195,1150,1160,948391,-1.276595744680851,0,810,-83896,83086,0,0,810,824552,123029,948391,0,0,908448,39943,948391,0,947600,-97344100,96396500,0,0,947600,964023095,143347665,1108318360,0,0,1061367195,46951165,1108318360
2020-05-19,1165,1210,1150,1205,1858863,3.8793103448275863,0,-4000,-611801,615801,0,0,0,1190779,668084,1858863,0,4000,1802580,52283,1858863,0,-4780000,-730330160,735110160,0,0,0,1414204745,797097630,2211302375,0,4780000,2144534905,61987470,2211302375
2020-05-20,1220,1220,1190,1220,1732999,1.2448132780082988,0,0,-51989,51989,0,0,10000,1545094,177905,1732999,0,10000,1597083,125916,1732999,0,200000,-62365680,62165680,0,0,12150000,1864889175,214457610,2091496785,0,11950000,1927254855,152291930,2091496785
2020-05-21,1230,1245,1205,1215,1892911,-0.4098360655737705,0,0,-42429,42429,0,0,0,1699920,192991,1892911,0,0,1742349,150562,1892911,0,0,-51843835,51843835,0,0,0,2083242815,236174535,2319417350,0,0,2135086650,184330700,2319417350
2020-05-22,1225,1225,1155,1165,2387956,-4.11522633744856,0,-227974,255807,-27833,0,0,46390,2243406,98160,2387956,0,274364,1987599,125993,2387956,0,-265910140,300209845,-34299705,0,0,54235750,2710657960,114563185,2879456895,0,320145890,2410448115,148862890,2879456895
2020-05-25,1225,1225,1170,1185,1917333,1.7167381974248928,0,0,134044,-134044,0,0,0,1789312,128021,1917333,0,0,1655268,262065,1917333,0,0,159871880,-159871880,0,0,0,2139978235,152573770,2292552005,0,0,1980106355,312445650,2292552005
2020-05-26,1180,1200,1170,1185,906783,0.0,0,9511,-329332,319821,0,0,9511,558780,338492,906783,0,0,888112,18671,906783,0,11344145,-391057985,379713840,0,0,11344145,661452185,401768230,1074564560,0,0,1052510170,22054390,1074564560
2020-05-27,1195,1215,1180,1180,1125058,-0.42194092827004215,0,0,-46048,46048,0,0,0,988976,136082,1125058,0,0,1035024,90034,1125058,0,0,-54284580,54284580,0,0,0,1181287875,162275475,1343563350,0,0,1235572455,107990895,1343563350
2020-05-28,1185,1200,1125,1170,1523023,-0.847457627118644,0,-22759,61173,-38414,0,0,11241,1293304,218478,1523023,0,34000,1232131,256892,1523023,0,-25612035,70029075,-44417040,0,0,12977965,1496510320,251406655,1760894940,0,38590000,1426481245,295823695,1760894940
2020-05-29,1150,1165,1110,1120,1418431,-4.273504273504273,0,5302,-18932,13630,0,0,5302,1209158,203971,1418431,0,0,1228090,190341,1418431,0,5964200,-21544325,15580125,0,0,5964200,1357712740,229325630,1593002570,0,0,1379257065,213745505,1593002570
2020-06-01,1120,1145,1110,1135,541658,1.3392857142857142,0,21335,-58240,36905,0,0,21335,410479,109844,541658,0,0,468719,72939,541658,0,24043995,-65464555,41420560,0,0,24043995,462759835,123834665,610638495,0,0,528224390,82414105,610638495
2020-06-02,1135,1170,1120,1160,873985,2.2026431718061676,0,0,-248179,248179,0,0,0,597028,276957,873985,0,0,845207,28778,873985,0,0,-286118810,286118810,0,0,0,685263950,319050245,1004314195,0,0,971382760,32931435,1004314195
2020-06-03,1185,1185,1140,1155,834662,-0.43103448275862066,0,0,-26193,26193,0,0,0,755608,79054,834662,0,0,781801,52861,834662,0,0,-30066380,30066380,0,0,0,873142715,91383095,964525810,0,0,903209095,61316715,964525810
2020-06-04,1160,1165,1140,1150,511035,-0.4329004329004329,0,100,-22197,22097,0,0,100,429459,81476,511035,0,0,451656,59379,511035,0,114500,-25726720,25612220,0,0,114500,493958405,93901245,587974150,0,0,519685125,68289025,587974150
2020-06-05,1155,1175,1140,1170,748080,1.7391304347826086,0,650,-166315,165665,0,0,650,542720,204710,748080,0,0,709035,39045,748080,0,763750,-191976175,191212425,0,0,763750,629360045,236282695,866406490,0,0,821336220,45070270,866406490
2020-06-08,1185,1195,1155,1195,879097,2.1367521367521367,0,5000,-93960,88960,0,0,5000,723934,150163,879097,0,0,817894,61203,879097,0,5825000,-110101890,104276890,0,0,5825000,851452520,175978055,1033255575,0,0,961554410,71701165,1033255575
2020-06-09,1200,1200,1170,1180,887227,-1.2552301255230125,0,0,100398,-100398,0,0,0,851622,35605,887227,0,0,751224,136003,887227,0,0,119141020,-119141020,0,0,0,1008005525,42237880,1050243405,0,0,888864505,161378900,1050243405
2020-06-10,1180,1180,1130,1145,785680,-2.9661016949152543,0,0,17052,-17052,0,0,0,734454,51226,785680,0,0,717402,68278,785680,0,0,19898695,-19898695,0,0,0,844283490,58871165,903154655,0,0,824384795,78769860,903154655
2020-06-11,1145,1150,1110,1115,824085,-2.6200873362445414,0,4795,193847,-198642,0,0,4795,798653,20637,824085,0,0,604806,219279,824085,0,5412150,218246440,-223658590,0,0,5412150,898878675,23324110,927614935,0,0,680632235,246982700,927614935
2020-06-12,1055,1095,1035,1085,920037,-2.690582959641256,0,-2000,-35858,37858,0,0,5000,790283,124754,920037,0,7000,826141,86896,920037,0,-2053700,-38021655,40075355,0,0,5300000,842389420,132965710,980655130,0,7353700,880411075,92890355,980655130
2020-06-15,1085,1090,993,993,1179610,-8.479262672811059,0,7070,49556,-56626,0,0,7070,1035708,136832,1179610,0,0,986152,193458,1179610,0,7054075,55669488,-62723563,0,0,7054075,1073270006,139652521,1219976602,0,0,1017600518,202376084,1219976602
2020-06-16,1015,1055,1010,1030,898858,3.726082578046324,0,2211,-116684,114473,0,0,2211,728821,167826,898858,0,0,845505,53353,898858,0,2253885,-119741730,117487845,0,0,2253885,753112310,172884340,928250535,0,0,872854040,55396495,928250535
2020-06-17,1005,1035,998,1015,548941,-1.4563106796116505,0,5649,25014,-30663,0,0,5649,475825,67467,548941,0,0,450811,98130,548941,0,5682390,25089268,-30771658,0,0,5682390,481870858,68316997,555870245,0,0,456781590,99088655,555870245
2020-06-18,1015,1040,1005,1030,686365,1.477832512315271,-15228,-150273,150103,15398,0,0,77506,503346,105513,686365,15228,227779,353243,90115,686365,-15681635,-151118175,152281040,14518770,0,0,79639955,513201060,106885355,699726370,15681635,230758130,360920020,92366585,699726370
2020-06-19,1025,1045,1010,1045,408605,1.4563106796116505,0,0,-8966,8966,0,0,0,350189,58416,408605,0,0,359155,49450,408605,0,0,-9159930,9159930,0,0,0,359293500,59975055,419268555,0,0,368453430,50815125,419268555
2020-06-22,1045,1050,1005,1020,361031,-2.3923444976076556,0,-7879,66411,-58532,0,0,6620,341260,13151,361031,0,14499,274849,71683,361031,0,-8295910,68707285,-60411375,0,0,6723050,350821735,13428970,370973755,0,15018960,282114450,73840345,370973755
2020-06-23,1025,1030,992,994,856867,-2.549019607843137,0,19780,31826,-51606,0,0,29781,771646,55440,856867,0,10001,739820,107046,856867,0,19610559,31947563,-51558122,0,0,29711569,771297661,55440084,856449314,0,10101010,739350098,106998206,856449314
2020-06-24,996,1025,995,1000,657007,0.6036217303822937,0,3541,-53959,50418,0,0,3541,571164,82302,657007,0,0,625123,31884,657007,0,3535294,-54004664,50469370,0,0,3535294,572453143,82320238,658308675,0,0,626457807,31850868,658308675
2020-06-25,1000,1015,986,1000,479427,0.0,0,0,58847,-58847,0,0,0,418937,60490,479427,0,0,360090,119337,479427,0,0,58196357,-58196357,0,0,0,417259846,60309845,477569691,0,0,359063489,118506202,477569691
2020-06-26,1005,1015,994,996,308107,-0.4,0,13237,55729,-68966,0,0,16834,267699,23574,308107,0,3597,211970,92540,308107,0,13283582,55435951,-68719533,0,0,16878587,267315312,23562367,307756266,0,3595005,211879361,92281900,307756266
2020-06-29,996,1000,975,975,400860,-2.108433734939759,0,2907,133135,-136042,0,0,2907,394407,3546,400860,0,0,261272,139588,400860,0,2842896,130933903,-133776799,0,0,2842896,387509720,3478090,393830706,0,0,256575817,137254889,393830706
2020-06-30,978,1205,978,1050,14081386,7.6923076923076925,4651,1211,111070,-116932,0,4651,1213,13436587,638935,14081386,0,2,13325517,755867,14081386,4999825,1186529,135309747,-141496101,0,4999825,1188649,15013100361,695505665,15714794500,0,2120,14877790614,837001766,15714794500
2020-07-01,1040,1055,873,883,16045359,-15.904761904761905,1411193,84218,4406643,-5902054,0,5500000,84218,10000435,460706,16045359,4088807,0,5593792,6362760,16045359,1168521111,80046660,4198203579,-5446771350,0,5049000000,80046660,9443627276,441373097,15014047033,3880478889,0,5245423697,5888144447,15014047033
2020-07-02,879,895,831,850,5993460,-3.737259343148358,-1415844,0,1308837,107007,0,0,0,5515783,477677,5993460,1415844,0,4206946,370670,5993460,-1204296898,0,1113676559,90620339,0,0,0,4698554969,406925006,5105479975,1204296898,0,3584878410,316304667,5105479975
2020-07-03,844,864,840,852,3152357,0.2352941176470588,0,940,64719,-65659,0,0,940,2895246,256171,3152357,0,0,2830527,321830,3152357,0,796581,55899476,-56696057,0,0,796581,2467077123,217712196,2685585900,0,0,2411177647,274408253,2685585900
2020-07-06,841,851,829,843,1947151,-1.056338028169014,0,142,65602,-65744,0,0,142,1876242,70767,1947151,0,0,1810640,136511,1947151,0,118998,54796339,-54915337,0,0,118998,1571816330,59300584,1631235912,0,0,1517019991,114215921,1631235912
2020-07-07,849,851,826,827,1429027,-1.8979833926453145,0,401,121781,-122182,0,0,401,1363992,64634,1429027,0,0,1242211,186816,1429027,0,333495,102549495,-102882990,0,0,333495,1138904049,53886241,1193123785,0,0,1036354554,156769231,1193123785
2020-07-08,820,841,820,828,677701,0.12091898428053204,0,69146,-76329,7183,0,0,69146,583089,25466,677701,0,0,659418,18283,677701,0,57450811,-63286670,5835859,0,0,57450811,484727165,21119835,563297811,0,0,548013835,15283976,563297811
2020-07-09,829,832,814,817,1099826,-1.328502415458937,0,594,46958,-47552,0,0,594,1072606,26626,1099826,0,0,1025648,74178,1099826,0,489658,38494377,-38984035,0,0,489658,879526354,21839201,901855213,0,0,841031977,60823236,901855213
2020-07-10,817,828,790,793,1507315,-2.937576499388005,0,28737,-12356,-16381,0,0,28737,1412074,66504,1507315,0,0,1424430,82885,1507315,0,22918161,-9707356,-13210805,0,0,22918161,1132553315,53422275,1208893751,0,0,1142260671,66633080,1208893751
2020-07-13,797,808,789,805,623507,1.5132408575031526,0,13794,-61081,47287,0,0,13794,522470,87243,623507,0,0,583551,39956,623507,0,10997458,-48737562,37740104,0,0,10997458,417841456,69705242,498544156,0,0,466579018,31965138,498544156
2020-07-14,795,810,790,804,714733,-0.12422360248447205,0,35771,-91448,55677,0,0,35771,563258,115704,714733,0,0,654706,60027,714733,0,28512981,-72939213,44426232,0,0,28512981,450329942,92443217,571286140,0,0,523269155,48016985,571286140
2020-07-15,817,819,800,809,705427,0.6218905472636816,0,3,-62635,62632,0,0,3,601884,103540,705427,0,0,664519,40908,705427,0,2424,-50440908,50438484,0,0,2424,485598070,83526038,569126532,0,0,536038978,33087554,569126532
2020-07-16,815,833,809,826,1274517,2.1013597033374536,0,0,-48102,48102,0,0,0,1097544,176973,1274517,0,0,1145646,128871,1274517,0,0,-38810604,38810604,0,0,0,903662935,145236377,1048899312,0,0,942473539,106425773,1048899312
2020-07-17,830,833,818,826,921399,0.0,0,5042,44662,-49704,0,0,5042,853206,63151,921399,0,0,808544,112855,921399,0,4159683,36868502,-41028185,0,0,4159683,703740075,52119475,760019233,0,0,666871573,93147660,760019233
2020-07-20,829,829,812,814,673138,-1.4527845036319613,0,2,21625,-21627,0,0,2,618835,54301,673138,0,0,597210,75928,673138,0,1636,17796384,-17798020,0,0,1636,504939964,44315797,549257397,0,0,487143580,62113817,549257397
2020-07-21,814,827,806,806,920998,-0.9828009828009828,0,4,5117,-5121,0,0,4,874467,46527,920998,0,0,869350,51648,920998,0,3256,4102019,-4105275,0,0,3256,709280857,37900324,747184437,0,0,705178838,42005599,747184437
2020-07-22,806,806,796,800,693277,-0.7444168734491315,-10,3,12800,-12793,0,0,3,675456,17818,693277,10,0,662656,30611,693277,-8058,2406,10205758,-10200106,0,0,2406,539468069,14251752,553722227,8058,0,529262311,24451858,553722227
2020-07-23,805,805,786,788,913077,-1.5,0,2,61762,-61764,0,0,2,896104,16971,913077,0,0,834342,78735,913077,0,1582,49292068,-49293650,0,0,1582,710842379,13425609,724269570,0,0,661550311,62719259,724269570
2020-07-24,782,788,704,725,3319078,-7.994923857868021,0,2,-23834,23832,0,0,3,3111606,207469,3319078,0,1,3135440,183637,3319078,0,1524,-15837724,15836200,0,0,2290,2301081835,152357610,2453441735,0,766,2316919559,136521410,2453441735
2020-07-27,720,730,716,719,639020,-0.8275862068965517,0,6942,-86075,79133,0,0,6942,537977,94101,639020,0,0,624052,14968,639020,0,5006543,-61998371,56991828,0,0,5006543,387611233,67811310,460429086,0,0,449609604,10819482,460429086
2020-07-28,720,724,704,704,953611,-2.086230876216968,0,72,-55628,55556,0,0,72,856548,96991,953611,0,0,912176,41435,953611,0,51696,-39474237,39422541,0,0,51696,608513578,68943999,677509273,0,0,647987815,29521458,677509273
2020-07-29,709,736,703,729,962770,3.5511363636363638,0,9918,-76459,66541,0,0,9918,832336,120516,962770,0,0,908795,53975,962770,0,7012047,-54743311,47731264,0,0,7012047,602213199,86593667,695818913,0,0,656956510,38862403,695818913
2020-07-30,737,742,710,731,1150130,0.2743484224965706,0,72,-109298,109226,0,0,72,958797,191261,1150130,0,0,1068095,82035,1150130,0,52488,-78427967,78375479,0,0,52488,696760602,138268249,835081339,0,0,775188569,59892770,835081339
2020-07-31,730,736,719,719,648824,-1.6415868673050615,0,69,90099,-90168,0,0,69,631680,17075,648824,0,0,541581,107243,648824,0,50232,65454858,-65505090,0,0,50232,457732884,12342948,470126064,0,0,392278026,77848038,470126064
2020-08-03,711,726,710,720,356079,0.13908205841446453,0,69,-87558,87489,0,0,69,229265,126745,356079,0,0,316823,39256,356079,0,49818,-62988329,62938511,0,0,49818,164910605,91205104,256165527,0,0,227898934,28266593,256165527
2020-08-04,723,737,721,733,472413,1.8055555555555554,0,-9845,-153293,163138,0,0,70,300808,171535,472413,0,9915,454101,8397,472413,0,-7216248,-112247518,119463766,0,0,51447,220093701,125595138,345740286,0,7267695,332341219,6131372,345740286
2020-08-05,734,773,727,762,1337293,3.956343792633015,0,70,220987,-221057,0,0,184,1226820,110289,1337293,0,114,1005833,331346,1337293,0,51207,168264002,-168315209,0,0,138574,928828420,82701191,1011668185,0,87367,760564418,251016400,1011668185
2020-08-06,757,765,749,755,750544,-0.9186351706036745,0,69,48049,-48118,0,0,69,665698,84777,750544,0,0,617649,132895,750544,0,52163,35830133,-35882296,0,0,52163,503355332,64263701,567671196,0,0,467525199,100145997,567671196
2020-08-07,760,775,746,760,738186,0.6622516556291391,0,0,48038,-48038,0,0,0,648992,89194,738186,0,0,600954,137232,738186,0,0,36361860,-36361860,0,0,0,492597027,67788818,560385845,0,0,456235167,104150678,560385845
2020-08-10,760,760,735,744,931258,-2.1052631578947367,0,69,-1129,1060,0,0,69,841343,89846,931258,0,0,842472,88786,931258,0,51474,-537233,485759,0,0,51474,626100230,66854555,693006259,0,0,626637463,66368796,693006259
2020-08-11,740,757,737,747,573581,0.4032258064516129,0,0,-120165,120165,0,0,0,427938,145643,573581,0,0,548103,25478,573581,0,0,-89749260,89749260,0,0,0,318060642,108743829,426804471,0,0,407809902,18994569,426804471
2020-08-12,745,755,731,737,853854,-1.3386880856760375,0,69,2304,-2373,0,0,69,757566,96219,853854,0,0,755262,98592,853854,0,51615,1588211,-1639826,0,0,51615,560798890,71366441,632216946,0,0,559210679,73006267,632216946
2020-08-13,741,776,741,763,1178387,3.5278154681139755,0,8000,-173332,165332,0,0,8000,916809,253578,1178387,0,0,1090141,88246,1178387,0,6120000,-132238904,126118904,0,0,6120000,700628684,193312420,900061104,0,0,832867588,67193516,900061104
2020-08-14,778,823,774,780,3860283,2.2280471821756227,0,-3191,385849,-382658,0,0,1016,3720649,138618,3860283,0,4207,3334800,521276,3860283,0,-2544774,310982749,-308437975,0,0,821956,2964441744,109791224,3075054924,0,3366730,2653458995,418229199,3075054924
2020-08-18,777,790,731,731,1656247,-6.282051282051282,0,-2728,139580,-136852,0,0,1065,1578207,76975,1656247,0,3793,1438627,213827,1656247,0,-2105364,105027524,-102922160,0,0,807660,1183427988,58172744,1242408392,0,2913024,1078400464,161094904,1242408392
2020-08-19,737,747,723,745,930734,1.915184678522572,0,0,-55198,55198,0,0,0,805058,125676,930734,0,0,860256,70478,930734,0,0,-40698360,40698360,0,0,0,592639661,92411054,685050715,0,0,633338021,51712694,685050715
2020-08-20,748,754,707,714,1322635,-4.1610738255033555,0,0,115934,-115934,0,0,0,1211423,111212,1322635,0,0,1095489,227146,1322635,0,0,84987929,-84987929,0,0,0,878108047,80908898,959016945,0,0,793120118,165896827,959016945
2020-08-21,724,740,715,715,554318,0.1400560224089636,0,0,37074,-37074,0,0,0,523600,30718,554318,0,0,486526,67792,554318,0,0,26688660,-26688660,0,0,0,377094690,22151369,399246059,0,0,350406030,48840029,399246059
2020-08-24,719,729,705,706,566828,-1.2587412587412588,0,0,1821,-1821,0,0,0,526634,40194,566828,0,0,524813,42015,566828,0,0,1348822,-1348822,0,0,0,375788922,28694807,404483729,0,0,374440100,30043629,404483729
2020-08-25,715,737,709,728,727611,3.1161473087818696,0,-1300,-307538,308838,0,0,0,386856,340755,727611,0,1300,694394,31917,727611,0,-941200,-222543751,223484951,0,0,0,280605388,246577757,527183145,0,941200,503149139,23092806,527183145
2020-08-26,737,742,718,735,747608,0.9615384615384616,0,0,-63548,63548,0,0,0,593261,154347,747608,0,0,656809,90799,747608,0,0,-47507295,47507295,0,0,0,432745439,113249419,545994858,0,0,480252734,65742124,545994858
2020-08-27,735,739,710,711,742589,-3.2653061224489797,0,0,326621,-326621,0,0,0,715205,27384,742589,0,0,388584,354005,742589,0,0,236437143,-236437143,0,0,0,515665449,19636971,535302420,0,0,279228306,256074114,535302420
2020-08-28,709,727,703,705,863924,-0.8438818565400843,0,-27000,27872,-872,0,0,0,746498,117426,863924,0,27000,718626,118298,863924,0,-19330715,19489115,-158400,0,0,0,530868887,83823471,614692358,0,19330715,511379772,83981871,614692358
2020-08-31,706,734,706,722,646405,2.4113475177304964,0,0,-226208,226208,0,0,0,391608,254797,646405,0,0,617816,28589,646405,0,0,-163188265,163188265,0,0,0,282594613,183842658,466437271,0,0,445782878,20654393,466437271
2020-09-01,729,736,710,716,440706,-0.8310249307479225,0,0,17877,-17877,0,0,0,390044,50662,440706,0,0,372167,68539,440706,0,0,13023116,-13023116,0,0,0,280618440,36386288,317004728,0,0,267595324,49409404,317004728
2020-09-02,716,742,716,734,649037,2.5139664804469275,0,0,-143269,143269,0,0,0,473543,175494,649037,0,0,616812,32225,649037,0,0,-104603473,104603473,0,0,0,346394652,128123249,474517901,0,0,450998125,23519776,474517901
2020-09-03,739,756,731,753,744851,2.588555858310627,0,0,-65736,65736,0,0,0,605247,139604,744851,0,0,670983,73868,744851,0,0,-48541798,48541798,0,0,0,453300492,104018389,557318881,0,0,501842290,55476591,557318881
2020-09-04,732,747,725,741,701559,-1.593625498007968,0,-2000,104883,-102883,0,0,0,673147,28412,701559,0,2000,568264,131295,701559,0,-1458650,77465190,-76006540,0,0,0,495268726,20863798,516132524,0,1458650,417803536,96870338,516132524
2020-09-07,744,773,733,756,955918,2.0242914979757085,0,0,-146658,146658,0,0,0,755904,200014,955918,0,0,902562,53356,955918,0,0,-111451931,111451931,0,0,0,571164473,151585685,722750158,0,0,682616404,40133754,722750158
2020-09-08,760,779,748,752,558634,-0.5291005291005291,0,0,54937,-54937,0,0,0,506067,52567,558634,0,0,451130,107504,558634,0,0,41481661,-41481661,0,0,0,384386501,40262905,424649406,0,0,342904840,81744566,424649406
2020-09-09,740,741,720,721,1351467,-4.122340425531915,0,-247638,385391,-137753,0,0,20762,1272515,58190,1351467,0,268400,887124,195943,1351467,0,-181251996,281501196,-100249200,0,0,15023537,925546601,42539236,983109374,0,196275533,644045405,142788436,983109374
2020-09-10,722,742,721,726,413529,0.6934812760055479,0,0,-36866,36866,0,0,0,347643,65886,413529,0,0,384509,29020,413529,0,0,-26795901,26795901,0,0,0,251958438,47824265,299782703,0,0,278754339,21028364,299782703
2020-09-11,720,741,720,735,573311,1.2396694214876034,0,43674,-182366,138692,0,0,43674,368032,161605,573311,0,0,550398,22913,573311,0,31733725,-132622854,100889129,0,0,31733725,268379228,117559196,417672149,0,0,401002082,16670067,417672149
2020-09-14,737,766,737,761,770307,3.537414965986395,0,0,-301105,301105,0,0,0,440053,330254,770307,0,0,741158,29149,770307,0,0,-228134134,228134134,0,0,0,333579598,250028673,583608271,0,0,561713732,21894539,583608271
2020-09-15,767,772,737,757,809227,-0.5256241787122208,0,0,3433,-3433,0,0,0,716946,92281,809227,0,0,713513,95714,809227,0,0,3533101,-3533101,0,0,0,541839536,69042439,610881975,0,0,538306435,72575540,610881975
2020-09-16,757,775,750,766,890489,1.1889035667107,0,0,20733,-20733,0,0,0,821519,68970,890489,0,0,800786,89703,890489,0,0,16019753,-16019753,0,0,0,630223705,52712184,682935889,0,0,614203952,68731937,682935889
2020-09-17,770,772,734,739,907629,-3.524804177545692,0,0,221546,-221546,0,0,0,886178,21451,907629,0,0,664632,242997,907629,0,0,166127727,-166127727,0,0,0,662629368,16089605,678718973,0,0,496501641,182217332,678718973
2020-09-18,739,746,729,742,554829,0.40595399188092013,0,0,143171,-143171,0,0,0,524774,30055,554829,0,0,381603,173226,554829,0,0,105085328,-105085328,0,0,0,385836436,22109764,407946200,0,0,280751108,127195092,407946200
2020-09-21,746,775,741,756,838557,1.8867924528301887,0,0,-144099,144099,0,0,0,571434,267123,838557,0,0,715533,123024,838557,0,0,-111409979,111409979,0,0,0,432059556,203591576,635651132,0,0,543469535,92181597,635651132
2020-09-22,756,760,705,717,1264802,-5.158730158730158,0,0,209329,-209329,0,0,0,1175531,89271,1264802,0,0,966202,298600,1264802,0,0,152460663,-152460663,0,0,0,846269461,64236764,910506225,0,0,693808798,216697427,910506225
2020-09-23,725,729,705,713,780075,-0.5578800557880056,0,14656,-29198,14542,0,0,14656,655508,109911,780075,0,0,684706,95369,780075,0,10475712,-20659916,10184204,0,0,10475712,468431360,78533887,557440959,0,0,489091276,68349683,557440959
2020-09-24,704,707,683,686,1024864,-3.7868162692847123,0,0,154955,-154955,0,0,0,996758,28106,1024864,0,0,841803,183061,1024864,0,0,107339970,-107339970,0,0,0,689716825,19464217,709181042,0,0,582376855,126804187,709181042
2020-09-25,690,699,685,686,441337,0.0,0,0,17313,-17313,0,0,0,413036,28301,441337,0,0,395723,45614,441337,0,0,11931094,-11931094,0,0,0,285640586,19563158,305203744,0,0,273709492,31494252,305203744
2020-09-28,694,722,694,720,888913,4.956268221574344,0,22392,-156233,133841,0,0,22392,646503,220018,888913,0,0,802736,86177,888913,0,15767097,-111077938,95310841,0,0,15767097,459317409,156362564,631447070,0,0,570395347,61051723,631447070
2020-09-29,725,744,716,724,811024,0.5555555555555556,0,0,-298074,298074,0,0,0,493738,317286,811024,0,0,791812,19212,811024,0,0,-217571061,217571061,0,0,0,360032562,231677792,591710354,0,0,577603623,14106731,591710354
2020-10-05,720,738,712,727,808312,0.4143646408839779,0,0,-106927,106927,0,0,0,550510,257802,808312,0,0,657437,150875,808312,0,0,-77527217,77527217,0,0,0,399749270,187054439,586803709,0,0,477276487,109527222,586803709
2020-10-06,731,732,715,723,625600,-0.5502063273727648,0,0,36418,-36418,0,0,0,552304,73296,625600,0,0,515886,109714,625600,0,0,26280711,-26280711,0,0,0,399309452,53000953,452310405,0,0,373028741,79281664,452310405
2020-10-07,723,729,713,724,908271,0.13831258644536654,0,0,-117448,117448,0,0,0,716240,192031,908271,0,0,833688,74583,908271,0,0,-84937247,84937247,0,0,0,515006359,138647486,653653845,0,0,599943606,53710239,653653845
2020-10-08,725,726,685,691,11600419,-4.558011049723757,0,0,3481435,-3481435,0,0,0,5476152,6124267,11600419,0,0,1994717,9605702,11600419,0,0,2449793631,-2449793631,0,0,0,3847757837,3844220821,7691978658,0,0,1397964206,6294014452,7691978658
2020-10-12,694,694,642,680,3483741,-1.5918958031837915,0,0,-88976,88976,0,0,0,3112860,370881,3483741,0,0,3201836,281905,3483741,0,0,-56537617,56537617,0,0,0,2075190345,245814553,2321004898,0,0,2131727962,189276936,2321004898
2020-10-13,680,682,665,670,908302,-1.4705882352941175,0,0,138597,-138597,0,0,0,877680,30622,908302,0,0,739083,169219,908302,0,0,93366765,-93366765,0,0,0,589560329,20535023,610095352,0,0,496193564,113901788,610095352
2020-10-14,670,686,664,674,754463,0.5970149253731344,0,0,66623,-66623,0,0,0,737436,17027,754463,0,0,670813,83650,754463,0,0,44969721,-44969721,0,0,0,496721608,11412018,508133626,0,0,451751887,56381739,508133626
2020-10-15,674,681,655,663,839716,-1.6320474777448073,0,0,144002,-144002,0,0,0,812144,27572,839716,0,0,668142,171574,839716,0,0,95958416,-95958416,0,0,0,540066557,18329627,558396184,0,0,444108141,114288043,558396184
2020-10-16,655,671,639,642,924738,-3.167420814479638,0,62084,-24300,-37784,0,0,62084,798415,64239,924738,0,0,822715,102023,924738,0,40407559,-15463860,-24943699,0,0,40407559,520584995,42134550,603127104,0,0,536048855,67078249,603127104
2020-10-19,637,651,633,640,399232,-0.3115264797507788,0,0,-5933,5933,0,0,0,357552,41680,399232,0,0,363485,35747,399232,0,0,-3756185,3756185,0,0,0,229253506,26762167,256015673,0,0,233009691,23005982,256015673
2020-10-20,637,642,624,632,642635,-1.25,0,27599,14596,-42195,0,0,27599,583064,31972,642635,0,0,568468,74167,642635,0,17421043,9276795,-26697838,0,0,17421043,367551770,20213176,405185989,0,0,358274975,46911014,405185989
2020-10-21,631,670,626,660,1485385,4.430379746835443,0,2499,-148199,145700,0,0,2499,1263189,219697,1485385,0,0,1411388,73997,1485385,0,1595779,-94760596,93164817,0,0,1595779,819599789,141988941,963184509,0,0,914360385,48824124,963184509
2020-10-22,653,658,644,647,413432,-1.9696969696969695,0,552,2492,-3044,0,0,552,383928,28952,413432,0,0,381436,31996,413432,0,356314,1705863,-2062177,0,0,356314,249146776,18751993,268255083,0,0,247440913,20814170,268255083
2020-10-23,650,651,638,648,448609,0.1545595054095827,0,28883,-53331,24448,0,0,28883,372800,46926,448609,0,0,426131,22478,448609,0,18645760,-34421339,15775579,0,0,18645760,240182388,30275182,289103330,0,0,274603727,14499603,289103330
2020-10-26,653,654,632,632,374318,-2.4691358024691357,0,13600,43038,-56638,0,0,13600,327643,33075,374318,0,0,284605,89713,374318,0,8629759,27514032,-36143791,0,0,8629759,208831064,21144195,238605018,0,0,181317032,57287986,238605018
2020-10-27,632,633,614,621,578597,-1.740506329113924,0,0,55339,-55339,0,0,0,526687,51910,578597,0,0,471348,107249,578597,0,0,34472582,-34472582,0,0,0,336595264,32243692,368838956,0,0,302122682,66716274,368838956
2020-10-28,688,807,670,807,15422755,29.951690821256037,0,0,89271,-89271,0,0,23308,15319383,80064,15422755,0,23308,15230112,169335,15422755,0,0,66562258,-66562258,0,0,18809556,12002954631,57012413,12078776600,0,18809556,11936392373,123574671,12078776600
2020-10-29,861,968,780,847,99321758,4.956629491945478,0,340,414365,-414705,0,0,10340,94875443,4435975,99321758,0,10000,94461078,4850680,99321758,0,-698233,357559063,-356860830,0,0,8384160,84223542108,3982611384,88214537652,0,9082393,83865983045,4339472214,88214537652
2020-10-30,863,917,809,818,21447398,-3.4238488783943333,0,36400,5229,-41629,0,0,55945,20447796,943657,21447398,0,19545,20442567,985286,21447398,0,30466820,9142258,-39609078,0,0,47573420,17595914301,806246011,18449733732,0,17106600,17586772043,845855089,18449733732
2020-11-02,833,854,798,820,7611577,0.24449877750611246,0,-36400,64325,-27925,0,0,1,7221269,390307,7611577,0,36401,7156944,418232,7611577,0,-30078655,51783258,-21704603,0,0,840,5971104430,324072006,6295177276,0,30079495,5919321172,345776609,6295177276
2020-11-03,812,820,729,747,15169932,-8.902439024390244,0,0,1280077,-1280077,0,0,0,9702613,5467319,15169932,0,0,8422536,6747396,15169932,0,0,1000524148,-1000524148,0,0,0,7484003360,4152139185,11636142545,0,0,6483479212,5152663333,11636142545
2020-11-04,747,758,710,712,6089580,-4.685408299866131,0,28045,121402,-149447,0,0,34045,5413074,642461,6089580,0,6000,5291672,791908,6089580,0,20127859,96034681,-116162540,0,0,24483859,3973831893,469154462,4467470214,0,4356000,3877797212,585317002,4467470214
2020-11-05,724,762,717,751,7484061,5.477528089887641,0,-23045,344458,-321413,0,0,14000,6955778,514283,7484061,0,37045,6611320,835696,7484061,0,-17214042,255865398,-238651356,0,0,10353600,5174126578,382016679,5566496857,0,27567642,4918261180,620668035,5566496857
2020-11-06,743,764,725,732,5100669,-2.5299600532623168,0,-5000,598948,-593948,0,0,5000,4903032,192637,5100669,0,10000,4304084,786585,5100669,0,-3692545,446756026,-443063481,0,0,3716400,3636465107,141930896,3782112403,0,7408945,3189709081,584994377,3782112403
2020-11-09,738,746,732,739,2000196,0.9562841530054645,0,0,-35519,35519,0,0,0,1828738,171458,2000196,0,0,1864257,135939,2000196,0,0,-26095507,26095507,0,0,0,1349650179,126601664,1476251843,0,0,1375745686,100506157,1476251843
2020-11-10,739,797,732,758,9456133,2.571041948579161,0,0,103032,-103032,0,0,0,8595490,860643,9456133,0,0,8492458,963675,9456133,0,0,89147516,-89147516,0,0,0,6615010707,658153270,7273163977,0,0,6525863191,747300786,7273163977
2020-11-11,758,761,724,731,3094637,-3.562005277044855,0,27127,-37896,10769,0,0,27127,2872093,195417,3094637,0,0,2909989,184648,3094637,0,19865352,-27565389,7700037,0,0,19865352,2106419694,143408045,2269693091,0,0,2133985083,135708008,2269693091
2020-11-12,733,764,727,749,4185741,2.462380300957592,0,0,-415325,415325,0,0,0,3511763,673978,4185741,0,0,3927088,258653,4185741,0,0,-309571913,309571913,0,0,0,2620549406,503019154,3123568560,0,0,2930121319,193447241,3123568560
2020-11-13,755,761,731,733,2745280,-2.1361815754339117,0,0,262090,-262090,0,0,0,2638116,107164,2745280,0,0,2376026,369254,2745280,0,0,194115755,-194115755,0,0,0,1948146967,80694453,2028841420,0,0,1754031212,274810208,2028841420
2020-11-16,707,721,700,715,2131760,-2.455661664392906,0,32555,-167766,135211,0,0,32555,1871005,228200,2131760,0,0,2038771,92989,2131760,0,23270248,-118903432,95633184,0,0,23270248,1328863560,161900661,1514034469,0,0,1447766992,66267477,1514034469
2020-11-17,711,716,703,710,1197099,-0.6993006993006993,0,0,-16246,16246,0,0,0,1062326,134773,1197099,0,0,1078572,118527,1197099,0,0,-11556929,11556929,0,0,0,751878269,95630486,847508755,0,0,763435198,84073557,847508755
2020-11-18,710,715,704,708,1070464,-0.28169014084507044,0,0,-186796,186796,0,0,0,844227,226237,1070464,0,0,1031023,39441,1070464,0,0,-132847063,132847063,0,0,0,599301716,160827855,760129571,0,0,732148779,27980792,760129571
2020-11-19,711,713,640,697,2997225,-1.5536723163841808,0,26090,256821,-282911,0,0,28312,2791998,176915,2997225,0,2222,2535177,459826,2997225,0,17787683,178651523,-196439206,0,0,19311048,1919693533,121704113,2060708694,0,1523365,1741042010,318143319,2060708694
2020-11-20,697,714,695,713,1437759,2.295552367288379,0,258,-502438,502180,0,0,258,899274,538227,1437759,0,0,1401712,36047,1437759,0,182852,-355002216,354819364,0,0,182852,635507405,380250461,1015940718,0,0,990509621,25431097,1015940718
2020-11-23,717,728,715,723,1404044,1.402524544179523,0,12,-93773,93761,0,0,12,1182990,221042,1404044,0,0,1276763,127281,1404044,0,8676,-67800902,67792226,0,0,8676,853702662,159635861,1013347199,0,0,921503564,91843635,1013347199
2020-11-24,729,757,718,749,2797166,3.5961272475795294,0,-4444,-371139,375583,0,0,0,2291953,505213,2797166,0,4444,2663092,129630,2797166,0,-3275962,-273730074,277006036,0,0,0,1708416866,374250336,2082667202,0,3275962,1982146940,97244300,2082667202
2020-11-25,766,766,716,731,2623149,-2.403204272363151,0,-25000,19422,5578,0,0,0,2240471,382678,2623149,0,25000,2221049,377100,2623149,0,-18612750,14135334,4477416,0,0,0,1665664401,285035399,1950699800,0,18612750,1651529067,280557983,1950699800
2020-11-26,731,745,721,726,1417989,-0.6839945280437756,0,0,-73397,73397,0,0,0,1173139,244850,1417989,0,0,1246536,171453,1417989,0,0,-54797642,54797642,0,0,0,858281703,179875501,1038157204,0,0,913079345,125077859,1038157204
2020-11-27,721,723,693,702,1877198,-3.3057851239669422,0,0,416908,-416908,0,0,0,1830244,46954,1877198,0,0,1413336,463862,1877198,0,0,293386433,-293386433,0,0,0,1289691388,33260242,1322951630,0,0,996304955,326646675,1322951630
2020-11-30,702,712,690,691,1271449,-1.566951566951567,0,1421,-3020,1599,0,0,1761,1184799,84889,1271449,0,340,1187819,83290,1271449,0,977710,-1873342,895632,0,0,1216390,828372758,59521894,889111042,0,238680,830246100,58626262,889111042
2020-12-01,693,700,689,691,991756,0.0,0,0,212753,-212753,0,0,0,933057,58699,991756,0,0,720304,271452,991756,0,0,147457456,-147457456,0,0,0,647393936,40738329,688132265,0,0,499936480,188195785,688132265
2020-12-02,696,705,693,695,698788,0.5788712011577424,0,1888,-107689,105801,0,0,1888,518866,178034,698788,0,0,626555,72233,698788,0,1318824,-75416928,74098104,0,0,1318824,362485098,124572934,488376856,0,0,437902026,50474830,488376856
2020-12-03,695,705,687,690,1283282,-0.7194244604316548,0,0,143196,-143196,0,0,0,1233518,49764,1283282,0,0,1090322,192960,1283282,0,0,100164404,-100164404,0,0,0,856807517,34425655,891233172,0,0,756643113,134590059,891233172
2020-12-04,697,697,676,679,1435297,-1.5942028985507246,0,13545,164996,-178541,0,0,13545,1382643,39109,1435297,0,0,1217647,217650,1435297,0,9229233,112371986,-121601219,0,0,9229233,940398585,26562981,976190799,0,0,828026599,148164200,976190799
2020-12-07,679,694,668,678,1402512,-0.14727540500736377,0,0,85646,-85646,0,0,0,1298026,104486,1402512,0,0,1212380,190132,1402512,0,0,58285223,-58285223,0,0,0,874537906,70227433,944765339,0,0,816252683,128512656,944765339
2020-12-08,675,698,671,678,911746,0.0,0,0,12690,-12690,0,0,0,792861,118885,911746,0,0,780171,131575,911746,0,0,9004394,-9004394,0,0,0,538536496,80690101,619226597,0,0,529532102,89694495,619226597
2020-12-09,682,690,673,680,832227,0.2949852507374631,0,6059,-80148,74089,0,0,6059,724338,101830,832227,0,0,804486,27741,832227,0,4139081,-54666515,50527434,0,0,4139081,494603390,69526554,568269025,0,0,549269905,18999120,568269025
2020-12-10,681,682,665,672,1325452,-1.1764705882352942,0,0,229923,-229923,0,0,0,1257112,68340,1325452,0,0,1027189,298263,1325452,0,0,153955166,-153955166,0,0,0,842291234,45737563,888028797,0,0,688336068,199692729,888028797
2020-12-11,667,683,666,683,781592,1.636904761904762,0,2,-117384,117382,0,0,2,645373,136217,781592,0,0,762757,18835,781592,0,1353,-78939267,78937914,0,0,1353,435801222,91610991,527413566,0,0,514740489,12673077,527413566
2020-12-14,675,675,640,646,2657411,-5.417276720351391,0,5410,125787,-131197,0,0,5410,2560105,91896,2657411,0,0,2434318,223093,2657411,0,3552387,82880480,-86432867,0,0,3552387,1671363220,59791079,1734706686,0,0,1588482740,146223946,1734706686
2020-12-15,648,652,634,643,1103949,-0.46439628482972134,0,233,70307,-70540,0,0,233,1044497,59219,1103949,0,0,974190,129759,1103949,0,149586,45206739,-45356325,0,0,149586,667656478,37845686,705651750,0,0,622449739,83202011,705651750
2020-12-16,643,656,641,645,879472,0.3110419906687403,0,0,-40570,40570,0,0,0,679324,200148,879472,0,0,719894,159578,879472,0,0,-26842926,26842926,0,0,0,438971031,130182638,569153669,0,0,465813957,103339712,569153669
2020-12-17,645,654,640,648,751218,0.46511627906976744,0,4444,-23964,19520,0,0,4444,659126,87648,751218,0,0,683090,68128,751218,0,2866380,-15094608,12228228,0,0,2866380,425430645,56416868,484713893,0,0,440525253,44188640,484713893
2020-12-18,648,654,645,651,584360,0.4629629629629629,0,10000,16517,-26517,0,0,11111,511208,62041,584360,0,1111,494691,88558,584360,0,6486660,10676954,-17163614,0,0,7211595,331994915,40292900,379499410,0,724935,321317961,57456514,379499410
2020-12-21,651,652,639,643,533398,-1.228878648233487,0,2860,63221,-66081,0,0,2860,516042,14496,533398,0,0,452821,80577,533398,0,1835955,40801233,-42637188,0,0,1835955,332097580,9322941,343256476,0,0,291296347,51960129,343256476
2020-12-22,644,646,624,627,2011790,-2.488335925349922,0,2249,87776,-90025,0,0,2249,947165,1062376,2011790,0,0,859389,1152401,2011790,0,1425433,55334037,-56759470,0,0,1425433,598860885,581708119,1181994437,0,0,543526848,638467589,1181994437
2020-12-23,627,638,590,592,7986060,-5.582137161084529,0,19480,1299776,-1319256,0,0,19480,3037886,4928694,7986060,0,0,1738110,6247950,7986060,0,11687023,784716904,-796403927,0,0,11687023,1830789370,2716649712,4559126105,0,0,1046072466,3513053639,4559126105
2020-12-24,597,602,543,549,3607713,-7.263513513513513,0,-1035,868601,-867566,0,0,27791,3319140,260782,3607713,0,28826,2450539,1128348,3607713,0,-483679,489659999,-489176320,0,0,15527039,1862747391,146646681,2024921111,0,16010718,1373087392,635823001,2024921111
2020-12-28,550,554,522,528,1751047,-3.825136612021858,0,7233,-82515,75282,0,0,7233,1524647,219167,1751047,0,0,1607162,143885,1751047,0,3829858,-43667139,39837281,0,0,3829858,808739860,116301398,928871116,0,0,852406999,76464117,928871116
2020-12-29,525,547,525,547,814822,3.5984848484848486,0,-2757,-80631,83388,0,0,7313,701568,105941,814822,0,10070,782199,22553,814822,0,-1574411,-43160547,44734958,0,0,3923529,377411477,56852072,438187078,0,5497940,420572024,12117114,438187078
2020-12-30,550,628,543,568,4924538,3.8391224862888484,0,-1232,623136,-621904,0,0,991,4321324,602223,4924538,0,2223,3698188,1224127,4924538,0,-684973,362724296,-362039323,0,0,559921,2514999011,342160774,2857719706,0,1244894,2152274715,704200097,2857719706
2021-01-04,571,576,561,569,906384,0.17605633802816903,0,444,14185,-14629,0,0,444,858066,47874,906384,0,0,843881,62503,906384,0,249972,8076962,-8326934,0,0,249972,485724830,27097413,513072215,0,0,477647868,35424347,513072215
2021-01-05,569,573,559,573,987450,0.7029876977152899,0,13148,-257837,244689,0,0,13148,662379,311923,987450,0,0,920216,67234,987450,0,7461776,-146071264,138609488,0,0,7461776,374982512,176661631,559105919,0,0,521053776,38052143,559105919
2021-01-06,570,597,570,587,1433176,2.4432809773123907,0,0,24042,-24042,0,0,0,1297998,135178,1433176,0,0,1273956,159220,1433176,0,0,14870051,-14870051,0,0,0,760519650,78457514,838977164,0,0,745649599,93327565,838977164
2021-01-07,589,640,583,600,4251920,2.2146507666098807,0,1852,557863,-559715,0,0,4848,3982000,265072,4251920,0,2996,3424137,824787,4251920,0,1074375,338432821,-339507196,0,0,2933575,2423394623,161839248,2588167446,0,1859200,2084961802,501346444,2588167446
2021-01-08,600,602,580,584,1480953,-2.666666666666667,0,10060,191143,-201203,0,0,12620,1392638,75695,1480953,0,2560,1201495,276898,1480953,0,5887885,112755570,-118643455,0,0,7382925,816711286,44567805,868662016,0,1495040,703955716,163211260,868662016
2021-01-11,585,586,552,559,1157842,-4.280821917808219,0,7022,94125,-101147,0,0,7022,1039140,111680,1157842,0,0,945015,212827,1157842,0,3921912,54511720,-58433632,0,0,3921912,586250459,62601735,652774106,0,0,531738739,121035367,652774106
2021-01-12,558,566,553,561,595429,0.35778175313059035,0,0,36846,-36846,0,0,0,520414,75015,595429,0,0,483568,111861,595429,0,0,20938455,-20938455,0,0,0,291403436,41932159,333335595,0,0,270464981,62870614,333335595
2021-01-13,563,568,556,568,642244,1.2477718360071302,0,-1111,-67267,68378,0,0,0,557072,85172,642244,0,1111,624339,16794,642244,0,-627715,-37720818,38348533,0,0,0,313670870,47831411,361502281,0,627715,351391688,9482878,361502281
2021-01-14,565,586,560,580,775364,2.112676056338028,0,322,-138186,137864,0,0,322,617095,157947,775364,0,0,755281,20083,775364,0,182764,-79521796,79339032,0,0,182764,354860885,90927986,445971635,0,0,434382681,11588954,445971635
2021-01-15,588,633,581,603,4739917,3.9655172413793105,0,1319,9022,-10341,0,0,45043,4342310,352564,4739917,0,43724,4333288,362905,4739917,0,1472203,6171644,-7643847,0,0,27795088,2642495002,213217622,2883507712,0,26322885,2636323358,220861469,2883507712
2021-01-18,603,610,585,593,1390999,-1.658374792703151,0,1000,81628,-82628,0,0,1000,1334350,55649,1390999,0,0,1252722,138277,1390999,0,590497,49231341,-49821838,0,0,590497,797449965,33118832,831159294,0,0,748218624,82940670,831159294
2021-01-19,590,605,587,595,964932,0.33726812816188867,0,344,-99945,99601,0,0,344,819731,144857,964932,0,0,919676,45256,964932,0,204680,-59581527,59376847,0,0,204680,487438218,86398460,574041358,0,0,547019745,27021613,574041358
2021-01-20,600,620,597,614,1502954,3.1932773109243695,0,-5000,-1901,6901,0,0,0,1331092,171862,1502954,0,5000,1332993,164961,1502954,0,-3055000,-1207217,4262217,0,0,0,813329081,104827057,918156138,0,3055000,814536298,100564840,918156138
2021-01-21,615,617,603,612,796448,-0.32573289902280134,0,-601,-57651,58252,0,0,0,710503,85945,796448,0,601,768154,27693,796448,0,-368715,-34945578,35314293,0,0,0,432683084,52269040,484952124,0,368715,467628662,16954747,484952124
2021-01-22,612,700,600,631,16030051,3.104575163398693,0,-13133,163799,-150666,0,0,34691,14916560,1078800,16030051,0,47824,14752761,1229466,16030051,0,-8942596,121052801,-112110205,0,0,23101576,9798863487,697134191,10519099254,0,32044172,9677810686,809244396,10519099254
2021-01-25,630,630,613,620,1867781,-1.7432646592709984,0,3443,14869,-18312,0,0,3443,1704760,159578,1867781,0,0,1689891,177890,1867781,0,2130772,9078499,-11209271,0,0,2130772,1055051762,98804264,1155986798,0,0,1045973263,110013535,1155986798
2021-01-26,623,639,618,626,1099165,0.967741935483871,0,0,46056,-46056,0,0,0,1057110,42055,1099165,0,0,1011054,88111,1099165,0,0,28963307,-28963307,0,0,0,659535856,26235415,685771271,0,0,630572549,55198722,685771271
2021-01-27,641,797,636,739,70737135,18.051118210862622,0,-45855,394338,-348483,0,0,27047,67678700,3031388,70737135,0,72902,67284362,3379871,70737135,0,-33411130,300373025,-266961895,0,0,20056910,50821096586,2268722003,53109875499,0,53468040,50520723561,2535683898,53109875499
2021-01-28,704,727,640,683,9880388,-7.577807848443843,0,10565,-97645,87080,0,0,24475,8787670,1068243,9880388,0,13910,8885315,981163,9880388,0,6775038,-57551888,50776850,0,0,16472773,6075785087,734326326,6826584186,0,9697735,6133336975,683549476,6826584186
2021-01-29,691,697,640,650,4273720,-4.831625183016105,0,211,215802,-216013,0,0,211,3953578,319931,4273720,0,0,3737776,535944,4273720,0,135673,148002432,-148138105,0,0,135673,2611228623,210770915,2822135211,0,0,2463226191,358909020,2822135211
2021-02-01,643,645,620,630,2449725,-3.076923076923077,0,3677,-129698,126021,0,0,5009,2195386,249330,2449725,0,1332,2325084,123309,2449725,0,2287640,-81087889,78800249,0,0,3139232,1379232522,156528684,1538900438,0,851592,1460320411,77728435,1538900438
2021-02-02,630,662,620,648,2539619,2.857142857142857,0,1794,-128627,126833,0,0,1794,2250867,286958,2539619,0,0,2379494,160125,2539619,0,1163630,-81350344,80186714,0,0,1163630,1445993769,183062611,1630220010,0,0,1527344113,102875897,1630220010
2021-02-03,648,660,640,645,1465096,-0.4629629629629629,0,0,16185,-16185,0,0,0,1376184,88912,1465096,0,0,1359999,105097,1465096,0,0,10522662,-10522662,0,0,0,891415271,57766415,949181686,0,0,880892609,68289077,949181686
2021-02-04,649,717,631,673,11591619,4.341085271317829,0,0,46212,-46212,0,0,0,11090900,500719,11591619,0,0,11044688,546931,11591619,0,0,28624228,-28624228,0,0,0,7542069394,340835536,7882904930,0,0,7513445166,369459764,7882904930
2021-02-05,670,712,657,678,6496327,0.7429420505200593,0,2356,152455,-154811,0,0,2356,6231069,262902,6496327,0,0,6078614,417713,6496327,0,1564107,108484630,-110048737,0,0,1564107,4272038930,179388399,4452991436,0,0,4163554300,289437136,4452991436
2021-02-08,681,696,672,685,2471196,1.0324483775811208,0,0,-189672,189672,0,0,0,2207941,263255,2471196,0,0,2397613,73583,2471196,0,0,-130603213,130603213,0,0,0,1516901482,181154163,1698055645,0,0,1647504695,50550950,1698055645
2021-02-09,682,688,665,666,1948328,-2.7737226277372264,0,0,-53989,53989,0,0,0,1836483,111845,1948328,0,0,1890472,57856,1948328,0,0,-36440807,36440807,0,0,0,1236365009,75435448,1311800457,0,0,1272805816,38994641,1311800457
2021-02-10,666,666,643,657,1888847,-1.3513513513513513,0,0,-126399,126399,0,0,0,1680126,208721,1888847,0,0,1806525,82322,1888847,0,0,-81671968,81671968,0,0,0,1092142402,135604278,1227746680,0,0,1173814370,53932310,1227746680
2021-02-15,658,687,650,680,2473066,3.50076103500761,0,0,-212652,212652,0,0,0,2153812,319254,2473066,0,0,2366464,106602,2473066,0,0,-140579028,140579028,0,0,0,1439357296,211935505,1651292801,0,0,1579936324,71356477,1651292801
2021-02-16,687,740,680,703,10102939,3.3823529411764706,0,-3928,-73611,77539,0,0,3932,9479407,619600,10102939,0,7860,9553018,542061,10102939,0,-2819042,-51395449,54214491,0,0,2829766,6770044627,440903699,7213778092,0,5648808,6821440076,386689208,7213778092
2021-02-17,706,789,691,747,13130065,6.258890469416785,0,0,297814,-297814,0,0,6928,12421943,701194,13130065,0,6928,12124129,999008,13130065,0,112709,228470632,-228583341,0,0,5341488,9305000550,520734525,9831076563,0,5228779,9076529918,749317866,9831076563
2021-02-18,760,789,706,720,8332305,-3.614457831325301,0,7445,-46327,38882,0,0,7445,7737681,587179,8332305,0,0,7784008,548297,8332305,0,5693826,-28639038,22945212,0,0,5693826,5839922569,437273523,6282889918,0,0,5868561607,414328311,6282889918
2021-02-19,720,720,697,702,2233192,-2.5,0,0,-194480,194480,0,0,0,1862528,370664,2233192,0,0,2057008,176184,2233192,0,0,-136751312,136751312,0,0,0,1313524164,260942468,1574466632,0,0,1450275476,124191156,1574466632
2021-02-22,703,730,700,703,1795756,0.14245014245014245,0,0,11126,-11126,0,0,0,1659147,136609,1795756,0,0,1648021,147735,1795756,0,0,8393212,-8393212,0,0,0,1180902693,97158722,1278061415,0,0,1172509481,105551934,1278061415
2021-02-23,698,814,683,755,35941398,7.396870554765292,0,62397,429690,-492087,0,0,62397,33845476,2033525,35941398,0,0,33415786,2525612,35941398,0,48438155,334398902,-382837057,0,0,48438155,26253485400,1559974893,27861898448,0,0,25919086498,1942811950,27861898448
2021-02-24,750,806,734,734,12666546,-2.781456953642384,0,-56845,100078,-43233,0,0,5552,12001218,659776,12666546,0,62397,11901140,703009,12666546,0,-44100171,81026799,-36926628,0,0,4333800,9270798552,505809839,9780942191,0,48433971,9189771753,542736467,9780942191
2021-02-25,734,756,717,724,2675894,-1.3623978201634876,0,0,-3428,3428,0,0,0,2446701,229193,2675894,0,0,2450129,225765,2675894,0,0,-2727657,2727657,0,0,0,1793928279,168229294,1962157573,0,0,1796655936,165501637,1962157573
2021-02-26,698,716,695,705,2172305,-2.6243093922651934,0,-1,-49641,49642,0,0,0,1988872,183433,2172305,0,1,2038513,133791,2172305,0,-701,-34533146,34533847,0,0,0,1394949048,128742620,1523691668,0,701,1429482194,94208773,1523691668
2021-03-02,707,738,707,721,2219082,2.269503546099291,0,0,-31115,31115,0,0,0,2052396,166686,2219082,0,0,2083511,135571,2219082,0,0,-22372621,22372621,0,0,0,1477807365,120047094,1597854459,0,0,1500179986,97674473,1597854459
2021-03-03,735,735,710,710,1587976,-1.5256588072122053,0,0,7835,-7835,0,0,0,1506555,81421,1587976,0,0,1498720,89256,1587976,0,0,6047764,-6047764,0,0,0,1083218595,58438953,1141657548,0,0,1077170831,64486717,1141657548
2021-03-04,710,735,709,713,1850520,0.42253521126760557,0,0,-37676,37676,0,0,0,1738829,111691,1850520,0,0,1776505,74015,1850520,0,0,-26626718,26626718,0,0,0,1252595474,80206091,1332801565,0,0,1279222192,53579373,1332801565
2021-03-05,713,717,699,706,1214571,-0.9817671809256662,0,0,-7428,7428,0,0,0,1134241,80330,1214571,0,0,1141669,72902,1214571,0,0,-5219199,5219199,0,0,0,796857573,56518773,853376346,0,0,802076772,51299574,853376346
2021-03-08,697,722,697,701,1493630,-0.708215297450425,0,0,-35592,35592,0,0,0,1348232,145398,1493630,0,0,1383824,109806,1493630,0,0,-24387379,24387379,0,0,0,954880296,102747547,1057627843,0,0,979267675,78360168,1057627843
2021-03-09,700,701,672,686,1647473,-2.1398002853067046,0,1165,-28731,27566,0,0,1665,1508358,137450,1647473,0,500,1537089,109884,1647473,0,791145,-19111872,18320727,0,0,1131645,1030934729,93523792,1125590166,0,340500,1050046601,75203065,1125590166
2021-03-10,690,699,650,651,2071057,-5.1020408163265305,0,3577,126452,-130029,0,0,3577,1947921,119559,2071057,0,0,1821469,249588,2071057,0,2358380,85005803,-87364183,0,0,2358380,1294086112,79170330,1375614822,0,0,1209080309,166534513,1375614822
2021-03-11,651,661,640,642,1397950,-1.3824884792626728,0,3459,-100927,97468,0,0,3460,1230996,163494,1397950,0,1,1331923,66026,1397950,0,2232152,-64933321,62701169,0,0,2232810,797425392,105876279,905534481,0,658,862358713,43175110,905534481
2021-03-12,648,652,622,647,1450764,0.778816199376947,0,1222,-221629,220407,0,0,1222,1119378,330164,1450764,0,0,1341007,109757,1450764,0,769860,-139972017,139202157,0,0,769860,713945442,209052317,923767619,0,0,853917459,69850160,923767619
2021-03-15,647,658,640,652,787914,0.7727975270479135,0,0,139015,-139015,0,0,0,754595,33319,787914,0,0,615580,172334,787914,0,0,90555787,-90555787,0,0,0,490535682,21652192,512187874,0,0,399979895,112207979,512187874
2021-03-16,653,674,653,663,715884,1.687116564417178,0,0,16578,-16578,0,0,0,677057,38827,715884,0,0,660479,55405,715884,0,0,11106678,-11106678,0,0,0,449667876,25702932,475370808,0,0,438561198,36809610,475370808
2021-03-17,664,678,661,671,711181,1.206636500754148,0,0,-152411,152411,0,0,0,550663,160518,711181,0,0,703074,8107,711181,0,0,-101810144,101810144,0,0,0,367852611,107238557,475091168,0,0,469662755,5428413,475091168
2021-03-18,671,678,658,660,695619,-1.639344262295082,0,1111,-32595,31484,0,0,1111,628980,65528,695619,0,0,661575,34044,695619,0,733260,-21693780,20960520,0,0,733260,417772491,43586831,462092582,0,0,439466271,22626311,462092582
2021-03-19,658,662,648,651,568049,-1.3636363636363635,0,0,-12015,12015,0,0,0,503042,65007,568049,0,0,515057,52992,568049,0,0,-7891914,7891914,0,0,0,329575976,42609206,372185182,0,0,337467890,34717292,372185182
2021-03-22,651,653,643,648,708412,-0.4608294930875576,0,0,15684,-15684,0,0,0,670742,37670,708412,0,0,655058,53354,708412,0,0,10163637,-10163637,0,0,0,433541413,24397092,457938505,0,0,423377776,34560729,457938505
2021-03-23,648,648,603,609,2411035,-6.018518518518518,0,-2000,99243,-97243,0,0,0,2274719,136316,2411035,0,2000,2175476,233559,2411035,0,-1264000,61084355,-59820355,0,0,0,1409433996,84580637,1494014633,0,1264000,1348349641,144400992,1494014633
2021-03-24,609,615,597,605,984751,-0.6568144499178982,0,0,36371,-36371,0,0,0,922596,62155,984751,0,0,886225,98526,984751,0,0,22088949,-22088949,0,0,0,557763760,37660875,595424635,0,0,535674811,59749824,595424635
2021-03-25,605,615,600,609,657245,0.6611570247933884,0,-10,-44881,44891,0,0,0,559684,97561,657245,0,10,604565,52670,657245,0,-6050,-27227631,27233681,0,0,0,338806017,59171572,397977589,0,6050,366033648,31937891,397977589
2021-03-26,609,620,606,608,571891,-0.16420361247947454,0,0,79498,-79498,0,0,0,553491,18400,571891,0,0,473993,97898,571891,0,0,48713017,-48713017,0,0,0,338321520,11240288,349561808,0,0,289608503,59953305,349561808
2021-03-29,610,611,600,605,660199,-0.4934210526315789,0,0,-25436,25436,0,0,0,593003,67196,660199,0,0,618439,41760,660199,0,0,-15314784,15314784,0,0,0,357530660,40510481,398041141,0,0,372845444,25195697,398041141
2021-03-30,606,616,600,607,728325,0.3305785123966942,0,1,-66248,66247,0,0,1,653714,74610,728325,0,0,719962,8363,728325,0,607,-40289463,40288856,0,0,607,397575089,45391847,442967543,0,0,437864552,5102991,442967543
2021-03-31,607,615,604,609,554586,0.3294892915980231,0,48,-56902,56854,0,0,48,482333,72205,554586,0,0,539235,15351,554586,0,29176,-34658505,34629329,0,0,29176,294029300,44010887,338069363,0,0,328687805,9381558,338069363
2021-04-01,611,614,604,606,775741,-0.49261083743842365,0,46,31840,-31886,0,0,46,725277,50418,775741,0,0,693437,82304,775741,0,27922,19384651,-19412573,0,0,27922,440511399,30592825,471132146,0,0,421126748,50005398,471132146
2021-04-02,606,608,593,603,1220588,-0.49504950495049505,0,0,41053,-41053,0,0,0,1152171,68417,1220588,0,0,1111118,109470,1220588,0,0,24453874,-24453874,0,0,0,690828239,40995225,731823464,0,0,666374365,65449099,731823464
2021-04-05,605,615,603,612,797861,1.4925373134328357,0,0,-136235,136235,0,0,0,610449,187412,797861,0,0,746684,51177,797861,0,0,-83068391,83068391,0,0,0,371903769,114300560,486204329,0,0,454972160,31232169,486204329
2021-04-06,612,614,604,607,546228,-0.8169934640522877,0,0,8372,-8372,0,0,0,510410,35818,546228,0,0,502038,44190,546228,0,0,5112396,-5112396,0,0,0,309741493,21787231,331528724,0,0,304629097,26899627,331528724
2021-04-07,609,617,607,617,628621,1.6474464579901154,0,0,-136912,136912,0,0,0,453746,174875,628621,0,0,590658,37963,628621,0,0,-83776127,83776127,0,0,0,278396918,107083998,385480916,0,0,362173045,23307871,385480916
2021-04-08,617,618,604,614,617726,-0.48622366288492713,0,0,-15506,15506,0,0,0,538499,79227,617726,0,0,554005,63721,617726,0,0,-9224694,9224694,0,0,0,328789383,48316018,377105401,0,0,338014077,39091324,377105401
2021-04-09,614,619,608,616,616167,0.32573289902280134,0,0,-122537,122537,0,0,0,482895,133272,616167,0,0,605432,10735,616167,0,0,-75317195,75317195,0,0,0,296653803,81891507,378545310,0,0,371970998,6574312,378545310
2021-04-12,615,624,610,624,959351,1.2987012987012987,0,444,-188065,187621,0,0,444,762737,196170,959351,0,0,950802,8549,959351,0,270840,-115935574,115664734,0,0,270840,470810615,120916922,591998377,0,0,586746189,5252188,591998377
2021-04-13,624,642,621,632,1440074,1.282051282051282,0,1926,95334,-97260,0,0,2000,1380181,57893,1440074,0,74,1284847,155153,1440074,0,1223824,60550622,-61774446,0,0,1270000,874827304,36595068,912692372,0,46176,814276682,98369514,912692372
2021-04-14,632,642,627,638,865847,0.949367088607595,0,0,-43097,43097,0,0,0,778258,87589,865847,0,0,821355,44492,865847,0,0,-27490024,27490024,0,0,0,494683732,55654164,550337896,0,0,522173756,28164140,550337896
2021-04-15,636,642,625,628,905935,-1.5673981191222568,0,3443,18231,-21674,0,0,3443,851783,50709,905935,0,0,833552,72383,905935,0,2169093,11900490,-14069583,0,0,2169093,539500915,32100260,573770268,0,0,527600425,46169843,573770268
2021-04-16,628,800,623,731,71079217,16.401273885350317,0,619,585142,-585761,0,0,48052,68359564,2671601,71079217,0,47433,67774422,3257362,71079217,0,183404,441068566,-441251970,0,0,36016266,51260828739,1981536540,53278381545,0,35832862,50819760173,2422788510,53278381545
2021-04-19,729,774,707,722,16728757,-1.231190150478796,0,17909,-20623,2714,0,0,19596,15734706,974455,16728757,0,1687,15755329,971741,16728757,0,13309075,-10294163,-3014912,0,0,14585993,11633913736,718191059,12366690788,0,1276918,11644207899,721205971,12366690788
2021-04-20,723,730,696,705,5023625,-2.3545706371191137,0,-697,-228007,228704,0,0,9305,4520076,494244,5023625,0,10002,4748083,265540,5023625,0,-571396,-160047743,160619139,0,0,6566050,3195510504,348667382,3550743936,0,7137446,3355558247,188048243,3550743936
2021-04-21,725,804,725,737,30391356,4.539007092198582,0,31762,242369,-274131,0,0,60064,28847857,1483435,30391356,0,28302,28605488,1757566,30391356,0,23829902,187151557,-210981459,0,0,45516271,21905265470,1117204374,23067986115,0,21686369,21718113913,1328185833,23067986115
2021-04-22,740,766,728,737,5675262,0.0,0,1336,-131426,130090,0,0,7078,5179829,488355,5675262,0,5742,5311255,358265,5675262,0,896502,-96742554,95846052,0,0,5203973,3861521669,364340176,4231065818,0,4307471,3958264223,268494124,4231065818
2021-04-23,741,741,712,726,2658084,-1.4925373134328357,0,4219,-57077,52858,0,0,7221,2473588,177275,2658084,0,3002,2530665,124417,2658084,0,3073779,-40865219,37791440,0,0,5235230,1787718932,127933307,1920887469,0,2161451,1828584151,90141867,1920887469
2021-04-26,727,745,723,727,1981815,0.13774104683195593,0,-5488,-210772,216260,0,0,0,1691710,290105,1981815,0,5488,1902482,73845,1981815,0,-4020608,-154332911,158353519,0,0,0,1238291838,212537475,1450829313,0,4020608,1392624749,54183956,1450829313
2021-04-27,735,736,709,710,1765213,-2.3383768913342506,0,4398,31272,-35670,0,1,4399,1620632,140181,1765213,1,1,1589360,175851,1765213,-1,3158723,23359384,-26518106,0,719,3159452,1165145147,100576975,1268882293,720,729,1141785763,127095081,1268882293
2021-04-28,704,727,703,709,2258855,-0.14084507042253522,0,2100,-148043,145943,0,0,2100,1944077,312678,2258855,0,0,2092120,166735,2258855,0,1484897,-104472929,102988032,0,0,1484897,1387042091,222808516,1611335504,0,0,1491515020,119820484,1611335504
2021-04-29,713,724,703,717,1305352,1.1283497884344147,0,-2,-339400,339402,0,0,3000,921252,381100,1305352,0,3002,1260652,41698,1305352,0,-7426,-242139035,242146461,0,0,2148000,657963571,271894469,932006040,0,2155426,900102606,29748008,932006040
2021-04-30,718,755,711,712,4506593,-0.697350069735007,0,-380016,819736,-439720,0,0,7963,4324582,174048,4506593,0,387979,3504846,613768,4506593,0,-272909282,597546398,-324637116,0,0,5770417,3172828484,128186115,3306785016,0,278679699,2575282086,452823231,3306785016
2021-05-03,707,721,687,708,1320614,-0.5617977528089888,0,-1,-126136,126137,0,0,0,1120153,200461,1320614,0,1,1246289,74324,1320614,0,-707,-89860808,89861515,0,0,0,792890744,142220431,935111175,0,707,882751552,52358916,935111175
2021-05-04,698,750,698,724,6664788,2.2598870056497176,0,103033,98040,-201073,0,0,111283,6159683,393822,6664788,0,8250,6061643,594895,6664788,0,74603184,71189343,-145792527,0,0,80671984,4503971104,285934636,4870577724,0,6068800,4432781761,431727163,4870577724
2021-05-06,725,744,720,726,1377372,0.2762430939226519,0,2011,-45719,43708,0,0,2014,1236630,138728,1377372,0,3,1282349,95020,1377372,0,1459989,-33323607,31863618,0,0,1462164,901424411,101102564,1003989139,0,2175,934748018,69238946,1003989139
2021-05-07,742,760,727,735,4923106,1.2396694214876034,0,36139,108002,-144141,0,0,48139,4632965,242002,4923106,0,12000,4524963,386143,4923106,0,26765484,80665083,-107430567,0,0,35753484,3448600753,179618081,3663972318,0,8988000,3367935670,287048648,3663972318
2021-05-10,740,741,720,737,2069514,0.27210884353741494,0,-1997,-174631,176628,0,0,203,1766936,302375,2069514,0,2200,1941567,125747,2069514,0,-1470416,-127928665,129399081,0,0,148384,1295349209,221631978,1517129571,0,1618800,1423277874,92232897,1517129571
2021-05-11,733,733,712,729,1929653,-1.0854816824966078,0,-27846,37575,-9729,0,0,2456,1792190,135007,1929653,0,30302,1754615,144736,1929653,0,-20265816,26881228,-6615412,0,0,1758599,1291475138,97761982,1390995719,0,22024415,1264593910,104377394,1390995719
2021-05-12,729,734,709,718,1207128,-1.5089163237311385,0,17775,-5181,-12594,0,0,19275,1074884,112969,1207128,0,1500,1080065,125563,1207128,0,12659233,-3721336,-8937897,0,0,13748233,772445653,81256221,867450107,0,1089000,776166989,90194118,867450107
2021-05-13,705,717,699,701,1999489,-2.3676880222841223,0,5820,-324318,318498,0,0,5821,1518347,475321,1999489,0,1,1842665,156823,1999489,0,4104397,-229848431,225744034,0,0,4105111,1072361285,336432335,1412898731,0,714,1302209716,110688301,1412898731
2021-05-14,702,715,701,709,994955,1.1412268188302426,0,2,-172452,172450,0,0,2,786499,208454,994955,0,0,958951,36004,994955,0,1418,-121915469,121914051,0,0,1418,556831304,147426587,704259309,0,0,678746773,25512536,704259309
2021-05-17,709,729,700,727,2031874,2.538787023977433,0,-2,-182938,182940,0,0,0,1757518,274356,2031874,0,2,1940456,91416,2031874,0,-1418,-131372195,131373613,0,0,0,1258003717,196841327,1454845044,0,1418,1389375912,65467714,1454845044
2021-05-18,727,727,709,713,1396845,-1.925722145804677,0,2,-118299,118297,0,0,2,1207567,189276,1396845,0,0,1325866,70979,1396845,0,1433,-84651829,84650396,0,0,1433,865773492,135646327,1001421252,0,0,950425321,50995931,1001421252
2021-05-20,712,738,701,728,2473917,2.1037868162692845,0,8021,-15231,7210,0,0,11520,2249262,213135,2473917,0,3499,2264493,205925,2473917,0,5896301,-9857209,3960908,0,0,8398080,1617699089,152528977,1778626146,0,2501779,1627556298,148568069,1778626146
2021-05-21,731,740,720,723,1425004,-0.6868131868131868,0,-1510,-53929,55439,0,0,2,1293178,131824,1425004,0,1512,1347107,76385,1425004,0,-1106847,-39254170,40361017,0,0,1449,943964350,96272887,1040238686,0,1108296,983218520,55911870,1040238686
2021-05-24,724,727,706,715,936219,-1.1065006915629323,0,2487,146660,-149147,0,0,2489,897935,35795,936219,0,2,751275,184942,936219,0,1768944,104722671,-106491615,0,0,1770392,640855786,25556110,668182288,0,1448,536133115,132047725,668182288
2021-05-25,714,726,714,720,734890,0.6993006993006993,0,0,-143289,143289,0,0,0,542855,192035,734890,0,0,686144,48746,734890,0,0,-103248022,103248022,0,0,0,391159609,138371587,529531196,0,0,494407631,35123565,529531196
2021-05-26,715,750,715,742,3274459,3.0555555555555554,0,-6229,-223412,229641,0,0,0,2990681,283778,3274459,0,6229,3214093,54137,3274459,0,-4560176,-163571255,168131431,0,0,0,2206976735,208188332,2415165067,0,4560176,2370547990,40056901,2415165067
2021-05-27,745,757,738,754,2487968,1.6172506738544474,0,-5894,-15882,21776,0,0,4001,2353236,130731,2487968,0,9895,2369118,108955,2487968,0,-4463512,-11832183,16295695,0,0,2979742,1763788419,97896017,1864664178,0,7443254,1775620602,81600322,1864664178
2021-05-28,768,895,763,820,52834735,8.753315649867375,70449,-20,725282,-795711,0,70449,24152,50822462,1917672,52834735,0,24172,50097180,2713383,52834735,57371890,47746,601596551,-659016187,0,57371890,20175148,42819056260,1610901687,44507504985,0,20127402,42217459709,2269917874,44507504985
2021-05-31,820,846,794,822,9968115,0.24390243902439024,-70449,788,-64046,133707,0,0,788,9279344,687983,9968115,70449,0,9343390,554276,9968115,-58594678,653409,-46178418,104119687,0,0,653409,7801725429,563917440,8366296278,58594678,0,7847903847,459797753,8366296278
2021-06-01,973,1065,971,1065,29282723,29.56204379562044,0,-7753,235081,-227328,0,113050,30856,28804867,333950,29282723,113050,38609,28569786,561278,29282723,0,-7746043,241547204,-233801161,0,120398250,31525576,29860649700,338705966,30351279492,120398250,39271619,29619102496,572507127,30351279492
2021-06-02,993,1005,906,906,30871432,-14.929577464788732,0,-33498,-97898,131396,0,0,81530,29436045,1353857,30871432,0,115028,29533943,1222461,30871432,0,-30343464,-106149818,136493282,0,0,76150124,27974200273,1297704717,29348055114,0,106493588,28080350091,1161211435,29348055114
2021-06-03,917,990,906,940,34402667,3.7527593818984544,0,40758,377571,-418329,0,0,54638,33181293,1166736,34402667,0,13880,32803722,1585065,34402667,0,38876001,361588079,-400464080,0,0,51925321,31587677261,1106951665,32746554247,0,13049320,31226089182,1507415745,32746554247
2021-06-04,928,932,905,923,6571825,-1.8085106382978722,0,17518,-669913,652395,0,0,17518,5660283,894024,6571825,0,0,6330196,241629,6571825,0,16037463,-612979301,596941838,0,0,16037463,5184454820,819430239,6019922522,0,0,5797434121,222488401,6019922522
2021-06-07,922,960,907,916,8733810,-0.7583965330444203,0,2320,307919,-310239,0,0,2320,8336479,395011,8733810,0,0,8028560,705250,8733810,0,2129760,291975931,-294105691,0,0,2129760,7759324522,364916538,8126370820,0,0,7467348591,659022229,8126370820
2021-06-08,908,930,880,891,5440696,-2.7292576419213974,0,3,-375990,375987,0,0,3,4799124,641569,5440696,0,0,5175114,265582,5440696,0,2652,-334931536,334928884,0,0,2652,4281201518,572141168,4853345338,0,0,4616133054,237212284,4853345338
2021-06-09,882,904,874,885,3432131,-0.6734006734006733,0,0,-187105,187105,0,0,0,3006129,426002,3432131,0,0,3193234,238897,3432131,0,0,-164743551,164743551,0,0,0,2669837629,377300443,3047138072,0,0,2834581180,212556892,3047138072
2021-06-10,887,955,885,900,16095772,1.694915254237288,0,-52262,913541,-861279,0,0,146900,15259004,689868,16095772,0,199162,14345463,1551147,16095772,0,-47312813,847576822,-800264009,0,0,136187619,14169649157,639850393,14945687169,0,183500432,13322072335,1440114402,14945687169
2021-06-11,900,920,880,890,3268382,-1.1111111111111112,0,22149,-196406,174257,0,0,31377,2905586,331419,3268382,0,9228,3101992,157162,3268382,0,19689683,-173045610,153355927,0,0,27877963,2584095024,294242735,2906215722,0,8188280,2757140634,140886808,2906215722
2021-06-14,885,919,882,909,2520101,2.134831460674157,0,8224,-204105,195881,0,0,10167,2164483,345451,2520101,0,1943,2368588,149570,2520101,0,7368954,-183421046,176052092,0,0,9139394,1950633750,310773182,2270546326,0,1770440,2134054796,134721090,2270546326
2021-06-15,906,923,900,915,2269685,0.6600660066006601,21108,31674,40041,-92823,0,21108,31674,2104158,112745,2269685,0,0,2064117,205568,2269685,19261667,28911470,37164297,-85337434,0,19261667,28911470,1919552441,102573367,2070298945,0,0,1882388144,187910801,2070298945
2021-06-16,915,958,911,950,9898743,3.825136612021858,0,1839,23997,-25836,0,0,8456,9255927,634360,9898743,0,6617,9231930,660196,9898743,0,1820691,24089482,-25910173,0,0,8023280,8750639690,597305160,9355968130,0,6202589,8726550208,623215333,9355968130
2021-06-17,952,1030,928,939,17072282,-1.1578947368421053,0,-6637,898723,-892086,0,0,25995,16594382,451905,17072282,0,32632,15695659,1343991,17072282,0,-6086121,883750401,-877664280,0,0,25078122,16233710005,438149211,16696937338,0,31164243,15349959604,1315813491,16696937338
2021-06-18,939,941,908,919,2885783,-2.1299254526091587,0,13894,-2080,-11814,0,0,13894,2715231,156658,2885783,0,0,2717311,168472,2885783,0,12744610,-1754104,-10990506,0,0,12744610,2499849316,144915994,2657509920,0,0,2501603420,155906500,2657509920
2021-06-21,914,919,900,901,2031356,-1.958650707290533,0,-65691,98624,-32933,0,0,0,1911840,119516,2031356,0,65691,1813216,152449,2031356,0,-59333592,89437786,-30104194,0,0,0,1732766372,108384198,1841150570,0,59333592,1643328586,138488392,1841150570
2021-06-22,903,923,900,914,1433680,1.4428412874583796,0,1000,-50703,49703,0,0,1000,1324471,108209,1433680,0,0,1375174,58506,1433680,0,914000,-46161678,45247678,0,0,914000,1208775724,98692941,1308382665,0,0,1254937402,53445263,1308382665
2021-06-23,922,923,897,901,1815692,-1.4223194748358863,0,878,75940,-76818,0,0,878,1750208,64606,1815692,0,0,1674268,141424,1815692,0,792614,68634705,-69427319,0,0,792614,1583431966,58319786,1642544366,0,0,1514797261,127747105,1642544366
2021-06-24,898,901,848,884,2456209,-1.8867924528301887,0,-4837,18367,-13530,0,0,1001,2334521,120687,2456209,0,5838,2316154,134217,2456209,0,-4273483,17238460,-12964977,0,0,884878,2047017126,105152479,2153054483,0,5158361,2029778666,118117456,2153054483
2021-06-25,884,895,868,878,1145413,-0.6787330316742082,0,2831,-83983,81152,0,0,2832,1018011,124570,1145413,0,1,1101994,43418,1145413,0,2503455,-73930767,71427312,0,0,2504339,898988175,109875429,1011367943,0,884,972918942,38448117,1011367943
2021-06-28,875,887,871,885,637585,0.7972665148063782,0,1811,-66549,64738,0,0,1811,552587,83187,637585,0,0,619136,18449,637585,0,1598502,-58504683,56906181,0,0,1598502,487032058,73160462,561791022,0,0,545536741,16254281,561791022
2021-06-29,886,923,886,900,2106028,1.694915254237288,0,-3809,72172,-68363,0,0,3391,1978063,124574,2106028,0,7200,1905891,192937,2106028,0,-3409366,66290055,-62880689,0,0,3034634,1789220990,112372560,1904628184,0,6444000,1722930935,175253249,1904628184
2021-06-30,905,946,897,931,4831148,3.4444444444444446,0,2042,-288688,286646,0,0,12042,4315466,503640,4831148,0,10000,4604154,216994,4831148,0,1940064,-264885162,262945098,0,0,11280064,4007937610,465085017,4484302691,0,9340000,4272822772,202139919,4484302691
2021-07-01,930,931,901,907,2033444,-2.577873254564984,0,8291,115680,-123971,0,0,8291,1916281,108872,2033444,0,0,1800601,232843,2033444,0,7622769,105177943,-112800712,0,0,7622769,1745857271,99345497,1852825537,0,0,1640679328,212146209,1852825537
2021-07-02,909,914,899,903,983051,-0.4410143329658214,0,1497,28256,-29753,0,0,1500,942512,39039,983051,0,3,914256,68792,983051,0,1351773,25513979,-26865752,0,0,1354500,850225276,35271429,886851205,0,2727,824711297,62137181,886851205
2021-07-05,903,924,901,916,1469158,1.4396456256921373,0,0,-267582,267582,0,0,0,1085688,383470,1469158,0,0,1353270,115888,1469158,0,0,-244898652,244898652,0,0,0,992072201,350659476,1342731677,0,0,1236970853,105760824,1342731677
2021-07-06,915,927,906,916,1019380,0.0,0,1,-130996,130995,0,0,1,847581,171798,1019380,0,0,978577,40803,1019380,0,907,-119827787,119826880,0,0,907,775215933,157015707,932232547,0,0,895043720,37188827,932232547
2021-07-07,919,925,907,910,998292,-0.6550218340611353,0,999,9283,-10282,0,0,1000,923215,74077,998292,0,1,913932,84359,998292,0,908381,8425531,-9333912,0,0,909300,845129229,67975470,914013999,0,919,836703698,77309382,914013999
2021-07-08,910,919,888,889,1533840,-2.307692307692308,0,8400,-43127,34727,0,0,8400,1347023,178417,1533840,0,0,1390150,143690,1533840,0,7623000,-39079331,31456331,0,0,7623000,1209044882,160874733,1377542615,0,0,1248124213,129418402,1377542615
2021-07-09,888,888,808,863,2073623,-2.924634420697413,0,7124,-148520,141396,0,0,8875,1737495,327253,2073623,0,1751,1886015,185857,2073623,0,6110324,-124524541,118414217,0,0,7598878,1486570017,277916536,1772085431,0,1488554,1611094558,159502319,1772085431
2021-07-12,864,891,864,887,785522,2.7809965237543453,0,1000,-195790,194790,0,0,1000,555768,228754,785522,0,0,751558,33964,785522,0,886700,-172509294,171622594,0,0,886700,491902263,201713803,694502766,0,0,664411557,30091209,694502766
2021-07-13,888,915,888,911,1141147,2.705749718151071,0,2383,-216622,214239,0,0,3451,882483,255213,1141147,0,1068,1099105,40974,1141147,0,2149733,-196422744,194273011,0,0,3120545,801298558,231496621,1035915724,0,970812,997721302,37223610,1035915724
2021-07-14,912,917,896,909,823692,-0.21953896816684962,0,2,-73708,73706,0,0,2,675985,147705,823692,0,0,749693,73999,823692,0,1813,-66258084,66256271,0,0,1813,612267018,133356778,745625609,0,0,678525102,67100507,745625609
2021-07-15,913,915,901,914,1141328,0.5500550055005501,0,-11639,-104633,116272,0,0,1700,971940,167688,1141328,0,13339,1076573,51416,1141328,0,-10564068,-95450410,106014478,0,0,1552978,884667767,152767903,1038988648,0,12117046,980118177,46753425,1038988648
2021-07-16,910,919,888,897,1034906,-1.8599562363238513,0,-11108,92744,-81636,0,0,3,1021479,13424,1034906,0,11111,928735,95060,1034906,0,-10119406,83809977,-73690571,0,0,2715,922640947,12204736,934848398,0,10122121,838830970,85895307,934848398
2021-07-19,886,900,870,880,1133927,-1.89520624303233,-21108,-11239,75686,-43339,0,0,5843,1084348,43736,1133927,21108,17082,1008662,87075,1133927,-18593751,-9955648,67290188,-38740789,0,0,5157080,956175489,38403756,999736325,18593751,15112728,888885301,77144545,999736325
2021-07-20,862,892,859,889,1347553,1.0227272727272727,0,899,16720,-17619,0,0,3175,1225244,119134,1347553,0,2276,1208524,136753,1347553,0,797459,14175693,-14973152,0,0,2761647,1063160750,103435629,1169358026,0,1964188,1048985057,118408781,1169358026
2021-07-21,888,893,860,869,1123118,-2.249718785151856,0,3400,78750,-82150,0,0,3400,1041620,78098,1123118,0,0,962870,160248,1123118,0,2934400,69165694,-72100094,0,0,2934400,911006383,68184429,982125212,0,0,841840689,140284523,982125212
2021-07-22,870,878,862,864,584837,-0.5753739930955121,0,0,-18051,18051,0,0,0,531513,53324,584837,0,0,549564,35273,584837,0,0,-15678425,15678425,0,0,0,461108383,46245557,507353940,0,0,476786808,30567132,507353940
2021-07-23,864,872,853,864,783682,0.0,0,0,-39926,39926,0,0,0,667094,116588,783682,0,0,707020,76662,783682,0,0,-34640055,34640055,0,0,0,573320097,100455122,673775219,0,0,607960152,65815067,673775219
2021-07-26,868,868,850,850,705357,-1.6203703703703702,0,-1000,21716,-20716,0,0,0,665865,39492,705357,0,1000,644149,60208,705357,0,-856306,18582398,-17726092,0,0,0,569744209,33895971,603640180,0,856306,551161811,51622063,603640180
2021-07-27,850,860,850,855,497072,0.5882352941176471,0,6888,-51668,44780,0,0,6888,431566,58618,497072,0,0,483234,13838,497072,0,5864461,-44135747,38271286,0,0,5864461,368831752,50120118,424816331,0,0,412967499,11848832,424816331
2021-07-28,855,855,828,830,1024770,-2.923976608187134,0,-51427,111356,-59929,0,0,46722,927382,50666,1024770,0,98149,816026,110595,1024770,0,-44011664,94945162,-50933498,0,0,39354068,780616631,42275496,862246195,0,83365732,685671469,93208994,862246195
2021-07-29,830,835,816,816,880584,-1.6867469879518073,0,15712,-71459,55747,0,0,15712,760263,104609,880584,0,0,831722,48862,880584,0,12994058,-59317314,46323256,0,0,12994058,625891640,86593524,725479222,0,0,685208954,40270268,725479222
2021-07-30,820,821,780,790,1292554,-3.1862745098039214,0,53195,-195722,142527,0,0,53195,1058854,180505,1292554,0,0,1254576,37978,1292554,0,42505994,-156243145,113737151,0,0,42505994,846901776,144425541,1033833311,0,0,1003144921,30688390,1033833311
2021-08-02,790,895,789,809,4732405,2.4050632911392404,0,16507,639856,-656363,0,0,17986,4510104,204315,4732405,0,1479,3870248,860678,4732405,0,13261020,529551234,-542812254,0,0,14457531,3777940431,168663328,3961061290,0,1196511,3248389197,711475582,3961061290
2021-08-03,801,825,798,811,763619,0.2472187886279357,0,14163,2067,-16230,0,0,14163,684236,65220,763619,0,0,682169,81450,763619,0,11595684,1773581,-13369265,0,0,11595684,553399405,52746965,617742054,0,0,551625824,66116230,617742054
2021-08-04,814,854,805,842,1534007,3.822441430332922,0,0,-69093,69093,0,0,0,1291524,242483,1534007,0,0,1360617,173390,1534007,0,0,-54954030,54954030,0,0,0,1079011865,200143776,1279155641,0,0,1133965895,145189746,1279155641
2021-08-05,842,848,830,847,576116,0.5938242280285035,0,-187,-48324,48511,0,0,13,498580,77523,576116,0,200,546904,29012,576116,0,-157053,-40618896,40775949,0,0,10947,419222142,65145986,484379075,0,168000,459841038,24370037,484379075
2021-08-06,854,854,833,843,474593,-0.47225501770956313,0,-1,-50358,50359,0,0,0,386433,88160,474593,0,1,436791,37801,474593,0,-835,-41985876,41986711,0,0,0,324108646,73856169,397964815,0,835,366094522,31869458,397964815
2021-08-09,847,847,807,811,581773,-3.795966785290629,0,1,14964,-14965,0,0,1,518175,63597,581773,0,0,503211,78562,581773,0,829,12611998,-12612827,0,0,829,428038918,52651802,480691549,0,0,415426920,65264629,480691549
2021-08-10,810,822,804,812,492480,0.12330456226880394,0,0,-50519,50519,0,0,0,402953,89527,492480,0,0,453472,39008,492480,0,0,-40899275,40899275,0,0,0,326289846,72524280,398814126,0,0,367189121,31625005,398814126
2021-08-11,812,812,797,798,783713,-1.7241379310344827,0,3766,-53755,49989,0,0,3766,630872,149075,783713,0,0,684627,99086,783713,0,3013259,-43211921,40198662,0,0,3013259,505945541,119707486,628666286,0,0,549157462,79508824,628666286
2021-08-12,793,815,793,804,384663,0.7518796992481203,0,2,-26777,26775,0,0,2,323348,61313,384663,0,0,350125,34538,384663,0,1620,-21461478,21459858,0,0,1620,259543952,49214833,308760405,0,0,281005430,27754975,308760405
2021-08-13,801,812,770,786,851443,-2.2388059701492535,0,67,68151,-68218,0,0,69,751243,100131,851443,0,2,683092,168349,851443,0,52393,54092653,-54145046,0,0,53961,589776160,78460005,668290126,0,1568,535683507,132605051,668290126
2021-08-17,782,782,730,730,1257894,-7.124681933842239,0,4540,85581,-90121,0,0,5265,1104437,148192,1257894,0,725,1018856,238313,1257894,0,3367206,65567777,-68934983,0,0,3892831,825485189,109953306,939331326,0,525625,759917412,178888289,939331326
2021-08-18,713,735,700,731,1038103,0.136986301369863,0,5788,-252130,246342,0,0,5803,704303,327997,1038103,0,15,956433,81655,1038103,0,4191272,-181469244,177277972,0,0,4202185,508376627,236268334,748847146,0,10913,689845871,58990362,748847146
2021-08-19,727,740,700,708,819894,-3.146374829001368,0,5977,75948,-81925,0,0,5977,732822,81095,819894,0,0,656874,163020,819894,0,4303639,55102045,-59405684,0,0,4303639,526586819,58413666,589304124,0,0,471484774,117819350,589304124
2021-08-20,708,717,638,679,1513920,-4.096045197740112,0,-7489,-143882,151371,0,0,1211,1156365,356344,1513920,0,8700,1300247,204973,1513920,0,-5155343,-97127227,102282570,0,0,831557,782515247,242131474,1025478278,0,5986900,879642474,139848904,1025478278
2021-08-23,681,710,678,697,811791,2.6509572901325478,0,1000,-23947,22947,0,0,1000,584317,226474,811791,0,0,608264,203527,811791,0,697000,-16356362,15659362,0,0,697000,406627792,157347018,564671810,0,0,422984154,141687656,564671810
2021-08-24,697,717,697,711,807329,2.008608321377331,0,4500,17225,-21725,0,0,4500,578386,224443,807329,0,0,561161,246168,807329,0,3170909,12083410,-15254319,0,0,3170909,409470159,159134284,571775352,0,0,397386749,174388603,571775352
2021-08-25,712,721,703,709,553286,-0.2812939521800281,0,-3894,82044,-78150,0,0,0,439750,113536,553286,0,3894,357706,191686,553286,0,-2768634,58303197,-55534563,0,0,0,312659806,80691675,393351481,0,2768634,254356609,136226238,393351481
2021-08-26,711,768,711,731,1337515,3.1029619181946404,0,1656,53793,-55449,0,0,1656,1222229,113630,1337515,0,0,1168436,169079,1337515,0,1208458,40845003,-42053461,0,0,1208458,894702987,82777157,978688602,0,0,853857984,124830618,978688602
2021-08-27,728,731,711,720,465238,-1.5047879616963065,0,0,-31327,31327,0,0,0,375787,89451,465238,0,0,407114,58124,465238,0,0,-22279635,22279635,0,0,0,271042977,64362183,335405160,0,0,293322612,42082548,335405160
2021-08-30,721,737,720,732,473327,1.6666666666666667,0,224,-77371,77147,0,0,224,389685,83418,473327,0,0,467056,6271,473327,0,164640,-56291322,56126682,0,0,164640,283351259,60697643,344213542,0,0,339642581,4570961,344213542
2021-08-31,732,736,721,731,342283,-0.1366120218579235,0,2,28874,-28876,0,0,2,321665,20616,342283,0,0,292791,49492,342283,0,1466,21116056,-21117522,0,0,1466,234650093,14984669,249636228,0,0,213534037,36102191,249636228
2021-09-01,731,757,728,753,990091,3.009575923392613,0,172,-133335,133163,0,0,172,764915,225004,990091,0,0,898250,91841,990091,0,127931,-112327491,112199560,0,0,127931,584360764,180362159,764850854,0,0,696688255,68162599,764850854
2021-09-02,880,894,793,799,22374381,6.108897742363878,1879,-5002,1683375,-1680252,0,1880,1502,21892261,478738,22374381,1,6504,20208886,2158990,22374381,1499443,-4215562,1418696794,-1415980675,0,1500259,1293257,18510331330,403136971,18916261817,816,5508819,17091634536,1819117646,18916261817
2021-09-03,800,821,765,774,3120747,-3.128911138923655,-1879,1366,8615,-8102,0,0,1369,2997092,122286,3120747,1879,3,2988477,130388,3120747,-1454346,1054731,8076713,-7677098,0,0,1057105,2343963754,95648108,2440668967,1454346,2374,2335887041,103325206,2440668967
2021-09-06,770,797,761,777,1428894,0.3875968992248062,0,796,-43571,42775,0,0,796,1326410,101688,1428894,0,0,1369981,58913,1428894,0,623042,-33569586,32946544,0,0,623042,1036841178,79148904,1116613124,0,0,1070410764,46202360,1116613124
2021-09-07,777,798,777,784,1077474,0.9009009009009009,0,0,-15751,15751,0,0,0,1033095,44379,1077474,0,0,1048846,28628,1077474,0,0,-12333628,12333628,0,0,0,811642194,34876500,846518694,0,0,823975822,22542872,846518694
2021-09-08,784,811,781,811,1734888,3.4438775510204076,0,2,-42789,42787,0,0,3,1630285,104600,1734888,0,1,1673074,61813,1734888,0,1627,-34045992,34044365,0,0,2424,1303793679,83448706,1387244809,0,797,1337839671,49404341,1387244809
2021-09-09,811,814,783,785,1139184,-3.2059186189889024,0,148,99594,-99742,0,0,148,1110113,28923,1139184,0,0,1010519,128665,1139184,0,118239,79024446,-79142685,0,0,118239,882099051,23103137,905320427,0,0,803074605,102245822,905320427
2021-09-10,779,800,777,788,669451,0.3821656050955414,0,1,-20150,20149,0,0,1,607076,62374,669451,0,0,627226,42225,669451,0,788,-15737327,15736539,0,0,788,477990151,48968759,526959698,0,0,493727478,33232220,526959698
2021-09-13,788,818,788,798,1116970,1.2690355329949239,0,2,70348,-70350,0,0,2,1043265,73703,1116970,0,0,972917,144053,1116970,0,1596,56503752,-56505348,0,0,1596,839032759,59368459,898402814,0,0,782529007,115873807,898402814
2021-09-14,798,798,785,788,755874,-1.2531328320802004,0,0,14234,-14234,0,0,0,692952,62922,755874,0,0,678718,77156,755874,0,0,11080109,-11080109,0,0,0,547172825,49820312,596993137,0,0,536092716,60900421,596993137
2021-09-15,783,850,780,791,2367278,0.3807106598984772,0,16,49751,-49767,0,0,16,2270532,96730,2367278,0,0,2220781,146497,2367278,0,12707,40272591,-40285298,0,0,12707,1833005573,77823513,1910841793,0,0,1792732982,118108811,1910841793
2021-09-16,793,801,777,777,768530,-1.7699115044247788,0,-22,46627,-46605,0,0,4,747965,20561,768530,0,26,701338,67166,768530,0,-17304,36613153,-36595849,0,0,3138,587799184,16226105,604028427,0,20442,551186031,52821954,604028427
2021-09-17,777,790,762,774,449442,-0.3861003861003861,0,0,-3095,3095,0,0,0,397531,51911,449442,0,0,400626,48816,449442,0,0,-2347977,2347977,0,0,0,307503233,40162522,347665755,0,0,309851210,37814545,347665755
2021-09-23,774,776,743,743,1006263,-4.0051679586563305,0,0,18430,-18430,0,0,0,953647,52616,1006263,0,0,935217,71046,1006263,0,0,14505128,-14505128,0,0,0,718144250,39648384,757792634,0,0,703639122,54153512,757792634
2021-09-24,749,752,732,739,929774,-0.5383580080753702,0,5,-42730,42725,0,0,20,849375,80379,929774,0,15,892105,37654,929774,0,3820,-31896026,31892206,0,0,15040,627840697,59774463,687630200,0,11220,659736723,27882257,687630200
2021-09-27,739,745,708,714,1950535,-3.3829499323410013,0,-3660,1120843,-1117183,0,0,234,1672150,278151,1950535,0,3894,551307,1395334,1950535,0,-2710699,806377239,-803666540,0,0,166967,1206169048,202704854,1409040869,0,2877666,399791809,1006371394,1409040869
2021-09-28,715,717,667,680,3157280,-4.761904761904762,0,10537,1400152,-1410689,0,0,10537,2813451,333292,3157280,0,0,1413299,1743981,3157280,0,7314045,947133432,-954447477,0,0,7314045,1908672848,226096900,2142083793,0,0,961539416,1180544377,2142083793
2021-09-29,665,676,665,673,737884,-1.0294117647058822,0,403,-82848,82445,0,0,403,605306,132175,737884,0,0,688154,49730,737884,0,270375,-55489753,55219378,0,0,270375,405124025,88544114,493938514,0,0,460613778,33324736,493938514
2021-09-30,673,685,672,678,415790,0.7429420505200593,0,0,29617,-29617,0,0,0,394527,21263,415790,0,0,364910,50880,415790,0,0,20128286,-20128286,0,0,0,267660500,14417347,282077847,0,0,247532214,34545633,282077847
2021-10-01,674,684,650,653,1191956,-3.687315634218289,0,4315,290089,-294404,0,0,4315,1149041,38600,1191956,0,0,858952,333004,1191956,0,2827275,191475987,-194303262,0,0,2827275,756993912,25499565,785320752,0,0,565517925,219802827,785320752
2021-10-05,651,653,619,621,830957,-4.900459418070445,0,9561,-67515,57954,0,0,9590,659143,162224,830957,0,29,726658,104270,830957,0,5971982,-42169337,36197355,0,0,5990276,414168207,102119041,522277524,0,18294,456337544,65921686,522277524
2021-10-06,620,638,598,599,1093213,-3.542673107890499,0,14907,-65475,50568,0,0,15292,864809,213112,1093213,0,385,930284,162544,1093213,0,9115406,-40126661,31011255,0,0,9351051,527618865,131036123,668006039,0,235645,567745526,100024868,668006039
2021-10-07,595,626,595,618,553686,3.1719532554257093,0,0,-199164,199164,0,0,0,327487,226199,553686,0,0,526651,27035,553686,0,0,-122915319,122915319,0,0,0,201938283,139532729,341471012,0,0,324853602,16617410,341471012
2021-10-08,628,635,611,625,554375,1.132686084142395,0,0,576,-576,0,0,0,463137,91238,554375,0,0,462561,91814,554375,0,0,183371,-183371,0,0,0,286763521,56585100,343348621,0,0,286580150,56768471,343348621
2021-10-12,629,630,605,610,565556,-2.4,0,-67480,137593,-70113,0,0,0,533392,32164,565556,0,67480,395799,102277,565556,0,-41243631,84779354,-43535723,0,0,0,328106794,19801797,347908591,0,41243631,243327440,63337520,347908591
2021-10-13,608,627,608,623,299753,2.1311475409836063,0,0,-78447,78447,0,0,0,214957,84796,299753,0,0,293404,6349,299753,0,0,-48546597,48546597,0,0,0,133185409,52469237,185654646,0,0,181732006,3922640,185654646
2021-10-14,626,655,624,650,774530,4.333868378812198,0,10556,-76562,66006,0,0,10556,667488,96486,774530,0,0,744050,30480,774530,0,6833663,-49532347,42698684,0,0,6833663,431318208,62289218,500441089,0,0,480850555,19590534,500441089
2021-10-15,652,675,644,667,679286,2.6153846153846154,0,0,-46683,46683,0,0,0,581618,97668,679286,0,0,628301,50985,679286,0,0,-30689649,30689649,0,0,0,385988833,64591574,450580407,0,0,416678482,33901925,450580407
2021-10-18,676,697,676,692,977420,3.7481259370314843,0,0,-16556,16556,0,0,736,883138,93546,977420,0,736,899694,76990,977420,0,-5152,-11531867,11537019,0,0,501216,606870846,64303860,671675922,0,506368,618402713,52766841,671675922
2021-10-19,699,708,690,695,590582,0.4335260115606936,0,9,46856,-46865,0,0,9,556925,33648,590582,0,0,510069,80513,590582,0,6331,32889299,-32895630,0,0,6331,387313722,23385238,410705291,0,0,354424423,56280868,410705291
2021-10-20,710,733,698,712,1472129,2.446043165467626,0,13,-54175,54162,0,0,13,1273758,198358,1472129,0,0,1327933,144196,1472129,0,9310,-38066737,38057427,0,0,9310,914923535,141867352,1056800197,0,0,952990272,103809925,1056800197
2021-10-21,714,734,702,703,759949,-1.2640449438202246,0,2,52200,-52202,0,0,276,692094,67579,759949,0,274,639894,119781,759949,0,7200,37110137,-37117337,0,0,201196,496377009,48933417,545511622,0,193996,459266872,86050754,545511622
2021-10-22,719,737,702,706,1740168,0.42674253200568996,0,0,-134635,134635,0,0,0,1413437,326731,1740168,0,0,1548072,192096,1740168,0,0,-97308760,97308760,0,0,0,1021590078,235674925,1257265003,0,0,1118898838,138366165,1257265003
2021-10-25,708,742,703,738,1557192,4.53257790368272,0,5,-84364,84359,0,0,5,1404340,152847,1557192,0,0,1488704,68488,1557192,0,3570,-61531098,61527528,0,0,3570,1024588715,111196039,1135788324,0,0,1086119813,49668511,1135788324
2021-10-26,731,749,721,744,1260499,0.8130081300813009,0,6,70364,-70370,0,0,6,1205584,54909,1260499,0,0,1135220,125279,1260499,0,4408,52080458,-52084866,0,0,4408,884375297,40130280,924509985,0,0,832294839,92215146,924509985
2021-10-27,742,742,689,703,1558622,-5.510752688172043,0,13,-58369,58356,0,0,14,1391428,167180,1558622,0,1,1449797,108824,1558622,0,9450,-41101823,41092373,0,0,10156,986787441,118104984,1104902581,0,706,1027889264,77012611,1104902581
2021-10-28,704,714,699,702,613005,-0.1422475106685633,0,4,-146072,146068,0,0,4,448588,164413,613005,0,0,594660,18345,613005,0,2820,-103055223,103052403,0,0,2820,316257543,116032071,432292434,0,0,419312766,12979668,432292434
2021-10-29,703,729,703,726,938267,3.418803418803419,0,2,1582,-1584,0,0,2,835488,102777,938267,0,0,833906,104361,938267,0,1420,1409519,-1410939,0,0,1420,601283898,73635314,674920632,0,0,599874379,75046253,674920632
2021-11-01,739,739,721,725,743913,-0.13774104683195593,0,1,1559,-1560,0,0,2,686694,57217,743913,0,1,685135,58777,743913,0,729,1474711,-1475440,0,0,1456,500279985,41594286,541875727,0,727,498805274,43069726,541875727
2021-11-02,736,796,729,741,6971743,2.206896551724138,0,12475,555249,-567724,0,0,23194,6481508,467041,6971743,0,10719,5926259,1034765,6971743,0,9202253,415825376,-425027629,0,0,17352623,4940744506,355914259,5314011388,0,8150370,4524919130,780941888,5314011388
2021-11-03,749,757,727,750,1500941,1.214574898785425,0,37,-104690,104653,0,0,37,1324497,176407,1500941,0,0,1429187,71754,1500941,0,27397,-77189944,77162547,0,0,27397,983405808,130474474,1113907679,0,0,1060595752,53311927,1113907679
2021-11-04,752,764,745,761,1431529,1.4666666666666666,0,-5034,147033,-141999,0,0,8,1385224,46297,1431529,0,5042,1238191,188296,1431529,0,-3760531,110716788,-106956257,0,0,6056,1044522579,34898533,1079427168,0,3766587,933805791,141854790,1079427168
2021-11-05,753,762,718,740,988483,-2.759526938239159,0,4,130160,-130164,0,0,5,937924,50554,988483,0,1,807764,180718,988483,0,2988,96696543,-96699531,0,0,3725,688828228,36969635,725801588,0,737,592131685,133669166,725801588
2021-11-08,732,741,719,727,560734,-1.7567567567567568,0,27586,-111576,83990,0,0,27587,427504,105643,560734,0,1,539080,21653,560734,0,20135284,-81003981,60868697,0,0,20136005,310197869,76656066,406989940,0,721,391201850,15787369,406989940
2021-11-09,727,765,720,765,4437575,5.226960110041266,0,106577,1788643,-1895220,0,0,133599,4006265,297711,4437575,0,27022,2217622,2192931,4437575,0,78370841,1315388198,-1393759039,0,0,98243836,2976491919,220166631,3294902386,0,19872995,1661103721,1613925670,3294902386
2021-11-10,765,765,720,740,903134,-3.2679738562091507,0,-34059,73189,-39130,0,0,2,854789,48343,903134,0,34061,781600,87473,903134,0,-25353302,54685581,-29332279,0,0,1480,634329894,35843061,670174435,0,25354782,579644313,65175340,670174435
2021-11-11,740,751,713,741,1461703,0.13513513513513514,0,3002,88811,-91813,0,0,3002,1338464,120237,1461703,0,0,1249653,212050,1461703,0,2224452,64849372,-67073824,0,0,2224452,979266276,88250322,1069741050,0,0,914416904,155324146,1069741050
2021-11-12,741,748,722,730,764961,-1.484480431848853,0,-19,-5804,5823,0,0,1,709346,55614,764961,0,20,715150,49791,764961,0,-13860,-4180993,4194853,0,0,737,518224207,40638409,558863353,0,14597,522405200,36443556,558863353
2021-11-15,738,738,708,718,971721,-1.643835616438356,0,4,-16862,16858,0,0,4,905379,66338,971721,0,0,922241,49480,971721,0,2848,-11703548,11700700,0,0,2848,647157410,47297025,694457283,0,0,658860958,35596325,694457283
2021-11-16,718,739,700,739,1114785,2.9247910863509747,0,-1,13714,-13713,0,0,0,1070440,44345,1114785,0,1,1056726,58058,1114785,0,-715,10285590,-10284875,0,0,0,767368605,31650803,799019408,0,715,757083015,41935678,799019408
2021-11-17,741,742,715,730,781418,-1.2178619756427604,0,5,42140,-42145,0,0,7,760944,20467,781418,0,2,718804,62612,781418,0,3646,30884011,-30887657,0,0,5100,551899903,14804997,566710000,0,1454,521015892,45692654,566710000
2021-11-18,719,728,709,712,611406,-2.4657534246575343,0,-28,29752,-29724,0,0,1,586493,24912,611406,0,29,556741,54636,611406,0,-19996,21265390,-21245394,0,0,720,418721046,17807897,436529663,0,20716,397455656,39053291,436529663
2021-11-19,709,720,681,714,1345815,0.2808988764044944,0,-27580,27216,364,0,0,3,1290808,55004,1345815,0,27583,1263592,54640,1345815,0,-18848428,18801061,47367,0,0,2085,902255190,38356584,940613859,0,18850513,883454129,38309217,940613859
2021-11-22,712,712,682,689,700767,-3.5014005602240896,0,-2981,58235,-55254,0,0,22,684586,16159,700767,0,3003,626351,71413,700767,0,-2047809,40257975,-38210166,0,0,15253,472047337,11116695,483179285,0,2063062,431789362,49326861,483179285
2021-11-23,684,714,684,710,693182,3.0478955007256894,0,21,1246,-1267,0,0,21,662665,30496,693182,0,0,661419,31763,693182,0,14738,938146,-952884,0,0,14738,465032279,21319304,486366321,0,0,464094133,22272188,486366321
2021-11-24,705,730,697,728,813529,2.535211267605634,0,4,4400,-4404,0,0,4,794210,19315,813529,0,0,789810,23719,813529,0,2816,3139291,-3142107,0,0,2816,564875931,13601423,578480170,0,0,561736640,16743530,578480170
2021-11-25,730,730,715,715,462880,-1.7857142857142856,0,-1,19228,-19227,0,0,0,453183,9697,462880,0,1,433955,28924,462880,0,-718,13939146,-13938428,0,0,0,326362862,6979319,333342181,0,718,312423716,20917747,333342181
2021-11-26,715,719,683,699,973836,-2.237762237762238,0,45,286711,-286756,0,0,45,950854,22937,973836,0,0,664143,309693,973836,0,31422,198930646,-198962068,0,0,31422,664224242,15947310,680202974,0,0,465293596,214909378,680202974
2021-11-29,681,695,662,671,691428,-4.005722460658083,0,52,19278,-19330,0,0,52,635003,56373,691428,0,0,615725,75703,691428,0,34974,12981529,-13016503,0,0,34974,426258711,37935155,464228840,0,0,413277182,50951658,464228840
2021-11-30,662,671,630,642,1073823,-4.321907600596125,0,0,19874,-19874,0,0,0,1013365,60458,1073823,0,0,993491,80332,1073823,0,0,12819581,-12819581,0,0,0,658165028,39439720,697604748,0,0,645345447,52259301,697604748
2021-12-01,604,648,604,648,860528,0.9345794392523363,0,0,-52835,52835,0,0,0,689133,171395,860528,0,0,741968,118560,860528,0,0,-32084185,32084185,0,0,0,428638696,106220510,534859206,0,0,460722881,74136325,534859206
2021-12-02,647,658,631,648,340611,0.0,0,0,33138,-33138,0,0,1,279017,61593,340611,0,1,245879,94731,340611,0,10,21593582,-21593592,0,0,655,181577461,39957601,221535717,0,645,159983879,61551193,221535717
2021-12-03,632,657,632,649,784302,0.15432098765432098,0,-1,119668,-119667,0,0,1,653559,130742,784302,0,2,533891,250409,784302,0,-632,78042879,-78042247,0,0,650,421385005,84297064,505682719,0,1282,343342126,162339311,505682719
2021-12-06,649,668,636,662,883258,2.0030816640986133,0,0,28967,-28967,0,0,1,692470,190787,883258,0,1,663503,219754,883258,0,-13,19190521,-19190508,0,0,649,453951848,125016869,578969366,0,662,434761327,144207377,578969366
2021-12-07,662,667,655,661,368940,-0.1510574018126888,0,-1,28137,-28136,0,0,0,339421,29519,368940,0,1,311284,57655,368940,0,-662,18709441,-18708779,0,0,0,224682565,19478465,244161030,0,662,205973124,38187244,244161030
2021-12-08,664,668,647,649,748345,-1.8154311649016641,0,0,155857,-155857,0,0,0,703430,44915,748345,0,0,547573,200772,748345,0,0,102706566,-102706566,0,0,0,460831811,29652272,490484083,0,0,358125245,132358838,490484083
2021-12-09,644,661,643,650,833978,0.15408320493066258,0,0,-68055,68055,0,0,0,687195,146783,833978,0,0,755250,78728,833978,0,0,-44256969,44256969,0,0,0,445686071,95337752,541023823,0,0,489943040,51080783,541023823
2021-12-10,651,651,635,639,626584,-1.6923076923076923,0,0,203952,-203952,0,0,0,575446,51138,626584,0,0,371494,255090,626584,0,0,131161403,-131161403,0,0,0,369494527,32863834,402358361,0,0,238333124,164025237,402358361
2021-12-13,640,645,635,641,660750,0.3129890453834116,0,1,267784,-267785,0,0,1,566365,94384,660750,0,0,298581,362169,660750,0,642,170806105,-170806747,0,0,642,361579323,60319084,421899049,0,0,190773218,231125831,421899049
2021-12-14,640,642,609,617,1713477,-3.74414976599064,0,0,1046678,-1046678,0,0,0,1668057,45420,1713477,0,0,621379,1092098,1713477,0,0,646479701,-646479701,0,0,0,1031168672,28275500,1059444172,0,0,384688971,674755201,1059444172
2021-12-15,617,632,610,612,1525273,-0.8103727714748784,0,800,-30155,29355,0,0,800,1408857,115616,1525273,0,0,1439012,86261,1525273,0,501588,-18292566,17790978,0,0,501588,873103787,71501993,945107368,0,0,891396353,53711015,945107368
2021-12-16,615,621,607,615,732759,0.49019607843137253,0,36,295906,-295942,0,0,36,684310,48413,732759,0,0,388404,344355,732759,0,22036,180550106,-180572142,0,0,22036,418094782,29616003,447732821,0,0,237544676,210188145,447732821
2021-12-17,625,625,607,615,527014,0.0,0,0,75003,-75003,0,0,0,503490,23524,527014,0,0,428487,98527,527014,0,0,45792448,-45792448,0,0,0,307564038,14338846,321902884,0,0,261771590,60131294,321902884
2021-12-20,618,618,579,581,2181473,-5.528455284552845,0,0,379458,-379458,0,0,0,2101904,79569,2181473,0,0,1722446,459027,2181473,0,0,225999206,-225999206,0,0,0,1245677605,47428229,1293105834,0,0,1019678399,273427435,1293105834
2021-12-21,584,586,571,580,645639,-0.17211703958691912,0,1739,19227,-20966,0,0,1739,511273,132627,645639,0,0,492046,153593,645639,0,1003432,11604565,-12607997,0,0,1003432,295750632,76458874,373212938,0,0,284146067,89066871,373212938
2021-12-22,579,590,574,581,516235,0.1724137931034483,0,-149,40834,-40685,0,0,0,445611,70624,516235,0,149,404777,111309,516235,0,-86420,23475704,-23389284,0,0,0,257813536,40876611,298690147,0,86420,234337832,64265895,298690147
2021-12-23,583,595,569,576,1054310,-0.8605851979345954,0,5,301506,-301511,0,0,5,1012074,42231,1054310,0,0,710568,343742,1054310,0,2888,174043236,-174046124,0,0,2888,584781227,24498971,609283086,0,0,410737991,198545095,609283086
2021-12-24,580,580,569,578,502074,0.3472222222222222,0,-6,193334,-193328,0,0,0,493388,8686,502074,0,6,300054,202014,502074,0,-3459,110508167,-110504708,0,0,0,282819112,4988940,287808052,0,3459,172310945,115493648,287808052
2021-12-27,579,580,559,566,655755,-2.0761245674740483,0,-3,349727,-349724,0,0,0,648243,7512,655755,0,3,298516,357236,655755,0,-1706,198297816,-198296110,0,0,0,368102974,4278478,372381452,0,1706,169805158,202574588,372381452
2021-12-28,566,571,544,547,2645889,-3.356890459363958,0,5731,615549,-621280,0,0,9831,1347451,1288607,2645889,0,4100,731902,1909887,2645889,0,3143952,339656826,-342800778,0,0,5386652,743099837,516004971,1264491460,0,2242700,403443011,858805749,1264491460
2021-12-29,547,568,547,567,536433,3.656307129798903,0,5,24768,-24773,0,0,5,509696,26732,536433,0,0,484928,51505,536433,0,2820,14095366,-14098186,0,0,2820,286065835,14930050,300998705,0,0,271970469,29028236,300998705
2021-12-30,568,593,567,589,1693747,3.880070546737213,0,0,114582,-114582,0,0,0,1629146,64601,1693747,0,0,1514564,179183,1693747,0,0,67830246,-67830246,0,0,0,978696088,37358760,1016054848,0,0,910865842,105189006,1016054848
2022-01-03,643,648,595,601,8391138,2.037351443123939,0,-6026,1993714,-1987688,0,0,2500,6787686,1600952,8391138,0,8526,4793972,3588640,8391138,0,-3625728,1216300671,-1212674943,0,0,1522500,4170049556,691192975,4862765031,0,5148228,2953748885,1903867918,4862765031
2022-01-04,610,610,584,586,1363859,-2.4958402662229617,0,501,285263,-285764,0,0,501,1302486,60872,1363859,0,0,1017223,346636,1363859,0,294087,167610867,-167904954,0,0,294087,766880400,35721780,802896267,0,0,599269533,203626734,802896267
2022-01-05,590,614,585,595,2838884,1.5358361774744027,0,1,220625,-220626,0,0,1,2639559,199324,2838884,0,0,2418934,419950,2838884,0,595,129792030,-129792625,0,0,595,1580176507,119655022,1699832124,0,0,1450384477,249447647,1699832124
2022-01-06,602,616,597,598,2996220,0.5042016806722689,0,1755,402293,-404048,0,0,1755,2744721,249744,2996220,0,0,2342428,653792,2996220,0,1049498,243373715,-244423213,0,0,1049498,1666808573,151708172,1819566243,0,0,1423434858,396131385,1819566243
2022-01-07,598,611,576,580,1956057,-3.0100334448160537,0,6,704531,-704537,0,0,6,1882139,73912,1956057,0,0,1177608,778449,1956057,0,3560,412945512,-412949072,0,0,3560,1104732926,43540749,1148277235,0,0,691787414,456489821,1148277235
2022-01-10,580,580,560,563,1312311,-2.9310344827586206,0,57,-10397,10340,0,0,57,1237649,74605,1312311,0,0,1248046,64265,1312311,0,32438,-5415772,5383334,0,0,32438,700277156,41980151,742289745,0,0,705692928,36596817,742289745
2022-01-11,568,570,550,558,1334241,-0.8880994671403196,0,1,47092,-47093,0,0,1,1305547,28693,1334241,0,0,1258455,75786,1334241,0,557,26449853,-26450410,0,0,557,727134223,16060988,743195768,0,0,700684370,42511398,743195768
2022-01-12,564,568,551,562,910038,0.7168458781362007,0,-59,19426,-19367,0,0,0,878012,32026,910038,0,59,858586,51393,910038,0,-32627,11106023,-11073396,0,0,0,489762310,17783792,507546102,0,32627,478656287,28857188,507546102
2022-01-13,550,569,550,554,1407880,-1.4234875444839856,0,3,76930,-76933,0,0,3,1355829,52048,1407880,0,0,1278899,128981,1407880,0,1665,42823146,-42824811,0,0,1665,751534786,28882802,780419253,0,0,708711640,71707613,780419253
2022-01-14,550,551,544,547,806189,-1.263537906137184,0,11,94432,-94443,0,0,11,779765,26413,806189,0,0,685333,120856,806189,0,5995,51708922,-51714917,0,0,5995,427179966,14489455,441675416,0,0,375471044,66204372,441675416
2022-01-17,548,551,543,543,585387,-0.7312614259597806,0,500,83329,-83829,0,0,500,575452,9435,585387,0,0,492123,93264,585387,0,272500,45535595,-45808095,0,0,272500,314244463,5161847,319678810,0,0,268708868,50969942,319678810
2022-01-18,545,555,537,552,896567,1.6574585635359116,0,0,27357,-27357,0,0,0,859607,36960,896567,0,0,832250,64317,896567,0,0,14697003,-14697003,0,0,0,467418203,20192680,487610883,0,0,452721200,34889683,487610883
2022-01-19,544,552,535,538,815725,-2.536231884057971,0,0,-2179,2179,0,0,0,755315,60410,815725,0,0,757494,58231,815725,0,0,-1163643,1163643,0,0,0,409284349,32819451,442103800,0,0,410447992,31655808,442103800
2022-01-20,537,541,529,532,1276315,-1.1152416356877324,0,-2369,235020,-232651,0,0,0,1231003,45312,1276315,0,2369,995983,277963,1276315,0,-1260454,125238315,-123977861,0,0,0,655235491,24179643,679415134,0,1260454,529997176,148157504,679415134
2022-01-21,532,533,509,511,6343117,-3.9473684210526314,1991224,0,1273264,-3264488,0,3208311,0,1931452,1203354,6343117,1217087,0,658188,4467842,6343117,732904281,0,659990394,-1392894675,0,1363532175,0,1001692541,514090695,2879315411,630627894,0,341702147,1906985370,2879315411
2022-01-24,510,510,414,423,10990870,-17.22113502935421,-1851460,-46994,6028292,-4129838,0,0,7,10273847,717016,10990870,1851460,47001,4245555,4846854,10990870,-818661560,-19909723,2673160036,-1834588753,0,0,3353,4534965770,322696925,4857666048,818661560,19913076,1861805734,2157285678,4857666048
2022-01-25,420,422,369,378,6216578,-10.638297872340425,-139764,-102177,-398107,640048,0,0,0,5079588,1136990,6216578,139764,102177,5477695,496942,6216578,-52573021,-39584534,-155888921,248046476,0,0,0,1980253437,441986468,2422239905,52573021,39584534,2136142358,193939992,2422239905
2022-01-26,379,434,372,406,7301953,7.4074074074074066,0,0,14713,-14713,0,172,0,6580400,721381,7301953,172,0,6565687,736094,7301953,-860,0,12785729,-12784869,0,69832,0,2687191496,288401034,2975662362,70692,0,2674405767,301185903,2975662362
2022-01-27,407,473,374,394,5745408,-2.955665024630542,0,5000,266346,-271346,0,0,5000,5450152,290256,5745408,0,0,5183806,561602,5745408,0,1945000,104601003,-106546003,0,0,1945000,2253080539,117996507,2373022046,0,0,2148479536,224542510,2373022046
2022-01-28,404,428,387,406,1864103,3.0456852791878175,0,0,-20301,20301,0,0,0,1660210,203893,1864103,0,0,1680511,183592,1864103,0,0,-8392875,8392875,0,0,0,671129147,82240200,753369347,0,0,679522022,73847325,753369347
2022-02-03,418,420,404,418,1338948,2.955665024630542,0,0,-276390,276390,0,0,0,1013975,324973,1338948,0,0,1290365,48583,1338948,0,0,-113848837,113848837,0,0,0,419326677,133883477,553210154,0,0,533175514,20034640,553210154
2022-02-04,418,434,417,425,841409,1.674641148325359,0,0,-18359,18359,0,0,0,722271,119138,841409,0,0,740630,100779,841409,0,0,-7439047,7439047,0,0,0,305307010,50186338,355493348,0,0,312746057,42747291,355493348
2022-02-07,425,433,418,429,763189,0.9411764705882352,0,0,-80180,80180,0,0,0,626051,137138,763189,0,0,706231,56958,763189,0,0,-34303449,34303449,0,0,0,267076621,58446840,325523461,0,0,301380070,24143391,325523461
2022-02-08,433,436,418,428,833960,-0.2331002331002331,0,0,33983,-33983,0,0,0,783346,50614,833960,0,0,749363,84597,833960,0,0,14580271,-14580271,0,0,0,334483844,21652150,356135994,0,0,319903573,36232421,356135994
2022-02-09,434,435,415,425,1078924,-0.7009345794392523,0,0,-279881,279881,0,0,0,769882,309042,1078924,0,0,1049763,29161,1078924,0,0,-118145849,118145849,0,0,0,328117897,130591464,458709361,0,0,446263746,12445615,458709361
2022-02-10,425,432,421,426,845264,0.2352941176470588,0,0,-132031,132031,0,0,0,649462,195802,845264,0,0,781493,63771,845264,0,0,-56485240,56485240,0,0,0,277610411,83737077,361347488,0,0,334095651,27251837,361347488
2022-02-11,422,426,410,413,698029,-3.051643192488263,0,0,101562,-101562,0,0,0,656091,41938,698029,0,0,554529,143500,698029,0,0,42358873,-42358873,0,0,0,272437381,17547074,289984455,0,0,230078508,59905947,289984455
2022-02-14,408,408,388,396,661322,-4.116222760290557,0,1000,-16392,15392,0,0,1000,541037,119285,661322,0,0,557429,103893,661322,0,391000,-6078698,5687698,0,0,391000,214084037,46847219,261322256,0,0,220162735,41159521,261322256
2022-02-15,400,403,383,385,469129,-2.7777777777777777,0,3,28940,-28943,0,0,3,411466,57660,469129,0,0,382526,86603,469129,0,1200,11269702,-11270902,0,0,1200,161524147,22660184,184185531,0,0,150254445,33931086,184185531
2022-02-16,401,406,394,397,768119,3.116883116883117,0,0,-146838,146838,0,0,0,597955,170164,768119,0,0,744793,23326,768119,0,0,-58517214,58517214,0,0,0,237828470,67828122,305656592,0,0,296345684,9310908,305656592
2022-02-17,408,421,390,402,2136593,1.2594458438287155,0,0,-28310,28310,0,0,0,1900967,235626,2136593,0,0,1929277,207316,2136593,0,0,-12060261,12060261,0,0,0,772456481,95534136,867990617,0,0,784516742,83473875,867990617
2022-02-18,400,411,386,411,928712,2.2388059701492535,0,1,-179387,179386,0,0,1,711760,216951,928712,0,0,891147,37565,928712,0,410,-72081333,72080923,0,0,410,286746534,87146998,373893942,0,0,358827867,15066075,373893942
2022-02-21,407,412,396,405,643671,-1.4598540145985401,0,0,-35814,35814,0,0,0,532376,111295,643671,0,0,568190,75481,643671,0,0,-14332015,14332015,0,0,0,216026369,45063688,261090057,0,0,230358384,30731673,261090057
2022-02-22,400,403,390,396,838767,-2.2222222222222223,0,0,92767,-92767,0,0,0,813855,24912,838767,0,0,721088,117679,838767,0,0,36868138,-36868138,0,0,0,322197684,9893308,332090992,0,0,285329546,46761446,332090992
2022-02-23,395,432,395,414,4017504,4.545454545454546,0,19550,265918,-285468,0,0,19550,3698128,299826,4017504,0,0,3432210,585294,4017504,0,8087967,112738085,-120826052,0,0,8087967,1544522781,124645874,1677256622,0,0,1431784696,245471926,1677256622
2022-02-24,408,437,400,401,3744537,-3.140096618357488,0,0,-56201,56201,0,0,1,3121307,623229,3744537,0,1,3177508,567028,3744537,0,9,-28539281,28539272,0,0,430,1307653268,264603802,1572257500,0,421,1336192549,236064530,1572257500
2022-02-25,401,428,393,413,2517760,2.9925187032418954,0,-3200,137635,-134435,0,0,1800,2267063,248897,2517760,0,5000,2129428,383332,2517760,0,-1403400,56463474,-55060074,0,0,726600,935124526,102582080,1038433206,0,2130000,878661052,157642154,1038433206
2022-02-28,413,414,403,405,1014951,-1.937046004842615,0,-1000,221228,-220228,0,0,0,909125,105826,1014951,0,1000,687897,326054,1014951,0,-407000,89775362,-89368362,0,0,0,370217791,43009804,413227595,0,407000,280442429,132378166,413227595
2022-03-02,405,414,403,408,1063646,0.7407407407407408,0,8742,86328,-95070,0,0,8742,843011,211893,1063646,0,0,756683,306963,1063646,0,3587169,35124167,-38711336,0,0,3587169,343563504,86099347,433250020,0,0,308439337,124810683,433250020
2022-03-03,405,421,405,413,1430520,1.2254901960784315,0,-1800,222874,-221074,0,0,0,1205914,224606,1430520,0,1800,983040,445680,1430520,0,-752400,91551102,-90798702,0,0,0,498370032,93053548,591423580,0,752400,406818930,183852250,591423580
2022-03-04,413,415,400,409,998557,-0.9685230024213075,0,0,366022,-366022,0,0,0,972430,26127,998557,0,0,606408,392149,998557,0,0,149222467,-149222467,0,0,0,396376789,10633572,407010361,0,0,247154322,159856039,407010361
2022-03-07,405,407,393,396,1113983,-3.1784841075794623,0,0,66399,-66399,0,0,0,959652,154331,1113983,0,0,893253,220730,1113983,0,0,26358463,-26358463,0,0,0,382086542,61606065,443692607,0,0,355728079,87964528,443692607
2022-03-08,394,394,380,385,908455,-2.7777777777777777,0,3070,193437,-196507,0,0,3070,892408,12977,908455,0,0,698971,209484,908455,0,1178880,74557871,-75736751,0,0,1178880,343447256,4997288,349623424,0,0,268889385,80734039,349623424
2022-03-10,388,398,381,389,917030,1.0389610389610389,0,0,64130,-64130,0,0,0,828295,88735,917030,0,0,764165,152865,917030,0,0,24809445,-24809445,0,0,0,322906292,34562766,357469058,0,0,298096847,59372211,357469058
2022-03-11,393,397,385,388,746041,-0.2570694087403599,0,0,130968,-130968,0,0,0,640683,105358,746041,0,0,509715,236326,746041,0,0,50595046,-50595046,0,0,0,248518724,40860872,289379596,0,0,197923678,91455918,289379596
2022-03-14,391,392,365,368,2877352,-5.154639175257731,0,1299,671659,-672958,0,0,1299,2818697,57356,2877352,0,0,2147038,730314,2877352,0,476433,250477565,-250953998,0,0,476433,1048681114,21411968,1070569515,0,0,798203549,272365966,1070569515
2022-03-15,366,376,363,366,1087943,-0.5434782608695652,0,-26489,122254,-95765,0,0,1011,935368,151564,1087943,0,27500,813114,247329,1087943,0,-9740452,44708689,-34968237,0,0,372048,344324722,55616958,400313728,0,10112500,299616033,90585195,400313728
2022-03-16,367,372,353,361,1943972,-1.366120218579235,0,8499,239597,-248096,0,0,8500,1684769,250703,1943972,0,1,1445172,498799,1943972,0,3017141,86221053,-89238194,0,0,3017500,604467655,89905546,697390701,0,359,518246602,179143740,697390701
2022-03-17,365,369,360,369,1244518,2.21606648199446,0,0,-155559,155559,0,0,0,933237,311281,1244518,0,0,1088796,155722,1244518,0,0,-56955202,56955202,0,0,0,340113518,113546738,453660256,0,0,397068720,56591536,453660256
2022-03-18,373,382,369,380,1105396,2.9810298102981028,0,1383,37359,-38742,0,0,1383,898887,205126,1105396,0,0,861528,243868,1105396,0,517242,14256442,-14773684,0,0,517242,337850347,77235897,415603486,0,0,323593905,92009581,415603486
2022-03-21,380,385,376,380,833655,0.0,0,0,66965,-66965,0,0,0,670951,162704,833655,0,0,603986,229669,833655,0,0,25083079,-25083079,0,0,0,254302591,61871186,316173777,0,0,229219512,86954265,316173777
2022-03-22,380,383,369,376,1418265,-1.0526315789473684,0,0,554236,-554236,0,0,0,1174933,243332,1418265,0,0,620697,797568,1418265,0,0,206541414,-206541414,0,0,0,440319552,91660430,531979982,0,0,233778138,298201844,531979982
2022-03-23,376,379,366,369,1223493,-1.8617021276595744,0,5846,-55359,49513,0,0,5846,1134769,82878,1223493,0,0,1190128,33365,1223493,0,2152724,-20605932,18453208,0,0,2152724,421301994,30876983,454331701,0,0,441907926,12423775,454331701
2022-03-24,370,374,366,370,704874,0.27100271002710025,0,2320,24098,-26418,0,0,2320,684083,18471,704874,0,0,659985,44889,704874,0,858400,8941425,-9799825,0,0,858400,252966253,6820905,260645558,0,0,244024828,16620730,260645558
2022-03-25,374,374,364,366,908682,-1.0810810810810811,0,1111,6960,-8071,0,0,1111,876106,31465,908682,0,0,869146,39536,908682,0,408848,2612116,-3020964,0,0,408848,321187074,11541072,333136994,0,0,318574958,14562036,333136994
2022-03-28,368,371,361,364,623469,-0.546448087431694,0,0,79460,-79460,0,0,0,611897,11572,623469,0,0,532437,91032,623469,0,0,28963632,-28963632,0,0,0,222702147,4202990,226905137,0,0,193738515,33166622,226905137
2022-03-29,364,367,361,364,614153,0.0,0,0,1776,-1776,0,0,0,600663,13490,614153,0,0,598887,15266,614153,0,0,635809,-635809,0,0,0,218186981,4909091,223096072,0,0,217551172,5544900,223096072
2022-03-30,366,385,364,373,1176269,2.4725274725274726,0,0,-120843,120843,0,0,0,1010928,165341,1176269,0,0,1131771,44498,1176269,0,0,-44518026,44518026,0,0,0,374871245,61025264,435896509,0,0,419389271,16507238,435896509
2022-03-31,373,382,373,380,574478,1.876675603217158,0,3,-7548,7545,0,0,3,558374,16101,574478,0,0,565922,8556,574478,0,1137,-2845126,2843989,0,0,1137,211001238,6078403,217080778,0,0,213846364,3234414,217080778
2022-04-01,376,403,376,397,3095155,4.473684210526316,0,-1,41960,-41959,0,0,0,2861656,233499,3095155,0,1,2819696,275458,3095155,0,-380,18559575,-18559195,0,0,0,1120080236,90520950,1210601186,0,380,1101520661,109080145,1210601186
2022-04-04,397,403,387,394,1400611,-0.7556675062972292,0,0,155165,-155165,0,0,0,1294647,105964,1400611,0,0,1139482,261129,1400611,0,0,62075011,-62075011,0,0,0,508572285,41263912,549836197,0,0,446497274,103338923,549836197
2022-04-05,392,398,383,392,1112016,-0.5076142131979695,0,2046,-127962,125916,0,0,2046,952336,157634,1112016,0,0,1080298,31718,1112016,0,791030,-49589831,48798801,0,0,791030,369437726,61223139,431451895,0,0,419027557,12424338,431451895
2022-04-06,393,393,379,385,990452,-1.7857142857142856,0,1000,-93690,92690,0,0,1000,849032,140420,990452,0,0,942722,47730,990452,0,389000,-36107487,35718487,0,0,389000,325875421,54124333,380388754,0,0,361982908,18405846,380388754
2022-04-07,381,383,369,369,900122,-4.1558441558441555,0,7009,132885,-139894,0,0,7009,878866,14247,900122,0,0,745981,154141,900122,0,2607517,49993404,-52600921,0,0,2607517,327972883,5291244,335871644,0,0,277979479,57892165,335871644
2022-04-08,371,374,364,370,857875,0.27100271002710025,0,0,57534,-57534,0,0,0,800000,57875,857875,0,0,742466,115409,857875,0,0,21322625,-21322625,0,0,0,294284236,21240288,315524524,0,0,272961611,42562913,315524524
2022-04-11,372,373,363,367,385508,-0.8108108108108109,0,3,21795,-21798,0,0,3,364206,21299,385508,0,0,342411,43097,385508,0,1107,8002290,-8003397,0,0,1107,133248583,7797295,141046985,0,0,125246293,15800692,141046985
2022-04-12,367,368,354,357,751031,-2.7247956403269753,0,6896,97589,-104485,0,0,6896,737188,6947,751031,0,0,639599,111432,751031,0,2466735,35170340,-37637075,0,0,2466735,264020752,2477417,268964904,0,0,228850412,40114492,268964904
2022-04-13,361,384,359,371,2409159,3.9215686274509802,0,0,-237297,237297,0,0,0,2036172,372987,2409159,0,0,2273469,135690,2409159,0,0,-88006063,88006063,0,0,0,761182702,138926747,900109449,0,0,849188765,50920684,900109449
2022-04-14,378,482,370,442,117290618,19.137466307277627,0,13113,700787,-713900,0,244590,144939,113429978,3471111,117290618,244590,131826,112729191,4185011,117290618,2185094,1328186,325124640,-328637920,0,117892016,63817334,51266692770,1533797678,52982199798,115706922,62489148,50941568130,1862435598,52982199798
2022-04-15,442,445,406,422,12572151,-4.524886877828054,0,3492,-714874,711382,0,0,3523,11102112,1466516,12572151,0,31,11816986,755134,12572151,0,1430470,-287789868,286359398,0,0,1444173,4643282628,606996216,5251723017,0,13703,4931072496,320636818,5251723017
2022-04-18,417,441,416,425,9737030,0.7109004739336493,0,-53,1007703,-1007650,0,0,0,9305857,431173,9737030,0,53,8298154,1438823,9737030,0,-22636,434461206,-434438570,0,0,0,3998727150,184419372,4183146522,0,22636,3564265944,618857942,4183146522
2022-04-19,431,432,414,420,4182741,-1.1764705882352942,0,5000,86772,-91772,0,0,5000,3906903,270838,4182741,0,0,3820131,362610,4182741,0,2125000,38844928,-40969928,0,0,2125000,1644429553,113554795,1760109348,0,0,1605584625,154524723,1760109348
2022-04-20,421,431,411,427,3587769,1.6666666666666667,0,0,-358539,358539,0,0,0,3049762,538007,3587769,0,0,3408301,179468,3587769,0,0,-149285561,149285561,0,0,0,1286759644,225818278,1512577922,0,0,1436045205,76532717,1512577922
2022-04-21,434,434,415,417,2659073,-2.3419203747072603,0,0,253645,-253645,0,0,0,2503477,155596,2659073,0,0,2249832,409241,2659073,0,0,107754208,-107754208,0,0,0,1048229680,64885103,1113114783,0,0,940475472,172639311,1113114783
2022-04-22,417,434,411,428,3897609,2.6378896882494005,0,7100,-251197,244097,0,0,7100,3482221,408288,3897609,0,0,3733418,164191,3897609,0,3031700,-105285299,102253599,0,0,3031700,1474740235,171716930,1649488865,0,0,1580025534,69463331,1649488865
2022-04-25,416,422,415,421,2217176,-1.6355140186915886,0,4342,69480,-73822,0,0,4342,2088262,124572,2217176,0,0,2018782,198394,2217176,0,1810614,28809421,-30620035,0,0,1810614,873492661,52211175,927514450,0,0,844683240,82831210,927514450
2022-04-26,420,424,410,414,2114517,-1.66270783847981,0,-5233,139531,-134298,0,0,1867,2062860,49790,2114517,0,7100,1923329,184088,2114517,0,-2151894,58006490,-55854596,0,0,780406,857060380,20866818,878707604,0,2932300,799053890,76721414,878707604
2022-04-27,403,459,401,420,10678846,1.4492753623188406,0,20737,2484,-23221,0,0,26250,9539322,1113274,10678846,0,5513,9536838,1136495,10678846,0,8832258,9530310,-18362568,0,0,11186321,4116937659,474878014,4603001994,0,2354063,4107407349,493240582,4603001994
2022-04-28,420,440,416,425,4596735,1.1904761904761905,0,22350,167148,-189498,0,0,22350,4363919,210466,4596735,0,0,4196771,399964,4596735,0,9574350,72377707,-81952057,0,0,9574350,1861769639,89719807,1961063796,0,0,1789391932,171671864,1961063796
2022-04-29,435,550,430,492,93718975,15.764705882352942,0,-6753,248197,-241444,0,38,57209,89330162,4331566,93718975,38,63962,89081965,4573010,93718975,-38,-2349595,164183378,-161833745,0,19228,29633069,44899688406,2127872835,47057213538,19266,31982664,44735505028,2289706580,47057213538
2022-05-02,492,501,478,495,11278733,0.6097560975609756,0,2100,-116981,114881,0,0,2100,10420658,855975,11278733,0,0,10537639,741094,11278733,0,1039500,-52573348,51533848,0,0,1039500,5116536845,417122181,5534698526,0,0,5169110193,365588333,5534698526
2022-05-03,491,540,487,500,19161505,1.0101010101010102,0,7000,103953,-110953,0,0,16603,18137531,1007371,19161505,0,9603,18033578,1118324,19161505,0,3489764,58625594,-62115358,0,0,8387294,9220801908,509141088,9738330290,0,4897530,9162176314,571256446,9738330290
2022-05-04,503,510,481,485,3795996,-3.0,0,2200,54827,-57027,0,0,2200,3571799,221997,3795996,0,0,3516972,279024,3795996,0,1060400,27568888,-28629288,0,0,1060400,1744135154,108803685,1853999239,0,0,1716566266,137432973,1853999239
2022-05-06,476,477,461,467,2579138,-3.711340206185567,0,-7000,-189074,196074,0,0,0,2271465,307673,2579138,0,7000,2460539,111599,2579138,0,-3251500,-88192514,91444014,0,0,0,1058867848,143352208,1202220056,0,3251500,1147060362,51908194,1202220056
2022-05-09,463,464,439,451,2444945,-3.4261241970021414,0,2520,-110175,107655,0,0,2520,2214312,228113,2444945,0,0,2324487,120458,2444945,0,1152680,-49749469,48596789,0,0,1152680,992196068,102877361,1096226109,0,0,1041945537,54280572,1096226109
2022-05-10,443,463,432,461,2036307,2.2172949002217295,0,7200,86072,-93272,0,0,7200,1872664,156443,2036307,0,0,1786592,249715,2036307,0,3178800,39132631,-42311431,0,0,3178800,838298526,69333889,910811215,0,0,799165895,111645320,910811215
2022-05-11,462,479,459,460,1798583,-0.21691973969631237,0,0,-30512,30512,0,0,0,1662751,135832,1798583,0,0,1693263,105320,1798583,0,0,-14713525,14713525,0,0,0,775776537,63908650,839685187,0,0,790490062,49195125,839685187
2022-05-12,452,463,438,442,1122192,-3.91304347826087,0,0,30063,-30063,0,0,0,1064066,58126,1122192,0,0,1034003,88189,1122192,0,0,13509809,-13509809,0,0,0,475505925,26031173,501537098,0,0,461996116,39540982,501537098
2022-05-13,441,456,435,442,1031289,0.0,0,0,-24235,24235,0,0,0,913286,118003,1031289,0,0,937521,93768,1031289,0,0,-10354389,10354389,0,0,0,405007570,52031988,457039558,0,0,415361959,41677599,457039558
2022-05-16,455,469,445,466,1723681,5.429864253393665,0,0,-158804,158804,0,0,0,1492010,231671,1723681,0,0,1650814,72867,1723681,0,0,-73109741,73109741,0,0,0,685543806,106421900,791965706,0,0,758653547,33312159,791965706
2022-05-17,466,485,461,479,3606207,2.7896995708154506,0,5000,299086,-304086,0,0,10000,3414325,181882,3606207,0,5000,3115239,485968,3606207,0,2370000,142209147,-144579147,0,0,4755000,1620045949,85563918,1710364867,0,2385000,1477836802,230143065,1710364867
2022-05-18,488,488,464,469,1789113,-2.0876826722338206,0,0,453304,-453304,0,0,0,1724901,64212,1789113,0,0,1271597,517516,1789113,0,0,212546485,-212546485,0,0,0,810042323,30141438,840183761,0,0,597495838,242687923,840183761
2022-05-19,451,460,436,448,1898682,-4.477611940298507,0,0,-25324,25324,0,0,0,1722776,175906,1898682,0,0,1748100,150582,1898682,0,0,-10516734,10516734,0,0,0,769975645,77863561,847839206,0,0,780492379,67346827,847839206
2022-05-20,454,454,438,441,1140928,-1.5625,0,14823,-5878,-8945,0,0,24823,1022324,93781,1140928,0,10000,1028202,102726,1140928,0,6585933,-2531220,-4054713,0,0,10985933,451980306,41403860,504370099,0,4400000,454511526,45458573,504370099
2022-05-23,444,446,424,432,1272241,-2.0408163265306123,0,5000,2779,-7779,0,0,5000,1146706,120535,1272241,0,0,1143927,128314,1272241,0,2157000,1644554,-3801554,0,0,2157000,496267907,51948860,550373767,0,0,494623353,55750414,550373767
2022-05-24,428,443,414,418,1399305,-3.2407407407407405,0,4427,180616,-185043,0,0,4427,1198973,195905,1399305,0,0,1018357,380948,1399305,0,1945598,79103753,-81049351,0,0,1945598,515155505,82183995,599285098,0,0,436051752,163233346,599285098
2022-05-25,419,447,417,428,1292526,2.3923444976076556,0,0,34136,-34136,0,0,0,1133197,159329,1292526,0,0,1099061,193465,1292526,0,0,15153193,-15153193,0,0,0,488851826,68007035,556858861,0,0,473698633,83160228,556858861
2022-05-26,431,443,421,426,725082,-0.46728971962616817,0,20134,99760,-119894,0,0,20134,590893,114055,725082,0,0,491133,233949,725082,0,8639566,42829107,-51468673,0,0,8639566,252465715,48846109,309951390,0,0,209636608,100314782,309951390
2022-05-27,420,450,420,437,2216597,2.5821596244131455,0,-1753,-36646,38399,0,0,1,1948879,267717,2216597,0,1754,1985525,229318,2216597,0,-778343,-16259645,17037988,0,0,433,851311057,117090329,968401819,0,778776,867570702,100052341,968401819
2022-05-30,445,468,437,455,2968830,4.118993135011442,0,3325,-19992,16667,0,0,4025,2561123,403682,2968830,0,700,2581115,387015,2968830,0,1467017,-7176907,5709890,0,0,1786217,1161720631,182028836,1345535684,0,319200,1168897538,176318946,1345535684
2022-05-31,450,486,450,471,7590897,3.5164835164835164,0,15878,-695514,679636,0,0,15878,6275218,1299801,7590897,0,0,6970732,620165,7590897,0,7404292,-327901755,320497463,0,0,7404292,2966783830,614482693,3588670815,0,0,3294685585,293985230,3588670815
2022-06-02,471,472,456,459,1871469,-2.547770700636943,0,2794,54755,-57549,0,0,2794,1712224,156451,1871469,0,0,1657469,214000,1871469,0,1289234,25690627,-26979861,0,0,1289234,789128888,72095497,862513619,0,0,763438261,99075358,862513619
2022-06-03,457,475,457,463,1574246,0.8714596949891068,0,6421,-113863,107442,0,0,6421,1358850,208975,1574246,0,0,1472713,101533,1574246,0,2981242,-52996208,50014966,0,0,2981242,632881155,97357731,733220128,0,0,685877363,47342765,733220128
2022-06-07,464,471,450,451,872100,-2.591792656587473,0,16428,74655,-91083,0,0,16428,801195,54477,872100,0,0,726540,145560,872100,0,7473568,34219434,-41693002,0,0,7473568,365591748,24828395,397893711,0,0,331372314,66521397,397893711
2022-06-08,450,457,434,439,1194757,-2.6607538802660753,0,-49046,25830,23216,0,0,102569,956308,135880,1194757,0,151615,930478,112664,1194757,0,-21049604,11467498,9582106,0,0,45118990,422621219,59857890,527598099,0,66168594,411153721,50275784,527598099
2022-06-09,439,458,428,440,608137,0.22779043280182232,0,8286,115539,-123825,0,0,8286,555815,44036,608137,0,0,440276,167861,608137,0,3588723,50483479,-54072202,0,0,3588723,241707166,19002482,264298371,0,0,191223687,73074684,264298371
2022-06-10,438,444,430,438,389477,-0.45454545454545453,0,43633,112809,-156442,0,0,43633,331837,14007,389477,0,0,219028,170449,389477,0,18919651,48905623,-67825274,0,0,18919651,144062000,6062954,169044605,0,0,95156377,73888228,169044605
2022-06-13,435,435,413,413,1179017,-5.707762557077626,0,16197,347628,-363825,0,0,16197,1099563,63257,1179017,0,0,751935,427082,1179017,0,6787549,145707597,-152495146,0,0,6787549,459804122,26487139,493078810,0,0,314096525,178982285,493078810
2022-06-14,397,406,369,406,974884,-1.694915254237288,0,5672,21288,-26960,0,0,5672,876513,92699,974884,0,0,855225,119659,974884,0,2224884,8893763,-11118647,0,0,2224884,347408124,36577153,386210161,0,0,338514361,47695800,386210161
2022-06-15,413,413,386,396,833187,-2.4630541871921183,0,33,115339,-115372,0,0,33,764745,68409,833187,0,0,649406,183781,833187,0,13036,46857378,-46870414,0,0,13036,303059251,26750961,329823248,0,0,256201873,73621375,329823248
2022-06-16,380,416,380,394,922580,-0.5050505050505051,0,999,16057,-17056,0,0,999,846541,75040,922580,0,0,830484,92096,922580,0,407592,6791806,-7199398,0,0,407592,335562314,29871045,365840951,0,0,328770508,37070443,365840951
2022-06-17,378,394,375,390,528437,-1.015228426395939,0,156,-107561,107405,0,0,156,367747,160534,528437,0,0,475308,53129,528437,0,60982,-41251253,41190271,0,0,60982,141433017,61515717,203009716,0,0,182684270,20325446,203009716
2022-06-20,390,417,360,379,910328,-2.8205128205128207,0,1000,103757,-104757,0,0,1000,824528,84800,910328,0,0,720771,189557,910328,0,374000,41075133,-41449133,0,0,374000,312157961,31708106,344240067,0,0,271082828,73157239,344240067
2022-06-21,379,383,366,380,895419,0.2638522427440633,0,0,-8327,8327,0,0,0,791591,103828,895419,0,0,799918,95501,895419,0,0,-2756131,2756131,0,0,0,295921645,38776580,334698225,0,0,298677776,36020449,334698225
2022-06-22,392,392,358,359,860069,-5.526315789473684,0,7871,22533,-30404,0,0,7871,820518,31680,860069,0,0,797985,62084,860069,0,2851603,8500832,-11352435,0,0,2851603,300190328,11754938,314796869,0,0,291689496,23107373,314796869
2022-06-23,359,360,325,337,1572137,-6.128133704735376,0,0,-290890,290890,0,0,0,1136055,436082,1572137,0,0,1426945,145192,1572137,0,0,-95766181,95766181,0,0,0,382774409,145213643,527988052,0,0,478540590,49447462,527988052
2022-06-24,338,347,332,343,782017,1.7804154302670623,0,-1,-17126,17127,0,0,0,663010,119007,782017,0,1,680136,101880,782017,0,-340,-5900678,5901018,0,0,0,226002926,40584981,266587907,0,340,231903604,34683963,266587907
2022-06-27,348,373,344,373,1379267,8.746355685131196,0,3,-360427,360424,0,0,3,923402,455862,1379267,0,0,1283829,95438,1379267,0,1104,-144905203,144904099,0,0,1104,335731300,179572690,515305094,0,0,480636503,34668591,515305094
2022-06-28,484,484,412,418,86125857,12.064343163538874,0,-36528,2665664,-2629136,0,21600,1656473,82831451,1616333,86125857,21600,1693001,80165787,4245469,86125857,0,-15328304,1249468451,-1234140147,0,10454400,800074503,37668460489,717101692,39196091084,10454400,815402807,36418992038,1951241839,39196091084
2022-06-29,407,407,383,390,7286464,-6.698564593301436,0,9171,64467,-73638,0,0,9171,6845173,432120,7286464,0,0,6780706,505758,7286464,0,3589229,25469464,-29058693,0,0,3589229,2682361013,169817253,2855767495,0,0,2656891549,198875946,2855767495
2022-06-30,388,398,367,370,3363845,-5.128205128205128,0,-2000,-61806,63806,0,0,0,2924152,439693,3363845,0,2000,2985958,375887,3363845,0,-790000,-22668914,23458914,0,0,0,1112770733,167722463,1280493196,0,790000,1135439647,144263549,1280493196
2022-07-01,368,376,353,358,1566357,-3.2432432432432434,0,2222,-40826,38604,0,0,2222,1388108,176027,1566357,0,0,1428934,137423,1566357,0,823251,-14838066,14014815,0,0,823251,503064576,63950218,567838045,0,0,517902642,49935403,567838045
2022-07-04,359,363,338,343,1847886,-4.189944134078212,0,0,-111770,111770,0,0,0,1580705,267181,1847886,0,0,1692475,155411,1847886,0,0,-38161578,38161578,0,0,0,549905613,93008028,642913641,0,0,588067191,54846450,642913641
2022-07-05,348,361,345,354,1241876,3.206997084548105,0,0,-220301,220301,0,0,0,951874,290002,1241876,0,0,1172175,69701,1241876,0,0,-77576624,77576624,0,0,0,336118717,102293952,438412669,0,0,413695341,24717328,438412669
2022-07-06,357,357,339,345,1702997,-2.5423728813559325,286,6651,42111,-49048,0,286,6651,1525630,170430,1702997,0,0,1483519,219478,1702997,98670,2287261,15013496,-17399427,0,98670,2287261,527772946,58783961,588942838,0,0,512759450,76183388,588942838
2022-07-07,345,351,340,351,1074410,1.7391304347826086,-286,0,212819,-212533,0,0,0,985023,89387,1074410,286,0,772204,301920,1074410,-99242,0,73781485,-73682243,0,0,0,341737659,30933135,372670794,99242,0,267956174,104615378,372670794
2022-07-08,353,354,345,348,1822883,-0.8547008547008548,0,0,489310,-489310,0,0,0,1692799,130084,1822883,0,0,1203489,619394,1822883,0,0,170293999,-170293999,0,0,0,591108454,45547536,636655990,0,0,420814455,215841535,636655990
2022-07-11,347,350,340,343,1285635,-1.4367816091954022,0,0,155514,-155514,0,0,0,1231013,54622,1285635,0,0,1075499,210136,1285635,0,0,53172423,-53172423,0,0,0,422991333,18817831,441809164,0,0,369818910,71990254,441809164
2022-07-12,342,344,330,332,1451635,-3.206997084548105,0,2370,309590,-311960,0,0,2370,1416656,32609,1451635,0,0,1107066,344569,1451635,0,796102,103434702,-104230804,0,0,796102,472007501,10901424,483705027,0,0,368572799,115132228,483705027
2022-07-13,330,336,330,331,700449,-0.30120481927710846,0,0,72020,-72020,0,0,0,612145,88304,700449,0,0,540125,160324,700449,0,0,23880276,-23880276,0,0,0,203687308,29455842,233143150,0,0,179807032,53336118,233143150
2022-07-14,334,354,325,332,4352549,0.3021148036253776,0,-282252,945034,-662782,0,0,1053065,2887126,412358,4352549,0,1335317,1942092,1075140,4352549,0,-86907733,310548619,-223640886,0,0,356374617,966509760,137616777,1460501154,0,443282350,655961141,361257663,1460501154
2022-07-15,330,344,323,335,1353307,0.9036144578313252,0,0,-83878,83878,0,0,0,1130711,222596,1353307,0,0,1214589,138718,1353307,0,0,-28217733,28217733,0,0,0,375908508,74468467,450376975,0,0,404126241,46250734,450376975
2022-07-18,335,346,335,341,1534041,1.791044776119403,0,0,-40684,40684,0,0,0,1419208,114833,1534041,0,0,1459892,74149,1534041,0,0,-13728670,13728670,0,0,0,483580088,39068771,522648859,0,0,497308758,25340101,522648859
2022-07-19,338,343,334,341,1473128,0.0,0,9754,87952,-97706,0,0,9754,1030521,432853,1473128,0,0,942569,530559,1473128,0,3340129,29956421,-33296550,0,0,3340129,348023909,145608920,496972958,0,0,318067488,178905470,496972958
2022-07-20,346,346,338,339,883553,-0.5865102639296188,0,26826,425850,-452676,0,0,26826,808268,48459,883553,0,0,382418,501135,883553,0,9138880,144665392,-153804272,0,0,9138880,275102391,16577933,300819204,0,0,130436999,170382205,300819204
2022-07-21,339,340,336,340,615000,0.2949852507374631,0,0,2232,-2232,0,0,0,572340,42660,615000,0,0,570108,44892,615000,0,0,745469,-745469,0,0,0,193558234,14455247,208013481,0,0,192812765,15200716,208013481
2022-07-22,342,346,338,342,695813,0.5882352941176471,0,0,71104,-71104,0,0,175,664913,30725,695813,0,175,593809,101829,695813,0,175,24221421,-24221596,0,0,59500,226626717,10462462,237148679,0,59325,202405296,34684058,237148679
2022-07-25,343,344,338,340,485527,-0.5847953216374269,0,0,17468,-17468,0,0,0,473213,12314,485527,0,0,455745,29782,485527,0,0,5973776,-5973776,0,0,0,161019159,4189974,165209133,0,0,155045383,10163750,165209133
2022-07-26,338,341,336,340,487046,0.0,0,0,-10946,10946,0,0,0,450568,36478,487046,0,0,461514,25532,487046,0,0,-3648705,3648705,0,0,0,152509568,12321099,164830667,0,0,156158273,8672394,164830667
2022-07-27,340,342,332,339,385453,-0.29411764705882354,0,0,10480,-10480,0,0,0,370144,15309,385453,0,0,359664,25789,385453,0,0,3576076,-3576076,0,0,0,125133437,5183583,130317020,0,0,121557361,8759659,130317020
2022-07-28,341,344,335,336,572114,-0.8849557522123894,0,0,17894,-17894,0,0,0,537342,34772,572114,0,0,519448,52666,572114,0,0,6013446,-6013446,0,0,0,181443074,11782469,193225543,0,0,175429628,17795915,193225543
2022-07-29,334,340,334,336,577430,0.0,0,0,-48464,48464,0,0,0,508955,68475,577430,0,0,557419,20011,577430,0,0,-16323676,16323676,0,0,0,170804660,23054534,193859194,0,0,187128336,6730858,193859194
2022-08-01,338,343,337,340,444054,1.1904761904761905,0,0,10152,-10152,0,0,0,411862,32192,444054,0,0,401710,42344,444054,0,0,3470758,-3470758,0,0,0,139919376,10931446,150850822,0,0,136448618,14402204,150850822
2022-08-02,341,342,335,338,482476,-0.5882352941176471,0,0,28606,-28606,0,0,0,477898,4578,482476,0,0,449292,33184,482476,0,0,9680564,-9680564,0,0,0,161292382,1542789,162835171,0,0,151611818,11223353,162835171
2022-08-03,337,344,337,341,929433,0.8875739644970414,0,0,-113432,113432,0,0,0,803213,126220,929433,0,0,916645,12788,929433,0,0,-38729270,38729270,0,0,0,274060535,43089821,317150356,0,0,312789805,4360551,317150356
2022-08-04,340,343,336,338,823559,-0.8797653958944283,0,0,350056,-350056,0,0,0,785256,38303,823559,0,0,435200,388359,823559,0,0,118171711,-118171711,0,0,0,265875513,13084834,278960347,0,0,147703802,131256545,278960347
2022-08-05,338,340,333,334,1539100,-1.183431952662722,0,0,924936,-924936,0,0,0,1504601,34499,1539100,0,0,579665,959435,1539100,0,0,309589664,-309589664,0,0,0,504300148,11587626,515887774,0,0,194710484,321177290,515887774
2022-08-08,338,338,331,334,689522,0.0,0,5002,130719,-135721,0,0,5002,672286,12234,689522,0,0,541567,147955,689522,0,1669668,43524049,-45193717,0,0,1669668,223741438,4067913,229479019,0,0,180217389,49261630,229479019
2022-08-09,334,337,330,332,449428,-0.5988023952095809,0,0,-1539,1539,0,0,0,432083,17345,449428,0,0,433622,15806,449428,0,0,-497152,497152,0,0,0,143294666,5747144,149041810,0,0,143791818,5249992,149041810
2022-08-10,333,333,328,329,630706,-0.9036144578313252,0,0,50166,-50166,0,0,0,625826,4880,630706,0,0,575660,55046,630706,0,0,16549137,-16549137,0,0,0,206413166,1615095,208028261,0,0,189864029,18164232,208028261
2022-08-11,330,333,329,331,532537,0.60790273556231,0,0,112893,-112893,0,0,0,516583,15954,532537,0,0,403690,128847,532537,0,0,37249542,-37249542,0,0,0,170692644,5265210,175957854,0,0,133443102,42514752,175957854
2022-08-12,329,336,329,332,994531,0.3021148036253776,0,0,104156,-104156,0,0,0,849602,144929,994531,0,0,745446,249085,994531,0,0,34407573,-34407573,0,0,0,282491928,47975045,330466973,0,0,248084355,82382618,330466973
2022-08-16,332,335,328,330,707826,-0.6024096385542169,0,1500,40414,-41914,0,0,1500,696880,9446,707826,0,0,656466,51360,707826,0,498000,13383142,-13881142,0,0,498000,230417355,3128505,234043860,0,0,217034213,17009647,234043860
2022-08-17,330,333,321,322,1618991,-2.4242424242424243,0,0,73560,-73560,0,0,0,1584899,34092,1618991,0,0,1511339,107652,1618991,0,0,23854267,-23854267,0,0,0,514409072,11100048,525509120,0,0,490554805,34954315,525509120
2022-08-18,322,349,320,330,2482611,2.484472049689441,0,660,55375,-56035,0,0,660,2308984,172967,2482611,0,0,2253609,229002,2482611,0,221100,18496193,-18717293,0,0,221100,765122063,57736538,823079701,0,0,746625870,76453831,823079701
2022-08-19,331,332,325,325,652102,-1.5151515151515151,0,-140,-26791,26931,0,0,0,571067,81035,652102,0,140,597858,54104,652102,0,-46340,-8894394,8940734,0,0,0,186866473,26682166,213548639,0,46340,195760867,17741432,213548639
2022-08-22,321,325,320,321,845613,-1.2307692307692308,0,0,41749,-41749,0,0,0,813708,31905,845613,0,0,771959,73654,845613,0,0,13414427,-13414427,0,0,0,261139699,10250026,271389725,0,0,247725272,23664453,271389725
2022-08-23,318,321,312,312,913290,-2.803738317757009,0,-454,28448,-27994,0,0,0,883066,30224,913290,0,454,854618,58218,913290,0,-144372,8991063,-8846691,0,0,0,278834756,9560331,288395087,0,144372,269843693,18407022,288395087
2022-08-24,311,320,310,317,441142,1.6025641025641024,0,-66,-15179,15245,0,0,0,406216,34926,441142,0,66,421395,19681,441142,0,-20790,-4769448,4790238,0,0,0,127643266,10985708,138628974,0,20790,132412714,6195470,138628974
2022-08-25,319,323,318,320,291242,0.9463722397476341,0,-100,-37582,37682,0,0,0,241036,50206,291242,0,100,278618,12524,291242,0,-31900,-11968965,12000865,0,0,0,77067187,16021537,93088724,0,31900,89036152,4020672,93088724
2022-08-26,319,326,316,318,620807,-0.625,0,0,37432,-37432,0,0,0,560384,60423,620807,0,0,522952,97855,620807,0,0,12191295,-12191295,0,0,0,178640030,19250905,197890935,0,0,166448735,31442200,197890935
2022-08-29,311,318,307,312,714965,-1.8867924528301887,0,0,-15754,15754,0,0,0,607653,107312,714965,0,0,623407,91558,714965,0,0,-4654640,4654640,0,0,0,189209009,33293479,222502488,0,0,193863649,28638839,222502488
2022-08-30,312,315,309,314,720175,0.641025641025641,0,0,-9614,9614,0,0,0,672993,47182,720175,0,0,682607,37568,720175,0,0,-2924920,2924920,0,0,0,209775370,14689305,224464675,0,0,212700290,11764385,224464675
2022-08-31,311,329,311,316,1509659,0.6369426751592357,0,0,-116546,116546,0,0,0,1296809,212850,1509659,0,0,1413355,96304,1509659,0,0,-37340267,37340267,0,0,0,414810287,68040520,482850807,0,0,452150554,30700253,482850807
2022-09-01,316,317,309,310,740143,-1.89873417721519,0,0,103635,-103635,0,0,0,704726,35417,740143,0,0,601091,139052,740143,0,0,32302503,-32302503,0,0,0,219297232,11033938,230331170,0,0,186994729,43336441,230331170
2022-09-02,310,315,308,311,256710,0.3225806451612903,0,0,-10367,10367,0,0,0,238190,18520,256710,0,0,248557,8153,256710,0,0,-3211284,3211284,0,0,0,73786973,5745633,79532606,0,0,76998257,2534349,79532606
2022-09-05,308,313,308,310,379290,-0.3215434083601286,0,1000,-17443,16443,0,0,1000,344709,33581,379290,0,0,362152,17138,379290,0,312000,-5429608,5117608,0,0,312000,107063443,10439354,117814797,0,0,112493051,5321746,117814797
2022-09-06,307,316,307,310,310497,0.0,0,0,-33630,33630,0,0,0,265114,45383,310497,0,0,298744,11753,310497,0,0,-10430316,10430316,0,0,0,82223387,14071740,96295127,0,0,92653703,3641424,96295127
2022-09-07,311,315,300,301,1000146,-2.903225806451613,0,0,31981,-31981,0,0,0,970505,29641,1000146,0,0,938524,61622,1000146,0,0,9723067,-9723067,0,0,0,294505336,9038551,303543887,0,0,284782269,18761618,303543887
2022-09-08,302,305,300,301,193482,0.0,0,1,-301,300,0,0,1,188187,5294,193482,0,0,188488,4994,193482,0,302,-81357,81055,0,0,302,56872553,1593494,58466349,0,0,56953910,1512439,58466349
2022-09-13,304,314,303,307,289202,1.9933554817275747,0,0,-22845,22845,0,0,0,262449,26753,289202,0,0,285294,3908,289202,0,0,-6979033,6979033,0,0,0,80279164,8180734,88459898,0,0,87258197,1201701,88459898
2022-09-14,302,305,297,303,436032,-1.3029315960912053,0,0,-2489,2489,0,0,0,397394,38638,436032,0,0,399883,36149,436032,0,0,-678293,678293,0,0,0,119465651,11582297,131047948,0,0,120143944,10904004,131047948
2022-09-15,306,310,297,304,375148,0.33003300330033003,0,0,-7285,7285,0,0,0,355548,19600,375148,0,0,362833,12315,375148,0,0,-2162017,2162017,0,0,0,107033475,5923833,112957308,0,0,109195492,3761816,112957308
2022-09-16,299,301,296,297,490194,-2.302631578947368,0,0,5864,-5864,0,0,0,470456,19738,490194,0,0,464592,25602,490194,0,0,1732228,-1732228,0,0,0,140141090,5905948,146047038,0,0,138408862,7638176,146047038
2022-09-19,297,300,284,289,736099,-2.6936026936026933,0,0,73038,-73038,0,0,0,681711,54388,736099,0,0,608673,127426,736099,0,0,21417287,-21417287,0,0,0,197771812,15770599,213542411,0,0,176354525,37187886,213542411
2022-09-20,289,300,289,295,623900,2.0761245674740483,0,0,-85313,85313,0,0,0,504699,119201,623900,0,0,590012,33888,623900,0,0,-24913109,24913109,0,0,0,148501375,34960289,183461664,0,0,173414484,10047180,183461664
2022-09-21,299,301,291,291,294764,-1.3559322033898304,0,0,-52067,52067,0,0,0,222536,72228,294764,0,0,274603,20161,294764,0,0,-15313722,15313722,0,0,0,65666915,21285319,86952234,0,0,80980637,5971597,86952234
2022-09-22,290,290,280,286,443407,-1.718213058419244,0,0,16072,-16072,0,0,0,414682,28725,443407,0,0,398610,44797,443407,0,0,4630437,-4630437,0,0,0,117681835,8138699,125820534,0,0,113051398,12769136,125820534
2022-09-23,286,292,277,282,370902,-1.3986013986013985,0,0,-24638,24638,0,0,0,316221,54681,370902,0,0,340859,30043,370902,0,0,-7027750,7027750,0,0,0,89461303,15592777,105054080,0,0,96489053,8565027,105054080
2022-09-26,274,280,254,258,938270,-8.51063829787234,0,-1500,-41097,42597,0,0,0,821026,117244,938270,0,1500,862123,74647,938270,0,-387000,-10446069,10833069,0,0,0,216971513,30771884,247743397,0,387000,227417582,19938815,247743397
2022-09-27,252,263,250,258,920140,0.0,0,0,-106326,106326,0,0,0,745689,174451,920140,0,0,852015,68125,920140,0,0,-27017041,27017041,0,0,0,189958785,44516641,234475426,0,0,216975826,17499600,234475426
2022-09-28,258,262,240,247,840288,-4.263565891472868,0,4000,-36110,32110,0,0,4000,697313,138975,840288,0,0,733423,106865,840288,0,1039500,-8863937,7824437,0,0,1039500,172734829,34401536,208175865,0,0,181598766,26577099,208175865
2022-09-29,247,254,243,243,567738,-1.6194331983805668,0,0,-45470,45470,0,0,0,474658,93080,567738,0,0,520128,47610,567738,0,0,-11348254,11348254,0,0,0,117536880,23213681,140750561,0,0,128885134,11865427,140750561
2022-09-30,237,249,236,239,528506,-1.646090534979424,0,0,-86279,86279,0,0,0,403994,124512,528506,0,0,490273,38233,528506,0,0,-20793042,20793042,0,0,0,96458354,29907523,126365877,0,0,117251396,9114481,126365877
2022-10-04,243,246,236,241,1180759,0.8368200836820083,0,0,582289,-582289,0,0,0,1059029,121730,1180759,0,0,476740,704019,1180759,0,0,139307981,-139307981,0,0,0,254357031,29351975,283709006,0,0,115049050,168659956,283709006
2022-10-05,244,246,230,234,1522357,-2.904564315352697,0,0,451003,-451003,0,0,0,1434839,87518,1522357,0,0,983836,538521,1522357,0,0,106833502,-106833502,0,0,0,338090451,20665482,358755933,0,0,231256949,127498984,358755933
2022-10-06,234,274,233,252,10179952,7.6923076923076925,0,0,1967909,-1967909,0,0,0,9099424,1080528,10179952,0,0,7131515,3048437,10179952,0,0,504595196,-504595196,0,0,0,2335223271,272835216,2608058487,0,0,1830628075,777430412,2608058487
2022-10-07,251,290,246,260,9636215,3.1746031746031744,0,89,1832317,-1832406,0,0,89,8790414,845712,9636215,0,0,6958097,2678118,9636215,0,23318,488372579,-488395897,0,0,23318,2333448113,220999730,2554471161,0,0,1845075534,709395627,2554471161
2022-10-11,256,256,238,241,2821695,-7.307692307692308,0,1000,430471,-431471,0,0,1000,2506728,313967,2821695,0,0,2076257,745438,2821695,0,241000,104971474,-105212474,0,0,241000,610344528,75934260,686519788,0,0,505373054,181146734,686519788
2022-10-12,238,259,234,242,2299740,0.4149377593360996,0,4921,-7132,2211,0,0,4921,1747087,547732,2299740,0,0,1754219,545521,2299740,0,1185961,-212952,-973009,0,0,1185961,425440348,132463951,559090260,0,0,425653300,133436960,559090260
2022-10-13,243,249,219,220,2899225,-9.090909090909092,0,0,164713,-164713,0,0,0,2617326,281899,2899225,0,0,2452613,446612,2899225,0,0,40166645,-40166645,0,0,0,602242681,64088418,666331099,0,0,562076036,104255063,666331099
2022-10-14,226,233,220,230,1233419,4.545454545454546,0,0,-92732,92732,0,0,0,921241,312178,1233419,0,0,1013973,219446,1233419,0,0,-21005241,21005241,0,0,0,210149129,71272373,281421502,0,0,231154370,50267132,281421502
2022-10-17,230,235,221,230,1175340,0.0,0,0,-21947,21947,0,0,0,693685,481655,1175340,0,0,715632,459708,1175340,0,0,-5353564,5353564,0,0,0,158239284,110495347,268734631,0,0,163592848,105141783,268734631
2022-10-18,231,239,229,238,1317890,3.4782608695652173,0,0,-137321,137321,0,0,0,958320,359570,1317890,0,0,1095641,222249,1317890,0,0,-32637903,32637903,0,0,0,224105240,84432547,308537787,0,0,256743143,51794644,308537787
2022-10-19,240,242,230,233,4323442,-2.100840336134454,0,3541,1356626,-1360167,0,0,7367,3905522,410553,4323442,0,3826,2548896,1770720,4323442,0,824053,317604922,-318428975,0,0,1715511,917006551,96553613,1015275675,0,891458,599401629,414982588,1015275675
2022-10-20,231,253,226,236,4588418,1.2875536480686696,0,-1541,175481,-173940,0,0,0,3963050,625368,4588418,0,1541,3787569,799308,4588418,0,-369840,42783617,-42413777,0,0,0,943445241,147697620,1091142861,0,369840,900661624,190111397,1091142861
2022-10-21,231,235,225,228,2478374,-3.389830508474576,0,0,632919,-632919,0,0,0,2297437,180937,2478374,0,0,1664518,813856,2478374,0,0,144517513,-144517513,0,0,0,526112009,41353688,567465697,0,0,381594496,185871201,567465697
2022-10-24,234,234,224,230,969428,0.8771929824561403,0,0,-32794,32794,0,0,0,862842,106586,969428,0,0,895636,73792,969428,0,0,-7540050,7540050,0,0,0,198131240,24507068,222638308,0,0,205671290,16967018,222638308
2022-10-25,233,233,221,223,1135286,-3.0434782608695654,0,0,32205,-32205,0,0,0,1067539,67747,1135286,0,0,1035334,99952,1135286,0,0,7346131,-7346131,0,0,0,241312243,15320302,256632545,0,0,233966112,22666433,256632545
2022-10-26,225,227,220,222,839801,-0.4484304932735426,0,0,16891,-16891,0,0,0,803148,36653,839801,0,0,786257,53544,839801,0,0,3756499,-3756499,0,0,0,177914369,8131272,186045641,0,0,174157870,11887771,186045641
2022-10-27,222,230,222,229,1203464,3.153153153153153,0,0,-171366,171366,0,0,0,1011301,192163,1203464,0,0,1182667,20797,1203464,0,0,-38619034,38619034,0,0,0,229324833,43320088,272644921,0,0,267943867,4701054,272644921
2022-10-28,230,230,224,225,902712,-1.7467248908296942,0,0,-14088,14088,0,0,0,835085,67627,902712,0,0,849173,53539,902712,0,0,-3209246,3209246,0,0,0,189574308,15391458,204965766,0,0,192783554,12182212,204965766
2022-10-31,227,235,225,229,1457646,1.7777777777777777,0,0,-58852,58852,0,0,0,1173042,284604,1457646,0,0,1231894,225752,1457646,0,0,-13581410,13581410,0,0,0,270057766,65594368,335652134,0,0,283639176,52012958,335652134
2022-11-01,231,253,230,248,5814166,8.296943231441048,0,123,22693,-22816,0,0,4695,4944735,864736,5814166,0,4572,4922042,887552,5814166,0,17,8615936,-8615953,0,0,1129301,1217768022,211045790,1429943113,0,1129284,1209152086,219661743,1429943113
2022-11-02,251,252,241,244,1569977,-1.6129032258064515,0,0,73872,-73872,0,0,0,1465277,104700,1569977,0,0,1391405,178572,1569977,0,0,18236128,-18236128,0,0,0,357351186,25516618,382867804,0,0,339115058,43752746,382867804
2022-11-03,247,249,235,245,1167535,0.4098360655737705,0,0,23671,-23671,0,0,0,1006603,160932,1167535,0,0,982932,184603,1167535,0,0,6080651,-6080651,0,0,0,244605115,39042155,283647270,0,0,238524464,45122806,283647270
2022-11-04,242,245,237,240,818859,-2.0408163265306123,0,4942,30559,-35501,0,0,4942,727868,86049,818859,0,0,697309,121550,818859,0,1176196,7353891,-8530087,0,0,1176196,174544703,20706111,196427010,0,0,167190812,29236198,196427010
2022-11-07,240,245,236,242,736237,0.8333333333333334,0,2000,-146000,144000,0,0,2000,539498,194739,736237,0,0,685498,50739,736237,0,486000,-35371145,34885145,0,0,486000,129755984,47143210,177385194,0,0,165127129,12258065,177385194
2022-11-08,243,265,242,259,4804415,7.024793388429752,0,-4921,-256646,261567,0,0,0,3966658,837757,4804415,0,4921,4223304,576190,4804415,0,-1259776,-62800697,64060473,0,0,0,1014182426,212274430,1226456856,0,1259776,1076983123,148213957,1226456856
2022-11-09,259,275,256,261,3432341,0.7722007722007722,0,0,-17016,17016,0,0,0,2945576,486765,3432341,0,0,2962592,469749,3432341,0,0,-4047408,4047408,0,0,0,780720359,128660603,909380962,0,0,784767767,124613195,909380962
2022-11-10,261,264,252,258,1073080,-1.1494252873563218,0,4000,-90805,86805,0,0,4000,854856,214224,1073080,0,0,945661,127419,1073080,0,1020000,-23046398,22026398,0,0,1020000,219278687,54871794,275170481,0,0,242325085,32845396,275170481
2022-11-11,263,266,257,262,1288995,1.550387596899225,0,0,146488,-146488,0,0,170,1182312,106513,1288995,0,170,1035824,253001,1288995,0,170,38131005,-38131175,0,0,44370,307576511,27718661,335339542,0,44200,269445506,65849836,335339542
2022-11-14,262,284,262,272,2645550,3.816793893129771,0,-3000,-527568,530568,0,0,0,1934217,711333,2645550,0,3000,2461785,180765,2645550,0,-828000,-143093754,143921754,0,0,0,528123720,193884946,722008666,0,828000,671217474,49963192,722008666
2022-11-15,264,277,264,271,2132480,-0.3676470588235294,0,0,44238,-44238,0,0,0,1908528,223952,2132480,0,0,1864290,268190,2132480,0,0,12882941,-12882941,0,0,0,514358945,60066447,574425392,0,0,501476004,72949388,574425392
2022-11-16,270,273,260,264,1448359,-2.5830258302583027,0,0,476995,-476995,0,0,0,1335460,112899,1448359,0,0,858465,589894,1448359,0,0,125541834,-125541834,0,0,0,351985773,29924540,381910313,0,0,226443939,155466374,381910313
2022-11-17,261,263,251,253,1356272,-4.166666666666666,94398,0,234090,-328488,0,94398,0,1147596,114278,1356272,0,0,913506,442766,1356272,23877860,0,59548766,-83426626,0,23877860,0,291340244,28991997,344210101,0,0,231791478,112418623,344210101
2022-11-18,252,257,249,254,1057559,0.3952569169960474,3681,0,228475,-232156,0,3681,0,925183,128695,1057559,0,0,696708,360851,1057559,916569,0,57977093,-58893662,0,916569,0,234312062,32591903,267820534,0,0,176334969,91485565,267820534
2022-11-21,253,253,240,242,1627229,-4.724409448818897,14546,0,509093,-523639,0,14546,0,1519942,92741,1627229,0,0,1010849,616380,1627229,3520132,0,124265710,-127785842,0,3520132,0,369675764,22414510,395610406,0,0,245410054,150200352,395610406
2022-11-22,238,244,231,232,1842928,-4.132231404958678,0,0,436957,-436957,0,0,0,1707999,134929,1842928,0,0,1271042,571886,1842928,0,0,102394831,-102394831,0,0,0,400718521,31834060,432552581,0,0,298323690,134228891,432552581
2022-11-23,235,240,233,235,791259,1.293103448275862,0,500,96618,-97118,0,0,500,644946,145813,791259,0,0,548328,242931,791259,0,117500,23062167,-23179667,0,0,117500,152501810,34412202,187031512,0,0,129439643,57591869,187031512
2022-11-24,236,241,235,237,613732,0.851063829787234,0,0,68688,-68688,0,0,0,492895,120837,613732,0,0,424207,189525,613732,0,0,16444724,-16444724,0,0,0,117364873,28710818,146075691,0,0,100920149,45155542,146075691
2022-11-25,238,239,232,234,795097,-1.2658227848101267,0,0,172210,-172210,0,0,0,743403,51694,795097,0,0,571193,223904,795097,0,0,40722291,-40722291,0,0,0,174641842,12116263,186758105,0,0,133919551,52838554,186758105
2022-11-28,232,234,225,226,1276636,-3.418803418803419,-112625,0,494517,-381892,0,0,0,1213373,63263,1276636,112625,0,718856,445155,1276636,-25897611,0,113724814,-87827203,0,0,0,277370702,14359096,291729798,25897611,0,163645888,102186299,291729798
2022-11-29,223,238,223,237,1366573,4.867256637168142,0,0,325977,-325977,0,0,0,1215043,151530,1366573,0,0,889066,477507,1366573,0,0,75289850,-75289850,0,0,0,280749046,34904112,315653158,0,0,205459196,110193962,315653158
2022-11-30,235,238,230,233,1012853,-1.6877637130801686,0,79,354758,-354837,0,0,79,951866,60908,1012853,0,0,597108,415745,1012853,0,18486,83044085,-83062571,0,0,18486,222340378,14203963,236562827,0,0,139296293,97266534,236562827
2022-12-01,234,265,234,251,7021104,7.725321888412018,0,-9105,-547980,557085,0,0,0,5343616,1677488,7021104,0,9105,5891596,1120403,7021104,0,-2321775,-128383610,130705385,0,0,0,1345121983,414017641,1759139624,0,2321775,1473505593,283312256,1759139624
2022-12-02,252,253,241,247,1555214,-1.593625498007968,0,0,256739,-256739,0,0,0,1235080,320134,1555214,0,0,978341,576873,1555214,0,0,63297448,-63297448,0,0,0,305233138,79029533,384262671,0,0,241935690,142326981,384262671
2022-12-05,247,277,245,249,14988675,0.8097165991902834,0,0,3548749,-3548749,0,0,20000,13416619,1552056,14988675,0,20000,9867870,5100805,14988675,0,26000,910632963,-910658963,0,0,5250000,3495368698,408049827,3908668525,0,5224000,2584735735,1318708790,3908668525
2022-12-06,246,248,240,242,2287380,-2.8112449799196786,0,0,44910,-44910,0,0,0,1878191,409189,2287380,0,0,1833281,454099,2287380,0,0,10668001,-10668001,0,0,0,458306870,100129273,558436143,0,0,447638869,110797274,558436143
2022-12-07,239,280,239,252,33973984,4.132231404958678,0,0,2107983,-2107983,0,0,0,31461949,2512035,33973984,0,0,29353966,4620018,33973984,0,0,553709858,-553709858,0,0,0,8276935162,653663975,8930599137,0,0,7723225304,1207373833,8930599137
2022-12-08,256,271,248,259,11134748,2.7777777777777777,0,0,-92906,92906,0,0,888,10095088,1038772,11134748,0,888,10187994,945866,11134748,0,2664,-21853656,21850992,0,0,237096,2610577436,267614609,2878429141,0,234432,2632431092,245763617,2878429141
2022-12-09,258,315,255,279,69699424,7.722007722007722,0,-8605,2161892,-2153287,0,0,10660,64061411,5627353,69699424,0,19265,61899519,7780640,69699424,0,-2306755,658428925,-656122170,0,0,3243900,18604027931,1579613829,20186885660,0,5550655,17945599006,2235735999,20186885660
2022-12-12,280,283,268,270,8284674,-3.225806451612903,0,9556,21317,-30873,0,0,9556,7215528,1059590,8284674,0,0,7194211,1090463,8284674,0,2603886,10939133,-13543019,0,0,2603886,1979748870,288375179,2270727935,0,0,1968809737,301918198,2270727935
2022-12-13,270,274,254,258,5460869,-4.444444444444445,0,92,29374,-29466,0,0,92,5030012,430765,5460869,0,0,5000638,460231,5460869,0,23644,6521430,-6545074,0,0,23644,1313131220,113531248,1426686112,0,0,1306609790,120076322,1426686112
2022-12-14,258,263,255,259,1962470,0.3875968992248062,0,0,91806,-91806,0,0,0,1802408,160062,1962470,0,0,1710602,251868,1962470,0,0,24299700,-24299700,0,0,0,466135949,41197604,507333553,0,0,441836249,65497304,507333553
2022-12-15,260,280,253,259,6668726,0.0,0,6318,857738,-864056,0,0,6768,6082728,579230,6668726,0,450,5224990,1443286,6668726,0,1640176,232099485,-233739661,0,0,1765726,1614359209,151733396,1767858331,0,125550,1382259724,385473057,1767858331
2022-12-16,254,265,253,256,2309119,-1.1583011583011582,0,0,-29133,29133,0,0,0,1946144,362975,2309119,0,0,1975277,333842,2309119,0,0,-7463559,7463559,0,0,0,503619459,93795634,597415093,0,0,511083018,86332075,597415093
2022-12-19,254,260,243,247,3036086,-3.515625,0,0,467526,-467526,0,0,0,2859750,176336,3036086,0,0,2392224,643862,3036086,0,0,116926210,-116926210,0,0,0,715999301,44409350,760408651,0,0,599073091,161335560,760408651
2022-12-20,244,247,236,237,2099264,-4.048582995951417,0,0,36208,-36208,0,0,0,1919575,179689,2099264,0,0,1883367,215897,2099264,0,0,8805961,-8805961,0,0,0,460897393,43145989,504043382,0,0,452091432,51951950,504043382
2022-12-21,252,252,237,240,1023121,1.2658227848101267,0,0,108455,-108455,0,0,0,957253,65868,1023121,0,0,848798,174323,1023121,0,0,26570392,-26570392,0,0,0,231491887,15836173,247328060,0,0,204921495,42406565,247328060
2022-12-22,240,272,239,257,14120387,7.083333333333333,0,-6237,-546641,552878,0,0,904,12365534,1753949,14120387,0,7141,12912175,1201071,14120387,0,-1688559,-132985026,134673585,0,0,239345,3205208546,448439035,3653886926,0,1927904,3338193572,313765450,3653886926
2022-12-23,259,286,249,257,27406766,0.0,0,-1486,216562,-215076,0,0,9111,25150595,2247060,27406766,0,10597,24934033,2462136,27406766,0,-464770,64137905,-63673135,0,0,2435321,6798831118,602930409,7404196848,0,2900091,6734693213,666603544,7404196848
2022-12-26,263,264,249,251,3683406,-2.3346303501945527,0,50000,186763,-236763,0,0,50000,3376156,257250,3683406,0,0,3189393,494013,3683406,0,12629000,48395565,-61024565,0,0,12629000,857763530,65435038,935827568,0,0,809367965,126459603,935827568
2022-12-27,253,281,251,273,17993559,8.764940239043826,0,-54371,-1636546,1690917,0,0,0,14933317,3060242,17993559,0,54371,16569863,1369325,17993559,0,-14637044,-434407387,449044431,0,0,0,4052986090,823573531,4876559621,0,14637044,4487393477,374529100,4876559621
2022-12-28,276,298,262,267,13079727,-2.197802197802198,0,3740,2127215,-2130955,0,0,3990,12629411,446326,13079727,0,250,10502196,2577281,13079727,0,999420,582477486,-583476906,0,0,1069920,3482922263,121389644,3605381827,0,70500,2900444777,704866550,3605381827
2022-12-29,267,274,254,254,4921212,-4.868913857677903,0,0,891018,-891018,0,0,0,4541451,379761,4921212,0,0,3650433,1270779,4921212,0,0,235491334,-235491334,0,0,0,1194914362,100460483,1295374845,0,0,959423028,335951817,1295374845
2023-01-02,255,260,244,246,1757681,-3.149606299212598,0,50600,-220903,170303,0,0,50600,1379220,327861,1757681,0,0,1600123,157558,1757681,0,12349200,-53849635,41500435,0,0,12349200,344589678,81359181,438298059,0,0,398439313,39858746,438298059
2023-01-03,247,254,238,252,2520339,2.4390243902439024,0,-50000,91662,-41662,0,0,0,2083529,436810,2520339,0,50000,1991867,478472,2520339,0,-12300000,22169439,-9869439,0,0,0,512654643,107981285,620635928,0,12300000,490485204,117850724,620635928
2023-01-04,254,254,246,252,1008495,0.0,0,0,-111123,111123,0,0,0,831971,176524,1008495,0,0,943094,65401,1008495,0,0,-27641091,27641091,0,0,0,208188558,44086186,252274744,0,0,235829649,16445095,252274744
2023-01-05,255,256,245,247,1978557,-1.984126984126984,0,3516,251939,-255455,0,0,7122,1679371,292064,1978557,0,3606,1427432,547519,1978557,0,867904,63697218,-64565122,0,0,1780222,418672326,72482621,492935169,0,912318,354975108,137047743,492935169
2023-01-06,243,251,240,245,1380852,-0.8097165991902834,0,60000,264484,-324484,0,0,60000,1240245,80607,1380852,0,0,975761,405091,1380852,0,14620000,64559565,-79179565,0,0,14620000,302913817,19673346,337207163,0,0,238354252,98852911,337207163
2023-01-09,246,253,246,251,1781336,2.4489795918367347,0,-1000,224311,-223311,0,0,0,1394037,387299,1781336,0,1000,1169726,610610,1781336,0,-252000,56062890,-55810890,0,0,0,347896040,96665756,444561796,0,252000,291833150,152476646,444561796
2023-01-10,251,254,241,244,2821547,-2.788844621513944,0,6886,727008,-733894,0,0,6886,2533998,280663,2821547,0,0,1806990,1014557,2821547,0,1707728,178089442,-179797170,0,0,1707728,621302967,69236235,692246930,0,0,443213525,249033405,692246930
2023-01-11,243,248,240,244,2895397,0.0,0,1000,891633,-892633,0,0,1000,2764341,130056,2895397,0,0,1872708,1022689,2895397,0,245000,216510912,-216755912,0,0,245000,672659807,31669720,704574527,0,0,456148895,248425632,704574527
2023-01-12,245,247,240,242,2016244,-0.819672131147541,0,0,636850,-636850,0,0,0,1838571,177673,2016244,0,0,1201721,814523,2016244,0,0,154970889,-154970889,0,0,0,447414358,43411828,490826186,0,0,292443469,198382717,490826186
2023-01-13,245,253,243,248,1512901,2.479338842975207,0,0,66258,-66258,0,0,0,1414899,98002,1512901,0,0,1348641,164260,1512901,0,0,16321162,-16321162,0,0,0,349839677,24208880,374048557,0,0,333518515,40530042,374048557
2023-01-16,250,253,246,250,1362457,0.8064516129032258,0,0,-24424,24424,0,0,0,1174899,187558,1362457,0,0,1199323,163134,1362457,0,0,-5937550,5937550,0,0,0,293966819,46811450,340778269,0,0,299904369,40873900,340778269
2023-01-17,250,266,246,256,5883950,2.4,0,40000,49479,-89479,0,0,40000,4822287,1021663,5883950,0,0,4772808,1111142,5883950,0,10220000,12945356,-23165356,0,0,10220000,1239309735,261224971,1510754706,0,0,1226364379,284390327,1510754706
2023-01-18,257,257,250,251,1996076,-1.953125,0,0,262719,-262719,0,0,0,1894748,101328,1996076,0,0,1632029,364047,1996076,0,0,66507827,-66507827,0,0,0,478282287,25611739,503894026,0,0,411774460,92119566,503894026
2023-01-19,249,255,243,247,3537242,-1.593625498007968,0,0,908175,-908175,0,0,0,3363128,174114,3537242,0,0,2454953,1082289,3537242,0,0,224819928,-224819928,0,0,0,832768238,43105390,875873628,0,0,607948310,267925318,875873628
2023-01-20,244,248,243,247,1179319,0.0,0,0,59829,-59829,0,0,0,978846,200473,1179319,0,0,919017,260302,1179319,0,0,14712660,-14712660,0,0,0,240209341,49221913,289431254,0,0,225496681,63934573,289431254
2023-01-25,248,249,241,249,1439980,0.8097165991902834,0,1766,-298359,296593,0,0,1766,1104565,333649,1439980,0,0,1402924,37056,1439980,0,434436,-73364233,72929797,0,0,434436,271439810,82059258,353933504,0,0,344804043,9129461,353933504
2023-01-26,249,253,246,246,810093,-1.2048192771084338,0,-4229,17340,-13111,0,0,11,774615,35467,810093,0,4240,757275,48578,810093,0,-1044574,4334099,-3289525,0,0,2706,191964116,8825986,200792808,0,1047280,187630017,12115511,200792808
2023-01-27,246,248,240,242,2945704,-1.6260162601626018,0,-101257,1163711,-1062454,0,0,9854,2717858,217992,2945704,0,111111,1554147,1280446,2945704,0,-24494540,282793822,-258299282,0,0,2394322,659874567,52956267,715225156,0,26888862,377080745,311255549,715225156
2023-01-30,241,244,240,243,1122970,0.4132231404958678,0,0,18072,-18072,0,0,0,917700,205270,1122970,0,0,899628,223342,1122970,0,0,4301231,-4301231,0,0,0,222236880,49746555,271983435,0,0,217935649,54047786,271983435
2023-01-31,243,246,235,237,2926197,-2.4691358024691357,0,-77365,1205949,-1128584,0,0,22635,2689482,214080,2926197,0,100000,1483533,1342664,2926197,0,-18614797,288295602,-269680805,0,0,5385203,643981068,51458376,700824647,0,24000000,355685466,321139181,700824647
2023-02-01,237,238,232,234,2045928,-1.2658227848101267,0,3816,454059,-457875,0,0,3816,1855383,186729,2045928,0,0,1401324,644604,2045928,0,900394,106680817,-107581211,0,0,900394,435634213,43875778,480410385,0,0,328953396,151456989,480410385
2023-02-02,235,239,234,234,1583620,0.0,0,2479,711809,-714288,0,0,2479,1524867,56274,1583620,0,0,813058,770562,1583620,0,586079,167347117,-167933196,0,0,586079,358722348,13290796,372599223,0,0,191375231,181223992,372599223
2023-02-03,235,236,230,232,2191314,-0.8547008547008548,0,-988,739106,-738118,0,0,7819,2079838,103657,2191314,0,8807,1340732,841775,2191314,0,-220785,171720341,-171499556,0,0,1822439,482880312,24154344,508857095,0,2043224,311159971,195653900,508857095
2023-02-06,229,235,229,232,812396,0.0,0,10926,83512,-94438,0,0,10926,750378,51092,812396,0,0,666866,145530,812396,0,2514174,19482098,-21996272,0,0,2514174,173861049,11775823,188151046,0,0,154378951,33772095,188151046
2023-02-07,236,236,229,231,1426626,-0.43103448275862066,0,1658,473159,-474817,0,0,2658,1294960,129008,1426626,0,1000,821801,603825,1426626,0,382611,109176267,-109558878,0,0,616611,299775177,29827517,330219305,0,234000,190598910,139386395,330219305
2023-02-08,232,247,230,246,5609184,6.493506493506493,0,45029,-1996591,1951562,0,0,48203,2791976,2769005,5609184,0,3174,4788567,817443,5609184,0,10812258,-477345723,466533465,0,0,11586714,671159170,663514958,1346260842,0,774456,1148504893,196981493,1346260842
2023-02-09,247,269,241,269,11054845,9.34959349593496,0,-8796,-2870922,2879718,0,0,11,7095161,3959673,11054845,0,8807,9966083,1079955,11054845,0,-2326684,-738105249,740431933,0,0,2772,1830453745,1018389363,2848845880,0,2329456,2568558994,277957430,2848845880
2023-02-10,271,286,256,268,11109900,-0.37174721189591076,0,-988,-2118541,2119529,0,0,12,7472614,3637274,11109900,0,1000,9591155,1517745,11109900,0,-274748,-575447718,575722466,0,0,3252,2032544367,988082143,3020629762,0,278000,2607992085,412359677,3020629762
2023-02-13,268,281,254,258,2860874,-3.731343283582089,0,106535,-209428,102893,0,0,106535,2329956,424383,2860874,0,0,2539384,321490,2860874,0,27747533,-54185157,26437624,0,0,27747533,613128461,111576215,752452209,0,0,667313618,85138591,752452209
2023-02-14,261,269,255,255,1590384,-1.1627906976744187,0,-21141,110765,-89624,0,0,1860,1476874,111650,1590384,0,23001,1366109,201274,1590384,0,-5339433,28523541,-23184108,0,0,479833,384635807,29443169,414558809,0,5819266,356112266,52627277,414558809
2023-02-15,254,260,249,253,1646691,-0.7843137254901961,0,-127839,158313,-30474,0,0,12000,1478898,155793,1646691,0,139839,1320585,186267,1646691,0,-32104114,39892913,-7788799,0,0,3012000,373390350,39351445,415753795,0,35116114,333497437,47140244,415753795
2023-02-16,253,256,249,251,1322055,-0.7905138339920948,0,-112301,165597,-53296,0,0,57944,1166974,97137,1322055,0,170245,1001377,150433,1322055,0,-28193186,41547768,-13354582,0,0,14532833,293800418,24541101,332874352,0,42726019,252252650,37895683,332874352
2023-02-17,249,252,246,250,948656,-0.398406374501992,0,-31001,79153,-48152,0,0,566,874154,73936,948656,0,31567,795001,122088,948656,0,-7662953,19539587,-11876634,0,0,140068,217200484,18451266,235791818,0,7803021,197660897,30327900,235791818
2023-02-20,248,261,246,251,1489284,0.4,0,47542,204421,-251963,0,0,93502,1287012,108770,1489284,0,45960,1082591,360733,1489284,0,12129558,51039307,-63168865,0,0,23875246,325291242,27592202,376758690,0,11745688,274251935,90761067,376758690
2023-02-21,255,255,240,246,2242512,-1.9920318725099602,0,16010,1060926,-1076936,0,0,16010,2154498,72004,2242512,0,0,1093572,1148940,2242512,0,3925664,260052120,-263977784,0,0,3925664,529292159,17512972,550730795,0,0,269240039,281490756,550730795
2023-02-22,244,245,237,239,1297386,-2.8455284552845526,0,-281333,385027,-103694,0,0,9548,1252115,35723,1297386,0,290881,867088,139417,1297386,0,-67487390,92662024,-25174634,0,0,2315515,301437247,8581043,312333805,0,69802905,208775223,33755677,312333805
2023-02-23,241,259,239,245,4062299,2.510460251046025,0,-89955,372903,-282948,0,0,35782,2965169,1061348,4062299,0,125737,2592266,1344296,4062299,0,-22216489,89603588,-67387099,0,0,8697446,732650236,263024618,1004372300,0,30913935,643046648,330411717,1004372300
2023-02-24,242,260,241,241,2833633,-1.6326530612244898,0,49204,21273,-70477,0,0,180757,1917115,735761,2833633,0,131553,1895842,806238,2833633,0,12403366,2254906,-14658272,0,0,44358920,472842297,186136234,703337451,0,31955554,470587391,200794506,703337451
2023-02-27,240,245,229,231,4496547,-4.149377593360995,0,48152,2201102,-2249254,0,0,48152,4054824,393571,4496547,0,0,1853722,2642825,4496547,0,11224470,511345492,-522569962,0,0,11224470,942625017,91398439,1045247926,0,0,431279525,613968401,1045247926
2023-02-28,232,248,231,237,2635740,2.5974025974025974,0,-33334,336959,-303625,0,0,6666,1922103,706971,2635740,0,40000,1585144,1010596,2635740,0,-7787993,77293962,-69505969,0,0,1549845,453591454,169046117,624187416,0,9337838,376297492,238552086,624187416
2023-03-02,239,249,230,236,2736123,-0.42194092827004215,0,-140351,445129,-304778,0,0,83871,2264205,388047,2736123,0,224222,1819076,692825,2736123,0,-32473587,102135032,-69661445,0,0,19629949,533053671,94209206,646892826,0,52103536,430918639,163870651,646892826
2023-03-03,236,239,228,230,3130332,-2.5423728813559325,0,-51133,1653090,-1601957,0,0,8755,2791039,330538,3130332,0,59888,1137949,1932495,3130332,0,-11912042,381747159,-369835117,0,0,2013650,646234054,76620107,724867811,0,13925692,264486895,446455224,724867811
2023-03-06,230,236,228,230,1986120,0.0,0,-122709,776603,-653894,0,0,4300,1853464,128356,1986120,0,127009,1076861,782250,1986120,0,-28017361,178582968,-150565607,0,0,985700,426251231,29542455,456779386,0,29003061,247668263,180108062,456779386
2023-03-07,232,236,227,231,1838267,0.43478260869565216,0,0,-154336,154336,0,0,0,1124753,713514,1838267,0,0,1279089,559178,1838267,0,0,-36331980,36331980,0,0,0,258663839,165478603,424142442,0,0,294995819,129146623,424142442
2023-03-08,230,231,223,226,2675564,-2.1645021645021645,0,-29388,1141691,-1112303,0,0,2313,2176903,496348,2675564,0,31701,1035212,1608651,2675564,0,-6581330,257106138,-250524808,0,0,520425,490578564,112057875,603156864,0,7101755,233472426,362582683,603156864
2023-03-09,226,230,205,207,3757660,-8.4070796460177,70754,4232,582489,-657475,0,70754,4232,2847658,835016,3757660,0,0,2265169,1492491,3757660,14999848,953211,131921106,-147874165,0,14999848,953211,625103743,184544280,825601082,0,0,493182637,332418445,825601082
2023-03-10,205,215,200,204,4018122,-1.4492753623188406,0,22533,-722004,699471,0,1,22533,2808497,1187091,4018122,1,0,3530501,487620,4018122,3,4674000,-148565272,143891269,0,212,4674000,578758551,244911623,828344386,209,0,727323823,101020354,828344386
2023-03-13,204,216,200,206,2371521,0.9803921568627451,0,157665,-108602,-49063,0,0,157665,1909206,304650,2371521,0,0,2017808,353713,2371521,0,33260577,-23888955,-9371622,0,0,33260577,391705612,62907036,487873225,0,0,415594567,72278658,487873225
2023-03-14,204,208,199,206,1676463,0.0,0,14882,-224316,209434,0,0,14882,1161836,499745,1676463,0,0,1386152,290311,1676463,0,2998647,-46581791,43583144,0,0,2998647,235969237,102444346,341412230,0,0,282551028,58861202,341412230
2023-03-15,209,212,206,210,796584,1.9417475728155338,0,35307,-71637,36330,0,0,35307,636928,124349,796584,0,0,708565,88019,796584,0,7380906,-14976325,7595419,0,0,7380906,133132305,26024536,166537747,0,0,148108630,18429117,166537747
2023-03-16,210,210,204,208,550723,-0.9523809523809524,0,-1047,-92221,93268,0,1,1953,393778,154991,550723,1,3000,485999,61723,550723,1,-216819,-19130912,19347730,0,208,404181,81267534,32067471,113739394,207,621000,100398446,12719741,113739394
2023-03-17,208,209,188,190,10632599,-8.653846153846153,0,134401,2859289,-2993690,0,0,248562,9452425,931612,10632599,0,114161,6593136,3925302,10632599,0,26353881,570682584,-597036465,0,0,48600026,1852257075,182057666,2082914767,0,22246145,1281574491,779094131,2082914767
2023-03-20,189,194,174,180,6601787,-5.263157894736842,113636,219472,116751,-449859,0,113636,338144,5075283,1074724,6601787,0,118672,4958532,1524583,6601787,19999936,40383953,19993859,-80377748,0,19999936,61389175,924493349,199261946,1205144406,0,21005222,904499490,279639694,1205144406
2023-03-21,192,192,165,169,9635421,-6.111111111111111,0,220587,1886449,-2107036,0,0,220587,7573340,1841494,9635421,0,0,5686891,3948530,9635421,0,37968040,327566267,-365534307,0,0,37968040,1312804722,328465116,1679237878,0,0,985238455,693999423,1679237878
2023-03-22,171,171,154,159,8724945,-5.9171597633136095,0,101356,306020,-407376,0,0,107388,6730542,1887015,8724945,0,6032,6424522,2294391,8724945,0,16451721,51707954,-68159675,0,0,17404777,1078074810,304733356,1400212943,0,953056,1026366856,372893031,1400212943
2023-03-23,155,162,148,150,6361252,-5.660377358490567,0,-741726,1163082,-421356,0,0,96601,5415033,849618,6361252,0,838327,4251951,1270974,6361252,0,-114313990,182391259,-68077269,0,0,14880145,835395296,131536592,981812033,0,129194135,653004037,199613861,981812033
2023-03-24,147,159,144,152,4755898,1.3333333333333335,0,430485,-719208,288723,0,0,457485,3039144,1259269,4755898,0,27000,3758352,970546,4755898,0,64806629,-105403464,40596835,0,0,68917629,462124150,189578348,720620127,0,4111000,567527614,148981513,720620127
2023-03-27,155,156,137,138,10241351,-9.210526315789473,0,698325,3669143,-4367468,0,0,698325,8031669,1511357,10241351,0,0,4362526,5878825,10241351,0,99106849,523820166,-622927015,0,0,99106849,1138967270,216944673,1455018792,0,0,615147104,839871688,1455018792
2023-03-28,136,143,136,140,5816613,1.4492753623188406,-70754,61768,1004185,-995199,0,0,61768,4166997,1587848,5816613,70754,0,3162812,2583047,5816613,-9834806,8513710,138826186,-137505090,0,0,8513710,580389629,221753635,810656974,9834806,0,441563443,359258725,810656974
2023-03-29,139,140,131,136,7167520,-2.857142857142857,0,-278277,861454,-583177,0,0,962481,5290349,914690,7167520,0,1240758,4428895,1497867,7167520,0,-36242997,114557524,-78314527,0,0,129530142,708913976,122845647,961289765,0,165773139,594356452,201160174,961289765
2023-03-30,137,154,133,133,21630494,-2.2058823529411766,-113636,242676,7061529,-7190569,0,0,375177,18746385,2508932,21630494,113636,132501,11684856,9699501,21630494,-16931764,34136704,996514704,-1013719644,0,0,52760028,2661934179,360371471,3075065678,16931764,18623324,1665419475,1374091115,3075065678
2023-03-31,134,139,128,132,7230054,-0.7518796992481203,0,110834,-121873,11039,0,0,125834,5798707,1305513,7230054,0,15000,5920580,1294474,7230054,0,14698754,-16827053,2128299,0,0,16652564,766522971,172714622,955890157,0,1953810,783350024,170586323,955890157
2023-04-03,130,133,128,131,3144232,-0.7575757575757576,0,24745,207257,-232002,0,0,37245,2794671,312316,3144232,0,12500,2587414,544318,3144232,0,3226770,26988203,-30214973,0,0,4846793,364473203,40762442,410082438,0,1620023,337485000,70977415,410082438
2023-04-04,131,137,130,135,6260242,3.0534351145038165,0,58211,1275256,-1333467,0,0,62214,4640679,1557349,6260242,0,4003,3365423,2890816,6260242,0,7750655,168548993,-176299648,0,0,8276392,619276491,207363500,834916383,0,525737,450727498,383663148,834916383
2023-04-05,136,141,135,138,4742255,2.2222222222222223,0,40804,-181343,140539,0,0,40804,4069418,632033,4742255,0,0,4250761,491494,4742255,0,5658351,-24356722,18698371,0,0,5658351,561950422,86652802,654261575,0,0,586307144,67954431,654261575
2023-04-06,138,138,103,107,24903625,-22.463768115942027,158730,479777,-609709,-28798,0,158730,502227,20399028,3843640,24903625,0,22450,21008737,3872438,24903625,19999980,59166404,-39432989,-39733395,0,19999980,62019621,2392853437,428082215,2902955253,0,2853217,2432286426,467815610,2902955253
2023-04-07,110,139,109,139,23039949,29.906542056074763,-158730,469,-871972,1030233,0,3597,25987,21126701,1883664,23039949,162327,25518,21998673,853431,23039949,-18571410,37876,-97836114,116369648,0,499983,3081095,2817012807,226838730,3047432615,19071393,3043219,2914848921,110469082,3047432615
2023-04-10,180,180,180,180,5448455,29.496402877697843,0,0,3891,-3891,0,0,0,5447054,1401,5448455,0,0,5443163,5292,5448455,0,0,700380,-700380,0,0,0,980469720,252180,980721900,0,0,979769340,952560,980721900
2023-04-11,234,234,190,234,70569434,30.0,0,-9112,3159439,-3150327,0,2136,214819,68931269,1421210,70569434,2136,223931,65771830,4571537,70569434,0,-1555568,675288816,-673733248,0,499824,50239166,15435507069,299783954,15786030013,499824,51794734,14760218253,973517202,15786030013
2023-04-12,267,304,234,234,207797427,0.0,0,-272006,698473,-426467,0,4932,32298,203168871,4591326,207797427,4932,304304,202470398,5017793,207797427,6576,-64531549,203840421,-139315448,0,1499328,8368727,56141679018,1242018656,57393565729,1492752,72900276,55937838597,1381334104,57393565729
2023-04-13,262,288,240,259,115567895,10.683760683760683,0,-188123,521083,-332960,0,0,2944,108777432,6787519,115567895,0,191067,108256349,7120479,115567895,0,-50606196,153046248,-102440052,0,0,777297,28667697390,1755876664,30424351351,0,51383493,28514651142,1858316716,30424351351
2023-04-14,271,271,231,234,43382505,-9.652509652509652,0,12877,92946,-105823,0,0,124342,41665785,1592378,43382505,0,111465,41572839,1698201,43382505,0,2790199,23178469,-25968668,0,0,29998160,10221442363,393696633,10645137156,0,27207961,10198263894,419665301,10645137156
2023-04-17,241,247,206,224,62816920,-4.273504273504273,0,65297,-101620,36323,0,0,361381,58104600,4350939,62816920,0,296084,58206220,4314616,62816920,0,12152791,4828888,-16981679,0,0,77620936,13079504643,961208845,14118334424,0,65468145,13074675755,978190524,14118334424
2023-04-18,218,242,212,225,37965821,0.4464285714285714,0,2222,-579030,576808,0,0,2222,35343579,2620020,37965821,0,0,35922609,2043212,37965821,0,501061,-122939598,122438537,0,0,501061,8054912534,584447436,8639861031,0,0,8177852132,462008899,8639861031
2023-04-19,225,230,213,215,16364002,-4.444444444444445,0,234965,-10128,-224837,0,0,244365,15592039,527598,16364002,0,9400,15602167,752435,16364002,0,51512540,-266653,-51245887,0,0,53533540,3405466544,115335182,3574335266,0,2021000,3405733197,166581069,3574335266
2023-04-20,208,248,197,218,53078182,1.3953488372093024,0,-15935,563616,-547681,0,0,152811,50903055,2022316,53078182,0,168746,50339439,2569997,53078182,0,-5589360,135221297,-129631937,0,0,32052056,11450780622,433648780,11916481458,0,37641416,11315559325,563280717,11916481458
2023-04-21,235,254,205,209,40372877,-4.128440366972478,0,32042,-576958,544916,0,0,34043,38173248,2165586,40372877,0,2001,38750206,1620670,40372877,0,6726666,-131794640,125067974,0,0,7194896,8705515936,492340059,9205050891,0,468230,8837310576,367272085,9205050891
2023-04-24,209,211,194,200,9944078,-4.30622009569378,0,-541769,343485,198284,0,0,567370,8618491,758217,9944078,0,1109139,8275006,559933,9944078,0,-106106762,68188716,37918046,0,0,112201199,1720205167,150683628,1983089994,0,218307961,1652016451,112765582,1983089994
2023-04-25,199,219,186,199,17954084,-0.5,0,-267268,-232919,500187,0,0,0,15599241,2354843,17954084,0,267268,15832160,1854656,17954084,0,-52100112,-37896721,89996833,0,0,0,3146482813,467139164,3613621977,0,52100112,3184379534,377142331,3613621977
2023-04-26,195,209,194,198,6579042,-0.5025125628140703,0,-72738,297723,-224985,0,0,54737,6334976,189329,6579042,0,127475,6037253,414314,6579042,0,-14409391,59962473,-45553082,0,0,10853875,1259723174,37669735,1308246784,0,25263266,1199760701,83222817,1308246784
2023-04-27,200,200,189,195,6653765,-1.5151515151515151,0,-461388,399099,62289,0,0,97249,6254114,302402,6653765,0,558637,5855015,240113,6653765,0,-88313050,76197447,12115603,0,0,18713839,1201653747,58267286,1278634872,0,107026889,1125456300,46151683,1278634872
2023-04-28,193,195,182,185,7701863,-5.128205128205128,0,92582,-72659,-19923,0,0,92583,6963271,646009,7701863,0,1,7035930,665932,7701863,0,17352660,-14691169,-2661491,0,0,17352851,1309682213,122898875,1449933939,0,191,1324373382,125560366,1449933939
2023-05-02,185,191,179,190,5223183,2.7027027027027026,0,40090,-925004,884914,0,0,83423,3845699,1294061,5223183,0,43333,4770703,409147,5223183,0,7421555,-171954150,164532595,0,0,15463160,712776421,239451397,967690978,0,8041605,884730571,74918802,967690978
2023-05-03,190,192,181,181,4786066,-4.736842105263158,0,117174,814801,-931975,0,0,117174,4572295,96597,4786066,0,0,3757494,1028572,4786066,0,21473360,152455808,-173929168,0,0,21473360,845821088,17910614,885205062,0,0,693365280,191839782,885205062
2023-05-04,180,185,174,177,5667966,-2.209944751381215,0,288931,-378233,89302,0,0,290497,4719941,657528,5667966,0,1566,5098174,568226,5667966,0,51291036,-66407079,15116043,0,0,51566652,837030899,116355095,1004952646,0,275616,903437978,101239052,1004952646
2023-05-08,173,178,168,170,4025112,-3.954802259887006,0,15616,-349633,334017,0,0,15616,3356270,653226,4025112,0,0,3705903,319209,4025112,0,2689023,-60639273,57950250,0,0,2689023,580305207,113565454,696559684,0,0,640944480,55615204,696559684
2023-05-09,171,173,158,168,5190269,-1.1764705882352942,0,153295,-180066,26771,0,0,211906,4394705,583658,5190269,0,58611,4574771,556887,5190269,0,25495580,-28662089,3166509,0,0,35060293,723568265,95559752,854188310,0,9564713,752230354,92393243,854188310
2023-05-10,168,218,164,218,34521729,29.761904761904763,0,-212717,977260,-764543,0,0,0,32760851,1760878,34521729,0,212717,31783591,2525421,34521729,0,-45180507,201459818,-156279311,0,0,0,6775095693,352949005,7128044698,0,45180507,6573635875,509228316,7128044698
2023-05-11,235,277,201,226,203063073,3.669724770642202,0,223809,-139509,-84300,0,36168,304881,190169666,12552358,203063073,36168,81072,190309175,12636658,203063073,58501,52951012,-28956890,-24052623,0,9133180,73717369,46349299821,3023036650,49455187020,9074679,20766357,46378256711,3047089273,49455187020
2023-05-12,266,290,237,242,95049757,7.079646017699115,0,89876,531836,-621712,0,30000,113152,91575256,3331349,95049757,30000,23276,91043420,3953061,95049757,18658,23046722,145723874,-168789254,0,8200000,28943034,23561503803,850776002,24449422839,8181342,5896312,23415779929,1019565256,24449422839
2023-05-15,230,240,208,215,33316461,-11.15702479338843,0,33524,-149309,115785,0,0,35395,31065877,2215189,33316461,0,1871,31215186,2099404,33316461,0,7271756,-33644801,26373045,0,0,7703857,6805151293,484788783,7297643933,0,432101,6838796094,458415738,7297643933
2023-05-16,216,224,206,210,11356735,-2.3255813953488373,0,69611,-849119,779508,0,0,69611,9462973,1824151,11356735,0,0,10312092,1044643,11356735,0,14802778,-179332986,164530208,0,0,14802778,2010812414,387389440,2413004632,0,0,2190145400,222859232,2413004632
2023-05-17,211,220,202,205,18067478,-2.380952380952381,0,-707897,1014183,-306286,0,0,75897,15993522,1998059,18067478,0,783794,14979339,2304345,18067478,0,-146340275,223311527,-76971252,0,0,15606361,3375014617,414723246,3805344224,0,161946636,3151703090,491694498,3805344224
2023-05-18,204,209,197,202,10707599,-1.4634146341463417,0,-793297,555416,237881,0,0,102800,9749099,855700,10707599,0,896097,9193683,617819,10707599,0,-159157200,113418125,45739075,0,0,20565600,1966793995,172059034,2159418629,0,179722800,1853375870,126319959,2159418629
2023-05-19,202,241,198,215,49160887,6.435643564356436,0,-28406,457143,-428737,0,0,318192,46547825,2294870,49160887,0,346598,46090682,2723607,49160887,0,-7305477,107940198,-100634721,0,0,69339786,10346196084,506651817,10922187687,0,76645263,10238255886,607286538,10922187687
2023-05-22,216,232,214,219,17902214,1.8604651162790697,0,0,386860,-386860,0,0,0,17360048,542166,17902214,0,0,16973188,929026,17902214,0,0,86545197,-86545197,0,0,0,3820337298,119537665,3939874963,0,0,3733792101,206082862,3939874963
2023-05-23,220,225,210,213,8934102,-2.73972602739726,0,0,104012,-104012,0,0,0,8705722,228380,8934102,0,0,8601710,332392,8934102,0,0,22089182,-22089182,0,0,0,1863439444,48984696,1912424140,0,0,1841350262,71073878,1912424140
2023-05-24,210,213,206,208,6825807,-2.3474178403755865,0,0,-122784,122784,0,0,0,6490700,335107,6825807,0,0,6613484,212323,6825807,0,0,-24998575,24998575,0,0,0,1351233982,69670782,1420904764,0,0,1376232557,44672207,1420904764
2023-05-25,208,229,203,211,20428782,1.4423076923076923,0,0,-127053,127053,0,0,0,19598821,829961,20428782,0,0,19725874,702908,20428782,0,0,-27055698,27055698,0,0,0,4223934435,176017169,4399951604,0,0,4250990133,148961471,4399951604
2023-05-26,211,216,206,207,7740022,-1.8957345971563981,0,0,232390,-232390,0,0,0,7454164,285858,7740022,0,0,7221774,518248,7740022,0,0,49557504,-49557504,0,0,0,1566534737,59782805,1626317542,0,0,1516977233,109340309,1626317542
2023-05-30,207,213,205,207,6019621,0.0,0,15822,-47884,32062,0,0,15822,5908896,94903,6019621,0,0,5956780,62841,6019621,0,3275138,-9956529,6681391,0,0,3275138,1228006022,19687748,1250968908,0,0,1237962551,13006357,1250968908
2023-05-31,205,207,199,200,4904850,-3.3816425120772946,0,10000,-165232,155232,0,0,10000,4617675,277175,4904850,0,0,4782907,121943,4904850,0,2025000,-33324708,31299708,0,0,2025000,934295489,56168616,992489105,0,0,967620197,24868908,992489105
2023-06-01,200,204,196,202,3946895,1.0,0,0,-33337,33337,0,0,0,3711924,234971,3946895,0,0,3745261,201634,3946895,0,0,-6087444,6087444,0,0,0,744776360,46640396,791416756,0,0,750863804,40552952,791416756
2023-06-02,203,211,198,203,6396403,0.49504950495049505,0,-15809,73166,-57357,0,0,2459,6280616,113328,6396403,0,18268,6207450,170685,6396403,0,-3226367,14801842,-11575475,0,0,500430,1282651456,23113864,1306265750,0,3726797,1267849614,34689339,1306265750
2023-06-05,203,209,198,203,2691570,0.0,0,147,84008,-84155,0,0,147,2616202,75221,2691570,0,0,2532194,159376,2691570,0,29841,17542010,-17571851,0,0,29841,532106671,15291733,547428245,0,0,514564661,32863584,547428245
2023-06-07,204,204,201,201,2111538,-0.9852216748768473,0,924,-13946,13022,0,0,924,2095747,14867,2111538,0,0,2109693,1845,2111538,0,186441,-2818500,2632059,0,0,186441,424116210,3005060,427307711,0,0,426934710,373001,427307711
2023-06-08,201,203,198,201,1626358,0.0,0,2316,-11310,8994,0,0,2316,1588679,35363,1626358,0,0,1599989,26369,1626358,0,465516,-2278384,1812868,0,0,465516,317729544,7098429,325293489,0,0,320007928,5285561,325293489
2023-06-09,201,203,199,200,1856214,-0.4975124378109453,0,1665,-10217,8552,0,0,1665,1828509,26040,1856214,0,0,1838726,17488,1856214,0,333000,-2065369,1732369,0,0,333000,366066036,5228956,371627992,0,0,368131405,3496587,371627992
2023-06-12,200,202,193,195,3910100,-2.5,0,2541,11451,-13992,0,0,2541,3857371,50188,3910100,0,0,3845920,64180,3910100,0,496456,2442253,-2938709,0,0,496456,754905893,9790969,765193318,0,0,752463640,12729678,765193318
2023-06-13,196,196,191,192,3173538,-1.5384615384615385,0,-5881,-21029,26910,0,0,12119,3007523,153896,3173538,0,18000,3028552,126986,3173538,0,-1137039,-4012915,5149954,0,0,2336961,580271018,29696744,612304723,0,3474000,584283933,24546790,612304723
2023-06-14,192,197,189,190,3231347,-1.0416666666666665,0,733,29382,-30115,0,0,733,3019700,210914,3231347,0,0,2990318,241029,3231347,0,139845,6240016,-6379861,0,0,139845,581709732,40501921,622351498,0,0,575469716,46881782,622351498
2023-06-15,191,193,188,191,2677344,0.5263157894736842,0,1901,-44946,43045,0,0,1901,2574755,100688,2677344,0,0,2619701,57643,2677344,0,362522,-8550879,8188357,0,0,362522,490057535,19224795,509644852,0,0,498608414,11036438,509644852
2023-06-16,191,193,185,186,2860205,-2.6178010471204187,0,1213,-17847,16634,0,0,1213,2814193,44799,2860205,0,0,2832040,28165,2860205,0,225618,-3357841,3132223,0,0,225618,527604714,8397755,536228087,0,0,530962555,5265532,536228087
2023-06-19,183,186,182,186,2919849,0.0,0,1038,-779722,778684,0,0,1038,2068520,850291,2919849,0,0,2848242,71607,2919849,0,190245,-143576766,143386521,0,0,190245,380989524,156509708,537689477,0,0,524566290,13123187,537689477
2023-06-20,188,197,183,186,6695250,0.0,0,1056,559719,-560775,0,0,1056,6158383,535811,6695250,0,0,5598664,1096586,6695250,0,196638,105123976,-105320614,0,0,196638,1169350342,102569231,1272116211,0,0,1064226366,207889845,1272116211
2023-06-21,186,190,181,186,2173032,0.0,0,2708,156424,-159132,0,0,2708,2164335,5989,2173032,0,0,2007911,165121,2173032,0,499084,29378133,-29877217,0,0,499084,401497454,1101191,403097729,0,0,372119321,30978408,403097729
2023-06-22,186,187,181,182,2426305,-2.1505376344086025,0,1483,8751,-10234,0,0,1587,2389926,34792,2426305,0,104,2381175,45026,2426305,0,269906,1632366,-1902272,0,0,288834,438400986,6371526,445061346,0,18928,436768620,8273798,445061346
2023-06-23,183,184,175,176,2097898,-3.296703296703297,0,2545,-144935,142390,0,0,2546,1945865,149487,2097898,0,1,2090800,7097,2097898,0,450093,-25693512,25243419,0,0,450270,345299062,26510548,372259880,0,177,370992574,1267129,372259880
2023-06-26,173,179,173,174,1393888,-1.1363636363636365,0,1123,-147381,146258,0,0,1123,1215569,177196,1393888,0,0,1362950,30938,1393888,0,195738,-25764346,25568608,0,0,195738,212844360,31040742,244080840,0,0,238608706,5472134,244080840
2023-06-27,173,178,171,174,1886178,0.0,0,461,-56154,55693,0,0,461,1758188,127529,1886178,0,0,1814342,71836,1886178,0,80214,-9644557,9564343,0,0,80214,305572897,22176768,327829879,0,0,315217454,12612425,327829879
2023-06-28,174,177,171,173,1563481,-0.5747126436781609,0,-8401,-42170,50571,0,0,1599,1425738,136144,1563481,0,10000,1467908,85573,1563481,0,-1454614,-7202156,8656770,0,0,275386,245620263,23530341,269425990,0,1730000,252822419,14873571,269425990
2023-06-29,172,173,168,168,2076857,-2.8901734104046244,0,1579,77351,-78930,0,0,1579,1960987,114291,2076857,0,0,1883636,193221,2076857,0,266685,13239210,-13505895,0,0,266685,332449446,19365773,352081904,0,0,319210236,32871668,352081904
2023-06-30,168,202,165,183,22905231,8.928571428571429,0,-18171,76129,-57958,0,0,17060,20916514,1971657,22905231,0,35231,20840385,2029615,22905231,0,-3264838,30791663,-27526825,0,0,3361156,3908326931,356216050,4267904137,0,6625994,3877535268,383742875,4267904137
2023-07-03,182,185,176,181,3666782,-1.092896174863388,0,1274,-172531,171257,0,0,1274,3246562,418946,3666782,0,0,3419093,247689,3666782,0,228428,-30356379,30127951,0,0,228428,583211072,74865968,658305468,0,0,613567451,44738017,658305468
2023-07-04,180,182,174,178,2219042,-1.6574585635359116,0,877,-88251,87374,0,0,877,1952830,265335,2219042,0,0,2041081,177961,2219042,0,156106,-15398460,15242354,0,0,156106,346832342,47055446,394043894,0,0,362230802,31813092,394043894
2023-07-05,178,180,175,175,1064500,-1.6853932584269662,0,504,-22045,21541,0,0,504,1003241,60755,1064500,0,0,1025286,39214,1064500,0,88752,-3843901,3755149,0,0,88752,177177009,10724671,187990432,0,0,181020910,6969522,187990432
2023-07-06,175,175,169,172,1306368,-1.7142857142857144,0,750,122945,-123695,0,0,750,1252837,52781,1306368,0,0,1129892,176476,1306368,0,129046,21108035,-21237081,0,0,129046,214922555,9050247,224101848,0,0,193814520,30287328,224101848
2023-07-07,172,176,169,171,1132521,-0.5813953488372093,0,397,70863,-71260,0,0,397,1088992,43132,1132521,0,0,1018129,114392,1132521,0,67887,12209799,-12277686,0,0,67887,186108787,7342205,193518879,0,0,173898988,19619891,193518879
2023-07-10,171,174,168,171,1126081,0.0,0,745,-34474,33729,0,0,745,1013897,111439,1126081,0,0,1048371,77710,1126081,0,126817,-5555154,5428337,0,0,126817,172191756,18806690,191125263,0,0,177746910,13378353,191125263
2023-07-11,170,175,169,170,1052944,-0.5847953216374269,0,1558,12311,-13869,0,0,1558,989863,61523,1052944,0,0,977552,75392,1052944,0,266069,2162554,-2428623,0,0,266069,169026733,10516475,179809277,0,0,166864179,12945098,179809277
2023-07-12,170,172,167,169,1245313,-0.5882352941176471,0,11545,-116672,105127,0,0,11545,1091565,142203,1245313,0,0,1208237,37076,1245313,0,1961568,-19712768,17751200,0,0,1961568,184110131,24037487,210109186,0,0,203822899,6286287,210109186
2023-07-13,171,172,160,167,2220165,-1.183431952662722,0,142,-51989,51847,0,0,142,2084935,135088,2220165,0,0,2136924,83241,2220165,0,22720,-8828719,8805999,0,0,22720,350486801,22831956,373341477,0,0,359315520,14025957,373341477
2023-07-14,168,169,163,165,1521639,-1.1976047904191618,0,20738,48379,-69117,0,0,20797,1484897,15945,1521639,0,59,1436518,85062,1521639,0,3401688,8069229,-11470917,0,0,3411423,244458339,2611711,250481473,0,9735,236389110,14082628,250481473
2023-07-17,165,167,161,163,1536752,-1.2121212121212122,0,1801,127131,-128932,0,0,1801,1485516,49435,1536752,0,0,1358385,178367,1536752,0,291799,21013510,-21305309,0,0,291799,241925711,8029071,250246581,0,0,220912201,29334380,250246581
2023-07-18,162,163,158,158,1635381,-3.067484662576687,0,66,13358,-13424,0,0,66,1571514,63801,1635381,0,0,1558156,77225,1635381,0,10579,2191332,-2201911,0,0,10579,251669523,10242668,261922770,0,0,249478191,12444579,261922770
2023-07-19,159,166,157,159,1556681,0.6329113924050633,0,1931,58353,-60284,0,0,1931,1503872,50878,1556681,0,0,1445519,111162,1556681,0,307029,9573931,-9880960,0,0,307029,241908421,8168866,250384316,0,0,232334490,18049826,250384316
2023-07-20,158,165,156,159,2301468,0.0,0,8708,69546,-78254,0,0,8708,2163323,129437,2301468,0,0,2093777,207691,2301468,0,1370339,11860497,-13230836,0,0,1370339,344813778,20486993,366671110,0,0,332953281,33717829,366671110
2023-07-21,157,160,154,155,2007318,-2.515723270440252,0,1801,-185762,183961,0,0,1801,1797986,207531,2007318,0,0,1983748,23570,2007318,0,280073,-29365507,29085434,0,0,280073,281071921,32773907,314125901,0,0,310437428,3688473,314125901
2023-07-24,154,155,147,147,2346571,-5.161290322580645,0,2849,25373,-28222,0,0,2849,2074951,268771,2346571,0,0,2049578,296993,2346571,0,428650,4196232,-4624882,0,0,428650,310277257,40247108,350953015,0,0,306081025,44871990,350953015
2023-07-25,146,147,136,138,3172410,-6.122448979591836,0,593,-471962,471369,0,0,593,2592365,579452,3172410,0,0,3064327,108083,3172410,0,81834,-66746648,66664814,0,0,81834,363925173,81854123,445861130,0,0,430671821,15189309,445861130
2023-07-26,138,138,126,130,3498565,-5.797101449275362,0,7539,-512371,504832,0,0,7539,2524512,966514,3498565,0,0,3036883,461682,3498565,0,987609,-66548497,65560888,0,0,987609,329579693,126088454,456655756,0,0,396128190,60527566,456655756
2023-07-27,130,140,129,137,1815768,5.384615384615385,0,8528,-362658,354130,0,0,8528,1296524,510716,1815768,0,0,1659182,156586,1815768,0,1169358,-47766297,46596939,0,0,1169358,175161630,67812881,244143869,0,0,222927927,21215942,244143869
2023-07-28,138,144,134,144,1452732,5.109489051094891,0,3272,-101805,98533,0,0,3272,1172798,276662,1452732,0,0,1274603,178129,1452732,0,464248,-13818393,13354145,0,0,464248,163534862,38206621,202205731,0,0,177353255,24852476,202205731
2023-07-31,144,146,141,144,1312051,0.0,0,9937,323822,-333759,0,0,9937,1292428,9686,1312051,0,0,968606,343445,1312051,0,1432572,46593633,-48026205,0,0,1432572,185341847,1367940,188142359,0,0,138748214,49394145,188142359
2023-08-01,145,146,141,144,1242462,0.0,0,7534,132587,-140121,0,0,7534,1210327,24601,1242462,0,0,1077740,164722,1242462,0,1082938,19033705,-20116643,0,0,1082938,174074081,3520006,178677025,0,0,155040376,23636649,178677025
2023-08-02,143,147,139,140,1402695,-2.7777777777777777,0,17421,19129,-36550,0,0,17421,1260754,124520,1402695,0,0,1241625,161070,1402695,0,2458428,2723320,-5181748,0,0,2458428,179423651,17747210,199629289,0,0,176700331,22928958,199629289
2023-08-03,138,143,138,142,1594608,1.4285714285714286,0,6773,-10111,3338,0,0,6773,1400878,186957,1594608,0,0,1410989,183619,1594608,0,958311,-1237382,279071,0,0,958311,200706283,26182105,227846699,0,0,201943665,25903034,227846699
2023-08-04,159,184,158,184,14914575,29.577464788732392,0,-48455,280063,-231608,0,0,321739,14196304,396532,14914575,0,370194,13916241,628140,14914575,0,-7409893,47428350,-40018457,0,0,59199976,2570112866,69544535,2698857377,0,66609869,2522684516,109562992,2698857377
2023-08-07,210,226,171,172,48044567,-6.521739130434782,0,-34075,444029,-409954,0,0,81343,44013910,3949314,48044567,0,115418,43569881,4359268,48044567,0,-7274272,76013469,-68739197,0,0,15350258,8363259431,757694228,9136303917,0,22624530,8287245962,826433425,9136303917
2023-08-08,173,174,154,159,10253172,-7.55813953488372,0,5686,-370573,364887,0,0,5686,9236045,1011441,10253172,0,0,9606618,646554,10253172,0,926818,-56513743,55586925,0,0,926818,1513145431,162606483,1676678732,0,0,1569659174,107019558,1676678732
2023-08-09,158,167,156,159,4367453,0.0,0,453,418596,-419049,0,0,453,4204374,162626,4367453,0,0,3785778,581675,4367453,0,72379,67953938,-68026317,0,0,72379,675627822,25937064,701637265,0,0,607673884,93963381,701637265
2023-08-10,163,206,163,206,77319135,29.559748427672954,0,42826,119821,-162647,0,4854,211731,73386496,3716054,77319135,4854,168905,73266675,3878701,77319135,0,9341574,34886966,-44228540,0,999924,40900941,14121080500,687510633,14850491998,999924,31559367,14086193534,731739173,14850491998
2023-08-11,219,240,192,202,75642309,-1.9417475728155338,0,-102574,-331180,433754,0,0,146969,68703742,6791598,75642309,0,249543,69034922,6357844,75642309,0,-21873417,-77738042,99611459,0,0,32581074,14902394537,1480646512,16415622123,0,54454491,14980132579,1381035053,16415622123
2023-08-14,202,206,182,185,14924483,-8.415841584158416,0,4932,-1331542,1326610,0,0,4932,12439551,2480000,14924483,0,0,13771093,1153390,14924483,0,942012,-244572745,243630733,0,0,942012,2375823546,468865136,2845630694,0,0,2620396291,225234403,2845630694
2023-08-16,196,215,191,191,30378100,3.2432432432432434,0,6602,1712909,-1719511,0,23702,46443,27405295,2902660,30378100,23702,39841,25692386,4622171,30378100,-27788,1539608,347890867,-349402687,0,5024824,9667435,5531008790,599681408,6145382457,5052612,8127827,5183117923,949084095,6145382457
2023-08-17,191,191,170,174,8122870,-8.900523560209423,0,4357,-355821,351464,0,0,4357,7220024,898489,8122870,0,0,7575845,547025,8122870,0,768617,-61620728,60852111,0,0,768617,1274402400,158012712,1433183729,0,0,1336023128,97160601,1433183729
2023-08-18,181,205,176,177,21549692,1.7241379310344827,0,-5631,-500244,505875,0,0,94216,18692107,2763369,21549692,0,99847,19192351,2257494,21549692,0,-1345211,-95158972,96504183,0,0,18264306,3573443466,531368845,4123076617,0,19609517,3668602438,434864662,4123076617
2023-08-21,183,184,167,169,4857814,-4.519774011299435,0,7426,368719,-376145,0,0,7426,4635048,215340,4857814,0,0,4266329,591485,4857814,0,1247568,63666017,-64913585,0,0,1247568,788694848,36759462,826701878,0,0,725028831,101673047,826701878
2023-08-22,175,176,165,169,3590365,0.0,0,2048,-8136,6088,0,0,2305,3343286,244774,3590365,0,257,3351422,238686,3590365,0,347841,-1093648,745807,0,0,391274,566228710,41386994,608006978,0,43433,567322358,40641187,608006978
2023-08-23,168,169,164,167,2255386,-1.183431952662722,0,1146,-303193,302047,0,0,1146,1864346,389894,2255386,0,0,2167539,87847,2255386,0,191620,-50830179,50638559,0,0,191620,311097658,65284538,376573816,0,0,361927837,14645979,376573816
2023-08-24,166,170,164,170,2579386,1.7964071856287425,0,617,-319563,318946,0,0,617,2171069,407700,2579386,0,0,2490632,88754,2579386,0,104218,-53385489,53281271,0,0,104218,362259491,68064974,430428683,0,0,415644980,14783703,430428683
2023-08-25,168,197,166,176,24079959,3.5294117647058822,0,-14919,336141,-321222,0,0,35561,21967182,2077216,24079959,0,50480,21631041,2398438,24079959,0,-3040440,64216154,-61175714,0,0,6520179,4040332272,379693649,4426546100,0,9560619,3976116118,440869363,4426546100
2023-08-28,181,196,180,183,11003112,3.977272727272727,0,-945,60583,-59638,0,0,1806,9853949,1147357,11003112,0,2751,9793366,1206995,11003112,0,-183279,13671937,-13488658,0,0,329233,1841687900,214999030,2057016163,0,512512,1828015963,228487688,2057016163
2023-08-29,184,187,177,181,3987240,-1.092896174863388,0,1074,97323,-98397,0,0,1074,3832747,153419,3987240,0,0,3735424,251816,3987240,0,192568,18267690,-18460258,0,0,192568,692254001,27597783,720044352,0,0,673986311,46058041,720044352
2023-08-30,181,182,174,174,3580666,-3.867403314917127,0,2751,-221261,218510,0,0,2751,3329437,248478,3580666,0,0,3550698,29968,3580666,0,485578,-39460721,38975143,0,0,485578,588129364,44251311,632866253,0,0,627590085,5276168,632866253
2023-08-31,174,178,168,169,3393474,-2.8735632183908044,0,1554,-131923,130369,0,0,1554,3153345,238575,3393474,0,0,3285268,108206,3393474,0,263418,-22642841,22379423,0,0,263418,543102722,41061180,584427320,0,0,565745563,18681757,584427320
2023-09-01,169,172,167,170,1390610,0.591715976331361,0,2953,-3370,417,0,0,2954,1313305,74351,1390610,0,1,1316675,73934,1390610,0,499943,-507749,7806,0,0,500112,221492911,12512478,234505501,0,169,222000660,12504672,234505501
2023-09-04,170,170,164,166,1452010,-2.3529411764705883,0,586,19932,-20518,0,0,586,1378579,72845,1452010,0,0,1358647,93363,1452010,0,97276,3335873,-3433149,0,0,97276,228399674,12118566,240615516,0,0,225063801,15551715,240615516
2023-09-05,165,170,164,166,1563215,0.0,0,2017,-97150,95133,0,0,2017,1364830,196368,1563215,0,0,1461980,101235,1563215,0,335427,-16112830,15777403,0,0,335427,227466078,32781016,260582521,0,0,243578908,17003613,260582521
2023-09-06,166,169,164,168,947162,1.2048192771084338,0,1019,35216,-36235,0,0,1019,932236,13907,947162,0,0,897020,50142,947162,0,171192,5866232,-6037424,0,0,171192,156139327,2337115,158647634,0,0,150273095,8374539,158647634
2023-09-07,168,169,164,165,2028436,-1.7857142857142856,0,1719,175502,-177221,0,0,1719,1992463,34254,2028436,0,0,1816961,211475,2028436,0,283457,29131100,-29414557,0,0,283457,330108048,5750198,336141703,0,0,300976948,35164755,336141703
2023-09-08,161,164,159,161,2349819,-2.4242424242424243,0,1799,-96041,94242,0,0,1799,2067951,280069,2349819,0,0,2163992,185827,2349819,0,291036,-15391078,15100042,0,0,291036,332943714,45081624,378316374,0,0,348334792,29981582,378316374
2023-09-11,162,169,161,167,2005509,3.7267080745341614,0,1966,-193786,191820,0,0,1966,1705611,297932,2005509,0,0,1899397,106112,2005509,0,327320,-31924754,31597434,0,0,327320,278990338,48958901,328276559,0,0,310915092,17361467,328276559
2023-09-12,166,168,164,164,1129788,-1.7964071856287425,0,12050,-547,-11503,0,0,12050,1071868,45870,1129788,0,0,1072415,57373,1129788,0,1999295,-102592,-1896703,0,0,1999295,177472361,7599529,187071185,0,0,177574953,9496232,187071185
2023-09-13,164,166,162,163,827373,-0.6097560975609756,0,3149,64542,-67691,0,0,3149,798315,25909,827373,0,0,733773,93600,827373,0,514231,10545718,-11059949,0,0,514231,130213152,4213520,134940903,0,0,119667434,15273469,134940903
2023-09-14,163,165,160,161,759290,-1.2269938650306749,0,3162,-7112,3950,0,0,3162,737039,19089,759290,0,0,744151,15139,759290,0,513237,-1163111,649874,0,0,513237,118933638,3092175,122539050,0,0,120096749,2442301,122539050
2023-09-15,161,166,161,162,787852,0.6211180124223602,0,2941,-85095,82154,0,0,2941,668924,115987,787852,0,0,754019,33833,787852,0,477579,-13841462,13363883,0,0,477579,109310960,18889352,128677891,0,0,123152422,5525469,128677891
2023-09-18,163,165,161,162,1006063,0.0,0,1964,21543,-23507,0,0,1964,945338,58761,1006063,0,0,923795,82268,1006063,0,321133,3485421,-3806554,0,0,321133,153717431,9601908,163640472,0,0,150232010,13408462,163640472
2023-09-19,162,168,161,165,1135139,1.8518518518518516,0,729,80423,-81152,0,0,729,1117559,16851,1135139,0,0,1037136,98003,1135139,0,120285,13304140,-13424425,0,0,120285,183834617,2776192,186731094,0,0,170530477,16200617,186731094
2023-09-20,163,165,162,164,869744,-0.6060606060606061,0,454,32046,-32500,0,0,454,857090,12200,869744,0,0,825044,44700,869744,0,74104,5247964,-5322068,0,0,74104,140002166,1990004,142066274,0,0,134754202,7312072,142066274
2023-09-21,164,164,155,155,2016202,-5.487804878048781,0,3391,193317,-196708,0,0,3391,1913175,99636,2016202,0,0,1719858,296344,2016202,0,530893,30358122,-30889015,0,0,530893,302574887,15994002,319099782,0,0,272216765,46883017,319099782
2023-09-22,154,159,153,153,1067188,-1.2903225806451613,0,1708,-154,-1554,0,0,1708,1020639,44841,1067188,0,0,1020793,46395,1067188,0,262650,64479,-327129,0,0,262650,158977500,6977365,166217515,0,0,158913021,7304494,166217515
2023-09-25,156,173,153,154,8785067,0.6535947712418301,0,2717,-17434,14717,0,0,90150,7666212,1028705,8785067,0,87433,7683646,1013988,8785067,0,912722,-6067646,5154924,0,0,15414245,1256001697,172363884,1443779826,0,14501523,1262069343,167208960,1443779826
2023-09-26,155,157,151,151,2102686,-1.948051948051948,0,2491,243373,-245864,0,0,2491,2066619,33576,2102686,0,0,1823246,279440,2102686,0,374790,37427356,-37802146,0,0,374790,314552708,5159668,320087166,0,0,277125352,42961814,320087166
2023-09-27,148,154,148,151,1601813,0.0,0,1517,-98690,97173,0,0,1517,1500136,100160,1601813,0,0,1598826,2987,1601813,0,230708,-14919899,14689191,0,0,230708,226321965,15139814,241692487,0,0,241241864,450623,241692487
2023-10-04,154,162,147,147,1761217,-2.6490066225165565,0,-1275,307066,-305791,0,0,292,1702518,58407,1761217,0,1567,1395452,364198,1761217,0,-193101,47111456,-46918355,0,0,43516,259843461,9060399,268947376,0,236617,212732005,55978754,268947376
2023-10-05,148,152,146,146,868124,-0.6802721088435374,0,783,-37361,36578,0,0,783,808863,58478,868124,0,0,846224,21900,868124,0,116118,-5560671,5444553,0,0,116118,119653980,8701967,128472065,0,0,125214651,3257414,128472065
2023-10-06,147,151,146,147,753547,0.684931506849315,0,1212,-112851,111639,0,0,1212,619658,132677,753547,0,0,732509,21038,753547,0,179105,-16557294,16378189,0,0,179105,91805932,19513062,111498099,0,0,108363226,3134873,111498099
2023-10-10,148,149,140,142,1739792,-3.4013605442176873,0,945,24282,-25227,0,0,945,1601650,137197,1739792,0,0,1577368,162424,1739792,0,135219,3102214,-3237433,0,0,135219,230666829,19934881,250736929,0,0,227564615,23172314,250736929
2023-10-11,143,149,141,142,1296215,0.0,0,414,-12597,12183,0,0,414,1247306,48495,1296215,0,0,1259903,36312,1296215,0,59326,-1647670,1588344,0,0,59326,179496518,6916373,186472217,0,0,181144188,5328029,186472217
2023-10-12,145,155,143,149,2189582,4.929577464788732,0,477,-453179,452702,0,0,477,1662190,526915,2189582,0,0,2115369,74213,2189582,0,72461,-66490544,66418083,0,0,72461,247494482,77684090,325251033,0,0,313985026,11266007,325251033
2023-10-13,151,161,148,155,4154706,4.026845637583892,0,-10082,-151969,162051,0,0,2669,3691469,460568,4154706,0,12751,3843438,298517,4154706,0,-1557452,-23338106,24895558,0,0,409957,575596193,71507248,647513398,0,1967409,598934299,46611690,647513398
2023-10-16,155,157,146,147,1393170,-5.161290322580645,0,2442,232395,-234837,0,0,2442,1337767,52961,1393170,0,0,1105372,287798,1393170,0,358974,34900774,-35259748,0,0,358974,199318470,7913671,207591115,0,0,164417696,43173419,207591115
2023-10-17,148,152,147,149,713752,1.3605442176870748,0,2478,-155488,153010,0,0,2478,540772,170502,713752,0,0,696260,17492,713752,0,372443,-23298304,22925861,0,0,372443,81064399,25554888,106991730,0,0,104362703,2629027,106991730
2023-10-18,149,152,146,146,998897,-2.013422818791946,0,782,-53319,52537,0,0,782,903761,94354,998897,0,0,957080,41817,998897,0,114779,-7924486,7809707,0,0,114779,133388991,14039427,147543197,0,0,141313477,6229720,147543197
2023-10-19,147,147,142,143,1039142,-2.054794520547945,0,1779,147184,-148963,0,0,1779,996086,41277,1039142,0,0,848902,190240,1039142,0,253438,21332487,-21585925,0,0,253438,143290130,5887376,149430944,0,0,121957643,27473301,149430944
2023-10-20,142,144,138,138,1008673,-3.4965034965034967,0,2697,137633,-140330,0,0,2697,949373,56603,1008673,0,0,811740,196933,1008673,0,375449,19242062,-19617511,0,0,375449,132340953,7910683,140627085,0,0,113098891,27528194,140627085
2023-10-23,138,142,138,139,383168,0.7246376811594203,0,348,-24848,24500,0,0,348,334607,48213,383168,0,0,359455,23713,383168,0,48372,-3433647,3385275,0,0,48372,46665337,6728281,53441990,0,0,50098984,3343006,53441990
2023-10-24,137,142,133,140,965565,0.7194244604316548,0,1359,-196802,195443,0,0,1359,664263,299943,965565,0,0,861065,104500,965565,0,189779,-27291296,27101517,0,0,189779,90913909,41328568,132432256,0,0,118205205,14227051,132432256
2023-10-25,140,153,139,146,4773039,4.285714285714286,0,-4988,86782,-81794,0,0,1696,4134106,637237,4773039,0,6684,4047324,719031,4773039,0,-768504,16610767,-15842263,0,0,247464,608096013,91557197,699900674,0,1015968,591485246,107399460,699900674
2023-10-26,143,144,135,137,1991383,-6.164383561643835,0,2339,16896,-19235,0,0,2339,1846859,142185,1991383,0,0,1829963,161420,1991383,0,315765,2417406,-2733171,0,0,315765,255421655,19826430,275563850,0,0,253004249,22559601,275563850
2023-10-27,135,139,134,136,1546727,-0.7299270072992701,0,102,45088,-45190,0,0,102,1268965,277660,1546727,0,0,1223877,322850,1546727,0,13793,6106331,-6120124,0,0,13793,172449858,37880406,210344057,0,0,166343527,44000530,210344057
2023-10-30,137,140,132,135,1233619,-0.7352941176470588,0,71,-78623,78552,0,0,71,1109143,124405,1233619,0,0,1187766,45853,1233619,0,9480,-10442795,10433315,0,0,9480,149707935,16790479,166507894,0,0,160150730,6357164,166507894
2023-10-31,134,142,134,136,1484660,0.7407407407407408,0,96,-261710,261614,0,0,96,1169700,314864,1484660,0,0,1431410,53250,1484660,0,13056,-36429432,36416376,0,0,13056,161162047,43719336,204894439,0,0,197591479,7302960,204894439
2023-11-01,134,139,134,135,1492935,-0.7352941176470588,0,1852,-43829,41977,0,0,1852,1338588,152495,1492935,0,0,1382417,110518,1492935,0,250575,-6033630,5783055,0,0,250575,181376706,20798946,202426227,0,0,187410336,15015891,202426227
2023-11-02,135,138,134,135,933899,0.0,0,129,-25176,25047,0,0,129,891243,42527,933899,0,0,916419,17480,933899,0,17515,-3388867,3371352,0,0,17515,120918574,5745587,126681676,0,0,124307441,2374235,126681676
2023-11-03,137,138,135,137,729438,1.4814814814814816,0,216,-214080,213864,0,0,216,513747,215475,729438,0,0,727827,1611,729438,0,29592,-29176064,29146472,0,0,29592,69884379,29366497,99280468,0,0,99060443,220025,99280468
2023-11-06,138,141,137,140,1029970,2.18978102189781,0,10149,-292562,282413,0,0,10149,673750,346071,1029970,0,0,966312,63658,1029970,0,1425904,-40904913,39479009,0,0,1425904,93759421,48279889,143465214,0,0,134664334,8800880,143465214
2023-11-07,142,143,137,139,1297285,-0.7142857142857143,0,494,-136618,136124,0,0,494,992008,304783,1297285,0,0,1128626,168659,1297285,0,69802,-19151857,19082055,0,0,69802,139008803,42764268,181842873,0,0,158160660,23682213,181842873
2023-11-08,140,146,139,145,1059827,4.316546762589928,0,617,-183734,183117,0,0,617,868827,190383,1059827,0,0,1052561,7266,1059827,0,89465,-26301120,26211655,0,0,89465,124819313,27270563,152179341,0,0,151120433,1058908,152179341
2023-11-09,149,151,140,141,954249,-2.7586206896551726,0,515,309944,-310459,0,0,515,921231,32503,954249,0,0,611287,342962,954249,0,72996,45224335,-45297331,0,0,72996,132746889,4670569,137490454,0,0,87522554,49967900,137490454
2023-11-10,141,143,138,141,458187,0.0,0,234,8974,-9208,0,0,234,322431,135522,458187,0,0,313457,144730,458187,0,32994,1253185,-1286179,0,0,32994,45181193,18973080,64187267,0,0,43928008,20259259,64187267
2023-11-13,142,143,136,137,866147,-2.8368794326241136,0,580,152139,-152719,0,0,580,761778,103789,866147,0,0,609639,256508,866147,0,79938,21247438,-21327376,0,0,79938,105267348,14319250,119666536,0,0,84019910,35646626,119666536
2023-11-14,136,140,135,138,477285,0.7299270072992701,0,765,-28778,28013,0,0,765,442664,33856,477285,0,0,471442,5843,477285,0,105570,-3941850,3836280,0,0,105570,60715765,4639895,65461230,0,0,64657615,803615,65461230
2023-11-15,140,140,137,139,839477,0.7246376811594203,0,1492,-62194,60702,0,0,1492,757575,80410,839477,0,0,819769,19708,839477,0,207388,-8570586,8363198,0,0,207388,104738474,11090298,116036160,0,0,113309060,2727100,116036160
2023-11-16,140,141,138,140,755700,0.7194244604316548,0,525,-50090,49565,0,0,525,705283,49892,755700,0,0,755373,327,755700,0,73500,-6998785,6925285,0,0,73500,98048163,6971053,105092716,0,0,105046948,45768,105092716
2023-11-17,138,139,135,137,1148372,-2.142857142857143,0,482,154142,-154624,0,0,482,1088605,59285,1148372,0,0,934463,213909,1148372,0,65941,21068136,-21134077,0,0,65941,148804408,8107182,156977531,0,0,127736272,29241259,156977531
2023-11-20,137,137,135,136,532476,-0.7299270072992701,0,419,4962,-5381,0,0,419,527136,4921,532476,0,0,522174,10302,532476,0,57310,676191,-733501,0,0,57310,71667086,667575,72391971,0,0,70990895,1401076,72391971
2023-11-21,136,138,135,137,608776,0.7352941176470588,0,2239,-138753,136514,0,0,2239,457766,148771,608776,0,0,596519,12257,608776,0,306743,-18873488,18566745,0,0,306743,62434062,20233737,82974542,0,0,81307550,1666992,82974542
2023-11-22,137,138,135,137,595978,0.0,0,1774,-47952,46178,0,0,1774,501533,92671,595978,0,0,549485,46493,595978,0,243038,-6582797,6339759,0,0,243038,68395264,12685342,81323644,0,0,74978061,6345583,81323644
2023-11-23,137,138,135,137,396808,0.0,0,3300,-11454,8154,0,0,3300,308765,84743,396808,0,0,320219,76589,396808,0,451733,-1551205,1099472,0,0,451733,42030221,11526048,54008002,0,0,43581426,10426576,54008002
2023-11-24,137,137,134,136,870130,-0.7299270072992701,0,1666,174889,-176555,0,0,1666,802177,66287,870130,0,0,627288,242842,870130,0,223674,23579578,-23803252,0,0,223674,108429294,8984916,117637884,0,0,84849716,32788168,117637884
2023-11-27,136,137,130,135,1329498,-0.7352941176470588,0,523,-19321,18798,0,0,523,1234845,94130,1329498,0,0,1254166,75332,1329498,0,70379,-2302734,2232355,0,0,70379,164926134,12416162,177412675,0,0,167228868,10183807,177412675
2023-11-28,134,136,131,133,1237967,-1.4814814814814816,0,270,-39522,39252,0,0,270,1171829,65868,1237967,0,0,1211351,26616,1237967,0,35727,-5225894,5190167,0,0,35727,155725826,8742556,164504109,0,0,160951720,3552389,164504109
2023-11-29,134,134,129,132,1117866,-0.7518796992481203,0,206,60154,-60360,0,0,206,1094281,23379,1117866,0,0,1034127,83739,1117866,0,27192,7891990,-7919182,0,0,27192,143300363,3066089,146393644,0,0,135408373,10985271,146393644
2023-11-30,130,130,128,130,999079,-1.5151515151515151,0,638,-45227,44589,0,0,638,951907,46534,999079,0,0,997134,1945,999079,0,82568,-5877646,5795078,0,0,82568,122910857,6046482,129039907,0,0,128788503,251404,129039907
2023-12-01,130,131,128,129,877588,-0.7692307692307693,0,3346,10759,-14105,0,0,3346,866778,7464,877588,0,0,856019,21569,877588,0,432641,1406529,-1839170,0,0,432641,111888159,962839,113283639,0,0,110481630,2802009,113283639
2023-12-04,129,131,125,125,1181778,-3.10077519379845,0,-10000,120847,-110847,0,0,1,1158009,23768,1181778,0,10001,1037162,134615,1181778,0,-1270005,15259913,-13989908,0,0,127,146692347,3003776,149696250,0,1270132,131432434,16993684,149696250
2023-12-05,125,127,123,123,718157,-1.6,0,1,21465,-21466,0,0,1,709789,8367,718157,0,0,688324,29833,718157,0,126,2650790,-2650916,0,0,126,88331270,1049468,89380864,0,0,85680480,3700384,89380864
2023-12-06,123,127,122,124,585885,0.8130081300813009,0,1,-109353,109352,0,0,1,466736,119148,585885,0,0,576089,9796,585885,0,124,-13514427,13514303,0,0,124,57648309,14745036,72393469,0,0,71162736,1230733,72393469
2023-12-07,124,127,122,122,655304,-1.6129032258064515,0,1,64592,-64593,0,0,1,653191,2112,655304,0,0,588599,66705,655304,0,124,8123158,-8123282,0,0,124,80634985,260532,80895641,0,0,72511827,8383814,80895641
2023-12-08,122,124,122,123,416954,0.819672131147541,0,2,-9466,9464,0,0,2,407376,9576,416954,0,0,416842,112,416954,0,246,-1155026,1154780,0,0,246,50002280,1168561,51171087,0,0,51157306,13781,51171087
2023-12-11,124,127,123,126,564217,2.4390243902439024,0,90000,-124933,34933,0,0,90000,429866,44351,564217,0,0,554799,9418,564217,0,11160000,-15485683,4325683,0,0,11160000,53669715,5511630,70341345,0,0,69155398,1185947,70341345
2023-12-12,126,127,123,125,420188,-0.7936507936507936,0,0,-52871,52871,0,0,0,356166,64022,420188,0,0,409037,11151,420188,0,0,-6533812,6533812,0,0,0,44345766,7938739,52284505,0,0,50879578,1404927,52284505
2023-12-13,123,125,121,122,1050702,-2.4,0,0,-9135,9135,0,0,0,1037947,12755,1050702,0,0,1047082,3620,1050702,0,0,-1113965,1113965,0,0,0,126640319,1555605,128195924,0,0,127754284,441640,128195924
2023-12-14,122,122,119,120,859110,-1.639344262295082,0,0,109526,-109526,0,0,0,856715,2395,859110,0,0,747189,111921,859110,0,0,13141898,-13141898,0,0,0,102647929,288623,102936552,0,0,89506031,13430521,102936552
2023-12-15,118,121,118,118,992760,-1.6666666666666667,0,29,-19258,19229,0,0,29,950479,42252,992760,0,0,969737,23023,992760,0,3509,-2315775,2312266,0,0,3509,113376206,5052432,118432147,0,0,115691981,2740166,118432147
2023-12-18,118,119,116,118,571909,0.0,0,0,19494,-19494,0,0,0,555366,16543,571909,0,0,535872,36037,571909,0,0,2312812,-2312812,0,0,0,65233188,1939554,67172742,0,0,62920376,4252366,67172742
2023-12-19,117,119,115,117,760060,-0.847457627118644,0,0,144497,-144497,0,0,0,704557,55503,760060,0,0,560060,200000,760060,0,0,16857338,-16857338,0,0,0,82186549,6442662,88629211,0,0,65329211,23300000,88629211
2023-12-20,117,118,115,115,672460,-1.7094017094017095,0,0,-28462,28462,0,0,0,643052,29408,672460,0,0,671514,946,672460,0,0,-3330381,3330381,0,0,0,74943127,3441039,78384166,0,0,78273508,110658,78384166
2023-12-21,115,117,115,117,602737,1.7391304347826086,0,0,51851,-51851,0,0,0,601317,1420,602737,0,0,549466,53271,602737,0,0,6014477,-6014477,0,0,0,69896119,164959,70061078,0,0,63881642,6179436,70061078
2023-12-22,117,118,115,117,738609,0.0,0,0,193413,-193413,0,0,0,738177,432,738609,0,0,544764,193845,738609,0,0,22424169,-22424169,0,0,0,85771607,50112,85821719,0,0,63347438,22474281,85821719
2023-12-26,117,119,115,118,832120,0.8547008547008548,0,0,4768,-4768,0,0,0,776094,56026,832120,0,0,771326,60794,832120,0,0,500516,-500516,0,0,0,90314084,6555037,96869121,0,0,89813568,7055553,96869121
2023-12-27,117,119,116,116,590745,-1.694915254237288,0,0,116078,-116078,0,0,0,590720,25,590745,0,0,474642,116103,590745,0,0,13592128,-13592128,0,0,0,69041563,2975,69044538,0,0,55449435,13595103,69044538
2023-12-28,117,140,116,125,13207089,7.758620689655173,0,-172874,36793,136081,0,0,6000,12149968,1051121,13207089,0,178874,12113175,915040,13207089,0,-22216688,10259392,11957296,0,0,749000,1579511055,133098321,1713358376,0,22965688,1569251663,121141025,1713358376
2024-01-02,123,134,119,128,4773459,2.4,0,-4000,-112957,116957,0,0,9601,4519229,244629,4773459,0,13601,4632186,127672,4773459,0,-606409,-13270580,13876989,0,0,1161721,568878356,30197450,600237527,0,1768130,582148936,16320461,600237527
2024-01-03,129,130,124,126,1321315,-1.5625,0,50000,82715,-132715,0,0,50000,1260880,10435,1321315,0,0,1178165,143150,1321315,0,6400000,10279906,-16679906,0,0,6400000,159447901,1330898,167178799,0,0,149167995,18010804,167178799
2024-01-04,126,127,121,123,1710232,-2.380952380952381,0,40000,3086,-43086,0,0,40000,1646045,24187,1710232,0,0,1642959,67273,1710232,0,4895000,445538,-5340538,0,0,4895000,202942261,2973856,210811117,0,0,202496723,8314394,210811117
2024-01-05,123,124,121,123,641504,0.0,0,0,66822,-66822,0,0,0,628697,12807,641504,0,0,561875,79629,641504,0,0,8170642,-8170642,0,0,0,76736849,1575781,78312630,0,0,68566207,9746423,78312630
2024-01-08,123,124,121,122,498708,-0.8130081300813009,0,0,-33543,33543,0,0,0,451781,46927,498708,0,0,485324,13384,498708,0,0,-4092076,4092076,0,0,0,55273926,5725095,60999021,0,0,59366002,1633019,60999021
2024-01-09,122,123,121,121,616878,-0.819672131147541,0,0,85258,-85258,0,0,0,604466,12412,616878,0,0,519208,97670,616878,0,0,10401576,-10401576,0,0,0,73609604,1514164,75123768,0,0,63208028,11915740,75123768
2024-01-10,121,122,119,121,797712,0.0,0,0,116803,-116803,0,0,0,785303,12409,797712,0,0,668500,129212,797712,0,0,14025264,-14025264,0,0,0,94256402,1489090,95745492,0,0,80231138,15514354,95745492
2024-01-11,119,122,119,120,1155709,-0.8264462809917356,0,0,-89622,89622,0,0,0,1028748,126961,1155709,0,0,1118370,37339,1155709,0,0,-10889051,10889051,0,0,0,123638280,15358999,138997279,0,0,134527331,4469948,138997279
2024-01-12,120,122,119,120,762822,0.0,0,1480,123016,-124496,0,0,1500,754657,6665,762822,0,20,631641,131161,762822,0,177600,14761911,-14939511,0,0,180000,90726823,799800,91706623,0,2400,75964912,15739311,91706623
2024-01-15,120,121,119,119,680712,-0.8333333333333334,0,0,141574,-141574,0,0,0,677945,2767,680712,0,0,536371,144341,680712,0,0,16988937,-16988937,0,0,0,81284328,331940,81616268,0,0,64295391,17320877,81616268
2024-01-16,119,121,116,117,672115,-1.680672268907563,0,0,153296,-153296,0,0,0,664931,7184,672115,0,0,511635,160480,672115,0,0,18250457,-18250457,0,0,0,78992888,854155,79847043,0,0,60742431,19104612,79847043
2024-01-17,117,118,114,114,902835,-2.564102564102564,0,45,55914,-55959,0,0,45,902156,634,902835,0,0,846242,56593,902835,0,5265,6438841,-6444106,0,0,5265,104026361,73097,104104723,0,0,97587520,6517203,104104723
2024-01-18,112,117,111,114,2300764,0.0,0,0,-542758,542758,0,0,0,1736377,564387,2300764,0,0,2279135,21629,2300764,0,0,-60911747,60911747,0,0,0,197710656,63339918,261050574,0,0,258622403,2428171,261050574
2024-01-19,114,116,112,114,1045021,0.0,0,0,-22663,22663,0,0,0,1010144,34877,1045021,0,0,1032807,12214,1045021,0,0,-2545892,2545892,0,0,0,114924091,3948930,118873021,0,0,117469983,1403038,118873021
2024-01-22,114,117,112,112,1195301,-1.7543859649122806,0,0,79233,-79233,0,0,0,1157575,37726,1195301,0,0,1078342,116959,1195301,0,0,9067516,-9067516,0,0,0,131373767,4264412,135638179,0,0,122306251,13331928,135638179
2024-01-23,112,114,111,112,602267,0.0,0,117,-98172,98055,0,0,117,502727,99423,602267,0,0,600899,1368,602267,0,13104,-11032816,11019712,0,0,13104,56427506,11174296,67614906,0,0,67460322,154584,67614906
2024-01-24,111,119,111,111,4384715,-0.8928571428571428,0,0,878135,-878135,0,0,0,4174035,210680,4384715,0,0,3295900,1088815,4384715,0,0,100641953,-100641953,0,0,0,476442450,23971465,500413915,0,0,375800497,124613418,500413915
2024-01-25,112,127,104,106,16926498,-4.504504504504505,0,0,4236455,-4236455,0,0,0,16158698,767800,16926498,0,0,11922243,5004255,16926498,0,0,481222028,-481222028,0,0,0,1854771611,89670909,1944442520,0,0,1373549583,570892937,1944442520
2024-01-26,106,110,103,104,4432058,-1.8867924528301887,0,6,957106,-957112,0,0,6,3922116,509936,4432058,0,0,2965010,1467048,4432058,0,630,99379465,-99380095,0,0,630,413454848,54688601,468144079,0,0,314075383,154068696,468144079
2024-01-29,104,105,100,101,2904661,-2.8846153846153846,0,0,1099308,-1099308,0,0,0,2850252,54409,2904661,0,0,1750944,1153717,2904661,0,0,111690460,-111690460,0,0,0,290403254,5556819,295960073,0,0,178712794,117247279,295960073
2024-01-30,101,102,97,98,4048802,-2.9702970297029703,0,3489,624164,-627653,0,0,3489,3719573,325740,4048802,0,0,3095409,953393,4048802,0,342044,61359941,-61701985,0,0,342044,366463622,31997916,398803582,0,0,305103681,93699901,398803582
2024-01-31,99,99,92,94,4130851,-4.081632653061225,0,3585,1034781,-1038366,0,0,3585,3866242,261024,4130851,0,0,2831461,1299390,4130851,0,336990,97650519,-97987509,0,0,336990,365673684,24587039,390597713,0,0,268023165,122574548,390597713
2024-02-01,93,100,92,94,8372409,0.0,0,7168,3404179,-3411347,0,0,7168,7787091,578150,8372409,0,0,4382912,3989497,8372409,0,673792,318358502,-319032294,0,0,673792,733543771,54857373,789074936,0,0,415185269,373889667,789074936
2024-02-02,94,96,87,88,10932695,-6.382978723404255,0,-3367,5157582,-5154215,0,0,0,10249592,683103,10932695,0,3367,5092010,5837318,10932695,0,-296296,467711555,-467415259,0,0,0,929517956,62655130,992173086,0,296296,461806401,530070389,992173086
2024-02-05,89,89,76,76,22455240,-13.636363636363635,0,-3446,9252466,-9249020,0,0,138,19835409,2619693,22455240,0,3584,10582943,11868713,22455240,0,-261327,746385401,-746124074,0,0,11057,1606739805,210872860,1817623722,0,272384,860354404,956996934,1817623722
2024-02-06,75,98,75,80,95504957,5.263157894736842,0,77769,11125429,-11203198,0,138645,239927,88362718,6763667,95504957,138645,162158,77237289,17966865,95504957,60578,5583728,1025664842,-1031309148,0,12211381,21203483,7608017489,565287955,8206720308,12150803,15619755,6582352647,1596597103,8206720308
2024-02-07,82,83,77,77,11583636,-3.75,0,-79188,842291,-763103,0,0,344,10999221,584071,11583636,0,79532,10156930,1347174,11583636,0,-6477161,67551264,-61074103,0,0,26543,865299094,46744945,912070582,0,6503704,797747830,107819048,912070582
2024-02-08,78,80,75,77,5670093,0.0,0,-3279,115558,-112279,0,0,305,5498086,171702,5670093,0,3584,5382528,283981,5670093,0,-252481,8779418,-8526937,0,0,23487,423065428,13426246,436515161,0,275968,414286010,21953183,436515161
2024-02-13,77,79,76,77,5550307,0.0,0,-2026,78149,-76123,0,0,67,5277535,272705,5550307,0,2093,5199386,348828,5550307,0,-158076,5817802,-5659726,0,0,5178,407919435,21223035,429147648,0,163254,402101633,26882761,429147648
2024-02-14,78,83,77,80,11504882,3.896103896103896,0,106,-800252,800146,0,0,106,10468399,1036377,11504882,0,0,11268651,236231,11504882,0,8483,-63681732,63673249,0,0,8483,834200058,82488016,916696557,0,0,897881790,18814767,916696557
2024-02-15,79,82,79,80,6116997,0.0,0,227,287,-514,0,0,227,5884011,232759,6116997,0,0,5883724,233273,6116997,0,18383,-15883,-2500,0,0,18383,471777797,18668880,490465060,0,0,471793680,18671380,490465060
2024-02-16,82,87,80,81,10665989,1.25,0,35,-143715,143680,0,0,35,10025862,640092,10665989,0,0,10169577,496412,10665989,0,2894,-12862511,12859617,0,0,2894,827209709,53889266,881101869,0,0,840072220,41029649,881101869
2024-02-19,82,83,80,81,4408974,0.0,0,60,-58525,58465,0,0,60,4301457,107457,4408974,0,0,4359982,48992,4408974,0,4860,-4945466,4940606,0,0,4860,347093632,8880452,355978944,0,0,352039098,3939846,355978944
2024-02-20,81,81,80,80,2443181,-1.2345679012345678,0,90,149046,-149136,0,0,90,2442966,125,2443181,0,0,2293920,149261,2443181,0,7290,11923499,-11930789,0,0,7290,195877009,10091,195894390,0,0,183953510,11940880,195894390
2024-02-21,80,84,80,81,10383711,1.25,0,63,953056,-953119,0,0,63,10174219,209429,10383711,0,0,9221163,1162548,10383711,0,5155,77727241,-77732396,0,0,5155,831499736,17082919,848587810,0,0,753772495,94815315,848587810
2024-02-22,81,82,78,78,5741822,-3.7037037037037033,0,95,365639,-365734,0,0,95,5678268,63459,5741822,0,0,5312629,429193,5741822,0,7569,28850374,-28857943,0,0,7569,450397550,5128572,455533691,0,0,421547176,33986515,455533691
2024-02-23,78,79,76,77,3437138,-1.282051282051282,0,1540,-90103,88563,0,0,1540,3298118,137480,3437138,0,0,3388221,48917,3437138,0,118600,-6937308,6818708,0,0,118600,254363798,10622503,265104901,0,0,261301106,3803795,265104901
2024-02-26,77,78,77,77,1908929,0.0,0,16,-76365,76349,0,0,16,1820085,88828,1908929,0,0,1896450,12479,1908929,0,1248,-5956277,5955029,0,0,1248,140740029,6928391,147669668,0,0,146696306,973362,147669668
2024-02-27,78,78,75,75,3140137,-2.5974025974025974,0,33,173780,-173813,0,0,33,3131997,8107,3140137,0,0,2958217,181920,3140137,0,2524,13239537,-13242061,0,0,2524,238267908,614123,238884555,0,0,225028371,13856184,238884555
2024-02-28,76,78,75,77,2449794,2.666666666666667,0,9,24665,-24674,0,0,9,2392200,57585,2449794,0,0,2367535,82259,2449794,0,702,1890812,-1891514,0,0,702,182354781,4376498,186731981,0,0,180463969,6268012,186731981
2024-02-29,77,78,75,76,2156597,-1.2987012987012987,0,3,58340,-58343,0,0,3,2121882,34712,2156597,0,0,2063542,93055,2156597,0,231,4457147,-4457378,0,0,231,161877956,2638112,164516299,0,0,157420809,7095490,164516299
2024-03-04,76,77,74,75,2799118,-1.3157894736842104,0,-1950,53125,-51175,0,0,0,2798973,145,2799118,0,1950,2745848,51320,2799118,0,-146250,3985158,-3838908,0,0,0,210331973,10881,210342854,0,146250,206346815,3849789,210342854
2024-03-05,75,76,71,72,4833506,-4.0,0,16,135082,-135098,0,0,16,4784603,48887,4833506,0,0,4649521,183985,4833506,0,1152,9934873,-9936025,0,0,1152,349326033,3582135,352909320,0,0,339391160,13518160,352909320
2024-03-06,72,76,72,74,4300868,2.7777777777777777,0,29,-263661,263632,0,0,29,3985326,315513,4300868,0,0,4248987,51881,4300868,0,2165,-19367921,19365756,0,0,2165,294945508,23177152,318124825,0,0,314313429,3811396,318124825
2024-03-07,75,80,74,77,7378476,4.054054054054054,0,22,-343478,343456,0,0,22,6666520,711934,7378476,0,0,7009998,368478,7378476,0,1683,-26704922,26703239,0,0,1683,512917191,54723441,567642315,0,0,539622113,28020202,567642315
2024-03-08,78,98,77,86,89259883,11.688311688311687,0,-91533,613634,-522101,0,0,787028,81704795,6768060,89259883,0,878561,81091161,7290161,89259883,0,-8603244,71464213,-62860969,0,0,70531042,7379429802,598355049,8048315893,0,79134286,7307965589,661216018,8048315893
2024-03-11,87,90,82,84,14286748,-2.3255813953488373,0,2,-1112016,1112014,0,0,2,12291463,1995283,14286748,0,0,13403479,883269,14286748,0,168,-93672638,93672470,0,0,168,1045917411,169546386,1215463965,0,0,1139590049,75873916,1215463965
2024-03-12,84,87,78,80,14715286,-4.761904761904762,0,71,1177139,-1177210,0,0,71,13880052,835163,14715286,0,0,12702913,2012373,14715286,0,5682,97037140,-97042822,0,0,5682,1129828079,68928586,1198762347,0,0,1032790939,165971408,1198762347
2024-03-13,80,83,77,79,11692557,-1.25,0,8,-651802,651794,0,0,8,10110953,1581596,11692557,0,0,10762755,929802,11692557,0,638,-50416343,50415705,0,0,638,805673536,124835930,930510104,0,0,856089879,74420225,930510104
2024-03-14,79,81,77,78,5689320,-1.2658227848101267,0,31,-33480,33449,0,0,31,5318954,370335,5689320,0,0,5352434,336886,5689320,0,2429,-2614209,2611780,0,0,2429,417045830,29145663,446193922,0,0,419660039,26533883,446193922
2024-03-15,78,80,76,77,4331615,-1.282051282051282,0,-88,64283,-64195,0,0,12,3985507,346096,4331615,0,100,3921224,410291,4331615,0,-6668,5143297,-5136629,0,0,932,307874140,26731994,334607066,0,7600,302730843,31868623,334607066
2024-03-18,77,79,77,79,2254427,2.5974025974025974,0,9,-210089,210080,0,0,9,1934581,319837,2254427,0,0,2144670,109757,2254427,0,706,-16364818,16364112,0,0,706,150555631,24915398,175471735,0,0,166920449,8551286,175471735
2024-03-19,78,80,77,78,3471745,-1.2658227848101267,0,-79993,276781,-196788,0,0,7,3267867,203871,3471745,0,80000,2991086,400659,3471745,0,-6159454,21345598,-15186144,0,0,546,254890336,16141310,271032192,0,6160000,233544738,31327454,271032192
2024-03-20,78,78,75,76,3898263,-2.564102564102564,0,4075,240502,-244577,0,0,4075,3475803,418385,3898263,0,0,3235301,662962,3898263,0,309700,18498438,-18808138,0,0,309700,264335801,31797280,296442781,0,0,245837363,50605418,296442781
2024-03-21,76,80,75,78,4556785,2.631578947368421,0,9,-597389,597380,0,0,9,3840725,716051,4556785,0,0,4438114,118671,4556785,0,705,-46373865,46373160,0,0,705,297597674,55450344,353048723,0,0,343971539,9077184,353048723
2024-03-22,79,80,77,80,2851383,2.564102564102564,0,8,-546943,546935,0,0,8,2294500,556875,2851383,0,0,2841443,9940,2851383,0,639,-43034931,43034292,0,0,639,180443242,43816901,224260782,0,0,223478173,782609,224260782
2024-03-25,80,81,78,80,2334622,0.0,0,1,-250627,250626,0,0,1,2007091,327530,2334622,0,0,2257718,76904,2334622,0,79,-19778191,19778112,0,0,79,158748281,25878225,184626585,0,0,178526472,6100113,184626585
2024-03-26,80,81,79,81,1876068,1.25,0,2,-391442,391440,0,0,2,1473729,402337,1876068,0,0,1865171,10897,1876068,0,160,-31326307,31326147,0,0,160,117904963,32187010,150092133,0,0,149231270,860863,150092133
2024-03-27,82,92,81,82,15955152,1.2345679012345678,0,8,1372657,-1372665,0,0,143813,14611441,1199898,15955152,0,143805,13238784,2572563,15955152,0,-334043,118933244,-118599201,0,0,12390576,1248373180,102772788,1363536544,0,12724619,1129439936,221371989,1363536544
2024-03-28,81,85,79,83,4755807,1.2195121951219512,0,-100,-919924,920024,0,0,2,3750987,1004818,4755807,0,102,4670911,84794,4755807,0,-8298,-74875176,74883474,0,0,168,306653582,81984844,388638594,0,8466,381528758,7101370,388638594
2024-03-29,83,85,81,83,2197710,0.0,0,7,232210,-232217,0,0,7,2183932,13771,2197710,0,0,1951722,245988,2197710,0,584,19206853,-19207437,0,0,584,180549251,1132629,181682464,0,0,161342398,20340066,181682464
2024-04-01,83,92,83,88,16932003,6.024096385542169,0,-4268,-1901452,1905720,0,0,102291,14426660,2403052,16932003,0,106559,16328112,497332,16932003,0,-171014,-165781529,165952543,0,0,9001610,1278159377,210019883,1497180870,0,9172624,1443940906,44067340,1497180870
2024-04-02,93,94,84,85,11188967,-3.4090909090909087,0,5,1076237,-1076242,0,0,5,10443274,745688,11188967,0,0,9367037,1821930,11188967,0,425,98634338,-98634763,0,0,425,921954737,64977043,986932205,0,0,823320399,163611806,986932205
2024-04-03,85,98,85,93,20332567,9.411764705882353,0,7,-1805962,1805955,0,0,230191,17287186,2815190,20332567,0,230184,19093148,1009235,20332567,0,288788,-162123910,161835122,0,0,21208689,1583082775,254904997,1859196461,0,20919901,1745206685,93069875,1859196461
2024-04-04,93,93,87,90,8016995,-3.225806451612903,0,1,1259163,-1259164,0,0,1,7758571,258423,8016995,0,0,6499408,1517587,8016995,0,90,111968817,-111968907,0,0,90,689225409,22976559,712202058,0,0,577256592,134945466,712202058
2024-04-05,89,90,85,89,4201257,-1.1111111111111112,0,3,120370,-120373,0,0,3,4104264,96990,4201257,0,0,3983894,217363,4201257,0,261,10455106,-10455367,0,0,261,357968378,8505681,366474320,0,0,347513272,18961048,366474320
2024-04-08,90,90,82,84,7986211,-5.617977528089887,0,10,826758,-826768,0,0,10,7801971,184230,7986211,0,0,6975213,1010998,7986211,0,876,70826817,-70827693,0,0,876,661529139,15882156,677412171,0,0,590702322,86709849,677412171
2024-04-09,84,84,81,83,2368242,-1.1904761904761905,0,13,-230670,230657,0,0,13,2066074,302155,2368242,0,0,2296744,71498,2368242,0,1092,-19154956,19153864,0,0,1092,171500781,25083334,196585207,0,0,190655737,5929470,196585207
2024-04-11,82,87,80,84,3822357,1.2048192771084338,0,4,-276251,276247,0,0,4,3264087,558266,3822357,0,0,3540338,282019,3822357,0,340,-23786799,23786459,0,0,340,273432969,46687168,320120477,0,0,297219768,22900709,320120477
2024-04-12,83,89,83,86,6554974,2.380952380952381,0,17,-838240,838223,0,0,90940,5548880,915154,6554974,0,90923,6387120,76931,6554974,0,115104,-71802490,71687386,0,0,8025405,479492601,78340270,565858276,0,7910301,551295091,6652884,565858276
2024-04-15,85,86,81,82,4651152,-4.651162790697675,0,23,547162,-547185,0,0,23,4133231,517898,4651152,0,0,3586069,1065083,4651152,0,1941,44703938,-44705879,0,0,1941,341619581,43265301,384886823,0,0,296915643,87971180,384886823
2024-04-16,83,84,80,83,5972970,1.2195121951219512,0,-42,229931,-229889,0,0,8,5730141,242821,5972970,0,50,5500210,472710,5972970,0,-3396,18791185,-18787789,0,0,654,469059840,19956417,489016911,0,4050,450268655,38744206,489016911
2024-04-17,107,107,95,107,76045428,28.915662650602407,14400,-42,1210646,-1225004,0,574424,6711107,63772564,4987333,76045428,560024,6711149,62561918,6212337,76045428,-1446333,234031,132050020,-130837718,0,58023892,718088449,6747747043,524774103,8048633487,59470225,717854418,6615697023,655611821,8048633487
2024-04-18,131,138,104,107,117249566,0.0,-14400,166918,928934,-1081452,0,550401,206770,112820687,3671708,117249566,564801,39852,111891753,4753160,117249566,-522969,21230618,145495789,-166203438,0,68930423,25798150,13268226654,413030820,13775986047,69453392,4567532,13122730865,579234258,13775986047
2024-04-19,105,112,98,100,31439325,-6.5420560747663545,0,40000,-682551,642551,0,0,69241,28746713,2623371,31439325,0,29241,29429264,1980820,31439325,0,4178373,-68736222,64557849,0,0,7258689,2973209143,270271558,3250739390,0,3080316,3041945365,205713709,3250739390
2024-04-22,99,114,98,107,34379655,7.000000000000001,0,0,-569961,569961,0,0,0,30433581,3946074,34379655,0,0,31003542,3376113,34379655,0,0,-59615387,59615387,0,0,0,3275011671,421479874,3696491545,0,0,3334627058,361864487,3696491545
2024-04-23,109,113,104,105,21749587,-1.8691588785046727,0,40,2503221,-2503261,0,0,40,20649207,1100340,21749587,0,0,18145986,3603601,21749587,0,4213,270612266,-270616479,0,0,4213,2234573685,120573501,2355151399,0,0,1963961419,391189980,2355151399
2024-04-24,105,106,101,103,12039243,-1.9047619047619049,0,100001,-695684,595683,0,0,100001,10991668,947574,12039243,0,0,11687352,351891,12039243,0,10200105,-72372598,62172493,0,0,10200105,1134039311,98363596,1242603012,0,0,1206411909,36191103,1242603012
2024-04-25,103,105,99,99,7601666,-3.8834951456310676,0,400,-231314,230914,0,0,400,7030780,570486,7601666,0,0,7262094,339572,7601666,0,41600,-23839846,23798246,0,0,41600,717904665,58641217,776587482,0,0,741744511,34842971,776587482
2024-04-26,100,103,99,101,8045258,2.0202020202020203,0,3,-807389,807386,0,0,3,6732255,1313000,8045258,0,0,7539644,505614,8045258,0,303,-81348590,81348287,0,0,303,676455742,132172556,808628601,0,0,757804332,50824269,808628601
2024-04-29,102,104,100,104,8494354,2.9702970297029703,0,0,-1718314,1718314,0,0,0,6391340,2103014,8494354,0,0,8109654,384700,8494354,0,0,-176394792,176394792,0,0,0,651349994,215255487,866605481,0,0,827744786,38860695,866605481
2024-04-30,104,111,103,105,20557647,0.9615384615384616,0,0,657157,-657157,0,0,0,19353846,1203801,20557647,0,0,18696689,1860958,20557647,0,0,70757413,-70757413,0,0,0,2065693416,129425547,2195118963,0,0,1994936003,200182960,2195118963
2024-05-02,105,106,101,101,7415484,-3.8095238095238098,0,5,736401,-736406,0,0,5,7258312,157167,7415484,0,0,6521911,893573,7415484,0,513,76139972,-76140485,0,0,513,748378153,16323568,764702234,0,0,672238181,92464053,764702234
2024-05-03,101,105,101,104,6023921,2.9702970297029703,0,100000,-645457,545457,0,0,100000,4839219,1084702,6023921,0,0,5484676,539245,6023921,0,10106518,-66696803,56590285,0,0,10106518,497695238,111768149,619569905,0,0,564392041,55177864,619569905
2024-05-07,104,109,103,105,7565134,0.9615384615384616,0,0,-323117,323117,0,0,0,6844200,720934,7565134,0,0,7167317,397817,7565134,0,0,-33857983,33857983,0,0,0,725285492,76431458,801716950,0,0,759143475,42573475,801716950
2024-05-08,105,106,102,104,5027843,-0.9523809523809524,0,0,174272,-174272,0,0,0,4804152,223691,5027843,0,0,4629880,397963,5027843,0,0,17873749,-17873749,0,0,0,497226043,23336607,520562650,0,0,479352294,41210356,520562650
2024-05-09,104,104,101,102,3786523,-1.9230769230769231,0,4,471803,-471807,0,0,7,3740058,46458,3786523,0,3,3268255,518265,3786523,0,415,48123036,-48123451,0,0,721,383420834,4739856,388161411,0,306,335297798,52863307,388161411
2024-05-10,102,106,101,103,7280258,0.9803921568627451,0,3,-333437,333434,0,0,3,6331188,949067,7280258,0,0,6664625,615633,7280258,0,306,-34171416,34171110,0,0,306,653703442,97937093,751640841,0,0,687874858,63765983,751640841
2024-05-13,103,105,103,103,2776577,0.0,0,3,112211,-112214,0,0,4,2766639,9934,2776577,0,1,2654428,122148,2776577,0,313,11634206,-11634519,0,0,416,286599060,1038097,287637573,0,103,274964854,12672616,287637573
2024-05-14,103,103,101,101,2608877,-1.9417475728155338,0,3,432309,-432312,0,0,3,2607921,953,2608877,0,0,2175612,433265,2608877,0,307,43986100,-43986407,0,0,307,265210994,97013,265308314,0,0,221224894,44083420,265308314
2024-05-16,102,105,101,104,5448439,2.9702970297029703,0,6,-926716,926710,0,0,6,4458230,990203,5448439,0,0,5384946,63493,5448439,0,624,-96292593,96291969,0,0,624,460505756,102812826,563319206,0,0,556798349,6520857,563319206
2024-05-17,103,104,101,101,2438387,-2.8846153846153846,0,12,397137,-397149,0,0,12,2438260,115,2438387,0,0,2041123,397264,2438387,0,1233,40701193,-40702426,0,0,1233,249601163,11918,249614314,0,0,208899970,40714344,249614314
2024-05-20,100,101,98,99,4947177,-1.9801980198019802,0,12,553111,-553123,0,0,12,4945684,1481,4947177,0,0,4392573,554604,4947177,0,1200,55118208,-55119408,0,0,1200,492438570,146660,492586430,0,0,437320362,55266068,492586430
2024-05-21,99,104,99,102,9344485,3.0303030303030303,0,-22,-332738,332760,0,0,5,8113100,1231380,9344485,0,27,8445838,898620,9344485,0,-2247,-33632309,33634556,0,0,507,825603713,124706223,950310443,0,2754,859236022,91071667,950310443
2024-05-22,103,104,100,102,3387897,0.0,0,3,254448,-254451,0,0,5,3190504,197388,3387897,0,2,2936056,451839,3387897,0,312,25479911,-25480223,0,0,516,325928028,20408901,346337445,0,204,300448117,45889124,346337445
2024-05-23,102,102,98,98,7594735,-3.9215686274509802,0,2,1235423,-1235425,0,0,2,7329723,265010,7594735,0,0,6094300,1500435,7594735,0,201,122319643,-122319844,0,0,201,728781134,26475964,755257299,0,0,606461491,148795808,755257299
2024-05-24,99,101,98,99,4158203,1.0204081632653061,0,14,-200550,200536,0,0,14,3510677,647512,4158203,0,0,3711227,446976,4158203,0,1403,-20052062,20050659,0,0,1403,350254820,64731829,414988052,0,0,370306882,44681170,414988052
2024-05-27,101,125,101,108,85206888,9.090909090909092,0,-410435,-1204918,1615353,0,0,16811,78568995,6621082,85206888,0,427246,79773913,5005729,85206888,0,-47403237,-115075128,162478365,0,0,2000468,9090947665,751448992,9844397125,0,49403705,9206022793,588970627,9844397125
2024-05-28,108,140,108,140,65778463,29.629629629629626,0,3567,-344338,340771,0,0,3571,60196560,5578332,65778463,0,4,60540898,5237561,65778463,0,499380,-36067849,35568469,0,0,499940,7840561464,693647063,8534708467,0,560,7876629313,658078594,8534708467
2024-05-29,163,165,122,129,147200054,-7.857142857142857,0,146399,851357,-997756,0,0,332151,140193377,6674526,147200054,0,185752,139342020,7672282,147200054,0,23176790,159201311,-182378101,0,0,50577983,19680040474,900285230,20630903687,0,27401193,19520839163,1082663331,20630903687
2024-05-30,131,167,128,167,263330181,29.457364341085274,0,-127402,367670,-240268,0,615,3125510,250072446,10131610,263330181,615,3252912,249704776,10371878,263330181,-2460,-15921726,41768922,-25844736,0,91635,519853864,40135351193,1610639747,42265936439,94095,535775590,40093582271,1636484483,42265936439
2024-05-31,172,196,147,164,333499686,-1.7964071856287425,0,34348,1500064,-1534412,0,0,543794,325297808,7658084,333499686,0,509446,323797744,9192496,333499686,0,3084832,238363938,-241448770,0,0,90979303,55692730530,1286441994,57070151827,0,87894471,55454366592,1527890764,57070151827
2024-06-03,160,184,156,167,82956009,1.8292682926829267,0,-49091,723965,-674874,0,0,40308,79662893,3252808,82956009,0,89399,78938928,3927682,82956009,0,-8556099,121987254,-113431155,0,0,6685436,13577264184,563866554,14147816174,0,15241535,13455276930,677297709,14147816174
2024-06-04,168,171,152,152,51584245,-8.982035928143713,0,0,-129041,129041,0,0,0,49057818,2526427,51584245,0,0,49186859,2397386,51584245,0,0,-19578814,19578814,0,0,0,7815046139,403748321,8218794460,0,0,7834624953,384169507,8218794460
2024-06-05,152,155,134,139,28374329,-8.552631578947368,0,17899,-2019032,2001133,0,0,17900,23972889,4383540,28374329,0,1,25991921,2382407,28374329,0,2487958,-277173503,274685545,0,0,2488100,3381578080,614155144,3998221324,0,142,3658751583,339469599,3998221324
2024-06-07,139,142,135,136,16392335,-2.158273381294964,0,-30772,1065728,-1034956,0,0,40,15427784,964511,16392335,0,30812,14362056,1999467,16392335,0,-4184912,147479044,-143294132,0,0,5520,2126279016,133536789,2259821325,0,4190432,1978799972,276830921,2259821325
2024-06-10,135,144,132,138,14643804,1.4705882352941175,0,115967,493762,-609729,0,0,115967,13037529,1490308,14643804,0,0,12543767,2100037,14643804,0,16277609,68965876,-85243485,0,0,16277609,1806575615,207508715,2030361939,0,0,1737609739,292752200,2030361939
2024-06-11,136,139,124,125,16277068,-9.420289855072465,0,-115966,-319648,435614,0,0,0,14823203,1453865,16277068,0,115966,15142851,1018251,16277068,0,-14995580,-37559162,52554742,0,0,0,1915706875,185669898,2101376773,0,14995580,1953266037,133115156,2101376773
2024-06-12,126,147,126,133,47907992,6.4,0,7789,977173,-984962,0,0,20553,42746799,5140640,47907992,0,12764,41769626,6125602,47907992,0,1017720,148838508,-149856228,0,0,2830208,5848549840,696194539,6547574587,0,1812488,5699711332,846050767,6547574587
2024-06-13,136,143,131,135,23936152,1.5037593984962405,0,29539,183574,-213113,0,0,29539,21847515,2059098,23936152,0,0,21663941,2272211,23936152,0,3961957,26182995,-30144952,0,0,3961957,2976262950,282189385,3262414292,0,0,2950079955,312334337,3262414292
2024-06-14,137,162,135,150,83490682,11.11111111111111,0,-1190,-641983,643173,0,0,27600,72091878,11371204,83490682,0,28790,72733861,10728031,83490682,0,-243478,-77814216,78057694,0,0,4148260,10873064685,1703740718,12580953663,0,4391738,10950878901,1625683024,12580953663
2024-06-17,152,164,145,148,32827351,-1.3333333333333335,0,-18203,451230,-433027,0,0,13513,30249451,2564387,32827351,0,31716,29798221,2997414,32827351,0,-2711195,73304106,-70592911,0,0,1999924,4666500061,400259765,5068759750,0,4711119,4593195955,470852676,5068759750
2024-06-18,169,175,131,139,89653841,-6.081081081081082,0,-17935,17067601,-17049666,0,0,1,83311211,6342629,89653841,0,17936,66243610,23392295,89653841,0,-2654390,2486345359,-2483690969,0,0,138,12495258275,958774605,13454033018,0,2654528,10008912916,3442465574,13454033018
2024-06-19,140,142,127,129,23741623,-7.194244604316546,0,67,1963597,-1963664,0,0,67,22246699,1494857,23741623,0,0,20283102,3458521,23741623,0,8576,253065216,-253073792,0,0,8576,2928927082,197789025,3126724683,0,0,2675861866,450862817,3126724683
2024-06-20,129,133,120,123,16416340,-4.651162790697675,0,0,1526340,-1526340,0,0,0,14956302,1460038,16416340,0,0,13429962,2986378,16416340,0,0,189200316,-189200316,0,0,0,1869594925,182749377,2052344302,0,0,1680394609,371949693,2052344302
2024-06-21,123,128,113,121,23376905,-1.6260162601626018,0,-2,2481200,-2481198,0,0,0,19545541,3831364,23376905,0,2,17064341,6312562,23376905,0,-240,307087003,-307086763,0,0,0,2365031568,454068682,2819100250,0,240,2057944565,761155445,2819100250
2024-06-24,121,121,113,118,8653286,-2.479338842975207,0,0,1645532,-1645532,0,0,0,8396079,257207,8653286,0,0,6750547,1902739,8653286,0,0,191517987,-191517987,0,0,0,978537808,29763020,1008300828,0,0,787019821,221281007,1008300828
2024-06-25,118,123,112,116,16451255,-1.694915254237288,0,0,5662129,-5662129,0,0,0,15761343,689912,16451255,0,0,10099214,6352041,16451255,0,0,653159600,-653159600,0,0,0,1830894913,81363519,1912258432,0,0,1177735313,734523119,1912258432
2024-06-26,114,115,107,108,17321017,-6.896551724137931,0,0,4254980,-4254980,0,0,0,15980532,1340485,17321017,0,0,11725552,5595465,17321017,0,0,464986883,-464986883,0,0,0,1747530503,146021939,1893552442,0,0,1282543620,611008822,1893552442
2024-06-27,108,116,100,102,38325754,-5.555555555555555,0,0,9877590,-9877590,0,0,0,35458293,2867461,38325754,0,0,25580703,12745051,38325754,0,0,1059496226,-1059496226,0,0,0,3776389686,311325107,4087714793,0,0,2716893460,1370821333,4087714793
2024-06-28,102,109,97,103,28498169,0.9803921568627451,0,0,-2370432,2370432,0,0,0,22076922,6421247,28498169,0,0,24447354,4050815,28498169,0,0,-237505419,237505419,0,0,0,2256066792,655492870,2911559662,0,0,2493572211,417987451,2911559662
2024-07-01,105,110,103,103,15264990,0.0,0,0,1387527,-1387527,0,0,0,13756727,1508263,15264990,0,0,12369200,2895790,15264990,0,0,146990835,-146990835,0,0,0,1457392848,161030635,1618423483,0,0,1310402013,308021470,1618423483
2024-07-02,103,105,99,100,9935092,-2.912621359223301,0,0,-390858,390858,0,0,0,8947802,987290,9935092,0,0,9338660,596432,9935092,0,0,-39441807,39441807,0,0,0,903150150,99432426,1002582576,0,0,942591957,59990619,1002582576
2024-07-03,101,103,98,101,7504870,1.0,0,0,-240480,240480,0,0,0,6242593,1262277,7504870,0,0,6483073,1021797,7504870,0,0,-24221644,24221644,0,0,0,626126237,127505677,753631914,0,0,650347881,103284033,753631914
2024-07-04,102,104,100,101,4605908,0.0,0,0,12678,-12678,0,0,0,4390768,215140,4605908,0,0,4378090,227818,4605908,0,0,1180384,-1180384,0,0,0,444435525,22078922,466514447,0,0,443255141,23259306,466514447
2024-07-05,100,104,100,100,4906643,-0.9900990099009901,0,0,325710,-325710,0,0,0,4573236,333407,4906643,0,0,4247526,659117,4906643,0,0,32925618,-32925618,0,0,0,461934755,33781824,495716579,0,0,429009137,66707442,495716579
2024-07-08,101,103,99,102,7097622,2.0,0,1344582,-2064675,720093,0,0,1344582,4877943,875097,7097622,0,0,6942618,155004,7097622,0,150593184,-223235172,72641988,0,0,150593184,490591225,88156640,729341049,0,0,713826397,15514652,729341049
2024-07-09,118,119,102,102,60279188,0.0,0,-1344582,10148873,-8804291,0,0,0,55924597,4354591,60279188,0,1344582,45775724,13158882,60279188,0,-158660676,1098961959,-940301283,0,0,0,6098736776,484039308,6582776084,0,158660676,4999774817,1424340591,6582776084
2024-07-10,102,103,94,96,28871911,-5.88235294117647,0,0,8108004,-8108004,0,0,0,27187563,1684348,28871911,0,0,19079559,9792352,28871911,0,0,800533352,-800533352,0,0,0,2683483332,168779743,2852263075,0,0,1882949980,969313095,2852263075
2024-07-11,96,103,93,98,25882327,2.083333333333333,0,0,-3425317,3425317,0,0,0,18107515,7774812,25882327,0,0,21532832,4349495,25882327,0,0,-336237597,336237597,0,0,0,1774947096,763736845,2538683941,0,0,2111184693,427499248,2538683941
2024-07-12,99,100,95,96,8919113,-2.0408163265306123,0,0,2211214,-2211214,0,0,0,8486748,432365,8919113,0,0,6275534,2643579,8919113,0,0,214244519,-214244519,0,0,0,821788189,42032777,863820966,0,0,607543670,256277296,863820966
2024-07-15,97,98,95,96,7614403,0.0,0,0,1005935,-1005935,0,0,0,7286724,327679,7614403,0,0,6280789,1333614,7614403,0,0,95701847,-95701847,0,0,0,698363069,31671279,730034348,0,0,602661222,127373126,730034348
2024-07-16,95,98,93,94,11241802,-2.083333333333333,0,0,2904758,-2904758,0,0,0,10835276,406526,11241802,0,0,7930518,3311284,11241802,0,0,275553150,-275553150,0,0,0,1028230455,38618035,1066848490,0,0,752677305,314171185,1066848490
2024-07-17,94,95,92,93,7838878,-1.0638297872340425,0,0,121181,-121181,0,0,0,6357179,1481699,7838878,0,0,6235998,1602880,7838878,0,0,11456249,-11456249,0,0,0,591193236,137862940,729056176,0,0,579736987,149319189,729056176
2024-07-18,91,95,89,95,11971285,2.1505376344086025,0,0,-590259,590259,0,0,0,9369698,2601587,11971285,0,0,9959957,2011328,11971285,0,0,-52489244,52489244,0,0,0,863223486,238228298,1101451784,0,0,915712730,185739054,1101451784
2024-07-19,96,96,90,91,8986671,-4.2105263157894735,0,10,3168916,-3168926,0,0,10,8840609,146052,8986671,0,0,5671693,3314978,8986671,0,920,291672850,-291673770,0,0,920,812427354,13335277,825763551,0,0,520754504,305009047,825763551
2024-07-22,91,92,88,89,6384725,-2.197802197802198,0,0,-720713,720713,0,0,0,5265792,1118933,6384725,0,0,5986505,398220,6384725,0,0,-64366390,64366390,0,0,0,470953687,100249921,571203608,0,0,535320077,35883531,571203608
2024-07-23,89,95,88,90,12311556,1.1235955056179776,0,31,-114238,114207,0,0,21307,10123696,2166553,12311556,0,21276,10237934,2052346,12311556,0,66618,-10381685,10315067,0,0,2002734,921274012,197426709,1120703455,0,1936116,931655697,187111642,1120703455
2024-07-24,89,92,88,89,6364755,-1.1111111111111112,0,0,168941,-168941,0,0,0,5245549,1119206,6364755,0,0,5076608,1288147,6364755,0,0,15919885,-15919885,0,0,0,474023215,100669018,574692233,0,0,458103330,116588903,574692233
2024-07-25,89,90,87,88,4637697,-1.1235955056179776,0,1,547464,-547465,0,0,1,4354916,282780,4637697,0,0,3807452,830245,4637697,0,88,48195803,-48195891,0,0,88,382704616,24884140,407588844,0,0,334508813,73080031,407588844
2024-07-26,88,90,88,89,3742282,1.1363636363636365,0,0,-605489,605489,0,0,0,3004373,737909,3742282,0,0,3609862,132420,3742282,0,0,-53909468,53909468,0,0,0,265888447,65673717,331562164,0,0,319797915,11764249,331562164
2024-07-29,89,92,86,86,7477032,-3.3707865168539324,0,5,2743948,-2743953,0,0,5,7392997,84030,7477032,0,0,4649049,2827983,7477032,0,445,241861248,-241861693,0,0,445,650535119,7460689,657996253,0,0,408673871,249322382,657996253
2024-07-30,86,87,82,84,8384078,-2.3255813953488373,0,4,568267,-568271,0,0,4,7670919,713155,8384078,0,0,7102652,1281426,8384078,0,338,48695679,-48696017,0,0,338,645301776,60341050,705643164,0,0,596606097,109037067,705643164
2024-07-31,84,84,81,83,7497209,-1.1904761904761905,0,0,-1401199,1401199,0,0,0,5940964,1556245,7497209,0,0,7342163,155046,7497209,0,0,-115147074,115147074,0,0,0,487501206,127859976,615361182,0,0,602648280,12712902,615361182
2024-08-01,83,84,82,83,4113863,0.0,0,3,291074,-291077,0,0,3,3962437,151423,4113863,0,0,3671363,442500,4113863,0,252,24010012,-24010264,0,0,252,329500426,12716891,342217569,0,0,305490414,36727155,342217569
2024-08-02,82,83,79,80,6558090,-3.614457831325301,0,6,1912905,-1912911,0,0,10,6411655,146425,6558090,0,4,4498750,2059336,6558090,0,480,154176719,-154177199,0,0,808,516393101,11830282,528224191,0,328,362216382,166007481,528224191
2024-08-05,78,79,73,76,12749333,-5.0,0,-5,-1060521,1060526,0,0,78979,9656216,3014138,12749333,0,78984,10716737,1953612,12749333,0,76134,-77334228,77258094,0,0,6078834,728403968,224693511,959176313,0,6002700,805738196,147435417,959176313
2024-08-06,76,81,76,80,8920945,5.263157894736842,0,-6,-982569,982575,0,0,0,7171919,1749026,8920945,0,6,8154488,766451,8920945,0,-456,-76323110,76323566,0,0,0,559868080,136245800,696113880,0,456,636191190,59922234,696113880
2024-08-07,80,83,80,82,3235064,2.5,0,2,-459384,459382,0,0,2,2740889,494173,3235064,0,0,3200273,34791,3235064,0,166,-37583786,37583620,0,0,166,224405246,40417643,264823055,0,0,261989032,2834023,264823055
2024-08-08,82,82,79,79,4453152,-3.6585365853658534,0,8,928848,-928856,0,0,8,3713808,739336,4453152,0,0,2784960,1668192,4453152,0,648,74252963,-74253611,0,0,648,298480520,59741741,358222909,0,0,224227557,133995352,358222909
2024-08-09,80,82,78,80,5818003,1.2658227848101267,0,14,1719881,-1719895,0,0,14,5328069,489920,5818003,0,0,3608188,2209815,5818003,0,1106,135680484,-135681590,0,0,1106,423041297,39391194,462433597,0,0,287360813,175072784,462433597
2024-08-12,80,80,78,80,2905691,0.0,0,2,452089,-452091,0,0,2,2851882,53807,2905691,0,0,2399793,505898,2905691,0,158,35687504,-35687662,0,0,158,225189265,4252313,229441736,0,0,189501761,39939975,229441736
2024-08-13,80,80,76,77,5879642,-3.75,0,10,2228483,-2228493,0,0,10,5843762,35870,5879642,0,0,3615279,2264363,5879642,0,779,173321236,-173322015,0,0,779,453200146,2785261,455986186,0,0,279878910,176107276,455986186
2024-08-14,77,78,75,76,6601601,-1.2987012987012987,0,12,2945996,-2946008,0,0,12,6553822,47767,6601601,0,0,3607826,2993775,6601601,0,921,224498700,-224499621,0,0,921,500850860,3645238,504497019,0,0,276352160,228144859,504497019
2024-08-16,77,79,74,74,12354340,-2.631578947368421,0,12,2863300,-2863312,0,0,12,11807668,546660,12354340,0,0,8944368,3409972,12354340,0,912,215327444,-215328356,0,0,912,897057577,41726607,938785096,0,0,681730133,257054963,938785096
2024-08-19,73,75,72,73,6429094,-1.3513513513513513,0,4,1124550,-1124554,0,0,4,5865560,563530,6429094,0,0,4741010,1688084,6429094,0,295,81946587,-81946882,0,0,295,430354103,41472663,471827061,0,0,348407516,123419545,471827061
2024-08-20,73,74,71,72,7991803,-1.36986301369863,0,29,1134219,-1134248,0,0,29,7431792,559982,7991803,0,0,6297573,1694230,7991803,0,2093,81892795,-81894888,0,0,2093,535641343,40269672,575913108,0,0,453748548,122164560,575913108
2024-08-21,72,75,69,70,17503984,-2.7777777777777777,0,3025,5330693,-5333718,0,0,3025,16302814,1198145,17503984,0,0,10972121,6531863,17503984,0,214775,377083884,-377298659,0,0,214775,1162502368,86109130,1248826273,0,0,785418484,463407789,1248826273
2024-08-22,70,71,68,69,5941582,-1.4285714285714286,0,3089,870362,-873451,0,0,3089,5853217,85276,5941582,0,0,4982855,958727,5941582,0,213146,60365639,-60578785,0,0,213146,406499966,5939477,412652589,0,0,346134327,66518262,412652589
2024-08-23,69,72,68,70,5765493,1.4492753623188406,0,-2961,71609,-68648,0,0,11,4650915,1114567,5765493,0,2972,4579306,1183215,5765493,0,-204292,5665022,-5460730,0,0,776,326805013,77521065,404326854,0,205068,321139991,82981795,404326854
2024-08-26,70,71,65,67,13138431,-4.285714285714286,0,47,4211591,-4211638,0,0,47,12401819,736565,13138431,0,0,8190228,4948203,13138431,0,3152,287748797,-287751949,0,0,3152,835862757,48923561,884789470,0,0,548113960,336675510,884789470
2024-08-27,67,71,64,69,8956675,2.9850746268656714,0,3101,-1636139,1633038,0,0,3101,7180666,1772908,8956675,0,0,8816805,139870,8956675,0,213890,-109291800,109077910,0,0,213890,485846302,118660804,604720996,0,0,595138102,9582894,604720996
2024-08-28,69,71,68,70,4047254,1.4492753623188406,0,-3111,-70099,73210,0,0,11,3943171,104072,4047254,0,3122,4013270,30862,4047254,0,-217768,-4826559,5044327,0,0,772,274952408,7183805,282136985,0,218540,279778967,2139478,282136985
2024-08-29,71,73,69,71,8325570,1.4285714285714286,0,-65,463827,-463762,0,0,8,7582402,743160,8325570,0,73,7118575,1206922,8325570,0,-4616,32689169,-32684553,0,0,567,538307031,53051752,591359350,0,5183,505617862,85736305,591359350
2024-08-30,71,71,67,69,10467467,-2.8169014084507045,0,3085,3608848,-3611933,0,0,3085,9956036,508346,10467467,0,0,6347188,4120279,10467467,0,212865,247856501,-248069366,0,0,212865,681435685,35087665,716736215,0,0,433579184,283157031,716736215
2024-09-02,68,69,66,67,7951925,-2.898550724637681,0,-2948,2569541,-2566593,0,0,1,7814085,137839,7951925,0,2949,5244544,2704432,7951925,0,-197515,172158080,-171960565,0,0,68,524597553,9300148,533897769,0,197583,352439473,181260713,533897769
2024-09-03,68,68,65,65,5654820,-2.9850746268656714,0,-3069,1471245,-1468176,0,0,16,5603023,51781,5654820,0,3085,4131778,1519957,5654820,0,-199453,97956636,-97757183,0,0,1072,371869625,3465969,375336666,0,200525,273912989,101223152,375336666
2024-09-04,64,64,61,63,10504185,-3.076923076923077,0,3525,64441,-67966,0,0,3525,10269495,231165,10504185,0,0,10205054,299131,10504185,0,218577,3957363,-4175940,0,0,218577,639474350,14380852,654073779,0,0,635516987,18556792,654073779
2024-09-05,63,65,62,63,4904231,0.0,0,5,-17434,17429,0,0,5,4769785,134441,4904231,0,0,4787219,117012,4904231,0,317,-1072157,1071840,0,0,317,302353721,8509966,310864004,0,0,303425878,7438126,310864004
2024-09-06,63,64,61,62,4701502,-1.5873015873015872,0,-3399,517287,-513888,0,0,9,4677630,23863,4701502,0,3408,4160343,537751,4701502,0,-207321,32091450,-31884129,0,0,567,290295762,1475452,291771781,0,207888,258204312,33359581,291771781
2024-09-09,62,63,61,63,2122001,1.6129032258064515,0,8,-157824,157816,0,0,8,1903182,218811,2122001,0,0,2061006,60995,2122001,0,498,-9785611,9785113,0,0,498,117809336,13563012,131372846,0,0,127594947,3777899,131372846
2024-09-10,63,76,62,64,56405265,1.5873015873015872,0,3,4650767,-4650770,0,0,107070,51501184,4797011,56405265,0,107067,46850417,9447781,56405265,0,-72245,327849619,-327777374,0,0,7047371,3509279327,325931299,3842257997,0,7119616,3181429708,653708673,3842257997
2024-09-11,64,65,62,64,9534364,0.0,0,3,-1608183,1608180,0,0,3,7862295,1672066,9534364,0,0,9470478,63886,9534364,0,192,-102431545,102431353,0,0,192,497920295,106493121,604413608,0,0,600351840,4061768,604413608
2024-09-12,64,74,64,67,27580883,4.6875,0,25,-2387798,2387773,0,0,13723,23125740,4441420,27580883,0,13698,25513538,2053647,27580883,0,15340,-153271763,153256423,0,0,1001596,1561354173,295452101,1857807870,0,986256,1714625936,142195678,1857807870
2024-09-13,80,87,74,87,128215321,29.850746268656714,0,2072,3753406,-3755478,0,0,241736,121761818,6211767,128215321,0,239664,118008412,9967245,128215321,0,142089,302165467,-302307556,0,0,20248648,10225419133,510766123,10756433904,0,20106559,9923253666,813073679,10756433904
2024-09-19,108,113,94,102,322586927,17.24137931034483,0,-1283,2084730,-2083447,0,0,42365,316103422,11088839,327234626,0,43648,314018692,13172286,327234626,0,-305336,219139258,-218833922,0,0,4403247,34195822417,1195526957,35395752621,0,4708583,33976683159,1414360879,35395752621
