날짜,시가,고가,저가,종가,거래량,등락률,기관합계_거래량_순매수,기타법인_거래량_순매수,개인_거래량_순매수,외국인합계_거래량_순매수,전체_거래량_순매수,기관합계_거래량_매수,기타법인_거래량_매수,개인_거래량_매수,외국인합계_거래량_매수,전체_거래량_매수,기관합계_거래량_매도,기타법인_거래량_매도,개인_거래량_매도,외국인합계_거래량_매도,전체_거래량_매도,기관합계_거래대금_순매수,기타법인_거래대금_순매수,개인_거래대금_순매수,외국인합계_거래대금_순매수,전체_거래대금_순매수,기관합계_거래대금_매수,기타법인_거래대금_매수,개인_거래대금_매수,외국인합계_거래대금_매수,전체_거래대금_매수,기관합계_거래대금_매도,기타법인_거래대금_매도,개인_거래대금_매도,외국인합계_거래대금_매도,전체_거래대금_매도
2019-01-02,310,313,300,306,423765,0.0,-234,0,-49949,50183,0,0,0,363836,59929,423765,234,0,413785,9746,423765,-71978,0,-15257575,15329553,0,0,0,111206251,18330638,129536889,71978,0,126463826,3001085,129536889
2019-01-03,310,317,300,310,234372,1.3071895424836601,39,56182,-80733,24512,0,39,56182,141369,36782,234372,0,0,222102,12270,234372,12051,17355355,-24938671,7571265,0,12051,17355355,43622211,11367193,72356810,0,0,68560882,3795928,72356810
2019-01-04,310,317,306,312,169176,0.6451612903225806,39,0,19135,-19174,0,39,0,145667,23470,169176,0,0,126532,42644,169176,12129,0,5997857,-6009986,0,12129,0,45208075,7246116,52466320,0,0,39210218,13256102,52466320
2019-01-07,312,317,309,317,136326,1.6025641025641024,0,17000,-19573,2573,0,0,17000,108542,10784,136326,0,0,128115,8211,136326,0,5329810,-6120423,790613,0,0,5329810,34151208,3378011,42859029,0,0,40271631,2587398,42859029
2019-01-08,313,319,311,315,195025,-0.6309148264984227,183,0,10550,-10733,0,183,0,192210,2632,195025,0,0,181660,13365,195025,57828,0,3331282,-3389110,0,57828,0,60490827,827842,61376497,0,0,57159545,4216952,61376497
2019-01-09,319,324,316,318,192536,0.9523809523809524,41,16464,-25257,8752,0,41,16464,161772,14259,192536,0,0,187029,5507,192536,13079,5237144,-8049684,2799461,0,13079,5237144,51581291,4555449,61386963,0,0,59630975,1755988,61386963
2019-01-10,327,384,319,326,2539464,2.515723270440252,-155,0,176899,-176744,0,0,33,2486080,53351,2539464,155,33,2309181,230095,2539464,-52390,-627,61890726,-61837709,0,0,11781,858651433,18252088,876915302,52390,12408,796760707,80089797,876915302
2019-01-11,335,353,321,326,515461,0.0,19,72238,-63457,-8800,0,19,72238,392731,50473,515461,0,0,456188,59273,515461,6284,23826450,-20772619,-3060115,0,6284,23826450,129625946,16575917,170034597,0,0,150398565,19636032,170034597
2019-01-14,326,329,315,317,201765,-2.7607361963190185,-157,0,-10035,10192,0,0,0,188020,13745,201765,157,0,198055,3553,201765,-50556,0,-3214257,3264813,0,0,0,60476078,4417498,64893576,50556,0,63690335,1152685,64893576
2019-01-15,321,327,315,320,207700,0.9463722397476341,19,6812,-45570,38739,0,19,6812,152203,48666,207700,0,0,197773,9927,207700,6118,2176643,-14506587,12323826,0,6118,2176643,48608125,15542893,66333779,0,0,63114712,3219067,66333779
2019-01-16,336,336,320,328,284261,2.5,2,0,-18920,18918,0,2,0,250732,33527,284261,0,0,269652,14609,284261,646,0,-6089751,6089105,0,646,0,81226125,10825462,92052233,0,0,87315876,4736357,92052233
2019-01-17,330,330,321,323,289291,-1.524390243902439,-12,0,-14314,14326,0,0,0,265225,24066,289291,12,0,279539,9740,289291,-3912,0,-4650222,4654134,0,0,0,86264742,7820219,94084961,3912,0,90914964,3166085,94084961
2019-01-18,327,330,319,323,191767,0.0,-1,0,-22372,22373,0,0,0,146741,45026,191767,1,0,169113,22653,191767,-319,0,-7238924,7239243,0,0,0,47215305,14542895,61758200,319,0,54454229,7303652,61758200
2019-01-21,323,335,320,333,407431,3.0959752321981426,174,0,-87016,86842,0,174,0,279236,128021,407431,0,0,366252,41179,407431,56724,0,-28682705,28625981,0,56724,0,92012228,42209773,134278725,0,0,120694933,13583792,134278725
2019-01-22,335,350,334,338,311345,1.5015015015015014,-20,78656,-52416,-26220,0,0,78656,210234,22455,311345,20,0,262650,48675,311345,-6780,26915139,-17989395,-8918964,0,0,26915139,71218721,7610475,105744335,6780,0,89208116,16529439,105744335
2019-01-23,331,339,331,337,129675,-0.2958579881656805,-25,4763,-6271,1533,0,0,9772,98956,20947,129675,25,5009,105227,19414,129675,-8400,1610168,-2103688,501920,0,0,3287049,33223252,7023926,43534227,8400,1676881,35326940,6522006,43534227
2019-01-24,338,344,331,339,222418,0.5934718100890208,0,0,16478,-16478,0,0,0,207459,14959,222418,0,0,190981,31437,222418,0,0,5575502,-5575502,0,0,0,70340621,5054109,75394730,0,0,64765119,10629611,75394730
2019-01-25,345,346,338,343,270178,1.1799410029498525,0,25372,1406,-26778,0,0,25372,225588,19218,270178,0,0,224182,45996,270178,0,8699305,519311,-9218616,0,0,8699305,77229018,6546514,92474837,0,0,76709707,15765130,92474837
2019-01-28,346,347,329,329,398000,-4.081632653061225,0,0,21437,-21437,0,0,0,366130,31870,398000,0,0,344693,53307,398000,0,0,7336155,-7336155,0,0,0,122723310,10692275,133415585,0,0,115387155,18028430,133415585
2019-01-29,333,338,321,338,190830,2.735562310030395,-182,0,13862,-13680,0,0,0,185995,4835,190830,182,0,172133,18515,190830,-58968,0,4528834,-4469866,0,0,0,61013552,1598777,62612329,58968,0,56484718,6068643,62612329
2019-01-30,338,341,333,335,108160,-0.8875739644970414,-12,0,939,-927,0,0,0,100632,7528,108160,12,0,99693,8455,108160,-4044,0,315853,-311809,0,0,0,33846881,2533892,36380773,4044,0,33531028,2845701,36380773
2019-01-31,333,340,329,330,104162,-1.4925373134328357,0,0,11723,-11723,0,0,8975,89483,5704,104162,0,8975,77760,17427,104162,0,25462,3856547,-3882009,0,0,2988216,29615083,1888999,34492298,0,2962754,25758536,5771008,34492298
2019-02-01,325,334,305,314,951420,-4.848484848484849,28,144299,-117000,-27327,0,28,172263,748306,30823,951420,0,27964,865306,58150,951420,9048,45671835,-37022403,-8658480,0,9048,54575641,233887522,9671284,298143495,0,8903806,270909925,18329764,298143495
2019-02-07,314,315,304,307,284149,-2.229299363057325,0,23960,-27222,3262,0,0,28073,229714,26362,284149,0,4113,256936,23100,284149,0,7391253,-8414626,1023373,0,0,8669182,70698873,8153751,87521806,0,1277929,79113499,7130378,87521806
2019-02-08,307,317,307,312,182610,1.6286644951140066,0,67267,-86981,19714,0,0,73090,85471,24049,182610,0,5823,172452,4335,182610,0,21060194,-27208892,6148698,0,0,22878552,26613808,7497649,56990009,0,1818358,53822700,1348951,56990009
2019-02-11,311,317,305,312,292809,0.0,0,122479,-113039,-9440,0,0,122957,155616,14236,292809,0,478,268655,23676,292809,0,38321075,-35337270,-2983805,0,0,38470689,48403304,4412938,91286931,0,149614,83740574,7396743,91286931
2019-02-12,312,321,311,318,285950,1.9230769230769231,0,0,5332,-5332,0,0,0,266772,19178,285950,0,0,261440,24510,285950,0,0,1682942,-1682942,0,0,0,84467168,6071050,90538218,0,0,82784226,7753992,90538218
2019-02-13,317,324,316,320,178140,0.628930817610063,0,0,-18996,18996,0,0,0,156326,21814,178140,0,0,175322,2818,178140,0,0,-6070337,6070337,0,0,0,50000834,6970593,56971427,0,0,56071171,900256,56971427
2019-02-14,330,330,311,319,116520,-0.3125,-886,0,1306,-420,0,0,0,110416,6104,116520,886,0,109110,6524,116520,-287064,0,430048,-142984,0,0,0,35407031,1959371,37366402,287064,0,34976983,2102355,37366402
2019-02-15,324,329,320,324,98701,1.5673981191222568,0,17508,-13927,-3581,0,0,17508,79432,1761,98701,0,0,93359,5342,98701,0,5642752,-4482381,-1160371,0,0,5642752,25620026,567690,31830468,0,0,30102407,1728061,31830468
2019-02-18,324,351,323,332,3795512,2.4691358024691357,-1405,0,232300,-230895,0,0,0,3705318,90194,3795512,1405,0,3473018,321089,3795512,-466460,0,80348022,-79881562,0,0,0,1263166171,30346734,1293512905,466460,0,1182818149,110228296,1293512905
2019-02-19,331,341,325,327,1012130,-1.5060240963855422,0,85893,-87494,1601,0,0,85893,907180,19057,1012130,0,0,994674,17456,1012130,0,28661940,-29235651,573711,0,0,28661940,301628704,6354857,336645501,0,0,330864355,5781146,336645501
2019-02-20,327,375,326,343,4286375,4.892966360856269,0,0,44489,-44489,0,0,0,4146052,140323,4286375,0,0,4101563,184812,4286375,0,0,15286472,-15286472,0,0,0,1444656842,47916745,1492573587,0,0,1429370370,63203217,1492573587
2019-02-21,340,352,335,350,672088,2.0408163265306123,0,215,-10878,10663,0,0,215,636388,35485,672088,0,0,647266,24822,672088,0,74220,-3686259,3612039,0,0,74220,219122157,12176032,231372409,0,0,222808416,8563993,231372409
2019-02-22,350,384,344,368,2763253,5.142857142857142,0,-215,118846,-118631,0,0,744,2684079,78430,2763253,0,959,2565233,197061,2763253,0,-73369,44195476,-44122107,0,0,271447,990745967,28658128,1019675542,0,344816,946550491,72780235,1019675542
2019-02-25,368,374,349,354,737715,-3.804347826086957,0,0,24121,-24121,0,0,0,718143,19572,737715,0,0,694022,43693,737715,0,0,8820180,-8820180,0,0,0,257707888,6972157,264680045,0,0,248887708,15792337,264680045
2019-02-26,356,410,356,381,5260430,7.627118644067797,0,0,38016,-38016,0,0,120,5049531,210779,5260430,0,120,5011515,248795,5260430,0,-3613,15497332,-15493719,0,0,43800,1945064864,80020200,2025128864,0,47413,1929567532,95513919,2025128864
2019-02-27,399,399,368,371,1306420,-2.6246719160104988,0,0,83638,-83638,0,0,0,1252243,54177,1306420,0,0,1168605,137815,1306420,0,0,32029235,-32029235,0,0,0,472199055,20290925,492489980,0,0,440169820,52320160,492489980
2019-02-28,371,375,345,347,996249,-6.46900269541779,0,0,88894,-88894,0,0,0,903556,92693,996249,0,0,814662,181587,996249,0,0,31876489,-31876489,0,0,0,323898829,33053614,356952443,0,0,292022340,64930103,356952443
2019-03-04,348,378,348,367,909272,5.763688760806916,0,-20301,44385,-24084,0,0,0,829064,80208,909272,0,20301,784679,104292,909272,0,-7313360,16490350,-9176990,0,0,0,304810874,29315247,334126121,0,7313360,288320524,38492237,334126121
2019-03-05,372,378,340,357,674099,-2.7247956403269753,0,0,41786,-41786,0,0,0,615342,58757,674099,0,0,573556,100543,674099,0,0,15179086,-15179086,0,0,0,220182585,21111418,241294003,0,0,205003499,36290504,241294003
2019-03-06,364,365,351,356,302770,-0.2801120448179272,0,0,30588,-30588,0,0,0,294993,7777,302770,0,0,264405,38365,302770,0,0,10964350,-10964350,0,0,0,105082063,2786863,107868926,0,0,94117713,13751213,107868926
2019-03-07,359,361,340,344,330000,-3.3707865168539324,0,0,49412,-49412,0,0,0,327364,2636,330000,0,0,277952,52048,330000,0,0,17174318,-17174318,0,0,0,113626544,917337,114543881,0,0,96452226,18091655,114543881
2019-03-08,344,359,338,344,288859,0.0,0,0,56807,-56807,0,0,0,281425,7434,288859,0,0,224618,64241,288859,0,0,19792714,-19792714,0,0,0,97878086,2591699,100469785,0,0,78085372,22384413,100469785
2019-03-11,344,344,328,331,293754,-3.77906976744186,0,0,53440,-53440,0,0,0,282600,11154,293754,0,0,229160,64594,293754,0,0,17958592,-17958592,0,0,0,94571138,3719284,98290422,0,0,76612546,21677876,98290422
2019-03-12,327,340,327,339,309456,2.416918429003021,0,19941,-38225,18284,0,0,34353,238924,36179,309456,0,14412,277149,17895,309456,0,6770292,-12904657,6134365,0,0,11558190,79865234,12108430,103531854,0,4787898,92769891,5974065,103531854
2019-03-13,336,343,327,329,197612,-2.949852507374631,0,0,40198,-40198,0,0,0,194154,3458,197612,0,0,153956,43656,197612,0,0,13526995,-13526995,0,0,0,64839499,1153059,65992558,0,0,51312504,14680054,65992558
2019-03-14,329,336,317,322,421381,-2.127659574468085,0,18262,-52989,34727,0,0,20284,351781,49316,421381,0,2022,404770,14589,421381,0,5969701,-17121090,11151389,0,0,6626841,113794445,15907826,136329112,0,657140,130915535,4756437,136329112
2019-03-15,322,341,310,316,1005981,-1.8633540372670807,0,0,27284,-27284,0,0,0,940962,65019,1005981,0,0,913678,92303,1005981,0,0,8789046,-8789046,0,0,0,305180586,21322090,326502676,0,0,296391540,30111136,326502676
2019-03-18,324,324,310,310,205948,-1.89873417721519,0,13460,7098,-20558,0,0,13900,185536,6512,205948,0,440,178438,27070,205948,0,4239799,2228395,-6468194,0,0,4377519,58101212,2039702,64518433,0,137720,55872817,8507896,64518433
2019-03-19,319,323,304,315,292295,1.6129032258064515,0,0,-9935,9935,0,0,0,276465,15830,292295,0,0,286400,5895,292295,0,0,-3081402,3081402,0,0,0,86373090,4939684,91312774,0,0,89454492,1858282,91312774
2019-03-20,315,315,297,304,629706,-3.492063492063492,0,32514,-8469,-24045,0,0,32514,568984,28208,629706,0,0,577453,52253,629706,0,9875575,-2518082,-7357493,0,0,9875575,171869893,8546162,190291630,0,0,174387975,15903655,190291630
2019-03-21,309,309,296,300,441035,-1.3157894736842104,0,0,-24278,24278,0,0,0,412007,29028,441035,0,0,436285,4750,441035,0,0,-7244946,7244946,0,0,0,122954719,8686978,131641697,0,0,130199665,1442032,131641697
2019-03-22,300,306,293,303,311646,1.0,0,0,12160,-12160,0,0,0,298843,12803,311646,0,0,286683,24963,311646,0,0,3754470,-3754470,0,0,0,88956510,3757719,92714229,0,0,85202040,7512189,92714229
2019-03-25,303,303,294,296,146449,-2.31023102310231,0,0,-3544,3544,0,0,0,138846,7603,146449,0,0,142390,4059,146449,0,0,-1037508,1037508,0,0,0,41436514,2258843,43695357,0,0,42474022,1221335,43695357
2019-03-26,303,307,294,305,160864,3.040540540540541,0,0,190,-190,0,0,0,150425,10439,160864,0,0,150235,10629,160864,0,0,85250,-85250,0,0,0,45477166,3146269,48623435,0,0,45391916,3231519,48623435
2019-03-27,307,396,290,350,16921676,14.754098360655737,0,0,277508,-277508,0,4000,0,16642425,275251,16921676,4000,0,16364917,552759,16921676,19000,0,102050162,-102069162,0,1427000,0,6188939924,99531496,6289898420,1408000,0,6086889762,201600658,6289898420
2019-03-28,401,455,384,455,6294899,30.0,0,0,76208,-76208,0,0,0,6280608,14291,6294899,0,0,6204400,90499,6294899,0,0,31311614,-31311614,0,0,0,2700877419,5803697,2706681116,0,0,2669565805,37115311,2706681116
2019-03-29,513,548,428,492,38927921,8.131868131868131,0,141357,204014,-345371,0,0,141892,38472521,313508,38927921,0,535,38268507,658879,38927921,0,62648375,103875132,-166523507,0,0,62905635,19087907163,150804521,19301617319,0,257260,18984032031,317328028,19301617319
2019-04-01,470,540,459,492,10439878,0.0,0,28575,-88629,60054,0,0,65836,10214891,159151,10439878,0,37261,10303520,99097,10439878,0,14135111,-42286627,28151516,0,0,32242999,5155418912,77706006,5265367917,0,18107888,5197705539,49554490,5265367917
2019-04-02,497,518,462,462,7001369,-6.097560975609756,0,0,-1965,1965,0,0,3485,6934086,63798,7001369,0,3485,6936051,61833,7001369,0,34675,-450445,415770,0,0,1749371,3407097162,30796010,3439642543,0,1714696,3407547607,30380240,3439642543
2019-04-03,462,473,439,465,4840645,0.6493506493506493,0,3878,-64364,60486,0,0,9554,4690066,141025,4840645,0,5676,4754430,80539,4840645,0,1681565,-28355725,26674160,0,0,4328581,2134637930,63259851,2202226362,0,2647016,2162993655,36585691,2202226362
2019-04-04,469,469,450,458,1824410,-1.5053763440860215,0,-3878,-15319,19197,0,0,0,1778255,46155,1824410,0,3878,1793574,26958,1824410,0,-1761368,-6929957,8691325,0,0,0,813997877,21052559,835050436,0,1761368,820927834,12361234,835050436
2019-04-05,458,459,437,446,2626442,-2.6200873362445414,0,0,-90995,90995,0,0,0,2510098,116344,2626442,0,0,2601093,25349,2626442,0,0,-40438804,40438804,0,0,0,1119067096,51797744,1170864840,0,0,1159505900,11358940,1170864840
2019-04-08,458,466,444,452,1406304,1.345291479820628,0,0,21214,-21214,0,0,0,1389389,16915,1406304,0,0,1368175,38129,1406304,0,0,9641100,-9641100,0,0,0,629009405,7619393,636628798,0,0,619368305,17260493,636628798
2019-04-09,452,457,433,451,1913855,-0.22123893805309736,0,0,-4003,4003,0,0,0,1896028,17827,1913855,0,0,1900031,13824,1913855,0,0,-1772466,1772466,0,0,0,844004586,7982089,851986675,0,0,845777052,6209623,851986675
2019-04-10,453,456,439,455,2027531,0.8869179600886918,0,0,-35099,35099,0,0,0,1970013,57518,2027531,0,0,2005112,22419,2027531,0,0,-15715952,15715952,0,0,0,884891695,25791755,910683450,0,0,900607647,10075803,910683450
2019-04-11,455,484,447,454,2990336,-0.21978021978021978,0,0,-43807,43807,0,0,0,2918218,72118,2990336,0,0,2962025,28311,2990336,0,0,-19614146,19614146,0,0,0,1332841168,32679429,1365520597,0,0,1352455314,13065283,1365520597
2019-04-12,458,495,447,480,7864278,5.726872246696035,0,0,-20432,20432,0,0,0,7752674,111604,7864278,0,0,7773106,91172,7864278,0,0,-8902648,8902648,0,0,0,3694905833,52642288,3747548121,0,0,3703808481,43739640,3747548121
2019-04-15,498,593,486,566,22830424,17.916666666666668,0,0,-101831,101831,0,0,0,22281838,548586,22830424,0,0,22383669,446755,22830424,0,0,-52491060,52491060,0,0,0,12368165100,301706685,12669871785,0,0,12420656160,249215625,12669871785
2019-04-16,550,567,522,528,4599810,-6.713780918727916,0,5000,-186861,181861,0,0,5000,4271771,323039,4599810,0,0,4458632,141178,4599810,0,2705000,-102403392,99698392,0,0,2705000,2312728709,176633577,2492067286,0,0,2415132101,76935185,2492067286
2019-04-17,540,553,520,530,1940862,0.3787878787878788,0,0,-872,872,0,0,0,1903745,37117,1940862,0,0,1904617,36245,1940862,0,0,-110644,110644,0,0,0,1018971689,19705012,1038676701,0,0,1019082333,19594368,1038676701
2019-04-18,529,536,492,504,1684287,-4.905660377358491,0,0,-54911,54911,0,0,0,1591647,92640,1684287,0,0,1646558,37729,1684287,0,0,-27594807,27594807,0,0,0,807196624,46847245,854043869,0,0,834791431,19252438,854043869
2019-04-19,470,472,433,433,6009591,-14.087301587301587,0,-325146,93366,231780,0,0,297335,5413960,298296,6009591,0,622481,5320594,66516,6009591,0,-143306687,38916478,104390209,0,0,131655288,2420758272,134056463,2686470023,0,274961975,2381841794,29666254,2686470023
2019-04-22,446,465,422,422,2988863,-2.5404157043879905,0,0,49876,-49876,0,0,0,2793418,195445,2988863,0,0,2743542,245321,2988863,0,0,22419525,-22419525,0,0,0,1235577869,85735506,1321313375,0,0,1213158344,108155031,1321313375
2019-04-23,424,432,401,401,1770747,-4.976303317535545,0,85257,-416061,330804,0,0,85257,1266593,418897,1770747,0,0,1682654,88093,1770747,0,36095364,-173664639,137569275,0,0,36095364,527148601,174981922,738225887,0,0,700813240,37412647,738225887
2019-04-24,410,474,409,424,8892333,5.7356608478802995,0,0,308092,-308092,0,0,0,8650843,241490,8892333,0,0,8342751,549582,8892333,0,0,137872127,-137872127,0,0,0,3834623493,105805991,3940429484,0,0,3696751366,243678118,3940429484
2019-04-25,419,421,403,406,1470480,-4.245283018867925,0,0,-9372,9372,0,0,0,1341542,128938,1470480,0,0,1350914,119566,1470480,0,0,-3856969,3856969,0,0,0,549321010,52722415,602043425,0,0,553177979,48865446,602043425
2019-04-26,410,415,384,400,1209326,-1.477832512315271,0,0,-98837,98837,0,0,0,1041937,167389,1209326,0,0,1140774,68552,1209326,0,0,-39198991,39198991,0,0,0,419285288,67090548,486375836,0,0,458484279,27891557,486375836
2019-04-29,408,408,393,401,667282,0.25,0,0,-58377,58377,0,0,0,538305,128977,667282,0,0,596682,70600,667282,0,0,-23154324,23154324,0,0,0,216283990,51574907,267858897,0,0,239438314,28420583,267858897
2019-04-30,403,439,403,407,1016346,1.4962593516209477,0,0,34786,-34786,0,0,0,967107,49239,1016346,0,0,932321,84025,1016346,0,0,15342137,-15342137,0,0,0,403661267,20284186,423945453,0,0,388319130,35626323,423945453
2019-05-02,411,435,403,424,1592669,4.176904176904177,0,21790,-45515,23725,0,0,21790,1478473,92406,1592669,0,0,1523988,68681,1592669,0,9017616,-18380263,9362647,0,0,9017616,625271577,38515806,672804999,0,0,643651840,29153159,672804999
2019-05-03,424,436,421,424,461096,0.0,0,27874,-51597,23723,0,0,27874,394193,39029,461096,0,0,445790,15306,461096,0,11900200,-21937788,10037588,0,0,11900200,167663651,16583365,196147216,0,0,189601439,6545777,196147216
2019-05-07,416,423,406,417,608397,-1.650943396226415,0,0,-82307,82307,0,0,0,482440,125957,608397,0,0,564747,43650,608397,0,0,-34071255,34071255,0,0,0,199666106,52151896,251818002,0,0,233737361,18080641,251818002
2019-05-08,410,418,402,407,761032,-2.3980815347721824,0,0,-37839,37839,0,0,0,665401,95631,761032,0,0,703240,57792,761032,0,0,-15480330,15480330,0,0,0,271189197,39039137,310228334,0,0,286669527,23558807,310228334
2019-05-09,408,417,390,395,792500,-2.9484029484029484,0,0,-53101,53101,0,0,0,664243,128257,792500,0,0,717344,75156,792500,0,0,-20915685,20915685,0,0,0,265064132,51158747,316222879,0,0,285979817,30243062,316222879
2019-05-10,395,405,388,402,438519,1.7721518987341773,0,0,-77232,77232,0,0,0,327266,111253,438519,0,0,404498,34021,438519,0,0,-30718908,30718908,0,0,0,130101350,44303483,174404833,0,0,160820258,13584575,174404833
2019-05-13,395,402,388,391,457642,-2.736318407960199,0,0,-8608,8608,0,0,0,405101,52541,457642,0,0,413709,43933,457642,0,0,-3294977,3294977,0,0,0,158855005,20554937,179409942,0,0,162149982,17259960,179409942
2019-05-14,381,399,377,394,529487,0.7672634271099744,0,0,-68744,68744,0,0,0,404073,125414,529487,0,0,472817,56670,529487,0,0,-26152862,26152862,0,0,0,157046572,48408318,205454890,0,0,183199434,22255456,205454890
2019-05-15,394,401,376,391,729855,-0.7614213197969544,0,0,-100430,100430,0,0,0,544277,185578,729855,0,0,644707,85148,729855,0,0,-38810935,38810935,0,0,0,210821017,72213264,283034281,0,0,249631952,33402329,283034281
2019-05-16,387,398,380,387,438880,-1.0230179028132993,0,0,-86419,86419,0,0,0,314152,124728,438880,0,0,400571,38309,438880,0,0,-33156250,33156250,0,0,0,121220902,48107229,169328131,0,0,154377152,14950979,169328131
2019-05-17,387,392,379,379,312950,-2.0671834625323,0,0,-29476,29476,0,0,0,266996,45954,312950,0,0,296472,16478,312950,0,0,-11303763,11303763,0,0,0,102015870,17615794,119631664,0,0,113319633,6312031,119631664
2019-05-20,379,492,376,492,10731088,29.815303430079155,59590,-5000,298391,-352981,0,102077,0,10207391,421620,10731088,42487,5000,9909000,774601,10731088,29243583,-2460000,141341355,-168124938,0,50139884,0,4835828484,190020183,5075988551,20896301,2460000,4694487129,358145121,5075988551
2019-05-21,540,625,467,479,45653459,-2.642276422764228,-59590,203,1045621,-986234,0,0,554,44191688,1461217,45653459,59590,351,43146067,2447451,45653459,-32338818,115945,612121010,-579898137,0,0,330757,25053516982,813993228,25867840967,32338818,214812,24441395972,1393891365,25867840967
2019-05-22,478,485,435,442,5752098,-7.724425887265135,0,0,-231718,231718,0,0,0,5207245,544853,5752098,0,0,5438963,313135,5752098,0,0,-106459427,106459427,0,0,0,2384197476,249510105,2633707581,0,0,2490656903,143050678,2633707581
2019-05-23,445,452,407,420,3314055,-4.97737556561086,0,0,-24341,24341,0,0,0,3043428,270627,3314055,0,0,3067769,246286,3314055,0,0,-10053361,10053361,0,0,0,1280411928,113720641,1394132569,0,0,1290465289,103667280,1394132569
2019-05-24,430,510,422,464,12875806,10.476190476190476,0,0,230084,-230084,0,0,0,12203730,672076,12875806,0,0,11973646,902160,12875806,0,0,107212213,-107212213,0,0,0,5765335664,316730811,6082066475,0,0,5658123451,423943024,6082066475
2019-05-27,458,458,420,421,3440533,-9.267241379310345,0,11170,19273,-30443,0,0,11170,3232494,196869,3440533,0,0,3213221,227312,3440533,0,4852335,8635244,-13487579,0,0,4852335,1407447333,85915886,1498215554,0,0,1398812089,99403465,1498215554
2019-05-28,423,430,412,425,1043487,0.9501187648456058,0,0,-99832,99832,0,0,0,899521,143966,1043487,0,0,999353,44134,1043487,0,0,-41766652,41766652,0,0,0,377819653,60285308,438104961,0,0,419586305,18518656,438104961
2019-05-29,420,420,401,403,1096313,-5.176470588235294,0,0,63428,-63428,0,0,0,1029376,66937,1096313,0,0,965948,130365,1096313,0,0,25562825,-25562825,0,0,0,418504830,27404400,445909230,0,0,392942005,52967225,445909230
2019-05-30,401,401,386,388,1139380,-3.722084367245657,0,-34,-84903,84937,0,0,0,967469,171911,1139380,0,34,1052372,86974,1139380,0,-13260,-32967731,32980991,0,0,0,378624953,67042874,445667827,0,13260,411592684,34061883,445667827
2019-05-31,388,407,388,402,699709,3.608247422680412,0,0,-25883,25883,0,0,0,647531,52178,699709,0,0,673414,26295,699709,0,0,-10219530,10219530,0,0,0,256868826,20683339,277552165,0,0,267088356,10463809,277552165
2019-06-03,402,420,395,410,613684,1.9900497512437811,0,0,-15597,15597,0,0,0,525468,88216,613684,0,0,541065,72619,613684,0,0,-6339560,6339560,0,0,0,215002255,35974354,250976609,0,0,221341815,29634794,250976609
2019-06-04,411,415,401,401,649607,-2.195121951219512,0,0,-48344,48344,0,0,0,571472,78135,649607,0,0,619816,29791,649607,0,0,-19768025,19768025,0,0,0,232309322,31907951,264217273,0,0,252077347,12139926,264217273
2019-06-05,403,488,395,425,6978006,5.985037406483791,0,17202,95121,-112323,0,0,17202,6313750,647054,6978006,0,0,6218629,759377,6978006,0,7327566,56068408,-63395974,0,0,7327566,2831143786,284005011,3122476363,0,0,2775075378,347400985,3122476363
2019-06-07,425,427,413,423,1123428,-0.4705882352941176,0,0,81795,-81795,0,0,0,1039194,84234,1123428,0,0,957399,166029,1123428,0,0,34089075,-34089075,0,0,0,436372649,35433133,471805782,0,0,402283574,69522208,471805782
2019-06-10,423,433,415,419,992950,-0.9456264775413712,0,0,65246,-65246,0,0,0,830425,162525,992950,0,0,765179,227771,992950,0,0,27730707,-27730707,0,0,0,349188422,68065498,417253920,0,0,321457715,95796205,417253920
2019-06-11,423,451,417,432,2095948,3.1026252983293556,0,0,9546,-9546,0,0,0,1868073,227875,2095948,0,0,1858527,237421,2095948,0,0,4612954,-4612954,0,0,0,814679071,98878716,913557787,0,0,810066117,103491670,913557787
2019-06-12,434,435,424,429,722072,-0.6944444444444444,0,0,-70786,70786,0,0,0,552101,169971,722072,0,0,622887,99185,722072,0,0,-30184786,30184786,0,0,0,236225192,72715398,308940590,0,0,266409978,42530612,308940590
2019-06-13,432,451,432,442,1578488,3.0303030303030303,0,0,-9560,9560,0,0,0,1418171,160317,1578488,0,0,1427731,150757,1578488,0,0,-3815688,3815688,0,0,0,627741888,70877075,698618963,0,0,631557576,67061387,698618963
2019-06-14,438,465,434,445,1740029,0.6787330316742082,0,0,115034,-115034,0,0,0,1610490,129539,1740029,0,0,1495456,244573,1740029,0,0,51897285,-51897285,0,0,0,720781075,57566148,778347223,0,0,668883790,109463433,778347223
2019-06-17,443,446,431,438,492176,-1.5730337078651686,0,0,1284,-1284,0,0,0,417348,74828,492176,0,0,416064,76112,492176,0,0,680100,-680100,0,0,0,182711972,32654308,215366280,0,0,182031872,33334408,215366280
2019-06-18,434,444,432,432,492377,-1.36986301369863,0,0,-64470,64470,0,0,0,386819,105558,492377,0,0,451289,41088,492377,0,0,-28159945,28159945,0,0,0,168704037,46166912,214870949,0,0,196863982,18006967,214870949
2019-06-19,440,458,425,430,2106353,-0.4629629629629629,0,0,-43423,43423,0,0,0,1938970,167383,2106353,0,0,1982393,123960,2106353,0,0,-19166551,19166551,0,0,0,857506980,74128417,931635397,0,0,876673531,54961866,931635397
2019-06-20,428,443,425,439,784719,2.0930232558139537,0,0,-184498,184498,0,0,0,550956,233763,784719,0,0,735454,49265,784719,0,0,-80093851,80093851,0,0,0,239026979,101540680,340567659,0,0,319120830,21446829,340567659
2019-06-21,438,443,430,434,518430,-1.1389521640091116,0,0,-55808,55808,0,0,0,403068,115362,518430,0,0,458876,59554,518430,0,0,-24111603,24111603,0,0,0,174965517,50028807,224994324,0,0,199077120,25917204,224994324
2019-06-24,435,438,426,426,478789,-1.8433179723502304,0,0,-79490,79490,0,0,0,362257,116532,478789,0,0,441747,37042,478789,0,0,-34208037,34208037,0,0,0,156076866,50217346,206294212,0,0,190284903,16009309,206294212
2019-06-25,434,441,424,426,586753,0.0,0,0,-54440,54440,0,0,0,482688,104065,586753,0,0,537128,49625,586753,0,0,-23065931,23065931,0,0,0,208494770,44601324,253096094,0,0,231560701,21535393,253096094
2019-06-26,426,459,426,457,1986462,7.276995305164319,0,0,-183670,183670,0,0,0,1701619,284843,1986462,0,0,1885289,101173,1986462,0,0,-80811291,80811291,0,0,0,759195997,125959066,885155063,0,0,840007288,45147775,885155063
2019-06-27,459,463,433,433,1619921,-5.25164113785558,0,0,164577,-164577,0,0,0,1502169,117752,1619921,0,0,1337592,282329,1619921,0,0,73425891,-73425891,0,0,0,670337908,52460474,722798382,0,0,596912017,125886365,722798382
2019-06-28,433,450,423,424,818924,-2.0785219399538106,0,0,105557,-105557,0,0,0,693138,125786,818924,0,0,587581,231343,818924,0,0,46773486,-46773486,0,0,0,301079193,54139223,355218416,0,0,254305707,100912709,355218416
2019-07-01,422,433,418,422,476348,-0.4716981132075472,0,0,-58348,58348,0,0,0,351410,124938,476348,0,0,409758,66590,476348,0,0,-24591699,24591699,0,0,0,148242811,52804101,201046912,0,0,172834510,28212402,201046912
2019-07-02,422,435,418,420,427437,-0.47393364928909953,0,0,16826,-16826,0,0,0,328093,99344,427437,0,0,311267,116170,427437,0,0,7112919,-7112919,0,0,0,139116299,42316758,181433057,0,0,132003380,49429677,181433057
2019-07-03,424,438,399,401,1038324,-4.523809523809524,0,17466,412892,-430358,0,0,17466,892133,128725,1038324,0,0,479241,559083,1038324,0,7153476,168233916,-175387392,0,0,7153476,363253638,52472586,422879700,0,0,195019722,227859978,422879700
2019-07-04,403,412,390,396,588578,-1.2468827930174564,0,44715,18351,-63066,0,0,44715,450513,93350,588578,0,0,432162,156416,588578,0,17836571,7930855,-25767426,0,0,17836571,179210281,36955443,234002295,0,0,171279426,62722869,234002295
2019-07-05,397,406,396,401,368055,1.2626262626262625,0,0,23884,-23884,0,0,0,282246,85809,368055,0,0,258362,109693,368055,0,0,9626461,-9626461,0,0,0,112921405,34309798,147231203,0,0,103294944,43936259,147231203
2019-07-08,409,409,364,370,1242965,-7.73067331670823,0,0,67581,-67581,0,0,0,1024682,218283,1242965,0,0,957101,285864,1242965,0,0,28237952,-28237952,0,0,0,387936706,82868831,470805537,0,0,359698754,111106783,470805537
2019-07-09,381,381,358,362,735810,-2.1621621621621623,0,0,-160427,160427,0,0,0,537258,198552,735810,0,0,697685,38125,735810,0,0,-58214627,58214627,0,0,0,196059904,72282163,268342067,0,0,254274531,14067536,268342067
2019-07-10,366,374,354,369,600837,1.9337016574585635,0,0,-55784,55784,0,0,0,418357,182480,600837,0,0,474141,126696,600837,0,0,-20108754,20108754,0,0,0,152525518,66121717,218647235,0,0,172634272,46012963,218647235
2019-07-11,376,384,369,384,388560,4.0650406504065035,0,0,-25621,25621,0,0,0,300448,88112,388560,0,0,326069,62491,388560,0,0,-9824463,9824463,0,0,0,113500811,33246782,146747593,0,0,123325274,23422319,146747593
2019-07-12,381,391,373,383,365894,-0.26041666666666663,0,0,-24781,24781,0,0,0,313836,52058,365894,0,0,338617,27277,365894,0,0,-9248577,9248577,0,0,0,119309730,19700725,139010455,0,0,128558307,10452148,139010455
2019-07-15,383,386,369,372,403844,-2.8720626631853787,0,0,13174,-13174,0,0,0,346948,56896,403844,0,0,333774,70070,403844,0,0,5180847,-5180847,0,0,0,129877748,21125605,151003353,0,0,124696901,26306452,151003353
2019-07-16,372,374,349,369,351424,-0.8064516129032258,0,0,-36518,36518,0,0,0,307345,44079,351424,0,0,343863,7561,351424,0,0,-13281612,13281612,0,0,0,111484344,16067754,127552098,0,0,124765956,2786142,127552098
2019-07-17,369,374,353,360,420729,-2.4390243902439024,0,1046,-88686,87640,0,0,1046,277134,142549,420729,0,0,365820,54909,420729,0,374393,-31738563,31364170,0,0,374393,99150832,51177159,150702384,0,0,130889395,19812989,150702384
2019-07-18,361,468,361,377,34485596,4.722222222222222,0,6,1397031,-1397037,0,651708,97,32297354,1536437,34485596,651708,91,30900323,2933474,34485596,2484762,1865,693587945,-696074572,0,304699344,39821,14212886444,632469136,15150094745,302214582,37956,13519298499,1328543708,15150094745
2019-07-19,371,377,356,360,3709877,-4.509283819628647,0,-6,-365492,365498,0,0,0,3118719,591158,3709877,0,6,3484211,225660,3709877,0,-2238,-133943812,133946050,0,0,0,1137394054,216544401,1353938455,0,2238,1271337866,82598351,1353938455
2019-07-22,370,380,353,354,1226181,-1.6666666666666667,0,0,63905,-63905,0,0,0,1185869,40312,1226181,0,0,1121964,104217,1226181,0,0,23059685,-23059685,0,0,0,425020269,14355948,439376217,0,0,401960584,37415633,439376217
2019-07-23,355,360,346,348,1401663,-1.694915254237288,0,8779,-194667,185888,0,0,8779,1166650,226234,1401663,0,0,1361317,40346,1401663,0,3102021,-68451734,65349713,0,0,3102021,408201504,79605052,490908577,0,0,476653238,14255339,490908577
2019-07-24,347,355,340,348,924960,0.0,0,0,-59692,59692,0,0,0,814496,110464,924960,0,0,874188,50772,924960,0,0,-20438075,20438075,0,0,0,280782610,37940888,318723498,0,0,301220685,17502813,318723498
2019-07-25,348,352,314,336,982896,-3.4482758620689653,0,0,-53635,53635,0,0,0,813588,169308,982896,0,0,867223,115673,982896,0,0,-17462467,17462467,0,0,0,273713567,56661970,330375537,0,0,291176034,39199503,330375537
2019-07-26,340,340,317,337,612655,0.2976190476190476,0,0,-34477,34477,0,0,0,529864,82791,612655,0,0,564341,48314,612655,0,0,-11047996,11047996,0,0,0,174544384,26974272,201518656,0,0,185592380,15926276,201518656
2019-07-29,334,339,315,321,487305,-4.747774480712167,0,0,-23782,23782,0,0,0,377232,110073,487305,0,0,401014,86291,487305,0,0,-7226648,7226648,0,0,0,122154503,35450937,157605440,0,0,129381151,28224289,157605440
2019-07-30,325,344,316,336,529924,4.672897196261682,0,0,43372,-43372,0,0,0,422767,107157,529924,0,0,379395,150529,529924,0,0,15083888,-15083888,0,0,0,141269783,35350088,176619871,0,0,126185895,50433976,176619871
2019-07-31,330,338,322,325,329089,-3.273809523809524,1,0,28399,-28400,0,1,0,285672,43416,329089,0,0,257273,71816,329089,332,0,9515946,-9516278,0,332,0,94179567,14299658,108479557,0,0,84663621,23815936,108479557
2019-08-01,325,335,316,316,394853,-2.769230769230769,0,3311,-40587,37276,0,0,3311,324777,66765,394853,0,0,365364,29489,394853,0,1085583,-13124492,12038909,0,0,1085583,104348557,21644783,127078923,0,0,117473049,9605874,127078923
2019-08-02,311,318,301,316,440747,0.0,0,0,-49870,49870,0,0,0,338888,101859,440747,0,0,388758,51989,440747,0,0,-15497317,15497317,0,0,0,104607889,31568895,136176784,0,0,120105206,16071578,136176784
2019-08-05,317,317,290,294,831455,-6.962025316455696,0,0,-7796,7796,0,0,0,698826,132629,831455,0,0,706622,124833,831455,0,0,-1845640,1845640,0,0,0,207061935,39502412,246564347,0,0,208907575,37656772,246564347
2019-08-06,275,301,275,281,554335,-4.421768707482993,0,0,-87445,87445,0,0,0,402044,152291,554335,0,0,489489,64846,554335,0,0,-25621918,25621918,0,0,0,117359347,44587872,161947219,0,0,142981265,18965954,161947219
2019-08-07,282,325,282,296,1081022,5.338078291814947,0,0,-20664,20664,0,0,0,880849,200173,1081022,0,0,901513,179509,1081022,0,0,-4913054,4913054,0,0,0,263825781,58662716,322488497,0,0,268738835,53749662,322488497
2019-08-08,300,353,297,309,3908223,4.391891891891892,0,0,49265,-49265,0,0,1,3472101,436121,3908223,0,1,3422836,485386,3908223,0,-4,20597772,-20597768,0,0,326,1130697330,138882734,1269580390,0,330,1110099558,159480502,1269580390
2019-08-09,311,320,303,305,654114,-1.2944983818770228,0,0,-43015,43015,0,0,0,574612,79502,654114,0,0,617627,36487,654114,0,0,-13418592,13418592,0,0,0,177641786,24700413,202342199,0,0,191060378,11281821,202342199
2019-08-12,305,344,302,318,1518512,4.2622950819672125,0,0,39731,-39731,0,0,1,1393280,125231,1518512,0,1,1353549,164962,1518512,0,5,13393378,-13393383,0,0,319,448554961,39843211,488398491,0,314,435161583,53236594,488398491
2019-08-13,315,320,305,308,398381,-3.1446540880503147,0,0,-19747,19747,0,0,0,360876,37505,398381,0,0,380623,17758,398381,0,0,-6100891,6100891,0,0,0,112078988,11661880,123740868,0,0,118179879,5560989,123740868
2019-08-14,313,336,311,314,1135364,1.948051948051948,0,0,91647,-91647,0,0,0,1081301,54063,1135364,0,0,989654,145710,1135364,0,0,29446968,-29446968,0,0,0,348542341,17389356,365931697,0,0,319095373,46836324,365931697
2019-08-16,314,314,302,303,475512,-3.5031847133757963,0,0,91645,-91645,0,0,0,428272,47240,475512,0,0,336627,138885,475512,0,0,28037015,-28037015,0,0,0,131153444,14514285,145667729,0,0,103116429,42551300,145667729
2019-08-19,303,311,302,308,390028,1.65016501650165,0,0,65303,-65303,0,0,0,341572,48456,390028,0,0,276269,113759,390028,0,0,19893965,-19893965,0,0,0,104276524,14825574,119102098,0,0,84382559,34719539,119102098
2019-08-20,308,315,305,310,364386,0.6493506493506493,0,0,790,-790,0,0,0,275153,89233,364386,0,0,274363,90023,364386,0,0,279146,-279146,0,0,0,85254705,27641041,112895746,0,0,84975559,27920187,112895746
2019-08-21,307,317,307,313,244465,0.967741935483871,0,0,-7992,7992,0,0,0,162915,81550,244465,0,0,170907,73558,244465,0,0,-2486403,2486403,0,0,0,50991154,25549224,76540378,0,0,53477557,23062821,76540378
2019-08-22,314,328,310,322,416795,2.8753993610223643,0,0,-4061,4061,0,0,0,376429,40366,416795,0,0,380490,36305,416795,0,0,-1294675,1294675,0,0,0,120396944,12838978,133235922,0,0,121691619,11544303,133235922
2019-08-23,323,325,312,317,478747,-1.5527950310559007,0,0,9672,-9672,0,0,73,440107,38567,478747,0,73,430435,48239,478747,0,210,3090129,-3090339,0,0,23579,139959779,12233556,152216914,0,23369,136869650,15323895,152216914
2019-08-26,305,314,300,304,440692,-4.100946372239748,0,0,54288,-54288,0,0,0,404159,36533,440692,0,0,349871,90821,440692,0,0,16596941,-16596941,0,0,0,123099401,11083115,134182516,0,0,106502460,27680056,134182516
2019-08-27,306,331,302,307,724584,0.9868421052631579,0,0,6358,-6358,0,0,39,619000,105545,724584,0,39,612642,111903,724584,0,-50,1969946,-1969896,0,0,12285,191890273,32875922,224778480,0,12335,189920327,34845818,224778480
2019-08-28,307,314,297,306,506468,-0.32573289902280134,0,0,-28828,28828,0,0,0,447830,58638,506468,0,0,476658,29810,506468,0,0,-8803576,8803576,0,0,0,135511833,17840060,153351893,0,0,144315409,9036484,153351893
2019-08-29,306,306,298,299,292041,-2.287581699346405,0,0,20875,-20875,0,0,0,274270,17771,292041,0,0,253395,38646,292041,0,0,6254888,-6254888,0,0,0,82391198,5361407,87752605,0,0,76136310,11616295,87752605
2019-08-30,307,327,305,316,1172390,5.68561872909699,0,0,-194703,194703,0,0,0,927900,244490,1172390,0,0,1122603,49787,1172390,0,0,-61263245,61263245,0,0,0,293196355,77009736,370206091,0,0,354459600,15746491,370206091
2019-09-02,316,329,305,321,580260,1.5822784810126582,0,2411,-69355,66944,0,0,2819,496248,81193,580260,0,408,565603,14249,580260,0,758852,-21666702,20907850,0,0,889233,156067281,25426698,182383212,0,130381,177733983,4518848,182383212
2019-09-03,325,333,311,317,523571,-1.2461059190031152,0,7613,-56537,48924,0,0,7614,423525,92432,523571,0,1,480062,43508,523571,0,2472969,-18120699,15647730,0,0,2473294,136789075,29753931,169016300,0,325,154909774,14106201,169016300
2019-09-04,318,329,315,322,246057,1.5772870662460567,0,0,-22791,22791,0,0,0,207899,38158,246057,0,0,230690,15367,246057,0,0,-7249452,7249452,0,0,0,66813211,12180395,78993606,0,0,74062663,4930943,78993606
2019-09-05,320,337,320,321,653287,-0.3105590062111801,0,0,-25249,25249,0,0,1,573948,79338,653287,0,1,599197,54089,653287,0,2,-7847046,7847044,0,0,327,187437675,25662408,213100410,0,325,195284721,17815364,213100410
2019-09-06,325,327,317,321,294135,0.0,0,0,-29328,29328,0,0,1,253649,40485,294135,0,1,282977,11157,294135,0,4,-9349311,9349307,0,0,327,81394719,12945185,94340231,0,323,90744030,3595878,94340231
2019-09-09,321,325,318,321,357311,0.0,0,0,29348,-29348,0,0,0,344230,13081,357311,0,0,314882,42429,357311,0,0,9465933,-9465933,0,0,0,110560743,4194441,114755184,0,0,101094810,13660374,114755184
2019-09-10,320,325,318,323,122020,0.6230529595015576,0,0,-5360,5360,0,0,0,108076,13944,122020,0,0,113436,8584,122020,0,0,-1712724,1712724,0,0,0,34708068,4468314,39176382,0,0,36420792,2755590,39176382
2019-09-11,323,329,319,329,250869,1.8575851393188854,0,0,-42060,42060,0,0,0,184257,66612,250869,0,0,226317,24552,250869,0,0,-13594632,13594632,0,0,0,59674315,21564983,81239298,0,0,73268947,7970351,81239298
2019-09-16,330,343,326,331,611661,0.60790273556231,0,0,-40728,40728,0,0,0,518835,92826,611661,0,0,559563,52098,611661,0,0,-13638777,13638777,0,0,0,175161075,31203382,206364457,0,0,188799852,17564605,206364457
2019-09-17,332,340,326,336,266264,1.5105740181268883,0,0,-77068,77068,0,0,0,184032,82232,266264,0,0,261100,5164,266264,0,0,-25657471,25657471,0,0,0,61374001,27385866,88759867,0,0,87031472,1728395,88759867
2019-09-18,338,338,326,327,384285,-2.6785714285714284,0,0,-65730,65730,0,0,0,295880,88405,384285,0,0,361610,22675,384285,0,0,-21741900,21741900,0,0,0,97811054,29304013,127115067,0,0,119552954,7562113,127115067
2019-09-19,327,339,321,337,353571,3.058103975535168,0,0,-66283,66283,0,0,0,277698,75873,353571,0,0,343981,9590,353571,0,0,-21922036,21922036,0,0,0,91760319,25095542,116855861,0,0,113682355,3173506,116855861
2019-09-20,337,342,330,334,350976,-0.8902077151335311,0,0,-6207,6207,0,0,0,326387,24589,350976,0,0,332594,18382,350976,0,0,-2006537,2006537,0,0,0,109446337,8200837,117647174,0,0,111452874,6194300,117647174
2019-09-23,334,339,327,329,325332,-1.4970059880239521,0,0,-33613,33613,0,0,0,273100,52232,325332,0,0,306713,18619,325332,0,0,-11092250,11092250,0,0,0,90484639,17273293,107757932,0,0,101576889,6181043,107757932
2019-09-24,327,335,324,333,348083,1.21580547112462,0,0,-55506,55506,0,0,0,283090,64993,348083,0,0,338596,9487,348083,0,0,-18353847,18353847,0,0,0,93490696,21467763,114958459,0,0,111844543,3113916,114958459
2019-09-25,333,333,317,317,381500,-4.804804804804805,0,0,-3544,3544,0,0,0,336911,44589,381500,0,0,340455,41045,381500,0,0,-1058827,1058827,0,0,0,109321862,14416220,123738082,0,0,110380689,13357393,123738082
2019-09-26,310,326,309,317,338118,0.0,0,0,-37963,37963,0,0,0,289241,48877,338118,0,0,327204,10914,338118,0,0,-11960128,11960128,0,0,0,91468768,15377748,106846516,0,0,103428896,3417620,106846516
2019-09-27,319,319,312,318,175321,0.31545741324921134,0,0,3727,-3727,0,0,0,168124,7197,175321,0,0,164397,10924,175321,0,0,1195672,-1195672,0,0,0,52945988,2258984,55204972,0,0,51750316,3454656,55204972
2019-09-30,318,318,302,306,417319,-3.7735849056603774,0,0,-17345,17345,0,0,0,377242,40077,417319,0,0,394587,22732,417319,0,0,-5254140,5254140,0,0,0,115848404,12300074,128148478,0,0,121102544,7045934,128148478
2019-10-01,306,313,302,310,272924,1.3071895424836601,0,0,-14577,14577,0,0,0,249503,23421,272924,0,0,264080,8844,272924,0,0,-4477549,4477549,0,0,0,76467195,7207883,83675078,0,0,80944744,2730334,83675078
2019-10-02,302,310,302,308,227989,-0.6451612903225806,0,0,-987,987,0,0,0,217680,10309,227989,0,0,218667,9322,227989,0,0,-302478,302478,0,0,0,66792196,3164875,69957071,0,0,67094674,2862397,69957071
2019-10-04,309,313,305,310,254716,0.6493506493506493,0,0,2846,-2846,0,0,0,245964,8752,254716,0,0,243118,11598,254716,0,0,872760,-872760,0,0,0,75769911,2694782,78464693,0,0,74897151,3567542,78464693
2019-10-07,308,319,305,308,259938,-0.6451612903225806,0,0,13370,-13370,0,0,0,256741,3197,259938,0,0,243371,16567,259938,0,0,4162642,-4162642,0,0,0,79217515,982946,80200461,0,0,75054873,5145588,80200461
2019-10-08,306,347,305,321,811897,4.220779220779221,0,0,-18927,18927,0,0,0,730716,81181,811897,0,0,749643,62254,811897,0,0,-5039778,5039778,0,0,0,235344899,25721141,261066040,0,0,240384677,20681363,261066040
2019-10-10,324,332,319,328,353661,2.1806853582554515,0,0,10507,-10507,0,0,0,321608,32053,353661,0,0,311101,42560,353661,0,0,3490824,-3490824,0,0,0,105215250,10313821,115529071,0,0,101724426,13804645,115529071
2019-10-11,330,333,310,333,252420,1.524390243902439,0,0,-10264,10264,0,0,0,221180,31240,252420,0,0,231444,20976,252420,0,0,-3273657,3273657,0,0,0,72147508,10161133,82308641,0,0,75421165,6887476,82308641
2019-10-14,342,349,334,338,750732,1.5015015015015014,0,0,-65215,65215,0,0,100,633747,116885,750732,0,100,698962,51670,750732,0,130,-22185528,22185398,0,0,34432,216064966,39872004,255971402,0,34302,238250494,17686606,255971402
2019-10-15,343,362,336,340,967569,0.591715976331361,0,0,48015,-48015,0,0,0,871693,95876,967569,0,0,823678,143891,967569,0,0,17014073,-17014073,0,0,0,304312161,33279171,337591332,0,0,287298088,50293244,337591332
2019-10-16,338,408,338,362,5811350,6.470588235294119,0,175000,-91932,-83068,0,0,250000,5220230,341120,5811350,0,75000,5312162,424188,5811350,0,60730000,-25315205,-35414795,0,0,90955000,1965274963,126307505,2182537468,0,30225000,1990590168,161722300,2182537468
2019-10-17,374,374,351,358,733871,-1.1049723756906076,0,-5101,-11777,16878,0,0,0,665733,68138,733871,0,5101,677510,51260,733871,0,-1836362,-4198687,6035049,0,0,0,238436007,24425268,262861275,0,1836362,242634694,18390219,262861275
2019-10-18,350,360,345,345,597445,-3.6312849162011176,0,0,-33975,33975,0,0,0,505858,91587,597445,0,0,539833,57612,597445,0,0,-11524520,11524520,0,0,0,176976241,31920308,208896549,0,0,188500761,20395788,208896549
2019-10-21,348,352,339,342,352828,-0.8695652173913043,0,0,52388,-52388,0,0,0,332210,20618,352828,0,0,279822,73006,352828,0,0,18483833,-18483833,0,0,0,115748438,7118530,122866968,0,0,97264605,25602363,122866968
2019-10-22,342,352,339,348,323412,1.7543859649122806,0,0,-49099,49099,0,0,0,246270,77142,323412,0,0,295369,28043,323412,0,0,-16549033,16549033,0,0,0,85289868,26327476,111617344,0,0,101838901,9778443,111617344
2019-10-23,351,352,331,331,432620,-4.885057471264368,0,0,-41650,41650,0,0,0,368423,64197,432620,0,0,410073,22547,432620,0,0,-13919779,13919779,0,0,0,124139512,21530268,145669780,0,0,138059291,7610489,145669780
2019-10-24,332,334,310,328,242271,-0.906344410876133,0,0,-26900,26900,0,0,0,198750,43521,242271,0,0,225650,16621,242271,0,0,-8661427,8661427,0,0,0,64324447,14109154,78433601,0,0,72985874,5447727,78433601
2019-10-25,328,330,320,325,119030,-0.9146341463414633,0,0,8638,-8638,0,0,0,113515,5515,119030,0,0,104877,14153,119030,0,0,2783831,-2783831,0,0,0,36604148,1779594,38383742,0,0,33820317,4563425,38383742
2019-10-28,328,332,316,330,93258,1.5384615384615385,0,0,2375,-2375,0,0,0,87445,5813,93258,0,0,85070,8188,93258,0,0,795792,-795792,0,0,0,28646749,1896030,30542779,0,0,27850957,2691822,30542779
2019-10-29,326,340,326,332,181088,0.6060606060606061,0,0,-10621,10621,0,0,0,150440,30648,181088,0,0,161061,20027,181088,0,0,-3503721,3503721,0,0,0,50015685,10183499,60199184,0,0,53519406,6679778,60199184
2019-10-30,332,340,329,336,288778,1.2048192771084338,0,0,19912,-19912,0,0,0,277322,11456,288778,0,0,257410,31368,288778,0,0,6717902,-6717902,0,0,0,92994921,3844513,96839434,0,0,86277019,10562415,96839434
2019-10-31,332,349,332,341,263631,1.488095238095238,0,-4164,-13249,17413,0,0,0,238526,25105,263631,0,4164,251775,7692,263631,0,-1453236,-4428588,5881824,0,0,0,80701573,8498507,89200080,0,1453236,85130161,2616683,89200080
2019-11-01,342,351,335,346,351273,1.466275659824047,0,-165735,142970,22765,0,0,0,306076,45197,351273,0,165735,163106,22432,351273,0,-56642466,48867129,7775337,0,0,0,104961068,15494945,120456013,0,56642466,56093939,7719608,120456013
2019-11-04,344,351,342,342,179295,-1.1560693641618496,0,0,-12825,12825,0,0,0,164434,14861,179295,0,0,177259,2036,179295,0,0,-4452275,4452275,0,0,0,57186233,5158607,62344840,0,0,61638508,706332,62344840
2019-11-05,343,353,339,346,240642,1.1695906432748537,0,7,-7788,7781,0,0,7,213923,26712,240642,0,0,221711,18931,240642,0,2410,-2594556,2592146,0,0,2410,73574326,9200850,82777586,0,0,76168882,6608704,82777586
2019-11-06,343,350,339,348,94622,0.5780346820809248,0,0,-9035,9035,0,0,0,84790,9832,94622,0,0,93825,797,94622,0,0,-3124484,3124484,0,0,0,29229359,3400964,32630323,0,0,32353843,276480,32630323
2019-11-07,348,361,343,361,402016,3.7356321839080464,0,0,-3795,3795,0,0,3,370344,31669,402016,0,3,374139,27874,402016,0,7,-1422412,1422405,0,0,1067,133058518,11250990,144310575,0,1060,134480930,9828585,144310575
2019-11-08,393,450,359,363,3028068,0.554016620498615,0,1566,261843,-263409,0,0,1566,2855371,171131,3028068,0,0,2593528,434540,3028068,0,606086,102851943,-103458029,0,0,606086,1124230605,68524370,1193361061,0,0,1021378662,171982399,1193361061
2019-11-11,360,366,351,358,424205,-1.3774104683195594,0,0,-12561,12561,0,0,1,397718,26486,424205,0,1,410279,13925,424205,0,12,-4525459,4525447,0,0,366,142137890,9519054,151657310,0,354,146663349,4993607,151657310
2019-11-12,352,362,349,357,243138,-0.27932960893854747,0,0,-15765,15765,0,0,0,204612,38526,243138,0,0,220377,22761,243138,0,0,-5448436,5448436,0,0,0,72081261,13517319,85598580,0,0,77529697,8068883,85598580
2019-11-13,359,362,353,358,229028,0.2801120448179272,0,0,29329,-29329,0,0,0,215828,13200,229028,0,0,186499,42529,229028,0,0,10568114,-10568114,0,0,0,77247231,4713034,81960265,0,0,66679117,15281148,81960265
2019-11-14,359,366,353,366,382447,2.2346368715083798,0,0,-69694,69694,0,0,0,307507,74940,382447,0,0,377201,5246,382447,0,0,-25151436,25151436,0,0,0,111254068,27053910,138307978,0,0,136405504,1902474,138307978
2019-11-15,368,373,359,371,336666,1.366120218579235,0,0,-7211,7211,0,0,1,300702,35963,336666,0,1,307913,28752,336666,0,1,-2621324,2621323,0,0,370,110185601,13147587,123333558,0,369,112806925,10526264,123333558
2019-11-18,371,373,362,371,206891,0.0,0,0,-3757,3757,0,0,0,195205,11686,206891,0,0,198962,7929,206891,0,0,-1370225,1370225,0,0,0,71445346,4279628,75724974,0,0,72815571,2909403,75724974
2019-11-19,373,373,364,365,277519,-1.6172506738544474,0,0,36447,-36447,0,0,0,260003,17516,277519,0,0,223556,53963,277519,0,0,13499148,-13499148,0,0,0,95868294,6407910,102276204,0,0,82369146,19907058,102276204
2019-11-20,363,365,340,345,470045,-5.47945205479452,0,-171357,172154,-797,0,0,12283,420741,37021,470045,0,183640,248587,37818,470045,0,-61116665,61436927,-320262,0,0,4290421,148797546,13172378,166260345,0,65407086,87360619,13492640,166260345
2019-11-21,341,364,339,345,297679,0.0,0,0,-24253,24253,0,0,2,248655,49022,297679,0,2,272908,24769,297679,0,-4,-8418381,8418385,0,0,709,86933191,17077177,104011077,0,713,95351572,8658792,104011077
2019-11-22,345,351,325,331,638363,-4.057971014492753,0,-382371,342480,39891,0,0,6922,571176,60265,638363,0,389293,228696,20374,638363,0,-128177891,114628005,13549886,0,0,2329122,191842542,20559361,214731025,0,130507013,77214537,7009475,214731025
2019-11-25,333,346,333,340,166902,2.719033232628399,0,0,-4976,4976,0,0,0,139848,27054,166902,0,0,144824,22078,166902,0,0,-1601003,1601003,0,0,0,47673240,9120583,56793823,0,0,49274243,7519580,56793823
2019-11-26,351,359,343,354,303628,4.117647058823529,0,-10286,21293,-11007,0,0,40172,242779,20677,303628,0,50458,221486,31684,303628,0,-3388967,7330917,-3941950,0,0,14108720,85509184,7254736,106872640,0,17497687,78178267,11196686,106872640
2019-11-27,354,362,341,350,128027,-1.1299435028248588,0,800,-12774,11974,0,0,800,103845,23382,128027,0,0,116619,11408,128027,0,273600,-4305496,4031896,0,0,273600,36046900,8021842,44342342,0,0,40352396,3989946,44342342
2019-11-28,350,352,336,350,104764,0.0,0,0,3831,-3831,0,0,0,93579,11185,104764,0,0,89748,15016,104764,0,0,1346256,-1346256,0,0,0,32316152,3858476,36174628,0,0,30969896,5204732,36174628
2019-11-29,350,354,339,343,191987,-2.0,0,100,15190,-15290,0,0,100,137908,53979,191987,0,0,122718,69269,191987,0,34100,5376602,-5410702,0,0,34100,47675774,18758023,66467897,0,0,42299172,24168725,66467897
2019-12-02,344,364,343,356,247921,3.7900874635568513,0,0,-21541,21541,0,0,1,219122,28798,247921,0,1,240663,7257,247921,0,-4,-7442942,7442946,0,0,350,77456399,10025044,87481793,0,354,84899341,2582098,87481793
2019-12-03,350,356,345,348,252336,-2.247191011235955,0,-11500,9278,2222,0,0,20000,219796,12540,252336,0,31500,210518,10318,252336,0,-3990500,3213524,776976,0,0,7003000,76651067,4386249,88040316,0,10993500,73437543,3609273,88040316
2019-12-04,350,368,348,354,398510,1.7241379310344827,0,32295,-11957,-20338,0,0,32296,325637,40577,398510,0,1,337594,60915,398510,0,11389689,-3983684,-7406005,0,0,11390047,116086106,14356880,141833033,0,358,120069790,21762885,141833033
2019-12-05,355,365,346,351,258944,-0.847457627118644,0,2617,40729,-43346,0,0,2617,230455,25872,258944,0,0,189726,69218,258944,0,918567,14416646,-15335213,0,0,918567,81406958,9103075,91428600,0,0,66990312,24438288,91428600
2019-12-06,354,354,332,345,198021,-1.7094017094017095,0,11208,-14698,3490,0,0,11208,161939,24874,198021,0,0,176637,21384,198021,0,3868774,-5070495,1201721,0,0,3868774,55298955,8563183,67730912,0,0,60369450,7361462,67730912
2019-12-09,344,349,340,345,116864,0.0,0,0,1008,-1008,0,0,0,102429,14435,116864,0,0,101421,15443,116864,0,0,340627,-340627,0,0,0,35153099,4969329,40122428,0,0,34812472,5309956,40122428
2019-12-10,346,357,345,350,138072,1.4492753623188406,0,0,19056,-19056,0,0,0,120928,17144,138072,0,0,101872,36200,138072,0,0,6681989,-6681989,0,0,0,42447743,5972886,48420629,0,0,35765754,12654875,48420629
2019-12-11,350,355,346,347,76889,-0.8571428571428572,0,0,-362,362,0,0,0,62763,14126,76889,0,0,63125,13764,76889,0,0,-103693,103693,0,0,0,21899405,4910434,26809839,0,0,22003098,4806741,26809839
2019-12-12,349,354,345,353,80252,1.729106628242075,0,4600,-1083,-3517,0,0,5000,62502,12750,80252,0,400,63585,16267,80252,0,1604200,-372022,-1232178,0,0,1745000,21915547,4455348,28115895,0,140800,22287569,5687526,28115895
2019-12-13,368,383,350,355,723765,0.56657223796034,0,0,111285,-111285,0,0,0,676164,47601,723765,0,0,564879,158886,723765,0,0,40391621,-40391621,0,0,0,245925086,17504282,263429368,0,0,205533465,57895903,263429368
2019-12-16,352,358,350,356,58317,0.28169014084507044,0,0,1869,-1869,0,0,0,57730,587,58317,0,0,55861,2456,58317,0,0,668513,-668513,0,0,0,20433586,207845,20641431,0,0,19765073,876358,20641431
2019-12-17,360,360,344,346,284301,-2.8089887640449436,0,0,-4641,4641,0,0,0,264210,20091,284301,0,0,268851,15450,284301,0,0,-1537022,1537022,0,0,0,91667299,6952193,98619492,0,0,93204321,5415171,98619492
2019-12-18,346,350,345,346,125059,0.0,0,0,7469,-7469,0,0,0,117775,7284,125059,0,0,110306,14753,125059,0,0,2603606,-2603606,0,0,0,40807982,2525818,43333800,0,0,38204376,5129424,43333800
2019-12-19,343,348,340,348,225736,0.5780346820809248,0,0,-754,754,0,0,0,204788,20948,225736,0,0,205542,20194,225736,0,0,-250595,250595,0,0,0,70140882,7200885,77341767,0,0,70391477,6950290,77341767
2019-12-20,348,355,342,355,166966,2.0114942528735633,0,0,24177,-24177,0,0,0,151908,15058,166966,0,0,127731,39235,166966,0,0,8394787,-8394787,0,0,0,52751724,5202436,57954160,0,0,44356937,13597223,57954160
2019-12-23,355,360,347,350,71522,-1.4084507042253522,0,0,7193,-7193,0,0,0,64046,7476,71522,0,0,56853,14669,71522,0,0,2556657,-2556657,0,0,0,22498876,2624280,25123156,0,0,19942219,5180937,25123156
2019-12-24,351,353,340,346,211327,-1.1428571428571428,0,0,20992,-20992,0,0,0,195410,15917,211327,0,0,174418,36909,211327,0,0,7247981,-7247981,0,0,0,67131918,5496225,72628143,0,0,59883937,12744206,72628143
2019-12-26,347,357,345,350,135559,1.1560693641618496,0,0,18919,-18919,0,0,0,127489,8070,135559,0,0,108570,26989,135559,0,0,6611591,-6611591,0,0,0,44714173,2811782,47525955,0,0,38102582,9423373,47525955
2019-12-27,356,360,343,346,176197,-1.1428571428571428,0,0,11326,-11326,0,0,0,164812,11385,176197,0,0,153486,22711,176197,0,0,4009153,-4009153,0,0,0,57645908,3963949,61609857,0,0,53636755,7973102,61609857
2019-12-30,353,353,339,340,214433,-1.7341040462427744,0,0,138,-138,0,0,0,195544,18889,214433,0,0,195406,19027,214433,0,0,70385,-70385,0,0,0,66661862,6449402,73111264,0,0,66591477,6519787,73111264
2020-01-02,339,350,339,348,141742,2.3529411764705883,0,1500,5418,-6918,0,0,1500,130267,9975,141742,0,0,124849,16893,141742,0,513000,1875396,-2388396,0,0,513000,45212495,3438052,49163547,0,0,43337099,5826448,49163547
2020-01-03,345,349,338,344,168824,-1.1494252873563218,0,-91758,94069,-2311,0,0,640,160565,7619,168824,0,92398,66496,9930,168824,0,-31238952,32052557,-813605,0,0,216960,54840748,2611695,57669403,0,31455912,22788191,3425300,57669403
2020-01-06,344,344,320,329,399083,-4.3604651162790695,0,-74112,46028,28084,0,0,6470,325166,67447,399083,0,80582,279138,39363,399083,0,-24404216,15375409,9028807,0,0,2135920,107436395,22260056,131832371,0,26540136,92060986,13231249,131832371
2020-01-07,333,337,321,327,224420,-0.60790273556231,0,-69667,55252,14415,0,0,7819,195938,20663,224420,0,77486,140686,6248,224420,0,-22930458,18206866,4723592,0,0,2548227,64209172,6779481,73536880,0,25478685,46002306,2055889,73536880
2020-01-08,327,330,317,317,259852,-3.058103975535168,0,9224,18105,-27329,0,0,9224,228463,22165,259852,0,0,210358,49494,259852,0,2978852,5900577,-8879429,0,0,2978852,73287050,7100272,83366174,0,0,67386473,15979701,83366174
2020-01-09,317,332,317,327,185035,3.1545741324921135,0,0,11250,-11250,0,0,0,170446,14589,185035,0,0,159196,25839,185035,0,0,3697784,-3697784,0,0,0,55764494,4765587,60530081,0,0,52066710,8463371,60530081
2020-01-10,327,334,327,333,113627,1.834862385321101,0,0,-13985,13985,0,0,0,96110,17517,113627,0,0,110095,3532,113627,0,0,-4597005,4597005,0,0,0,31668057,5758895,37426952,0,0,36265062,1161890,37426952
2020-01-13,334,347,330,345,403052,3.6036036036036037,0,0,7615,-7615,0,0,0,357495,45557,403052,0,0,349880,53172,403052,0,0,2949472,-2949472,0,0,0,121361102,15311967,136673069,0,0,118411630,18261439,136673069
2020-01-14,355,355,339,342,341787,-0.8695652173913043,0,0,9970,-9970,0,0,0,309637,32150,341787,0,0,299667,42120,341787,0,0,3447581,-3447581,0,0,0,106551321,11005285,117556606,0,0,103103740,14452866,117556606
2020-01-15,342,349,338,349,229305,2.046783625730994,0,11900,-39546,27646,0,0,11900,182295,35110,229305,0,0,221841,7464,229305,0,4129300,-13610869,9481569,0,0,4129300,62612164,12041750,78783214,0,0,76223033,2560181,78783214
2020-01-16,346,352,343,347,132636,-0.5730659025787965,0,0,-4643,4643,0,0,0,108563,24073,132636,0,0,113206,19430,132636,0,0,-1578805,1578805,0,0,0,37654084,8338081,45992165,0,0,39232889,6759276,45992165
2020-01-17,345,350,337,337,139195,-2.881844380403458,0,10000,-82666,72666,0,0,10000,43836,85359,139195,0,0,126502,12693,139195,0,3480000,-28372994,24892994,0,0,3480000,15050221,29301046,47831267,0,0,43423215,4408052,47831267
2020-01-20,339,344,334,340,163454,0.8902077151335311,0,10000,-47977,37977,0,0,10000,101650,51804,163454,0,0,149627,13827,163454,0,3417548,-16275369,12857821,0,0,3417548,34475498,17573445,55466491,0,0,50750867,4715624,55466491
2020-01-21,341,342,332,335,82785,-1.4705882352941175,0,0,16458,-16458,0,0,0,75770,7015,82785,0,0,59312,23473,82785,0,0,5550027,-5550027,0,0,0,25394198,2358759,27752957,0,0,19844171,7908786,27752957
2020-01-22,335,342,333,339,99176,1.1940298507462688,0,20000,11355,-31355,0,0,20000,77025,2151,99176,0,0,65670,33506,99176,0,6759400,3877715,-10637115,0,0,6759400,26155131,725796,33640327,0,0,22277416,11362911,33640327
2020-01-23,336,340,335,339,42352,0.0,0,10000,-12084,2084,0,0,10000,26744,5608,42352,0,0,38828,3524,42352,0,3360000,-4061038,701038,0,0,3360000,9009565,1891168,14260733,0,0,13070603,1190130,14260733
2020-01-28,315,330,312,318,441997,-6.1946902654867255,0,10000,-52589,42589,0,0,10000,368441,63556,441997,0,0,421030,20967,441997,0,3184549,-16614765,13430216,0,0,3184549,116685418,20157635,140027602,0,0,133300183,6727419,140027602
2020-01-29,315,321,311,314,152045,-1.257861635220126,0,0,11280,-11280,0,0,0,148912,3133,152045,0,0,137632,14413,152045,0,0,3594073,-3594073,0,0,0,46909665,986970,47896635,0,0,43315592,4581043,47896635
2020-01-30,311,317,298,305,404644,-2.8662420382165608,0,-50378,52310,-1932,0,0,53910,342396,8338,404644,0,104288,290086,10270,404644,0,-15169734,15722458,-552724,0,0,16341056,105413664,2570746,124325466,0,31510790,89691206,3123470,124325466
2020-01-31,305,307,290,297,658053,-2.622950819672131,0,-290332,384047,-93715,0,0,41984,538539,77530,658053,0,332316,154492,171245,658053,0,-85558680,114248941,-28690261,0,0,12611381,160572078,22813917,195997376,0,98170061,46323137,51504178,195997376
2020-02-03,295,299,283,295,259262,-0.6734006734006733,0,-26000,19461,6539,0,0,0,226640,32622,259262,0,26000,207179,26083,259262,0,-7569715,5649972,1919743,0,0,0,65968525,9513243,75481768,0,7569715,60318553,7593500,75481768
2020-02-04,295,303,294,299,334785,1.3559322033898304,-5084,0,-6987,12071,0,0,0,314281,20504,334785,5084,0,321268,8433,334785,-1525200,0,-2009159,3534359,0,0,0,93375616,6054673,99430289,1525200,0,95384775,2520314,99430289
2020-02-05,305,308,293,297,447601,-0.6688963210702341,-1136,0,25807,-24671,0,0,0,421762,25839,447601,1136,0,395955,50510,447601,-340800,0,7833216,-7492416,0,0,0,126562310,7681512,134243822,340800,0,118729094,15173928,134243822
2020-02-06,297,322,297,304,696210,2.356902356902357,-10340,-153301,109108,54533,0,0,170,608900,87140,696210,10340,153471,499792,32607,696210,-3166830,-46175617,32919974,16422473,0,0,51340,186528375,26624846,213204561,3166830,46226957,153608401,10202373,213204561
2020-02-07,305,315,299,302,588047,-0.6578947368421052,-65725,-189581,252585,2721,0,0,13434,544773,29840,588047,65725,203015,292188,27119,588047,-19900607,-57029875,76266122,664360,0,0,4073332,165597082,9041538,178711952,19900607,61103207,89330960,8377178,178711952
2020-02-10,302,305,297,302,259154,0.0,-54275,-135006,176547,12734,0,0,1038,223196,34920,259154,54275,136044,46649,22186,259154,-16286088,-40251911,52736966,3801033,0,0,312060,66846824,10472264,77631148,16286088,40563971,14109858,6671231,77631148
2020-02-11,300,310,300,307,559349,1.6556291390728477,-20000,-203619,198028,25591,0,0,56927,453982,48440,559349,20000,260546,255954,22849,559349,-6068212,-61220331,59552502,7736041,0,0,17450838,137652372,14703159,169806369,6068212,78671169,78099870,6967118,169806369
2020-02-12,304,309,297,304,477972,-0.9771986970684038,-18415,-203494,201216,20693,0,0,35837,408380,33755,477972,18415,239331,207164,13062,477972,-5572047,-61057759,60388682,6241124,0,0,10756771,122515766,10195028,143467565,5572047,71814530,62127084,3953904,143467565
2020-02-13,305,305,298,302,231659,-0.6578947368421052,-21585,-33627,46996,8216,0,0,0,207970,23689,231659,21585,33627,160974,15473,231659,-6486143,-10075864,14091859,2470148,0,0,0,62385802,7112221,69498023,6486143,10075864,48293943,4642073,69498023
2020-02-14,302,302,296,298,322804,-1.3245033112582782,0,0,-13332,13332,0,0,0,302543,20261,322804,0,0,315875,6929,322804,0,0,-3957393,3957393,0,0,0,89908265,6031155,95939420,0,0,93865658,2073762,95939420
2020-02-17,296,305,296,305,179852,2.348993288590604,-5242,0,4738,504,0,0,0,150695,29157,179852,5242,0,145957,28653,179852,-1572600,0,1461804,110796,0,0,0,45195500,8725194,53920694,1572600,0,43733696,8614398,53920694
2020-02-18,303,304,297,302,133205,-0.9836065573770493,-14758,0,38404,-23646,0,0,0,120310,12895,133205,14758,0,81906,36541,133205,-4428243,0,11531668,-7103425,0,0,0,36009074,3856159,39865233,4428243,0,24477406,10959584,39865233
2020-02-19,302,303,294,300,190307,-0.6622516556291391,-3284,0,24632,-21348,0,0,0,176660,13647,190307,3284,0,152028,34995,190307,-985200,0,7323468,-6338268,0,0,0,52479570,4063960,56543530,985200,0,45156102,10402228,56543530
2020-02-20,297,299,284,287,607229,-4.333333333333334,0,-401270,416420,-15150,0,0,3250,579459,24520,607229,0,404520,163039,39670,607229,0,-115813648,120358892,-4545244,0,0,948080,167535519,7028002,175511601,0,116761728,47176627,11573246,175511601
2020-02-21,288,290,276,279,506709,-2.7874564459930316,0,30000,-56182,26182,0,0,30000,430678,46031,506709,0,0,486860,19849,506709,0,8400000,-15646004,7246004,0,0,8400000,120677805,12917521,141995326,0,0,136323809,5671517,141995326
2020-02-24,275,279,260,261,474103,-6.451612903225806,0,-69800,34457,35343,0,0,2200,369745,102158,474103,0,72000,335288,66815,474103,0,-18516135,9259115,9257020,0,0,575200,97965236,27146872,125687308,0,19091335,88706121,17889852,125687308
2020-02-25,251,271,251,263,320372,0.7662835249042145,0,-31657,-1743,33400,0,0,770,260418,59184,320372,0,32427,262161,25784,320372,0,-8379392,-231833,8611225,0,0,201760,67964539,15397624,83563923,0,8581152,68196372,6786399,83563923
2020-02-26,263,269,258,263,161665,0.0,0,-45824,59799,-13975,0,0,4,143714,17947,161665,0,45828,83915,31922,161665,0,-11954991,15666079,-3711088,0,0,1067,37822925,4716091,42540083,0,11956058,22156846,8427179,42540083
2020-02-27,263,268,252,257,144748,-2.2813688212927756,0,-53200,44508,8692,0,0,47,117580,27121,144748,0,53247,73072,18429,144748,0,-13503996,11302179,2201817,0,0,11938,30332471,6990427,37334836,0,13515934,19030292,4788610,37334836
2020-02-28,255,267,245,252,473509,-1.9455252918287937,0,-137141,118603,18538,0,0,3216,395570,74723,473509,0,140357,276967,56185,473509,0,-34091927,29519877,4572050,0,0,805246,99266450,18833720,118905416,0,34897173,69746573,14261670,118905416
2020-03-02,250,261,245,257,192226,1.984126984126984,0,0,-9145,9145,0,0,0,150741,41485,192226,0,0,159886,32340,192226,0,0,-2334089,2334089,0,0,0,37993339,10402829,48396168,0,0,40327428,8068740,48396168
2020-03-03,257,262,249,256,122963,-0.38910505836575876,0,0,13200,-13200,0,0,0,108081,14882,122963,0,0,94881,28082,122963,0,0,3331005,-3331005,0,0,0,27604246,3844211,31448457,0,0,24273241,7175216,31448457
2020-03-04,256,262,253,262,134320,2.34375,-30000,-169,38585,-8416,0,0,0,127621,6699,134320,30000,169,89036,15115,134320,-7717450,-43602,9957836,-2196784,0,0,0,32898397,1707408,34605805,7717450,43602,22940561,3904192,34605805
2020-03-05,264,264,255,261,154905,-0.38167938931297707,-15879,0,27659,-11780,0,0,0,145039,9866,154905,15879,0,117380,21646,154905,-4128540,0,7172739,-3044199,0,0,0,37620005,2558764,40178769,4128540,0,30447266,5602963,40178769
2020-03-06,261,261,251,253,209261,-3.065134099616858,-9342,0,29406,-20064,0,0,0,199554,9707,209261,9342,0,170148,29771,209261,-2400894,0,7527856,-5126962,0,0,0,50599625,2480684,53080309,2400894,0,43071769,7607646,53080309
2020-03-09,258,258,233,233,411924,-7.905138339920949,0,-14000,16713,-2713,0,0,0,367212,44712,411924,0,14000,350499,47425,411924,0,-3458000,4484820,-1026820,0,0,0,88184079,10548631,98732710,0,3458000,83699259,11575451,98732710
2020-03-10,220,232,219,222,427352,-4.721030042918455,0,0,-6531,6531,0,0,0,410644,16708,427352,0,0,417175,10177,427352,0,0,-1405185,1405185,0,0,0,91561131,3715705,95276836,0,0,92966316,2310520,95276836
2020-03-11,222,288,220,226,10724987,1.8018018018018018,-217357,-19434,600220,-363429,0,0,566,10102801,621620,10724987,217357,20000,9502581,985049,10724987,-54446619,-5244458,164762786,-105071709,0,0,133576,2645728986,158875833,2804738395,54446619,5378034,2480966200,263947542,2804738395
2020-03-12,219,225,193,204,1627893,-9.734513274336283,0,-111,-68195,68306,0,0,0,1438689,189204,1627893,0,111,1506884,120898,1627893,0,-22644,-13928910,13951554,0,0,0,300175553,39065082,339240635,0,22644,314104463,25113528,339240635
2020-03-13,195,207,184,199,728911,-2.450980392156863,0,-5906,-9228,15134,0,0,0,536959,191952,728911,0,5906,546187,176818,728911,0,-1122140,-1835439,2957579,0,0,0,105317913,37600458,142918371,0,1122140,107153352,34642879,142918371
2020-03-16,206,206,186,188,513633,-5.527638190954774,0,0,8266,-8266,0,0,0,403612,110021,513633,0,0,395346,118287,513633,0,0,1746580,-1746580,0,0,0,78772343,21710396,100482739,0,0,77025763,23456976,100482739
2020-03-17,170,195,170,185,290980,-1.5957446808510638,0,0,-43422,43422,0,0,0,203107,87873,290980,0,0,246529,44451,290980,0,0,-7543545,7543545,0,0,0,37141805,15707856,52849661,0,0,44685350,8164311,52849661
2020-03-18,183,193,177,179,292160,-3.2432432432432434,0,0,35396,-35396,0,0,0,273504,18656,292160,0,0,238108,54052,292160,0,0,6494174,-6494174,0,0,0,50584036,3504451,54088487,0,0,44089862,9998625,54088487
2020-03-19,179,184,147,160,1131508,-10.614525139664805,0,0,-172765,172765,0,0,0,815821,315687,1131508,0,0,988586,142922,1131508,0,0,-27120573,27120573,0,0,0,129058554,50121437,179179991,0,0,156179127,23000864,179179991
2020-03-20,158,173,154,161,357390,0.625,0,0,-30834,30834,0,0,0,279131,78259,357390,0,0,309965,47425,357390,0,0,-4765557,4765557,0,0,0,44563253,12489128,57052381,0,0,49328810,7723571,57052381
2020-03-23,160,160,145,145,384773,-9.937888198757763,0,0,98671,-98671,0,0,0,377508,7265,384773,0,0,278837,105936,384773,0,0,14850908,-14850908,0,0,0,56141748,1085265,57227013,0,0,41290840,15936173,57227013
2020-03-24,145,152,142,151,430203,4.137931034482759,0,0,98968,-98968,0,0,0,397361,32842,430203,0,0,298393,131810,430203,0,0,14602798,-14602798,0,0,0,59057243,4901217,63958460,0,0,44454445,19504015,63958460
2020-03-25,154,159,151,158,593444,4.635761589403973,0,0,89792,-89792,0,0,0,547987,45457,593444,0,0,458195,135249,593444,0,0,13988306,-13988306,0,0,0,85028789,6991565,92020354,0,0,71040483,20979871,92020354
2020-03-26,158,182,152,168,907843,6.329113924050633,0,0,75672,-75672,0,0,0,843878,63965,907843,0,0,768206,139637,907843,0,0,12754373,-12754373,0,0,0,140841686,10869088,151710774,0,0,128087313,23623461,151710774
2020-03-27,170,182,162,168,644036,0.0,0,0,24293,-24293,0,0,0,549848,94188,644036,0,0,525555,118481,644036,0,0,4192521,-4192521,0,0,0,93533284,15984962,109518246,0,0,89340763,20177483,109518246
2020-03-30,167,179,161,175,529980,4.166666666666666,0,0,-34620,34620,0,0,0,455591,74389,529980,0,0,490211,39769,529980,0,0,-5667236,5667236,0,0,0,77053097,12451581,89504678,0,0,82720333,6784345,89504678
2020-03-31,179,184,170,175,469195,0.0,0,0,19584,-19584,0,0,0,422891,46304,469195,0,0,403307,65888,469195,0,0,3625902,-3625902,0,0,0,74539647,8124179,82663826,0,0,70913745,11750081,82663826
2020-04-01,175,178,170,175,466684,0.0,0,0,-48914,48914,0,0,0,372973,93711,466684,0,0,421887,44797,466684,0,0,-8537774,8537774,0,0,0,64406263,16286837,80693100,0,0,72944037,7749063,80693100
2020-04-02,175,178,167,178,168387,1.7142857142857144,0,0,-13667,13667,0,0,0,136175,32212,168387,0,0,149842,18545,168387,0,0,-2328350,2328350,0,0,0,23738292,5548940,29287232,0,0,26066642,3220590,29287232
2020-04-03,178,216,170,193,2875871,8.426966292134832,-14138,0,-55898,70036,0,0,0,2528079,347792,2875871,14138,0,2583977,277756,2875871,-2701595,0,-9564165,12265760,0,0,0,496536050,68038997,564575047,2701595,0,506100215,55773237,564575047
2020-04-06,195,204,193,200,626842,3.6269430051813467,-80000,0,84581,-4581,0,0,0,592762,34080,626842,80000,0,508181,38661,626842,-15913402,0,16830192,-916790,0,0,0,117563611,6741081,124304692,15913402,0,100733419,7657871,124304692
2020-04-07,204,214,201,211,328228,5.5,-40000,0,20327,19673,0,0,0,268044,60184,328228,40000,0,247717,40511,328228,-8306869,0,4253493,4053376,0,0,0,55598748,12444997,68043745,8306869,0,51345255,8391621,68043745
2020-04-08,211,274,209,240,11731337,13.744075829383887,-28818,0,297693,-268875,0,0,0,11152170,579167,11731337,28818,0,10854477,848042,11731337,-7059630,0,72936867,-65877237,0,0,0,2840460435,146464641,2986925076,7059630,0,2767523568,212341878,2986925076
2020-04-09,240,246,228,238,1171264,-0.8333333333333334,-31182,0,66765,-35583,0,0,0,1082763,88501,1171264,31182,0,1015998,124084,1171264,-7202252,0,15497762,-8295510,0,0,0,254920190,20998693,275918883,7202252,0,239422428,29294203,275918883
2020-04-10,238,238,219,231,569366,-2.941176470588235,0,0,23855,-23855,0,0,0,508039,61327,569366,0,0,484184,85182,569366,0,0,5347931,-5347931,0,0,0,116425345,14013647,130438992,0,0,111077414,19361578,130438992
2020-04-13,231,238,208,215,1086539,-6.926406926406926,0,0,-31193,31193,0,0,0,939747,146792,1086539,0,0,970940,115599,1086539,0,0,-6232906,6232906,0,0,0,206619435,32143477,238762912,0,0,212852341,25910571,238762912
2020-04-14,216,220,205,214,550244,-0.46511627906976744,0,0,-55499,55499,0,0,0,477858,72386,550244,0,0,533357,16887,550244,0,0,-11672188,11672188,0,0,0,101516716,15295087,116811803,0,0,113188904,3622899,116811803
2020-04-16,215,217,205,217,226031,1.4018691588785046,0,0,-40698,40698,0,0,0,171345,54686,226031,0,0,212043,13988,226031,0,0,-8638834,8638834,0,0,0,36644403,11635054,48279457,0,0,45283237,2996220,48279457
2020-04-17,217,222,213,217,513610,0.0,0,0,-78329,78329,0,0,0,423075,90535,513610,0,0,501404,12206,513610,0,0,-17055403,17055403,0,0,0,91684326,19696751,111381077,0,0,108739729,2641348,111381077
2020-04-20,217,237,217,232,651795,6.912442396313365,0,0,-24702,24702,0,0,0,546758,105037,651795,0,0,571460,80335,651795,0,0,-5464819,5464819,0,0,0,125494647,24012530,149507177,0,0,130959466,18547711,149507177
2020-04-21,238,238,215,219,643857,-5.603448275862069,0,0,46106,-46106,0,0,0,541080,102777,643857,0,0,494974,148883,643857,0,0,10871180,-10871180,0,0,0,120987106,22883235,143870341,0,0,110115926,33754415,143870341
2020-04-22,221,229,205,220,388692,0.45662100456621,0,0,19353,-19353,0,0,0,357248,31444,388692,0,0,337895,50797,388692,0,0,4162207,-4162207,0,0,0,78330934,6829293,85160227,0,0,74168727,10991500,85160227
2020-04-23,225,226,220,226,206071,2.727272727272727,0,0,-20716,20716,0,0,0,157874,48197,206071,0,0,178590,27481,206071,0,0,-4564707,4564707,0,0,0,35279243,10747060,46026303,0,0,39843950,6182353,46026303
2020-04-24,234,234,222,227,313051,0.4424778761061947,0,0,20302,-20302,0,0,0,290239,22812,313051,0,0,269937,43114,313051,0,0,4654574,-4654574,0,0,0,66548694,5217983,71766677,0,0,61894120,9872557,71766677
2020-04-27,227,235,227,232,432830,2.2026431718061676,0,0,-7040,7040,0,0,0,399220,33610,432830,0,0,406260,26570,432830,0,0,-1572214,1572214,0,0,0,92911979,7778398,100690377,0,0,94484193,6206184,100690377
2020-04-28,237,237,214,225,546911,-3.0172413793103448,0,0,-52524,52524,0,0,0,473800,73111,546911,0,0,526324,20587,546911,0,0,-11426709,11426709,0,0,0,105829762,16171166,122000928,0,0,117256471,4744457,122000928
2020-04-29,228,234,224,226,291494,0.4444444444444444,0,0,-6021,6021,0,0,0,262575,28919,291494,0,0,268596,22898,291494,0,0,-1425792,1425792,0,0,0,59420286,6588288,66008574,0,0,60846078,5162496,66008574
2020-05-04,229,229,216,220,218642,-2.6548672566371683,0,0,1236,-1236,0,0,0,202552,16090,218642,0,0,201316,17326,218642,0,0,305958,-305958,0,0,0,45023067,3578562,48601629,0,0,44717109,3884520,48601629
2020-05-06,227,227,214,222,191899,0.9090909090909091,0,0,-31887,31887,0,0,0,155633,36266,191899,0,0,187520,4379,191899,0,0,-7044621,7044621,0,0,0,34169795,8014445,42184240,0,0,41214416,969824,42184240
2020-05-07,222,231,219,229,278890,3.153153153153153,0,0,-54115,54115,0,0,0,220588,58302,278890,0,0,274703,4187,278890,0,0,-12104100,12104100,0,0,0,50179193,13051896,63231089,0,0,62283293,947796,63231089
2020-05-08,232,296,232,252,15963420,10.043668122270741,0,59472,78108,-137580,0,0,59472,15140050,763898,15963420,0,0,15061942,901478,15963420,0,15343776,22145314,-37489090,0,0,15343776,4090156776,207367531,4312868083,0,0,4068011462,244856621,4312868083
2020-05-11,253,258,235,239,1524252,-5.158730158730158,0,-59472,11657,47815,0,0,0,1387231,137021,1524252,0,59472,1375574,89206,1524252,0,-14346268,3050895,11295373,0,0,0,339367915,33385281,372753196,0,14346268,336317020,22089908,372753196
2020-05-12,241,297,237,261,11495674,9.205020920502092,0,0,59143,-59143,0,0,1,10759704,735969,11495674,0,1,10700561,795112,11495674,0,3,18373565,-18373568,0,0,265,2869193246,193395767,3062589278,0,262,2850819681,211769335,3062589278
2020-05-13,264,264,250,253,1471369,-3.065134099616858,0,0,63837,-63837,0,0,0,1431784,39585,1471369,0,0,1367947,103422,1471369,0,0,16268762,-16268762,0,0,0,362783799,10035879,372819678,0,0,346515037,26304641,372819678
2020-05-14,256,263,246,246,1724457,-2.766798418972332,0,0,91975,-91975,0,0,0,1635134,89323,1724457,0,0,1543159,181298,1724457,0,0,23165203,-23165203,0,0,0,410502102,22319177,432821279,0,0,387336899,45484380,432821279
2020-05-15,247,250,235,243,509495,-1.2195121951219512,0,0,-17681,17681,0,0,0,456802,52693,509495,0,0,474483,35012,509495,0,0,-4067775,4067775,0,0,0,110479331,12654488,123133819,0,0,114547106,8586713,123133819
2020-05-18,244,246,236,243,788988,0.0,0,0,21758,-21758,0,0,0,758747,30241,788988,0,0,736989,51999,788988,0,0,5330913,-5330913,0,0,0,182727360,7284363,190011723,0,0,177396447,12615276,190011723
2020-05-19,249,251,238,250,721036,2.880658436213992,0,0,-89874,89874,0,0,0,610504,110532,721036,0,0,700378,20658,721036,0,0,-22079004,22079004,0,0,0,149645367,27189352,176834719,0,0,171724371,5110348,176834719
2020-05-20,250,261,248,256,682861,2.4,0,0,-52125,52125,0,0,0,606136,76725,682861,0,0,658261,24600,682861,0,0,-13343386,13343386,0,0,0,154677179,19571442,174248621,0,0,168020565,6228056,174248621
2020-05-21,260,307,253,264,7017961,3.125,0,0,74430,-74430,0,0,16000,6582574,419387,7017961,0,16000,6508144,493817,7017961,0,394473,20670358,-21064831,0,0,4672000,1840939959,115542565,1961154524,0,4277527,1820269601,136607396,1961154524
2020-05-22,270,270,250,257,1265949,-2.6515151515151514,0,0,58477,-58477,0,0,0,1205776,60173,1265949,0,0,1147299,118650,1265949,0,0,15231444,-15231444,0,0,0,311847790,15584048,327431838,0,0,296616346,30815492,327431838
2020-05-25,254,259,250,251,414784,-2.3346303501945527,0,0,-10798,10798,0,0,0,379237,35547,414784,0,0,390035,24749,414784,0,0,-2683819,2683819,0,0,0,96133894,9014688,105148582,0,0,98817713,6330869,105148582
2020-05-26,258,258,243,253,436724,0.796812749003984,0,0,14257,-14257,0,0,0,397139,39585,436724,0,0,382882,53842,436724,0,0,3783116,-3783116,0,0,0,99194099,9822031,109016130,0,0,95410983,13605147,109016130
2020-05-27,253,255,249,251,316250,-0.7905138339920948,0,0,-4325,4325,0,0,0,284598,31652,316250,0,0,288923,27327,316250,0,0,-975158,975158,0,0,0,71621716,7931002,79552718,0,0,72596874,6955844,79552718
2020-05-28,251,252,242,244,459306,-2.788844621513944,0,0,-9388,9388,0,0,0,401854,57452,459306,0,0,411242,48064,459306,0,0,-2286815,2286815,0,0,0,99107409,14175264,113282673,0,0,101394224,11888449,113282673
2020-05-29,244,248,238,247,299649,1.2295081967213115,0,0,-7483,7483,0,0,0,238609,61040,299649,0,0,246092,53557,299649,0,0,-1642493,1642493,0,0,0,57729077,14652307,72381384,0,0,59371570,13009814,72381384
2020-06-01,247,253,245,250,637788,1.214574898785425,0,0,-14682,14682,0,0,0,608746,29042,637788,0,0,623428,14360,637788,0,0,-3667099,3667099,0,0,0,152622720,7256577,159879297,0,0,156289819,3589478,159879297
2020-06-02,249,253,240,252,557344,0.8,0,0,-37804,37804,0,0,0,516582,40762,557344,0,0,554386,2958,557344,0,0,-9319240,9319240,0,0,0,127925228,10052824,137978052,0,0,137244468,733584,137978052
2020-06-03,251,264,249,251,881583,-0.3968253968253968,0,0,4954,-4954,0,0,0,869141,12442,881583,0,0,864187,17396,881583,0,0,1285013,-1285013,0,0,0,220042485,3164138,223206623,0,0,218757472,4449151,223206623
2020-06-04,250,252,247,248,280187,-1.1952191235059761,0,0,6218,-6218,0,0,0,271051,9136,280187,0,0,264833,15354,280187,0,0,1569137,-1569137,0,0,0,67722807,2263448,69986255,0,0,66153670,3832585,69986255
2020-06-05,252,252,236,248,469023,0.0,0,0,-30977,30977,0,0,0,420764,48259,469023,0,0,451741,17282,469023,0,0,-7556979,7556979,0,0,0,102863392,11870547,114733939,0,0,110420371,4313568,114733939
2020-06-08,248,250,243,245,149195,-1.2096774193548387,0,0,6280,-6280,0,0,0,127449,21746,149195,0,0,121169,28026,149195,0,0,1576520,-1576520,0,0,0,31282655,5319436,36602091,0,0,29706135,6895956,36602091
2020-06-09,249,249,242,245,126990,0.0,0,0,8580,-8580,0,0,0,119223,7767,126990,0,0,110643,16347,126990,0,0,2103692,-2103692,0,0,0,29095620,1896496,30992116,0,0,26991928,4000188,30992116
2020-06-10,246,246,239,243,272898,-0.8163265306122449,0,0,-24,24,0,0,0,255589,17309,272898,0,0,255613,17285,272898,0,0,-25639,25639,0,0,0,62091201,4211741,66302942,0,0,62116840,4186102,66302942
2020-06-11,244,244,230,235,387575,-3.292181069958848,0,0,43045,-43045,0,0,0,375825,11750,387575,0,0,332780,54795,387575,0,0,10244590,-10244590,0,0,0,88518771,2753818,91272589,0,0,78274181,12998408,91272589
2020-06-12,220,232,207,229,476001,-2.553191489361702,0,0,-19728,19728,0,0,0,434252,41749,476001,0,0,453980,22021,476001,0,0,-4266613,4266613,0,0,0,95772801,9192813,104965614,0,0,100039414,4926200,104965614
2020-06-15,227,229,216,219,312458,-4.366812227074235,0,0,31395,-31395,0,0,0,300865,11593,312458,0,0,269470,42988,312458,0,0,7064232,-7064232,0,0,0,66713014,2564291,69277305,0,0,59648782,9628523,69277305
2020-06-16,219,227,219,221,544921,0.91324200913242,0,0,-92939,92939,0,0,0,437703,107218,544921,0,0,530642,14279,544921,0,0,-20548152,20548152,0,0,0,96479729,23685098,120164827,0,0,117027881,3136946,120164827
2020-06-17,221,227,219,224,339508,1.3574660633484164,0,0,3200,-3200,0,0,0,313923,25585,339508,0,0,310723,28785,339508,0,0,753743,-753743,0,0,0,70026319,5654858,75681177,0,0,69272576,6408601,75681177
2020-06-18,226,226,217,223,311599,-0.4464285714285714,0,0,-25655,25655,0,0,0,274602,36997,311599,0,0,300257,11342,311599,0,0,-5677329,5677329,0,0,0,61033243,8190578,69223821,0,0,66710572,2513249,69223821
2020-06-19,223,223,216,220,262297,-1.345291479820628,0,2,2332,-2334,0,0,2,252727,9568,262297,0,0,250395,11902,262297,0,440,507826,-508266,0,0,440,55331115,2098826,57430381,0,0,54823289,2607092,57430381
2020-06-22,220,224,216,220,148240,0.0,0,0,-1543,1543,0,0,0,140677,7563,148240,0,0,142220,6020,148240,0,0,-328680,328680,0,0,0,30702356,1646205,32348561,0,0,31031036,1317525,32348561
2020-06-23,221,221,213,217,212890,-1.3636363636363635,0,0,19893,-19893,0,0,0,194283,18607,212890,0,0,174390,38500,212890,0,0,4366049,-4366049,0,0,0,42032600,3983166,46015766,0,0,37666551,8349215,46015766
2020-06-24,218,218,213,216,294947,-0.4608294930875576,0,-2,-15019,15021,0,0,0,279823,15124,294947,0,2,294842,103,294947,0,-430,-3225962,3226392,0,0,0,60044854,3248540,63293394,0,430,63270816,22148,63293394
2020-06-25,216,220,214,217,233177,0.4629629629629629,0,0,14376,-14376,0,0,0,233162,15,233177,0,0,218786,14391,233177,0,0,3136733,-3136733,0,0,0,50529483,3255,50532738,0,0,47392750,3139988,50532738
2020-06-26,217,222,216,222,148135,2.3041474654377883,0,0,-19834,19834,0,0,0,114246,33889,148135,0,0,134080,14055,148135,0,0,-4355051,4355051,0,0,0,25052971,7439057,32492028,0,0,29408022,3084006,32492028
2020-06-29,222,273,210,223,5846519,0.45045045045045046,0,0,52517,-52517,0,0,0,5453665,392854,5846519,0,0,5401148,445371,5846519,0,0,16962006,-16962006,0,0,0,1325809832,93163582,1418973414,0,0,1308847826,110125588,1418973414
2020-06-30,223,260,215,233,4079039,4.484304932735426,0,0,31393,-31393,0,0,0,3814931,264108,4079039,0,0,3783538,295501,4079039,0,0,9966046,-9966046,0,0,0,908221898,60879272,969101170,0,0,898255852,70845318,969101170
2020-07-01,246,251,232,235,1416021,0.8583690987124464,0,0,-63570,63570,0,0,0,1268684,147337,1416021,0,0,1332254,83767,1416021,0,0,-14224135,14224135,0,0,0,303687027,34834647,338521674,0,0,317911162,20610512,338521674
2020-07-02,235,245,235,243,357520,3.404255319148936,0,0,-33823,33823,0,0,0,306541,50979,357520,0,0,340364,17156,357520,0,0,-8096892,8096892,0,0,0,73286692,12215584,85502276,0,0,81383584,4118692,85502276
2020-07-03,245,249,239,241,502448,-0.823045267489712,0,0,35251,-35251,0,0,0,487685,14763,502448,0,0,452434,50014,502448,0,0,8758233,-8758233,0,0,0,119423821,3567585,122991406,0,0,110665588,12325818,122991406
2020-07-06,242,245,230,241,331336,0.0,0,0,-57491,57491,0,0,0,269972,61364,331336,0,0,327463,3873,331336,0,0,-13673182,13673182,0,0,0,64206099,14604359,78810458,0,0,77879281,931177,78810458
2020-07-07,241,241,232,233,300883,-3.319502074688797,0,0,-1719,1719,0,0,0,289559,11324,300883,0,0,291278,9605,300883,0,0,-384302,384302,0,0,0,67838565,2658292,70496857,0,0,68222867,2273990,70496857
2020-07-08,233,234,229,230,282991,-1.2875536480686696,0,0,-25494,25494,0,0,0,238206,44785,282991,0,0,263700,19291,282991,0,0,-5865058,5865058,0,0,0,55057688,10323851,65381539,0,0,60922746,4458793,65381539
2020-07-09,231,240,228,235,402824,2.1739130434782608,0,0,-34667,34667,0,0,0,359790,43034,402824,0,0,394457,8367,402824,0,0,-8100949,8100949,0,0,0,83480601,10025814,93506415,0,0,91581550,1924865,93506415
2020-07-10,235,236,227,231,366685,-1.702127659574468,0,0,19772,-19772,0,0,0,344220,22465,366685,0,0,324448,42237,366685,0,0,4492389,-4492389,0,0,0,79147048,5181030,84328078,0,0,74654659,9673419,84328078
2020-07-13,233,238,229,238,295065,3.0303030303030303,0,0,-29252,29252,0,0,0,258022,37043,295065,0,0,287274,7791,295065,0,0,-6794254,6794254,0,0,0,59677281,8588337,68265618,0,0,66471535,1794083,68265618
2020-07-14,238,246,233,238,262246,0.0,0,0,727,-727,0,0,0,247589,14657,262246,0,0,246862,15384,262246,0,0,183989,-183989,0,0,0,58933531,3459650,62393181,0,0,58749542,3643639,62393181
2020-07-15,238,243,236,241,157383,1.2605042016806722,0,0,26895,-26895,0,0,0,154053,3330,157383,0,0,127158,30225,157383,0,0,6472360,-6472360,0,0,0,36814458,792537,37606995,0,0,30342098,7264897,37606995
2020-07-16,241,243,237,239,179026,-0.8298755186721992,0,0,-1817,1817,0,0,0,175374,3652,179026,0,0,177191,1835,179026,0,0,-436263,436263,0,0,0,41968695,876647,42845342,0,0,42404958,440384,42845342
2020-07-17,238,241,235,236,169697,-1.2552301255230125,0,0,-23454,23454,0,0,0,146181,23516,169697,0,0,169635,62,169697,0,0,-5536694,5536694,0,0,0,34638880,5551512,40190392,0,0,40175574,14818,40190392
2020-07-20,236,241,233,240,131552,1.694915254237288,0,0,8768,-8768,0,0,0,126388,5164,131552,0,0,117620,13932,131552,0,0,2054808,-2054808,0,0,0,29846482,1223816,31070298,0,0,27791674,3278624,31070298
2020-07-21,243,243,235,238,108486,-0.8333333333333334,0,0,-2697,2697,0,0,0,100101,8385,108486,0,0,102798,5688,108486,0,0,-632474,632474,0,0,0,23842750,1995226,25837976,0,0,24475224,1362752,25837976
2020-07-22,240,241,235,236,202485,-0.8403361344537815,0,0,10876,-10876,0,0,0,199568,2917,202485,0,0,188692,13793,202485,0,0,2590938,-2590938,0,0,0,47382418,690854,48073272,0,0,44791480,3281792,48073272
2020-07-23,240,240,231,236,258958,0.0,0,0,27864,-27864,0,0,0,256895,2063,258958,0,0,229031,29927,258958,0,0,6562703,-6562703,0,0,0,60326026,486868,60812894,0,0,53763323,7049571,60812894
2020-07-24,235,236,230,234,124607,-0.847457627118644,0,0,6144,-6144,0,0,0,122512,2095,124607,0,0,116368,8239,124607,0,0,1426815,-1426815,0,0,0,28415056,487152,28902208,0,0,26988241,1913967,28902208
2020-07-27,234,234,220,231,158833,-1.282051282051282,0,0,10786,-10786,0,0,0,156354,2479,158833,0,0,145568,13265,158833,0,0,2494972,-2494972,0,0,0,35935543,566971,36502514,0,0,33440571,3061943,36502514
2020-07-28,231,233,225,230,250006,-0.4329004329004329,0,0,7992,-7992,0,0,0,243547,6459,250006,0,0,235555,14451,250006,0,0,1828753,-1828753,0,0,0,55627252,1469892,57097144,0,0,53798499,3298645,57097144
2020-07-29,231,238,229,230,105686,0.0,0,0,9362,-9362,0,0,0,102495,3191,105686,0,0,93133,12553,105686,0,0,2197811,-2197811,0,0,0,23817386,736102,24553488,0,0,21619575,2933913,24553488
2020-07-30,230,238,229,231,197450,0.43478260869565216,0,0,-6664,6664,0,0,0,188701,8749,197450,0,0,195365,2085,197450,0,0,-1548536,1548536,0,0,0,43376784,2029468,45406252,0,0,44925320,480932,45406252
2020-07-31,237,238,230,231,207086,0.0,0,0,1808,-1808,0,0,0,191598,15488,207086,0,0,189790,17296,207086,0,0,392171,-392171,0,0,0,44632074,3637214,48269288,0,0,44239903,4029385,48269288
2020-08-03,224,228,210,222,936666,-3.896103896103896,0,0,-19809,19809,0,0,0,891890,44776,936666,0,0,911699,24967,936666,0,0,-4339359,4339359,0,0,0,195914250,9739080,205653330,0,0,200253609,5399721,205653330
2020-08-04,223,226,215,220,232921,-0.9009009009009009,0,0,5242,-5242,0,0,0,229649,3272,232921,0,0,224407,8514,232921,0,0,1170398,-1170398,0,0,0,50312303,708502,51020805,0,0,49141905,1878900,51020805
2020-08-05,220,225,213,218,164399,-0.9090909090909091,0,0,-935,935,0,0,0,159691,4708,164399,0,0,160626,3773,164399,0,0,-193533,193533,0,0,0,34672826,1023593,35696419,0,0,34866359,830060,35696419
2020-08-06,218,222,214,221,184464,1.3761467889908259,0,0,4127,-4127,0,0,0,183597,867,184464,0,0,179470,4994,184464,0,0,904953,-904953,0,0,0,39869443,187137,40056580,0,0,38964490,1092090,40056580
2020-08-07,221,221,214,219,136234,-0.904977375565611,0,0,-1006,1006,0,0,0,130780,5454,136234,0,0,131786,4448,136234,0,0,-209905,209905,0,0,0,28334699,1178274,29512973,0,0,28544604,968369,29512973
2020-08-10,220,220,210,212,344389,-3.1963470319634704,0,0,12065,-12065,0,0,0,340130,4259,344389,0,0,328065,16324,344389,0,0,2595687,-2595687,0,0,0,72971817,919606,73891423,0,0,70376130,3515293,73891423
2020-08-11,213,221,213,220,229151,3.7735849056603774,0,0,7391,-7391,0,0,0,209802,19349,229151,0,0,202411,26740,229151,0,0,1636327,-1636327,0,0,0,45379823,4146578,49526401,0,0,43743496,5782905,49526401
2020-08-12,220,220,213,213,163920,-3.1818181818181817,0,0,3303,-3303,0,0,0,161308,2612,163920,0,0,158005,5915,163920,0,0,705149,-705149,0,0,0,34766615,568162,35334777,0,0,34061466,1273311,35334777
2020-08-13,215,221,214,218,211868,2.3474178403755865,0,0,5043,-5043,0,0,0,202811,9057,211868,0,0,197768,14100,211868,0,0,1082309,-1082309,0,0,0,43954993,1987079,45942072,0,0,42872684,3069388,45942072
2020-08-14,213,228,213,228,571534,4.587155963302752,0,0,29280,-29280,0,0,0,569662,1872,571534,0,0,540382,31152,571534,0,0,6512094,-6512094,0,0,0,125901936,411978,126313914,0,0,119389842,6924072,126313914
2020-08-18,228,228,215,216,256064,-5.263157894736842,0,0,1003,-1003,0,0,0,244981,11083,256064,0,0,243978,12086,256064,0,0,215512,-215512,0,0,0,53909110,2452317,56361427,0,0,53693598,2667829,56361427
2020-08-19,216,222,210,213,139669,-1.3888888888888888,0,0,-3230,3230,0,0,0,134563,5106,139669,0,0,137793,1876,139669,0,0,-692017,692017,0,0,0,28953542,1104907,30058449,0,0,29645559,412890,30058449
2020-08-20,215,216,205,205,228515,-3.755868544600939,0,0,27482,-27482,0,0,0,220318,8197,228515,0,0,192836,35679,228515,0,0,5836010,-5836010,0,0,0,46122152,1721438,47843590,0,0,40286142,7557448,47843590
2020-08-21,206,215,204,207,218475,0.975609756097561,0,0,-3799,3799,0,0,0,198047,20428,218475,0,0,201846,16629,218475,0,0,-743683,743683,0,0,0,40763552,4184333,44947885,0,0,41507235,3440650,44947885
2020-08-24,207,213,199,204,427685,-1.4492753623188406,0,0,28869,-28869,0,0,0,400242,27443,427685,0,0,371373,56312,427685,0,0,6392243,-6392243,0,0,0,82104527,5545901,87650428,0,0,75712284,11938144,87650428
2020-08-25,206,206,198,201,771117,-1.4705882352941175,0,0,-90306,90306,0,0,0,677766,93351,771117,0,0,768072,3045,771117,0,0,-18107284,18107284,0,0,0,136066754,18728208,154794962,0,0,154174038,620924,154794962
2020-08-26,201,206,199,204,284061,1.4925373134328357,0,0,-3517,3517,0,0,0,279290,4771,284061,0,0,282807,1254,284061,0,0,-708446,708446,0,0,0,56492571,964244,57456815,0,0,57201017,255798,57456815
2020-08-27,205,250,203,217,4774621,6.372549019607843,0,0,18847,-18847,0,0,0,4665706,108915,4774621,0,0,4646859,127762,4774621,0,0,4940831,-4940831,0,0,0,1063132533,24572582,1087705115,0,0,1058191702,29513413,1087705115
2020-08-28,222,233,217,222,1184473,2.3041474654377883,0,0,-25763,25763,0,0,0,1111832,72641,1184473,0,0,1137595,46878,1184473,0,0,-5675207,5675207,0,0,0,249989857,16202360,266192217,0,0,255665064,10527153,266192217
2020-08-31,225,230,219,222,923722,0.0,0,0,-39575,39575,0,0,0,870138,53584,923722,0,0,909713,14009,923722,0,0,-8806159,8806159,0,0,0,195033112,11913710,206946822,0,0,203839271,3107551,206946822
2020-09-01,222,230,220,229,756000,3.153153153153153,0,0,-76758,76758,0,0,0,674067,81933,756000,0,0,750825,5175,756000,0,0,-17220756,17220756,0,0,0,151442467,18387510,169829977,0,0,168663223,1166754,169829977
2020-09-02,229,231,223,226,568952,-1.3100436681222707,0,0,39446,-39446,0,0,0,556185,12767,568952,0,0,516739,52213,568952,0,0,8961632,-8961632,0,0,0,126489720,2898622,129388342,0,0,117528088,11860254,129388342
2020-09-03,227,232,221,225,604850,-0.4424778761061947,0,0,-22895,22895,0,0,0,569115,35735,604850,0,0,592010,12840,604850,0,0,-5160127,5160127,0,0,0,128812208,8072521,136884729,0,0,133972335,2912394,136884729
2020-09-04,222,232,218,228,1080069,1.3333333333333335,0,0,-6679,6679,0,0,0,1048569,31500,1080069,0,0,1055248,24821,1080069,0,0,-1484210,1484210,0,0,0,237334950,7149977,244484927,0,0,238819160,5665767,244484927
2020-09-07,233,233,223,226,234842,-0.8771929824561403,0,0,-36657,36657,0,0,0,188557,46285,234842,0,0,225214,9628,234842,0,0,-8251149,8251149,0,0,0,42555023,10432430,52987453,0,0,50806172,2181281,52987453
2020-09-08,224,227,221,222,174214,-1.7699115044247788,0,0,-4751,4751,0,0,0,163964,10250,174214,0,0,168715,5499,174214,0,0,-1046924,1046924,0,0,0,36556756,2278388,38835144,0,0,37603680,1231464,38835144
2020-09-09,220,224,215,217,289001,-2.2522522522522523,0,0,-33834,33834,0,0,0,252488,36513,289001,0,0,286322,2679,289001,0,0,-7346589,7346589,0,0,0,55064188,7939591,63003779,0,0,62410777,593002,63003779
2020-09-10,218,222,215,218,190664,0.4608294930875576,0,0,-6015,6015,0,0,0,177936,12728,190664,0,0,183951,6713,190664,0,0,-1323146,1323146,0,0,0,38746091,2781999,41528090,0,0,40069237,1458853,41528090
2020-09-11,223,223,216,218,292056,0.0,0,0,-1842,1842,0,0,0,258829,33227,292056,0,0,260671,31385,292056,0,0,-439274,439274,0,0,0,56796520,7282345,64078865,0,0,57235794,6843071,64078865
2020-09-14,218,225,217,219,361892,0.45871559633027525,0,0,-62332,62332,0,0,0,298526,63366,361892,0,0,360858,1034,361892,0,0,-13810106,13810106,0,0,0,65983495,14038619,80022114,0,0,79793601,228513,80022114
2020-09-15,219,224,218,221,206244,0.91324200913242,0,0,-17961,17961,0,0,0,185528,20716,206244,0,0,203489,2755,206244,0,0,-3959110,3959110,0,0,0,40952603,4570622,45523225,0,0,44911713,611512,45523225
2020-09-16,220,227,220,222,214755,0.4524886877828055,0,0,1504,-1504,0,0,0,212753,2002,214755,0,0,211249,3506,214755,0,0,335530,-335530,0,0,0,47416785,446308,47863093,0,0,47081255,781838,47863093
2020-09-17,220,227,220,225,247829,1.3513513513513513,0,0,6515,-6515,0,0,0,247045,784,247829,0,0,240530,7299,247829,0,0,1462009,-1462009,0,0,0,55177641,174804,55352445,0,0,53715632,1636813,55352445
2020-09-18,225,227,218,220,226267,-2.2222222222222223,0,0,5583,-5583,0,0,0,225381,886,226267,0,0,219798,6469,226267,0,0,1251102,-1251102,0,0,0,49630444,195435,49825879,0,0,48379342,1446537,49825879
2020-09-21,220,222,210,213,380988,-3.1818181818181817,0,1000,9465,-10465,0,0,1000,362346,17642,380988,0,0,352881,28107,380988,0,213400,2006465,-2219865,0,0,213400,77326123,3779749,81319272,0,0,75319658,5999614,81319272
2020-09-22,213,215,207,208,253747,-2.3474178403755865,0,0,21900,-21900,0,0,0,246901,6846,253747,0,0,225001,28746,253747,0,0,4628281,-4628281,0,0,0,51823748,1429079,53252827,0,0,47195467,6057360,53252827
2020-09-23,208,242,208,221,2434049,6.25,0,0,15445,-15445,0,0,0,2367778,66271,2434049,0,0,2352333,81716,2434049,0,0,3788808,-3788808,0,0,0,534530016,14771629,549301645,0,0,530741208,18560437,549301645
2020-09-24,212,225,210,211,276249,-4.524886877828054,0,0,-3777,3777,0,0,0,251708,24541,276249,0,0,255485,20764,276249,0,0,-724012,724012,0,0,0,53864442,5288907,59153349,0,0,54588454,4564895,59153349
2020-09-25,210,274,210,274,6979755,29.85781990521327,0,190000,-148314,-41686,0,0,208248,6670108,101399,6979755,0,18248,6818422,143085,6979755,0,48437479,-38986313,-9451166,0,0,53178801,1764516566,26581028,1844276395,0,4741322,1803502879,36032194,1844276395
2020-09-28,328,335,265,272,14639439,-0.7299270072992701,0,415739,-326498,-89241,0,0,418852,13414353,806234,14639439,0,3113,13740851,895475,14639439,0,117618721,-86321257,-31297464,0,0,118537060,3995509011,238686299,4352732370,0,918339,4081830268,269983763,4352732370
2020-09-29,303,312,266,281,6698182,3.308823529411765,0,-7739,3632,4107,0,0,61545,6159758,476879,6698182,0,69284,6156126,472772,6698182,0,-1436741,1762812,-326071,0,0,18083239,1792551400,137265539,1947900178,0,19519980,1790788588,137591610,1947900178
2020-10-05,281,319,255,272,3670945,-3.202846975088968,0,0,64498,-64498,0,0,0,3463258,207687,3670945,0,0,3398760,272185,3670945,0,0,17751118,-17751118,0,0,0,970822239,58466910,1029289149,0,0,953071121,76218028,1029289149
2020-10-06,273,315,266,276,6934188,1.4705882352941175,0,0,162561,-162561,0,0,0,6607465,326723,6934188,0,0,6444904,489284,6934188,0,0,46862145,-46862145,0,0,0,1916546595,92267718,2008814313,0,0,1869684450,139129863,2008814313
2020-10-07,276,304,271,282,5309153,2.1739130434782608,0,0,38570,-38570,0,0,3010,5028773,277370,5309153,0,3010,4990203,315940,5309153,0,44980,10611497,-10656477,0,0,881900,1445945906,79361461,1526189267,0,836920,1435334409,90017938,1526189267
2020-10-08,284,290,272,276,1276204,-2.127659574468085,0,0,155870,-155870,0,0,0,1259664,16540,1276204,0,0,1103794,172410,1276204,0,0,43414166,-43414166,0,0,0,351229441,4587601,355817042,0,0,307815275,48001767,355817042
2020-10-12,274,298,271,295,2472190,6.884057971014493,0,0,-107418,107418,0,0,0,2273466,198724,2472190,0,0,2380884,91306,2472190,0,0,-29443513,29443513,0,0,0,653326735,55919829,709246564,0,0,682770248,26476316,709246564
2020-10-13,297,383,288,343,38912413,16.271186440677965,0,-30000,320977,-290977,0,0,35729,37502422,1374262,38912413,0,65729,37181445,1665239,38912413,0,-9981060,115197197,-105216137,0,0,12139284,13290677318,480595253,13783411855,0,22120344,13175480121,585811390,13783411855
2020-10-14,333,385,324,340,16624530,-0.8746355685131195,0,0,-5060,5060,0,0,2243,15733898,888389,16624530,0,2243,15738958,883329,16624530,0,7459,5136685,-5144144,0,0,795961,5502875898,307500825,5811172684,0,788502,5497739213,312644969,5811172684
2020-10-15,345,368,332,340,4764557,0.0,0,0,88254,-88254,0,0,0,4599546,165011,4764557,0,0,4511292,253265,4764557,0,0,31655228,-31655228,0,0,0,1595688919,57519497,1653208416,0,0,1564033691,89174725,1653208416
2020-10-16,339,348,320,331,1602356,-2.6470588235294117,0,0,7304,-7304,0,0,0,1534008,68348,1602356,0,0,1526704,75652,1602356,0,0,2616582,-2616582,0,0,0,510720497,22673184,533393681,0,0,508103915,25289766,533393681
2020-10-19,320,333,309,312,1181540,-5.740181268882175,0,0,14446,-14446,0,0,0,1118928,62612,1181540,0,0,1104482,77058,1181540,0,0,4749950,-4749950,0,0,0,355879029,19974029,375853058,0,0,351129079,24723979,375853058
2020-10-20,319,330,294,312,1044110,0.0,0,0,-53655,53655,0,0,0,859762,184348,1044110,0,0,913417,130693,1044110,0,0,-14816781,14816781,0,0,0,263275017,55666255,318941272,0,0,278091798,40849474,318941272
2020-10-21,320,333,305,322,1724167,3.205128205128205,0,0,-283273,283273,0,0,0,1354233,369934,1724167,0,0,1637506,86661,1724167,0,0,-89594824,89594824,0,0,0,430478850,117744427,548223277,0,0,520073674,28149603,548223277
2020-10-22,320,329,290,300,2688353,-6.832298136645963,0,-408000,396470,11530,0,0,0,2553707,134646,2688353,0,408000,2157237,123116,2688353,0,-121117998,118595263,2522735,0,0,0,754290585,41094816,795385401,0,121117998,635695322,38572081,795385401
2020-10-23,282,296,276,285,2519648,-5.0,0,0,-92240,92240,0,0,0,2172824,346824,2519648,0,0,2265064,254584,2519648,0,0,-26080239,26080239,0,0,0,616812454,98610672,715423126,0,0,642892693,72530433,715423126
2020-10-26,285,286,273,274,655860,-3.8596491228070176,0,0,-131338,131338,0,0,0,443176,212684,655860,0,0,574514,81346,655860,0,0,-36416992,36416992,0,0,0,122838167,59027211,181865378,0,0,159255159,22610219,181865378
2020-10-27,274,287,258,284,444446,3.64963503649635,0,0,-36313,36313,0,0,0,329621,114825,444446,0,0,365934,78512,444446,0,0,-9371134,9371134,0,0,0,92169945,31602321,123772266,0,0,101541079,22231187,123772266
2020-10-28,285,324,280,309,2856448,8.80281690140845,0,888,22140,-23028,0,0,888,2524285,331275,2856448,0,0,2502145,354303,2856448,0,268176,8658923,-8927099,0,0,268176,773234328,99766220,873268724,0,0,764575405,108693319,873268724
2020-10-29,309,311,293,311,964735,0.6472491909385114,0,0,-83038,83038,0,0,0,630824,333911,964735,0,0,713862,250873,964735,0,0,-24895605,24895605,0,0,0,190765764,102583522,293349286,0,0,215661369,77687917,293349286
2020-10-30,317,319,295,299,643776,-3.858520900321544,0,0,136397,-136397,0,0,0,623320,20456,643776,0,0,486923,156853,643776,0,0,41163295,-41163295,0,0,0,187895455,6149872,194045327,0,0,146732160,47313167,194045327
2020-11-02,299,333,299,310,1801625,3.678929765886288,0,0,4048,-4048,0,0,0,1636460,165165,1801625,0,0,1632412,169213,1801625,0,0,1828182,-1828182,0,0,0,519819980,51589170,571409150,0,0,517991798,53417352,571409150
2020-11-03,308,326,306,307,710008,-0.967741935483871,0,0,3674,-3674,0,0,0,665077,44931,710008,0,0,661403,48605,710008,0,0,1507783,-1507783,0,0,0,210420401,14074564,224494965,0,0,208912618,15582347,224494965
2020-11-04,307,325,299,312,1065689,1.6286644951140066,0,49000,-64158,15158,0,0,49000,912227,104462,1065689,0,0,976385,89304,1065689,0,15203000,-19471735,4268735,0,0,15203000,287489700,32514333,335207033,0,0,306961435,28245598,335207033
2020-11-05,316,317,306,313,343318,0.3205128205128205,0,7333,-46526,39193,0,0,7333,269536,66449,343318,0,0,316062,27256,343318,0,2290563,-14410948,12120385,0,0,2290563,84155490,20704620,107150673,0,0,98566438,8584235,107150673
2020-11-06,310,323,300,312,654333,-0.3194888178913738,0,-21500,-5285,26785,0,0,0,588291,66042,654333,0,21500,593576,39257,654333,0,-6563010,-1617481,8180491,0,0,0,180861314,20357090,201218404,0,6563010,182478795,12176599,201218404
2020-11-09,312,322,310,316,527821,1.282051282051282,0,0,-84340,84340,0,0,0,409681,118140,527821,0,0,494021,33800,527821,0,0,-26601548,26601548,0,0,0,129800908,37294559,167095467,0,0,156402456,10693011,167095467
2020-11-10,313,330,308,322,850929,1.89873417721519,0,0,-65525,65525,0,0,0,720219,130710,850929,0,0,785744,65185,850929,0,0,-20672011,20672011,0,0,0,231029233,41745245,272774478,0,0,251701244,21073234,272774478
2020-11-11,322,330,317,328,416768,1.8633540372670807,0,0,-72348,72348,0,0,0,266511,150257,416768,0,0,338859,77909,416768,0,0,-22727719,22727719,0,0,0,86427975,48159620,134587595,0,0,109155694,25431901,134587595
2020-11-12,330,344,324,343,1079520,4.573170731707317,0,83500,-222542,139042,0,0,83500,795958,200062,1079520,0,0,1018500,61020,1079520,0,28270624,-74627257,46356633,0,0,28270624,267107298,66815079,362193001,0,0,341734555,20458446,362193001
2020-11-13,341,362,335,354,1153972,3.206997084548105,0,-3000,-31205,34205,0,0,0,1020014,133958,1153972,0,3000,1051219,99753,1153972,0,-1059095,-10933956,11993051,0,0,0,360077129,47330750,407407879,0,1059095,371011085,35337699,407407879
2020-11-16,355,363,345,356,806511,0.5649717514124294,0,0,-29163,29163,0,0,0,744473,62038,806511,0,0,773636,32875,806511,0,0,-9958359,9958359,0,0,0,264038144,21695433,285733577,0,0,273996503,11737074,285733577
2020-11-17,356,458,353,423,21823315,18.820224719101123,0,-11529,374412,-362883,0,0,10408,20094657,1718250,21823315,0,21937,19720245,2081133,21823315,0,-4012269,172888297,-168876028,0,0,4452946,8457425512,699141219,9161019677,0,8465215,8284537215,868017247,9161019677
2020-11-18,415,415,376,379,5343510,-10.401891252955082,0,-888,114153,-113265,0,0,0,4993514,349996,5343510,0,888,4879361,463261,5343510,0,-346330,43081612,-42735282,0,0,0,1939823330,136990087,2076813417,0,346330,1896741718,179725369,2076813417
2020-11-19,376,378,356,367,1800814,-3.16622691292876,0,-115333,-21991,137324,0,0,0,1525916,274898,1800814,0,115333,1547907,137574,1800814,0,-41764902,-7627445,49392347,0,0,0,558238416,100280722,658519138,0,41764902,565865861,50888375,658519138
2020-11-20,367,387,360,380,1240658,3.5422343324250685,0,0,31243,-31243,0,0,0,1151558,89100,1240658,0,0,1120315,120343,1240658,0,0,11920526,-11920526,0,0,0,433725215,33483623,467208838,0,0,421804689,45404149,467208838
2020-11-23,375,386,372,384,802905,1.0526315789473684,0,0,-74874,74874,0,0,0,696320,106585,802905,0,0,771194,31711,802905,0,0,-28583590,28583590,0,0,0,265096625,40654941,305751566,0,0,293680215,12071351,305751566
2020-11-24,384,442,382,429,5708603,11.71875,0,-5000,-173233,178233,0,0,52000,4921900,734703,5708603,0,57000,5095133,556470,5708603,0,-2850068,-66634422,69484490,0,0,20954000,2067130504,304474663,2392559167,0,23804068,2133764926,234990173,2392559167
2020-11-25,421,442,409,415,1851070,-3.263403263403263,0,0,72850,-72850,0,0,0,1678452,172618,1851070,0,0,1605602,245468,1851070,0,0,32278253,-32278253,0,0,0,708868797,72541219,781410016,0,0,676590544,104819472,781410016
2020-11-26,409,423,403,412,513860,-0.7228915662650602,0,0,8940,-8940,0,0,0,486908,26952,513860,0,0,477968,35892,513860,0,0,3812904,-3812904,0,0,0,200151448,11070082,211221530,0,0,196338544,14882986,211221530
2020-11-27,413,414,393,396,1144416,-3.8834951456310676,0,5000,-106628,101628,0,0,5000,938139,201277,1144416,0,0,1044767,99649,1144416,0,1985000,-42526585,40541585,0,0,1985000,373332031,80300866,455617897,0,0,415858616,39759281,455617897
2020-11-30,400,475,397,439,6186362,10.85858585858586,0,-5000,487151,-482151,0,0,0,5680541,505821,6186362,0,5000,5193390,987972,6186362,0,-2185000,220197351,-218012351,0,0,0,2534390030,222404795,2756794825,0,2185000,2314192679,440417146,2756794825
2020-12-01,441,570,429,568,36998054,29.38496583143508,0,1477616,-1385871,-91745,0,877,1589168,32731509,2676500,36998054,877,111552,34117380,2768245,36998054,0,714331994,-646629889,-67702105,0,499890,773634175,17501613739,1402004429,19677752233,499890,59302181,18148243628,1469706534,19677752233
2020-12-02,540,557,516,518,10607191,-8.80281690140845,0,338103,-471074,132971,0,0,345138,9438937,823116,10607191,0,7035,9910011,690145,10607191,0,176517704,-247069251,70551547,0,0,180260953,4995765971,436819685,5612846609,0,3743249,5242835222,366268138,5612846609
2020-12-03,526,536,500,531,2104677,2.5096525096525095,0,138452,-94486,-43966,0,0,143661,1780301,180715,2104677,0,5209,1874787,224681,2104677,0,72131693,-48871374,-23260319,0,0,74839276,926868128,93952975,1095660379,0,2707583,975739502,117213294,1095660379
2020-12-04,543,543,510,521,1681224,-1.8832391713747645,0,47880,65461,-113341,0,0,57880,1522783,100561,1681224,0,10000,1457322,213902,1681224,0,24912930,34037963,-58950893,0,0,30033130,787541101,51904416,869478647,0,5120200,753503138,110855309,869478647
2020-12-07,521,531,495,496,1127652,-4.798464491362764,0,83690,-161389,77699,0,0,83690,881506,162456,1127652,0,0,1042895,84757,1127652,0,43934673,-82748463,38813790,0,0,43934673,444598220,82271955,570804848,0,0,527346683,43458165,570804848
2020-12-08,500,510,465,505,1688831,1.8145161290322582,0,59423,-184466,125043,0,0,97214,1167269,424348,1688831,0,37791,1351735,299305,1688831,0,31087372,-89026878,57939506,0,0,49244843,575391972,207825234,832462049,0,18157471,664418850,149885728,832462049
2020-12-09,501,520,495,512,700274,1.3861386138613863,0,1500,-63633,62133,0,0,1500,570484,128290,700274,0,0,634117,66157,700274,0,766000,-32093751,31327751,0,0,766000,292004924,65073165,357844089,0,0,324098675,33745414,357844089
2020-12-10,509,579,505,532,3734926,3.90625,0,-13004,235127,-222123,0,0,0,3435354,299572,3734926,0,13004,3200227,521695,3734926,0,-6974680,126628783,-119654103,0,0,0,1857099689,161119678,2018219367,0,6974680,1730470906,280773781,2018219367
2020-12-11,527,539,520,528,748268,-0.7518796992481203,0,0,-15389,15389,0,0,0,611824,136444,748268,0,0,627213,121055,748268,0,0,-8208577,8208577,0,0,0,321411745,71802467,393214212,0,0,329620322,63593890,393214212
2020-12-14,528,528,505,512,579206,-3.0303030303030303,0,-29000,178053,-149053,0,0,0,548762,30444,579206,0,29000,370709,179497,579206,0,-14800815,91346720,-76545905,0,0,0,281542407,15560956,297103363,0,14800815,190195687,92106861,297103363
2020-12-15,512,514,501,512,539248,0.0,0,0,-93618,93618,0,0,0,400282,138966,539248,0,0,493900,45348,539248,0,0,-47516500,47516500,0,0,0,202988288,70539236,273527524,0,0,250504788,23022736,273527524
2020-12-16,512,520,500,508,382872,-0.78125,0,0,8933,-8933,0,0,0,293942,88930,382872,0,0,285009,97863,382872,0,0,4801139,-4801139,0,0,0,149430013,45138117,194568130,0,0,144628874,49939256,194568130
2020-12-17,503,511,498,507,378213,-0.19685039370078738,0,2667,-40010,37343,0,0,2667,294918,80628,378213,0,0,334928,43285,378213,0,1336167,-20139511,18803344,0,0,1336167,148537083,40707791,190581041,0,0,168676594,21904447,190581041
2020-12-18,507,510,500,507,361614,0.0,0,5000,6223,-11223,0,0,5000,287659,68955,361614,0,0,281436,80178,361614,0,2510000,3271836,-5781836,0,0,2510000,145020050,34834979,182365029,0,0,141748214,40616815,182365029
2020-12-21,504,504,494,504,556812,-0.591715976331361,0,10097,-89578,79481,0,0,10097,429987,116728,556812,0,0,519565,37247,556812,0,5038314,-44573258,39534944,0,0,5038314,214191205,58138888,277368407,0,0,258764463,18603944,277368407
2020-12-22,505,511,487,490,498796,-2.7777777777777777,0,0,83635,-83635,0,0,0,466192,32604,498796,0,0,382557,116239,498796,0,0,41447017,-41447017,0,0,0,230676676,16129276,246805952,0,0,189229659,57576293,246805952
2020-12-23,490,509,483,484,364632,-1.2244897959183674,0,69,-26458,26389,0,0,69,301886,62677,364632,0,0,328344,36288,364632,0,34155,-13056732,13022577,0,0,34155,148005680,30849834,178889669,0,0,161062412,17827257,178889669
2020-12-24,484,485,475,476,435668,-1.6528925619834711,0,0,-187300,187300,0,0,0,232089,203579,435668,0,0,419389,16279,435668,0,0,-89878651,89878651,0,0,0,111001783,97690057,208691840,0,0,200880434,7811406,208691840
2020-12-28,473,477,444,451,937546,-5.2521008403361344,0,0,-201249,201249,0,0,0,696333,241213,937546,0,0,897582,39964,937546,0,0,-91742034,91742034,0,0,0,316080334,109851909,425932243,0,0,407822368,18109875,425932243
2020-12-29,456,473,449,469,462936,3.9911308203991127,0,0,-129397,129397,0,0,0,263691,199245,462936,0,0,393088,69848,462936,0,0,-58855730,58855730,0,0,0,122147406,91325831,213473237,0,0,181003136,32470101,213473237
2020-12-30,469,495,466,491,484400,4.690831556503198,0,0,-60231,60231,0,0,0,392334,92066,484400,0,0,452565,31835,484400,0,0,-29093002,29093002,0,0,0,191227264,44719809,235947073,0,0,220320266,15626807,235947073
2021-01-04,490,492,474,480,408303,-2.240325865580448,0,2000,-9184,7184,0,0,2000,347643,58660,408303,0,0,356827,51476,408303,0,960000,-4163987,3203987,0,0,960000,167238856,28155608,196354464,0,0,171402843,24951621,196354464
2021-01-05,484,490,470,475,501436,-1.0416666666666665,0,0,6900,-6900,0,0,0,409189,92247,501436,0,0,402289,99147,501436,0,0,3391829,-3391829,0,0,0,195188414,43902248,239090662,0,0,191796585,47294077,239090662
2021-01-06,484,484,460,472,343692,-0.631578947368421,0,294,-72259,71965,0,0,294,233193,110205,343692,0,0,305452,38240,343692,0,141120,-33876546,33735426,0,0,141120,109386953,51876712,161404785,0,0,143263499,18141286,161404785
2021-01-07,473,490,450,488,682629,3.389830508474576,0,209893,-226196,16303,0,0,209893,376696,96040,682629,0,0,602892,79737,682629,0,99859053,-107428167,7569114,0,0,99859053,177932454,45557071,323348578,0,0,285360621,37987957,323348578
2021-01-08,492,503,476,496,426387,1.639344262295082,0,0,51914,-51914,0,0,0,377089,49298,426387,0,0,325175,101212,426387,0,0,25679251,-25679251,0,0,0,185932449,24200569,210133018,0,0,160253198,49879820,210133018
2021-01-11,485,491,445,462,1001310,-6.854838709677419,0,0,127843,-127843,0,0,0,824100,177210,1001310,0,0,696257,305053,1001310,0,0,61005331,-61005331,0,0,0,383114058,81678892,464792950,0,0,322108727,142684223,464792950
2021-01-12,452,476,433,464,252006,0.4329004329004329,0,0,-1299,1299,0,0,0,192003,60003,252006,0,0,193302,58704,252006,0,0,-734254,734254,0,0,0,88319175,27727380,116046555,0,0,89053429,26993126,116046555
2021-01-13,470,470,452,457,172648,-1.5086206896551724,0,0,17440,-17440,0,0,0,139907,32741,172648,0,0,122467,50181,172648,0,0,8127151,-8127151,0,0,0,64161308,14959963,79121271,0,0,56034157,23087114,79121271
2021-01-14,459,467,450,460,180954,0.6564551422319475,0,0,-26681,26681,0,0,0,143873,37081,180954,0,0,170554,10400,180954,0,0,-12310116,12310116,0,0,0,66047845,17049676,83097521,0,0,78357961,4739560,83097521
2021-01-15,450,460,448,456,345486,-0.8695652173913043,0,0,-67930,67930,0,0,0,241500,103986,345486,0,0,309430,36056,345486,0,0,-30713810,30713810,0,0,0,109731582,47109679,156841261,0,0,140445392,16395869,156841261
2021-01-18,455,456,440,441,367949,-3.289473684210526,0,0,-12316,12316,0,0,0,300572,67377,367949,0,0,312888,55061,367949,0,0,-5462496,5462496,0,0,0,134285481,30152452,164437933,0,0,139747977,24689956,164437933
2021-01-19,439,448,431,447,284255,1.3605442176870748,0,0,-72812,72812,0,0,0,169107,115148,284255,0,0,241919,42336,284255,0,0,-31911441,31911441,0,0,0,74010242,50348376,124358618,0,0,105921683,18436935,124358618
2021-01-20,450,514,442,454,1507282,1.5659955257270695,0,6000,4806,-10806,0,0,6000,1234265,267017,1507282,0,0,1229459,277823,1507282,0,2766000,9261672,-12027672,0,0,2766000,588076542,121685118,712527660,0,0,578814870,133712790,712527660
2021-01-21,457,477,453,466,393521,2.643171806167401,0,1000,-11544,10544,0,0,1000,335289,57232,393521,0,0,346833,46688,393521,0,463000,-4997641,4534641,0,0,463000,155371198,26385077,182219275,0,0,160368839,21850436,182219275
2021-01-22,461,474,456,470,278233,0.8583690987124464,0,0,-52795,52795,0,0,0,201148,77085,278233,0,0,253943,24290,278233,0,0,-24639766,24639766,0,0,0,93915383,36016686,129932069,0,0,118555149,11376920,129932069
2021-01-25,467,485,464,472,261990,0.425531914893617,0,46,-13052,13006,0,0,46,207878,54066,261990,0,0,220930,41060,261990,0,21620,-5812570,5790950,0,0,21620,98068684,25290660,123380964,0,0,103881254,19499710,123380964
2021-01-26,472,472,444,445,655035,-5.720338983050848,0,6000,32014,-38014,0,0,6000,558325,90710,655035,0,0,526311,128724,655035,0,2727000,14142080,-16869080,0,0,2727000,251973524,40824525,295525049,0,0,237831444,57693605,295525049
2021-01-27,448,513,446,460,2840861,3.3707865168539324,0,2000,-146828,144828,0,0,2000,2316853,522008,2840861,0,0,2463681,377180,2840861,0,914000,-62194627,61280627,0,0,914000,1110891441,242621515,1354426956,0,0,1173086068,181340888,1354426956
2021-01-28,459,459,435,440,621561,-4.3478260869565215,0,0,52427,-52427,0,0,0,545580,75981,621561,0,0,493153,128408,621561,0,0,23410696,-23410696,0,0,0,242783247,33813553,276596800,0,0,219372551,57224249,276596800
2021-01-29,440,447,410,419,776941,-4.772727272727273,0,0,33044,-33044,0,0,0,724628,52313,776941,0,0,691584,85357,776941,0,0,14471574,-14471574,0,0,0,305911224,21873892,327785116,0,0,291439650,36345466,327785116
2021-02-01,425,428,410,423,288650,0.9546539379474941,0,0,-41293,41293,0,0,0,214790,73860,288650,0,0,256083,32567,288650,0,0,-16982473,16982473,0,0,0,90264153,30509490,120773643,0,0,107246626,13527017,120773643
2021-02-02,423,453,423,440,571313,4.0189125295508275,0,0,-142150,142150,0,0,0,372892,198421,571313,0,0,515042,56271,571313,0,0,-62859598,62859598,0,0,0,163295133,87316404,250611537,0,0,226154731,24456806,250611537
2021-02-03,447,467,445,461,424597,4.772727272727273,0,0,-126051,126051,0,0,0,284814,139783,424597,0,0,410865,13732,424597,0,0,-57785580,57785580,0,0,0,130543723,64091624,194635347,0,0,188329303,6306044,194635347
2021-02-04,470,470,445,448,261955,-2.8199566160520604,0,0,15092,-15092,0,0,0,238832,23123,261955,0,0,223740,38215,261955,0,0,6977552,-6977552,0,0,0,107649101,10437255,118086356,0,0,100671549,17414807,118086356
2021-02-05,446,466,445,449,232451,0.2232142857142857,0,0,-17380,17380,0,0,0,177826,54625,232451,0,0,195206,37245,232451,0,0,-7872074,7872074,0,0,0,80620517,24671520,105292037,0,0,88492591,16799446,105292037
2021-02-08,449,449,432,435,257709,-3.11804008908686,0,1000,2671,-3671,0,0,1000,229242,27467,257709,0,0,226571,31138,257709,0,441000,1220054,-1661054,0,0,441000,100040323,11991824,112473147,0,0,98820269,13652878,112473147
2021-02-09,454,454,431,437,213154,0.45977011494252873,0,0,59802,-59802,0,0,0,210229,2925,213154,0,0,150427,62727,213154,0,0,26216312,-26216312,0,0,0,92029197,1276516,93305713,0,0,65812885,27492828,93305713
2021-02-10,437,450,429,445,385544,1.8306636155606408,0,-136295,106777,29518,0,0,0,339075,46469,385544,0,136295,232298,16951,385544,0,-61196455,47978625,13217830,0,0,0,151573060,20680961,172254021,0,61196455,103594435,7463131,172254021
2021-02-15,445,460,442,450,248618,1.1235955056179776,0,5000,-58279,53279,0,0,5000,185436,58182,248618,0,0,243715,4903,248618,0,2250000,-26166534,23916534,0,0,2250000,83587377,26112339,111949716,0,0,109753911,2195805,111949716
2021-02-16,459,463,446,462,411356,2.666666666666667,0,5000,-4032,-968,0,0,5000,368395,37961,411356,0,0,372427,38929,411356,0,2300000,-1846097,-453903,0,0,2300000,168950089,17414136,188664225,0,0,170796186,17868039,188664225
2021-02-17,462,465,435,451,582578,-2.380952380952381,0,45000,-63265,18265,0,0,45000,439825,97753,582578,0,0,503090,79488,582578,0,20205000,-27988440,7783440,0,0,20205000,197453857,44134369,261793226,0,0,225442297,36350929,261793226
2021-02-18,451,476,450,459,625398,1.7738359201773837,0,0,-39942,39942,0,0,0,561246,64152,625398,0,0,601188,24210,625398,0,0,-18403821,18403821,0,0,0,260582138,29601679,290183817,0,0,278985959,11197858,290183817
2021-02-19,459,469,440,441,398109,-3.9215686274509802,0,25000,163875,-188875,0,0,25000,354612,18497,398109,0,0,190737,207372,398109,0,11120000,73423835,-84543835,0,0,11120000,158296580,8232416,177648996,0,0,84872745,92776251,177648996
2021-02-22,441,451,437,449,137765,1.8140589569160999,0,0,-19811,19811,0,0,0,110956,26809,137765,0,0,130767,6998,137765,0,0,-8802610,8802610,0,0,0,49303497,11910596,61214093,0,0,58106107,3107986,61214093
2021-02-23,447,451,430,433,541532,-3.5634743875278394,0,10000,14950,-24950,0,0,10000,483979,47553,541532,0,0,469029,72503,541532,0,4380000,6589052,-10969052,0,0,4380000,211602518,20976943,236959461,0,0,205013466,31945995,236959461
2021-02-24,438,438,402,410,724815,-5.311778290993072,0,0,41651,-41651,0,0,0,653363,71452,724815,0,0,611712,113103,724815,0,0,16993684,-16993684,0,0,0,271006315,29749393,300755708,0,0,254012631,46743077,300755708
2021-02-25,410,427,410,425,277290,3.6585365853658534,0,0,24351,-24351,0,0,0,247387,29903,277290,0,0,223036,54254,277290,0,0,10210057,-10210057,0,0,0,104165672,12553599,116719271,0,0,93955615,22763656,116719271
2021-02-26,424,424,405,405,227458,-4.705882352941177,0,0,30847,-30847,0,0,0,184142,43316,227458,0,0,153295,74163,227458,0,0,12828883,-12828883,0,0,0,76328901,18079221,94408122,0,0,63500018,30908104,94408122
2021-03-02,405,445,404,421,995307,3.950617283950617,0,0,-132926,132926,0,0,0,774154,221153,995307,0,0,907080,88227,995307,0,0,-54895689,54895689,0,0,0,331857488,93061168,424918656,0,0,386753177,38165479,424918656
2021-03-03,413,413,348,359,9471315,-14.726840855106888,0,0,1582605,-1582605,0,0,0,3539309,5932006,9471315,0,0,1956704,7514611,9471315,0,0,595531005,-595531005,0,0,0,1325873289,2151320133,3477193422,0,0,730342284,2746851138,3477193422
2021-03-04,361,369,341,351,1227792,-2.2284122562674096,0,0,187342,-187342,0,0,0,1001022,226770,1227792,0,0,813680,414112,1227792,0,0,67115464,-67115464,0,0,0,355676139,79382501,435058640,0,0,288560675,146497965,435058640
2021-03-05,350,350,335,347,695747,-1.1396011396011396,0,25000,-18119,-6881,0,0,25000,493381,177366,695747,0,0,511500,184247,695747,0,8510000,-6560228,-1949772,0,0,8510000,169216496,60668093,238394589,0,0,175776724,62617865,238394589
2021-03-08,340,350,330,335,674223,-3.45821325648415,0,0,-30281,30281,0,0,0,585425,88798,674223,0,0,615706,58517,674223,0,0,-10196896,10196896,0,0,0,199214191,30173964,229388155,0,0,209411087,19977068,229388155
2021-03-09,335,342,320,332,474315,-0.8955223880597015,0,0,-63736,63736,0,0,0,351762,122553,474315,0,0,415498,58817,474315,0,0,-21067532,21067532,0,0,0,115829504,40730001,156559505,0,0,136897036,19662469,156559505
2021-03-10,329,331,276,280,7241083,-15.66265060240964,0,0,-275974,275974,0,0,0,6334001,907082,7241083,0,0,6609975,631108,7241083,0,0,-81836603,81836603,0,0,0,1845738222,268037915,2113776137,0,0,1927574825,186201312,2113776137
2021-03-11,282,290,281,285,1041538,1.7857142857142856,0,35000,-155874,120874,0,0,35000,796645,209893,1041538,0,0,952519,89019,1041538,0,10067579,-44707522,34639943,0,0,10067579,227709686,60017077,297794342,0,0,272417208,25377134,297794342
2021-03-12,290,299,287,295,1061840,3.508771929824561,0,-30000,-167298,197298,0,0,0,797556,264284,1061840,0,30000,964854,66986,1061840,0,-8748621,-49143505,57892126,0,0,0,234487896,77634356,312122252,0,8748621,283631401,19742230,312122252
2021-03-15,298,302,294,300,702664,1.694915254237288,0,18000,-18210,210,0,0,18000,594542,90122,702664,0,0,612752,89912,702664,0,5326000,-5453249,127249,0,0,5326000,176853307,26884923,209064230,0,0,182306556,26757674,209064230
2021-03-16,300,302,296,301,466770,0.33333333333333337,0,2692,-29238,26546,0,0,2692,384808,79270,466770,0,0,414046,52724,466770,0,804908,-8715165,7910257,0,0,804908,115075579,23690702,139571189,0,0,123790744,15780445,139571189
2021-03-17,301,391,301,391,57289228,29.900332225913623,511,-30000,2237165,-2207676,0,3066,19290,54479500,2787372,57289228,2555,49290,52242335,4995048,57289228,200823,-11512003,819094909,-807783729,0,1198806,7291186,20596841183,1043528157,21648859332,997983,18803189,19777746274,1851311886,21648859332
2021-03-18,377,380,333,334,14085897,-14.578005115089516,-511,5000,-121504,117015,0,0,5000,13456759,624138,14085897,511,0,13578263,507123,14085897,-192647,1762000,-46267875,44698522,0,0,1762000,4752839869,223068211,4977670080,192647,0,4799107744,178369689,4977670080
2021-03-19,338,350,321,327,4690000,-2.095808383233533,0,0,71729,-71729,0,0,0,4491934,198066,4690000,0,0,4420205,269795,4690000,0,0,25539537,-25539537,0,0,0,1501129723,65737918,1566867641,0,0,1475590186,91277455,1566867641
2021-03-22,332,335,317,327,2386680,0.0,0,0,-9764,9764,0,0,0,2191833,194847,2386680,0,0,2201597,185083,2386680,0,0,-2627050,2627050,0,0,0,713974816,63084349,777059165,0,0,716601866,60457299,777059165
2021-03-23,332,332,314,318,1631425,-2.7522935779816518,0,0,-65094,65094,0,0,0,1400505,230920,1631425,0,0,1465599,165826,1631425,0,0,-20471728,20471728,0,0,0,447381896,73600950,520982846,0,0,467853624,53129222,520982846
2021-03-24,318,325,308,322,757868,1.257861635220126,0,0,-134481,134481,0,0,0,560980,196888,757868,0,0,695461,62407,757868,0,0,-43087519,43087519,0,0,0,178870554,63013894,241884448,0,0,221958073,19926375,241884448
2021-03-25,322,324,310,314,642266,-2.484472049689441,0,5000,-26762,21762,0,0,5000,497727,139539,642266,0,0,524489,117777,642266,0,1580000,-8022103,6442103,0,0,1580000,157250061,43977078,202807139,0,0,165272164,37534975,202807139
2021-03-26,315,368,315,327,9948563,4.140127388535031,0,6000,48378,-54378,0,1,11000,9199586,737976,9948563,1,5000,9151208,792354,9948563,-2,2011000,20875913,-22886911,0,349,3761000,3154242349,249440947,3407444645,351,1750000,3133366436,272327858,3407444645
2021-03-29,327,339,321,329,1148127,0.6116207951070336,0,0,-57808,57808,0,0,0,1003858,144269,1148127,0,0,1061666,86461,1148127,0,0,-18497088,18497088,0,0,0,326471147,46744571,373215718,0,0,344968235,28247483,373215718
2021-03-30,334,334,323,330,643243,0.303951367781155,0,0,-71059,71059,0,0,0,543276,99967,643243,0,0,614335,28908,643243,0,0,-23226492,23226492,0,0,0,177524569,32712890,210237459,0,0,200751061,9486398,210237459
2021-03-31,330,331,322,325,639673,-1.5151515151515151,0,0,-130106,130106,0,0,0,487993,151680,639673,0,0,618099,21574,639673,0,0,-42552562,42552562,0,0,0,158723110,49563205,208286315,0,0,201275672,7010643,208286315
2021-04-01,326,337,324,331,767211,1.8461538461538463,0,0,-184358,184358,0,0,0,549088,218123,767211,0,0,733446,33765,767211,0,0,-61117289,61117289,0,0,0,181450904,72277072,253727976,0,0,242568193,11159783,253727976
2021-04-02,331,364,328,328,4249904,-0.906344410876133,0,60767,74408,-135175,0,0,60767,3861324,327813,4249904,0,0,3786916,462988,4249904,0,21815353,29206285,-51021638,0,0,21815353,1335771340,112292236,1469878929,0,0,1306565055,163313874,1469878929
2021-04-05,329,336,326,327,701261,-0.3048780487804878,0,0,-1156,1156,0,0,0,627147,74114,701261,0,0,628303,72958,701261,0,0,-247461,247461,0,0,0,207358914,24381458,231740372,0,0,207606375,24133997,231740372
2021-04-06,332,333,324,332,972811,1.529051987767584,0,0,-178341,178341,0,0,0,713955,258856,972811,0,0,892296,80515,972811,0,0,-58935405,58935405,0,0,0,234378537,85266129,319644666,0,0,293313942,26330724,319644666
2021-04-07,332,336,327,334,616380,0.6024096385542169,0,0,-180784,180784,0,0,0,423665,192715,616380,0,0,604449,11931,616380,0,0,-59793622,59793622,0,0,0,140289976,63752245,204042221,0,0,200083598,3958623,204042221
2021-04-08,334,337,328,337,719165,0.8982035928143712,0,0,-198948,198948,0,0,0,485633,233532,719165,0,0,684581,34584,719165,0,0,-66270121,66270121,0,0,0,161635542,77803924,239439466,0,0,227905663,11533803,239439466
2021-04-09,337,350,332,346,890925,2.6706231454005933,0,0,-235016,235016,0,0,0,620979,269946,890925,0,0,855995,34930,890925,0,0,-80397973,80397973,0,0,0,213122524,92384287,305506811,0,0,293520497,11986314,305506811
2021-04-12,348,360,347,354,1068056,2.312138728323699,0,0,-206840,206840,0,0,0,827257,240799,1068056,0,0,1034097,33959,1068056,0,0,-72869324,72869324,0,0,0,291761789,84916270,376678059,0,0,364631113,12046946,376678059
2021-04-13,354,357,343,350,681721,-1.1299435028248588,0,0,-133230,133230,0,0,0,467731,213990,681721,0,0,600961,80760,681721,0,0,-45894687,45894687,0,0,0,163245591,74246234,237491825,0,0,209140278,28351547,237491825
2021-04-14,348,352,341,350,520528,0.0,0,0,-202434,202434,0,0,0,315456,205072,520528,0,0,517890,2638,520528,0,0,-70578808,70578808,0,0,0,109762759,71491397,181254156,0,0,180341567,912589,181254156
2021-04-15,350,432,345,366,12123842,4.571428571428571,0,-55767,507599,-451832,0,0,5000,11438207,680635,12123842,0,60767,10930608,1132467,12123842,0,-21494576,207845784,-186351208,0,0,1832000,4446248278,259827630,4707907908,0,23326576,4238402494,446178838,4707907908
2021-04-16,362,366,351,357,1315824,-2.459016393442623,0,0,-71420,71420,0,0,0,1078267,237557,1315824,0,0,1149687,166137,1315824,0,0,-25068912,25068912,0,0,0,384709193,84326103,469035296,0,0,409778105,59257191,469035296
2021-04-19,357,360,351,356,522153,-0.2801120448179272,0,0,-57309,57309,0,0,0,448330,73823,522153,0,0,505639,16514,522153,0,0,-20331415,20331415,0,0,0,159067642,26183694,185251336,0,0,179399057,5852279,185251336
2021-04-20,355,389,351,367,2111349,3.089887640449438,0,0,-10035,10035,0,0,0,1812826,298523,2111349,0,0,1822861,288488,2111349,0,0,-1386219,1386219,0,0,0,670659783,109269628,779929411,0,0,672046002,107883409,779929411
2021-04-21,366,379,364,368,944600,0.2724795640326975,0,0,-187856,187856,0,0,0,716018,228582,944600,0,0,903874,40726,944600,0,0,-69300967,69300967,0,0,0,264869149,84488871,349358020,0,0,334170116,15187904,349358020
2021-04-22,368,391,361,377,1795639,2.4456521739130435,0,0,-187674,187674,0,0,0,1457295,338344,1795639,0,0,1644969,150670,1795639,0,0,-70928379,70928379,0,0,0,553256313,128319963,681576276,0,0,624184692,57391584,681576276
2021-04-23,377,384,370,380,864136,0.7957559681697612,0,0,-126988,126988,0,0,0,628228,235908,864136,0,0,755216,108920,864136,0,0,-47582734,47582734,0,0,0,237284166,88865859,326150025,0,0,284866900,41283125,326150025
2021-04-26,379,397,377,385,1349045,1.3157894736842104,0,-57393,-75166,132559,0,0,0,1093077,255968,1349045,0,57393,1168243,123409,1349045,0,-22647628,-28641264,51288892,0,0,0,424562453,99374451,523936904,0,22647628,453203717,48085559,523936904
2021-04-27,385,396,382,388,930948,0.7792207792207793,0,26000,-21802,-4198,0,0,26000,772058,132890,930948,0,0,793860,137088,930948,0,10037750,-7927365,-2110385,0,0,10037750,299311709,51217656,360567115,0,0,307239074,53328041,360567115
2021-04-28,387,387,374,375,918259,-3.350515463917526,0,0,-95800,95800,0,0,0,715168,203091,918259,0,0,810968,107291,918259,0,0,-36272725,36272725,0,0,0,270561132,76926000,347487132,0,0,306833857,40653275,347487132
2021-04-29,375,385,368,383,548226,2.1333333333333333,0,0,-143981,143981,0,0,0,357961,190265,548226,0,0,501942,46284,548226,0,0,-54288727,54288727,0,0,0,135216160,71759138,206975298,0,0,189504887,17470411,206975298
2021-04-30,382,396,380,393,1079389,2.610966057441253,0,-46000,-88622,134622,0,0,0,895053,184336,1079389,0,46000,983675,49714,1079389,0,-18032000,-34352360,52384360,0,0,0,348140308,71519263,419659571,0,18032000,382492668,19134903,419659571
2021-05-03,390,397,370,371,775130,-5.597964376590331,0,6,174426,-174432,0,0,6,722487,52637,775130,0,0,548061,227069,775130,0,2328,67015417,-67017745,0,0,2328,276633754,20042726,296678808,0,0,209618337,87060471,296678808
2021-05-04,368,380,361,371,886768,0.0,0,-6,-129372,129378,0,0,0,697887,188881,886768,0,6,827259,59503,886768,0,-2214,-47307681,47309895,0,0,0,256301239,69298264,325599503,0,2214,303608920,21988369,325599503
2021-05-06,370,370,356,357,539242,-3.7735849056603774,0,0,-24504,24504,0,0,0,450990,88252,539242,0,0,475494,63748,539242,0,0,-8716011,8716011,0,0,0,163259269,31902995,195162264,0,0,171975280,23186984,195162264
2021-05-07,357,365,356,359,305190,0.5602240896358543,0,0,-66233,66233,0,0,0,203558,101632,305190,0,0,269791,35399,305190,0,0,-23817661,23817661,0,0,0,73261890,36576901,109838791,0,0,97079551,12759240,109838791
2021-05-10,359,375,356,373,476121,3.8997214484679668,0,0,-121071,121071,0,0,0,345964,130157,476121,0,0,467035,9086,476121,0,0,-44506420,44506420,0,0,0,126864610,47838513,174703123,0,0,171371030,3332093,174703123
2021-05-11,373,373,361,363,397294,-2.680965147453083,0,0,43938,-43938,0,0,0,367956,29338,397294,0,0,324018,73276,397294,0,0,16151395,-16151395,0,0,0,134760456,10675268,145435724,0,0,118609061,26826663,145435724
2021-05-12,363,363,342,347,673900,-4.40771349862259,0,0,74264,-74264,0,0,0,603678,70222,673900,0,0,529414,144486,673900,0,0,26432500,-26432500,0,0,0,211482402,24345268,235827670,0,0,185049902,50777768,235827670
2021-05-13,345,347,337,346,442353,-0.2881844380403458,0,0,-72607,72607,0,0,0,325184,117169,442353,0,0,397791,44562,442353,0,0,-24825432,24825432,0,0,0,111061061,40107681,151168742,0,0,135886493,15282249,151168742
2021-05-14,342,356,342,355,289117,2.601156069364162,0,0,33401,-33401,0,0,0,255802,33315,289117,0,0,222401,66716,289117,0,0,11742572,-11742572,0,0,0,89502487,11565612,101068099,0,0,77759915,23308184,101068099
2021-05-17,354,365,349,351,249231,-1.1267605633802817,0,0,18979,-18979,0,0,0,219982,29249,249231,0,0,201003,48228,249231,0,0,6744670,-6744670,0,0,0,77723463,10303530,88026993,0,0,70978793,17048200,88026993
2021-05-18,352,396,331,337,2716629,-3.9886039886039883,0,0,164035,-164035,0,0,0,2625959,90670,2716629,0,0,2461924,254705,2716629,0,0,57420744,-57420744,0,0,0,935033595,31347893,966381488,0,0,877612851,88768637,966381488
2021-05-20,342,342,331,336,454779,-0.2967359050445104,0,45000,-38491,-6509,0,0,45000,380099,29680,454779,0,0,418590,36189,454779,0,15075000,-12899156,-2175844,0,0,15075000,127379059,9975527,152429586,0,0,140278215,12151371,152429586
2021-05-21,336,349,332,348,417302,3.571428571428571,0,10000,-119715,109715,0,0,10000,270305,136997,417302,0,0,390020,27282,417302,0,3350000,-40919839,37569839,0,0,3350000,91405658,46716889,141472547,0,0,132325497,9147050,141472547
2021-05-24,346,354,338,340,336005,-2.2988505747126435,0,0,128732,-128732,0,0,0,329349,6656,336005,0,0,200617,135388,336005,0,0,44084237,-44084237,0,0,0,112767768,2265737,115033505,0,0,68683531,46349974,115033505
2021-05-25,340,346,339,345,119680,1.4705882352941175,0,0,13750,-13750,0,0,1,111032,8647,119680,0,1,97282,22397,119680,0,1,4705051,-4705052,0,0,346,38197418,2968843,41166607,0,345,33492367,7673895,41166607
2021-05-26,347,348,338,345,269755,0.0,0,0,60,-60,0,0,0,247082,22673,269755,0,0,247022,22733,269755,0,0,66823,-66823,0,0,0,84351320,7713328,92064648,0,0,84284497,7780151,92064648
2021-05-27,346,352,340,349,239355,1.1594202898550725,0,0,9564,-9564,0,0,0,216459,22896,239355,0,0,206895,32460,239355,0,0,3402151,-3402151,0,0,0,74802499,7825615,82628114,0,0,71400348,11227766,82628114
2021-05-28,349,353,341,343,542517,-1.7191977077363898,0,10000,41290,-51290,0,0,10000,490784,41733,542517,0,0,449494,93023,542517,0,3430000,14163462,-17593462,0,0,3430000,169148395,14448311,187026706,0,0,154984933,32041773,187026706
2021-05-31,343,347,341,344,217109,0.2915451895043732,0,0,-22980,22980,0,0,0,194129,22980,217109,0,0,217109,0,217109,0,0,-7911531,7911531,0,0,0,66660145,7911531,74571676,0,0,74571676,0,74571676
2021-06-01,345,349,335,341,697991,-0.872093023255814,0,0,-55452,55452,0,0,0,586724,111267,697991,0,0,642176,55815,697991,0,0,-18853398,18853398,0,0,0,200070313,37912353,237982666,0,0,218923711,19058955,237982666
2021-06-02,340,346,334,340,452984,-0.2932551319648094,0,10000,-1112,-8888,0,0,10000,425631,17353,452984,0,0,426743,26241,452984,0,3370000,-348270,-3021730,0,0,3370000,143575210,5877734,152822944,0,0,143923480,8899464,152822944
2021-06-03,340,347,335,337,305141,-0.8823529411764706,0,0,-12520,12520,0,0,0,276483,28658,305141,0,0,289003,16138,305141,0,0,-4213432,4213432,0,0,0,93350802,9698610,103049412,0,0,97564234,5485178,103049412
2021-06-04,337,350,336,343,317110,1.7804154302670623,0,0,-56069,56069,0,0,0,251634,65476,317110,0,0,307703,9407,317110,0,0,-18985166,18985166,0,0,0,86159740,22211611,108371351,0,0,105144906,3226445,108371351
2021-06-07,348,348,340,345,223197,0.5830903790087464,0,0,42753,-42753,0,0,0,212920,10277,223197,0,0,170167,53030,223197,0,0,14793797,-14793797,0,0,0,73239805,3520479,76760284,0,0,58446008,18314276,76760284
2021-06-08,346,351,337,340,271781,-1.4492753623188406,0,0,28528,-28528,0,0,0,261665,10116,271781,0,0,233137,38644,271781,0,0,9814225,-9814225,0,0,0,89233674,3443216,92676890,0,0,79419449,13257441,92676890
2021-06-09,341,342,333,335,521370,-1.4705882352941175,0,0,37814,-37814,0,0,0,501287,20083,521370,0,0,463473,57897,521370,0,0,12637752,-12637752,0,0,0,167943182,6798249,174741431,0,0,155305430,19436001,174741431
2021-06-10,335,335,326,330,513733,-1.4925373134328357,0,0,36859,-36859,0,0,0,490228,23505,513733,0,0,453369,60364,513733,0,0,12105980,-12105980,0,0,0,161254182,7727150,168981332,0,0,149148202,19833130,168981332
2021-06-11,333,333,326,332,358358,0.6060606060606061,0,0,25387,-25387,0,0,0,347530,10828,358358,0,0,322143,36215,358358,0,0,8355132,-8355132,0,0,0,114232611,3554848,117787459,0,0,105877479,11909980,117787459
2021-06-14,329,334,328,332,199235,0.0,0,10000,-33356,23356,0,0,10000,162146,27089,199235,0,0,195502,3733,199235,0,3290000,-10975910,7685910,0,0,3290000,53441929,8919945,65651874,0,0,64417839,1234035,65651874
2021-06-15,332,332,326,330,297827,-0.6024096385542169,0,0,84028,-84028,0,0,0,295127,2700,297827,0,0,211099,86728,297827,0,0,27571075,-27571075,0,0,0,96719058,884600,97603658,0,0,69147983,28455675,97603658
2021-06-16,330,330,326,328,236900,-0.6060606060606061,0,0,65902,-65902,0,0,0,230160,6740,236900,0,0,164258,72642,236900,0,0,21566214,-21566214,0,0,0,75272810,2207104,77479914,0,0,53706596,23773318,77479914
2021-06-17,328,331,324,324,575574,-1.2195121951219512,0,0,83704,-83704,0,0,0,552364,23210,575574,0,0,468660,106914,575574,0,0,27259877,-27259877,0,0,0,179885872,7648464,187534336,0,0,152625995,34908341,187534336
2021-06-18,322,324,317,318,395915,-1.8518518518518516,0,0,35289,-35289,0,0,0,385311,10604,395915,0,0,350022,45893,395915,0,0,11280363,-11280363,0,0,0,122953128,3380876,126334004,0,0,111672765,14661239,126334004
2021-06-21,318,321,313,320,300235,0.628930817610063,0,0,-5616,5616,0,0,0,275571,24664,300235,0,0,281187,19048,300235,0,0,-1815073,1815073,0,0,0,87241317,7834321,95075638,0,0,89056390,6019248,95075638
2021-06-22,320,326,314,314,501119,-1.875,0,0,15298,-15298,0,0,0,488168,12951,501119,0,0,472870,28249,501119,0,0,4888922,-4888922,0,0,0,154699990,4113101,158813091,0,0,149811068,9002023,158813091
2021-06-23,314,316,308,310,344470,-1.2738853503184715,0,0,49513,-49513,0,0,0,335674,8796,344470,0,0,286161,58309,344470,0,0,15375585,-15375585,0,0,0,104125179,2722331,106847510,0,0,88749594,18097916,106847510
2021-06-24,310,313,307,310,217576,0.0,0,0,38180,-38180,0,0,0,203981,13595,217576,0,0,165801,51775,217576,0,0,11796383,-11796383,0,0,0,63022488,4194450,67216938,0,0,51226105,15990833,67216938
2021-06-25,311,313,310,313,104591,0.967741935483871,0,0,20368,-20368,0,0,0,102578,2013,104591,0,0,82210,22381,104591,0,0,6328532,-6328532,0,0,0,31924717,625071,32549788,0,0,25596185,6953603,32549788
2021-06-28,313,320,313,320,221583,2.2364217252396164,0,0,10780,-10780,0,0,0,204612,16971,221583,0,0,193832,27751,221583,0,0,3424325,-3424325,0,0,0,65085592,5382755,70468347,0,0,61661267,8807080,70468347
2021-06-29,319,323,317,319,284019,-0.3125,0,0,30008,-30008,0,0,0,280684,3335,284019,0,0,250676,33343,284019,0,0,9594705,-9594705,0,0,0,89738774,1067200,90805974,0,0,80144069,10661905,90805974
2021-06-30,325,329,320,323,174489,1.2539184952978055,0,0,19678,-19678,0,0,0,171889,2600,174489,0,0,152211,22278,174489,0,0,6341191,-6341191,0,0,0,55410129,837200,56247329,0,0,49068938,7178391,56247329
2021-07-01,328,328,317,322,220885,-0.30959752321981426,0,0,16294,-16294,0,0,0,212369,8516,220885,0,0,196075,24810,220885,0,0,5302818,-5302818,0,0,0,68205324,2726002,70931326,0,0,62902506,8028820,70931326
2021-07-02,322,328,320,321,143919,-0.3105590062111801,0,0,24935,-24935,0,0,0,141762,2157,143919,0,0,116827,27092,143919,0,0,8010861,-8010861,0,0,0,45584716,692397,46277113,0,0,37573855,8703258,46277113
2021-07-05,321,322,318,321,92187,0.0,0,0,16193,-16193,0,0,0,92181,6,92187,0,0,75988,16199,92187,0,0,5169068,-5169068,0,0,0,29428392,1926,29430318,0,0,24259324,5170994,29430318
2021-07-06,319,323,317,320,191917,-0.3115264797507788,0,0,6083,-6083,0,0,0,186615,5302,191917,0,0,180532,11385,191917,0,0,1952804,-1952804,0,0,0,59463875,1684057,61147932,0,0,57511071,3636861,61147932
2021-07-07,320,321,315,319,158652,-0.3125,0,0,41933,-41933,0,0,0,158652,0,158652,0,0,116719,41933,158652,0,0,13317518,-13317518,0,0,0,50336660,0,50336660,0,0,37019142,13317518,50336660
2021-07-08,319,320,309,315,257030,-1.2539184952978055,0,0,54920,-54920,0,0,0,253039,3991,257030,0,0,198119,58911,257030,0,0,17235434,-17235434,0,0,0,79229960,1240997,80470957,0,0,61994526,18476431,80470957
2021-07-09,312,314,304,307,323090,-2.5396825396825395,0,0,38130,-38130,0,0,0,316360,6730,323090,0,0,278230,44860,323090,0,0,11707392,-11707392,0,0,0,96872169,2068655,98940824,0,0,85164777,13776047,98940824
2021-07-12,305,316,305,314,291759,2.2801302931596092,0,0,14430,-14430,0,0,0,282586,9173,291759,0,0,268156,23603,291759,0,0,4524411,-4524411,0,0,0,87861511,2843687,90705198,0,0,83337100,7368098,90705198
2021-07-13,315,318,308,318,179699,1.2738853503184715,0,0,6973,-6973,0,0,0,162802,16897,179699,0,0,155829,23870,179699,0,0,2200159,-2200159,0,0,0,50915440,5241502,56156942,0,0,48715281,7441661,56156942
2021-07-14,317,318,308,315,383812,-0.9433962264150944,0,0,19395,-19395,0,0,0,372138,11674,383812,0,0,352743,31069,383812,0,0,6054948,-6054948,0,0,0,116318084,3663041,119981125,0,0,110263136,9717989,119981125
2021-07-15,315,315,308,310,254945,-1.5873015873015872,0,0,55368,-55368,0,0,0,254945,0,254945,0,0,199577,55368,254945,0,0,17165958,-17165958,0,0,0,79061188,0,79061188,0,0,61895230,17165958,79061188
2021-07-16,311,314,306,310,170573,0.0,0,0,23295,-23295,0,0,0,170426,147,170573,0,0,147131,23442,170573,0,0,7216799,-7216799,0,0,0,52552605,45541,52598146,0,0,45335806,7262340,52598146
2021-07-19,310,316,305,309,194611,-0.3225806451612903,0,0,25085,-25085,0,0,0,189339,5272,194611,0,0,164254,30357,194611,0,0,7752707,-7752707,0,0,0,58208916,1630257,59839173,0,0,50456209,9382964,59839173
2021-07-20,305,308,302,307,187687,-0.6472491909385114,0,0,41665,-41665,0,0,0,187231,456,187687,0,0,145566,42121,187687,0,0,12683285,-12683285,0,0,0,57015334,139090,57154424,0,0,44332049,12822375,57154424
2021-07-21,304,306,302,303,329998,-1.3029315960912053,0,0,53495,-53495,0,0,0,328005,1993,329998,0,0,274510,55488,329998,0,0,16242416,-16242416,0,0,0,99538714,607855,100146569,0,0,83296298,16850271,100146569
2021-07-22,303,303,284,295,751501,-2.6402640264026402,0,0,1003,-1003,0,0,0,723705,27796,751501,0,0,722702,28799,751501,0,0,405246,-405246,0,0,0,214296780,8142671,222439451,0,0,213891534,8547917,222439451
2021-07-23,295,305,293,300,563288,1.694915254237288,0,0,29381,-29381,0,0,0,547524,15764,563288,0,0,518143,45145,563288,0,0,8793962,-8793962,0,0,0,163669530,4678974,168348504,0,0,154875568,13472936,168348504
2021-07-26,300,325,295,305,587893,1.6666666666666667,0,0,7943,-7943,0,0,0,572718,15175,587893,0,0,564775,23118,587893,0,0,2326845,-2326845,0,0,0,174236983,4653945,178890928,0,0,171910138,6980790,178890928
2021-07-27,304,314,301,305,174571,0.0,0,0,5936,-5936,0,0,0,162669,11902,174571,0,0,156733,17838,174571,0,0,1802392,-1802392,0,0,0,50096709,3640410,53737119,0,0,48294317,5442802,53737119
2021-07-28,303,306,293,296,589432,-2.9508196721311477,0,0,17027,-17027,0,0,0,584259,5173,589432,0,0,567232,22200,589432,0,0,5069147,-5069147,0,0,0,174275579,1530518,175806097,0,0,169206432,6599665,175806097
2021-07-29,298,306,294,301,169506,1.6891891891891893,0,0,11585,-11585,0,0,0,164936,4570,169506,0,0,153351,16155,169506,0,0,3472232,-3472232,0,0,0,49774188,1364261,51138449,0,0,46301956,4836493,51138449
2021-07-30,301,303,294,296,204981,-1.6611295681063125,0,0,38335,-38335,0,0,0,204966,15,204981,0,0,166631,38350,204981,0,0,11350676,-11350676,0,0,0,60580373,4440,60584813,0,0,49229697,11355116,60584813
2021-08-02,295,297,288,295,283192,-0.33783783783783783,0,0,29768,-29768,0,0,0,280515,2677,283192,0,0,250747,32445,283192,0,0,8743797,-8743797,0,0,0,81971008,779769,82750777,0,0,73227211,9523566,82750777
2021-08-03,296,300,290,297,265910,0.6779661016949152,0,0,47212,-47212,0,0,0,255457,10453,265910,0,0,208245,57665,265910,0,0,13994604,-13994604,0,0,0,75756798,3078721,78835519,0,0,61762194,17073325,78835519
2021-08-04,299,304,295,302,190908,1.6835016835016834,0,0,2677,-2677,0,0,0,178009,12899,190908,0,0,175332,15576,190908,0,0,790260,-790260,0,0,0,53196499,3860571,57057070,0,0,52406239,4650831,57057070
2021-08-05,306,309,293,300,674690,-0.6622516556291391,0,53,-9723,9670,0,0,53,632653,41984,674690,0,0,642376,32314,674690,0,15913,-2764979,2749066,0,0,15913,190139361,12479181,202634455,0,0,192904340,9730115,202634455
2021-08-06,301,306,294,299,372873,-0.33333333333333337,0,0,224,-224,0,0,0,345909,26964,372873,0,0,345685,27188,372873,0,0,115568,-115568,0,0,0,103681363,8001723,111683086,0,0,103565795,8117291,111683086
2021-08-09,299,309,295,300,359688,0.33444816053511706,0,0,42707,-42707,0,0,0,358722,966,359688,0,0,316015,43673,359688,0,0,12832683,-12832683,0,0,0,107842491,288938,108131429,0,0,95009808,13121621,108131429
2021-08-10,297,302,295,300,81664,0.0,0,2,28862,-28864,0,0,2,80736,926,81664,0,0,51874,29790,81664,0,596,8577683,-8578279,0,0,596,23998337,275630,24274563,0,0,15420654,8853909,24274563
2021-08-11,291,298,289,293,324090,-2.3333333333333335,0,-2,28011,-28009,0,0,0,316869,7221,324090,0,2,288858,35230,324090,0,-587,8263108,-8262521,0,0,0,92774259,2126541,94900800,0,587,84511151,10389062,94900800
2021-08-12,293,298,290,291,307491,-0.6825938566552902,0,2,22404,-22406,0,0,2,296542,10947,307491,0,0,274138,33353,307491,0,590,6605829,-6606419,0,0,590,86994006,3184669,90179265,0,0,80388177,9791088,90179265
2021-08-13,292,296,269,273,766231,-6.185567010309279,0,0,31739,-31739,0,0,1,762343,3887,766231,0,1,730604,35626,766231,0,1,9006612,-9006613,0,0,279,212486068,1087357,213573704,0,278,203479456,10093970,213573704
2021-08-17,270,273,245,261,612310,-4.395604395604396,0,4,17108,-17112,0,0,4,587277,25029,612310,0,0,570169,42141,612310,0,1066,4638977,-4640043,0,0,1066,154136771,6594927,160732764,0,0,149497794,11234970,160732764
2021-08-18,258,258,245,251,898116,-3.8314176245210727,0,-57,-31672,31729,0,0,0,842453,55663,898116,0,57,874125,23934,898116,0,-14427,-7965218,7979645,0,0,0,210745754,14030947,224776701,0,14427,218710972,6051302,224776701
2021-08-19,249,249,216,222,1504138,-11.553784860557768,0,10,-12445,12435,0,0,11,1459808,44319,1504138,0,1,1472253,31884,1504138,0,2342,-3005356,3003014,0,0,2581,335351357,10374815,345728753,0,239,338356713,7371801,345728753
2021-08-20,219,228,210,217,778911,-2.2522522522522523,0,1,-46566,46565,0,0,1,688240,90670,778911,0,0,734806,44105,778911,0,218,-10185062,10184844,0,0,218,149736058,19834463,169570739,0,0,159921120,9649619,169570739
2021-08-23,220,279,217,251,13655541,15.668202764976957,0,0,240549,-240549,0,0,0,13272536,383005,13655541,0,0,13031987,623554,13655541,0,0,63938674,-63938674,0,0,0,3457162291,98465757,3555628048,0,0,3393223617,162404431,3555628048
2021-08-24,251,253,234,239,3181914,-4.780876494023905,0,-1,-104572,104573,0,0,0,2882846,299068,3181914,0,1,2987418,194495,3181914,0,-236,-25104234,25104470,0,0,0,695576674,72212531,767789205,0,236,720680908,47108061,767789205
2021-08-25,242,244,237,242,568391,1.2552301255230125,0,0,-3956,3956,0,0,0,523344,45047,568391,0,0,527300,41091,568391,0,0,-969186,969186,0,0,0,125575752,10800546,136376298,0,0,126544938,9831360,136376298
2021-08-26,243,310,242,275,22079665,13.636363636363635,0,0,758125,-758125,0,155,0,21300558,778952,22079665,155,0,20542433,1537077,22079665,-1085,0,219488363,-219487278,0,44175,0,6089864305,220805648,6310714128,45260,0,5870375942,440292926,6310714128
2021-08-27,275,275,254,266,3021531,-3.272727272727273,0,-1,-21361,21362,0,0,0,2874001,147530,3021531,0,1,2895362,126168,3021531,0,-264,-4836026,4836290,0,0,0,757056927,38273014,795329941,0,264,761892953,33436724,795329941
2021-08-30,266,268,255,257,1180582,-3.3834586466165413,0,6600,65649,-72249,0,0,6600,1110114,63868,1180582,0,0,1044465,136117,1180582,0,1689600,17357319,-19046919,0,0,1689600,288505886,16660459,306855945,0,0,271148567,35707378,306855945
2021-08-31,259,293,254,259,4038829,0.7782101167315175,0,-103162,241863,-138701,0,0,0,3933705,105124,4038829,0,103162,3691842,243825,4038829,0,-27343226,65158386,-37815160,0,0,0,1059616826,28193282,1087810108,0,27343226,994458440,66008442,1087810108
2021-09-01,262,278,257,262,2071560,1.1583011583011582,0,-42184,100833,-58649,0,0,2776,2012576,56208,2071560,0,44960,1911743,114857,2071560,0,-11405178,27055542,-15650364,0,0,745572,531409637,14827196,546982405,0,12150750,504354095,30477560,546982405
2021-09-02,262,279,258,264,7100608,0.7633587786259541,0,-1416806,1575648,-158842,0,0,51827,6893196,155585,7100608,0,1468633,5317548,314427,7100608,0,-384318141,426373700,-42055559,0,0,13840021,1847698314,41935975,1903474310,0,398158162,1421324614,83991534,1903474310
2021-09-03,266,270,261,267,1300877,1.1363636363636365,0,-1,57869,-57868,0,0,0,1249390,51487,1300877,0,1,1191521,109355,1300877,0,-266,15236044,-15235778,0,0,0,330449560,13635882,344085442,0,266,315213516,28871660,344085442
2021-09-06,267,270,263,267,599117,0.0,0,-2,-19513,19515,0,0,0,553310,45807,599117,0,2,572823,26292,599117,0,-533,-5183823,5184356,0,0,0,147335891,12212420,159548311,0,533,152519714,7028064,159548311
2021-09-07,263,267,260,262,467499,-1.8726591760299627,0,1,26211,-26212,0,0,1,459475,8023,467499,0,0,433264,34235,467499,0,264,6946549,-6946813,0,0,264,120610239,2107057,122717560,0,0,113663690,9053870,122717560
2021-09-08,264,266,260,262,322349,0.0,0,1,-48064,48063,0,0,1,274171,48177,322349,0,0,322235,114,322349,0,263,-12606541,12606278,0,0,263,71936662,12636374,84573299,0,0,84543203,30096,84573299
2021-09-09,260,264,255,263,459224,0.38167938931297707,0,0,-61948,61948,0,0,0,393155,66069,459224,0,0,455103,4121,459224,0,0,-15975898,15975898,0,0,0,101823867,17046622,118870489,0,0,117799765,1070724,118870489
2021-09-10,263,266,259,263,417134,0.0,0,-1,-45719,45720,0,0,0,343132,74002,417134,0,1,388851,28282,417134,0,-262,-12031351,12031613,0,0,0,90056683,19423837,109480520,0,262,102088034,7392224,109480520
2021-09-13,265,265,258,261,346648,-0.7604562737642585,0,0,8704,-8704,0,0,0,339049,7599,346648,0,0,330345,16303,346648,0,0,2305155,-2305155,0,0,0,88428365,1968145,90396510,0,0,86123210,4273300,90396510
2021-09-14,261,267,250,259,1504259,-0.7662835249042145,0,-99999,38337,61662,0,0,1,1420121,84137,1504259,0,100000,1381784,22475,1504259,0,-26499742,10471241,16028501,0,0,258,369478360,21859250,391337868,0,26500000,359007119,5830749,391337868
2021-09-15,258,260,253,260,507658,0.3861003861003861,0,0,-7648,7648,0,0,0,446637,61021,507658,0,0,454285,53373,507658,0,0,-1857117,1857117,0,0,0,114111294,15550152,129661446,0,0,115968411,13693035,129661446
2021-09-16,260,264,249,250,2869507,-3.8461538461538463,0,-2041482,362843,1678639,0,0,0,798307,2071200,2869507,0,2041482,435464,392561,2869507,0,-489957060,91782619,398174441,0,0,0,202068762,497498421,699567183,0,489957060,110286143,99323980,699567183
2021-09-17,251,256,250,251,551510,0.4,0,1,148861,-148862,0,0,1,469640,81869,551510,0,0,320779,230731,551510,0,255,37541467,-37541722,0,0,255,118677030,20720995,139398280,0,0,81135563,58262717,139398280
2021-09-23,251,251,243,247,389017,-1.593625498007968,0,0,70681,-70681,0,0,0,351209,37808,389017,0,0,280528,108489,389017,0,0,17406261,-17406261,0,0,0,86514344,9302333,95816677,0,0,69108083,26708594,95816677
2021-09-24,243,245,237,240,723737,-2.834008097165992,0,0,174622,-174622,0,0,0,681967,41770,723737,0,0,507345,216392,723737,0,0,42006258,-42006258,0,0,0,163987615,10078191,174065806,0,0,121981357,52084449,174065806
2021-09-27,236,240,233,238,262175,-0.8333333333333334,0,1,-5510,5509,0,0,1,204240,57934,262175,0,0,209750,52425,262175,0,240,-1297597,1297357,0,0,240,48206778,13630113,61837131,0,0,49504375,12332756,61837131
2021-09-28,237,242,233,238,311200,0.0,0,0,8717,-8717,0,0,0,282612,28588,311200,0,0,273895,37305,311200,0,0,2053710,-2053710,0,0,0,66824612,6774176,73598788,0,0,64770902,8827886,73598788
2021-09-29,237,241,234,241,184478,1.2605042016806722,0,3,8559,-8562,0,0,3,149992,34483,184478,0,0,141433,43045,184478,0,712,2127423,-2128135,0,0,712,35672058,8149687,43822457,0,0,33544635,10277822,43822457
2021-09-30,240,240,231,231,477795,-4.149377593360995,0,-2,24059,-24057,0,0,0,431574,46221,477795,0,2,407515,70278,477795,0,-471,5719298,-5718827,0,0,0,101421577,10849387,112270964,0,471,95702279,16568214,112270964
2021-10-01,230,242,228,231,338161,0.0,0,3,66624,-66627,0,0,3,336794,1364,338161,0,0,270170,67991,338161,0,697,15731013,-15731710,0,0,697,79101729,315078,79417504,0,0,63370716,16046788,79417504
2021-10-05,231,234,221,222,367179,-3.896103896103896,0,-72,69704,-69632,0,0,0,346675,20504,367179,0,72,276971,90136,367179,0,-16136,15804144,-15788008,0,0,0,77797935,4616834,82414769,0,16136,61993791,20404842,82414769
2021-10-06,229,232,213,217,594559,-2.2522522522522523,0,0,106371,-106371,0,0,0,528455,66104,594559,0,0,422084,172475,594559,0,0,23482955,-23482955,0,0,0,115866605,14440714,130307319,0,0,92383650,37923669,130307319
2021-10-07,212,223,212,214,547470,-1.3824884792626728,0,0,201495,-201495,0,0,0,485970,61500,547470,0,0,284475,262995,547470,0,0,43120400,-43120400,0,0,0,104602507,13246377,117848884,0,0,61482107,56366777,117848884
2021-10-08,221,221,214,215,317947,0.46728971962616817,0,0,96176,-96176,0,0,0,290253,27694,317947,0,0,194077,123870,317947,0,0,20734283,-20734283,0,0,0,62435429,5972964,68408393,0,0,41701146,26707247,68408393
2021-10-12,217,217,211,215,237714,0.0,0,0,86025,-86025,0,0,0,221365,16349,237714,0,0,135340,102374,237714,0,0,18313659,-18313659,0,0,0,47281775,3513768,50795543,0,0,28968116,21827427,50795543
2021-10-13,213,215,211,211,486671,-1.8604651162790697,0,0,143214,-143214,0,0,0,457004,29667,486671,0,0,313790,172881,486671,0,0,30329275,-30329275,0,0,0,96779845,6320535,103100380,0,0,66450570,36649810,103100380
2021-10-14,212,220,211,211,618503,0.0,0,0,111035,-111035,0,0,0,487777,130726,618503,0,0,376742,241761,618503,0,0,23802820,-23802820,0,0,0,104533134,27984073,132517207,0,0,80730314,51786893,132517207
2021-10-15,214,220,211,220,552163,4.265402843601896,0,0,74042,-74042,0,0,0,484929,67234,552163,0,0,410887,141276,552163,0,0,15911659,-15911659,0,0,0,104899963,14570690,119470653,0,0,88988304,30482349,119470653
2021-10-18,226,226,214,218,328664,-0.9090909090909091,0,0,-17454,17454,0,0,0,295029,33635,328664,0,0,312483,16181,328664,0,0,-3813709,3813709,0,0,0,64604693,7380428,71985121,0,0,68418402,3566719,71985121
2021-10-19,220,228,216,227,610824,4.128440366972478,0,0,-49199,49199,0,0,0,536351,74473,610824,0,0,585550,25274,610824,0,0,-11159060,11159060,0,0,0,119999217,16798356,136797573,0,0,131158277,5639296,136797573
2021-10-20,229,293,228,275,20658220,21.145374449339208,0,58,150639,-150697,0,0,58,19957491,700671,20658220,0,0,19806852,851368,20658220,0,14315,42147605,-42161920,0,0,14315,5531215955,192746823,5723977093,0,0,5489068350,234908743,5723977093
2021-10-21,273,277,247,247,3693091,-10.181818181818182,0,58499,-215883,157384,0,0,58505,3420332,214254,3693091,0,6,3636215,56870,3693091,0,14658708,-55087846,40429138,0,0,14660250,885195131,55326903,955182284,0,1542,940282977,14897765,955182284
2021-10-22,247,320,245,295,46458903,19.4331983805668,0,-42113,163605,-121492,0,170,23002,44181103,2254628,46458903,170,65115,44017498,2376120,46458903,-255,-10547179,53953294,-43405860,0,53210,7243420,13234011606,659987402,13901295638,53465,17790599,13180058312,703393262,13901295638
2021-10-25,293,370,276,336,44658222,13.898305084745763,0,59406,145826,-205232,0,573,73216,42756578,1827855,44658222,573,13810,42610752,2033087,44658222,-329,20888714,57133418,-78021803,0,203385,24769259,14525321305,613313531,15163607480,203714,3880545,14468187887,691335334,15163607480
2021-10-26,334,410,320,376,70714409,11.904761904761903,0,-2014,441600,-439586,0,1337,61000,67531930,3120142,70714409,1337,63014,67090330,3559728,70714409,682,-2097405,177108714,-175011991,0,515993,22854232,25957838741,1193519413,27174728379,515311,24951637,25780730027,1368531404,27174728379
2021-10-27,378,402,336,348,11900866,-7.446808510638298,0,16012,246875,-262887,0,0,21020,11537773,342073,11900866,0,5008,11290898,604960,11900866,0,5787087,89863865,-95650952,0,0,7474918,4182976267,131649227,4322100412,0,1687831,4093112402,227300179,4322100412
2021-10-28,350,379,328,331,7944490,-4.885057471264368,0,-3015,116588,-113573,0,0,5,7711630,232855,7944490,0,3020,7595042,346428,7944490,0,-999343,43805917,-42806574,0,0,1704,2717015761,82256793,2799274258,0,1001047,2673209844,125063367,2799274258
2021-10-29,349,350,323,335,3601176,1.2084592145015105,0,2,23264,-23266,0,0,2,3421970,179204,3601176,0,0,3398706,202470,3601176,0,657,8881302,-8881959,0,0,657,1143924735,59756324,1203681716,0,0,1135043433,68638283,1203681716
2021-11-01,329,333,312,324,2496787,-3.2835820895522385,0,-5999,-60778,66777,0,0,1,2352842,143944,2496787,0,6000,2413620,77167,2496787,0,-1899016,-20178578,22077594,0,0,320,753370950,46684655,800055925,0,1899336,773549528,24607061,800055925
2021-11-02,324,336,312,335,2328948,3.3950617283950617,0,0,1406,-1406,0,0,0,2276732,52216,2328948,0,0,2275326,53622,2328948,0,0,667860,-667860,0,0,0,738952536,16733213,755685749,0,0,738284676,17401073,755685749
2021-11-03,333,337,323,334,1309462,-0.2985074626865672,0,85,32150,-32235,0,0,85,1288631,20746,1309462,0,0,1256481,52981,1309462,0,28160,10696990,-10725150,0,0,28160,425396914,6855110,432280184,0,0,414699924,17580260,432280184
2021-11-04,334,335,307,307,2205459,-8.08383233532934,0,-7000,-79615,86615,0,0,0,2064489,140970,2205459,0,7000,2144104,54355,2205459,0,-2191000,-25233663,27424663,0,0,0,650594348,44766813,695361161,0,2191000,675828011,17342150,695361161
2021-11-05,307,314,294,297,1757214,-3.257328990228013,0,37510,-68457,30947,0,0,67410,1594084,95720,1757214,0,29900,1662541,64773,1757214,0,11616298,-20440601,8824303,0,0,20561843,481081822,28493359,530137024,0,8945545,501522423,19669056,530137024
2021-11-08,300,339,295,318,5200730,7.07070707070707,0,86397,-86205,-192,0,335,136813,4780770,282812,5200730,335,50416,4866975,283004,5200730,2010,26584515,-24318140,-2268385,0,112225,42507845,1526238064,89239975,1658098109,110215,15923330,1550556204,91508360,1658098109
2021-11-09,319,323,309,316,1127573,-0.628930817610063,0,-12,-30296,30308,0,0,0,1067262,60311,1127573,0,12,1097558,30003,1127573,0,-3782,-9390523,9394305,0,0,0,335866857,18945253,354812110,0,3782,345257380,9550948,354812110
2021-11-10,320,374,314,339,10775589,7.2784810126582276,0,-499,150199,-149700,0,0,0,10079817,695772,10775589,0,499,9929618,845472,10775589,0,-184434,51932477,-51748043,0,0,0,3490157200,236055328,3726212528,0,184434,3438224723,287803371,3726212528
2021-11-11,330,345,327,333,1849915,-1.7699115044247788,0,-49,-201781,201830,0,0,0,1541771,308144,1849915,0,49,1743552,106314,1849915,0,-16204,-67339649,67355853,0,0,0,514600392,102870606,617470998,0,16204,581940041,35514753,617470998
2021-11-12,339,364,330,345,4203859,3.6036036036036037,0,5,-66984,66979,0,0,5,3792697,411157,4203859,0,0,3859681,344178,4203859,0,1729,-22028124,22026395,0,0,1729,1320468294,142912385,1463382408,0,0,1342496418,120885990,1463382408
2021-11-15,351,386,350,364,5280037,5.507246376811594,0,12953,-188216,175263,0,0,12960,4771105,495972,5280037,0,7,4959321,320709,5280037,0,4930076,-67999760,63069684,0,0,4932580,1769391215,182673462,1956997257,0,2504,1837390975,119603778,1956997257
2021-11-16,367,403,367,380,9525756,4.395604395604396,0,-5,-21662,21667,0,0,0,9030908,494848,9525756,0,5,9052570,473181,9525756,0,-1903,-6022932,6024835,0,0,0,3497338467,189863662,3687202129,0,1903,3503361399,183838827,3687202129
2021-11-17,381,389,352,370,2534619,-2.631578947368421,0,-6,7631,-7625,0,0,0,2359564,175055,2534619,0,6,2351933,182680,2534619,0,-2205,4392608,-4390403,0,0,0,875932198,64505242,940437440,0,2205,871539590,68895645,940437440
2021-11-18,367,376,345,347,1651337,-6.216216216216217,0,-1368,21835,-20467,0,0,121,1556472,94744,1651337,0,1489,1534637,115211,1651337,0,-491250,7863779,-7372529,0,0,43318,557444635,34379690,591867643,0,534568,549580856,41752219,591867643
2021-11-19,349,383,346,367,2409425,5.763688760806916,0,2,16645,-16647,0,0,2,2237321,172102,2409425,0,0,2220676,188749,2409425,0,723,7297892,-7298615,0,0,723,822883710,62267369,885151802,0,0,815585818,69565984,885151802
2021-11-22,373,373,336,353,1530799,-3.8147138964577656,0,-4,53681,-53677,0,0,0,1445147,85652,1530799,0,4,1391466,139329,1530799,0,-1426,20205701,-20204275,0,0,0,508105128,29524576,537629704,0,1426,487899427,49728851,537629704
2021-11-23,353,363,342,344,769984,-2.5495750708215295,0,64,13989,-14053,0,0,64,685041,84879,769984,0,0,671052,98932,769984,0,22395,5784415,-5806810,0,0,22395,240891159,29437716,270351270,0,0,235106744,35244526,270351270
2021-11-24,344,378,338,342,2218058,-0.5813953488372093,0,-11715,53278,-41563,0,0,3,2075033,143022,2218058,0,11718,2021755,184585,2218058,0,-4029948,19459305,-15429357,0,0,1044,733606448,49706742,783314234,0,4030992,714147143,65136099,783314234
2021-11-25,342,362,321,338,1180786,-1.1695906432748537,0,0,7834,-7834,0,0,0,1092761,88025,1180786,0,0,1084927,95859,1180786,0,0,3841952,-3841952,0,0,0,374240312,29774253,404014565,0,0,370398360,33616205,404014565
2021-11-26,339,348,325,325,954169,-3.8461538461538463,0,0,-27149,27149,0,0,0,850423,103746,954169,0,0,877572,76597,954169,0,0,-8669702,8669702,0,0,0,281406958,34187069,315594027,0,0,290076660,25517367,315594027
2021-11-29,320,331,310,325,805962,0.0,0,2,-86232,86230,0,0,2,639594,166366,805962,0,0,725826,80136,805962,0,646,-27429942,27429296,0,0,646,205172525,53268176,258441347,0,0,232602467,25838880,258441347
2021-11-30,320,325,276,278,3301070,-14.461538461538462,0,-203768,184204,19564,0,0,1,2895257,405812,3301070,0,203769,2711053,386248,3301070,0,-59347207,55246083,4101124,0,0,287,849833208,118355095,968188590,0,59347494,794587125,114253971,968188590
2021-12-01,281,292,254,279,1387599,0.3597122302158274,0,0,-314266,314266,0,0,0,891003,496596,1387599,0,0,1205269,182330,1387599,0,0,-84143406,84143406,0,0,0,247431703,135941571,383373274,0,0,331575109,51798165,383373274
2021-12-02,280,295,273,286,1165597,2.5089605734767026,0,0,-78405,78405,0,0,0,897400,268197,1165597,0,0,975805,189792,1165597,0,0,-21177926,21177926,0,0,0,255759751,75756749,331516500,0,0,276937677,54578823,331516500
2021-12-03,296,296,273,290,486635,1.3986013986013985,0,0,-950,950,0,0,0,392800,93835,486635,0,0,393750,92885,486635,0,0,-407971,407971,0,0,0,112853337,27155948,140009285,0,0,113261308,26747977,140009285
2021-12-06,283,295,277,291,714568,0.3448275862068966,0,-2,-60312,60314,0,0,0,503236,211332,714568,0,2,563548,151018,714568,0,-573,-16401321,16401894,0,0,0,144799783,60385767,205185550,0,573,161201104,43983873,205185550
2021-12-07,291,297,286,292,460651,0.3436426116838488,0,-1,-117690,117691,0,0,0,286799,173852,460651,0,1,404489,56161,460651,0,-291,-33862017,33862308,0,0,0,83507732,50211864,133719596,0,291,117369749,16349556,133719596
2021-12-08,296,302,289,292,390384,0.0,0,0,-24650,24650,0,0,0,316958,73426,390384,0,0,341608,48776,390384,0,0,-7047771,7047771,0,0,0,93574574,21516810,115091384,0,0,100622345,14469039,115091384
2021-12-09,301,301,288,292,285945,0.0,0,0,-24176,24176,0,0,0,254509,31436,285945,0,0,278685,7260,285945,0,0,-7046835,7046835,0,0,0,74322048,9189267,83511315,0,0,81368883,2142432,83511315
2021-12-10,287,295,287,292,208812,0.0,0,0,-7473,7473,0,0,0,170525,38287,208812,0,0,177998,30814,208812,0,0,-2150713,2150713,0,0,0,49756927,11129144,60886071,0,0,51907640,8978431,60886071
2021-12-13,300,300,287,287,223167,-1.7123287671232876,0,0,16003,-16003,0,0,0,202563,20604,223167,0,0,186560,36607,223167,0,0,4649467,-4649467,0,0,0,58918693,6009625,64928318,0,0,54269226,10659092,64928318
2021-12-14,290,290,277,283,279073,-1.3937282229965158,0,1,9993,-9994,0,0,1,235603,43469,279073,0,0,225610,53463,279073,0,288,2980529,-2980817,0,0,288,66846909,12317663,79164860,0,0,63866380,15298480,79164860
2021-12-15,283,300,280,280,406332,-1.0600706713780919,0,2,74735,-74737,0,0,2,391644,14686,406332,0,0,316909,89423,406332,0,562,21239162,-21239724,0,0,562,111101247,4183111,115284920,0,0,89862085,25422835,115284920
2021-12-16,285,287,278,278,338337,-0.7142857142857143,0,96,-52554,52458,0,0,96,255211,83030,338337,0,0,307765,30572,338337,0,26963,-14690948,14663985,0,0,26963,71466162,23279465,94772590,0,0,86157110,8615480,94772590
2021-12-17,278,285,275,281,401175,1.079136690647482,0,2,69507,-69509,0,0,2,372006,29167,401175,0,0,302499,98676,401175,0,560,19443786,-19444346,0,0,560,103804226,8131905,111936691,0,0,84360440,27576251,111936691
2021-12-20,275,282,270,271,329818,-3.558718861209965,0,0,31630,-31630,0,0,0,299636,30182,329818,0,0,268006,61812,329818,0,0,8729454,-8729454,0,0,0,81876563,8258056,90134619,0,0,73147109,16987510,90134619
2021-12-21,272,273,260,267,432686,-1.4760147601476015,0,8,-80329,80321,0,0,8,317576,115102,432686,0,0,397905,34781,432686,0,2131,-21129301,21127170,0,0,2131,83895899,30385768,114283798,0,0,105025200,9258598,114283798
2021-12-22,272,272,257,260,360095,-2.6217228464419478,0,0,2880,-2880,0,0,0,311864,48231,360095,0,0,308984,51111,360095,0,0,980051,-980051,0,0,0,82013822,12632215,94646037,0,0,81033771,13612266,94646037
2021-12-23,260,265,259,261,231472,0.38461538461538464,0,5,-1320,1315,0,0,5,188699,42768,231472,0,0,190019,41453,231472,0,1314,-322558,321244,0,0,1314,49407824,11178093,60587231,0,0,49730382,10856849,60587231
2021-12-24,259,264,255,259,262047,-0.7662835249042145,0,1,24296,-24297,0,0,1,214791,47255,262047,0,0,190495,71552,262047,0,259,6297467,-6297726,0,0,259,55437404,12204481,67642144,0,0,49139937,18502207,67642144
2021-12-27,261,261,254,260,417087,0.3861003861003861,0,4,127946,-127950,0,0,4,390409,26674,417087,0,0,262463,154624,417087,0,1028,32814760,-32815788,0,0,1028,100181686,6805515,106988229,0,0,67366926,39621303,106988229
2021-12-28,256,262,249,254,731308,-2.307692307692308,0,-1,95889,-95888,0,0,0,716349,14959,731308,0,1,620460,110847,731308,0,-252,24520743,-24520491,0,0,0,181537913,3788115,185326028,0,252,157017170,28308606,185326028
2021-12-29,258,264,253,255,368758,0.39370078740157477,0,16,-16169,16153,0,0,16,283769,84973,368758,0,0,299938,68820,368758,0,4141,-4272759,4268618,0,0,4141,73067893,21943400,95015434,0,0,77340652,17674782,95015434
2021-12-30,260,260,248,252,339309,-1.1764705882352942,0,1,927,-928,0,0,1,322565,16743,339309,0,0,321638,17671,339309,0,251,232919,-233170,0,0,251,81194996,4226316,85421563,0,0,80962077,4459486,85421563
2022-01-03,258,327,258,300,37708444,19.047619047619047,0,1,433999,-434000,0,48928,62661,36752312,844543,37708444,48928,62660,36318313,1278543,37708444,0,13827,134368977,-134382804,0,15999456,20490147,11559840768,260242970,11856573341,15999456,20476320,11425471791,394625774,11856573341
2022-01-04,309,322,280,290,13557822,-3.3333333333333335,0,-26,258831,-258805,0,0,0,12977423,580399,13557822,0,26,12718592,839204,13557822,0,-7596,77242997,-77235401,0,0,0,3808627897,171051207,3979679104,0,7596,3731384900,248286608,3979679104
2022-01-05,290,376,289,350,52919774,20.689655172413794,0,1,-41417,41416,0,0,15198,51290306,1614270,52919774,0,15197,51331723,1572854,52919774,0,-66020,-7923820,7989840,0,0,4984946,17473685319,532131297,18010801562,0,5050966,17481609139,524141457,18010801562
2022-01-06,350,445,316,324,62367908,-7.428571428571429,0,-28,3382986,-3382958,0,0,1012,60599918,1766978,62367908,0,1040,57216932,5149936,62367908,0,-12358,1241890580,-1241878222,0,0,424028,23512717421,669792341,24182933790,0,436386,22270826841,1911670563,24182933790
2022-01-07,329,362,296,300,18309804,-7.4074074074074066,0,16,640856,-640872,0,0,16,17373466,936322,18309804,0,0,16732610,1577194,18309804,0,4827,202729811,-202734638,0,0,4827,5628733690,301484603,5930223120,0,0,5426003879,504219241,5930223120
2022-01-10,297,347,297,323,25660192,7.666666666666666,0,107549,-124166,16617,0,190,107549,24579846,972607,25660192,190,0,24704012,955990,25660192,1330,34286726,-34205941,-82115,0,65740,34286726,8096587800,313949049,8444889315,64410,0,8130793741,314031164,8444889315
2022-01-11,330,333,297,301,7745718,-6.811145510835913,0,40561,-108721,68160,0,0,40572,7291141,414005,7745718,0,11,7399862,345845,7745718,0,12423967,-31475838,19051871,0,0,12427320,2260460424,127851297,2400739041,0,3353,2291936262,108799426,2400739041
2022-01-12,304,307,295,304,3220419,0.9966777408637874,0,11,11611,-11622,0,0,11,3037578,182830,3220419,0,0,3025967,194452,3220419,0,3291,3677597,-3680888,0,0,3291,913677072,54493887,968174250,0,0,909999475,58174775,968174250
2022-01-13,316,337,304,306,9606776,0.6578947368421052,0,0,92398,-92398,0,0,0,9174278,432498,9606776,0,0,9081880,524896,9606776,0,0,31179910,-31179910,0,0,0,2920015746,137420627,3057436373,0,0,2888835836,168600537,3057436373
2022-01-14,304,320,295,298,4808708,-2.6143790849673203,0,-148112,85797,62315,0,0,0,4449447,359261,4808708,0,148112,4363650,296946,4808708,0,-44088489,25647792,18440697,0,0,0,1345966351,109007963,1454974314,0,44088489,1320318559,90567266,1454974314
2022-01-17,300,300,287,287,1986232,-3.691275167785235,0,2,23116,-23118,0,0,2,1914931,71299,1986232,0,0,1891815,94417,1986232,0,592,6813770,-6814362,0,0,592,558506800,20857134,579364526,0,0,551693030,27671496,579364526
2022-01-18,293,293,278,280,1699668,-2.4390243902439024,0,5,22872,-22877,0,0,5,1651094,48569,1699668,0,0,1628222,71446,1699668,0,1422,6801244,-6802666,0,0,1422,468046015,13790970,481838407,0,0,461244771,20593636,481838407
2022-01-19,277,304,272,283,7266879,1.0714285714285714,0,5,-53484,53479,0,0,50005,6880581,336293,7266879,0,50000,6934065,282814,7266879,0,317289,-14794443,14477154,0,0,14101405,1982166413,95289305,2091557123,0,13784116,1996960856,80812151,2091557123
2022-01-20,283,288,276,283,1730306,0.0,0,-164,-42320,42484,0,0,0,1670421,59885,1730306,0,164,1712741,17401,1730306,0,-45935,-12021416,12067351,0,0,0,468815587,16941655,485757242,0,45935,480837003,4874304,485757242
2022-01-21,283,283,275,276,1040707,-2.4734982332155475,0,0,62517,-62517,0,0,0,1020688,20019,1040707,0,0,958171,82536,1040707,0,0,17437958,-17437958,0,0,0,283631621,5568974,289200595,0,0,266193663,23006932,289200595
2022-01-24,279,279,260,261,1639209,-5.434782608695652,0,0,34055,-34055,0,0,0,1552525,86684,1639209,0,0,1518470,120739,1639209,0,0,9434521,-9434521,0,0,0,411314584,23072667,434387251,0,0,401880063,32507188,434387251
2022-01-25,262,264,244,250,1702952,-4.21455938697318,0,0,100374,-100374,0,0,0,1575925,127027,1702952,0,0,1475551,227401,1702952,0,0,25213132,-25213132,0,0,0,395605415,32048164,427653579,0,0,370392283,57261296,427653579
2022-01-26,247,295,247,270,20822982,8.0,0,0,-7328,7328,0,0,1,20095902,727079,20822982,0,1,20103230,719751,20822982,0,8,178796,-178804,0,0,292,5589950267,200297957,5790248516,0,284,5589771471,200476761,5790248516
2022-01-27,266,308,264,278,16289513,2.9629629629629632,0,151676,-142016,-9660,0,0,176352,15266679,846482,16289513,0,24676,15408695,856142,16289513,0,42335340,-36578576,-5756764,0,0,49423106,4387316904,239687814,4676427824,0,7087766,4423895480,245444578,4676427824
2022-01-28,275,286,274,278,2294359,0.0,0,0,-39675,39675,0,0,0,2190907,103452,2294359,0,0,2230582,63777,2294359,0,0,-10935009,10935009,0,0,0,612000694,28865723,640866417,0,0,622935703,17930714,640866417
2022-02-03,295,295,278,281,1894037,1.079136690647482,0,70000,17130,-87130,0,0,70000,1747906,76131,1894037,0,0,1730776,163261,1894037,0,19670000,5323203,-24993203,0,0,19670000,494599374,21420860,535690234,0,0,489276171,46414063,535690234
2022-02-04,281,281,265,270,2349760,-3.9145907473309607,0,0,-103169,103169,0,0,0,2216941,132819,2349760,0,0,2320110,29650,2349760,0,0,-28077997,28077997,0,0,0,600983036,36128121,637111157,0,0,629061033,8050124,637111157
2022-02-07,275,275,263,267,1056657,-1.1111111111111112,0,0,-7664,7664,0,0,0,985926,70731,1056657,0,0,993590,63067,1056657,0,0,-1949028,1949028,0,0,0,261504173,18794573,280298746,0,0,263453201,16845545,280298746
2022-02-08,265,275,257,259,2006499,-2.9962546816479403,0,-221676,212444,9232,0,0,0,1938357,68142,2006499,0,221676,1725913,58910,2006499,0,-57547342,55115564,2431778,0,0,0,507835956,17787124,525623080,0,57547342,452720392,15355346,525623080
2022-02-09,261,267,259,265,746545,2.3166023166023164,0,0,-12175,12175,0,0,0,656169,90376,746545,0,0,668344,78201,746545,0,0,-2909389,2909389,0,0,0,172819860,23673863,196493723,0,0,175729249,20764474,196493723
2022-02-10,266,279,261,264,2279385,-0.37735849056603776,0,0,18555,-18555,0,0,0,2161430,117955,2279385,0,0,2142875,136510,2279385,0,0,5603679,-5603679,0,0,0,579697272,31443274,611140546,0,0,574093593,37046953,611140546
2022-02-11,263,267,258,259,542805,-1.893939393939394,0,0,-60469,60469,0,0,0,475728,67077,542805,0,0,536197,6608,542805,0,0,-15852615,15852615,0,0,0,124392558,17591826,141984384,0,0,140245173,1739211,141984384
2022-02-14,258,258,248,248,879232,-4.247104247104247,0,0,75961,-75961,0,0,0,849790,29442,879232,0,0,773829,105403,879232,0,0,19286023,-19286023,0,0,0,213745110,7411668,221156778,0,0,194459087,26697691,221156778
2022-02-15,248,280,247,254,3277503,2.4193548387096775,0,70016,-166087,96071,0,0,70016,2824318,383169,3277503,0,0,2990405,287098,3277503,0,17610276,-41163418,23553142,0,0,17610276,741811661,99488694,858910631,0,0,782975079,75935552,858910631
2022-02-16,256,269,256,261,1074379,2.7559055118110236,0,-70016,8250,61766,0,0,0,976623,97756,1074379,0,70016,968373,35990,1074379,0,-18414208,2314575,16099633,0,0,0,254952453,25537563,280490016,0,18414208,252637878,9437930,280490016
2022-02-17,262,273,256,260,1053877,-0.38314176245210724,0,108073,-84280,-23793,0,0,108073,796988,148816,1053877,0,0,881268,172609,1053877,0,28368980,-22380209,-5988771,0,0,28368980,210121172,39128516,277618668,0,0,232501381,45117287,277618668
2022-02-18,257,264,253,258,911784,-0.7692307692307693,0,-8073,-75130,83203,0,0,40000,709316,162468,911784,0,48073,784446,79265,911784,0,-2218980,-18930924,21149904,0,0,10280000,183403916,41771984,235455900,0,12498980,202334840,20622080,235455900
2022-02-21,260,264,257,258,400328,0.0,0,0,-49649,49649,0,0,0,319387,80941,400328,0,0,369036,31292,400328,0,0,-12901637,12901637,0,0,0,82620272,21005380,103625652,0,0,95521909,8103743,103625652
2022-02-22,254,279,251,256,5032306,-0.7751937984496124,0,90000,-77306,-12694,0,0,93935,4509776,428595,5032306,0,3935,4587082,441289,5032306,0,23936191,-17736839,-6199352,0,0,24943551,1195793026,112942063,1333678640,0,1007360,1213529865,119141415,1333678640
2022-02-23,255,332,254,332,66910969,29.6875,0,-143562,215569,-72007,0,48192,139614,63859830,2863333,66910969,48192,283176,63644261,2935340,66910969,116961,-41486383,66583403,-25213981,0,15999744,46351848,20466441519,890898326,21419691437,15882783,87838231,20399858116,916112307,21419691437
2022-02-24,328,367,281,285,59462190,-14.156626506024098,0,-46439,189112,-142673,0,0,87411,56420290,2954489,59462190,0,133850,56231178,3097162,59462190,0,-14582345,73843251,-59260906,0,0,26435889,18273193489,939870283,19239499661,0,41018234,18199350238,999131189,19239499661
2022-02-25,293,332,283,303,55786768,6.315789473684211,0,90634,-55806,-34828,0,0,90634,52761203,2934931,55786768,0,0,52817009,2969759,55786768,0,29999854,-8314403,-21685451,0,0,29999854,16568153713,906636203,17504789770,0,0,16576468116,928321654,17504789770
2022-02-28,308,309,282,282,7642780,-6.9306930693069315,0,0,-135921,135921,0,0,0,6980201,662579,7642780,0,0,7116122,526658,7642780,0,0,-38063623,38063623,0,0,0,2019169463,192400636,2211570099,0,0,2057233086,154337013,2211570099
2022-03-02,282,289,273,282,4307896,0.0,0,-89146,-99237,188383,0,0,1488,3841562,464846,4307896,0,90634,3940799,276463,4307896,0,-24687320,-27370120,52057440,0,0,409833,1072928560,129524806,1202863199,0,25097153,1100298680,77467366,1202863199
2022-03-03,281,286,277,280,2636507,-0.7092198581560284,0,0,107535,-107535,0,0,0,2509055,127452,2636507,0,0,2401520,234987,2636507,0,0,30494650,-30494650,0,0,0,705898762,35801468,741700230,0,0,675404112,66296118,741700230
2022-03-04,285,286,275,276,1571648,-1.4285714285714286,0,0,61127,-61127,0,0,0,1459354,112294,1571648,0,0,1398227,173421,1571648,0,0,17532569,-17532569,0,0,0,407972220,31324809,439297029,0,0,390439651,48857378,439297029
2022-03-07,278,280,271,276,600049,0.0,0,0,31815,-31815,0,0,0,539390,60659,600049,0,0,507575,92474,600049,0,0,8800494,-8800494,0,0,0,147767431,16549193,164316624,0,0,138966937,25349687,164316624
2022-03-08,272,275,264,267,1003130,-3.260869565217391,0,0,-27419,27419,0,0,0,889537,113593,1003130,0,0,916956,86174,1003130,0,0,-7207910,7207910,0,0,0,239072940,30424517,269497457,0,0,246280850,23216607,269497457
2022-03-10,269,273,260,270,523326,1.1235955056179776,0,0,16783,-16783,0,0,0,452790,70536,523326,0,0,436007,87319,523326,0,0,4632971,-4632971,0,0,0,121668994,18962150,140631144,0,0,117036023,23595121,140631144
2022-03-11,270,278,267,274,720144,1.4814814814814816,0,0,-132864,132864,0,0,0,554026,166118,720144,0,0,686890,33254,720144,0,0,-36080296,36080296,0,0,0,151404257,45150627,196554884,0,0,187484553,9070331,196554884
2022-03-14,274,278,267,269,612903,-1.824817518248175,0,0,-65263,65263,0,0,0,493699,119204,612903,0,0,558962,53941,612903,0,0,-17448392,17448392,0,0,0,133169152,32022319,165191471,0,0,150617544,14573927,165191471
2022-03-15,270,293,265,273,2959586,1.486988847583643,0,0,146659,-146659,0,0,0,2730554,229032,2959586,0,0,2583895,375691,2959586,0,0,42332713,-42332713,0,0,0,767328834,63981558,831310392,0,0,724996121,106314271,831310392
2022-03-16,274,280,273,277,661890,1.465201465201465,0,0,-104623,104623,0,0,0,539796,122094,661890,0,0,644419,17471,661890,0,0,-28854317,28854317,0,0,0,149290928,33700244,182991172,0,0,178145245,4845927,182991172
2022-03-17,280,284,271,274,1690908,-1.083032490974729,0,0,-66391,66391,0,0,0,1471516,219392,1690908,0,0,1537907,153001,1690908,0,0,-18538855,18538855,0,0,0,406611551,60779476,467391027,0,0,425150406,42240621,467391027
2022-03-18,278,279,273,278,527803,1.4598540145985401,0,0,15892,-15892,0,0,0,450862,76941,527803,0,0,434970,92833,527803,0,0,4280301,-4280301,0,0,0,124340069,21228434,145568503,0,0,120059768,25508735,145568503
2022-03-21,282,295,275,285,2855689,2.5179856115107913,0,0,28435,-28435,0,0,0,2547120,308569,2855689,0,0,2518685,337004,2855689,0,0,9503420,-9503420,0,0,0,729591261,87400646,816991907,0,0,720087841,96904066,816991907
2022-03-22,285,291,280,290,1215041,1.7543859649122806,0,0,-208488,208488,0,0,0,927500,287541,1215041,0,0,1135988,79053,1215041,0,0,-59868983,59868983,0,0,0,266197411,82534371,348731782,0,0,326066394,22665388,348731782
2022-03-23,295,295,282,282,719114,-2.7586206896551726,0,-1488,101372,-99884,0,0,0,682744,36370,719114,0,1488,581372,136254,719114,0,-421104,29166076,-28744972,0,0,0,195231008,10406658,205637666,0,421104,166064932,39151630,205637666
2022-03-24,285,285,270,277,816122,-1.773049645390071,0,0,-56623,56623,0,0,0,663360,152762,816122,0,0,719983,96139,816122,0,0,-15733815,15733815,0,0,0,182971774,42325490,225297264,0,0,198705589,26591675,225297264
2022-03-25,279,286,274,277,1102010,0.0,0,0,-96845,96845,0,0,0,927148,174862,1102010,0,0,1023993,78017,1102010,0,0,-26656021,26656021,0,0,0,258666647,48597632,307264279,0,0,285322668,21941611,307264279
2022-03-28,277,284,275,278,585776,0.36101083032490977,0,0,-24106,24106,0,0,0,487215,98561,585776,0,0,511321,74455,585776,0,0,-6689598,6689598,0,0,0,135146525,27360450,162506975,0,0,141836123,20670852,162506975
2022-03-29,277,282,273,275,717865,-1.079136690647482,0,0,35612,-35612,0,0,0,674047,43818,717865,0,0,638435,79430,717865,0,0,9814393,-9814393,0,0,0,186062109,12103765,198165874,0,0,176247716,21918158,198165874
2022-03-30,278,300,274,284,4575638,3.272727272727273,0,0,209708,-209708,0,0,0,4113897,461741,4575638,0,0,3904189,671449,4575638,0,0,63683180,-63683180,0,0,0,1181671428,131779817,1313451245,0,0,1117988248,195462997,1313451245
2022-03-31,285,292,281,286,1003031,0.7042253521126761,0,0,23370,-23370,0,0,0,951424,51607,1003031,0,0,928054,74977,1003031,0,0,6758677,-6758677,0,0,0,271114637,14634952,285749589,0,0,264355960,21393629,285749589
2022-04-01,286,286,273,275,1297381,-3.8461538461538463,0,0,-29289,29289,0,0,0,1214651,82730,1297381,0,0,1243940,53441,1297381,0,0,-7994021,7994021,0,0,0,337204254,22952259,360156513,0,0,345198275,14958238,360156513
2022-04-04,275,282,274,278,644211,1.090909090909091,0,0,-232146,232146,0,0,0,408692,235519,644211,0,0,640838,3373,644211,0,0,-64417899,64417899,0,0,0,113681849,65357765,179039614,0,0,178099748,939866,179039614
2022-04-05,278,281,272,279,757577,0.3597122302158274,0,0,-76952,76952,0,0,0,646483,111094,757577,0,0,723435,34142,757577,0,0,-21479844,21479844,0,0,0,178576576,30926400,209502976,0,0,200056420,9446556,209502976
2022-04-06,279,280,274,278,413964,-0.35842293906810035,0,0,107871,-107871,0,0,0,387107,26857,413964,0,0,279236,134728,413964,0,0,29877694,-29877694,0,0,0,107261305,7427395,114688700,0,0,77383611,37305089,114688700
2022-04-07,278,278,270,272,704494,-2.158273381294964,0,0,147035,-147035,0,0,0,698026,6468,704494,0,0,550991,153503,704494,0,0,40034635,-40034635,0,0,0,190048477,1759712,191808189,0,0,150013842,41794347,191808189
2022-04-08,272,275,270,274,2958999,0.7352941176470588,0,0,207451,-207451,0,0,0,506712,2452287,2958999,0,0,299261,2659738,2958999,0,0,56548698,-56548698,0,0,0,138135622,613339043,751474665,0,0,81586924,669887741,751474665
2022-04-11,276,276,265,269,787816,-1.824817518248175,0,0,138098,-138098,0,0,0,654549,133267,787816,0,0,516451,271365,787816,0,0,37166738,-37166738,0,0,0,175720073,35662027,211382100,0,0,138553335,72828765,211382100
2022-04-12,267,278,243,253,4817431,-5.947955390334572,0,0,378436,-378436,0,0,0,3989004,828427,4817431,0,0,3610568,1206863,4817431,0,0,105072974,-105072974,0,0,0,1028965216,209746195,1238711411,0,0,923892242,314819169,1238711411
2022-04-13,276,304,262,293,36314927,15.810276679841898,0,500,1979921,-1980421,0,23,500,33230193,3084211,36314927,23,0,31250272,5064632,36314927,92,145000,579981532,-580126624,0,6762,145000,9628209408,877521295,10505882465,6670,0,9048227876,1457647919,10505882465
2022-04-14,312,315,276,280,12238651,-4.436860068259386,0,-500,120040,-119540,0,0,0,11544587,694064,12238651,0,500,11424547,813604,12238651,0,-146500,36870596,-36724096,0,0,0,3365960901,204335464,3570296365,0,146500,3329090305,241059560,3570296365
2022-04-15,280,282,266,270,2896429,-3.571428571428571,0,0,-29367,29367,0,0,0,2700290,196139,2896429,0,0,2729657,166772,2896429,0,0,-7662747,7662747,0,0,0,729911934,52754084,782666018,0,0,737574681,45091337,782666018
2022-04-18,271,272,266,271,1304435,0.3703703703703704,0,0,34709,-34709,0,0,0,1220256,84179,1304435,0,0,1185547,118888,1304435,0,0,9361635,-9361635,0,0,0,327671133,22644436,350315569,0,0,318309498,32006071,350315569
2022-04-19,269,272,267,269,1115944,-0.7380073800738007,0,0,-70583,70583,0,0,0,974409,141535,1115944,0,0,1044992,70952,1115944,0,0,-18815325,18815325,0,0,0,262142208,37949378,300091586,0,0,280957533,19134053,300091586
2022-04-20,272,272,268,271,799420,0.7434944237918215,0,0,-78306,78306,0,0,0,674666,124754,799420,0,0,752972,46448,799420,0,0,-21106647,21106647,0,0,0,182313376,33659563,215972939,0,0,203420023,12552916,215972939
2022-04-21,273,274,269,271,644837,0.0,0,0,74262,-74262,0,0,0,612682,32155,644837,0,0,538420,106417,644837,0,0,20161279,-20161279,0,0,0,165677589,8686379,174363968,0,0,145516310,28847658,174363968
2022-04-22,271,284,270,279,3293971,2.952029520295203,0,0,-105068,105068,0,0,0,2843690,450281,3293971,0,0,2948758,345213,3293971,0,0,-29325629,29325629,0,0,0,790960052,124870305,915830357,0,0,820285681,95544676,915830357
2022-04-25,279,281,274,280,1137012,0.35842293906810035,0,0,-155425,155425,0,0,0,913284,223728,1137012,0,0,1068709,68303,1137012,0,0,-42925411,42925411,0,0,0,254005810,61899179,315904989,0,0,296931221,18973768,315904989
2022-04-26,280,295,278,282,5104193,0.7142857142857143,0,0,104140,-104140,0,0,0,4673729,430464,5104193,0,0,4569589,534604,5104193,0,0,30278824,-30278824,0,0,0,1343033944,124297611,1467331555,0,0,1312755120,154576435,1467331555
2022-04-27,278,310,270,285,13242415,1.0638297872340425,0,0,-534049,534049,0,0,250000,11387437,1604978,13242415,0,250000,11921486,1070929,13242415,0,1545258,-154873493,153328235,0,0,74542831,3349614834,470198971,3894356636,0,72997573,3504488327,316870736,3894356636
2022-04-28,286,292,275,275,6042046,-3.508771929824561,0,0,861521,-861521,0,0,0,3343727,2698319,6042046,0,0,2482206,3559840,6042046,0,0,243768900,-243768900,0,0,0,940564901,712503358,1653068259,0,0,696796001,956272258,1653068259
2022-04-29,277,283,275,276,1610889,0.36363636363636365,0,0,274386,-274386,0,0,0,1561787,49102,1610889,0,0,1287401,323488,1610889,0,0,76355730,-76355730,0,0,0,434713002,13661101,448374103,0,0,358357272,90016831,448374103
2022-05-02,274,275,268,272,1651700,-1.4492753623188406,0,0,182657,-182657,0,0,0,1546729,104971,1651700,0,0,1364072,287628,1651700,0,0,49502217,-49502217,0,0,0,419480158,28483601,447963759,0,0,369977941,77985818,447963759
2022-05-03,269,276,269,273,1094285,0.3676470588235294,0,0,19968,-19968,0,0,0,879713,214572,1094285,0,0,859745,234540,1094285,0,0,5445048,-5445048,0,0,0,240195066,58542965,298738031,0,0,234750018,63988013,298738031
2022-05-04,274,276,270,272,891388,-0.3663003663003663,0,0,192475,-192475,0,0,0,870766,20622,891388,0,0,678291,213097,891388,0,0,52379776,-52379776,0,0,0,237557748,5626512,243184260,0,0,185177972,58006288,243184260
2022-05-06,268,278,263,270,2393865,-0.7352941176470588,0,0,249349,-249349,0,0,0,2213417,180448,2393865,0,0,1964068,429797,2393865,0,0,67669180,-67669180,0,0,0,597884800,48806114,646690914,0,0,530215620,116475294,646690914
2022-05-09,270,272,265,265,971993,-1.8518518518518516,0,0,117779,-117779,0,0,0,907448,64545,971993,0,0,789669,182324,971993,0,0,31344047,-31344047,0,0,0,241804634,17196687,259001321,0,0,210460587,48540734,259001321
2022-05-10,263,265,257,264,954535,-0.37735849056603776,0,1,-28981,28980,0,0,26,831325,123184,954535,0,25,860306,94204,954535,0,236,-7818203,7817967,0,0,6786,216927494,32369320,249303600,0,6550,224745697,24551353,249303600
2022-05-11,264,269,263,265,658826,0.3787878787878788,0,28,-37055,37027,0,0,61,498035,160730,658826,0,33,535090,123703,658826,0,7531,-9860556,9853025,0,0,16315,132488254,42736021,175240590,0,8784,142348810,32882996,175240590
2022-05-12,265,268,257,259,944959,-2.2641509433962264,0,-17,130779,-130762,0,0,24,856091,88844,944959,0,41,725312,219606,944959,0,-4587,34209696,-34205109,0,0,6306,223330602,23262582,246599490,0,10893,189120906,57467691,246599490
2022-05-13,259,263,258,261,434969,0.7722007722007722,0,-6,-31223,31229,0,0,27,355479,79463,434969,0,33,386702,48234,434969,0,-1533,-8132856,8134389,0,0,7056,92467717,20701283,113176056,0,8589,100600573,12566894,113176056
2022-05-16,260,266,260,265,508925,1.532567049808429,0,3,-77812,77809,0,0,27,366143,142755,508925,0,24,443955,64946,508925,0,813,-20514302,20513489,0,0,7146,96514539,37685692,134207377,0,6333,117028841,17172203,134207377
2022-05-17,266,266,261,265,440625,0.0,0,0,4106,-4106,0,0,0,389659,50966,440625,0,0,385553,55072,440625,0,0,1101625,-1101625,0,0,0,102470360,13424817,115895177,0,0,101368735,14526442,115895177
2022-05-18,264,268,261,264,388711,-0.37735849056603776,0,2,67600,-67602,0,0,3,375738,12970,388711,0,1,308138,80572,388711,0,524,17855430,-17855954,0,0,789,98870303,3406714,102277806,0,265,81014873,21262668,102277806
2022-05-19,257,261,256,259,744722,-1.893939393939394,0,-6,-22968,22974,0,0,0,658045,86677,744722,0,6,681013,63703,744722,0,-1566,-5918811,5920377,0,0,0,170171379,22412262,192583641,0,1566,176090190,16491885,192583641
2022-05-20,259,263,258,259,353325,0.0,0,0,-9713,9713,0,0,0,324041,29284,353325,0,0,333754,19571,353325,0,0,-2512843,2512843,0,0,0,84254954,7602979,91857933,0,0,86767797,5090136,91857933
2022-05-23,261,262,257,259,544008,0.0,0,0,778,-778,0,0,0,497662,46346,544008,0,0,496884,47124,544008,0,0,166090,-166090,0,0,0,128887755,12050515,140938270,0,0,128721665,12216605,140938270
2022-05-24,258,260,255,258,694491,-0.3861003861003861,0,0,65188,-65188,0,0,0,656225,38266,694491,0,0,591037,103454,694491,0,0,16783504,-16783504,0,0,0,168750379,9836945,178587324,0,0,151966875,26620449,178587324
2022-05-25,259,260,255,258,464124,0.0,0,0,103080,-103080,0,0,0,439390,24734,464124,0,0,336310,127814,464124,0,0,26467815,-26467815,0,0,0,113107825,6335736,119443561,0,0,86640010,32803551,119443561
2022-05-26,258,260,255,258,441006,0.0,0,0,6513,-6513,0,0,0,424687,16319,441006,0,0,418174,22832,441006,0,0,1672945,-1672945,0,0,0,109111890,4194202,113306092,0,0,107438945,5867147,113306092
2022-05-27,258,273,258,264,2147486,2.3255813953488373,0,0,77765,-77765,0,0,0,1791464,356022,2147486,0,0,1713699,433787,2147486,0,0,21071598,-21071598,0,0,0,473749595,93779455,567529050,0,0,452677997,114851053,567529050
2022-05-30,262,266,262,265,361603,0.3787878787878788,0,0,3668,-3668,0,0,0,321388,40215,361603,0,0,317720,43883,361603,0,0,959367,-959367,0,0,0,84912936,10639339,95552275,0,0,83953569,11598706,95552275
2022-05-31,265,284,265,277,5102289,4.528301886792453,0,0,-64489,64489,0,0,0,4101336,1000953,5102289,0,0,4165825,936464,5102289,0,0,-18853865,18853865,0,0,0,1132613051,277025219,1409638270,0,0,1151466916,258171354,1409638270
2022-06-02,283,286,272,275,1438209,-0.7220216606498195,0,0,15379,-15379,0,0,0,1353673,84536,1438209,0,0,1338294,99915,1438209,0,0,4489986,-4489986,0,0,0,375312957,23526611,398839568,0,0,370822971,28016597,398839568
2022-06-03,274,289,274,277,3353245,0.7272727272727273,0,0,-480929,480929,0,0,0,2722007,631238,3353245,0,0,3202936,150309,3353245,0,0,-136244355,136244355,0,0,0,768023331,178799025,946822356,0,0,904267686,42554670,946822356
2022-06-07,280,280,256,266,1731333,-3.9711191335740073,0,1500,-65008,63508,0,0,1500,1550603,179230,1731333,0,0,1615611,115722,1731333,0,406500,-16439120,16032620,0,0,406500,417890639,47776683,466073822,0,0,434329759,31744063,466073822
2022-06-08,268,271,264,267,640724,0.37593984962406013,0,0,-34401,34401,0,0,0,547682,93042,640724,0,0,582083,58641,640724,0,0,-9100473,9100473,0,0,0,146419597,24844975,171264572,0,0,155520070,15744502,171264572
2022-06-09,268,269,259,265,944874,-0.7490636704119851,0,0,27616,-27616,0,0,0,903127,41747,944874,0,0,875511,69363,944874,0,0,7341149,-7341149,0,0,0,236838692,10958711,247797403,0,0,229497543,18299860,247797403
2022-06-10,262,264,260,262,507129,-1.1320754716981132,0,0,29485,-29485,0,0,0,492213,14916,507129,0,0,462728,44401,507129,0,0,7732059,-7732059,0,0,0,128766494,3905839,132672333,0,0,121034435,11637898,132672333
2022-06-13,260,260,247,250,1724348,-4.580152671755725,0,0,215207,-215207,0,0,0,1591820,132528,1724348,0,0,1376613,347735,1724348,0,0,54967105,-54967105,0,0,0,400904682,32998195,433902877,0,0,345937577,87965300,433902877
2022-06-14,244,249,240,241,1238392,-3.5999999999999996,0,20000,168531,-188531,0,0,20000,1160353,58039,1238392,0,0,991822,246570,1238392,0,4840000,41195374,-46035374,0,0,4840000,282408638,14188797,301437435,0,0,241213264,60224171,301437435
2022-06-15,242,252,241,241,1265623,0.0,0,181856,-304227,122371,0,0,181856,740701,343066,1265623,0,0,1044928,220695,1265623,0,44072296,-73933024,29860728,0,0,44072296,180389136,83614527,308075959,0,0,254322160,53753799,308075959
2022-06-16,244,249,242,246,838491,2.0746887966804977,0,0,-245793,245793,0,0,0,377059,461432,838491,0,0,622852,215639,838491,0,0,-60696287,60696287,0,0,0,92612925,113793709,206406634,0,0,153309212,53097422,206406634
2022-06-17,244,259,241,254,1563474,3.2520325203252036,0,94950,-160879,65929,0,0,94950,1223923,244601,1563474,0,0,1384802,178672,1563474,0,23159713,-40227073,17067360,0,0,23159713,307981484,61881742,393022939,0,0,348208557,44814382,393022939
2022-06-20,258,268,246,260,1664317,2.3622047244094486,0,621225,-400868,-220357,0,0,621225,905282,137810,1664317,0,0,1306150,358167,1664317,0,156887310,-101218616,-55668694,0,0,156887310,232446949,35511452,424845711,0,0,333665565,91180146,424845711
2022-06-21,256,278,250,272,3538181,4.615384615384616,0,400415,-261783,-138632,0,0,400415,2480528,657238,3538181,0,0,2742311,795870,3538181,0,104124004,-68661461,-35462543,0,0,104124004,668150741,178275679,950550424,0,0,736812202,213738222,950550424
2022-06-22,271,280,261,265,1280487,-2.5735294117647056,0,150993,-367478,216485,0,0,150993,783288,346206,1280487,0,0,1150766,129721,1280487,0,39635546,-98353233,58717687,0,0,39635546,213074334,94109990,346819870,0,0,311427567,35392303,346819870
2022-06-23,262,267,245,251,1129406,-5.283018867924529,0,218969,-116305,-102664,0,0,218969,670293,240144,1129406,0,0,786598,342808,1129406,0,55095250,-29250239,-25845011,0,0,55095250,170112243,60967487,286174980,0,0,199362482,86812498,286174980
2022-06-24,251,260,251,260,264203,3.5856573705179287,0,65000,-62381,-2619,0,0,65000,161797,37406,264203,0,0,224178,40025,264203,0,16775000,-16030748,-744252,0,0,16775000,41579362,9563372,67917734,0,0,57610110,10307624,67917734
2022-06-27,260,267,256,265,549911,1.9230769230769231,0,207383,-196825,-10558,0,0,207383,293767,48761,549911,0,0,490592,59319,549911,0,54865202,-52078078,-2787124,0,0,54865202,77056791,12775080,144697073,0,0,129134869,15562204,144697073
2022-06-28,265,273,263,265,605245,0.0,0,132549,14341,-146890,0,0,132549,411663,61033,605245,0,0,397322,207923,605245,0,35748389,3633056,-39381445,0,0,35748389,110209967,16285268,162243624,0,0,106576911,55666713,162243624
2022-06-29,268,268,257,261,486713,-1.509433962264151,0,-229637,230015,-378,0,0,0,396042,90671,486713,0,229637,166027,91049,486713,0,-59876738,60092976,-216238,0,0,0,103525214,23722074,127247288,0,59876738,43432238,23938312,127247288
2022-06-30,261,265,254,256,373944,-1.9157088122605364,0,-7245,73265,-66020,0,0,0,341976,31968,373944,0,7245,268711,97988,373944,0,-1873190,18958645,-17085455,0,0,0,87700971,8164521,95865492,0,1873190,68742326,25249976,95865492
2022-07-01,256,258,238,242,996521,-5.46875,0,0,25237,-25237,0,0,0,892258,104263,996521,0,0,867021,129500,996521,0,0,6605722,-6605722,0,0,0,218510905,25290262,243801167,0,0,211905183,31895984,243801167
2022-07-04,241,252,233,240,604918,-0.8264462809917356,0,0,66547,-66547,0,0,0,553628,51290,604918,0,0,487081,117837,604918,0,0,16090616,-16090616,0,0,0,134038799,12303851,146342650,0,0,117948183,28394467,146342650
2022-07-05,240,250,240,247,343552,2.9166666666666665,0,-555,-37739,38294,0,0,0,277730,65822,343552,0,555,315469,27528,343552,0,-138750,-9251837,9390587,0,0,0,68099685,16147301,84246986,0,138750,77351522,6756714,84246986
2022-07-06,247,251,243,250,761627,1.214574898785425,0,-72987,-102539,175526,0,0,0,533679,227948,761627,0,72987,636218,52422,761627,0,-18249737,-25308818,43558555,0,0,0,131728755,56500461,188229216,0,18249737,157037573,12941906,188229216
2022-07-07,248,311,248,269,28883088,7.6,0,-785273,1141630,-356357,0,0,0,27189821,1693267,28883088,0,785273,26048191,2049624,28883088,0,-215934201,333221918,-117287717,0,0,0,7776224864,470692821,8246917685,0,215934201,7443002946,587980538,8246917685
2022-07-08,267,268,250,252,3955053,-6.319702602230483,0,-736154,793017,-56863,0,0,0,3508568,446485,3955053,0,736154,2715551,503348,3955053,0,-187676763,201673481,-13996718,0,0,0,895973038,114765373,1010738411,0,187676763,694299557,128762091,1010738411
2022-07-11,254,255,248,255,1491884,1.1904761904761905,326380,0,-181421,-144959,0,326380,0,1021374,144130,1491884,0,0,1202795,289089,1491884,82136328,0,-45396149,-36740179,0,82136328,0,256658415,36084072,374878815,0,0,302054564,72824251,374878815
2022-07-12,256,261,250,252,1332795,-1.1764705882352942,315624,-50000,-222035,-43589,0,315624,0,848486,168685,1332795,0,50000,1070521,212274,1332795,80020529,-12630000,-56485885,-10904644,0,80020529,0,216008866,43128081,339157476,0,12630000,272494751,54032725,339157476
2022-07-13,252,268,252,259,1846617,2.7777777777777777,313160,-71057,-513875,271772,0,313160,3846,1124281,405330,1846617,0,74903,1638156,133558,1846617,81864929,-18565662,-134311777,71012510,0,81864929,996114,294147672,105867994,482876709,0,19561776,428459449,34855484,482876709
2022-07-14,263,275,258,267,2097882,3.088803088803089,287295,-140435,-405931,259071,0,287295,0,1420554,390033,2097882,0,140435,1826485,130962,2097882,77181819,-36922840,-109668784,69409805,0,77181819,0,381601151,104094404,562877374,0,36922840,491269935,34684599,562877374
2022-07-15,267,277,251,253,2122590,-5.2434456928838955,0,0,387509,-387509,0,0,0,1920917,201673,2122590,0,0,1533408,589182,2122590,0,0,102627837,-102627837,0,0,0,501201037,52924566,554125603,0,0,398573200,155552403,554125603
2022-07-18,253,259,250,251,997038,-0.7905138339920948,0,0,139985,-139985,0,0,0,939084,57954,997038,0,0,799099,197939,997038,0,0,35365457,-35365457,0,0,0,236574457,14584720,251159177,0,0,201209000,49950177,251159177
2022-07-19,249,253,248,250,546873,-0.398406374501992,0,0,50948,-50948,0,0,0,427970,118903,546873,0,0,377022,169851,546873,0,0,12682979,-12682979,0,0,0,107336990,29914955,137251945,0,0,94654011,42597934,137251945
2022-07-20,252,296,250,258,18271464,3.2,0,1200,253169,-254369,0,0,34504,17064559,1172401,18271464,0,33304,16811390,1426770,18271464,0,547264,72124672,-72671936,0,0,9026659,4658419449,316204453,4983650561,0,8479395,4586294777,388876389,4983650561
2022-07-21,257,264,252,256,2347827,-0.7751937984496124,0,0,-540912,540912,0,0,0,1691760,656067,2347827,0,0,2232672,115155,2347827,0,0,-138737879,138737879,0,0,0,435901357,168481982,604383339,0,0,574639236,29744103,604383339
2022-07-22,257,260,253,254,1029784,-0.78125,0,0,59714,-59714,0,0,0,991428,38356,1029784,0,0,931714,98070,1029784,0,0,15151537,-15151537,0,0,0,252451405,9828429,262279834,0,0,237299868,24979966,262279834
2022-07-25,254,259,250,252,796382,-0.7874015748031495,0,0,7407,-7407,0,0,0,764504,31878,796382,0,0,757097,39285,796382,0,0,1983899,-1983899,0,0,0,193463433,8025126,201488559,0,0,191479534,10009025,201488559
2022-07-26,252,255,251,252,381848,0.0,0,0,-40433,40433,0,0,0,317207,64641,381848,0,0,357640,24208,381848,0,0,-10237974,10237974,0,0,0,80156711,16362993,96519704,0,0,90394685,6125019,96519704
2022-07-27,252,254,251,252,529203,0.0,0,0,-127274,127274,0,0,0,386070,143133,529203,0,0,513344,15859,529203,0,0,-32128229,32128229,0,0,0,97408924,36139629,133548553,0,0,129537153,4011400,133548553
2022-07-28,254,255,248,248,1226898,-1.5873015873015872,0,0,-173918,173918,0,0,0,997638,229260,1226898,0,0,1171556,55342,1226898,0,0,-43675645,43675645,0,0,0,249907704,57627586,307535290,0,0,293583349,13951941,307535290
2022-07-29,249,252,248,249,665536,0.4032258064516129,0,0,46308,-46308,0,0,0,654215,11321,665536,0,0,607907,57629,665536,0,0,11588040,-11588040,0,0,0,163378600,2819546,166198146,0,0,151790560,14407586,166198146
2022-08-01,249,253,249,252,425553,1.2048192771084338,0,0,-8653,8653,0,0,0,395633,29920,425553,0,0,404286,21267,425553,0,0,-2176811,2176811,0,0,0,99395502,7506385,106901887,0,0,101572313,5329574,106901887
2022-08-02,253,253,251,252,409115,0.0,0,0,18726,-18726,0,0,0,376512,32603,409115,0,0,357786,51329,409115,0,0,4750339,-4750339,0,0,0,94789952,8207498,102997450,0,0,90039613,12957837,102997450
2022-08-03,254,256,252,254,447726,0.7936507936507936,0,0,-18635,18635,0,0,0,401958,45768,447726,0,0,420593,27133,447726,0,0,-4758779,4758779,0,0,0,102112096,11654923,113767019,0,0,106870875,6896144,113767019
2022-08-04,256,260,255,255,673071,0.39370078740157477,0,0,4596,-4596,0,0,0,624707,48364,673071,0,0,620111,52960,673071,0,0,1210331,-1210331,0,0,0,160615259,12445394,173060653,0,0,159404928,13655725,173060653
2022-08-05,255,258,254,257,315283,0.7843137254901961,0,0,19276,-19276,0,0,0,300864,14419,315283,0,0,281588,33695,315283,0,0,4967103,-4967103,0,0,0,77110612,3679060,80789672,0,0,72143509,8646163,80789672
2022-08-08,256,258,253,256,454876,-0.38910505836575876,0,0,-63880,63880,0,0,0,382435,72441,454876,0,0,446315,8561,454876,0,0,-16400636,16400636,0,0,0,97774356,18586553,116360909,0,0,114174992,2185917,116360909
2022-08-09,258,258,254,255,209898,-0.390625,0,0,-11026,11026,0,0,0,184687,25211,209898,0,0,195713,14185,209898,0,0,-2825451,2825451,0,0,0,47137729,6452659,53590388,0,0,49963180,3627208,53590388
2022-08-10,254,264,253,260,902264,1.9607843137254901,93396,0,-147576,54180,0,93396,0,670151,138717,902264,0,0,817727,84537,902264,24250934,0,-38180385,13929451,0,24250934,0,173872861,35936873,234060668,0,0,212053246,22007422,234060668
2022-08-11,260,272,259,263,1978068,1.153846153846154,0,0,-421287,421287,0,0,0,1460951,517117,1978068,0,0,1882238,95830,1978068,0,0,-112006650,112006650,0,0,0,387218865,137226204,524445069,0,0,499225515,25219554,524445069
2022-08-12,266,267,258,261,710651,-0.7604562737642585,0,0,56217,-56217,0,0,0,682787,27864,710651,0,0,626570,84081,710651,0,0,14772557,-14772557,0,0,0,177744667,7252240,184996907,0,0,162972110,22024797,184996907
2022-08-16,261,263,260,260,470141,-0.38314176245210724,0,0,-3071,3071,0,0,0,425323,44818,470141,0,0,428394,41747,470141,0,0,-779590,779590,0,0,0,111268269,11697922,122966191,0,0,112047859,10918332,122966191
2022-08-17,260,263,255,257,557979,-1.153846153846154,0,0,-8459,8459,0,0,0,515128,42851,557979,0,0,523587,34392,557979,0,0,-2192859,2192859,0,0,0,133207959,11073371,144281330,0,0,135400818,8880512,144281330
2022-08-18,255,256,250,252,946881,-1.9455252918287937,0,0,239145,-239145,0,0,0,899138,47743,946881,0,0,659993,286888,946881,0,0,60456703,-60456703,0,0,0,226717622,12019314,238736936,0,0,166260919,72476017,238736936
2022-08-19,252,253,249,250,573392,-0.7936507936507936,0,0,193698,-193698,0,0,0,540565,32827,573392,0,0,346867,226525,573392,0,0,48582063,-48582063,0,0,0,135383614,8231570,143615184,0,0,86801551,56813633,143615184
2022-08-22,250,252,247,250,501662,0.0,0,0,120622,-120622,0,0,0,483151,18511,501662,0,0,362529,139133,501662,0,0,30046725,-30046725,0,0,0,120197953,4609739,124807692,0,0,90151228,34656464,124807692
2022-08-23,247,251,246,248,452180,-0.8,0,0,4725,-4725,0,0,0,407240,44940,452180,0,0,402515,49665,452180,0,0,1221888,-1221888,0,0,0,101055911,11161032,112216943,0,0,99834023,12382920,112216943
2022-08-24,247,249,247,249,233313,0.4032258064516129,0,0,-26140,26140,0,0,0,206286,27027,233313,0,0,232426,887,233313,0,0,-6493575,6493575,0,0,0,51240297,6714437,57954734,0,0,57733872,220862,57954734
2022-08-25,252,253,248,252,151366,1.2048192771084338,0,0,-16703,16703,0,0,0,133294,18072,151366,0,0,149997,1369,151366,0,0,-4178944,4178944,0,0,0,33448267,4522374,37970641,0,0,37627211,343430,37970641
2022-08-26,252,255,250,250,451926,-0.7936507936507936,0,0,-44624,44624,0,0,0,404212,47714,451926,0,0,448836,3090,451926,0,0,-11221879,11221879,0,0,0,102028645,12005411,114034056,0,0,113250524,783532,114034056
2022-08-29,246,246,242,245,500700,-2.0,0,0,-17604,17604,0,0,0,445578,55122,500700,0,0,463182,37518,500700,0,0,-4294360,4294360,0,0,0,108858850,13462036,122320886,0,0,113153210,9167676,122320886
2022-08-30,245,250,239,245,668739,0.0,0,0,-77015,77015,0,0,0,582534,86205,668739,0,0,659549,9190,668739,0,0,-18556078,18556078,0,0,0,142504066,20764586,163268652,0,0,161060144,2208508,163268652
2022-08-31,245,250,245,248,167313,1.2244897959183674,0,0,-8872,8872,0,0,0,144313,23000,167313,0,0,153185,14128,167313,0,0,-2174256,2174256,0,0,0,35640600,5678000,41318600,0,0,37814856,3503744,41318600
2022-09-01,248,249,242,242,375072,-2.4193548387096775,0,0,-16695,16695,0,0,0,343185,31887,375072,0,0,359880,15192,375072,0,0,-4111819,4111819,0,0,0,83775126,7873709,91648835,0,0,87886945,3761890,91648835
2022-09-02,242,244,240,240,295405,-0.8264462809917356,0,0,-28262,28262,0,0,0,238274,57131,295405,0,0,266536,28869,295405,0,0,-6814154,6814154,0,0,0,57588118,13809908,71398026,0,0,64402272,6995754,71398026
2022-09-05,240,242,235,241,342228,0.4166666666666667,0,0,-6446,6446,0,0,0,326049,16179,342228,0,0,332495,9733,342228,0,0,-1537625,1537625,0,0,0,77487864,3846128,81333992,0,0,79025489,2308503,81333992
2022-09-06,241,244,238,238,212503,-1.2448132780082988,0,0,-5532,5532,0,0,0,205377,7126,212503,0,0,210909,1594,212503,0,0,-1329923,1329923,0,0,0,49272050,1714077,50986127,0,0,50601973,384154,50986127
2022-09-07,238,239,234,235,351509,-1.2605042016806722,0,0,5186,-5186,0,0,0,345716,5793,351509,0,0,340530,10979,351509,0,0,1215578,-1215578,0,0,0,81471085,1365274,82836359,0,0,80255507,2580852,82836359
2022-09-08,235,246,235,240,393240,2.127659574468085,0,0,-28367,28367,0,0,0,346877,46363,393240,0,0,375244,17996,393240,0,0,-6638251,6638251,0,0,0,82855793,10929010,93784803,0,0,89494044,4290759,93784803
2022-09-13,240,245,240,243,107452,1.25,0,0,496,-496,0,0,0,105885,1567,107452,0,0,105389,2063,107452,0,0,123825,-123825,0,0,0,25658152,379242,26037394,0,0,25534327,503067,26037394
2022-09-14,241,241,235,238,320801,-2.05761316872428,0,0,59148,-59148,0,0,0,312929,7872,320801,0,0,253781,67020,320801,0,0,14037761,-14037761,0,0,0,74337301,1867008,76204309,0,0,60299540,15904769,76204309
2022-09-15,237,240,237,238,164317,0.0,0,0,-15000,15000,0,0,0,148772,15545,164317,0,0,163772,545,164317,0,0,-3568842,3568842,0,0,0,35415969,3699310,39115279,0,0,38984811,130468,39115279
2022-09-16,236,240,235,236,294106,-0.8403361344537815,0,0,53088,-53088,0,0,0,279581,14525,294106,0,0,226493,67613,294106,0,0,12526144,-12526144,0,0,0,66266396,3436025,69702421,0,0,53740252,15962169,69702421
2022-09-19,237,240,233,235,261025,-0.423728813559322,0,0,12629,-12629,0,0,0,260319,706,261025,0,0,247690,13335,261025,0,0,2981311,-2981311,0,0,0,61106490,165767,61272257,0,0,58125179,3147078,61272257
2022-09-20,242,245,236,239,490778,1.702127659574468,0,0,3131,-3131,0,0,0,469628,21150,490778,0,0,466497,24281,490778,0,0,803218,-803218,0,0,0,112435126,5013210,117448336,0,0,111631908,5816428,117448336
2022-09-21,241,241,233,233,434449,-2.510460251046025,0,0,1218,-1218,0,0,0,422191,12258,434449,0,0,420973,13476,434449,0,0,282836,-282836,0,0,0,99045715,2879329,101925044,0,0,98762879,3162165,101925044
2022-09-22,238,238,228,230,365434,-1.2875536480686696,0,0,55485,-55485,0,0,0,355671,9763,365434,0,0,300186,65248,365434,0,0,12895590,-12895590,0,0,0,82102061,2235737,84337798,0,0,69206471,15131327,84337798
2022-09-23,232,232,225,229,233031,-0.43478260869565216,0,0,30803,-30803,0,0,0,232025,1006,233031,0,0,201222,31809,233031,0,0,7040269,-7040269,0,0,0,52980168,231362,53211530,0,0,45939899,7271631,53211530
2022-09-26,223,228,214,218,502062,-4.8034934497816595,0,0,103387,-103387,0,0,0,501542,520,502062,0,0,398155,103907,502062,0,0,22557328,-22557328,0,0,0,109331626,112847,109444473,0,0,86774298,22670175,109444473
2022-09-27,218,229,204,206,914144,-5.5045871559633035,0,0,-97695,97695,0,0,0,755604,158540,914144,0,0,853299,60845,914144,0,0,-20191227,20191227,0,0,0,160536880,33356355,193893235,0,0,180728107,13165128,193893235
2022-09-28,202,227,202,215,1042996,4.368932038834951,0,0,-82490,82490,0,0,0,862671,180325,1042996,0,0,945161,97835,1042996,0,0,-18087675,18087675,0,0,0,183495075,38916193,222411268,0,0,201582750,20828518,222411268
2022-09-29,224,226,214,221,530053,2.7906976744186047,0,0,27891,-27891,0,0,0,513068,16985,530053,0,0,485177,44876,530053,0,0,6314034,-6314034,0,0,0,112758851,3692637,116451488,0,0,106444817,10006671,116451488
2022-09-30,221,243,207,209,1772731,-5.429864253393665,0,0,64313,-64313,0,0,33548,1625257,113926,1772731,0,33548,1560944,178239,1772731,0,-115152,15485106,-15369954,0,0,7627290,358263838,24523420,390414548,0,7742442,342778732,39893374,390414548
2022-10-04,209,213,207,211,710644,0.9569377990430622,-335292,0,355085,-19793,0,0,0,644944,65700,710644,335292,0,289859,85493,710644,-69973244,0,74023118,-4049874,0,0,0,134746355,13801814,148548169,69973244,0,60723237,17851688,148548169
2022-10-05,214,214,202,204,1177740,-3.3175355450236967,-324313,8000,351022,-34709,0,0,8000,1114916,54824,1177740,324313,0,763894,89533,1177740,-66760223,1643000,72293722,-7176499,0,0,1643000,229605611,11318904,242567515,66760223,0,157311889,18495403,242567515
2022-10-06,207,235,205,219,3260463,7.352941176470589,0,0,-230138,230138,0,0,0,2749261,511202,3260463,0,0,2979399,281064,3260463,0,0,-47791657,47791657,0,0,0,603972261,111183303,715155564,0,0,651763918,63391646,715155564
2022-10-07,221,231,213,221,1881945,0.91324200913242,-347542,0,327755,19787,0,0,0,1748167,133778,1881945,347542,0,1420412,113991,1881945,-76445606,0,72833429,3612177,0,0,0,386971356,29333489,416304845,76445606,0,314137927,25721312,416304845
2022-10-11,223,223,208,218,590076,-1.3574660633484164,0,0,-12682,12682,0,0,0,541716,48360,590076,0,0,554398,35678,590076,0,0,-2635593,2635593,0,0,0,115554096,10353663,125907759,0,0,118189689,7718070,125907759
2022-10-12,213,215,206,207,1375867,-5.045871559633028,-328708,0,408203,-79495,0,0,0,1338835,37032,1375867,328708,0,930632,116527,1375867,-68321192,0,84891285,-16570093,0,0,0,278724545,7737963,286462508,68321192,0,193833260,24308056,286462508
2022-10-13,205,207,202,204,533286,-1.4492753623188406,0,0,36468,-36468,0,0,0,529924,3362,533286,0,0,493456,39830,533286,0,0,7418939,-7418939,0,0,0,108050579,690421,108741000,0,0,100631640,8109360,108741000
2022-10-14,208,209,202,208,877915,1.9607843137254901,0,0,-38354,38354,0,0,0,824025,53890,877915,0,0,862379,15536,877915,0,0,-7870416,7870416,0,0,0,168765116,11071421,179836537,0,0,176635532,3201005,179836537
2022-10-17,208,208,201,208,701907,0.0,0,0,-97679,97679,0,0,0,603338,98569,701907,0,0,701017,890,701907,0,0,-19998078,19998078,0,0,0,122976296,20181513,143157809,0,0,142974374,183435,143157809
2022-10-18,206,214,206,214,878323,2.8846153846153846,0,0,8576,-8576,0,0,0,830100,48223,878323,0,0,821524,56799,878323,0,0,2757389,-2757389,0,0,0,179502397,10060807,189563204,0,0,176745008,12818196,189563204
2022-10-19,253,278,235,278,32168876,29.906542056074763,1798,700,565200,-567698,0,1798,22585,30603964,1540529,32168876,0,21885,30038764,2108227,32168876,499844,146472,145304707,-145951023,0,499844,5541010,7935106928,386548765,8327696547,0,5394538,7789802221,532499788,8327696547
2022-10-20,275,314,250,254,65696506,-8.633093525179856,-1798,-700,965630,-963132,0,0,18738,62463189,3214579,65696506,1798,19438,61497559,4177711,65696506,-494450,-32258,303358479,-302831771,0,0,5020034,17757493497,899011556,18661525087,494450,5052292,17454135018,1201843327,18661525087
2022-10-21,254,263,225,225,10038468,-11.41732283464567,0,0,326853,-326853,0,0,0,9049679,988789,10038468,0,0,8722826,1315642,10038468,0,0,81468255,-81468255,0,0,0,2156026745,234919197,2390945942,0,0,2074558490,316387452,2390945942
2022-10-24,236,242,223,230,4353947,2.2222222222222223,0,0,228845,-228845,0,0,0,3805094,548853,4353947,0,0,3576249,777698,4353947,0,0,50867872,-50867872,0,0,0,879961941,128228009,1008189950,0,0,829094069,179095881,1008189950
2022-10-25,231,232,221,225,2081268,-2.1739130434782608,0,0,-82840,82840,0,0,0,1861780,219488,2081268,0,0,1944620,136648,2081268,0,0,-18367895,18367895,0,0,0,417978341,49439900,467418241,0,0,436346236,31072005,467418241
2022-10-26,224,224,214,215,3124642,-4.444444444444445,0,0,477539,-477539,0,0,0,2876327,248315,3124642,0,0,2398788,725854,3124642,0,0,103753156,-103753156,0,0,0,626000825,53819516,679820341,0,0,522247669,157572672,679820341
2022-10-27,215,227,211,211,4008766,-1.8604651162790697,0,0,867191,-867191,0,0,0,3573654,435112,4008766,0,0,2706463,1302303,4008766,0,0,185297329,-185297329,0,0,0,772178803,95006596,867185399,0,0,586881474,280303925,867185399
2022-10-28,211,213,205,208,2128851,-1.4218009478672986,0,0,134194,-134194,0,0,0,1945224,183627,2128851,0,0,1811030,317821,2128851,0,0,27760569,-27760569,0,0,0,405737382,38516722,444254104,0,0,377976813,66277291,444254104
2022-10-31,209,212,202,209,1759157,0.4807692307692308,0,0,462959,-462959,0,0,0,1643385,115772,1759157,0,0,1180426,578731,1759157,0,0,94262904,-94262904,0,0,0,342982592,24164390,367146982,0,0,248719688,118427294,367146982
2022-11-01,230,271,216,271,94055240,29.665071770334926,1845,-2191612,6709277,-4519510,0,3690,218667,91290724,2542159,94055240,1845,2410279,84581447,7061669,94055240,499995,-569651399,1759294588,-1190143184,0,999990,58264451,23342223510,636499803,24037987754,499995,627915850,21582928922,1826642987,24037987754
2022-11-02,244,249,215,215,52892281,-20.66420664206642,-1845,-107011,1246688,-1137832,0,0,0,50685110,2207171,52892281,1845,107011,49438422,3345003,52892281,-450180,-26110684,295588340,-269027476,0,0,0,11877245566,525377790,12402623356,450180,26110684,11581657226,794405266,12402623356
2022-11-03,222,236,216,217,23870616,0.9302325581395349,0,0,160896,-160896,0,0,955,21972985,1896676,23870616,0,955,21812089,2057572,23870616,0,6827,33988831,-33995658,0,0,219792,4878298252,425032237,5303550281,0,212965,4844309421,459027895,5303550281
2022-11-04,217,222,211,213,9117675,-1.8433179723502304,0,0,-563,563,0,0,0,8741718,375957,9117675,0,0,8742281,375394,9117675,0,0,64919,-64919,0,0,0,1873000201,80143738,1953143939,0,0,1872935282,80208657,1953143939
2022-11-07,214,217,213,216,4316488,1.4084507042253522,0,0,-140644,140644,0,0,0,3963067,353421,4316488,0,0,4103711,212777,4316488,0,0,-30210020,30210020,0,0,0,851288815,75962985,927251800,0,0,881498835,45752965,927251800
2022-11-08,217,248,214,226,21855035,4.62962962962963,0,0,-11640,11640,0,0,0,20897113,957922,21855035,0,0,20908753,946282,21855035,0,0,-2945841,2945841,0,0,0,4758784165,217092144,4975876309,0,0,4761730006,214146303,4975876309
2022-11-09,227,238,220,232,12358011,2.6548672566371683,0,0,-54352,54352,0,0,0,11942682,415329,12358011,0,0,11997034,360977,12358011,0,0,-12134829,12134829,0,0,0,2732588407,94915379,2827503786,0,0,2744723236,82780550,2827503786
2022-11-10,229,235,224,227,6609589,-2.1551724137931036,0,0,-714,714,0,0,0,6351329,258260,6609589,0,0,6352043,257546,6609589,0,0,-217694,217694,0,0,0,1445699404,58759105,1504458509,0,0,1445917098,58541411,1504458509
2022-11-11,231,232,227,228,4808832,0.4405286343612335,0,0,-68287,68287,0,0,0,4515655,293177,4808832,0,0,4583942,224890,4808832,0,0,-15821278,15821278,0,0,0,1031057933,67109249,1098167182,0,0,1046879211,51287971,1098167182
2022-11-14,236,240,228,231,4273303,1.3157894736842104,0,0,-71223,71223,0,0,0,4007745,265558,4273303,0,0,4078968,194335,4273303,0,0,-16442941,16442941,0,0,0,925470438,61440070,986910508,0,0,941913379,44997129,986910508
2022-11-15,232,233,225,227,4325238,-1.7316017316017316,0,0,90046,-90046,0,0,0,4218235,107003,4325238,0,0,4128189,197049,4325238,0,0,20693337,-20693337,0,0,0,962752324,24464797,987217121,0,0,942058987,45158134,987217121
2022-11-16,228,229,222,225,3176910,-0.881057268722467,0,0,41948,-41948,0,0,0,3089616,87294,3176910,0,0,3047668,129242,3176910,0,0,9502337,-9502337,0,0,0,693732336,19585584,713317920,0,0,684229999,29087921,713317920
2022-11-17,225,225,220,221,3255028,-1.7777777777777777,0,1345,42728,-44073,0,0,1345,3215789,37894,3255028,0,0,3173061,81967,3255028,0,299935,9443641,-9743576,0,0,299935,713223181,8413719,721936835,0,0,703779540,18157295,721936835
2022-11-18,221,226,220,223,2921865,0.904977375565611,0,1357,32969,-34326,0,0,1357,2829241,91267,2921865,0,0,2796272,125593,2921865,0,302611,7254455,-7557066,0,0,302611,629121995,20269190,649693796,0,0,621867540,27826256,649693796
2022-11-21,222,224,215,215,2931560,-3.587443946188341,0,1388,-35913,34525,0,0,1388,2864600,65572,2931560,0,0,2900513,31047,2931560,0,300975,-7752395,7451420,0,0,300975,623613627,14256442,638171044,0,0,631366022,6805022,638171044
2022-11-22,213,218,212,215,2074033,0.0,0,1408,-109612,108204,0,0,1408,1861096,211529,2074033,0,0,1970708,103325,2074033,0,302720,-23515085,23212365,0,0,302720,399382425,45410573,445095718,0,0,422897510,22198208,445095718
2022-11-23,218,218,214,217,1487753,0.9302325581395349,0,1388,-38126,36738,0,0,1388,1411246,75119,1487753,0,0,1449372,38381,1487753,0,301196,-8233554,7932358,0,0,301196,304350232,16230745,320882173,0,0,312583786,8298387,320882173
2022-11-24,216,227,215,220,2752423,1.3824884792626728,0,1583,-245525,243942,0,0,1583,2309960,440880,2752423,0,0,2555485,196938,2752423,0,349843,-52830890,52481047,0,0,349843,513120769,96531169,610001781,0,0,565951659,44050122,610001781
2022-11-25,220,224,218,222,943209,0.9090909090909091,0,0,42804,-42804,0,0,0,864508,78701,943209,0,0,821704,121505,943209,0,0,9403429,-9403429,0,0,0,190510294,17327274,207837568,0,0,181106865,26730703,207837568
2022-11-28,226,226,217,217,1125072,-2.2522522522522523,0,0,148949,-148949,0,0,0,1112217,12855,1125072,0,0,963268,161804,1125072,0,0,32820292,-32820292,0,0,0,243533384,2800835,246334219,0,0,210713092,35621127,246334219
2022-11-29,215,220,215,219,1180048,0.9216589861751152,0,0,-79759,79759,0,0,0,1000383,179665,1180048,0,0,1080142,99906,1180048,0,0,-17167842,17167842,0,0,0,217612673,39013525,256626198,0,0,234780515,21845683,256626198
2022-11-30,222,232,218,225,4932510,2.73972602739726,-1,0,-425990,425991,0,0,0,4322741,609769,4932510,1,0,4748731,183778,4932510,-222,0,-96891251,96891473,0,0,0,985264292,138834150,1124098442,222,0,1082155543,41942677,1124098442
2022-12-01,229,230,224,226,1677316,0.4444444444444444,0,0,-132295,132295,0,0,0,1455112,222204,1677316,0,0,1587407,89909,1677316,0,0,-29797530,29797530,0,0,0,327935298,50072684,378007982,0,0,357732828,20275154,378007982
2022-12-02,224,229,222,226,1568078,0.0,0,0,27469,-27469,0,0,0,1390195,177883,1568078,0,0,1362726,205352,1568078,0,0,6232736,-6232736,0,0,0,312455682,39899816,352355498,0,0,306222946,46132552,352355498
2022-12-05,228,239,225,237,6346752,4.867256637168142,0,-6090,-1046084,1052174,0,0,0,4815284,1531468,6346752,0,6090,5861368,479294,6346752,0,-1443330,-245188262,246631592,0,0,0,1129664541,358735458,1488399999,0,1443330,1374852803,112103866,1488399999
2022-12-06,236,238,224,226,3205381,-4.641350210970464,0,-2379,677632,-675253,0,0,0,3095483,109898,3205381,0,2379,2417851,785151,3205381,0,-561444,157286768,-156725324,0,0,0,713881588,25317313,739198901,0,561444,556594820,182042637,739198901
2022-12-07,225,226,216,223,3516941,-1.3274336283185841,0,0,126541,-126541,0,0,0,3164996,351945,3516941,0,0,3038455,478486,3516941,0,0,28567275,-28567275,0,0,0,699510943,77272995,776783938,0,0,670943668,105840270,776783938
2022-12-08,223,227,217,220,1860429,-1.345291479820628,0,0,99220,-99220,0,0,0,1681378,179051,1860429,0,0,1582158,278271,1860429,0,0,21859314,-21859314,0,0,0,369531310,39458137,408989447,0,0,347671996,61317451,408989447
2022-12-09,220,234,215,228,5971159,3.6363636363636362,0,0,-448705,448705,0,0,0,4964835,1006324,5971159,0,0,5413540,557619,5971159,0,0,-100875761,100875761,0,0,0,1122945532,227051760,1349997292,0,0,1223821293,126175999,1349997292
2022-12-12,228,232,223,227,2106874,-0.43859649122807015,0,0,157060,-157060,0,0,0,2001055,105819,2106874,0,0,1843995,262879,2106874,0,0,35600774,-35600774,0,0,0,452440258,23921621,476361879,0,0,416839484,59522395,476361879
2022-12-13,225,228,218,219,2966578,-3.524229074889868,0,0,105940,-105940,0,0,0,2729847,236731,2966578,0,0,2623907,342671,2966578,0,0,23332002,-23332002,0,0,0,604563143,52310507,656873650,0,0,581231141,75642509,656873650
2022-12-14,219,224,218,222,1367643,1.36986301369863,0,0,-391948,391948,0,0,0,923502,444141,1367643,0,0,1315450,52193,1367643,0,0,-86841503,86841503,0,0,0,204058998,98313926,302372924,0,0,290900501,11472423,302372924
2022-12-15,223,226,221,224,1130604,0.9009009009009009,0,0,-107052,107052,0,0,0,953796,176808,1130604,0,0,1060848,69756,1130604,0,0,-23944018,23944018,0,0,0,212691038,39482155,252173193,0,0,236635056,15538137,252173193
2022-12-16,220,222,218,218,1478561,-2.6785714285714284,0,0,308176,-308176,0,0,0,1435714,42847,1478561,0,0,1127538,351023,1478561,0,0,67656818,-67656818,0,0,0,314954381,9407606,324361987,0,0,247297563,77064424,324361987
2022-12-19,215,220,215,218,755020,0.0,0,0,58399,-58399,0,0,0,686242,68778,755020,0,0,627843,127177,755020,0,0,12760539,-12760539,0,0,0,148779034,14895826,163674860,0,0,136018495,27656365,163674860
2022-12-20,219,219,212,214,1907511,-1.834862385321101,0,0,470274,-470274,0,0,0,1730050,177461,1907511,0,0,1259776,647735,1907511,0,0,100559091,-100559091,0,0,0,371481237,38438827,409920064,0,0,270922146,138997918,409920064
2022-12-21,215,218,212,213,848858,-0.46728971962616817,0,0,-41436,41436,0,0,0,762897,85961,848858,0,0,804333,44525,848858,0,0,-8872392,8872392,0,0,0,163465044,18414022,181879066,0,0,172337436,9541630,181879066
2022-12-22,214,223,213,218,1879389,2.3474178403755865,0,0,-272463,272463,0,0,0,1537699,341690,1879389,0,0,1810162,69227,1879389,0,0,-59779662,59779662,0,0,0,336069126,74942571,411011697,0,0,395848788,15162909,411011697
2022-12-23,220,238,215,224,11833289,2.7522935779816518,120130,0,92656,-212786,0,120130,0,10286006,1427153,11833289,0,0,10193350,1639939,11833289,26292054,0,27153172,-53445226,0,26292054,0,2347272940,323648524,2697213518,0,0,2320119768,377093750,2697213518
2022-12-26,223,226,217,219,1820799,-2.232142857142857,0,0,440076,-440076,0,0,0,1772652,48147,1820799,0,0,1332576,488223,1820799,0,0,97306042,-97306042,0,0,0,391671637,10704151,402375788,0,0,294365595,108010193,402375788
2022-12-27,221,229,219,223,1753407,1.82648401826484,0,1788,-209843,208055,0,0,1788,1403667,347952,1753407,0,0,1613510,139897,1753407,0,399616,-46925384,46525768,0,0,399616,314874755,77871969,393146340,0,0,361800139,31346201,393146340
2022-12-28,224,230,221,226,1823890,1.345291479820628,0,1772,-208613,206841,0,0,1772,1502358,319760,1823890,0,0,1710971,112919,1823890,0,400472,-47248926,46848454,0,0,400472,339148615,72405536,411954623,0,0,386397541,25557082,411954623
2022-12-29,226,228,220,220,1217963,-2.6548672566371683,0,1369,304254,-305623,0,0,1369,1170963,45631,1217963,0,0,866709,351254,1217963,0,304601,68531739,-68836340,0,0,304601,262350655,10201448,272856704,0,0,193818916,79037788,272856704
2023-01-02,219,224,215,216,1142777,-1.8181818181818181,0,1587,-34605,33018,0,0,1587,887391,253799,1142777,0,0,921996,220781,1142777,0,343031,-7936270,7593239,0,0,343031,192712368,55449349,248504748,0,0,200648638,47856110,248504748
2023-01-03,215,218,200,212,1694014,-1.8518518518518516,0,1826,83682,-85508,0,0,1826,1445851,246337,1694014,0,0,1362169,331845,1694014,0,387386,18066737,-18454123,0,0,387386,303853916,50879024,355120326,0,0,285787179,69333147,355120326
2023-01-04,210,213,208,213,636142,0.4716981132075472,0,842,-91122,90280,0,0,842,514303,120997,636142,0,0,605425,30717,636142,0,178926,-19246899,19067973,0,0,178926,108271500,25512667,133963093,0,0,127518399,6444694,133963093
2023-01-05,215,217,209,213,438670,0.0,0,1692,-16281,14589,0,0,1692,358980,77998,438670,0,0,375261,63409,438670,0,360396,-3486418,3126022,0,0,360396,76240700,16634904,93236000,0,0,79727118,13508882,93236000
2023-01-06,214,216,210,215,568492,0.9389671361502347,0,1203,-160539,159336,0,0,1203,396651,170638,568492,0,0,557190,11302,568492,0,258045,-34272257,34014212,0,0,258045,84566221,36424202,121248468,0,0,118838478,2409990,121248468
2023-01-09,215,221,214,219,684613,1.8604651162790697,0,1762,-153429,151667,0,0,1762,481253,201598,684613,0,0,634682,49931,684613,0,385878,-33147593,32761715,0,0,385878,104619754,43696114,148701746,0,0,137767347,10934399,148701746
2023-01-10,219,225,217,218,641255,-0.45662100456621,0,0,121899,-121899,0,0,0,571707,69548,641255,0,0,449808,191447,641255,0,0,26919822,-26919822,0,0,0,125949754,15308116,141257870,0,0,99029932,42227938,141257870
2023-01-11,218,221,213,215,2339330,-1.3761467889908259,0,-1454383,1377486,76897,0,0,0,2199425,139905,2339330,0,1454383,821939,63008,2339330,0,-314715202,297887016,16828186,0,0,0,475726328,30464486,506190814,0,314715202,177839312,13636300,506190814
2023-01-12,215,215,209,210,3752613,-2.3255813953488373,0,-2322595,2339389,-16794,0,0,0,3665603,87010,3752613,0,2322595,1326214,103804,3752613,0,-489703892,493235592,-3531700,0,0,0,773106595,18435034,791541629,0,489703892,279871003,21966734,791541629
2023-01-13,211,214,209,211,2478243,0.4761904761904762,0,-1173517,907961,265556,0,0,0,2154199,324044,2478243,0,1173517,1246238,58488,2478243,0,-247069311,191068484,56000827,0,0,0,453719903,68304793,522024696,0,247069311,262651419,12303966,522024696
2023-01-16,212,214,210,212,1949849,0.47393364928909953,0,0,-123255,123255,0,0,0,1822877,126972,1949849,0,0,1946132,3717,1949849,0,0,-26086917,26086917,0,0,0,385635206,26872817,412508023,0,0,411722123,785900,412508023
2023-01-17,213,215,211,212,786679,0.0,0,0,-41384,41384,0,0,0,663603,123076,786679,0,0,704987,81692,786679,0,0,-8964605,8964605,0,0,0,140849159,26264347,167113506,0,0,149813764,17299742,167113506
2023-01-18,213,213,210,211,822311,-0.4716981132075472,0,0,203113,-203113,0,0,0,810430,11881,822311,0,0,607317,214994,822311,0,0,42829190,-42829190,0,0,0,170838503,2508771,173347274,0,0,128009313,45337961,173347274
2023-01-19,211,211,207,209,1095823,-0.9478672985781991,0,0,141815,-141815,0,0,0,1091411,4412,1095823,0,0,949596,146227,1095823,0,0,29637486,-29637486,0,0,0,227866507,917702,228784209,0,0,198229021,30555188,228784209
2023-01-20,208,210,208,209,459832,0.0,0,0,10545,-10545,0,0,0,459821,11,459832,0,0,449276,10556,459832,0,0,2203957,-2203957,0,0,0,95869406,2305,95871711,0,0,93665449,2206262,95871711
2023-01-25,210,212,209,210,886664,0.4784688995215311,0,0,62910,-62910,0,0,0,871362,15302,886664,0,0,808452,78212,886664,0,0,13215088,-13215088,0,0,0,183058491,3211426,186269917,0,0,169843403,16426514,186269917
2023-01-26,209,211,208,209,817095,-0.4761904761904762,0,-1200,45078,-43878,0,0,0,812477,4618,817095,0,1200,767399,48496,817095,0,-249600,9465586,-9215986,0,0,0,169826246,967587,170793833,0,249600,160360660,10183573,170793833
2023-01-27,210,211,208,209,488998,0.0,0,0,69306,-69306,0,0,0,478996,10002,488998,0,0,409690,79308,488998,0,0,14481865,-14481865,0,0,0,100344119,2100420,102444539,0,0,85862254,16582285,102444539
2023-01-30,209,211,209,209,597404,0.0,0,0,-47079,47079,0,0,0,480360,117044,597404,0,0,527439,69965,597404,0,0,-9928016,9928016,0,0,0,100535831,24558796,125094627,0,0,110463847,14630780,125094627
2023-01-31,209,210,207,209,709620,0.0,0,0,-64218,64218,0,0,0,634443,75177,709620,0,0,698661,10959,709620,0,0,-13394525,13394525,0,0,0,131952510,15673998,147626508,0,0,145347035,2279473,147626508
2023-02-01,208,211,207,208,839081,-0.4784688995215311,0,0,34095,-34095,0,0,0,819669,19412,839081,0,0,785574,53507,839081,0,0,7095839,-7095839,0,0,0,170889823,4057116,174946939,0,0,163793984,11152955,174946939
2023-02-02,209,211,207,210,1670619,0.9615384615384616,0,0,594269,-594269,0,0,0,1563489,107130,1670619,0,0,969220,701399,1670619,0,0,123602603,-123602603,0,0,0,326358522,22378030,348736552,0,0,202755919,145980633,348736552
2023-02-03,210,210,206,206,2242852,-1.9047619047619049,0,0,688948,-688948,0,0,0,2161948,80904,2242852,0,0,1473000,769852,2242852,0,0,142742573,-142742573,0,0,0,447784134,16784015,464568149,0,0,305041561,159526588,464568149
2023-02-06,206,209,204,205,1396051,-0.48543689320388345,0,0,592145,-592145,0,0,0,1369039,27012,1396051,0,0,776894,619157,1396051,0,0,121543319,-121543319,0,0,0,281859666,5551392,287411058,0,0,160316347,127094711,287411058
2023-02-07,205,210,204,204,1919029,-0.4878048780487805,0,0,828541,-828541,0,0,0,1806583,112446,1919029,0,0,978042,940987,1919029,0,0,169999580,-169999580,0,0,0,372153475,23191709,395345184,0,0,202153895,193191289,395345184
2023-02-08,205,206,201,203,2564594,-0.49019607843137253,0,0,1045426,-1045426,0,0,0,2418232,146362,2564594,0,0,1372806,1191788,2564594,0,0,212102460,-212102460,0,0,0,491037452,29601789,520639241,0,0,278934992,241704249,520639241
2023-02-09,203,205,200,202,1889529,-0.49261083743842365,0,0,544387,-544387,0,0,0,1867960,21569,1889529,0,0,1323573,565956,1889529,0,0,109593272,-109593272,0,0,0,377058044,4377099,381435143,0,0,267464772,113970371,381435143
2023-02-10,201,203,200,202,1081018,0.0,0,0,-28177,28177,0,0,0,1046016,35002,1081018,0,0,1074193,6825,1081018,0,0,-5674166,5674166,0,0,0,210419969,7045403,217465372,0,0,216094135,1371237,217465372
2023-02-13,201,203,200,202,1047488,0.0,0,0,36178,-36178,0,0,0,1040871,6617,1047488,0,0,1004693,42795,1047488,0,0,7279458,-7279458,0,0,0,209291549,1330035,210621584,0,0,202012091,8609493,210621584
2023-02-14,202,204,201,204,704109,0.9900990099009901,0,1000,-115806,114806,0,0,1000,582970,120139,704109,0,0,698776,5333,704109,0,203000,-23502766,23299766,0,0,203000,118144177,24382365,142729542,0,0,141646943,1082599,142729542
2023-02-15,204,204,200,202,774746,-0.9803921568627451,0,0,-60814,60814,0,0,0,684663,90083,774746,0,0,745477,29269,774746,0,0,-12241336,12241336,0,0,0,137858581,18150417,156008998,0,0,150099917,5909081,156008998
2023-02-16,201,204,200,202,982185,0.0,0,-1000,-28769,29769,0,0,0,865387,116798,982185,0,1000,894156,87029,982185,0,-201000,-5771097,5972097,0,0,0,174297710,23506398,197804108,0,201000,180068807,17534301,197804108
2023-02-17,201,203,200,201,1181941,-0.49504950495049505,0,0,-2747,2747,0,0,0,1165597,16344,1181941,0,0,1168344,13597,1181941,0,0,-537169,537169,0,0,0,234542156,3282653,237824809,0,0,235079325,2745484,237824809
2023-02-20,201,204,200,203,779438,0.9950248756218906,0,0,-34818,34818,0,0,0,744620,34818,779438,0,0,779438,0,779438,0,0,-7022716,7022716,0,0,0,150371751,7022716,157394467,0,0,157394467,0,157394467
2023-02-21,202,203,201,202,868724,-0.49261083743842365,0,0,12945,-12945,0,0,0,868723,1,868724,0,0,855778,12946,868724,0,0,2614890,-2614890,0,0,0,175224233,202,175224435,0,0,172609343,2615092,175224435
2023-02-22,203,203,201,201,1087594,-0.49504950495049505,0,0,5762,-5762,0,0,0,995383,92211,1087594,0,0,989621,97973,1087594,0,0,1082334,-1082334,0,0,0,201075422,18712047,219787469,0,0,199993088,19794381,219787469
2023-02-23,201,202,199,200,1207573,-0.4975124378109453,0,0,-9793,9793,0,0,0,1113559,94014,1207573,0,0,1123352,84221,1207573,0,0,-2001677,2001677,0,0,0,222866518,18845799,241712317,0,0,224868195,16844122,241712317
2023-02-24,200,201,199,199,866709,-0.5,0,0,-111094,111094,0,0,0,752099,114610,866709,0,0,863193,3516,866709,0,0,-22196428,22196428,0,0,0,150226517,22898825,173125342,0,0,172422945,702397,173125342
2023-02-27,198,200,196,198,834742,-0.5025125628140703,0,0,38735,-38735,0,0,0,775833,58909,834742,0,0,737098,97644,834742,0,0,7608232,-7608232,0,0,0,153463449,11680428,165143877,0,0,145855217,19288660,165143877
2023-02-28,198,198,195,196,812437,-1.0101010101010102,0,5078,20337,-25415,0,0,5078,719369,87990,812437,0,0,699032,113405,812437,0,1000367,3928097,-4928464,0,0,1000367,141154153,17337398,159491918,0,0,137226056,22265862,159491918
2023-03-02,196,200,194,199,1244038,1.530612244897959,0,7147,-444429,437282,0,0,7147,793744,443147,1244038,0,0,1238173,5865,1244038,0,1417416,-87956854,86539438,0,0,1417416,156709846,87701412,245828674,0,0,244666700,1161974,245828674
2023-03-03,198,198,195,195,1354921,-2.0100502512562812,0,0,38485,-38485,0,0,0,1324134,30787,1354921,0,0,1285649,69272,1354921,0,0,7455749,-7455749,0,0,0,259167358,6030710,265198068,0,0,251711609,13486459,265198068
2023-03-06,195,195,192,193,840058,-1.0256410256410255,0,6231,-6671,440,0,0,6231,812867,20960,840058,0,0,819538,20520,840058,0,1208268,-1286518,78250,0,0,1208268,157137447,4046283,162391998,0,0,158423965,3968033,162391998
2023-03-07,194,194,187,191,2042585,-1.0362694300518136,0,6944,106699,-113643,0,0,6944,2002072,33569,2042585,0,0,1895373,147212,2042585,0,1320074,20365585,-21685659,0,0,1320074,380123688,6356032,387799794,0,0,359758103,28041691,387799794
2023-03-08,190,190,180,182,3088457,-4.712041884816754,-120130,0,234090,-113960,0,0,0,2811850,276607,3088457,120130,0,2577760,390567,3088457,-22356718,0,44532957,-22176239,0,0,0,516769753,50351496,567121249,22356718,0,472236796,72527735,567121249
2023-03-09,182,182,168,174,1556107,-4.395604395604396,28735,0,28140,-56875,0,28735,0,1424797,102575,1556107,0,0,1396657,159450,1556107,4999890,0,5267498,-10267388,0,4999890,0,248573162,17785409,271358461,0,0,243305664,28052797,271358461
2023-03-10,173,173,165,169,825056,-2.8735632183908044,0,0,-67777,67777,0,1,0,703962,121093,825056,1,0,771739,53316,825056,1,0,-11258902,11258901,0,170,0,118860806,20296654,139157630,169,0,130119708,9037753,139157630
2023-03-13,167,195,163,169,6855694,0.0,-28735,-13841,58510,-15934,0,0,0,5805129,1050565,6855694,28735,13841,5746619,1066499,6855694,-5143565,-2629790,24749354,-16975999,0,0,0,1034121521,177668626,1211790147,5143565,2629790,1009372167,194644625,1211790147
2023-03-14,169,182,165,169,3686067,0.0,0,0,-444014,444014,0,0,0,2940633,745434,3686067,0,0,3384647,301420,3686067,0,0,-77457578,77457578,0,0,0,508299688,130203188,638502876,0,0,585757266,52745610,638502876
2023-03-15,170,173,169,173,683640,2.366863905325444,0,0,-33184,33184,0,0,0,601720,81920,683640,0,0,634904,48736,683640,0,0,-5670160,5670160,0,0,0,102981625,14027125,117008750,0,0,108651785,8356965,117008750
2023-03-16,171,173,170,171,623016,-1.1560693641618496,0,10464,25646,-36110,0,1,10464,574216,38335,623016,1,0,548570,74445,623016,1,1795623,4387671,-6183295,0,172,1795623,98193973,6569891,106559659,171,0,93806302,12753186,106559659
2023-03-17,171,173,169,171,498760,0.0,0,9429,-51362,41933,0,0,9429,433689,55642,498760,0,0,485051,13709,498760,0,1620337,-8767502,7147165,0,0,1620337,73966341,9499552,85086230,0,0,82733843,2352387,85086230
2023-03-20,172,172,169,170,481478,-0.5847953216374269,0,435,22368,-22803,0,0,435,448930,32113,481478,0,0,426562,54916,481478,0,74097,3844414,-3918511,0,0,74097,76298049,5459210,81831356,0,0,72453635,9377721,81831356
2023-03-21,170,170,165,167,1022804,-1.7647058823529411,0,0,161227,-161227,0,0,0,1001426,21378,1022804,0,0,840199,182605,1022804,0,0,26917871,-26917871,0,0,0,167245337,3602452,170847789,0,0,140327466,30520323,170847789
2023-03-22,168,168,163,167,1078845,0.0,0,0,75930,-75930,0,0,0,1048709,30136,1078845,0,0,972779,106066,1078845,0,0,12499890,-12499890,0,0,0,172725917,4944255,177670172,0,0,160226027,17444145,177670172
2023-03-23,167,167,156,156,882382,-6.58682634730539,0,0,94809,-94809,0,0,0,865592,16790,882382,0,0,770783,111599,882382,0,0,15407628,-15407628,0,0,0,139674979,2703325,142378304,0,0,124267351,18110953,142378304
2023-03-24,156,160,154,158,859069,1.282051282051282,0,0,-98133,98133,0,0,0,757369,101700,859069,0,0,855502,3567,859069,0,0,-15467903,15467903,0,0,0,119129119,16032444,135161563,0,0,134597022,564541,135161563
2023-03-27,159,160,154,157,590592,-0.6329113924050633,0,-668,-24768,25436,0,0,2371,525362,62859,590592,0,3039,550130,37423,590592,0,-99466,-3774200,3873666,0,0,374618,82165655,9784928,92325201,0,474084,85939855,5911262,92325201
2023-03-28,157,159,154,158,458722,0.6369426751592357,0,0,-65197,65197,0,0,0,358305,100417,458722,0,0,423502,35220,458722,0,0,-10258935,10258935,0,0,0,56001994,15780570,71782564,0,0,66260929,5521635,71782564
2023-03-29,158,161,156,161,815869,1.89873417721519,0,0,-140526,140526,0,0,0,667117,148752,815869,0,0,807643,8226,815869,0,0,-22367788,22367788,0,0,0,105401007,23667509,129068516,0,0,127768795,1299721,129068516
2023-03-30,162,162,159,161,409643,0.0,0,0,-23220,23220,0,0,0,382089,27554,409643,0,0,405309,4334,409643,0,0,-3732945,3732945,0,0,0,61402752,4430890,65833642,0,0,65135697,697945,65833642
2023-03-31,161,161,158,160,351089,-0.6211180124223602,0,0,111773,-111773,0,0,0,348927,2162,351089,0,0,237154,113935,351089,0,0,17782972,-17782972,0,0,0,55496888,344321,55841209,0,0,37713916,18127293,55841209
2023-04-03,160,160,157,158,313528,-1.25,0,4,62624,-62628,0,0,4,313212,312,313528,0,0,250588,62940,313528,0,633,9903661,-9904294,0,0,633,49574631,49396,49624660,0,0,39670970,9953690,49624660
2023-04-04,159,163,156,162,683923,2.5316455696202533,0,0,-182076,182076,0,0,0,489445,194478,683923,0,0,671521,12402,683923,0,0,-29244941,29244941,0,0,0,78551277,31253931,109805208,0,0,107796218,2008990,109805208
2023-04-05,162,163,159,160,477896,-1.2345679012345678,0,8000,-509,-7491,0,0,8000,464744,5152,477896,0,0,465253,12643,477896,0,1298000,-87144,-1210856,0,0,1298000,74704121,828728,76830849,0,0,74791265,2039584,76830849
2023-04-06,160,160,155,155,999361,-3.125,0,0,173564,-173564,0,0,0,972830,26531,999361,0,0,799266,200095,999361,0,0,27396262,-27396262,0,0,0,152432761,4171218,156603979,0,0,125036499,31567480,156603979
2023-04-07,155,189,154,173,23626405,11.612903225806452,0,0,389929,-389929,0,0,0,21710067,1916338,23626405,0,0,21320138,2306267,23626405,0,0,74241862,-74241862,0,0,0,3824891232,331056323,4155947555,0,0,3750649370,405298185,4155947555
2023-04-10,173,183,166,172,3810700,-0.5780346820809248,0,0,-339583,339583,0,0,0,3289886,520814,3810700,0,0,3629469,181231,3810700,0,0,-60172162,60172162,0,0,0,570697064,91704201,662401265,0,0,630869226,31532039,662401265
2023-04-11,172,173,167,170,1457482,-1.1627906976744187,0,0,-133860,133860,0,0,0,1281334,176148,1457482,0,0,1415194,42288,1457482,0,0,-22488785,22488785,0,0,0,216252253,29620014,245872267,0,0,238741038,7131229,245872267
2023-04-12,172,186,170,179,4251022,5.294117647058823,0,0,-554441,554441,0,0,0,3540596,710426,4251022,0,0,4095037,155985,4251022,0,0,-98745682,98745682,0,0,0,631952764,126614553,758567317,0,0,730698446,27868871,758567317
2023-04-13,178,180,171,174,1946736,-2.793296089385475,0,0,-67605,67605,0,0,0,1859744,86992,1946736,0,0,1927349,19387,1946736,0,0,-11695702,11695702,0,0,0,325741028,15146778,340887806,0,0,337436730,3451076,340887806
2023-04-14,175,179,175,178,939873,2.2988505747126435,0,0,89175,-89175,0,0,0,903492,36381,939873,0,0,814317,125556,939873,0,0,15895006,-15895006,0,0,0,160441210,6442749,166883959,0,0,144546204,22337755,166883959
2023-04-17,181,183,175,178,963203,0.0,0,0,45174,-45174,0,0,0,936589,26614,963203,0,0,891415,71788,963203,0,0,8058495,-8058495,0,0,0,167559303,4800905,172360208,0,0,159500808,12859400,172360208
2023-04-18,181,196,180,189,7899193,6.179775280898876,0,0,-188615,188615,0,0,0,7153674,745519,7899193,0,0,7342289,556904,7899193,0,0,-34774777,34774777,0,0,0,1352500171,140501903,1493002074,0,0,1387274948,105727126,1493002074
2023-04-19,193,196,186,195,3100901,3.1746031746031744,0,15873,-22904,7031,0,0,15873,2794078,290950,3100901,0,0,2816982,283919,3100901,0,3063489,-4216121,1152632,0,0,3063489,536987946,55378220,595429655,0,0,541204067,54225588,595429655
2023-04-20,199,201,184,184,4144236,-5.641025641025641,0,0,571159,-571159,0,0,0,4025708,118528,4144236,0,0,3454549,689687,4144236,0,0,109476202,-109476202,0,0,0,762073365,22988969,785062334,0,0,652597163,132465171,785062334
2023-04-21,182,183,175,182,1786233,-1.0869565217391304,0,-2371,-184297,186668,0,0,0,1579464,206769,1786233,0,2371,1763761,20101,1786233,0,-419667,-32643336,33063003,0,0,0,281528762,36693478,318222240,0,419667,314172098,3630475,318222240
2023-04-24,181,181,173,174,986601,-4.395604395604396,0,0,191125,-191125,0,0,0,913274,73327,986601,0,0,722149,264452,986601,0,0,33624146,-33624146,0,0,0,160584807,12965476,173550283,0,0,126960661,46589622,173550283
2023-04-25,174,175,166,169,1352867,-2.8735632183908044,0,0,39827,-39827,0,0,0,1288553,64314,1352867,0,0,1248726,104141,1352867,0,0,6777334,-6777334,0,0,0,218822882,10963759,229786641,0,0,212045548,17741093,229786641
2023-04-26,168,172,165,167,820481,-1.183431952662722,0,0,56282,-56282,0,0,0,732508,87973,820481,0,0,676226,144255,820481,0,0,9770606,-9770606,0,0,0,123323783,14691706,138015489,0,0,113553177,24462312,138015489
2023-04-27,167,168,162,164,793631,-1.7964071856287425,0,0,-14332,14332,0,0,0,732976,60655,793631,0,0,747308,46323,793631,0,0,-2261106,2261106,0,0,0,119769270,9901334,129670604,0,0,122030376,7640228,129670604
2023-04-28,166,166,160,162,745349,-1.2195121951219512,0,-1,20530,-20529,0,0,0,725787,19562,745349,0,1,705257,40091,745349,0,-162,3360974,-3360812,0,0,0,117930302,3189230,121119532,0,162,114569328,6550042,121119532
2023-05-02,161,167,161,165,565107,1.8518518518518516,0,336,-36842,36506,0,0,336,512849,51922,565107,0,0,549691,15416,565107,0,55776,-6004199,5948423,0,0,55776,84078216,8487357,92621349,0,0,90082415,2538934,92621349
2023-05-03,165,170,164,168,571324,1.8181818181818181,0,0,23770,-23770,0,0,0,514521,56803,571324,0,0,490751,80573,571324,0,0,3978301,-3978301,0,0,0,85834729,9409823,95244552,0,0,81856428,13388124,95244552
2023-05-04,166,169,165,168,249309,0.0,0,0,12766,-12766,0,0,0,242472,6837,249309,0,0,229706,19603,249309,0,0,2157230,-2157230,0,0,0,40441577,1134942,41576519,0,0,38284347,3292172,41576519
2023-05-08,168,170,165,166,484483,-1.1904761904761905,0,0,9007,-9007,0,0,0,478401,6082,484483,0,0,469394,15089,484483,0,0,1513102,-1513102,0,0,0,79498167,1009618,80507785,0,0,77985065,2522720,80507785
2023-05-09,165,167,162,164,598896,-1.2048192771084338,0,0,-12769,12769,0,0,0,582855,16041,598896,0,0,595624,3272,598896,0,0,-2078012,2078012,0,0,0,95334060,2614899,97948959,0,0,97412072,536887,97948959
2023-05-10,165,171,165,169,859686,3.048780487804878,0,0,-61587,61587,0,0,0,779552,80134,859686,0,0,841139,18547,859686,0,0,-10363630,10363630,0,0,0,130650312,13468492,144118804,0,0,141013942,3104862,144118804
2023-05-11,169,175,169,172,1106226,1.7751479289940828,0,0,3281,-3281,0,0,0,1085442,20784,1106226,0,0,1082161,24065,1106226,0,0,525302,-525302,0,0,0,186527545,3568596,190096141,0,0,186002243,4093898,190096141
2023-05-12,174,175,169,170,501448,-1.1627906976744187,0,0,94383,-94383,0,0,0,496056,5392,501448,0,0,401673,99775,501448,0,0,16336702,-16336702,0,0,0,85316832,924910,86241742,0,0,68980130,17261612,86241742
2023-05-15,168,169,166,167,330625,-1.7647058823529411,0,0,-841,841,0,0,0,314116,16509,330625,0,0,314957,15668,330625,0,0,-131523,131523,0,0,0,52528514,2757491,55286005,0,0,52660037,2625968,55286005
2023-05-16,166,169,165,167,265653,0.0,0,0,15312,-15312,0,0,0,265158,495,265653,0,0,249846,15807,265653,0,0,2570455,-2570455,0,0,0,44291796,82940,44374736,0,0,41721341,2653395,44374736
2023-05-17,170,172,167,169,679068,1.1976047904191618,0,0,-4617,4617,0,0,0,658005,21063,679068,0,0,662622,16446,679068,0,0,-776306,776306,0,0,0,110894835,3580328,114475163,0,0,111671141,2804022,114475163
2023-05-18,170,170,167,168,367724,-0.591715976331361,0,0,12977,-12977,0,0,0,367393,331,367724,0,0,354416,13308,367724,0,0,2180212,-2180212,0,0,0,61950884,55869,62006753,0,0,59770672,2236081,62006753
2023-05-19,170,170,167,169,403510,0.5952380952380952,0,0,3140,-3140,0,0,0,392790,10720,403510,0,0,389650,13860,403510,0,0,518470,-518470,0,0,0,66160850,1812670,67973520,0,0,65642380,2331140,67973520
2023-05-22,169,170,167,168,634887,-0.591715976331361,0,0,7245,-7245,0,0,0,619794,15093,634887,0,0,612549,22338,634887,0,0,1251375,-1251375,0,0,0,104572632,2545721,107118353,0,0,103321257,3797096,107118353
2023-05-23,170,170,166,168,371696,0.0,0,0,-9776,9776,0,0,0,361364,10332,371696,0,0,371140,556,371696,0,0,-1634103,1634103,0,0,0,60540986,1727273,62268259,0,0,62175089,93170,62268259
2023-05-24,168,168,166,167,225443,-0.5952380952380952,0,0,84,-84,0,0,0,225008,435,225443,0,0,224924,519,225443,0,0,14249,-14249,0,0,0,37529746,72543,37602289,0,0,37515497,86792,37602289
2023-05-25,167,168,163,164,608100,-1.7964071856287425,0,0,5612,-5612,0,0,0,607893,207,608100,0,0,602281,5819,608100,0,0,924897,-924897,0,0,0,99974936,34150,100009086,0,0,99050039,959047,100009086
2023-05-26,164,166,163,166,374259,1.2195121951219512,0,-6057,39968,-33911,0,0,0,373539,720,374259,0,6057,333571,34631,374259,0,-988538,6517019,-5528481,0,0,0,61091331,118436,61209767,0,988538,54574312,5646917,61209767
2023-05-30,166,167,163,166,652348,0.0,0,-6168,-82218,88386,0,0,0,541665,110683,652348,0,6168,623883,22297,652348,0,-1017720,-13355845,14373565,0,0,0,89294099,18044302,107338401,0,1017720,102649944,3670737,107338401
2023-05-31,165,166,163,164,354829,-1.2048192771084338,0,0,4002,-4002,0,0,0,353350,1479,354829,0,0,349348,5481,354829,0,0,656342,-656342,0,0,0,57975216,242556,58217772,0,0,57318874,898898,58217772
2023-06-01,163,166,163,166,349589,1.2195121951219512,0,0,9895,-9895,0,0,0,349574,15,349589,0,0,339679,9910,349589,0,0,1630292,-1630292,0,0,0,57638848,2475,57641323,0,0,56008556,1632767,57641323
2023-06-02,167,167,164,166,191828,0.0,0,1965,4156,-6121,0,0,1965,189863,0,191828,0,0,185707,6121,191828,0,326190,689896,-1016086,0,0,326190,31366140,0,31692330,0,0,30676244,1016086,31692330
2023-06-05,167,167,162,165,725511,-0.6024096385542169,0,1207,-2682,1475,0,0,1207,721901,2403,725511,0,0,724583,928,725511,0,196074,-437076,241002,0,0,196074,118388744,394334,118979152,0,0,118825820,153332,118979152
2023-06-07,166,166,163,164,405568,-0.6060606060606061,0,-24937,16389,8548,0,0,1734,386093,17741,405568,0,26671,369704,9193,405568,0,-4089148,2688220,1400928,0,0,284896,63450008,2910668,66645572,0,4374044,60761788,1509740,66645572
2023-06-08,163,165,163,165,239375,0.6097560975609756,0,-5581,10569,-4988,0,0,1152,236672,1551,239375,0,6733,226103,6539,239375,0,-911365,1725624,-814259,0,0,188928,38748186,253137,39190251,0,1100293,37022562,1067396,39190251
2023-06-09,164,165,163,165,271012,0.0,0,4067,-3852,-215,0,0,4166,264322,2524,271012,0,99,268174,2739,271012,0,669112,-634515,-34597,0,0,685348,43363529,415146,44464023,0,16236,43998044,449743,44464023
2023-06-12,165,165,162,164,573352,-0.6060606060606061,0,2000,-5004,3004,0,0,2000,566973,4379,573352,0,0,571977,1375,573352,0,328000,-812311,484311,0,0,328000,92261694,709403,93299097,0,0,93074005,225092,93299097
2023-06-13,164,166,162,164,439026,0.0,0,2181,-944,-1237,0,0,2181,436132,713,439026,0,0,437076,1950,439026,0,357684,-153764,-203920,0,0,357684,71494233,116318,71968235,0,0,71647997,320238,71968235
2023-06-14,164,165,161,162,613500,-1.2195121951219512,0,1079,47974,-49053,0,0,1079,612016,405,613500,0,0,564042,49458,613500,0,174800,7812779,-7987579,0,0,174800,99262650,65603,99503053,0,0,91449871,8053182,99503053
2023-06-15,160,162,160,162,310706,0.0,0,1557,28237,-29794,0,0,1557,309073,76,310706,0,0,280836,29870,310706,0,252234,4544599,-4796833,0,0,252234,49726567,12237,49991038,0,0,45181968,4809070,49991038
2023-06-16,163,163,161,162,544102,0.0,0,2646,30877,-33523,0,0,2646,541377,79,544102,0,0,510500,33602,544102,0,427273,5029756,-5457029,0,0,427273,89958369,12798,90398440,0,0,84928613,5469827,90398440
2023-06-19,169,203,168,174,38537729,7.4074074074074066,0,-15852,712549,-696697,0,0,59736,37173638,1304355,38537729,0,75588,36461089,2001052,38537729,0,-3299598,138873377,-135573779,0,0,11246081,6838475994,236059804,7085781879,0,14545679,6699602617,371633583,7085781879
2023-06-20,175,184,171,172,7686161,-1.1494252873563218,0,738,-120757,120019,0,0,738,7335369,350054,7686161,0,0,7456126,230035,7686161,0,126936,-21107504,20980568,0,0,126936,1288965128,61918672,1351010736,0,0,1310072632,40938104,1351010736
2023-06-21,172,173,166,168,2418517,-2.3255813953488373,0,3312,14543,-17855,0,0,3312,2367978,47227,2418517,0,0,2353435,65082,2418517,0,557907,2434634,-2992541,0,0,557907,400415762,7980559,408954228,0,0,397981128,10973100,408954228
2023-06-22,167,170,163,165,1831537,-1.7857142857142856,0,2693,-41360,38667,0,0,2693,1756637,72207,1831537,0,0,1797997,33540,1831537,0,447845,-6758902,6311057,0,0,447845,291054121,11945110,303447076,0,0,297813023,5634053,303447076
2023-06-23,164,176,164,167,1686872,1.2121212121212122,0,1249,8743,-9992,0,0,1250,1661548,24074,1686872,0,1,1652805,34066,1686872,0,208584,1566002,-1774586,0,0,208750,279472213,4038601,283719564,0,166,277906211,5813187,283719564
2023-06-26,165,168,162,162,1227119,-2.9940119760479043,0,1429,628,-2057,0,0,1429,1205455,20235,1227119,0,0,1204827,22292,1227119,0,233356,86406,-319762,0,0,233356,197727672,3322883,201283911,0,0,197641266,3642645,201283911
2023-06-27,163,165,161,162,819866,0.0,0,1161,-25532,24371,0,0,1161,793257,25448,819866,0,0,818789,1077,819866,0,189591,-4141679,3952088,0,0,189591,129185857,4128022,133503470,0,0,133327536,175934,133503470
2023-06-28,162,163,160,160,959481,-1.2345679012345678,0,2365,-20544,18179,0,0,2365,896063,61053,959481,0,0,916607,42874,959481,0,381474,-3317438,2935964,0,0,381474,144827450,9883236,155092160,0,0,148144888,6947272,155092160
2023-06-29,161,162,159,160,549693,0.0,0,-14660,-32921,47581,0,0,1213,500780,47700,549693,0,15873,533701,119,549693,0,-2333987,-5323225,7657212,0,0,194698,80380252,7676253,88251203,0,2528685,85703477,19041,88251203
2023-06-30,160,165,157,160,1520735,0.0,0,717,42392,-43109,0,0,717,1503995,16023,1520735,0,0,1461603,59132,1520735,0,115652,6767644,-6883296,0,0,115652,240974787,2568738,243659177,0,0,234207143,9452034,243659177
2023-07-03,161,162,159,160,641348,0.0,0,1441,-79896,78455,0,0,1441,553983,85924,641348,0,0,633879,7469,641348,0,232028,-12824366,12592338,0,0,232028,88836552,13794847,102863427,0,0,101660918,1202509,102863427
2023-07-04,161,162,160,161,535014,0.625,0,988,-64838,63850,0,0,988,464866,69160,535014,0,0,529704,5310,535014,0,159068,-10446771,10287703,0,0,159068,74670416,11142722,85972206,0,0,85117187,855019,85972206
2023-07-05,160,162,158,158,1176747,-1.8633540372670807,0,859,96847,-97706,0,0,859,1174394,1494,1176747,0,0,1077547,99200,1176747,0,136761,15349830,-15486591,0,0,136761,186842416,237446,187216623,0,0,171492586,15724037,187216623
2023-07-06,158,158,153,154,915866,-2.5316455696202533,0,538,188790,-189328,0,0,538,899985,15343,915866,0,0,711195,204671,915866,0,83270,29406701,-29489971,0,0,83270,140066048,2395095,142544413,0,0,110659347,31885066,142544413
2023-07-07,153,155,151,152,1101354,-1.2987012987012987,0,443,-14571,14128,0,0,443,1077085,23826,1101354,0,0,1091656,9698,1101354,0,67680,-2211658,2143978,0,0,67680,164107437,3635795,167810912,0,0,166319095,1491817,167810912
2023-07-10,152,152,145,149,1245883,-1.9736842105263157,0,917,-103006,102089,0,0,917,1133333,111633,1245883,0,0,1236339,9544,1245883,0,136931,-15334745,15197814,0,0,136931,169272315,16636765,186046011,0,0,184607060,1438951,186046011
2023-07-11,150,152,149,152,456329,2.013422818791946,0,1721,-52976,51255,0,0,1721,403088,51520,456329,0,0,456064,265,456329,0,260256,-7948275,7688019,0,0,260256,60645393,7728033,68633682,0,0,68593668,40014,68633682
2023-07-12,153,153,151,153,2327290,0.6578947368421052,0,1712519,96965,-1809484,0,0,1801127,525777,386,2327290,0,88608,428812,1809870,2327290,0,183258447,14383367,-197641814,0,0,196372431,79407633,58667,275838731,0,13113984,65024266,197700481,275838731
2023-07-13,154,154,145,147,3048822,-3.9215686274509802,0,-1410644,1589022,-178378,0,0,748,2912773,135301,3048822,0,1411392,1323751,313679,3048822,0,-210358115,236650385,-26292270,0,0,111328,433547457,20136756,453795541,0,210469443,196897072,46429026,453795541
2023-07-14,148,149,145,146,949652,-0.6802721088435374,0,974,20770,-21744,0,0,1055,946393,2204,949652,0,81,925623,23948,949652,0,143552,3031070,-3174622,0,0,155378,138275488,321786,138752652,0,11826,135244418,3496408,138752652
2023-07-17,146,147,144,146,847730,0.0,0,1717,-46338,44621,0,0,1717,801256,44757,847730,0,0,847594,136,847730,0,251557,-6743848,6492291,0,0,251557,116199471,6512417,122963445,0,0,122943319,20126,122963445
2023-07-18,147,147,144,146,1235239,0.0,0,48,16916,-16964,0,0,48,1229609,5582,1235239,0,0,1212693,22546,1235239,0,7008,2469144,-2476152,0,0,7008,178662676,814872,179484556,0,0,176193532,3291024,179484556
2023-07-19,146,146,138,139,2658422,-4.794520547945205,0,3224,-119922,116698,0,0,3224,2350304,304894,2658422,0,0,2470226,188196,2658422,0,448959,-16527579,16078620,0,0,448959,330685420,42500259,373634638,0,0,347212999,26421639,373634638
2023-07-20,140,142,139,141,788964,1.4388489208633095,0,2703,-98340,95637,0,0,2703,686345,99916,788964,0,0,784685,4279,788964,0,381933,-13861659,13479726,0,0,381933,96521081,14082719,110985733,0,0,110382740,602993,110985733
2023-07-21,141,143,139,141,752690,0.0,0,1325,-78749,77424,0,0,1325,673133,78232,752690,0,0,751882,808,752690,0,187853,-11108148,10920295,0,0,187853,94952899,11034224,106174976,0,0,106061047,113929,106174976
2023-07-24,142,142,136,136,1789884,-3.546099290780142,0,1866,95614,-97480,0,0,1909,1730139,57836,1789884,0,43,1634525,155316,1789884,0,255977,13587751,-13843728,0,0,261954,238645418,7885994,246793366,0,5977,225057667,21729722,246793366
2023-07-25,136,137,130,130,1248243,-4.411764705882353,0,1271,93616,-94887,0,0,1271,1235038,11934,1248243,0,0,1141422,106821,1248243,0,167908,12475915,-12643823,0,0,167908,164338957,1576433,166083298,0,0,151863042,14220256,166083298
2023-07-26,130,130,118,125,2896930,-3.8461538461538463,0,894,80202,-81096,0,0,894,2467806,428230,2896930,0,0,2387604,509326,2896930,0,109962,10604369,-10714331,0,0,109962,304092854,51961365,356164181,0,0,293488485,62675696,356164181
2023-07-27,125,136,124,130,1726763,4.0,0,1051,-38402,37351,0,0,1051,1552562,173150,1726763,0,0,1590964,135799,1726763,0,136630,-4790002,4653372,0,0,136630,199878878,22408718,222424226,0,0,204668880,17755346,222424226
2023-07-28,131,148,131,136,4663444,4.615384615384616,0,-69739,48708,21031,0,0,905,4527441,135098,4663444,0,70644,4478733,114067,4663444,0,-10151056,7451794,2699262,0,0,124256,632660449,18547752,651332457,0,10275312,625208655,15848490,651332457
2023-07-31,138,141,136,138,1141384,1.4705882352941175,0,210,-38755,38545,0,0,210,1091875,49299,1141384,0,0,1130630,10754,1141384,0,28980,-5405470,5376490,0,0,28980,150645070,6879714,157553764,0,0,156050540,1503224,157553764
2023-08-01,138,141,136,138,839732,0.0,0,1704,25151,-26855,0,0,1704,834705,3323,839732,0,0,809554,30178,839732,0,236020,3466458,-3702478,0,0,236020,115505404,461157,116202581,0,0,112038946,4163635,116202581
2023-08-02,137,140,135,136,475219,-1.4492753623188406,0,297,-58061,57764,0,0,297,414641,60281,475219,0,0,472702,2517,475219,0,40454,-7945926,7905472,0,0,40454,57013904,8251338,65305696,0,0,64959830,345866,65305696
2023-08-03,136,136,132,136,546561,0.0,0,0,41653,-41653,0,0,0,523659,22902,546561,0,0,482006,64555,546561,0,0,5629107,-5629107,0,0,0,70174926,3055852,73230778,0,0,64545819,8684959,73230778
2023-08-04,136,148,136,143,4160279,5.147058823529411,0,-237210,-142539,379749,0,0,2790,3611991,545498,4160279,0,240000,3754530,165749,4160279,0,-34628043,-19540061,54168104,0,0,394227,516205927,77974463,594574617,0,35022270,535745988,23806359,594574617
2023-08-07,143,144,138,140,840412,-2.097902097902098,0,3087,6440,-9527,0,0,3087,825400,11925,840412,0,0,818960,21452,840412,0,433754,894859,-1328613,0,0,433754,115439674,1659667,117533095,0,0,114544815,2988280,117533095
2023-08-08,140,159,138,140,7634742,0.0,0,-24650,4821,19829,0,0,579,6899705,734458,7634742,0,25229,6894884,714629,7634742,0,-3847598,1392681,2454917,0,0,82029,1027506507,109617415,1137205951,0,3929627,1026113826,107162498,1137205951
2023-08-09,141,144,138,140,1232098,0.0,0,510,48149,-48659,0,0,510,1181049,50539,1232098,0,0,1132900,99198,1232098,0,71796,6828403,-6900199,0,0,71796,166340111,7089748,173501655,0,0,159511708,13989947,173501655
2023-08-10,140,150,140,146,1712328,4.285714285714286,0,646,-222420,221774,0,0,646,1451520,260162,1712328,0,0,1673940,38388,1712328,0,93998,-31779311,31685313,0,0,93998,210100994,37348737,247543729,0,0,241880305,5663424,247543729
2023-08-11,146,166,145,154,5928251,5.47945205479452,0,1518,-301746,300228,0,0,2243,5098198,827810,5928251,0,725,5399944,527582,5928251,0,228941,-44065828,43836887,0,0,344249,794551122,127645991,922541362,0,115308,838616950,83809104,922541362
2023-08-14,156,158,148,148,1785664,-3.896103896103896,0,173,175602,-175775,0,0,173,1705625,79866,1785664,0,0,1530023,255641,1785664,0,25738,26180989,-26206727,0,0,25738,256637352,12143329,268806419,0,0,230456363,38350056,268806419
2023-08-16,147,148,140,142,1256063,-4.054054054054054,0,3107,-83740,80633,0,0,3107,1073439,179517,1256063,0,0,1157179,98884,1256063,0,445387,-11920261,11474874,0,0,445387,153380829,25676442,179502658,0,0,165301090,14201568,179502658
2023-08-17,141,141,136,140,974976,-1.4084507042253522,0,318,-13209,12891,0,0,318,918548,56110,974976,0,0,931757,43219,974976,0,44520,-1740301,1695781,0,0,44520,127007836,7719260,134771616,0,0,128748137,6023479,134771616
2023-08-18,140,145,139,140,707756,0.0,0,5306,-81455,76149,0,0,5306,538696,163754,707756,0,0,620151,87605,707756,0,747630,-11567715,10820085,0,0,747630,76197114,23231056,100175800,0,0,87764829,12410971,100175800
2023-08-21,139,139,135,136,713716,-2.857142857142857,0,3944,-63255,59311,0,0,3944,635424,74348,713716,0,0,698679,15037,713716,0,538411,-8606221,8067810,0,0,538411,86659273,10123410,97321094,0,0,95265494,2055600,97321094
2023-08-22,136,145,136,139,669636,2.2058823529411766,0,165,5394,-5559,0,0,165,663133,6338,669636,0,0,657739,11897,669636,0,22935,772411,-795346,0,0,22935,92326794,882134,93231863,0,0,91554383,1677480,93231863
2023-08-23,138,140,137,137,494888,-1.4388489208633095,0,1335,-18579,17244,0,0,1335,469199,24354,494888,0,0,487778,7110,494888,0,184630,-2562270,2377640,0,0,184630,64701108,3360791,68246529,0,0,67263378,983151,68246529
2023-08-24,137,140,137,140,392395,2.18978102189781,0,1026,-34023,32997,0,0,1026,350573,40796,392395,0,0,384596,7799,392395,0,143640,-4681231,4537591,0,0,143640,48714291,5617934,54475865,0,0,53395522,1080343,54475865
2023-08-25,140,148,140,146,1503731,4.285714285714286,0,3175,45575,-48750,0,0,3175,1443173,57383,1503731,0,0,1397598,106133,1503731,0,464502,6792533,-7257035,0,0,464502,209638915,8266168,218369585,0,0,202846382,15523203,218369585
2023-08-28,147,149,144,145,356885,-0.684931506849315,0,2186,43038,-45224,0,0,2186,347500,7199,356885,0,0,304462,52423,356885,0,319811,6337311,-6657122,0,0,319811,51011626,1051954,52383391,0,0,44674315,7709076,52383391
2023-08-29,145,147,143,146,598735,0.6896551724137931,0,1357,53477,-54834,0,0,1357,570023,27355,598735,0,0,516546,82189,598735,0,197172,7712893,-7910065,0,0,197172,82556415,3945371,86698958,0,0,74843522,11855436,86698958
2023-08-30,149,150,144,148,721821,1.36986301369863,0,2239,43883,-46122,0,0,2239,719487,95,721821,0,0,675604,46217,721821,0,331372,6463289,-6794661,0,0,331372,105847453,13965,106192790,0,0,99384164,6808626,106192790
2023-08-31,148,148,141,145,996701,-2.027027027027027,0,2103,-201983,199880,0,0,2103,773336,221262,996701,0,0,975319,21382,996701,0,303453,-28699554,28396101,0,0,303453,110904028,31500354,142707835,0,0,139603582,3104253,142707835
2023-09-01,145,145,141,142,393043,-2.0689655172413794,0,3165,-10445,7280,0,0,3175,382058,7810,393043,0,10,392503,530,393043,0,449440,-1483954,1034514,0,0,450860,54073412,1109710,55633982,0,1420,55557366,75196,55633982
2023-09-04,142,144,140,143,182757,0.7042253521126761,0,1888,3917,-5805,0,0,1888,170270,10599,182757,0,0,166353,16404,182757,0,268662,584589,-853251,0,0,268662,24063026,1489348,25821036,0,0,23478437,2342599,25821036
2023-09-05,143,145,141,143,159232,0.0,0,1530,10110,-11640,0,0,1530,154800,2902,159232,0,0,144690,14542,159232,0,219279,1444299,-1663578,0,0,219279,22072946,414986,22707211,0,0,20628647,2078564,22707211
2023-09-06,144,144,141,143,187200,0.0,0,1711,5652,-7363,0,0,1711,184427,1062,187200,0,0,178775,8425,187200,0,243345,809152,-1052497,0,0,243345,26309707,151107,26704159,0,0,25500555,1203604,26704159
2023-09-07,143,144,138,138,294514,-3.4965034965034967,0,1607,28896,-30503,0,0,1607,292746,161,294514,0,0,263850,30664,294514,0,224268,4083435,-4307703,0,0,224268,40885575,22379,41132222,0,0,36802140,4330082,41132222
2023-09-08,136,142,136,141,287265,2.1739130434782608,0,3913,21341,-25254,0,0,3913,280802,2550,287265,0,0,259461,27804,287265,0,548725,2994088,-3542813,0,0,548725,38976357,350368,39875450,0,0,35982269,3893181,39875450
2023-09-11,141,142,138,140,285363,-0.7092198581560284,0,769,-7709,6940,0,0,769,275920,8674,285363,0,0,283629,1734,285363,0,107660,-1085692,978032,0,0,107660,38370012,1221672,39699344,0,0,39455704,243640,39699344
2023-09-12,139,140,137,138,214447,-1.4285714285714286,0,2841,31892,-34733,0,0,2841,210931,675,214447,0,0,179039,35408,214447,0,392898,4400383,-4793281,0,0,392898,29127421,93236,29613555,0,0,24727038,4886517,29613555
2023-09-13,138,139,135,135,345519,-2.1739130434782608,0,2447,52905,-55352,0,0,2447,342872,200,345519,0,0,289967,55552,345519,0,334143,7212050,-7546193,0,0,334143,46763915,27400,47125458,0,0,39551865,7573593,47125458
2023-09-14,134,136,133,136,280254,0.7407407407407408,0,5113,-69213,64100,0,0,5113,195608,79533,280254,0,0,264821,15433,280254,0,692761,-9321051,8628290,0,0,692761,26312632,10716061,37721454,0,0,35633683,2087771,37721454
2023-09-15,137,137,118,119,26449680,-12.5,0,3795,8335035,-8338830,0,4000000,3795,17931128,4514757,26449680,4000000,0,9596093,12853587,26449680,-25225608,489555,1026665181,-1001929128,0,464000000,489555,2201255746,527996796,3193742097,489225608,0,1174590565,1529925924,3193742097
2023-09-18,120,122,118,119,2788046,0.0,0,2280,-69106,66826,0,0,2280,2545769,239997,2788046,0,0,2614875,173171,2788046,0,271320,-8238068,7966748,0,0,271320,304253737,28799340,333324397,0,0,312491805,20832592,333324397
2023-09-19,120,120,114,115,3093451,-3.361344537815126,0,988,104606,-105594,0,0,988,3014932,77531,3093451,0,0,2910326,183125,3093451,0,113620,12075898,-12189518,0,0,113620,348586909,9037930,357738459,0,0,336511011,21227448,357738459
2023-09-20,114,117,111,117,2476405,1.7391304347826086,0,807,-409270,408463,0,0,807,2035567,440031,2476405,0,0,2444837,31568,2476405,0,91609,-46437648,46346039,0,0,91609,230327983,49963508,280383100,0,0,276765631,3617469,280383100
2023-09-21,117,121,111,112,2679354,-4.273504273504273,0,4556,166583,-171139,0,0,4556,2651198,23600,2679354,0,0,2484615,194739,2679354,0,516301,19566769,-20083070,0,0,516301,304992718,2661362,308170381,0,0,285425949,22744432,308170381
2023-09-22,113,115,110,113,1296860,0.8928571428571428,0,3581,-9881,6300,0,0,3581,1240285,52994,1296860,0,0,1250166,46694,1296860,0,405405,-1085776,680371,0,0,405405,138980677,5930131,145316213,0,0,140066453,5249760,145316213
2023-09-25,114,116,112,112,844033,-0.8849557522123894,0,2258,55146,-57404,0,0,2258,817391,24384,844033,0,0,762245,81788,844033,0,254157,6189586,-6443743,0,0,254157,92712984,2797911,95765052,0,0,86523398,9241654,95765052
2023-09-26,112,113,108,108,1660551,-3.571428571428571,0,1581,249462,-251043,0,0,1581,1604610,54360,1660551,0,0,1355148,305403,1660551,0,172738,27291225,-27463963,0,0,172738,176260944,5949781,182383463,0,0,148969719,33413744,182383463
2023-09-27,107,110,107,110,509486,1.8518518518518516,0,1320,-17578,16258,0,0,1320,478624,29542,509486,0,0,496202,13284,509486,0,145200,-1932217,1787017,0,0,145200,52147814,3221692,55514706,0,0,54080031,1434675,55514706
2023-10-04,110,111,107,109,706816,-0.9090909090909091,0,263,160947,-161210,0,0,263,704169,2384,706816,0,0,543222,163594,706816,0,28667,17445955,-17474622,0,0,28667,76414652,257472,76700791,0,0,58968697,17732094,76700791
2023-10-05,109,110,108,109,428292,0.0,0,1196,-4350,3154,0,0,1196,420772,6324,428292,0,0,425122,3170,428292,0,130973,-474760,343787,0,0,130973,45739891,689316,46560180,0,0,46214651,345529,46560180
2023-10-06,109,111,107,110,703683,0.9174311926605505,0,1625,-72016,70391,0,0,1625,598552,103506,703683,0,0,670568,33115,703683,0,178750,-7916489,7737739,0,0,178750,65435929,11364863,76979542,0,0,73352418,3627124,76979542
2023-10-10,111,113,110,111,987689,0.9090909090909091,0,755,-6891,6136,0,0,755,922097,64837,987689,0,0,928988,58701,987689,0,83805,-812696,728891,0,0,83805,102543866,7244702,109872373,0,0,103356562,6515811,109872373
2023-10-11,110,114,110,113,360985,1.8018018018018018,0,689,-45560,44871,0,0,689,312557,47739,360985,0,0,358117,2868,360985,0,77857,-5077601,4999744,0,0,77857,35090517,5323671,40492045,0,0,40168118,323927,40492045
2023-10-12,113,116,112,115,1322213,1.7699115044247788,0,959,-54402,53443,0,0,959,1233692,87562,1322213,0,0,1288094,34119,1322213,0,109613,-6232890,6123277,0,0,109613,141136227,10020470,151266310,0,0,147369117,3897193,151266310
2023-10-13,119,149,118,149,19027459,29.565217391304348,0,214824,3321400,-3536224,0,0,275935,18549911,201613,19027459,0,61111,15228511,3737837,19027459,0,32390669,497394931,-529785600,0,0,41114315,2730019723,25871894,2797005932,0,8723646,2232624792,555657494,2797005932
2023-10-16,148,148,123,126,41658924,-15.436241610738255,0,-149919,538328,-388409,0,0,126016,39946562,1586346,41658924,0,275935,39408234,1974755,41658924,0,-21774514,73116482,-51341968,0,0,16217824,5250769523,207090932,5474078279,0,37992338,5177653041,258432900,5474078279
2023-10-17,126,130,118,123,11010920,-2.380952380952381,0,2894,-303708,300814,0,0,2894,10537669,470357,11010920,0,0,10841377,169543,11010920,0,344386,-36619408,36275022,0,0,344386,1308589826,57680555,1366614767,0,0,1345209234,21405533,1366614767
2023-10-18,123,123,118,119,5002300,-3.2520325203252036,0,1448,194963,-196411,0,0,1448,4816160,184692,5002300,0,0,4621197,381103,5002300,0,173050,23146793,-23319843,0,0,173050,577606343,22252188,600031581,0,0,554459550,45572031,600031581
2023-10-19,120,135,117,119,18519895,0.0,0,1673,71846,-73519,0,0,1673,17231273,1286949,18519895,0,0,17159427,1360468,18519895,0,197915,9028873,-9226788,0,0,197915,2148211031,162126458,2310535404,0,0,2139182158,171353246,2310535404
2023-10-20,118,128,111,113,9589644,-5.042016806722689,0,7338,-187574,180236,0,0,9584,9287325,292735,9589644,0,2246,9474899,112499,9589644,0,863700,-21574315,20710615,0,0,1148942,1082880042,34031702,1118060686,0,285242,1104454357,13321087,1118060686
2023-10-23,113,117,111,113,2468569,0.0,0,-4810,-11059,15869,0,0,425,2187929,280215,2468569,0,5235,2198988,264346,2468569,0,-543200,-1167097,1710297,0,0,48355,248601411,31870100,280519866,0,591555,249768508,30159803,280519866
2023-10-24,112,116,111,114,2459663,0.8849557522123894,0,1668,15220,-16888,0,0,1668,2290728,167267,2459663,0,0,2275508,184155,2459663,0,188984,1818420,-2007404,0,0,188984,258436634,18910439,277536057,0,0,256618214,20917843,277536057
2023-10-25,114,115,113,114,1119290,0.0,0,1371,-189212,187841,0,0,1371,928857,189062,1119290,0,0,1118069,1221,1119290,0,156294,-21570167,21413873,0,0,156294,105691584,21553067,127400945,0,0,127261751,139194,127400945
2023-10-26,113,113,110,112,2212923,-1.7543859649122806,0,2657,266272,-268929,0,0,2657,2200860,9406,2212923,0,0,1934588,278335,2212923,0,296866,29743324,-30040190,0,0,296866,244706294,1035514,246038674,0,0,214962970,31075704,246038674
2023-10-27,112,112,107,110,3254650,-1.7857142857142856,0,1201,-194225,193024,0,0,1201,2659350,594099,3254650,0,0,2853575,401075,3254650,0,131097,-21330948,21199851,0,0,131097,290673771,65037430,355842298,0,0,312004719,43837579,355842298
2023-10-30,109,112,108,111,1429180,0.9090909090909091,0,21,-186723,186702,0,0,21,1237022,192137,1429180,0,0,1423745,5435,1429180,0,2316,-20417400,20415084,0,0,2316,135600788,21010740,156613844,0,0,156018188,595656,156613844
2023-10-31,111,112,108,109,2148710,-1.8018018018018018,0,116,166679,-166795,0,0,116,2025769,122825,2148710,0,0,1859090,289620,2148710,0,12644,18016040,-18028684,0,0,12644,220609656,13417817,234040117,0,0,202593616,31446501,234040117
2023-11-01,109,111,109,110,654692,0.9174311926605505,0,1498,-107600,106102,0,0,1498,541259,111935,654692,0,0,648859,5833,654692,0,164780,-11808449,11643669,0,0,164780,59283648,12285299,71733727,0,0,71092097,641630,71733727
2023-11-02,111,113,109,112,1539197,1.8181818181818181,0,673,-73205,72532,0,0,673,1425571,112953,1539197,0,0,1498776,40421,1539197,0,75069,-8175968,8100899,0,0,75069,158854793,12598407,171528269,0,0,167030761,4497508,171528269
2023-11-03,112,116,112,115,2078597,2.6785714285714284,0,670,-224279,223609,0,0,670,1799571,278356,2078597,0,0,2023850,54747,2078597,0,76709,-25476201,25399492,0,0,76709,205372506,31673404,237122619,0,0,230848707,6273912,237122619
2023-11-06,117,124,117,118,2500304,2.608695652173913,0,26,-42157,42131,0,0,26,2379089,121189,2500304,0,0,2421246,79058,2500304,0,3088,-4953082,4949994,0,0,3088,280730168,14297034,295030290,0,0,285683250,9347040,295030290
2023-11-07,125,127,113,116,3913228,-1.694915254237288,0,400,349755,-350155,0,0,400,3736097,176731,3913228,0,0,3386342,526886,3913228,0,46209,41452098,-41498307,0,0,46209,442000489,21169011,463215709,0,0,400548391,62667318,463215709
2023-11-08,117,117,112,113,1414812,-2.586206896551724,0,1331,-33181,31850,0,0,1331,1334433,79048,1414812,0,0,1367614,47198,1414812,0,150978,-3822409,3671431,0,0,150978,152034884,9075798,161261660,0,0,155857293,5404367,161261660
2023-11-09,114,114,110,112,1714467,-0.8849557522123894,0,245,87399,-87644,0,0,245,1686098,28124,1714467,0,0,1598699,115768,1714467,0,27319,9681816,-9709135,0,0,27319,187108626,3124347,190260292,0,0,177426810,12833482,190260292
2023-11-10,110,112,109,110,2042995,-1.7857142857142856,0,300,-139524,139224,0,0,300,1665553,377142,2042995,0,0,1805077,237918,2042995,0,33233,-15839024,15805791,0,0,33233,183063303,41898592,224995128,0,0,198902327,26092801,224995128
2023-11-13,111,112,109,109,748555,-0.9090909090909091,0,688,81385,-82073,0,0,688,741415,6452,748555,0,0,660030,88525,748555,0,75526,8950220,-9025746,0,0,75526,81573911,713925,82363362,0,0,72623691,9739671,82363362
2023-11-14,110,113,109,112,824780,2.7522935779816518,0,11533,-21853,10320,0,0,11533,771836,41411,824780,0,0,793689,31091,824780,0,1288318,-2419980,1131662,0,0,1288318,85813230,4571035,91672583,0,0,88233210,3439373,91672583
2023-11-15,113,115,112,114,901699,1.7857142857142856,0,12004,-15951,3947,0,0,12004,882717,6978,901699,0,0,898668,3031,901699,0,1370347,-1816527,446180,0,0,1370347,100522720,789268,102682335,0,0,102339247,343088,102682335
2023-11-16,115,115,113,114,550814,0.0,0,660,16001,-16661,0,0,660,550078,76,550814,0,0,534077,16737,550814,0,75240,1821051,-1896291,0,0,75240,62432477,8664,62516381,0,0,60611426,1904955,62516381
2023-11-17,114,114,111,112,1074283,-1.7543859649122806,0,15094,93653,-108747,0,0,15094,1040484,18705,1074283,0,0,946831,127452,1074283,0,1704259,10489472,-12193731,0,0,1704259,116347369,2094748,120146376,0,0,105857897,14288479,120146376
2023-11-20,112,115,110,113,1116802,0.8928571428571428,0,8167,-82085,73918,0,0,8167,1031322,77313,1116802,0,0,1113407,3395,1116802,0,919141,-9246942,8327801,0,0,919141,115190879,8712540,124822560,0,0,124437821,384739,124822560
2023-11-21,113,115,112,113,629811,0.0,0,9886,-71276,61390,0,0,9886,552296,67629,629811,0,0,623572,6239,629811,0,1126764,-8081359,6954595,0,0,1126764,62521870,7664796,71313430,0,0,70603229,710201,71313430
2023-11-22,113,114,112,114,518703,0.8849557522123894,0,8822,-13753,4931,0,0,8822,504557,5324,518703,0,0,518310,393,518703,0,998358,-1555701,557343,0,0,998358,56821335,601623,58421316,0,0,58377036,44280,58421316
2023-11-23,114,116,112,114,1260296,0.0,0,3739,-2029,-1710,0,0,3739,1236250,20307,1260296,0,0,1238279,22017,1260296,0,426246,-216382,-209864,0,0,426246,140453556,2296293,143176095,0,0,140669938,2506157,143176095
2023-11-24,114,114,112,112,943482,-1.7543859649122806,0,2347,31773,-34120,0,0,2347,917667,23468,943482,0,0,885894,57588,943482,0,265915,3589062,-3854977,0,0,265915,103538361,2652014,106456290,0,0,99949299,6506991,106456290
2023-11-27,112,114,111,113,717499,0.8928571428571428,0,491,56562,-57053,0,0,491,710077,6931,717499,0,0,653515,63984,717499,0,55483,6344430,-6399913,0,0,55483,79724572,776772,80556827,0,0,73380142,7176685,80556827
2023-11-28,114,115,112,112,804150,-0.8849557522123894,0,327,55050,-55377,0,0,327,803595,228,804150,0,0,748545,55605,804150,0,36790,6263344,-6300134,0,0,36790,90839462,25745,90901997,0,0,84576118,6325879,90901997
2023-11-29,112,113,111,111,348895,-0.8928571428571428,0,244,5317,-5561,0,0,244,348591,60,348895,0,0,343274,5621,348895,0,27273,595565,-622838,0,0,27273,38943156,6714,38977143,0,0,38347591,629552,38977143
2023-11-30,111,117,111,114,1775674,2.7027027027027026,0,49657,-131630,81973,0,0,49657,1566963,159054,1775674,0,0,1698593,77081,1775674,0,5660898,-14901403,9240505,0,0,5660898,178247737,18075691,201984326,0,0,193149140,8835186,201984326
2023-12-01,114,115,113,114,957651,0.0,0,11262,-28197,16935,0,0,11262,920829,25560,957651,0,0,949026,8625,957651,0,1283868,-3202606,1918738,0,0,1283868,105530477,2894138,109708483,0,0,108733083,975400,109708483
2023-12-04,114,115,112,114,872733,0.0,0,5507,23427,-28934,0,0,5507,867151,75,872733,0,0,843724,29009,872733,0,627798,2641932,-3269730,0,0,627798,98105930,8495,98742223,0,0,95463998,3278225,98742223
2023-12-05,114,114,112,112,325028,-1.7543859649122806,0,1254,26051,-27305,0,0,1254,323402,372,325028,0,0,297351,27677,325028,0,142956,2941930,-3084886,0,0,142956,36484862,42044,36669862,0,0,33542932,3126930,36669862
2023-12-06,112,113,112,113,442278,0.8928571428571428,0,16318,-18440,2122,0,0,16318,417582,8378,442278,0,0,436022,6256,442278,0,1843934,-2079111,235177,0,0,1843934,46899415,938340,49681689,0,0,48978526,703163,49681689
2023-12-07,113,113,111,113,378036,0.0,0,689,2396,-3085,0,0,689,377145,202,378036,0,0,374749,3287,378036,0,77168,268460,-345628,0,0,77168,42252722,22624,42352514,0,0,41984262,368252,42352514
2023-12-08,112,113,111,113,720358,0.0,0,16902,-15804,-1098,0,0,16902,702454,1002,720358,0,0,718258,2100,720358,0,1909050,-1785814,-123236,0,0,1909050,78635364,112268,80656682,0,0,80421178,235504,80656682
2023-12-11,113,113,111,113,1160259,0.0,0,8063,-90432,82369,0,0,8063,1069709,82487,1160259,0,0,1160141,118,1160259,0,908746,-10134666,9225920,0,0,908746,119638028,9239144,129785918,0,0,129772694,13224,129785918
2023-12-12,113,113,111,113,742083,0.0,0,8166,-46125,37959,0,0,8166,695803,38114,742083,0,0,741928,155,742083,0,921437,-5177093,4255656,0,0,921437,78023566,4273016,83218019,0,0,83200659,17360,83218019
2023-12-13,113,113,110,112,1115343,-0.8849557522123894,0,0,73878,-73878,0,0,0,1113789,1554,1115343,0,0,1039911,75432,1115343,0,0,8220278,-8220278,0,0,0,123714251,172764,123887015,0,0,115493973,8393042,123887015
2023-12-14,111,112,109,110,862205,-1.7857142857142856,0,1680,19203,-20883,0,0,1680,851783,8742,862205,0,0,832580,29625,862205,0,188160,2109230,-2297390,0,0,188160,94146587,961640,95296387,0,0,92037357,3259030,95296387
2023-12-15,110,111,108,109,2675052,-0.9090909090909091,0,10238,-107770,97532,0,0,510238,2052404,112410,2675052,0,500000,2160174,14878,2675052,0,1439487,-12113000,10673513,0,0,56179487,224177386,12295488,292652361,0,54740000,236290386,1621975,292652361
2023-12-18,109,113,108,111,1092788,1.834862385321101,0,20111,-60160,40049,0,0,20111,1032228,40449,1092788,0,0,1092388,400,1092788,0,2234982,-6677742,4442760,0,0,2234982,113922786,4487560,120645328,0,0,120600528,44800,120645328
2023-12-19,112,112,110,111,389092,0.0,0,8006,-7209,-797,0,0,8006,381086,0,389092,0,0,388295,797,389092,0,888666,-800882,-87784,0,0,888666,42128695,0,43017361,0,0,42929577,87784,43017361
2023-12-20,112,113,111,112,475229,0.9009009009009009,0,7761,-11517,3756,0,0,7761,451845,15623,475229,0,0,463362,11867,475229,0,871171,-1287097,415926,0,0,871171,50575333,1745030,53191534,0,0,51862430,1329104,53191534
2023-12-21,112,113,109,111,1247000,-0.8928571428571428,0,1023,-13970,12947,0,0,1023,1227525,18452,1247000,0,0,1241495,5505,1247000,0,114462,-1533459,1418997,0,0,114462,135334557,2029747,137478766,0,0,136868016,610750,137478766
2023-12-22,111,111,108,108,1647823,-2.7027027027027026,0,8258,54194,-62452,0,0,8258,1638541,1024,1647823,0,0,1584347,63476,1647823,0,908380,5898889,-6807269,0,0,908380,178174532,111615,179194527,0,0,172275643,6918884,179194527
2023-12-26,109,110,108,109,1331012,0.9259259259259258,0,0,47254,-47254,0,0,0,1324235,6777,1331012,0,0,1276981,54031,1331012,0,0,5155686,-5155686,0,0,0,144680100,738693,145418793,0,0,139524414,5894379,145418793
2023-12-27,109,112,108,110,1813138,0.9174311926605505,0,20494,-71950,51456,0,0,20494,1707911,84733,1813138,0,0,1779861,33277,1813138,0,2249212,-7916426,5667214,0,0,2249212,186898732,9280498,198428442,0,0,194815158,3613284,198428442
2023-12-28,110,143,109,118,97410933,7.2727272727272725,0,-54849,395869,-341020,0,0,28455,93698219,3684259,97410933,0,83304,93302350,4025279,97410933,0,-6359453,73070479,-66711026,0,0,3686976,12444830546,466910479,12915428001,0,10046429,12371760067,533621505,12915428001
2024-01-02,120,152,119,139,71232422,17.796610169491526,0,-2900,12638,-9738,0,0,7129,67591334,3633959,71232422,0,10029,67578696,3643697,71232422,0,-340996,17547357,-17206361,0,0,973092,9378959004,492237481,9872169577,0,1314088,9361411647,509443842,9872169577
2024-01-03,139,148,129,131,22335263,-5.755395683453238,0,-19,437749,-437730,0,0,0,21013004,1322259,22335263,0,19,20575255,1759989,22335263,0,-2522,58251733,-58249211,0,0,0,2867529260,184821317,3052350577,0,2522,2809277527,243070528,3052350577
2024-01-04,130,135,126,131,9590138,0.0,0,0,-32224,32224,0,0,0,9145540,444598,9590138,0,0,9177764,412374,9590138,0,0,-3624523,3624523,0,0,0,1188441559,57437434,1245878993,0,0,1192066082,53812911,1245878993
2024-01-05,131,131,126,126,3818715,-3.816793893129771,0,0,-16471,16471,0,0,0,3732061,86654,3818715,0,0,3748532,70183,3818715,0,0,-2311653,2311653,0,0,0,475161196,11213779,486374975,0,0,477472849,8902126,486374975
2024-01-08,126,132,121,125,4960202,-0.7936507936507936,0,0,-184724,184724,0,0,0,4694673,265529,4960202,0,0,4879397,80805,4960202,0,0,-23114316,23114316,0,0,0,593824813,33526905,627351718,0,0,616939129,10412589,627351718
2024-01-09,125,126,122,123,2424339,-1.6,0,0,-306248,306248,0,0,0,2047982,376357,2424339,0,0,2354230,70109,2424339,0,0,-37837616,37837616,0,0,0,252304705,46500166,298804871,0,0,290142321,8662550,298804871
2024-01-10,122,123,116,119,2539810,-3.2520325203252036,0,-1,-50481,50482,0,0,0,2402257,137553,2539810,0,1,2452738,87071,2539810,0,-118,-5915977,5916095,0,0,0,286291162,16359294,302650456,0,118,292207139,10443199,302650456
2024-01-11,119,125,117,122,2680138,2.5210084033613445,0,0,-372243,372243,0,0,0,2259761,420377,2680138,0,0,2632004,48134,2680138,0,0,-44970867,44970867,0,0,0,272881185,50824729,323705914,0,0,317852052,5853862,323705914
2024-01-12,123,125,119,120,1061274,-1.639344262295082,0,0,96990,-96990,0,0,0,1025375,35899,1061274,0,0,928385,132889,1061274,0,0,11936026,-11936026,0,0,0,124443470,4396129,128839599,0,0,112507444,16332155,128839599
2024-01-15,121,122,118,120,1028259,0.0,0,0,-5663,5663,0,0,0,937040,91219,1028259,0,0,942703,85556,1028259,0,0,-720176,720176,0,0,0,112138132,10959554,123097686,0,0,112858308,10239378,123097686
2024-01-16,120,122,115,116,2105018,-3.3333333333333335,0,10000,27016,-37016,0,0,10000,1948599,146419,2105018,0,0,1921583,183435,2105018,0,1155000,3342038,-4497038,0,0,1155000,227380776,17114679,245650455,0,0,224038738,21611717,245650455
2024-01-17,116,116,111,113,1826136,-2.586206896551724,-5,0,92175,-92170,0,0,6578,1787302,32256,1826136,5,6578,1695127,124426,1826136,-565,6578,10509133,-10515146,0,0,749892,202169591,3646927,206566410,565,743314,191660458,14162073,206566410
2024-01-18,113,118,112,115,1297924,1.7699115044247788,0,7501,-233546,226045,0,0,7501,1039589,250834,1297924,0,0,1273135,24789,1297924,0,872982,-27072483,26199501,0,0,872982,120358857,29058629,150290468,0,0,147431340,2859128,150290468
2024-01-19,116,117,110,115,1763102,0.0,0,0,-345,345,0,0,0,1721055,42047,1763102,0,0,1721400,41702,1763102,0,0,-128302,128302,0,0,0,194746092,4853000,199599092,0,0,194874394,4724698,199599092
2024-01-22,116,116,112,114,1026687,-0.8695652173913043,0,0,115040,-115040,0,0,0,1024071,2616,1026687,0,0,909031,117656,1026687,0,0,13072816,-13072816,0,0,0,116415446,297950,116713396,0,0,103342630,13370766,116713396
2024-01-23,114,114,112,112,1185753,-1.7543859649122806,0,7766,-80097,72331,0,0,7766,1037891,140096,1185753,0,0,1117988,67765,1185753,0,882013,-9055504,8173491,0,0,882013,117215843,15830936,133928792,0,0,126271347,7657445,133928792
2024-01-24,114,142,111,128,65849152,14.285714285714285,0,12500,375725,-388225,0,0,32500,61109575,4707077,65849152,0,20000,60733850,5095302,65849152,0,1560000,53229032,-54789032,0,0,4200000,7977957813,609127458,8591285271,0,2640000,7924728781,663916490,8591285271
2024-01-25,130,146,121,124,53233191,-3.125,0,8127,-405344,397217,0,0,72127,48218233,4942831,53233191,0,64000,48623577,4545614,53233191,0,941161,-46428093,45486932,0,0,9744161,6511891628,669989216,7191625005,0,8803000,6558319721,624502284,7191625005
2024-01-26,128,138,124,126,12647033,1.6129032258064515,0,15135,-148719,133584,0,0,15135,11339101,1292797,12647033,0,0,11487820,1159213,12647033,0,1923540,-17588987,15665447,0,0,1923540,1478246600,168809570,1648979710,0,0,1495835587,153144123,1648979710
2024-01-29,128,128,118,120,4567997,-4.761904761904762,0,900,409,-1309,0,0,900,4131839,435258,4567997,0,0,4131430,436567,4567997,0,107100,1117359,-1224459,0,0,107100,497908709,51985999,550001808,0,0,496791350,53210458,550001808
2024-01-30,119,124,114,118,3386725,-1.6666666666666667,0,0,-296788,296788,0,0,0,2912576,474149,3386725,0,0,3209364,177361,3386725,0,0,-34277242,34277242,0,0,0,344327093,55430037,399757130,0,0,378604335,21152795,399757130
2024-01-31,118,120,116,117,1235828,-0.847457627118644,0,136,37554,-37690,0,0,136,1231893,3799,1235828,0,0,1194339,41489,1235828,0,16218,4421342,-4437560,0,0,16218,144925104,448145,145389467,0,0,140503762,4885705,145389467
2024-02-01,117,128,116,128,12447117,9.401709401709402,0,0,-428334,428334,0,0,0,11231012,1216105,12447117,0,0,11659346,787771,12447117,0,0,-53405294,53405294,0,0,0,1391032460,150428899,1541461359,0,0,1444437754,97023605,1541461359
2024-02-02,126,128,118,121,6391260,-5.46875,0,29,147287,-147316,0,0,2156,6236357,152747,6391260,0,2127,6089070,300063,6391260,0,7511,18138258,-18145769,0,0,262751,755993808,18573649,774830208,0,255240,737855550,36719418,774830208
2024-02-05,122,122,118,119,2370787,-1.6528925619834711,0,0,563326,-563326,0,0,0,2031182,339605,2370787,0,0,1467856,902931,2370787,0,0,66911989,-66911989,0,0,0,241665051,40388680,282053731,0,0,174753062,107300669,282053731
2024-02-06,118,125,117,117,2867251,-1.680672268907563,0,2000,492388,-494388,0,0,2000,2743080,122171,2867251,0,0,2250692,616559,2867251,0,236000,59053897,-59289897,0,0,236000,329189853,14501339,343927192,0,0,270135956,73791236,343927192
2024-02-07,118,119,117,118,818778,0.8547008547008548,0,0,-46258,46258,0,0,0,725918,92860,818778,0,0,772176,46602,818778,0,0,-5458444,5458444,0,0,0,85669391,10957480,96626871,0,0,91127835,5499036,96626871
2024-02-08,118,120,117,119,931456,0.847457627118644,0,0,-104233,104233,0,0,0,822534,108922,931456,0,0,926767,4689,931456,0,0,-12297316,12297316,0,0,0,97319121,12854968,110174089,0,0,109616437,557652,110174089
2024-02-13,119,122,118,121,1881231,1.680672268907563,0,0,-451687,451687,0,0,0,1418451,462780,1881231,0,0,1870138,11093,1881231,0,0,-54272450,54272450,0,0,0,170481854,55619562,226101416,0,0,224754304,1347112,226101416
2024-02-14,121,126,121,124,1956635,2.479338842975207,0,-52000,93646,-41646,0,0,0,1834415,122220,1956635,0,52000,1740769,163866,1956635,0,-6396000,11602390,-5206390,0,0,0,226113940,15033400,241147340,0,6396000,214511550,20239790,241147340
2024-02-15,124,124,122,124,871902,0.0,0,-28322,-53828,82150,0,0,0,759307,112595,871902,0,28322,813135,30445,871902,0,-3483606,-6618153,10101759,0,0,0,93279421,13849184,107128605,0,3483606,99897574,3747425,107128605
2024-02-16,124,127,122,122,1192912,-1.6129032258064515,0,-7040,106202,-99162,0,0,0,1140402,52510,1192912,0,7040,1034200,151672,1192912,0,-866647,13396903,-12530256,0,0,0,141117333,6448364,147565697,0,866647,127720430,18978620,147565697
2024-02-19,122,124,120,121,868765,-0.819672131147541,0,-6300,-76633,82933,0,0,0,766202,102563,868765,0,6300,842835,19630,868765,0,-762300,-9334732,10097032,0,0,0,92934189,12472262,105406451,0,762300,102268921,2375230,105406451
2024-02-20,121,127,120,124,2383109,2.479338842975207,0,0,-261582,261582,0,0,0,2058070,325039,2383109,0,0,2319652,63457,2383109,0,0,-32298644,32298644,0,0,0,255736874,40177510,295914384,0,0,288035518,7878866,295914384
2024-02-21,123,154,123,135,83310251,8.870967741935484,0,-16075,1945474,-1929399,0,0,37539,78642634,4630078,83310251,0,53614,76697160,6559477,83310251,0,-2212227,297769192,-295556965,0,0,5480694,11246402964,650203120,11902086778,0,7692921,10948633772,945760085,11902086778
2024-02-22,132,137,131,133,7759139,-1.4814814814814816,0,-5060,-945478,950538,0,0,2320,6191975,1564844,7759139,0,7380,7137453,614306,7759139,0,-665257,-125346070,126011327,0,0,308780,824083773,208284004,1032676557,0,974037,949429843,82272677,1032676557
2024-02-23,133,134,125,131,4221971,-1.5037593984962405,0,-8539,-202879,211418,0,0,0,3483975,737996,4221971,0,8539,3686854,526578,4221971,0,-1094747,-25543034,26637781,0,0,0,450194336,94937890,545132226,0,1094747,475737370,68300109,545132226
2024-02-26,129,134,127,129,3042452,-1.5267175572519083,0,78592,44514,-123106,0,0,86552,2746490,209410,3042452,0,7960,2701976,332516,3042452,0,10226207,6027778,-16253985,0,0,11251760,358007083,27350738,396609581,0,1025553,351979305,43604723,396609581
2024-02-27,129,130,125,127,3137797,-1.550387596899225,0,-7851,-219730,227581,0,0,0,2810797,327000,3137797,0,7851,3030527,99419,3137797,0,-989806,-27672434,28662240,0,0,0,355812132,41326922,397139054,0,989806,383484566,12664682,397139054
2024-02-28,126,130,124,127,1727332,0.0,0,-2320,-61556,63876,0,0,680,1629524,97128,1727332,0,3000,1691080,33252,1727332,0,-290960,-7779195,8070155,0,0,87040,207148360,12309776,219545176,0,378000,214927555,4239621,219545176
2024-02-29,127,129,126,129,1844701,1.574803149606299,0,-15995,-88227,104222,0,0,0,1707096,137605,1844701,0,15995,1795323,33383,1844701,0,-2032070,-11184885,13216955,0,0,0,217846458,17480882,235327340,0,2032070,229031343,4263927,235327340
2024-03-04,128,139,128,135,7309637,4.651162790697675,0,-7731,-220869,228600,0,0,0,6434356,875281,7309637,0,7731,6655225,646681,7309637,0,-1044255,-29651494,30695749,0,0,0,864566440,117993346,982559786,0,1044255,894217934,87297597,982559786
2024-03-05,137,138,131,134,5916979,-0.7407407407407408,0,2762516,81551,-2844067,0,0,3000000,2624828,292151,5916979,0,237484,2543277,3136218,5916979,0,289399180,10939632,-300338812,0,0,321000000,351875595,39141906,712017501,0,31600820,340935963,339480718,712017501
2024-03-06,134,136,128,128,4529074,-4.477611940298507,0,-1183364,1525466,-342102,0,0,0,4450569,78505,4529074,0,1183364,2925103,420607,4529074,0,-153613547,198622834,-45009287,0,0,0,581557556,10341489,591899045,0,153613547,382934722,55350776,591899045
2024-03-07,128,137,127,129,6887503,0.78125,0,-1255639,1255661,-22,0,0,0,6299740,587763,6887503,0,1255639,5044079,587785,6887503,0,-163197333,161544779,1652554,0,0,0,820555317,78017490,898572807,0,163197333,659010538,76364936,898572807
2024-03-08,129,131,128,130,2507235,0.7751937984496124,40760,-353127,477610,-165243,0,40760,0,2337079,129396,2507235,0,353127,1859469,294639,2507235,5274926,-45573498,61523825,-21225253,0,5274926,0,302007313,16822254,324104493,0,45573498,240483488,38047507,324104493
2024-03-11,131,135,129,134,5814701,3.076923076923077,0,2555951,34323,-2590274,0,0,3182162,2020902,611637,5814701,0,626211,1986579,3201911,5814701,0,258402332,3713387,-262115719,0,0,340491334,266259845,80962446,687713625,0,82089002,262546458,343078165,687713625
2024-03-12,132,133,120,124,5811934,-7.462686567164178,0,-30000,1322137,-1292137,0,0,0,5593048,218886,5811934,0,30000,4270911,1511023,5811934,0,-3930000,166843044,-162913044,0,0,0,704115076,26976922,731091998,0,3930000,537272032,189889966,731091998
2024-03-13,125,126,121,122,2483602,-1.6129032258064515,0,0,122834,-122834,0,0,0,2218294,265308,2483602,0,0,2095460,388142,2483602,0,0,15120541,-15120541,0,0,0,271744520,32463361,304207881,0,0,256623979,47583902,304207881
2024-03-14,122,124,121,122,846457,0.0,0,-32719,42793,-10074,0,0,0,820962,25495,846457,0,32719,778169,35569,846457,0,-3987811,5201355,-1213544,0,0,0,100261131,3126537,103387668,0,3987811,95059776,4340081,103387668
2024-03-15,122,123,121,121,749052,-0.819672131147541,0,-8262,10752,-2490,0,0,0,711685,37367,749052,0,8262,700933,39857,749052,0,-999829,1305248,-305419,0,0,0,86864829,4559826,91424655,0,999829,85559581,4865245,91424655
2024-03-18,121,124,121,124,974748,2.479338842975207,0,41814,55783,-97597,0,0,50000,912210,12538,974748,0,8186,856427,110135,974748,0,5143122,6712107,-11855229,0,0,6150000,111597360,1547065,119294425,0,1006878,104885253,13402294,119294425
2024-03-19,125,125,121,123,766573,-0.8064516129032258,0,2572,78774,-81346,0,0,10000,755484,1089,766573,0,7428,676710,82435,766573,0,323390,9600901,-9924291,0,0,1230000,92578179,134461,93942640,0,906610,82977278,10058752,93942640
2024-03-20,123,124,119,121,2813143,-1.6260162601626018,0,-7974,102116,-94142,0,0,0,2675027,138116,2813143,0,7974,2572911,232258,2813143,0,-953267,12285946,-11332679,0,0,0,322065119,16553059,338618178,0,953267,309779173,27885738,338618178
2024-03-21,121,122,118,119,1543145,-1.6528925619834711,0,0,-82472,82472,0,0,0,1450556,92589,1543145,0,0,1533028,10117,1543145,0,0,-9836337,9836337,0,0,0,172537204,11030739,183567943,0,0,182373541,1194402,183567943
2024-03-22,119,120,117,120,1176667,0.8403361344537815,0,0,69466,-69466,0,0,0,1127897,48770,1176667,0,0,1058431,118236,1176667,0,0,8308620,-8308620,0,0,0,134014836,5782358,139797194,0,0,125706216,14090978,139797194
2024-03-25,120,123,117,117,3427858,-2.5,0,576448,503892,-1080340,0,0,1300000,1834309,293549,3427858,0,723552,1330417,1373889,3427858,0,44547312,59383496,-103930808,0,0,130000000,217168428,34964352,382132780,0,85452688,157784932,138895160,382132780
2024-03-26,118,118,111,114,3089872,-2.564102564102564,0,-20856,-171727,192583,0,0,0,2790576,299296,3089872,0,20856,2962303,106713,3089872,0,-2377584,-19648055,22025639,0,0,0,319561794,34239250,353801044,0,2377584,339209849,12213611,353801044
2024-03-27,114,120,113,115,4745519,0.8771929824561403,0,-44903,211095,-166192,0,0,0,4537918,207601,4745519,0,44903,4326823,373793,4745519,0,-5314103,25101554,-19787451,0,0,0,527999653,24126050,552125703,0,5314103,502898099,43913501,552125703
2024-03-28,115,117,112,114,2664477,-0.8695652173913043,0,-8702,32787,-24085,0,0,726,2538749,125002,2664477,0,9428,2505962,149087,2664477,0,-989223,3622766,-2633543,0,0,83490,288846880,14328869,303259239,0,1072713,285224114,16962412,303259239
2024-03-29,114,117,112,115,1096502,0.8771929824561403,0,-6337,56758,-50421,0,0,1134,1029228,66140,1096502,0,7471,972470,116561,1096502,0,-727221,6522262,-5795041,0,0,129924,118258242,7577363,125965529,0,857145,111735980,13372404,125965529
2024-04-01,114,117,114,116,1175931,0.8695652173913043,0,9885,-141003,131118,0,0,9885,985105,180941,1175931,0,0,1126108,49823,1175931,0,1146659,-16218675,15072016,0,0,1146659,113316772,20829025,135292456,0,0,129535447,5757009,135292456
2024-04-02,116,118,113,115,1457235,-0.8620689655172413,0,10000,-7458,-2542,0,0,10000,1293268,153967,1457235,0,0,1300726,156509,1457235,0,1170000,-1007706,-162294,0,0,1170000,149316717,17984510,168471227,0,0,150324423,18146804,168471227
2024-04-03,114,117,113,117,1562565,1.7391304347826086,0,0,-87958,87958,0,0,0,1394109,168456,1562565,0,0,1482067,80498,1562565,0,0,-10290942,10290942,0,0,0,161025276,19540396,180565672,0,0,171316218,9249454,180565672
2024-04-04,117,118,114,116,1155921,-0.8547008547008548,0,0,106189,-106189,0,0,0,1119901,36020,1155921,0,0,1013712,142209,1155921,0,0,12154229,-12154229,0,0,0,129428851,4208694,133637545,0,0,117274622,16362923,133637545
2024-04-05,115,116,112,114,1772912,-1.7241379310344827,0,1,308679,-308680,0,0,1,1761374,11537,1772912,0,0,1452695,320217,1772912,0,114,34955786,-34955900,0,0,114,199946047,1322831,201268992,0,0,164990261,36278731,201268992
2024-04-08,113,115,112,113,847397,-0.8771929824561403,0,3687,130449,-134136,0,0,3687,843504,206,847397,0,0,713055,134342,847397,0,420318,14758334,-15178652,0,0,420318,95560944,23384,96004646,0,0,80802610,15202036,96004646
2024-04-09,113,115,112,114,553981,0.8849557522123894,0,0,-5045,5045,0,0,0,548936,5045,553981,0,0,553981,0,553981,0,0,-575130,575130,0,0,0,62168251,575130,62743381,0,0,62743381,0,62743381
2024-04-11,114,114,112,113,833144,-0.8771929824561403,0,5,288861,-288866,0,0,5,801588,31551,833144,0,0,512727,320417,833144,0,567,32371306,-32371873,0,0,567,90177735,3561273,93739575,0,0,57806429,35933146,93739575
2024-04-12,113,114,112,114,586821,0.8849557522123894,0,10505,-43893,33388,0,0,10505,533826,42490,586821,0,0,577719,9102,586821,0,1196168,-4963711,3767543,0,0,1196168,60361273,4801370,66358811,0,0,65324984,1033827,66358811
2024-04-15,114,114,111,113,903295,-0.8771929824561403,0,-3687,208781,-205094,0,0,0,902295,1000,903295,0,3687,693514,206094,903295,0,-412944,23362289,-22949345,0,0,0,101009619,112400,101122019,0,412944,77647330,23061745,101122019
2024-04-16,113,114,110,112,1057946,-0.8849557522123894,0,0,-181361,181361,0,0,0,807346,250600,1057946,0,0,988707,69239,1057946,0,0,-20579244,20579244,0,0,0,89930335,28305697,118236032,0,0,110509579,7726453,118236032
2024-04-17,113,120,113,115,2162425,2.6785714285714284,0,-16702,-298321,315023,0,0,3221,1811593,347611,2162425,0,19923,2109914,32588,2162425,0,-1929249,-34344482,36273731,0,0,367909,208162752,40034850,248565511,0,2297158,242507234,3761119,248565511
2024-04-18,117,117,113,115,1681639,0.0,0,21113,125324,-146437,0,0,21113,1372861,287665,1681639,0,0,1247537,434102,1681639,0,2431718,14005403,-16437121,0,0,2431718,157162588,32979313,192573619,0,0,143157185,49416434,192573619
2024-04-19,116,116,111,113,1194001,-1.7391304347826086,0,1,130371,-130372,0,0,1,1131653,62347,1194001,0,0,1001282,192719,1194001,0,112,14640915,-14641027,0,0,112,127792336,7075214,134867662,0,0,113151421,21716241,134867662
2024-04-22,113,113,108,108,3900692,-4.424778761061947,0,-1759982,2127941,-367959,0,0,0,3890357,10335,3900692,0,1759982,1762416,378294,3900692,0,-191700958,232238618,-40537660,0,0,0,425876842,1128914,427005756,0,191700958,193638224,41666574,427005756
2024-04-23,108,110,108,109,2604867,0.9259259259259258,0,-1249996,1225871,24125,0,0,50004,2527092,27771,2604867,0,1300000,1301221,3646,2604867,0,-135438038,132829272,2608766,0,0,5400436,273869932,3005567,282275935,0,140838474,141040660,396801,282275935
2024-04-24,109,110,108,110,545300,0.9174311926605505,0,0,267,-267,0,0,0,545180,120,545300,0,0,544913,387,545300,0,0,29087,-29087,0,0,0,59609044,13096,59622140,0,0,59579957,42183,59622140
2024-04-25,110,111,109,109,528989,-0.9090909090909091,0,2,12191,-12193,0,0,2,522708,6279,528989,0,0,510517,18472,528989,0,220,1319276,-1319496,0,0,220,57306508,696238,58002966,0,0,55987232,2015734,58002966
2024-04-26,109,110,107,108,1113948,-0.9174311926605505,0,-14690,40213,-25523,0,0,4,1109112,4832,1113948,0,14694,1068899,30355,1113948,0,-1595811,4379719,-2783908,0,0,433,120437210,523678,120961321,0,1596244,116057491,3307586,120961321
2024-04-29,108,109,107,108,625376,0.0,0,0,-11331,11331,0,0,0,614045,11331,625376,0,0,625376,0,625376,0,0,-1223748,1223748,0,0,0,66247606,1223748,67471354,0,0,67471354,0,67471354
2024-04-30,109,110,108,110,456393,1.8518518518518516,0,0,6274,-6274,0,0,0,454049,2344,456393,0,0,447775,8618,456393,0,0,681689,-681689,0,0,0,49574747,256884,49831631,0,0,48893058,938573,49831631
2024-05-02,109,110,107,108,831061,-1.8181818181818181,0,11,80439,-80450,0,0,11,831002,48,831061,0,0,750563,80498,831061,0,1202,8739522,-8740724,0,0,1202,89968118,5199,89974519,0,0,81228596,8745923,89974519
2024-05-03,108,110,108,108,321786,0.0,0,0,-94675,94675,0,0,0,227098,94688,321786,0,0,321773,13,321786,0,0,-10319588,10319588,0,0,0,24756538,10320992,35077530,0,0,35076126,1404,35077530
2024-05-07,110,110,108,109,400765,0.9259259259259258,0,0,-13,13,0,0,0,400665,100,400765,0,0,400678,87,400765,0,0,-1498,1498,0,0,0,43437632,10900,43448532,0,0,43439130,9402,43448532
2024-05-08,109,109,108,108,449048,-0.9174311926605505,0,0,-16,16,0,0,0,448948,100,449048,0,0,448964,84,449048,0,0,-1728,1728,0,0,0,48581900,10800,48592700,0,0,48583628,9072,48592700
2024-05-09,108,110,108,109,811793,0.9259259259259258,0,0,1054,-1054,0,0,0,811793,0,811793,0,0,810739,1054,811793,0,0,113845,-113845,0,0,0,87903864,0,87903864,0,0,87790019,113845,87903864
2024-05-10,108,110,107,109,737751,0.0,0,0,145,-145,0,0,0,736227,1524,737751,0,0,736082,1669,737751,0,0,14130,-14130,0,0,0,79907436,166133,80073569,0,0,79893306,180263,80073569
2024-05-13,109,109,108,109,281012,0.0,0,0,3714,-3714,0,0,0,280925,87,281012,0,0,277211,3801,281012,0,0,401025,-401025,0,0,0,30564622,9483,30574105,0,0,30163597,410508,30574105
2024-05-14,109,110,108,109,474822,0.0,0,0,-200,200,0,0,0,471784,3038,474822,0,0,471984,2838,474822,0,0,-24625,24625,0,0,0,51082913,331142,51414055,0,0,51107538,306517,51414055
2024-05-16,109,110,108,109,581723,0.0,0,-76546,76462,84,0,0,6,580267,1450,581723,0,76552,503805,1366,581723,0,-8266962,8256756,10206,0,0,654,63009024,157850,63167528,0,8267616,54752268,147644,63167528
2024-05-17,109,110,108,110,608536,0.9174311926605505,0,0,513,-513,0,0,0,608482,54,608536,0,0,607969,567,608536,0,0,55881,-55881,0,0,0,66267624,5922,66273546,0,0,66211743,61803,66273546
2024-05-20,110,110,108,108,361772,-1.8181818181818181,0,0,-8209,8209,0,0,0,349827,11945,361772,0,0,358036,3736,361772,0,0,-896662,896662,0,0,0,37915127,1300153,39215280,0,0,38811789,403491,39215280
2024-05-21,109,109,106,107,1193628,-0.9259259259259258,0,2411,110816,-113227,0,0,2411,1167210,24007,1193628,0,0,1056394,137234,1193628,0,260388,11944173,-12204561,0,0,260388,125239889,2570686,128070963,0,0,113295716,14775247,128070963
2024-05-22,108,108,105,105,1358861,-1.8691588785046727,0,-47542,280925,-233383,0,0,52458,1303786,2617,1358861,0,100000,1022861,236000,1358861,0,-4989452,29680849,-24691397,0,0,5510548,137750020,276000,143536568,0,10500000,108069171,24967397,143536568
2024-05-23,106,106,103,105,761428,0.0,0,30,2532,-2562,0,0,30,761348,50,761428,0,0,758816,2612,761428,0,3150,263299,-266449,0,0,3150,79252870,5200,79261220,0,0,78989571,271649,79261220
2024-05-24,104,105,103,104,531113,-0.9523809523809524,0,-2458,3397,-939,0,0,0,530052,1061,531113,0,2458,526655,2000,531113,0,-253174,350330,-97156,0,0,0,55119140,110844,55229984,0,253174,54768810,208000,55229984
2024-05-27,105,109,105,108,1559521,3.8461538461538463,0,1498,-12004,10506,0,0,1562,1543703,14256,1559521,0,64,1555707,3750,1559521,0,161848,-1295654,1133806,0,0,168696,165588932,1535739,167293367,0,6848,166884586,401933,167293367
2024-05-28,108,127,108,115,43373818,6.481481481481481,0,-94287,2749839,-2655552,0,0,8091,39242348,4123379,43373818,0,102378,36492509,6778931,43373818,0,-11150676,332040023,-320889347,0,0,950812,4662378767,487798994,5151128573,0,12101488,4330338744,808688341,5151128573
2024-05-29,115,116,106,106,9982787,-7.82608695652174,0,0,-505964,505964,0,0,0,9315249,667538,9982787,0,0,9821213,161574,9982787,0,0,-55772646,55772646,0,0,0,1027744156,73735505,1101479661,0,0,1083516802,17962859,1101479661
2024-05-30,107,123,107,116,35515661,9.433962264150944,0,96,1053744,-1053840,0,0,62178,31620110,3833373,35515661,0,62082,30566366,4887213,35515661,0,42071,121086710,-121128781,0,0,7212541,3683182854,447522787,4137918182,0,7170470,3562096144,568651568,4137918182
2024-05-31,117,119,109,110,9277852,-5.172413793103448,0,1212,331657,-332869,0,0,1212,9031622,245018,9277852,0,0,8699965,577887,9277852,0,135542,38117102,-38252644,0,0,135542,1009571108,27022228,1036728878,0,0,971454006,65274872,1036728878
2024-06-03,110,116,108,111,3939866,0.9090909090909091,0,-202,-400007,400209,0,0,0,3538740,401126,3939866,0,202,3938747,917,3939866,0,-22018,-44889993,44912011,0,0,0,393694232,45014082,438708314,0,22018,438584225,102071,438708314
2024-06-04,110,111,107,109,3033348,-1.8018018018018018,0,0,27863,-27863,0,0,0,2996819,36529,3033348,0,0,2968956,64392,3033348,0,0,3104897,-3104897,0,0,0,325159343,3948267,329107610,0,0,322054446,7053164,329107610
2024-06-05,107,108,106,107,2127120,-1.834862385321101,0,0,489,-489,0,0,0,2122920,4200,2127120,0,0,2122431,4689,2127120,0,0,54523,-54523,0,0,0,226276826,447200,226724026,0,0,226222303,501723,226724026
2024-06-07,107,109,107,108,979715,0.9345794392523363,0,0,-9053,9053,0,0,0,970655,9060,979715,0,0,979708,7,979715,0,0,-977731,977731,0,0,0,104395591,978480,105374071,0,0,105373322,749,105374071
2024-06-10,109,109,106,108,786687,0.0,0,50017,-15843,-34174,0,0,50017,734261,2409,786687,0,0,750104,36583,786687,0,5351838,-1654754,-3697084,0,0,5351838,79007108,259373,84618319,0,0,80661862,3956457,84618319
2024-06-11,108,108,106,108,1092151,0.0,0,9,-170518,170509,0,0,9,913629,178513,1092151,0,0,1084147,8004,1092151,0,968,-18274909,18273941,0,0,968,97609710,19130369,116741047,0,0,115884619,856428,116741047
2024-06-12,107,110,107,108,945238,0.0,0,2,-153923,153921,0,0,3,789243,155992,945238,0,1,943166,2071,945238,0,217,-16627826,16627609,0,0,324,85232306,16849206,102081836,0,107,101860132,221597,102081836
2024-06-13,107,108,107,108,1017840,0.0,0,5,-115,110,0,0,5,1017562,273,1017840,0,0,1017677,163,1017840,0,540,-12531,11991,0,0,540,109222393,29432,109252365,0,0,109234924,17441,109252365
2024-06-14,107,109,107,108,1365065,0.0,0,-50055,-162729,212784,0,0,0,1146395,218670,1365065,0,50055,1309124,5886,1365065,0,-5455940,-17525104,22981044,0,0,0,123815034,23616546,147431580,0,5455940,141340138,635502,147431580
2024-06-17,108,109,107,108,879219,0.0,0,3,28561,-28564,0,0,3,872441,6775,879219,0,0,843880,35339,879219,0,324,3094732,-3095056,0,0,324,94333208,732720,95066252,0,0,91238476,3827776,95066252
2024-06-18,109,109,105,105,1843256,-2.7777777777777777,0,46997,386385,-433382,0,0,47002,1782999,13255,1843256,0,5,1396614,446637,1843256,0,5028681,41166866,-46195547,0,0,5029214,189630665,1415380,196075259,0,533,148463799,47610927,196075259
2024-06-19,106,106,104,106,1057963,0.9523809523809524,0,7,-2243,2236,0,0,8,1050214,7741,1057963,0,1,1052457,5505,1057963,0,743,-237643,236900,0,0,848,109972916,815311,110789075,0,105,110210559,578411,110789075
2024-06-20,106,106,104,104,910731,-1.8867924528301887,0,-47001,46159,842,0,0,9,909880,842,910731,0,47010,863721,0,910731,0,-4888102,4799793,88309,0,0,948,94985522,88309,95074779,0,4889050,90185729,0,95074779
2024-06-21,104,105,103,104,909928,0.0,0,0,59681,-59681,0,0,0,848257,61671,909928,0,0,788576,121352,909928,0,0,6202196,-6202196,0,0,0,88145537,6418412,94563949,0,0,81943341,12620608,94563949
2024-06-24,104,105,102,102,1212363,-1.9230769230769231,0,-50000,51477,-1477,0,0,0,1190686,21677,1212363,0,50000,1139209,23154,1212363,0,-5100000,5239302,-139302,0,0,0,122467354,2241857,124709211,0,5100000,117228052,2381159,124709211
2024-06-25,102,103,100,102,1232860,0.0,0,22477,-11024,-11453,0,0,22477,1207022,3361,1232860,0,0,1218046,14814,1232860,0,2292654,-1139260,-1153394,0,0,2292654,122539827,339529,125172010,0,0,123679087,1492923,125172010
2024-06-26,101,102,98,101,1169220,-0.9803921568627451,0,7228,51594,-58822,0,0,7228,1134669,27323,1169220,0,0,1083075,86145,1169220,0,727477,5120422,-5847899,0,0,727477,112995657,2722812,116445946,0,0,107875235,8570711,116445946
2024-06-27,101,103,99,101,1215508,0.0,0,-56173,-45331,101504,0,0,0,1002099,213409,1215508,0,56173,1047430,111905,1215508,0,-5566119,-4907254,10473373,0,0,0,100464122,21663873,122127995,0,5566119,105371376,11190500,122127995
2024-06-28,101,101,99,100,546688,-0.9900990099009901,0,-5572,-64920,70492,0,0,0,470078,76610,546688,0,5572,534998,6118,546688,0,-551628,-6501348,7052976,0,0,0,46977756,7661000,54638756,0,551628,53479104,608024,54638756
2024-07-01,100,100,97,99,1550586,-1.0,0,0,2102,-2102,0,0,0,1548408,2178,1550586,0,0,1546306,4280,1550586,0,0,209203,-209203,0,0,0,152177924,214517,152392441,0,0,151968721,423720,152392441
2024-07-02,98,99,96,97,1339644,-2.0202020202020203,0,0,186637,-186637,0,0,0,1335905,3739,1339644,0,0,1149268,190376,1339644,0,0,18127714,-18127714,0,0,0,129370940,368031,129738971,0,0,111243226,18495745,129738971
2024-07-03,97,112,96,101,7066168,4.123711340206185,0,19,-376597,376578,0,0,27019,6166973,872176,7066168,0,27000,6543570,495598,7066168,0,23063,-34855196,34832133,0,0,2723063,640444235,88921514,732088812,0,2700000,675299431,54089381,732088812
2024-07-04,102,103,99,100,1318187,-0.9900990099009901,0,-36797,36853,-56,0,0,0,1314058,4129,1318187,0,36797,1277205,4185,1318187,0,-3679700,3682467,-2767,0,0,0,132495106,420091,132915197,0,3679700,128812639,422858,132915197
2024-07-05,100,102,100,102,647242,2.0,0,6822,-130917,124095,0,0,6822,515908,124512,647242,0,0,646825,417,647242,0,689022,-13240060,12551038,0,0,689022,52349045,12593332,65631399,0,0,65589105,42294,65631399
2024-07-08,102,103,100,102,953692,0.0,0,51470,17052,-68522,0,0,51470,862053,40169,953692,0,0,845001,108691,953692,0,5225719,1663366,-6889085,0,0,5225719,87254780,4094178,96574677,0,0,85591414,10983263,96574677
2024-07-09,104,105,101,102,1039457,0.0,0,5558,76905,-82463,0,0,5594,990141,43722,1039457,0,36,913236,126185,1039457,0,567258,7884295,-8451553,0,0,570894,101311536,4522641,106405071,0,3636,93427241,12974194,106405071
2024-07-10,102,105,101,102,1388358,0.0,42540,10163,35528,-88231,0,42540,10167,1311888,23763,1388358,0,4,1276360,111994,1388358,4368858,1044405,3579840,-8993103,0,4368858,1044809,134130975,2427774,141972416,0,404,130551135,11420877,141972416
2024-07-11,102,102,100,102,874718,0.0,0,6596,101616,-108212,0,0,6596,851530,16592,874718,0,0,749914,124804,874718,0,671918,10257494,-10929412,0,0,671918,85900483,1675792,88248193,0,0,75642989,12605204,88248193
2024-07-12,101,102,100,101,358928,-0.9803921568627451,0,-24151,33688,-9537,0,0,4988,349787,4153,358928,0,29139,316099,13690,358928,0,-2410112,3359859,-949747,0,0,503788,35095024,419253,36018065,0,2913900,31735165,1369000,36018065
2024-07-15,101,101,98,98,1023837,-2.9702970297029703,0,8433,-8696,263,0,0,8433,1009530,5874,1023837,0,0,1018226,5611,1023837,0,842308,-879666,37358,0,0,842308,99902912,587236,101332456,0,0,100782578,549878,101332456
2024-07-16,99,103,98,103,1696323,5.1020408163265305,0,-3517,57284,-53767,0,0,98,1637588,58637,1696323,0,3615,1580304,112404,1696323,0,-350899,5756218,-5405319,0,0,9800,165581280,5923099,171514179,0,360699,159825062,11328418,171514179
2024-07-17,103,104,101,102,586835,-0.9708737864077669,0,-164,102153,-101989,0,0,1683,576861,8291,586835,0,1847,474708,110280,586835,0,-16239,10330297,-10314058,0,0,171666,58807062,846814,59825542,0,187905,48476765,11160872,59825542
2024-07-18,101,102,99,100,496504,-1.9607843137254901,0,9,76291,-76300,0,0,9,491283,5212,496504,0,0,414992,81512,496504,0,909,7700579,-7701488,0,0,909,49333762,524403,49859074,0,0,41633183,8225891,49859074
2024-07-19,100,101,99,101,365676,1.0,0,-8,-55,63,0,0,4,365608,64,365676,0,12,365663,1,365676,0,-794,-5570,6364,0,0,400,36536632,6464,36543496,0,1194,36542202,100,36543496
2024-07-22,100,101,98,99,852503,-1.9801980198019802,0,-3451,183123,-179672,0,0,1,828755,23747,852503,0,3452,645632,203419,852503,0,-338197,17944666,-17606469,0,0,101,82061997,2374385,84436483,0,338298,64117331,19980854,84436483
2024-07-23,99,99,97,97,1081940,-2.0202020202020203,0,5263,174389,-179652,0,0,5264,1056318,20358,1081940,0,1,881929,200010,1081940,0,521033,17085193,-17606226,0,0,521131,103033000,1994744,105548875,0,98,85947807,19600970,105548875
2024-07-24,97,100,97,99,723875,2.0618556701030926,0,24045,156579,-180624,0,0,24052,680257,19566,723875,0,7,523678,200190,723875,0,2375000,15327863,-17702863,0,0,2375681,66770233,1917504,71063418,0,681,51442370,19620367,71063418
2024-07-25,98,98,97,98,393327,-1.0101010101010102,0,2,-432,430,0,0,2,392395,930,393327,0,0,392827,500,393327,0,196,-42076,41880,0,0,196,38132604,90380,38223180,0,0,38174680,48500,38223180
2024-07-26,97,98,97,98,246667,0.0,0,26040,-26869,829,0,0,26040,219230,1397,246667,0,0,246099,568,246667,0,2551920,-2632722,80802,0,0,2551920,21281519,135898,23969337,0,0,23914241,55096,23969337
2024-07-29,98,98,96,97,1113341,-1.0204081632653061,0,6406,194868,-201274,0,0,6406,1105715,1220,1113341,0,0,910847,202494,1113341,0,626845,18896723,-19523568,0,0,626845,107280675,118350,108025870,0,0,88383952,19641918,108025870
2024-07-30,97,98,94,95,2053718,-2.0618556701030926,0,2373,205617,-207990,0,0,2373,2034133,17212,2053718,0,0,1828516,225202,2053718,0,227808,19931229,-20159037,0,0,227808,194661365,1635153,196524326,0,0,174730136,21794190,196524326
2024-07-31,95,96,94,95,459414,0.0,0,0,196887,-196887,0,0,0,456301,3113,459414,0,0,259414,200000,459414,0,0,18704254,-18704254,0,0,0,43436017,295746,43731763,0,0,24731763,19000000,43731763
2024-08-01,95,96,94,95,615045,0.0,0,17466,-17159,-307,0,0,19839,594401,805,615045,0,2373,611560,1112,615045,0,1676776,-1647611,-29165,0,0,1902211,56487591,76475,58466277,0,225435,58135202,105640,58466277
2024-08-02,95,96,92,92,1255010,-3.1578947368421053,0,7,60721,-60728,0,0,7,1237158,17845,1255010,0,0,1176437,78573,1255010,0,654,5770332,-5770986,0,0,654,115550490,1666165,117217309,0,0,109780158,7437151,117217309
2024-08-05,91,92,76,80,3763016,-13.043478260869565,0,44,20988,-21032,0,0,44,3505554,257418,3763016,0,0,3484566,278450,3763016,0,3742,3136088,-3139830,0,0,3742,296372489,21291257,317667488,0,0,293236401,24431087,317667488
2024-08-06,80,96,80,84,3842345,5.0,0,22556,-13229,-9327,0,0,22556,3025275,794514,3842345,0,0,3038504,803841,3842345,0,1919324,-3821892,1902568,0,0,1919324,259879713,70695193,332494230,0,0,263701605,68792625,332494230
2024-08-07,85,89,82,87,1433053,3.571428571428571,0,14914,-28284,13370,0,0,14914,1404714,13425,1433053,0,0,1432998,55,1433053,0,1288801,-2438502,1149701,0,0,1288801,119435955,1154459,121879215,0,0,121874457,4758,121879215
2024-08-08,87,87,85,86,770607,-1.1494252873563218,0,2630,16903,-19533,0,0,2707,767900,0,770607,0,77,750997,19533,770607,0,227069,1452550,-1679619,0,0,233614,65940370,0,66173984,0,6545,64487820,1679619,66173984
2024-08-09,87,89,86,88,573798,2.3255813953488373,0,12527,-70457,57930,0,0,14858,501010,57930,573798,0,2331,571467,0,573798,0,1103809,-6086291,4982482,0,0,1306606,43733417,4982482,50022505,0,202797,49819708,0,50022505
2024-08-12,89,92,88,90,317859,2.272727272727273,0,8457,16570,-25027,0,0,10899,306960,0,317859,0,2442,290390,25027,317859,0,767381,1485049,-2252430,0,0,987161,27576089,0,28563250,0,219780,26091040,2252430,28563250
2024-08-13,90,93,86,89,790280,-1.1111111111111112,0,-2,118970,-118968,0,0,0,780609,9671,790280,0,2,661639,128639,790280,0,-174,10723766,-10723592,0,0,0,69611093,862077,70473170,0,174,58887327,11585669,70473170
2024-08-14,89,90,87,89,540832,0.0,-83300,16053,77722,-10475,0,0,16053,524679,100,540832,83300,0,446957,10575,540832,-7307143,1427773,6802737,-923367,0,0,1427773,46316560,8800,47753133,7307143,0,39513823,932167,47753133
2024-08-16,89,90,87,90,647750,1.1235955056179776,0,999,23811,-24810,0,0,999,646561,190,647750,0,0,622750,25000,647750,0,88287,2119873,-2208160,0,0,88287,56954874,16840,57060001,0,0,54835001,2225000,57060001
2024-08-19,90,91,87,88,485770,-2.2222222222222223,0,9643,44153,-53796,0,0,9643,474582,1545,485770,0,0,430429,55341,485770,0,859167,3924279,-4783446,0,0,859167,42016571,135960,43011698,0,0,38092292,4919406,43011698
2024-08-20,89,94,88,89,1348059,1.1363636363636365,0,15318,195897,-211215,0,0,15318,1313991,18750,1348059,0,0,1118094,229965,1348059,0,1372986,17192987,-18565973,0,0,1372986,117229656,1702412,120305054,0,0,100036669,20268385,120305054
2024-08-21,90,90,86,89,911628,0.0,0,-8377,83668,-75291,0,0,0,911328,300,911628,0,8377,827660,75591,911628,0,-733627,7359385,-6625758,0,0,0,80202783,26250,80229033,0,733627,72843398,6652008,80229033
2024-08-22,89,89,86,86,501990,-3.3707865168539324,0,-898,29127,-28229,0,0,5,500889,1096,501990,0,903,471762,29325,501990,0,-78291,2543106,-2464815,0,0,442,43708250,96448,43805140,0,78733,41165144,2561263,43805140
2024-08-23,87,88,86,88,605026,2.3255813953488373,0,-344,-902,1246,0,0,0,603776,1250,605026,0,344,604678,4,605026,0,-29602,-78850,108452,0,0,0,52433299,108800,52542099,0,29602,52512149,348,52542099
2024-08-26,88,90,87,88,530469,0.0,0,-30,57508,-57478,0,0,1,530468,0,530469,0,31,472960,57478,530469,0,-2639,5118131,-5115492,0,0,89,47002631,0,47002720,0,2728,41884500,5115492,47002720
2024-08-27,88,90,87,89,306247,1.1363636363636365,0,41460,-90408,48948,0,0,41460,215839,48948,306247,0,0,306247,0,306247,0,3685673,-7993097,4307424,0,0,3685673,19035008,4307424,27028105,0,0,27028105,0,27028105
2024-08-28,88,90,87,89,516916,0.0,0,1156,1562,-2718,0,0,1156,493478,22282,516916,0,0,491916,25000,516916,0,102652,136532,-239184,0,0,102652,43501091,1960816,45564559,0,0,43364559,2200000,45564559
2024-08-29,88,90,87,90,546780,1.1235955056179776,0,5,35995,-36000,0,0,5,546775,0,546780,0,0,510780,36000,546780,0,440,3202560,-3203000,0,0,440,48344601,0,48345041,0,0,45142041,3203000,48345041
2024-08-30,90,92,88,92,1273448,2.2222222222222223,0,21333,246192,-267525,0,0,21333,1251770,345,1273448,0,0,1005578,267870,1273448,0,1962636,21967650,-23930286,0,0,1962636,112691365,30705,114684706,0,0,90723715,23960991,114684706
2024-09-02,91,92,88,88,820052,-4.3478260869565215,0,0,8665,-8665,0,0,0,798856,21196,820052,0,0,790191,29861,820052,0,0,770988,-770988,0,0,0,71059684,1886641,72946325,0,0,70288696,2657629,72946325
2024-09-03,88,89,87,88,242947,0.0,0,1,113802,-113803,0,0,1,242946,0,242947,0,0,129144,113803,242947,0,89,10014575,-10014664,0,0,89,21326946,0,21327035,0,0,11312371,10014664,21327035
2024-09-04,87,87,84,86,1029407,-2.272727272727273,0,2,44162,-44164,0,0,2,1028398,1007,1029407,0,0,984236,45171,1029407,0,172,3771641,-3771813,0,0,172,88124686,85595,88210453,0,0,84353045,3857408,88210453
2024-09-05,86,86,83,85,680767,-1.1627906976744187,0,0,6436,-6436,0,0,0,605240,75527,680767,0,0,598804,81963,680767,0,0,607489,-607489,0,0,0,51219791,6345782,57565573,0,0,50612302,6953271,57565573
2024-09-06,84,85,82,82,578020,-3.5294117647058822,0,1,90786,-90787,0,0,1,574540,3479,578020,0,0,483754,94266,578020,0,84,7569502,-7569586,0,0,84,47696950,288757,47985791,0,0,40127448,7858343,47985791
2024-09-09,82,84,81,84,347318,2.4390243902439024,0,41028,-2774,-38254,0,0,41028,265095,41195,347318,0,0,267869,79449,347318,0,3410149,-337274,-3072875,0,0,3410149,21762200,3418043,28590392,0,0,22099474,6490918,28590392
2024-09-10,84,87,82,82,989374,-2.380952380952381,0,1220,91341,-92561,0,0,1220,978114,10040,989374,0,0,886773,102601,989374,0,106140,7837331,-7943471,0,0,106140,83088104,860550,84054794,0,0,75250773,8804021,84054794
2024-09-11,83,84,82,82,281979,0.0,0,1186,25066,-26252,0,0,4800,276766,413,281979,0,3614,251700,26665,281979,0,106212,2071008,-2177220,0,0,402560,22868184,34579,23305323,0,296348,20797176,2211799,23305323
2024-09-12,83,85,82,84,454324,2.4390243902439024,0,9722,35480,-45202,0,0,12074,434544,7706,454324,0,2352,399064,52908,454324,0,826766,2942696,-3769462,0,0,1024334,36598081,654810,38277225,0,197568,33655385,4424272,38277225
2024-09-13,87,95,81,81,19110886,-3.571428571428571,0,5900,4721449,-4727349,0,0,8370,17150882,1951634,19110886,0,2470,12429433,6678983,19110886,0,502861,405294464,-405797325,0,0,702944,1492140763,170667263,1663510970,0,200083,1086846299,576464588,1663510970
2024-09-19,82,85,81,82,1684863,1.2345679012345678,0,-40,-48728,48768,0,0,6202,1611982,66679,1684863,0,6242,1660710,17911,1684863,0,5117,-4053125,4048008,0,0,519933,133494015,5534357,139548305,0,514816,137547140,1486349,139548305
2024-09-20,83,84,82,83,551471,1.2195121951219512,0,3074,32036,-35110,0,0,5986,541455,4030,551471,0,2912,509419,39140,551471,0,259287,2654843,-2914130,0,0,498071,44742155,334490,45574716,0,238784,42087312,3248620,45574716
2024-09-23,83,84,78,81,1285443,-2.4096385542168677,0,3856,-45083,41227,0,0,4952,1226765,53726,1285443,0,1096,1271848,12499,1285443,0,317061,-3556810,3239749,0,0,406933,98816840,4273768,103497541,0,89872,102373650,1034019,103497541
2024-09-24,80,84,79,83,1252653,2.4691358024691357,0,11933,10239,-22172,0,0,11933,1207596,33124,1252653,0,0,1197357,55296,1252653,0,980434,817844,-1798278,0,0,980434,98463776,2728322,102172532,0,0,97645932,4526600,102172532
2024-09-25,85,90,83,83,17162143,0.0,0,5341,4021470,-4026811,0,0,5341,16801168,355634,17162143,0,0,12779698,4382445,17162143,0,455862,347246361,-347702223,0,0,455862,1451390211,30999405,1482845478,0,0,1104143850,378701628,1482845478
2024-09-26,83,91,81,87,8743400,4.819277108433735,0,7522,2252,-9774,0,0,7743,8470419,265238,8743400,0,221,8468167,275012,8743400,0,654881,582048,-1236929,0,0,674550,737113982,22926212,760714744,0,19669,736531934,24163141,760714744
2024-09-27,89,90,85,87,4593777,0.0,0,5300,-235889,230589,0,0,5300,4285844,302633,4593777,0,0,4521733,72044,4593777,0,468104,-20597866,20129762,0,0,468104,374795534,26441775,401705413,0,0,395393400,6312013,401705413
2024-09-30,89,97,86,95,12859986,9.195402298850574,0,-48960,-84153,133113,0,0,28,12465036,394922,12859986,0,48988,12549189,261809,12859986,0,-4427420,-8341971,12769391,0,0,2453,1150620683,36756479,1187379615,0,4429873,1158962654,23987088,1187379615
2024-10-02,91,96,89,92,10330542,-3.1578947368421053,0,352,157264,-157616,0,0,9172,10289376,31994,10330542,0,8820,10132112,189610,10330542,0,47268,14690230,-14737498,0,0,854420,954388162,2933831,958176413,0,807152,939697932,17671329,958176413
2024-10-04,91,92,87,91,5243397,-1.0869565217391304,0,-4542,-129195,133737,0,0,3173,5092187,148037,5243397,0,7715,5221382,14300,5243397,0,-405310,-11474108,11879418,0,0,282851,454536138,13156248,467975237,0,688161,466010246,1276830,467975237
2024-10-07,91,101,90,93,13838301,2.197802197802198,0,12740,-17049,4309,0,0,12740,11643917,2181644,13838301,0,0,11660966,2177335,13838301,0,1194933,320416,-1515349,0,0,1194933,1106901610,204733721,1312830264,0,0,1106581194,206249070,1312830264
2024-10-08,91,96,85,85,22028405,-8.60215053763441,0,5789,4101535,-4107324,0,0,5789,20004126,2018490,22028405,0,0,15902591,6125814,22028405,0,505346,361917849,-362423195,0,0,505346,1760796791,178432167,1939734304,0,0,1398878942,540855362,1939734304
2024-10-10,87,96,83,94,18694765,10.588235294117647,0,15034,282033,-297067,0,0,16034,16606491,2072240,18694765,0,1000,16324458,2369307,18694765,0,1380224,25958962,-27339186,0,0,1472224,1514821057,184495556,1700788837,0,92000,1488862095,211834742,1700788837
2024-10-11,104,105,92,97,33050245,3.1914893617021276,0,-31290,2245785,-2214495,0,0,4862,32377653,921116,33303631,0,36152,30131868,3135611,33303631,0,-2982884,220845530,-217862646,0,0,469472,3166879360,90018224,3257367056,0,3452356,2946033830,307880870,3257367056
