날짜,시가,고가,저가,종가,거래량,등락률,기관합계_거래량_순매수,기타법인_거래량_순매수,개인_거래량_순매수,외국인합계_거래량_순매수,전체_거래량_순매수,기관합계_거래량_매수,기타법인_거래량_매수,개인_거래량_매수,외국인합계_거래량_매수,전체_거래량_매수,기관합계_거래량_매도,기타법인_거래량_매도,개인_거래량_매도,외국인합계_거래량_매도,전체_거래량_매도,기관합계_거래대금_순매수,기타법인_거래대금_순매수,개인_거래대금_순매수,외국인합계_거래대금_순매수,전체_거래대금_순매수,기관합계_거래대금_매수,기타법인_거래대금_매수,개인_거래대금_매수,외국인합계_거래대금_매수,전체_거래대금_매수,기관합계_거래대금_매도,기타법인_거래대금_매도,개인_거래대금_매도,외국인합계_거래대금_매도,전체_거래대금_매도
2019-01-02,1155,1160,1105,1115,957360,-2.1929824561403506,0,0,10432,-10432,0,0,0,939337,18023,957360,0,0,928905,28455,957360,0,0,12013265,-12013265,0,0,0,1060717815,20303900,1081021715,0,0,1048704550,32317165,1081021715
2019-01-03,1120,1130,1080,1090,926706,-2.242152466367713,0,0,5447,-5447,0,0,7457,877884,41365,926706,0,7457,872437,46812,926706,0,94285,5746485,-5840770,0,0,8334270,969595925,45876610,1023806805,0,8239985,963849440,51717380,1023806805
2019-01-04,1075,1095,1050,1080,710626,-0.9174311926605505,0,0,-24913,24913,0,0,0,638703,71923,710626,0,0,663616,47010,710626,0,0,-26926070,26926070,0,0,0,682781370,77161535,759942905,0,0,709707440,50235465,759942905
2019-01-07,1100,1115,1080,1080,1077352,0.0,0,3729,-36799,33070,0,0,3729,1017610,56013,1077352,0,0,1054409,22943,1077352,0,4110610,-40281695,36171085,0,0,4110610,1115809560,61351060,1181271230,0,0,1156091255,25179975,1181271230
2019-01-08,1095,1150,1080,1110,2181282,2.7777777777777777,0,0,31155,-31155,0,0,6982,2093448,80852,2181282,0,6982,2062293,112007,2181282,0,-37320,34633450,-34596130,0,0,7866320,2330652540,89856220,2428375080,0,7903640,2296019090,124452350,2428375080
2019-01-09,1120,1150,1110,1140,1617935,2.7027027027027026,0,1144,-18841,17697,0,0,1144,1545329,71462,1617935,0,0,1564170,53765,1617935,0,1275725,-21429435,20153710,0,0,1275725,1744403375,80652710,1826331810,0,0,1765832810,60499000,1826331810
2019-01-10,1145,1255,1125,1125,6511236,-1.3157894736842104,-582657,2999,874586,-294928,0,0,17365,6437734,56137,6511236,582657,14366,5563148,351065,6511236,-679875675,4009615,1030595335,-354729275,0,0,21016955,7697773520,67079145,7785869620,679875675,17007340,6667178185,421808420,7785869620
2019-01-11,1140,1150,1105,1130,1891886,0.4444444444444444,0,1171,173608,-174779,0,0,1171,1839898,50817,1891886,0,0,1666290,225596,1891886,0,1323605,195925640,-197249245,0,0,1323605,2075912655,57279340,2134515600,0,0,1879987015,254528585,2134515600
2019-01-14,1160,1160,1115,1120,2413395,-0.8849557522123894,0,0,159273,-159273,0,0,0,2364835,48560,2413395,0,0,2205562,207833,2413395,0,0,180969335,-180969335,0,0,0,2685070855,55195485,2740266340,0,0,2504101520,236164820,2740266340
2019-01-15,1115,1155,1115,1150,1365960,2.6785714285714284,0,0,-145746,145746,0,0,0,1219709,146251,1365960,0,0,1365455,505,1365960,0,0,-165024825,165024825,0,0,0,1383569400,165592985,1549162385,0,0,1548594225,568160,1549162385
2019-01-16,1170,1190,1140,1170,2122442,1.7391304347826086,0,500,-46194,45694,0,0,500,2018035,103907,2122442,0,0,2064229,58213,2122442,0,580000,-53145235,52565235,0,0,580000,2345241150,120292690,2466113840,0,0,2398386385,67727455,2466113840
2019-01-17,1175,1180,1140,1150,1233456,-1.7094017094017095,0,0,-89946,89946,0,0,0,1110264,123192,1233456,0,0,1200210,33246,1233456,0,0,-104994995,104994995,0,0,0,1288600720,143570145,1432170865,0,0,1393595715,38575150,1432170865
2019-01-18,1160,1180,1135,1170,1446407,1.7391304347826086,0,0,-129088,129088,0,0,0,1297286,149121,1446407,0,0,1426374,20033,1446407,0,0,-149113205,149113205,0,0,0,1502828385,172210545,1675038930,0,0,1651941590,23097340,1675038930
2019-01-21,1185,1235,1175,1195,3365336,2.1367521367521367,0,30000,152135,-182135,0,0,30000,3290597,44739,3365336,0,0,3138462,226874,3365336,0,36000000,185098080,-221098080,0,0,36000000,3972776680,53724290,4062500970,0,0,3787678600,274822370,4062500970
2019-01-22,1195,1205,1160,1170,6133735,-2.092050209205021,5000000,0,84657,-5084657,0,5000000,0,1098034,35701,6133735,0,0,1013377,5120358,6133735,5090000000,0,98803210,-5188803210,0,5090000000,0,1288646765,42357985,6421004750,0,0,1189843555,5231161195,6421004750
2019-01-23,1150,1200,1010,1030,14345262,-11.965811965811966,-5000000,-1806,5031913,-30107,0,0,5117,14114833,225312,14345262,5000000,6923,9082920,255419,14345262,-5408252680,-2491995,5455416125,-44671450,0,0,5349200,15255599370,242075675,15503024245,5408252680,7841195,9800183245,286747125,15503024245
2019-01-24,1040,1045,1000,1030,2855778,0.0,0,40000,-95399,55399,0,0,40000,2692962,122816,2855778,0,0,2788361,67417,2855778,0,40600000,-96500375,55900375,0,0,40600000,2755500415,124904465,2921004880,0,0,2852000790,69004090,2921004880
2019-01-25,1020,1040,1015,1030,1724744,0.0,0,0,-74510,74510,0,0,0,1615752,108992,1724744,0,0,1690262,34482,1724744,0,0,-76655340,76655340,0,0,0,1660250750,112144540,1772395290,0,0,1736906090,35489200,1772395290
2019-01-28,1040,1050,1025,1025,1667997,-0.48543689320388345,0,0,-8459,8459,0,0,0,1605405,62592,1667997,0,0,1613864,54133,1667997,0,0,-8614605,8614605,0,0,0,1657601550,64604450,1722206000,0,0,1666216155,55989845,1722206000
2019-01-29,1025,1035,992,1000,2131246,-2.4390243902439024,0,-3671,-120940,124611,0,0,0,1973301,157945,2131246,0,3671,2094241,33334,2131246,0,-3665254,-121967088,125632342,0,0,0,1983941658,159025788,2142967446,0,3665254,2105908746,33393446,2142967446
2019-01-30,1000,1020,994,998,1378753,-0.2,0,0,-1916,1916,0,0,0,1312856,65897,1378753,0,0,1314772,63981,1378753,0,0,-1919125,1919125,0,0,0,1314453143,66064231,1380517374,0,0,1316372268,64145106,1380517374
2019-01-31,998,1010,993,997,1036627,-0.1002004008016032,0,0,19074,-19074,0,0,0,1003349,33278,1036627,0,0,984275,52352,1036627,0,0,19085344,-19085344,0,0,0,1000918844,33175051,1034093895,0,0,981833500,52260395,1034093895
2019-02-01,995,1005,959,966,1708699,-3.1093279839518555,0,0,89932,-89932,0,0,0,1662218,46481,1708699,0,0,1572286,136413,1708699,0,0,87811664,-87811664,0,0,0,1624609530,45670731,1670280261,0,0,1536797866,133482395,1670280261
2019-02-07,966,982,965,967,1009749,0.10351966873706005,0,0,-128594,128594,0,0,0,810491,199258,1009749,0,0,939085,70664,1009749,0,0,-125402264,125402264,0,0,0,788443866,194150199,982594065,0,0,913846130,68747935,982594065
2019-02-08,965,979,965,976,508510,0.9307135470527405,0,0,-106962,106962,0,0,0,390820,117690,508510,0,0,497782,10728,508510,0,0,-104071561,104071561,0,0,0,379807324,114522260,494329584,0,0,483878885,10450699,494329584
2019-02-11,971,983,970,974,684959,-0.20491803278688525,0,-27015,14481,12534,0,0,0,643649,41310,684959,0,27015,629168,28776,684959,0,-26292750,14002902,12289848,0,0,0,627937711,40347648,668285359,0,26292750,613934809,28057800,668285359
2019-02-12,971,1040,971,993,2008980,1.9507186858316223,0,-505,115905,-115400,0,0,2480,1914731,91769,2008980,0,2985,1798826,207169,2008980,0,-414530,118977847,-118563317,0,0,2504800,1910359036,90268135,2003131971,0,2919330,1791381189,208831452,2003131971
2019-02-13,998,1010,998,1005,843175,1.2084592145015105,0,0,-22827,22827,0,0,0,803165,40010,843175,0,0,825992,17183,843175,0,0,-22839902,22839902,0,0,0,804832618,40037997,844870615,0,0,827672520,17198095,844870615
2019-02-14,1010,1015,1000,1015,963877,0.9950248756218906,0,0,-2161,2161,0,0,0,817261,146616,963877,0,0,819422,144455,963877,0,0,-2636380,2636380,0,0,0,824236925,148154245,972391170,0,0,826873305,145517865,972391170
2019-02-15,1010,1015,993,996,1063032,-1.87192118226601,0,0,135257,-135257,0,0,0,970443,92589,1063032,0,0,835186,227846,1063032,0,0,135310811,-135310811,0,0,0,970425160,92521141,1062946301,0,0,835114349,227831952,1062946301
2019-02-18,997,1095,997,1050,10594643,5.421686746987952,0,11694,-380053,368359,0,0,15620,9931916,647107,10594643,0,3926,10311969,278748,10594643,0,12222890,-404479361,392256471,0,0,16423710,10523540755,687639226,11227603691,0,4200820,10928020116,295382755,11227603691
2019-02-19,1050,1080,1040,1045,2901647,-0.4761904761904762,0,513,-20982,20469,0,0,513,2764250,136884,2901647,0,0,2785232,116415,2901647,0,550425,-21576005,21025580,0,0,550425,2924643650,144266450,3069460525,0,0,2946219655,123240870,3069460525
2019-02-20,1055,1100,1050,1080,4296220,3.349282296650718,0,-19917,-187382,207299,0,0,0,3954677,341543,4296220,0,19917,4142059,134244,4296220,0,-21311225,-201655120,222966345,0,0,0,4257724120,367287470,4625011590,0,21311225,4459379240,144321125,4625011590
2019-02-21,1080,1105,1060,1075,2920447,-0.4629629629629629,0,-2776,58236,-55460,0,0,1,2812052,108394,2920447,0,2777,2753816,163854,2920447,0,-3003080,63111700,-60108620,0,0,1080,3041328030,117123495,3158452605,0,3004160,2978216330,177232115,3158452605
2019-02-22,1080,1255,1075,1145,48192419,6.511627906976744,0,12519,439871,-452390,0,0,15001,47152632,1024786,48192419,0,2482,46712761,1477176,48192419,0,14647205,524992320,-539639525,0,0,17551120,55667785885,1189858755,56875195760,0,2903915,55142793565,1729498280,56875195760
2019-02-25,1175,1225,1160,1190,11545634,3.9301310043668125,0,2400,287810,-290210,0,0,2560,11354412,188662,11545634,0,160,11066602,478872,11545634,0,2822015,347940195,-350762210,0,0,3012010,13481069665,223329665,13707411340,0,189995,13133129470,574091875,13707411340
2019-02-26,1205,1455,1205,1385,78029911,16.386554621848738,0,-6899,452,6447,0,70000,21631,77455221,483059,78029911,70000,28530,77454769,476612,78029911,-775000,-10646280,-3983225,15404505,0,95850000,28333980,106453066450,661678900,107238929330,96625000,38980260,106457049675,646274395,107238929330
2019-02-27,1405,1435,1350,1380,16275180,-0.36101083032490977,0,16000,-112962,96962,0,0,16000,15719898,539282,16275180,0,0,15832860,442320,16275180,0,22000000,-151301010,129301010,0,0,22000000,21713524055,741804140,22477328195,0,0,21864825065,612503130,22477328195
2019-02-28,1375,1375,1220,1220,12748203,-11.594202898550725,0,38500,-260248,221748,0,0,38500,12037021,672682,12748203,0,0,12297269,450934,12748203,0,51345500,-339759935,288414435,0,0,51345500,15743749810,876174585,16671269895,0,0,16083509745,587760150,16671269895
2019-03-04,1270,1325,1245,1270,11177989,4.098360655737705,0,5250,128482,-133732,0,0,25086,11056596,96307,11177989,0,19836,10928114,230039,11177989,0,6817510,165731555,-172549065,0,0,32328410,14244493260,124314545,14401136215,0,25510900,14078761705,296863610,14401136215
2019-03-05,1300,1305,1240,1270,5623201,0.0,0,-3200,204364,-201164,0,0,500,5558384,64317,5623201,0,3700,5354020,265481,5623201,0,-4086500,261255340,-257168840,0,0,631000,7084500260,80985935,7166117195,0,4717500,6823244920,338154775,7166117195
2019-03-06,1320,1325,1260,1285,6100269,1.1811023622047243,0,15350,162175,-177525,0,0,17350,6042321,40598,6100269,0,2000,5880146,218123,6100269,0,19671250,209422610,-229093860,0,0,22231250,7794308735,52350100,7868890085,0,2560000,7584886125,281443960,7868890085
2019-03-07,1270,1280,1175,1210,4396658,-5.836575875486381,0,-34000,80125,-46125,0,0,0,4295426,101232,4396658,0,34000,4215301,147357,4396658,0,-40822150,98693520,-57871370,0,0,0,5266039035,123548670,5389587705,0,40822150,5167345515,181420040,5389587705
2019-03-08,1195,1260,1175,1200,3889991,-0.8264462809917356,0,-1000,-3096,4096,0,0,1000,3701316,187675,3889991,0,2000,3704412,183579,3889991,0,-1155000,489565,665435,0,0,1205000,4492256765,224653060,4718114825,0,2360000,4491767200,223987625,4718114825
2019-03-11,1210,1235,1185,1215,2604449,1.25,0,7500,147547,-155047,0,0,10000,2581560,12889,2604449,0,2500,2434013,167936,2604449,0,9025000,179652295,-188677295,0,0,12050000,3120873195,15583825,3148507020,0,3025000,2941220900,204261120,3148507020
2019-03-12,1220,1285,1220,1245,6089391,2.4691358024691357,0,1000,24112,-25112,0,0,1000,5922518,165873,6089391,0,0,5898406,190985,6089391,0,1250000,32616305,-33866305,0,0,1250000,7425624540,206689155,7633563695,0,0,7393008235,240555460,7633563695
2019-03-13,1245,1280,1210,1220,3192890,-2.0080321285140563,0,4300,-7825,3525,0,0,4300,3119786,68804,3192890,0,0,3127611,65279,3192890,0,5275000,-8711690,3436690,0,0,5275000,3872363965,85357065,3962996030,0,0,3881075655,81920375,3962996030
2019-03-14,1220,1225,1195,1210,2088586,-0.819672131147541,0,-19176,-6397,25573,0,0,2583,2028931,57072,2088586,0,21759,2035328,31499,2088586,0,-23226635,-7916595,31143230,0,0,3110550,2459318830,69390785,2531820165,0,26337185,2467235425,38247555,2531820165
2019-03-15,1210,1295,1210,1240,6155732,2.479338842975207,25402,-16500,-183973,175071,0,25402,0,5833440,296890,6155732,0,16500,6017413,121819,6155732,31611365,-20727500,-233614215,222730350,0,31611365,0,7330280175,376584920,7738476460,0,20727500,7563894390,153854570,7738476460
2019-03-18,1250,1285,1240,1255,3114603,1.2096774193548387,0,3066,31834,-34900,0,0,3066,3050105,61432,3114603,0,0,3018271,96332,3114603,0,3923325,39544050,-43467375,0,0,3923325,3849643015,78010640,3931576980,0,0,3810098965,121478015,3931576980
2019-03-19,1265,1325,1245,1270,5913714,1.1952191235059761,0,2000,186489,-188489,0,0,2000,5858878,52836,5913714,0,0,5672389,241325,5913714,0,2570000,242364545,-244934545,0,0,2570000,7523559190,67132170,7593261360,0,0,7281194645,312066715,7593261360
2019-03-20,1265,1275,1210,1215,2939108,-4.330708661417323,-18742,5644,40365,-27267,0,6660,5644,2885648,41156,2939108,25402,0,2845283,68423,2939108,-22634550,6900495,49933870,-34199815,0,8125200,6900495,3537496260,50100800,3602622755,30759750,0,3487562390,84300615,3602622755
2019-03-21,1215,1230,1170,1170,1673779,-3.7037037037037033,0,7200,-4483,-2717,0,0,7500,1640318,25961,1673779,0,300,1644801,28678,1673779,0,8451000,-4487730,-3963270,0,0,8812500,1964628445,30525700,2003966645,0,361500,1969116175,34488970,2003966645
2019-03-22,1170,1195,1150,1160,1205235,-0.8547008547008548,0,0,-157474,157474,0,0,0,1045960,159275,1205235,0,0,1203434,1801,1205235,0,0,-183872350,183872350,0,0,0,1219801845,186003230,1405805075,0,0,1403674195,2130880,1405805075
2019-03-25,1140,1185,1125,1125,1884502,-3.0172413793103448,0,2450,13705,-16155,0,0,3450,1800505,80547,1884502,0,1000,1786800,96702,1884502,0,2786250,16475355,-19261605,0,0,3926250,2069616885,92474720,2166017855,0,1140000,2053141530,111736325,2166017855
2019-03-26,1130,1165,1130,1140,1130303,1.3333333333333335,0,-450,-153121,153571,0,0,0,961410,168893,1130303,0,450,1114531,15322,1130303,0,-515250,-175297300,175812550,0,0,0,1103088285,193483405,1296571690,0,515250,1278385585,17670855,1296571690
2019-03-27,1170,1205,1155,1155,2546722,1.3157894736842104,0,0,100338,-100338,0,0,0,2497316,49406,2546722,0,0,2396978,149744,2546722,0,0,119284880,-119284880,0,0,0,2942512390,58166270,3000678660,0,0,2823227510,177451150,3000678660
2019-03-28,1165,1180,1115,1120,1527800,-3.0303030303030303,0,41600,-11250,-30350,0,0,41600,1365721,120479,1527800,0,0,1376971,150829,1527800,0,46402000,-8952920,-37449080,0,0,46402000,1569101380,137088295,1752591675,0,0,1578054300,174537375,1752591675
2019-03-29,1145,1160,1095,1135,1867413,1.3392857142857142,0,0,-237227,237227,0,0,0,1582024,285389,1867413,0,0,1819251,48162,1867413,0,0,-267349130,267349130,0,0,0,1785417860,321734855,2107152715,0,0,2052766990,54385725,2107152715
2019-04-01,1185,1200,1155,1170,2554064,3.0837004405286343,0,-19000,146048,-127048,0,0,0,2491892,62172,2554064,0,19000,2345844,189220,2554064,0,-22275000,173270600,-150995600,0,0,0,2930950165,72740860,3003691025,0,22275000,2757679565,223736460,3003691025
2019-04-02,1175,1185,1160,1180,1172421,0.8547008547008548,0,-6000,-149459,155459,0,0,0,987763,184658,1172421,0,6000,1137222,29199,1172421,0,-7080000,-175454135,182534135,0,0,0,1158097270,216863520,1374960790,0,7080000,1333551405,34329385,1374960790
2019-04-03,1185,1260,1170,1245,5211476,5.508474576271186,0,-21150,167792,-146642,0,0,7706,5050689,153081,5211476,0,28856,4882897,299723,5211476,0,-25750185,207614070,-181863885,0,0,9439850,6188413630,184208735,6382062215,0,35190035,5980799560,366072620,6382062215
2019-04-04,1240,1300,1220,1275,6205587,2.4096385542168677,0,-27000,-115903,142903,0,0,2000,5885831,317756,6205587,0,29000,6001734,174853,6205587,0,-33533170,-147751605,181284775,0,0,2550000,7423939895,400657495,7827147390,0,36083170,7571691500,219372720,7827147390
2019-04-05,1260,1290,1235,1275,3520645,0.0,-1326,0,-56942,58268,0,0,8820,3347593,164232,3520645,1326,8820,3404535,105964,3520645,-1703910,-44100,-71652760,73400770,0,0,11289600,4243278005,208262505,4462830110,1703910,11333700,4314930765,134861735,4462830110
2019-04-08,1295,1340,1255,1265,5518211,-0.7843137254901961,0,-27047,599611,-572564,0,0,8500,5378352,131359,5518211,0,35547,4778741,703923,5518211,0,-34389440,774200315,-739810875,0,0,10957500,6915403615,168076315,7094437430,0,45346940,6141203300,907887190,7094437430
2019-04-09,1280,1285,1235,1250,3030145,-1.185770750988142,0,0,3945,-3945,0,0,0,2943272,86873,3030145,0,0,2939327,90818,3030145,0,0,5768955,-5768955,0,0,0,3696080500,108906830,3804987330,0,0,3690311545,114675785,3804987330
2019-04-10,1270,1275,1230,1240,2620116,-0.8,0,-1300,-85067,86367,0,0,0,2528017,92099,2620116,0,1300,2613084,5732,2620116,0,-1641500,-106031840,107673340,0,0,0,3160017015,114816250,3274833265,0,1641500,3266048855,7142910,3274833265
2019-04-11,1265,1275,1235,1240,3641496,0.0,0,-1000,-163436,164436,0,0,0,3419941,221555,3641496,0,1000,3583377,57119,3641496,0,-1257000,-203590820,204847820,0,0,0,4294478910,276167040,4570645950,0,1257000,4498069730,71319220,4570645950
2019-04-12,1250,1495,1245,1420,64164956,14.516129032258066,-6660,34813,-135839,107686,0,100000,48848,62124820,1891288,64164956,106660,14035,62260659,1783602,64164956,-11106900,49005575,-175188825,137290150,0,141300000,69196325,88075604580,2652031075,90938131980,152406900,20190750,88250793405,2514740925,90938131980
2019-04-15,1430,1550,1400,1455,28736506,2.464788732394366,0,293200,51238,-344438,0,0,315765,27867104,553637,28736506,0,22565,27815866,898075,28736506,0,435573605,86298070,-521871675,0,0,468814510,41194915145,804237400,42467967055,0,33240905,41108617075,1326109075,42467967055
2019-04-16,1470,1515,1420,1455,11834251,0.0,193511,73488,-179748,-87251,0,200000,120000,11238993,275258,11834251,6489,46512,11418741,362509,11834251,287565620,113430005,-267945050,-133050575,0,297000000,181137505,16503043210,403120635,17384301350,9434380,67707500,16770988260,536171210,17384301350
2019-04-17,1480,1540,1450,1450,11280781,-0.3436426116838488,-200000,200000,558,-558,0,0,200000,10996798,83983,11280781,200000,0,10996240,84541,11280781,-298908950,303942620,-2715055,-2318615,0,0,303942620,16449253240,125358585,16878554445,298908950,0,16451968295,127677200,16878554445
2019-04-18,1450,1470,1370,1410,4973687,-2.7586206896551726,147968,-215000,-285447,352479,0,147968,5000,4345969,474750,4973687,0,220000,4631416,122271,4973687,204185120,-302220520,-395024920,493060320,0,204185120,6950000,6158929885,668296815,7038361820,0,309170520,6553954805,175236495,7038361820
2019-04-19,1380,1415,1305,1345,6445838,-4.609929078014184,69073,-400000,330701,226,0,76188,0,5987063,382587,6445838,7115,400000,5656362,382361,6445838,92379945,-541792815,454805200,-5392330,0,102091920,0,8137253860,518181125,8757526905,9711975,541792815,7682448660,523573455,8757526905
2019-04-22,1345,1390,1315,1385,3536449,2.973977695167286,0,-19500,-231065,250565,0,0,0,3088383,448066,3536449,0,19500,3319448,197501,3536449,0,-25940000,-303862385,329802385,0,0,0,4180760265,597603555,4778363820,0,25940000,4484622650,267801170,4778363820
2019-04-23,1375,1415,1345,1350,2961013,-2.527075812274368,-1081,0,341926,-340845,0,0,1500,2878598,80915,2961013,1081,1500,2536672,421760,2961013,-1518805,0,477679295,-476160490,0,0,2040000,3978235245,111354150,4091629395,1518805,2040000,3500555950,587514640,4091629395
2019-04-24,1360,1360,1310,1310,1533016,-2.9629629629629632,-94694,10000,-76310,161004,0,0,10000,1338815,184201,1533016,94694,0,1415125,23197,1533016,-125687680,13350000,-101956805,214294485,0,0,13350000,1787114650,245464265,2045928915,125687680,0,1889071455,31169780,2045928915
2019-04-25,1330,1355,1275,1280,2408435,-2.2900763358778624,-71771,0,180056,-108285,0,0,0,2333093,75342,2408435,71771,0,2153037,183627,2408435,-95826955,0,241735265,-145908310,0,0,0,3070926685,97738585,3168665270,95826955,0,2829191420,243646895,3168665270
2019-04-26,1295,1450,1230,1325,14512899,3.515625,-51266,0,293829,-242563,0,15,1120,14012457,499307,14512899,51281,1120,13718628,741870,14512899,-66717685,-147650,414280825,-347415490,0,19350,1401350,18989370395,653813065,19644604160,66737035,1549000,18575089570,1001228555,19644604160
2019-04-29,1320,1385,1270,1340,3741857,1.1320754716981132,0,0,77621,-77621,0,0,0,3693621,48236,3741857,0,0,3616000,125857,3741857,0,0,104473375,-104473375,0,0,0,4932436545,63736945,4996173490,0,0,4827963170,168210320,4996173490
2019-04-30,1380,1435,1345,1365,7415157,1.8656716417910446,0,0,-6813,6813,0,0,74,7353199,61884,7415157,0,74,7360012,55071,7415157,0,2220,-8429905,8427685,0,0,105080,10212557090,85418100,10298080270,0,102860,10220986995,76990415,10298080270
2019-05-02,1350,1435,1340,1415,6716243,3.6630036630036633,0,0,-102276,102276,0,0,1000,6495325,219918,6716243,0,1000,6597601,117642,6716243,0,-5000,-145171660,145176660,0,0,1410000,9162002235,310387985,9473800220,0,1415000,9307173895,165211325,9473800220
2019-05-03,1430,1460,1380,1455,6999503,2.8268551236749118,0,500,-15729,15229,0,0,6452,6850911,142140,6999503,0,5952,6866640,126911,6999503,0,680240,-21671995,20991755,0,0,9132080,9834621715,202258650,10046012445,0,8451840,9856293710,181266895,10046012445
2019-05-07,1390,1475,1325,1420,6739493,-2.405498281786942,0,-8500,-29310,37810,0,0,2000,6451737,285756,6739493,0,10500,6481047,247946,6739493,0,-12467260,-37311460,49778720,0,0,2845240,9069766535,395079960,9467691735,0,15312500,9107077995,345301240,9467691735
2019-05-08,1390,1525,1375,1515,18765584,6.690140845070422,0,-900,-14893,15793,0,0,100,18373081,392403,18765584,0,1000,18387974,376610,18765584,0,-1368500,-22956735,24325235,0,0,151500,27163385700,577964800,27741502000,0,1520000,27186342435,553639565,27741502000
2019-05-09,1500,1515,1365,1435,9514584,-5.2805280528052805,0,5900,-4953,-947,0,0,7200,9150145,357239,9514584,0,1300,9155098,358186,9514584,0,8659500,8384095,-17043595,0,0,10555000,13393652625,507535530,13911743155,0,1895500,13385268530,524579125,13911743155
2019-05-10,1460,1495,1360,1405,9158982,-2.0905923344947737,0,3697,92745,-96442,0,0,5107,8827798,326077,9158982,0,1410,8735053,422519,9158982,0,5300705,133859170,-139159875,0,0,7345205,12650416645,462961625,13120723475,0,2044500,12516557475,602121500,13120723475
2019-05-13,1370,1395,1250,1295,3670494,-7.829181494661921,0,11999,-63549,51550,0,0,12000,3470352,188142,3670494,0,1,3533901,136592,3670494,0,15733645,-81156940,65423295,0,0,15735000,4634671000,248898610,4899304610,0,1355,4715827940,183475315,4899304610
2019-05-14,1255,1315,1240,1265,3058162,-2.3166023166023164,0,9304,-56797,47493,0,0,9304,2779926,268932,3058162,0,0,2836723,221439,3058162,0,11851120,-67168140,55317020,0,0,11851120,3550761870,338116415,3900729405,0,0,3617930010,282799395,3900729405
2019-05-15,1280,1325,1275,1290,2026009,1.9762845849802373,0,1136,64718,-65854,0,0,4136,1950015,71858,2026009,0,3000,1885297,137712,2026009,0,1477480,84700725,-86178205,0,0,5397480,2535189100,93249825,2633836405,0,3920000,2450488375,179428030,2633836405
2019-05-16,1290,1345,1275,1275,1741044,-1.1627906976744187,0,-8136,33799,-25663,0,0,0,1685796,55248,1741044,0,8136,1651997,80911,1741044,0,-10820880,44912550,-34091670,0,0,0,2197310545,72314280,2269624825,0,10820880,2152397995,106405950,2269624825
2019-05-17,1310,1320,1265,1270,1209277,-0.39215686274509803,0,0,36278,-36278,0,0,0,1151890,57387,1209277,0,0,1115612,93665,1209277,0,0,47289805,-47289805,0,0,0,1483991065,74061195,1558052260,0,0,1436701260,121351000,1558052260
2019-05-20,1260,1275,1185,1185,3146757,-6.692913385826772,0,-2000,-93995,95995,0,0,3000,2854822,288935,3146757,0,5000,2948817,192940,3146757,0,-2465000,-114155810,116620810,0,0,3615000,3473985780,355253965,3832854745,0,6080000,3588141590,238633155,3832854745
2019-05-21,1160,1225,1155,1180,2119584,-0.42194092827004215,0,0,-161490,161490,0,0,0,1729823,389761,2119584,0,0,1891313,228271,2119584,0,0,-189716225,189716225,0,0,0,2043267825,458728765,2501996590,0,0,2232984050,269012540,2501996590
2019-05-22,1190,1225,1170,1185,1483324,0.423728813559322,0,0,40555,-40555,0,0,0,1350939,132385,1483324,0,0,1310384,172940,1483324,0,0,49376855,-49376855,0,0,0,1612268245,157908115,1770176360,0,0,1562891390,207284970,1770176360
2019-05-23,1180,1185,1090,1090,2640971,-8.016877637130802,0,-8000,-10641,18641,0,0,5000,2439602,196369,2640971,0,13000,2450243,177728,2640971,0,-9135000,-10129155,19264155,0,0,5725000,2735169670,219890165,2960784835,0,14860000,2745298825,200626010,2960784835
2019-05-24,1080,1170,1060,1085,2959685,-0.45871559633027525,0,1000,-84446,83446,0,0,1000,2598679,360006,2959685,0,0,2683125,276560,2959685,0,1096500,-83975825,82879325,0,0,1096500,2884606095,391510235,3277212830,0,0,2968581920,308630910,3277212830
2019-05-27,1060,1215,1060,1125,6168836,3.686635944700461,0,0,80429,-80429,0,0,3000,5811384,354452,6168836,0,3000,5730955,434881,6168836,0,30000,102674000,-102704000,0,0,3300000,6702592520,396681305,7102573825,0,3270000,6599918520,499385305,7102573825
2019-05-28,1120,1130,1090,1105,1436341,-1.7777777777777777,0,3000,-14575,11575,0,0,3000,1374047,59294,1436341,0,0,1388622,47719,1436341,0,3330000,-16107205,12777205,0,0,3330000,1520743235,65840570,1589913805,0,0,1536850440,53063365,1589913805
2019-05-29,1105,1170,1100,1140,3115386,3.167420814479638,0,0,108117,-108117,0,0,0,3008670,106716,3115386,0,0,2900553,214833,3115386,0,0,123505030,-123505030,0,0,0,3426183890,122161265,3548345155,0,0,3302678860,245666295,3548345155
2019-05-30,1130,1175,1110,1120,1320614,-1.7543859649122806,0,0,26273,-26273,0,0,0,1268602,52012,1320614,0,0,1242329,78285,1320614,0,0,30394005,-30394005,0,0,0,1445441135,59190410,1504631545,0,0,1415047130,89584415,1504631545
2019-05-31,1140,1200,1125,1155,2308681,3.125,0,0,-15720,15720,0,0,0,2181609,127072,2308681,0,0,2197329,111352,2308681,0,0,-16417060,16417060,0,0,0,2523247900,146121120,2669369020,0,0,2539664960,129704060,2669369020
2019-06-03,1150,1165,1110,1110,1939861,-3.896103896103896,0,0,89760,-89760,0,0,0,1892850,47011,1939861,0,0,1803090,136771,1939861,0,0,102934800,-102934800,0,0,0,2151593440,53256165,2204849605,0,0,2048658640,156190965,2204849605
2019-06-04,1110,1140,1090,1100,1354404,-0.9009009009009009,0,0,-30064,30064,0,0,0,1278221,76183,1354404,0,0,1308285,46119,1354404,0,0,-32912200,32912200,0,0,0,1414695010,84347170,1499042180,0,0,1447607210,51434970,1499042180
2019-06-05,1130,1155,1120,1130,1454083,2.727272727272727,0,0,4323,-4323,0,0,0,1353402,100681,1454083,0,0,1349079,105004,1454083,0,0,3993025,-3993025,0,0,0,1535093350,114868470,1649961820,0,0,1531100325,118861495,1649961820
2019-06-07,1140,1175,1140,1145,1382806,1.3274336283185841,0,0,59965,-59965,0,0,0,1323969,58837,1382806,0,0,1264004,118802,1382806,0,0,68882280,-68882280,0,0,0,1523934625,67818185,1591752810,0,0,1455052345,136700465,1591752810
2019-06-10,1160,1165,1145,1150,959223,0.43668122270742354,0,2000,-89661,87661,0,0,2000,858125,99098,959223,0,0,947786,11437,959223,0,2310000,-103183580,100873580,0,0,2310000,989997295,114099700,1106406995,0,0,1093180875,13226120,1106406995
2019-06-11,1195,1200,1165,1175,3044222,2.1739130434782608,0,0,435289,-435289,0,0,7000,2862988,174234,3044222,0,7000,2427699,609523,3044222,0,40000,514415870,-514455870,0,0,8265000,3386971460,206125435,3601361895,0,8225000,2872555590,720581305,3601361895
2019-06-12,1175,1175,1135,1150,1115750,-2.127659574468085,0,0,167163,-167163,0,0,604,1088900,26246,1115750,0,604,921737,193409,1115750,0,-3020,191177255,-191174235,0,0,691580,1250986965,30111765,1281790310,0,694600,1059809710,221286000,1281790310
2019-06-13,1145,1180,1140,1155,1211074,0.43478260869565216,0,0,-75948,75948,0,0,0,1116734,94340,1211074,0,0,1192682,18392,1211074,0,0,-87876605,87876605,0,0,0,1296277810,109145465,1405423275,0,0,1384154415,21268860,1405423275
2019-06-14,1160,1175,1150,1155,754911,0.0,0,0,-392,392,0,0,0,703200,51711,754911,0,0,703592,51319,754911,0,0,-154725,154725,0,0,0,816752290,59896750,876649040,0,0,816907015,59742025,876649040
2019-06-17,1155,1160,1140,1150,780807,-0.4329004329004329,0,0,-172673,172673,0,0,0,603416,177391,780807,0,0,776089,4718,780807,0,0,-198720355,198720355,0,0,0,693578585,204145105,897723690,0,0,892298940,5424750,897723690
2019-06-18,1155,1190,1150,1175,1577298,2.1739130434782608,0,-2000,-232506,234506,0,0,0,1308500,268798,1577298,0,2000,1541006,34292,1577298,0,-2310000,-271133205,273443205,0,0,0,1531663210,313429215,1845092425,0,2310000,1802796415,39986010,1845092425
2019-06-19,1245,1340,1205,1210,27885588,2.9787234042553195,0,-10212,708504,-698292,0,0,212294,27336843,336451,27885588,0,222506,26628339,1034743,27885588,0,-6861185,887203090,-880341905,0,0,276542765,34890114590,429784235,35596441590,0,283403950,34002911500,1310126140,35596441590
2019-06-20,1215,1240,1190,1230,1831986,1.6528925619834711,8017,212,-218812,210583,0,8017,3000,1565681,255288,1831986,0,2788,1784493,44705,1831986,9700570,266115,-265927705,255961020,0,9700570,3653535,1906731940,310375605,2230461650,0,3387420,2172659645,54414585,2230461650
2019-06-21,1230,1270,1225,1225,3451954,-0.40650406504065045,0,0,72750,-72750,0,0,0,3372619,79335,3451954,0,0,3299869,152085,3451954,0,0,91283850,-91283850,0,0,0,4204669910,99120210,4303790120,0,0,4113386060,190404060,4303790120
2019-06-24,1210,1230,1185,1185,1765359,-3.2653061224489797,0,0,25349,-25349,0,0,0,1692906,72453,1765359,0,0,1667557,97802,1765359,0,0,31472620,-31472620,0,0,0,2044854485,87505585,2132360070,0,0,2013381865,118978205,2132360070
2019-06-25,1195,1235,1180,1210,2160955,2.109704641350211,0,-1700,-11439,13139,0,0,307,2012034,148614,2160955,0,2007,2023473,135475,2160955,0,-2047790,-11444815,13492605,0,0,376075,2424560765,177762185,2602699025,0,2423865,2436005580,164269580,2602699025
2019-06-26,1200,1245,1180,1205,1701838,-0.4132231404958678,0,0,26750,-26750,0,0,0,1575107,126731,1701838,0,0,1548357,153481,1701838,0,0,33603860,-33603860,0,0,0,1911183780,153237610,2064421390,0,0,1877579920,186841470,2064421390
2019-06-27,1220,1245,1200,1225,2960364,1.6597510373443984,0,0,-115663,115663,0,0,0,2749557,210807,2960364,0,0,2865220,95144,2960364,0,0,-141709715,141709715,0,0,0,3373489190,258568910,3632058100,0,0,3515198905,116859195,3632058100
2019-06-28,1225,1245,1185,1205,1381756,-1.6326530612244898,0,0,79246,-79246,0,0,0,1309581,72175,1381756,0,0,1230335,151421,1381756,0,0,96655480,-96655480,0,0,0,1588709740,87769275,1676479015,0,0,1492054260,184424755,1676479015
2019-07-01,1245,1260,1200,1210,1921270,0.4149377593360996,0,3000,82861,-85861,0,0,3000,1851825,66445,1921270,0,0,1768964,152306,1921270,0,3735000,102166940,-105901940,0,0,3735000,2273868860,82178655,2359782515,0,0,2171701920,188080595,2359782515
2019-07-02,1220,1235,1200,1210,1646389,0.0,0,7000,53122,-60122,0,0,7000,1592866,46523,1646389,0,0,1539744,106645,1646389,0,8610000,64011340,-72621340,0,0,8610000,1931262360,56844975,1996717335,0,0,1867251020,129466315,1996717335
2019-07-03,1220,1220,1155,1160,1375614,-4.132231404958678,0,-10000,-20528,30528,0,0,0,1303943,71671,1375614,0,10000,1324471,41143,1375614,0,-11895000,-24351470,36246470,0,0,0,1541220145,84975735,1626195880,0,11895000,1565571615,48729265,1626195880
2019-07-04,1165,1180,1110,1120,1476021,-3.4482758620689653,0,3000,-49729,46729,0,0,3000,1351493,121528,1476021,0,0,1401222,74799,1476021,0,3405000,-56066490,52661490,0,0,3405000,1532896450,137807645,1674109095,0,0,1588962940,85146155,1674109095
2019-07-05,1120,1135,1115,1125,679514,0.4464285714285714,0,0,-66455,66455,0,0,0,579101,100413,679514,0,0,645556,33958,679514,0,0,-74868685,74868685,0,0,0,651275560,113012150,764287710,0,0,726144245,38143465,764287710
2019-07-08,1125,1130,1020,1060,1270516,-5.777777777777778,0,0,-43619,43619,0,0,0,1151245,119271,1270516,0,0,1194864,75652,1270516,0,0,-44270245,44270245,0,0,0,1238520525,127307905,1365828430,0,0,1282790770,83037660,1365828430
2019-07-09,1050,1080,1035,1045,923518,-1.4150943396226416,0,0,19884,-19884,0,0,0,787828,135690,923518,0,0,767944,155574,923518,0,0,21362455,-21362455,0,0,0,832274935,143827655,976102590,0,0,810912480,165190110,976102590
2019-07-10,1035,1080,1035,1055,795058,0.9569377990430622,0,0,-59662,59662,0,0,0,641240,153818,795058,0,0,700902,94156,795058,0,0,-62990990,62990990,0,0,0,680813945,163149055,843963000,0,0,743804935,100158065,843963000
2019-07-11,1075,1090,1050,1060,596669,0.47393364928909953,0,0,-66375,66375,0,0,0,492658,104011,596669,0,0,559033,37636,596669,0,0,-70956105,70956105,0,0,0,527058940,111500245,638559185,0,0,598015045,40544140,638559185
2019-07-12,1080,1185,1065,1140,6645131,7.547169811320755,0,0,278669,-278669,0,0,846,6324985,319300,6645131,0,846,6046316,597969,6645131,0,6225,314786520,-314792745,0,0,987540,7208228850,359856725,7569073115,0,981315,6893442330,674649470,7569073115
2019-07-15,1135,1155,1110,1110,1132519,-2.631578947368421,0,0,43437,-43437,0,0,0,1068183,64336,1132519,0,0,1024746,107773,1132519,0,0,49146880,-49146880,0,0,0,1203217240,72717625,1275934865,0,0,1154070360,121864505,1275934865
2019-07-16,1130,1135,1090,1095,1094181,-1.3513513513513513,0,0,33979,-33979,0,0,0,1057156,37025,1094181,0,0,1023177,71004,1094181,0,0,38007880,-38007880,0,0,0,1176160220,41127875,1217288095,0,0,1138152340,79135755,1217288095
2019-07-17,1145,1160,1090,1105,2605178,0.91324200913242,0,0,77678,-77678,0,0,0,2501472,103706,2605178,0,0,2423794,181384,2605178,0,0,88038270,-88038270,0,0,0,2801457335,116383880,2917841215,0,0,2713419065,204422150,2917841215
2019-07-18,1105,1190,1100,1135,4201190,2.7149321266968327,0,-6000,28589,-22589,0,0,0,4061004,140186,4201190,0,6000,4032415,162775,4201190,0,-6940000,34203605,-27263605,0,0,0,4662759215,161029285,4823788500,0,6940000,4628555610,188292890,4823788500
2019-07-19,1150,1155,1120,1125,1459153,-0.881057268722467,0,0,-61029,61029,0,0,0,1360136,99017,1459153,0,0,1421165,37988,1459153,0,0,-69887470,69887470,0,0,0,1541910400,113037880,1654948280,0,0,1611797870,43150410,1654948280
2019-07-22,1150,1165,1110,1125,1274214,0.0,0,0,-4153,4153,0,0,0,1241222,32992,1274214,0,0,1245375,28839,1274214,0,0,-4564290,4564290,0,0,0,1408546145,37376495,1445922640,0,0,1413110435,32812205,1445922640
2019-07-23,1125,1140,1110,1120,776061,-0.4444444444444444,0,0,-7205,7205,0,0,0,716703,59358,776061,0,0,723908,52153,776061,0,0,-8185815,8185815,0,0,0,804475980,66612025,871088005,0,0,812661795,58426210,871088005
2019-07-24,1120,1135,1090,1090,816699,-2.6785714285714284,0,0,-9408,9408,0,0,0,770883,45816,816699,0,0,780291,36408,816699,0,0,-10759985,10759985,0,0,0,858495640,51204425,909700065,0,0,869255625,40444440,909700065
2019-07-25,1085,1095,1035,1055,951283,-3.211009174311927,0,10919,-94163,83244,0,0,10919,823312,117052,951283,0,0,917475,33808,951283,0,11519545,-100185335,88665790,0,0,11519545,874032245,124884715,1010436505,0,0,974217580,36218925,1010436505
2019-07-26,1035,1055,1025,1030,858307,-2.3696682464454977,0,13091,-25052,11961,0,0,13091,766821,78395,858307,0,0,791873,66434,858307,0,13611090,-26021610,12410520,0,0,13611090,794774135,81686715,890071940,0,0,820795745,69276195,890071940
2019-07-29,1020,1030,967,967,1506966,-6.116504854368932,0,-4000,102829,-98829,0,0,0,1345893,161073,1506966,0,4000,1243064,259902,1506966,0,-3881995,103682095,-99800100,0,0,0,1330560648,158031594,1488592242,0,3881995,1226878553,257831694,1488592242
2019-07-30,951,1010,951,997,881287,3.1023784901758016,0,2000,-220566,218566,0,0,2000,532098,347189,881287,0,0,752664,128623,881287,0,1980000,-219881318,217901318,0,0,1980000,526762423,345189474,873931897,0,0,746643741,127288156,873931897
2019-07-31,995,1015,958,1000,725687,0.3009027081243731,1,0,-32435,32434,0,1,0,503429,222257,725687,0,0,535864,189823,725687,1005,0,-33072863,33071858,0,1005,0,494824823,219864354,714690182,0,0,527897686,186792496,714690182
2019-08-01,975,1005,972,987,734721,-1.3,0,0,22458,-22458,0,0,0,620791,113930,734721,0,0,598333,136388,734721,0,0,21546285,-21546285,0,0,0,611074735,112247932,723322667,0,0,589528450,133794217,723322667
2019-08-02,981,986,945,964,793254,-2.330293819655522,0,0,-16666,16666,0,0,0,625061,168193,793254,0,0,641727,151527,793254,0,0,-17188120,17188120,0,0,0,600216174,162126956,762343130,0,0,617404294,144938836,762343130
2019-08-05,951,969,840,843,1632836,-12.551867219917012,0,-2000,-19080,21080,0,0,0,1281332,351504,1632836,0,2000,1300412,330424,1632836,0,-1869663,-10271144,12140807,0,0,0,1142664561,310465910,1453130471,0,1869663,1152935705,298325103,1453130471
2019-08-06,800,893,720,801,1873074,-4.98220640569395,0,0,-496678,496678,0,0,2000,1043275,827799,1873074,0,2000,1539953,331121,1873074,0,-52733,-401523288,401576021,0,0,1621838,843241499,676933537,1521796874,0,1674571,1244764787,275357516,1521796874
2019-08-07,800,875,800,850,1590193,6.117353308364544,0,0,-321210,321210,0,0,0,990568,599625,1590193,0,0,1311778,278415,1590193,0,0,-268208795,268208795,0,0,0,826052046,502246641,1328298687,0,0,1094260841,234037846,1328298687
2019-08-08,857,1105,855,960,29743508,12.941176470588237,0,586,886268,-886854,0,115766,1908,27745181,1880653,29743508,115766,1322,26858913,2767507,29743508,1587445,598788,894074409,-896260642,0,127921430,1909643,28568153074,1890385841,30588369988,126333985,1310855,27674078665,2786646483,30588369988
2019-08-09,972,1020,953,968,4514752,0.8333333333333334,0,-886,144063,-143177,0,0,0,4120236,394516,4514752,0,886,3976173,537693,4514752,0,-867394,145206006,-144338612,0,0,0,4064903894,387870684,4452774578,0,867394,3919697888,532209296,4452774578
2019-08-12,961,1155,940,1090,25995268,12.603305785123966,0,0,-66471,66471,0,0,1945,24832056,1161267,25995268,0,1945,24898527,1094796,25995268,0,0,-63982164,63982164,0,0,2149225,27190339683,1253934227,28446423135,0,2149225,27254321847,1189952063,28446423135
2019-08-13,1100,1110,1035,1040,3627069,-4.587155963302752,4704,113,24528,-29345,0,4704,113,3437858,184394,3627069,0,0,3413330,213739,3627069,5182960,119215,28956230,-34258405,0,5182960,119215,3662722115,196375580,3864399870,0,0,3633765885,230633985,3864399870
2019-08-14,1135,1280,1080,1085,25839465,4.326923076923077,-4704,2887,147542,-145725,0,0,5182,25056715,777568,25839465,4704,2295,24909173,923293,25839465,-5339040,3540535,181549020,-179750515,0,0,6272450,29724568250,924752560,30655593260,5339040,2731915,29543019230,1104503075,30655593260
2019-08-16,1085,1145,1070,1085,3715686,0.0,0,0,-23527,23527,0,0,0,3551232,164454,3715686,0,0,3574759,140927,3715686,0,0,-23698375,23698375,0,0,0,3916836405,180944140,4097780545,0,0,3940534780,157245765,4097780545
2019-08-19,1105,1120,1070,1075,2259366,-0.9216589861751152,0,0,69247,-69247,0,0,0,2163574,95792,2259366,0,0,2094327,165039,2259366,0,0,75229350,-75229350,0,0,0,2354402670,104666565,2459069235,0,0,2279173320,179895915,2459069235
2019-08-20,1075,1095,1070,1080,1247743,0.46511627906976744,0,0,-68406,68406,0,0,0,1149930,97813,1247743,0,0,1218336,29407,1247743,0,0,-74166445,74166445,0,0,0,1241945360,105840435,1347785795,0,0,1316111805,31673990,1347785795
2019-08-21,1070,1090,1045,1085,1586113,0.4629629629629629,0,0,-340106,340106,0,0,0,1213089,373024,1586113,0,0,1553195,32918,1586113,0,0,-362490480,362490480,0,0,0,1295028980,397795950,1692824930,0,0,1657519460,35305470,1692824930
2019-08-22,1090,1130,1080,1115,2302478,2.7649769585253456,0,0,140208,-140208,0,0,0,2142005,160473,2302478,0,0,2001797,300681,2302478,0,0,155747515,-155747515,0,0,0,2367068655,176618330,2543686985,0,0,2211321140,332365845,2543686985
2019-08-23,1105,1200,1085,1125,8399933,0.8968609865470852,0,0,181993,-181993,0,0,1953,7989433,408547,8399933,0,1953,7807440,590540,8399933,0,13740,206670040,-206683780,0,0,2232480,9095339290,464730575,9562302345,0,2218740,8888669250,671414355,9562302345
2019-08-26,1070,1095,1010,1010,3346798,-10.222222222222223,0,7818,9256,-17074,0,0,10818,3233028,102952,3346798,0,3000,3223772,120026,3346798,0,8377990,11913325,-20291315,0,0,11422990,3414164045,108604515,3534191550,0,3045000,3402250720,128895830,3534191550
2019-08-27,1095,1180,1065,1070,9976342,5.9405940594059405,0,0,-12624,12624,0,0,1901,9549424,425017,9976342,0,1901,9562048,412393,9976342,0,-105,-11079265,11079370,0,0,2105200,10610990135,470439610,11083534945,0,2105305,10622069400,459360240,11083534945
2019-08-28,1050,1085,1050,1070,1469407,0.0,0,0,56788,-56788,0,0,0,1426883,42524,1469407,0,0,1370095,99312,1469407,0,0,61300665,-61300665,0,0,0,1521348630,45360185,1566708815,0,0,1460047965,106660850,1566708815
2019-08-29,1060,1085,1055,1055,2484427,-1.4018691588785046,0,0,-34812,34812,0,0,0,2384282,100145,2484427,0,0,2419094,65333,2484427,0,0,-36251680,36251680,0,0,0,2589152885,107071875,2696224760,0,0,2625404565,70820195,2696224760
2019-08-30,1190,1320,1130,1230,58365209,16.587677725118482,-8017,-5630,133275,-119628,0,0,71148,56745308,1548753,58365209,8017,76778,56612033,1668381,58365209,-10341930,-7421180,169746830,-151983720,0,0,90057845,70028143330,1885107120,72003308295,10341930,97479025,69858396500,2037090840,72003308295
2019-09-02,1220,1305,1195,1270,20172261,3.2520325203252036,0,930,-11412,10482,0,0,16418,19278336,877507,20172261,0,15488,19289748,867025,20172261,0,732000,4624045,-5356045,0,0,20773385,24238289220,1083340485,25342403090,0,20041385,24233665175,1088696530,25342403090
2019-09-03,1260,1265,1190,1200,12179897,-5.511811023622047,3248541,1240120,-28925,-4459736,0,3248541,1240120,7431490,259746,12179897,0,0,7460415,4719482,12179897,3431728930,1309566720,-32913240,-4708382410,0,3431728930,1309566720,9017538090,313640350,14072474090,0,0,9050451330,5022022760,14072474090
2019-09-04,1160,1160,1095,1110,12933074,-7.5,-2632671,-1173557,3817821,-11593,0,0,12100,12690961,230013,12933074,2632671,1185657,8873140,241606,12933074,-2963087460,-1328989380,4304640295,-12563455,0,0,13674000,14250861570,259159120,14523694690,2963087460,1342663380,9946221275,271722575,14523694690
2019-09-05,1120,1175,1110,1125,17741756,1.3513513513513513,-607329,-55263,655279,7313,0,0,74674,17118225,548857,17741756,607329,129937,16462946,541544,17741756,-689777120,-61470745,741639520,9608345,0,0,85765585,19543664700,627117890,20256548175,689777120,147236330,18802025180,617509545,20256548175
2019-09-06,1145,1160,1110,1110,6588303,-1.3333333333333335,0,500,-30822,30322,0,0,500,6360907,226896,6588303,0,0,6391729,196574,6588303,0,557500,-34517470,33959970,0,0,557500,7230804310,259834170,7491195980,0,0,7265321780,225874200,7491195980
2019-09-09,1125,1125,1080,1080,3009763,-2.7027027027027026,0,300,6294,-6594,0,0,300,2938947,70516,3009763,0,0,2932653,77110,3009763,0,327000,6817420,-7144420,0,0,327000,3227411000,77523620,3305261620,0,0,3220593580,84668040,3305261620
2019-09-10,1070,1115,1070,1075,2150275,-0.4629629629629629,0,700,-25522,24822,0,0,700,2040149,109426,2150275,0,0,2065671,84604,2150275,0,757500,-27055745,26298245,0,0,757500,2216395105,118936965,2336089570,0,0,2243450850,92638720,2336089570
2019-09-11,1075,1115,1075,1110,2013072,3.255813953488372,0,0,-121389,121389,0,0,0,1834500,178572,2013072,0,0,1955889,57183,2013072,0,0,-133359020,133359020,0,0,0,2020961560,196277715,2217239275,0,0,2154320580,62918695,2217239275
2019-09-16,1145,1150,1115,1120,2500803,0.9009009009009009,0,1000,150009,-151009,0,0,21000,2446381,33422,2500803,0,20000,2296372,184431,2500803,0,1407190,170205450,-171612640,0,0,23820000,2765096255,37711775,2826628030,0,22412810,2594890805,209324415,2826628030
2019-09-17,1135,1140,1115,1125,2096449,0.4464285714285714,0,0,-164886,164886,0,0,0,1873202,223247,2096449,0,0,2038088,58361,2096449,0,0,-186039585,186039585,0,0,0,2105982140,251629140,2357611280,0,0,2292021725,65589555,2357611280
2019-09-18,1125,1135,1110,1120,1630924,-0.4444444444444444,0,0,-75686,75686,0,0,0,1498476,132448,1630924,0,0,1574162,56762,1630924,0,0,-85512655,85512655,0,0,0,1678024805,149105290,1827130095,0,0,1763537460,63592635,1827130095
2019-09-19,1125,1300,1115,1235,13514515,10.267857142857142,0,-500,-25663,26163,0,0,0,13109616,404899,13514515,0,500,13135279,378736,13514515,0,-617500,-24776325,25393825,0,0,0,15980863130,474215555,16455078685,0,617500,16005639455,448821730,16455078685
2019-09-20,1330,1350,1185,1220,31162297,-1.214574898785425,0,-10100,331440,-321340,0,0,26382,30269312,866603,31162297,0,36482,29937872,1187943,31162297,0,-13068255,437660700,-424592445,0,0,33681610,38281330870,1087427815,39402440295,0,46749865,37843670170,1512020260,39402440295
2019-09-23,1165,1195,1145,1175,4707047,-3.6885245901639343,0,-2000,-213749,215749,0,0,1000,4269442,436605,4707047,0,3000,4483191,220856,4707047,0,-2330000,-246832345,249162345,0,0,1165000,4987869380,508251890,5497286270,0,3495000,5234701725,259089545,5497286270
2019-09-24,1180,1250,1180,1245,7592625,5.957446808510639,0,0,102618,-102618,0,0,0,7254702,337923,7592625,0,0,7152084,440541,7592625,0,0,126584985,-126584985,0,0,0,8874665150,412263860,9286929010,0,0,8748080165,538848845,9286929010
2019-09-25,1215,1235,1170,1170,3379685,-6.024096385542169,0,0,58383,-58383,0,0,0,3316047,63638,3379685,0,0,3257664,122021,3379685,0,0,69795655,-69795655,0,0,0,3982204880,77109430,4059314310,0,0,3912409225,146905085,4059314310
2019-09-26,1210,1215,1170,1185,3338454,1.282051282051282,0,0,39727,-39727,0,0,777,3194922,142755,3338454,0,777,3155195,182482,3338454,0,11655,48038715,-48050370,0,0,940170,3820390310,170292115,3991622595,0,928515,3772351595,218342485,3991622595
2019-09-27,1215,1325,1215,1255,25326761,5.9071729957805905,0,3844,-7318,3474,0,0,8900,24925237,392624,25326761,0,5056,24932555,389150,25326761,0,5076900,-8738205,3661305,0,0,11528020,31933169315,504811900,32449509235,0,6451120,31941907520,501150595,32449509235
2019-09-30,1225,1250,1180,1200,4036702,-4.382470119521913,0,-1044,-43205,44249,0,0,0,3780902,255800,4036702,0,1044,3824107,211551,4036702,0,-1263240,-49637095,50900335,0,0,0,4575836100,308605600,4884441700,0,1263240,4625473195,257705265,4884441700
2019-10-01,1215,1255,1210,1250,5573492,4.166666666666666,0,0,-113089,113089,0,0,1265,5273733,298494,5573492,0,1265,5386822,185405,5573492,0,9405,-139784910,139775505,0,0,1559030,6501836625,368448040,6871843695,0,1549625,6641621535,228672535,6871843695
2019-10-02,1230,1270,1220,1265,3398823,1.2,0,4000,-123965,119965,0,0,4000,3215020,179803,3398823,0,0,3338985,59838,3398823,0,5050000,-153406565,148356565,0,0,5050000,3992527100,222658545,4220235645,0,0,4145933665,74301980,4220235645
2019-10-04,1250,1305,1240,1270,5540800,0.3952569169960474,0,-1865,-29103,30968,0,0,1135,5226538,313127,5540800,0,3000,5255641,282159,5540800,0,-2365520,-36926965,39292485,0,0,1444480,6649483690,397345065,7048273235,0,3810000,6686410655,358052580,7048273235
2019-10-07,1310,1375,1255,1255,10912008,-1.1811023622047243,0,2865,268527,-271392,0,0,5000,10531288,375720,10912008,0,2135,10262761,647112,10912008,0,3742075,356792905,-360534980,0,0,6575000,13822843320,493232535,14322650855,0,2832925,13466050415,853767515,14322650855
2019-10-08,1240,1300,1215,1300,5639160,3.5856573705179287,0,0,-564436,564436,0,0,0,4838439,800721,5639160,0,0,5402875,236285,5639160,0,0,-711201515,711201515,0,0,0,6118379325,1010563240,7128942565,0,0,6829580840,299361725,7128942565
2019-10-10,1275,1280,1130,1135,37391661,-12.692307692307692,0,7000,7590194,-7597194,0,18200000,12223,18628431,551007,37391661,18200000,5223,11038237,8148201,37391661,-534829145,7596115,8994901215,-8467668185,0,20311200000,13894290,22101503750,651767180,43078365220,20846029145,6298175,13106602535,9119435365,43078365220
2019-10-11,1170,1195,1065,1105,13698662,-2.643171806167401,0,2000,50360,-52360,0,0,2800,13101701,594161,13698662,0,800,13051341,646521,13698662,0,2240475,65965685,-68206160,0,0,3172475,14993696835,675801305,15672670615,0,932000,14927731150,744007465,15672670615
2019-10-14,1140,1200,1085,1105,7202008,0.0,0,0,-32426,32426,0,0,0,6943878,258130,7202008,0,0,6976304,225704,7202008,0,0,-35013865,35013865,0,0,0,7925791325,295289090,8221080415,0,0,7960805190,260275225,8221080415
2019-10-15,1115,1140,1090,1110,3073006,0.4524886877828055,0,-10000,-673,10673,0,0,0,2989076,83930,3073006,0,10000,2989749,73257,3073006,0,-11300000,1337885,9962115,0,0,0,3319222580,92268535,3411491115,0,11300000,3317884695,82306420,3411491115
2019-10-16,1110,1135,1100,1115,2538506,0.45045045045045046,0,0,19388,-19388,0,0,0,2512152,26354,2538506,0,0,2492764,45742,2538506,0,0,21625950,-21625950,0,0,0,2797851675,29447485,2827299160,0,0,2776225725,51073435,2827299160
2019-10-17,1115,1115,1090,1095,1998292,-1.7937219730941705,0,0,67989,-67989,0,0,0,1975739,22553,1998292,0,0,1907750,90542,1998292,0,0,74847320,-74847320,0,0,0,2175477305,24813825,2200291130,0,0,2100629985,99661145,2200291130
2019-10-18,1100,1145,1095,1100,4247866,0.45662100456621,0,3000,-5895,2895,0,0,3000,4143641,101225,4247866,0,0,4149536,98330,4247866,0,3435000,-5521095,2086095,0,0,3435000,4653818290,113434375,4770687665,0,0,4659339385,111348280,4770687665
2019-10-21,1105,1120,1050,1055,3304599,-4.090909090909091,0,10000,-32956,22956,0,0,10000,3209014,85585,3304599,0,0,3241970,62629,3304599,0,10550000,-33458625,22908625,0,0,10550000,3442527695,91813110,3544890805,0,0,3475986320,68904485,3544890805
2019-10-22,1080,1090,1055,1070,3053329,1.4218009478672986,0,0,48286,-48286,0,0,0,2972369,80960,3053329,0,0,2924083,129246,3053329,0,0,52074545,-52074545,0,0,0,3188518835,86926980,3275445815,0,0,3136444290,139001525,3275445815
2019-10-23,1065,1070,1025,1030,2405675,-3.7383177570093453,0,-8000,-62597,70597,0,0,0,2288066,117609,2405675,0,8000,2350663,47012,2405675,0,-8320000,-65154625,73474625,0,0,0,2390213210,122877125,2513090335,0,8320000,2455367835,49402500,2513090335
2019-10-24,1030,1050,1010,1040,2054348,0.9708737864077669,0,0,-118148,118148,0,0,0,1892013,162335,2054348,0,0,2010161,44187,2054348,0,0,-121121250,121121250,0,0,0,1941348040,167008990,2108357030,0,0,2062469290,45887740,2108357030
2019-10-25,1050,1050,1015,1020,1335765,-1.9230769230769231,0,1000,798,-1798,0,0,1000,1303358,31407,1335765,0,0,1302560,33205,1335765,0,1020000,990470,-2010470,0,0,1020000,1332017235,32057560,1365094795,0,0,1331026765,34068030,1365094795
2019-10-28,1050,1085,1035,1050,3666581,2.941176470588235,0,5000,130072,-135072,0,0,5000,3604010,57571,3666581,0,0,3473938,192643,3666581,0,5350000,138013380,-143363380,0,0,5350000,3831889695,60762815,3898002510,0,0,3693876315,204126195,3898002510
2019-10-29,1075,1075,1045,1070,1931488,1.9047619047619049,0,0,-7305,7305,0,0,0,1813708,117780,1931488,0,0,1821013,110475,1931488,0,0,-8037210,8037210,0,0,0,1924484285,124862020,2049346305,0,0,1932521495,116824810,2049346305
2019-10-30,1090,1090,1055,1065,1627128,-0.46728971962616817,0,-18000,95579,-77579,0,0,0,1585849,41279,1627128,0,18000,1490270,118858,1627128,0,-19150000,102425310,-83275310,0,0,0,1698881530,44300325,1743181855,0,19150000,1596456220,127575635,1743181855
2019-10-31,1060,1090,1050,1075,1759630,0.9389671361502347,0,0,-252727,252727,0,0,0,1473252,286378,1759630,0,0,1725979,33651,1759630,0,0,-271359060,271359060,0,0,0,1576203370,307546830,1883750200,0,0,1847562430,36187770,1883750200
2019-11-01,1070,1075,985,1015,16901839,-5.5813953488372094,-1,15000,4095083,-4110082,0,7800000,15000,8785759,301080,16901839,7800001,0,4690676,4411162,16901839,-408908536,15109500,4171874706,-3778075670,0,7179900000,15109500,8913599012,303354966,16411963478,7588808536,0,4741724306,4081430636,16411963478
2019-11-04,1015,1025,1000,1020,2151740,0.49261083743842365,0,0,-161111,161111,0,0,0,1882647,269093,2151740,0,0,2043758,107982,2151740,0,0,-163363375,163363375,0,0,0,1906977785,272849350,2179827135,0,0,2070341160,109485975,2179827135
2019-11-05,1020,1105,1020,1070,9133466,4.901960784313726,0,427,-87147,86720,0,0,2427,8407080,723959,9133466,0,2000,8494227,637239,9133466,0,349025,-87206040,86857015,0,0,2549025,8969422635,767821770,9739793430,0,2200000,9056628675,680964755,9739793430
2019-11-06,1085,1105,1055,1080,3989436,0.9345794392523363,0,-27,193054,-193027,0,0,1139,3801157,187140,3989436,0,1166,3608103,380167,3989436,0,-43415,209248040,-209204625,0,0,1215535,4097560690,202471600,4301247825,0,1258950,3888312650,411676225,4301247825
2019-11-07,1075,1085,1050,1060,4044535,-1.8518518518518516,0,-400,-87150,87550,0,0,0,3912153,132382,4044535,0,400,3999303,44832,4044535,0,-426000,-93506050,93932050,0,0,0,4340934735,141575715,4482510450,0,426000,4434440785,47643665,4482510450
2019-11-08,1270,1330,1110,1120,49346496,5.660377358490567,0,-7500,287007,-279507,0,10000,28,47269756,2066712,49346496,10000,7528,46982749,2346219,49346496,550000,-9464300,379831350,-370917050,0,12300000,34860,57854558125,2529552845,60396445830,11750000,9499160,57474726775,2900469895,60396445830
2019-11-11,1125,1225,1085,1140,24028699,1.7857142857142856,0,-7500,-185041,192541,0,0,1010,22854022,1173667,24028699,0,8510,23039063,981126,24028699,0,-8937150,-190029975,198967125,0,0,1197200,26622062380,1343080120,27966339700,0,10134350,26812092355,1144112995,27966339700
2019-11-12,1160,1190,1125,1145,5948976,0.43859649122807015,0,0,156876,-156876,0,0,0,5701343,247633,5948976,0,0,5544467,404509,5948976,0,0,184695080,-184695080,0,0,0,6580762605,286292510,6867055115,0,0,6396067525,470987590,6867055115
2019-11-13,1145,1180,1130,1170,4238393,2.1834061135371177,0,0,-458022,458022,0,0,0,3701967,536426,4238393,0,0,4159989,78404,4238393,0,0,-528146705,528146705,0,0,0,4279119425,618972205,4898091630,0,0,4807266130,90825500,4898091630
2019-11-14,1165,1170,1140,1150,3067264,-1.7094017094017095,0,10000,14923,-24923,0,0,10000,2936962,120302,3067264,0,0,2922039,145225,3067264,0,11550000,16863520,-28413520,0,0,11550000,3384517360,139272880,3535340240,0,0,3367653840,167686400,3535340240
2019-11-15,1150,1190,1125,1155,7823022,0.43478260869565216,0,1000,258161,-259161,0,0,1039,7529710,292273,7823022,0,39,7271549,551434,7823022,0,1160005,299909660,-301069665,0,0,1205875,8718373900,337220000,9056799775,0,45870,8418464240,638289665,9056799775
2019-11-18,1180,1185,1135,1150,5657360,-0.4329004329004329,0,500,169554,-170054,0,0,500,5374838,282022,5657360,0,0,5205284,452076,5657360,0,575000,196358800,-196933800,0,0,575000,6233349890,328887040,6562811930,0,0,6036991090,525820840,6562811930
2019-11-19,1145,1155,1105,1110,2958727,-3.4782608695652173,0,0,31033,-31033,0,0,0,2914126,44601,2958727,0,0,2883093,75634,2958727,0,0,35016640,-35016640,0,0,0,3273538160,50181140,3323719300,0,0,3238521520,85197780,3323719300
2019-11-20,1100,1165,1085,1135,5736577,2.2522522522522523,0,0,-43179,43179,0,0,40,5406033,330504,5736577,0,40,5449212,287325,5736577,0,60,-45011605,45011545,0,0,45700,6105866445,371564565,6477476710,0,45640,6150878050,326553020,6477476710
2019-11-21,1130,1130,1050,1060,4083753,-6.607929515418502,0,0,8651,-8651,0,0,0,3901069,182684,4083753,0,0,3892418,191335,4083753,0,0,11958545,-11958545,0,0,0,4229499350,197355230,4426854580,0,0,4217540805,209313775,4426854580
2019-11-22,1060,1080,1015,1030,2609698,-2.8301886792452833,0,1500,-138293,136793,0,0,1500,2455147,153051,2609698,0,0,2593440,16258,2609698,0,1550000,-142641735,141091735,0,0,1550000,2565329020,158185460,2725064480,0,0,2707970755,17093725,2725064480
2019-11-25,1050,1110,1045,1110,4706884,7.766990291262135,0,-800,39506,-38706,0,0,3585,4522372,180927,4706884,0,4385,4482866,219633,4706884,0,-1437400,45360615,-43923215,0,0,3800100,5072230875,195055350,5271086325,0,5237500,5026870260,238978565,5271086325
2019-11-26,1185,1215,1115,1130,9552587,1.8018018018018018,0,100,105440,-105540,0,0,2000,9152471,398116,9552587,0,1900,9047031,503656,9552587,0,106000,127618815,-127724815,0,0,2285000,10584123465,460236070,11046644535,0,2179000,10456504650,587960885,11046644535
2019-11-27,1130,1140,1105,1115,1963476,-1.3274336283185841,0,-300,-43213,43513,0,0,0,1800221,163255,1963476,0,300,1843434,119742,1963476,0,-333000,-48843280,49176280,0,0,0,2012429260,183462215,2195891475,0,333000,2061272540,134285935,2195891475
2019-11-28,1105,1110,1065,1065,3108176,-4.484304932735426,0,18703,47650,-66353,0,0,18703,3005942,83531,3108176,0,0,2958292,149884,3108176,0,20286040,52019550,-72305590,0,0,20286040,3269496180,90701950,3380484170,0,0,3217476630,163007540,3380484170
2019-11-29,1115,1160,1090,1145,11073052,7.511737089201878,0,10089,-45058,34969,0,0,17924,10602263,452865,11073052,0,7835,10647321,417896,11073052,0,10860135,-45190815,34330680,0,0,19758875,11918964275,506995790,12445718940,0,8898740,11964155090,472665110,12445718940
2019-12-02,1125,1160,1105,1155,3934369,0.8733624454148471,0,847,27757,-28604,0,0,8958,3670811,254600,3934369,0,8111,3643054,283204,3934369,0,970195,30670890,-31641085,0,0,9999515,4157003310,287670190,4454673015,0,9029320,4126332420,319311275,4454673015
2019-12-03,1125,1145,1105,1125,3232194,-2.5974025974025974,0,-1357,84678,-83321,0,0,0,3145178,87016,3232194,0,1357,3060500,170337,3232194,0,-1526625,95312315,-93785690,0,0,0,3531851900,97436950,3629288850,0,1526625,3436539585,191222640,3629288850
2019-12-04,1135,1135,1075,1080,3296405,-4.0,0,-6013,65526,-59513,0,0,0,3163848,132557,3296405,0,6013,3098322,192070,3296405,0,-6554170,73605905,-67051735,0,0,0,3471907805,145400875,3617308680,0,6554170,3398301900,212452610,3617308680
2019-12-05,1105,1115,1055,1060,3112946,-1.8518518518518516,0,7731,124223,-131954,0,0,7731,2966350,138865,3112946,0,0,2842127,270819,3112946,0,8349480,136181655,-144531135,0,0,8349480,3207530730,151247440,3367127650,0,0,3071349075,295778575,3367127650
2019-12-06,1055,1145,1055,1135,6532294,7.0754716981132075,0,0,-128025,128025,0,0,8035,6179093,345166,6532294,0,8035,6307118,217141,6532294,0,-40175,-133294850,133335025,0,0,8999200,6892617485,374752765,7276369450,0,9039375,7025912335,241417740,7276369450
2019-12-09,1105,1110,1085,1095,2721637,-3.524229074889868,0,0,15976,-15976,0,0,0,2534310,187327,2721637,0,0,2518334,203303,2721637,0,0,17949935,-17949935,0,0,0,2778057165,205474045,2983531210,0,0,2760107230,223423980,2983531210
2019-12-10,1070,1095,1070,1085,1546489,-0.91324200913242,0,-10818,-55421,66239,0,0,0,1439486,107003,1546489,0,10818,1494907,40764,1546489,0,-11732255,-59925665,71657920,0,0,0,1560716185,115880140,1676596325,0,11732255,1620641850,44222220,1676596325
2019-12-11,1100,1110,1080,1090,1742497,0.4608294930875576,0,100,116673,-116773,0,0,100,1700252,42145,1742497,0,0,1583579,158918,1742497,0,109500,127665705,-127775205,0,0,109500,1857502595,46033265,1903645360,0,0,1729836890,173808470,1903645360
2019-12-12,1090,1135,1080,1115,3936638,2.293577981651376,0,60,-305692,305632,0,0,60,3503475,433103,3936638,0,0,3809167,127471,3936638,0,66700,-337699060,337632360,0,0,66700,3911125140,479595105,4390786945,0,0,4248824200,141962745,4390786945
2019-12-13,1240,1260,1125,1140,17550894,2.242152466367713,0,-20000,113958,-93958,0,0,0,16739575,811319,17550894,0,20000,16625617,905277,17550894,0,-23100000,149350415,-126250415,0,0,0,19848393945,955905955,20804299900,0,23100000,19699043530,1082156370,20804299900
2019-12-16,1150,1150,1100,1105,2720225,-3.070175438596491,0,5,-57499,57494,0,0,10,2564792,155423,2720225,0,5,2622291,97929,2720225,0,5575,-64320360,64314785,0,0,11150,2869459615,174385820,3043856585,0,5575,2933779975,110071035,3043856585
2019-12-17,1110,1115,1075,1075,2790923,-2.7149321266968327,0,0,3808,-3808,0,0,0,2700978,89945,2790923,0,0,2697170,93753,2790923,0,0,3541755,-3541755,0,0,0,2938193675,98482855,3036676530,0,0,2934651920,102024610,3036676530
2019-12-18,1075,1095,1070,1080,1764832,0.46511627906976744,0,10,-79375,79365,0,0,10,1652469,112353,1764832,0,0,1731844,32988,1764832,0,10750,-86153080,86142330,0,0,10750,1784909975,121741250,1906661975,0,0,1871063055,35598920,1906661975
2019-12-19,1080,1120,1075,1110,3118952,2.7777777777777777,0,0,-2036,2036,0,0,0,2992524,126428,3118952,0,0,2994560,124392,3118952,0,0,-3214185,3214185,0,0,0,3293697810,139125150,3432822960,0,0,3296911995,135910965,3432822960
2019-12-20,1110,1125,1105,1125,2827086,1.3513513513513513,0,0,-74349,74349,0,0,0,2534848,292238,2827086,0,0,2609197,217889,2827086,0,0,-84225805,84225805,0,0,0,2830401650,326923250,3157324900,0,0,2914627455,242697445,3157324900
2019-12-23,1130,1135,1075,1085,2623727,-3.5555555555555554,0,1800,32535,-34335,0,0,1800,2500894,121033,2623727,0,0,2468359,155368,2623727,0,1953000,38016415,-39969415,0,0,1953000,2735298425,132125345,2869376770,0,0,2697282010,172094760,2869376770
2019-12-24,1085,1095,1050,1060,1812080,-2.3041474654377883,0,4500,79970,-84470,0,0,4500,1739961,67619,1812080,0,0,1659991,152089,1812080,0,4770000,86331920,-91101920,0,0,4770000,1850239295,71819840,1926829135,0,0,1763907375,162921760,1926829135
2019-12-26,1075,1085,1055,1060,1944268,0.0,0,10000,-85898,75898,0,0,10000,1674015,260253,1944268,0,0,1759913,184355,1944268,0,10650000,-90423260,79773260,0,0,10650000,1788780535,277499570,2076930105,0,0,1879203795,197726310,2076930105
2019-12-27,1070,1070,1055,1065,1157753,0.4716981132075472,0,40,-47580,47540,0,0,40,1073561,84152,1157753,0,0,1121141,36612,1157753,0,42600,-50525710,50483110,0,0,42600,1141158015,89497675,1230698290,0,0,1191683725,39014565,1230698290
2019-12-30,1070,1075,1060,1065,927705,0.0,0,0,-49278,49278,0,0,0,872587,55118,927705,0,0,921865,5840,927705,0,0,-52600720,52600720,0,0,0,930072325,58819015,988891340,0,0,982673045,6218295,988891340
2020-01-02,1085,1085,1065,1080,1146907,1.4084507042253522,0,0,-20322,20322,0,0,0,1017793,129114,1146907,0,0,1038115,108792,1146907,0,0,-22170125,22170125,0,0,0,1093244120,139182070,1232426190,0,0,1115414245,117011945,1232426190
2020-01-03,1090,1095,1075,1085,1201945,0.4629629629629629,0,0,-54593,54593,0,0,0,1077082,124863,1201945,0,0,1131675,70270,1201945,0,0,-58998045,58998045,0,0,0,1164218190,135019245,1299237435,0,0,1223216235,76021200,1299237435
2020-01-06,1070,1070,1040,1055,1187152,-2.7649769585253456,0,0,108670,-108670,0,0,0,1117697,69455,1187152,0,0,1009027,178125,1187152,0,0,114408165,-114408165,0,0,0,1173925435,72921105,1246846540,0,0,1059517270,187329270,1246846540
2020-01-07,1060,1105,1060,1090,2337064,3.3175355450236967,0,0,-202364,202364,0,0,0,1950261,386803,2337064,0,0,2152625,184439,2337064,0,0,-217873570,217873570,0,0,0,2115344470,418146620,2533491090,0,0,2333218040,200273050,2533491090
2020-01-08,1085,1085,1015,1015,3284504,-6.8807339449541285,0,4000,261541,-265541,0,0,4000,3021873,258631,3284504,0,0,2760332,524172,3284504,0,4140000,278462120,-282602120,0,0,4140000,3142854180,267977405,3414971585,0,0,2864392060,550579525,3414971585
2020-01-09,1050,1075,1045,1065,1742333,4.926108374384237,0,2800,-94395,91595,0,0,2800,1496428,243105,1742333,0,0,1590823,151510,1742333,0,2968000,-100546785,97578785,0,0,2968000,1585665745,258155675,1846789420,0,0,1686212530,160576890,1846789420
2020-01-10,1070,1095,1070,1095,1703646,2.8169014084507045,0,10,-413807,413797,0,0,10,1185691,517945,1703646,0,0,1599498,104148,1703646,0,10900,-449740705,449729805,0,0,10900,1288132805,562401110,1850544815,0,0,1737873510,112671305,1850544815
2020-01-13,1105,1190,1090,1135,12478468,3.65296803652968,0,-4010,-793891,797901,0,0,1290,10861840,1615338,12478468,0,5300,11655731,817437,12478468,0,-4622600,-888855730,893478330,0,0,1501400,12486418725,1840310710,14328230835,0,6124000,13375274455,946832380,14328230835
2020-01-14,1180,1195,1105,1130,8456174,-0.4405286343612335,0,1789,924133,-925922,0,0,1893,8053583,400698,8456174,0,104,7129450,1326620,8456174,0,2049675,1078854160,-1080903835,0,0,2168755,9278706680,461063955,9741939390,0,119080,8199852520,1541967790,9741939390
2020-01-15,1130,1150,1110,1145,3236676,1.3274336283185841,0,0,-272075,272075,0,0,0,2712591,524085,3236676,0,0,2984666,252010,3236676,0,0,-307394485,307394485,0,0,0,3080414810,593901780,3674316590,0,0,3387809295,286507295,3674316590
2020-01-16,1135,1140,1090,1095,4075261,-4.366812227074235,0,138,422797,-422935,0,0,138,3847797,227326,4075261,0,0,3425000,650261,4075261,0,152490,470381890,-470534380,0,0,152490,4269201730,252359690,4521713910,0,0,3798819840,722894070,4521713910
2020-01-17,1095,1110,1085,1090,1560369,-0.45662100456621,0,30,-113233,113203,0,0,30,1378931,181408,1560369,0,0,1492164,68205,1560369,0,32750,-124027355,123994605,0,0,32750,1511467945,198981860,1710482555,0,0,1635495300,74987255,1710482555
2020-01-20,1095,1100,1060,1065,1855769,-2.293577981651376,0,1449,189644,-191093,0,0,1449,1796224,58096,1855769,0,0,1606580,249189,1855769,0,1558100,204567255,-206125355,0,0,1558100,1929563890,62255410,1993377400,0,0,1724996635,268380765,1993377400
2020-01-21,1065,1075,1045,1055,1683598,-0.9389671361502347,0,12878,39755,-52633,0,0,12878,1567259,103461,1683598,0,0,1527504,156094,1683598,0,13488395,41797000,-55285395,0,0,13488395,1651460145,109450335,1774398875,0,0,1609663145,164735730,1774398875
2020-01-22,1045,1065,1045,1060,1246411,0.47393364928909953,0,2000,-30421,28421,0,0,2000,1188512,55899,1246411,0,0,1218933,27478,1246411,0,2110000,-31962710,29852710,0,0,2110000,1254891975,58952360,1315954335,0,0,1286854685,29099650,1315954335
2020-01-23,1055,1060,1035,1045,1148781,-1.4150943396226416,0,966,17999,-18965,0,0,966,1125297,22518,1148781,0,0,1107298,41483,1148781,0,1004640,18805500,-19810140,0,0,1004640,1174808490,23547430,1199360560,0,0,1156002990,43357570,1199360560
2020-01-28,939,994,930,965,3984323,-7.655502392344498,0,2814,-176831,174017,0,0,2814,3386245,595264,3984323,0,0,3563076,421247,3984323,0,2758403,-164972853,162214450,0,0,2758403,3272444569,572406614,3847609586,0,0,3437417422,410192164,3847609586
2020-01-29,973,990,970,974,1412130,0.932642487046632,0,0,70086,-70086,0,0,0,1248321,163809,1412130,0,0,1178235,233895,1412130,0,0,69043310,-69043310,0,0,0,1220563978,160440125,1381004103,0,0,1151520668,229483435,1381004103
2020-01-30,974,983,921,928,2078730,-4.722792607802875,0,-30000,191784,-161784,0,0,0,1925317,153413,2078730,0,30000,1733533,315197,2078730,0,-28530000,184471732,-155941732,0,0,0,1816879497,144225565,1961105062,0,28530000,1632407765,300167297,1961105062
2020-01-31,928,952,904,906,1415441,-2.3706896551724137,0,0,-54959,54959,0,0,0,1180519,234922,1415441,0,0,1235478,179963,1415441,0,0,-51187413,51187413,0,0,0,1086868801,218432904,1305301705,0,0,1138056214,167245491,1305301705
2020-02-03,855,908,837,890,2950163,-1.7660044150110374,0,0,-561687,561687,0,0,0,2076524,873639,2950163,0,0,2638211,311952,2950163,0,0,-487947450,487947450,0,0,0,1798617076,758167211,2556784287,0,0,2286564526,270219761,2556784287
2020-02-04,891,921,891,919,875718,3.258426966292135,0,-286,-56844,57130,0,0,0,710401,165317,875718,0,286,767245,108187,875718,0,-263120,-51875464,52138584,0,0,0,649197228,150976935,800174163,0,263120,701072692,98838351,800174163
2020-02-05,929,1045,919,964,13588190,4.896626768226333,0,-7547,510708,-503161,0,0,0,12797887,790303,13588190,0,7547,12287179,1293464,13588190,0,-6992468,513268599,-506276131,0,0,0,12663840105,770312233,13434152338,0,6992468,12150571506,1276588364,13434152338
2020-02-06,969,985,951,973,1964364,0.9336099585062241,0,0,-78324,78324,0,0,0,1724291,240073,1964364,0,0,1802615,161749,1964364,0,0,-76465003,76465003,0,0,0,1673489019,233128960,1906617979,0,0,1749954022,156663957,1906617979
2020-02-07,984,1035,962,974,4657984,0.10277492291880781,0,-11030,-20509,31539,0,0,0,4213772,444212,4657984,0,11030,4234281,412673,4657984,0,-10619488,-14653770,25273258,0,0,0,4197011956,437468633,4634480589,0,10619488,4211665726,412195375,4634480589
2020-02-10,972,1000,961,973,1141297,-0.10266940451745381,0,0,-86722,86722,0,0,0,1002912,138385,1141297,0,0,1089634,51663,1141297,0,0,-84296756,84296756,0,0,0,978695488,134982008,1113677496,0,0,1062992244,50685252,1113677496
2020-02-11,986,1015,980,992,2550275,1.9527235354573484,0,0,-158282,158282,0,0,0,2289434,260841,2550275,0,0,2447716,102559,2550275,0,0,-157466882,157466882,0,0,0,2282958869,259986250,2542945119,0,0,2440425751,102519368,2542945119
2020-02-12,998,1010,991,999,1142952,0.7056451612903225,0,0,-56460,56460,0,0,0,1005935,137017,1142952,0,0,1062395,80557,1142952,0,0,-56420289,56420289,0,0,0,1004569826,136855556,1141425382,0,0,1060990115,80435267,1141425382
2020-02-13,1010,1010,981,989,1210902,-1.001001001001001,0,2000,69084,-71084,0,0,2000,1163406,45496,1210902,0,0,1094322,116580,1210902,0,1988000,68735372,-70723372,0,0,1988000,1155049343,45025678,1202063021,0,0,1086313971,115749050,1202063021
2020-02-14,989,996,979,984,870630,-0.5055611729019212,0,0,-97954,97954,0,0,0,732986,137644,870630,0,0,830940,39690,870630,0,0,-96685581,96685581,0,0,0,721808119,135788066,857596185,0,0,818493700,39102485,857596185
2020-02-17,993,994,976,994,746636,1.0162601626016259,0,0,-111771,111771,0,0,0,592133,154503,746636,0,0,703904,42732,746636,0,0,-110266719,110266719,0,0,0,583956048,152352317,736308365,0,0,694222767,42085598,736308365
2020-02-18,990,994,981,992,688299,-0.2012072434607646,0,2450,75895,-78345,0,0,2450,619547,66302,688299,0,0,543652,144647,688299,0,2408350,74672168,-77080518,0,0,2408350,610798605,65391545,678598500,0,0,536126437,142472063,678598500
2020-02-19,992,992,959,975,1101790,-1.7137096774193548,0,0,71430,-71430,0,0,0,980818,120972,1101790,0,0,909388,192402,1101790,0,0,70087008,-70087008,0,0,0,954966402,117889570,1072855972,0,0,884879394,187976578,1072855972
2020-02-20,978,979,950,951,1267898,-2.4615384615384617,0,0,66468,-66468,0,0,0,1155897,112001,1267898,0,0,1089429,178469,1267898,0,0,62903944,-62903944,0,0,0,1107144135,107760774,1214904909,0,0,1044240191,170664718,1214904909
2020-02-21,951,965,940,940,1107752,-1.1566771819137749,0,0,84396,-84396,0,0,0,967423,140329,1107752,0,0,883027,224725,1107752,0,0,80098001,-80098001,0,0,0,920934313,134291659,1055225972,0,0,840836312,214389660,1055225972
2020-02-24,900,917,884,885,1470020,-5.851063829787234,0,4000,40241,-44241,0,0,4000,1279885,186135,1470020,0,0,1239644,230376,1470020,0,3580000,35547892,-39127892,0,0,3580000,1148475587,167764567,1319820154,0,0,1112927695,206892459,1319820154
2020-02-25,871,909,866,905,1084880,2.2598870056497176,0,0,-315566,315566,0,0,0,656088,428792,1084880,0,0,971654,113226,1084880,0,0,-283563595,283563595,0,0,0,587770643,384547152,972317795,0,0,871334238,100983557,972317795
2020-02-26,892,906,886,898,592517,-0.7734806629834254,0,0,-27244,27244,0,0,0,449183,143334,592517,0,0,476427,116090,592517,0,0,-24340178,24340178,0,0,0,401631289,127971930,529603219,0,0,425971467,103631752,529603219
2020-02-27,898,904,869,871,907458,-3.0066815144766146,0,0,212455,-212455,0,0,0,833687,73771,907458,0,0,621232,286226,907458,0,0,188493937,-188493937,0,0,0,738227112,65285210,803512322,0,0,549733175,253779147,803512322
2020-02-28,850,865,810,824,1629924,-5.39609644087256,0,-6291,56732,-50441,0,0,590,1381676,247658,1629924,0,6881,1324944,298099,1629924,0,-5156100,47410652,-42254552,0,0,501500,1152020623,207797525,1360319648,0,5657600,1104609971,250052077,1360319648
2020-03-02,804,845,804,834,1024012,1.2135922330097086,0,0,-175990,175990,0,0,0,689374,334638,1024012,0,0,865364,158648,1024012,0,0,-146123447,146123447,0,0,0,569282942,276625129,845908071,0,0,715406389,130501682,845908071
2020-03-03,855,865,840,846,746442,1.4388489208633095,0,-2000,-24041,26041,0,0,0,593467,152975,746442,0,2000,617508,126934,746442,0,-1700002,-21168681,22868683,0,0,0,505090792,131044569,636135361,0,1700002,526259473,108175886,636135361
2020-03-04,846,869,840,867,605629,2.4822695035460995,0,-2000,-62607,64607,0,0,0,458162,147467,605629,0,2000,520769,82860,605629,0,-1734000,-52424606,54158606,0,0,0,394039290,125640960,519680250,0,1734000,446463896,71482354,519680250
2020-03-05,871,889,868,882,577032,1.7301038062283738,0,0,-83317,83317,0,0,0,419901,157131,577032,0,0,503218,73814,577032,0,0,-73562566,73562566,0,0,0,369275280,138294563,507569843,0,0,442837846,64731997,507569843
2020-03-06,870,879,855,860,501871,-2.494331065759637,0,0,125885,-125885,0,0,0,465039,36832,501871,0,0,339154,162717,501871,0,0,108703870,-108703870,0,0,0,401053623,31850871,432904494,0,0,292349753,140554741,432904494
2020-03-09,860,860,796,796,1875958,-7.441860465116279,0,12000,376988,-388988,0,0,20000,1767841,88117,1875958,0,8000,1390853,477105,1875958,0,9479999,304672906,-314152905,0,0,16040000,1431921639,72209640,1520171279,0,6560001,1127248733,386362545,1520171279
2020-03-10,793,801,772,800,1226381,0.5025125628140703,0,0,-89558,89558,0,0,0,848485,377896,1226381,0,0,938043,288338,1226381,0,0,-69986257,69986257,0,0,0,668593307,296393571,964986878,0,0,738579564,226407314,964986878
2020-03-11,805,815,759,764,1384128,-4.5,0,-9,205482,-205473,0,0,0,1197058,187070,1384128,0,9,991576,392543,1384128,0,-6876,162987259,-162980383,0,0,0,936717850,145674097,1082391947,0,6876,773730591,308654480,1082391947
2020-03-12,740,758,671,673,2932722,-11.910994764397905,0,4098,-298248,294150,0,0,4098,2094118,834506,2932722,0,0,2392366,540356,2932722,0,3012030,-208778998,205766968,0,0,3012030,1478946731,592253079,2074211840,0,0,1687725729,386486111,2074211840
2020-03-13,580,628,535,593,3385602,-11.88707280832095,0,0,-500094,500094,0,0,0,2180185,1205417,3385602,0,0,2680279,705323,3385602,0,0,-288184478,288184478,0,0,0,1271333939,700962764,1972296703,0,0,1559518417,412778286,1972296703
2020-03-16,602,640,581,581,1831926,-2.0236087689713322,0,0,-178387,178387,0,0,0,1190894,641032,1831926,0,0,1369281,462645,1831926,0,0,-109711841,109711841,0,0,0,718783429,390429754,1109213183,0,0,828495270,280717913,1109213183
2020-03-17,511,589,510,576,1462356,-0.8605851979345954,0,0,-526305,526305,0,0,0,753818,708538,1462356,0,0,1280123,182233,1462356,0,0,-297096389,297096389,0,0,0,427373218,400831440,828204658,0,0,724469607,103735051,828204658
2020-03-18,578,597,533,533,1760583,-7.465277777777778,0,0,291205,-291205,0,0,0,1556458,204125,1760583,0,0,1265253,495330,1760583,0,0,164253327,-164253327,0,0,0,883934231,115424928,999359159,0,0,719680904,279678255,999359159
2020-03-19,534,560,420,441,2220883,-17.26078799249531,0,2212,-194437,192225,0,0,2212,1420587,798084,2220883,0,0,1615024,605859,2220883,0,1003018,-102554053,101551035,0,0,1003018,682632093,398292898,1081928009,0,0,785186146,296741863,1081928009
2020-03-20,426,490,426,474,2536034,7.482993197278912,0,6,-445942,445936,0,0,6,1702180,833848,2536034,0,0,2148122,387912,2536034,0,2838,-202397451,202394613,0,0,2838,769902734,380787789,1150693361,0,0,972300185,178393176,1150693361
2020-03-23,450,458,420,434,2025515,-8.438818565400844,0,1,-71024,71023,0,0,1,1602564,422950,2025515,0,0,1673588,351927,2025515,0,431,-31522951,31522520,0,0,431,700216247,185373704,885590382,0,0,731739198,153851184,885590382
2020-03-24,442,461,437,459,1929563,5.76036866359447,0,0,-224925,224925,0,0,0,1550406,379157,1929563,0,0,1775331,154232,1929563,0,0,-101609465,101609465,0,0,0,698149988,170754301,868904289,0,0,799759453,69144836,868904289
2020-03-25,475,550,471,515,4548775,12.200435729847495,0,-2500,-50963,53463,0,0,0,3676217,872558,4548775,0,2500,3727180,819095,4548775,0,-1250000,-16405049,17655049,0,0,0,1867848994,436560937,2304409931,0,1250000,1884254043,418905888,2304409931
2020-03-26,520,561,500,542,3487051,5.242718446601942,0,0,22939,-22939,0,0,0,2807784,679267,3487051,0,0,2784845,702206,3487051,0,0,14591595,-14591595,0,0,0,1525002325,366473088,1891475413,0,0,1510410730,381064683,1891475413
2020-03-27,565,575,531,557,3113145,2.7675276752767526,0,0,-76708,76708,0,0,0,2294058,819087,3113145,0,0,2370766,742379,3113145,0,0,-42844333,42844333,0,0,0,1283896911,456564735,1740461646,0,0,1326741244,413720402,1740461646
2020-03-30,547,563,523,560,1600752,0.5385996409335727,0,0,4723,-4723,0,0,0,1310686,290066,1600752,0,0,1305963,294789,1600752,0,0,1488203,-1488203,0,0,0,713853019,158270038,872123057,0,0,712364816,159758241,872123057
2020-03-31,580,608,572,596,2304480,6.428571428571428,0,3500,-1537,-1963,0,0,3500,1896842,404138,2304480,0,0,1898379,406101,2304480,0,2030000,-1267792,-762208,0,0,2030000,1120867189,238950286,1361847475,0,0,1122134981,239712494,1361847475
2020-04-01,611,637,580,595,2609162,-0.16778523489932887,0,0,-48188,48188,0,0,0,2056024,553138,2609162,0,0,2104212,504950,2609162,0,0,-30041389,30041389,0,0,0,1262088780,338947016,1601035796,0,0,1292130169,308905627,1601035796
2020-04-02,600,614,572,614,1422239,3.1932773109243695,0,0,-108676,108676,0,0,0,965870,456369,1422239,0,0,1074546,347693,1422239,0,0,-66078345,66078345,0,0,0,579094041,273352825,852446866,0,0,645172386,207274480,852446866
2020-04-03,647,647,620,632,1399099,2.9315960912052117,0,0,79429,-79429,0,0,0,1167705,231394,1399099,0,0,1088276,310823,1399099,0,0,49496263,-49496263,0,0,0,738044504,146367017,884411521,0,0,688548241,195863280,884411521
2020-04-06,633,694,633,690,2329379,9.177215189873419,0,0,-43417,43417,0,0,0,2035725,293654,2329379,0,0,2079142,250237,2329379,0,0,-28158058,28158058,0,0,0,1362807402,194611068,1557418470,0,0,1390965460,166453010,1557418470
2020-04-07,712,770,703,770,4094139,11.594202898550725,0,-6310,-71082,77392,0,0,0,3542150,551989,4094139,0,6310,3613232,474597,4094139,0,-4486410,-48201836,52688246,0,0,0,2579319826,397031978,2976351804,0,4486410,2627521662,344343732,2976351804
2020-04-08,758,840,713,786,7493323,2.0779220779220777,0,0,383398,-383398,0,0,0,7083663,409660,7493323,0,0,6700265,793058,7493323,0,0,304501821,-304501821,0,0,0,5695613259,326861736,6022474995,0,0,5391111438,631363557,6022474995
2020-04-09,797,830,788,817,3596733,3.9440203562340965,0,-6,-181896,181902,0,0,0,3183434,413299,3596733,0,6,3365330,231397,3596733,0,-4842,-146907536,146912378,0,0,0,2595973034,335124709,2931097743,0,4842,2742880570,188212331,2931097743
2020-04-10,840,885,801,827,7121671,1.2239902080783354,0,36363,185861,-222224,0,0,38363,6426217,657091,7121671,0,2000,6240356,879315,7121671,0,29959475,163154333,-193113808,0,0,31673475,5416307092,545720734,5993701301,0,1714000,5253152759,738834542,5993701301
2020-04-13,835,862,815,818,2687314,-1.0882708585247884,0,0,150624,-150624,0,0,0,2310540,376774,2687314,0,0,2159916,527398,2687314,0,0,124460715,-124460715,0,0,0,1938614625,317532052,2256146677,0,0,1814153910,441992767,2256146677
2020-04-14,819,848,815,829,1031703,1.3447432762836184,0,0,-181249,181249,0,0,0,771175,260528,1031703,0,0,952424,79279,1031703,0,0,-150165089,150165089,0,0,0,638896704,215908127,854804831,0,0,789061793,65743038,854804831
2020-04-16,833,846,825,838,1169756,1.0856453558504222,0,0,74430,-74430,0,0,0,1005746,164010,1169756,0,0,931316,238440,1169756,0,0,61866743,-61866743,0,0,0,839219542,136796991,976016533,0,0,777352799,198663734,976016533
2020-04-17,838,853,830,848,2011661,1.1933174224343674,0,1000,-370682,369682,0,0,1000,1544265,466396,2011661,0,0,1914947,96714,2011661,0,837000,-312746204,311909204,0,0,837000,1302131316,393379595,1696347911,0,0,1614877520,81470391,1696347911
2020-04-20,851,861,844,847,1582640,-0.1179245283018868,0,0,-38777,38777,0,0,0,1316540,266100,1582640,0,0,1355317,227323,1582640,0,0,-33315867,33315867,0,0,0,1122251978,227007490,1349259468,0,0,1155567845,193691623,1349259468
2020-04-21,847,848,715,815,2548733,-3.778040141676505,0,1000,-134117,133117,0,0,1000,1714308,833425,2548733,0,0,1848425,700308,2548733,0,802000,-100896959,100094959,0,0,802000,1380563205,669011890,2050377095,0,0,1481460164,568916931,2050377095
2020-04-22,790,814,782,814,1214557,-0.1226993865030675,0,-19700,-149492,169192,0,0,300,898453,315804,1214557,0,20000,1047945,146612,1214557,0,-15691467,-121258981,136950448,0,0,236400,718552961,253871072,972660433,0,15927867,839811942,116920624,972660433
2020-04-23,829,836,820,835,1193896,2.5798525798525795,0,0,-234090,234090,0,0,0,858374,335522,1193896,0,0,1092464,101432,1193896,0,0,-193719618,193719618,0,0,0,712273271,277966634,990239905,0,0,905992889,84247016,990239905
2020-04-24,824,834,805,810,1051218,-2.9940119760479043,0,24390,80319,-104709,0,0,24390,920255,106573,1051218,0,0,839936,211282,1051218,0,19999800,65510737,-85510537,0,0,19999800,752016046,87163569,859179415,0,0,686505309,172674106,859179415
2020-04-27,812,831,811,827,832144,2.0987654320987654,0,0,-250709,250709,0,0,0,539863,292281,832144,0,0,790572,41572,832144,0,0,-206870186,206870186,0,0,0,445237234,241137899,686375133,0,0,652107420,34267713,686375133
2020-04-28,828,830,811,827,971477,0.0,0,0,-18687,18687,0,0,0,752115,219362,971477,0,0,770802,200675,971477,0,0,-15488115,15488115,0,0,0,619278488,180654233,799932721,0,0,634766603,165166118,799932721
2020-04-29,827,842,805,815,1713509,-1.4510278113663846,0,-400,-45508,45908,0,0,8949,1486116,218444,1713509,0,9349,1531624,172536,1713509,0,-265317,-36545369,36810686,0,0,7463466,1218437044,178756413,1404656923,0,7728783,1254982413,141945727,1404656923
2020-05-04,824,835,818,828,1139656,1.5950920245398774,0,0,-194638,194638,0,0,0,809691,329965,1139656,0,0,1004329,135327,1139656,0,0,-161200029,161200029,0,0,0,669247787,272992568,942240355,0,0,830447816,111792539,942240355
2020-05-06,829,850,829,846,1164125,2.1739130434782608,0,-710,-153472,154182,0,0,1190,956547,206388,1164125,0,1900,1110019,52206,1164125,0,-613750,-129371032,129984782,0,0,993650,807586599,174082553,982662802,0,1607400,936957631,44097771,982662802
2020-05-07,852,853,840,841,1163939,-0.5910165484633569,0,2,143000,-143002,0,0,2,1108180,55757,1163939,0,0,965180,198759,1163939,0,1692,121091005,-121092697,0,0,1692,936537575,47173135,983712402,0,0,815446570,168265832,983712402
2020-05-08,850,923,847,875,8408649,4.0428061831153395,0,-1900,738164,-736264,0,0,0,8052801,355848,8408649,0,1900,7314637,1092112,8408649,0,-1666331,652592556,-650926225,0,0,0,7178498575,319492519,7497991094,0,1666331,6525906019,970418744,7497991094
2020-05-11,870,884,855,863,1246293,-1.3714285714285714,0,0,-89117,89117,0,0,0,1080686,165607,1246293,0,0,1169803,76490,1246293,0,0,-77110700,77110700,0,0,0,935069247,143397461,1078466708,0,0,1012179947,66286761,1078466708
2020-05-12,860,881,830,868,2568387,0.5793742757821553,0,-42200,371865,-329665,0,0,0,2408834,159553,2568387,0,42200,2036969,489218,2568387,0,-35410059,315560788,-280150729,0,0,0,2053886819,135417295,2189304114,0,35410059,1738326031,415568024,2189304114
2020-05-13,848,848,835,839,1136646,-3.3410138248847927,0,-1190,110470,-109280,0,0,0,1042378,94268,1136646,0,1190,931908,203548,1136646,0,-1000790,93010456,-92009666,0,0,0,876691992,79387087,956079079,0,1000790,783681536,171396753,956079079
2020-05-14,858,871,825,829,2062803,-1.1918951132300357,0,0,404848,-404848,0,0,0,1954013,108790,2062803,0,0,1549165,513638,2062803,0,0,341459303,-341459303,0,0,0,1652477744,92331679,1744809423,0,0,1311018441,433790982,1744809423
2020-05-15,830,837,804,818,1122538,-1.3268998793727382,0,0,57281,-57281,0,0,0,1053720,68818,1122538,0,0,996439,126099,1122538,0,0,47645953,-47645953,0,0,0,860030344,56035890,916066234,0,0,812384391,103681843,916066234
2020-05-18,819,819,802,811,925803,-0.8557457212713936,0,19220,9536,-28756,0,0,19220,792988,113595,925803,0,0,783452,142351,925803,0,15512100,7593769,-23105869,0,0,15512100,639738002,91792684,747042786,0,0,632144233,114898553,747042786
2020-05-19,820,852,815,848,2004674,4.562268803945746,0,-153,-419231,419384,0,0,0,1526310,478364,2004674,0,153,1945541,58980,2004674,0,-129744,-351092566,351222310,0,0,0,1278931072,400404053,1679335125,0,129744,1630023638,49181743,1679335125
2020-05-20,848,864,840,863,1940999,1.7688679245283019,0,0,-300250,300250,0,0,0,1574339,366660,1940999,0,0,1874589,66410,1940999,0,0,-256852599,256852599,0,0,0,1346405199,313536053,1659941252,0,0,1603257798,56683454,1659941252
2020-05-21,859,886,858,866,2988942,0.34762456546929316,0,0,-199798,199798,0,0,0,2591596,397346,2988942,0,0,2791394,197548,2988942,0,0,-175262892,175262892,0,0,0,2263854002,347702955,2611556957,0,0,2439116894,172440063,2611556957
2020-05-22,866,869,815,819,2977341,-5.427251732101617,0,0,654243,-654243,0,0,7870,2853060,116411,2977341,0,7870,2198817,770654,2977341,0,-84560,549512716,-549428156,0,0,6595060,2387846709,97049485,2491491254,0,6679620,1838333993,646477641,2491491254
2020-05-25,821,827,813,819,817895,0.0,0,3100,-19636,16536,0,0,3500,730167,84228,817895,0,400,749803,67692,817895,0,2534200,-16017486,13483286,0,0,2863000,596878667,68933181,668674848,0,328800,612896153,55449895,668674848
2020-05-26,819,822,812,818,1063966,-0.1221001221001221,0,0,-218879,218879,0,0,0,809006,254960,1063966,0,0,1027885,36081,1063966,0,0,-179078078,179078078,0,0,0,661015881,208586562,869602443,0,0,840093959,29508484,869602443
2020-05-27,818,824,815,821,821247,0.36674816625916873,0,0,-87725,87725,0,0,0,612974,208273,821247,0,0,700699,120548,821247,0,0,-72080281,72080281,0,0,0,501768617,170706975,672475592,0,0,573848898,98626694,672475592
2020-05-28,818,828,782,802,1787025,-2.3142509135200973,0,0,170782,-170782,0,0,0,1529717,257308,1787025,0,0,1358935,428090,1787025,0,0,138039515,-138039515,0,0,0,1231525145,206499753,1438024898,0,0,1093485630,344539268,1438024898
2020-05-29,790,802,774,782,1320508,-2.493765586034913,0,17331,84430,-101761,0,0,17331,1091727,211450,1320508,0,0,1007297,313211,1320508,0,13551261,66065838,-79617099,0,0,13551261,853489374,165742305,1032782940,0,0,787423536,245359404,1032782940
2020-06-01,782,796,780,791,611634,1.1508951406649617,0,2020,-145204,143184,0,0,2020,445742,163872,611634,0,0,590946,20688,611634,0,1595800,-114301893,112706093,0,0,1595800,351117121,128920717,481633638,0,0,465419014,16214624,481633638
2020-06-02,792,812,791,811,786718,2.5284450063211126,0,0,-242274,242274,0,0,0,533555,253163,786718,0,0,775829,10889,786718,0,0,-195032504,195032504,0,0,0,429010828,203825422,632836250,0,0,624043332,8792918,632836250
2020-06-03,818,821,811,820,680805,1.1097410604192355,0,0,-122384,122384,0,0,0,518763,162042,680805,0,0,641147,39658,680805,0,0,-100178305,100178305,0,0,0,424153328,132564160,556717488,0,0,524331633,32385855,556717488
2020-06-04,821,825,804,806,766397,-1.707317073170732,0,4669,14732,-19401,0,0,4669,635726,126002,766397,0,0,620994,145403,766397,0,3780953,12460812,-16241765,0,0,3780953,517331541,102401032,623513526,0,0,504870729,118642797,623513526
2020-06-05,806,815,753,809,551000,0.37220843672456577,0,1326,-138428,137102,0,0,1326,383025,166649,551000,0,0,521453,29547,551000,0,1072734,-111992542,110919808,0,0,1072734,309012741,134854731,444940206,0,0,421005283,23934923,444940206
2020-06-08,819,819,806,813,446036,0.4944375772558714,0,0,-104558,104558,0,0,0,311008,135028,446036,0,0,415566,30470,446036,0,0,-84880553,84880553,0,0,0,252476500,109660644,362137144,0,0,337357053,24780091,362137144
2020-06-09,813,815,798,807,630982,-0.7380073800738007,0,0,8406,-8406,0,0,0,530528,100454,630982,0,0,522122,108860,630982,0,0,6673355,-6673355,0,0,0,428433951,81307405,509741356,0,0,421760596,87980760,509741356
2020-06-10,809,809,794,800,634913,-0.8674101610904585,0,-24839,-1118,25957,0,0,0,573544,61369,634913,0,24839,574662,35412,634913,0,-19871200,-786602,20657802,0,0,0,458746485,49050556,507797041,0,19871200,459533087,28392754,507797041
2020-06-11,795,802,779,784,960921,-2.0,-8541,45895,44967,-82321,0,0,46402,860989,53530,960921,8541,507,816022,135851,960921,-6808149,36309601,35711542,-65212994,0,0,36712766,681690940,42197024,760600730,6808149,403165,645979398,107410018,760600730
2020-06-12,762,769,745,762,916243,-2.806122448979592,0,0,19714,-19714,0,0,0,740041,176202,916243,0,0,720327,195916,916243,0,0,14674529,-14674529,0,0,0,558661526,133183073,691844599,0,0,543986997,147857602,691844599
2020-06-15,762,762,686,687,1847731,-9.84251968503937,0,0,268756,-268756,0,0,0,1631589,216142,1847731,0,0,1362833,484898,1847731,0,0,193518748,-193518748,0,0,0,1169773945,154561626,1324335571,0,0,976255197,348080374,1324335571
2020-06-16,710,726,704,725,575505,5.531295487627365,0,0,-142030,142030,0,0,0,385373,190132,575505,0,0,527403,48102,575505,0,0,-101770614,101770614,0,0,0,276739718,136337023,413076741,0,0,378510332,34566409,413076741
2020-06-17,725,729,702,717,582792,-1.103448275862069,0,0,-38721,38721,0,0,0,354777,228015,582792,0,0,393498,189294,582792,0,0,-28248371,28248371,0,0,0,255046616,164128477,419175093,0,0,283294987,135880106,419175093
2020-06-18,717,740,704,715,520898,-0.2789400278940028,0,0,-116538,116538,0,0,0,386936,133962,520898,0,0,503474,17424,520898,0,0,-82921905,82921905,0,0,0,276323039,95424338,371747377,0,0,359244944,12502433,371747377
2020-06-19,723,723,703,711,319232,-0.5594405594405595,0,0,-17672,17672,0,0,0,265204,54028,319232,0,0,282876,36356,319232,0,0,-12440033,12440033,0,0,0,187780783,38232091,226012874,0,0,200220816,25792058,226012874
2020-06-22,712,713,703,708,431713,-0.42194092827004215,0,0,8770,-8770,0,0,0,355916,75797,431713,0,0,347146,84567,431713,0,0,6258448,-6258448,0,0,0,251496315,53643852,305140167,0,0,245237867,59902300,305140167
2020-06-23,708,860,689,749,9633625,5.790960451977401,0,0,317424,-317424,0,0,4500,8776649,852476,9633625,0,4500,8459225,1169900,9633625,0,-684900,248406835,-247721935,0,0,3104100,6762112701,650153411,7415370212,0,3789000,6513705866,897875346,7415370212
2020-06-24,739,760,732,735,1543810,-1.8691588785046727,0,0,48701,-48701,0,0,0,1420457,123353,1543810,0,0,1371756,172054,1543810,0,0,36597202,-36597202,0,0,0,1052234722,91235476,1143470198,0,0,1015637520,127832678,1143470198
2020-06-25,732,732,708,715,716012,-2.7210884353741496,0,0,105209,-105209,0,0,0,614563,101449,716012,0,0,509354,206658,716012,0,0,75946875,-75946875,0,0,0,439790208,72353672,512143880,0,0,363843333,148300547,512143880
2020-06-26,715,722,704,708,406016,-0.9790209790209791,0,0,98762,-98762,0,0,0,380065,25951,406016,0,0,281303,124713,406016,0,0,70332732,-70332732,0,0,0,269866086,18360312,288226398,0,0,199533354,88693044,288226398
2020-06-29,708,708,691,693,722924,-2.11864406779661,0,0,115128,-115128,0,0,0,617054,105870,722924,0,0,501926,220998,722924,0,0,80333802,-80333802,0,0,0,430382853,74055612,504438465,0,0,350049051,154389414,504438465
2020-06-30,697,795,696,730,5375567,5.339105339105339,0,0,67887,-67887,0,0,0,4915312,460255,5375567,0,0,4847425,528142,5375567,0,0,61771223,-61771223,0,0,0,3707814046,341454715,4049268761,0,0,3646042823,403225938,4049268761
2020-07-01,739,743,708,710,1010246,-2.73972602739726,0,0,92692,-92692,0,0,0,943069,67177,1010246,0,0,850377,159869,1010246,0,0,66799409,-66799409,0,0,0,680439063,48491029,728930092,0,0,613639654,115290438,728930092
2020-07-02,712,730,712,724,271475,1.971830985915493,0,0,-27979,27979,0,0,0,214174,57301,271475,0,0,242153,29322,271475,0,0,-20081492,20081492,0,0,0,153983856,41227445,195211301,0,0,174065348,21145953,195211301
2020-07-03,724,732,713,729,382105,0.6906077348066298,0,0,-56673,56673,0,0,0,301279,80826,382105,0,0,357952,24153,382105,0,0,-40824102,40824102,0,0,0,218566826,58339349,276906175,0,0,259390928,17515247,276906175
2020-07-06,721,750,721,748,902636,2.606310013717421,0,0,-140199,140199,0,0,0,711005,191631,902636,0,0,851204,51432,902636,0,0,-102993428,102993428,0,0,0,527529558,140972614,668502172,0,0,630522986,37979186,668502172
2020-07-07,752,754,728,733,743610,-2.0053475935828877,0,0,70181,-70181,0,0,0,680644,62966,743610,0,0,610463,133147,743610,0,0,51340710,-51340710,0,0,0,503247729,47059912,550307641,0,0,451907019,98400622,550307641
2020-07-08,738,738,725,730,223393,-0.4092769440654843,0,0,-36717,36717,0,0,0,183502,39891,223393,0,0,220219,3174,223393,0,0,-26801342,26801342,0,0,0,133741208,29116228,162857436,0,0,160542550,2314886,162857436
2020-07-09,731,742,726,742,400213,1.643835616438356,0,0,-46057,46057,0,0,0,331356,68857,400213,0,0,377413,22800,400213,0,0,-33677122,33677122,0,0,0,243764699,50410903,294175602,0,0,277441821,16733781,294175602
2020-07-10,751,751,713,716,787459,-3.5040431266846364,0,0,252807,-252807,0,0,0,731377,56082,787459,0,0,478570,308889,787459,0,0,184346875,-184346875,0,0,0,530119001,40589774,570708775,0,0,345772126,224936649,570708775
2020-07-13,720,725,714,724,345646,1.1173184357541899,0,0,-84711,84711,0,0,0,255454,90192,345646,0,0,340165,5481,345646,0,0,-60953865,60953865,0,0,0,183919077,64896782,248815859,0,0,244872942,3942917,248815859
2020-07-14,718,725,710,718,334425,-0.8287292817679558,0,0,-23211,23211,0,0,0,288850,45575,334425,0,0,312061,22364,334425,0,0,-16706229,16706229,0,0,0,207046671,32780535,239827206,0,0,223752900,16074306,239827206
2020-07-15,723,732,716,723,301013,0.6963788300835655,0,0,-94704,94704,0,0,0,190449,110564,301013,0,0,285153,15860,301013,0,0,-68672835,68672835,0,0,0,138240107,80183752,218423859,0,0,206912942,11510917,218423859
2020-07-16,730,746,723,730,686123,0.9681881051175657,0,0,-178279,178279,0,0,0,453924,232199,686123,0,0,632203,53920,686123,0,0,-130665465,130665465,0,0,0,332993525,170342591,503336116,0,0,463658990,39677126,503336116
2020-07-17,724,735,722,724,315497,-0.821917808219178,0,0,1034,-1034,0,0,0,268724,46773,315497,0,0,267690,47807,315497,0,0,872713,-872713,0,0,0,195119851,33901406,229021257,0,0,194247138,34774119,229021257
2020-07-20,730,730,713,723,386390,-0.13812154696132595,0,0,-19167,19167,0,0,0,310277,76113,386390,0,0,329444,56946,386390,0,0,-14082971,14082971,0,0,0,223467657,54988960,278456617,0,0,237550628,40905989,278456617
2020-07-21,723,726,711,723,349249,0.0,0,0,-72819,72819,0,0,0,276430,72819,349249,0,0,349249,0,349249,0,0,-52239116,52239116,0,0,0,198434724,52239116,250673840,0,0,250673840,0,250673840
2020-07-22,723,731,716,722,500449,-0.13831258644536654,0,0,-49071,49071,0,0,0,434760,65689,500449,0,0,483831,16618,500449,0,0,-35466712,35466712,0,0,0,313763359,47460977,361224336,0,0,349230071,11994265,361224336
2020-07-23,723,723,700,702,909166,-2.7700831024930745,0,7117,254783,-261900,0,0,7123,900532,1511,909166,0,6,645749,263411,909166,0,4996134,180506703,-185502837,0,0,5000346,635951288,1066795,642018429,0,4212,455444585,186569632,642018429
2020-07-24,702,705,694,695,508151,-0.9971509971509971,0,0,-24271,24271,0,0,0,438430,69721,508151,0,0,462701,45450,508151,0,0,-17092685,17092685,0,0,0,305958883,48785680,354744563,0,0,323051568,31692995,354744563
2020-07-27,696,703,695,697,244731,0.28776978417266186,0,4310,-23983,19673,0,0,4310,213939,26482,244731,0,0,237922,6809,244731,0,2999760,-16729563,13729803,0,0,2999760,149149466,18479564,170628790,0,0,165879029,4749761,170628790
2020-07-28,699,700,686,693,420864,-0.5738880918220948,0,0,67211,-67211,0,0,0,416164,4700,420864,0,0,348953,71911,420864,0,0,46573058,-46573058,0,0,0,288091491,3255155,291346646,0,0,241518433,49828213,291346646
2020-07-29,693,694,684,690,446665,-0.4329004329004329,0,0,-13417,13417,0,0,0,404082,42583,446665,0,0,417499,29166,446665,0,0,-9152505,9152505,0,0,0,277784371,29228227,307012598,0,0,286936876,20075722,307012598
2020-07-30,691,694,683,685,281905,-0.7246376811594203,0,-2450,-27709,30159,0,0,0,244471,37434,281905,0,2450,272180,7275,281905,0,-1687200,-19097906,20785106,0,0,0,168073827,25777934,193851761,0,1687200,187171733,4992828,193851761
2020-07-31,689,689,680,684,384480,-0.145985401459854,0,0,2570,-2570,0,0,0,352986,31494,384480,0,0,350416,34064,384480,0,0,1763451,-1763451,0,0,0,241233806,21515439,262749245,0,0,239470355,23278890,262749245
2020-08-03,684,684,668,675,362403,-1.3157894736842104,0,0,26135,-26135,0,0,0,351342,11061,362403,0,0,325207,37196,362403,0,0,17629670,-17629670,0,0,0,236105760,7437166,243542926,0,0,218476090,25066836,243542926
2020-08-04,675,678,670,678,354660,0.4444444444444444,0,0,-48199,48199,0,0,0,303674,50986,354660,0,0,351873,2787,354660,0,0,-32589573,32589573,0,0,0,205157111,34469252,239626363,0,0,237746684,1879679,239626363
2020-08-05,677,693,671,683,296000,0.7374631268436578,0,0,25052,-25052,0,0,0,285768,10232,296000,0,0,260716,35284,296000,0,0,17260900,-17260900,0,0,0,195126573,6917767,202044340,0,0,177865673,24178667,202044340
2020-08-06,683,686,680,683,201153,0.0,0,0,-7430,7430,0,0,0,181175,19978,201153,0,0,188605,12548,201153,0,0,-5068803,5068803,0,0,0,123674632,13631910,137306542,0,0,128743435,8563107,137306542
2020-08-07,681,689,676,679,261002,-0.5856515373352855,0,0,37645,-37645,0,0,0,246477,14525,261002,0,0,208832,52170,261002,0,0,25711281,-25711281,0,0,0,168034804,9909023,177943827,0,0,142323523,35620304,177943827
2020-08-10,679,679,665,670,546734,-1.3254786450662739,0,0,20754,-20754,0,0,0,517545,29189,546734,0,0,496791,49943,546734,0,0,13946053,-13946053,0,0,0,346061969,19483527,365545496,0,0,332115916,33429580,365545496
2020-08-11,674,674,661,661,459651,-1.3432835820895521,0,0,3665,-3665,0,0,0,451552,8099,459651,0,0,447887,11764,459651,0,0,2465749,-2465749,0,0,0,300078337,5384340,305462677,0,0,297612588,7850089,305462677
2020-08-12,661,665,639,643,973063,-2.723146747352496,0,0,-87925,87925,0,0,0,737737,235326,973063,0,0,825662,147401,973063,0,0,-56338468,56338468,0,0,0,478301634,152825371,631127005,0,0,534640102,96486903,631127005
2020-08-13,652,706,649,696,2779908,8.242612752721618,0,0,-246783,246783,0,0,0,2342518,437390,2779908,0,0,2589301,190607,2779908,0,0,-169215353,169215353,0,0,0,1613771341,300788580,1914559921,0,0,1782986694,131573227,1914559921
2020-08-14,710,725,693,714,1376056,2.586206896551724,0,0,209891,-209891,0,0,0,1243652,132404,1376056,0,0,1033761,342295,1376056,0,0,149445500,-149445500,0,0,0,881554485,93343569,974898054,0,0,732108985,242789069,974898054
2020-08-18,708,710,651,670,799695,-6.162464985994398,0,0,9990,-9990,0,0,0,689943,109752,799695,0,0,679953,119742,799695,0,0,6947115,-6947115,0,0,0,472986105,75450126,548436231,0,0,466038990,82397241,548436231
2020-08-19,672,703,672,694,465666,3.582089552238806,0,0,-5284,5284,0,0,0,399191,66475,465666,0,0,404475,61191,465666,0,0,-3439528,3439528,0,0,0,276761875,45687013,322448888,0,0,280201403,42247485,322448888
2020-08-20,698,702,655,672,661987,-3.170028818443804,0,0,106793,-106793,0,0,0,595218,66769,661987,0,0,488425,173562,661987,0,0,73491562,-73491562,0,0,0,406199174,44928007,451127181,0,0,332707612,118419569,451127181
2020-08-21,672,692,651,670,410178,-0.2976190476190476,0,0,57344,-57344,0,0,0,388918,21260,410178,0,0,331574,78604,410178,0,0,38356386,-38356386,0,0,0,260034731,14250023,274284754,0,0,221678345,52606409,274284754
2020-08-24,670,670,650,663,387985,-1.0447761194029852,0,0,-17748,17748,0,0,0,334166,53819,387985,0,0,351914,36071,387985,0,0,-11806117,11806117,0,0,0,220156930,35499422,255656352,0,0,231963047,23693305,255656352
2020-08-25,663,699,658,675,727317,1.809954751131222,0,0,-179298,179298,0,0,0,491020,236297,727317,0,0,670318,56999,727317,0,0,-119515368,119515368,0,0,0,333093193,158506277,491599470,0,0,452608561,38990909,491599470
2020-08-26,674,681,665,675,388307,0.0,0,0,11546,-11546,0,0,0,363330,24977,388307,0,0,351784,36523,388307,0,0,7661202,-7661202,0,0,0,244154893,16805393,260960286,0,0,236493691,24466595,260960286
2020-08-27,676,683,657,663,438811,-1.7777777777777777,0,0,79000,-79000,0,0,0,427955,10856,438811,0,0,348955,89856,438811,0,0,52839610,-52839610,0,0,0,284868144,7213033,292081177,0,0,232028534,60052643,292081177
2020-08-28,663,672,651,657,608797,-0.904977375565611,0,0,-50775,50775,0,0,0,526801,81996,608797,0,0,577576,31221,608797,0,0,-33846264,33846264,0,0,0,347637952,54493428,402131380,0,0,381484216,20647164,402131380
2020-08-31,666,666,655,660,401135,0.45662100456621,0,0,-70053,70053,0,0,0,310256,90879,401135,0,0,380309,20826,401135,0,0,-46178491,46178491,0,0,0,204371017,59888929,264259946,0,0,250549508,13710438,264259946
2020-09-01,663,664,649,652,381305,-1.2121212121212122,0,0,-25445,25445,0,0,0,335277,46028,381305,0,0,360722,20583,381305,0,0,-16688085,16688085,0,0,0,219786481,30253791,250040272,0,0,236474566,13565706,250040272
2020-09-02,652,682,652,674,662563,3.374233128834356,0,-1,-221298,221299,0,0,0,428351,234212,662563,0,1,649649,12913,662563,0,-673,-148283283,148283956,0,0,0,287645955,157045748,444691703,0,673,435929238,8761792,444691703
2020-09-03,674,700,673,682,841954,1.1869436201780417,0,0,-168657,168657,0,0,0,654069,187885,841954,0,0,822726,19228,841954,0,0,-115375785,115375785,0,0,0,449501117,128591610,578092727,0,0,564876902,13215825,578092727
2020-09-04,651,676,651,673,465629,-1.3196480938416422,0,0,12595,-12595,0,0,0,397207,68422,465629,0,0,384612,81017,465629,0,0,8997030,-8997030,0,0,0,264132798,45170221,309303019,0,0,255135768,54167251,309303019
2020-09-07,673,690,661,681,406714,1.188707280832095,0,0,-48785,48785,0,0,0,315388,91326,406714,0,0,364173,42541,406714,0,0,-32796710,32796710,0,0,0,214390494,61766093,276156587,0,0,247187204,28969383,276156587
2020-09-08,681,688,671,671,370026,-1.4684287812041115,0,0,-36141,36141,0,0,0,313878,56148,370026,0,0,350019,20007,370026,0,0,-24737694,24737694,0,0,0,213315739,38319505,251635244,0,0,238053433,13581811,251635244
2020-09-09,665,678,657,667,475330,-0.5961251862891207,0,0,64566,-64566,0,0,0,438058,37272,475330,0,0,373492,101838,475330,0,0,42928111,-42928111,0,0,0,290194608,24702237,314896845,0,0,247266497,67630348,314896845
2020-09-10,667,670,657,667,415045,0.0,0,0,-45125,45125,0,0,0,350186,64859,415045,0,0,395311,19734,415045,0,0,-30006408,30006408,0,0,0,232309423,43088075,275397498,0,0,262315831,13081667,275397498
2020-09-11,666,704,660,677,1449629,1.4992503748125936,0,0,103326,-103326,0,0,0,1271743,177886,1449629,0,0,1168417,281212,1449629,0,0,73617141,-73617141,0,0,0,867024348,119288140,986312488,0,0,793407207,192905281,986312488
2020-09-14,677,695,677,695,595904,2.658788774002954,0,0,-252541,252541,0,0,0,329165,266739,595904,0,0,581706,14198,595904,0,0,-173440037,173440037,0,0,0,227084287,183197519,410281806,0,0,400524324,9757482,410281806
2020-09-15,698,701,686,691,438288,-0.5755395683453237,0,-8820,4067,4753,0,0,1000,384586,52702,438288,0,9820,380519,47949,438288,0,-6084450,2863415,3221035,0,0,696900,267201327,36512686,304410913,0,6781350,264337912,33291651,304410913
2020-09-16,694,700,680,696,402572,0.723589001447178,0,0,-29887,29887,0,0,0,333411,69161,402572,0,0,363298,39274,402572,0,0,-20417671,20417671,0,0,0,229741398,47465844,277207242,0,0,250159069,27048173,277207242
2020-09-17,696,704,681,682,335507,-2.0114942528735633,0,0,132852,-132852,0,0,0,314585,20922,335507,0,0,181733,153774,335507,0,0,91693093,-91693093,0,0,0,217024323,14351074,231375397,0,0,125331230,106044167,231375397
2020-09-18,692,692,669,683,452129,0.1466275659824047,0,0,134005,-134005,0,0,0,432882,19247,452129,0,0,298877,153252,452129,0,0,90740557,-90740557,0,0,0,292256486,12995003,305251489,0,0,201515929,103735560,305251489
2020-09-21,683,700,664,666,650732,-2.4890190336749636,0,0,80207,-80207,0,0,0,541154,109578,650732,0,0,460947,189785,650732,0,0,53160001,-53160001,0,0,0,368230503,75373828,443604331,0,0,315070502,128533829,443604331
2020-09-22,665,676,630,633,880887,-4.954954954954955,0,0,170998,-170998,0,0,0,763215,117672,880887,0,0,592217,288670,880887,0,0,111332311,-111332311,0,0,0,492867540,76193608,569061148,0,0,381535229,187525919,569061148
2020-09-23,634,646,617,629,497691,-0.631911532385466,0,0,-9389,9389,0,0,0,370549,127142,497691,0,0,379938,117753,497691,0,0,-5762464,5762464,0,0,0,232654294,79808599,312462893,0,0,238416758,74046135,312462893
2020-09-24,625,627,601,610,624926,-3.0206677265500796,0,0,108975,-108975,0,0,0,519700,105226,624926,0,0,410725,214201,624926,0,0,66698685,-66698685,0,0,0,318717097,64638673,383355770,0,0,252018412,131337358,383355770
2020-09-25,611,615,592,606,306993,-0.6557377049180327,0,0,44840,-44840,0,0,0,270812,36181,306993,0,0,225972,81021,306993,0,0,27320236,-27320236,0,0,0,163648933,21909405,185558338,0,0,136328697,49229641,185558338
2020-09-28,608,630,608,625,311789,3.1353135313531353,0,0,-60805,60805,0,0,0,227080,84709,311789,0,0,287885,23904,311789,0,0,-37691941,37691941,0,0,0,140935503,52502934,193438437,0,0,178627444,14810993,193438437
2020-09-29,625,687,624,650,940109,4.0,0,0,-195013,195013,0,0,0,687671,252438,940109,0,0,882684,57425,940109,0,0,-124675295,124675295,0,0,0,448935395,162416251,611351646,0,0,573610690,37740956,611351646
2020-10-05,646,656,643,654,205651,0.6153846153846154,0,0,-58300,58300,0,0,0,142409,63242,205651,0,0,200709,4942,205651,0,0,-37843385,37843385,0,0,0,92387395,41036383,133423778,0,0,130230780,3192998,133423778
2020-10-06,657,657,648,654,220583,0.0,0,0,666,-666,0,0,0,193937,26646,220583,0,0,193271,27312,220583,0,0,403226,-403226,0,0,0,126402761,17369787,143772548,0,0,125999535,17773013,143772548
2020-10-07,655,655,641,655,113817,0.1529051987767584,0,0,-11425,11425,0,0,0,96818,16999,113817,0,0,108243,5574,113817,0,0,-7418892,7418892,0,0,0,63096002,11054504,74150506,0,0,70514894,3635612,74150506
2020-10-08,660,670,655,660,147380,0.7633587786259541,0,0,677,-677,0,0,0,138840,8540,147380,0,0,138163,9217,147380,0,0,473659,-473659,0,0,0,91442804,5611255,97054059,0,0,90969145,6084914,97054059
2020-10-12,659,671,657,670,259325,1.5151515151515151,0,0,-60487,60487,0,0,0,181580,77745,259325,0,0,242067,17258,259325,0,0,-40353068,40353068,0,0,0,120834660,51793104,172627764,0,0,161187728,11440036,172627764
2020-10-13,679,679,664,668,270302,-0.2985074626865672,0,0,17918,-17918,0,0,0,250385,19917,270302,0,0,232467,37835,270302,0,0,12052065,-12052065,0,0,0,167183959,13307711,180491670,0,0,155131894,25359776,180491670
2020-10-14,663,672,655,657,204995,-1.6467065868263475,0,-10000,57604,-47604,0,0,0,192940,12055,204995,0,10000,135336,59659,204995,0,-6582627,38045842,-31463215,0,0,0,127325546,7948516,135274062,0,6582627,89279704,39411731,135274062
2020-10-15,660,660,620,635,627797,-3.34855403348554,0,0,250781,-250781,0,0,0,596894,30903,627797,0,0,346113,281684,627797,0,0,160567077,-160567077,0,0,0,379396145,19526559,398922704,0,0,218829068,180093636,398922704
2020-10-16,636,638,625,633,318664,-0.31496062992125984,0,0,51316,-51316,0,0,0,261289,57375,318664,0,0,209973,108691,318664,0,0,32321739,-32321739,0,0,0,164715170,36237013,200952183,0,0,132393431,68558752,200952183
2020-10-19,633,642,627,640,277552,1.1058451816745656,0,0,-42295,42295,0,0,0,210642,66910,277552,0,0,252937,24615,277552,0,0,-26939403,26939403,0,0,0,134075077,42526353,176601430,0,0,161014480,15586950,176601430
2020-10-20,632,640,617,626,359533,-2.1875,0,0,95817,-95817,0,0,0,329466,30067,359533,0,0,233649,125884,359533,0,0,59780985,-59780985,0,0,0,205641674,18782913,224424587,0,0,145860689,78563898,224424587
2020-10-21,623,719,622,647,8318320,3.3546325878594248,0,0,194468,-194468,0,0,0,7454867,863453,8318320,0,0,7260399,1057921,8318320,0,0,139659071,-139659071,0,0,0,5083615169,583857144,5667472313,0,0,4943956098,723516215,5667472313
2020-10-22,642,644,623,636,1251847,-1.7001545595054095,0,0,65757,-65757,0,0,0,1154050,97797,1251847,0,0,1088293,163554,1251847,0,0,41746737,-41746737,0,0,0,727077706,61556831,788634537,0,0,685330969,103303568,788634537
2020-10-23,634,643,634,635,286790,-0.15723270440251574,0,0,10281,-10281,0,0,0,249093,37697,286790,0,0,238812,47978,286790,0,0,6497754,-6497754,0,0,0,158677492,24040816,182718308,0,0,152179738,30538570,182718308
2020-10-26,641,663,623,627,879843,-1.2598425196850394,0,0,26518,-26518,0,0,0,782007,97836,879843,0,0,755489,124354,879843,0,0,17119253,-17119253,0,0,0,501498420,62870375,564368795,0,0,484379167,79989628,564368795
2020-10-27,625,631,615,620,326031,-1.1164274322169059,0,0,-9373,9373,0,0,0,270021,56010,326031,0,0,279394,46637,326031,0,0,-5803245,5803245,0,0,0,167857469,34854906,202712375,0,0,173660714,29051661,202712375
2020-10-28,619,723,615,664,17304058,7.096774193548387,0,0,-1178,1178,0,0,300,15518157,1785601,17304058,0,300,15519335,1784423,17304058,0,-900,10385175,-10384275,0,0,210000,10700058364,1221090508,11921358872,0,210900,10689673189,1231474783,11921358872
2020-10-29,651,667,636,652,2024927,-1.8072289156626504,0,0,-105659,105659,0,0,0,1763753,261174,2024927,0,0,1869412,155515,2024927,0,0,-69145112,69145112,0,0,0,1146106330,169671019,1315777349,0,0,1215251442,100525907,1315777349
2020-10-30,652,659,633,633,1087656,-2.9141104294478524,0,0,108053,-108053,0,0,0,987114,100542,1087656,0,0,879061,208595,1087656,0,0,68934186,-68934186,0,0,0,636306947,65290563,701597510,0,0,567372761,134224749,701597510
2020-11-02,630,646,629,639,384153,0.9478672985781991,0,0,586,-586,0,0,0,345243,38910,384153,0,0,344657,39496,384153,0,0,498433,-498433,0,0,0,219356626,24660079,244016705,0,0,218858193,25158512,244016705
2020-11-03,635,646,630,638,538709,-0.1564945226917058,0,0,-367,367,0,0,0,492946,45763,538709,0,0,493313,45396,538709,0,0,-120460,120460,0,0,0,314987110,29295512,344282622,0,0,315107570,29175052,344282622
2020-11-04,643,657,632,635,1038910,-0.4702194357366771,0,0,-29489,29489,0,0,5000,936071,97839,1038910,0,5000,965560,68350,1038910,0,26000,-19032889,19006889,0,0,3240000,605471299,63377206,672088505,0,3214000,624504188,44370317,672088505
2020-11-05,650,714,642,686,6845921,8.031496062992126,0,0,-156444,156444,0,0,0,5805588,1040333,6845921,0,0,5962032,883889,6845921,0,0,-98509857,98509857,0,0,0,3985883921,708543737,4694427658,0,0,4084393778,610033880,4694427658
2020-11-06,675,700,663,677,1630933,-1.3119533527696794,0,13062,11009,-24071,0,0,13062,1416725,201146,1630933,0,0,1405716,225217,1630933,0,8777664,8316808,-17094472,0,0,8777664,958747266,136212123,1103737053,0,0,950430458,153306595,1103737053
2020-11-09,684,692,674,686,763547,1.329394387001477,0,0,-37710,37710,0,0,0,630441,133106,763547,0,0,668151,95396,763547,0,0,-25735608,25735608,0,0,0,430033856,90823945,520857801,0,0,455769464,65088337,520857801
2020-11-10,696,705,678,696,1161406,1.4577259475218658,0,0,-43163,43163,0,0,0,1017686,143720,1161406,0,0,1060849,100557,1161406,0,0,-29624287,29624287,0,0,0,703502321,99318365,802820686,0,0,733126608,69694078,802820686
2020-11-11,696,701,680,684,708176,-1.7241379310344827,0,0,-75175,75175,0,0,0,589797,118379,708176,0,0,664972,43204,708176,0,0,-51611066,51611066,0,0,0,405883708,81318535,487202243,0,0,457494774,29707469,487202243
2020-11-12,686,724,678,723,3442894,5.701754385964912,0,0,-341368,341368,0,0,0,2744663,698231,3442894,0,0,3086031,356863,3442894,0,0,-243898069,243898069,0,0,0,1951689650,496554729,2448244379,0,0,2195587719,252656660,2448244379
2020-11-13,728,746,707,712,2357719,-1.5214384508990317,0,0,314914,-314914,0,0,0,2123662,234057,2357719,0,0,1808748,548971,2357719,0,0,228439791,-228439791,0,0,0,1538425714,169460689,1707886403,0,0,1309985923,397900480,1707886403
2020-11-16,698,716,698,703,658638,-1.2640449438202246,0,0,-97082,97082,0,0,0,488218,170420,658638,0,0,585300,73338,658638,0,0,-68147852,68147852,0,0,0,345057740,120239887,465297627,0,0,413205592,52092035,465297627
2020-11-17,708,716,699,702,420645,-0.1422475106685633,0,0,45625,-45625,0,0,0,393602,27043,420645,0,0,347977,72668,420645,0,0,32094442,-32094442,0,0,0,276680820,18969815,295650635,0,0,244586378,51064257,295650635
2020-11-18,702,704,670,701,552433,-0.14245014245014245,0,0,-75877,75877,0,0,0,441039,111394,552433,0,0,516916,35517,552433,0,0,-52461713,52461713,0,0,0,306125152,77278434,383403586,0,0,358586865,24816721,383403586
2020-11-19,703,704,678,688,866002,-1.8544935805991443,0,0,-86591,86591,0,0,0,679947,186055,866002,0,0,766538,99464,866002,0,0,-58944561,58944561,0,0,0,466699824,127393211,594093035,0,0,525644385,68448650,594093035
2020-11-20,693,713,693,705,907995,2.4709302325581395,0,0,-114392,114392,0,0,0,678101,229894,907995,0,0,792493,115502,907995,0,0,-80199459,80199459,0,0,0,477204729,161430856,638635585,0,0,557404188,81231397,638635585
2020-11-23,706,723,706,718,944582,1.8439716312056738,0,0,-187422,187422,0,0,0,681210,263372,944582,0,0,868632,75950,944582,0,0,-133997509,133997509,0,0,0,487290037,188342715,675632752,0,0,621287546,54345206,675632752
2020-11-24,724,770,714,759,3750343,5.710306406685237,0,27226,-761328,734102,0,0,48561,2627848,1073934,3750343,0,21335,3389176,339832,3750343,0,20477541,-566024426,545546885,0,0,36055977,1976598933,802231068,2814885978,0,15578436,2542623359,256684183,2814885978
2020-11-25,761,770,722,742,2201098,-2.2397891963109355,0,-43177,379609,-336432,0,0,0,1937810,263288,2201098,0,43177,1558201,599720,2201098,0,-31871076,284806908,-252935832,0,0,0,1444048068,195653785,1639701853,0,31871076,1159241160,448589617,1639701853
2020-11-26,741,749,708,710,1634759,-4.31266846361186,0,80,233211,-233291,0,0,80,1395107,239572,1634759,0,0,1161896,472863,1634759,0,56800,168757802,-168814602,0,0,56800,1008385066,172697940,1181139806,0,0,839627264,341512542,1181139806
2020-11-27,710,711,694,698,1144223,-1.6901408450704223,0,9,7371,-7380,0,0,9,981090,163124,1144223,0,0,973719,170504,1144223,0,6390,4875237,-4881627,0,0,6390,685490065,114243581,799740036,0,0,680614828,119125208,799740036
2020-11-30,705,710,686,696,470018,-0.28653295128939826,0,9,68141,-68150,0,0,9,464689,5320,470018,0,0,396548,73470,470018,0,6345,47635959,-47642304,0,0,6345,324009967,3703964,327720276,0,0,276374008,51346268,327720276
2020-12-01,690,701,683,697,879563,0.14367816091954022,0,0,47291,-47291,0,0,0,763411,116152,879563,0,0,716120,163443,879563,0,0,33073334,-33073334,0,0,0,527172628,80060824,607233452,0,0,494099294,113134158,607233452
2020-12-02,701,703,685,689,421526,-1.1477761836441895,0,0,12328,-12328,0,0,0,401680,19846,421526,0,0,389352,32174,421526,0,0,8524489,-8524489,0,0,0,276901441,13702531,290603972,0,0,268376952,22227020,290603972
2020-12-03,689,697,682,693,547278,0.5805515239477503,0,0,38883,-38883,0,0,0,532238,15040,547278,0,0,493355,53923,547278,0,0,26823328,-26823328,0,0,0,367141251,10349424,377490675,0,0,340317923,37172752,377490675
2020-12-04,688,706,685,695,708385,0.2886002886002886,0,-1111,110815,-109704,0,0,0,652739,55646,708385,0,1111,541924,165350,708385,0,-763257,76905952,-76142695,0,0,0,451738121,38570728,490308849,0,763257,374832169,114713423,490308849
2020-12-07,704,704,678,682,574728,-1.870503597122302,0,0,74922,-74922,0,0,0,519930,54798,574728,0,0,445008,129720,574728,0,0,51406942,-51406942,0,0,0,355229008,37375874,392604882,0,0,303822066,88782816,392604882
2020-12-08,682,689,675,679,522616,-0.43988269794721413,0,-4273,117672,-113399,0,0,0,509206,13410,522616,0,4273,391534,126809,522616,0,-2901367,80254003,-77352636,0,0,0,346447884,9101911,355549795,0,2901367,266193881,86454547,355549795
2020-12-09,679,683,670,679,437280,0.0,0,48,-12985,12937,0,0,48,393159,44073,437280,0,0,406144,31136,437280,0,32328,-8706538,8674210,0,0,32328,265586815,29745436,295364579,0,0,274293353,21071226,295364579
2020-12-10,686,686,668,673,641129,-0.8836524300441826,0,246,-3214,2968,0,0,246,590830,50053,641129,0,0,594044,47085,641129,0,165585,-2093857,1928272,0,0,165585,397585143,33659683,431410411,0,0,399679000,31731411,431410411
2020-12-11,673,681,673,681,264213,1.188707280832095,0,0,-14017,14017,0,0,0,237002,27211,264213,0,0,251019,13194,264213,0,0,-9492270,9492270,0,0,0,160562895,18419047,178981942,0,0,170055165,8926777,178981942
2020-12-14,678,685,672,672,330097,-1.3215859030837005,0,0,91375,-91375,0,0,0,325583,4514,330097,0,0,234208,95889,330097,0,0,61768884,-61768884,0,0,0,219898609,3047373,222945982,0,0,158129725,64816257,222945982
2020-12-15,679,679,663,668,414366,-0.5952380952380952,0,0,98222,-98222,0,0,0,397816,16550,414366,0,0,299594,114772,414366,0,0,65903723,-65903723,0,0,0,265771887,10987644,276759531,0,0,199868164,76891367,276759531
2020-12-16,673,673,661,668,272842,0.0,0,0,17365,-17365,0,0,0,258117,14725,272842,0,0,240752,32090,272842,0,0,11629216,-11629216,0,0,0,171748057,9770741,181518798,0,0,160118841,21399957,181518798
2020-12-17,669,669,654,656,626709,-1.7964071856287425,0,0,104399,-104399,0,0,0,613861,12848,626709,0,0,509462,117247,626709,0,0,68898194,-68898194,0,0,0,404659326,8528440,413187766,0,0,335761132,77426634,413187766
2020-12-18,662,662,650,651,397054,-0.7621951219512195,0,0,-24970,24970,0,0,0,364004,33050,397054,0,0,388974,8080,397054,0,0,-16273035,16273035,0,0,0,237511308,21577303,259088611,0,0,253784343,5304268,259088611
2020-12-21,657,657,646,652,252682,0.15360983102918588,0,0,19974,-19974,0,0,0,228682,24000,252682,0,0,208708,43974,252682,0,0,12981101,-12981101,0,0,0,148542989,15567675,164110664,0,0,135561888,28548776,164110664
2020-12-22,656,656,637,644,498876,-1.2269938650306749,0,1176,127019,-128195,0,0,1176,480694,17006,498876,0,0,353675,145201,498876,0,761321,81764982,-82526303,0,0,761321,309077355,10927650,320766326,0,0,227312373,93453953,320766326
2020-12-23,647,647,618,627,1100329,-2.639751552795031,0,392,94391,-94783,0,0,392,1003933,96004,1100329,0,0,909542,190787,1100329,0,244608,59517416,-59762024,0,0,244608,629962036,60414765,690621409,0,0,570444620,120176789,690621409
2020-12-24,626,629,619,628,476805,0.1594896331738437,0,392,63478,-63870,0,0,392,448781,27632,476805,0,0,385303,91502,476805,0,244412,39599254,-39843666,0,0,244412,279739366,17195871,297179649,0,0,240140112,57039537,297179649
2020-12-28,624,629,614,616,758406,-1.910828025477707,0,3920,88936,-92856,0,0,3920,745557,8929,758406,0,0,656621,101785,758406,0,2438828,55094400,-57533228,0,0,2438828,461116767,5515140,469070735,0,0,406022367,63048368,469070735
2020-12-29,617,625,615,620,254141,0.6493506493506493,0,0,14568,-14568,0,0,0,231568,22573,254141,0,0,217000,37141,254141,0,0,9051410,-9051410,0,0,0,143592992,13998063,157591055,0,0,134541582,23049473,157591055
2020-12-30,623,630,620,627,302453,1.129032258064516,0,-13062,-6498,19560,0,0,0,261851,40602,302453,0,13062,268349,21042,302453,0,-8165903,-3903334,12069237,0,0,0,163891519,25253374,189144893,0,8165903,167794853,13184137,189144893
2021-01-04,641,641,620,623,302453,-0.6379585326953748,0,0,37825,-37825,0,0,0,296337,6116,302453,0,0,258512,43941,302453,0,0,23650391,-23650391,0,0,0,184832943,3823288,188656231,0,0,161182552,27473679,188656231
2021-01-05,625,625,615,622,431562,-0.16051364365971107,0,0,21877,-21877,0,0,0,381687,49875,431562,0,0,359810,71752,431562,0,0,13516516,-13516516,0,0,0,236147093,30857654,267004747,0,0,222630577,44374170,267004747
2021-01-06,621,625,615,617,666042,-0.8038585209003215,0,0,53797,-53797,0,0,0,635091,30951,666042,0,0,581294,84748,666042,0,0,33280154,-33280154,0,0,0,392033004,19124602,411157606,0,0,358752850,52404756,411157606
2021-01-07,616,623,614,619,628962,0.3241491085899514,0,0,-16659,16659,0,0,0,569926,59036,628962,0,0,586585,42377,628962,0,0,-10352202,10352202,0,0,0,352268241,36539970,388808211,0,0,362620443,26187768,388808211
2021-01-08,628,628,614,624,744542,0.8077544426494345,0,0,185612,-185612,0,0,0,728456,16086,744542,0,0,542844,201698,744542,0,0,114533434,-114533434,0,0,0,449622122,9917260,459539382,0,0,335088688,124450694,459539382
2021-01-11,622,622,597,604,971242,-3.205128205128205,0,0,122108,-122108,0,0,0,887197,84045,971242,0,0,765089,206153,971242,0,0,74955047,-74955047,0,0,0,539122971,51109225,590232196,0,0,464167924,126064272,590232196
2021-01-12,606,621,594,603,647411,-0.16556291390728478,0,0,17826,-17826,0,0,0,552072,95339,647411,0,0,534246,113165,647411,0,0,11674699,-11674699,0,0,0,334939975,57496297,392436272,0,0,323265276,69170996,392436272
2021-01-13,605,614,597,613,370265,1.658374792703151,0,0,-47315,47315,0,0,0,296789,73476,370265,0,0,344104,26161,370265,0,0,-28551471,28551471,0,0,0,180236421,44457603,224694024,0,0,208787892,15906132,224694024
2021-01-14,613,615,608,611,367413,-0.3262642740619902,0,0,-78747,78747,0,0,0,283657,83756,367413,0,0,362404,5009,367413,0,0,-48203718,48203718,0,0,0,173266192,51268815,224535007,0,0,221469910,3065097,224535007
2021-01-15,614,619,609,612,504528,0.16366612111292964,0,0,-37018,37018,0,0,0,434393,70135,504528,0,0,471411,33117,504528,0,0,-22763576,22763576,0,0,0,266222875,43076779,309299654,0,0,288986451,20313203,309299654
2021-01-18,611,613,602,607,506599,-0.8169934640522877,0,0,73171,-73171,0,0,0,490421,16178,506599,0,0,417250,89349,506599,0,0,44352516,-44352516,0,0,0,297498084,9825975,307324059,0,0,253145568,54178491,307324059
2021-01-19,607,615,605,615,496552,1.3179571663920924,0,0,-34229,34229,0,0,0,441059,55493,496552,0,0,475288,21264,496552,0,0,-20860968,20860968,0,0,0,268170191,33806014,301976205,0,0,289031159,12945046,301976205
2021-01-20,615,626,609,624,658254,1.4634146341463417,0,18900,-67006,48106,0,0,18900,551021,88333,658254,0,0,618027,40227,658254,0,11716200,-41439441,29723241,0,0,11716200,341353461,54664661,407734322,0,0,382792902,24941420,407734322
2021-01-21,629,630,620,624,271394,0.0,0,0,10160,-10160,0,0,0,253976,17418,271394,0,0,243816,27578,271394,0,0,6356255,-6356255,0,0,0,158325957,10851481,169177438,0,0,151969702,17207736,169177438
2021-01-22,627,640,616,629,1417583,0.8012820512820512,0,0,61855,-61855,0,0,0,1323372,94211,1417583,0,0,1261517,156066,1417583,0,0,39613655,-39613655,0,0,0,836774436,59297406,896071842,0,0,797160781,98911061,896071842
2021-01-25,630,630,620,627,441843,-0.3179650238473768,0,0,-23689,23689,0,0,0,395414,46429,441843,0,0,419103,22740,441843,0,0,-14792662,14792662,0,0,0,247193013,29044103,276237116,0,0,261985675,14251441,276237116
2021-01-26,624,628,610,618,656528,-1.4354066985645932,0,0,35275,-35275,0,0,0,633227,23301,656528,0,0,597952,58576,656528,0,0,21860893,-21860893,0,0,0,389771541,14338687,404110228,0,0,367910648,36199580,404110228
2021-01-27,622,645,618,632,2038334,2.26537216828479,0,0,-52769,52769,0,0,0,1704707,333627,2038334,0,0,1757476,280858,2038334,0,0,-33970220,33970220,0,0,0,1082323312,211963749,1294287061,0,0,1116293532,177993529,1294287061
2021-01-28,625,625,602,608,1372900,-3.79746835443038,0,1800,552313,-554113,0,0,1800,1226793,144307,1372900,0,0,674480,698420,1372900,0,1114200,335268868,-336383068,0,0,1114200,745348622,87929091,834391913,0,0,410079754,424312159,834391913
2021-01-29,609,611,595,602,778940,-0.9868421052631579,0,16000,203132,-219132,0,0,16000,692898,70042,778940,0,0,489766,289174,778940,0,9658500,122161933,-131820433,0,0,9658500,416868205,42131138,468657843,0,0,294706272,173951571,468657843
2021-02-01,601,603,592,602,281940,0.0,0,0,16148,-16148,0,0,0,254823,27117,281940,0,0,238675,43265,281940,0,0,9548126,-9548126,0,0,0,152148375,16179221,168327596,0,0,142600249,25727347,168327596
2021-02-02,604,613,602,608,385112,0.9966777408637874,0,0,-4214,4214,0,0,0,373094,12018,385112,0,0,377308,7804,385112,0,0,-2565623,2565623,0,0,0,226859154,7300608,234159762,0,0,229424777,4734985,234159762
2021-02-03,608,609,601,608,283593,0.0,0,1600,-21664,20064,0,0,1600,247180,34813,283593,0,0,268844,14749,283593,0,962400,-13067699,12105299,0,0,962400,149515291,21050967,171528658,0,0,162582990,8945668,171528658
2021-02-04,610,610,600,607,205187,-0.1644736842105263,0,2500,18066,-20566,0,0,2500,199933,2754,205187,0,0,181867,23320,205187,0,1500800,10919041,-12419841,0,0,1500800,120692220,1662942,123855962,0,0,109773179,14082783,123855962
2021-02-05,609,609,602,607,194295,0.0,0,0,16010,-16010,0,0,0,190409,3886,194295,0,0,174399,19896,194295,0,0,9708611,-9708611,0,0,0,115018698,2351814,117370512,0,0,105310087,12060425,117370512
2021-02-08,607,607,601,602,248747,-0.8237232289950577,0,0,-5303,5303,0,0,0,231166,17581,248747,0,0,236469,12278,248747,0,0,-3193291,3193291,0,0,0,139219905,10592706,149812611,0,0,142413196,7399415,149812611
2021-02-09,601,604,599,603,251606,0.16611295681063123,0,0,19519,-19519,0,0,0,247867,3739,251606,0,0,228348,23258,251606,0,0,11712929,-11712929,0,0,0,148869967,2245452,151115419,0,0,137157038,13958381,151115419
2021-02-10,603,604,599,601,274320,-0.33167495854063017,0,17300,-13792,-3508,0,0,17300,255247,1773,274320,0,0,269039,5281,274320,0,10389800,-8283234,-2106566,0,0,10389800,153252219,1064621,164706640,0,0,161535453,3171187,164706640
2021-02-15,602,606,594,604,386516,0.49916805324459235,0,2400,-43147,40747,0,0,2400,329557,54559,386516,0,0,372704,13812,386516,0,1428800,-26008088,24579288,0,0,1428800,197652744,32844428,231925972,0,0,223660832,8265140,231925972
2021-02-16,604,628,600,611,1055879,1.1589403973509933,0,-1550,-165089,166639,0,0,0,837862,218017,1055879,0,1550,1002951,51378,1055879,0,-931550,-101063568,101995118,0,0,0,511498985,133604585,645103570,0,931550,612562553,31609467,645103570
2021-02-17,613,613,602,613,466652,0.32733224222585927,0,30000,-44110,14110,0,0,30000,392366,44286,466652,0,0,436476,30176,466652,0,18210000,-26765829,8555829,0,0,18210000,238885650,26953344,284048994,0,0,265651479,18397515,284048994
2021-02-18,614,638,613,623,2982093,1.631321370309951,0,0,-201542,201542,0,0,0,2691279,290814,2982093,0,0,2892821,89272,2982093,0,0,-126338131,126338131,0,0,0,1690713005,181918060,1872631065,0,0,1817051136,55579929,1872631065
2021-02-19,624,632,605,608,848253,-2.4077046548956664,0,167,285771,-285938,0,0,167,812172,35914,848253,0,0,526401,321852,848253,0,101035,175180523,-175281558,0,0,101035,496532243,22005358,518638636,0,0,321351720,197286916,518638636
2021-02-22,608,621,607,615,636752,1.151315789473684,0,7200,-7929,729,0,0,7200,553465,76087,636752,0,0,561394,75358,636752,0,4395600,-4950386,554786,0,0,4395600,340798107,46926200,392119907,0,0,345748493,46371414,392119907
2021-02-23,612,656,605,634,4023893,3.089430894308943,0,-2363,251347,-248984,0,0,0,3829415,194478,4023893,0,2363,3578068,443462,4023893,0,-1521276,160505509,-158984233,0,0,0,2428653811,123104057,2551757868,0,1521276,2268148302,282088290,2551757868
2021-02-24,634,646,619,623,2374701,-1.7350157728706623,0,-5938,-2686,8624,0,0,0,2190325,184376,2374701,0,5938,2193011,175752,2374701,0,-3769391,-2322258,6091649,0,0,0,1389300511,117213286,1506513797,0,3769391,1391622769,111121637,1506513797
2021-02-25,625,630,619,623,734897,0.0,0,0,-21217,21217,0,0,0,697840,37057,734897,0,0,719057,15840,734897,0,0,-13211960,13211960,0,0,0,434967572,23103672,458071244,0,0,448179532,9891712,458071244
2021-02-26,622,624,605,610,628789,-2.086677367576244,0,900,-5978,5078,0,0,900,571314,56575,628789,0,0,577292,51497,628789,0,544500,-3620006,3075506,0,0,544500,348544787,34524637,383613924,0,0,352164793,31449131,383613924
2021-03-02,611,633,611,624,760826,2.2950819672131146,0,0,-614,614,0,0,0,739647,21179,760826,0,0,740261,20565,760826,0,0,-398972,398972,0,0,0,458708053,13109720,471817773,0,0,459107025,12710748,471817773
2021-03-03,626,628,618,624,451741,0.0,0,0,-73351,73351,0,0,0,355660,96081,451741,0,0,429011,22730,451741,0,0,-45646861,45646861,0,0,0,221339241,59809432,281148673,0,0,266986102,14162571,281148673
2021-03-04,624,646,621,626,1395886,0.3205128205128205,0,0,-24499,24499,0,0,0,1288469,107417,1395886,0,0,1312968,82918,1395886,0,0,-14947509,14947509,0,0,0,814201513,67360722,881562235,0,0,829149022,52413213,881562235
2021-03-05,626,635,619,629,487190,0.4792332268370607,0,0,44131,-44131,0,0,0,473282,13908,487190,0,0,429151,58039,487190,0,0,27768471,-27768471,0,0,0,296056164,8663171,304719335,0,0,268287693,36431642,304719335
2021-03-08,631,640,625,629,720186,0.0,0,0,-35902,35902,0,0,10000,648459,61727,720186,0,10000,684361,25825,720186,0,-110000,-22837079,22947079,0,0,6280000,410778560,39253391,456311951,0,6390000,433615639,16306312,456311951
2021-03-09,629,630,611,618,510003,-1.7488076311605723,0,0,26614,-26614,0,0,0,463911,46092,510003,0,0,437297,72706,510003,0,0,16589452,-16589452,0,0,0,286441675,28407562,314849237,0,0,269852223,44997014,314849237
2021-03-10,616,621,606,609,568291,-1.4563106796116505,0,3200,1156,-4356,0,0,3200,544961,20130,568291,0,0,543805,24486,568291,0,1946400,753341,-2699741,0,0,1946400,333500247,12360618,347807265,0,0,332746906,15060359,347807265
2021-03-11,610,614,606,610,390633,0.16420361247947454,0,0,-22778,22778,0,0,0,353594,37039,390633,0,0,376372,14261,390633,0,0,-13862481,13862481,0,0,0,215273293,22558088,237831381,0,0,229135774,8695607,237831381
2021-03-12,612,619,609,617,361569,1.1475409836065573,0,0,-67601,67601,0,0,0,277724,83845,361569,0,0,345325,16244,361569,0,0,-41488215,41488215,0,0,0,170521783,51478463,222000246,0,0,212009998,9990248,222000246
2021-03-15,618,620,613,617,352612,0.0,0,0,-42548,42548,0,0,0,301877,50735,352612,0,0,344425,8187,352612,0,0,-26232966,26232966,0,0,0,186217142,31281301,217498443,0,0,212450108,5048335,217498443
2021-03-16,618,627,618,624,587804,1.1345218800648298,0,0,-207601,207601,0,0,0,376808,210996,587804,0,0,584409,3395,587804,0,0,-129654584,129654584,0,0,0,235139026,131766983,366906009,0,0,364793610,2112399,366906009
2021-03-17,628,631,621,631,641125,1.1217948717948718,0,0,-152532,152532,0,0,0,474043,167082,641125,0,0,626575,14550,641125,0,0,-95861552,95861552,0,0,0,297776589,105009056,402785645,0,0,393638141,9147504,402785645
2021-03-18,632,635,627,631,486301,0.0,0,0,-154048,154048,0,0,0,326670,159631,486301,0,0,480718,5583,486301,0,0,-97337587,97337587,0,0,0,206187288,100862385,307049673,0,0,303524875,3524798,307049673
2021-03-19,628,629,622,627,350284,-0.6339144215530903,0,0,-46955,46955,0,0,0,281083,69201,350284,0,0,328038,22246,350284,0,0,-29370831,29370831,0,0,0,175688935,43280199,218969134,0,0,205059766,13909368,218969134
2021-03-22,623,627,613,617,477337,-1.5948963317384368,0,0,14803,-14803,0,0,0,434185,43152,477337,0,0,419382,57955,477337,0,0,9143350,-9143350,0,0,0,268364985,26653562,295018547,0,0,259221635,35796912,295018547
2021-03-23,617,620,600,605,701109,-1.9448946515397085,0,0,133514,-133514,0,0,0,678999,22110,701109,0,0,545485,155624,701109,0,0,81284785,-81284785,0,0,0,412354230,13522688,425876918,0,0,331069445,94807473,425876918
2021-03-24,604,605,593,603,912467,-0.3305785123966942,0,1400,174322,-175722,0,0,1400,901813,9254,912467,0,0,727491,184976,912467,0,832300,104274570,-105106870,0,0,832300,538698888,5565522,545096710,0,0,434424318,110672392,545096710
2021-03-25,601,603,591,601,384774,-0.33167495854063017,0,2400,25377,-27777,0,0,2400,379691,2683,384774,0,0,354314,30460,384774,0,1420800,15230091,-16650891,0,0,1420800,227106959,1605735,230133494,0,0,211876868,18256626,230133494
2021-03-26,603,603,596,603,366902,0.33277870216306155,0,800,21911,-22711,0,0,800,362812,3290,366902,0,0,340901,26001,366902,0,480000,13117410,-13597410,0,0,480000,217375090,1968824,219823914,0,0,204257680,15566234,219823914
2021-03-29,604,604,588,594,549136,-1.4925373134328357,0,7400,10123,-17523,0,0,7400,539827,1909,549136,0,0,529704,19432,549136,0,4381000,6082454,-10463454,0,0,4381000,320962788,1133415,326477203,0,0,314880334,11596869,326477203
2021-03-30,594,598,590,596,182064,0.33670033670033667,0,0,-6964,6964,0,0,0,169670,12394,182064,0,0,176634,5430,182064,0,0,-4124886,4124886,0,0,0,100823517,7358334,108181851,0,0,104948403,3233448,108181851
2021-03-31,597,601,592,596,334524,0.0,0,0,-5176,5176,0,0,0,318576,15948,334524,0,0,323752,10772,334524,0,0,-3099704,3099704,0,0,0,189672089,9515181,199187270,0,0,192771793,6415477,199187270
2021-04-01,598,599,590,596,764493,0.0,0,0,-84963,84963,0,0,0,654488,110005,764493,0,0,739451,25042,764493,0,0,-50143322,50143322,0,0,0,387813575,65017181,452830756,0,0,437956897,14873859,452830756
2021-04-02,598,598,585,593,578151,-0.5033557046979865,0,0,-803,803,0,0,0,560902,17249,578151,0,0,561705,16446,578151,0,0,-501305,501305,0,0,0,330931987,10192410,341124397,0,0,331433292,9691105,341124397
2021-04-05,593,593,560,574,913450,-3.204047217537943,0,0,-24239,24239,0,0,0,862269,51181,913450,0,0,886508,26942,913450,0,0,-14012926,14012926,0,0,0,498362054,29660215,528022269,0,0,512374980,15647289,528022269
2021-04-06,579,580,569,569,462506,-0.8710801393728222,0,0,31704,-31704,0,0,0,462501,5,462506,0,0,430797,31709,462506,0,0,18120432,-18120432,0,0,0,264559486,2850,264562336,0,0,246439054,18123282,264562336
2021-04-07,569,576,568,575,546222,1.054481546572935,0,0,-86557,86557,0,0,0,450168,96054,546222,0,0,536725,9497,546222,0,0,-49592414,49592414,0,0,0,257407687,55026869,312434556,0,0,307000101,5434455,312434556
2021-04-08,582,582,571,580,312464,0.8695652173913043,0,0,-12779,12779,0,0,0,283990,28474,312464,0,0,296769,15695,312464,0,0,-7361348,7361348,0,0,0,163751469,16448083,180199552,0,0,171112817,9086735,180199552
2021-04-09,580,583,575,580,362575,0.0,0,0,-23838,23838,0,0,0,332248,30327,362575,0,0,356086,6489,362575,0,0,-13795943,13795943,0,0,0,192130437,17545631,209676068,0,0,205926380,3749688,209676068
2021-04-12,581,582,577,582,266028,0.3448275862068966,0,0,-14634,14634,0,0,0,224489,41539,266028,0,0,239123,26905,266028,0,0,-8501741,8501741,0,0,0,130231307,24100803,154332110,0,0,138733048,15599062,154332110
2021-04-13,582,589,580,586,495882,0.6872852233676976,0,0,-65999,65999,0,0,0,422900,72982,495882,0,0,488899,6983,495882,0,0,-38517322,38517322,0,0,0,247056778,42603687,289660465,0,0,285574100,4086365,289660465
2021-04-14,586,592,581,588,467429,0.3412969283276451,0,0,-50077,50077,0,0,0,409381,58048,467429,0,0,459458,7971,467429,0,0,-29400191,29400191,0,0,0,239734517,34074841,273809358,0,0,269134708,4674650,273809358
2021-04-15,588,592,584,587,234933,-0.17006802721088435,0,1800,29681,-31481,0,0,1800,225112,8021,234933,0,0,195431,39502,234933,0,1052100,17464386,-18516486,0,0,1052100,132046480,4698788,137797368,0,0,114582094,23215274,137797368
2021-04-16,587,637,584,612,8324988,4.258943781942079,0,-15618,57492,-41874,0,0,16456,7998131,310401,8324988,0,32074,7940639,352275,8324988,0,-10106317,35509248,-25402931,0,0,10089843,4929451295,191212696,5130753834,0,20196160,4893942047,216615627,5130753834
2021-04-19,606,610,590,598,1667334,-2.287581699346405,0,0,-111200,111200,0,0,0,1495279,172055,1667334,0,0,1606479,60855,1667334,0,0,-66159088,66159088,0,0,0,896754164,102603224,999357388,0,0,962913252,36444136,999357388
2021-04-20,629,634,612,620,3034951,3.678929765886288,0,-2003,43440,-41437,0,0,1600,2933159,100192,3034951,0,3603,2889719,141629,3034951,0,-1267684,27814716,-26547032,0,0,992000,1826922431,62294633,1890209064,0,2259684,1799107715,88841665,1890209064
2021-04-21,614,627,610,614,1305778,-0.967741935483871,0,0,-22222,22222,0,0,0,1258465,47313,1305778,0,0,1280687,25091,1305778,0,0,-13685240,13685240,0,0,0,777629007,29241153,806870160,0,0,791314247,15555913,806870160
2021-04-22,615,629,611,613,1374449,-0.16286644951140067,0,1,24647,-24648,0,0,1,1214414,160034,1374449,0,0,1189767,184682,1374449,0,614,14531760,-14532374,0,0,614,749201317,99072588,848274519,0,0,734669557,113604962,848274519
2021-04-23,612,620,610,613,530700,0.0,0,-1,-62253,62254,0,0,0,451252,79448,530700,0,1,513505,17194,530700,0,-613,-38102441,38103054,0,0,0,276537486,48668463,325205949,0,613,314639927,10565409,325205949
2021-04-26,614,622,611,617,539978,0.6525285481239804,0,0,-59641,59641,0,0,0,473498,66480,539978,0,0,533139,6839,539978,0,0,-36676401,36676401,0,0,0,291108531,40886989,331995520,0,0,327784932,4210588,331995520
2021-04-27,618,621,610,614,592128,-0.48622366288492713,0,0,20720,-20720,0,0,0,572841,19287,592128,0,0,552121,40007,592128,0,0,12707212,-12707212,0,0,0,351865436,11851225,363716661,0,0,339158224,24558437,363716661
2021-04-28,616,621,611,611,964062,-0.4885993485342019,0,0,60569,-60569,0,0,0,931478,32584,964062,0,0,870909,93153,964062,0,0,37223596,-37223596,0,0,0,572587899,20049483,592637382,0,0,535364303,57273079,592637382
2021-04-29,611,616,603,610,627736,-0.16366612111292964,0,0,35640,-35640,0,0,0,577795,49941,627736,0,0,542155,85581,627736,0,0,21677885,-21677885,0,0,0,351536306,30334605,381870911,0,0,329858421,52012490,381870911
2021-04-30,610,610,598,600,542200,-1.639344262295082,0,0,19134,-19134,0,0,0,514269,27931,542200,0,0,495135,47065,542200,0,0,11684246,-11684246,0,0,0,309814057,16796667,326610724,0,0,298129811,28480913,326610724
2021-05-03,600,605,592,594,408789,-1.0,0,0,22593,-22593,0,0,0,385363,23426,408789,0,0,362770,46019,408789,0,0,13507009,-13507009,0,0,0,229498010,13990060,243488070,0,0,215991001,27497069,243488070
2021-05-04,594,599,583,599,577442,0.8417508417508417,0,0,37760,-37760,0,0,0,559317,18125,577442,0,0,521557,55885,577442,0,0,22295806,-22295806,0,0,0,329486947,10633946,340120893,0,0,307191141,32929752,340120893
2021-05-06,602,604,597,604,395466,0.8347245409015025,0,0,-67478,67478,0,0,0,323156,72310,395466,0,0,390634,4832,395466,0,0,-40677430,40677430,0,0,0,194422928,43580004,238002932,0,0,235100358,2902574,238002932
2021-05-07,604,609,602,605,272316,0.16556291390728478,0,0,-54655,54655,0,0,0,215776,56540,272316,0,0,270431,1885,272316,0,0,-33118869,33118869,0,0,0,130531278,34261822,164793100,0,0,163650147,1142953,164793100
2021-05-10,607,608,600,605,277265,0.0,0,0,-38598,38598,0,0,0,213007,64258,277265,0,0,251605,25660,277265,0,0,-23431708,23431708,0,0,0,128819509,38950564,167770073,0,0,152251217,15518856,167770073
2021-05-11,602,608,596,602,253044,-0.49586776859504134,0,0,36428,-36428,0,0,0,246196,6848,253044,0,0,209768,43276,253044,0,0,21819718,-21819718,0,0,0,147642669,4104492,151747161,0,0,125822951,25924210,151747161
2021-05-12,603,603,592,594,304459,-1.3289036544850499,0,0,99386,-99386,0,0,0,295665,8794,304459,0,0,196279,108180,304459,0,0,59356219,-59356219,0,0,0,176278879,5225223,181504102,0,0,116922660,64581442,181504102
2021-05-13,590,591,583,586,207200,-1.3468013468013467,0,0,23768,-23768,0,0,0,201948,5252,207200,0,0,178180,29020,207200,0,0,13973404,-13973404,0,0,0,118607438,3084170,121691608,0,0,104634034,17057574,121691608
2021-05-14,586,589,581,585,260723,-0.17064846416382254,0,0,24630,-24630,0,0,0,242130,18593,260723,0,0,217500,43223,260723,0,0,14452100,-14452100,0,0,0,141729915,10881903,152611818,0,0,127277815,25334003,152611818
2021-05-17,588,588,575,579,458808,-1.0256410256410255,0,-1600,29420,-27820,0,0,0,451820,6988,458808,0,1600,422400,34808,458808,0,-921600,17089328,-16167728,0,0,0,262037577,4062700,266100277,0,921600,244948249,20230428,266100277
2021-05-18,579,581,578,581,115111,0.3454231433506045,0,-15,26859,-26844,0,0,0,115111,0,115111,0,15,88252,26844,115111,0,-8700,15568342,-15559642,0,0,0,66724286,0,66724286,0,8700,51155944,15559642,66724286
2021-05-20,581,599,575,581,381902,0.0,0,0,22531,-22531,0,0,0,367372,14530,381902,0,0,344841,37061,381902,0,0,13181592,-13181592,0,0,0,213789837,8476197,222266034,0,0,200608245,21657789,222266034
2021-05-21,582,584,575,576,290988,-0.8605851979345954,0,0,-10869,10869,0,0,0,257813,33175,290988,0,0,268682,22306,290988,0,0,-6211086,6211086,0,0,0,149351728,19177175,168528903,0,0,155562814,12966089,168528903
2021-05-24,576,578,566,569,445799,-1.215277777777778,0,0,38665,-38665,0,0,0,441238,4561,445799,0,0,402573,43226,445799,0,0,22123374,-22123374,0,0,0,252001902,2609477,254611379,0,0,229878528,24732851,254611379
2021-05-25,570,573,564,571,180410,0.35149384885764495,0,0,18254,-18254,0,0,0,180210,200,180410,0,0,161956,18454,180410,0,0,10416970,-10416970,0,0,0,102499338,113800,102613138,0,0,92082368,10530770,102613138
2021-05-26,571,577,565,577,494986,1.0507880910683012,0,0,235,-235,0,0,0,490181,4805,494986,0,0,489946,5040,494986,0,0,142886,-142886,0,0,0,279724502,2727155,282451657,0,0,279581616,2870041,282451657
2021-05-27,577,582,574,578,205442,0.17331022530329288,0,0,3441,-3441,0,0,0,202586,2856,205442,0,0,199145,6297,205442,0,0,1999592,-1999592,0,0,0,117041065,1642200,118683265,0,0,115041473,3641792,118683265
2021-05-28,578,588,578,583,501362,0.8650519031141869,0,0,-9872,9872,0,0,0,471821,29541,501362,0,0,481693,19669,501362,0,0,-5780114,5780114,0,0,0,274668898,17256345,291925243,0,0,280449012,11476231,291925243
2021-05-31,583,591,581,589,1441084,1.0291595197255576,0,0,-1634,1634,0,0,0,1434884,6200,1441084,0,0,1436518,4566,1441084,0,0,-961064,961064,0,0,0,900824039,3640427,904464466,0,0,901785103,2679363,904464466
2021-06-01,654,765,646,714,70964949,21.222410865874362,0,1146,339573,-340719,0,2349,100175,69640935,1221490,70964949,2349,99029,69301362,1562209,70964949,2191,8188218,240402936,-248593345,0,1796985,73796997,50940957748,887764741,51904316471,1794794,65608779,50700554812,1136358086,51904316471
2021-06-02,689,694,647,655,11330199,-8.26330532212885,0,2550,46005,-48555,0,0,2550,10999429,328220,11330199,0,0,10953424,376775,11330199,0,1683409,28370156,-30053565,0,0,1683409,7259437248,219285173,7480405830,0,0,7231067092,249338738,7480405830
2021-06-03,655,673,638,652,7927054,-0.45801526717557256,0,77046,-56903,-20143,0,0,77046,7666066,183942,7927054,0,0,7722969,204085,7927054,0,50765195,-35328308,-15436887,0,0,50765195,5047985440,118922401,5217673036,0,0,5083313748,134359288,5217673036
2021-06-04,649,661,640,653,3442136,0.15337423312883436,0,0,-28947,28947,0,0,0,3300981,141155,3442136,0,0,3329928,112208,3442136,0,0,-18335058,18335058,0,0,0,2147706158,91607360,2239313518,0,0,2166041216,73272302,2239313518
2021-06-07,652,655,644,654,2378939,0.1531393568147014,0,0,-11795,11795,0,0,0,2259671,119268,2378939,0,0,2271466,107473,2378939,0,0,-7768313,7768313,0,0,0,1467564182,77572006,1545136188,0,0,1475332495,69803693,1545136188
2021-06-08,654,655,626,626,2053416,-4.281345565749235,0,16900,-15624,-1276,0,0,16900,1941734,94782,2053416,0,0,1957358,96058,2053416,0,10866700,-9467181,-1399519,0,0,10866700,1231111060,60307629,1302285389,0,0,1240578241,61707148,1302285389
2021-06-09,625,635,619,627,837611,0.1597444089456869,0,2000,-171219,169219,0,0,2000,645357,190254,837611,0,0,816576,21035,837611,0,1262000,-107580265,106318265,0,0,1262000,405362097,119491430,526115527,0,0,512942362,13173165,526115527
2021-06-10,627,640,625,630,1008754,0.4784688995215311,0,-2013,-111971,113984,0,0,0,844511,164243,1008754,0,2013,956482,50259,1008754,0,-1274203,-70344284,71618487,0,0,0,533187125,103529700,636716825,0,1274203,603531409,31911213,636716825
2021-06-11,630,631,610,621,887153,-1.4285714285714286,0,0,-66383,66383,0,0,0,797182,89971,887153,0,0,863565,23588,887153,0,0,-41179524,41179524,0,0,0,494937540,55867910,550805450,0,0,536117064,14688386,550805450
2021-06-14,626,636,623,629,883493,1.288244766505636,0,1500,-69227,67727,0,0,1500,789974,92019,883493,0,0,859201,24292,883493,0,940500,-43725658,42785158,0,0,940500,498044716,58098572,557083788,0,0,541770374,15313414,557083788
2021-06-15,629,641,625,638,932178,1.4308426073131957,0,1099,67798,-68897,0,0,1099,903244,27835,932178,0,0,835446,96732,932178,0,697106,43130440,-43827546,0,0,697106,571466647,17575939,589739692,0,0,528336207,61403485,589739692
2021-06-16,638,649,630,645,2424617,1.09717868338558,0,0,-171880,171880,0,0,0,2186441,238176,2424617,0,0,2358321,66296,2424617,0,0,-110113490,110113490,0,0,0,1400969387,152587105,1553556492,0,0,1511082877,42473615,1553556492
2021-06-17,653,676,646,652,5486421,1.0852713178294573,0,-4206,391141,-386935,0,0,15,5262032,224374,5486421,0,4221,4870891,611309,5486421,0,-2788288,259630350,-256842062,0,0,9885,3476480744,147621023,3624111652,0,2798173,3216850394,404463085,3624111652
2021-06-18,652,653,640,646,1678895,-0.9202453987730062,0,0,-111812,111812,0,0,0,1515756,163139,1678895,0,0,1627568,51327,1678895,0,0,-71852973,71852973,0,0,0,975884807,105117476,1081002283,0,0,1047737780,33264503,1081002283
2021-06-21,640,646,632,636,756337,-1.5479876160990713,0,34062,-128694,94632,0,0,34062,599817,122458,756337,0,0,728511,27826,756337,0,21666432,-81851927,60185495,0,0,21666432,382484911,77995327,482146670,0,0,464336838,17809832,482146670
2021-06-22,636,651,636,644,974413,1.257861635220126,0,0,-202978,202978,0,0,0,768653,205760,974413,0,0,971631,2782,974413,0,0,-130266338,130266338,0,0,0,494740395,132053674,626794069,0,0,625006733,1787336,626794069
2021-06-23,644,644,632,633,800691,-1.7080745341614907,0,10000,11099,-21099,0,0,10000,745065,45626,800691,0,0,733966,66725,800691,0,6350000,7033603,-13383603,0,0,6350000,474597727,29160238,510107965,0,0,467564124,42543841,510107965
2021-06-24,628,637,621,633,981645,0.0,0,0,-27678,27678,0,0,0,872014,109631,981645,0,0,899692,81953,981645,0,0,-17447863,17447863,0,0,0,548149485,68965457,617114942,0,0,565597348,51517594,617114942
2021-06-25,631,637,629,630,432651,-0.47393364928909953,0,5871,-67604,61733,0,0,5871,347571,79209,432651,0,0,415175,17476,432651,0,3709223,-42658425,38949202,0,0,3709223,219671482,49988864,273369569,0,0,262329907,11039662,273369569
2021-06-28,630,636,622,628,724176,-0.31746031746031744,0,0,-88218,88218,0,0,0,630352,93824,724176,0,0,718570,5606,724176,0,0,-55488073,55488073,0,0,0,396172313,59020457,455192770,0,0,451660386,3532384,455192770
2021-06-29,626,641,621,637,792264,1.4331210191082804,0,0,-99386,99386,0,0,0,662679,129585,792264,0,0,762065,30199,792264,0,0,-62288513,62288513,0,0,0,417818743,81227178,499045921,0,0,480107256,18938665,499045921
2021-06-30,637,679,635,650,2474621,2.0408163265306123,0,0,-24002,24002,0,0,0,2310973,163648,2474621,0,0,2334975,139646,2474621,0,0,-14362334,14362334,0,0,0,1497904264,105467979,1603372243,0,0,1512266598,91105645,1603372243
2021-07-01,649,649,639,647,762522,-0.46153846153846156,0,0,-1174,1174,0,0,0,735931,26591,762522,0,0,737105,25417,762522,0,0,-759545,759545,0,0,0,473261829,17115262,490377091,0,0,474021374,16355717,490377091
2021-07-02,647,650,641,649,727978,0.3091190108191654,0,30,-92122,92092,0,0,30,630605,97343,727978,0,0,722727,5251,727978,0,19365,-59620007,59600642,0,0,19365,408100358,62994478,471114201,0,0,467720365,3393836,471114201
2021-07-05,649,656,645,653,793848,0.6163328197226503,0,0,-143329,143329,0,0,0,637145,156703,793848,0,0,780474,13374,793848,0,0,-93366853,93366853,0,0,0,414823611,102067387,516890998,0,0,508190464,8700534,516890998
2021-07-06,651,658,650,656,705439,0.45941807044410415,0,0,-104673,104673,0,0,0,591752,113687,705439,0,0,696425,9014,705439,0,0,-68552374,68552374,0,0,0,387437791,74443288,461881079,0,0,455990165,5890914,461881079
2021-07-07,654,654,647,648,621430,-1.2195121951219512,0,30,-5519,5489,0,0,30,576878,44522,621430,0,0,582397,39033,621430,0,19440,-3520957,3501517,0,0,19440,374677565,28921236,403618241,0,0,378198522,25419719,403618241
2021-07-08,647,648,630,635,996541,-2.006172839506173,0,0,128317,-128317,0,0,0,949016,47525,996541,0,0,820699,175842,996541,0,0,82365598,-82365598,0,0,0,606581106,30299959,636881065,0,0,524215508,112665557,636881065
2021-07-09,628,630,616,622,799146,-2.047244094488189,0,0,12335,-12335,0,0,0,739183,59963,799146,0,0,726848,72298,799146,0,0,7687288,-7687288,0,0,0,458891053,37262644,496153697,0,0,451203765,44949932,496153697
2021-07-12,621,633,620,630,370379,1.2861736334405145,0,0,-105323,105323,0,0,0,253095,117284,370379,0,0,358418,11961,370379,0,0,-65823680,65823680,0,0,0,158954916,73340901,232295817,0,0,224778596,7517221,232295817
2021-07-13,630,639,621,634,409935,0.6349206349206349,0,0,-59824,59824,0,0,0,336331,73604,409935,0,0,396155,13780,409935,0,0,-37881344,37881344,0,0,0,212841121,46585934,259427055,0,0,250722465,8704590,259427055
2021-07-14,631,638,629,635,275935,0.15772870662460567,0,5180,1493,-6673,0,0,5180,248462,22293,275935,0,0,246969,28966,275935,0,3274300,958977,-4233277,0,0,3274300,157251248,14093913,174619461,0,0,156292271,18327190,174619461
2021-07-15,635,639,633,637,300997,0.31496062992125984,0,0,-65290,65290,0,0,0,224786,76211,300997,0,0,290076,10921,300997,0,0,-41550590,41550590,0,0,0,143134638,48504879,191639517,0,0,184685228,6954289,191639517
2021-07-16,639,639,630,636,364959,-0.15698587127158556,0,0,-29843,29843,0,0,0,329805,35154,364959,0,0,359648,5311,364959,0,0,-18939946,18939946,0,0,0,209409452,22317750,231727202,0,0,228349398,3377804,231727202
2021-07-19,635,635,626,626,411755,-1.5723270440251573,0,0,-4855,4855,0,0,0,394955,16800,411755,0,0,399810,11945,411755,0,0,-3047736,3047736,0,0,0,248412260,10562462,258974722,0,0,251459996,7514726,258974722
2021-07-20,620,627,612,613,843685,-2.07667731629393,0,30000,3582,-33582,0,0,30000,766949,46736,843685,0,0,763367,80318,843685,0,18555000,2168662,-20723662,0,0,18555000,473447265,28932284,520934549,0,0,471278603,49655946,520934549
2021-07-21,615,621,612,613,320526,0.0,0,0,15507,-15507,0,0,0,305749,14777,320526,0,0,290242,30284,320526,0,0,9631346,-9631346,0,0,0,188255546,9081958,197337504,0,0,178624200,18713304,197337504
2021-07-22,617,619,602,607,503878,-0.9787928221859705,0,-240,-1425,1665,0,0,0,472262,31616,503878,0,240,473687,29951,503878,0,-145680,-722306,867986,0,0,0,287102751,19183898,306286649,0,145680,287825057,18315912,306286649
2021-07-23,608,611,602,605,566297,-0.3294892915980231,0,0,-3197,3197,0,0,0,513084,53213,566297,0,0,516281,50016,566297,0,0,-2002285,2002285,0,0,0,311149959,32301431,343451390,0,0,313152244,30299146,343451390
2021-07-26,605,607,601,603,267842,-0.3305785123966942,0,0,24147,-24147,0,0,0,263031,4811,267842,0,0,238884,28958,267842,0,0,14556320,-14556320,0,0,0,158649612,2900888,161550500,0,0,144093292,17457208,161550500
2021-07-27,602,606,599,603,444997,0.0,0,0,-15148,15148,0,0,0,397450,47547,444997,0,0,412598,32399,444997,0,0,-9070894,9070894,0,0,0,238984637,28574320,267558957,0,0,248055531,19503426,267558957
2021-07-28,603,604,591,599,492438,-0.6633499170812603,0,-151302,203097,-51795,0,0,0,487101,5337,492438,0,151302,284004,57132,492438,0,-90652425,121703329,-31050904,0,0,0,291213172,3174918,294388090,0,90652425,169509843,34225822,294388090
2021-07-29,597,601,591,598,253436,-0.1669449081803005,0,0,37379,-37379,0,0,22,251926,1488,253436,0,22,214547,38867,253436,0,22,22281116,-22281138,0,0,13178,149996481,883951,150893610,0,13156,127715365,23165089,150893610
2021-07-30,600,600,585,592,736741,-1.0033444816053512,0,0,77548,-77548,0,0,0,709686,27055,736741,0,0,632138,104603,736741,0,0,45889807,-45889807,0,0,0,417821996,15979331,433801327,0,0,371932189,61869138,433801327
2021-08-02,590,603,588,598,518455,1.0135135135135136,0,0,44622,-44622,0,0,0,482609,35846,518455,0,0,437987,80468,518455,0,0,26671691,-26671691,0,0,0,287154813,21356690,308511503,0,0,260483122,48028381,308511503
2021-08-03,600,600,592,597,304098,-0.16722408026755853,0,0,70738,-70738,0,0,0,284927,19171,304098,0,0,214189,89909,304098,0,0,42098744,-42098744,0,0,0,169514367,11433061,180947428,0,0,127415623,53531805,180947428
2021-08-04,596,605,593,605,260449,1.340033500837521,0,0,6096,-6096,0,0,0,251632,8817,260449,0,0,245536,14913,260449,0,0,3645185,-3645185,0,0,0,151413561,5282926,156696487,0,0,147768376,8928111,156696487
2021-08-05,605,613,603,609,336613,0.6611570247933884,0,30,-1483,1453,0,0,30,305372,31211,336613,0,0,306855,29758,336613,0,18279,-896403,878124,0,0,18279,185982847,18992738,204993864,0,0,186879250,18114614,204993864
2021-08-06,612,612,603,610,129554,0.16420361247947454,0,-1,5637,-5636,0,0,0,118593,10961,129554,0,1,112956,16597,129554,0,-607,3474481,-3473874,0,0,0,71917593,6626428,78544021,0,607,68443112,10100302,78544021
2021-08-09,612,612,603,608,129023,-0.32786885245901637,0,0,37161,-37161,0,0,0,120644,8379,129023,0,0,83483,45540,129023,0,0,22565594,-22565594,0,0,0,73151832,5062861,78214693,0,0,50586238,27628455,78214693
2021-08-10,609,609,592,601,460742,-1.151315789473684,0,1,36861,-36862,0,0,1,434864,25877,460742,0,0,398003,62739,460742,0,599,22373007,-22373606,0,0,599,260113061,15351060,275464720,0,0,237740054,37724666,275464720
2021-08-11,601,601,590,591,223733,-1.6638935108153077,0,0,39729,-39729,0,0,0,213698,10035,223733,0,0,173969,49764,223733,0,0,23653470,-23653470,0,0,0,126733214,5940105,132673319,0,0,103079744,29593575,132673319
2021-08-12,595,600,585,589,411766,-0.338409475465313,0,0,43442,-43442,0,0,0,382399,29367,411766,0,0,338957,72809,411766,0,0,25721640,-25721640,0,0,0,225653511,17271569,242925080,0,0,199931871,42993209,242925080
2021-08-13,589,590,565,573,1021993,-2.7164685908319184,0,0,125804,-125804,0,0,0,957536,64457,1021993,0,0,831732,190261,1021993,0,0,72479754,-72479754,0,0,0,548050011,36752705,584802716,0,0,475570257,109232459,584802716
2021-08-17,570,575,547,548,879894,-4.363001745200698,0,2,181272,-181274,0,0,2,834349,45543,879894,0,0,653077,226817,879894,0,1126,101798707,-101799833,0,0,1126,464742830,25409596,490153552,0,0,362944123,127209429,490153552
2021-08-18,545,554,527,550,670512,0.36496350364963503,0,-32,-71946,71978,0,0,0,553005,117507,670512,0,32,624951,45529,670512,0,-17452,-38866200,38883652,0,0,0,297832392,63477257,361309649,0,17452,336698592,24593605,361309649
2021-08-19,550,555,525,534,367331,-2.909090909090909,0,0,85597,-85597,0,0,0,318999,48332,367331,0,0,233402,133929,367331,0,0,46347214,-46347214,0,0,0,171139419,25983006,197122425,0,0,124792205,72330220,197122425
2021-08-20,531,542,504,520,665471,-2.6217228464419478,0,27582,-46115,18533,0,0,27582,504380,133509,665471,0,0,550495,114976,665471,0,14049156,-22980362,8931206,0,0,14049156,260782538,68918052,343749746,0,0,283762900,59986846,343749746
2021-08-23,521,552,508,544,546876,4.615384615384616,0,0,-68431,68431,0,0,0,397848,149028,546876,0,0,466279,80597,546876,0,0,-36762713,36762713,0,0,0,214127162,80178540,294305702,0,0,250889875,43415827,294305702
2021-08-24,550,558,548,550,257860,1.1029411764705883,0,0,-30632,30632,0,0,0,184652,73208,257860,0,0,215284,42576,257860,0,0,-17017756,17017756,0,0,0,102064214,40520477,142584691,0,0,119081970,23502721,142584691
2021-08-25,553,557,545,552,134694,0.36363636363636365,0,0,-15838,15838,0,0,0,100283,34411,134694,0,0,116121,18573,134694,0,0,-8795928,8795928,0,0,0,55399739,19003099,74402838,0,0,64195667,10207171,74402838
2021-08-26,550,568,546,553,374775,0.18115942028985507,0,0,-19869,19869,0,0,0,333684,41091,374775,0,0,353553,21222,374775,0,0,-11028264,11028264,0,0,0,186488857,22888491,209377348,0,0,197517121,11860227,209377348
2021-08-27,556,556,521,553,189317,0.0,0,0,-8533,8533,0,0,0,167243,22074,189317,0,0,175776,13541,189317,0,0,-4531521,4531521,0,0,0,91101976,11948534,103050510,0,0,95633497,7417013,103050510
2021-08-30,549,560,547,556,211880,0.5424954792043399,0,0,11335,-11335,0,0,0,204830,7050,211880,0,0,193495,18385,211880,0,0,6295031,-6295031,0,0,0,113106280,3878359,116984639,0,0,106811249,10173390,116984639
2021-08-31,557,561,549,556,178710,0.0,0,0,20450,-20450,0,0,0,164171,14539,178710,0,0,143721,34989,178710,0,0,11317607,-11317607,0,0,0,91148350,8040740,99189090,0,0,79830743,19358347,99189090
2021-09-01,552,559,550,555,182367,-0.1798561151079137,0,96,-16651,16555,0,0,96,154145,28126,182367,0,0,170796,11571,182367,0,53325,-9225179,9171854,0,0,53325,85347941,15571486,100972752,0,0,94573120,6399632,100972752
2021-09-02,558,570,555,565,334529,1.8018018018018018,0,0,-1900,1900,0,0,0,304218,30311,334529,0,0,306118,28411,334529,0,0,-1057256,1057256,0,0,0,171462272,17073404,188535676,0,0,172519528,16016148,188535676
2021-09-03,563,569,559,564,151535,-0.17699115044247787,0,2324,32557,-34881,0,0,2325,142862,6348,151535,0,1,110305,41229,151535,0,1304875,18363910,-19668785,0,0,1305438,80456852,3560237,85322527,0,563,62092942,23229022,85322527
2021-09-06,567,571,553,557,174821,-1.2411347517730498,0,0,19683,-19683,0,0,0,165128,9693,174821,0,0,145445,29376,174821,0,0,10993039,-10993039,0,0,0,91800312,5403815,97204127,0,0,80807273,16396854,97204127
2021-09-07,559,571,555,557,161278,0.0,0,1,18496,-18497,0,0,1,146686,14591,161278,0,0,128190,33088,161278,0,557,10464870,-10465427,0,0,557,82085463,8138072,90224092,0,0,71620593,18603499,90224092
2021-09-08,562,568,549,557,318564,0.0,0,0,78635,-78635,0,0,0,313499,5065,318564,0,0,234864,83700,318564,0,0,43672149,-43672149,0,0,0,174001759,2791420,176793179,0,0,130329610,46463569,176793179
2021-09-09,556,558,536,536,405136,-3.7701974865350087,0,0,-2398,2398,0,0,0,360186,44950,405136,0,0,362584,42552,405136,0,0,-1419494,1419494,0,0,0,195456072,24599540,220055612,0,0,196875566,23180046,220055612
2021-09-10,538,558,536,545,268609,1.6791044776119404,0,5,32374,-32379,0,0,5,244886,23718,268609,0,0,212512,56097,268609,0,2705,17644779,-17647484,0,0,2705,133072253,12866066,145941024,0,0,115427474,30513550,145941024
2021-09-13,545,553,538,546,282330,0.1834862385321101,0,-4,43266,-43262,0,0,0,275688,6642,282330,0,4,232422,49904,282330,0,-2173,23471074,-23468901,0,0,0,150191902,3622633,153814535,0,2173,126720828,27091534,153814535
2021-09-14,541,551,540,543,211891,-0.5494505494505495,0,0,-8660,8660,0,0,0,192774,19117,211891,0,0,201434,10457,211891,0,0,-4688198,4688198,0,0,0,104728292,10403228,115131520,0,0,109416490,5715030,115131520
2021-09-15,545,546,538,540,137172,-0.5524861878453038,0,100,14875,-14975,0,0,100,127128,9944,137172,0,0,112253,24919,137172,0,54100,8066751,-8120851,0,0,54100,68645755,5373239,74073094,0,0,60579004,13494090,74073094
2021-09-16,539,539,524,524,355868,-2.9629629629629632,0,-48,105182,-105134,0,0,0,351838,4030,355868,0,48,246656,109164,355868,0,-25451,55853812,-55828361,0,0,0,186272846,2156328,188429174,0,25451,130419034,57984689,188429174
2021-09-17,521,525,516,522,257559,-0.38167938931297707,0,-8,18617,-18609,0,0,1,239498,18060,257559,0,9,220881,36669,257559,0,-4142,9675964,-9671822,0,0,520,124154965,9367940,133523425,0,4662,114479001,19039762,133523425
2021-09-23,520,521,500,501,645508,-4.022988505747127,0,-1,-729,730,0,0,0,624453,21055,645508,0,1,625182,20325,645508,0,-505,-424553,425058,0,0,0,315188811,10806211,325995022,0,505,315613364,10381153,325995022
2021-09-24,500,535,499,502,1017618,0.19960079840319359,0,-96,-19097,19193,0,0,3,870884,146731,1017618,0,99,889981,127538,1017618,0,-48386,-9215404,9263790,0,0,1510,446296246,75120728,521418484,0,49896,455511650,65856938,521418484
2021-09-27,505,508,500,508,154833,1.1952191235059761,0,-1,-32080,32081,0,0,1,118502,36330,154833,0,2,150582,4249,154833,0,-505,-16183587,16184092,0,0,506,59863155,18319731,78183392,0,1011,76046742,2135639,78183392
2021-09-28,508,511,497,500,497136,-1.574803149606299,0,0,19793,-19793,0,0,0,464096,33040,497136,0,0,444303,52833,497136,0,0,9855228,-9855228,0,0,0,231835492,16590000,248425492,0,0,221980264,26445228,248425492
2021-09-29,492,495,480,491,608130,-1.7999999999999998,0,0,44803,-44803,0,0,0,580965,27165,608130,0,0,536162,71968,608130,0,0,21930671,-21930671,0,0,0,283121477,13276797,296398274,0,0,261190806,35207468,296398274
2021-09-30,486,496,484,496,449682,1.0183299389002036,0,2,-15741,15739,0,0,2,417223,32457,449682,0,0,432964,16718,449682,0,989,-7604618,7603629,0,0,989,204224100,15744368,219969457,0,0,211828718,8140739,219969457
2021-10-01,500,500,482,484,281231,-2.4193548387096775,0,0,47244,-47244,0,0,0,269354,11877,281231,0,0,222110,59121,281231,0,0,23012268,-23012268,0,0,0,131047570,5859197,136906767,0,0,108035302,28871465,136906767
2021-10-05,479,481,456,456,503875,-5.785123966942149,0,-45,98228,-98183,0,0,0,460200,43675,503875,0,45,361972,141858,503875,0,-20918,46237954,-46217036,0,0,0,213687708,20187351,233875059,0,20918,167449754,66404387,233875059
2021-10-06,456,467,438,456,567829,0.0,0,-11532,20138,-8606,0,0,1,444576,123252,567829,0,11533,424438,131858,567829,0,-5171938,9208027,-4036089,0,0,446,200650691,56081107,256732244,0,5172384,191442664,60117196,256732244
2021-10-07,461,462,454,462,256430,1.3157894736842104,0,0,-46705,46705,0,0,0,197945,58485,256430,0,0,244650,11780,256430,0,0,-21405258,21405258,0,0,0,90727505,26783392,117510897,0,0,112132763,5378134,117510897
2021-10-08,461,467,459,463,219015,0.21645021645021645,0,0,13672,-13672,0,0,0,190324,28691,219015,0,0,176652,42363,219015,0,0,6304720,-6304720,0,0,0,87933037,13270215,101203252,0,0,81628317,19574935,101203252
2021-10-12,463,464,450,457,192412,-1.2958963282937366,0,0,44957,-44957,0,0,0,175059,17353,192412,0,0,130102,62310,192412,0,0,20359884,-20359884,0,0,0,79458650,7892447,87351097,0,0,59098766,28252331,87351097
2021-10-13,453,467,451,462,136325,1.0940919037199124,0,23,-26214,26191,0,0,23,95307,40995,136325,0,0,121521,14804,136325,0,10514,-12086353,12075839,0,0,10514,43979581,18938837,62928932,0,0,56065934,6862998,62928932
2021-10-14,462,469,462,468,142187,1.2987012987012987,0,2,-75113,75111,0,0,2,67036,75149,142187,0,0,142149,38,142187,0,932,-34996830,34995898,0,0,932,31256538,35013495,66270965,0,0,66253368,17597,66270965
2021-10-15,470,476,468,475,175418,1.4957264957264957,0,0,-45241,45241,0,0,0,129859,45559,175418,0,0,175100,318,175418,0,0,-21377506,21377506,0,0,0,61339516,21527284,82866800,0,0,82717022,149778,82866800
2021-10-18,481,481,472,479,171991,0.8421052631578947,0,-1,-3503,3504,0,0,0,160127,11864,171991,0,1,163630,8360,171991,0,-477,-1679599,1680076,0,0,0,75984806,5655494,81640300,0,477,77664405,3975418,81640300
2021-10-19,481,484,474,479,180482,0.0,0,0,38566,-38566,0,0,0,171573,8909,180482,0,0,133007,47475,180482,0,0,18521125,-18521125,0,0,0,82058878,4266667,86325545,0,0,63537753,22787792,86325545
2021-10-20,480,507,477,483,668771,0.8350730688935281,0,36,19702,-19738,0,0,36,607707,61028,668771,0,0,588005,80766,668771,0,17330,10450853,-10468183,0,0,17330,297067582,29721199,326806111,0,0,286616729,40189382,326806111
2021-10-21,486,486,481,483,95665,0.0,0,0,-11608,11608,0,0,0,77295,18370,95665,0,0,88903,6762,95665,0,0,-5636183,5636183,0,0,0,37420592,8908173,46328765,0,0,43056775,3271990,46328765
2021-10-22,482,501,478,485,330922,0.4140786749482402,0,0,-9824,9824,0,0,0,289031,41891,330922,0,0,298855,32067,330922,0,0,-4685575,4685575,0,0,0,141392820,20423347,161816167,0,0,146078395,15737772,161816167
2021-10-25,488,502,485,497,431235,2.4742268041237114,0,0,13757,-13757,0,0,0,395907,35328,431235,0,0,382150,49085,431235,0,0,7025177,-7025177,0,0,0,196490286,17369449,213859735,0,0,189465109,24394626,213859735
2021-10-26,497,515,495,512,693929,3.0181086519114686,0,-3,-9660,9663,0,0,0,626625,67304,693929,0,3,636285,57641,693929,0,-1519,-4802010,4803529,0,0,0,320226248,34266711,354492959,0,1519,325028258,29463182,354492959
2021-10-27,515,515,500,502,327929,-1.953125,0,-2,9107,-9105,0,0,0,307660,20269,327929,0,2,298553,29374,327929,0,-1006,4778475,-4777469,0,0,0,155219448,10153905,165373353,0,1006,150440973,14931374,165373353
2021-10-28,502,506,497,502,164401,0.0,0,0,21398,-21398,0,0,0,160642,3759,164401,0,0,139244,25157,164401,0,0,10728477,-10728477,0,0,0,80380289,1882796,82263085,0,0,69651812,12611273,82263085
2021-10-29,506,507,492,497,194358,-0.9960159362549801,0,0,39414,-39414,0,0,0,186225,8133,194358,0,0,146811,47547,194358,0,0,19683508,-19683508,0,0,0,92439674,4038866,96478540,0,0,72756166,23722374,96478540
2021-11-01,493,503,488,495,181009,-0.4024144869215292,0,2,12941,-12943,0,0,2,168852,12155,181009,0,0,155911,25098,181009,0,989,6420703,-6421692,0,0,989,83509060,6008649,89518698,0,0,77088357,12430341,89518698
2021-11-02,496,500,494,499,116054,0.8080808080808081,0,0,-2328,2328,0,0,0,107820,8234,116054,0,0,110148,5906,116054,0,0,-1172746,1172746,0,0,0,53611747,4095933,57707680,0,0,54784493,2923187,57707680
2021-11-03,502,502,490,496,119825,-0.6012024048096193,0,75,40120,-40195,0,0,75,119544,206,119825,0,0,79424,40401,119825,0,37126,19892123,-19929249,0,0,37126,58993490,100952,59131568,0,0,39101367,20030201,59131568
2021-11-04,500,500,486,489,121024,-1.411290322580645,0,0,21360,-21360,0,0,0,117189,3835,121024,0,0,95829,25195,121024,0,0,10510530,-10510530,0,0,0,57372320,1898792,59271112,0,0,46861790,12409322,59271112
2021-11-05,489,498,483,491,100731,0.408997955010225,0,0,10081,-10081,0,0,0,89533,11198,100731,0,0,79452,21279,100731,0,0,4920230,-4920230,0,0,0,43821648,5433317,49254965,0,0,38901418,10353547,49254965
2021-11-08,481,489,478,483,140550,-1.6293279022403258,0,0,-2528,2528,0,0,0,133899,6651,140550,0,0,136427,4123,140550,0,0,-1195624,1195624,0,0,0,64454234,3192480,67646714,0,0,65649858,1996856,67646714
2021-11-09,483,488,480,484,170679,0.2070393374741201,0,3,-10533,10530,0,0,3,140571,30105,170679,0,0,151104,19575,170679,0,1454,-5158016,5156562,0,0,1454,67908371,14591669,82501494,0,0,73066387,9435107,82501494
2021-11-10,490,490,461,468,221006,-3.3057851239669422,0,-3,31301,-31298,0,0,0,210419,10587,221006,0,3,179118,41885,221006,0,-1407,14838720,-14837313,0,0,0,99056125,4925835,103981960,0,1407,84217405,19763148,103981960
2021-11-11,467,471,458,465,231543,-0.641025641025641,0,8,14938,-14946,0,0,8,221538,9997,231543,0,0,206600,24943,231543,0,3729,6995201,-6998930,0,0,3729,102620479,4645457,107269665,0,0,95625278,11644387,107269665
2021-11-12,460,479,460,474,212756,1.935483870967742,0,0,-15385,15385,0,0,0,191195,21561,212756,0,0,206580,6176,212756,0,0,-7200626,7200626,0,0,0,89274029,10124303,99398332,0,0,96474655,2923677,99398332
2021-11-15,479,479,471,477,109815,0.6329113924050633,0,-1,-23010,23011,0,0,0,86672,23143,109815,0,1,109682,132,109815,0,-472,-10890554,10891026,0,0,0,41104099,10953729,52057828,0,472,51994653,62703,52057828
2021-11-16,478,523,473,481,1497057,0.8385744234800839,0,0,161186,-161186,0,0,0,1436665,60392,1497057,0,0,1275479,221578,1497057,0,0,80384810,-80384810,0,0,0,708473127,29198706,737671833,0,0,628088317,109583516,737671833
2021-11-17,481,482,470,477,182139,-0.8316008316008316,0,-4,3275,-3271,0,0,0,172450,9689,182139,0,4,169175,12960,182139,0,-1906,1580554,-1578648,0,0,0,82020478,4606822,86627300,0,1906,80439924,6185470,86627300
2021-11-18,479,479,466,474,93906,-0.628930817610063,0,-57,14933,-14876,0,0,0,80465,13441,93906,0,57,65532,28317,93906,0,-26932,7031130,-7004198,0,0,0,37941018,6333732,44274750,0,26932,30909888,13337930,44274750
2021-11-19,472,476,465,473,240273,-0.21097046413502107,0,-7,-11410,11417,0,0,0,211709,28564,240273,0,7,223119,17147,240273,0,-3291,-5273969,5277260,0,0,0,99235772,13363480,112599252,0,3291,104509741,8086220,112599252
2021-11-22,469,471,452,458,309169,-3.171247357293869,0,-1,58906,-58905,0,0,0,302236,6933,309169,0,1,243330,65838,309169,0,-470,27270019,-27269549,0,0,0,138707257,3174896,141882153,0,470,111437238,30444445,141882153
2021-11-23,459,461,455,459,74623,0.21834061135371177,0,0,-5190,5190,0,0,0,65242,9381,74623,0,0,70432,4191,74623,0,0,-2379070,2379070,0,0,0,29835301,4298192,34133493,0,0,32214371,1919122,34133493
2021-11-24,461,462,457,459,100489,0.0,0,0,17289,-17289,0,0,0,99384,1105,100489,0,0,82095,18394,100489,0,0,7934442,-7934442,0,0,0,45618358,506444,46124802,0,0,37683916,8440886,46124802
2021-11-25,459,467,457,458,155025,-0.2178649237472767,0,0,9576,-9576,0,0,0,150378,4647,155025,0,0,140802,14223,155025,0,0,4428819,-4428819,0,0,0,69271263,2140598,71411861,0,0,64842444,6569417,71411861
2021-11-26,454,461,449,452,197644,-1.3100436681222707,0,1,6182,-6183,0,0,1,193454,4189,197644,0,0,187272,10372,197644,0,459,2811339,-2811798,0,0,459,87693575,1904053,89598087,0,0,84882236,4715851,89598087
2021-11-29,448,450,434,440,310609,-2.6548672566371683,0,2,-2907,2905,0,0,2,289606,21001,310609,0,0,292513,18096,310609,0,885,-1209487,1208602,0,0,885,127883560,9234634,137119079,0,0,129093047,8026032,137119079
2021-11-30,436,442,409,418,524840,-5.0,0,0,-47264,47264,0,0,0,446428,78412,524840,0,0,493692,31148,524840,0,0,-19736818,19736818,0,0,0,188546861,33156320,221703181,0,0,208283679,13419502,221703181
2021-12-01,410,420,407,420,239885,0.4784688995215311,0,-3,28989,-28986,0,0,0,216605,23280,239885,0,3,187616,52266,239885,0,-1245,11870558,-11869313,0,0,0,89672460,9632799,99305259,0,1245,77801902,21502112,99305259
2021-12-02,410,433,410,433,225534,3.0952380952380953,0,0,-14934,14934,0,0,0,184972,40562,225534,0,0,199906,25628,225534,0,0,-6172901,6172901,0,0,0,78415384,17030296,95445680,0,0,84588285,10857395,95445680
2021-12-03,437,440,429,439,248461,1.3856812933025404,0,-4,-38587,38591,0,0,0,200461,48000,248461,0,4,239048,9409,248461,0,-1733,-16799739,16801472,0,0,0,87029485,20882917,107912402,0,1733,103829224,4081445,107912402
2021-12-06,436,442,433,435,202568,-0.9111617312072893,0,0,-36385,36385,0,0,0,159946,42622,202568,0,0,196331,6237,202568,0,0,-15890910,15890910,0,0,0,69739185,18618289,88357474,0,0,85630095,2727379,88357474
2021-12-07,441,441,434,439,149727,0.9195402298850575,0,0,-24643,24643,0,0,0,125047,24680,149727,0,0,149690,37,149727,0,0,-10779210,10779210,0,0,0,54598427,10795410,65393837,0,0,65377637,16200,65393837
2021-12-08,440,443,432,439,148994,0.0,0,0,-895,895,0,0,0,144748,4246,148994,0,0,145643,3351,148994,0,0,-393476,393476,0,0,0,63266853,1864887,65131740,0,0,63660329,1471411,65131740
2021-12-09,440,441,431,440,135335,0.22779043280182232,0,0,-4857,4857,0,0,0,127434,7901,135335,0,0,132291,3044,135335,0,0,-2104367,2104367,0,0,0,55574111,3443694,59017805,0,0,57678478,1339327,59017805
2021-12-10,436,443,435,442,158201,0.45454545454545453,0,0,-12236,12236,0,0,0,145441,12760,158201,0,0,157677,524,158201,0,0,-5365612,5365612,0,0,0,63946903,5595659,69542562,0,0,69312515,230047,69542562
2021-12-13,448,469,442,454,369132,2.7149321266968327,0,0,-25845,25845,0,0,0,313805,55327,369132,0,0,339650,29482,369132,0,0,-11762443,11762443,0,0,0,143605537,25276288,168881825,0,0,155367980,13513845,168881825
2021-12-14,450,455,446,450,100746,-0.881057268722467,0,-1,-7767,7768,0,0,0,89503,11243,100746,0,1,97270,3475,100746,0,-449,-3473798,3474247,0,0,0,40233071,5040787,45273858,0,449,43706869,1566540,45273858
2021-12-15,441,449,437,437,139918,-2.888888888888889,0,0,-878,878,0,0,0,134042,5876,139918,0,0,134920,4998,139918,0,0,-373079,373079,0,0,0,59085858,2586504,61672362,0,0,59458937,2213425,61672362
2021-12-16,440,441,435,440,98306,0.6864988558352403,0,80,7649,-7729,0,0,80,97288,938,98306,0,0,89639,8667,98306,0,35073,3357187,-3392260,0,0,35073,42620465,409440,43064978,0,0,39263278,3801700,43064978
2021-12-17,437,441,428,436,160588,-0.9090909090909091,0,4,-7370,7366,0,0,4,142480,18104,160588,0,0,149850,10738,160588,0,1749,-3183552,3181803,0,0,1749,61745654,7879458,69626861,0,0,64929206,4697655,69626861
2021-12-20,431,437,417,417,229727,-4.3577981651376145,0,1,1135,-1136,0,0,1,220664,9062,229727,0,0,219529,10198,229727,0,435,500757,-501192,0,0,435,94186926,3855242,98042603,0,0,93686169,4356434,98042603
2021-12-21,424,424,413,418,78043,0.2398081534772182,0,2,4683,-4685,0,0,2,73030,5011,78043,0,0,68347,9696,78043,0,834,1973837,-1974671,0,0,834,30528974,2079872,32609680,0,0,28555137,4054543,32609680
2021-12-22,421,422,414,420,113505,0.4784688995215311,0,0,4960,-4960,0,0,0,111425,2080,113505,0,0,106465,7040,113505,0,0,2086049,-2086049,0,0,0,46487516,863400,47350916,0,0,44401467,2949449,47350916
2021-12-23,421,426,418,422,100863,0.4761904761904762,0,0,780,-780,0,0,0,100863,0,100863,0,0,100083,780,100863,0,0,329967,-329967,0,0,0,42486768,0,42486768,0,0,42156801,329967,42486768
2021-12-24,425,434,420,425,93443,0.7109004739336493,0,0,20059,-20059,0,0,0,93443,0,93443,0,0,73384,20059,93443,0,0,8664965,-8664965,0,0,0,39816237,0,39816237,0,0,31151272,8664965,39816237
2021-12-27,428,429,422,426,96803,0.2352941176470588,0,0,1955,-1955,0,0,0,96803,0,96803,0,0,94848,1955,96803,0,0,830890,-830890,0,0,0,41167343,0,41167343,0,0,40336453,830890,41167343
2021-12-28,423,427,414,414,191219,-2.8169014084507045,0,0,378,-378,0,0,0,191219,0,191219,0,0,190841,378,191219,0,0,157626,-157626,0,0,0,79913757,0,79913757,0,0,79756131,157626,79913757
2021-12-29,417,420,410,415,107407,0.24154589371980675,0,16,5350,-5366,0,0,16,107289,102,107407,0,0,101939,5468,107407,0,6677,2233679,-2240356,0,0,6677,44623749,42534,44672960,0,0,42390070,2282890,44672960
2021-12-30,414,425,397,425,527042,2.4096385542168677,0,0,2759,-2759,0,0,0,525963,1079,527042,0,0,523204,3838,527042,0,0,1145850,-1145850,0,0,0,217920634,442818,218363452,0,0,216774784,1588668,218363452
2022-01-03,432,520,429,500,15743962,17.647058823529413,0,95715,-25875,-69840,0,0,183179,15419853,140930,15743962,0,87464,15445728,210770,15743962,0,47114091,-12302036,-34812055,0,0,91498309,7636331978,68626525,7796456812,0,44384218,7648634014,103438580,7796456812
2022-01-04,519,530,476,494,3184033,-1.2,0,5980,-47898,41918,0,0,46276,3002122,135635,3184033,0,40296,3050020,93717,3184033,0,1820614,-22644525,20823911,0,0,22635373,1490423188,67438551,1580497112,0,20814759,1513067713,46614640,1580497112
2022-01-05,496,592,488,540,21829312,9.31174089068826,0,49088,-51736,2648,0,0,172340,21369096,287876,21829312,0,123252,21420832,285228,21829312,0,30071879,-29867248,-204631,0,0,92854884,11795685455,155292400,12043832739,0,62783005,11825552703,155497031,12043832739
2022-01-06,535,605,505,508,11435085,-5.9259259259259265,0,-10961,-3417,14378,0,0,93124,11112978,228983,11435085,0,104085,11116395,214605,11435085,0,-8826471,2756734,6069737,0,0,49618838,6158931803,123138721,6331689362,0,58445309,6156175069,117068984,6331689362
2022-01-07,513,537,478,485,2468506,-4.52755905511811,0,10741,-80820,70079,0,0,10741,2348803,108962,2468506,0,0,2429623,38883,2468506,0,5237430,-39507856,34270426,0,0,5237430,1158831961,54607608,1218676999,0,0,1198339817,20337182,1218676999
2022-01-10,490,500,469,485,852598,0.0,0,3417,13233,-16650,0,0,3417,834134,15047,852598,0,0,820901,31697,852598,0,1633992,6715776,-8349768,0,0,1633992,405155462,7201535,413990989,0,0,398439686,15551303,413990989
2022-01-11,481,482,456,460,747302,-5.154639175257731,0,45224,-27204,-18020,0,0,46024,678440,22838,747302,0,800,705644,40858,747302,0,21708766,-13335520,-8373246,0,0,22093566,315033601,10620797,347747964,0,384800,328369121,18994043,347747964
2022-01-12,464,467,450,463,513179,0.6521739130434783,0,4,-27538,27534,0,0,4,477579,35596,513179,0,0,505117,8062,513179,0,1827,-12436446,12434619,0,0,1827,218304352,16160975,234467154,0,0,230740798,3726356,234467154
2022-01-13,462,475,462,470,389041,1.511879049676026,0,0,-23716,23716,0,0,0,363318,25723,389041,0,0,387034,2007,389041,0,0,-11003660,11003660,0,0,0,170176442,11945642,182122084,0,0,181180102,941982,182122084
2022-01-14,469,483,464,468,521043,-0.425531914893617,0,-1,-10399,10400,0,0,0,509517,11526,521043,0,1,519916,1126,521043,0,-473,-4899850,4900323,0,0,0,240173545,5430130,245603675,0,473,245073395,529807,245603675
2022-01-17,468,483,463,472,311595,0.8547008547008548,0,0,-23356,23356,0,0,0,274355,37240,311595,0,0,297711,13884,311595,0,0,-11058713,11058713,0,0,0,129441705,17586328,147028033,0,0,140500418,6527615,147028033
2022-01-18,467,482,443,462,245502,-2.11864406779661,0,-1,15787,-15786,0,0,0,230980,14522,245502,0,1,215193,30308,245502,0,-471,7693407,-7692936,0,0,0,108315303,6658207,114973510,0,471,100621896,14351143,114973510
2022-01-19,464,482,440,449,837494,-2.813852813852814,0,-36732,36586,146,0,0,2,769059,68433,837494,0,36734,732473,68287,837494,0,-16529391,16612468,-83077,0,0,909,353059854,31226434,384287197,0,16530300,336447386,31309511,384287197
2022-01-20,449,456,449,454,104703,1.1135857461024499,0,-122,-8388,8510,0,0,0,96141,8562,104703,0,122,104529,52,104703,0,-55175,-3802853,3858028,0,0,0,43492625,3881581,47374206,0,55175,47295478,23553,47374206
2022-01-21,454,461,437,449,298507,-1.1013215859030838,0,-5,516,-511,0,0,0,278559,19948,298507,0,5,278043,20459,298507,0,-2227,350377,-348150,0,0,0,124485775,8857613,133343388,0,2227,124135398,9205763,133343388
2022-01-24,448,449,419,422,496224,-6.013363028953229,0,0,-2418,2418,0,0,0,461510,34714,496224,0,0,463928,32296,496224,0,0,-711861,711861,0,0,0,196685320,14663750,211349070,0,0,197397181,13951889,211349070
2022-01-25,420,430,384,405,633144,-4.028436018957346,0,0,1220,-1220,0,0,0,597377,35767,633144,0,0,596157,36987,633144,0,0,610670,-610670,0,0,0,240148557,14357406,254505963,0,0,239537887,14968076,254505963
2022-01-26,401,409,396,398,417215,-1.728395061728395,0,0,-18652,18652,0,0,0,372539,44676,417215,0,0,391191,26024,417215,0,0,-7452029,7452029,0,0,0,149861063,17946876,167807939,0,0,157313092,10494847,167807939
2022-01-27,398,400,365,386,416860,-3.015075376884422,0,0,-20790,20790,0,0,0,371837,45023,416860,0,0,392627,24233,416860,0,0,-7870688,7870688,0,0,0,143538141,17145094,160683235,0,0,151408829,9274406,160683235
2022-01-28,385,413,385,400,403890,3.6269430051813467,0,0,-3270,3270,0,0,0,373977,29913,403890,0,0,377247,26643,403890,0,0,-1215357,1215357,0,0,0,149633110,11891354,161524464,0,0,150848467,10675997,161524464
2022-02-03,424,424,402,412,229077,3.0,0,0,1101,-1101,0,0,0,216328,12749,229077,0,0,215227,13850,229077,0,0,467116,-467116,0,0,0,88678159,5173673,93851832,0,0,88211043,5640789,93851832
2022-02-04,414,426,408,421,346327,2.1844660194174756,0,0,1383,-1383,0,0,0,345663,664,346327,0,0,344280,2047,346327,0,0,584840,-584840,0,0,0,142893240,277077,143170317,0,0,142308400,861917,143170317
2022-02-07,421,425,411,416,218751,-1.187648456057007,0,0,-483,483,0,0,0,207239,11512,218751,0,0,207722,11029,218751,0,0,-219775,219775,0,0,0,86371602,4793386,91164988,0,0,86591377,4573611,91164988
2022-02-08,418,520,413,439,8810529,5.528846153846153,0,0,104878,-104878,0,161,0,8335856,474512,8810529,161,0,8230978,579390,8810529,-169,0,62536882,-62536713,0,81299,0,3942401779,221567516,4164050594,81468,0,3879864897,284104229,4164050594
2022-02-09,435,448,425,426,861635,-2.9612756264236904,0,0,-146569,146569,0,0,0,651332,210303,861635,0,0,797901,63734,861635,0,0,-63135825,63135825,0,0,0,281473728,90811246,372284974,0,0,344609553,27675421,372284974
2022-02-10,431,437,417,419,614900,-1.643192488262911,0,0,54945,-54945,0,0,0,580731,34169,614900,0,0,525786,89114,614900,0,0,23473574,-23473574,0,0,0,245445415,14471165,259916580,0,0,221971841,37944739,259916580
2022-02-11,419,421,408,409,269593,-2.386634844868735,0,0,43960,-43960,0,0,0,261076,8517,269593,0,0,217116,52477,269593,0,0,18152861,-18152861,0,0,0,107673873,3514561,111188434,0,0,89521012,21667422,111188434
2022-02-14,404,404,383,388,394840,-5.134474327628362,0,0,24149,-24149,0,0,0,377493,17347,394840,0,0,353344,41496,394840,0,0,9449302,-9449302,0,0,0,147501524,6807817,154309341,0,0,138052222,16257119,154309341
2022-02-15,382,391,375,377,483265,-2.8350515463917527,0,0,10016,-10016,0,0,0,459734,23531,483265,0,0,449718,33547,483265,0,0,3998416,-3998416,0,0,0,175822935,8923529,184746464,0,0,171824519,12921945,184746464
2022-02-16,380,396,380,392,219033,3.978779840848806,0,0,-6758,6758,0,0,0,211776,7257,219033,0,0,218534,499,219033,0,0,-2603103,2603103,0,0,0,82202730,2794571,84997301,0,0,84805833,191468,84997301
2022-02-17,394,398,383,390,478442,-0.5102040816326531,0,2583,-118899,116316,0,0,2583,322715,153144,478442,0,0,441614,36828,478442,0,1002204,-45540090,44537886,0,0,1002204,125665545,58855542,185523291,0,0,171205635,14317656,185523291
2022-02-18,390,398,376,393,282312,0.7692307692307693,0,-12229,-5131,17360,0,0,2522,258133,21657,282312,0,14751,263264,4297,282312,0,-4812460,-2001524,6813984,0,0,983580,100816082,8503816,110303478,0,5796040,102817606,1689832,110303478
2022-02-21,393,395,386,390,221200,-0.7633587786259541,0,-2552,-7921,10473,0,0,0,190187,31013,221200,0,2552,198108,20540,221200,0,-992728,-3088884,4081612,0,0,0,74210505,12123671,86334176,0,992728,77299389,8042059,86334176
2022-02-22,388,395,380,391,181845,0.2564102564102564,0,-2425,28479,-26054,0,0,0,178538,3307,181845,0,2425,150059,29361,181845,0,-930946,11026837,-10095891,0,0,0,68762292,1271183,70033475,0,930946,57735455,11367074,70033475
2022-02-23,388,438,388,412,3270669,5.3708439897698215,0,-3974,76104,-72130,0,0,59137,3034898,176634,3270669,0,63111,2958794,248764,3270669,0,-1940101,32872516,-30932415,0,0,24371002,1263468688,73107785,1360947475,0,26311103,1230596172,104040200,1360947475
2022-02-24,408,435,400,405,2279272,-1.6990291262135921,0,1533,23830,-25363,0,0,62546,1970262,246464,2279272,0,61013,1946432,271827,2279272,0,-145660,12732470,-12586810,0,0,25352437,825135344,102290416,952778197,0,25498097,812402874,114877226,952778197
2022-02-25,406,423,404,419,602393,3.45679012345679,0,4638,42735,-47373,0,0,4638,547757,49998,602393,0,0,505022,97371,602393,0,1917707,17814650,-19732357,0,0,1917707,226500233,20558682,248976622,0,0,208685583,40291039,248976622
2022-02-28,424,424,409,415,289328,-0.9546539379474941,0,0,-44512,44512,0,0,0,230747,58581,289328,0,0,275259,14069,289328,0,0,-18339328,18339328,0,0,0,94999555,24143505,119143060,0,0,113338883,5804177,119143060
2022-03-02,415,437,408,412,676024,-0.7228915662650602,0,0,-85205,85205,0,0,0,556830,119194,676024,0,0,642035,33989,676024,0,0,-35944701,35944701,0,0,0,234729770,50400989,285130759,0,0,270674471,14456288,285130759
2022-03-03,412,420,410,416,285778,0.9708737864077669,0,-60000,20044,39956,0,0,0,240443,45335,285778,0,60000,220399,5379,285778,0,-24778085,8164284,16613801,0,0,0,99513922,18846846,118360768,0,24778085,91349638,2233045,118360768
2022-03-04,416,418,405,410,186277,-1.4423076923076923,0,1000,42514,-43514,0,0,1000,183330,1947,186277,0,0,140816,45461,186277,0,411859,17451346,-17863205,0,0,411859,75103237,794195,76309291,0,0,57651891,18657400,76309291
2022-03-07,410,410,390,395,327073,-3.6585365853658534,0,-4527,33789,-29262,0,0,0,315189,11884,327073,0,4527,281400,41146,327073,0,-1779215,13354855,-11575640,0,0,0,124582032,4681752,129263784,0,1779215,111227177,16257392,129263784
2022-03-08,391,397,386,392,322708,-0.7594936708860759,0,-215,-9887,10102,0,0,0,302287,20421,322708,0,215,312174,10319,322708,0,-84495,-3905601,3990096,0,0,0,117755110,8014845,125769955,0,84495,121660711,4024749,125769955
2022-03-10,392,404,388,391,367008,-0.25510204081632654,0,-68840,68077,763,0,0,2458,344883,19667,367008,0,71298,276806,18904,367008,0,-26907531,26712204,195327,0,0,975826,135841298,7743079,144560203,0,27883357,109129094,7547752,144560203
2022-03-11,392,428,390,391,620067,0.0,0,2389,22604,-24993,0,0,2389,586009,31669,620067,0,0,563405,56662,620067,0,941266,9439809,-10381075,0,0,941266,235516879,12774250,249232395,0,0,226077070,23155325,249232395
2022-03-14,393,393,384,389,197474,-0.5115089514066496,0,-2435,16455,-14020,0,0,0,187701,9773,197474,0,2435,171246,23793,197474,0,-939910,6375556,-5435646,0,0,0,72903309,3806686,76709995,0,939910,66527753,9242332,76709995
2022-03-15,386,388,382,385,188016,-1.0282776349614395,0,2539,-1056,-1483,0,0,2539,182322,3155,188016,0,0,183378,4638,188016,0,974976,-400593,-574383,0,0,974976,70152667,1213462,72341105,0,0,70553260,1787845,72341105
2022-03-16,384,390,383,388,99730,0.7792207792207793,0,0,-2966,2966,0,0,0,96544,3186,99730,0,0,99510,220,99730,0,0,-1143131,1143131,0,0,0,37185644,1227798,38413442,0,0,38328775,84667,38413442
2022-03-17,388,391,385,388,346674,0.0,0,0,-4830,4830,0,0,0,337901,8773,346674,0,0,342731,3943,346674,0,0,-1872958,1872958,0,0,0,130913087,3401389,134314476,0,0,132786045,1528431,134314476
2022-03-18,388,414,385,395,337552,1.804123711340206,0,0,-3571,3571,0,0,0,329861,7691,337552,0,0,333432,4120,337552,0,0,-1378961,1378961,0,0,0,130985790,3037831,134023621,0,0,132364751,1658870,134023621
2022-03-21,397,426,386,387,898455,-2.0253164556962027,0,0,-17153,17153,0,0,591,865515,32349,898455,0,591,882668,15196,898455,0,6966,-6715459,6708493,0,0,238166,345783215,12731970,358753351,0,231200,352498674,6023477,358753351
2022-03-22,388,393,386,392,94409,1.2919896640826873,0,0,5644,-5644,0,0,0,92992,1417,94409,0,0,87348,7061,94409,0,0,2202551,-2202551,0,0,0,36189113,550047,36739160,0,0,33986562,2752598,36739160
2022-03-23,394,402,385,391,289734,-0.25510204081632654,0,0,6136,-6136,0,0,0,287318,2416,289734,0,0,281182,8552,289734,0,0,2393894,-2393894,0,0,0,112526534,952010,113478544,0,0,110132640,3345904,113478544
2022-03-24,392,393,386,391,108046,0.0,0,0,-2678,2678,0,0,0,104136,3910,108046,0,0,106814,1232,108046,0,0,-1037353,1037353,0,0,0,40631493,1519064,42150557,0,0,41668846,481711,42150557
2022-03-25,392,398,378,386,316962,-1.278772378516624,0,0,-6415,6415,0,0,0,309367,7595,316962,0,0,315782,1180,316962,0,0,-2490054,2490054,0,0,0,119728409,2953929,122682338,0,0,122218463,463875,122682338
2022-03-28,388,389,376,381,398477,-1.2953367875647668,0,0,59697,-59697,0,0,0,389071,9406,398477,0,0,329374,69103,398477,0,0,22957385,-22957385,0,0,0,148237362,3589900,151827262,0,0,125279977,26547285,151827262
2022-03-29,381,390,377,382,251551,0.26246719160104987,0,31449,-33305,1856,0,0,31462,216266,3823,251551,0,13,249571,1967,251551,0,12205816,-12896706,690890,0,0,12210886,82598530,1454272,96263688,0,5070,95495236,763382,96263688
2022-03-30,385,400,380,396,468987,3.664921465968586,0,-31449,33121,-1672,0,0,0,440572,28415,468987,0,31449,407451,30087,468987,0,-12356669,13110941,-754272,0,0,0,172273392,11098516,183371908,0,12356669,159162451,11852788,183371908
2022-03-31,397,403,393,401,163136,1.2626262626262625,0,0,-18385,18385,0,0,0,140580,22556,163136,0,0,158965,4171,163136,0,0,-7352062,7352062,0,0,0,56093156,9020332,65113488,0,0,63445218,1668270,65113488
2022-04-01,401,405,390,404,267969,0.7481296758104738,0,176,-7708,7532,0,0,176,251328,16465,267969,0,0,259036,8933,267969,0,70928,-2980648,2909720,0,0,70928,99502233,6471876,106045037,0,0,102482881,3562156,106045037
2022-04-04,400,403,385,393,732430,-2.722772277227723,0,0,-8576,8576,0,0,0,705512,26918,732430,0,0,714088,18342,732430,0,0,-3424163,3424163,0,0,0,276840384,10650976,287491360,0,0,280264547,7226813,287491360
2022-04-05,395,408,392,403,314594,2.5445292620865136,0,0,-12892,12892,0,0,0,295786,18808,314594,0,0,308678,5916,314594,0,0,-5195436,5195436,0,0,0,118601625,7538499,126140124,0,0,123797061,2343063,126140124
2022-04-06,405,405,396,399,218015,-0.9925558312655087,0,-2575,15395,-12820,0,0,0,208847,9168,218015,0,2575,193452,21988,218015,0,-1027425,6109480,-5082055,0,0,0,83259679,3671638,86931317,0,1027425,77150199,8753693,86931317
2022-04-07,395,395,387,393,277640,-1.5037593984962405,0,-2318,7055,-4737,0,0,0,271341,6299,277640,0,2318,264286,11036,277640,0,-904020,2764578,-1860558,0,0,0,106002646,2457910,108460556,0,904020,103238068,4318468,108460556
2022-04-08,390,395,387,395,143256,0.5089058524173028,0,-258,5054,-4796,0,0,0,136220,7036,143256,0,258,131166,11832,143256,0,-100206,1999982,-1899776,0,0,0,53259173,2733263,55992436,0,100206,51259191,4633039,55992436
2022-04-11,395,397,379,383,3303610,-3.0379746835443036,0,-2824858,260666,2564192,0,0,0,471116,2832494,3303610,0,2824858,210450,268302,3303610,0,-994350016,100063802,894286214,0,0,0,181984680,997309628,1179294308,0,994350016,81920878,103023414,1179294308
2022-04-12,384,386,373,379,649601,-1.0443864229765014,0,0,297228,-297228,0,0,0,629835,19766,649601,0,0,332607,316994,649601,0,0,112771249,-112771249,0,0,0,238470483,7470841,245941324,0,0,125699234,120242090,245941324
2022-04-13,382,417,381,392,5520931,3.430079155672823,0,0,1285396,-1285396,0,0,0,5384966,135965,5520931,0,0,4099570,1421361,5520931,0,0,505121389,-505121389,0,0,0,2123263114,53195233,2176458347,0,0,1618141725,558316622,2176458347
2022-04-14,397,413,380,393,3912587,0.25510204081632654,0,0,688158,-688158,0,0,0,3746549,166038,3912587,0,0,3058391,854196,3912587,0,0,273161540,-273161540,0,0,0,1481900345,65100551,1547000896,0,0,1208738805,338262091,1547000896
2022-04-15,393,400,380,384,1028592,-2.2900763358778624,0,0,316239,-316239,0,0,0,1005460,23132,1028592,0,0,689221,339371,1028592,0,0,121267350,-121267350,0,0,0,386915897,8968167,395884064,0,0,265648547,130235517,395884064
2022-04-18,384,397,381,387,691707,0.78125,0,0,-95538,95538,0,0,0,572855,118852,691707,0,0,668393,23314,691707,0,0,-37427152,37427152,0,0,0,222729443,46607835,269337278,0,0,260156595,9180683,269337278
2022-04-19,385,389,384,388,317565,0.2583979328165375,0,0,-918,918,0,0,0,308200,9365,317565,0,0,309118,8447,317565,0,0,-366212,366212,0,0,0,118886555,3632748,122519303,0,0,119252767,3266536,122519303
2022-04-20,392,393,387,389,311211,0.25773195876288657,0,0,7429,-7429,0,0,0,309370,1841,311211,0,0,301941,9270,311211,0,0,2897609,-2897609,0,0,0,120598057,718572,121316629,0,0,117700448,3616181,121316629
2022-04-21,395,397,389,397,616861,2.056555269922879,0,0,-3341,3341,0,0,0,596387,20474,616861,0,0,599728,17133,616861,0,0,-1333150,1333150,0,0,0,234799916,8075651,242875567,0,0,236133066,6742501,242875567
2022-04-22,394,407,386,402,1202855,1.2594458438287155,0,0,-25246,25246,0,0,0,1150956,51899,1202855,0,0,1176202,26653,1202855,0,0,-10268059,10268059,0,0,0,458547195,20894565,479441760,0,0,468815254,10626506,479441760
2022-04-25,396,399,387,391,514427,-2.736318407960199,0,0,6709,-6709,0,0,0,502859,11568,514427,0,0,496150,18277,514427,0,0,2689252,-2689252,0,0,0,197193556,4518214,201711770,0,0,194504304,7207466,201711770
2022-04-26,388,400,385,395,597965,1.0230179028132993,0,0,4126,-4126,0,0,0,595388,2577,597965,0,0,591262,6703,597965,0,0,1642187,-1642187,0,0,0,233613105,996426,234609531,0,0,231970918,2638613,234609531
2022-04-27,384,414,384,397,1372434,0.5063291139240507,0,0,41606,-41606,0,0,0,1347844,24590,1372434,0,0,1306238,66196,1372434,0,0,16893682,-16893682,0,0,0,537660142,9761935,547422077,0,0,520766460,26655617,547422077
2022-04-28,395,401,394,400,370021,0.7556675062972292,0,0,18179,-18179,0,0,0,353373,16648,370021,0,0,335194,34827,370021,0,0,7267997,-7267997,0,0,0,140548521,6604425,147152946,0,0,133280524,13872422,147152946
2022-04-29,400,417,398,408,948375,2.0,0,0,8281,-8281,0,0,0,898348,50027,948375,0,0,890067,58308,948375,0,0,3388741,-3388741,0,0,0,366461629,20426240,386887869,0,0,363072888,23814981,386887869
2022-05-02,408,410,403,407,331238,-0.24509803921568626,0,0,4059,-4059,0,0,0,313971,17267,331238,0,0,309912,21326,331238,0,0,1703486,-1703486,0,0,0,127292640,6987203,134279843,0,0,125589154,8690689,134279843
2022-05-03,407,410,402,406,249788,-0.2457002457002457,0,0,6959,-6959,0,0,0,236649,13139,249788,0,0,229690,20098,249788,0,0,2810657,-2810657,0,0,0,95825916,5296557,101122473,0,0,93015259,8107214,101122473
2022-05-04,406,407,370,376,2615944,-7.389162561576355,0,0,70909,-70909,0,0,0,2542039,73905,2615944,0,0,2471130,144814,2615944,0,0,28079336,-28079336,0,0,0,973004749,28008786,1001013535,0,0,944925413,56088122,1001013535
2022-05-06,371,371,358,370,855562,-1.5957446808510638,0,0,-64925,64925,0,0,0,783906,71656,855562,0,0,848831,6731,855562,0,0,-23590113,23590113,0,0,0,286120202,26051033,312171235,0,0,309710315,2460920,312171235
2022-05-09,368,379,352,357,854098,-3.5135135135135136,0,0,26905,-26905,0,0,0,810352,43746,854098,0,0,783447,70651,854098,0,0,9943715,-9943715,0,0,0,292314252,15721180,308035432,0,0,282370537,25664895,308035432
2022-05-10,354,354,331,351,820094,-1.680672268907563,0,0,-38390,38390,0,0,0,708162,111932,820094,0,0,746552,73542,820094,0,0,-12570044,12570044,0,0,0,244431766,38116992,282548758,0,0,257001810,25546948,282548758
2022-05-11,349,356,344,350,426585,-0.2849002849002849,0,0,-29916,29916,0,0,0,372740,53845,426585,0,0,402656,23929,426585,0,0,-10429428,10429428,0,0,0,130133363,18780245,148913608,0,0,140562791,8350817,148913608
2022-05-12,350,352,343,344,334941,-1.7142857142857144,0,0,3798,-3798,0,0,0,328458,6483,334941,0,0,324660,10281,334941,0,0,1320737,-1320737,0,0,0,114105116,2260669,116365785,0,0,112784379,3581406,116365785
2022-05-13,344,351,341,344,214853,0.0,0,0,-20648,20648,0,0,0,188419,26434,214853,0,0,209067,5786,214853,0,0,-7084917,7084917,0,0,0,65107368,9082201,74189569,0,0,72192285,1997284,74189569
2022-05-16,348,357,348,354,423937,2.9069767441860463,0,0,-5695,5695,0,0,0,409759,14178,423937,0,0,415454,8483,423937,0,0,-1973520,1973520,0,0,0,144177873,4977384,149155257,0,0,146151393,3003864,149155257
2022-05-17,355,355,347,354,430345,0.0,0,0,-35101,35101,0,0,0,371218,59127,430345,0,0,406319,24026,430345,0,0,-12170020,12170020,0,0,0,129857947,20602274,150460221,0,0,142027967,8432254,150460221
2022-05-18,356,357,350,354,142447,0.0,0,0,38056,-38056,0,0,0,142446,1,142447,0,0,104390,38057,142447,0,0,13413461,-13413461,0,0,0,50396199,351,50396550,0,0,36982738,13413812,50396550
2022-05-19,349,349,336,344,568519,-2.824858757062147,0,0,33634,-33634,0,0,0,554796,13723,568519,0,0,521162,47357,568519,0,0,11455004,-11455004,0,0,0,189016604,4666668,193683272,0,0,177561600,16121672,193683272
2022-05-20,341,344,337,337,331166,-2.0348837209302326,0,0,17620,-17620,0,0,0,326453,4713,331166,0,0,308833,22333,331166,0,0,6012518,-6012518,0,0,0,110809415,1602848,112412263,0,0,104796897,7615366,112412263
2022-05-23,337,342,325,335,878472,-0.5934718100890208,0,0,-18143,18143,0,0,0,845566,32906,878472,0,0,863709,14763,878472,0,0,-6072256,6072256,0,0,0,281995028,11022162,293017190,0,0,288067284,4949906,293017190
2022-05-24,335,336,314,320,1248420,-4.477611940298507,0,0,-24611,24611,0,0,0,1144071,104349,1248420,0,0,1168682,79738,1248420,0,0,-7833650,7833650,0,0,0,369347433,33565292,402912725,0,0,377181083,25731642,402912725
2022-05-25,319,321,311,316,374441,-1.25,0,0,60583,-60583,0,0,0,365653,8788,374441,0,0,305070,69371,374441,0,0,19281367,-19281367,0,0,0,115656442,2760453,118416895,0,0,96375075,22041820,118416895
2022-05-26,318,319,306,317,577151,0.31645569620253167,0,0,-10856,10856,0,0,0,556644,20507,577151,0,0,567500,9651,577151,0,0,-3350379,3350379,0,0,0,176838973,6373063,183212036,0,0,180189352,3022684,183212036
2022-05-27,380,412,367,370,43544762,16.7192429022082,0,0,19845,-19845,0,36405,127746,42359291,1021320,43544762,36405,127746,42339446,1041165,43544762,48540,-32885,6890017,-6905672,0,14998860,52539576,16795839613,401811998,17265190047,14950320,52572461,16788949596,408717670,17265190047
2022-05-30,372,457,372,425,35776016,14.864864864864865,0,3719,129128,-132847,0,0,14657,34950251,811108,35776016,0,10938,34821123,943955,35776016,0,1665233,62276392,-63941625,0,0,6335438,14966891345,344499518,15317726301,0,4670205,14904614953,408441143,15317726301
2022-05-31,442,550,425,530,81932798,24.705882352941178,0,34914,34237,-69151,0,0,52754,80163022,1717022,81932798,0,17840,80128785,1786173,81932798,0,17966361,35951361,-53917722,0,0,27311337,41084428451,856119655,41967859443,0,9344976,41048477090,910037377,41967859443
2022-06-02,545,546,478,478,24024429,-9.811320754716983,0,-38633,-9020,47653,0,0,0,22859451,1164978,24024429,0,38633,22868471,1117325,24024429,0,-19286804,-8176267,27463071,0,0,0,11368480716,584263092,11952743808,0,19286804,11376656983,556800021,11952743808
2022-06-03,483,608,483,537,84190483,12.343096234309623,53656,0,-917543,863887,0,53659,15200,80148979,3972645,84190483,3,15200,81066522,3108758,84190483,28437682,-67058,-493650266,465279642,0,28439444,8616400,44969882127,2205423692,47212361663,1762,8683458,45463532393,1740144050,47212361663
2022-06-07,549,575,501,533,30917919,-0.74487895716946,-53656,0,160520,-106864,0,0,0,29998615,919304,30917919,53656,0,29838095,1026168,30917919,-29510800,0,86377712,-56866912,0,0,0,16380414326,489803242,16870217568,29510800,0,16294036614,546670154,16870217568
2022-06-08,535,536,490,497,7335703,-6.75422138836773,0,0,-1552,1552,0,0,0,6947445,388258,7335703,0,0,6948997,386706,7335703,0,0,317470,-317470,0,0,0,3497013718,196431116,3693444834,0,0,3496696248,196748586,3693444834
2022-06-09,505,534,477,483,8099837,-2.8169014084507045,0,0,9975,-9975,0,0,0,7825572,274265,8099837,0,0,7815597,284240,8099837,0,0,4328076,-4328076,0,0,0,3930183365,140857079,4071040444,0,0,3925855289,145185155,4071040444
2022-06-10,490,491,457,463,4963847,-4.140786749482402,0,0,-17192,17192,0,0,0,4756781,207066,4963847,0,0,4773973,189874,4963847,0,0,-8450710,8450710,0,0,0,2214895394,96840270,2311735664,0,0,2223346104,88389560,2311735664
2022-06-13,452,457,420,428,3833401,-7.559395248380129,0,0,-22631,22631,0,0,0,3637697,195704,3833401,0,0,3660328,173073,3833401,0,0,-10159240,10159240,0,0,0,1567388332,84967520,1652355852,0,0,1577547572,74808280,1652355852
2022-06-14,413,443,398,421,4063229,-1.6355140186915886,0,0,-15825,15825,0,0,0,3799728,263501,4063229,0,0,3815553,247676,4063229,0,0,-5695325,5695325,0,0,0,1600406687,110217987,1710624674,0,0,1606102012,104522662,1710624674
2022-06-15,434,450,417,440,5411099,4.513064133016627,0,0,-19957,19957,0,0,0,5210484,200615,5411099,0,0,5230441,180658,5411099,0,0,-8425033,8425033,0,0,0,2258033299,87137228,2345170527,0,0,2266458332,78712195,2345170527
2022-06-16,441,446,427,438,2408180,-0.45454545454545453,0,0,64712,-64712,0,0,0,2379838,28342,2408180,0,0,2315126,93054,2408180,0,0,28479530,-28479530,0,0,0,1038271399,12340503,1050611902,0,0,1009791869,40820033,1050611902
2022-06-17,418,440,417,427,1117979,-2.5114155251141552,0,0,-19745,19745,0,0,0,1061297,56682,1117979,0,0,1081042,36937,1117979,0,0,-7966479,7966479,0,0,0,456191122,23924296,480115418,0,0,464157601,15957817,480115418
2022-06-20,440,440,420,426,1472518,-0.234192037470726,0,0,-275,275,0,0,0,1397982,74536,1472518,0,0,1398257,74261,1472518,0,0,5152,-5152,0,0,0,598383657,31948862,630332519,0,0,598378505,31954014,630332519
2022-06-21,426,448,386,407,4404412,-4.460093896713615,0,0,240524,-240524,0,0,0,4091540,312872,4404412,0,0,3851016,553396,4404412,0,0,103677368,-103677368,0,0,0,1705117842,130137655,1835255497,0,0,1601440474,233815023,1835255497
2022-06-22,411,413,364,371,2987127,-8.845208845208845,0,0,-147427,147427,0,0,0,2528169,458958,2987127,0,0,2675596,311531,2987127,0,0,-54974328,54974328,0,0,0,976542758,175880202,1152422960,0,0,1031517086,120905874,1152422960
2022-06-23,371,371,335,343,2619514,-7.547169811320755,0,0,-493375,493375,0,0,0,1741849,877665,2619514,0,0,2235224,384290,2619514,0,0,-170009079,170009079,0,0,0,609841943,305193024,915034967,0,0,779851022,135183945,915034967
2022-06-24,353,362,344,357,1808359,4.081632653061225,0,0,-383849,383849,0,0,0,1230950,577409,1808359,0,0,1614799,193560,1808359,0,0,-136490359,136490359,0,0,0,436457484,204761666,641219150,0,0,572947843,68271307,641219150
2022-06-27,356,383,356,379,1935309,6.162464985994398,0,11219,-233386,222167,0,0,11219,1492341,431749,1935309,0,0,1725727,209582,1935309,0,4186106,-86374993,82188887,0,0,4186106,556740112,160162268,721088486,0,0,643115105,77973381,721088486
2022-06-28,384,396,367,379,1377969,0.0,0,3710,38341,-42051,0,0,3710,1207017,167242,1377969,0,0,1168676,209293,1377969,0,1395215,15760751,-17155966,0,0,1395215,460930086,63039169,525364470,0,0,445169335,80195135,525364470
2022-06-29,393,409,371,379,3169233,0.0,0,1918,588129,-590047,0,0,1918,2810314,357001,3169233,0,0,2222185,947048,3169233,0,721876,229870104,-230591980,0,0,721876,1087404881,137636496,1225763253,0,0,857534777,368228476,1225763253
2022-06-30,377,377,362,364,1267972,-3.95778364116095,0,1144,16385,-17529,0,0,1144,1043058,223770,1267972,0,0,1026673,241299,1267972,0,420962,6277202,-6698164,0,0,420962,382076429,82204433,464701824,0,0,375799227,88902597,464701824
2022-07-01,363,366,342,344,1056030,-5.4945054945054945,0,299,-148409,148110,0,0,299,817704,238027,1056030,0,0,966113,89917,1056030,0,106357,-51896307,51789950,0,0,106357,285296839,83307851,368711047,0,0,337193146,31517901,368711047
2022-07-04,345,350,329,340,858564,-1.1627906976744187,0,0,-81271,81271,0,0,0,683077,175487,858564,0,0,764348,94216,858564,0,0,-27487986,27487986,0,0,0,229722918,59113734,288836652,0,0,257210904,31625748,288836652
2022-07-05,354,366,343,354,819527,4.117647058823529,0,6194,-104761,98567,0,0,6194,572394,240939,819527,0,0,677155,142372,819527,0,2171903,-36661668,34489765,0,0,2171903,201373264,84546162,288091329,0,0,238034932,50056397,288091329
2022-07-06,359,364,345,355,672653,0.2824858757062147,0,1553,-110380,108827,0,0,1553,485013,186087,672653,0,0,595393,77260,672653,0,552591,-38894680,38342089,0,0,552591,171502907,65619754,237675252,0,0,210397587,27277665,237675252
2022-07-07,355,365,348,362,779208,1.971830985915493,0,2497,-209262,206765,0,0,2497,536089,240622,779208,0,0,745351,33857,779208,0,894133,-74784664,73890531,0,0,894133,192203092,86074461,279171686,0,0,266987756,12183930,279171686
2022-07-08,369,373,362,368,611185,1.6574585635359116,0,984,-105297,104313,0,0,984,444254,165947,611185,0,0,549551,61634,611185,0,361128,-38500116,38138988,0,0,361128,162686680,60752835,223800643,0,0,201186796,22613847,223800643
2022-07-11,370,371,355,357,502273,-2.989130434782609,0,3074,-174041,170967,0,0,3074,308154,191045,502273,0,0,482195,20078,502273,0,1106134,-62407055,61300921,0,0,1106134,110731380,68652486,180490000,0,0,173138435,7351565,180490000
2022-07-12,355,355,340,344,681059,-3.6414565826330536,0,0,-140591,140591,0,0,0,457883,223176,681059,0,0,598474,82585,681059,0,0,-48617909,48617909,0,0,0,158099382,77252690,235352072,0,0,206717291,28634781,235352072
2022-07-13,344,354,339,350,492863,1.744186046511628,0,0,-121476,121476,0,0,0,303510,189353,492863,0,0,424986,67877,492863,0,0,-42443116,42443116,0,0,0,104860571,65685616,170546187,0,0,147303687,23242500,170546187
2022-07-14,352,359,347,358,592078,2.2857142857142856,0,4919,-88491,83572,0,0,4919,441640,145519,592078,0,0,530131,61947,592078,0,1738404,-31119335,29380931,0,0,1738404,155923700,51360410,209022514,0,0,187043035,21979479,209022514
2022-07-15,360,363,347,354,327051,-1.1173184357541899,0,1555,59314,-60869,0,0,1555,289843,35653,327051,0,0,230529,96522,327051,0,546302,20789126,-21335428,0,0,546302,101778824,12488537,114813663,0,0,80989698,33823965,114813663
2022-07-18,360,362,352,356,562800,0.5649717514124294,0,2190,-118035,115845,0,0,2190,394326,166284,562800,0,0,512361,50439,562800,0,782346,-41898456,41116110,0,0,782346,140548478,59175199,200506023,0,0,182446934,18059089,200506023
2022-07-19,358,359,350,357,375785,0.2808988764044944,0,1898,-18592,16694,0,0,1898,322766,51121,375785,0,0,341358,34427,375785,0,676064,-6638996,5962932,0,0,676064,114554754,18167988,133398806,0,0,121193750,12205056,133398806
2022-07-20,365,365,353,358,427452,0.2801120448179272,0,867,9536,-10403,0,0,867,367971,58614,427452,0,0,358435,69017,427452,0,311111,3511781,-3822892,0,0,311111,132055608,20979709,153346428,0,0,128543827,24802601,153346428
2022-07-21,358,363,356,360,476370,0.5586592178770949,0,2926,-39316,36390,0,0,2926,400429,73015,476370,0,0,439745,36625,476370,0,1052381,-14163071,13110690,0,0,1052381,143754995,26236999,171044375,0,0,157918066,13126309,171044375
2022-07-22,361,368,360,360,381676,0.0,0,1013,-17827,16814,0,0,1013,270475,110188,381676,0,0,288302,93374,381676,0,366371,-6538132,6171761,0,0,366371,97858993,39901286,138126650,0,0,104397125,33729525,138126650
2022-07-25,369,369,356,356,336060,-1.1111111111111112,0,0,97979,-97979,0,0,0,313430,22630,336060,0,0,215451,120609,336060,0,0,35158181,-35158181,0,0,0,112618668,8121349,120740017,0,0,77460487,43279530,120740017
2022-07-26,357,357,347,353,484907,-0.8426966292134831,0,0,48062,-48062,0,0,0,445516,39391,484907,0,0,397454,87453,484907,0,0,16930291,-16930291,0,0,0,156193555,13801457,169995012,0,0,139263264,30731748,169995012
2022-07-27,352,354,349,354,323869,0.28328611898017,0,6367,-13098,6731,0,0,6367,282014,35488,323869,0,0,295112,28757,323869,0,2237162,-4571355,2334193,0,0,2237162,98991350,12420729,113649241,0,0,103562705,10086536,113649241
2022-07-28,358,358,350,352,216283,-0.5649717514124294,0,1017,53297,-54314,0,0,1017,213276,1990,216283,0,0,159979,56304,216283,0,358917,18776507,-19135424,0,0,358917,75131736,701922,76192575,0,0,56355229,19837346,76192575
2022-07-29,354,354,346,348,355633,-1.1363636363636365,0,2757,61869,-64626,0,0,2757,348071,4805,355633,0,0,286202,69431,355633,0,964025,21639737,-22603762,0,0,964025,121449874,1677939,124091838,0,0,99810137,24281701,124091838
2022-08-01,350,354,345,350,601721,0.5747126436781609,0,1579,-48590,47011,0,0,1579,529206,70936,601721,0,0,577796,23925,601721,0,553811,-17140729,16586918,0,0,553811,184878903,24926724,210359438,0,0,202019632,8339806,210359438
2022-08-02,351,351,345,349,373809,-0.2857142857142857,0,1829,11328,-13157,0,0,1829,349458,22522,373809,0,0,338130,35679,373809,0,636678,3946118,-4582796,0,0,636678,121495742,7816394,129948814,0,0,117549624,12399190,129948814
2022-08-03,347,357,346,353,631354,1.146131805157593,0,2083,-90503,88420,0,0,2083,527910,101361,631354,0,0,618413,12941,631354,0,733336,-31947790,31214454,0,0,733336,185669129,35738706,222141171,0,0,217616919,4524252,222141171
2022-08-04,356,356,351,353,293063,0.0,0,1936,-14837,12901,0,0,1936,251040,40087,293063,0,0,265877,27186,293063,0,683986,-5230969,4546983,0,0,683986,88702742,14146628,103533356,0,0,93933711,9599645,103533356
2022-08-05,354,355,346,349,291625,-1.13314447592068,0,1862,26718,-28580,0,0,1862,274922,14841,291625,0,0,248204,43421,291625,0,651698,9403117,-10054815,0,0,651698,96108660,5175338,101935696,0,0,86705543,15230153,101935696
2022-08-08,349,349,344,349,315596,0.0,0,1966,-21703,19737,0,0,1966,284441,29189,315596,0,0,306144,9452,315596,0,681565,-7486711,6805146,0,0,681565,98364184,10088160,109133909,0,0,105850895,3283014,109133909
2022-08-09,347,349,343,345,352859,-1.146131805157593,0,1908,25324,-27232,0,0,1908,338477,12474,352859,0,0,313153,39706,352859,0,662076,8741801,-9403877,0,0,662076,116600312,4305111,121567499,0,0,107858511,13708988,121567499
2022-08-10,344,345,340,341,356417,-1.1594202898550725,0,0,-1517,1517,0,0,0,311822,44595,356417,0,0,313339,43078,356417,0,0,-491708,491708,0,0,0,106446326,15217780,121664106,0,0,106938034,14726072,121664106
2022-08-11,341,344,340,344,502924,0.8797653958944283,0,4127,75159,-79286,0,0,4127,424563,74234,502924,0,0,349404,153520,502924,0,1413498,25550115,-26963613,0,0,1413498,144951561,25354202,171719261,0,0,119401446,52317815,171719261
2022-08-12,346,415,341,366,20112223,6.395348837209303,0,2061,446776,-448837,0,0,2445,19239506,870272,20112223,0,384,18792730,1319109,20112223,0,777208,172228768,-173005976,0,0,930808,7474217591,336718404,7811866803,0,153600,7301988823,509724380,7811866803
2022-08-16,371,372,352,357,2621115,-2.459016393442623,0,1601,-208489,206888,0,0,1601,2320253,299261,2621115,0,0,2528742,92373,2621115,0,570903,-74285844,73714941,0,0,570903,826721215,106858630,934150748,0,0,901007059,33143689,934150748
2022-08-17,358,358,350,354,745921,-0.8403361344537815,0,0,15500,-15500,0,0,0,711465,34456,745921,0,0,695965,49956,745921,0,0,5457787,-5457787,0,0,0,250666099,12203733,262869832,0,0,245208312,17661520,262869832
2022-08-18,347,419,347,364,16099928,2.824858757062147,0,0,379764,-379764,0,0,120,15452680,647128,16099928,0,120,15072916,1026892,16099928,0,480,142409154,-142409634,0,0,45720,5917693246,243990919,6161729885,0,45240,5775284092,386400553,6161729885
2022-08-19,360,363,353,356,1554267,-2.197802197802198,0,0,-7317,7317,0,0,0,1398874,155393,1554267,0,0,1406191,148076,1554267,0,0,-2174409,2174409,0,0,0,498549397,55162177,553711574,0,0,500723806,52987768,553711574
2022-08-22,354,354,341,343,880336,-3.651685393258427,0,0,14606,-14606,0,0,0,839176,41160,880336,0,0,824570,55766,880336,0,0,5082332,-5082332,0,0,0,289300668,14189792,303490460,0,0,284218336,19272124,303490460
2022-08-23,341,359,335,359,852635,4.664723032069971,0,0,63002,-63002,0,0,0,778117,74518,852635,0,0,715115,137520,852635,0,0,22415587,-22415587,0,0,0,269332719,25426592,294759311,0,0,246917132,47842179,294759311
2022-08-24,359,359,348,348,712485,-3.064066852367688,0,192,135023,-135215,0,0,192,707247,5046,712485,0,0,572224,140261,712485,0,67968,47687347,-47755315,0,0,67968,248573160,1773352,250414480,0,0,200885813,49528667,250414480
2022-08-25,348,352,345,345,523659,-0.8620689655172413,0,15195,-50197,35002,0,0,15195,441253,67211,523659,0,0,491450,32209,523659,0,5301942,-17488209,12186267,0,0,5301942,153495795,23425770,182223507,0,0,170984004,11239503,182223507
2022-08-26,350,355,344,344,682579,-0.2898550724637681,0,1544,-4644,3100,0,0,1544,633379,47656,682579,0,0,638023,44556,682579,0,537462,-1766562,1229100,0,0,537462,220330156,16745715,237613333,0,0,222096718,15516615,237613333
2022-08-29,336,399,332,351,7432112,2.0348837209302326,0,1446,26249,-27695,0,0,1446,7118238,312428,7432112,0,0,7091989,340123,7432112,0,485856,17241755,-17727611,0,0,485856,2643820119,111410648,2755716623,0,0,2626578364,129138259,2755716623
2022-08-30,351,358,346,351,1354155,0.0,0,0,5600,-5600,0,0,0,1226479,127676,1354155,0,0,1220879,133276,1354155,0,0,2196521,-2196521,0,0,0,431377988,44715292,476093280,0,0,429181467,46911813,476093280
2022-08-31,351,352,346,348,449334,-0.8547008547008548,0,5509,-20852,15343,0,0,5509,399833,43992,449334,0,0,420685,28649,449334,0,1924586,-7237263,5312677,0,0,1924586,139294275,15307559,156526420,0,0,146531538,9994882,156526420
2022-09-01,348,349,330,341,855667,-2.0114942528735633,0,0,36945,-36945,0,0,0,822652,33015,855667,0,0,785707,69960,855667,0,0,12832521,-12832521,0,0,0,279638208,11238630,290876838,0,0,266805687,24071151,290876838
2022-09-02,339,347,338,343,308051,0.5865102639296188,0,1254,12005,-13259,0,0,1254,286769,20028,308051,0,0,274764,33287,308051,0,428389,4155215,-4583604,0,0,428389,98027805,6814150,105270344,0,0,93872590,11397754,105270344
2022-09-05,340,345,336,338,309034,-1.4577259475218658,0,0,11688,-11688,0,0,0,288940,20094,309034,0,0,277252,31782,309034,0,0,4014640,-4014640,0,0,0,98410046,6811673,105221719,0,0,94395406,10826313,105221719
2022-09-06,338,344,337,342,163549,1.183431952662722,0,6644,-25303,18659,0,0,6644,135147,21758,163549,0,0,160450,3099,163549,0,2272456,-8605148,6332692,0,0,2272456,46159931,7394497,55826884,0,0,54765079,1061805,55826884
2022-09-07,342,343,333,335,487825,-2.046783625730994,0,0,90584,-90584,0,0,0,477515,10310,487825,0,0,386931,100894,487825,0,0,30564821,-30564821,0,0,0,160823418,3448240,164271658,0,0,130258597,34013061,164271658
2022-09-08,335,341,334,338,153771,0.8955223880597015,0,2872,11274,-14146,0,0,2872,143804,7095,153771,0,0,132530,21241,153771,0,969215,3834076,-4803291,0,0,969215,48487809,2390714,51847738,0,0,44653733,7194005,51847738
2022-09-13,339,342,335,342,319694,1.183431952662722,0,2861,-82965,80104,0,0,2861,231915,84918,319694,0,0,314880,4814,319694,0,975772,-28222767,27246995,0,0,975772,78799950,28879718,108655440,0,0,107022717,1632723,108655440
2022-09-14,338,341,335,339,314784,-0.8771929824561403,0,1879,-67293,65414,0,0,2099,235474,77211,314784,0,220,302767,11797,314784,0,637018,-22705248,22068230,0,0,711158,79495176,26041583,106247917,0,74140,102200424,3973353,106247917
2022-09-15,341,342,336,338,233716,-0.2949852507374631,0,-3471,10691,-7220,0,0,1916,224398,7402,233716,0,5387,213707,14622,233716,0,-1170620,3615808,-2445188,0,0,650344,75973285,2515760,79139389,0,1820964,72357477,4960948,79139389
2022-09-16,337,341,333,337,308396,-0.2958579881656805,0,-1777,41443,-39666,0,0,92,297256,11048,308396,0,1869,255813,50714,308396,0,-598631,13912995,-13314364,0,0,31188,100216330,3734197,103981715,0,629819,86303335,17048561,103981715
2022-09-19,335,340,329,331,470968,-1.7804154302670623,0,-1869,46915,-45046,0,0,0,463940,7028,470968,0,1869,417025,52074,470968,0,-620084,15665289,-15045205,0,0,0,154268701,2319250,156587951,0,620084,138603412,17364455,156587951
2022-09-20,335,359,334,338,994363,2.1148036253776437,0,5461,-105198,99737,0,0,5461,859404,129498,994363,0,0,964602,29761,994363,0,1856259,-35553053,33696794,0,0,1856259,292961179,43867162,338684600,0,0,328514232,10170368,338684600
2022-09-21,338,344,333,335,343518,-0.8875739644970414,0,-1401,26295,-24894,0,0,1733,313233,28552,343518,0,3134,286938,53446,343518,0,-466478,8979734,-8513256,0,0,583412,105735340,9660379,115979131,0,1049890,96755606,18173635,115979131
2022-09-22,331,333,323,327,443853,-2.3880597014925375,0,-1420,25569,-24149,0,0,0,408873,34980,443853,0,1420,383304,59129,443853,0,-463211,8507026,-8043815,0,0,0,133667843,11402804,145070647,0,463211,125160817,19446619,145070647
2022-09-23,324,327,319,322,413939,-1.529051987767584,0,-2850,365,2485,0,0,0,374596,39343,413939,0,2850,374231,36858,413939,0,-921520,265069,656451,0,0,0,121003456,12624445,133627901,0,921520,120738387,11967994,133627901
2022-09-26,320,320,299,302,464078,-6.211180124223603,0,-1941,5664,-3723,0,0,0,380872,83206,464078,0,1941,375208,86929,464078,0,-594289,1716181,-1121892,0,0,0,117008167,25713873,142722040,0,594289,115291986,26835765,142722040
2022-09-27,300,321,300,309,734299,2.3178807947019866,0,-1869,-157941,159810,0,0,0,512250,222049,734299,0,1869,670191,62239,734299,0,-568889,-47254786,47823675,0,0,0,157778979,66990483,224769462,0,568889,205033765,19166808,224769462
2022-09-28,302,311,297,305,254257,-1.2944983818770228,0,-500,21211,-20711,0,0,1289,215947,37021,254257,0,1789,194736,57732,254257,0,-142877,6442779,-6299902,0,0,395610,65129325,11197839,76722774,0,538487,58686546,17497741,76722774
2022-09-29,305,310,304,304,222054,-0.32786885245901637,0,7181,46979,-54160,0,0,7308,206782,7964,222054,0,127,159803,62124,222054,0,2203205,14408801,-16612006,0,0,2241941,63353040,2432640,68027621,0,38736,48944239,19044646,68027621
2022-09-30,301,304,295,301,214064,-0.9868421052631579,0,-797,-9713,10510,0,0,2941,177607,33516,214064,0,3738,187320,23006,214064,0,-233158,-2927619,3160777,0,0,882745,52965605,10024302,63872652,0,1115903,55893224,6863525,63872652
2022-10-04,302,305,300,301,256628,0.0,0,2050,16523,-18573,0,0,2050,250322,4256,256628,0,0,233799,22829,256628,0,619872,5008818,-5628690,0,0,619872,75525411,1280268,77425551,0,0,70516593,6908958,77425551
2022-10-05,305,308,295,304,744710,0.9966777408637874,0,-111,21356,-21245,0,0,2659,644531,97520,744710,0,2770,623175,118765,744710,0,-20881,6468540,-6447659,0,0,801755,193841941,29416097,224059793,0,822636,187373401,35863756,224059793
2022-10-06,308,319,303,313,1578474,2.9605263157894735,0,2381,110875,-113256,0,0,2381,1423964,152129,1578474,0,0,1313089,265385,1578474,0,737958,34586678,-35324636,0,0,737958,442562559,47073768,490374285,0,0,407975881,82398404,490374285
2022-10-07,312,329,310,313,933684,0.0,0,1766,-23601,21835,0,0,1766,849965,81953,933684,0,0,873566,60118,933684,0,559086,-7096704,6537618,0,0,559086,269731145,25945157,296235388,0,0,276827849,19407539,296235388
2022-10-11,311,312,293,300,448239,-4.15335463258786,0,-5158,104013,-98855,0,0,0,425478,22761,448239,0,5158,321465,121616,448239,0,-1550392,31792241,-30241849,0,0,0,128468143,6833793,135301936,0,1550392,96675902,37075642,135301936
2022-10-12,292,310,292,303,452706,1.0,0,-2049,15726,-13677,0,0,0,408637,44069,452706,0,2049,392911,57746,452706,0,-610983,4899287,-4288304,0,0,0,122974134,13136205,136110339,0,610983,118074847,17424509,136110339
2022-10-13,303,304,280,283,611175,-6.6006600660066,0,-2319,77011,-74692,0,0,740,557841,52594,611175,0,3059,480830,127286,611175,0,-670516,23059814,-22389298,0,0,209720,161509221,15086561,176805502,0,880236,138449407,37475859,176805502
2022-10-14,285,294,283,293,409661,3.53356890459364,0,7166,-103555,96389,0,0,7906,258704,143051,409661,0,740,362259,46662,409661,0,2082453,-29782938,27700485,0,0,2296542,74938989,41247650,118483181,0,214089,104721927,13547165,118483181
2022-10-17,293,299,289,295,388767,0.6825938566552902,0,4637,-14810,10173,0,0,4692,337062,47013,388767,0,55,351872,36840,388767,0,1372958,-4287387,2914429,0,0,1389128,98820961,13773012,113983101,0,16170,103108348,10858583,113983101
2022-10-18,297,303,295,300,334305,1.694915254237288,0,2458,-37802,35344,0,0,2458,288573,43274,334305,0,0,326375,7930,334305,0,732229,-11212634,10480405,0,0,732229,86102505,12867025,99701759,0,0,97315139,2386620,99701759
2022-10-19,300,357,299,311,9996670,3.6666666666666665,0,821,27458,-28279,0,0,821,9217180,778669,9996670,0,0,9189722,806948,9996670,0,251101,19359604,-19610705,0,0,251101,3073663114,253160165,3327074380,0,0,3054303510,272770870,3327074380
2022-10-20,313,379,311,329,19812529,5.787781350482315,0,4436,168855,-173291,0,0,4436,18695136,1112957,19812529,0,0,18526281,1286248,19812529,0,1520683,65779426,-67300109,0,0,1520683,6517105553,374530909,6893157145,0,0,6451326127,441831018,6893157145
2022-10-21,324,336,317,321,3289271,-2.43161094224924,0,-11073,241098,-230025,0,0,250,3021481,267540,3289271,0,11323,2780383,497565,3289271,0,-3546062,79722224,-76176162,0,0,81040,981455408,86762836,1068299284,0,3627102,901733184,162938998,1068299284
2022-10-24,322,327,297,309,1585513,-3.7383177570093453,0,-1242,-80856,82098,0,0,462,1474786,110265,1585513,0,1704,1555642,28167,1585513,0,-393141,-25652597,26045738,0,0,143691,464091199,34931772,499166662,0,536832,489743796,8886034,499166662
2022-10-25,310,314,300,302,959628,-2.26537216828479,0,2739,58731,-61470,0,0,4630,898008,56990,959628,0,1891,839277,118460,959628,0,841512,18385498,-19227010,0,0,1413202,274064923,17421027,292899152,0,571690,255679425,36648037,292899152
2022-10-26,302,310,297,298,1079338,-1.3245033112582782,0,210,-111639,111429,0,0,210,812589,266539,1079338,0,0,924228,155110,1079338,0,62610,-33281858,33219248,0,0,62610,244810738,80231340,325104688,0,0,278092596,47012092,325104688
2022-10-27,299,305,298,305,256623,2.348993288590604,0,6422,-42508,36086,0,0,6422,205101,45100,256623,0,0,247609,9014,256623,0,1941661,-12820420,10878759,0,0,1941661,61933784,13617535,77492980,0,0,74754204,2738776,77492980
2022-10-28,304,330,299,311,5467885,1.9672131147540985,0,-5410,413849,-408439,0,0,1051,5219371,247463,5467885,0,6461,4805522,655902,5467885,0,-1653912,133844996,-132191084,0,0,317554,1660550740,77732998,1738601292,0,1971466,1526705744,209924082,1738601292
2022-10-31,310,317,293,300,1924361,-3.536977491961415,0,2390,11961,-14351,0,0,4258,1791398,128705,1924361,0,1868,1779437,143056,1924361,0,723042,3723732,-4446774,0,0,1283449,540423701,38691045,580398195,0,560407,536699969,43137819,580398195
2022-11-01,305,310,299,308,877719,2.666666666666667,0,2057,-67034,64977,0,0,2137,740154,135428,877719,0,80,807188,70451,877719,0,629696,-20501228,19871532,0,0,654336,226366797,41390012,268411145,0,24640,246868025,21518480,268411145
2022-11-02,308,310,303,306,482464,-0.6493506493506493,0,712,24412,-25124,0,0,1512,458154,22798,482464,0,800,433742,47922,482464,0,217872,7499451,-7717323,0,0,462672,140091072,6947628,147501372,0,244800,132591621,14664951,147501372
2022-11-03,301,307,296,304,497368,-0.6535947712418301,0,809,41494,-42303,0,0,809,490795,5764,497368,0,0,449301,48067,497368,0,245894,12607540,-12853434,0,0,245894,148459532,1730758,150436184,0,0,135851992,14584192,150436184
2022-11-04,306,306,301,305,308713,0.3289473684210526,0,-4825,-9239,14064,0,0,11,268942,39760,308713,0,4836,278181,25696,308713,0,-1461759,-2823829,4285588,0,0,3328,81693431,12099042,93795801,0,1465087,84517260,7813454,93795801
2022-11-07,305,313,303,310,669892,1.639344262295082,0,-4946,-22264,27210,0,0,0,601954,67938,669892,0,4946,624218,40728,669892,0,-1533260,-6747272,8280532,0,0,0,185651811,20885998,206537809,0,1533260,192399083,12605466,206537809
2022-11-08,311,319,306,317,1088887,2.258064516129032,0,-1301,-98706,100007,0,0,0,964706,124181,1088887,0,1301,1063412,24174,1088887,0,-405760,-30978959,31384719,0,0,0,302955500,38956784,341912284,0,405760,333934459,7572065,341912284
2022-11-09,317,323,314,321,742379,1.2618296529968454,0,-1993,-31414,33407,0,0,0,627415,114964,742379,0,1993,658829,81557,742379,0,-630580,-10288055,10918635,0,0,0,199121593,36726279,235847872,0,630580,209409648,25807644,235847872
2022-11-10,314,328,311,322,665398,0.3115264797507788,0,-1868,-145300,147168,0,0,0,514711,150687,665398,0,1868,660011,3519,665398,0,-594100,-45774272,46368372,0,0,0,164429126,47487367,211916493,0,594100,210203398,1118995,211916493
2022-11-11,323,332,318,322,704171,0.0,0,12581,37837,-50418,0,0,13599,643718,46854,704171,0,1018,605881,97272,704171,0,4071578,12658979,-16730557,0,0,4399346,208544577,15085207,228029130,0,327768,195885598,31815764,228029130
2022-11-14,321,330,319,326,811779,1.2422360248447204,0,1971,-143855,141884,0,0,1971,643978,165830,811779,0,0,787833,23946,811779,0,640795,-46391028,45750233,0,0,640795,208697212,53543624,262881631,0,0,255088240,7793391,262881631
2022-11-15,326,351,323,338,3114387,3.6809815950920246,0,2325,-187560,185235,0,0,2325,2688897,423165,3114387,0,0,2876457,237930,3114387,0,787493,-61573448,60785955,0,0,787493,916546473,142684209,1060018175,0,0,978119921,81898254,1060018175
2022-11-16,338,339,320,324,1054624,-4.142011834319527,0,-4261,34860,-30599,0,0,1244,1010252,43128,1054624,0,5505,975392,73727,1054624,0,-1380849,11501592,-10120743,0,0,406759,329915919,14072347,344395025,0,1787608,318414327,24193090,344395025
2022-11-17,327,327,310,319,797331,-1.5432098765432098,0,-2530,13165,-10635,0,0,0,687190,110141,797331,0,2530,674025,120776,797331,0,-802484,4286846,-3484362,0,0,0,217998210,34940211,252938421,0,802484,213711364,38424573,252938421
2022-11-18,319,329,319,324,681681,1.5673981191222568,0,-2066,-180,2246,0,0,89,633152,48440,681681,0,2155,633332,46194,681681,0,-667482,36863,630619,0,0,28836,205242924,15602100,220873860,0,696318,205206061,14971481,220873860
2022-11-21,321,323,315,316,287418,-2.4691358024691357,0,-1868,18401,-16533,0,0,0,277821,9597,287418,0,1868,259420,26130,287418,0,-595666,5917722,-5322056,0,0,0,88473915,3054197,91528112,0,595666,82556193,8376253,91528112
2022-11-22,312,316,307,308,340451,-2.5316455696202533,0,-2022,-2870,4892,0,0,0,322130,18321,340451,0,2022,325000,13429,340451,0,-624370,-907213,1531583,0,0,0,99931107,5707758,105638865,0,624370,100838320,4176175,105638865
2022-11-23,307,315,307,312,165446,1.2987012987012987,0,8293,-28490,20197,0,0,8293,132364,24789,165446,0,0,160854,4592,165446,0,2607555,-8907864,6300309,0,0,2607555,41287301,7729422,51624278,0,0,50195165,1429113,51624278
2022-11-24,317,328,313,319,909288,2.2435897435897436,0,7453,-171936,164483,0,0,7453,718789,183046,909288,0,0,890725,18563,909288,0,2381350,-54396263,52014913,0,0,2381350,229843208,57956540,290181098,0,0,284239471,5941627,290181098
2022-11-25,320,323,315,315,218995,-1.2539184952978055,0,-7049,-1798,8847,0,0,0,204833,14162,218995,0,7049,206631,5315,218995,0,-2255387,-545262,2800649,0,0,0,65247582,4506772,69754354,0,2255387,65792844,1706123,69754354
2022-11-28,315,317,311,315,345181,0.0,0,-4292,26737,-22445,0,0,0,336612,8569,345181,0,4292,309875,31014,345181,0,-1344153,8365084,-7020931,0,0,0,105454401,2687264,108141665,0,1344153,97089317,9708195,108141665
2022-11-29,311,322,311,322,589133,2.2222222222222223,0,-234,-49556,49790,0,0,0,515040,74093,589133,0,234,564596,24303,589133,0,-74472,-15733640,15808112,0,0,0,163497205,23534479,187031684,0,74472,179230845,7726367,187031684
2022-11-30,322,322,314,318,469648,-1.2422360248447204,0,10467,-33300,22833,0,0,10467,433484,25697,469648,0,0,466784,2864,469648,0,3334899,-10561107,7226208,0,0,3334899,137568031,8146204,149049134,0,0,148129138,919996,149049134
2022-12-01,320,329,318,322,678490,1.257861635220126,0,2497,-143009,140512,0,0,2497,515623,160370,678490,0,0,658632,19858,678490,0,805243,-46190995,45385752,0,0,805243,165941987,51804465,218551695,0,0,212132982,6418713,218551695
2022-12-02,326,326,316,317,373572,-1.5527950310559007,0,-5719,10523,-4804,0,0,631,323197,49744,373572,0,6350,312674,54548,373572,0,-1820350,3368786,-1548436,0,0,203182,103220730,15883568,119307480,0,2023532,99851944,17432004,119307480
2022-12-05,319,389,319,360,34731160,13.564668769716087,0,-2396,695926,-693530,0,0,734,32746740,1983686,34731160,0,3130,32050814,2677216,34731160,0,-862151,266190475,-265328324,0,0,269542,12005460412,712338573,12718068527,0,1131693,11739269937,977666897,12718068527
2022-12-06,356,375,341,357,8294931,-0.8333333333333334,0,-2322,-70965,73287,0,0,0,7168307,1126624,8294931,0,2322,7239272,1053337,8294931,0,-821211,-17246587,18067798,0,0,0,2551332178,396699385,2948031563,0,821211,2568578765,378631587,2948031563
2022-12-07,350,377,343,362,6945323,1.400560224089636,0,8253,-217415,209162,0,0,10114,5931672,1003537,6945323,0,1861,6149087,794375,6945323,0,3005199,-75846970,72841771,0,0,3672000,2149917831,361706763,2515296594,0,666801,2225764801,288864992,2515296594
2022-12-08,366,368,341,344,2416598,-4.972375690607735,0,-1906,327799,-325893,0,0,0,2293582,123016,2416598,0,1906,1965783,448909,2416598,0,-660376,116618777,-115958401,0,0,0,804907608,42931012,847838620,0,660376,688288831,158889413,847838620
2022-12-09,341,447,337,447,38976145,29.941860465116278,0,1073,358552,-359625,0,0,1780,37641386,1332979,38976145,0,707,37282834,1692604,38976145,0,452336,143983543,-144435879,0,0,724744,15279868465,521195276,15801788485,0,272408,15135884922,665631155,15801788485
2022-12-12,487,493,410,430,29794229,-3.803131991051454,3,2572,197866,-200441,0,3,2572,28127543,1664111,29794229,0,0,27929677,1864552,29794229,1266,1130343,110223216,-111354825,0,1266,1130343,12790172066,731813498,13523117173,0,0,12679948850,843168323,13523117173
2022-12-13,436,436,385,385,12728277,-10.465116279069768,-3,1312,-591446,590137,0,0,1312,11016473,1710492,12728277,3,0,11607919,1120355,12728277,-1191,528087,-235151927,234625031,0,0,528087,4478746200,691221727,5170496014,1191,0,4713898127,456596696,5170496014
2022-12-14,393,415,376,385,8996761,0.0,0,2510,445562,-448072,0,0,2510,8017221,977030,8996761,0,0,7571659,1425102,8996761,0,963145,178496306,-179459451,0,0,963145,3140826098,382796610,3524585853,0,0,2962329792,562256061,3524585853
2022-12-15,385,393,374,376,4035596,-2.3376623376623376,0,1190,-144647,143457,0,0,1190,3500096,534310,4035596,0,0,3644743,390853,4035596,0,457106,-55079641,54622535,0,0,457106,1337156912,204506353,1542120371,0,0,1392236553,149883818,1542120371
2022-12-16,369,385,364,370,3745518,-1.5957446808510638,0,3977,282784,-286761,0,0,3977,3332927,408614,3745518,0,0,3050143,695375,3745518,0,1482355,107464966,-108947321,0,0,1482355,1245336716,151517798,1398336869,0,0,1137871750,260465119,1398336869
2022-12-19,372,375,355,361,2154532,-2.4324324324324325,0,-8989,91035,-82046,0,0,3627,1921290,229615,2154532,0,12616,1830255,311661,2154532,0,-3220907,34105187,-30884280,0,0,1306756,699504971,83517746,784329473,0,4527663,665399784,114402026,784329473
2022-12-20,357,361,340,347,2403035,-3.8781163434903045,0,-313,-290618,290931,0,0,1160,1947706,454169,2403035,0,1473,2238324,163238,2403035,0,-110634,-100447244,100557878,0,0,400374,679313763,158028419,837742556,0,511008,779761007,57470541,837742556
2022-12-21,350,353,340,347,1147972,0.0,0,-270,-9076,9346,0,0,1144,1010269,136559,1147972,0,1414,1019345,127213,1147972,0,-86336,-3237762,3324098,0,0,399827,349589828,47439852,397429507,0,486163,352827590,44115754,397429507
2022-12-22,350,451,348,403,81869672,16.138328530259365,0,-3111,234338,-231227,0,2392,99510,79495792,2271978,81869672,2392,102621,79261454,2503205,81869672,-1160,893382,77971539,-78863761,0,1072596,44232003,33580116992,960796132,34586217723,1073756,43338621,33502145453,1039659893,34586217723
2022-12-23,408,523,405,456,142140872,13.151364764267989,0,13389,40875,-54264,0,956,390728,137318652,4430536,142140872,956,377339,137277777,4484800,142140872,0,5475000,45927133,-51402133,0,499988,184252444,65107962492,2036073599,67328788523,499988,178777444,65062035359,2087475732,67328788523
2022-12-26,468,485,421,428,48875467,-6.140350877192982,0,-3458,-235993,239451,0,0,4191,46603281,2267995,48875467,0,7649,46839274,2028544,48875467,0,-1503462,-73304813,74808275,0,0,2006689,21193907164,1001243915,22197157768,0,3510151,21267211977,926435640,22197157768
2022-12-27,441,465,425,425,22830833,-0.7009345794392523,0,-756,491423,-490667,0,0,2818,22037176,790839,22830833,0,3574,21545753,1281506,22830833,0,-308317,222023254,-221714937,0,0,1248945,9751979828,348284302,10101513075,0,1557262,9529956574,569999239,10101513075
2022-12-28,436,438,406,414,8390963,-2.588235294117647,0,-9224,-314066,323290,0,0,7933,7657284,725746,8390963,0,17157,7971350,402456,8390963,0,-3733651,-128152140,131885791,0,0,3302876,3219781334,302082696,3525166906,0,7036527,3347933474,170196905,3525166906
2022-12-29,408,470,405,436,46360983,5.314009661835748,15305,4779,-86407,66323,0,15305,6639,43927961,2411078,46360983,0,1860,44014368,2344755,46360983,6642370,2165726,-21255728,12447632,0,6642370,2995753,19621556045,1063353955,20694548123,0,830027,19642811773,1050906323,20694548123
2023-01-02,440,456,415,429,13410390,-1.6055045871559634,-15305,-8284,328713,-305124,0,0,790,12533764,875836,13410390,15305,9074,12205051,1180960,13410390,-6581150,-3570335,147448089,-137296604,0,0,340490,5458789959,379262512,5838392961,6581150,3910825,5311341870,516559116,5838392961
2023-01-03,438,438,404,408,6532099,-4.895104895104895,0,800,22576,-23376,0,0,941,6214966,316192,6532099,0,141,6192390,339568,6532099,0,328893,10824523,-11153416,0,0,386280,2583515350,129717666,2713619296,0,57387,2572690827,140871082,2713619296
2023-01-04,409,433,401,413,7839713,1.2254901960784315,0,-173,-174134,174307,0,0,427,7109903,729383,7839713,0,600,7284037,555076,7839713,0,-64168,-68816596,68880764,0,0,177632,2952370748,300869124,3253417504,0,241800,3021187344,231988360,3253417504
2023-01-05,424,438,405,407,8348471,-1.4527845036319613,0,973,167695,-168668,0,0,973,7937294,410204,8348471,0,0,7769599,578872,8348471,0,400039,72430608,-72830647,0,0,400039,3360254522,173883665,3534538226,0,0,3287823914,246714312,3534538226
2023-01-06,410,423,404,407,4004997,0.0,0,630,-69495,68865,0,0,630,3676179,328188,4004997,0,0,3745674,259323,4004997,0,256725,-27652254,27395529,0,0,256725,1509857101,134338977,1644452803,0,0,1537509355,106943448,1644452803
2023-01-09,413,424,407,424,3431777,4.176904176904177,0,1417,-774038,772621,0,0,1417,2508056,922304,3431777,0,0,3282094,149683,3431777,0,593431,-322033320,321439889,0,0,593431,1046070566,383788872,1430452869,0,0,1368103886,62348983,1430452869
2023-01-10,428,429,404,409,3966337,-3.5377358490566038,0,831,824533,-825364,0,0,831,3849306,116200,3966337,0,0,3024773,941564,3966337,0,338632,340668848,-341007480,0,0,338632,1581369277,47889535,1629597444,0,0,1240700429,388897015,1629597444
2023-01-11,409,487,404,434,33727067,6.112469437652812,0,4913,-63202,58289,0,0,29917,32823228,873922,33727067,0,25004,32886430,815633,33727067,0,2084257,-23077155,20992898,0,0,13282895,14647936529,381263223,15042482647,0,11198638,14671013684,360270325,15042482647
2023-01-12,434,443,424,424,6999464,-2.3041474654377883,0,1016,-60463,59447,0,0,1016,6318615,679833,6999464,0,0,6379078,620386,6999464,0,438574,-24114754,23676180,0,0,438574,2728513623,292443780,3021395977,0,0,2752628377,268767600,3021395977
2023-01-13,423,430,419,422,2915081,-0.4716981132075472,0,-10411,75372,-64961,0,0,949,2632898,281234,2915081,0,11360,2557526,346195,2915081,0,-4399135,32553401,-28154266,0,0,400478,1113373344,118663889,1232437711,0,4799613,1080819943,146818155,1232437711
2023-01-16,423,432,420,427,2700159,1.1848341232227488,0,905,-464511,463606,0,0,905,2094092,605162,2700159,0,0,2558603,141556,2700159,0,386570,-198523037,198136467,0,0,386570,894892430,258652195,1153931195,0,0,1093415467,60515728,1153931195
2023-01-17,427,434,422,433,3022206,1.405152224824356,0,-1343,-185785,187128,0,0,13300,2607811,401095,3022206,0,14643,2793596,213967,3022206,0,-525213,-79619029,80144242,0,0,5732300,1117744261,171692915,1295169476,0,6257513,1197363290,91548673,1295169476
2023-01-18,431,431,408,414,3450012,-4.387990762124711,0,-1815,667031,-665216,0,0,0,3257119,192893,3450012,0,1815,2590088,858109,3450012,0,-759310,281972111,-281212801,0,0,0,1366339182,80611949,1446951131,0,759310,1084367071,361824750,1446951131
2023-01-19,413,447,394,418,14671908,0.966183574879227,0,-2370,17230,-14860,0,0,54,13968525,703329,14671908,0,2424,13951295,718189,14671908,0,-1004752,7633519,-6628767,0,0,23859,5985559187,296840071,6282423117,0,1028611,5977925668,303468838,6282423117
2023-01-20,416,425,406,410,3025353,-1.9138755980861244,0,-9,54155,-54146,0,0,0,2801871,223482,3025353,0,9,2747716,277628,3025353,0,-3699,24177616,-24173917,0,0,0,1160730294,92066884,1252797178,0,3699,1136552678,116240801,1252797178
2023-01-25,410,415,399,403,2409009,-1.707317073170732,0,200,-11528,11328,0,0,200,2199327,209482,2409009,0,0,2210855,198154,2409009,0,80400,-4478230,4397830,0,0,80400,895184859,85646688,980911947,0,0,899663089,81248858,980911947
2023-01-26,403,405,398,401,1644550,-0.49627791563275436,0,4140,-24822,20682,0,0,4140,1454867,185543,1644550,0,0,1479689,164861,1644550,0,1659910,-9906031,8246121,0,0,1659910,582832959,74342157,658835026,0,0,592738990,66096036,658835026
2023-01-27,401,407,399,399,1007296,-0.4987531172069825,0,7,48726,-48733,0,0,7,976805,30484,1007296,0,0,928079,79217,1007296,0,2793,19605812,-19608605,0,0,2793,392145000,12257543,404405336,0,0,372539188,31866148,404405336
2023-01-30,396,401,385,387,1812053,-3.007518796992481,0,523,4977,-5500,0,0,523,1728473,83057,1812053,0,0,1723496,88557,1812053,0,203069,1969306,-2172375,0,0,203069,676143223,32621969,708968261,0,0,674173917,34794344,708968261
2023-01-31,385,391,381,385,906797,-0.516795865633075,0,2519,-38369,35850,0,0,2723,768016,136058,906797,0,204,806385,100208,906797,0,973270,-14953872,13980602,0,0,1052014,295880503,52616663,349549180,0,78744,310834375,38636061,349549180
2023-02-01,388,394,380,387,1154904,0.5194805194805194,0,44,-110190,110146,0,0,2153,1015011,137740,1154904,0,2109,1125201,27594,1154904,0,24703,-42549283,42524580,0,0,836247,392238583,53186147,446260977,0,811544,434787866,10661567,446260977
2023-02-02,389,397,386,392,1176171,1.2919896640826873,0,4014,-272984,268970,0,0,4104,868171,303896,1176171,0,90,1141155,34926,1176171,0,1579480,-106968199,105388719,0,0,1615090,340212898,119099455,460927443,0,35610,447181097,13710736,460927443
2023-02-03,394,397,384,385,801969,-1.7857142857142856,0,4013,11799,-15812,0,0,4013,741561,56395,801969,0,0,729762,72207,801969,0,1557136,4797580,-6354716,0,0,1557136,287906486,21824250,311287872,0,0,283108906,28178966,311287872
2023-02-06,386,395,383,395,757281,2.5974025974025974,0,-18654,7561,11093,0,0,741,648518,108022,757281,0,19395,640957,96929,757281,0,-7177893,3395157,3782736,0,0,286707,251503604,41602485,293392796,0,7464600,248108447,37819749,293392796
2023-02-07,391,397,386,390,650824,-1.2658227848101267,0,5635,18716,-24351,0,0,5635,583802,61387,650824,0,0,565086,85738,650824,0,2195439,7423088,-9618527,0,0,2195439,227484702,23859027,253539168,0,0,220061614,33477554,253539168
2023-02-08,391,393,387,388,948894,-0.5128205128205128,0,6711,39256,-45967,0,0,6711,894871,47312,948894,0,0,855615,93279,948894,0,2616805,15301989,-17918794,0,0,2616805,348840734,18425544,369883083,0,0,333538745,36344338,369883083
2023-02-09,391,413,391,400,4213663,3.0927835051546393,0,-1823,23161,-21338,0,0,4320,3858081,351262,4213663,0,6143,3834920,372600,4213663,0,-733295,11255104,-10521809,0,0,1732680,1557305319,140669340,1699707339,0,2465975,1546050215,151191149,1699707339
2023-02-10,403,439,396,401,8671207,0.25,0,-2394,293209,-290815,0,0,479,7858493,812235,8671207,0,2873,7565284,1103050,8671207,0,-978355,128539050,-127560695,0,0,192637,3275876491,339355081,3615424209,0,1170992,3147337441,466915776,3615424209
2023-02-13,401,425,395,410,2680558,2.2443890274314215,0,-664,53042,-52378,0,0,541,2539061,140956,2680558,0,1205,2486019,193334,2680558,0,-256796,21940663,-21683867,0,0,221810,1032945711,57098328,1090265849,0,478606,1011005048,78782195,1090265849
2023-02-14,406,415,400,401,1170076,-2.195121951219512,0,-3354,-108311,111665,0,0,48,1041414,128614,1170076,0,3402,1149725,16949,1170076,0,-1356611,-43990343,45346954,0,0,19200,421148064,52170317,473337581,0,1375811,465138407,6823363,473337581
2023-02-15,401,401,380,385,1495165,-3.99002493765586,0,-1458,-2489,3947,0,0,1405,1325652,168108,1495165,0,2863,1328141,164161,1495165,0,-572390,-346664,919054,0,0,542280,517849340,65381753,583773373,0,1114670,518196004,64462699,583773373
2023-02-16,384,395,382,388,796124,0.7792207792207793,0,3876,-66688,62812,0,0,3876,635711,156537,796124,0,0,702399,93725,796124,0,1505738,-25373711,23867973,0,0,1505738,246862503,60411528,308779769,0,0,272236214,36543555,308779769
2023-02-17,386,402,379,400,1156585,3.0927835051546393,0,212634,-187730,-24904,0,0,217612,838548,100425,1156585,0,4978,1026278,125329,1156585,0,84219476,-74355792,-9863684,0,0,86118242,323698828,38463154,448280224,0,1898766,398054620,48326838,448280224
2023-02-20,400,400,386,389,996358,-2.75,0,-214267,49747,164520,0,0,548,769964,225846,996358,0,214815,720217,61326,996358,0,-83885101,19864837,64020264,0,0,214930,301253275,88025461,389493666,0,84100031,281388438,24005197,389493666
2023-02-21,389,393,387,388,752740,-0.2570694087403599,0,3816,133858,-137674,0,0,3816,715507,33417,752740,0,0,581649,171091,752740,0,1487344,52158241,-53645585,0,0,1487344,278581417,12988324,293057085,0,0,226423176,66633909,293057085
2023-02-22,386,386,370,374,1268835,-3.608247422680412,0,-6660,-61283,67943,0,0,704,1180522,87609,1268835,0,7364,1241805,19666,1268835,0,-2520526,-23405642,25926168,0,0,268162,446382953,33368274,480019389,0,2788688,469788595,7442106,480019389
2023-02-23,371,377,366,375,872677,0.267379679144385,0,7116,-70492,63376,0,0,7585,740754,124338,872677,0,469,811246,60962,872677,0,2663008,-26251623,23588615,0,0,2836285,276715494,46410661,325962440,0,173277,302967117,22822046,325962440
2023-02-24,378,379,370,374,757545,-0.26666666666666666,0,-3128,-37624,40752,0,0,1933,666869,88743,757545,0,5061,704493,47991,757545,0,-1157530,-14038519,15196049,0,0,721985,248517396,33143135,282382516,0,1879515,262555915,17947086,282382516
2023-02-27,370,375,365,366,467916,-2.13903743315508,0,-1983,474,1509,0,0,725,406710,60481,467916,0,2708,406236,58972,467916,0,-728137,238143,489994,0,0,266105,149385498,22220754,171872357,0,994242,149147355,21730760,171872357
2023-02-28,366,374,360,370,533291,1.092896174863388,0,8356,-150498,142142,0,0,8356,347904,177031,533291,0,0,498402,34889,533291,0,3082733,-55361503,52278770,0,0,3082733,128003248,65167985,196253966,0,0,183364751,12889215,196253966
2023-03-02,373,388,367,378,1019279,2.1621621621621623,0,4106,-163774,159668,0,0,5526,805918,207835,1019279,0,1420,969692,48167,1019279,0,1555755,-61551085,59995330,0,0,2078315,302946871,78195547,383220733,0,522560,364497956,18200217,383220733
2023-03-03,380,386,366,373,835340,-1.3227513227513228,0,2924,117315,-120239,0,0,3424,726449,105467,835340,0,500,609134,225706,835340,0,1102132,44213957,-45316089,0,0,1287132,272717829,39850450,313855411,0,185000,228503872,85166539,313855411
2023-03-06,378,378,365,369,645589,-1.0723860589812333,0,1354,17792,-19146,0,0,3356,534196,108037,645589,0,2002,516404,127183,645589,0,499755,6517895,-7017650,0,0,1239351,197383185,39987455,238609991,0,739596,190865290,47005105,238609991
2023-03-07,368,370,340,360,1319670,-2.4390243902439024,30571,-835,-128509,98773,0,32571,4539,1101605,180955,1319670,2000,5374,1230114,82182,1319670,10741850,-289182,-45100806,34648138,0,11461850,1625504,392435561,64070213,469593128,720000,1914686,437536367,29422075,469593128
2023-03-08,360,387,356,372,1915606,3.3333333333333335,-9401,-7630,-81154,98185,0,21170,106,1605804,288526,1915606,30571,7736,1686958,190341,1915606,-3994006,-2807000,-28850820,35651826,0,7706187,39809,600144856,107305763,715196615,11700193,2846809,628995676,71653937,715196615
2023-03-09,372,375,358,360,818242,-3.225806451612903,0,-2293,-122905,125198,0,0,348,645754,172140,818242,0,2641,768659,46942,818242,0,-827075,-44140397,44967472,0,0,125628,234160505,62018851,296304984,0,952703,278300902,17051379,296304984
2023-03-10,357,358,345,345,779102,-4.166666666666666,0,101,46093,-46194,0,1,101,701642,77358,779102,1,0,655549,123552,779102,1,35148,16199797,-16234946,0,352,35148,244049561,26956808,271041869,351,0,227849764,43191754,271041869
2023-03-13,340,355,328,341,857938,-1.1594202898550725,0,812,17078,-17890,0,0,812,698799,158327,857938,0,0,681721,176217,857938,0,278236,4959958,-5238194,0,0,278236,237424323,53898714,291601273,0,0,232464365,59136908,291601273
2023-03-14,336,341,328,329,477231,-3.519061583577713,0,-2169,10459,-8290,0,0,342,395148,81741,477231,0,2511,384689,90031,477231,0,-724182,3826221,-3102039,0,0,114263,131315257,27093626,158523146,0,838445,127489036,30195665,158523146
2023-03-15,329,341,329,338,314492,2.735562310030395,0,-5082,-102383,107465,0,0,143,202589,111760,314492,0,5225,304972,4295,314492,0,-1712697,-34501318,36214015,0,0,48309,68049107,37661289,105758705,0,1761006,102550425,1447274,105758705
2023-03-16,338,338,324,324,621211,-4.142011834319527,0,10221,-103869,93648,0,1,12363,458917,149930,621211,1,2142,562786,56282,621211,2,3398827,-34117523,30718694,0,328,4104208,150652713,49374771,204132020,326,705381,184770236,18656077,204132020
2023-03-17,325,330,325,328,239858,1.2345679012345678,0,13836,-90238,76402,0,0,13836,149580,76442,239858,0,0,239818,40,239858,0,4550320,-29560888,25010568,0,0,4550320,49020594,25023710,78594624,0,0,78581482,13142,78594624
2023-03-20,329,339,328,335,323510,2.1341463414634148,0,2651,-73967,71316,0,0,2651,236704,84155,323510,0,0,310671,12839,323510,0,887123,-24621135,23734012,0,0,887123,78951137,28025599,107863859,0,0,103572272,4291587,107863859
2023-03-21,335,340,323,328,528325,-2.0895522388059704,0,6267,174366,-180633,0,0,6267,495899,26159,528325,0,0,321533,206792,528325,0,2058115,57367336,-59425451,0,0,2058115,162683498,8625000,173366613,0,0,105316162,68050451,173366613
2023-03-22,328,332,313,316,907159,-3.6585365853658534,15974,-5310,-43950,33286,0,15974,1016,817753,72416,907159,0,6326,861703,39130,907159,4999862,-1678795,-13748158,10427091,0,4999862,322379,259643691,22969969,287935901,0,2001174,273391849,12542878,287935901
2023-03-23,316,320,313,314,413503,-0.6329113924050633,0,-3247,80332,-77085,0,0,203,402315,10985,413503,0,3450,321983,88070,413503,0,-1028835,25387583,-24358748,0,0,64005,127246274,3480295,130790574,0,1092840,101858691,27839043,130790574
2023-03-24,314,324,312,319,372562,1.5923566878980893,0,10204,-127837,117633,0,0,10204,242715,119643,372562,0,0,370552,2010,372562,0,3273643,-40855532,37581889,0,0,3273643,77375802,38213391,118862836,0,0,118231334,631502,118862836
2023-03-27,320,332,309,327,550464,2.507836990595611,0,5854,37457,-43311,0,0,8415,466189,75860,550464,0,2561,428732,119171,550464,0,1831940,11772187,-13604127,0,0,2672624,148091247,24290352,175054223,0,840684,136319060,37894479,175054223
2023-03-28,327,332,322,330,399757,0.9174311926605505,0,856,-32475,31619,0,0,3273,354336,42148,399757,0,2417,386811,10529,399757,0,274607,-10537074,10262467,0,0,1073084,116369397,13727875,131170356,0,798477,126906471,3465408,131170356
2023-03-29,333,338,315,334,604423,1.2121212121212122,0,6549,-16896,10347,0,0,6689,483522,114212,604423,0,140,500418,103865,604423,0,2129522,-5608015,3478493,0,0,2176162,157989015,37526165,197691342,0,46640,163597030,34047672,197691342
2023-03-30,336,338,331,334,418969,0.0,0,3698,-6482,2784,0,0,3698,392322,22949,418969,0,0,398804,20165,418969,0,1234599,-2145719,911120,0,0,1234599,130904869,7642025,139781493,0,0,133050588,6730905,139781493
2023-03-31,331,335,327,330,233449,-1.1976047904191618,0,43,53044,-53087,0,0,43,232763,643,233449,0,0,179719,53730,233449,0,14147,17497842,-17511989,0,0,14147,76781483,211643,77007273,0,0,59283641,17723632,77007273
2023-04-03,330,332,323,330,385568,0.0,0,6298,-81188,74890,0,0,6298,280619,98651,385568,0,0,361807,23761,385568,0,2079218,-26691754,24612536,0,0,2079218,91898160,32368261,126345639,0,0,118589914,7755725,126345639
2023-04-04,331,338,323,334,446786,1.2121212121212122,0,738,-137338,136600,0,0,3100,291571,152115,446786,0,2362,428909,15515,446786,0,243524,-45647936,45404412,0,0,1032692,96641173,50513071,148186936,0,789168,142289109,5108659,148186936
2023-04-05,334,335,330,334,205164,0.0,0,6449,44731,-51180,0,0,6449,196975,1740,205164,0,0,152244,52920,205164,0,2147107,14886545,-17033652,0,0,2147107,65540203,578332,68265642,0,0,50653658,17611984,68265642
2023-04-06,336,336,325,335,442319,0.29940119760479045,0,377,107886,-108263,0,0,377,441056,886,442319,0,0,333170,109149,442319,0,125239,35724071,-35849310,0,0,125239,145931166,292038,146348443,0,0,110207095,36141348,146348443
2023-04-07,337,432,333,360,46989380,7.462686567164178,-15974,-23302,782334,-743058,0,0,725,44940413,2048242,46989380,15974,24027,44158079,2791300,46989380,-5527004,-9046884,319221351,-304647463,0,0,261217,17769160134,799786504,18569207855,5527004,9308101,17449938783,1104433967,18569207855
2023-04-10,365,420,362,380,22352846,5.555555555555555,0,397,151736,-152133,0,0,900,20542344,1809602,22352846,0,503,20390608,1961735,22352846,0,139149,80608217,-80747366,0,0,340839,8046899934,698284074,8745524847,0,201690,7966291717,779031440,8745524847
2023-04-11,374,379,354,362,3859195,-4.736842105263158,0,13720,-382973,369253,0,0,13720,3340773,504702,3859195,0,0,3723746,135449,3859195,0,5053387,-140878377,135824990,0,0,5053387,1215279406,184861404,1405194197,0,0,1356157783,49036414,1405194197
2023-04-12,368,416,367,380,11015998,4.972375690607735,0,1432,14293,-15725,0,0,38382,9635497,1342119,11015998,0,36950,9621204,1357844,11015998,0,1085112,11604955,-12690067,0,0,15182363,3760092097,520900535,4296174995,0,14097251,3748487142,533590602,4296174995
2023-04-13,388,388,362,370,2906877,-2.631578947368421,-21170,44608,85532,-108970,0,0,44608,2546482,315787,2906877,21170,0,2460950,424757,2906877,-7931650,16587405,33668176,-42323931,0,0,16587405,949501086,118155891,1084244382,7931650,0,915832910,160479822,1084244382
2023-04-14,374,384,362,376,2209219,1.6216216216216217,0,-4953,-441616,446569,0,0,4096,1676517,528606,2209219,0,9049,2118133,82037,2209219,0,-1786914,-163583761,165370675,0,0,1527096,622861111,196183654,820571861,0,3314010,786444872,30812979,820571861
2023-04-17,377,378,365,368,1616320,-2.127659574468085,0,21946,-123675,101729,0,0,21946,1364229,230145,1616320,0,0,1487904,128416,1616320,0,8181338,-45011012,36829674,0,0,8181338,515947700,84926824,609055862,0,0,560958712,48097150,609055862
2023-04-18,421,435,386,391,28360822,6.25,0,13335,383614,-396949,0,0,17092,26304968,2038762,28360822,0,3757,25921354,2435711,28360822,0,5574145,158369499,-163943644,0,0,7128428,10863508727,844344841,11714981996,0,1554283,10705139228,1008288485,11714981996
2023-04-19,390,394,374,378,3120444,-3.324808184143223,0,3239,-434310,431071,0,0,3239,2638032,479173,3120444,0,0,3072342,48102,3120444,0,1232317,-164262690,163030373,0,0,1232317,1001954354,181422863,1184609534,0,0,1166217044,18392490,1184609534
2023-04-20,378,380,366,375,2128610,-0.7936507936507936,0,30160,-106809,76649,0,0,30160,1927059,171391,2128610,0,0,2033868,94742,2128610,0,11391679,-39852764,28461085,0,0,11391679,717880311,64024308,793296298,0,0,757733075,35563223,793296298
2023-04-21,372,372,355,355,2147815,-5.333333333333334,0,905,268754,-269659,0,0,905,2050433,96477,2147815,0,0,1781679,366136,2147815,0,325166,97218474,-97543640,0,0,325166,743533450,35067785,778926401,0,0,646314976,132611425,778926401
2023-04-24,358,359,336,338,1444142,-4.788732394366197,0,-4492,-50616,55108,0,0,936,1243244,199962,1444142,0,5428,1293860,144854,1444142,0,-1521738,-17836489,19358227,0,0,315432,428364439,68995581,497675452,0,1837170,446200928,49637354,497675452
2023-04-25,338,356,332,345,1655429,2.0710059171597637,0,316,-8478,8162,0,0,316,1435446,219667,1655429,0,0,1443924,211505,1655429,0,108551,-4014097,3905546,0,0,108551,495676370,76285947,572070868,0,0,499690467,72380401,572070868
2023-04-26,341,349,335,342,744429,-0.8695652173913043,0,89,42763,-42852,0,0,2673,647651,94105,744429,0,2584,604888,136957,744429,0,34889,14429531,-14464420,0,0,914665,220633387,32046938,253594990,0,879776,206203856,46511358,253594990
2023-04-27,339,342,327,338,801191,-1.1695906432748537,0,3597,-47463,43866,0,0,5508,591955,203728,801191,0,1911,639418,159862,801191,0,1208180,-15800186,14592006,0,0,1844372,197187960,67839279,266871611,0,636192,212988146,53247273,266871611
2023-04-28,341,341,321,327,1205873,-3.2544378698224854,0,-2825,174072,-171247,0,0,1210,1131379,73284,1205873,0,4035,957307,244531,1205873,0,-920767,57191156,-56270389,0,0,398758,373362583,24238717,398000058,0,1319525,316171427,80509106,398000058
2023-05-02,327,332,323,330,399169,0.9174311926605505,0,67,-118404,118337,0,0,67,266807,132295,399169,0,0,385211,13958,399169,0,22130,-39014650,38992520,0,0,22130,87529394,43554415,131105939,0,0,126544044,4561895,131105939
2023-05-03,330,338,327,334,676047,1.2121212121212122,0,465,-154225,153760,0,0,465,501688,173894,676047,0,0,655913,20134,676047,0,154984,-51394712,51239728,0,0,154984,167517782,57983505,225656271,0,0,218912494,6743777,225656271
2023-05-04,334,335,328,335,556348,0.29940119760479045,0,10066,41327,-51393,0,0,10066,531670,14612,556348,0,0,490343,66005,556348,0,3352044,13601581,-16953625,0,0,3352044,175984974,4850930,184187948,0,0,162383393,21804555,184187948
2023-05-08,338,344,331,337,518718,0.5970149253731344,0,-783,-35211,35994,0,0,217,463427,55074,518718,0,1000,498638,19080,518718,0,-266806,-11814679,12081485,0,0,73194,156100897,18528069,174702160,0,340000,167915576,6446584,174702160
2023-05-09,339,339,329,333,495244,-1.1869436201780417,0,-16469,99692,-83223,0,0,580,484603,10061,495244,0,17049,384911,93284,495244,0,-5470513,33249434,-27778921,0,0,193314,160862040,3342189,164397543,0,5663827,127612606,31121110,164397543
2023-05-10,333,366,329,340,3077794,2.1021021021021022,0,-364564,112552,252012,0,0,13522,2369213,695059,3077794,0,378086,2256661,443047,3077794,0,-126798653,43675538,83123115,0,0,4707745,826923520,240013713,1071644978,0,131506398,783247982,156890598,1071644978
2023-05-11,341,360,338,345,2142173,1.4705882352941175,0,-389937,315668,74269,0,0,648,1802606,338919,2142173,0,390585,1486938,264650,2142173,0,-137827275,113758895,24068380,0,0,224270,631468488,117541382,749234140,0,138051545,517709593,93473002,749234140
2023-05-12,349,355,343,346,900155,0.2898550724637681,0,-78454,-27832,106286,0,0,1682,732573,165900,900155,0,80136,760405,59614,900155,0,-27508241,-9511709,37019950,0,0,583184,254820496,57804844,313208524,0,28091425,264332205,20784894,313208524
2023-05-15,342,347,338,343,464204,-0.8670520231213872,0,-632,-47317,47949,0,0,868,394513,68823,464204,0,1500,441830,20874,464204,0,-219474,-16201262,16420736,0,0,296526,135013084,23578804,158888414,0,516000,151214346,7158068,158888414
2023-05-16,343,346,340,344,433947,0.2915451895043732,0,-3247,-51282,54529,0,0,344,368949,64654,433947,0,3591,420231,10125,433947,0,-1113060,-17631045,18744105,0,0,118336,126526302,22225728,148870366,0,1231396,144157347,3481623,148870366
2023-05-17,330,362,330,350,2053453,1.744186046511628,0,-467492,179442,288050,0,0,20461,1574515,458477,2053453,0,487953,1395073,170427,2053453,0,-165119573,63818002,101301571,0,0,7158797,554000793,160920244,722079834,0,172278370,490182791,59618673,722079834
2023-05-18,349,355,347,349,451339,-0.2857142857142857,0,-97631,56197,41434,0,0,4923,404569,41847,451339,0,102554,348372,413,451339,0,-34252496,19761249,14491247,0,0,1724609,141486782,14636565,157847956,0,35977105,121725533,145318,157847956
2023-05-19,349,352,342,347,515435,-0.5730659025787965,0,-104906,39279,65627,0,0,5944,415315,94176,515435,0,110850,376036,28549,515435,0,-36690197,13821463,22868734,0,0,2060888,144052533,32814406,178927827,0,38751085,130231070,9945672,178927827
2023-05-22,347,347,342,346,323371,-0.2881844380403458,0,5880,-75651,69771,0,0,5880,219509,97982,323371,0,0,295160,28211,323371,0,2033045,-26035837,24002792,0,0,2033045,75653005,33717253,111403303,0,0,101688842,9714461,111403303
2023-05-23,347,348,341,342,462411,-1.1560693641618496,0,-8156,49641,-41485,0,0,6239,434650,21522,462411,0,14395,385009,63007,462411,0,-2792861,17122254,-14329393,0,0,2149926,149465773,7389811,159005510,0,4942787,132343519,21719204,159005510
2023-05-24,342,345,335,342,573953,0.0,0,-19668,46456,-26788,0,0,3148,508602,62203,573953,0,22816,462146,88991,573953,0,-6608424,15849848,-9241424,0,0,1074620,172059768,21004191,194138579,0,7683044,156209920,30245615,194138579
2023-05-25,339,342,335,337,527533,-1.461988304093567,0,-12468,151550,-139082,0,0,1429,504908,21196,527533,0,13897,353358,160278,527533,0,-4188855,51060256,-46871401,0,0,480423,170025631,7143106,177649160,0,4669278,118965375,54014507,177649160
2023-05-26,336,337,325,330,903611,-2.0771513353115725,0,-1822,-22854,24676,0,0,1455,819596,82560,903611,0,3277,842450,57884,903611,0,-602752,-7525521,8128273,0,0,477695,270496870,27261018,298235583,0,1080447,278022391,19132745,298235583
2023-05-30,330,333,327,330,330427,0.0,0,-32296,-1005,33301,0,0,971,285806,43650,330427,0,33267,286811,10349,330427,0,-10604920,-401841,11006761,0,0,321184,94333095,14435200,109089479,0,10926104,94734936,3428439,109089479
2023-05-31,331,334,326,329,436216,-0.30303030303030304,0,-101947,127656,-25709,0,0,9246,417095,9875,436216,0,111193,289439,35584,436216,0,-33517536,42040576,-8523040,0,0,3059157,137662077,3245925,143967159,0,36576693,95621501,11768965,143967159
2023-06-01,329,329,322,324,496465,-1.5197568389057752,0,-310580,328423,-17843,0,0,24639,461166,10660,496465,0,335219,132743,28503,496465,0,-100602103,106407506,-5805403,0,0,8004990,149497213,3467135,160969338,0,108607093,43089707,9272538,160969338
2023-06-02,324,324,319,320,768133,-1.2345679012345678,0,-527119,515202,11917,0,0,5855,725163,37115,768133,0,532974,209961,25198,768133,0,-169216952,165382538,3834414,0,0,1885571,232921090,11939955,246746616,0,171102523,67538552,8105541,246746616
2023-06-05,322,328,322,326,232783,1.875,0,6932,-7556,624,0,0,6932,221291,4560,232783,0,0,228847,3936,232783,0,2254319,-2462543,208224,0,0,2254319,71800423,1479613,75534355,0,0,74262966,1271389,75534355
2023-06-07,328,328,323,324,220378,-0.6134969325153374,0,-11924,37638,-25714,0,0,5226,201061,14091,220378,0,17150,163423,39805,220378,0,-3855543,12270708,-8415165,0,0,1701866,65297772,4571928,71571566,0,5557409,53027064,12987093,71571566
2023-06-08,324,324,320,323,329813,-0.30864197530864196,0,-3302,26176,-22874,0,0,0,326327,3486,329813,0,3302,300151,26360,329813,0,-1061547,8414023,-7352476,0,0,0,104838102,1119021,105957123,0,1061547,96424079,8471497,105957123
2023-06-09,322,326,321,323,337910,0.0,0,5950,-43690,37740,0,0,9204,271048,57658,337910,0,3254,314738,19918,337910,0,1941282,-14080649,12139367,0,0,2989328,87592043,18587476,109168847,0,1048046,101672692,6448109,109168847
2023-06-12,322,324,320,321,316969,-0.6191950464396285,0,4016,27622,-31638,0,0,5696,311256,17,316969,0,1680,283634,31655,316969,0,1289626,8863305,-10152931,0,0,1830010,99914956,5470,101750436,0,540384,91051651,10158401,101750436
2023-06-13,319,323,319,319,494760,-0.6230529595015576,0,0,-106,106,0,0,0,452336,42424,494760,0,0,452442,42318,494760,0,0,21835,-21835,0,0,0,144784519,13534197,158318716,0,0,144762684,13556032,158318716
2023-06-14,324,325,314,314,919552,-1.5673981191222568,0,-7098,159007,-151909,0,0,1,887299,32252,919552,0,7099,728292,184161,919552,0,-2243102,50337997,-48094895,0,0,321,281574857,10170177,291745355,0,2243423,231236860,58265072,291745355
2023-06-15,316,320,313,319,294723,1.5923566878980893,0,-2734,107329,-104595,0,0,0,289196,5527,294723,0,2734,181867,110122,294723,0,-863098,34050278,-33187180,0,0,0,91672745,1747487,93420232,0,863098,57622467,34934667,93420232
2023-06-16,322,323,316,319,329190,0.0,0,-2959,-417,3376,0,0,0,272209,56981,329190,0,2959,272626,53605,329190,0,-942806,-39611,982417,0,0,0,87071483,18154007,105225490,0,942806,87111094,17171590,105225490
2023-06-19,319,322,316,319,259189,0.0,0,-372,2283,-1911,0,0,0,244533,14656,259189,0,372,242250,16567,259189,0,-118250,735518,-617268,0,0,0,77818625,4658131,82476756,0,118250,77083107,5275399,82476756
2023-06-20,323,355,323,332,3799274,4.075235109717868,0,-279983,237896,42087,0,0,0,3338218,461056,3799274,0,279983,3100322,418969,3799274,0,-92878347,79717742,13160605,0,0,0,1121632145,154947431,1276579576,0,92878347,1041914403,141786826,1276579576
2023-06-21,331,333,322,326,713902,-1.8072289156626504,0,-3463,4876,-1413,0,0,0,669859,44043,713902,0,3463,664983,45456,713902,0,-1123540,1637346,-513806,0,0,0,217901046,14346306,232247352,0,1123540,216263700,14860112,232247352
2023-06-22,325,327,322,324,398316,-0.6134969325153374,0,-104471,104896,-425,0,0,0,379698,18618,398316,0,104471,274802,19043,398316,0,-33869045,34018223,-149178,0,0,0,122913906,6024618,128938524,0,33869045,88895683,6173796,128938524
2023-06-23,324,326,318,320,428036,-1.2345679012345678,0,-3294,30566,-27272,0,0,0,423252,4784,428036,0,3294,392686,32056,428036,0,-1056610,9847789,-8791179,0,0,0,135776291,1540936,137317227,0,1056610,125928502,10332115,137317227
2023-06-26,323,323,315,317,441865,-0.9375,0,-3227,46853,-43626,0,0,0,436335,5530,441865,0,3227,389482,49156,441865,0,-1020159,14915636,-13895477,0,0,0,138448630,1748431,140197061,0,1020159,123532994,15643908,140197061
2023-06-27,316,320,315,317,199380,0.0,0,-3096,-4128,7224,0,0,0,182995,16385,199380,0,3096,187123,9161,199380,0,-983255,-1311867,2295122,0,0,0,58081958,5202328,63284286,0,983255,59393825,2907206,63284286
2023-06-28,319,320,315,317,296507,0.0,0,0,61950,-61950,0,0,0,286498,10009,296507,0,0,224548,71959,296507,0,0,19621525,-19621525,0,0,0,90687363,3165649,93853012,0,0,71065838,22787174,93853012
2023-06-29,317,319,309,313,576987,-1.2618296529968454,0,-6336,78928,-72592,0,0,0,560376,16611,576987,0,6336,481448,89203,576987,0,-1981521,24799822,-22818301,0,0,0,175127941,5212104,180340045,0,1981521,150328119,28030405,180340045
2023-06-30,313,313,305,312,322804,-0.3194888178913738,0,-644,-5597,6241,0,0,0,300694,22110,322804,0,644,306291,15869,322804,0,-198872,-1692875,1891747,0,0,0,92584847,6819775,99404622,0,198872,94277722,4928028,99404622
2023-07-03,313,317,309,315,140727,0.9615384615384616,0,0,13489,-13489,0,0,0,140550,177,140727,0,0,127061,13666,140727,0,0,4238423,-4238423,0,0,0,44066840,55719,44122559,0,0,39828417,4294142,44122559
2023-07-04,319,328,314,319,497365,1.2698412698412698,0,0,-14035,14035,0,0,0,447484,49881,497365,0,0,461519,35846,497365,0,0,-4696219,4696219,0,0,0,143284903,16150043,159434946,0,0,147981122,11453824,159434946
2023-07-05,319,322,316,318,160389,-0.3134796238244514,0,0,14461,-14461,0,0,0,149489,10900,160389,0,0,135028,25361,160389,0,0,4589860,-4589860,0,0,0,47477866,3458097,50935963,0,0,42888006,8047957,50935963
2023-07-06,315,318,303,306,602269,-3.7735849056603774,0,-29106,55449,-26343,0,0,0,573680,28589,602269,0,29106,518231,54932,602269,0,-8899853,17026059,-8126206,0,0,0,176336260,8767695,185103955,0,8899853,159310201,16893901,185103955
2023-07-07,300,303,297,299,580966,-2.287581699346405,0,-2972,72947,-69975,0,0,0,573711,7255,580966,0,2972,500764,77230,580966,0,-890377,21808394,-20918017,0,0,0,171666253,2172134,173838387,0,890377,149857859,23090151,173838387
2023-07-10,299,302,290,297,353286,-0.6688963210702341,0,-2577,8862,-6285,0,0,0,336483,16803,353286,0,2577,327621,23088,353286,0,-764971,2658272,-1893301,0,0,0,99730882,4986276,104717158,0,764971,97072610,6879577,104717158
2023-07-11,296,301,295,297,290623,0.0,0,1202,23339,-24541,0,0,1202,286479,2942,290623,0,0,263140,27483,290623,0,356994,6963662,-7320656,0,0,356994,85390561,877850,86625405,0,0,78426899,8198506,86625405
2023-07-12,299,307,298,298,306399,0.33670033670033667,0,-5892,-18868,24760,0,0,0,275266,31133,306399,0,5892,294134,6373,306399,0,-1772619,-5658365,7430984,0,0,0,83024990,9356135,92381125,0,1772619,88683355,1925151,92381125
2023-07-13,299,305,297,305,354039,2.348993288590604,0,0,8034,-8034,0,0,0,328387,25652,354039,0,0,320353,33686,354039,0,0,2407602,-2407602,0,0,0,98398072,7713528,106111600,0,0,95990470,10121130,106111600
2023-07-14,305,305,294,301,427728,-1.3114754098360655,0,-5695,99307,-93612,0,0,0,396423,31305,427728,0,5695,297116,124917,427728,0,-1697490,29883093,-28185603,0,0,0,118417603,9242543,127660146,0,1697490,88534510,37428146,127660146
2023-07-17,298,301,294,298,373526,-0.9966777408637874,0,0,-887,887,0,0,0,328534,44992,373526,0,0,329421,44105,373526,0,0,-78873,78873,0,0,0,97552644,13241030,110793674,0,0,97631517,13162157,110793674
2023-07-18,298,301,291,298,542186,0.0,0,-7561,116966,-109405,0,0,0,540062,2124,542186,0,7561,423096,111529,542186,0,-2225313,34556674,-32331361,0,0,0,159486895,628736,160115631,0,2225313,124930221,32960097,160115631
2023-07-19,298,301,292,294,279010,-1.342281879194631,0,-3209,30920,-27711,0,0,0,278939,71,279010,0,3209,248019,27782,279010,0,-941224,9091224,-8150000,0,0,0,81948753,20821,81969574,0,941224,72857529,8170821,81969574
2023-07-20,294,294,286,290,483619,-1.3605442176870748,0,-447,18842,-18395,0,0,0,465233,18386,483619,0,447,446391,36781,483619,0,-130132,5481450,-5351318,0,0,0,134570133,5334269,139904402,0,130132,129088683,10685587,139904402
2023-07-21,289,290,283,284,747684,-2.0689655172413794,0,-3352,-38127,41479,0,0,0,661061,86623,747684,0,3352,699188,45144,747684,0,-955418,-10774349,11729767,0,0,0,188614141,24649363,213263504,0,955418,199388490,12919596,213263504
2023-07-24,282,283,267,268,951997,-5.633802816901409,0,0,108158,-108158,0,0,0,899508,52489,951997,0,0,791350,160647,951997,0,0,29362055,-29362055,0,0,0,245905899,14375771,260281670,0,0,216543844,43737826,260281670
2023-07-25,267,267,246,246,1125027,-8.208955223880597,0,0,90289,-90289,0,0,0,1039545,85482,1125027,0,0,949256,175771,1125027,0,0,23713716,-23713716,0,0,0,267934034,22206797,290140831,0,0,244220318,45920513,290140831
2023-07-26,245,245,210,218,2578520,-11.38211382113821,0,0,-415909,415909,0,0,0,1904152,674368,2578520,0,0,2320061,258459,2578520,0,0,-90393110,90393110,0,0,0,416801999,147501814,564303813,0,0,507195109,57108704,564303813
2023-07-27,218,243,216,233,1561376,6.8807339449541285,0,-10317,-39590,49907,0,0,0,1356520,204856,1561376,0,10317,1396110,154949,1561376,0,-2421974,-9470095,11892069,0,0,0,315486272,47899301,363385573,0,2421974,324956367,36007232,363385573
2023-07-28,236,238,224,234,493686,0.4291845493562232,0,0,-5107,5107,0,0,0,430602,63084,493686,0,0,435709,57977,493686,0,0,-1203315,1203315,0,0,0,100203493,14710184,114913677,0,0,101406808,13506869,114913677
2023-07-31,237,245,233,243,517914,3.8461538461538463,0,0,62452,-62452,0,0,0,497694,20220,517914,0,0,435242,82672,517914,0,0,14789337,-14789337,0,0,0,119734052,4846987,124581039,0,0,104944715,19636324,124581039
2023-08-01,243,254,240,253,389588,4.11522633744856,0,0,-88916,88916,0,0,0,275164,114424,389588,0,0,364080,25508,389588,0,0,-22138377,22138377,0,0,0,68549112,28520310,97069422,0,0,90687489,6381933,97069422
2023-08-02,254,276,254,260,882666,2.766798418972332,0,0,10965,-10965,0,0,0,811781,70885,882666,0,0,800816,81850,882666,0,0,3258806,-3258806,0,0,0,215514818,18574940,234089758,0,0,212256012,21833746,234089758
2023-08-03,260,262,241,252,449115,-3.076923076923077,0,0,63367,-63367,0,0,0,401971,47144,449115,0,0,338604,110511,449115,0,0,16194329,-16194329,0,0,0,100688740,11772131,112460871,0,0,84494411,27966460,112460871
2023-08-04,254,315,254,261,14581985,3.571428571428571,0,0,754560,-754560,0,0,48556,13400856,1132573,14581985,0,48556,12646296,1887133,14581985,0,-650027,217987405,-217337378,0,0,13966871,3785724220,323082913,4122774004,0,14616898,3567736815,540420291,4122774004
2023-08-07,265,271,251,256,1609324,-1.9157088122605364,0,0,78526,-78526,0,0,0,1551862,57462,1609324,0,0,1473336,135988,1609324,0,0,20757302,-20757302,0,0,0,402434548,14775067,417209615,0,0,381677246,35532369,417209615
2023-08-08,256,256,242,248,1085393,-3.125,0,0,32160,-32160,0,0,0,1044537,40856,1085393,0,0,1012377,73016,1085393,0,0,7985134,-7985134,0,0,0,257719808,10045369,267765177,0,0,249734674,18030503,267765177
2023-08-09,245,250,238,248,376941,0.0,0,0,-63413,63413,0,0,0,309228,67713,376941,0,0,372641,4300,376941,0,0,-15541343,15541343,0,0,0,75680683,16597483,92278166,0,0,91222026,1056140,92278166
2023-08-10,242,246,221,233,11556409,-6.048387096774194,0,0,4047252,-4047252,0,1190000,0,6971513,3394896,11556409,1190000,0,2924261,7442148,11556409,-26169452,0,944320304,-918150852,0,253470000,0,1622865538,730428432,2606763970,279639452,0,678545234,1648579284,2606763970
2023-08-11,231,302,225,302,33050265,29.613733905579398,0,4267,-27825,23558,0,0,18105,30949721,2082439,33050265,0,13838,30977546,2058881,33050265,0,1252325,3584190,-4836515,0,0,5412302,8529000225,555601943,9090014470,0,4159977,8525416035,560438458,9090014470
2023-08-14,370,388,326,353,64946238,16.887417218543046,0,-6855,294057,-287202,0,0,52051,62110253,2783934,64946238,0,58906,61816196,3071136,64946238,0,-3068627,129033068,-125964441,0,0,18135887,22565267323,999968427,23583371637,0,21204514,22436234255,1125932868,23583371637
2023-08-16,350,350,288,296,15726026,-16.147308781869686,0,-37926,930,36996,0,0,0,14961419,764607,15726026,0,37926,14960489,727611,15726026,0,-11562384,43293,11519091,0,0,0,4555850385,235980928,4791831313,0,11562384,4555807092,224461837,4791831313
2023-08-17,285,292,272,272,7083129,-8.108108108108109,0,-1520,-802568,804088,0,0,0,5684447,1398682,7083129,0,1520,6487015,594594,7083129,0,-423819,-222588956,223012775,0,0,0,1580677276,389513764,1970191040,0,423819,1803266232,166500989,1970191040
2023-08-18,274,301,247,252,15470102,-7.352941176470589,0,20000,728391,-748391,0,0,46485,13736012,1687605,15470102,0,26485,13007621,2435996,15470102,0,5783982,203133599,-208917581,0,0,12745129,3826791074,477761335,4317297538,0,6961147,3623657475,686678916,4317297538
2023-08-21,245,247,232,234,3768991,-7.142857142857142,0,0,-725427,725427,0,0,0,2976080,792911,3768991,0,0,3701507,67484,3768991,0,0,-173377842,173377842,0,0,0,711675385,189624975,901300360,0,0,885053227,16247133,901300360
2023-08-22,241,292,234,264,33337571,12.82051282051282,0,-8900,542613,-533713,0,0,8382,31397244,1931945,33337571,0,17282,30854631,2465658,33337571,0,-2173941,139991798,-137817857,0,0,2286339,8509702255,524050292,9036038886,0,4460280,8369710457,661868149,9036038886
2023-08-23,262,308,250,265,22263647,0.3787878787878788,0,0,-128854,128854,0,0,2032,20798736,1462879,22263647,0,2032,20927590,1334025,22263647,0,10360,-29136812,29126452,0,0,588318,5808980973,400288735,6209858026,0,577958,5838117785,371162283,6209858026
2023-08-24,267,285,260,265,7378745,0.0,0,18,282012,-282030,0,0,43989,6871011,463745,7378745,0,43971,6588999,745775,7378745,0,21084,79301128,-79322212,0,0,12103241,1856984727,125799244,1994887212,0,12082157,1777683599,205121456,1994887212
2023-08-25,266,290,262,273,8589541,3.018867924528302,0,-15854,-673247,689101,0,0,0,7398929,1190612,8589541,0,15854,8072176,501511,8589541,0,-4335136,-183352701,187687837,0,0,0,2042665128,328087650,2370752778,0,4335136,2226017829,140399813,2370752778
2023-08-28,285,287,271,275,3285782,0.7326007326007326,0,-85,574152,-574067,0,0,0,3198723,87059,3285782,0,85,2624571,661126,3285782,0,-23460,159440731,-159417271,0,0,0,884102983,24055132,908158115,0,23460,724662252,183472403,908158115
2023-08-29,274,276,265,266,2410845,-3.272727272727273,0,-8382,-188918,197300,0,0,0,2129792,281053,2410845,0,8382,2318710,83753,2410845,0,-2279904,-50778903,53058807,0,0,0,573995528,75727910,649723438,0,2279904,624774431,22669103,649723438
2023-08-30,267,268,256,256,2003748,-3.7593984962406015,0,0,94750,-94750,0,0,0,1872021,131727,2003748,0,0,1777271,226477,2003748,0,0,24538149,-24538149,0,0,0,485444996,34448882,519893878,0,0,460906847,58987031,519893878
2023-08-31,256,262,253,256,1083557,0.0,0,0,173758,-173758,0,0,0,1055739,27818,1083557,0,0,881981,201576,1083557,0,0,45015666,-45015666,0,0,0,271854389,7121085,278975474,0,0,226838723,52136751,278975474
2023-09-01,253,256,251,252,800180,-1.5625,0,-31641,-1885,33526,0,0,0,740944,59236,800180,0,31641,742829,25710,800180,0,-7992611,-422648,8415259,0,0,0,187101304,14921111,202022415,0,7992611,187523952,6505852,202022415
2023-09-04,252,252,245,247,1074185,-1.984126984126984,0,-5011,686,4325,0,0,0,1007158,67027,1074185,0,5011,1006472,62702,1074185,0,-1239420,218122,1021298,0,0,0,249603854,16643034,266246888,0,1239420,249385732,15621736,266246888
2023-09-05,247,251,245,250,533861,1.214574898785425,0,-28,1062,-1034,0,0,0,503997,29864,533861,0,28,502935,30898,533861,0,-6916,334576,-327660,0,0,0,125156826,7393310,132550136,0,6916,124822250,7720970,132550136
2023-09-06,252,263,250,255,1899269,2.0,0,0,-58526,58526,0,0,0,1712855,186414,1899269,0,0,1771381,127888,1899269,0,0,-15212593,15212593,0,0,0,439040209,48121203,487161412,0,0,454252802,32908610,487161412
2023-09-07,259,263,251,253,600397,-0.7843137254901961,0,0,19678,-19678,0,0,0,575894,24503,600397,0,0,556216,44181,600397,0,0,5079080,-5079080,0,0,0,146575776,6206601,152782377,0,0,141496696,11285681,152782377
2023-09-08,249,255,248,250,640375,-1.185770750988142,0,0,35226,-35226,0,0,0,588987,51388,640375,0,0,553761,86614,640375,0,0,8929623,-8929623,0,0,0,147126605,12814311,159940916,0,0,138196982,21743934,159940916
2023-09-11,255,255,248,248,491501,-0.8,0,-19,-11,30,0,0,0,463899,27602,491501,0,19,463910,27572,491501,0,-4769,43775,-39006,0,0,0,115928598,6894342,122822940,0,4769,115884823,6933348,122822940
2023-09-12,250,253,242,243,1210780,-2.0161290322580645,0,0,-34194,34194,0,0,0,1071347,139433,1210780,0,0,1105541,105239,1210780,0,0,-8073904,8073904,0,0,0,264303922,34229685,298533607,0,0,272377826,26155781,298533607
2023-09-13,246,251,240,246,882934,1.2345679012345678,0,0,3313,-3313,0,0,0,854019,28915,882934,0,0,850706,32228,882934,0,0,853487,-853487,0,0,0,207891727,7027482,214919209,0,0,207038240,7880969,214919209
2023-09-14,243,248,242,246,585275,0.0,0,0,23910,-23910,0,0,0,525869,59406,585275,0,0,501959,83316,585275,0,0,6020963,-6020963,0,0,0,128707204,14421289,143128493,0,0,122686241,20442252,143128493
2023-09-15,249,253,245,249,646568,1.2195121951219512,0,0,-146158,146158,0,0,0,469415,177153,646568,0,0,615573,30995,646568,0,0,-36153630,36153630,0,0,0,116534328,43880340,160414668,0,0,152687958,7726710,160414668
2023-09-18,249,256,247,250,645912,0.4016064257028112,0,0,-42621,42621,0,0,0,563222,82690,645912,0,0,605843,40069,645912,0,0,-10583662,10583662,0,0,0,141787458,20680615,162468073,0,0,152371120,10096953,162468073
2023-09-19,251,252,245,249,516258,-0.4,0,0,125169,-125169,0,0,0,498328,17930,516258,0,0,373159,143099,516258,0,0,31052909,-31052909,0,0,0,123406637,4439422,127846059,0,0,92353728,35492331,127846059
2023-09-20,252,252,247,250,339891,0.4016064257028112,0,0,49462,-49462,0,0,0,328569,11322,339891,0,0,279107,60784,339891,0,0,12269958,-12269958,0,0,0,81661150,2830393,84491543,0,0,69391192,15100351,84491543
2023-09-21,247,250,235,239,700255,-4.3999999999999995,0,0,22168,-22168,0,0,0,649635,50620,700255,0,0,627467,72788,700255,0,0,5514206,-5514206,0,0,0,157156268,12178105,169334373,0,0,151642062,17692311,169334373
2023-09-22,236,240,231,236,561339,-1.2552301255230125,0,0,13277,-13277,0,0,0,517024,44315,561339,0,0,503747,57592,561339,0,0,3145602,-3145602,0,0,0,121325545,10415298,131740843,0,0,118179943,13560900,131740843
2023-09-25,240,273,239,251,13937609,6.3559322033898304,0,0,205128,-205128,0,0,860,13129220,807529,13937609,0,860,12924092,1012657,13937609,0,5930,54347241,-54353171,0,0,226040,3380822645,208864793,3589913478,0,220110,3326475404,263217964,3589913478
2023-09-26,249,251,232,236,1948608,-5.9760956175298805,0,0,-24548,24548,0,0,0,1868270,80338,1948608,0,0,1892818,55790,1948608,0,0,-5891328,5891328,0,0,0,448791052,19290023,468081075,0,0,454682380,13398695,468081075
2023-09-27,235,239,228,238,975388,0.847457627118644,0,0,20087,-20087,0,0,0,918952,56436,975388,0,0,898865,76523,975388,0,0,4576966,-4576966,0,0,0,212791749,13085624,225877373,0,0,208214783,17662590,225877373
2023-10-04,240,245,226,229,1366754,-3.7815126050420167,0,0,-8151,8151,0,0,21,1252382,114351,1366754,0,21,1260533,106200,1366754,0,189,-1725475,1725286,0,0,5103,292828451,26748959,319582513,0,4914,294553926,25023673,319582513
2023-10-05,227,231,220,226,810245,-1.3100436681222707,0,0,-7425,7425,0,0,0,766470,43775,810245,0,0,773895,36350,810245,0,0,-1675043,1675043,0,0,0,172465109,9903197,182368306,0,0,174140152,8228154,182368306
2023-10-06,226,231,224,227,450595,0.4424778761061947,0,0,-27134,27134,0,0,0,402616,47979,450595,0,0,429750,20845,450595,0,0,-6126111,6126111,0,0,0,91766354,10911746,102678100,0,0,97892465,4785635,102678100
2023-10-10,229,230,223,224,511299,-1.3215859030837005,0,0,-13665,13665,0,0,0,452072,59227,511299,0,0,465737,45562,511299,0,0,-3032700,3032700,0,0,0,102043269,13343712,115386981,0,0,105075969,10311012,115386981
2023-10-11,224,229,224,226,359339,0.8928571428571428,0,0,-75003,75003,0,0,0,283029,76310,359339,0,0,358032,1307,359339,0,0,-16933748,16933748,0,0,0,63854466,17229713,81084179,0,0,80788214,295965,81084179
2023-10-12,234,234,227,227,471852,0.4424778761061947,0,0,-43212,43212,0,0,0,412925,58927,471852,0,0,456137,15715,471852,0,0,-9947310,9947310,0,0,0,95206718,13594697,108801415,0,0,105154028,3647387,108801415
2023-10-13,227,284,225,246,37782878,8.370044052863436,0,0,-144792,144792,0,0,13388,34761868,3007622,37782878,0,13388,34906660,2862830,37782878,0,-23876,-19205602,19229478,0,0,3216020,9104680302,775907923,9883804245,0,3239896,9123885904,756678445,9883804245
2023-10-16,243,246,228,238,2761341,-3.2520325203252036,0,0,-303813,303813,0,0,0,2212202,549139,2761341,0,0,2516015,245326,2761341,0,0,-71275339,71275339,0,0,0,528351406,130678714,659030120,0,0,599626745,59403375,659030120
2023-10-17,238,259,235,244,2424390,2.5210084033613445,0,0,-250634,250634,0,0,0,1964068,460322,2424390,0,0,2214702,209688,2424390,0,0,-60272435,60272435,0,0,0,488774078,113387272,602161350,0,0,549046513,53114837,602161350
2023-10-18,246,256,232,234,3104478,-4.098360655737705,0,0,460307,-460307,0,0,0,2883822,220656,3104478,0,0,2423515,680963,3104478,0,0,114141759,-114141759,0,0,0,703366967,53472573,756839540,0,0,589225208,167614332,756839540
2023-10-19,231,237,226,227,1054666,-2.9914529914529915,0,0,-30279,30279,0,0,0,959043,95623,1054666,0,0,989322,65344,1054666,0,0,-7019460,7019460,0,0,0,219390833,21942419,241333252,0,0,226410293,14922959,241333252
2023-10-20,224,227,219,220,821678,-3.0837004405286343,0,0,57761,-57761,0,0,0,715649,106029,821678,0,0,657888,163790,821678,0,0,12598096,-12598096,0,0,0,158313453,23684013,181997466,0,0,145715357,36282109,181997466
2023-10-23,220,225,218,221,556927,0.45454545454545453,0,0,1972,-1972,0,0,0,491427,65500,556927,0,0,489455,67472,556927,0,0,550366,-550366,0,0,0,108626772,14380071,123006843,0,0,108076406,14930437,123006843
2023-10-24,221,223,213,221,750267,0.0,0,0,95850,-95850,0,0,0,637168,113099,750267,0,0,541318,208949,750267,0,0,20398298,-20398298,0,0,0,137971537,24770780,162742317,0,0,117573239,45169078,162742317
2023-10-25,226,227,222,224,496114,1.3574660633484164,0,0,-107132,107132,0,0,0,379960,116154,496114,0,0,487092,9022,496114,0,0,-23969396,23969396,0,0,0,85035660,25993830,111029490,0,0,109005056,2024434,111029490
2023-10-26,220,224,213,217,540141,-3.125,0,0,74322,-74322,0,0,0,513992,26149,540141,0,0,439670,100471,540141,0,0,16490787,-16490787,0,0,0,112240470,5664777,117905247,0,0,95749683,22155564,117905247
2023-10-27,217,220,213,216,559946,-0.4608294930875576,0,0,66662,-66662,0,0,0,507516,52430,559946,0,0,440854,119092,559946,0,0,14285550,-14285550,0,0,0,109684566,11377387,121061953,0,0,95399016,25662937,121061953
2023-10-30,218,218,213,213,409709,-1.3888888888888888,0,0,-28886,28886,0,0,0,358369,51340,409709,0,0,387255,22454,409709,0,0,-6236031,6236031,0,0,0,76845001,11046447,87891448,0,0,83081032,4810416,87891448
2023-10-31,215,218,211,216,600599,1.4084507042253522,0,0,97614,-97614,0,0,0,537114,63485,600599,0,0,439500,161099,600599,0,0,20813319,-20813319,0,0,0,115267335,13634391,128901726,0,0,94454016,34447710,128901726
2023-11-01,216,221,211,217,480488,0.4629629629629629,0,0,-79870,79870,0,0,0,396874,83614,480488,0,0,476744,3744,480488,0,0,-17397977,17397977,0,0,0,86359569,18214187,104573756,0,0,103757546,816210,104573756
2023-11-02,220,224,218,221,371753,1.8433179723502304,0,0,81581,-81581,0,0,0,355029,16724,371753,0,0,273448,98305,371753,0,0,17991186,-17991186,0,0,0,78270174,3665003,81935177,0,0,60278988,21656189,81935177
2023-11-03,224,229,220,226,507094,2.262443438914027,0,0,-90166,90166,0,0,0,407499,99595,507094,0,0,497665,9429,507094,0,0,-20109254,20109254,0,0,0,91585322,22238102,113823424,0,0,111694576,2128848,113823424
2023-11-06,226,231,225,229,620834,1.3274336283185841,0,0,-82156,82156,0,0,0,502794,118040,620834,0,0,584950,35884,620834,0,0,-18843606,18843606,0,0,0,114953134,27031586,141984720,0,0,133796740,8187980,141984720
2023-11-07,229,229,222,225,736635,-1.7467248908296942,0,0,68103,-68103,0,0,0,642094,94541,736635,0,0,573991,162644,736635,0,0,15236788,-15236788,0,0,0,144173652,21283897,165457549,0,0,128936864,36520685,165457549
2023-11-08,225,228,222,224,440343,-0.4444444444444444,0,0,-16501,16501,0,0,0,417665,22678,440343,0,0,434166,6177,440343,0,0,-3759432,3759432,0,0,0,93549665,5143080,98692745,0,0,97309097,1383648,98692745
2023-11-09,226,226,217,221,256896,-1.3392857142857142,0,0,29321,-29321,0,0,0,251132,5764,256896,0,0,221811,35085,256896,0,0,6528762,-6528762,0,0,0,55454552,1277842,56732394,0,0,48925790,7806604,56732394
2023-11-10,222,223,218,222,309718,0.4524886877828055,0,0,17551,-17551,0,0,0,309675,43,309718,0,0,292124,17594,309718,0,0,3850666,-3850666,0,0,0,68328939,9489,68338428,0,0,64478273,3860155,68338428
2023-11-13,223,223,218,219,368805,-1.3513513513513513,0,0,79219,-79219,0,0,0,354072,14733,368805,0,0,274853,93952,368805,0,0,17454437,-17454437,0,0,0,78249571,3250624,81500195,0,0,60795134,20705061,81500195
2023-11-14,216,224,216,222,198002,1.36986301369863,0,0,1852,-1852,0,0,0,191365,6637,198002,0,0,189513,8489,198002,0,0,416080,-416080,0,0,0,42410396,1465807,43876203,0,0,41994316,1881887,43876203
2023-11-15,223,229,221,228,594291,2.7027027027027026,0,2,-181948,181946,0,0,2,399719,194570,594291,0,0,581667,12624,594291,0,456,-40758900,40758444,0,0,456,90194269,43618706,133813431,0,0,130953169,2860262,133813431
2023-11-16,232,232,225,228,483739,0.0,0,0,-44471,44471,0,0,0,419426,64313,483739,0,0,463897,19842,483739,0,0,-10021383,10021383,0,0,0,95506980,14561452,110068432,0,0,105528363,4540069,110068432
2023-11-17,228,229,221,222,459429,-2.631578947368421,0,3,62257,-62260,0,0,3,455591,3835,459429,0,0,393334,66095,459429,0,671,13940063,-13940734,0,0,671,101803478,860066,102664215,0,0,87863415,14800800,102664215
2023-11-20,222,223,219,221,383713,-0.45045045045045046,0,1,-10262,10261,0,0,1,358743,24969,383713,0,0,369005,14708,383713,0,223,-2262421,2262198,0,0,223,79076965,5508168,84585356,0,0,81339386,3245970,84585356
2023-11-21,222,229,219,226,843553,2.262443438914027,0,0,-207433,207433,0,0,0,607865,235688,843553,0,0,815298,28255,843553,0,0,-46280905,46280905,0,0,0,135557028,52580440,188137468,0,0,181837933,6299535,188137468
2023-11-22,228,228,223,226,250530,0.0,0,0,1111,-1111,0,0,0,249412,1118,250530,0,0,248301,2229,250530,0,0,249918,-249918,0,0,0,56177900,252399,56430299,0,0,55927982,502317,56430299
2023-11-23,225,226,223,223,150503,-1.3274336283185841,0,0,-6663,6663,0,0,0,131467,19036,150503,0,0,138130,12373,150503,0,0,-1470779,1470779,0,0,0,29444406,4245063,33689469,0,0,30915185,2774284,33689469
2023-11-24,223,224,215,221,723433,-0.8968609865470852,0,1,17728,-17729,0,0,1,710768,12664,723433,0,0,693040,30393,723433,0,222,3898860,-3899082,0,0,222,155711354,2752861,158464437,0,0,151812494,6651943,158464437
2023-11-27,219,221,215,218,626910,-1.3574660633484164,0,11,-5662,5651,0,0,11,604409,22490,626910,0,0,610071,16839,626910,0,2409,-1200406,1197997,0,0,2409,130858959,4877336,135738704,0,0,132059365,3679339,135738704
2023-11-28,218,220,215,217,503473,-0.45871559633027525,0,-16,14802,-14786,0,0,1,482615,20857,503473,0,17,467813,35643,503473,0,-3454,3245313,-3241859,0,0,218,104925877,4505191,109431286,0,3672,101680564,7747050,109431286
2023-11-29,217,217,212,216,731695,-0.4608294930875576,0,1,61430,-61431,0,0,1,710531,21163,731695,0,0,649101,82594,731695,0,217,13213622,-13213839,0,0,217,152168784,4545647,156714648,0,0,138955162,17759486,156714648
2023-11-30,216,218,214,216,127188,0.0,0,0,413,-413,0,0,0,127133,55,127188,0,0,126720,468,127188,0,0,89472,-89472,0,0,0,27454315,11884,27466199,0,0,27364843,101356,27466199
2023-12-01,218,218,213,214,324476,-0.9259259259259258,0,2,-12312,12310,0,0,2,302654,21820,324476,0,0,314966,9510,324476,0,432,-2647003,2646571,0,0,432,64957035,4691165,69648632,0,0,67604038,2044594,69648632
2023-12-04,214,215,212,214,197168,0.0,0,1,-10617,10616,0,0,1,186302,10865,197168,0,0,196919,249,197168,0,214,-2261787,2261573,0,0,214,39741138,2314610,42055962,0,0,42002925,53037,42055962
2023-12-05,217,218,213,215,196612,0.46728971962616817,0,1,53501,-53502,0,0,1,196583,28,196612,0,0,143082,53530,196612,0,215,11467068,-11467283,0,0,215,42185645,5998,42191858,0,0,30718577,11473281,42191858
2023-12-06,212,215,210,213,931250,-0.9302325581395349,0,1,-192873,192872,0,0,1,736191,195058,931250,0,0,929064,2186,931250,0,213,-40507324,40507111,0,0,213,155262956,40969174,196232343,0,0,195770280,462063,196232343
2023-12-07,213,213,200,204,1582969,-4.225352112676056,0,2,9149,-9151,0,0,2,1485947,97020,1582969,0,0,1476798,106171,1582969,0,414,1726983,-1727397,0,0,414,307212898,20113523,327326835,0,0,305485915,21840920,327326835
2023-12-08,205,208,205,208,376012,1.9607843137254901,0,1,-3536,3535,0,0,1,366656,9355,376012,0,0,370192,5820,376012,0,207,-726660,726453,0,0,207,75899012,1932714,77831933,0,0,76625672,1206261,77831933
2023-12-11,209,237,203,231,3598442,11.057692307692307,0,89999,-230945,140946,0,0,90000,3252564,255878,3598442,0,1,3483509,114932,3598442,0,20155640,-50743304,30587664,0,0,20155861,748988440,55884705,825029006,0,221,799731744,25297041,825029006
2023-12-12,247,262,213,217,12877507,-6.0606060606060606,0,-89700,755984,-666284,0,0,1627,12532702,343178,12877507,0,91327,11776718,1009462,12877507,0,-21575163,178202954,-156627791,0,0,401831,2898073969,81141337,2979617137,0,21976994,2719871015,237769128,2979617137
2023-12-13,218,221,206,206,1951030,-5.0691244239631335,0,0,378,-378,0,0,0,1941428,9602,1951030,0,0,1941050,9980,1951030,0,0,98653,-98653,0,0,0,409389094,2021058,411410152,0,0,409290441,2119711,411410152
2023-12-14,206,209,205,208,959607,0.9708737864077669,0,330,-30851,30521,0,0,330,878266,81011,959607,0,0,909117,50490,959607,0,68310,-6235115,6166805,0,0,68310,181211548,16667907,197947765,0,0,187446663,10501102,197947765
2023-12-15,207,208,205,207,520127,-0.4807692307692308,0,10,8173,-8183,0,0,10,505962,14155,520127,0,0,497789,22338,520127,0,2070,1693920,-1695990,0,0,2070,104242569,2928892,107173531,0,0,102548649,4624882,107173531
2023-12-18,208,208,204,207,339913,0.0,0,0,2478,-2478,0,0,0,339834,79,339913,0,0,337356,2557,339913,0,0,511860,-511860,0,0,0,69884683,16225,69900908,0,0,69372823,528085,69900908
2023-12-19,207,213,203,206,849645,-0.4830917874396135,0,0,-60620,60620,0,0,0,765854,83791,849645,0,0,826474,23171,849645,0,0,-12418865,12418865,0,0,0,157217365,17248456,174465821,0,0,169636230,4829591,174465821
2023-12-20,206,206,204,204,372382,-0.9708737864077669,0,0,-831,831,0,0,0,371449,933,372382,0,0,372280,102,372382,0,0,-169901,169901,0,0,0,76042425,190747,76233172,0,0,76212326,20846,76233172
2023-12-21,205,206,203,203,294858,-0.49019607843137253,0,0,-927,927,0,0,0,293849,1009,294858,0,0,294776,82,294858,0,0,-189188,189188,0,0,0,59935345,205834,60141179,0,0,60124533,16646,60141179
2023-12-22,204,221,202,207,3174249,1.9704433497536946,0,0,75584,-75584,0,0,0,2994220,180029,3174249,0,0,2918636,255613,3174249,0,0,16800274,-16800274,0,0,0,633571666,37943464,671515130,0,0,616771392,54743738,671515130
2023-12-26,209,209,200,201,937044,-2.898550724637681,0,8200,36599,-44799,0,0,8200,897783,31061,937044,0,0,861184,75860,937044,0,1662408,7576107,-9238515,0,0,1662408,181297613,6261718,189221739,0,0,173721506,15500233,189221739
2023-12-27,201,217,198,205,1249710,1.9900497512437811,0,49188,-114539,65351,0,0,49188,1107208,93314,1249710,0,0,1221747,27963,1249710,0,9901376,-22862408,12961032,0,0,9901376,225795128,18888236,254584740,0,0,248657536,5927204,254584740
2023-12-28,207,257,204,215,42382092,4.878048780487805,0,7556,-71277,63721,0,0,15325,39821516,2545251,42382092,0,7769,39892793,2481530,42382092,0,1668101,-7677025,6008924,0,0,3560265,9467407381,606501048,10077468694,0,1892164,9475084406,600492124,10077468694
2024-01-02,216,247,212,223,13058306,3.7209302325581395,0,8100,-57190,49090,0,0,8212,11861699,1188395,13058306,0,112,11918889,1139305,13058306,0,1771693,-9167287,7395594,0,0,1799110,2692620332,269641414,2964060856,0,27417,2701787619,262245820,2964060856
2024-01-03,227,231,218,220,3085018,-1.345291479820628,0,-6,-23459,23465,0,0,0,2948743,136275,3085018,0,6,2972202,112810,3085018,0,-1320,-5066864,5068184,0,0,0,655233842,30349342,685583184,0,1320,660300706,25281158,685583184
2024-01-04,220,221,216,217,953611,-1.3636363636363635,0,-6,65037,-65031,0,0,0,940333,13278,953611,0,6,875296,78309,953611,0,-1302,14158401,-14157099,0,0,0,204415750,2888354,207304104,0,1302,190257349,17045453,207304104
2024-01-05,218,218,203,209,1600767,-3.686635944700461,0,0,-180,180,0,0,0,1557684,43083,1600767,0,0,1557864,42903,1600767,0,0,67826,-67826,0,0,0,328752227,9070433,337822660,0,0,328684401,9138259,337822660
2024-01-08,210,215,205,210,597682,0.4784688995215311,0,15000,-85561,70561,0,0,15000,503390,79292,597682,0,0,588951,8731,597682,0,3183000,-17914736,14731736,0,0,3183000,105926811,16591677,125701488,0,0,123841547,1859941,125701488
2024-01-09,211,215,210,213,413096,1.4285714285714286,0,600,816,-1416,0,0,600,400241,12255,413096,0,0,399425,13671,413096,0,127200,166537,-293737,0,0,127200,84928268,2604492,87659960,0,0,84761731,2898229,87659960
2024-01-10,213,215,208,210,522371,-1.4084507042253522,0,-2,-15235,15237,0,0,0,505239,17132,522371,0,2,520474,1895,522371,0,-418,-3188100,3188518,0,0,0,106027985,3589610,109617595,0,418,109216085,401092,109617595
2024-01-11,210,216,209,213,828742,1.4285714285714286,0,2000,-91694,89694,0,0,2000,721144,105598,828742,0,0,812838,15904,828742,0,423000,-19379097,18956097,0,0,423000,153066379,22331996,175821375,0,0,172445476,3375899,175821375
2024-01-12,214,214,202,207,766914,-2.8169014084507045,0,0,-13367,13367,0,0,0,720520,46394,766914,0,0,733887,33027,766914,0,0,-2789547,2789547,0,0,0,149524221,9654639,159178860,0,0,152313768,6865092,159178860
2024-01-15,206,207,203,204,329483,-1.4492753623188406,0,0,-17416,17416,0,0,0,311379,18104,329483,0,0,328795,688,329483,0,0,-3565515,3565515,0,0,0,63755825,3706545,67462370,0,0,67321340,141030,67462370
2024-01-16,204,207,203,205,402799,0.49019607843137253,0,4000,-22551,18551,0,0,4000,373837,24962,402799,0,0,396388,6411,402799,0,820000,-4604569,3784569,0,0,820000,76424917,5092413,82337330,0,0,81029486,1307844,82337330
2024-01-17,205,207,202,203,453926,-0.975609756097561,0,4,34284,-34288,0,0,4,447770,6152,453926,0,0,413486,40440,453926,0,820,6993780,-6994600,0,0,820,91419365,1254744,92674929,0,0,84425585,8249344,92674929
2024-01-18,203,237,203,210,12514000,3.4482758620689653,0,-4,313946,-313942,0,0,896,11715137,797967,12514000,0,900,11401191,1111909,12514000,0,-4521,72043297,-72038776,0,0,204288,2585534770,175476221,2761215279,0,208809,2513491473,247514997,2761215279
2024-01-19,210,212,206,207,953883,-1.4285714285714286,0,0,-60135,60135,0,0,0,837767,116116,953883,0,0,897902,55981,953883,0,0,-12579422,12579422,0,0,0,174259220,24228294,198487514,0,0,186838642,11648872,198487514
2024-01-22,206,207,202,204,885881,-1.4492753623188406,0,0,-52374,52374,0,0,0,833230,52651,885881,0,0,885604,277,885881,0,0,-10714383,10714383,0,0,0,169967622,10770889,180738511,0,0,180682005,56506,180738511
2024-01-23,204,208,202,206,830443,0.9803921568627451,0,0,-115040,115040,0,0,0,710708,119735,830443,0,0,825748,4695,830443,0,0,-23526861,23526861,0,0,0,146183142,24493829,170676971,0,0,169710003,966968,170676971
2024-01-24,209,236,205,214,12599473,3.8834951456310676,0,0,34651,-34651,0,0,0,11711875,887598,12599473,0,0,11677224,922249,12599473,0,0,9116926,-9116926,0,0,0,2598519146,196330106,2794849252,0,0,2589402220,205447032,2794849252
2024-01-25,220,274,215,238,44807913,11.214953271028037,0,21657,102321,-123978,0,0,70755,40262237,4474921,44807913,0,49098,40159916,4598899,44807913,0,4573411,71627827,-76201238,0,0,17523460,10014316317,1096309446,11128149223,0,12950049,9942688490,1172510684,11128149223
2024-01-26,244,267,227,228,12298307,-4.201680672268908,0,-21334,193088,-171754,0,0,13000,11576898,708409,12298307,0,34334,11383810,880163,12298307,0,-5259154,49509276,-44250122,0,0,3042000,2832574454,175989524,3011605978,0,8301154,2783065178,220239646,3011605978
2024-01-29,228,230,211,218,3429647,-4.385964912280701,0,-50749,-285827,336576,0,0,0,3017419,412228,3429647,0,50749,3303246,75652,3429647,0,-10950026,-61646459,72596485,0,0,0,654469042,89098631,743567673,0,10950026,716115501,16502146,743567673
2024-01-30,216,228,214,223,1328945,2.293577981651376,0,0,-26029,26029,0,0,0,1184697,144248,1328945,0,0,1210726,118219,1328945,0,0,-5007573,5007573,0,0,0,259696719,31277550,290974269,0,0,264704292,26269977,290974269
2024-01-31,222,228,214,217,1225136,-2.690582959641256,0,0,120726,-120726,0,0,0,1132998,92138,1225136,0,0,1012272,212864,1225136,0,0,26850605,-26850605,0,0,0,247392064,20035283,267427347,0,0,220541459,46885888,267427347
2024-02-01,214,250,214,239,15924292,10.138248847926267,0,47453,-271584,224131,0,0,47453,14558079,1318760,15924292,0,0,14829663,1094629,15924292,0,11005425,-58016447,47011022,0,0,11005425,3409308529,307766863,3728080817,0,0,3467324976,260755841,3728080817
2024-02-02,235,236,219,228,3216763,-4.602510460251046,0,800,-220265,219465,0,0,800,2871634,344329,3216763,0,0,3091899,124864,3216763,0,183700,-49732521,49548821,0,0,183700,656657040,78425262,735266002,0,0,706389561,28876441,735266002
2024-02-05,224,225,216,222,1940961,-2.631578947368421,0,0,-39602,39602,0,0,0,1760396,180565,1940961,0,0,1799998,140963,1940961,0,0,-8454992,8454992,0,0,0,387276844,39646382,426923226,0,0,395731836,31191390,426923226
2024-02-06,221,230,216,220,2392801,-0.9009009009009009,0,-4,10279,-10275,0,0,0,2243448,149353,2392801,0,4,2233169,159628,2392801,0,-884,2585995,-2585111,0,0,0,500931848,33448200,534380048,0,884,498345853,36033311,534380048
2024-02-07,220,223,217,218,788921,-0.9090909090909091,0,0,6788,-6788,0,0,0,787299,1622,788921,0,0,780511,8410,788921,0,0,1487246,-1487246,0,0,0,172484425,357093,172841518,0,0,170997179,1844339,172841518
2024-02-08,218,221,215,217,860613,-0.45871559633027525,0,0,65859,-65859,0,0,0,851033,9580,860613,0,0,785174,75439,860613,0,0,14305661,-14305661,0,0,0,185016230,2081426,187097656,0,0,170710569,16387087,187097656
2024-02-13,220,220,214,217,997079,0.0,0,5400,-24387,18987,0,0,5400,927827,63852,997079,0,0,952214,44865,997079,0,1166400,-5167415,4001015,0,0,1166400,200280420,13736063,215182883,0,0,205447835,9735048,215182883
2024-02-14,215,227,214,223,2266324,2.7649769585253456,0,0,-68807,68807,0,0,0,2005932,260392,2266324,0,0,2074739,191585,2266324,0,0,-14653891,14653891,0,0,0,446162807,57626024,503788831,0,0,460816698,42972133,503788831
2024-02-15,223,225,218,220,731863,-1.345291479820628,0,0,6554,-6554,0,0,0,713182,18681,731863,0,0,706628,25235,731863,0,0,1432181,-1432181,0,0,0,157085533,4129364,161214897,0,0,155653352,5561545,161214897
2024-02-16,219,223,217,218,794427,-0.9090909090909091,0,0,18903,-18903,0,0,0,747404,47023,794427,0,0,728501,65926,794427,0,0,4279500,-4279500,0,0,0,163546036,10259398,173805434,0,0,159266536,14538898,173805434
2024-02-19,218,222,218,222,800028,1.834862385321101,0,0,-230183,230183,0,0,0,562570,237458,800028,0,0,792753,7275,800028,0,0,-50598781,50598781,0,0,0,123554922,52189230,175744152,0,0,174153703,1590449,175744152
2024-02-20,223,228,219,224,996243,0.9009009009009009,0,0,-55887,55887,0,0,0,863457,132786,996243,0,0,919344,76899,996243,0,0,-12494499,12494499,0,0,0,192293202,29682247,221975449,0,0,204787701,17187748,221975449
2024-02-21,224,253,222,232,10989584,3.571428571428571,0,0,41171,-41171,0,0,0,9996136,993448,10989584,0,0,9954965,1034619,10989584,0,0,14236353,-14236353,0,0,0,2390277099,235196801,2625473900,0,0,2376040746,249433154,2625473900
2024-02-22,232,233,221,223,2059222,-3.8793103448275863,0,0,-153548,153548,0,0,0,1797082,262140,2059222,0,0,1950630,108592,2059222,0,0,-34938856,34938856,0,0,0,405924266,59474603,465398869,0,0,440863122,24535747,465398869
2024-02-23,223,226,220,225,797157,0.8968609865470852,0,1,-68967,68966,0,0,1,621917,175239,797157,0,0,690884,106273,797157,0,225,-15171562,15171337,0,0,225,138237318,38842065,177079608,0,0,153408880,23670728,177079608
2024-02-26,225,225,221,222,489406,-1.3333333333333335,0,-24998,38793,-13795,0,0,2,479240,10164,489406,0,25000,440447,23959,489406,0,-5549556,8633818,-3084262,0,0,444,106442402,2257746,108700592,0,5550000,97808584,5342008,108700592
2024-02-27,220,222,215,219,970785,-1.3513513513513513,0,4,259282,-259286,0,0,4,934304,36477,970785,0,0,675022,295763,970785,0,879,56489275,-56490154,0,0,879,203997316,7965058,211963253,0,0,147508041,64455212,211963253
2024-02-28,219,224,217,223,645932,1.82648401826484,0,1,-100084,100083,0,0,1,505863,140068,645932,0,0,605947,39985,645932,0,220,-22210417,22210197,0,0,220,111241012,30970577,142211809,0,0,133451429,8760380,142211809
2024-02-29,224,224,219,220,490463,-1.345291479820628,0,1,-22280,22279,0,0,1,450515,39947,490463,0,0,472795,17668,490463,0,221,-4879332,4879111,0,0,221,99297957,8789758,108087936,0,0,104177289,3910647,108087936
2024-03-04,221,227,219,222,998970,0.9090909090909091,0,0,-207349,207349,0,0,0,780963,218007,998970,0,0,988312,10658,998970,0,0,-46012936,46012936,0,0,0,173090462,48389260,221479722,0,0,219103398,2376324,221479722
2024-03-05,220,226,219,220,659360,-0.9009009009009009,0,0,32052,-32052,0,0,0,631267,28093,659360,0,0,599215,60145,659360,0,0,7181735,-7181735,0,0,0,140015621,6222282,146237903,0,0,132833886,13404017,146237903
2024-03-06,219,223,217,219,590310,-0.45454545454545453,0,2,137662,-137664,0,0,2,579672,10636,590310,0,0,442010,148300,590310,0,438,30210643,-30211081,0,0,438,127079577,2325391,129405406,0,0,96868934,32536472,129405406
2024-03-07,221,242,219,224,4336628,2.28310502283105,0,-26000,136164,-110164,0,0,0,3938259,398369,4336628,0,26000,3802095,508533,4336628,0,-5774497,31767892,-25993395,0,0,0,902198455,91612509,993810964,0,5774497,870430563,117605904,993810964
2024-03-08,225,229,220,226,1335723,0.8928571428571428,0,0,-119880,119880,0,0,0,1156327,179396,1335723,0,0,1276207,59516,1335723,0,0,-27185264,27185264,0,0,0,259526511,40540975,300067486,0,0,286711775,13355711,300067486
2024-03-11,229,229,222,226,878098,0.0,0,0,-69622,69622,0,0,0,796501,81597,878098,0,0,866123,11975,878098,0,0,-15614432,15614432,0,0,0,178455794,18308157,196763951,0,0,194070226,2693725,196763951
2024-03-12,226,226,216,219,1309911,-3.0973451327433628,0,-8,248625,-248617,0,0,1,1218092,91818,1309911,0,9,969467,340435,1309911,0,-1742,54539542,-54537800,0,0,220,267144696,20096169,287241085,0,1962,212605154,74633969,287241085
2024-03-13,219,221,218,219,391073,0.0,0,3,37610,-37613,0,0,3,387419,3651,391073,0,0,349809,41264,391073,0,660,8235641,-8236301,0,0,660,84947281,800153,85748094,0,0,76711640,9036454,85748094
2024-03-14,219,221,217,219,393277,0.0,0,7,8836,-8843,0,0,7,381062,12208,393277,0,0,372226,21051,393277,0,1534,1944945,-1946479,0,0,1534,83232462,2662001,85895997,0,0,81287517,4608480,85895997
2024-03-15,219,219,205,216,798908,-1.36986301369863,0,3,96653,-96656,0,0,3,738238,60667,798908,0,0,641585,157323,798908,0,644,20741651,-20742295,0,0,644,158336192,13012065,171348901,0,0,137594541,33754360,171348901
2024-03-18,217,217,212,217,461441,0.4629629629629629,0,2,27445,-27447,0,0,2,437587,23852,461441,0,0,410142,51299,461441,0,429,5963849,-5964278,0,0,429,93846531,5085270,98932230,0,0,87882682,11049548,98932230
2024-03-19,217,218,215,216,186748,-0.4608294930875576,0,1,-133,132,0,0,1,173630,13117,186748,0,0,173763,12985,186748,0,217,-38479,38262,0,0,217,37474556,2838462,40313235,0,0,37513035,2800200,40313235
2024-03-20,216,216,209,211,986538,-2.314814814814815,0,1,-25688,25687,0,0,1,933355,53182,986538,0,0,959043,27495,986538,0,214,-5415907,5415693,0,0,214,197555357,11257517,208813088,0,0,202971264,5841824,208813088
2024-03-21,212,214,207,212,776393,0.47393364928909953,0,5,-17760,17755,0,0,5,721219,55169,776393,0,0,738979,37414,776393,0,1055,-3709139,3708084,0,0,1055,151173436,11558083,162732574,0,0,154882575,7849999,162732574
2024-03-22,212,213,207,209,673712,-1.4150943396226416,0,5,-51379,51374,0,0,5,607934,65773,673712,0,0,659313,14399,673712,0,1051,-10752112,10751061,0,0,1051,127014937,13775698,140791686,0,0,137767049,3024637,140791686
2024-03-25,211,211,208,210,282521,0.4784688995215311,0,3,-5847,5844,0,0,3,251602,30916,282521,0,0,257449,25072,282521,0,627,-1175493,1174866,0,0,627,52697605,6431436,59129668,0,0,53873098,5256570,59129668
2024-03-26,218,218,205,208,547910,-0.9523809523809524,0,0,38216,-38216,0,0,0,543424,4486,547910,0,0,505208,42702,547910,0,0,8159329,-8159329,0,0,0,115057995,934690,115992685,0,0,106898666,9094019,115992685
2024-03-27,207,219,207,210,1602589,0.9615384615384616,0,7,-50615,50608,0,0,7,1449520,153062,1602589,0,0,1500135,102454,1602589,0,1491,-10494873,10493382,0,0,1491,308873323,32559358,341434172,0,0,319368196,22065976,341434172
2024-03-28,210,212,208,210,305634,0.0,0,0,-35803,35803,0,0,0,269037,36597,305634,0,0,304840,794,305634,0,0,-7519055,7519055,0,0,0,56408668,7685365,64094033,0,0,63927723,166310,64094033
2024-03-29,210,212,208,212,365952,0.9523809523809524,0,0,4309,-4309,0,0,0,365951,1,365952,0,0,361642,4310,365952,0,0,905863,-905863,0,0,0,77064841,210,77065051,0,0,76158978,906073,77065051
2024-04-01,212,212,208,212,273431,0.0,0,14,-25719,25705,0,0,14,247699,25718,273431,0,0,273418,13,273431,0,2958,-5423106,5420148,0,0,2958,52053552,5422884,57479394,0,0,57476658,2736,57479394
2024-04-02,211,213,204,207,690278,-2.358490566037736,0,1,38875,-38876,0,0,1,656881,33396,690278,0,0,618006,72272,690278,0,210,8216355,-8216565,0,0,210,136237536,6914756,143152502,0,0,128021181,15131321,143152502
2024-04-03,207,213,205,209,1069593,0.966183574879227,0,10,-61421,61411,0,0,10,994840,74743,1069593,0,0,1056261,13332,1069593,0,2082,-12857038,12854956,0,0,2082,206468185,15649409,222119676,0,0,219325223,2794453,222119676
2024-04-04,209,210,204,205,477793,-1.9138755980861244,0,2,6146,-6148,0,0,2,475441,2350,477793,0,0,469295,8498,477793,0,418,1275186,-1275604,0,0,418,98060055,484095,98544568,0,0,96784869,1759699,98544568
2024-04-05,207,207,202,206,1119190,0.4878048780487805,0,1,81658,-81659,0,0,1,1113894,5295,1119190,0,0,1032236,86954,1119190,0,206,16815791,-16815997,0,0,206,228361952,1079266,229441424,0,0,211546161,17895263,229441424
2024-04-08,206,207,204,205,291015,-0.48543689320388345,0,7,77344,-77351,0,0,7,290562,446,291015,0,0,213218,77797,291015,0,1446,15878007,-15879453,0,0,1446,59597099,91430,59689975,0,0,43719092,15970883,59689975
2024-04-09,206,207,202,204,310831,-0.4878048780487805,0,3,2883,-2886,0,0,3,307869,2959,310831,0,0,304986,5845,310831,0,615,594937,-595552,0,0,615,62717346,606583,63324544,0,0,62122409,1202135,63324544
2024-04-11,208,208,203,205,211750,0.49019607843137253,0,1,26916,-26917,0,0,1,211389,360,211750,0,0,184473,27277,211750,0,205,5515837,-5516042,0,0,205,43270093,73347,43343645,0,0,37754256,5589389,43343645
2024-04-12,205,207,204,207,325037,0.975609756097561,0,0,-18697,18697,0,0,0,304139,20898,325037,0,0,322836,2201,325037,0,0,-3830683,3830683,0,0,0,62618892,4284092,66902984,0,0,66449575,453409,66902984
2024-04-15,208,209,205,207,409861,0.0,0,0,23494,-23494,0,0,0,409246,615,409861,0,0,385752,24109,409861,0,0,4886972,-4886972,0,0,0,84743335,127637,84870972,0,0,79856363,5014609,84870972
2024-04-16,205,207,202,204,457534,-1.4492753623188406,0,-78,5216,-5138,0,0,0,456239,1295,457534,0,78,451023,6433,457534,0,-15912,1067533,-1051621,0,0,0,93229482,265066,93494548,0,15912,92161949,1316687,93494548
2024-04-17,206,221,206,216,5831745,5.88235294117647,0,-1,-282589,282590,0,0,0,5484893,346852,5831745,0,1,5767482,64262,5831745,0,-214,-59463739,59463953,0,0,0,1213929610,73315517,1287245127,0,214,1273393349,13851564,1287245127
2024-04-18,235,238,211,211,9541434,-2.314814814814815,0,0,674266,-674266,0,0,0,9156587,384847,9541434,0,0,8482321,1059113,9541434,0,0,149836037,-149836037,0,0,0,2049024650,84955542,2133980192,0,0,1899188613,234791579,2133980192
2024-04-19,211,211,203,206,1671483,-2.3696682464454977,0,1,-56197,56196,0,0,1,1590194,81288,1671483,0,0,1646391,25092,1671483,0,206,-11588005,11587799,0,0,206,327100186,16758891,343859283,0,0,338688191,5171092,343859283
2024-04-22,206,208,204,205,404165,-0.48543689320388345,0,0,-8242,8242,0,0,0,383785,20380,404165,0,0,392027,12138,404165,0,0,-1698484,1698484,0,0,0,78752028,4186774,82938802,0,0,80450512,2488290,82938802
2024-04-23,204,206,203,204,587004,-0.4878048780487805,0,0,-31744,31744,0,0,0,524996,62008,587004,0,0,556740,30264,587004,0,0,-6493536,6493536,0,0,0,107306631,12675007,119981638,0,0,113800167,6181471,119981638
2024-04-24,203,206,203,205,353635,0.49019607843137253,0,1,4385,-4386,0,0,1,345364,8270,353635,0,0,340979,12656,353635,0,205,893966,-894171,0,0,205,70609612,1690309,72300126,0,0,69715646,2584480,72300126
2024-04-25,205,205,203,203,663945,-0.975609756097561,0,0,-106503,106503,0,0,0,557442,106503,663945,0,0,663945,0,663945,0,0,-21663497,21663497,0,0,0,113508120,21663497,135171617,0,0,135171617,0,135171617
2024-04-26,204,205,203,203,532858,0.0,0,-1,26323,-26322,0,0,0,529470,3388,532858,0,1,503147,29710,532858,0,-203,5364854,-5364651,0,0,0,107786729,687789,108474518,0,203,102421875,6052440,108474518
2024-04-29,204,206,202,205,420521,0.9852216748768473,0,0,-40262,40262,0,0,0,380259,40262,420521,0,0,420521,0,420521,0,0,-8228319,8228319,0,0,0,77664583,8228319,85892902,0,0,85892902,0,85892902
2024-04-30,205,206,204,206,479507,0.4878048780487805,0,0,2038,-2038,0,0,0,479225,282,479507,0,0,477187,2320,479507,0,0,417759,-417759,0,0,0,98255433,57841,98313274,0,0,97837674,475600,98313274
2024-05-02,206,206,203,205,233614,-0.48543689320388345,0,4,5433,-5437,0,0,4,233072,538,233614,0,0,227639,5975,233614,0,820,1111229,-1112049,0,0,820,47630066,109790,47740676,0,0,46518837,1221839,47740676
2024-05-03,204,205,203,205,270244,0.0,0,1,5815,-5816,0,0,1,268876,1367,270244,0,0,263061,7183,270244,0,205,1185298,-1185503,0,0,205,54891885,279829,55171919,0,0,53706587,1465332,55171919
2024-05-07,205,206,203,205,474718,0.0,0,0,1218,-1218,0,0,0,474614,104,474718,0,0,473396,1322,474718,0,0,249690,-249690,0,0,0,97132672,21320,97153992,0,0,96882982,271010,97153992
2024-05-08,205,205,202,205,381398,0.0,0,0,11111,-11111,0,0,0,370281,11117,381398,0,0,359170,22228,381398,0,0,2243846,-2243846,0,0,0,75353189,2256758,77609947,0,0,73109343,4500604,77609947
2024-05-09,205,205,203,204,219387,-0.4878048780487805,0,1,-2247,2246,0,0,1,214680,4706,219387,0,0,216927,2460,219387,0,205,-458389,458184,0,0,205,43743698,960024,44703927,0,0,44202087,501840,44703927
2024-05-10,204,212,204,208,805893,1.9607843137254901,0,1,-92127,92126,0,0,9661,665870,130362,805893,0,9660,757997,38236,805893,0,38285,-19068012,19029727,0,0,2033075,137421425,26915471,166369971,0,1994790,156489437,7885744,166369971
2024-05-13,209,209,205,206,215183,-0.9615384615384616,0,2,-753,751,0,0,2,213681,1500,215183,0,0,214434,749,215183,0,412,-156136,155724,0,0,412,44034399,310660,44345471,0,0,44190535,154936,44345471
2024-05-14,206,207,202,207,418580,0.48543689320388345,0,4,-15945,15941,0,0,4,397466,21110,418580,0,0,413411,5169,418580,0,824,-3212259,3211435,0,0,824,81421683,4273254,85695761,0,0,84633942,1061819,85695761
2024-05-16,205,209,203,206,603546,-0.4830917874396135,0,4,16947,-16951,0,0,4,598025,5517,603546,0,0,581078,22468,603546,0,824,3468838,-3469662,0,0,824,122708060,1137017,123845901,0,0,119239222,4606679,123845901
2024-05-17,206,207,204,205,390135,-0.48543689320388345,0,3,584,-587,0,0,3,390106,26,390135,0,0,389522,613,390135,0,619,120089,-120708,0,0,619,80090397,5349,80096365,0,0,79970308,126057,80096365
2024-05-20,204,206,204,206,226123,0.4878048780487805,0,4,4683,-4687,0,0,4,225580,539,226123,0,0,220897,5226,226123,0,820,955368,-956188,0,0,820,46128191,110465,46239476,0,0,45172823,1066653,46239476
2024-05-21,206,206,203,205,172769,-0.48543689320388345,0,4,35614,-35618,0,0,4,171818,947,172769,0,0,136204,36565,172769,0,821,7266281,-7267102,0,0,821,35097814,193188,35291823,0,0,27831533,7460290,35291823
2024-05-22,206,207,203,205,455914,0.0,0,1,-29474,29473,0,0,1,426057,29856,455914,0,0,455531,383,455914,0,205,-6067841,6067636,0,0,205,86962681,6146151,93109037,0,0,93030522,78515,93109037
2024-05-23,205,206,203,205,605298,0.0,0,-1,82264,-82263,0,0,0,572594,32704,605298,0,1,490330,114967,605298,0,-204,16824342,-16824138,0,0,0,117015555,6695447,123711002,0,204,100191213,23519585,123711002
2024-05-24,205,206,204,205,1178566,0.0,0,2,-4552,4550,0,0,2,1173673,4891,1178566,0,0,1178225,341,1178566,0,411,-930862,930451,0,0,411,255377140,1000204,256377755,0,0,256308002,69753,256377755
2024-05-27,247,266,230,266,71358213,29.756097560975608,631,149979,364001,-514611,0,1268,355797,69825384,1175764,71358213,637,205818,69461383,1690375,71358213,167852,40402639,87705224,-128275715,0,335383,93629367,17885888297,289941395,18269794442,167531,53226728,17798183073,418217110,18269794442
2024-05-28,272,345,270,345,79595451,29.69924812030075,-631,-50827,75959,-24501,0,500,394668,78383122,817161,79595451,1131,445495,78307163,841662,79595451,-182073,-16925227,30573413,-13466113,0,163500,131577100,25168285375,257734470,25557760445,345573,148502327,25137711962,271200583,25557760445
2024-05-29,375,376,280,286,61688349,-17.101449275362317,0,28122,-61420,33298,0,2449,77879,57755460,3852561,61688349,2449,49757,57816880,3819263,61688349,2779,9049319,-29215443,20163345,0,766538,24473965,18218076410,1234192696,19477509609,763759,15424646,18247291853,1214029351,19477509609
2024-05-30,287,371,286,371,30925539,29.72027972027972,0,812808,-707288,-105520,0,254,812937,27649305,2463043,30925539,254,129,28356593,2568563,30925539,-5334,301551768,-250138754,-51407680,0,88900,301599627,9375522800,777009014,10454220341,94234,47859,9625661554,828416694,10454220341
2024-05-31,409,475,400,406,129537560,9.433962264150944,-207470,-809225,895154,121541,0,0,118571,128160125,1258864,129537560,207470,927796,127264971,1137323,129537560,-86825857,-333350697,371473196,48703358,0,0,50368628,55936413301,544196512,56530978441,86825857,383719325,55564940105,495493154,56530978441
2024-06-03,388,462,373,398,47683958,-1.9704433497536946,0,-14416,-64363,78779,0,0,28184,46305682,1350092,47683958,0,42600,46370045,1271313,47683958,0,-5916089,-20090574,26006663,0,0,11877756,19380625661,555421978,19947925395,0,17793845,19400716235,529415315,19947925395
2024-06-04,411,439,372,392,36290307,-1.507537688442211,0,46350,16027,-62377,0,0,57343,35092985,1139979,36290307,0,10993,35076958,1202356,36290307,0,19944427,7361641,-27306068,0,0,24642519,14216227460,455831284,14696701263,0,4698092,14208865819,483137352,14696701263
2024-06-05,395,403,323,331,16853679,-15.561224489795919,0,-10919,-41118,52037,0,0,59337,15839469,954873,16853679,0,70256,15880587,902836,16853679,0,-4095577,-10894103,14989680,0,0,21257825,5561288210,330256411,5912802446,0,25353402,5572182313,315266731,5912802446
2024-06-07,323,363,315,345,18624198,4.229607250755287,0,30736,-33187,2451,0,0,179342,16181801,2263055,18624198,0,148606,16214988,2260604,18624198,0,10317800,2484034,-12801834,0,0,61632770,5504569184,762901801,6329103755,0,51314970,5502085150,775703635,6329103755
2024-06-10,342,386,336,357,13872170,3.4782608695652173,0,33780,-258094,224314,0,0,98774,11896499,1876897,13872170,0,64994,12154593,1652583,13872170,0,11758127,-86354260,74596133,0,0,35903343,4318964685,681578393,5036446421,0,24145216,4405318945,606982260,5036446421
2024-06-11,357,357,312,315,8369231,-11.76470588235294,0,-190351,291896,-101545,0,0,27429,7870492,471310,8369231,0,217780,7578596,572855,8369231,0,-63254810,97860592,-34605782,0,0,8823601,2573173592,155211979,2737209172,0,72078411,2475313000,189817761,2737209172
2024-06-12,318,372,318,332,19992316,5.396825396825397,0,-1,-227246,227247,0,0,766,17834303,2157247,19992316,0,767,18061549,1930000,19992316,0,-4178,-70698733,70702911,0,0,257376,6188145832,736739426,6925142634,0,261554,6258844565,666036515,6925142634
2024-06-13,339,344,320,324,4717510,-2.4096385542168677,0,0,-31435,31435,0,0,0,4372770,344740,4717510,0,0,4404205,313305,4717510,0,0,-8910010,8910010,0,0,0,1428892217,112663617,1541555834,0,0,1437802227,103753607,1541555834
2024-06-14,328,361,319,339,11426853,4.62962962962963,0,49,-354840,354791,0,0,89417,9720981,1616455,11426853,0,89368,10075821,1261664,11426853,0,92266,-120572138,120479872,0,0,30989541,3328961461,551766421,3911717423,0,30897275,3449533599,431286549,3911717423
2024-06-17,344,348,324,328,3788149,-3.2448377581120944,0,0,480683,-480683,0,0,0,3632880,155269,3788149,0,0,3152197,635952,3788149,0,0,159150266,-159150266,0,0,0,1207873455,51654416,1259527871,0,0,1048723189,210804682,1259527871
2024-06-18,344,344,320,322,4090061,-1.8292682926829267,0,22370,89326,-111696,0,0,28870,3815328,245863,4090061,0,6500,3726002,357559,4090061,0,7349539,30392391,-37741930,0,0,9481539,1258930018,80989855,1349401412,0,2132000,1228537627,118731785,1349401412
2024-06-19,330,330,305,307,3555938,-4.658385093167702,0,10673,-101248,90575,0,0,10673,3193053,352212,3555938,0,0,3294301,261637,3555938,0,3436706,-32299496,28862790,0,0,3436706,1009907274,111617436,1124961416,0,0,1042206770,82754646,1124961416
2024-06-20,307,314,292,305,3304463,-0.6514657980456027,0,0,-280240,280240,0,0,0,2708432,596031,3304463,0,0,2988672,315791,3304463,0,0,-83362514,83362514,0,0,0,815786586,178894609,994681195,0,0,899149100,95532095,994681195
2024-06-21,305,319,294,302,3180619,-0.9836065573770493,0,0,51229,-51229,0,0,1856,2485045,693718,3180619,0,1856,2433816,744947,3180619,0,9280,17756623,-17765903,0,0,582784,758411952,210996782,969991518,0,573504,740655329,228762685,969991518
2024-06-24,300,300,279,284,3425173,-5.960264900662252,0,0,-297430,297430,0,0,0,2974567,450606,3425173,0,0,3271997,153176,3425173,0,0,-84428149,84428149,0,0,0,846395323,128458902,974854225,0,0,930823472,44030753,974854225
2024-06-25,278,293,275,288,2272470,1.4084507042253522,0,0,-317569,317569,0,0,10380,1617338,644752,2272470,0,10380,1934907,327183,2272470,0,45085,-90194405,90149320,0,0,3018955,460138517,183580746,646738218,0,2973870,550332922,93431426,646738218
2024-06-26,292,292,269,273,3741198,-5.208333333333334,0,0,225983,-225983,0,0,4771,3294380,442047,3741198,0,4771,3068397,668030,3741198,0,-19086,63205573,-63186487,0,0,1292941,911938416,122996674,1036228031,0,1312027,848732843,186183161,1036228031
2024-06-27,273,294,269,275,4867104,0.7326007326007326,0,10702,282184,-292886,0,0,10702,4340200,516202,4867104,0,0,4058016,809088,4867104,0,2898540,78365895,-81264435,0,0,2898540,1208396759,145834330,1357129629,0,0,1130030864,227098765,1357129629
2024-06-28,276,325,276,291,17343830,5.818181818181818,0,75937,242090,-318027,0,0,75937,14958159,2309734,17343830,0,0,14716069,2627761,17343830,0,22297352,87561029,-109858381,0,0,22297352,4562931010,695787876,5281016238,0,0,4475369981,805646257,5281016238
2024-07-01,303,333,291,306,16804875,5.154639175257731,0,103763,-220135,116372,0,0,123087,14563942,2117846,16804875,0,19324,14784077,2001474,16804875,0,31357672,-61421442,30063770,0,0,37496489,4576797705,660401384,5274695578,0,6138817,4638219147,630337614,5274695578
2024-07-02,306,307,283,292,3384088,-4.57516339869281,0,0,133307,-133307,0,0,0,3108906,275182,3384088,0,0,2975599,408489,3384088,0,0,39098503,-39098503,0,0,0,906161372,80407804,986569176,0,0,867062869,119506307,986569176
2024-07-03,292,296,275,278,2697499,-4.794520547945205,0,0,-13325,13325,0,0,0,2392014,305485,2697499,0,0,2405339,292160,2697499,0,0,-3908191,3908191,0,0,0,672920225,86224938,759145163,0,0,676828416,82316747,759145163
2024-07-04,278,291,275,282,2028377,1.4388489208633095,0,0,-132037,132037,0,0,0,1658778,369599,2028377,0,0,1790815,237562,2028377,0,0,-36120959,36120959,0,0,0,466090903,103636072,569726975,0,0,502211862,67515113,569726975
2024-07-05,283,287,275,284,1700299,0.7092198581560284,0,0,-313375,313375,0,0,0,1341863,358436,1700299,0,0,1655238,45061,1700299,0,0,-88350043,88350043,0,0,0,375556104,101047055,476603159,0,0,463906147,12697012,476603159
2024-07-08,284,288,280,287,1984560,1.056338028169014,0,0,-255770,255770,0,0,0,1636720,347840,1984560,0,0,1892490,92070,1984560,0,0,-72588205,72588205,0,0,0,469965887,98739774,568705661,0,0,542554092,26151569,568705661
2024-07-09,304,314,284,285,4012784,-0.6968641114982579,0,6530,675548,-682078,0,0,6530,3799030,207224,4012784,0,0,3123482,889302,4012784,0,1900230,201115800,-203016030,0,0,1900230,1116072298,61747310,1179719838,0,0,914956498,264763340,1179719838
2024-07-10,283,295,278,280,2202092,-1.7543859649122806,0,1602,-185794,184192,0,0,1602,1808305,392185,2202092,0,0,1994099,207993,2202092,0,448560,-51999821,51551261,0,0,448560,510379299,110505371,621333230,0,0,562379120,58954110,621333230
2024-07-11,282,282,274,276,1219296,-1.4285714285714286,0,0,-3445,3445,0,0,0,1112873,106423,1219296,0,0,1116318,102978,1219296,0,0,-859912,859912,0,0,0,308001468,29411481,337412949,0,0,308861380,28551569,337412949
2024-07-12,276,281,273,277,957768,0.36231884057971014,0,0,-119917,119917,0,0,0,775730,182038,957768,0,0,895647,62121,957768,0,0,-33223812,33223812,0,0,0,214071748,50386806,264458554,0,0,247295560,17162994,264458554
2024-07-15,276,279,273,277,616293,0.0,0,-49955,-9442,59397,0,0,0,516261,100032,616293,0,49955,525703,40635,616293,0,-13739036,-2618801,16357837,0,0,0,142352046,27594502,169946548,0,13739036,144970847,11236665,169946548
2024-07-16,277,280,274,276,814650,-0.36101083032490977,0,0,29678,-29678,0,0,0,749074,65576,814650,0,0,719396,95254,814650,0,0,8187925,-8187925,0,0,0,206541691,18106743,224648434,0,0,198353766,26294668,224648434
2024-07-17,277,279,273,276,805020,0.0,0,0,-177423,177423,0,0,0,560322,244698,805020,0,0,737745,67275,805020,0,0,-48946945,48946945,0,0,0,154139777,67436909,221576686,0,0,203086722,18489964,221576686
2024-07-18,276,282,270,282,839237,2.1739130434782608,0,0,-1174,1174,0,0,0,682714,156523,839237,0,0,683888,155349,839237,0,0,-391854,391854,0,0,0,187532377,42878315,230410692,0,0,187924231,42486461,230410692
2024-07-19,283,283,273,275,746033,-2.4822695035460995,0,25000,174979,-199979,0,0,25000,707296,13737,746033,0,0,532317,213716,746033,0,6855000,48390998,-55245998,0,0,6855000,195246582,3805920,205907502,0,0,146855584,59051918,205907502
2024-07-22,275,278,268,271,833267,-1.4545454545454546,0,14995,-77955,62960,0,0,14995,690777,127495,833267,0,0,768732,64535,833267,0,4086225,-20878521,16792296,0,0,4086225,187317941,34501865,225906031,0,0,208196462,17709569,225906031
2024-07-23,271,279,270,278,1192442,2.5830258302583027,0,0,-412036,412036,0,0,0,751265,441177,1192442,0,0,1163301,29141,1192442,0,0,-112944622,112944622,0,0,0,206598810,120960992,327559802,0,0,319543432,8016370,327559802
2024-07-24,275,279,270,270,325834,-2.877697841726619,0,0,17733,-17733,0,0,0,289343,36491,325834,0,0,271610,54224,325834,0,0,4834759,-4834759,0,0,0,78986528,10001592,88988120,0,0,74151769,14836351,88988120
2024-07-25,271,273,251,264,935936,-2.2222222222222223,0,0,-209607,209607,0,0,0,581879,354057,935936,0,0,791486,144450,935936,0,0,-54729618,54729618,0,0,0,152920144,92906864,245827008,0,0,207649762,38177246,245827008
2024-07-26,261,268,261,265,364312,0.3787878787878788,0,0,-95050,95050,0,0,0,250928,113384,364312,0,0,345978,18334,364312,0,0,-25052984,25052984,0,0,0,66035397,29889503,95924900,0,0,91088381,4836519,95924900
2024-07-29,264,269,260,269,585573,1.509433962264151,0,0,-220967,220967,0,0,0,338245,247328,585573,0,0,559212,26361,585573,0,0,-58744152,58744152,0,0,0,90137876,65772346,155910222,0,0,148882028,7028194,155910222
2024-07-30,269,270,257,259,644501,-3.717472118959108,0,0,158573,-158573,0,0,0,614647,29854,644501,0,0,456074,188427,644501,0,0,41416206,-41416206,0,0,0,160067440,7814995,167882435,0,0,118651234,49231201,167882435
2024-07-31,260,283,257,262,1345371,1.1583011583011582,0,0,-34211,34211,0,0,0,1126783,218588,1345371,0,0,1160994,184377,1345371,0,0,-6297222,6297222,0,0,0,301049600,56944563,357994163,0,0,307346822,50647341,357994163
2024-08-01,262,272,259,270,584000,3.0534351145038165,0,1,-136307,136306,0,0,1,379064,204935,584000,0,0,515371,68629,584000,0,264,-36000028,35999764,0,0,264,101496456,54476201,155972921,0,0,137496484,18476437,155972921
2024-08-02,267,267,254,256,721498,-5.185185185185185,0,3,220105,-220108,0,0,3,702125,19370,721498,0,0,482020,239478,721498,0,771,57007539,-57008310,0,0,771,180833001,5028537,185862309,0,0,123825462,62036847,185862309
2024-08-05,253,257,225,234,1324049,-8.59375,0,11,27348,-27359,0,0,11,1191273,132765,1324049,0,0,1163925,160124,1324049,0,2698,7258423,-7261121,0,0,2698,287235859,31734583,318973140,0,0,279977436,38995704,318973140
2024-08-06,237,252,226,243,842785,3.8461538461538463,0,1,-365837,365836,0,0,1,422033,420751,842785,0,0,787870,54915,842785,0,246,-87850818,87850572,0,0,246,101003736,101186563,202190545,0,0,188854554,13335991,202190545
2024-08-07,245,252,245,251,494594,3.292181069958848,0,0,-149143,149143,0,0,0,323881,170713,494594,0,0,473024,21570,494594,0,0,-37167655,37167655,0,0,0,80731232,42548922,123280154,0,0,117898887,5381267,123280154
2024-08-08,246,257,243,257,426773,2.3904382470119523,0,0,-135211,135211,0,0,0,261048,165725,426773,0,0,396259,30514,426773,0,0,-33355984,33355984,0,0,0,65098182,40994402,106092584,0,0,98454166,7638418,106092584
2024-08-09,252,263,245,247,910494,-3.8910505836575875,0,0,66044,-66044,0,0,0,786894,123600,910494,0,0,720850,189644,910494,0,0,16296689,-16296689,0,0,0,197106474,31437074,228543548,0,0,180809785,47733763,228543548
2024-08-12,249,252,245,250,512137,1.214574898785425,0,-36152,-70987,107139,0,0,71100,324549,116488,512137,0,107252,395536,9349,512137,0,-8940347,-17677251,26617598,0,0,17586800,80617282,28942784,127146866,0,26527147,98294533,2325186,127146866
2024-08-13,249,252,238,240,1041810,-4.0,0,0,170742,-170742,0,0,0,976646,65164,1041810,0,0,805904,235906,1041810,0,0,41780948,-41780948,0,0,0,239210228,16176613,255386841,0,0,197429280,57957561,255386841
2024-08-14,241,245,238,242,418498,0.8333333333333334,0,56420,-221631,165211,0,0,56420,183007,179071,418498,0,0,404638,13860,418498,0,13540806,-53373330,39832524,0,0,13540806,44107422,43175752,100823980,0,0,97480752,3343228,100823980
2024-08-16,243,244,236,241,610501,-0.4132231404958678,0,28069,-59737,31668,0,0,28069,489539,92893,610501,0,0,549276,61225,610501,0,6744630,-14087306,7342676,0,0,6744630,117543345,22094014,146381989,0,0,131630651,14751338,146381989
2024-08-19,241,242,231,235,601936,-2.4896265560165975,0,-160000,233356,-73356,0,0,40000,527339,34597,601936,0,200000,293983,107953,601936,0,-37522674,54924453,-17401779,0,0,9470000,124578047,8155879,142203926,0,46992674,69653594,25557658,142203926
2024-08-20,236,242,227,240,834116,2.127659574468085,0,10002,-73807,63805,0,0,10002,725922,98192,834116,0,0,799729,34387,834116,0,2340470,-17463526,15123056,0,0,2340470,169602143,23112587,195055200,0,0,187065669,7989531,195055200
2024-08-21,240,277,229,230,12945357,-4.166666666666666,0,-367991,2006788,-1638797,0,0,18000,12022788,904569,12945357,0,385991,10016000,2543366,12945357,0,-90584121,519106788,-428522667,0,0,4734000,3041765870,228423305,3274923175,0,95318121,2522659082,656945972,3274923175
2024-08-22,233,236,222,224,1859615,-2.608695652173913,0,86955,-36685,-50270,0,0,86955,1682648,90012,1859615,0,0,1719333,140282,1859615,0,20102975,-8790333,-11312642,0,0,20102975,381614977,20599341,422317293,0,0,390405310,31911983,422317293
2024-08-23,223,240,222,230,1606132,2.6785714285714284,0,4,-386865,386861,0,0,4,1100963,505165,1606132,0,0,1487828,118304,1606132,0,910,-88304495,88303585,0,0,910,250275077,115524271,365800258,0,0,338579572,27220686,365800258
2024-08-26,230,238,227,232,1028919,0.8695652173913043,0,-953,-139306,140259,0,0,0,756247,272672,1028919,0,953,895553,132413,1028919,0,-220143,-32391948,32612091,0,0,0,175440194,63339526,238779720,0,220143,207832142,30727435,238779720
2024-08-27,232,237,227,236,636986,1.7241379310344827,0,4,-2015,2011,0,0,4,571968,65014,636986,0,0,573983,63003,636986,0,930,-373501,372571,0,0,930,132942569,15121450,148064949,0,0,133316070,14748879,148064949
2024-08-28,237,237,230,230,337882,-2.5423728813559325,0,11879,17362,-29241,0,0,11879,308566,17437,337882,0,0,291204,46678,337882,0,2744146,4027319,-6771465,0,0,2744146,71497794,4057805,78299745,0,0,67470475,10829270,78299745
2024-08-29,227,239,225,229,795308,-0.43478260869565216,0,-1874,85841,-83967,0,0,4,737422,57882,795308,0,1878,651581,141849,795308,0,-438536,19717545,-19279009,0,0,916,169991037,13562646,183554599,0,439452,150273492,32841655,183554599
2024-08-30,228,235,227,229,582216,0.0,0,0,-104067,104067,0,0,0,458674,123542,582216,0,0,562741,19475,582216,0,0,-23837666,23837666,0,0,0,105646938,28359133,134006071,0,0,129484604,4521467,134006071
2024-09-02,237,237,228,234,676091,2.1834061135371177,0,1,-74205,74204,0,0,1,548465,127625,676091,0,0,622670,53421,676091,0,229,-17527103,17526874,0,0,229,127264641,29865122,157129992,0,0,144791744,12338248,157129992
2024-09-03,231,233,224,229,814684,-2.1367521367521367,0,1,104094,-104095,0,0,1,809237,5446,814684,0,0,705143,109541,814684,0,232,23843569,-23843801,0,0,232,184991708,1237509,186229449,0,0,161148139,25081310,186229449
2024-09-04,226,229,223,224,558669,-2.1834061135371177,0,1,-105473,105472,0,0,1,447021,111647,558669,0,0,552494,6175,558669,0,226,-23820210,23819984,0,0,226,100744797,25212726,125957749,0,0,124565007,1392742,125957749
2024-09-05,224,229,220,223,633574,-0.4464285714285714,0,2,-130625,130623,0,0,2,494523,139049,633574,0,0,625148,8426,633574,0,452,-29260517,29260065,0,0,452,110484198,31151484,141636134,0,0,139744715,1891419,141636134
2024-09-06,223,225,219,222,377927,-0.4484304932735426,0,2,14208,-14210,0,0,2,359493,18432,377927,0,0,345285,32642,377927,0,445,3158667,-3159112,0,0,445,79386221,4086527,83473193,0,0,76227554,7245639,83473193
2024-09-09,220,229,220,222,499713,0.0,0,1,-90151,90150,0,0,1,338388,161324,499713,0,0,428539,71174,499713,0,222,-19885565,19885343,0,0,222,75629632,35847270,111477124,0,0,95515197,15961927,111477124
2024-09-10,223,260,223,228,10000092,2.7027027027027026,0,0,488213,-488213,0,0,18007,8998134,983951,10000092,0,18007,8509921,1472164,10000092,0,8888,124498204,-124507092,0,0,4546330,2167639098,236678146,2408863574,0,4537442,2043140894,361185238,2408863574
2024-09-11,228,232,224,227,1060476,-0.43859649122807015,0,3,-227035,227032,0,0,3,827445,233028,1060476,0,0,1054480,5996,1060476,0,681,-51686133,51685452,0,0,681,187379296,53047080,240427057,0,0,239065429,1361628,240427057
2024-09-12,226,237,225,228,1905783,0.4405286343612335,0,3,-416919,416916,0,0,3,1471528,434252,1905783,0,0,1888447,17336,1905783,0,687,-94928710,94928023,0,0,687,340585391,98913852,439499930,0,0,435514101,3985829,439499930
2024-09-13,242,265,227,227,20378835,-0.43859649122807015,0,-100000,562601,-462601,0,0,0,18167481,2211354,20378835,0,100000,17604880,2673955,20378835,0,-24400000,143059582,-118659582,0,0,0,4458730294,544322535,5003052829,0,24400000,4315670712,662982117,5003052829
2024-09-19,230,248,226,233,5842795,2.643171806167401,0,0,-215155,215155,0,0,0,5196139,646656,5842795,0,0,5411294,431501,5842795,0,0,-48461736,48461736,0,0,0,1222856912,150910655,1373767567,0,0,1271318648,102448919,1373767567
2024-09-20,233,233,225,230,1671229,-1.2875536480686696,0,5,-76001,75996,0,0,5,1514639,156585,1671229,0,0,1590640,80589,1671229,0,1146,-17238416,17237270,0,0,1146,346019332,35882483,381902961,0,0,363257748,18645213,381902961
2024-09-23,230,232,226,227,626135,-1.3043478260869565,0,1,-3660,3659,0,0,1,617729,8405,626135,0,0,621389,4746,626135,0,230,-833846,833616,0,0,230,141150913,1922896,143074039,0,0,141984759,1089280,143074039
2024-09-24,224,232,224,231,1479780,1.762114537444934,0,54002,-222122,168120,0,0,54002,1220707,205071,1479780,0,0,1442829,36951,1479780,0,12396461,-50686031,38289570,0,0,12396461,278867584,46760564,338024609,0,0,329553615,8470994,338024609
2024-09-25,245,300,244,300,28469507,29.87012987012987,0,-100213,690538,-590325,0,0,26225,27388625,1067273,28482123,0,126438,26698087,1657598,28482123,0,-29497476,202710306,-173212830,0,0,7695328,7861941669,284520162,8154157159,0,37192804,7659231363,457732992,8154157159
