날짜,시가,고가,저가,종가,거래량,등락률,기관합계_거래량_순매수,기타법인_거래량_순매수,개인_거래량_순매수,외국인합계_거래량_순매수,전체_거래량_순매수,기관합계_거래량_매수,기타법인_거래량_매수,개인_거래량_매수,외국인합계_거래량_매수,전체_거래량_매수,기관합계_거래량_매도,기타법인_거래량_매도,개인_거래량_매도,외국인합계_거래량_매도,전체_거래량_매도,기관합계_거래대금_순매수,기타법인_거래대금_순매수,개인_거래대금_순매수,외국인합계_거래대금_순매수,전체_거래대금_순매수,기관합계_거래대금_매수,기타법인_거래대금_매수,개인_거래대금_매수,외국인합계_거래대금_매수,전체_거래대금_매수,기관합계_거래대금_매도,기타법인_거래대금_매도,개인_거래대금_매도,외국인합계_거래대금_매도,전체_거래대금_매도
2019-01-02,1395,1425,1370,1385,1016640,-0.7168458781362007,0,-408,1794,-1386,0,0,0,1007662,8978,1016640,0,408,1005868,10364,1016640,0,-565080,2653275,-2088195,0,0,0,1404779250,12586040,1417365290,0,565080,1402125975,14674235,1417365290
2019-01-03,1430,1610,1420,1465,10895263,5.776173285198556,0,1,30625,-30626,0,0,18250,10843114,33899,10895263,0,18249,10812489,64525,10895263,0,541540,47722205,-48263745,0,0,28338400,16566966790,50925805,16646230995,0,27796860,16519244585,99189550,16646230995
2019-01-04,1470,1500,1405,1500,2964231,2.3890784982935154,0,0,1120,-1120,0,0,0,2939718,24513,2964231,0,0,2938598,25633,2964231,0,0,1846580,-1846580,0,0,0,4258200440,35527235,4293727675,0,0,4256353860,37373815,4293727675
2019-01-07,1510,1520,1460,1480,1629472,-1.3333333333333335,0,0,-3230,3230,0,0,0,1626041,3431,1629472,0,0,1629271,201,1629472,0,0,-4787590,4787590,0,0,0,2414628770,5086560,2419715330,0,0,2419416360,298970,2419715330
2019-01-08,1490,1505,1425,1450,2075943,-2.027027027027027,0,0,-1195,1195,0,0,0,2063641,12302,2075943,0,0,2064836,11107,2075943,0,0,-1813455,1813455,0,0,0,2997469050,17869810,3015338860,0,0,2999282505,16056355,3015338860
2019-01-09,1535,1640,1495,1515,10615769,4.482758620689655,0,6047,10512,-16559,0,5000,40957,10553503,16309,10615769,5000,34910,10542991,32868,10615769,525000,7962180,17379430,-25866610,0,8075000,62659390,16419470365,25424635,16515629390,7550000,54697210,16402090935,51291245,16515629390
2019-01-10,1535,1560,1485,1505,2646896,-0.6600660066006601,0,11571,-9859,-1712,0,0,11571,2632861,2464,2646896,0,0,2642720,4176,2646896,0,17774155,-15135480,-2638675,0,0,17774155,3990929460,3761240,4012464855,0,0,4006064940,6399915,4012464855
2019-01-11,1560,1560,1490,1505,4122753,0.0,0,18839,-24345,5506,0,0,30410,4076072,16271,4122753,0,11571,4100417,10765,4122753,0,29084975,-37549315,8464340,0,0,46822540,6222899225,24783910,6294505675,0,17737565,6260448540,16319570,6294505675
2019-01-14,1510,1525,1500,1510,1421121,0.33222591362126247,0,414,-64198,63784,0,0,414,1350108,70599,1421121,0,0,1414306,6815,1421121,0,623070,-96835965,96212895,0,0,623070,2036243270,106477145,2143343485,0,0,2133079235,10264250,2143343485
2019-01-15,1510,1510,1465,1480,1078516,-1.9867549668874174,0,33,-15685,15652,0,0,33,1058101,20382,1078516,0,0,1073786,4730,1078516,0,48510,-23149495,23100985,0,0,48510,1564984850,30096680,1595130040,0,0,1588134345,6995695,1595130040
2019-01-16,1485,1495,1445,1445,863298,-2.364864864864865,0,-107,-18356,18463,0,0,0,844135,19163,863298,0,107,862491,700,863298,0,-155685,-26959820,27115505,0,0,0,1232150755,28134505,1260285260,0,155685,1259110575,1019000,1260285260
2019-01-17,1455,1475,1435,1440,623291,-0.34602076124567477,0,-2500,-56700,59200,0,0,0,561050,62241,623291,0,2500,617750,3041,623291,0,-3600000,-82460435,86060435,0,0,0,814370425,90500295,904870720,0,3600000,896830860,4439860,904870720
2019-01-18,1440,1460,1430,1440,670559,0.0,0,133,-13869,13736,0,0,133,652693,17733,670559,0,0,666562,3997,670559,0,191520,-20077870,19886350,0,0,191520,942179485,25654530,968025535,0,0,962257355,5768180,968025535
2019-01-21,1460,1505,1455,1490,1149893,3.4722222222222223,0,3,-152294,152291,0,0,3,995863,154027,1149893,0,0,1148157,1736,1149893,0,4470,-225723855,225719385,0,0,4470,1479144210,228308025,1707456705,0,0,1704868065,2588640,1707456705
2019-01-22,1490,1520,1480,1510,796869,1.342281879194631,0,900,-149644,148744,0,0,901,646286,149682,796869,0,1,795930,938,796869,0,1344005,-224138630,222794625,0,0,1345495,968806995,224196000,1194348490,0,1490,1192945625,1401375,1194348490
2019-01-23,1505,1535,1485,1510,667870,0.0,0,0,-77285,77285,0,0,0,589519,78351,667870,0,0,666804,1066,667870,0,0,-116898785,116898785,0,0,0,892395680,118487125,1010882805,0,0,1009294465,1588340,1010882805
2019-01-24,1525,1570,1515,1555,2158140,2.980132450331126,0,-30150,-78564,108714,0,0,200,2033736,124204,2158140,0,30350,2112300,15490,2158140,0,-47037990,-121196100,168234090,0,0,309500,3149701890,192174775,3342186165,0,47347490,3270897990,23940685,3342186165
2019-01-25,1540,1570,1530,1550,848987,-0.3215434083601286,0,-2178,-38784,40962,0,0,1936,798041,49010,848987,0,4114,836825,8048,848987,0,-3333470,-59903665,63237135,0,0,3001925,1232484985,75724145,1311211055,0,6335395,1292388650,12487010,1311211055
2019-01-28,1560,1575,1535,1535,822737,-0.967741935483871,0,1251,-92736,91485,0,0,1501,728834,92402,822737,0,250,821570,917,822737,0,1949060,-143610050,141660990,0,0,2334060,1130325950,143077755,1275737765,0,385000,1273936000,1416765,1275737765
2019-01-29,1535,1555,1520,1525,668004,-0.6514657980456027,0,-2000,-77041,79041,0,0,0,587181,80823,668004,0,2000,664222,1782,668004,0,-3056000,-118660230,121716230,0,0,0,904136175,124478225,1028614400,0,3056000,1022796405,2761995,1028614400
2019-01-30,1525,1580,1525,1580,1163355,3.606557377049181,0,80,-62034,61954,0,0,80,1099163,64112,1163355,0,0,1161197,2158,1163355,0,124000,-96407515,96283515,0,0,124000,1711691430,99639210,1811454640,0,0,1808098945,3355695,1811454640
2019-01-31,1585,1610,1535,1535,732693,-2.848101265822785,0,-4,-33477,33481,0,5500,0,680148,47045,732693,5500,4,713625,13564,732693,77845,-6185,-52359830,52288170,0,8580000,0,1062474185,73536785,1144590970,8502155,6185,1114834015,21248615,1144590970
2019-02-01,1535,1565,1530,1535,543819,0.0,-1,3241,-29570,26330,0,0,3241,511445,29133,543819,1,0,541015,2803,543819,-1545,5001140,-45677115,40677520,0,0,5001140,790341410,44999395,840341945,1545,0,836018525,4321875,840341945
2019-02-07,1540,1545,1510,1535,476112,0.0,0,-3241,-35731,38972,0,0,446,436185,39481,476112,0,3687,471916,509,476112,0,-4921750,-54469940,59391690,0,0,682490,664700920,60165915,725549325,0,5604240,719170860,774225,725549325
2019-02-08,1530,1535,1505,1515,436232,-1.3029315960912053,0,-2130,-24326,26456,0,0,0,407958,28274,436232,0,2130,432284,1818,436232,0,-3226950,-36841800,40068750,0,0,0,618709185,42835080,661544265,0,3226950,655550985,2766330,661544265
2019-02-11,1525,1525,1490,1500,427304,-0.9900990099009901,0,0,-14301,14301,0,0,100,409153,18051,427304,0,100,423454,3750,427304,0,-500,-21522255,21522755,0,0,149500,615861680,27142870,643154050,0,150000,637383935,5620115,643154050
2019-02-12,1500,1535,1500,1525,406641,1.6666666666666667,0,0,-36115,36115,0,0,0,370506,36135,406641,0,0,406621,20,406641,0,0,-54843065,54843065,0,0,0,564028515,54873315,618901830,0,0,618871580,30250,618901830
2019-02-13,1520,1535,1510,1525,334294,0.0,0,0,-21188,21188,0,0,0,311933,22361,334294,0,0,333121,1173,334294,0,0,-32229170,32229170,0,0,0,474651495,34017995,508669490,0,0,506880665,1788825,508669490
2019-02-14,1525,1590,1515,1590,948899,4.2622950819672125,0,2250,-26823,24573,0,0,2250,921043,25606,948899,0,0,947866,1033,948899,0,3613750,-41601785,37988035,0,0,3613750,1434324525,39604635,1477542910,0,0,1475926310,1616600,1477542910
2019-02-15,1605,1640,1555,1585,1359616,-0.3144654088050315,0,4890,21448,-26338,0,0,4990,1346127,8499,1359616,0,100,1324679,34837,1359616,0,7822200,34434430,-42256630,0,0,7980700,2150600650,13490310,2172071660,0,158500,2116166220,55746940,2172071660
2019-02-18,1580,1625,1550,1620,1660508,2.2082018927444795,0,-50,38752,-38702,0,0,0,1628831,31677,1660508,0,50,1590079,70379,1660508,0,-79950,62437045,-62357095,0,0,0,2591298240,49766485,2641064725,0,79950,2528861195,112123580,2641064725
2019-02-19,1620,1655,1600,1630,1185008,0.6172839506172839,0,100315,-102180,1865,0,0,101640,1056624,26744,1185008,0,1325,1158804,24879,1185008,0,162875555,-165726360,2850805,0,0,165058180,1716832725,43381755,1925272660,0,2182625,1882559085,40530950,1925272660
2019-02-20,1645,1790,1620,1685,4842584,3.374233128834356,0,1936,-96684,94748,0,3218,4987,4643687,190692,4842584,3218,3051,4740371,95944,4842584,-96540,3026975,-159554980,156624545,0,5341880,8372160,7913339025,320455825,8247508890,5438420,5345185,8072894005,163831280,8247508890
2019-02-21,1690,1750,1660,1735,2346403,2.967359050445104,0,6000,-171421,165421,0,0,6000,2151644,188759,2346403,0,0,2323065,23338,2346403,0,10260000,-293902160,283642160,0,0,10260000,3693457275,323922310,4027639585,0,0,3987359435,40280150,4027639585
2019-02-22,1740,2200,1735,1855,25521439,6.9164265129683,11000,-99821,-307876,396697,0,19000,14694,24935553,552192,25521439,8000,114515,25243429,155495,25521439,20195230,-200999380,-578454075,759258225,0,37305230,29110930,49730240585,1078127985,50874784730,17110000,230110310,50308694660,318869760,50874784730
2019-02-25,2020,2410,2020,2410,31743211,29.919137466307276,-11000,-11167,-60607,82774,0,25100,558781,30823034,336296,31743211,36100,569948,30883641,253522,31743211,-23354075,-25592965,-134402425,183349465,0,53993000,1341111840,68275411770,741365780,70411882390,77347075,1366704805,68409814195,558016315,70411882390
2019-02-26,2430,2855,2330,2515,34873492,4.356846473029045,8000,-4492,-127682,124174,0,8000,141726,34435953,287813,34873492,0,146218,34563635,163639,34873492,20160000,-6997465,-319948550,306786015,0,20160000,345373570,90192641710,744936585,91303111865,0,352371035,90512590260,438150570,91303111865
2019-02-27,2480,2505,2380,2450,3904582,-2.584493041749503,-8000,29,26127,-18156,0,0,30,3861598,42954,3904582,8000,1,3835471,61110,3904582,-19640000,70015,63890415,-44320430,0,0,72450,9424491895,104081675,9528646020,19640000,2435,9360601480,148402105,9528646020
2019-02-28,2410,2505,2220,2290,4315499,-6.530612244897959,0,0,-23327,23327,0,0,0,4256830,58669,4315499,0,0,4280157,35342,4315499,0,0,-50918965,50918965,0,0,0,10155783370,137052170,10292835540,0,0,10206702335,86133205,10292835540
2019-03-04,2330,2435,2265,2350,2083389,2.6200873362445414,0,70,-80311,80241,0,0,70,1996956,86363,2083389,0,0,2077267,6122,2083389,0,164200,-188537465,188373265,0,0,164200,4675955555,202579135,4878698890,0,0,4864493020,14205870,4878698890
2019-03-05,2330,2370,2235,2335,1311639,-0.6382978723404255,0,-10,3259,-3249,0,0,0,1280807,30832,1311639,0,10,1277548,34081,1311639,0,-23200,7171610,-7148410,0,0,0,2955291280,70761645,3026052925,0,23200,2948119670,77910055,3026052925
2019-03-06,2335,2430,2275,2400,2267054,2.7837259100642395,0,-10,82057,-82047,0,0,10,2248718,18326,2267054,0,20,2166661,100373,2267054,0,-25000,193257610,-193232610,0,0,23000,5313630580,42574845,5356228425,0,48000,5120372970,235807455,5356228425
2019-03-07,2380,2380,2150,2250,1819440,-6.25,0,-71,37495,-37424,0,0,0,1812955,6485,1819440,0,71,1775460,43909,1819440,0,-164010,85938870,-85774860,0,0,0,4100810720,14905660,4115716380,0,164010,4014871850,100680520,4115716380
2019-03-08,2185,2280,2175,2230,559305,-0.8888888888888888,0,0,13003,-13003,0,0,0,531010,28295,559305,0,0,518007,41298,559305,0,0,29163510,-29163510,0,0,0,1177599510,62366520,1239966030,0,0,1148436000,91530030,1239966030
2019-03-11,2230,2250,2110,2180,619986,-2.242152466367713,0,0,-48088,48088,0,0,0,564637,55349,619986,0,0,612725,7261,619986,0,0,-103471080,103471080,0,0,0,1218099575,119155165,1337254740,0,0,1321570655,15684085,1337254740
2019-03-12,2235,2320,2195,2250,1434676,3.211009174311927,0,0,29217,-29217,0,0,0,1414694,19982,1434676,0,0,1385477,49199,1434676,0,0,66052605,-66052605,0,0,0,3188487170,44858445,3233345615,0,0,3122434565,110911050,3233345615
2019-03-13,2230,2250,2150,2210,564613,-1.7777777777777777,0,-50,23393,-23343,0,0,0,549571,15042,564613,0,50,526178,38385,564613,0,-110500,50899825,-50789325,0,0,0,1200722880,33161935,1233884815,0,110500,1149823055,83951260,1233884815
2019-03-14,2175,2305,2140,2250,1039325,1.809954751131222,0,0,87721,-87721,0,0,0,1020828,18497,1039325,0,0,933107,106218,1039325,0,0,196686855,-196686855,0,0,0,2283752815,40555655,2324308470,0,0,2087065960,237242510,2324308470
2019-03-15,2225,2445,2220,2285,6815045,1.5555555555555556,0,4931,294720,-299651,0,0,4981,6785309,24755,6815045,0,50,6490589,324406,6815045,0,11198585,692194805,-703393390,0,0,11318135,15998397675,57821295,16067537105,0,119550,15306202870,761214685,16067537105
2019-03-18,2240,2360,2235,2250,1409946,-1.5317286652078774,0,-4951,96664,-91713,0,0,0,1380371,29575,1409946,0,4951,1283707,121288,1409946,0,-11406810,220672065,-209265255,0,0,0,3148878610,67989045,3216867655,0,11406810,2928206545,277254300,3216867655
2019-03-19,2295,2495,2285,2430,7909964,8.0,0,70,176356,-176426,0,0,70,7875814,34080,7909964,0,0,7699458,210506,7909964,0,172750,424346460,-424519210,0,0,172750,19010574515,81070790,19091818055,0,0,18586228055,505590000,19091818055
2019-03-20,2400,2410,2235,2260,2106920,-6.995884773662551,0,111,25052,-25163,0,0,111,2088572,18237,2106920,0,0,2063520,43400,2106920,0,252345,58607795,-58860140,0,0,252345,4816535225,41674870,4858462440,0,0,4757927430,100535010,4858462440
2019-03-21,2295,2295,2125,2125,1290334,-5.9734513274336285,0,0,32741,-32741,0,0,0,1281874,8460,1290334,0,0,1249133,41201,1290334,0,0,70670870,-70670870,0,0,0,2780364640,18365890,2798730530,0,0,2709693770,89036760,2798730530
2019-03-22,2085,2110,1980,2060,1273873,-3.058823529411765,0,0,-64089,64089,0,0,0,1198885,74988,1273873,0,0,1262974,10899,1273873,0,0,-131300890,131300890,0,0,0,2454720145,153363090,2608083235,0,0,2586021035,22062200,2608083235
2019-03-25,1980,2080,1960,1960,569090,-4.854368932038835,0,0,11329,-11329,0,0,0,559222,9868,569090,0,0,547893,21197,569090,0,0,23691035,-23691035,0,0,0,1121710945,19704880,1141415825,0,0,1098019910,43395915,1141415825
2019-03-26,1990,2070,1965,1995,578032,1.7857142857142856,0,0,-3258,3258,0,0,0,521243,56789,578032,0,0,524501,53531,578032,0,0,-6291670,6291670,0,0,0,1044596725,113532665,1158129390,0,0,1050888395,107240995,1158129390
2019-03-27,2040,2130,2010,2025,1516502,1.5037593984962405,0,219,203228,-203447,0,0,219,1476364,39919,1516502,0,0,1273136,243366,1516502,0,448950,420715575,-421164525,0,0,448950,3049047070,82685710,3132181730,0,0,2628331495,503850235,3132181730
2019-03-28,2020,2040,1925,1925,552626,-4.938271604938271,0,4812,2299,-7111,0,0,4812,523664,24150,552626,0,0,521365,31261,552626,0,9539390,5064745,-14604135,0,0,9539390,1036821935,48005470,1094366795,0,0,1031757190,62609605,1094366795
2019-03-29,1985,2025,1885,1985,967117,3.116883116883117,0,-5142,-37802,42944,0,0,0,860812,106305,967117,0,5142,898614,63361,967117,0,-9753420,-72581250,82334670,0,0,0,1726251130,208034490,1934285620,0,9753420,1798832380,125699820,1934285620
2019-04-01,2145,2340,2055,2130,8263130,7.304785894206549,0,2000,369198,-371198,0,0,3776,8216392,42962,8263130,0,1776,7847194,414160,8263130,0,4643025,810285200,-814928225,0,0,8541345,18078608990,93727245,18180877580,0,3898320,17268323790,908655470,18180877580
2019-04-02,2115,2130,2065,2080,879241,-2.3474178403755865,0,-2000,-29404,31404,0,0,0,842712,36529,879241,0,2000,872116,5125,879241,0,-4140000,-61591825,65731825,0,0,0,1761467115,76426120,1837893235,0,4140000,1823058940,10694295,1837893235
2019-04-03,2100,2250,2065,2180,2153012,4.807692307692308,0,0,47239,-47239,0,0,0,2136280,16732,2153012,0,0,2089041,63971,2153012,0,0,100579875,-100579875,0,0,0,4599248915,35539150,4634788065,0,0,4498669040,136119025,4634788065
2019-04-04,2175,2390,2120,2320,5039136,6.422018348623854,0,428,128613,-129041,0,0,428,5009516,29192,5039136,0,0,4880903,158233,5039136,0,967280,292802710,-293769990,0,0,967280,11308367575,65402250,11374737105,0,0,11015564865,359172240,11374737105
2019-04-05,2270,2285,2220,2280,3224321,-1.7241379310344827,0,-428,13645,-13217,0,0,0,3214068,10253,3224321,0,428,3200423,23470,3224321,0,-987410,31925280,-30937870,0,0,0,7346548270,23141480,7369689750,0,987410,7314622990,54079350,7369689750
2019-04-08,2460,2550,2215,2220,6350066,-2.631578947368421,0,8001,15104,-23105,0,0,10130,6329874,10062,6350066,0,2129,6314770,33167,6350066,0,18622675,36812660,-55435335,0,0,23551310,15043365830,23508330,15090425470,0,4928635,15006553170,78943665,15090425470
2019-04-09,2245,2255,2155,2185,2771625,-1.5765765765765765,0,0,4347,-4347,0,0,0,2731765,39860,2771625,0,0,2727418,44207,2771625,0,0,9683145,-9683145,0,0,0,6026011970,88467090,6114479060,0,0,6016328825,98150235,6114479060
2019-04-10,2160,2190,2115,2140,1472676,-2.059496567505721,0,0,-702,702,0,0,0,1469305,3371,1472676,0,0,1470007,2669,1472676,0,0,-1554645,1554645,0,0,0,3188490425,7292515,3195782940,0,0,3190045070,5737870,3195782940
2019-04-11,2245,2270,2165,2175,2224941,1.6355140186915886,0,0,-7627,7627,0,0,0,2212645,12296,2224941,0,0,2220272,4669,2224941,0,0,-16769420,16769420,0,0,0,4873491780,27027230,4900519010,0,0,4890261200,10257810,4900519010
2019-04-12,2160,2400,2135,2280,7417798,4.827586206896552,0,-6416,2836,3580,0,0,514,7361693,55591,7417798,0,6930,7358857,52011,7417798,0,-14928910,6832755,8096155,0,0,1192190,16877102480,128012055,17006306725,0,16121100,16870269725,119915900,17006306725
2019-04-15,2270,2350,2230,2315,2427247,1.5350877192982455,0,-1502,2215,-713,0,0,0,2418512,8735,2427247,0,1502,2416297,9448,2427247,0,-3379520,5045140,-1665620,0,0,0,5547468565,20033920,5567502485,0,3379520,5542423425,21699540,5567502485
2019-04-16,2325,2410,2255,2295,4179041,-0.8639308855291578,0,160000,-159712,-288,0,0,160000,4012187,6854,4179041,0,0,4171899,7142,4179041,0,381458675,-380737725,-720950,0,0,381458675,9351681400,15847190,9748987265,0,0,9732419125,16568140,9748987265
2019-04-17,2285,2315,2265,2280,1297741,-0.6535947712418301,0,0,-2840,2840,0,0,0,1293945,3796,1297741,0,0,1296785,956,1297741,0,0,-6446280,6446280,0,0,0,2957025955,8639735,2965665690,0,0,2963472235,2193455,2965665690
2019-04-18,2340,2425,2290,2325,3925305,1.9736842105263157,0,0,953,-953,0,0,2026,3914341,8938,3925305,0,2026,3913388,9891,3925305,0,-23275,2326610,-2303335,0,0,4700320,9169496715,20868835,9195065870,0,4723595,9167170105,23172170,9195065870
2019-04-19,2290,2385,2265,2380,2014866,2.3655913978494625,0,-30000,16558,13442,0,0,0,1997584,17282,2014866,0,30000,1981026,3840,2014866,0,-68865715,37552595,31313120,0,0,0,4654245745,40305995,4694551740,0,68865715,4616693150,8992875,4694551740
2019-04-22,2340,2420,2330,2355,2024129,-1.050420168067227,0,-130000,122826,7174,0,0,0,2008323,15806,2024129,0,130000,1885497,8632,2024129,0,-310066060,292873640,17192420,0,0,0,4778647195,37746345,4816393540,0,310066060,4485773555,20553925,4816393540
2019-04-23,2380,2615,2360,2490,10674461,5.7324840764331215,0,0,-25442,25442,0,0,4586,10581416,88459,10674461,0,4586,10606858,63017,10674461,0,-89705,-62961600,63051305,0,0,11099765,26251031415,219023985,26481155165,0,11189470,26313993015,155972680,26481155165
2019-04-24,2455,2490,2345,2355,2808242,-5.421686746987952,0,0,43816,-43816,0,0,4313,2796752,7177,2808242,0,4313,2752936,50993,2808242,0,366605,107372310,-107738915,0,0,10523720,6734690895,17320735,6762535350,0,10157115,6627318585,125059650,6762535350
2019-04-25,2365,2405,2295,2355,2084722,0.0,0,5000,-17700,12700,0,0,5000,2049460,30262,2084722,0,0,2067160,17562,2084722,0,11975000,-41108975,29133975,0,0,11975000,4805833235,70374620,4888182855,0,0,4846942210,41240645,4888182855
2019-04-26,2340,2510,2285,2385,2880049,1.2738853503184715,0,0,41357,-41357,0,0,1144,2867201,11704,2880049,0,1144,2825844,53061,2880049,0,-44640,98544855,-98500215,0,0,2751320,6864364510,27579115,6894694945,0,2795960,6765819655,126079330,6894694945
2019-04-29,2370,2450,2335,2430,1919749,1.8867924528301887,0,0,-4116,4116,0,0,0,1913988,5761,1919749,0,0,1918104,1645,1919749,0,0,-9875555,9875555,0,0,0,4610892765,13850945,4624743710,0,0,4620768320,3975390,4624743710
2019-04-30,2460,2530,2445,2445,2988120,0.6172839506172839,0,141,-2886,2745,0,0,141,2975286,12693,2988120,0,0,2978172,9948,2988120,0,352370,-7317580,6965210,0,0,352370,7368892380,31576000,7400820750,0,0,7376209960,24610790,7400820750
2019-05-02,2420,2485,2390,2475,1297236,1.2269938650306749,0,2000,-502,-1498,0,0,2000,1294759,477,1297236,0,0,1295261,1975,1297236,0,4900000,-1214615,-3685385,0,0,4900000,3163601590,1167750,3169669340,0,0,3164816205,4853135,3169669340
2019-05-03,2475,2845,2425,2845,9783660,14.949494949494948,0,-140,-75173,75313,0,0,225,9662576,120859,9783660,0,365,9737749,45546,9783660,0,-390040,-212580160,212970200,0,0,558110,26209322305,339133825,26549014240,0,948150,26421902465,126163625,26549014240
2019-05-07,2975,3215,2720,2850,23920019,0.17574692442882248,10000,5654,100900,-116554,0,13000,71677,23704512,130830,23920019,3000,66023,23603612,247384,23920019,26621560,12002855,300913430,-339537845,0,35921560,207448105,70196510155,385374645,70825254465,9300000,195445250,69895596725,724912490,70825254465
2019-05-08,2750,3350,2720,3225,11790447,13.157894736842104,-10000,-4351,52691,-38340,0,0,9033,11707973,73441,11790447,10000,13384,11655282,111781,11790447,-31000000,-12723365,153053410,-109330045,0,0,26192480,35072046015,215148060,35313386555,31000000,38915845,34918992605,324478105,35313386555
2019-05-09,3095,3215,2750,2875,10492661,-10.852713178294573,10000,3400,27128,-40528,0,37428,5069,10406021,44143,10492661,27428,1669,10378893,84671,10492661,26261770,10347380,87308860,-123918010,0,111809720,15287785,30956997970,129531975,31213627450,85547950,4940405,30869689110,253449985,31213627450
2019-05-10,2935,3225,2760,2765,15797339,-3.826086956521739,2000,80,-12500,10420,0,12000,1244,15683251,100844,15797339,10000,1164,15695751,90424,15797339,3360000,288120,-31538615,27890495,0,35360000,3684660,47002230380,298677050,47339952090,32000000,3396540,47033768995,270786555,47339952090
2019-05-13,2800,2830,2545,2570,4019920,-7.05244122965642,0,7,-111831,111824,0,0,7,3807041,212872,4019920,0,0,3918872,101048,4019920,0,18060,-296997745,296979685,0,0,18060,10055034315,564254765,10619307140,0,0,10352032060,267275080,10619307140
2019-05-14,2550,2695,2415,2600,5638380,1.1673151750972763,0,2022,17740,-19762,0,0,5512,5474225,158643,5638380,0,3490,5456485,178405,5638380,0,4889165,43104525,-47993690,0,0,14019665,14095846845,403804425,14513670935,0,9130500,14052742320,451798115,14513670935
2019-05-15,2585,2650,2555,2560,2139384,-1.5384615384615385,0,-1893,36725,-34832,0,0,3567,2127411,8406,2139384,0,5460,2090686,43238,2139384,0,-4791665,95170795,-90379130,0,0,9282235,5538745735,21819935,5569847905,0,14073900,5443574940,112199065,5569847905
2019-05-16,2570,2620,2225,2320,3181936,-9.375,0,263,113174,-113437,0,0,263,3046017,135656,3181936,0,0,2932843,249093,3181936,0,659200,273017170,-273676370,0,0,659200,7324709260,318147260,7643515720,0,0,7051692090,591823630,7643515720
2019-05-17,2320,2345,2110,2150,2212590,-7.327586206896551,0,649,9669,-10318,0,0,649,2064612,147329,2212590,0,0,2054943,157647,2212590,0,1496660,31122280,-32618940,0,0,1496660,4626124715,325643365,4953264740,0,0,4595002435,358262305,4953264740
2019-05-20,2160,2215,2005,2010,1602069,-6.511627906976744,0,0,2619,-2619,0,0,0,1469691,132378,1602069,0,0,1467072,134997,1602069,0,0,16184225,-16184225,0,0,0,3080972145,272316055,3353288200,0,0,3064787920,288500280,3353288200
2019-05-21,2010,2200,1980,2070,2640098,2.9850746268656714,0,149,59215,-59364,0,0,149,2513344,126605,2640098,0,0,2454129,185969,2640098,0,303220,124086385,-124389605,0,0,303220,5224052610,258945875,5483301705,0,0,5099966225,383335480,5483301705
2019-05-22,2065,2170,2000,2080,1687788,0.4830917874396135,0,0,-9280,9280,0,0,0,1604482,83306,1687788,0,0,1613762,74026,1687788,0,0,-17873580,17873580,0,0,0,3364671170,172978455,3537649625,0,0,3382544750,155104875,3537649625
2019-05-23,2065,2100,1950,1955,1327149,-6.009615384615385,0,1000,-3919,2919,0,0,1000,1305091,21058,1327149,0,0,1309010,18139,1327149,0,2021230,-7463700,5442470,0,0,2021230,2613677360,42089015,2657787605,0,0,2621141060,36646545,2657787605
2019-05-24,1955,2070,1900,1950,1322181,-0.2557544757033248,0,0,-7280,7280,0,0,0,1268164,54017,1322181,0,0,1275444,46737,1322181,0,0,-13032975,13032975,0,0,0,2504178780,105462195,2609640975,0,0,2517211755,92429220,2609640975
2019-05-27,1945,2085,1940,2020,1528490,3.5897435897435894,0,2005,-15216,13211,0,0,2005,1477559,48926,1528490,0,0,1492775,35715,1528490,0,4019925,-29411675,25391750,0,0,4019925,2973324880,97317605,3074662410,0,0,3002736555,71925855,3074662410
2019-05-28,2030,2055,1995,2000,787511,-0.9900990099009901,0,-2682,6428,-3746,0,0,0,776247,11264,787511,0,2682,769819,15010,787511,0,-5406280,13003900,-7597620,0,0,0,1568641050,22792065,1591433115,0,5406280,1555637150,30389685,1591433115
2019-05-29,2000,2050,1970,2000,778712,0.0,0,0,-3966,3966,0,0,0,748228,30484,778712,0,0,752194,26518,778712,0,0,-7896805,7896805,0,0,0,1501345600,61200715,1562546315,0,0,1509242405,53303910,1562546315
2019-05-30,2020,2035,1980,1995,490330,-0.25,0,0,402,-402,0,0,0,472527,17803,490330,0,0,472125,18205,490330,0,0,751010,-751010,0,0,0,946760560,35791305,982551865,0,0,946009550,36542315,982551865
2019-05-31,2010,2190,1995,2085,3787454,4.511278195488721,0,0,-7511,7511,0,0,671,3674730,112053,3787454,0,671,3682241,104542,3787454,0,-57035,-13369785,13426820,0,0,1358775,7713076085,232045700,7946480560,0,1415810,7726445870,218618880,7946480560
2019-06-03,2035,2100,1995,2020,892058,-3.117505995203837,0,703,-3749,3046,0,0,703,871385,19970,892058,0,0,875134,16924,892058,0,1413015,-7434845,6021830,0,0,1413015,1770204810,40506835,1812124660,0,0,1777639655,34485005,1812124660
2019-06-04,2015,2075,1985,1985,966410,-1.7326732673267329,0,0,36831,-36831,0,0,0,948033,18377,966410,0,0,911202,55208,966410,0,0,75760705,-75760705,0,0,0,1931406080,37267515,1968673595,0,0,1855645375,113028220,1968673595
2019-06-05,2020,2075,2010,2035,844573,2.518891687657431,0,-6303,-32702,39005,0,0,0,747564,97009,844573,0,6303,780266,58004,844573,0,-12826605,-66820070,79646675,0,0,0,1534589965,198546060,1733136025,0,12826605,1601410035,118899385,1733136025
2019-06-07,2125,2130,2040,2065,965288,1.4742014742014742,0,-703,40572,-39869,0,0,0,937890,27398,965288,0,703,897318,67267,965288,0,-1476300,84991785,-83515485,0,0,0,1955370555,57091730,2012462285,0,1476300,1870378770,140607215,2012462285
2019-06-10,2070,2100,2050,2065,782937,0.0,0,401,-40285,39884,0,0,401,725534,57002,782937,0,0,765819,17118,782937,0,826075,-83855745,83029670,0,0,826075,1505169955,118508630,1624504660,0,0,1589025700,35478960,1624504660
2019-06-11,2105,2165,2090,2110,1041901,2.1791767554479415,0,0,-18092,18092,0,0,0,975648,66253,1041901,0,0,993740,48161,1041901,0,0,-38424675,38424675,0,0,0,2075001935,140787365,2215789300,0,0,2113426610,102362690,2215789300
2019-06-12,2125,2155,2090,2105,551749,-0.23696682464454977,0,-1,-2203,2204,0,0,0,524258,27491,551749,0,1,526461,25287,551749,0,-2120,-4269395,4271515,0,0,0,1109681525,58090445,1167771970,0,2120,1113950920,53818930,1167771970
2019-06-13,2110,2145,2095,2120,607181,0.7125890736342043,0,-400,3233,-2833,0,0,0,598262,8919,607181,0,400,595029,11752,607181,0,-846000,6661655,-5815655,0,0,0,1267015415,19010585,1286026000,0,846000,1260353760,24826240,1286026000
2019-06-14,2130,2130,2070,2105,467267,-0.7075471698113208,0,707,33169,-33876,0,0,707,422480,44080,467267,0,0,389311,77956,467267,0,1472060,69783095,-71255155,0,0,1472060,887103120,92448160,981023340,0,0,817320025,163703315,981023340
2019-06-17,2095,2095,2035,2035,374199,-3.32541567695962,0,0,-10367,10367,0,0,0,317070,57129,374199,0,0,327437,46762,374199,0,0,-21034875,21034875,0,0,0,652061675,117565700,769627375,0,0,673096550,96530825,769627375
2019-06-18,2020,2080,2015,2035,346804,0.0,0,-7707,-64293,72000,0,0,296,255241,91267,346804,0,8003,319534,19267,346804,0,-15733440,-131654630,147388070,0,0,605320,522276150,186780905,709662375,0,16338760,653930780,39392835,709662375
2019-06-19,2210,2450,2155,2235,20074937,9.828009828009828,-25500,0,258227,-232727,0,0,6712,19663177,405048,20074937,25500,6712,19404950,637775,20074937,-60048730,174595,602778985,-542904850,0,0,16063420,45774390965,946871230,46737325615,60048730,15888825,45171611980,1489776080,46737325615
2019-06-20,2240,2305,2190,2265,2393829,1.342281879194631,0,0,154150,-154150,0,0,0,2346485,47344,2393829,0,0,2192335,201494,2393829,0,0,344798725,-344798725,0,0,0,5263523545,105737180,5369260725,0,0,4918724820,450535905,5369260725
2019-06-21,2265,2395,2240,2360,5798245,4.194260485651214,0,0,16278,-16278,0,0,91,5723464,74690,5798245,0,91,5707186,90968,5798245,0,-55,37134560,-37134505,0,0,214490,13347663535,173794615,13521672640,0,214545,13310528975,210929120,13521672640
2019-06-24,2320,2350,2175,2200,1793437,-6.779661016949152,0,0,-2568,2568,0,0,0,1754824,38613,1793437,0,0,1757392,36045,1793437,0,0,-5391450,5391450,0,0,0,3966345435,87125415,4053470850,0,0,3971736885,81733965,4053470850
2019-06-25,2230,2280,2085,2100,1728046,-4.545454545454546,0,0,-29319,29319,0,0,0,1651882,76164,1728046,0,0,1681201,46845,1728046,0,0,-61995070,61995070,0,0,0,3634273240,164853925,3799127165,0,0,3696268310,102858855,3799127165
2019-06-26,2100,2215,2080,2185,1243051,4.0476190476190474,0,0,-72673,72673,0,0,0,1114628,128423,1243051,0,0,1187301,55750,1243051,0,0,-156893810,156893810,0,0,0,2415503150,277624610,2693127760,0,0,2572396960,120730800,2693127760
2019-06-27,2180,2385,2110,2260,4715934,3.4324942791762014,0,6000,87763,-93763,0,0,6000,4535452,174482,4715934,0,0,4447689,268245,4715934,0,13906110,202000060,-215906170,0,0,13906110,10293987255,391218645,10699112010,0,0,10091987195,607124815,10699112010
2019-06-28,2230,2260,2140,2180,1296789,-3.5398230088495577,0,0,3059,-3059,0,0,0,1244994,51795,1296789,0,0,1241935,54854,1296789,0,0,6757360,-6757360,0,0,0,2735096005,114079450,2849175455,0,0,2728338645,120836810,2849175455
2019-07-01,2280,2335,2165,2165,2503503,-0.6880733944954129,0,0,8581,-8581,0,0,0,2446295,57208,2503503,0,0,2437714,65789,2503503,0,0,19914475,-19914475,0,0,0,5533948380,129652750,5663601130,0,0,5514033905,149567225,5663601130
2019-07-02,2195,2225,2160,2210,558828,2.0785219399538106,0,0,-13547,13547,0,0,0,526327,32501,558828,0,0,539874,18954,558828,0,0,-29231270,29231270,0,0,0,1152573895,70885670,1223459565,0,0,1181805165,41654400,1223459565
2019-07-03,2205,2240,2110,2120,1113258,-4.072398190045249,0,0,13786,-13786,0,0,0,1084174,29084,1113258,0,0,1070388,42870,1113258,0,0,30337590,-30337590,0,0,0,2345114105,63285365,2408399470,0,0,2314776515,93622955,2408399470
2019-07-04,2150,2205,2030,2040,1407519,-3.7735849056603774,0,0,-14437,14437,0,0,0,1368283,39236,1407519,0,0,1382720,24799,1407519,0,0,-29714025,29714025,0,0,0,2899262520,81949460,2981211980,0,0,2928976545,52235435,2981211980
2019-07-05,2050,2055,2010,2025,403060,-0.7352941176470588,0,0,-3592,3592,0,0,0,383467,19593,403060,0,0,387059,16001,403060,0,0,-7170545,7170545,0,0,0,778420795,39718850,818139645,0,0,785591340,32548305,818139645
2019-07-08,2030,2040,1840,1870,1011369,-7.654320987654321,0,0,-1724,1724,0,0,0,963961,47408,1011369,0,0,965685,45684,1011369,0,0,-3216270,3216270,0,0,0,1833051965,90258440,1923310405,0,0,1836268235,87042170,1923310405
2019-07-09,1870,1900,1800,1800,492573,-3.7433155080213902,0,0,-16843,16843,0,0,0,440623,51950,492573,0,0,457466,35107,492573,0,0,-30338225,30338225,0,0,0,809949255,95250785,905200040,0,0,840287480,64912560,905200040
2019-07-10,1800,1970,1800,1825,867717,1.3888888888888888,0,0,12110,-12110,0,0,0,804025,63692,867717,0,0,791915,75802,867717,0,0,23142925,-23142925,0,0,0,1507290210,118203070,1625493280,0,0,1484147285,141345995,1625493280
2019-07-11,1850,1885,1835,1865,284521,2.191780821917808,0,3000,-26782,23782,0,0,3000,246787,34734,284521,0,0,273569,10952,284521,0,5625000,-49660430,44035430,0,0,5625000,458136330,64479535,528240865,0,0,507796760,20444105,528240865
2019-07-12,1855,1995,1850,1920,1015011,2.949061662198391,0,-1000,4042,-3042,0,0,0,978009,37002,1015011,0,1000,973967,40044,1015011,0,-1985000,8488725,-6503725,0,0,0,1890844905,70766730,1961611635,0,1985000,1882356180,77270455,1961611635
2019-07-15,1890,1940,1860,1875,439724,-2.34375,0,0,4500,-4500,0,0,0,417536,22188,439724,0,0,413036,26688,439724,0,0,8831375,-8831375,0,0,0,790637230,41848135,832485365,0,0,781805855,50679510,832485365
2019-07-16,1875,1895,1820,1850,415684,-1.3333333333333335,0,0,5787,-5787,0,0,0,396861,18823,415684,0,0,391074,24610,415684,0,0,11143240,-11143240,0,0,0,740886335,34965850,775852185,0,0,729743095,46109090,775852185
2019-07-17,1870,1900,1795,1835,505879,-0.8108108108108109,0,0,-24494,24494,0,0,0,447940,57939,505879,0,0,472434,33445,505879,0,0,-44766265,44766265,0,0,0,826117465,106780305,932897770,0,0,870883730,62014040,932897770
2019-07-18,1850,2130,1805,1930,6174281,5.177111716621254,0,-500,-586,1086,0,0,198,6052954,121129,6174281,0,698,6053540,120043,6174281,0,-1001665,-1362295,2363960,0,0,411755,12126227990,241918045,12368557790,0,1413420,12127590285,239554085,12368557790
2019-07-19,1915,1975,1900,1940,732819,0.5181347150259068,0,11648,-105771,94123,0,0,11648,583157,138014,732819,0,0,688928,43891,732819,0,22559890,-205242140,182682250,0,0,22559890,1129995465,267766530,1420321885,0,0,1335237605,85084280,1420321885
2019-07-22,1940,1975,1905,1915,430366,-1.2886597938144329,0,-11648,-22316,33964,0,0,0,387434,42932,430366,0,11648,409750,8968,430366,0,-22675050,-43139130,65814180,0,0,0,752457725,83318490,835776215,0,22675050,795596855,17504310,835776215
2019-07-23,1935,1950,1885,1890,279125,-1.3054830287206265,-12000,-2,12655,-653,0,0,0,269928,9197,279125,12000,2,257273,9850,279125,-22680000,-3780,24104070,-1420290,0,0,0,515782905,17523010,533305915,22680000,3780,491678835,18943300,533305915
2019-07-24,1885,1925,1785,1830,484447,-3.1746031746031744,0,0,10400,-10400,0,0,0,459087,25360,484447,0,0,448687,35760,484447,0,0,19284150,-19284150,0,0,0,853877095,47256390,901133485,0,0,834592945,66540540,901133485
2019-07-25,1820,1850,1770,1785,381679,-2.459016393442623,0,0,-20559,20559,0,0,0,317132,64547,381679,0,0,337691,43988,381679,0,0,-36574170,36574170,0,0,0,570970045,116299720,687269765,0,0,607544215,79725550,687269765
2019-07-26,1800,1810,1715,1715,370105,-3.9215686274509802,0,0,-1799,1799,0,0,0,333489,36616,370105,0,0,335288,34817,370105,0,0,-3023375,3023375,0,0,0,580459855,63950630,644410485,0,0,583483230,60927255,644410485
2019-07-29,1705,1735,1605,1635,371747,-4.664723032069971,0,0,-107469,107469,0,0,0,227808,143939,371747,0,0,335277,36470,371747,0,0,-177050690,177050690,0,0,0,376127970,237358575,613486545,0,0,553178660,60307885,613486545
2019-07-30,1680,1715,1600,1710,327999,4.587155963302752,0,0,-72772,72772,0,0,0,212785,115214,327999,0,0,285557,42442,327999,0,0,-121403765,121403765,0,0,0,359217705,192627725,551845430,0,0,480621470,71223960,551845430
2019-07-31,1690,1755,1625,1725,273289,0.8771929824561403,1,0,-39795,39794,0,1,0,171406,101882,273289,0,0,211201,62088,273289,1710,0,-67972840,67971130,0,1710,0,293215780,174239570,467457060,0,0,361188620,106268440,467457060
2019-08-01,1720,1730,1650,1695,297539,-1.7391304347826086,0,0,-40075,40075,0,0,0,199830,97709,297539,0,0,239905,57634,297539,0,0,-67275700,67275700,0,0,0,337406730,164807770,502214500,0,0,404682430,97532070,502214500
2019-08-02,1645,1680,1615,1675,297607,-1.1799410029498525,0,0,-53769,53769,0,0,0,201770,95837,297607,0,0,255539,42068,297607,0,0,-88622020,88622020,0,0,0,331980145,157827035,489807180,0,0,420602165,69205015,489807180
2019-08-05,1635,1675,1475,1475,484171,-11.940298507462686,0,0,-10154,10154,0,0,0,410038,74133,484171,0,0,420192,63979,484171,0,0,-12900945,12900945,0,0,0,633863045,114365555,748228600,0,0,646763990,101464610,748228600
2019-08-06,1445,1525,1310,1410,561270,-4.406779661016949,0,1500,-242872,241372,0,0,1500,257214,302556,561270,0,0,500086,61184,561270,0,2197500,-347840700,345643200,0,0,2197500,364333080,435050205,801580785,0,0,712173780,89407005,801580785
2019-08-07,1410,1535,1410,1455,428748,3.1914893617021276,0,0,-60756,60756,0,0,0,258033,170715,428748,0,0,318789,109959,428748,0,0,-88923895,88923895,0,0,0,381025860,251892130,632917990,0,0,469949755,162968235,632917990
2019-08-08,1460,1835,1460,1620,7700710,11.34020618556701,0,-3000,171221,-168221,0,0,2000,7305618,393092,7700710,0,5000,7134397,561313,7700710,0,-5373095,309115225,-303742130,0,0,3155000,12520869190,651146200,13175170390,0,8528095,12211753965,954888330,13175170390
2019-08-09,1625,1695,1600,1600,1154846,-1.2345679012345678,0,0,54979,-54979,0,0,0,1068343,86503,1154846,0,0,1013364,141482,1154846,0,0,90961410,-90961410,0,0,0,1761700335,142193150,1903893485,0,0,1670738925,233154560,1903893485
2019-08-12,1605,1765,1605,1665,3378444,4.0625,0,0,86884,-86884,0,0,1,3220918,157525,3378444,0,1,3134034,244409,3378444,0,-35,150186745,-150186710,0,0,1675,5510896300,267276260,5778174235,0,1710,5360709555,417462970,5778174235
2019-08-13,1665,1695,1615,1635,497475,-1.8018018018018018,0,0,-5487,5487,0,0,0,447923,49552,497475,0,0,453410,44065,497475,0,0,-8585180,8585180,0,0,0,737612870,81037905,818650775,0,0,746198050,72452725,818650775
2019-08-14,1725,1880,1685,1695,4951634,3.669724770642202,0,0,72790,-72790,0,0,51,4823616,127967,4951634,0,51,4750826,200757,4951634,0,1275,132633575,-132634850,0,0,92310,8641053050,228283620,8869428980,0,91035,8508419475,360918470,8869428980
2019-08-16,1750,1775,1665,1700,1157818,0.2949852507374631,0,0,23400,-23400,0,0,0,1120439,37379,1157818,0,0,1097039,60779,1157818,0,0,40912625,-40912625,0,0,0,1938568860,64248970,2002817830,0,0,1897656235,105161595,2002817830
2019-08-19,1745,1745,1690,1695,470818,-0.29411764705882354,0,0,-746,746,0,0,0,461026,9792,470818,0,0,461772,9046,470818,0,0,-1235515,1235515,0,0,0,785778850,16701395,802480245,0,0,787014365,15465880,802480245
2019-08-20,1710,1720,1655,1680,346057,-0.8849557522123894,0,0,-32906,32906,0,0,0,301956,44101,346057,0,0,334862,11195,346057,0,0,-54926410,54926410,0,0,0,505917625,73797855,579715480,0,0,560844035,18871445,579715480
2019-08-21,1660,1695,1655,1695,385932,0.8928571428571428,3000,0,-76810,73810,0,3000,0,276939,105993,385932,0,0,353749,32183,385932,5010000,0,-129132900,124122900,0,5010000,0,464809040,178032570,647851610,0,0,593941940,53909670,647851610
2019-08-22,1705,1780,1685,1690,697828,-0.2949852507374631,20000,0,16055,-36055,0,20000,78,646873,30877,697828,0,78,630818,66932,697828,34225205,4685,28620925,-62850815,0,34225205,137285,1116078010,52880815,1203321315,0,132600,1087457085,115731630,1203321315
2019-08-23,1650,1770,1650,1680,512822,-0.591715976331361,0,0,29920,-29920,0,0,0,483125,29697,512822,0,0,453205,59617,512822,0,0,52069490,-52069490,0,0,0,827741380,50440930,878182310,0,0,775671890,102510420,878182310
2019-08-26,1610,1645,1550,1590,664580,-5.357142857142857,0,0,-1209,1209,0,0,0,608186,56394,664580,0,0,609395,55185,664580,0,0,-1730130,1730130,0,0,0,1004528155,89962370,1094490525,0,0,1006258285,88232240,1094490525
2019-08-27,1835,1840,1690,1690,3647128,6.289308176100629,-23000,1042,86459,-64501,0,0,1042,3572499,73587,3647128,23000,0,3486040,138088,3647128,-41027775,1812800,154571150,-115356175,0,0,1812800,6282640920,128990610,6413444330,41027775,0,6128069770,244346785,6413444330
2019-08-28,1690,1735,1665,1700,538152,0.591715976331361,0,-1000,10208,-9208,0,0,0,502144,36008,538152,0,1000,491936,45216,538152,0,-1680000,17491960,-15811960,0,0,0,848556630,60710230,909266860,0,1680000,831064670,76522190,909266860
2019-08-29,1680,1705,1635,1635,1026834,-3.823529411764706,0,0,-5024,5024,0,0,0,998065,28769,1026834,0,0,1003089,23745,1026834,0,0,-7881930,7881930,0,0,0,1684790055,47672425,1732462480,0,0,1692671985,39790495,1732462480
2019-08-30,1795,2125,1725,2125,25667543,29.96941896024465,-76500,-40,-35358,111898,0,170307,7100,24856550,633586,25667543,246807,7140,24891908,521688,25667543,-162531100,-114305,-86877750,249523155,0,361902375,13631615,48568494650,1241322860,50185351500,524433475,13745920,48655372400,991799705,50185351500
2019-09-02,2330,2545,2180,2500,44125593,17.647058823529413,0,8040,343970,-352010,0,0,27750,43736937,360906,44125593,0,19710,43392967,712916,44125593,0,18534750,795854930,-814389680,0,0,67050800,105359266800,868372790,106294690390,0,48516050,104563411870,1682762470,106294690390
2019-09-03,2480,2500,2330,2345,9575573,-6.2,0,-1949,9719,-7770,0,0,50,9429936,145587,9575573,0,1999,9420217,153357,9575573,0,-4736070,24177165,-19441095,0,0,121500,22586583655,348969645,22935674800,0,4857570,22562406490,368410740,22935674800
2019-09-04,2310,2490,2255,2400,11184815,2.345415778251599,12000,2209,-26341,12132,0,12000,2209,11037340,133266,11184815,0,0,11063681,121134,11184815,29700000,5298465,-64868905,29870440,0,29700000,5298465,26211268005,316538050,26562804520,0,0,26276136910,286667610,26562804520
2019-09-05,2460,2910,2430,2515,39247612,4.791666666666667,-22000,-1332,60576,-37244,0,0,8930,38766396,472286,39247612,22000,10262,38705820,509530,39247612,-58607905,-3960825,163843650,-101274920,0,0,22933625,105658479245,1277494155,106958907025,58607905,26894450,105494635595,1378769075,106958907025
2019-09-06,2445,2460,2300,2370,4272960,-5.7654075546719685,0,8630,-4424,-4206,0,0,8630,4213742,50588,4272960,0,0,4218166,54794,4272960,0,20063575,-9493500,-10570075,0,0,20063575,9934469095,119432895,10073965565,0,0,9943962595,130002970,10073965565
2019-09-09,2315,2395,2245,2285,4011959,-3.5864978902953584,0,10800,-15907,5107,0,0,10800,3940819,60340,4011959,0,0,3956726,55233,4011959,0,24641000,-35651495,11010495,0,0,24641000,9109175250,139398435,9273214685,0,0,9144826745,128387940,9273214685
2019-09-10,2250,2350,2180,2215,2415214,-3.063457330415755,0,0,-10872,10872,0,0,0,2341056,74158,2415214,0,0,2351928,63286,2415214,0,0,-22658465,22658465,0,0,0,5325657530,167005475,5492663005,0,0,5348315995,144347010,5492663005
2019-09-11,2240,2350,2165,2245,2778296,1.3544018058690745,0,1399,11145,-12544,0,0,1400,2702182,74714,2778296,0,1,2691037,87258,2778296,0,3082810,26103855,-29186665,0,0,3085000,6044994830,166097165,6214176995,0,2190,6018890975,195283830,6214176995
2019-09-16,2290,2295,2150,2160,1298821,-3.78619153674833,0,630,-2613,1983,0,0,1030,1280648,17143,1298821,0,400,1283261,15160,1298821,0,1334100,-5137595,3803495,0,0,2250100,2815103265,37438630,2854791995,0,916000,2820240860,33635135,2854791995
2019-09-17,2490,2600,2360,2385,8479110,10.416666666666668,9793,-33420,30118,-6491,0,9793,2213,8299596,167508,8479110,0,35633,8269478,173999,8479110,24128935,-82057395,75871730,-17943270,0,24128935,5461100,20414911985,408231690,20852733710,0,87518495,20339040255,426174960,20852733710
2019-09-18,2450,2495,2210,2230,3582611,-6.498951781970649,-9793,1000,-9204,17997,0,0,1000,3443772,137839,3582611,9793,0,3452976,119842,3582611,-23503200,2257500,-17236065,38481765,0,0,2257500,8088998500,321593220,8412849220,23503200,0,8106234565,283111455,8412849220
2019-09-19,2245,2300,2130,2300,2238913,3.1390134529147984,4000,0,2135,-6135,0,4000,0,2205485,29428,2238913,0,0,2203350,35563,2238913,9440000,0,6766875,-16206875,0,9440000,0,4924945585,64190050,4998575635,0,0,4918178710,80396925,4998575635
2019-09-20,2345,2370,2260,2290,1751046,-0.43478260869565216,-4000,-10,-5814,9824,0,0,0,1683417,67629,1751046,4000,10,1689231,57805,1751046,-9140000,-22850,-12076190,21239040,0,0,0,3877687860,155529120,4033216980,9140000,22850,3889764050,134290080,4033216980
2019-09-23,2240,2285,2215,2285,719664,-0.21834061135371177,0,0,2170,-2170,0,0,0,698248,21416,719664,0,0,696078,23586,719664,0,0,4718430,-4718430,0,0,0,1565777005,47959435,1613736440,0,0,1561058575,52677865,1613736440
2019-09-24,2360,2360,2235,2290,1356059,0.2188183807439825,0,0,13222,-13222,0,0,0,1298763,57296,1356059,0,0,1285541,70518,1356059,0,0,31784390,-31784390,0,0,0,2967955520,130150560,3098106080,0,0,2936171130,161934950,3098106080
2019-09-25,2315,2535,2290,2430,12213261,6.11353711790393,0,21151,-8708,-12443,0,0,26151,11945438,241672,12213261,0,5000,11954146,254115,12213261,0,52899145,-20838265,-32060880,0,0,65361645,29072760125,584981405,29723103175,0,12462500,29093598390,617042285,29723103175
2019-09-26,2450,2470,2250,2300,2686407,-5.349794238683128,0,1000,-10567,9567,0,0,1000,2594985,90422,2686407,0,0,2605552,80855,2686407,0,2362500,-23610615,21248115,0,0,2362500,6092935215,211594710,6306892425,0,0,6116545830,190346595,6306892425
2019-09-27,2350,2690,2345,2505,21387705,8.91304347826087,62000,-22814,-7183,-32003,0,62000,686,21182068,142951,21387705,0,23500,21189251,174954,21387705,155249000,-58692195,-16985990,-79570815,0,155249000,1690410,53752977795,363058240,54272975445,0,60382605,53769963785,442629055,54272975445
2019-09-30,2450,2460,2240,2245,2893900,-10.379241516966067,-47626,15604,55320,-23298,0,0,16891,2767229,109780,2893900,47626,1287,2711909,133078,2893900,-113949040,35676825,135726760,-57454545,0,0,38598315,6396974205,256054115,6691626635,113949040,2921490,6261247445,313508660,6691626635
2019-10-01,2220,2225,2070,2155,2214978,-4.008908685968819,-14374,15871,-1527,30,0,0,16971,2109895,88112,2214978,14374,1100,2111422,88082,2214978,-30477525,33093065,-1136035,-1479505,0,0,35513065,4487737680,187053265,4710304010,30477525,2420000,4488873715,188532770,4710304010
2019-10-02,2185,2235,2120,2160,1413688,0.23201856148491878,0,0,6971,-6971,0,0,0,1358459,55229,1413688,0,0,1351488,62200,1413688,0,0,15365410,-15365410,0,0,0,2948669670,119555195,3068224865,0,0,2933304260,134920605,3068224865
2019-10-04,2165,2165,2105,2105,947814,-2.5462962962962963,0,0,47526,-47526,0,0,0,916940,30874,947814,0,0,869414,78400,947814,0,0,100871550,-100871550,0,0,0,1945611855,65468015,2011079870,0,0,1844740305,166339565,2011079870
2019-10-07,2145,2175,1990,2045,1079316,-2.8503562945368173,0,1000,-68615,67615,0,106,1000,967900,110310,1079316,106,0,1036515,42695,1079316,4350,2025000,-140310350,138281000,0,225820,2025000,2005218645,227375965,2234845430,221470,0,2145528995,89094965,2234845430
2019-10-08,2050,2075,1990,2065,730959,0.9779951100244498,0,0,-12473,12473,0,0,0,665211,65748,730959,0,0,677684,53275,730959,0,0,-24494550,24494550,0,0,0,1354484495,132845390,1487329885,0,0,1378979045,108350840,1487329885
2019-10-10,2085,2090,1985,2015,910160,-2.4213075060532687,0,0,13900,-13900,0,0,0,860488,49672,910160,0,0,846588,63572,910160,0,0,28460085,-28460085,0,0,0,1737507080,99985965,1837493045,0,0,1709046995,128446050,1837493045
2019-10-11,2055,2505,2055,2215,21379223,9.925558312655088,-25500,-7970,51324,-17854,0,0,13700,20656828,708695,21379223,25500,21670,20605504,726549,21379223,-59015000,-19890125,133170595,-54265470,0,0,33329375,47431201940,1603576180,49068107495,59015000,53219500,47298031345,1657841650,49068107495
2019-10-14,2295,2460,2120,2145,6532830,-3.160270880361174,0,-22000,21886,114,0,0,22781,6235187,274862,6532830,0,44781,6213301,274748,6532830,0,-50330640,51787505,-1456865,0,0,53348615,14455663845,635647010,15144659470,0,103679255,14403876340,637103875,15144659470
2019-10-15,2150,2220,2080,2160,2053097,0.6993006993006993,0,200,-24346,24146,0,0,200,1950086,102811,2053097,0,0,1974432,78665,2053097,0,430000,-50777980,50347980,0,0,430000,4178309505,219786075,4398525580,0,0,4229087485,169438095,4398525580
2019-10-16,2150,2210,2135,2150,1366385,-0.4629629629629629,0,1000,75975,-76975,0,0,1000,1292644,72741,1366385,0,0,1216669,149716,1366385,0,2180000,165094775,-167274775,0,0,2180000,2798839015,156836085,2957855100,0,0,2633744240,324110860,2957855100
2019-10-17,2125,2150,2060,2110,591923,-1.8604651162790697,0,0,-13039,13039,0,0,0,567149,24774,591923,0,0,580188,11735,591923,0,0,-27285485,27285485,0,0,0,1193106155,52126755,1245232910,0,0,1220391640,24841270,1245232910
2019-10-18,2105,2150,2080,2080,603585,-1.4218009478672986,0,500,32580,-33080,0,0,500,561608,41477,603585,0,0,529028,74557,603585,0,1042500,69468320,-70510820,0,0,1042500,1183311495,87574210,1271928205,0,0,1113843175,158085030,1271928205
2019-10-21,2060,2095,1990,2010,743127,-3.3653846153846154,0,300,-1945,1645,0,0,300,711734,31093,743127,0,0,713679,29448,743127,0,607500,-3524125,2916625,0,0,607500,1434030900,62929220,1497567620,0,0,1437555025,60012595,1497567620
2019-10-22,2045,2045,1975,2030,545370,0.9950248756218906,0,1000,2966,-3966,0,0,1000,518893,25477,545370,0,0,515927,29443,545370,0,1985000,6477200,-8462200,0,0,1985000,1038701015,50831395,1091517410,0,0,1032223815,59293595,1091517410
2019-10-23,2030,2030,1960,1980,598058,-2.4630541871921183,0,200,-2437,2237,0,0,200,565541,32317,598058,0,0,567978,30080,598058,0,394000,-5096670,4702670,0,0,394000,1121947265,64402100,1186743365,0,0,1127043935,59699430,1186743365
2019-10-24,1965,1980,1885,1920,650908,-3.0303030303030303,25804,11500,-93682,56378,0,25804,11500,520499,93105,650908,0,0,614181,36727,650908,48709810,22007500,-178353520,107636210,0,48709810,22007500,993929980,177875320,1242522610,0,0,1172283500,70239110,1242522610
2019-10-25,1905,1985,1900,1900,502016,-1.0416666666666665,7636,0,-20900,13264,0,7636,0,445010,49370,502016,0,0,465910,36106,502016,14508400,0,-39834890,25326490,0,14508400,0,862518300,95849645,972876345,0,0,902353190,70523155,972876345
2019-10-28,1940,1995,1895,1930,486280,1.5789473684210527,-8769,0,8119,650,0,4609,0,449739,31932,486280,13378,0,441620,31282,486280,-17955055,0,16930175,1024880,0,8734055,0,880180705,62668635,951583395,26689110,0,863250530,61643755,951583395
2019-10-29,1945,1980,1915,1945,321403,0.7772020725388601,0,0,-17257,17257,0,0,0,293044,28359,321403,0,0,310301,11102,321403,0,0,-33264130,33264130,0,0,0,570584860,54940070,625524930,0,0,603848990,21675940,625524930
2019-10-30,1940,1965,1910,1910,311224,-1.7994858611825193,0,0,-12929,12929,0,0,0,255696,55528,311224,0,0,268625,42599,311224,0,0,-24691705,24691705,0,0,0,493476545,107183000,600659545,0,0,518168250,82491295,600659545
2019-10-31,1915,1945,1895,1930,332369,1.0471204188481675,0,200,-44451,44251,0,0,200,262700,69469,332369,0,0,307151,25218,332369,0,384000,-85511145,85127145,0,0,384000,502925720,133300250,636609970,0,0,588436865,48173105,636609970
2019-11-01,1935,1945,1895,1920,337552,-0.5181347150259068,-1,0,22469,-22468,0,0,0,323028,14524,337552,1,0,300559,36992,337552,-1935,0,43456410,-43454475,0,0,0,617576315,27688025,645264340,1935,0,574119905,71142500,645264340
2019-11-04,1910,1970,1910,1955,396992,1.8229166666666667,0,0,-20457,20457,0,0,0,367210,29782,396992,0,0,387667,9325,396992,0,0,-39510600,39510600,0,0,0,713728745,57673070,771401815,0,0,753239345,18162470,771401815
2019-11-05,1970,2215,1965,2090,8080710,6.905370843989769,-50171,-7400,187129,-129558,0,0,5800,7709828,365082,8080710,50171,13200,7522699,494640,8080710,-102973005,-15679000,400534770,-281882765,0,0,11875500,16376253930,769897630,17158027060,102973005,27554500,15975719160,1051780395,17158027060
2019-11-06,2110,2135,2045,2085,1070881,-0.23923444976076555,0,0,-45616,45616,0,0,0,969956,100925,1070881,0,0,1015572,55309,1070881,0,0,-93597670,93597670,0,0,0,2012799880,209063760,2221863640,0,0,2106397550,115466090,2221863640
2019-11-07,2085,2085,2015,2030,1086306,-2.6378896882494005,0,100,18187,-18287,0,0,100,1055207,30999,1086306,0,0,1037020,49286,1086306,0,202000,41220100,-41422100,0,0,202000,2235892000,63245060,2299339060,0,0,2194671900,104667160,2299339060
2019-11-08,2370,2635,2180,2200,24299334,8.374384236453201,0,12800,49070,-61870,0,136606,24156,23551555,587017,24299334,136606,11356,23502485,648887,24299334,52500,31502720,128952520,-160507740,0,358344310,58813410,57232241820,1401077070,59050476610,358291810,27310690,57103289300,1561584810,59050476610
2019-11-11,2115,2630,2070,2385,24523171,8.409090909090908,0,22272,-19838,-2434,0,0,48762,23946995,527414,24523171,0,26490,23966833,529848,24523171,0,55066300,-32372655,-22693645,0,0,121333825,58054168110,1254396440,59429898375,0,66267525,58086540765,1277090085,59429898375
2019-11-12,2375,2460,2250,2325,3956278,-2.515723270440252,0,-4732,9741,-5009,0,0,3100,3836454,116724,3956278,0,7832,3826713,121733,3956278,0,-11698140,26310525,-14612385,0,0,7209500,9043638270,275336095,9326183865,0,18907640,9017327745,289948480,9326183865
2019-11-13,2305,2345,2250,2250,2286618,-3.225806451612903,0,100,-14560,14460,0,0,100,2232714,53804,2286618,0,0,2247274,39344,2286618,0,226000,-32641100,32415100,0,0,226000,5103778055,122909930,5226913985,0,0,5136419155,90494830,5226913985
2019-11-14,2250,2260,2160,2200,1690261,-2.2222222222222223,0,200,-91301,91101,0,0,200,1563446,126615,1690261,0,0,1654747,35514,1690261,0,439000,-199374565,198935565,0,0,439000,3429351810,277664170,3707454980,0,0,3628726375,78728605,3707454980
2019-11-15,2215,2510,2200,2325,10839290,5.681818181818182,0,-19490,111218,-91728,0,0,21700,10556172,261418,10839290,0,41190,10444954,353146,10839290,0,-46818250,262199030,-215380780,0,0,50056000,24883891925,612985935,25546933860,0,96874250,24621692895,828366715,25546933860
2019-11-18,2340,2425,2285,2380,4310433,2.3655913978494625,0,5000,13991,-18991,0,0,5000,4126637,178796,4310433,0,0,4112646,197787,4310433,0,11700000,35474620,-47174620,0,0,11700000,9718630125,419475035,10149805160,0,0,9683155505,466649655,10149805160
2019-11-19,2320,2350,2265,2310,1711538,-2.941176470588235,0,600,-39343,38743,0,0,600,1634124,76814,1711538,0,0,1673467,38071,1711538,0,1375500,-89052805,87677305,0,0,1375500,3761561995,175967105,3938904600,0,0,3850614800,88289800,3938904600
2019-11-20,2280,2440,2185,2280,2338188,-1.2987012987012987,0,230,34495,-34725,0,0,54528,2222234,61426,2338188,0,54298,2187739,96151,2338188,0,4109205,77728770,-81837975,0,0,126550090,5123467935,141738905,5391756930,0,122440885,5045739165,223576880,5391756930
2019-11-21,2240,2325,2170,2185,1540977,-4.166666666666666,0,200,13054,-13254,0,0,200,1478357,62420,1540977,0,0,1465303,75674,1540977,0,438000,31099425,-31537425,0,0,438000,3301174450,139005685,3440618135,0,0,3270075025,170543110,3440618135
2019-11-22,2230,2235,2115,2160,707329,-1.1441647597254003,0,-19300,42388,-23088,0,0,0,677331,29998,707329,0,19300,634943,53086,707329,0,-42368115,92152000,-49783885,0,0,0,1472221525,65822630,1538044155,0,42368115,1380069525,115606515,1538044155
2019-11-25,2180,2350,2180,2345,3528777,8.564814814814815,20000,-350,-155126,135476,0,20000,0,3298552,210225,3528777,0,350,3453678,74749,3528777,51500000,-820750,-358514815,307835565,0,51500000,0,7800165770,475889845,8327555615,0,820750,8158680585,168054280,8327555615
2019-11-26,2460,2510,2285,2290,8113750,-2.345415778251599,-20000,-810,167130,-146320,0,0,306,7899674,213770,8113750,20000,1116,7732544,360090,8113750,-49200000,-2043335,410209315,-358965980,0,0,725340,18993814935,509033555,19503573830,49200000,2768675,18583605620,867999535,19503573830
2019-11-27,2290,2335,2210,2230,1539058,-2.6200873362445414,0,500,-12781,12281,0,0,500,1448245,90313,1539058,0,0,1461026,78032,1539058,0,1132000,-29337795,28205795,0,0,1132000,3287688900,206074635,3494895535,0,0,3317026695,177868840,3494895535
2019-11-28,2205,2210,2135,2135,1846542,-4.260089686098654,-280000,0,267772,12228,0,0,0,1769364,77178,1846542,280000,0,1501592,64950,1846542,-605787710,0,580307065,25480645,0,0,0,3841796365,166645730,4008442095,605787710,0,3261489300,141165085,4008442095
2019-11-29,2205,2255,2155,2255,7076085,5.620608899297424,-1276000,501,1160178,115321,0,0,501,6743809,331775,7076085,1276000,0,5583631,216454,7076085,-2826962015,1092235,2566636290,259233490,0,0,1092235,14959634085,738658600,15699384920,2826962015,0,12392997795,479425110,15699384920
2019-12-02,2220,2235,2170,2200,1448950,-2.4390243902439024,-220000,-1,240566,-20565,0,0,0,1400928,48022,1448950,220000,1,1160362,68587,1448950,-485291780,-2200,530248835,-44954855,0,0,0,3079608225,105664870,3185273095,485291780,2200,2549359390,150619725,3185273095
2019-12-03,2150,2180,2110,2140,1729581,-2.727272727272727,-325611,0,342680,-17069,0,0,0,1677099,52482,1729581,325611,0,1334419,69551,1729581,-693888110,0,730647140,-36759030,0,0,0,3585198560,111909735,3697108295,693888110,0,2854551420,148668765,3697108295
2019-12-04,2130,2160,2060,2065,1637639,-3.5046728971962615,0,200,37170,-37370,0,0,200,1562024,75415,1637639,0,0,1524854,112785,1637639,0,414000,79230130,-79644130,0,0,414000,3290301590,159092305,3449807895,0,0,3211071460,238736435,3449807895
2019-12-05,2120,2140,1995,2050,1990270,-0.7263922518159807,-83903,46,94152,-10295,0,0,93,1855505,134672,1990270,83903,47,1761353,144967,1990270,-177713635,95010,199416870,-21798245,0,0,194395,3863238325,279336980,4142769700,177713635,99385,3663821455,301135225,4142769700
2019-12-06,2030,2350,2025,2270,7340821,10.731707317073171,-878447,-40,870148,8339,0,0,885,7136616,203320,7340821,878447,925,6266468,194981,7340821,-1891468860,-117605,1876069990,15516475,0,0,1807050,15673413505,441565480,16116786035,1891468860,1924655,13797343515,426049005,16116786035
2019-12-09,2165,2185,2075,2130,3460211,-6.167400881057269,0,2994,-85488,82494,0,0,3000,3268962,188249,3460211,0,6,3354450,105755,3460211,0,6377140,-182115170,175738030,0,0,6390000,6956438930,401815795,7364644725,0,12860,7138554100,226077765,7364644725
2019-12-10,2120,2200,2100,2130,3834145,0.0,0,0,-22074,22074,0,0,0,3678346,155799,3834145,0,0,3700420,133725,3834145,0,0,-48347875,48347875,0,0,0,7934407860,337144280,8271552140,0,0,7982755735,288796405,8271552140
2019-12-11,2140,2175,2120,2120,1660319,-0.4694835680751174,-72000,0,110800,-38800,0,0,0,1608926,51393,1660319,72000,0,1498126,90193,1660319,-154348200,0,237279845,-82931645,0,0,0,3441494970,110076700,3551571670,154348200,0,3204215125,193008345,3551571670
2019-12-12,2125,2190,2085,2160,1667434,1.8867924528301887,0,-2000,-2546,4546,0,0,0,1586429,81005,1667434,0,2000,1588975,76459,1667434,0,-4310000,-4512300,8822300,0,0,0,3391363510,172472050,3563835560,0,4310000,3395875810,163649750,3563835560
2019-12-13,2455,2570,2190,2200,14282238,1.8518518518518516,-50000,-5790,385160,-329370,0,0,862,13916058,365318,14282238,50000,6652,13530898,694688,14282238,-115300000,-14075620,891104130,-761728510,0,0,1929830,32690008840,856446595,33548385265,115300000,16005450,31798904710,1618175105,33548385265
2019-12-16,2225,2235,2140,2145,2544868,-2.5,-5000,12112,-46137,39025,0,10000,12112,2414200,108556,2544868,15000,0,2460337,69531,2544868,-11550000,26281340,-98982945,84251605,0,21700000,26281340,5266967610,237915915,5552864865,33250000,0,5365950555,153664310,5552864865
2019-12-17,2145,2145,2065,2070,1786537,-3.4965034965034967,-20000,-1776,8905,12871,0,0,724,1731015,54798,1786537,20000,2500,1722110,41927,1786537,-41825735,-3686580,19247000,26265315,0,0,1508920,3614990020,114517065,3731016005,41825735,5195500,3595743020,88251750,3731016005
2019-12-18,2070,2140,2070,2100,1715369,1.4492753623188406,-24247,-4300,31226,-2679,0,0,5000,1664402,45967,1715369,24247,9300,1633176,48646,1715369,-51193700,-8901510,66652545,-6557335,0,0,10500000,3498419455,96067960,3604987415,51193700,19401510,3431766910,102625295,3604987415
2019-12-19,2100,2205,2075,2170,2372307,3.3333333333333335,-753,300,-14883,15336,0,0,300,2283162,88845,2372307,753,0,2298045,73509,2372307,-1573770,640500,-32292985,33226255,0,0,640500,4917628405,190992645,5109261550,1573770,0,4949921390,157766390,5109261550
2019-12-20,2170,2285,2160,2260,6016983,4.147465437788019,0,-5048,-56072,61120,0,0,0,5580548,436435,6016983,0,5048,5636620,375315,6016983,0,-11257570,-126687810,137945380,0,0,0,12506322565,977761280,13484083845,0,11257570,12633010375,839815900,13484083845
2019-12-23,2250,2255,2125,2145,1924030,-5.0884955752212395,0,0,124901,-124901,0,0,0,1830302,93728,1924030,0,0,1705401,218629,1924030,0,0,276961905,-276961905,0,0,0,3987184350,204602600,4191786950,0,0,3710222445,481564505,4191786950
2019-12-24,2170,2200,2065,2080,1800686,-3.0303030303030303,0,400,72106,-72506,0,0,400,1707716,92570,1800686,0,0,1635610,165076,1800686,0,832000,155829440,-156661440,0,0,832000,3607461550,194999970,3803293520,0,0,3451632110,351661410,3803293520
2019-12-26,2140,2160,2105,2115,1205108,1.6826923076923077,0,0,-78266,78266,0,0,0,1067184,137924,1205108,0,0,1145450,59658,1205108,0,0,-165769085,165769085,0,0,0,2273213805,293242620,2566456425,0,0,2438982890,127473535,2566456425
2019-12-27,2105,2145,2105,2145,732348,1.4184397163120568,0,112,-38644,38532,0,0,112,690495,41741,732348,0,0,729139,3209,732348,0,239120,-82238035,81998915,0,0,239120,1465951535,88802445,1554993100,0,0,1548189570,6803530,1554993100
2019-12-30,2145,2160,2115,2145,788097,0.0,0,0,-74946,74946,0,0,0,682921,105176,788097,0,0,757867,30230,788097,0,0,-160877290,160877290,0,0,0,1459065380,225247990,1684313370,0,0,1619942670,64370700,1684313370
2020-01-02,2175,2220,2145,2200,1846851,2.564102564102564,0,1795,241306,-243101,0,0,1907,1736862,108082,1846851,0,112,1495556,351183,1846851,0,3951240,530768610,-534719850,0,0,4195400,3793187100,234832490,4032214990,0,244160,3262418490,769552340,4032214990
2020-01-03,2210,2215,2155,2160,949263,-1.8181818181818181,0,16,27491,-27507,0,0,16,898669,50578,949263,0,0,871178,78085,949263,0,34620,59803590,-59838210,0,0,34620,1952855580,109550370,2062440570,0,0,1893051990,169388580,2062440570
2020-01-06,2130,2140,2075,2110,1065877,-2.314814814814815,0,-1859,86269,-84410,0,0,48,972396,93433,1065877,0,1907,886127,177843,1065877,0,-3894880,180256425,-176361545,0,0,100285,2044574880,196850295,2241525460,0,3995165,1864318455,373211840,2241525460
2020-01-07,2110,2190,2110,2155,1167933,2.132701421800948,0,2936,-36041,33105,0,0,3000,1033113,131820,1167933,0,64,1069154,98715,1167933,0,6253175,-78376025,72122850,0,0,6390000,2228010605,283849400,2518250005,0,136825,2306386630,211726550,2518250005
2020-01-08,2120,2130,1985,2020,1859207,-6.2645011600928076,0,200,170116,-170316,0,0,200,1686219,172788,1859207,0,0,1516103,343104,1859207,0,404000,352670940,-353074940,0,0,404000,3461828155,353139935,3815372090,0,0,3109157215,706214875,3815372090
2020-01-09,2080,2195,2065,2165,2558731,7.1782178217821775,0,1548,-99146,97598,0,0,1548,2359235,197948,2558731,0,0,2458381,100350,2558731,0,3304980,-211421760,208116780,0,0,3304980,5054846680,421787690,5479939350,0,0,5266268440,213670910,5479939350
2020-01-10,2165,2240,2165,2225,3146325,2.771362586605081,-10000,-1548,145978,-134430,0,0,0,2806497,339828,3146325,10000,1548,2660519,474258,3146325,-22200000,-3405600,327818330,-302212730,0,0,0,6206021345,747826050,6953847395,22200000,3405600,5878203015,1050038780,6953847395
2020-01-13,2235,2320,2205,2285,5761683,2.696629213483146,0,2000,114935,-116935,0,0,2000,5498451,261232,5761683,0,0,5383516,378167,5761683,0,4475000,265519270,-269994270,0,0,4475000,12495354065,588033550,13087862615,0,0,12229834795,858027820,13087862615
2020-01-14,2365,2365,2200,2210,3519002,-3.282275711159737,0,15,300371,-300386,0,0,7219,3364028,147755,3519002,0,7204,3063657,448141,3519002,0,419850,675988175,-676408025,0,0,16853555,7582898965,332054150,7931806670,0,16433705,6906910790,1008462175,7931806670
2020-01-15,2215,2260,2155,2250,2876089,1.809954751131222,0,45,75007,-75052,0,0,45,2721144,154900,2876089,0,0,2646137,229952,2876089,0,99900,170244290,-170344190,0,0,99900,6058675785,341617540,6400393225,0,0,5888431495,511961730,6400393225
2020-01-16,2250,2250,2165,2170,1949342,-3.5555555555555554,0,-2940,17526,-14586,0,0,60,1853948,95334,1949342,0,3000,1836422,109920,1949342,0,-6467035,38979625,-32512590,0,0,132965,4064964440,209231170,4274328575,0,6600000,4025984815,241743760,4274328575
2020-01-17,2180,2185,2135,2145,1025581,-1.1520737327188941,0,54,-4787,4733,0,0,54,976804,48723,1025581,0,0,981591,43990,1025581,0,116030,-9987465,9871435,0,0,116030,2103089185,104866505,2208071720,0,0,2113076650,94995070,2208071720
2020-01-20,2130,2145,2100,2105,755434,-1.8648018648018647,0,201,-13730,13529,0,0,201,732397,22836,755434,0,0,746127,9307,755434,0,428575,-28916065,28487490,0,0,428575,1552822345,48298260,1601549180,0,0,1581738410,19810770,1601549180
2020-01-21,2105,2125,2080,2080,503110,-1.187648456057007,0,20,4239,-4259,0,0,20,490607,12483,503110,0,0,486368,16742,503110,0,41700,8984485,-9026185,0,0,41700,1028613810,26191450,1054846960,0,0,1019629325,35217635,1054846960
2020-01-22,2080,2110,2075,2095,427682,0.7211538461538461,0,170,-25213,25043,0,0,170,392866,34646,427682,0,0,418079,9603,427682,0,354250,-52455185,52100935,0,0,354250,822459050,72273080,895086380,0,0,874914235,20172145,895086380
2020-01-23,2090,2110,2080,2090,347202,-0.23866348448687352,0,284,19875,-20159,0,0,284,342165,4753,347202,0,0,322290,24912,347202,0,592140,41503735,-42095875,0,0,592140,715386440,9938825,725917405,0,0,673882705,52034700,725917405
2020-01-28,1890,1975,1865,1930,1401906,-7.655502392344498,0,-854,-24159,25013,0,0,2946,1261077,137883,1401906,0,3800,1285236,112870,1401906,0,-1534860,-45110385,46645245,0,0,5719140,2427426540,263948295,2697093975,0,7254000,2472536925,217303050,2697093975
2020-01-29,1925,1950,1905,1905,469554,-1.2953367875647668,0,-2500,-3978,6478,0,0,0,430615,38939,469554,0,2500,434593,32461,469554,0,-4812500,-7483090,12295590,0,0,0,827619480,74827205,902446685,0,4812500,835102570,62531615,902446685
2020-01-30,1905,1920,1750,1770,908858,-7.086614173228346,0,0,-27290,27290,0,0,0,805724,103134,908858,0,0,833014,75844,908858,0,0,-48645180,48645180,0,0,0,1456916425,185874640,1642791065,0,0,1505561605,137229460,1642791065
2020-01-31,1750,1810,1685,1685,755004,-4.80225988700565,0,0,-92590,92590,0,0,0,554722,200282,755004,0,0,647312,107692,755004,0,0,-157603950,157603950,0,0,0,969415465,348482805,1317898270,0,0,1127019415,190878855,1317898270
2020-02-03,1685,1765,1535,1755,1018481,4.154302670623145,0,-2188,-118321,120509,0,0,0,688126,330355,1018481,0,2188,806447,209846,1018481,0,-3825020,-194845680,198670700,0,0,0,1176709130,555255630,1731964760,0,3825020,1371554810,356584930,1731964760
2020-02-04,1735,1825,1735,1785,596978,1.7094017094017095,0,-1607,61798,-60191,0,0,0,550542,46436,596978,0,1607,488744,106627,596978,0,-2817150,111664580,-108847430,0,0,0,985304540,82558045,1067862585,0,2817150,873639960,191405475,1067862585
2020-02-05,1815,2155,1785,1935,13660969,8.403361344537815,-140000,0,271135,-131135,0,0,0,13248360,412609,13660969,140000,0,12977225,543744,13660969,-281808520,0,533420410,-251611890,0,0,0,26887618785,822196110,27709814895,281808520,0,26354198375,1073808000,27709814895
2020-02-06,1935,2045,1890,1995,3804053,3.10077519379845,-176325,5000,238778,-67453,0,0,10000,3640241,153812,3804053,176325,5000,3401463,221265,3804053,-353192340,10068110,477389575,-134265345,0,0,19775000,7180143265,301533095,7501451360,353192340,9706890,6702753690,435798440,7501451360
2020-02-07,2000,2040,1935,1945,1802904,-2.506265664160401,0,5000,-11734,6734,0,0,8630,1728577,65697,1802904,0,3630,1740311,58963,1802904,0,10019650,-22417655,12398005,0,0,17116300,3422056950,129804915,3568978165,0,7096650,3444474605,117406910,3568978165
2020-02-10,1945,2135,1925,1985,3948632,2.056555269922879,-705167,100,725529,-20462,0,0,302,3790840,157490,3948632,705167,202,3065311,177952,3948632,-1422114355,198030,1467639770,-45723445,0,0,597980,7642640185,314953315,7958191480,1422114355,399950,6175000415,360676760,7958191480
2020-02-11,1990,2010,1970,1980,1210388,-0.2518891687657431,-53988,-100,41817,12271,0,0,0,1160859,49529,1210388,53988,100,1119042,37258,1210388,-107989795,-199000,83631505,24557290,0,0,0,2305972185,98797420,2404769605,107989795,199000,2222340680,74240130,2404769605
2020-02-12,1940,1995,1925,1950,734315,-1.5151515151515151,0,0,-33480,33480,0,0,0,684815,49500,734315,0,0,718295,16020,734315,0,0,-64816175,64816175,0,0,0,1333296970,96238290,1429535260,0,0,1398113145,31422115,1429535260
2020-02-13,1950,1970,1885,1910,969808,-2.051282051282051,0,-5000,-23355,28355,0,0,0,864937,104871,969808,0,5000,888292,76516,969808,0,-9800000,-45293980,55093980,0,0,0,1660634565,202541005,1863175570,0,9800000,1705928545,147447025,1863175570
2020-02-14,1910,1955,1900,1940,750871,1.5706806282722512,0,0,6001,-6001,0,0,0,696666,54205,750871,0,0,690665,60206,750871,0,0,11382390,-11382390,0,0,0,1342610635,103998415,1446609050,0,0,1331228245,115380805,1446609050
2020-02-17,1950,2010,1910,1980,2094375,2.0618556701030926,-244999,0,329957,-84958,0,0,0,2010821,83554,2094375,244999,0,1680864,168512,2094375,-486841665,0,655510300,-168668635,0,0,0,3979820925,164630830,4144451755,486841665,0,3324310625,333299465,4144451755
2020-02-18,1950,2010,1925,1995,1345919,0.7575757575757576,-21001,10000,38045,-27044,0,0,10000,1302185,33734,1345919,21001,0,1264140,60778,1345919,-41711985,19950000,74842845,-53080860,0,0,19950000,2564060035,66391845,2650401880,41711985,0,2489217190,119472705,2650401880
2020-02-19,1960,1975,1920,1925,928752,-3.508771929824561,-186532,0,196466,-9934,0,0,5000,874917,48835,928752,186532,5000,678451,58769,928752,-361693340,50000,381305810,-19662470,0,0,9725000,1697642365,94459440,1801826805,361693340,9675000,1316336555,114121910,1801826805
2020-02-20,1915,1925,1880,1880,607002,-2.3376623376623376,-14979,0,26623,-11644,0,0,0,595242,11760,607002,14979,0,568619,23404,607002,-28699680,0,51067580,-22367900,0,0,0,1132244900,22401475,1154646375,28699680,0,1081177320,44769375,1154646375
2020-02-21,1850,1910,1850,1905,664324,1.3297872340425532,-84535,0,90783,-6248,0,0,0,645913,18411,664324,84535,0,555130,24659,664324,-160244125,0,172293805,-12049680,0,0,0,1217888255,34555140,1252443395,160244125,0,1045594450,46604820,1252443395
2020-02-24,1835,1910,1790,1790,968453,-6.036745406824147,-24047,0,16557,7490,0,0,0,870467,97986,968453,24047,0,853910,90496,968453,-45031735,0,31629750,13401985,0,0,0,1598215425,180065750,1778281175,45031735,0,1566585675,166663765,1778281175
2020-02-25,1745,1825,1740,1805,405991,0.8379888268156425,0,-10000,-28271,38271,0,0,0,325637,80354,405991,0,10000,353908,42083,405991,0,-18119825,-50020225,68140050,0,0,0,585632125,144039535,729671660,0,18119825,635652350,75899485,729671660
2020-02-26,1760,1835,1755,1805,401660,0.0,0,0,-15815,15815,0,0,0,342085,59575,401660,0,0,357900,43760,401660,0,0,-27466785,27466785,0,0,0,617389845,106619755,724009600,0,0,644856630,79152970,724009600
2020-02-27,1810,1855,1750,1785,475277,-1.10803324099723,0,0,18228,-18228,0,0,0,432920,42357,475277,0,0,414692,60585,475277,0,0,33835080,-33835080,0,0,0,782016915,75918175,857935090,0,0,748181835,109753255,857935090
2020-02-28,1730,1750,1645,1645,628883,-7.8431372549019605,0,0,38425,-38425,0,0,0,593639,35244,628883,0,0,555214,73669,628883,0,0,65132335,-65132335,0,0,0,999811365,60120165,1059931530,0,0,934679030,125252500,1059931530
2020-03-02,1625,1705,1610,1670,491072,1.5197568389057752,0,0,-73737,73737,0,0,0,363186,127886,491072,0,0,436923,54149,491072,0,0,-122593775,122593775,0,0,0,604275960,212138800,816414760,0,0,726869735,89545025,816414760
2020-03-03,1730,1750,1680,1700,369082,1.7964071856287425,0,0,30542,-30542,0,0,0,317777,51305,369082,0,0,287235,81847,369082,0,0,52343550,-52343550,0,0,0,545677700,88592125,634269825,0,0,493334150,140935675,634269825
2020-03-04,1680,1750,1660,1730,341513,1.7647058823529411,0,0,-37907,37907,0,0,0,268252,73261,341513,0,0,306159,35354,341513,0,0,-64959305,64959305,0,0,0,463484155,125957865,589442020,0,0,528443460,60998560,589442020
2020-03-05,1745,1790,1740,1760,405975,1.7341040462427744,0,0,-25667,25667,0,0,0,348419,57556,405975,0,0,374086,31889,405975,0,0,-44923605,44923605,0,0,0,613730790,101094300,714825090,0,0,658654395,56170695,714825090
2020-03-06,1745,1750,1695,1710,314009,-2.840909090909091,0,0,7515,-7515,0,0,0,276705,37304,314009,0,0,269190,44819,314009,0,0,13073575,-13073575,0,0,0,473844405,63951775,537796180,0,0,460770830,77025350,537796180
2020-03-09,1685,1725,1620,1620,387187,-5.263157894736842,0,0,45705,-45705,0,0,0,351264,35923,387187,0,0,305559,81628,387187,0,0,76092945,-76092945,0,0,0,580509525,59669015,640178540,0,0,504416580,135761960,640178540
2020-03-10,1590,1625,1550,1615,609978,-0.30864197530864196,0,0,-46639,46639,0,0,0,477459,132519,609978,0,0,524098,85880,609978,0,0,-73598265,73598265,0,0,0,757121320,210119435,967240755,0,0,830719585,136521170,967240755
2020-03-11,1655,1665,1525,1535,544591,-4.953560371517028,0,0,33611,-33611,0,0,0,487547,57044,544591,0,0,453936,90655,544591,0,0,56496125,-56496125,0,0,0,776131965,89305155,865437120,0,0,719635840,145801280,865437120
2020-03-12,1500,1520,1355,1355,845122,-11.726384364820847,0,0,-63048,63048,0,0,0,645580,199542,845122,0,0,708628,136494,845122,0,0,-89163130,89163130,0,0,0,915289995,285001010,1200291005,0,0,1004453125,195837880,1200291005
2020-03-13,1120,1240,1100,1220,1409729,-9.96309963099631,0,0,-240442,240442,0,0,0,954118,455611,1409729,0,0,1194560,215169,1409729,0,0,-282940730,282940730,0,0,0,1108288870,534375905,1642664775,0,0,1391229600,251435175,1642664775
2020-03-16,1210,1330,1160,1160,1003848,-4.918032786885246,0,0,-13302,13302,0,0,0,804976,198872,1003848,0,0,818278,185570,1003848,0,0,-16620785,16620785,0,0,0,990093945,244228755,1234322700,0,0,1006714730,227607970,1234322700
2020-03-17,1050,1185,1045,1160,974237,0.0,0,0,-261812,261812,0,0,0,612398,361839,974237,0,0,874210,100027,974237,0,0,-291521870,291521870,0,0,0,688562320,405548230,1094110550,0,0,980084190,114026360,1094110550
2020-03-18,1160,1210,1105,1105,807340,-4.741379310344827,0,0,3201,-3201,0,0,0,689509,117831,807340,0,0,686308,121032,807340,0,0,3260360,-3260360,0,0,0,799830550,138631270,938461820,0,0,796570190,141891630,938461820
2020-03-19,1115,1175,905,921,1071889,-16.651583710407238,0,0,-41536,41536,0,0,0,799921,271968,1071889,0,0,841457,230432,1071889,0,0,-48872564,48872564,0,0,0,815343035,282401694,1097744729,0,0,864215599,233529130,1097744729
2020-03-20,921,1020,921,1005,749308,9.120521172638437,0,0,-129788,129788,0,0,0,534583,214725,749308,0,0,664371,84937,749308,0,0,-125643392,125643392,0,0,0,522804367,208652572,731456939,0,0,648447759,83009180,731456939
2020-03-23,910,980,910,931,538677,-7.36318407960199,0,0,-89746,89746,0,0,0,369642,169035,538677,0,0,459388,79289,538677,0,0,-84547625,84547625,0,0,0,346399865,159650261,506050126,0,0,430947490,75102636,506050126
2020-03-24,950,1030,950,1015,764723,9.022556390977442,0,1000,-58593,57593,0,0,7348,625969,131406,764723,0,6348,684562,73813,764723,0,967700,-57375476,56407776,0,0,7425220,623501968,130064271,760991459,0,6457520,680877444,73656495,760991459
2020-03-25,1060,1145,1040,1100,1257328,8.374384236453201,0,0,-5683,5683,0,0,0,1081621,175707,1257328,0,0,1087304,170024,1257328,0,0,-4519730,4519730,0,0,0,1173388140,188646400,1362034540,0,0,1177907870,184126670,1362034540
2020-03-26,1130,1240,1110,1165,1918818,5.909090909090909,0,0,78558,-78558,0,0,0,1705582,213236,1918818,0,0,1627024,291794,1918818,0,0,96166190,-96166190,0,0,0,2019267195,251322240,2270589435,0,0,1923101005,347488430,2270589435
2020-03-27,1230,1300,1140,1220,2927140,4.721030042918455,0,10000,16766,-26766,0,0,10000,2598627,318513,2927140,0,0,2581861,345279,2927140,0,12000000,21150680,-33150680,0,0,12000000,3214557230,388662420,3615219650,0,0,3193406550,421813100,3615219650
2020-03-30,1220,1280,1140,1280,945705,4.918032786885246,0,-11000,49920,-38920,0,0,0,856783,88922,945705,0,11000,806863,127842,945705,0,-13270000,62097505,-48827505,0,0,0,1067750650,109060210,1176810860,0,13270000,1005653145,157887715,1176810860
2020-03-31,1355,1400,1315,1385,2016045,8.203125,0,0,62696,-62696,0,0,0,1827862,188183,2016045,0,0,1765166,250879,2016045,0,0,84955335,-84955335,0,0,0,2482407400,254904330,2737311730,0,0,2397452065,339859665,2737311730
2020-04-01,1390,1650,1360,1400,9004297,1.083032490974729,0,1,183583,-183584,0,0,6757,8509718,487822,9004297,0,6756,8326135,671406,9004297,0,-20790,284572945,-284552155,0,0,10000370,13074456495,739782140,13824239005,0,10021160,12789883550,1024334295,13824239005
2020-04-02,1450,1490,1360,1460,1655672,4.285714285714286,0,0,-44432,44432,0,0,0,1457437,198235,1655672,0,0,1501869,153803,1655672,0,0,-61024685,61024685,0,0,0,2116276400,282652925,2398929325,0,0,2177301085,221628240,2398929325
2020-04-03,1590,1595,1480,1495,1439209,2.3972602739726026,0,0,47084,-47084,0,0,100,1373982,65127,1439209,0,100,1326898,112211,1439209,0,-500,71622825,-71622325,0,0,150500,2079247130,98404420,2177802050,0,151000,2007624305,170026745,2177802050
2020-04-06,1490,1595,1485,1555,1645673,4.013377926421405,0,0,-40717,40717,0,0,9655,1498650,137368,1645673,0,9655,1539367,96651,1645673,0,-173335,-60447525,60620860,0,0,14884685,2306690945,209539280,2531114910,0,15058020,2367138470,148918420,2531114910
2020-04-07,1595,1850,1525,1850,7628697,18.971061093247588,0,9000,20702,-29702,0,0,26278,7246982,355437,7628697,0,17278,7226280,385139,7628697,0,16454370,48554555,-65008925,0,0,45123275,12488217655,581376220,13114717150,0,28668905,12439663100,646385145,13114717150
2020-04-08,1780,1955,1690,1850,9353065,0.0,0,-6500,201737,-195237,0,0,3121,8996514,353430,9353065,0,9621,8794777,548667,9353065,0,-12490120,388602525,-376112405,0,0,5817800,16761603580,650933215,17418354595,0,18307920,16373001055,1027045620,17418354595
2020-04-09,1850,1950,1810,1850,6528957,0.0,0,17000,-3766,-13234,0,0,27905,6323112,177940,6528957,0,10905,6326878,191174,6528957,0,32104385,-5916050,-26188335,0,0,52756985,11964362495,333038280,12350157760,0,20652600,11970278545,359226615,12350157760
2020-04-10,1850,1880,1670,1805,1732958,-2.4324324324324325,0,6388,-47120,40732,0,0,6388,1521450,205120,1732958,0,0,1568570,164388,1732958,0,11839880,-76788725,64948845,0,0,11839880,2751658495,361499085,3124997460,0,0,2828447220,296550240,3124997460
2020-04-13,1795,1940,1725,1750,4682020,-3.0470914127423825,0,5000,51539,-56539,0,0,5000,4443043,233977,4682020,0,0,4391504,290516,4682020,0,9175000,97749650,-106924650,0,0,9175000,8136878850,424584280,8570638130,0,0,8039129200,531508930,8570638130
2020-04-14,1775,1805,1750,1765,846613,0.8571428571428572,0,0,-50078,50078,0,0,0,753177,93436,846613,0,0,803255,43358,846613,0,0,-88484335,88484335,0,0,0,1336374865,165442770,1501817635,0,0,1424859200,76958435,1501817635
2020-04-16,1760,1780,1710,1750,663649,-0.84985835694051,0,0,-133606,133606,0,0,0,501974,161675,663649,0,0,635580,28069,663649,0,0,-233793000,233793000,0,0,0,879230935,282983375,1162214310,0,0,1113023935,49190375,1162214310
2020-04-17,1770,1865,1740,1820,2851599,4.0,0,14000,33448,-47448,0,0,14000,2729074,108525,2851599,0,0,2695626,155973,2851599,0,25340000,58810515,-84150515,0,0,25340000,4930548905,193152425,5149041330,0,0,4871738390,277302940,5149041330
2020-04-20,1810,1845,1780,1800,1169489,-1.098901098901099,0,0,18008,-18008,0,0,3099,1100604,65786,1169489,0,3099,1082596,83794,1169489,0,-3950,33469875,-33465925,0,0,5655675,1993808240,118537335,2118001250,0,5659625,1960338365,152003260,2118001250
2020-04-21,1800,1800,1595,1710,1838585,-5.0,0,0,1710,-1710,0,0,0,1609552,229033,1838585,0,0,1607842,230743,1838585,0,0,5921955,-5921955,0,0,0,2751499045,388146725,3139645770,0,0,2745577090,394068680,3139645770
2020-04-22,1670,1735,1645,1735,659722,1.461988304093567,0,0,-50453,50453,0,0,0,561614,98108,659722,0,0,612067,47655,659722,0,0,-85278940,85278940,0,0,0,950881595,166171730,1117053325,0,0,1036160535,80892790,1117053325
2020-04-23,1745,1875,1730,1790,2980907,3.170028818443804,0,0,6940,-6940,0,0,5449,2825400,150058,2980907,0,5449,2818460,156998,2980907,0,-134640,13615905,-13481265,0,0,9917000,5085800325,267131095,5362848420,0,10051640,5072184420,280612360,5362848420
2020-04-24,1770,1775,1720,1730,944018,-3.35195530726257,0,0,72364,-72364,0,0,0,927951,16067,944018,0,0,855587,88431,944018,0,0,126397530,-126397530,0,0,0,1619581040,28128070,1647709110,0,0,1493183510,154525600,1647709110
2020-04-27,1730,1800,1730,1755,1017173,1.4450867052023122,0,0,-54241,54241,0,0,8263,941554,67356,1017173,0,8263,995795,13115,1017173,0,-82745,-95188000,95270745,0,0,14708025,1656528460,118328270,1789564755,0,14790770,1751716460,23057525,1789564755
2020-04-28,1780,1785,1725,1740,777775,-0.8547008547008548,0,0,41230,-41230,0,0,0,723280,54495,777775,0,0,682050,95725,777775,0,0,73074525,-73074525,0,0,0,1264720440,95252065,1359972505,0,0,1191645915,168326590,1359972505
2020-04-29,1755,1830,1730,1755,2972686,0.8620689655172413,0,0,56381,-56381,0,0,8357,2884449,79880,2972686,0,8357,2828068,136261,2972686,0,-1390,102236250,-102234860,0,0,14999425,5159216810,141985090,5316201325,0,15000815,5056980560,244219950,5316201325
2020-05-04,1745,1785,1705,1760,821349,0.2849002849002849,0,4464,-28002,23538,0,0,4464,739423,77462,821349,0,0,767425,53924,821349,0,7889310,-47435545,39546235,0,0,7889310,1296202685,134537505,1438629500,0,0,1343638230,94991270,1438629500
2020-05-06,1800,1895,1785,1880,4327495,6.8181818181818175,0,5148,-109854,104706,0,0,9659,4125254,192582,4327495,0,4511,4235108,87876,4327495,0,10011230,-199404100,189392870,0,0,18131295,7622360890,351117740,7991609925,0,8120065,7821764990,161724870,7991609925
2020-05-07,1915,1970,1875,1885,5963823,0.26595744680851063,0,-22357,96035,-73678,0,0,30797,5759728,173298,5963823,0,53154,5663693,246976,5963823,0,-43204910,186141510,-142936600,0,0,59681105,11079245105,332970045,11471896255,0,102886015,10893103595,475906645,11471896255
2020-05-08,1885,1970,1885,1895,3640448,0.5305039787798408,0,1500,-21197,19697,0,0,9591,3515503,115354,3640448,0,8091,3536700,95657,3640448,0,2735225,-41275295,38540070,0,0,18501070,6785179720,223522510,7027203300,0,15765845,6826455015,184982440,7027203300
2020-05-11,1910,1915,1830,1870,1085145,-1.3192612137203166,0,1499,-17172,15673,0,0,1500,1024365,59280,1085145,0,1,1041537,43607,1085145,0,2765640,-31122060,28356420,0,0,2767500,1920725315,110695755,2034188570,0,1860,1951847375,82339335,2034188570
2020-05-12,1890,2075,1795,2010,11502480,7.4866310160427805,0,-21520,74553,-53033,0,0,4258,11265583,232639,11502480,0,25778,11191030,285672,11502480,0,-43383860,150373965,-106990105,0,0,7868280,22618740805,455953235,23082562320,0,51252140,22468366840,562943340,23082562320
2020-05-13,1860,1910,1825,1895,3668195,-5.721393034825871,0,5998,58322,-64320,0,0,6000,3522432,139763,3668195,0,2,3464110,204083,3668195,0,11286280,111230270,-122516550,0,0,11290000,6594681720,260377770,6866349490,0,3720,6483451450,382894320,6866349490
2020-05-14,1900,1980,1845,1855,4434329,-2.1108179419525066,0,0,4166,-4166,0,0,0,4322685,111644,4434329,0,0,4318519,115810,4434329,0,0,12661975,-12661975,0,0,0,8331312130,212575050,8543887180,0,0,8318650155,225237025,8543887180
2020-05-15,1855,1885,1805,1820,1211399,-1.8867924528301887,0,11600,-15970,4370,0,0,11600,1154422,45377,1211399,0,0,1170392,41007,1211399,0,21342975,-29121700,7778725,0,0,21342975,2117291495,83354090,2221988560,0,0,2146413195,75575365,2221988560
2020-05-18,1845,1870,1830,1860,750013,2.197802197802198,0,8000,-11876,3876,0,0,8000,729135,12878,750013,0,0,741011,9002,750013,0,14785000,-21945325,7160325,0,0,14785000,1347021350,23829110,1385635460,0,0,1368966675,16668785,1385635460
2020-05-19,1895,1965,1865,1910,3730037,2.6881720430107525,0,-25740,28156,-2416,0,0,3455,3692912,33670,3730037,0,29195,3664756,36086,3730037,0,-49568800,54681765,-5112965,0,0,6521600,7124615355,64532405,7195669360,0,56090400,7069933590,69645370,7195669360
2020-05-20,1905,1985,1895,1980,3514756,3.664921465968586,0,53562,-84730,31168,0,0,65620,3379104,70032,3514756,0,12058,3463834,38864,3514756,0,103947735,-164841100,60893365,0,0,127705670,6613846005,136651250,6878202925,0,23757935,6778687105,75757885,6878202925
2020-05-21,1975,2015,1935,1945,3434759,-1.7676767676767675,0,1032,-3037,2005,0,0,6554,3367057,61148,3434759,0,5522,3370094,59143,3434759,0,1787040,-6318930,4531890,0,0,12851790,6658470330,121728970,6793051090,0,11064750,6664789260,117197080,6793051090
2020-05-22,1935,1960,1840,1885,2664839,-3.0848329048843186,0,-29245,31770,-2525,0,0,13874,2566859,84106,2664839,0,43119,2535089,86631,2664839,0,-54787750,59380675,-4592925,0,0,26274590,4868472440,159417985,5054165015,0,81062340,4809091765,164010910,5054165015
2020-05-25,1900,1905,1835,1855,761560,-1.5915119363395225,0,3000,-16192,13192,0,0,3000,720354,38206,761560,0,0,736546,25014,761560,0,5575000,-29630860,24055860,0,0,5575000,1335313260,70708630,1411596890,0,0,1364944120,46652770,1411596890
2020-05-26,1850,1890,1840,1845,704698,-0.5390835579514826,0,10000,4591,-14591,0,0,10000,677631,17067,704698,0,0,673040,31658,704698,0,18550000,8634040,-27184040,0,0,18550000,1260116330,31720475,1310386805,0,0,1251482290,58904515,1310386805
2020-05-27,1855,1860,1790,1805,1020532,-2.168021680216802,0,1000,-57228,56228,0,0,1000,950638,68894,1020532,0,0,1007866,12666,1020532,0,1800000,-103844525,102044525,0,0,1800000,1724613905,125069705,1851483610,0,0,1828458430,23025180,1851483610
2020-05-28,1830,1850,1760,1775,864958,-1.662049861495845,0,-15000,14224,776,0,0,0,817072,47886,864958,0,15000,802848,47110,864958,0,-27225000,26242155,982845,0,0,0,1473428470,85195960,1558624430,0,27225000,1447186315,84213115,1558624430
2020-05-29,1750,1790,1725,1725,459120,-2.8169014084507045,0,0,-20681,20681,0,0,0,398563,60557,459120,0,0,419244,39876,459120,0,0,-35260625,35260625,0,0,0,699055450,105697605,804753055,0,0,734316075,70436980,804753055
2020-06-01,1725,1745,1645,1670,2823382,-3.1884057971014492,0,0,1596243,-1596243,0,0,0,2538214,285168,2823382,0,0,941971,1881411,2823382,0,0,2698870635,-2698870635,0,0,0,4289851250,483776800,4773628050,0,0,1590980615,3182647435,4773628050
2020-06-02,1695,1720,1680,1715,1109295,2.694610778443114,0,0,-128847,128847,0,0,0,946059,163236,1109295,0,0,1074906,34389,1109295,0,0,-219896095,219896095,0,0,0,1611226895,278630065,1889856960,0,0,1831122990,58733970,1889856960
2020-06-03,1730,1790,1725,1740,1813463,1.4577259475218658,0,0,325735,-325735,0,0,0,1796752,16711,1813463,0,0,1471017,342446,1813463,0,0,573394740,-573394740,0,0,0,3158683295,29279015,3187962310,0,0,2585288555,602673755,3187962310
2020-06-04,1715,1730,1695,1710,737855,-1.7241379310344827,0,0,-7994,7994,0,0,0,691601,46254,737855,0,0,699595,38260,737855,0,0,-13635745,13635745,0,0,0,1181337620,78962075,1260299695,0,0,1194973365,65326330,1260299695
2020-06-05,1710,1760,1705,1725,533386,0.8771929824561403,0,0,14698,-14698,0,0,0,484939,48447,533386,0,0,470241,63145,533386,0,0,26013215,-26013215,0,0,0,839315960,83360210,922676170,0,0,813302745,109373425,922676170
2020-06-08,1735,1775,1735,1755,989516,1.7391304347826086,0,0,102713,-102713,0,0,0,942051,47465,989516,0,0,839338,150178,989516,0,0,180626800,-180626800,0,0,0,1652379585,83377320,1735756905,0,0,1471752785,264004120,1735756905
2020-06-09,1755,1765,1730,1730,421532,-1.4245014245014245,0,0,-378,378,0,0,0,394137,27395,421532,0,0,394515,27017,421532,0,0,-540010,540010,0,0,0,686246995,47823445,734070440,0,0,686787005,47283435,734070440
2020-06-10,1740,1810,1700,1725,890393,-0.2890173410404624,0,0,37144,-37144,0,0,4444,865056,20893,890393,0,4444,827912,58037,890393,0,3430,64604280,-64607710,0,0,7854770,1506190640,36353650,1550399060,0,7851340,1441586360,100961360,1550399060
2020-06-11,1715,1745,1670,1685,693669,-2.318840579710145,0,-7397,67356,-59959,0,0,0,679680,13989,693669,0,7397,612324,73948,693669,0,-12674115,115381290,-102707175,0,0,0,1156061745,23627675,1179689420,0,12674115,1040680455,126334850,1179689420
2020-06-12,1600,1625,1530,1615,897247,-4.154302670623145,0,0,22722,-22722,0,0,0,835613,61634,897247,0,0,812891,84356,897247,0,0,36370190,-36370190,0,0,0,1332835925,98229510,1431065435,0,0,1296465735,134599700,1431065435
2020-06-15,1600,1690,1450,1470,1700647,-8.978328173374612,0,0,-15892,15892,0,0,0,1549706,150941,1700647,0,0,1565598,135049,1700647,0,0,-21130155,21130155,0,0,0,2496375475,237995770,2734371245,0,0,2517505630,216865615,2734371245
2020-06-16,1510,1620,1495,1560,836227,6.122448979591836,0,0,-42209,42209,0,0,0,704630,131597,836227,0,0,746839,89388,836227,0,0,-64549730,64549730,0,0,0,1086720740,201871885,1288592625,0,0,1151270470,137322155,1288592625
2020-06-17,1545,1590,1490,1555,762831,-0.3205128205128205,0,0,310,-310,0,0,0,644728,118103,762831,0,0,644418,118413,762831,0,0,3235245,-3235245,0,0,0,996313305,181278190,1177591495,0,0,993078060,184513435,1177591495
2020-06-18,1555,1650,1540,1570,1595567,0.964630225080386,0,2385,42371,-44756,0,0,7353,1500059,88155,1595567,0,4968,1457688,132911,1595567,0,3769120,69911480,-73680600,0,0,11717920,2389180090,138168310,2539066320,0,7948800,2319268610,211848910,2539066320
2020-06-19,1570,1570,1520,1550,508539,-1.2738853503184715,0,0,-17281,17281,0,0,0,458342,50197,508539,0,0,475623,32916,508539,0,0,-26474970,26474970,0,0,0,708234245,77542910,785777155,0,0,734709215,51067940,785777155
2020-06-22,1550,1630,1535,1540,1308646,-0.6451612903225806,0,0,214750,-214750,0,0,5942,1225446,77258,1308646,0,5942,1010696,292008,1308646,0,-94075,337999765,-337905690,0,0,9477490,1927183685,121928445,2058589620,0,9571565,1589183920,459834135,2058589620
2020-06-23,1550,1580,1495,1500,1775915,-2.5974025974025974,0,0,57570,-57570,0,0,0,1667230,108685,1775915,0,0,1609660,166255,1775915,0,0,88222535,-88222535,0,0,0,2547704580,166581125,2714285705,0,0,2459482045,254803660,2714285705
2020-06-24,1515,1530,1500,1500,418395,0.0,0,0,-24940,24940,0,0,0,370825,47570,418395,0,0,395765,22630,418395,0,0,-37382860,37382860,0,0,0,560308415,71795275,632103690,0,0,597691275,34412415,632103690
2020-06-25,1495,1505,1440,1470,470022,-2.0,0,0,-5367,5367,0,0,0,410595,59427,470022,0,0,415962,54060,470022,0,0,-6725035,6725035,0,0,0,603375235,86816730,690191965,0,0,610100270,80091695,690191965
2020-06-26,1480,1490,1445,1470,250718,0.0,0,0,25783,-25783,0,0,0,242112,8606,250718,0,0,216329,34389,250718,0,0,38120910,-38120910,0,0,0,355493450,12608045,368101495,0,0,317372540,50728955,368101495
2020-06-29,1465,1520,1430,1470,663909,0.0,0,0,10511,-10511,0,0,1637,625084,37188,663909,0,1637,614573,47699,663909,0,12135,16195960,-16208095,0,0,2418525,924500980,54587810,981507315,0,2406390,908305020,70795905,981507315
2020-06-30,1490,1590,1465,1515,3424625,3.061224489795918,70000,880,136102,-206982,0,70000,880,3247024,106721,3424625,0,0,3110922,313703,3424625,116550000,1368400,217231325,-335149725,0,116550000,1368400,5105724250,164855485,5388498135,0,0,4888492925,500005210,5388498135
2020-07-01,1740,1740,1540,1540,5441016,1.65016501650165,-70000,-880,165233,-94353,0,0,2001,5330345,108670,5441016,70000,2881,5165112,203023,5441016,-121800000,-1354295,287286085,-164131790,0,0,3421730,8840827140,179696895,9023945765,121800000,4776025,8553541055,343828685,9023945765
2020-07-02,1580,1595,1540,1570,982177,1.948051948051948,0,0,-4108,4108,0,0,0,931836,50341,982177,0,0,935944,46233,982177,0,0,-6408545,6408545,0,0,0,1458414380,78677185,1537091565,0,0,1464822925,72268640,1537091565
2020-07-03,1585,1585,1540,1540,909528,-1.910828025477707,0,0,36659,-36659,0,0,0,893038,16490,909528,0,0,856379,53149,909528,0,0,56876040,-56876040,0,0,0,1388652495,25630675,1414283170,0,0,1331776455,82506715,1414283170
2020-07-06,1560,1610,1535,1610,1067361,4.545454545454546,0,0,-210679,210679,0,0,0,845623,221738,1067361,0,0,1056302,11059,1067361,0,0,-333109260,333109260,0,0,0,1342142650,350632655,1692775305,0,0,1675251910,17523395,1692775305
2020-07-07,1640,1645,1565,1565,915902,-2.7950310559006213,0,0,201453,-201453,0,0,0,906251,9651,915902,0,0,704798,211104,915902,0,0,323727135,-323727135,0,0,0,1447611825,15293340,1462905165,0,0,1123884690,339020475,1462905165
2020-07-08,1565,1590,1555,1570,361931,0.3194888178913738,0,0,-37047,37047,0,0,0,323150,38781,361931,0,0,360197,1734,361931,0,0,-58087490,58087490,0,0,0,505984630,60804340,566788970,0,0,564072120,2716850,566788970
2020-07-09,1580,1585,1545,1570,682643,0.0,0,0,3237,-3237,0,0,0,655706,26937,682643,0,0,652469,30174,682643,0,0,5389545,-5389545,0,0,0,1024438175,41976640,1066414815,0,0,1019048630,47366185,1066414815
2020-07-10,1555,1585,1495,1515,850359,-3.5031847133757963,0,0,37513,-37513,0,0,0,820303,30056,850359,0,0,782790,67569,850359,0,0,58072665,-58072665,0,0,0,1261864940,46248715,1308113655,0,0,1203792275,104321380,1308113655
2020-07-13,1525,1600,1520,1565,1171959,3.3003300330033,0,0,-77681,77681,0,0,2076,1005789,164094,1171959,0,2076,1083470,86413,1171959,0,-16735,-121420515,121437250,0,0,3292335,1571437075,256333945,1831063355,0,3309070,1692857590,134896695,1831063355
2020-07-14,1565,1575,1550,1560,399322,-0.3194888178913738,0,0,-31830,31830,0,0,0,348156,51166,399322,0,0,379986,19336,399322,0,0,-49926665,49926665,0,0,0,544374530,80189600,624564130,0,0,594301195,30262935,624564130
2020-07-15,1575,1580,1555,1565,320220,0.3205128205128205,0,0,-23513,23513,0,0,0,285313,34907,320220,0,0,308826,11394,320220,0,0,-36801930,36801930,0,0,0,446244665,54645400,500890065,0,0,483046595,17843470,500890065
2020-07-16,1555,1600,1550,1570,732945,0.3194888178913738,0,0,-75993,75993,0,0,0,625891,107054,732945,0,0,701884,31061,732945,0,0,-119384010,119384010,0,0,0,986884525,168368970,1155253495,0,0,1106268535,48984960,1155253495
2020-07-17,1560,1575,1540,1555,385359,-0.9554140127388535,0,0,39975,-39975,0,0,0,380867,4492,385359,0,0,340892,44467,385359,0,0,62091080,-62091080,0,0,0,591979195,6968700,598947895,0,0,529888115,69059780,598947895
2020-07-20,1545,1560,1515,1520,294522,-2.2508038585209005,0,0,51436,-51436,0,0,0,288926,5596,294522,0,0,237490,57032,294522,0,0,78956735,-78956735,0,0,0,442140140,8533900,450674040,0,0,363183405,87490635,450674040
2020-07-21,1520,1535,1510,1515,328392,-0.3289473684210526,0,-19668,15562,4106,0,0,0,313445,14947,328392,0,19668,297883,10841,328392,0,-29920360,23697825,6222535,0,0,0,476419740,22714615,499134355,0,29920360,452721915,16492080,499134355
2020-07-22,1525,1530,1500,1510,304788,-0.33003300330033003,0,0,11370,-11370,0,0,0,300472,4316,304788,0,0,289102,15686,304788,0,0,17182360,-17182360,0,0,0,454061025,6542150,460603175,0,0,436878665,23724510,460603175
2020-07-23,1505,1515,1490,1490,384144,-1.3245033112582782,0,0,70266,-70266,0,0,0,383634,510,384144,0,0,313368,70776,384144,0,0,105390240,-105390240,0,0,0,575212850,764050,575976900,0,0,469822610,106154290,575976900
2020-07-24,1485,1490,1460,1485,297543,-0.33557046979865773,0,-510,47077,-46567,0,0,0,290129,7414,297543,0,510,243052,53981,297543,0,-754800,69475875,-68721075,0,0,0,428057080,10935560,438992640,0,754800,358581205,79656635,438992640
2020-07-27,1485,1485,1460,1475,338230,-0.6734006734006733,0,0,-7245,7245,0,0,0,328986,9244,338230,0,0,336231,1999,338230,0,0,-10594685,10594685,0,0,0,483786895,13540925,497327820,0,0,494381580,2946240,497327820
2020-07-28,1475,1500,1445,1460,316524,-1.0169491525423728,0,0,-3242,3242,0,0,0,310313,6211,316524,0,0,313555,2969,316524,0,0,-4779260,4779260,0,0,0,456457000,9153100,465610100,0,0,461236260,4373840,465610100
2020-07-29,1480,1480,1460,1475,137068,1.0273972602739725,0,0,1733,-1733,0,0,0,137068,0,137068,0,0,135335,1733,137068,0,0,2547565,-2547565,0,0,0,201637020,0,201637020,0,0,199089455,2547565,201637020
2020-07-30,1480,1485,1455,1465,176175,-0.6779661016949152,0,0,-2489,2489,0,0,0,167064,9111,176175,0,0,169553,6622,176175,0,0,-3632910,3632910,0,0,0,244957660,13344900,258302560,0,0,248590570,9711990,258302560
2020-07-31,1460,1480,1460,1460,177160,-0.3412969283276451,0,0,1628,-1628,0,0,0,172135,5025,177160,0,0,170507,6653,177160,0,0,2374790,-2374790,0,0,0,252225360,7386250,259611610,0,0,249850570,9761040,259611610
2020-08-03,1465,1470,1440,1440,263975,-1.36986301369863,0,0,26147,-26147,0,0,0,263725,250,263975,0,0,237578,26397,263975,0,0,37931140,-37931140,0,0,0,381898330,360850,382259180,0,0,343967190,38291990,382259180
2020-08-04,1435,1480,1435,1475,214911,2.430555555555556,0,0,-26255,26255,0,0,0,186004,28907,214911,0,0,212259,2652,214911,0,0,-37836660,37836660,0,0,0,269822455,41696975,311519430,0,0,307659115,3860315,311519430
2020-08-05,1475,1480,1455,1455,265347,-1.3559322033898304,0,0,12826,-12826,0,0,0,262588,2759,265347,0,0,249762,15585,265347,0,0,18816120,-18816120,0,0,0,385199685,4050235,389249920,0,0,366383565,22866355,389249920
2020-08-06,1455,1490,1455,1470,235368,1.0309278350515463,0,-1809,5380,-3571,0,0,0,218877,16491,235368,0,1809,213497,20062,235368,0,-2659230,7693190,-5033960,0,0,0,322412790,24346190,346758980,0,2659230,314719600,29380150,346758980
2020-08-07,1480,1480,1450,1450,234436,-1.3605442176870748,0,0,19195,-19195,0,0,0,227284,7152,234436,0,0,208089,26347,234436,0,0,28064290,-28064290,0,0,0,331256795,10434910,341691705,0,0,303192505,38499200,341691705
2020-08-10,1460,1475,1440,1445,335323,-0.3448275862068966,0,0,29605,-29605,0,0,0,334097,1226,335323,0,0,304492,30831,335323,0,0,42883990,-42883990,0,0,0,484502750,1772890,486275640,0,0,441618760,44656880,486275640
2020-08-11,1445,1480,1445,1455,288588,0.6920415224913495,0,0,-15593,15593,0,0,0,261931,26657,288588,0,0,277524,11064,288588,0,0,-22988275,22988275,0,0,0,382824210,39078295,421902505,0,0,405812485,16090020,421902505
2020-08-12,1470,1520,1450,1505,1007153,3.436426116838488,0,0,11846,-11846,0,0,0,972834,34319,1007153,0,0,960988,46165,1007153,0,0,17457425,-17457425,0,0,0,1454720610,51431070,1506151680,0,0,1437263185,68888495,1506151680
2020-08-13,1515,1580,1515,1535,1932509,1.9933554817275747,0,-1000,457696,-456696,0,0,3000,1835977,93532,1932509,0,4000,1378281,550228,1932509,0,-1530000,702960320,-701430320,0,0,4590000,2825514705,143990045,2974094750,0,6120000,2122554385,845420365,2974094750
2020-08-14,1545,1565,1495,1550,1079141,0.9771986970684038,0,0,104623,-104623,0,0,0,1044374,34767,1079141,0,0,939751,139390,1079141,0,0,160497675,-160497675,0,0,0,1600536760,52799205,1653335965,0,0,1440039085,213296880,1653335965
2020-08-18,1520,1540,1430,1445,555834,-6.774193548387098,0,0,24882,-24882,0,0,0,541279,14555,555834,0,0,516397,39437,555834,0,0,37285625,-37285625,0,0,0,800646470,21149660,821796130,0,0,763360845,58435285,821796130
2020-08-19,1465,1490,1420,1470,525230,1.7301038062283738,0,0,3731,-3731,0,0,0,496200,29030,525230,0,0,492469,32761,525230,0,0,5434195,-5434195,0,0,0,722258155,42027165,764285320,0,0,716823960,47461360,764285320
2020-08-20,1465,1480,1375,1410,682629,-4.081632653061225,0,0,14557,-14557,0,0,0,619136,63493,682629,0,0,604579,78050,682629,0,0,20904595,-20904595,0,0,0,877125050,89700815,966825865,0,0,856220455,110605410,966825865
2020-08-21,1410,1425,1375,1390,375969,-1.4184397163120568,0,0,-22520,22520,0,0,0,327430,48539,375969,0,0,349950,26019,375969,0,0,-31273370,31273370,0,0,0,458700010,67837165,526537175,0,0,489973380,36563795,526537175
2020-08-24,1395,1395,1345,1365,277141,-1.7985611510791366,0,0,-6612,6612,0,0,0,266867,10274,277141,0,0,273479,3662,277141,0,0,-8976760,8976760,0,0,0,362978420,14015045,376993465,0,0,371955180,5038285,376993465
2020-08-25,1370,1450,1355,1410,498767,3.296703296703297,0,-1000,-13016,14016,0,0,0,456857,41910,498767,0,1000,469873,27894,498767,0,-1400000,-17636780,19036780,0,0,0,638816765,58271370,697088135,0,1400000,656453545,39234590,697088135
2020-08-26,1420,1420,1365,1390,348835,-1.4184397163120568,0,0,12997,-12997,0,0,0,336708,12127,348835,0,0,323711,25124,348835,0,0,17988195,-17988195,0,0,0,466514655,16844680,483359335,0,0,448526460,34832875,483359335
2020-08-27,1390,1400,1350,1355,488650,-2.5179856115107913,0,0,1663,-1663,0,0,0,472768,15882,488650,0,0,471105,17545,488650,0,0,2459480,-2459480,0,0,0,644387930,21570415,665958345,0,0,641928450,24029895,665958345
2020-08-28,1355,1380,1345,1350,401497,-0.36900369003690037,0,-5490,-33693,39183,0,0,0,350315,51182,401497,0,5490,384008,11999,401497,0,-7493850,-45983735,53477585,0,0,0,476425275,69819415,546244690,0,7493850,522409010,16341830,546244690
2020-08-31,1370,1415,1345,1405,701728,4.074074074074074,0,-175,-151869,152044,0,0,0,525459,176269,701728,0,175,677328,24225,701728,0,-245000,-212269720,212514720,0,0,0,731535450,246046605,977582055,0,245000,943805170,33531885,977582055
2020-09-01,1420,1420,1370,1380,268400,-1.7793594306049825,0,0,50479,-50479,0,0,0,255111,13289,268400,0,0,204632,63768,268400,0,0,69915385,-69915385,0,0,0,352152440,18326405,370478845,0,0,282237055,88241790,370478845
2020-09-02,1385,1395,1375,1385,293051,0.36231884057971014,0,0,-24902,24902,0,0,0,257627,35424,293051,0,0,282529,10522,293051,0,0,-34538940,34538940,0,0,0,356528550,49082555,405611105,0,0,391067490,14543615,405611105
2020-09-03,1400,1410,1385,1400,278172,1.083032490974729,0,0,-76941,76941,0,0,0,200381,77791,278172,0,0,277322,850,278172,0,0,-107512925,107512925,0,0,0,279956625,108698675,388655300,0,0,387469550,1185750,388655300
2020-09-04,1350,1385,1340,1375,405623,-1.7857142857142856,0,0,53502,-53502,0,0,0,390218,15405,405623,0,0,336716,68907,405623,0,0,73106305,-73106305,0,0,0,531505280,20808465,552313745,0,0,458398975,93914770,552313745
2020-09-07,1365,1400,1360,1385,270290,0.7272727272727273,0,0,-7703,7703,0,0,0,234018,36272,270290,0,0,241721,28569,270290,0,0,-10825925,10825925,0,0,0,322983090,50096795,373079885,0,0,333809015,39270870,373079885
2020-09-08,1380,1395,1375,1380,296512,-0.36101083032490977,0,215,-7597,7382,0,0,215,260166,36131,296512,0,0,267763,28749,296512,0,298850,-10745920,10447070,0,0,298850,359506560,50134020,409939430,0,0,370252480,39686950,409939430
2020-09-09,1360,1370,1345,1355,504306,-1.8115942028985508,0,0,79126,-79126,0,0,0,498579,5727,504306,0,0,419453,84853,504306,0,0,107178045,-107178045,0,0,0,675882440,7759000,683641440,0,0,568704395,114937045,683641440
2020-09-10,1370,1390,1355,1375,333940,1.4760147601476015,0,0,-27153,27153,0,0,0,293953,39987,333940,0,0,321106,12834,333940,0,0,-36916235,36916235,0,0,0,403024055,54508840,457532895,0,0,439940290,17592605,457532895
2020-09-11,1375,1385,1360,1375,232478,0.0,0,0,-9484,9484,0,0,0,208568,23910,232478,0,0,218052,14426,232478,0,0,-13142280,13142280,0,0,0,286024215,32883860,318908075,0,0,299166495,19741580,318908075
2020-09-14,1380,1400,1375,1395,389986,1.4545454545454546,0,0,-112982,112982,0,0,0,266714,123272,389986,0,0,379696,10290,389986,0,0,-156796105,156796105,0,0,0,370610580,171107735,541718315,0,0,527406685,14311630,541718315
2020-09-15,1405,1410,1390,1395,234661,0.0,0,0,-6024,6024,0,0,0,208273,26388,234661,0,0,214297,20364,234661,0,0,-8401410,8401410,0,0,0,291073840,36817120,327890960,0,0,299475250,28415710,327890960
2020-09-16,1405,1410,1380,1385,280010,-0.7168458781362007,0,0,14282,-14282,0,0,0,275351,4659,280010,0,0,261069,18941,280010,0,0,19782265,-19782265,0,0,0,382767525,6475710,389243235,0,0,362985260,26257975,389243235
2020-09-17,1390,1390,1345,1355,340077,-2.166064981949458,0,0,106452,-106452,0,0,0,337256,2821,340077,0,0,230804,109273,340077,0,0,145379690,-145379690,0,0,0,459224910,3808350,463033260,0,0,313845220,149188040,463033260
2020-09-18,1370,1380,1335,1345,360805,-0.7380073800738007,0,0,77507,-77507,0,0,0,349360,11445,360805,0,0,271853,88952,360805,0,0,104332605,-104332605,0,0,0,469898075,15338000,485236075,0,0,365565470,119670605,485236075
2020-09-21,1340,1355,1320,1340,372271,-0.37174721189591076,0,0,68237,-68237,0,0,0,357203,15068,372271,0,0,288966,83305,372271,0,0,91482760,-91482760,0,0,0,478263895,20039100,498302995,0,0,386781135,111521860,498302995
2020-09-22,1335,1335,1265,1280,434343,-4.477611940298507,0,0,35530,-35530,0,0,0,403008,31335,434343,0,0,367478,66865,434343,0,0,46156925,-46156925,0,0,0,520608430,40425370,561033800,0,0,474451505,86582295,561033800
2020-09-23,1295,1300,1245,1260,276233,-1.5625,0,0,12011,-12011,0,0,0,253654,22579,276233,0,0,241643,34590,276233,0,0,15732085,-15732085,0,0,0,319327525,28249135,347576660,0,0,303595440,43981220,347576660
2020-09-24,1240,1240,1170,1210,432791,-3.968253968253968,0,0,7141,-7141,0,0,0,398165,34626,432791,0,0,391024,41767,432791,0,0,8655590,-8655590,0,0,0,480551910,41475270,522027180,0,0,471896320,50130860,522027180
2020-09-25,1200,1230,1180,1210,209153,0.0,0,0,-3469,3469,0,0,0,186546,22607,209153,0,0,190015,19138,209153,0,0,-3928170,3928170,0,0,0,224888660,27146910,252035570,0,0,228816830,23218740,252035570
2020-09-28,1220,1275,1220,1270,291356,4.958677685950414,0,0,-62771,62771,0,0,0,217413,73943,291356,0,0,280184,11172,291356,0,0,-78930750,78930750,0,0,0,272270115,92901475,365171590,0,0,351200865,13970725,365171590
2020-09-29,1280,1345,1280,1315,365986,3.543307086614173,0,0,-51093,51093,0,0,0,285109,80877,365986,0,0,336202,29784,365986,0,0,-66865985,66865985,0,0,0,374135190,105955570,480090760,0,0,441001175,39089585,480090760
2020-10-05,1300,1305,1275,1295,178143,-1.520912547528517,0,0,-16447,16447,0,0,0,146746,31397,178143,0,0,163193,14950,178143,0,0,-21009710,21009710,0,0,0,188907035,40303075,229210110,0,0,209916745,19293365,229210110
2020-10-06,1310,1310,1285,1295,119371,0.0,0,0,7435,-7435,0,0,0,105529,13842,119371,0,0,98094,21277,119371,0,0,9582580,-9582580,0,0,0,136719035,17907205,154626240,0,0,127136455,27489785,154626240
2020-10-07,1285,1305,1265,1280,87651,-1.1583011583011582,0,0,-4187,4187,0,0,0,72110,15541,87651,0,0,76297,11354,87651,0,0,-5382885,5382885,0,0,0,92706495,19979605,112686100,0,0,98089380,14596720,112686100
2020-10-08,1280,1325,1210,1320,320927,3.125,0,392,-30887,30495,0,0,392,272513,48022,320927,0,0,303400,17527,320927,0,474320,-40206520,39732200,0,0,474320,355494115,62599610,418568045,0,0,395700635,22867410,418568045
2020-10-12,1365,1370,1330,1340,309834,1.5151515151515151,0,0,25382,-25382,0,0,0,287738,22096,309834,0,0,262356,47478,309834,0,0,34422355,-34422355,0,0,0,387850665,29648655,417499320,0,0,353428310,64071010,417499320
2020-10-13,1345,1345,1300,1300,169799,-2.9850746268656714,0,-3000,12903,-9903,0,0,0,162318,7481,169799,0,3000,149415,17384,169799,0,-3916135,17050760,-13134625,0,0,0,212892070,9788630,222680700,0,3916135,195841310,22923255,222680700
2020-10-14,1300,1310,1275,1285,145389,-1.153846153846154,0,0,28986,-28986,0,0,0,142677,2712,145389,0,0,113691,31698,145389,0,0,37200850,-37200850,0,0,0,183150155,3485910,186636065,0,0,145949305,40686760,186636065
2020-10-15,1285,1285,1240,1255,231019,-2.3346303501945527,0,0,18995,-18995,0,0,0,200797,30222,231019,0,0,181802,49217,231019,0,0,23907635,-23907635,0,0,0,252521300,37919700,290441000,0,0,228613665,61827335,290441000
2020-10-16,1265,1275,1225,1250,169407,-0.398406374501992,0,0,-656,656,0,0,0,135214,34193,169407,0,0,135870,33537,169407,0,0,-913575,913575,0,0,0,167559520,42375920,209935440,0,0,168473095,41462345,209935440
2020-10-19,1245,1270,1225,1255,149812,0.4,0,0,492,-492,0,0,0,136827,12985,149812,0,0,136335,13477,149812,0,0,620800,-620800,0,0,0,170613240,16221700,186834940,0,0,169992440,16842500,186834940
2020-10-20,1235,1275,1225,1275,164158,1.593625498007968,0,0,38423,-38423,0,0,0,130525,33633,164158,0,0,92102,72056,164158,0,0,46732175,-46732175,0,0,0,161468645,42713460,204182105,0,0,114736470,89445635,204182105
2020-10-21,1275,1590,1250,1350,19594127,5.88235294117647,3610,-215,252256,-255651,0,3610,7512,19184745,398260,19594127,0,7727,18932489,653911,19594127,4999850,-145920,390627390,-395481320,0,4999850,11446410,28455009880,571936500,29043392640,0,11592330,28064382490,967417820,29043392640
2020-10-22,1380,1450,1345,1425,8503821,5.555555555555555,-3610,0,12614,-9004,0,0,0,8355113,148708,8503821,3610,0,8342499,157712,8503821,-5144250,0,18459765,-13315515,0,0,0,11692940885,205927730,11898868615,5144250,0,11674481120,219243245,11898868615
2020-10-23,1470,1555,1380,1380,9133146,-3.1578947368421053,0,-61,-1940,2001,0,0,0,8998744,134402,9133146,0,61,9000684,132401,9133146,0,-85095,-3269475,3354570,0,0,0,13295179975,200408920,13495588895,0,85095,13298449450,197054350,13495588895
2020-10-26,1375,1510,1375,1435,4913848,3.985507246376811,0,700,-92268,91568,0,0,700,4669494,243654,4913848,0,0,4761762,152086,4913848,0,999175,-131887005,130887830,0,0,999175,6808911860,351981440,7161892475,0,0,6940798865,221093610,7161892475
2020-10-27,1420,1470,1400,1400,1276947,-2.4390243902439024,0,-699,-62092,62791,0,0,0,1183079,93868,1276947,0,699,1245171,31077,1276947,0,-989085,-88079830,89068915,0,0,0,1687547795,133748590,1821296385,0,989085,1775627625,44679675,1821296385
2020-10-28,1405,1555,1395,1465,11119181,4.642857142857143,0,799,53066,-53865,0,10205,802,10765668,342506,11119181,10205,3,10712602,396371,11119181,11985,1194540,93827465,-95033990,0,14999510,1199035,16176994730,507094260,16700287535,14987525,4495,16083167265,602128250,16700287535
2020-10-29,1420,1545,1405,1500,6005599,2.3890784982935154,0,2,74607,-74609,0,0,2,5847631,157966,6005599,0,0,5773024,232575,6005599,0,2990,107740275,-107743265,0,0,2990,8702937280,232928805,8935869075,0,0,8595197005,340672070,8935869075
2020-10-30,1490,1515,1435,1450,1784015,-3.3333333333333335,0,-2019,-6134,8153,0,0,0,1767266,16749,1784015,0,2019,1773400,8596,1784015,0,-2937715,-8664135,11601850,0,0,0,2607588815,24425370,2632014185,0,2937715,2616252950,12823520,2632014185
2020-11-02,1450,1460,1405,1410,1266467,-2.7586206896551726,0,0,3259,-3259,0,0,0,1241621,24846,1266467,0,0,1238362,28105,1266467,0,0,4879405,-4879405,0,0,0,1769221155,35116245,1804337400,0,0,1764341750,39995650,1804337400
2020-11-03,1435,1480,1425,1480,2020029,4.964539007092199,26108,0,-33865,7757,0,26108,0,1934189,59732,2020029,0,0,1968054,51975,2020029,37757845,0,-49305915,11548070,0,37757845,0,2866554850,86648920,2990961615,0,0,2915860765,75100850,2990961615
2020-11-04,1535,1675,1465,1490,21925444,0.6756756756756757,8001,-502,188851,-196350,0,8001,22467,21249829,645147,21925444,0,22969,21060978,841497,21925444,11999360,-500915,309713745,-321212190,0,11999360,36772010,33981767945,1026590720,35057130035,0,37272925,33672054200,1347802910,35057130035
2020-11-05,1550,1560,1470,1515,3182803,1.6778523489932886,-8001,610,22717,-15326,0,0,610,3089640,92553,3182803,8001,0,3066923,107879,3182803,-12121515,899750,35448440,-24226675,0,0,899750,4696404720,139556955,4836861425,12121515,0,4660956280,163783630,4836861425
2020-11-06,1525,1620,1505,1520,4553350,0.33003300330033003,0,522,-83131,82609,0,0,1262,4291761,260327,4553350,0,740,4374892,177718,4553350,0,797130,-125902670,125105540,0,0,1928880,6668628095,403327805,7073884780,0,1131750,6794530765,278222265,7073884780
2020-11-09,1540,1550,1510,1520,1026634,0.0,0,130,-1464,1334,0,0,130,986682,39822,1026634,0,0,988146,38488,1026634,0,198900,-2010740,1811840,0,0,198900,1505540265,60590540,1566329705,0,0,1507551005,58778700,1566329705
2020-11-10,1510,1610,1505,1565,5109994,2.9605263157894735,0,-1130,17854,-16724,0,0,0,4797281,312713,5109994,0,1130,4779427,329437,5109994,0,-1761500,30554600,-28793100,0,0,0,7563774460,491627205,8055401665,0,1761500,7533219860,520420305,8055401665
2020-11-11,1565,1570,1505,1510,1356099,-3.5143769968051117,0,0,-33723,33723,0,0,0,1286719,69380,1356099,0,0,1320442,35657,1356099,0,0,-50550435,50550435,0,0,0,1968996825,105724965,2074721790,0,0,2019547260,55174530,2074721790
2020-11-12,1525,1570,1505,1525,1455333,0.9933774834437087,0,0,11746,-11746,0,0,0,1379806,75527,1455333,0,0,1368060,87273,1455333,0,0,18190115,-18190115,0,0,0,2121446205,116180340,2237626545,0,0,2103256090,134370455,2237626545
2020-11-13,1540,1585,1525,1550,2390032,1.639344262295082,0,0,37087,-37087,0,0,0,2346896,43136,2390032,0,0,2309809,80223,2390032,0,0,58173710,-58173710,0,0,0,3660535665,67434150,3727969815,0,0,3602361955,125607860,3727969815
2020-11-16,1555,1580,1540,1545,692821,-0.3225806451612903,0,128,8075,-8203,0,0,128,688392,4301,692821,0,0,680317,12504,692821,0,199040,12482190,-12681230,0,0,199040,1067812920,6703730,1074715690,0,0,1055330730,19384960,1074715690
2020-11-17,1550,1555,1490,1495,920592,-3.2362459546925564,0,0,-62044,62044,0,0,0,856021,64571,920592,0,0,918065,2527,920592,0,0,-94271170,94271170,0,0,0,1301226740,98108970,1399335710,0,0,1395497910,3837800,1399335710
2020-11-18,1500,1515,1490,1495,581429,0.0,0,0,-70501,70501,0,0,0,486161,95268,581429,0,0,556662,24767,581429,0,0,-105554305,105554305,0,0,0,728858375,142762275,871620650,0,0,834412680,37207970,871620650
2020-11-19,1500,1500,1460,1460,537693,-2.341137123745819,0,-128,-37742,37870,0,0,0,487634,50059,537693,0,128,525376,12189,537693,0,-188800,-55350775,55539575,0,0,0,718627175,73582530,792209705,0,188800,773977950,18042955,792209705
2020-11-20,1485,1525,1480,1515,931179,3.767123287671233,0,-392,-65118,65510,0,0,0,785548,145631,931179,0,392,850666,80121,931179,0,-593880,-97400890,97994770,0,0,0,1184348045,218924520,1403272565,0,593880,1281748935,120929750,1403272565
2020-11-23,1540,1540,1515,1525,464112,0.6600660066006601,0,0,-67756,67756,0,0,0,369396,94716,464112,0,0,437152,26960,464112,0,0,-103177555,103177555,0,0,0,562522715,144313300,706836015,0,0,665700270,41135745,706836015
2020-11-24,1540,1565,1525,1555,738682,1.9672131147540985,0,139,-123030,122891,0,0,139,585269,153274,738682,0,0,708299,30383,738682,0,214060,-189308900,189094840,0,0,214060,903594115,235926135,1139734310,0,0,1092903015,46831295,1139734310
2020-11-25,1570,1580,1495,1515,957486,-2.572347266881029,0,-1,145602,-145601,0,0,138,903601,53747,957486,0,139,757999,199348,957486,0,-2260,223274250,-223271990,0,0,215970,1385319310,82064475,1467599755,0,218230,1162045060,305336465,1467599755
2020-11-26,1530,1550,1485,1490,691447,-1.65016501650165,0,0,13438,-13438,0,0,0,644102,47345,691447,0,0,630664,60783,691447,0,0,20624950,-20624950,0,0,0,976819655,72045025,1048864680,0,0,956194705,92669975,1048864680
2020-11-27,1480,1480,1440,1445,608990,-3.0201342281879198,0,0,11504,-11504,0,0,0,578697,30293,608990,0,0,567193,41797,608990,0,0,16921670,-16921670,0,0,0,840328770,43894165,884222935,0,0,823407100,60815835,884222935
2020-11-30,1450,1460,1430,1435,271100,-0.6920415224913495,0,-138,1691,-1553,0,0,0,259389,11711,271100,0,138,257698,13264,271100,0,-198030,2418845,-2220815,0,0,0,372857760,16910540,389768300,0,198030,370438915,19131355,389768300
2020-12-01,1435,1455,1425,1445,314113,0.6968641114982579,0,0,15181,-15181,0,0,0,308611,5502,314113,0,0,293430,20683,314113,0,0,21843840,-21843840,0,0,0,443680290,7879160,451559450,0,0,421836450,29723000,451559450
2020-12-02,1475,1475,1435,1440,251640,-0.34602076124567477,0,0,13701,-13701,0,0,0,244004,7636,251640,0,0,230303,21337,251640,0,0,19995515,-19995515,0,0,0,353370980,11034440,364405420,0,0,333375465,31029955,364405420
2020-12-03,1440,1445,1415,1440,226297,0.0,0,0,4535,-4535,0,0,0,212901,13396,226297,0,0,208366,17931,226297,0,0,6468395,-6468395,0,0,0,303886535,19123400,323009935,0,0,297418140,25591795,323009935
2020-12-04,1440,1535,1425,1460,994328,1.3888888888888888,-7890,0,80719,-72829,0,0,0,971992,22336,994328,7890,0,891273,95165,994328,-11524500,0,120607080,-109082580,0,0,0,1438022680,33068800,1471091480,11524500,0,1317415600,142151380,1471091480
2020-12-07,1460,1465,1425,1430,232398,-2.054794520547945,0,0,9122,-9122,0,0,0,226548,5850,232398,0,0,217426,14972,232398,0,0,13347775,-13347775,0,0,0,326585765,8377975,334963740,0,0,313237990,21725750,334963740
2020-12-08,1430,1440,1420,1425,182223,-0.34965034965034963,0,0,6874,-6874,0,0,0,170472,11751,182223,0,0,163598,18625,182223,0,0,9830095,-9830095,0,0,0,243054585,16773995,259828580,0,0,233224490,26604090,259828580
2020-12-09,1425,1455,1415,1445,282495,1.4035087719298245,0,0,-10851,10851,0,0,0,261547,20948,282495,0,0,272398,10097,282495,0,0,-15515560,15515560,0,0,0,376537370,30067415,406604785,0,0,392052930,14551855,406604785
2020-12-10,1435,1445,1425,1440,218140,-0.34602076124567477,0,0,-14137,14137,0,0,0,199413,18727,218140,0,0,213550,4590,218140,0,0,-20267525,20267525,0,0,0,285763185,26850675,312613860,0,0,306030710,6583150,312613860
2020-12-11,1440,1455,1435,1445,178071,0.3472222222222222,0,0,-18367,18367,0,0,0,158806,19265,178071,0,0,177173,898,178071,0,0,-26501225,26501225,0,0,0,228770345,27802145,256572490,0,0,255271570,1300920,256572490
2020-12-14,1450,1530,1440,1445,269076,0.0,0,0,17503,-17503,0,0,0,267943,1133,269076,0,0,250440,18636,269076,0,0,25451055,-25451055,0,0,0,389919750,1651365,391571115,0,0,364468695,27102420,391571115
2020-12-15,1445,1455,1425,1435,149778,-0.6920415224913495,0,0,40188,-40188,0,0,0,149276,502,149778,0,0,109088,40690,149778,0,0,57567970,-57567970,0,0,0,213679740,721220,214400960,0,0,156111770,58289190,214400960
2020-12-16,1435,1450,1425,1435,236199,0.0,0,-2000,-6741,8741,0,0,0,221619,14580,236199,0,2000,228360,5839,236199,0,-2850000,-9579270,12429270,0,0,0,317660465,20853880,338514345,0,2850000,327239735,8424610,338514345
2020-12-17,1440,1445,1430,1435,141558,0.0,0,0,10105,-10105,0,0,0,139164,2394,141558,0,0,129059,12499,141558,0,0,14490985,-14490985,0,0,0,199550920,3445080,202996000,0,0,185059935,17936065,202996000
2020-12-18,1440,1440,1420,1435,154129,0.0,0,0,7601,-7601,0,0,0,153421,708,154129,0,0,145820,8309,154129,0,0,10875080,-10875080,0,0,0,219427845,1013390,220441235,0,0,208552765,11888470,220441235
2020-12-21,1435,1435,1420,1430,198759,-0.34843205574912894,0,0,8793,-8793,0,0,0,198642,117,198759,0,0,189849,8910,198759,0,0,12578635,-12578635,0,0,0,283622875,167065,283789940,0,0,271044240,12745700,283789940
2020-12-22,1440,1440,1410,1415,389497,-1.048951048951049,0,0,19682,-19682,0,0,0,373443,16054,389497,0,0,353761,35736,389497,0,0,27847270,-27847270,0,0,0,532359685,22994860,555354545,0,0,504512415,50842130,555354545
2020-12-23,1420,1420,1370,1370,296890,-3.180212014134275,0,0,14316,-14316,0,0,0,281168,15722,296890,0,0,266852,30038,296890,0,0,20073230,-20073230,0,0,0,389549550,21732900,411282450,0,0,369476320,41806130,411282450
2020-12-24,1370,1390,1365,1385,169756,1.094890510948905,0,0,-5408,5408,0,0,0,153956,15800,169756,0,0,159364,10392,169756,0,0,-7355010,7355010,0,0,0,211829670,21725000,233554670,0,0,219184680,14369990,233554670
2020-12-28,1390,1390,1365,1375,185658,-0.7220216606498195,0,0,9122,-9122,0,0,0,180017,5641,185658,0,0,170895,14763,185658,0,0,12564745,-12564745,0,0,0,247417940,7784950,255202890,0,0,234853195,20349695,255202890
2020-12-29,1375,1385,1365,1385,138682,0.7272727272727273,0,0,9822,-9822,0,0,0,137732,950,138682,0,0,127910,10772,138682,0,0,13502970,-13502970,0,0,0,189225015,1303500,190528515,0,0,175722045,14806470,190528515
2020-12-30,1385,1460,1380,1430,495140,3.2490974729241873,0,0,-31338,31338,0,0,0,419031,76109,495140,0,0,450369,44771,495140,0,0,-43073395,43073395,0,0,0,592945235,107118930,700064165,0,0,636018630,64045535,700064165
2021-01-04,1455,1455,1415,1430,155923,0.0,0,0,10541,-10541,0,0,0,154343,1580,155923,0,0,143802,12121,155923,0,0,15093205,-15093205,0,0,0,220567085,2264200,222831285,0,0,205473880,17357405,222831285
2021-01-05,1430,1435,1400,1430,220615,0.0,-5466,0,-3990,9456,0,0,0,202063,18552,220615,5466,0,206053,9096,220615,-7750220,0,-5561515,13311735,0,0,0,286431920,26286205,312718125,7750220,0,291993435,12974470,312718125
2021-01-06,1435,1440,1420,1435,186607,0.34965034965034963,0,-1388,-33543,34931,0,0,0,149696,36911,186607,0,1388,183239,1980,186607,0,-1991780,-47932680,49924460,0,0,0,214446545,52769850,267216395,0,1991780,262379225,2845390,267216395
2021-01-07,1435,1445,1420,1420,230459,-1.0452961672473868,0,0,12569,-12569,0,0,0,220895,9564,230459,0,0,208326,22133,230459,0,0,17927515,-17927515,0,0,0,315780100,13688115,329468215,0,0,297852585,31615630,329468215
2021-01-08,1420,1430,1400,1410,264225,-0.7042253521126761,0,0,24726,-24726,0,0,0,264220,5,264225,0,0,239494,24731,264225,0,0,34846230,-34846230,0,0,0,372581710,7025,372588735,0,0,337735480,34853255,372588735
2021-01-11,1410,1415,1355,1370,458959,-2.8368794326241136,0,0,33604,-33604,0,0,0,441654,17305,458959,0,0,408050,50909,458959,0,0,46688835,-46688835,0,0,0,607852625,23866195,631718820,0,0,561163790,70555030,631718820
2021-01-12,1360,1395,1360,1380,162385,0.7299270072992701,0,0,5082,-5082,0,0,0,148830,13555,162385,0,0,143748,18637,162385,0,0,6974665,-6974665,0,0,0,204748425,18596340,223344765,0,0,197773760,25571005,223344765
2021-01-13,1370,1385,1370,1380,141070,0.0,0,0,-3236,3236,0,0,0,133799,7271,141070,0,0,137035,4035,141070,0,0,-4446540,4446540,0,0,0,184101505,10004635,194106140,0,0,188548045,5558095,194106140
2021-01-14,1385,1420,1375,1410,202843,2.1739130434782608,0,0,4466,-4466,0,0,0,199688,3155,202843,0,0,195222,7621,202843,0,0,6253065,-6253065,0,0,0,279276315,4378500,283654815,0,0,273023250,10631565,283654815
2021-01-15,1410,1420,1385,1385,109410,-1.773049645390071,0,0,2337,-2337,0,0,0,103237,6173,109410,0,0,100900,8510,109410,0,0,3313355,-3313355,0,0,0,144192615,8614825,152807440,0,0,140879260,11928180,152807440
2021-01-18,1385,1420,1360,1360,165279,-1.8050541516245486,0,0,20012,-20012,0,0,0,163536,1743,165279,0,0,143524,21755,165279,0,0,27487420,-27487420,0,0,0,225534625,2415920,227950545,0,0,198047205,29903340,227950545
2021-01-19,1375,1380,1350,1370,171979,0.7352941176470588,0,0,-15175,15175,0,0,0,151595,20384,171979,0,0,166770,5209,171979,0,0,-20642465,20642465,0,0,0,206854900,27780140,234635040,0,0,227497365,7137675,234635040
2021-01-20,1370,1420,1365,1405,220884,2.5547445255474455,0,0,-30145,30145,0,0,0,187929,32955,220884,0,0,218074,2810,220884,0,0,-41670230,41670230,0,0,0,260759095,45566580,306325675,0,0,302429325,3896350,306325675
2021-01-21,1415,1415,1385,1405,136784,0.0,0,0,-38013,38013,0,0,0,95879,40905,136784,0,0,133892,2892,136784,0,0,-53120695,53120695,0,0,0,134298175,57212850,191511025,0,0,187418870,4092155,191511025
2021-01-22,1415,1490,1395,1405,1471135,0.0,0,0,54514,-54514,0,0,0,1408991,62144,1471135,0,0,1354477,116658,1471135,0,0,79667375,-79667375,0,0,0,2036771335,89277335,2126048670,0,0,1957103960,168944710,2126048670
2021-01-25,1425,1430,1400,1430,218152,1.7793594306049825,0,0,-1744,1744,0,0,0,204235,13917,218152,0,0,205979,12173,218152,0,0,-2441070,2441070,0,0,0,289511095,19703290,309214385,0,0,291952165,17262220,309214385
2021-01-26,1435,1435,1400,1415,219658,-1.048951048951049,0,0,11497,-11497,0,0,0,206723,12935,219658,0,0,195226,24432,219658,0,0,16446935,-16446935,0,0,0,291636215,18286155,309922370,0,0,275189280,34733090,309922370
2021-01-27,1440,1460,1410,1425,615675,0.7067137809187279,0,0,-24157,24157,0,0,0,509250,106425,615675,0,0,533407,82268,615675,0,0,-35671290,35671290,0,0,0,732085125,153152385,885237510,0,0,767756415,117481095,885237510
2021-01-28,1400,1410,1375,1380,324712,-3.1578947368421053,0,0,57102,-57102,0,0,0,310513,14199,324712,0,0,253411,71301,324712,0,0,79493505,-79493505,0,0,0,431751510,19748685,451500195,0,0,352258005,99242190,451500195
2021-01-29,1385,1395,1340,1350,281143,-2.1739130434782608,0,0,3378,-3378,0,0,0,265061,16082,281143,0,0,261683,19460,281143,0,0,4893475,-4893475,0,0,0,362933045,21836065,384769110,0,0,358039570,26729540,384769110
2021-02-01,1350,1360,1330,1345,107018,-0.3703703703703704,0,0,2497,-2497,0,0,0,103761,3257,107018,0,0,101264,5754,107018,0,0,3364140,-3364140,0,0,0,139593590,4365230,143958820,0,0,136229450,7729370,143958820
2021-02-02,1350,1370,1340,1355,117095,0.7434944237918215,2422,0,-20825,18403,0,2422,0,90351,24322,117095,0,0,111176,5919,117095,3294095,0,-28094640,24800545,0,3294095,0,122418160,32806930,158519185,0,0,150512800,8006385,158519185
2021-02-03,1355,1385,1355,1375,113286,1.4760147601476015,0,0,-911,911,0,0,0,106117,7169,113286,0,0,107028,6258,113286,0,0,-1202755,1202755,0,0,0,145585440,9812635,155398075,0,0,146788195,8609880,155398075
2021-02-04,1385,1385,1360,1370,72410,-0.36363636363636365,0,0,-107,107,0,0,0,70938,1472,72410,0,0,71045,1365,72410,0,0,-139805,139805,0,0,0,97140665,2018480,99159145,0,0,97280470,1878675,99159145
2021-02-05,1370,1385,1360,1365,101104,-0.36496350364963503,0,0,3815,-3815,0,0,0,99981,1123,101104,0,0,96166,4938,101104,0,0,5205765,-5205765,0,0,0,137067085,1548690,138615775,0,0,131861320,6754455,138615775
2021-02-08,1355,1365,1335,1350,160121,-1.098901098901099,0,0,-2177,2177,0,0,0,152501,7620,160121,0,0,154678,5443,160121,0,0,-2954290,2954290,0,0,0,204909065,10296375,215205440,0,0,207863355,7342085,215205440
2021-02-09,1350,1355,1325,1330,168402,-1.4814814814814816,0,0,-1295,1295,0,0,0,167107,1295,168402,0,0,168402,0,168402,0,0,-1732350,1732350,0,0,0,222736160,1732350,224468510,0,0,224468510,0,224468510
2021-02-10,1330,1340,1325,1340,96178,0.7518796992481203,0,0,-2321,2321,0,0,0,92638,3540,96178,0,0,94959,1219,96178,0,0,-3103505,3103505,0,0,0,123417150,4725035,128142185,0,0,126520655,1621530,128142185
2021-02-15,1340,1370,1335,1365,153772,1.8656716417910446,0,0,-7630,7630,0,0,0,138088,15684,153772,0,0,145718,8054,153772,0,0,-10319045,10319045,0,0,0,186691040,21205685,207896725,0,0,197010085,10886640,207896725
2021-02-16,1370,1400,1355,1370,287350,0.3663003663003663,0,0,-61318,61318,0,0,0,221175,66175,287350,0,0,282493,4857,287350,0,0,-83943335,83943335,0,0,0,302965100,90567685,393532785,0,0,386908435,6624350,393532785
2021-02-17,1370,1390,1355,1385,145938,1.094890510948905,0,0,-7536,7536,0,0,0,126697,19241,145938,0,0,134233,11705,145938,0,0,-10448655,10448655,0,0,0,173707980,26454995,200162975,0,0,184156635,16006340,200162975
2021-02-18,1385,1435,1370,1400,404367,1.083032490974729,0,0,-25540,25540,0,0,0,363688,40679,404367,0,0,389228,15139,404367,0,0,-35690380,35690380,0,0,0,512191875,56931890,569123765,0,0,547882255,21241510,569123765
2021-02-19,1410,1425,1360,1380,150337,-1.4285714285714286,0,0,39896,-39896,0,0,0,138784,11553,150337,0,0,98888,51449,150337,0,0,55432745,-55432745,0,0,0,191849570,16047950,207897520,0,0,136416825,71480695,207897520
2021-02-22,1365,1395,1360,1375,167042,-0.36231884057971014,0,0,2172,-2172,0,0,0,147376,19666,167042,0,0,145204,21838,167042,0,0,3123940,-3123940,0,0,0,203039410,26980860,230020270,0,0,199915470,30104800,230020270
2021-02-23,1370,1460,1350,1410,1155556,2.5454545454545454,0,0,81039,-81039,0,0,0,1092834,62722,1155556,0,0,1011795,143761,1155556,0,0,116362720,-116362720,0,0,0,1539440660,87163760,1626604420,0,0,1423077940,203526480,1626604420
2021-02-24,1405,1445,1340,1340,550546,-4.964539007092199,0,0,29267,-29267,0,0,0,530772,19774,550546,0,0,501505,49041,550546,0,0,41691670,-41691670,0,0,0,738971860,27244770,766216630,0,0,697280190,68936440,766216630
2021-02-25,1350,1370,1335,1340,198213,0.0,0,0,-7156,7156,0,0,0,187538,10675,198213,0,0,194694,3519,198213,0,0,-9647940,9647940,0,0,0,252365065,14412940,266778005,0,0,262013005,4765000,266778005
2021-02-26,1295,1335,1290,1305,308135,-2.6119402985074625,0,0,-9188,9188,0,0,0,288463,19672,308135,0,0,297651,10484,308135,0,0,-11804030,11804030,0,0,0,377158250,25592065,402750315,0,0,388962280,13788035,402750315
2021-03-02,1320,1350,1310,1330,130205,1.9157088122605364,0,0,6731,-6731,0,0,0,125080,5125,130205,0,0,118349,11856,130205,0,0,8964525,-8964525,0,0,0,165931505,6803000,172734505,0,0,156966980,15767525,172734505
2021-03-03,1330,1355,1330,1345,113821,1.1278195488721803,2396,0,-12238,9842,0,2396,0,93835,17590,113821,0,0,106073,7748,113821,3215490,0,-16433835,13218345,0,3215490,0,125682945,23581675,152480110,0,0,142116780,10363330,152480110
2021-03-04,1345,1360,1320,1335,139717,-0.7434944237918215,0,0,14417,-14417,0,0,0,135835,3882,139717,0,0,121418,18299,139717,0,0,19442230,-19442230,0,0,0,182427910,5178110,187606020,0,0,162985680,24620340,187606020
2021-03-05,1335,1345,1320,1340,98778,0.37453183520599254,0,0,-3181,3181,0,0,0,92106,6672,98778,0,0,95287,3491,98778,0,0,-4194910,4194910,0,0,0,122434640,8853770,131288410,0,0,126629550,4658860,131288410
2021-03-08,1345,1355,1320,1320,120957,-1.4925373134328357,0,0,7472,-7472,0,0,0,117329,3628,120957,0,0,109857,11100,120957,0,0,10162570,-10162570,0,0,0,157254255,4853920,162108175,0,0,147091685,15016490,162108175
2021-03-09,1310,1330,1295,1315,139040,-0.3787878787878788,0,0,-28387,28387,0,0,0,107682,31358,139040,0,0,136069,2971,139040,0,0,-37161150,37161150,0,0,0,140904570,41041140,181945710,0,0,178065720,3879990,181945710
2021-03-10,1320,1330,1295,1300,84080,-1.1406844106463878,0,0,-788,788,0,0,0,79802,4278,84080,0,0,80590,3490,84080,0,0,-998860,998860,0,0,0,104198605,5562375,109760980,0,0,105197465,4563515,109760980
2021-03-11,1300,1320,1300,1315,81010,1.153846153846154,0,0,-5018,5018,0,0,0,69348,11662,81010,0,0,74366,6644,81010,0,0,-6603770,6603770,0,0,0,90993595,15316425,106310020,0,0,97597365,8712655,106310020
2021-03-12,1315,1350,1315,1350,95691,2.6615969581749046,0,0,-8298,8298,0,0,0,77772,17919,95691,0,0,86070,9621,95691,0,0,-10946590,10946590,0,0,0,103730245,23808380,127538625,0,0,114676835,12861790,127538625
2021-03-15,1350,1355,1340,1340,88809,-0.7407407407407408,-936,0,-7739,8675,0,0,0,71937,16872,88809,936,0,79676,8197,88809,-1263600,0,-10349490,11613090,0,0,0,96777300,22649785,119427085,1263600,0,107126790,11036695,119427085
2021-03-16,1350,1360,1340,1350,70660,0.7462686567164178,0,0,-5331,5331,0,0,0,59970,10690,70660,0,0,65301,5359,70660,0,0,-7190810,7190810,0,0,0,80868435,14410265,95278700,0,0,88059245,7219455,95278700
2021-03-17,1355,1375,1335,1360,235642,0.7407407407407408,0,0,-59708,59708,0,0,0,170438,65204,235642,0,0,230146,5496,235642,0,0,-81233865,81233865,0,0,0,233383560,88702390,322085950,0,0,314617425,7468525,322085950
2021-03-18,1380,1390,1375,1380,150904,1.4705882352941175,0,1,-23000,22999,0,0,1,120822,30081,150904,0,0,143822,7082,150904,0,1380,-31809410,31808030,0,0,1380,166797065,41569820,208368265,0,0,198606475,9761790,208368265
2021-03-19,1380,1380,1350,1375,82025,-0.36231884057971014,0,0,-13713,13713,0,0,0,64878,17147,82025,0,0,78591,3434,82025,0,0,-18789420,18789420,0,0,0,88793230,23504270,112297500,0,0,107582650,4714850,112297500
2021-03-22,1375,1375,1350,1350,94396,-1.8181818181818181,0,0,6132,-6132,0,0,0,90796,3600,94396,0,0,84664,9732,94396,0,0,8333895,-8333895,0,0,0,123208900,4885660,128094560,0,0,114875005,13219555,128094560
2021-03-23,1350,1360,1340,1350,133752,0.0,0,0,-5197,5197,0,0,0,120165,13587,133752,0,0,125362,8390,133752,0,0,-7008750,7008750,0,0,0,161817380,18318410,180135790,0,0,168826130,11309660,180135790
2021-03-24,1345,1345,1320,1335,107963,-1.1111111111111112,0,0,16541,-16541,0,0,0,98805,9158,107963,0,0,82264,25699,107963,0,0,22009275,-22009275,0,0,0,131189135,12142410,143331545,0,0,109179860,34151685,143331545
2021-03-25,1335,1335,1305,1315,183228,-1.4981273408239701,0,0,19323,-19323,0,0,0,180450,2778,183228,0,0,161127,22101,183228,0,0,25534550,-25534550,0,0,0,237741680,3656290,241397970,0,0,212207130,29190840,241397970
2021-03-26,1320,1330,1315,1320,100094,0.38022813688212925,0,0,30489,-30489,0,0,0,97715,2379,100094,0,0,67226,32868,100094,0,0,40240870,-40240870,0,0,0,129081255,3146730,132227985,0,0,88840385,43387600,132227985
2021-03-29,1320,1335,1315,1320,113600,0.0,0,0,21574,-21574,0,0,0,107509,6091,113600,0,0,85935,27665,113600,0,0,28501980,-28501980,0,0,0,142081705,8043455,150125160,0,0,113579725,36545435,150125160
2021-03-30,1320,1330,1310,1330,118087,0.7575757575757576,0,0,2113,-2113,0,0,0,110983,7104,118087,0,0,108870,9217,118087,0,0,2788415,-2788415,0,0,0,146426205,9377750,155803955,0,0,143637790,12166165,155803955
2021-03-31,1330,1350,1320,1325,90364,-0.37593984962406013,0,0,-2401,2401,0,0,0,81553,8811,90364,0,0,83954,6410,90364,0,0,-3150690,3150690,0,0,0,108482320,11693105,120175425,0,0,111633010,8542415,120175425
2021-04-01,1320,1330,1310,1310,170517,-1.1320754716981132,0,0,-6501,6501,0,0,0,164016,6501,170517,0,0,170517,0,170517,0,0,-8572535,8572535,0,0,0,216358615,8572535,224931150,0,0,224931150,0,224931150
2021-04-02,1325,1325,1300,1310,197027,0.0,0,0,129,-129,0,0,0,185815,11212,197027,0,0,185686,11341,197027,0,0,137165,-137165,0,0,0,243555045,14760760,258315805,0,0,243417880,14897925,258315805
2021-04-05,1320,1330,1310,1310,104203,0.0,-15698,0,7833,7865,0,0,0,91451,12752,104203,15698,0,83618,4887,104203,-20614060,0,10241150,10372910,0,0,0,120338045,16797790,137135835,20614060,0,110096895,6424880,137135835
2021-04-06,1325,1330,1305,1310,151304,0.0,0,0,-6707,6707,0,0,0,139657,11647,151304,0,0,146364,4940,151304,0,0,-8794195,8794195,0,0,0,183324705,15283525,198608230,0,0,192118900,6489330,198608230
2021-04-07,1320,1325,1305,1310,214280,0.0,0,0,-26204,26204,0,0,0,177576,36704,214280,0,0,203780,10500,214280,0,0,-34518410,34518410,0,0,0,232967495,48281820,281249315,0,0,267485905,13763410,281249315
2021-04-08,1310,1320,1305,1320,226686,0.7633587786259541,0,0,-15724,15724,0,0,0,204071,22615,226686,0,0,219795,6891,226686,0,0,-20745080,20745080,0,0,0,268004635,29772290,297776925,0,0,288749715,9027210,297776925
2021-04-09,1325,1340,1315,1335,181081,1.1363636363636365,0,-1,-32129,32130,0,0,0,145539,35542,181081,0,1,177668,3412,181081,0,-1335,-42721930,42723265,0,0,0,193472730,47227105,240699835,0,1335,236194660,4503840,240699835
2021-04-12,1335,1340,1320,1335,145680,0.0,0,0,-22305,22305,0,0,0,118668,27012,145680,0,0,140973,4707,145680,0,0,-29713470,29713470,0,0,0,157823015,35955325,193778340,0,0,187536485,6241855,193778340
2021-04-13,1345,1365,1340,1350,310293,1.1235955056179776,1081,0,-57215,56134,0,1081,0,251914,57298,310293,0,0,309129,1164,310293,1459350,0,-77254715,75795365,0,1459350,0,340636635,77371585,419467570,0,0,417891350,1576220,419467570
2021-04-14,1355,1385,1345,1365,326012,1.1111111111111112,0,0,-8161,8161,0,0,0,311027,14985,326012,0,0,319188,6824,326012,0,0,-11271475,11271475,0,0,0,425375360,20556630,445931990,0,0,436646835,9285155,445931990
2021-04-15,1380,1380,1350,1360,212762,-0.3663003663003663,0,0,4660,-4660,0,0,0,206958,5804,212762,0,0,202298,10464,212762,0,0,6351000,-6351000,0,0,0,281086185,7898370,288984555,0,0,274735185,14249370,288984555
2021-04-16,1350,1365,1335,1350,162390,-0.7352941176470588,0,0,5637,-5637,0,0,0,158371,4019,162390,0,0,152734,9656,162390,0,0,7643720,-7643720,0,0,0,213742740,5428905,219171645,0,0,206099020,13072625,219171645
2021-04-19,1355,1365,1305,1315,283988,-2.5925925925925926,0,0,-16101,16101,0,0,0,258126,25862,283988,0,0,274227,9761,283988,0,0,-21669930,21669930,0,0,0,343615435,34762470,378377905,0,0,365285365,13092540,378377905
2021-04-20,1370,1410,1350,1350,1227136,2.6615969581749046,0,0,112740,-112740,0,0,0,1174322,52814,1227136,0,0,1061582,165554,1227136,0,0,155463315,-155463315,0,0,0,1616790455,72667215,1689457670,0,0,1461327140,228130530,1689457670
2021-04-21,1350,1360,1335,1355,207174,0.3703703703703704,0,0,-15215,15215,0,0,0,190043,17131,207174,0,0,205258,1916,207174,0,0,-20469925,20469925,0,0,0,255663275,23066065,278729340,0,0,276133200,2596140,278729340
2021-04-22,1355,1365,1340,1350,178196,-0.36900369003690037,0,0,35688,-35688,0,0,0,172219,5977,178196,0,0,136531,41665,178196,0,0,48085530,-48085530,0,0,0,232017605,8068950,240086555,0,0,183932075,56154480,240086555
2021-04-23,1340,1350,1320,1335,145211,-1.1111111111111112,0,0,-10858,10858,0,0,0,128688,16523,145211,0,0,139546,5665,145211,0,0,-14511610,14511610,0,0,0,172187525,22112325,194299850,0,0,186699135,7600715,194299850
2021-04-26,1335,1355,1330,1340,160900,0.37453183520599254,0,0,-15513,15513,0,0,0,138804,22096,160900,0,0,154317,6583,160900,0,0,-20764705,20764705,0,0,0,185943465,29597015,215540480,0,0,206708170,8832310,215540480
2021-04-27,1340,1350,1330,1340,166904,0.0,0,0,-11551,11551,0,0,0,153139,13765,166904,0,0,164690,2214,166904,0,0,-15554110,15554110,0,0,0,205336550,18520870,223857420,0,0,220890660,2966760,223857420
2021-04-28,1340,1375,1330,1330,375470,-0.7462686567164178,0,0,-686,686,0,0,0,355538,19932,375470,0,0,356224,19246,375470,0,0,-873855,873855,0,0,0,479761030,26828740,506589770,0,0,480634885,25954885,506589770
2021-04-29,1330,1375,1330,1340,260295,0.7518796992481203,0,0,9895,-9895,0,0,0,249248,11047,260295,0,0,239353,20942,260295,0,0,13388680,-13388680,0,0,0,336694380,14926395,351620775,0,0,323305700,28315075,351620775
2021-04-30,1345,1350,1320,1335,151342,-0.3731343283582089,0,0,19429,-19429,0,0,0,145458,5884,151342,0,0,126029,25313,151342,0,0,25986270,-25986270,0,0,0,193749970,7905220,201655190,0,0,167763700,33891490,201655190
2021-05-03,1340,1340,1315,1320,149902,-1.1235955056179776,0,0,11486,-11486,0,0,0,147556,2346,149902,0,0,136070,13832,149902,0,0,15264420,-15264420,0,0,0,195656055,3115815,198771870,0,0,180391635,18380235,198771870
2021-05-04,1315,1335,1300,1310,217841,-0.7575757575757576,0,0,10162,-10162,0,0,0,212302,5539,217841,0,0,202140,15701,217841,0,0,13376430,-13376430,0,0,0,278117855,7264825,285382680,0,0,264741425,20641255,285382680
2021-05-06,1320,1340,1310,1340,169626,2.2900763358778624,0,0,-25232,25232,0,0,0,139375,30251,169626,0,0,164607,5019,169626,0,0,-33342685,33342685,0,0,0,184039620,39972965,224012585,0,0,217382305,6630280,224012585
2021-05-07,1340,1345,1320,1345,148321,0.3731343283582089,0,0,-20911,20911,0,0,0,119603,28718,148321,0,0,140514,7807,148321,0,0,-27886185,27886185,0,0,0,159260175,38304825,197565000,0,0,187146360,10418640,197565000
2021-05-10,1350,1350,1325,1340,153723,-0.37174721189591076,0,0,-7460,7460,0,0,0,137626,16097,153723,0,0,145086,8637,153723,0,0,-9979400,9979400,0,0,0,184332885,21533800,205866685,0,0,194312285,11554400,205866685
2021-05-11,1340,1350,1325,1335,234343,-0.3731343283582089,0,0,-8511,8511,0,0,0,214248,20095,234343,0,0,222759,11584,234343,0,0,-11335880,11335880,0,0,0,285401200,26789530,312190730,0,0,296737080,15453650,312190730
2021-05-12,1340,1345,1300,1320,256851,-1.1235955056179776,0,0,-3281,3281,0,0,0,222504,34347,256851,0,0,225785,31066,256851,0,0,-4559185,4559185,0,0,0,295437530,45940295,341377825,0,0,299996715,41381110,341377825
2021-05-13,1315,1345,1305,1325,286006,0.3787878787878788,-1008,0,-106507,107515,0,0,0,165896,120110,286006,1008,0,272403,12595,286006,-1330560,0,-141763465,143094025,0,0,0,219595425,159737050,379332475,1330560,0,361358890,16643025,379332475
2021-05-14,1340,1345,1325,1335,162299,0.7547169811320755,0,0,-90068,90068,0,0,0,62124,100175,162299,0,0,152192,10107,162299,0,0,-120081095,120081095,0,0,0,82913545,133544875,216458420,0,0,202994640,13463780,216458420
2021-05-17,1335,1370,1330,1360,362477,1.8726591760299627,0,0,-77318,77318,0,0,0,284214,78263,362477,0,0,361532,945,362477,0,0,-104263705,104263705,0,0,0,384874420,105548955,490423375,0,0,489138125,1285250,490423375
2021-05-18,1375,1380,1355,1375,399871,1.1029411764705883,0,0,-101945,101945,0,0,0,290206,109665,399871,0,0,392151,7720,399871,0,0,-139952345,139952345,0,0,0,398454525,150491635,548946160,0,0,538406870,10539290,548946160
2021-05-20,1375,1390,1355,1385,297732,0.7272727272727273,0,0,-110639,110639,0,0,0,180753,116979,297732,0,0,291392,6340,297732,0,0,-151173430,151173430,0,0,0,248552645,159908250,408460895,0,0,399726075,8734820,408460895
2021-05-21,1385,1405,1380,1395,478288,0.7220216606498195,0,0,-60483,60483,0,0,0,396845,81443,478288,0,0,457328,20960,478288,0,0,-84409005,84409005,0,0,0,553274745,113505590,666780335,0,0,637683750,29096585,666780335
2021-05-24,1400,1410,1375,1375,359995,-1.4336917562724014,0,0,-100398,100398,0,0,0,234326,125669,359995,0,0,334724,25271,359995,0,0,-139081725,139081725,0,0,0,326303910,174398585,500702495,0,0,465385635,35316860,500702495
2021-05-25,1365,1385,1350,1355,256121,-1.4545454545454546,0,0,-18974,18974,0,0,0,230625,25496,256121,0,0,249599,6522,256121,0,0,-25925525,25925525,0,0,0,315304310,34918460,350222770,0,0,341229835,8992935,350222770
2021-05-26,1370,1410,1360,1400,429578,3.3210332103321036,0,0,-51838,51838,0,0,0,268570,161008,429578,0,0,320408,109170,429578,0,0,-70951530,70951530,0,0,0,371910125,221589285,593499410,0,0,442861655,150637755,593499410
2021-05-27,1400,1410,1390,1405,257804,0.35714285714285715,0,0,-51379,51379,0,0,0,156000,101804,257804,0,0,207379,50425,257804,0,0,-71310355,71310355,0,0,0,218086415,141805540,359891955,0,0,289396770,70495185,359891955
2021-05-28,1405,1445,1405,1440,681063,2.491103202846975,0,0,-196978,196978,0,0,0,467313,213750,681063,0,0,664291,16772,681063,0,0,-281191535,281191535,0,0,0,668022745,305202115,973224860,0,0,949214280,24010580,973224860
2021-05-31,1460,1460,1425,1445,514713,0.3472222222222222,0,0,-54514,54514,0,0,0,405133,109580,514713,0,0,459647,55066,514713,0,0,-79090305,79090305,0,0,0,585868835,158505210,744374045,0,0,664959140,79414905,744374045
2021-06-01,1485,1675,1455,1560,15774610,7.958477508650519,0,1,326189,-326190,0,0,9973,15630224,134413,15774610,0,9972,15304035,460603,15774610,0,119410,518612585,-518731995,0,0,15706210,24780171535,210015435,25005893180,0,15586800,24261558950,728747430,25005893180
2021-06-02,1560,1565,1485,1540,3210010,-1.282051282051282,2415,700,-101643,98528,0,2415,700,3038174,168721,3210010,0,0,3139817,70193,3210010,3707025,1078000,-154476690,149691665,0,3707025,1078000,4671161540,257330435,4933277000,0,0,4825638230,107638770,4933277000
2021-06-03,1600,1630,1540,1545,3214680,0.3246753246753247,-2415,-1147,154592,-151030,0,0,1,3188569,26110,3214680,2415,1148,3033977,177140,3214680,-3864000,-1796310,243837020,-238176710,0,0,1575,5019492965,41000315,5060494855,3864000,1797885,4775655945,279177025,5060494855
2021-06-04,1515,1535,1490,1520,641507,-1.6181229773462782,8013,-1,-53774,45762,0,8013,0,561952,71542,641507,0,1,615726,25780,641507,12171705,-1515,-81233075,69062885,0,12171705,0,849965730,108164245,970301680,0,1515,931198805,39101360,970301680
2021-06-07,1520,1535,1460,1535,815052,0.9868421052631579,0,1966,-224367,222401,0,0,1966,571844,241242,815052,0,0,796211,18841,815052,0,3003065,-337920320,334917255,0,0,3003065,865103815,363562180,1231669060,0,0,1203024135,28644925,1231669060
2021-06-08,1510,1520,1495,1505,802492,-1.9543973941368076,0,996,14885,-15881,0,0,996,795326,6170,802492,0,0,780441,22051,802492,0,1498980,22516845,-24015825,0,0,1498980,1200076265,9286670,1210861915,0,0,1177559420,33302495,1210861915
2021-06-09,1505,1545,1500,1530,506782,1.6611295681063125,0,0,-120047,120047,0,0,0,341723,165059,506782,0,0,461770,45012,506782,0,0,-183200960,183200960,0,0,0,519130280,251956545,771086825,0,0,702331240,68755585,771086825
2021-06-10,1530,1560,1510,1530,528964,0.0,0,0,-19680,19680,0,0,0,455649,73315,528964,0,0,475329,53635,528964,0,0,-29855615,29855615,0,0,0,698193175,112024350,810217525,0,0,728048790,82168735,810217525
2021-06-11,1535,1545,1510,1530,385674,0.0,0,0,28543,-28543,0,0,0,381066,4608,385674,0,0,352523,33151,385674,0,0,43698885,-43698885,0,0,0,579862050,7016605,586878655,0,0,536163165,50715490,586878655
2021-06-14,1530,1575,1525,1565,1209849,2.287581699346405,0,0,-81813,81813,0,0,0,1092421,117428,1209849,0,0,1174234,35615,1209849,0,0,-127745165,127745165,0,0,0,1702592900,183071980,1885664880,0,0,1830338065,55326815,1885664880
2021-06-15,1575,1580,1540,1565,481361,0.0,-1009,6424,20456,-25871,0,0,6424,471924,3013,481361,1009,0,451468,28884,481361,-1574040,9989320,32096615,-40511895,0,0,9989320,735937370,4702790,750629480,1574040,0,703840755,45214685,750629480
2021-06-16,1570,1570,1545,1555,355532,-0.6389776357827476,0,-1455,8428,-6973,0,0,0,340098,15434,355532,0,1455,331670,22407,355532,0,-2262525,13120875,-10858350,0,0,0,528117915,23973800,552091715,0,2262525,514997040,34832150,552091715
2021-06-17,1555,1620,1545,1565,1596103,0.6430868167202572,0,5455,-43330,37875,0,0,6962,1490653,98488,1596103,0,1507,1533983,60613,1596103,0,8618900,-68029590,59410690,0,0,10999960,2359897510,155658920,2526556390,0,2381060,2427927100,96248230,2526556390
2021-06-18,1570,1580,1545,1560,448868,-0.3194888178913738,0,127,15661,-15788,0,0,127,432643,16098,448868,0,0,416982,31886,448868,0,198160,24355860,-24554020,0,0,198160,674246930,25224245,699669335,0,0,649891070,49778265,699669335
2021-06-21,1560,1560,1510,1525,501247,-2.2435897435897436,0,0,-20650,20650,0,0,0,454428,46819,501247,0,0,475078,26169,501247,0,0,-31277010,31277010,0,0,0,691621195,71325020,762946215,0,0,722898205,40048010,762946215
2021-06-22,1530,1555,1530,1540,333708,0.9836065573770493,0,379,-158568,158189,0,0,379,168850,164479,333708,0,0,327418,6290,333708,0,589325,-243754475,243165150,0,0,589325,260168090,252880095,513637510,0,0,503922565,9714945,513637510
2021-06-23,1545,1555,1500,1500,423345,-2.5974025974025974,0,0,-86815,86815,0,0,0,316874,106471,423345,0,0,403689,19656,423345,0,0,-132773910,132773910,0,0,0,483983450,162901240,646884690,0,0,616757360,30127330,646884690
2021-06-24,1510,1530,1470,1520,346958,1.3333333333333335,0,0,-23115,23115,0,0,0,297374,49584,346958,0,0,320489,26469,346958,0,0,-33902245,33902245,0,0,0,444199845,73612660,517812505,0,0,478102090,39710415,517812505
2021-06-25,1520,1525,1510,1510,135450,-0.6578947368421052,0,1,-5451,5450,0,0,1,119452,15997,135450,0,0,124903,10547,135450,0,1520,-8251625,8250105,0,0,1520,181090570,24235445,205327535,0,0,189342195,15985340,205327535
2021-06-28,1555,1555,1520,1535,389105,1.6556291390728477,0,-506,-10530,11036,0,0,0,358945,30160,389105,0,506,369475,19124,389105,0,-771650,-16112150,16883800,0,0,0,551299890,46325800,597625690,0,771650,567412040,29442000,597625690
2021-06-29,1535,1545,1515,1540,318088,0.32573289902280134,0,0,-58352,58352,0,0,0,259542,58546,318088,0,0,317894,194,318088,0,0,-89409690,89409690,0,0,0,397334170,89706510,487040680,0,0,486743860,296820,487040680
2021-06-30,1540,1555,1520,1540,336944,0.0,0,3686,-38277,34591,0,0,3686,293704,39554,336944,0,0,331981,4963,336944,0,5649870,-58669720,53019850,0,0,5649870,450469465,60651385,516770720,0,0,509139185,7631535,516770720
2021-07-01,1540,1690,1525,1590,3542527,3.2467532467532463,0,-686,111805,-111119,0,0,0,3321391,221136,3542527,0,686,3209586,332255,3542527,0,-1094170,180588465,-179494295,0,0,0,5299318570,347983685,5647302255,0,1094170,5118730105,527477980,5647302255
2021-07-02,1595,1615,1565,1605,986234,0.9433962264150944,0,0,-116762,116762,0,0,0,845707,140527,986234,0,0,962469,23765,986234,0,0,-186905595,186905595,0,0,0,1349642085,224513580,1574155665,0,0,1536547680,37607985,1574155665
2021-07-05,1610,1615,1580,1590,534207,-0.9345794392523363,0,0,-5306,5306,0,0,0,506885,27322,534207,0,0,512191,22016,534207,0,0,-8424420,8424420,0,0,0,808142805,43621630,851764435,0,0,816567225,35197210,851764435
2021-07-06,1640,1640,1575,1580,427897,-0.628930817610063,0,0,16060,-16060,0,0,0,405524,22373,427897,0,0,389464,38433,427897,0,0,26190525,-26190525,0,0,0,647626185,35525025,683151210,0,0,621435660,61715550,683151210
2021-07-07,1590,1610,1570,1595,501414,0.949367088607595,0,0,-86807,86807,0,0,0,408347,93067,501414,0,0,495154,6260,501414,0,0,-138109570,138109570,0,0,0,649249415,148047005,797296420,0,0,787358985,9937435,797296420
2021-07-08,1615,1615,1540,1570,635748,-1.5673981191222568,0,0,-17643,17643,0,0,0,570061,65687,635748,0,0,587704,48044,635748,0,0,-26624210,26624210,0,0,0,895699760,102601915,998301675,0,0,922323970,75977705,998301675
2021-07-09,1545,1545,1475,1520,619764,-3.1847133757961785,0,100,617,-717,0,0,100,562557,57107,619764,0,0,561940,57824,619764,0,149000,1372135,-1521135,0,0,149000,845797360,85673830,931620190,0,0,844425225,87194965,931620190
2021-07-12,1515,1535,1500,1530,242127,0.6578947368421052,0,0,-20952,20952,0,0,0,208709,33418,242127,0,0,229661,12466,242127,0,0,-31866535,31866535,0,0,0,318115045,50813805,368928850,0,0,349981580,18947270,368928850
2021-07-13,1530,1550,1525,1535,194918,0.32679738562091504,0,0,10232,-10232,0,0,0,179577,15341,194918,0,0,169345,25573,194918,0,0,15614220,-15614220,0,0,0,275146310,23540410,298686720,0,0,259532090,39154630,298686720
2021-07-14,1530,1535,1510,1530,140259,-0.32573289902280134,0,2674,8970,-11644,0,0,2674,129592,7993,140259,0,0,120622,19637,140259,0,4037740,13681265,-17719005,0,0,4037740,196992665,12153240,213183645,0,0,183311400,29872245,213183645
2021-07-15,1530,1555,1520,1545,190225,0.9803921568627451,0,0,-32013,32013,0,0,0,149671,40554,190225,0,0,181684,8541,190225,0,0,-49409495,49409495,0,0,0,230550435,62527985,293078420,0,0,279959930,13118490,293078420
2021-07-16,1530,1560,1520,1550,236976,0.3236245954692557,0,0,-6001,6001,0,0,0,211624,25352,236976,0,0,217625,19351,236976,0,0,-9191420,9191420,0,0,0,326091695,39088570,365180265,0,0,335283115,29897150,365180265
2021-07-19,1550,1550,1500,1525,204848,-1.6129032258064515,0,1000,4706,-5706,0,0,1000,192433,11415,204848,0,0,187727,17121,204848,0,1510000,7381030,-8891030,0,0,1510000,293253360,17400290,312163650,0,0,285872330,26291320,312163650
2021-07-20,1485,1505,1470,1470,311680,-3.606557377049181,0,1300,-24252,22952,0,0,1300,268763,41617,311680,0,0,293015,18665,311680,0,1932500,-35868860,33936360,0,0,1932500,399272130,61791110,462995740,0,0,435140990,27854750,462995740
2021-07-21,1480,1495,1445,1445,253704,-1.7006802721088436,0,-5416,-6805,12221,0,0,0,237013,16691,253704,0,5416,243818,4470,253704,0,-7934440,-9804020,17738460,0,0,0,347799310,24322710,372122020,0,7934440,357603330,6584250,372122020
2021-07-22,1450,1480,1440,1480,238435,2.422145328719723,0,1000,9438,-10438,0,0,1000,222862,14573,238435,0,0,213424,25011,238435,0,1450000,14098070,-15548070,0,0,1450000,324396010,21183105,347029115,0,0,310297940,36731175,347029115
2021-07-23,1480,1500,1475,1490,147953,0.6756756756756757,0,0,25503,-25503,0,0,0,147553,400,147953,0,0,122050,25903,147953,0,0,38048015,-38048015,0,0,0,220104275,596000,220700275,0,0,182056260,38644015,220700275
2021-07-26,1490,1505,1460,1465,119216,-1.6778523489932886,0,0,24728,-24728,0,0,0,117177,2039,119216,0,0,92449,26767,119216,0,0,36473315,-36473315,0,0,0,172469790,2987415,175457205,0,0,135996475,39460730,175457205
2021-07-27,1465,1480,1445,1445,171728,-1.3651877133105803,0,0,-5198,5198,0,0,0,160459,11269,171728,0,0,165657,6071,171728,0,0,-7462545,7462545,0,0,0,233066830,16360395,249427225,0,0,240529375,8897850,249427225
2021-07-28,1445,1455,1390,1410,345035,-2.422145328719723,0,8546,29186,-37732,0,0,8546,322787,13702,345035,0,0,293601,51434,345035,0,12144060,41416260,-53560320,0,0,12144060,458125925,19373460,489643445,0,0,416709665,72933780,489643445
2021-07-29,1430,1440,1425,1435,125982,1.773049645390071,0,0,5924,-5924,0,0,0,115044,10938,125982,0,0,109120,16862,125982,0,0,8463125,-8463125,0,0,0,164957455,15705155,180662610,0,0,156494330,24168280,180662610
2021-07-30,1435,1435,1410,1420,103930,-1.0452961672473868,0,0,14863,-14863,0,0,0,102518,1412,103930,0,0,87655,16275,103930,0,0,21064970,-21064970,0,0,0,145391055,2009975,147401030,0,0,124326085,23074945,147401030
2021-08-02,1425,1430,1415,1430,97137,0.7042253521126761,0,1413,16396,-17809,0,0,1413,95619,105,97137,0,0,79223,17914,97137,0,1999395,23276730,-25276125,0,0,1999395,135773520,149100,137922015,0,0,112496790,25425225,137922015
2021-08-03,1430,1445,1420,1440,104362,0.6993006993006993,0,0,25926,-25926,0,0,0,104359,3,104362,0,0,78433,25929,104362,0,0,37054010,-37054010,0,0,0,149460080,4275,149464355,0,0,112406070,37058285,149464355
2021-08-04,1440,1440,1415,1440,126098,0.0,0,0,5089,-5089,0,0,0,123945,2153,126098,0,0,118856,7242,126098,0,0,7291380,-7291380,0,0,0,177325640,3081080,180406720,0,0,170034260,10372460,180406720
2021-08-05,1440,1480,1440,1475,202153,2.430555555555556,0,11,-345,334,0,0,11,187225,14917,202153,0,0,187570,14583,202153,0,16105,-592895,576790,0,0,16105,273992465,21908555,295917125,0,0,274585360,21331765,295917125
2021-08-06,1465,1495,1460,1475,180612,0.0,0,-1,16825,-16824,0,0,0,161471,19141,180612,0,1,144646,35965,180612,0,-1470,24763170,-24761700,0,0,0,238245180,28384770,266629950,0,1470,213482010,53146470,266629950
2021-08-09,1490,1490,1465,1470,120650,-0.3389830508474576,0,-1,26057,-26056,0,0,0,120649,1,120650,0,1,94592,26057,120650,0,-1475,38506270,-38504795,0,0,0,178033540,1475,178035015,0,1475,139527270,38506270,178035015
2021-08-10,1470,1530,1460,1525,716127,3.741496598639456,0,1,24550,-24551,0,0,1,703227,12899,716127,0,0,678677,37450,716127,0,1480,36161610,-36163090,0,0,1480,1058447940,19295580,1077745000,0,0,1022286330,55458670,1077745000
2021-08-11,1530,1530,1485,1490,431873,-2.2950819672131146,0,-3,48322,-48319,0,0,0,429442,2431,431873,0,3,381120,50750,431873,0,-4480,72704645,-72700165,0,0,0,646478200,3674445,650152645,0,4480,573773555,76374610,650152645
2021-08-12,1490,1495,1465,1485,130902,-0.33557046979865773,0,-1411,11501,-10090,0,0,2,129209,1691,130902,0,1413,117708,11781,130902,0,-2095340,17109165,-15013825,0,0,2965,191405035,2487025,193895025,0,2098305,174295870,17500850,193895025
2021-08-13,1485,1490,1410,1445,167047,-2.6936026936026933,0,0,8931,-8931,0,0,0,154709,12338,167047,0,0,145778,21269,167047,0,0,13350295,-13350295,0,0,0,224034535,17696240,241730775,0,0,210684240,31046535,241730775
2021-08-17,1425,1445,1390,1415,330245,-2.0761245674740483,0,1,5362,-5363,0,0,1,305630,24614,330245,0,0,300268,29977,330245,0,1425,7782685,-7784110,0,0,1425,430887825,34605640,465494890,0,0,423105140,42389750,465494890
2021-08-18,1390,1435,1390,1425,174358,0.7067137809187279,0,-11,6827,-6816,0,0,0,157948,16410,174358,0,11,151121,23226,174358,0,-15690,9542955,-9527265,0,0,0,223090470,23200915,246291385,0,15690,213547515,32728180,246291385
2021-08-19,1405,1450,1325,1325,434543,-7.017543859649122,0,0,25403,-25403,0,0,0,403662,30881,434543,0,0,378259,56284,434543,0,0,36008670,-36008670,0,0,0,555036490,42221700,597258190,0,0,519027820,78230370,597258190
2021-08-20,1325,1360,1290,1295,318067,-2.2641509433962264,0,0,28931,-28931,0,0,0,278920,39147,318067,0,0,249989,68078,318067,0,0,38033535,-38033535,0,0,0,367057520,51763255,418820775,0,0,329023985,89796790,418820775
2021-08-23,1295,1375,1295,1365,205745,5.405405405405405,0,0,-23755,23755,0,0,0,148623,57122,205745,0,0,172378,33367,205745,0,0,-31550815,31550815,0,0,0,199696075,76991555,276687630,0,0,231246890,45440740,276687630
2021-08-24,1365,1395,1365,1390,137068,1.8315018315018317,0,0,-19949,19949,0,0,0,113744,23324,137068,0,0,133693,3375,137068,0,0,-27631020,27631020,0,0,0,157253380,32309885,189563265,0,0,184884400,4678865,189563265
2021-08-25,1400,1410,1375,1390,67470,0.0,0,0,-6865,6865,0,0,0,52222,15248,67470,0,0,59087,8383,67470,0,0,-9527540,9527540,0,0,0,72239060,21158780,93397840,0,0,81766600,11631240,93397840
2021-08-26,1390,1420,1380,1400,146478,0.7194244604316548,0,0,-4588,4588,0,0,0,125203,21275,146478,0,0,129791,16687,146478,0,0,-6242445,6242445,0,0,0,175943420,29733290,205676710,0,0,182185865,23490845,205676710
2021-08-27,1400,1420,1380,1415,107155,1.0714285714285714,0,0,-6890,6890,0,0,0,99667,7488,107155,0,0,106557,598,107155,0,0,-9554650,9554650,0,0,0,139265060,10386015,149651075,0,0,148819710,831365,149651075
2021-08-30,1405,1415,1385,1390,222184,-1.76678445229682,0,0,3778,-3778,0,0,0,213383,8801,222184,0,0,209605,12579,222184,0,0,5387340,-5387340,0,0,0,297009600,12253700,309263300,0,0,291622260,17641040,309263300
2021-08-31,1390,1405,1370,1395,222447,0.3597122302158274,0,0,-36050,36050,0,0,0,178919,43528,222447,0,0,214969,7478,222447,0,0,-49514005,49514005,0,0,0,247740560,59910905,307651465,0,0,297254565,10396900,307651465
2021-09-01,1400,1415,1375,1410,190490,1.0752688172043012,0,3629,-20489,16860,0,0,3629,164654,22207,190490,0,0,185143,5347,190490,0,5044445,-28480855,23436410,0,0,5044445,229752520,30892530,265689495,0,0,258233375,7456120,265689495
2021-09-02,1395,1505,1390,1480,743929,4.964539007092199,0,1,33402,-33403,0,0,1,687328,56600,743929,0,0,653926,90003,743929,0,1435,50505260,-50506695,0,0,1435,1004966560,82524510,1087492505,0,0,954461300,133031205,1087492505
2021-09-03,1475,1490,1455,1485,262595,0.33783783783783783,0,-1,-19541,19542,0,0,0,233520,29075,262595,0,1,253061,9533,262595,0,-1480,-28867115,28868595,0,0,0,344089560,42888455,386978015,0,1480,372956675,14019860,386978015
2021-09-06,1485,1495,1465,1480,188213,-0.33670033670033667,0,3412,-25717,22305,0,0,3413,155601,29199,188213,0,1,181318,6894,188213,0,4998570,-37764120,32765550,0,0,5000045,229051640,42970790,277022475,0,1475,266815760,10205240,277022475
2021-09-07,1490,1490,1430,1460,259863,-1.3513513513513513,0,0,-13792,13792,0,0,0,237010,22853,259863,0,0,250802,9061,259863,0,0,-20000360,20000360,0,0,0,344839185,33257160,378096345,0,0,364839545,13256800,378096345
2021-09-08,1460,1470,1440,1450,174063,-0.684931506849315,0,0,-7840,7840,0,0,0,153589,20474,174063,0,0,161429,12634,174063,0,0,-11286860,11286860,0,0,0,222573740,29673115,252246855,0,0,233860600,18386255,252246855
2021-09-09,1435,1465,1430,1435,135292,-1.0344827586206897,0,0,-17588,17588,0,0,0,111942,23350,135292,0,0,129530,5762,135292,0,0,-25443615,25443615,0,0,0,161732725,33809455,195542180,0,0,187176340,8365840,195542180
2021-09-10,1435,1455,1415,1450,207890,1.0452961672473868,0,2,-15717,15715,0,0,2,189749,18139,207890,0,0,205466,2424,207890,0,2890,-22571300,22568410,0,0,2890,272914990,26048075,298965955,0,0,295486290,3479665,298965955
2021-09-13,1445,1445,1415,1420,123951,-2.0689655172413794,0,-1,14381,-14380,0,0,0,122759,1192,123951,0,1,108378,15572,123951,0,-1435,20683945,-20682510,0,0,0,175229345,1692665,176922010,0,1435,154545400,22375175,176922010
2021-09-14,1420,1435,1415,1420,100232,0.0,0,1,-8003,8002,0,0,1,90390,9841,100232,0,0,98393,1839,100232,0,1425,-11436795,11435370,0,0,1425,128485385,14055830,142542640,0,0,139922180,2620460,142542640
2021-09-15,1420,1430,1390,1390,234136,-2.112676056338028,0,0,10160,-10160,0,0,0,222037,12099,234136,0,0,211877,22259,234136,0,0,14471640,-14471640,0,0,0,311153225,16978120,328131345,0,0,296681585,31449760,328131345
2021-09-16,1385,1405,1360,1375,232700,-1.079136690647482,0,-20,-10832,10852,0,0,0,217765,14935,232700,0,20,228597,4083,232700,0,-27435,-14872690,14900125,0,0,0,298519420,20524070,319043490,0,27435,313392110,5623945,319043490
2021-09-17,1365,1385,1355,1360,167614,-1.090909090909091,0,0,10969,-10969,0,0,0,158102,9512,167614,0,0,147133,20481,167614,0,0,14956020,-14956020,0,0,0,215694550,12978265,228672815,0,0,200738530,27934285,228672815
2021-09-23,1340,1350,1315,1330,198315,-2.2058823529411766,0,-9874,9936,-62,0,0,0,179963,18352,198315,0,9874,170027,18414,198315,0,-13280530,13266190,14340,0,0,0,240432715,24656385,265089100,0,13280530,227166525,24642045,265089100
2021-09-24,1335,1605,1335,1365,5758856,2.631578947368421,8405,5292,149260,-162957,0,8405,20000,5667220,63231,5758856,0,14708,5517960,226188,5758856,11431060,4422390,233748290,-249601740,0,11431060,27150000,8295755435,87663925,8422000420,0,22727610,8062007145,337265665,8422000420
2021-09-27,1365,1380,1345,1370,468082,0.3663003663003663,0,0,-109381,109381,0,0,0,351754,116328,468082,0,0,461135,6947,468082,0,0,-149611875,149611875,0,0,0,480039525,159053215,639092740,0,0,629651400,9441340,639092740
2021-09-28,1370,1385,1345,1345,331272,-1.824817518248175,0,4986,-17590,12604,0,0,4986,304938,21348,331272,0,0,322528,8744,331272,0,6780960,-24022430,17241470,0,0,6780960,415309120,29159650,451249730,0,0,439331550,11918180,451249730
2021-09-29,1340,1385,1330,1360,311319,1.1152416356877324,0,0,-46709,46709,0,0,0,245261,66058,311319,0,0,291970,19349,311319,0,0,-63706320,63706320,0,0,0,334025305,89941870,423967175,0,0,397731625,26235550,423967175
2021-09-30,1355,1390,1355,1370,218296,0.7352941176470588,0,0,-34092,34092,0,0,0,180696,37600,218296,0,0,214788,3508,218296,0,0,-46836795,46836795,0,0,0,248285975,51654405,299940380,0,0,295122770,4817610,299940380
2021-10-01,1355,1370,1320,1320,329836,-3.64963503649635,0,0,21563,-21563,0,0,0,312535,17301,329836,0,0,290972,38864,329836,0,0,29073835,-29073835,0,0,0,417642255,22986755,440629010,0,0,388568420,52060590,440629010
2021-10-05,1320,1330,1265,1275,311251,-3.4090909090909087,0,-7023,57786,-50763,0,0,0,283114,28137,311251,0,7023,225328,78900,311251,0,-8954480,74176225,-65221745,0,0,0,363904195,36336830,400241025,0,8954480,289727970,101558575,400241025
2021-10-06,1275,1315,1235,1235,185724,-3.1372549019607843,0,10000,44571,-54571,0,0,10000,166728,8996,185724,0,0,122157,63567,185724,0,12550000,56252000,-68802000,0,0,12550000,209659495,11439890,233649385,0,0,153407495,80241890,233649385
2021-10-07,1235,1270,1230,1260,178631,2.0242914979757085,0,0,-35232,35232,0,0,0,137050,41581,178631,0,0,172282,6349,178631,0,0,-43870110,43870110,0,0,0,171037465,51789680,222827145,0,0,214907575,7919570,222827145
2021-10-08,1260,1280,1250,1250,108425,-0.7936507936507936,0,0,22865,-22865,0,0,0,107889,536,108425,0,0,85024,23401,108425,0,0,28851780,-28851780,0,0,0,135601490,673630,136275120,0,0,106749710,29525410,136275120
2021-10-12,1250,1280,1240,1250,228088,0.0,0,0,11781,-11781,0,0,0,202102,25986,228088,0,0,190321,37767,228088,0,0,14607690,-14607690,0,0,0,252786970,32710440,285497410,0,0,238179280,47318130,285497410
2021-10-13,1250,1265,1250,1255,151130,0.4,0,0,4214,-4214,0,0,0,139342,11788,151130,0,0,135128,16002,151130,0,0,5331330,-5331330,0,0,0,174942615,14814415,189757030,0,0,169611285,20145745,189757030
2021-10-14,1255,1295,1255,1285,123339,2.3904382470119523,0,0,-12613,12613,0,0,0,105477,17862,123339,0,0,118090,5249,123339,0,0,-16061550,16061550,0,0,0,134886640,22774375,157661015,0,0,150948190,6712825,157661015
2021-10-15,1290,1310,1290,1310,162721,1.9455252918287937,0,0,-9463,9463,0,0,0,140435,22286,162721,0,0,149898,12823,162721,0,0,-12330560,12330560,0,0,0,182549335,28995285,211544620,0,0,194879895,16664725,211544620
2021-10-18,1310,1340,1280,1310,293632,0.0,0,0,71319,-71319,0,0,0,248412,45220,293632,0,0,177093,116539,293632,0,0,93708240,-93708240,0,0,0,324998545,59078905,384077450,0,0,231290305,152787145,384077450
2021-10-19,1310,1335,1300,1305,165163,-0.38167938931297707,0,0,5920,-5920,0,0,0,152543,12620,165163,0,0,146623,18540,165163,0,0,7875505,-7875505,0,0,0,199985975,16540825,216526800,0,0,192110470,24416330,216526800
2021-10-20,1305,1325,1290,1310,152696,0.38314176245210724,0,8,-20084,20076,0,0,8,130468,22220,152696,0,0,150552,2144,152696,0,10430,-26130280,26119850,0,0,10430,169754665,28947405,198712500,0,0,195884945,2827555,198712500
2021-10-21,1310,1320,1300,1300,76343,-0.7633587786259541,0,0,6129,-6129,0,0,0,73660,2683,76343,0,0,67531,8812,76343,0,0,8043590,-8043590,0,0,0,96340970,3511825,99852795,0,0,88297380,11555415,99852795
2021-10-22,1300,1300,1270,1285,181443,-1.153846153846154,0,0,-14550,14550,0,0,0,156035,25408,181443,0,0,170585,10858,181443,0,0,-18559420,18559420,0,0,0,200321675,32536340,232858015,0,0,218881095,13976920,232858015
2021-10-25,1280,1310,1275,1310,87777,1.9455252918287937,0,0,-11766,11766,0,0,0,68864,18913,87777,0,0,80630,7147,87777,0,0,-15258765,15258765,0,0,0,88636615,24501915,113138530,0,0,103895380,9243150,113138530
2021-10-26,1310,1330,1300,1315,92217,0.38167938931297707,0,1,-4862,4861,0,0,1,83872,8344,92217,0,0,88734,3483,92217,0,1335,-6352715,6351380,0,0,1335,110405080,10938660,121345075,0,0,116757795,4587280,121345075
2021-10-27,1315,1330,1300,1305,102955,-0.7604562737642585,0,-1,764,-763,0,0,0,95556,7399,102955,0,1,94792,8162,102955,0,-1305,1027055,-1025750,0,0,0,124880220,9676040,134556260,0,1305,123853165,10701790,134556260
2021-10-28,1305,1315,1295,1300,95769,-0.38314176245210724,0,0,6078,-6078,0,0,0,92650,3119,95769,0,0,86572,9197,95769,0,0,7901605,-7901605,0,0,0,120648395,4064730,124713125,0,0,112746790,11966335,124713125
2021-10-29,1310,1310,1290,1305,75681,0.38461538461538464,0,0,9438,-9438,0,0,0,75680,1,75681,0,0,66242,9439,75681,0,0,12246880,-12246880,0,0,0,98315440,1295,98316735,0,0,86068560,12248175,98316735
2021-11-01,1295,1305,1285,1295,137644,-0.7662835249042145,0,0,4712,-4712,0,0,0,135443,2201,137644,0,0,130731,6913,137644,0,0,6114130,-6114130,0,0,0,174904590,2843560,177748150,0,0,168790460,8957690,177748150
2021-11-02,1295,1310,1285,1295,155304,0.0,7850,1,-23348,15497,0,7850,1,119539,27914,155304,0,0,142887,12417,155304,10222440,1305,-30143305,19919560,0,10222440,1305,155156695,36058110,201438550,0,0,185300000,16138550,201438550
2021-11-03,1305,1305,1285,1290,171221,-0.3861003861003861,7850,27,-10907,3030,0,7850,27,130278,33066,171221,0,0,141185,30036,171221,10168570,34970,-13935110,3731570,0,10168570,34970,168172215,42558460,220934215,0,0,182107325,38826890,220934215
2021-11-04,1300,1305,1285,1290,103674,0.0,0,2000,23054,-25054,0,0,2000,100725,949,103674,0,0,77671,26003,103674,0,2570000,29753060,-32323060,0,0,2570000,130163915,1229800,133963715,0,0,100410855,33552860,133963715
2021-11-05,1285,1290,1260,1265,193098,-1.937984496124031,0,0,48190,-48190,0,0,0,191694,1404,193098,0,0,143504,49594,193098,0,0,61190775,-61190775,0,0,0,243959755,1801680,245761435,0,0,182768980,62992455,245761435
2021-11-08,1255,1275,1250,1270,79050,0.3952569169960474,0,0,10596,-10596,0,0,0,75481,3569,79050,0,0,64885,14165,79050,0,0,13313050,-13313050,0,0,0,94903400,4484475,99387875,0,0,81590350,17797525,99387875
2021-11-09,1275,1285,1260,1265,58259,-0.39370078740157477,0,0,8563,-8563,0,0,0,54433,3826,58259,0,0,45870,12389,58259,0,0,10826755,-10826755,0,0,0,68959995,4873050,73833045,0,0,58133240,15699805,73833045
2021-11-10,1265,1265,1235,1235,113324,-2.371541501976284,0,200,25209,-25409,0,0,200,112510,614,113324,0,0,87301,26023,113324,0,250000,31541535,-31791535,0,0,250000,140453095,770555,141473650,0,0,108911560,32562090,141473650
2021-11-11,1225,1235,1195,1200,169541,-2.834008097165992,0,802,22950,-23752,0,0,802,167523,1216,169541,0,0,144573,24968,169541,0,974420,27776245,-28750665,0,0,974420,202327355,1475600,204777375,0,0,174551110,30226265,204777375
2021-11-12,1205,1255,1200,1250,103917,4.166666666666666,0,1003,-464,-539,0,0,1003,92817,10097,103917,0,0,93281,10636,103917,0,1203630,-440730,-762900,0,0,1203630,113318370,12216230,126738230,0,0,113759100,12979130,126738230
2021-11-15,1265,1265,1240,1250,100147,0.0,0,-2679,8922,-6243,0,0,0,99555,592,100147,0,2679,90633,6835,100147,0,-3362130,11178600,-7816470,0,0,0,124313500,740000,125053500,0,3362130,113134900,8556470,125053500
2021-11-16,1250,1465,1230,1295,5490093,3.5999999999999996,0,-6159,151107,-144948,0,0,8841,5425430,55822,5490093,0,15000,5274323,200770,5490093,0,-7714315,204665900,-196951585,0,0,11360685,7370724525,71070475,7453155685,0,19075000,7166058625,268022060,7453155685
2021-11-17,1275,1285,1230,1250,571905,-3.474903474903475,0,-2,-1963,1965,0,0,0,557946,13959,571905,0,2,559909,11994,571905,0,-2520,-2518015,2520535,0,0,0,701873365,17602560,719475925,0,2520,704391380,15082025,719475925
2021-11-18,1240,1265,1210,1220,379917,-2.4,0,-7331,2518,4813,0,0,0,341688,38229,379917,0,7331,339170,33416,379917,0,-9200015,4019575,5180440,0,0,0,421116260,46894370,468010630,0,9200015,417096685,41713930,468010630
2021-11-19,1205,1235,1205,1225,164283,0.4098360655737705,0,-2,-18383,18385,0,0,0,140573,23710,164283,0,2,158956,5325,164283,0,-2435,-22401560,22403995,0,0,0,171074435,28907945,199982380,0,2435,193475995,6503950,199982380
2021-11-22,1225,1225,1190,1205,344173,-1.6326530612244898,0,0,-1415,1415,0,0,0,326460,17713,344173,0,0,327875,16298,344173,0,0,-1652195,1652195,0,0,0,393100685,21320155,414420840,0,0,394752880,19667960,414420840
2021-11-23,1200,1205,1185,1185,168898,-1.6597510373443984,0,501,11945,-12446,0,0,501,164337,4060,168898,0,0,152392,16506,168898,0,596185,14246085,-14842270,0,0,596185,195772615,4871985,201240785,0,0,181526530,19714255,201240785
2021-11-24,1185,1205,1180,1180,173974,-0.42194092827004215,1001,0,8118,-9119,0,1001,0,163172,9801,173974,0,0,155054,18920,173974,1181180,0,9712025,-10893205,0,1181180,0,193564765,11629750,206375695,0,0,183852740,22522955,206375695
2021-11-25,1185,1195,1175,1180,107063,0.0,0,0,15216,-15216,0,0,0,104185,2878,107063,0,0,88969,18094,107063,0,0,17977995,-17977995,0,0,0,123161020,3424820,126585840,0,0,105183025,21402815,126585840
2021-11-26,1175,1180,1115,1165,418108,-1.2711864406779663,0,-10000,16121,-6121,0,0,0,393480,24628,418108,0,10000,377359,30749,418108,0,-11200000,18692185,-7492185,0,0,0,448062355,27778860,475841215,0,11200000,429370170,35271045,475841215
2021-11-29,1125,1145,1110,1125,213785,-3.4334763948497855,0,2,25742,-25744,0,0,2,204593,9190,213785,0,0,178851,34934,213785,0,2250,29057690,-29059940,0,0,2250,230760890,10368960,241132100,0,0,201703200,39428900,241132100
2021-11-30,1130,1150,1050,1060,303240,-5.777777777777778,0,0,11690,-11690,0,0,0,273349,29891,303240,0,0,261659,41581,303240,0,0,12836090,-12836090,0,0,0,298919480,32573200,331492680,0,0,286083390,45409290,331492680
2021-12-01,1035,1100,1030,1090,192340,2.8301886792452833,0,-2302,-13633,15935,0,0,0,156920,35420,192340,0,2302,170553,19485,192340,0,-2509070,-14032020,16541090,0,0,0,166660795,37121050,203781845,0,2509070,180692815,20579960,203781845
2021-12-02,1060,1110,1055,1110,188293,1.834862385321101,-15700,0,-8217,23917,0,0,0,146308,41985,188293,15700,0,154525,18068,188293,-17080960,0,-8463760,25544720,0,0,0,158378180,45101500,203479680,17080960,0,166841940,19556780,203479680
2021-12-03,1110,1120,1090,1115,144848,0.45045045045045046,0,0,-8049,8049,0,0,0,126835,18013,144848,0,0,134884,9964,144848,0,0,-8937770,8937770,0,0,0,140824110,19918310,160742420,0,0,149761880,10980540,160742420
2021-12-06,1105,1120,1085,1105,185625,-0.8968609865470852,0,0,-46351,46351,0,0,0,120035,65590,185625,0,0,166386,19239,185625,0,0,-50882690,50882690,0,0,0,131901660,71914245,203815905,0,0,182784350,21031555,203815905
2021-12-07,1110,1160,1105,1140,153282,3.167420814479638,0,448,-28782,28334,0,0,448,116697,36137,153282,0,0,145479,7803,153282,0,499520,-32202880,31703360,0,0,499520,130778960,40411005,171689485,0,0,162981840,8707645,171689485
2021-12-08,1140,1160,1130,1140,105107,0.0,0,0,15101,-15101,0,0,0,103428,1679,105107,0,0,88327,16780,105107,0,0,17280750,-17280750,0,0,0,117850220,1914060,119764280,0,0,100569470,19194810,119764280
2021-12-09,1130,1155,1130,1140,83151,0.0,0,0,-8704,8704,0,0,0,72976,10175,83151,0,0,81680,1471,83151,0,0,-9839760,9839760,0,0,0,82767245,11507215,94274460,0,0,92607005,1667455,94274460
2021-12-10,1140,1140,1130,1140,57472,0.0,0,0,-9734,9734,0,0,0,47738,9734,57472,0,0,57472,0,57472,0,0,-11048905,11048905,0,0,0,54041285,11048905,65090190,0,0,65090190,0,65090190
2021-12-13,1155,1170,1135,1155,118237,1.3157894736842104,1710,0,-12811,11101,0,1710,0,105367,11160,118237,0,0,118178,59,118237,1968625,0,-14743865,12775240,0,1968625,0,120985235,12843385,135797245,0,0,135729100,68145,135797245
2021-12-14,1140,1160,1120,1150,91672,-0.4329004329004329,0,-1671,4850,-3179,0,0,0,82793,8879,91672,0,1671,77943,12058,91672,0,-1921650,5651930,-3730280,0,0,0,94737630,10075790,104813420,0,1921650,89085700,13806070,104813420
2021-12-15,1135,1155,1135,1150,54554,0.0,0,-2620,4234,-1614,0,0,0,51947,2607,54554,0,2620,47713,4221,54554,0,-3013000,4846265,-1833265,0,0,0,59342425,2971980,62314405,0,3013000,54496160,4805245,62314405
2021-12-16,1150,1160,1145,1150,72794,0.0,0,-2222,7584,-5362,0,0,29,72765,0,72794,0,2251,65181,5362,72794,0,-2544010,8748885,-6204875,0,0,33385,83748120,0,83781505,0,2577395,74999235,6204875,83781505
2021-12-17,1135,1155,1130,1150,56359,0.0,0,0,3223,-3223,0,0,0,56359,0,56359,0,0,53136,3223,56359,0,0,3697335,-3697335,0,0,0,64377425,0,64377425,0,0,60680090,3697335,64377425
2021-12-20,1145,1150,1105,1130,89163,-1.7391304347826086,0,0,14033,-14033,0,0,0,89163,0,89163,0,0,75130,14033,89163,0,0,15874990,-15874990,0,0,0,100505485,0,100505485,0,0,84630495,15874990,100505485
2021-12-21,1115,1130,1110,1125,46706,-0.4424778761061947,0,0,3125,-3125,0,0,0,45156,1550,46706,0,0,42031,4675,46706,0,0,3515750,-3515750,0,0,0,50593665,1736000,52329665,0,0,47077915,5251750,52329665
2021-12-22,1135,1140,1100,1110,160864,-1.3333333333333335,0,0,-13306,13306,0,0,0,141140,19724,160864,0,0,154446,6418,160864,0,0,-14760765,14760765,0,0,0,156668180,22007500,178675680,0,0,171428945,7246735,178675680
2021-12-23,1120,1145,1110,1115,81987,0.45045045045045046,0,1,11568,-11569,0,0,1,80740,1246,81987,0,0,69172,12815,81987,0,1125,13183055,-13184180,0,0,1125,90870480,1390295,92261900,0,0,77687425,14574475,92261900
2021-12-24,1110,1125,1105,1115,49678,0.0,0,0,141,-141,0,0,0,46452,3226,49678,0,0,46311,3367,49678,0,0,168970,-168970,0,0,0,51710205,3581245,55291450,0,0,51541235,3750215,55291450
2021-12-27,1105,1135,1105,1120,113111,0.4484304932735426,0,0,-1449,1449,0,0,0,99868,13243,113111,0,0,101317,11794,113111,0,0,-1649695,1649695,0,0,0,111678145,14836910,126515055,0,0,113327840,13187215,126515055
2021-12-28,1125,1160,1120,1160,75526,3.571428571428571,0,0,2978,-2978,0,0,0,75526,0,75526,0,0,72548,2978,75526,0,0,3366545,-3366545,0,0,0,86178865,0,86178865,0,0,82812320,3366545,86178865
2021-12-29,1155,1155,1130,1135,64655,-2.1551724137931036,-3961,2,6870,-2911,0,0,2,63008,1645,64655,3961,0,56138,4556,64655,-4515345,2290,7834245,-3321190,0,0,2290,71718090,1875300,73595680,4515345,0,63883845,5196490,73595680
2021-12-30,1135,1140,1120,1125,91788,-0.881057268722467,-8838,1,15721,-6884,0,0,1,91787,0,91788,8838,0,76066,6884,91788,-10016940,1135,17784080,-7768275,0,0,1135,103425270,0,103426405,10016940,0,85641190,7768275,103426405
2022-01-03,1145,1295,1125,1215,2674232,8.0,0,6756,42982,-49738,0,0,6756,2524334,143142,2674232,0,0,2481352,192880,2674232,0,8174760,55348030,-63522790,0,0,8174760,3054793350,169909595,3232877705,0,0,2999445320,233432385,3232877705
2022-01-04,1215,1225,1180,1210,393103,-0.411522633744856,0,993,-9150,8157,0,0,995,365396,26712,393103,0,2,374546,18555,393103,0,1196600,-10726280,9529680,0,0,1198975,437034985,31789945,470023905,0,2375,447761265,22260265,470023905
2022-01-05,1210,1375,1185,1265,4210562,4.545454545454546,0,0,39798,-39798,0,0,0,4123471,87091,4210562,0,0,4083673,126889,4210562,0,0,55909930,-55909930,0,0,0,5336657290,109471610,5446128900,0,0,5280747360,165381540,5446128900
2022-01-06,1270,1345,1270,1275,2686493,0.7905138339920948,0,-1230,39360,-38130,0,0,0,2585982,100511,2686493,0,1230,2546622,138641,2686493,0,-1581190,52003720,-50422530,0,0,0,3389056260,131621665,3520677925,0,1581190,3337052540,182044195,3520677925
2022-01-07,1285,1295,1255,1280,307191,0.39215686274509803,0,1,-9726,9725,0,0,1,296405,10785,307191,0,0,306131,1060,307191,0,1275,-12403365,12402090,0,0,1275,376704005,13758800,390464080,0,0,389107370,1356710,390464080
2022-01-10,1275,1285,1245,1245,230401,-2.734375,0,-1,4768,-4767,0,0,0,227814,2587,230401,0,1,223046,7354,230401,0,-1260,6080330,-6079070,0,0,0,286684805,3250230,289935035,0,1260,280604475,9329300,289935035
2022-01-11,1255,1265,1210,1235,160586,-0.8032128514056224,0,1,-32134,32133,0,0,1,126854,33731,160586,0,0,158988,1598,160586,0,1225,-39573815,39572590,0,0,1225,155769760,41547240,197318225,0,0,195343575,1974650,197318225
2022-01-12,1275,1275,1245,1270,176800,2.834008097165992,0,-623,-2646,3269,0,0,0,170695,6105,176800,0,623,173341,2836,176800,0,-784980,-3305080,4090060,0,0,0,214780300,7693045,222473345,0,784980,218085380,3602985,222473345
2022-01-13,1260,1275,1230,1250,180369,-1.574803149606299,0,0,5104,-5104,0,0,0,180339,30,180369,0,0,175235,5134,180369,0,0,6420320,-6420320,0,0,0,224871880,37050,224908930,0,0,218451560,6457370,224908930
2022-01-14,1250,1250,1215,1245,80206,-0.4,0,0,2321,-2321,0,0,0,77196,3010,80206,0,0,74875,5331,80206,0,0,2904660,-2904660,0,0,0,95034385,3687135,98721520,0,0,92129725,6591795,98721520
2022-01-17,1240,1240,1205,1215,97466,-2.4096385542168677,0,0,14652,-14652,0,0,0,97466,0,97466,0,0,82814,14652,97466,0,0,17957305,-17957305,0,0,0,119314235,0,119314235,0,0,101356930,17957305,119314235
2022-01-18,1215,1230,1165,1165,221988,-4.11522633744856,0,102,-16577,16475,0,0,102,200600,21286,221988,0,0,217177,4811,221988,0,118870,-19586315,19467445,0,0,118870,239382380,25278955,264780205,0,0,258968695,5811510,264780205
2022-01-19,1165,1280,1155,1175,1075774,0.8583690987124464,0,2,-916,914,0,0,2,1001659,74113,1075774,0,0,1002575,73199,1075774,0,2345,-470670,468325,0,0,2345,1225684195,91026275,1316712815,0,0,1226154865,90557950,1316712815
2022-01-20,1165,1190,1160,1190,154359,1.276595744680851,0,-44,-34060,34104,0,0,0,120093,34266,154359,0,44,154153,162,154359,0,-51835,-39979910,40031745,0,0,0,141207565,40224510,181432075,0,51835,181187475,192765,181432075
2022-01-21,1190,1200,1165,1195,171684,0.42016806722689076,0,415,-2857,2442,0,0,416,156835,14433,171684,0,1,159692,11991,171684,0,495930,-3225980,2730050,0,0,497120,185758985,17054210,203310315,0,1190,188984965,14324160,203310315
2022-01-24,1185,1185,1125,1135,217095,-5.02092050209205,0,-995,-7010,8005,0,0,0,199926,17169,217095,0,995,206936,9164,217095,0,-1136870,-8009360,9146230,0,0,0,228858600,19674005,248532605,0,1136870,236867960,10527775,248532605
2022-01-25,1135,1150,1060,1080,191885,-4.845814977973569,0,0,8332,-8332,0,0,0,184290,7595,191885,0,0,175958,15927,191885,0,0,9217845,-9217845,0,0,0,201959380,8319415,210278795,0,0,192741535,17537260,210278795
2022-01-26,1080,1115,1070,1085,128991,0.4629629629629629,0,-5353,-4153,9506,0,0,0,108852,20139,128991,0,5353,113005,10633,128991,0,-5754475,-4456525,10211000,0,0,0,118147790,21857015,140004805,0,5754475,122604315,11646015,140004805
2022-01-27,1090,1090,1045,1065,171227,-1.8433179723502304,0,0,25521,-25521,0,0,0,170727,500,171227,0,0,145206,26021,171227,0,0,27165430,-27165430,0,0,0,181616285,522500,182138785,0,0,154450855,27687930,182138785
2022-01-28,1070,1120,1055,1115,58561,4.694835680751173,0,0,531,-531,0,0,0,52692,5869,58561,0,0,52161,6400,58561,0,0,803050,-803050,0,0,0,57278650,6239675,63518325,0,0,56475600,7042725,63518325
2022-02-03,1115,1140,1100,1130,122337,1.345291479820628,0,0,-3719,3719,0,0,0,107942,14395,122337,0,0,111661,10676,122337,0,0,-3982590,3982590,0,0,0,121472885,16067405,137540290,0,0,125455475,12084815,137540290
2022-02-04,1130,1145,1115,1145,121526,1.3274336283185841,3870,0,-18923,15053,0,3870,0,102595,15061,121526,0,0,121518,8,121526,4397085,0,-21403870,17006785,0,4397085,0,116004795,17015825,137417705,0,0,137408665,9040,137417705
2022-02-07,1145,1150,1125,1135,62185,-0.8733624454148471,3871,0,-4108,237,0,3871,0,55608,2706,62185,0,0,59716,2469,62185,4417165,0,-4670415,253250,0,4417165,0,63154480,3067205,70638850,0,0,67824895,2813955,70638850
2022-02-08,1140,1335,1120,1165,4213209,2.643171806167401,0,6284,-29804,23520,0,66,6284,4065342,141517,4213209,66,0,4095146,117997,4213209,-485,7226600,-25445415,18219300,0,82455,7226600,5016902715,163927450,5188139220,82940,0,5042348130,145708150,5188139220
2022-02-09,1170,1205,1165,1185,480277,1.7167381974248928,0,0,-120224,120224,0,0,0,330243,150034,480277,0,0,450467,29810,480277,0,0,-142221965,142221965,0,0,0,391819720,177765955,569585675,0,0,534041685,35543990,569585675
2022-02-10,1195,1195,1140,1150,249011,-2.9535864978902953,0,0,13175,-13175,0,0,0,232633,16378,249011,0,0,219458,29553,249011,0,0,15470395,-15470395,0,0,0,270440185,19171250,289611435,0,0,254969790,34641645,289611435
2022-02-11,1145,1150,1135,1135,98748,-1.3043478260869565,0,0,8575,-8575,0,0,0,95347,3401,98748,0,0,86772,11976,98748,0,0,9817190,-9817190,0,0,0,108779145,3875000,112654145,0,0,98961955,13692190,112654145
2022-02-14,1120,1135,1095,1095,121278,-3.524229074889868,0,0,15400,-15400,0,0,0,118755,2523,121278,0,0,103355,17923,121278,0,0,17224635,-17224635,0,0,0,131923825,2806500,134730325,0,0,114699190,20031135,134730325
2022-02-15,1095,1120,1075,1075,164860,-1.82648401826484,0,0,37118,-37118,0,0,0,159710,5150,164860,0,0,122592,42268,164860,0,0,41014105,-41014105,0,0,0,175113790,5578300,180692090,0,0,134099685,46592405,180692090
2022-02-16,1100,1130,1100,1125,134464,4.651162790697675,0,0,13695,-13695,0,0,0,129682,4782,134464,0,0,115987,18477,134464,0,0,15309740,-15309740,0,0,0,145044390,5355560,150399950,0,0,129734650,20665300,150399950
2022-02-17,1130,1145,1115,1135,159988,0.8888888888888888,0,884,-9339,8455,0,0,884,140285,18819,159988,0,0,149624,10364,159988,0,998920,-10633220,9634300,0,0,998920,159009065,21309360,181317345,0,0,169642285,11675060,181317345
2022-02-18,1115,1155,1110,1145,148494,0.881057268722467,0,863,-35535,34672,0,0,863,105433,42198,148494,0,0,140968,7526,148494,0,979500,-39830310,38850810,0,0,979500,119131885,47435280,167546665,0,0,158962195,8584470,167546665
2022-02-21,1140,1145,1120,1145,53942,0.0,0,-5473,-3461,8934,0,0,0,40911,13031,53942,0,5473,44372,4097,53942,0,-6175760,-3922325,10098085,0,0,0,46424870,14741435,61166305,0,6175760,50347195,4643350,61166305
2022-02-22,1130,1190,1120,1165,238667,1.7467248908296942,0,-829,16679,-15850,0,0,0,220990,17677,238667,0,829,204311,33527,238667,0,-940915,19217775,-18276860,0,0,0,254708835,20384820,275093655,0,940915,235491060,38661680,275093655
2022-02-23,1165,1200,1145,1175,405384,0.8583690987124464,0,0,2767,-2767,0,0,0,368962,36422,405384,0,0,366195,39189,405384,0,0,3201635,-3201635,0,0,0,436864085,43163390,480027475,0,0,433662450,46365025,480027475
2022-02-24,1160,1190,1130,1145,239569,-2.553191489361702,0,169,5757,-5926,0,0,170,216328,23071,239569,0,1,210571,28997,239569,0,192630,6775080,-6967710,0,0,193800,249671705,26714540,276580045,0,1170,242896625,33682250,276580045
2022-02-25,1160,1200,1140,1190,330968,3.9301310043668125,0,1454,-52609,51155,0,0,1624,268864,60480,330968,0,170,321473,9325,330968,0,1728940,-62500180,60771240,0,0,1924440,317329325,71656745,390910510,0,195500,379829505,10885505,390910510
2022-02-28,1185,1205,1180,1180,96001,-0.8403361344537815,0,0,20175,-20175,0,0,0,92531,3470,96001,0,0,72356,23645,96001,0,0,23975315,-23975315,0,0,0,110059740,4120500,114180240,0,0,86084425,28095815,114180240
2022-03-02,1180,1305,1170,1225,2937711,3.8135593220338984,0,0,38282,-38282,0,30,0,2707135,230546,2937711,30,0,2668853,268828,2937711,900,0,57271365,-57272265,0,39000,0,3378479455,282561240,3661079695,38100,0,3321208090,339833505,3661079695
2022-03-03,1225,1240,1210,1215,258120,-0.8163265306122449,3455,0,-34974,31519,0,3455,0,215013,39652,258120,0,0,249987,8133,258120,4234445,0,-42843655,38609210,0,4234445,0,262352060,48561675,315148180,0,0,305195715,9952465,315148180
2022-03-04,1220,1230,1205,1225,186029,0.823045267489712,0,0,-27022,27022,0,0,0,154775,31254,186029,0,0,181797,4232,186029,0,0,-33049095,33049095,0,0,0,188883545,38231615,227115160,0,0,221932640,5182520,227115160
2022-03-07,1220,1245,1215,1230,204606,0.40816326530612246,0,-1584,-4662,6246,0,0,0,191678,12928,204606,0,1584,196340,6682,204606,0,-1940820,-5716115,7656935,0,0,0,236114850,15917830,252032680,0,1940820,241830965,8260895,252032680
2022-03-08,1215,1215,1180,1185,142593,-3.6585365853658534,0,-75,9621,-9546,0,0,0,134430,8163,142593,0,75,124809,17709,142593,0,-89250,11609340,-11520090,0,0,0,160432380,9738535,170170915,0,89250,148823040,21258625,170170915
2022-03-10,1185,1345,1185,1220,2376956,2.9535864978902953,0,810,140115,-140925,0,0,810,2255014,121132,2376956,0,0,2114899,262057,2376956,0,980100,181547875,-182527975,0,0,980100,2856243360,151454130,3008677590,0,0,2674695485,333982105,3008677590
2022-03-11,1240,1240,1200,1225,224671,0.4098360655737705,0,774,-40432,39658,0,0,774,183345,40552,224671,0,0,223777,894,224671,0,940410,-49157765,48217355,0,0,940410,222793685,49320075,273054170,0,0,271951450,1102720,273054170
2022-03-14,1215,1255,1210,1250,296269,2.0408163265306123,0,-796,-20509,21305,0,0,0,242735,53534,296269,0,796,263244,32229,296269,0,-983060,-25474080,26457140,0,0,0,299904080,66313205,366217285,0,983060,325378160,39856065,366217285
2022-03-15,1230,1245,1220,1235,145564,-1.2,0,799,-18303,17504,0,0,799,122730,22035,145564,0,0,141033,4531,145564,0,978775,-22700470,21721695,0,0,978775,150723555,27272530,178974860,0,0,173424025,5550835,178974860
2022-03-16,1235,1275,1230,1270,339955,2.834008097165992,0,0,16480,-16480,0,0,0,297969,41986,339955,0,0,281489,58466,339955,0,0,21213015,-21213015,0,0,0,374416455,52513950,426930405,0,0,353203440,73726965,426930405
2022-03-17,1285,1290,1250,1260,215144,-0.7874015748031495,0,0,24431,-24431,0,0,0,206051,9093,215144,0,0,181620,33524,215144,0,0,31193920,-31193920,0,0,0,260654035,11449440,272103475,0,0,229460115,42643360,272103475
2022-03-18,1270,1300,1245,1250,208270,-0.7936507936507936,0,-1,-3359,3360,0,0,0,195881,12389,208270,0,1,199240,9029,208270,0,-1270,-4166825,4168095,0,0,0,247747160,15658105,263405265,0,1270,251913985,11490010,263405265
2022-03-21,1255,1300,1250,1270,162211,1.6,0,0,-28598,28598,0,0,0,125905,36306,162211,0,0,154503,7708,162211,0,0,-36281485,36281485,0,0,0,159693600,46154565,205848165,0,0,195975085,9873080,205848165
2022-03-22,1260,1270,1255,1265,101370,-0.39370078740157477,0,0,-237,237,0,0,0,91649,9721,101370,0,0,91886,9484,101370,0,0,-330390,330390,0,0,0,115791425,12284345,128075770,0,0,116121815,11953955,128075770
2022-03-23,1265,1280,1255,1255,189232,-0.7905138339920948,0,-821,289,532,0,0,0,182684,6548,189232,0,821,182395,6016,189232,0,-1034460,397510,636950,0,0,0,230767375,8287435,239054810,0,1034460,230369865,7650485,239054810
2022-03-24,1260,1310,1260,1300,629950,3.5856573705179287,0,0,-25187,25187,0,0,0,556363,73587,629950,0,0,581550,48400,629950,0,0,-31937330,31937330,0,0,0,719444505,94707240,814151745,0,0,751381835,62769910,814151745
2022-03-25,1305,1330,1275,1280,221170,-1.5384615384615385,0,0,15216,-15216,0,0,0,213529,7641,221170,0,0,198313,22857,221170,0,0,19760050,-19760050,0,0,0,276264070,9838510,286102580,0,0,256504020,29598560,286102580
2022-03-28,1290,1290,1255,1280,127301,0.0,0,0,19277,-19277,0,0,0,126327,974,127301,0,0,107050,20251,127301,0,0,24535710,-24535710,0,0,0,160021450,1232110,161253560,0,0,135485740,25767820,161253560
2022-03-29,1280,1285,1260,1275,88884,-0.390625,0,0,11825,-11825,0,0,0,88369,515,88884,0,0,76544,12340,88884,0,0,14979130,-14979130,0,0,0,111668840,651475,112320315,0,0,96689710,15630605,112320315
2022-03-30,1275,1275,1235,1235,243137,-3.1372549019607843,0,0,-18742,18742,0,0,0,208959,34178,243137,0,0,227701,15436,243137,0,0,-23348855,23348855,0,0,0,261011680,42713315,303724995,0,0,284360535,19364460,303724995
2022-03-31,1235,1265,1235,1255,91006,1.6194331983805668,0,0,3314,-3314,0,0,0,76115,14891,91006,0,0,72801,18205,91006,0,0,4280760,-4280760,0,0,0,95285305,18572705,113858010,0,0,91004545,22853465,113858010
2022-04-01,1255,1290,1245,1255,220571,0.0,0,-488,-33032,33520,0,0,43,172276,48252,220571,0,531,205308,14732,220571,0,-615095,-41602750,42217845,0,0,53965,217843555,60823145,278720665,0,669060,259446305,18605300,278720665
2022-04-04,1255,1305,1250,1280,237359,1.9920318725099602,-5598,0,14859,-9261,0,0,0,230443,6916,237359,5598,0,215584,16177,237359,-7065700,0,19153780,-12088080,0,0,0,294815510,8748125,303563635,7065700,0,275661730,20836205,303563635
2022-04-05,1280,1295,1255,1290,426105,0.78125,-5598,0,7503,-1905,0,0,0,388164,37941,426105,5598,0,380661,39846,426105,-7078690,0,9500810,-2422120,0,0,0,492318940,48024210,540343150,7078690,0,482818130,50446330,540343150
2022-04-06,1290,1290,1270,1280,72800,-0.7751937984496124,0,-819,953,-134,0,0,0,70683,2117,72800,0,819,69730,2251,72800,0,-1044225,1226705,-182480,0,0,0,90232860,2700310,92933170,0,1044225,89006155,2882790,92933170
2022-04-07,1270,1275,1225,1230,187619,-3.90625,0,-738,20877,-20139,0,0,0,174975,12644,187619,0,738,154098,32783,187619,0,-911430,26182390,-25270960,0,0,0,217541155,15729110,233270265,0,911430,191358765,41000070,233270265
2022-04-08,1230,1245,1220,1225,83329,-0.40650406504065045,0,-82,19941,-19859,0,0,0,82217,1112,83329,0,82,62276,20971,83329,0,-100860,24562860,-24462000,0,0,0,100975060,1367280,102342340,0,100860,76412200,25829280,102342340
2022-04-11,1220,1250,1220,1240,72657,1.2244897959183674,0,0,-12916,12916,0,0,0,54306,18351,72657,0,0,67222,5435,72657,0,0,-15873710,15873710,0,0,0,67148275,22613110,89761385,0,0,83021985,6739400,89761385
2022-04-12,1210,1245,1210,1225,100105,-1.2096774193548387,0,0,-486,486,0,0,0,92356,7749,100105,0,0,92842,7263,100105,0,0,-573810,573810,0,0,0,112722580,9485250,122207830,0,0,113296390,8911440,122207830
2022-04-13,1235,1310,1225,1275,708970,4.081632653061225,-18128,0,-17407,35535,0,0,0,610959,98011,708970,18128,0,628366,62476,708970,-22569360,0,-21300475,43869835,0,0,0,778076135,124120830,902196965,22569360,0,799376610,80250995,902196965
2022-04-14,1275,1400,1265,1360,3187463,6.666666666666667,0,23303,58894,-82197,0,4,23719,2977776,185964,3187463,4,416,2918882,268161,3187463,-160,32044160,87330445,-119374445,0,5360,32607840,4023527520,246937850,4303078570,5520,563680,3936197075,366312295,4303078570
2022-04-15,1360,1370,1315,1340,786539,-1.4705882352941175,0,0,-105447,105447,0,0,0,642094,144445,786539,0,0,747541,38998,786539,0,0,-140491790,140491790,0,0,0,854540940,192570070,1047111010,0,0,995032730,52078280,1047111010
2022-04-18,1335,1580,1325,1390,14562412,3.731343283582089,20384,-13406,256238,-263216,0,20420,6594,14029389,506009,14562412,36,20000,13773151,769225,14562412,28434420,-19483080,368134495,-377085835,0,28488420,9429420,20230385510,725553580,20993856930,54000,28912500,19862251015,1102639415,20993856930
2022-04-19,1390,1420,1360,1390,1330850,0.0,-20384,-6594,-163178,190156,0,0,0,1061936,268914,1330850,20384,6594,1225114,78758,1330850,-28333760,-9033780,-225816770,263184310,0,0,0,1471086725,373158460,1844245185,28333760,9033780,1696903495,109974150,1844245185
2022-04-20,1400,1420,1380,1390,1092736,0.0,0,0,156510,-156510,0,0,0,1005521,87215,1092736,0,0,849011,243725,1092736,0,0,220362550,-220362550,0,0,0,1406148555,121870290,1528018845,0,0,1185786005,342232840,1528018845
2022-04-21,1395,1530,1345,1355,9966692,-2.5179856115107913,0,0,612435,-612435,0,0,0,9538988,427704,9966692,0,0,8926553,1040139,9966692,0,0,920660290,-920660290,0,0,0,13802677040,605205055,14407882095,0,0,12882016750,1525865345,14407882095
2022-04-22,1350,1760,1320,1760,29491455,29.88929889298893,130993,32750,307341,-471084,0,131089,212813,27427011,1720542,29491455,96,180063,27119670,2191626,29491455,230547300,53867785,528404900,-812819985,0,230704675,330279480,43108699955,2527369700,46197053810,157375,276411695,42580295055,3340189685,46197053810
2022-04-25,1965,2285,1855,2005,89288277,13.920454545454545,-1726993,-21511,2207821,-459317,0,15194,101798,88129300,1041985,89288277,1742187,123309,85921479,1501302,89288277,-3569437240,-41470400,4568336000,-957428360,0,31077445,217558250,184379533995,2168260705,186796430395,3600514685,259028650,179811197995,3125689065,186796430395
2022-04-26,2060,2240,1900,2005,30943925,0.0,-279067,64708,283753,-69394,0,26933,102190,30285505,529297,30943925,306000,37482,30001752,598691,30943925,-557414335,131639250,561775275,-136000190,0,54000665,208618300,61814005650,1070205095,63146829710,611415000,76979050,61252230375,1206205285,63146829710
2022-04-27,2040,2155,1770,1815,19455203,-9.476309226932669,-24933,-46635,160852,-89284,0,0,8033,19017732,429438,19455203,24933,54668,18856880,518722,19455203,-51444845,-95408755,355124330,-208270730,0,0,16455445,37617877090,834006785,38468339320,51444845,111864200,37262752760,1042277515,38468339320
2022-04-28,1850,1890,1730,1795,9145238,-1.1019283746556474,0,4071,-95650,91579,0,0,6758,8251209,887271,9145238,0,2687,8346859,795692,9145238,0,7401660,-140183735,132782075,0,0,12151385,14974907575,1594927500,16581986460,0,4749725,15115091310,1462145425,16581986460
2022-04-29,1795,1795,1690,1730,4746778,-3.6211699164345403,0,1948,-197100,195152,0,0,1948,4354024,390806,4746778,0,0,4551124,195654,4746778,0,3457205,-338787020,335329815,0,0,3457205,7528110225,676277820,8207845250,0,0,7866897245,340948005,8207845250
2022-05-02,1725,1935,1725,1840,37851653,6.358381502890173,0,1685,243331,-245016,0,52717,8607,36521822,1268507,37851653,52717,6922,36278491,1513523,37851653,-4215260,2619690,460843000,-459247430,0,93576545,15749620,67779568130,2321445430,70210339725,97791805,13129930,67318725130,2780692860,70210339725
2022-05-03,1870,1905,1735,1750,6472994,-4.891304347826087,-1001,8811,-69435,61625,0,0,10519,5955695,506780,6472994,1001,1708,6025130,445155,6472994,-1751750,15700655,-127890425,113941520,0,0,18860455,10719222605,922658710,11660741770,1751750,3159800,10847113030,808717190,11660741770
2022-05-04,1760,1765,1590,1595,3948566,-8.857142857142856,0,1623,37684,-39307,0,0,1623,3617250,329693,3948566,0,0,3579566,369000,3948566,0,2686065,63421840,-66107905,0,0,2686065,5907078800,537794355,6447559220,0,0,5843656960,603902260,6447559220
2022-05-06,1585,1640,1545,1615,4225849,1.2539184952978055,0,115,462,-577,0,0,115,4020888,204846,4225849,0,0,4020426,205423,4225849,0,182275,3207445,-3389720,0,0,182275,6649919210,325772150,6975873635,0,0,6646711765,329161870,6975873635
2022-05-09,1680,1720,1580,1635,5764769,1.238390092879257,0,1780,117634,-119414,0,0,2638,5535380,226751,5764769,0,858,5417746,346165,5764769,0,2932320,200700705,-203633025,0,0,4352860,9208245965,379763080,9592361905,0,1420540,9007545260,583396105,9592361905
2022-05-10,1655,1690,1535,1550,2772989,-5.198776758409786,0,1285,-34917,33632,0,0,1285,2647091,124613,2772989,0,0,2682008,90981,2772989,0,2031375,-56975565,54944190,0,0,2031375,4254359255,202421415,4458812045,0,0,4311334820,147477225,4458812045
2022-05-11,1550,1660,1520,1580,4031136,1.935483870967742,0,3730,-238706,234976,0,0,3730,3380262,647144,4031136,0,0,3618968,412168,4031136,0,6026970,-372165355,366138385,0,0,6026970,5413918770,1025338415,6445284155,0,0,5786084125,659200030,6445284155
2022-05-12,1555,1630,1480,1480,1694270,-6.329113924050633,0,994,-25513,24519,0,0,2000,1506252,186018,1694270,0,1006,1531765,161499,1694270,0,1516060,-33384585,31868525,0,0,3100000,2328189165,283332040,2614621205,0,1583940,2361573750,251463515,2614621205
2022-05-13,1485,1520,1465,1485,1270196,0.33783783783783783,0,470,-113309,112839,0,0,470,1063954,205772,1270196,0,0,1177263,92933,1270196,0,699680,-166363510,165663830,0,0,699680,1578384330,304158395,1883242405,0,0,1744747840,138494565,1883242405
2022-05-16,1500,1600,1500,1575,3882558,6.0606060606060606,0,-1022,-350971,351993,0,0,0,3187510,695048,3882558,0,1022,3538481,343055,3882558,0,-1615145,-543123850,544738995,0,0,0,4985976445,1081196920,6067173365,0,1615145,5529100295,536457925,6067173365
2022-05-17,1575,1585,1530,1555,1264073,-1.2698412698412698,0,1273,-143275,142002,0,0,1319,1046997,215757,1264073,0,46,1190272,73755,1264073,0,1965405,-220368570,218403165,0,0,2037855,1621163040,332810955,1956011850,0,72450,1841531610,114407790,1956011850
2022-05-18,1565,1565,1515,1535,1063743,-1.2861736334405145,0,0,61989,-61989,0,0,1000,992673,70070,1063743,0,1000,930684,132059,1063743,0,0,95416505,-95416505,0,0,1530000,1522274725,107597565,1631402290,0,1530000,1426858220,203014070,1631402290
2022-05-19,1475,1515,1470,1490,875304,-2.9315960912052117,0,2605,-49461,46856,0,0,2605,750948,121751,875304,0,0,800409,74895,875304,0,3871460,-74049415,70177955,0,0,3871460,1120038595,182146430,1306056485,0,0,1194088010,111968475,1306056485
2022-05-20,1485,1715,1475,1590,12175727,6.7114093959731544,0,-9452,255195,-245743,0,0,7096,11304889,863742,12175727,0,16548,11049694,1109485,12175727,0,-15665335,435284370,-419619035,0,0,11374625,18308520985,1367228940,19687124550,0,27039960,17873236615,1786847975,19687124550
2022-05-23,1595,1825,1510,1570,16629273,-1.257861635220126,17078,510,256971,-274559,0,17078,5633,16139783,466779,16629273,0,5123,15882812,741338,16629273,26727070,385520,417622420,-444735010,0,26727070,9174140,26987267545,756626160,27779794915,0,8788620,26569645125,1201361170,27779794915
2022-05-24,1555,1740,1555,1610,18946180,2.547770700636943,-17078,2233,95000,-80155,0,0,13805,17519691,1412684,18946180,17078,11572,17424691,1492839,18946180,-28469080,3069845,194350700,-168951465,0,0,23002585,29170098495,2313421570,31506522650,28469080,19932740,28975747795,2482373035,31506522650
2022-05-25,1605,1635,1515,1520,2547026,-5.590062111801243,0,1610,37971,-39581,0,0,1610,2465998,79418,2547026,0,0,2428027,118999,2547026,0,2494155,62713325,-65207480,0,0,2494155,3858393150,123448450,3984335755,0,0,3795679825,188655930,3984335755
2022-05-26,1535,1580,1475,1480,2039004,-2.631578947368421,0,3288,73386,-76674,0,0,3288,1939519,96197,2039004,0,0,1866133,172871,2039004,0,4940445,115857895,-120798340,0,0,4940445,2956384055,144507930,3105832430,0,0,2840526160,265306270,3105832430
2022-05-27,1510,1660,1510,1595,14043468,7.77027027027027,0,11618,-1084748,1073130,0,36,72283,11548267,2422882,14043468,36,60665,12633015,1349752,14043468,180,19167470,-1710325560,1691157910,0,59220,115800670,18669670040,3885467020,22670996950,59040,96633200,20379995600,2194309110,22670996950
2022-05-30,1595,1650,1590,1615,2083756,1.2539184952978055,0,2599,-167037,164438,0,0,3462,1734825,345469,2083756,0,863,1901862,181031,2083756,0,4233210,-269750365,265517155,0,0,5644215,2817478300,560324430,3383446945,0,1411005,3087228665,294807275,3383446945
2022-05-31,1635,1695,1590,1650,4528275,2.1671826625387,0,-1760,178299,-176539,0,0,600,4181705,345970,4528275,0,2360,4003406,522509,4528275,0,-2878850,302511415,-299632565,0,0,960000,6900046410,566603685,7467610095,0,3838850,6597534995,866236250,7467610095
2022-06-02,1660,1660,1595,1600,1757257,-3.0303030303030303,0,275,211014,-211289,0,0,275,1620731,136251,1757257,0,0,1409717,347540,1757257,0,444290,340542575,-340986865,0,0,444290,2617379975,220267700,2838091965,0,0,2276837400,561254565,2838091965
2022-06-03,1610,1760,1600,1650,10614345,3.125,0,79,45690,-45769,0,0,2559,9659539,952247,10614345,0,2480,9613849,998016,10614345,0,-127135,101785650,-101658515,0,0,4125670,16457271850,1602190450,18063587970,0,4252805,16355486200,1703848965,18063587970
2022-06-07,1645,1715,1610,1635,3782316,-0.9090909090909091,0,-4838,518565,-513727,0,0,44,3628250,154022,3782316,0,4882,3109685,667749,3782316,0,-8185615,873063935,-864878320,0,0,74140,6072967125,254698720,6327739985,0,8259755,5199903190,1119577040,6327739985
2022-06-08,1635,1635,1530,1555,2407407,-4.892966360856269,0,4647,268124,-272771,0,0,6647,2242946,157814,2407407,0,2000,1974822,430585,2407407,0,7294395,424941580,-432235975,0,0,10444395,3533022985,248553900,3792021280,0,3150000,3108081405,680789875,3792021280
2022-06-09,1530,1555,1490,1505,1807638,-3.215434083601286,0,0,-14168,14168,0,0,0,1643914,163724,1807638,0,0,1658082,149556,1807638,0,0,-21332115,21332115,0,0,0,2481671565,248296235,2729967800,0,0,2503003680,226964120,2729967800
2022-06-10,1490,1520,1445,1495,1137063,-0.6644518272425249,0,0,33773,-33773,0,0,0,1052522,84541,1137063,0,0,1018749,118314,1137063,0,0,50815865,-50815865,0,0,0,1566946870,125694265,1692641135,0,0,1516131005,176510130,1692641135
2022-06-13,1465,1680,1460,1650,14481256,10.367892976588628,0,1200,-667562,666362,0,0,2603,12697615,1781038,14481256,0,1403,13365177,1114676,14481256,0,1834620,-1077728785,1075894165,0,0,4143435,20507127030,2874969415,23386239880,0,2308815,21584855815,1799075250,23386239880
2022-06-14,1590,1650,1500,1555,2709258,-5.757575757575758,0,6190,10073,-16263,0,0,6967,2426099,276192,2709258,0,777,2416026,292455,2709258,0,9491170,17523490,-27014660,0,0,10691635,3788918010,429406630,4229016275,0,1200465,3771394520,456421290,4229016275
2022-06-15,1540,1710,1535,1605,12078810,3.215434083601286,0,-7666,-41090,48756,0,0,7089,10950061,1121660,12078810,0,14755,10991151,1072904,12078810,0,-12532465,-45626745,58159210,0,0,11855855,18043237805,1824722545,19879816205,0,24388320,18088864550,1766563335,19879816205
2022-06-16,1645,1675,1550,1655,3433632,3.115264797507788,0,-5140,-436899,442039,0,0,0,2702657,730975,3433632,0,5140,3139556,288936,3433632,0,-8511000,-703929010,712440010,0,0,0,4422470260,1186320390,5608790650,0,8511000,5126399270,473880380,5608790650
2022-06-17,1700,1855,1635,1685,16644758,1.812688821752266,0,-6192,603043,-596851,0,0,10221,15970028,664509,16644758,0,16413,15366985,1261360,16644758,0,-10659665,1102852770,-1092193105,0,0,17689660,28073591620,1141895815,29233177095,0,28349325,26970738850,2234088920,29233177095
2022-06-20,1680,1835,1640,1680,14235241,-0.2967359050445104,81923,-2557,48473,-127839,0,81923,3839,13304733,844746,14235241,0,6396,13256260,972585,14235241,140190560,-4530910,107475340,-243134990,0,140190560,6753465,23368257750,1460598210,24975799985,0,11284375,23260782410,1703733200,24975799985
2022-06-21,1680,1705,1600,1640,3725983,-2.380952380952381,-81923,0,311337,-229414,0,0,0,3543449,182534,3725983,81923,0,3232112,411948,3725983,-137474865,0,516134560,-378659695,0,0,0,5806105915,301114275,6107220190,137474865,0,5289971355,679773970,6107220190
2022-06-22,1645,1730,1370,1370,6887372,-16.463414634146343,0,1789,-237461,235672,0,0,1789,6179154,706429,6887372,0,0,6416615,470757,6887372,0,2629630,-319114905,316485275,0,0,2629630,9861708670,1079002950,10943341250,0,0,10180823575,762517675,10943341250
2022-06-23,1410,1470,1240,1250,5053539,-8.75912408759124,0,340,-441645,441305,0,0,10417,3833087,1210035,5053539,0,10077,4274732,768730,5053539,0,628970,-541428420,540799450,0,0,14709720,5138381370,1587309630,6740400720,0,14080750,5679809790,1046510180,6740400720
2022-06-24,1230,1310,1225,1290,1434540,3.2,0,0,-50321,50321,0,0,0,1222351,212189,1434540,0,0,1272672,161868,1434540,0,0,-62814980,62814980,0,0,0,1565247745,270406680,1835654425,0,0,1628062725,207591700,1835654425
2022-06-27,1300,1380,1300,1350,1253528,4.651162790697675,0,0,-239919,239919,0,0,0,904693,348835,1253528,0,0,1144612,108916,1253528,0,0,-322751235,322751235,0,0,0,1222521695,469112705,1691634400,0,0,1545272930,146361470,1691634400
2022-06-28,1350,1400,1320,1370,1920737,1.4814814814814816,0,4990,136084,-141074,0,0,4990,1700627,215120,1920737,0,0,1564543,356194,1920737,0,6711550,187551135,-194262685,0,0,6711550,2306262795,291978625,2604952970,0,0,2118711660,486241310,2604952970
2022-06-29,1400,1425,1345,1405,1776393,2.5547445255474455,0,230,107522,-107752,0,0,230,1559693,216470,1776393,0,0,1452171,324222,1776393,0,311650,147749775,-148061425,0,0,311650,2171659665,302797575,2474768890,0,0,2023909890,450859000,2474768890
2022-06-30,1410,1415,1350,1355,695789,-3.558718861209965,0,0,29816,-29816,0,0,0,648556,47233,695789,0,0,618740,77049,695789,0,0,40985370,-40985370,0,0,0,887165610,64827810,951993420,0,0,846180240,105813180,951993420
2022-07-01,1345,1375,1230,1245,1691610,-8.118081180811808,0,2120,-28309,26189,0,0,5718,1421810,264082,1691610,0,3598,1450119,237893,1691610,0,2895720,-32603250,29707530,0,0,7357240,1809819660,334214695,2151391595,0,4461520,1842422910,304507165,2151391595
2022-07-04,1245,1280,1165,1190,1152603,-4.417670682730924,0,-1038,-127627,128665,0,0,555,862721,289327,1152603,0,1593,990348,160662,1152603,0,-1330440,-151203505,152533945,0,0,668775,1050662800,350502425,1401834000,0,1999215,1201866305,197968480,1401834000
2022-07-05,1275,1355,1235,1330,2602288,11.76470588235294,0,-380,-370197,370577,0,0,0,1908174,694114,2602288,0,380,2278371,323537,2602288,0,-503645,-486295040,486798685,0,0,0,2496346270,910132695,3406478965,0,503645,2982641310,423334010,3406478965
2022-07-06,1345,1350,1285,1330,872791,0.0,0,0,-43577,43577,0,0,0,737393,135398,872791,0,0,780970,91821,872791,0,0,-55119275,55119275,0,0,0,974962135,177269910,1152232045,0,0,1030081410,122150635,1152232045
2022-07-07,1350,1365,1325,1335,623243,0.37593984962406013,0,0,-12988,12988,0,0,0,552636,70607,623243,0,0,565624,57619,623243,0,0,-17516485,17516485,0,0,0,738042945,94537985,832580930,0,0,755559430,77021500,832580930
2022-07-08,1350,1410,1330,1365,1802549,2.247191011235955,0,0,110586,-110586,0,0,0,1735246,67303,1802549,0,0,1624660,177889,1802549,0,0,152841255,-152841255,0,0,0,2370694335,91481685,2462176020,0,0,2217853080,244322940,2462176020
2022-07-11,1385,1405,1345,1355,5669432,-0.7326007326007326,0,31511,491844,-523355,0,0,31511,5176829,461092,5669432,0,0,4684985,984447,5669432,0,42859590,672321095,-715180685,0,0,42859590,7102206760,632688810,7777755160,0,0,6429885665,1347869495,7777755160
2022-07-12,1365,1375,1240,1260,3360509,-7.011070110701106,0,30370,43421,-73791,0,0,30372,3120841,209296,3360509,0,2,3077420,283087,3360509,0,39636340,46822465,-86458805,0,0,39638860,4107235705,282356005,4429230570,0,2520,4060413240,368814810,4429230570
2022-07-13,1255,1315,1215,1270,1184227,0.7936507936507936,0,-53934,71512,-17578,0,0,0,1093984,90243,1184227,0,53934,1022472,107821,1184227,0,-66209720,89948890,-23739170,0,0,0,1374644995,111753515,1486398510,0,66209720,1284696105,135492685,1486398510
2022-07-14,1270,1280,1230,1250,611657,-1.574803149606299,0,0,-64751,64751,0,0,0,526239,85418,611657,0,0,590990,20667,611657,0,0,-81131980,81131980,0,0,0,659961640,107074710,767036350,0,0,741093620,25942730,767036350
2022-07-15,1250,1260,1205,1225,395225,-2.0,0,0,-15876,15876,0,0,0,353925,41300,395225,0,0,369801,25424,395225,0,0,-19434215,19434215,0,0,0,433531060,50576870,484107930,0,0,452965275,31142655,484107930
2022-07-18,1230,1250,1230,1250,245847,2.0408163265306123,0,0,-69801,69801,0,0,0,167062,78785,245847,0,0,236863,8984,245847,0,0,-86639110,86639110,0,0,0,207411050,97773405,305184455,0,0,294050160,11134295,305184455
2022-07-19,1250,1250,1215,1250,265311,0.0,0,0,-36416,36416,0,0,0,221886,43425,265311,0,0,258302,7009,265311,0,0,-44688360,44688360,0,0,0,273870440,53366580,327237020,0,0,318558800,8678220,327237020
2022-07-20,1255,1285,1235,1240,531754,-0.8,0,0,-58294,58294,0,0,0,461107,70647,531754,0,0,519401,12353,531754,0,0,-73384775,73384775,0,0,0,580169940,89026390,669196330,0,0,653554715,15641615,669196330
2022-07-21,1245,1275,1235,1270,708583,2.4193548387096775,0,0,-2125,2125,0,0,0,652666,55917,708583,0,0,654791,53792,708583,0,0,-2467705,2467705,0,0,0,821465990,69948725,891414715,0,0,823933695,67481020,891414715
2022-07-22,1260,1275,1240,1260,410237,-0.7874015748031495,0,671,-19651,18980,0,0,671,358764,50802,410237,0,0,378415,31822,410237,0,837515,-24715205,23877690,0,0,837515,450331590,63949075,515118180,0,0,475046795,40071385,515118180
2022-07-25,1255,1270,1235,1235,343591,-1.984126984126984,0,-1606,27212,-25606,0,0,0,324673,18918,343591,0,1606,297461,44524,343591,0,-1999470,34032825,-32033355,0,0,0,405793500,23658655,429452155,0,1999470,371760675,55692010,429452155
2022-07-26,1235,1265,1235,1260,310524,2.0242914979757085,0,1,-14813,14812,0,0,1,279582,30941,310524,0,0,294395,16129,310524,0,1260,-18725600,18724340,0,0,1260,350505775,38900275,389407310,0,0,369231375,20175935,389407310
2022-07-27,1255,1280,1250,1265,370223,0.3968253968253968,0,0,-52033,52033,0,0,0,312974,57249,370223,0,0,365007,5216,370223,0,0,-65779935,65779935,0,0,0,395683605,72342745,468026350,0,0,461463540,6562810,468026350
2022-07-28,1265,1275,1215,1225,1034749,-3.1620553359683794,0,1,39731,-39732,0,0,1,938622,96126,1034749,0,0,898891,135858,1034749,0,1240,46982270,-46983510,0,0,1240,1161092495,120551400,1281645135,0,0,1114110225,167534910,1281645135
2022-07-29,1225,1240,1210,1220,622091,-0.40816326530612246,0,0,13748,-13748,0,0,0,598563,23528,622091,0,0,584815,37276,622091,0,0,16809590,-16809590,0,0,0,729819780,28672750,758492530,0,0,713010190,45482340,758492530
2022-08-01,1220,1225,1205,1215,257081,-0.4098360655737705,0,0,23649,-23649,0,0,0,232955,24126,257081,0,0,209306,47775,257081,0,0,28630855,-28630855,0,0,0,283328395,29417970,312746365,0,0,254697540,58048825,312746365
2022-08-02,1210,1220,1200,1205,357767,-0.823045267489712,0,0,11945,-11945,0,0,0,332009,25758,357767,0,0,320064,37703,357767,0,0,14496990,-14496990,0,0,0,401173775,31167740,432341515,0,0,386676785,45664730,432341515
2022-08-03,1205,1320,1195,1230,5660587,2.0746887966804977,0,9937,329342,-339279,0,0,11874,5519774,128939,5660587,0,1937,5190432,468218,5660587,0,12478070,419060585,-431538655,0,0,14909715,6975977550,161322505,7152209770,0,2431645,6556916965,592861160,7152209770
2022-08-04,1235,1235,1210,1220,653845,-0.8130081300813009,0,0,6548,-6548,0,0,0,599291,54554,653845,0,0,592743,61102,653845,0,0,8070995,-8070995,0,0,0,731569480,66713750,798283230,0,0,723498485,74784745,798283230
2022-08-05,1220,1225,1200,1205,559144,-1.2295081967213115,0,0,6406,-6406,0,0,0,526237,32907,559144,0,0,519831,39313,559144,0,0,7853235,-7853235,0,0,0,636410760,39755625,676166385,0,0,628557525,47608860,676166385
2022-08-08,1200,1215,1200,1210,304388,0.4149377593360996,0,0,6216,-6216,0,0,0,279172,25216,304388,0,0,272956,31432,304388,0,0,7472790,-7472790,0,0,0,336678855,30478610,367157465,0,0,329206065,37951400,367157465
2022-08-09,1200,1220,1200,1210,405659,0.0,0,0,-29041,29041,0,0,0,357688,47971,405659,0,0,386729,18930,405659,0,0,-35173580,35173580,0,0,0,432694375,58083220,490777595,0,0,467867955,22909640,490777595
2022-08-10,1210,1215,1195,1195,313499,-1.2396694214876034,0,836,14642,-15478,0,0,836,307460,5203,313499,0,0,292818,20681,313499,0,999020,17692550,-18691570,0,0,999020,369392700,6243590,376635310,0,0,351700150,24935160,376635310
2022-08-11,1200,1500,1200,1255,26574567,5.02092050209205,0,20505,-50450,29945,0,0,49450,25630191,894926,26574567,0,28945,25680641,864981,26574567,0,26889365,-36302205,9412840,0,0,67859520,35130909395,1175220680,36373989595,0,40970155,35167211600,1165807840,36373989595
2022-08-12,1265,1300,1245,1270,2904417,1.1952191235059761,0,-7466,-379933,387399,0,0,1,2260927,643489,2904417,0,7467,2640860,256090,2904417,0,-9451990,-478242035,487694025,0,0,1285,2878881005,813864040,3692746330,0,9453275,3357123040,326170015,3692746330
2022-08-16,1285,1295,1250,1265,1474407,-0.39370078740157477,0,437,254300,-254737,0,0,440,1446749,27218,1474407,0,3,1192449,281955,1474407,0,555005,324328585,-324883590,0,0,558800,1835337150,34414460,1870310410,0,3795,1511008565,359298050,1870310410
2022-08-17,1265,1350,1260,1285,5945761,1.5810276679841897,0,1444,327644,-329088,0,11,1444,5727537,216769,5945761,11,0,5399893,545857,5945761,55,1841100,431633670,-433474825,0,14740,1841100,7448112175,277822135,7727790150,14685,0,7016478505,711296960,7727790150
2022-08-18,1275,1285,1260,1275,962389,-0.7782101167315175,0,2118,96406,-98524,0,0,2118,912129,48142,962389,0,0,815723,146666,962389,0,2689860,122878895,-125568755,0,0,2689860,1161033635,61169320,1224892815,0,0,1038154740,186738075,1224892815
2022-08-19,1285,1315,1270,1275,1730200,0.0,0,-2019,24827,-22808,0,0,111,1668284,61805,1730200,0,2130,1643457,84613,1730200,0,-2560245,31957350,-29397105,0,0,144855,2152188025,79829550,2232162430,0,2705100,2120230675,109226655,2232162430
2022-08-22,1275,1310,1270,1290,1622798,1.1764705882352942,0,50,-68961,68911,0,0,50,1508923,113825,1622798,0,0,1577884,44914,1622798,0,64250,-88945715,88881465,0,0,64250,1943102810,146625655,2089792715,0,0,2032048525,57744190,2089792715
2022-08-23,1285,1290,1255,1265,961719,-1.937984496124031,0,0,28037,-28037,0,0,0,935005,26714,961719,0,0,906968,54751,961719,0,0,35715355,-35715355,0,0,0,1190904850,34109515,1225014365,0,0,1155189495,69824870,1225014365
2022-08-24,1270,1290,1260,1275,871030,0.7905138339920948,0,0,-88091,88091,0,0,0,737368,133662,871030,0,0,825459,45571,871030,0,0,-113198335,113198335,0,0,0,940540845,171163580,1111704425,0,0,1053739180,57965245,1111704425
2022-08-25,1285,1315,1280,1295,885263,1.5686274509803921,0,0,-106135,106135,0,0,0,770946,114317,885263,0,0,877081,8182,885263,0,0,-137263110,137263110,0,0,0,997308020,147856225,1145164245,0,0,1134571130,10593115,1145164245
2022-08-26,1300,1310,1280,1290,831287,-0.3861003861003861,0,3000,-57396,54396,0,0,3000,740337,87950,831287,0,0,797733,33554,831287,0,3895000,-75056140,71161140,0,0,3895000,957444440,114467945,1075807385,0,0,1032500580,43306805,1075807385
2022-08-29,1255,1260,1225,1230,714400,-4.651162790697675,0,-3000,37246,-34246,0,0,0,697379,17021,714400,0,3000,660133,51267,714400,0,-3720000,46153120,-42433120,0,0,0,862014545,20992690,883007235,0,3720000,815861425,63425810,883007235
2022-08-30,1245,1315,1235,1250,2806443,1.6260162601626018,0,0,205451,-205451,0,0,0,2656009,150434,2806443,0,0,2450558,355885,2806443,0,0,266198380,-266198380,0,0,0,3386391870,189812505,3576204375,0,0,3120193490,456010885,3576204375
2022-08-31,1235,1255,1210,1250,631753,0.0,0,0,-44409,44409,0,0,0,573867,57886,631753,0,0,618276,13477,631753,0,0,-54865455,54865455,0,0,0,710045640,71646700,781692340,0,0,764911095,16781245,781692340
2022-09-01,1240,1250,1215,1225,552985,-2.0,0,0,55250,-55250,0,0,0,542625,10360,552985,0,0,487375,65610,552985,0,0,67724565,-67724565,0,0,0,666927930,12833065,679760995,0,0,599203365,80557630,679760995
2022-09-02,1230,1235,1210,1210,346384,-1.2244897959183674,0,0,52735,-52735,0,0,0,342439,3945,346384,0,0,289704,56680,346384,0,0,64412470,-64412470,0,0,0,416822690,4791225,421613915,0,0,352410220,69203695,421613915
2022-09-05,1190,1205,1170,1180,665463,-2.479338842975207,0,5254,-21026,15772,0,0,5254,574594,85615,665463,0,0,595620,69843,665463,0,6149720,-24708705,18558985,0,0,6149720,679941495,101356125,787447340,0,0,704650200,82797140,787447340
2022-09-06,1180,1195,1155,1180,423559,0.0,851,0,-18902,18051,0,851,0,389845,32863,423559,0,0,408747,14812,423559,999925,0,-22026515,21026590,0,999925,0,457355435,38418530,496773890,0,0,479381950,17391940,496773890
2022-09-07,1175,1180,1120,1130,787709,-4.23728813559322,0,0,87413,-87413,0,0,0,774056,13653,787709,0,0,686643,101066,787709,0,0,99341760,-99341760,0,0,0,879442135,15503370,894945505,0,0,780100375,114845130,894945505
2022-09-08,1140,1160,1125,1135,323486,0.4424778761061947,0,300,-42582,42282,0,0,300,250531,72655,323486,0,0,293113,30373,323486,0,339000,-48806020,48467020,0,0,339000,286046885,83123585,369509470,0,0,334852905,34656565,369509470
2022-09-13,1145,1170,1135,1165,446349,2.643171806167401,0,0,-82222,82222,0,0,0,358842,87507,446349,0,0,441064,5285,446349,0,0,-95234580,95234580,0,0,0,414899960,101337690,516237650,0,0,510134540,6103110,516237650
2022-09-14,1125,1195,1120,1195,646942,2.575107296137339,-851,0,-77609,78460,0,0,0,519415,127527,646942,851,0,597024,49067,646942,-1008435,0,-87226895,88235330,0,0,0,603656960,145897840,749554800,1008435,0,690883855,57662510,749554800
2022-09-15,1190,1220,1175,1180,524976,-1.2552301255230125,0,3000,68567,-71567,0,0,3000,496096,25880,524976,0,0,427529,97447,524976,0,3615000,81667125,-85282125,0,0,3615000,592447960,30945400,627008360,0,0,510780835,116227525,627008360
2022-09-16,1165,1185,1135,1140,738614,-3.389830508474576,0,-6091,29051,-22960,0,0,300,702547,35767,738614,0,6391,673496,58727,738614,0,-7002695,33383350,-26380655,0,0,345000,810259075,41510325,852114400,0,7347695,776875725,67890980,852114400
2022-09-19,1135,1135,1075,1080,715919,-5.263157894736842,0,0,14950,-14950,0,0,0,652991,62928,715919,0,0,638041,77878,715919,0,0,17428415,-17428415,0,0,0,722827240,69078195,791905435,0,0,705398825,86506610,791905435
2022-09-20,1075,1120,1075,1100,394532,1.8518518518518516,0,0,-118613,118613,0,0,0,253076,141456,394532,0,0,371689,22843,394532,0,0,-131209460,131209460,0,0,0,279412485,156263035,435675520,0,0,410621945,25053575,435675520
2022-09-21,1085,1115,1085,1095,346260,-0.45454545454545453,0,0,-96343,96343,0,0,0,233407,112853,346260,0,0,329750,16510,346260,0,0,-106191760,106191760,0,0,0,255902715,124302760,380205475,0,0,362094475,18111000,380205475
2022-09-22,1080,1155,1075,1120,863473,2.28310502283105,0,0,15048,-15048,0,0,836,731286,131351,863473,0,836,716238,146399,863473,0,12030,18725505,-18737535,0,0,957220,820581515,146481025,968019760,0,945190,801856010,165218560,968019760
2022-09-23,1105,1140,1060,1065,482235,-4.910714285714286,0,409,49778,-50187,0,0,409,442014,39812,482235,0,0,392236,89999,482235,0,447585,54719810,-55167395,0,0,447585,478806430,43109635,522363650,0,0,424086620,98277030,522363650
2022-09-26,1045,1065,977,983,883856,-7.699530516431925,0,1281,37249,-38530,0,0,2010,756474,125372,883856,0,729,719225,163902,883856,0,1251514,37345009,-38596523,0,0,1979800,757959224,125283647,885222671,0,728286,720614215,163880170,885222671
2022-09-27,951,994,948,966,622765,-1.7293997965412005,1036,310,-94399,93053,0,1036,310,454043,167376,622765,0,0,548442,74323,622765,999740,299950,-90965018,89665328,0,999740,299950,437553261,161608281,600461232,0,0,528518279,71942953,600461232
2022-09-28,952,998,935,935,452495,-3.2091097308488616,0,5125,-105779,100654,0,0,5125,280032,167338,452495,0,0,385811,66684,452495,0,4935235,-102775112,97839877,0,0,4935235,268729170,161808629,435473034,0,0,371504282,63968752,435473034
2022-09-29,950,997,950,965,271433,3.2085561497326207,0,102,-82087,81985,0,0,102,168922,102409,271433,0,0,251009,20424,271433,0,99246,-80477688,80378442,0,0,99246,164963777,100294771,265357794,0,0,245441465,19916329,265357794
2022-09-30,950,1005,950,964,458816,-0.10362694300518134,0,-5861,-29506,35367,0,0,103,350061,108652,458816,0,5964,379567,73285,458816,0,-5655556,-28939669,34595225,0,0,99704,339387779,105678434,445165917,0,5755260,368327448,71083209,445165917
2022-10-04,970,989,970,985,159685,2.1784232365145226,0,101,-43855,43754,0,0,101,104910,54674,159685,0,0,148765,10920,159685,0,99354,-42904554,42805200,0,0,99354,102810304,53532546,156442204,0,0,145714858,10727346,156442204
2022-10-05,990,1000,978,982,206364,-0.3045685279187817,0,208,-31578,31370,0,0,208,155993,50163,206364,0,0,187571,18793,206364,0,204469,-31169569,30965100,0,0,204469,153716375,49467007,203387851,0,0,184885944,18501907,203387851
2022-10-06,986,1030,984,1020,413869,3.8696537678207736,0,196,-86946,86750,0,0,196,307993,105680,413869,0,0,394939,18930,413869,0,199920,-86001693,85801773,0,0,199920,309973834,105027007,415200761,0,0,395975527,19225234,415200761
2022-10-07,1010,1035,1010,1025,184423,0.49019607843137253,-1036,0,6973,-5937,0,0,0,159027,25396,184423,1036,0,152054,31333,184423,-1061900,0,7155000,-6093100,0,0,0,162487455,25916680,188404135,1061900,0,155332455,32009780,188404135
2022-10-11,1010,1020,973,984,306669,-4.0,0,0,-32006,32006,0,0,0,246642,60027,306669,0,0,278648,28021,306669,0,0,-31665661,31665661,0,0,0,243354015,59183721,302537736,0,0,275019676,27518060,302537736
2022-10-12,984,987,963,973,199997,-1.1178861788617886,0,200,-26113,25913,0,0,205,149763,50029,199997,0,5,175876,24116,199997,0,194785,-25370481,25175696,0,0,199670,145971587,48729968,194901225,0,4885,171342068,23554272,194901225
2022-10-13,963,972,905,910,504436,-6.474820143884892,0,219,39193,-39412,0,0,219,412679,91538,504436,0,0,373486,130950,504436,0,199509,39214416,-39413925,0,0,199509,384515011,84111745,468826265,0,0,345300595,123525670,468826265
2022-10-14,915,946,915,938,192650,3.076923076923077,0,213,-81649,81436,0,0,213,96589,95848,192650,0,0,178238,14412,192650,0,199794,-76366717,76166923,0,0,199794,90088225,89700805,179988824,0,0,166454942,13533882,179988824
2022-10-17,909,948,909,944,169373,0.6396588486140725,0,211,-44435,44224,0,0,211,111268,57894,169373,0,0,155703,13670,169373,0,199606,-41532639,41333033,0,0,199606,103665742,54005505,157870853,0,0,145198381,12672472,157870853
2022-10-18,952,970,950,963,281821,2.0127118644067794,0,207,-81609,81402,0,0,207,187126,94488,281821,0,0,268735,13086,281821,0,199548,-78468808,78269260,0,0,199548,179898010,90852078,270949636,0,0,258366818,12582818,270949636
2022-10-19,972,996,959,963,382883,0.0,0,207,-18466,18259,0,0,207,318337,64339,382883,0,0,336803,46080,382883,0,199962,-18025364,17825402,0,0,199962,309931900,62773384,372905246,0,0,327957264,44947982,372905246
2022-10-20,967,1160,960,1010,13076095,4.880581516095535,0,13488,541188,-554676,0,0,20172,12168150,887773,13076095,0,6684,11626962,1442449,13076095,0,13097205,554771079,-567868284,0,0,20378640,12857543904,945891181,13823813725,0,7281435,12302772825,1513759465,13823813725
2022-10-21,1020,1045,966,968,1922580,-4.158415841584159,0,-4895,96351,-91456,0,0,9105,1694924,218551,1922580,0,14000,1598573,310007,1922580,0,-4903650,100548331,-95644681,0,0,9173375,1701007249,218088855,1928269479,0,14077025,1600458918,313733536,1928269479
2022-10-24,972,1015,968,969,836247,0.10330578512396695,0,205,-111695,111490,0,0,205,644909,191133,836247,0,0,756604,79643,836247,0,199055,-110096890,109897835,0,0,199055,634054286,188288223,822541564,0,0,744151176,78390388,822541564
2022-10-25,976,987,947,955,493947,-1.4447884416924663,0,-4690,-2650,7340,0,0,210,419628,74109,493947,0,4900,422278,66769,493947,0,-4572890,-2407696,6980586,0,0,199710,402494996,71363021,474057727,0,4772600,404902692,64382435,474057727
2022-10-26,955,957,935,935,355374,-2.094240837696335,0,-264,77093,-76829,0,0,212,328711,26451,355374,0,476,251618,103280,355374,0,-247472,72996154,-72748682,0,0,199492,310503455,24984503,335687450,0,446964,237507301,97733185,335687450
2022-10-27,939,972,939,967,457626,3.4224598930481283,0,-8093,-84291,92384,0,0,207,345520,111899,457626,0,8300,429811,19515,457626,0,-7802066,-81345705,89147771,0,0,199134,332115954,107854302,440169390,0,8001200,413461659,18706531,440169390
2022-10-28,967,968,950,956,203202,-1.1375387797311272,0,209,-22679,22470,0,0,209,161847,41146,203202,0,0,184526,18676,203202,0,199804,-21608640,21408836,0,0,199804,154839151,39322748,194361703,0,0,176447791,17913912,194361703
2022-10-31,968,979,958,966,150269,1.0460251046025104,0,206,-17444,17238,0,0,206,126982,23081,150269,0,0,144426,5843,150269,0,199408,-16877894,16678486,0,0,199408,122912195,22344117,145455720,0,0,139790089,5665631,145455720
2022-11-01,961,976,957,974,166693,0.8281573498964804,0,205,-50431,50226,0,0,205,114223,52265,166693,0,0,164654,2039,166693,0,199465,-48975284,48775819,0,0,199465,110563697,50747313,161510475,0,0,159538981,1971494,161510475
2022-11-02,980,983,969,970,179625,-0.41067761806981523,0,-158,-15918,16076,0,0,205,151079,28341,179625,0,363,166997,12265,179625,0,-153324,-15484182,15637506,0,0,199875,147230148,27606524,175036547,0,353199,162714330,11969018,175036547
2022-11-03,956,965,951,965,96847,-0.5154639175257731,0,0,1497,-1497,0,0,0,89573,7274,96847,0,0,88076,8771,96847,0,0,1436087,-1436087,0,0,0,85644779,6953049,92597828,0,0,84208692,8389136,92597828
2022-11-04,960,960,947,957,169191,-0.8290155440414507,0,0,25677,-25677,0,0,0,158879,10312,169191,0,0,133202,35989,169191,0,0,24439787,-24439787,0,0,0,151328186,9829338,161157524,0,0,126888399,34269125,161157524
2022-11-07,960,975,960,971,137546,1.4629049111807733,0,0,-52145,52145,0,0,0,85156,52390,137546,0,0,137301,245,137546,0,0,-50492760,50492760,0,0,0,82428604,50729097,133157701,0,0,132921364,236337,133157701
2022-11-08,973,1015,973,997,866679,2.677651905252317,0,0,-51900,51900,0,0,0,729594,137085,866679,0,0,781494,85185,866679,0,0,-51045576,51045576,0,0,0,729404069,136431880,865835949,0,0,780449645,85386304,865835949
2022-11-09,1010,1045,1000,1015,750348,1.8054162487462388,0,-555,-167347,167902,0,0,0,545687,204661,750348,0,555,713034,36759,750348,0,-568875,-169032715,169601590,0,0,0,557879660,207315375,765195035,0,568875,726912375,37713785,765195035
2022-11-10,1015,1070,1005,1025,769888,0.9852216748768473,0,0,4790,-4790,0,0,0,685618,84270,769888,0,0,680828,89060,769888,0,0,6668055,-6668055,0,0,0,708950420,86080815,795031235,0,0,702282365,92748870,795031235
2022-11-11,1040,1045,1005,1020,617854,-0.4878048780487805,0,0,-84684,84684,0,0,0,502127,115727,617854,0,0,586811,31043,617854,0,0,-86298735,86298735,0,0,0,515287705,118378185,633665890,0,0,601586440,32079450,633665890
2022-11-14,1020,1050,1020,1045,381369,2.450980392156863,0,0,-69080,69080,0,0,0,296601,84768,381369,0,0,365681,15688,381369,0,0,-71779305,71779305,0,0,0,308627235,88011495,396638730,0,0,380406540,16232190,396638730
2022-11-15,1050,1140,1030,1110,2482553,6.220095693779904,0,-418,278086,-277668,0,0,0,2364915,117638,2482553,0,418,2086829,395306,2482553,0,-453530,304684740,-304231210,0,0,0,2583765980,127734635,2711500615,0,453530,2279081240,431965845,2711500615
2022-11-16,1090,1105,1055,1085,912539,-2.2522522522522523,0,0,31834,-31834,0,0,0,835411,77128,912539,0,0,803577,108962,912539,0,0,34209030,-34209030,0,0,0,902788455,83413185,986201640,0,0,868579425,117622215,986201640
2022-11-17,1070,1075,1035,1050,552717,-3.225806451612903,0,0,-78984,78984,0,0,0,453234,99483,552717,0,0,532218,20499,552717,0,0,-82333025,82333025,0,0,0,474673560,103819095,578492655,0,0,557006585,21486070,578492655
2022-11-18,1040,1055,1015,1040,271081,-0.9523809523809524,0,-330,11420,-11090,0,0,0,257115,13966,271081,0,330,245695,25056,271081,0,-341550,12115625,-11774075,0,0,0,267759190,14455960,282215150,0,341550,255643565,26230035,282215150
2022-11-21,1040,1050,1005,1035,272666,-0.4807692307692308,0,1470,7647,-9117,0,0,1470,252717,18479,272666,0,0,245070,27596,272666,0,1499400,8114820,-9614220,0,0,1499400,259747385,18903340,280150125,0,0,251632565,28517560,280150125
2022-11-22,1025,1065,1015,1030,203494,-0.4830917874396135,0,-865,20436,-19571,0,0,143,198199,5152,203494,0,1008,177763,24723,203494,0,-875170,21141605,-20266435,0,0,148005,203781270,5269040,209198315,0,1023175,182639665,25535475,209198315
2022-11-23,1030,1040,1015,1030,217729,0.0,0,0,12865,-12865,0,0,0,216076,1653,217729,0,0,203211,14518,217729,0,0,13284355,-13284355,0,0,0,222008935,1701410,223710345,0,0,208724580,14985765,223710345
2022-11-24,1030,1055,1030,1040,233260,0.9708737864077669,0,0,-615,615,0,0,0,218037,15223,233260,0,0,218652,14608,233260,0,0,-464145,464145,0,0,0,226653860,15745455,242399315,0,0,227118005,15281310,242399315
2022-11-25,1040,1045,1025,1035,278357,-0.4807692307692308,0,0,8638,-8638,0,0,0,270465,7892,278357,0,0,261827,16530,278357,0,0,9032525,-9032525,0,0,0,278839545,8102605,286942150,0,0,269807020,17135130,286942150
2022-11-28,1030,1040,997,997,469364,-3.6714975845410627,0,0,-50744,50744,0,0,0,405923,63441,469364,0,0,456667,12697,469364,0,0,-50628817,50628817,0,0,0,409758668,63671599,473430267,0,0,460387485,13042782,473430267
2022-11-29,992,1065,988,1065,1085072,6.820461384152457,0,295,-108943,108648,0,0,295,943011,141766,1085072,0,0,1051954,33118,1085072,0,299425,-114284439,113985014,0,0,299425,988012017,147857795,1136169237,0,0,1102296456,33872781,1136169237
2022-11-30,1075,1075,1040,1040,449214,-2.3474178403755865,0,-1838,-24617,26455,0,0,0,400922,48292,449214,0,1838,425539,21837,449214,0,-1939090,-25559125,27498215,0,0,0,421518140,50590330,472108470,0,1939090,447077265,23092115,472108470
2022-12-01,1065,1090,1045,1075,626275,3.3653846153846154,0,0,-60942,60942,0,0,0,499233,127042,626275,0,0,560175,66100,626275,0,0,-65486170,65486170,0,0,0,533318530,136062515,669381045,0,0,598804700,70576345,669381045
2022-12-02,1065,1070,1045,1055,239352,-1.8604651162790697,0,-44,5783,-5739,0,0,0,193071,46281,239352,0,44,187288,52020,239352,0,-46915,6431615,-6384700,0,0,0,203919570,48872200,252791770,0,46915,197487955,55256900,252791770
2022-12-05,1060,1150,1055,1120,3919847,6.161137440758294,0,3886,127916,-131802,0,0,4000,3479780,436067,3919847,0,114,3351864,567869,3919847,0,4313915,147126975,-151440890,0,0,4445000,3891404080,485774985,4381624065,0,131085,3744277105,637215875,4381624065
2022-12-06,1090,1125,1055,1075,1024132,-4.017857142857143,0,-4000,-3673,7673,0,0,0,901786,122346,1024132,0,4000,905459,114673,1024132,0,-4240000,-3501725,7741725,0,0,0,985200205,134197550,1119397755,0,4240000,988701930,126455825,1119397755
2022-12-07,1075,1175,1070,1115,3635318,3.7209302325581395,0,6841,117601,-124442,0,0,7179,3219562,408577,3635318,0,338,3101961,533019,3635318,0,7675465,138768105,-146443570,0,0,8067570,3636877270,455730375,4100675215,0,392105,3498109165,602173945,4100675215
2022-12-08,1135,1140,1055,1070,1269807,-4.0358744394618835,0,9552,156170,-165722,0,0,9552,1219037,41218,1269807,0,0,1062867,206940,1269807,0,10259520,170160800,-180420320,0,0,10259520,1312731865,44427530,1367418915,0,0,1142571065,224847850,1367418915
2022-12-09,1085,1255,1060,1190,14488627,11.214953271028037,0,-17437,-202491,219928,0,0,526,13259942,1228159,14488627,0,17963,13462433,1008231,14488627,0,-21102510,-225450490,246553000,0,0,613800,15844645850,1446379095,17291638745,0,21716310,16070096340,1199826095,17291638745
2022-12-12,1175,1290,1130,1140,6665468,-4.201680672268908,0,165,426122,-426287,0,0,936,6452640,211892,6665468,0,771,6026518,638179,6665468,0,117015,517700050,-517817065,0,0,1080255,7710836855,245085645,7957002755,0,963240,7193136805,762902710,7957002755
2022-12-13,1155,1180,1125,1135,1386395,-0.43859649122807015,0,266,-238367,238101,0,0,266,1087634,298495,1386395,0,0,1326001,60394,1386395,0,300580,-275545870,275245290,0,0,300580,1247015850,344232115,1591548545,0,0,1522561720,68986825,1591548545
2022-12-14,1130,1150,1120,1125,758163,-0.881057268722467,0,265,67141,-67406,0,0,265,740262,17636,758163,0,0,673121,85042,758163,0,299450,75891435,-76190885,0,0,299450,837938120,20151535,858389105,0,0,762046685,96342420,858389105
2022-12-15,1120,1280,1090,1195,15100457,6.222222222222222,0,-2349,-359203,361552,0,0,10490,13945617,1144350,15100457,0,12839,14304820,782798,15100457,0,-3362495,-413472915,416835410,0,0,12791995,16767114010,1348296270,18128202275,0,16154490,17180586925,931460860,18128202275
2022-12-16,1155,1200,1155,1165,1779066,-2.510460251046025,0,256,-21342,21086,0,0,256,1526641,252169,1779066,0,0,1547983,231083,1779066,0,299520,-27131900,26832380,0,0,299520,1787206785,296940775,2084447080,0,0,1814338685,270108395,2084447080
2022-12-19,1170,1180,1120,1125,1018208,-3.4334763948497855,0,6379,191457,-197836,0,0,6379,997429,14400,1018208,0,0,805972,212236,1018208,0,7244285,219647855,-226892140,0,0,7244285,1138240435,16505135,1161989855,0,0,918592580,243397275,1161989855
2022-12-20,1115,1120,1060,1075,1430586,-4.444444444444445,0,3468,198771,-202239,0,0,3468,1389673,37445,1430586,0,0,1190902,239684,1430586,0,3774920,214437300,-218212220,0,0,3774920,1507306595,40799395,1551880910,0,0,1292869295,259011615,1551880910
2022-12-21,1080,1115,1055,1060,850610,-1.3953488372093024,0,19045,-62743,43698,0,0,19045,736116,95449,850610,0,0,798859,51751,850610,0,20472280,-69330545,48858265,0,0,20472280,795822490,104338945,920633715,0,0,865153035,55480680,920633715
2022-12-22,1065,1105,1050,1075,1258639,1.4150943396226416,0,276,-76213,75937,0,0,276,1133748,124615,1258639,0,0,1209961,48678,1258639,0,299460,-80175670,79876210,0,0,299460,1221405100,132798715,1354503275,0,0,1301580770,52922505,1354503275
2022-12-23,1055,1090,1025,1050,1350545,-2.3255813953488373,0,26441,-89323,62882,0,0,26441,1186952,137152,1350545,0,0,1276275,74270,1350545,0,28004720,-93985255,65980535,0,0,28004720,1250726440,144953630,1423684790,0,0,1344711695,78973095,1423684790
2022-12-26,1055,1065,1010,1015,780335,-3.3333333333333335,0,224,166739,-166963,0,0,224,745187,34924,780335,0,0,578448,201887,780335,0,228480,171992430,-172220910,0,0,228480,767579075,35890190,803697745,0,0,595586645,208111100,803697745
2022-12-27,1005,1050,1005,1035,469380,1.9704433497536946,0,12,-38306,38294,0,0,12,390429,78939,469380,0,0,428735,40645,469380,0,12420,-38868815,38856395,0,0,12420,403790310,81155255,484957985,0,0,442659125,42298860,484957985
2022-12-28,1035,1045,1020,1030,255086,-0.4830917874396135,0,36,-42545,42509,0,0,36,206866,48184,255086,0,0,249411,5675,255086,0,37080,-43821960,43784880,0,0,37080,213362435,49631830,263031345,0,0,257184395,5846950,263031345
2022-12-29,1025,1045,1005,1010,412089,-1.9417475728155338,0,2,-15066,15064,0,0,2,355615,56472,412089,0,0,370681,41408,412089,0,2040,-14674050,14672010,0,0,2040,363116240,57313015,420431295,0,0,377790290,42641005,420431295
2023-01-02,1010,1030,999,1010,298888,0.0,0,0,-13616,13616,0,0,0,278982,19906,298888,0,0,292598,6290,298888,0,0,-13821257,13821257,0,0,0,281103485,20170177,301273662,0,0,294924742,6348920,301273662
2023-01-03,996,1010,979,999,402841,-1.089108910891089,0,76,-47647,47571,0,0,76,318885,83880,402841,0,0,366532,36309,402841,0,75848,-47523310,47447462,0,0,75848,317165526,83640167,400881541,0,0,364688836,36192705,400881541
2023-01-04,993,1020,991,1020,143847,2.1021021021021022,0,115,-30721,30606,0,0,115,109424,34308,143847,0,0,140145,3702,143847,0,116725,-31009807,30893082,0,0,116725,110522179,34625361,145264265,0,0,141531986,3732279,145264265
2023-01-05,1015,1040,1010,1025,355146,0.49019607843137253,0,204,-107248,107044,0,0,204,242331,112611,355146,0,0,349579,5567,355146,0,209100,-110181205,109972105,0,0,209100,247938490,115683235,363830825,0,0,358119695,5711130,363830825
2023-01-06,1010,1045,1005,1040,250107,1.4634146341463417,0,78,-49314,49236,0,0,78,195584,54445,250107,0,0,244898,5209,250107,0,80730,-51035230,50954500,0,0,80730,201872735,56338505,258291970,0,0,252907965,5384005,258291970
2023-01-09,1045,1060,1040,1060,238818,1.9230769230769231,0,58,-16456,16398,0,0,58,212556,26204,238818,0,0,229012,9806,238818,0,61190,-17297390,17236200,0,0,61190,223160430,27518605,250740225,0,0,240457820,10282405,250740225
2023-01-10,1050,1070,1045,1055,298571,-0.4716981132075472,0,0,-76013,76013,0,0,0,202602,95969,298571,0,0,278615,19956,298571,0,0,-79855780,79855780,0,0,0,214565515,101083480,315648995,0,0,294421295,21227700,315648995
2023-01-11,1065,1075,1055,1070,316165,1.4218009478672986,0,0,-27427,27427,0,0,0,270670,45495,316165,0,0,298097,18068,316165,0,0,-29229175,29229175,0,0,0,288420650,48500980,336921630,0,0,317649825,19271805,336921630
2023-01-12,1065,1110,1055,1060,931585,-0.9345794392523363,0,0,95946,-95946,0,0,0,856231,75354,931585,0,0,760285,171300,931585,0,0,104372175,-104372175,0,0,0,922417480,80934695,1003352175,0,0,818045305,185306870,1003352175
2023-01-13,1060,1070,1050,1060,263059,0.0,0,0,-9300,9300,0,0,0,218120,44939,263059,0,0,227420,35639,263059,0,0,-9828950,9828950,0,0,0,231533670,47663670,279197340,0,0,241362620,37834720,279197340
2023-01-16,1060,1140,1055,1080,2908055,1.8867924528301887,0,-333,225840,-225507,0,0,0,2726043,182012,2908055,0,333,2500203,407519,2908055,0,-379620,248788395,-248408775,0,0,0,2990321380,198289910,3188611290,0,379620,2741532985,446698685,3188611290
2023-01-17,1085,1105,1070,1085,494205,0.4629629629629629,0,-666,-82246,82912,0,0,0,396155,98050,494205,0,666,478401,15138,494205,0,-724830,-88698665,89423495,0,0,0,428215115,105817355,534032470,0,724830,516913780,16393860,534032470
2023-01-18,1090,1090,1065,1065,347499,-1.8433179723502304,0,0,-2102,2102,0,0,0,334055,13444,347499,0,0,336157,11342,347499,0,0,-2204160,2204160,0,0,0,358297535,14430205,372727740,0,0,360501695,12226045,372727740
2023-01-19,1060,1085,1050,1080,210738,1.4084507042253522,0,0,-29644,29644,0,0,0,170537,40201,210738,0,0,200181,10557,210738,0,0,-31616320,31616320,0,0,0,182498260,42954170,225452430,0,0,214114580,11337850,225452430
2023-01-20,1070,1085,1060,1075,285209,-0.4629629629629629,0,0,-22089,22089,0,0,0,256811,28398,285209,0,0,278900,6309,285209,0,0,-23561400,23561400,0,0,0,274952975,30339600,305292575,0,0,298514375,6778200,305292575
2023-01-25,1085,1085,1058,1058,367995,-1.5813953488372092,0,0,14290,-14290,0,0,0,355038,12957,367995,0,0,340748,27247,367995,0,0,15151528,-15151528,0,0,0,377518770,13797715,391316485,0,0,362367242,28949243,391316485
2023-01-26,1059,1061,1024,1030,702489,-2.6465028355387523,0,0,20466,-20466,0,0,0,640734,61755,702489,0,0,620268,82221,702489,0,0,20804697,-20804697,0,0,0,666825184,64537114,731362298,0,0,646020487,85341811,731362298
2023-01-27,1030,1046,1030,1036,281347,0.5825242718446602,0,0,-6356,6356,0,0,0,264189,17158,281347,0,0,270545,10802,281347,0,0,-6542832,6542832,0,0,0,273919423,17773262,291692685,0,0,280462255,11230430,291692685
2023-01-30,1046,1046,1033,1038,144078,0.19305019305019305,0,432,-30087,29655,0,0,432,110019,33627,144078,0,0,140106,3972,144078,0,447120,-31193168,30746048,0,0,447120,113968656,34863688,149279464,0,0,145161824,4117640,149279464
2023-01-31,1039,1039,1031,1036,147250,-0.1926782273603083,0,0,14520,-14520,0,0,0,127211,20039,147250,0,0,112691,34559,147250,0,0,14967151,-14967151,0,0,0,131574455,20753698,152328153,0,0,116607304,35720849,152328153
2023-02-01,1036,1050,1036,1038,257291,0.19305019305019305,0,126,951,-1077,0,0,126,220675,36490,257291,0,0,219724,37567,257291,0,131136,1032381,-1163517,0,0,131136,230378308,38007511,268516955,0,0,229345927,39171028,268516955
2023-02-02,1041,1059,1039,1052,310739,1.348747591522158,0,-7,-88494,88501,0,0,104,219205,91430,310739,0,111,307699,2929,310739,0,-6351,-92707408,92713759,0,0,109200,229457861,95788454,325355515,0,115551,322165269,3074695,325355515
2023-02-03,1065,1065,1046,1046,188649,-0.5703422053231939,0,0,-7845,7845,0,0,0,151458,37191,188649,0,0,159303,29346,188649,0,0,-8192607,8192607,0,0,0,158916745,38995581,197912326,0,0,167109352,30802974,197912326
2023-02-06,1049,1050,1039,1041,127855,-0.47801147227533464,0,268,-22849,22581,0,0,268,102078,25509,127855,0,0,124927,2928,127855,0,279256,-23858288,23579032,0,0,279256,106439614,26634479,133353349,0,0,130297902,3055447,133353349
2023-02-07,1043,1050,1037,1042,263812,0.09606147934678194,0,-25449,85996,-60547,0,0,41,263261,510,263812,0,25490,177265,61057,263812,0,-26468989,89462503,-62993514,0,0,42681,274063222,532169,274638072,0,26511670,184600719,63525683,274638072
2023-02-08,1042,1049,1035,1041,188746,-0.09596928982725528,0,51,-15703,15652,0,0,51,172531,16164,188746,0,0,188234,512,188746,0,53295,-16374337,16321042,0,0,53295,179798586,16855246,196707127,0,0,196172923,534204,196707127
2023-02-09,1041,1044,1028,1034,355778,-0.6724303554274735,0,-2531,108364,-105833,0,0,193,342264,13321,355778,0,2724,233900,119154,355778,0,-2616670,111880740,-109264070,0,0,199946,353617166,13793791,367610903,0,2816616,241736426,123057861,367610903
2023-02-10,1043,1043,1003,1015,453263,-1.83752417794971,0,111,103041,-103152,0,0,111,437932,15220,453263,0,0,334891,118372,453263,0,112665,104881176,-104993841,0,0,112665,444257709,15423823,459794197,0,0,339376533,120417664,459794197
2023-02-13,1013,1022,1011,1014,137219,-0.09852216748768472,0,217,-13935,13718,0,0,217,114045,22957,137219,0,0,127980,9239,137219,0,221123,-14177479,13956356,0,0,221123,115921019,23344301,139486443,0,0,130098498,9387945,139486443
2023-02-14,1015,1024,1014,1018,114806,0.39447731755424065,0,18,15310,-15328,0,0,18,107952,6836,114806,0,0,92642,22164,114806,0,18288,15574581,-15592869,0,0,18288,109715536,6949011,116682835,0,0,94140955,22541880,116682835
2023-02-15,1022,1022,1001,1002,277141,-1.5717092337917484,0,2,71196,-71198,0,0,2,274457,2682,277141,0,0,203261,73880,277141,0,2004,71621291,-71623295,0,0,2004,276126362,2694042,278822408,0,0,204505071,74317337,278822408
2023-02-16,1001,1009,1000,1006,108742,0.39920159680638717,0,15109,13512,-28621,0,0,15109,93633,0,108742,0,0,80121,28621,108742,0,15184654,13571549,-28756203,0,0,15184654,94082096,0,109266750,0,0,80510547,28756203,109266750
2023-02-17,1006,1011,994,1010,167064,0.3976143141153081,0,51479,-41790,-9689,0,0,51479,111468,4117,167064,0,0,153258,13806,167064,0,51890100,-42152355,-9737745,0,0,51890100,111718035,4122394,167730529,0,0,153870390,13860139,167730529
2023-02-20,1006,1018,997,1018,152073,0.7920792079207921,0,-48810,23553,25257,0,0,1333,121137,29603,152073,0,50143,97584,4346,152073,0,-48803209,23596445,25206764,0,0,1345890,121960067,29605391,152911348,0,50149099,98363622,4398627,152911348
2023-02-21,1008,1025,1008,1020,149518,0.19646365422396855,0,2135,-4621,2486,0,0,2135,139475,7908,149518,0,0,144096,5422,149518,0,2175291,-4656606,2481315,0,0,2175291,141781114,8019395,151975800,0,0,146437720,5538080,151975800
2023-02-22,1017,1041,1011,1018,414505,-0.19607843137254902,0,442,-12921,12479,0,0,442,356311,57752,414505,0,0,369232,45273,414505,0,452824,-13073515,12620691,0,0,452824,365193268,58939620,424585712,0,0,378266783,46318929,424585712
2023-02-23,1015,1022,1012,1017,68687,-0.09823182711198428,0,2837,825,-3662,0,0,2837,65088,762,68687,0,0,64263,4424,68687,0,2889434,846335,-3735769,0,0,2889434,66205030,774283,69868747,0,0,65358695,4510052,69868747
2023-02-24,1024,1024,1005,1012,156395,-0.4916420845624385,0,660,22985,-23645,0,0,660,155735,0,156395,0,0,132750,23645,156395,0,669400,23304806,-23974206,0,0,669400,157387452,0,158056852,0,0,134082646,23974206,158056852
2023-02-27,1000,1013,999,1001,135527,-1.0869565217391304,0,208,13949,-14157,0,0,208,134455,864,135527,0,0,120506,15021,135527,0,208832,13992920,-14201752,0,0,208832,134765149,864688,135838669,0,0,120772229,15066440,135838669
2023-02-28,1001,1010,995,1000,247685,-0.0999000999000999,0,3077,-22931,19854,0,0,3077,221659,22949,247685,0,0,244590,3095,247685,0,3087607,-22914129,19826522,0,0,3087607,221835065,22938254,247860926,0,0,244749194,3111732,247860926
2023-03-02,1007,1008,999,1000,157651,0.0,0,2043,-8343,6300,0,0,2043,141727,13881,157651,0,0,150070,7581,157651,0,2047828,-8360493,6312665,0,0,2047828,141929011,13906698,157883537,0,0,150289504,7594033,157883537
2023-03-03,1006,1010,999,1009,123847,0.8999999999999999,0,1549,-3811,2262,0,0,1549,117283,5015,123847,0,0,121094,2753,123847,0,1555690,-3822870,2267180,0,0,1555690,117844232,5041980,124441902,0,0,121667102,2774800,124441902
2023-03-06,1011,1015,997,1002,157463,-0.6937561942517344,0,1229,-16005,14776,0,0,1229,126453,29781,157463,0,0,142458,15005,157463,0,1234347,-16079991,14845644,0,0,1234347,126788889,29916468,157939704,0,0,142868880,15070824,157939704
2023-03-07,1000,1005,997,1001,155077,-0.09980039920159679,0,1637,2819,-4456,0,0,1637,145877,7563,155077,0,0,143058,12019,155077,0,1637889,2799272,-4437161,0,0,1637889,145880168,7578011,155096068,0,0,143080896,12015172,155096068
2023-03-08,996,1000,992,995,179419,-0.5994005994005994,0,31,6107,-6138,0,0,31,172219,7169,179419,0,0,166112,13307,179419,0,30845,6100492,-6131337,0,0,30845,171428855,7124196,178583896,0,0,165328363,13255533,178583896
2023-03-09,995,998,972,973,251527,-2.21105527638191,0,0,34981,-34981,0,0,0,245795,5732,251527,0,0,210814,40713,251527,0,0,34512358,-34512358,0,0,0,241064204,5615449,246679653,0,0,206551846,40127807,246679653
2023-03-10,964,970,944,947,240200,-2.672147995889003,0,-15000,53845,-38845,0,0,0,235654,4546,240200,0,15000,181809,43391,240200,0,-14257603,51424061,-37166458,0,0,0,224395893,4338372,228734265,0,14257603,172971832,41504830,228734265
2023-03-13,933,947,910,936,215262,-1.1615628299894403,0,0,-17238,17238,0,0,0,173303,41959,215262,0,0,190541,24721,215262,0,0,-15798365,15798365,0,0,0,160281974,38686958,198968932,0,0,176080339,22888593,198968932
2023-03-14,921,931,905,910,263815,-2.7777777777777777,0,0,35802,-35802,0,0,0,238702,25113,263815,0,0,202900,60915,263815,0,0,32627669,-32627669,0,0,0,217562936,22996096,240559032,0,0,184935267,55623765,240559032
2023-03-15,915,930,905,913,117595,0.32967032967032966,0,0,-25173,25173,0,0,0,89818,27777,117595,0,0,114991,2604,117595,0,0,-23102282,23102282,0,0,0,82395882,25501069,107896951,0,0,105498164,2398787,107896951
2023-03-16,909,918,897,907,211114,-0.6571741511500547,0,-4955,17051,-12096,0,0,4189,161668,45257,211114,0,9144,144617,57353,211114,0,-4477275,15333779,-10856504,0,0,3800586,146103913,40879292,190783791,0,8277861,130770134,51735796,190783791
2023-03-17,919,928,906,922,120166,1.6538037486218304,0,4565,-54853,50288,0,0,4565,64785,50816,120166,0,0,119638,528,120166,0,4199632,-50360243,46160611,0,0,4199632,59469967,46646504,110316103,0,0,109830210,485893,110316103
2023-03-20,908,940,908,916,87547,-0.6507592190889371,0,437,-6372,5935,0,0,437,72592,14518,87547,0,0,78964,8583,87547,0,405179,-5764517,5359338,0,0,405179,66900750,13342946,80648875,0,0,72665267,7983608,80648875
2023-03-21,913,934,910,917,96098,0.10917030567685589,0,314,14251,-14565,0,0,314,91881,3903,96098,0,0,77630,18468,96098,0,288912,13083622,-13372534,0,0,288912,84148815,3563624,88001351,0,0,71065193,16936158,88001351
2023-03-22,918,920,899,915,353832,-0.21810250817884408,0,0,21483,-21483,0,0,0,336351,17481,353832,0,0,314868,38964,353832,0,0,19649593,-19649593,0,0,0,304813425,15775910,320589335,0,0,285163832,35425503,320589335
2023-03-23,908,909,900,906,197685,-0.9836065573770493,0,0,-867,867,0,0,0,164835,32850,197685,0,0,165702,31983,197685,0,0,-804668,804668,0,0,0,148932232,29745632,178677864,0,0,149736900,28940964,178677864
2023-03-24,903,920,903,912,86130,0.6622516556291391,0,5185,-6785,1600,0,0,5185,69356,11589,86130,0,0,76141,9989,86130,0,4730426,-6177678,1447252,0,0,4730426,63205593,10566233,78502252,0,0,69383271,9118981,78502252
2023-03-27,909,911,894,907,118518,-0.5482456140350876,0,1152,18936,-20088,0,0,1152,106600,10766,118518,0,0,87664,30854,118518,0,1040067,17054925,-18094992,0,0,1040067,96000112,9724261,106764440,0,0,78945187,27819253,106764440
2023-03-28,899,913,899,908,190788,0.11025358324145534,0,1164,-84179,83015,0,0,1164,105886,83738,190788,0,0,190065,723,190788,0,1057443,-76488312,75430869,0,0,1057443,95866144,76086645,173010232,0,0,172354456,655776,173010232
2023-03-29,908,918,908,916,79199,0.881057268722467,0,1125,-27289,26164,0,0,1125,49135,28939,79199,0,0,76424,2775,79199,0,1028164,-24905641,23877477,0,0,1028164,44845480,26408342,72281986,0,0,69751121,2530865,72281986
2023-03-30,916,924,916,922,103313,0.6550218340611353,0,1136,-11898,10762,0,0,1136,77190,24987,103313,0,0,89088,14225,103313,0,1044504,-10915738,9871234,0,0,1044504,70946404,22970749,94961657,0,0,81862142,13099515,94961657
2023-03-31,924,925,917,921,96417,-0.10845986984815618,0,0,3515,-3515,0,0,0,83661,12756,96417,0,0,80146,16271,96417,0,0,3236934,-3236934,0,0,0,77069806,11753011,88822817,0,0,73832872,14989945,88822817
2023-04-03,919,997,918,936,622618,1.6286644951140066,0,2148,-46925,44777,0,0,2148,481461,139009,622618,0,0,528386,94232,622618,0,2007296,-40349098,38341802,0,0,2007296,461501923,130444339,593953558,0,0,501851021,92102537,593953558
2023-04-04,937,971,936,962,208122,2.7777777777777777,0,1028,-90762,89734,0,0,1028,103597,103497,208122,0,0,194359,13763,208122,0,988294,-87047322,86059028,0,0,988294,99341593,99231711,199561598,0,0,186388915,13172683,199561598
2023-04-05,962,972,945,954,122556,-0.8316008316008316,0,1116,10054,-11170,0,0,1116,107635,13805,122556,0,0,97581,24975,122556,0,1070727,9661418,-10732145,0,0,1070727,102839693,13222580,117133000,0,0,93178275,23954725,117133000
2023-04-06,949,949,930,937,110142,-1.781970649895178,0,0,5811,-5811,0,0,0,82387,27755,110142,0,0,76576,33566,110142,0,0,5467362,-5467362,0,0,0,77264812,26013151,103277963,0,0,71797450,31480513,103277963
2023-04-07,936,994,931,953,616098,1.7075773745997866,0,0,28473,-28473,0,0,0,541908,74190,616098,0,0,513435,102663,616098,0,0,27430374,-27430374,0,0,0,526269145,72193918,598463063,0,0,498838771,99624292,598463063
2023-04-10,954,991,954,975,361106,2.308499475341028,0,0,14314,-14314,0,0,0,324704,36402,361106,0,0,310390,50716,361106,0,0,14220780,-14220780,0,0,0,316529001,35513204,352042205,0,0,302308221,49733984,352042205
2023-04-11,975,985,956,964,165788,-1.1282051282051282,0,4672,7246,-11918,0,0,4672,130767,30349,165788,0,0,123521,42267,165788,0,4504771,6946151,-11450922,0,0,4504771,125746985,29131618,159383374,0,0,118800834,40582540,159383374
2023-04-12,964,1140,960,1030,12107405,6.846473029045644,0,28644,130531,-159175,0,0,45955,11429137,632313,12107405,0,17311,11298606,791488,12107405,0,29121770,156213310,-185335080,0,0,47997229,12320173447,673767387,13041938063,0,18875459,12163960137,859102467,13041938063
2023-04-13,1020,1030,989,1003,1576930,-2.621359223300971,0,3170,-167622,164452,0,0,3170,1402731,171029,1576930,0,0,1570353,6577,1576930,0,3173472,-168061687,164888215,0,0,3173472,1406766698,171531990,1581472160,0,0,1574828385,6643775,1581472160
2023-04-14,1004,1020,997,1013,603895,0.9970089730807578,0,-8666,-26271,34937,0,0,3860,539346,60689,603895,0,12526,565617,25752,603895,0,-8689946,-26397031,35086977,0,0,3891843,543509954,61092142,608493939,0,12581789,569906985,26005165,608493939
2023-04-17,1015,1027,1001,1027,694154,1.3820335636722607,0,6740,-52636,45896,0,0,6740,605073,82341,694154,0,0,657709,36445,694154,0,6840222,-52563681,45723459,0,0,6840222,618097985,82774199,707712406,0,0,670661666,37050740,707712406
2023-04-18,1050,1145,1027,1079,7003593,5.063291139240507,0,-17594,294836,-277242,0,0,4081,6735851,263661,7003593,0,21675,6441015,540903,7003593,0,-20105008,323701724,-303596716,0,0,4270986,7379449474,285589513,7669309973,0,24375994,7055747750,589186229,7669309973
2023-04-19,1067,1080,1054,1069,673074,-0.9267840593141797,0,6804,-58979,52175,0,0,10137,582688,80249,673074,0,3333,641667,28074,673074,0,7319445,-62380489,55061044,0,0,10889380,621204258,85208516,717302154,0,3569935,683584747,30147472,717302154
2023-04-20,1065,1089,1057,1072,1064739,0.2806361085126286,0,1912,-106818,104906,0,0,1912,889317,173510,1064739,0,0,996135,68604,1064739,0,2055811,-114747023,112691212,0,0,2055811,955555878,186395924,1144007613,0,0,1070302901,73704712,1144007613
2023-04-21,1082,1114,1027,1027,1529143,-4.197761194029851,0,314,-40027,39713,0,0,314,1368750,160079,1529143,0,0,1408777,120366,1529143,0,324864,-42380623,42055759,0,0,324864,1458011669,171154924,1629491457,0,0,1500392292,129099165,1629491457
2023-04-24,1020,1043,996,1007,444367,-1.9474196689386565,0,-4787,45119,-40332,0,0,213,414900,29254,444367,0,5000,369781,69586,444367,0,-4791091,45580256,-40789165,0,0,213909,418656188,29511220,448381317,0,5005000,373075932,70300385,448381317
2023-04-25,996,1007,953,972,640421,-3.475670307845084,0,177,-62963,62786,0,0,177,517576,122668,640421,0,0,580539,59882,640421,0,173409,-61082967,60909558,0,0,173409,502864419,119433715,622471543,0,0,563947386,58524157,622471543
2023-04-26,962,985,960,977,228410,0.51440329218107,0,228,-36209,35981,0,0,228,173475,54707,228410,0,0,209684,18726,228410,0,223508,-35290751,35067243,0,0,223508,168534473,53242959,222000940,0,0,203825224,18175716,222000940
2023-04-27,971,977,955,962,201631,-1.5353121801432956,0,25,27140,-27165,0,0,25,179433,22173,201631,0,0,152293,49338,201631,0,24089,26213133,-26237222,0,0,24089,172902953,21302245,194229287,0,0,146689820,47539467,194229287
2023-04-28,972,972,920,930,421611,-3.3264033264033266,0,93,16926,-17019,0,0,93,345991,75527,421611,0,0,329065,92546,421611,0,86919,15922784,-16009703,0,0,86919,327368155,71045857,398500931,0,0,311445371,87055560,398500931
2023-05-02,930,962,930,959,153085,3.118279569892473,0,23,-43099,43076,0,0,23,109762,43300,153085,0,0,152861,224,153085,0,21971,-40822607,40800636,0,0,21971,104012341,41010365,145044677,0,0,144834948,209729,145044677
2023-05-03,962,972,956,960,115829,0.10427528675703858,0,1389,-11246,9857,0,0,1389,102259,12181,115829,0,0,113505,2324,115829,0,1337773,-10820510,9482737,0,0,1337773,98479726,11721005,111538504,0,0,109300236,2238268,111538504
2023-05-04,954,967,950,967,55580,0.7291666666666666,0,1701,8284,-9985,0,0,1701,53856,23,55580,0,0,45572,10008,55580,0,1631666,7957880,-9589546,0,0,1631666,51582629,22003,53236298,0,0,43624749,9611549,53236298
2023-05-08,967,1013,965,1000,384900,3.4126163391933813,0,468,-39689,39221,0,0,468,331428,53004,384900,0,0,371117,13783,384900,0,456015,-39879818,39423803,0,0,456015,331346099,53182216,384984330,0,0,371225917,13758413,384984330
2023-05-09,1000,1004,980,981,160211,-1.9,0,1956,-2980,1024,0,0,1956,152447,5808,160211,0,0,155427,4784,160211,0,1925938,-2910351,984413,0,0,1925938,150600593,5735640,158262171,0,0,153510944,4751227,158262171
2023-05-10,975,1005,975,995,162672,1.4271151885830784,0,3229,-25010,21781,0,0,3229,132671,26772,162672,0,0,157681,4991,162672,0,3190442,-24768113,21577671,0,0,3190442,131588728,26536393,161315563,0,0,156356841,4958722,161315563
2023-05-11,999,1020,997,1008,291970,1.306532663316583,0,337,-33002,32665,0,0,337,253244,38389,291970,0,0,286246,5724,291970,0,339527,-33140296,32800769,0,0,339527,255983677,38586538,294909742,0,0,289123973,5785769,294909742
2023-05-12,1015,1015,995,1000,209483,-0.7936507936507936,0,338,1648,-1986,0,0,338,196261,12884,209483,0,0,194613,14870,209483,0,337289,1705163,-2042452,0,0,337289,196495149,12874658,209707096,0,0,194789986,14917110,209707096
2023-05-15,1007,1045,992,993,368933,-0.7000000000000001,0,180,-13962,13782,0,0,180,326607,42146,368933,0,0,340569,28364,368933,0,179928,-14307770,14127842,0,0,179928,329723381,43011400,372914709,0,0,344031151,28883558,372914709
2023-05-16,1018,1018,991,1015,340538,2.2155085599194364,0,119,-6338,6219,0,0,119,315034,25385,340538,0,0,321372,19166,340538,0,120582,-6350346,6229764,0,0,120582,317527053,25541045,343188680,0,0,323877399,19311281,343188680
2023-05-17,1020,1020,1000,1000,187803,-1.477832512315271,0,214,-3898,3684,0,0,214,181602,5987,187803,0,0,185500,2303,187803,0,214278,-3882258,3667980,0,0,214278,182468418,6001806,188684502,0,0,186350676,2333826,188684502
2023-05-18,1003,1007,991,997,130127,-0.3,0,127,-3884,3757,0,0,127,122136,7864,130127,0,0,126020,4107,130127,0,126785,-3889391,3762606,0,0,126785,122141422,7876008,130144215,0,0,126030813,4113402,130144215
2023-05-19,993,1013,993,1000,82232,0.3009027081243731,0,-1519,-13739,15258,0,0,481,61122,20629,82232,0,2000,74861,5371,82232,0,-1520764,-13753241,15274005,0,0,482394,61218818,20671917,82373129,0,2003158,74972059,5397912,82373129
2023-05-22,1001,1034,1001,1029,390263,2.9000000000000004,0,0,-54606,54606,0,0,0,331601,58662,390263,0,0,386207,4056,390263,0,0,-55768298,55768298,0,0,0,339870089,59944160,399814249,0,0,395638387,4175862,399814249
2023-05-23,1025,1039,1024,1033,220951,0.3887269193391642,0,-6829,-34089,40918,0,0,0,176747,44204,220951,0,6829,210836,3286,220951,0,-7040043,-35168511,42208554,0,0,0,182205426,45607008,227812434,0,7040043,217373937,3398454,227812434
2023-05-24,1025,1069,1024,1055,838176,2.1297192642787994,0,-1039,-87108,88147,0,0,1000,722958,114218,838176,0,2039,810066,26071,838176,0,-1087034,-91625796,92712830,0,0,1058000,762164210,120045239,883267449,0,2145034,853790006,27332409,883267449
2023-05-25,1051,1065,1037,1043,286577,-1.1374407582938388,0,-3439,-6783,10222,0,0,0,247709,38868,286577,0,3439,254492,28646,286577,0,-3611488,-7280827,10892315,0,0,0,260870137,41029987,301900124,0,3611488,268150964,30137672,301900124
2023-05-26,1044,1048,1020,1020,201561,-2.205177372962608,0,-1198,18699,-17501,0,0,0,189004,12557,201561,0,1198,170305,30058,201561,0,-1228003,19491636,-18263633,0,0,0,194389237,12861195,207250432,0,1228003,174897601,31124828,207250432
2023-05-30,1020,1038,1011,1028,161744,0.7843137254901961,0,-12413,-3868,16281,0,0,0,145224,16520,161744,0,12413,149092,239,161744,0,-12723209,-3878385,16601594,0,0,0,148297452,16845532,165142984,0,12723209,152175837,243938,165142984
2023-05-31,1017,1033,1010,1030,157221,0.19455252918287938,0,-17000,-24196,41196,0,0,0,110226,46995,157221,0,17000,134422,5799,157221,0,-17451000,-24702479,42153479,0,0,0,112837135,48082818,160919953,0,17451000,137539614,5929339,160919953
2023-06-01,1030,1032,1009,1011,194677,-1.8446601941747571,0,0,-22711,22711,0,0,0,167813,26864,194677,0,0,190524,4153,194677,0,0,-22914563,22914563,0,0,0,169927051,27152500,197079551,0,0,192841614,4237937,197079551
2023-06-02,1012,1030,1010,1020,148687,0.8902077151335311,0,-10000,3847,6153,0,0,0,136951,11736,148687,0,10000,133104,5583,148687,0,-10230000,3987671,6242329,0,0,0,139390801,11935761,151326562,0,10230000,135403130,5693432,151326562
2023-06-05,1021,1040,1015,1040,201773,1.9607843137254901,0,-10000,-6742,16742,0,0,0,183954,17819,201773,0,10000,190696,1077,201773,0,-10350000,-6854331,17204331,0,0,0,189910206,18319654,208229860,0,10350000,196764537,1115323,208229860
2023-06-07,1040,1174,1029,1039,7080943,-0.09615384615384616,0,53972,49014,-102986,0,0,64413,6580030,436500,7080943,0,10441,6531016,539486,7080943,0,57158577,85762486,-142921063,0,0,68519534,7232299985,464948437,7765767956,0,11360957,7146537499,607869500,7765767956
2023-06-08,1041,1057,1036,1040,847417,0.0962463907603465,0,-819,-213495,214314,0,0,352,622742,224323,847417,0,1171,836237,10009,847417,0,-857328,-223866554,224723882,0,0,367525,651279245,235167841,886814611,0,1224853,875145799,10443959,886814611
2023-06-09,1051,1074,1040,1046,608492,0.576923076923077,0,-13993,8848,5145,0,0,5244,561228,42020,608492,0,19237,552380,36875,608492,0,-14985637,9149315,5836322,0,0,5524735,592757416,44620161,642902312,0,20510372,583608101,38783839,642902312
2023-06-12,1051,1054,1037,1039,263420,-0.6692160611854685,0,5101,-4438,-663,0,0,5714,229684,28022,263420,0,613,234122,28685,263420,0,5300042,-4519112,-780930,0,0,5942060,239458354,29197355,274597769,0,642018,243977466,29978285,274597769
2023-06-13,1050,1079,1038,1038,308623,-0.0962463907603465,0,357,-23186,22829,0,0,357,274538,33728,308623,0,0,297724,10899,308623,0,371744,-24135628,23763884,0,0,371744,287801413,35301092,323474249,0,0,311937041,11537208,323474249
2023-06-14,1035,1120,1035,1056,2874343,1.7341040462427744,10646,-1786,16087,-24947,0,10646,10859,2525673,327165,2874343,0,12645,2509586,352112,2874343,11111261,-2346855,26107917,-34872323,0,11111261,11393681,2712469714,344987482,3079962138,0,13740536,2686361797,379859805,3079962138
2023-06-15,1051,1093,1038,1058,1230955,0.1893939393939394,0,37974,-95933,57959,0,0,38951,1012317,179687,1230955,0,977,1108250,121728,1230955,0,40457848,-99684419,59226571,0,0,41489580,1077614975,190473366,1309577921,0,1031732,1177299394,131246795,1309577921
2023-06-16,1060,1085,1050,1065,712023,0.6616257088846881,0,-736,-105700,106436,0,0,332,565567,146124,712023,0,1068,671267,39688,712023,0,-792525,-113636523,114429048,0,0,354343,606043388,156999176,763396907,0,1146868,719679911,42570128,763396907
2023-06-19,1068,1077,1060,1066,209176,0.09389671361502347,0,-90,28217,-28127,0,0,44,202526,6606,209176,0,134,174309,34733,209176,0,-96661,30218648,-30121987,0,0,46836,216153560,7050719,223251115,0,143497,185934912,37172706,223251115
2023-06-20,1073,1084,1051,1052,543973,-1.3133208255159476,-2449,-46232,50819,-2138,0,0,207,490702,53064,543973,2449,46439,439883,55202,543973,-2600668,-49774750,54259154,-1883736,0,0,217888,523835966,56806048,580859902,2600668,49992638,469576812,58689784,580859902
2023-06-21,1051,1051,1021,1028,400513,-2.2813688212927756,0,9247,-16442,7195,0,0,10477,369460,20576,400513,0,1230,385902,13381,400513,0,9673701,-17113446,7439745,0,0,10941653,382213408,21237634,414392695,0,1267952,399326854,13797889,414392695
2023-06-22,1025,1051,1024,1036,200023,0.7782101167315175,0,-615,-18440,19055,0,0,437,173366,26220,200023,0,1052,191806,7165,200023,0,-640811,-19185970,19826781,0,0,454305,180266601,27300178,208021084,0,1095116,199452571,7473397,208021084
2023-06-23,1036,1036,1019,1025,223785,-1.0617760617760617,0,-903,19696,-18793,0,0,300,214488,8997,223785,0,1203,194792,27790,223785,0,-925274,20163598,-19238324,0,0,306990,219662548,9221998,229191536,0,1232264,199498950,28460322,229191536
2023-06-26,1023,1026,1011,1012,219899,-1.2682926829268293,0,-975,-28355,29330,0,0,189,181962,37748,219899,0,1164,210317,8418,219899,0,-992261,-28829932,29822193,0,0,192080,184873416,38391091,223456587,0,1184341,213703348,8568898,223456587
2023-06-27,1012,1034,1012,1022,113542,0.9881422924901186,0,-6895,16156,-9261,0,0,78,99042,14422,113542,0,6973,82886,23683,113542,0,-6988689,16669287,-9680598,0,0,79655,101171316,14643770,115894741,0,7068344,84502029,24324368,115894741
2023-06-28,1029,1029,1013,1014,59702,-0.7827788649706457,0,-8285,5776,2509,0,0,272,49954,9476,59702,0,8557,44178,6967,59702,0,-8429566,5886911,2542655,0,0,276354,50817678,9649875,60743907,0,8705920,44930767,7107220,60743907
2023-06-29,1022,1022,989,990,340789,-2.366863905325444,0,-113,56835,-56722,0,0,2334,332690,5765,340789,0,2447,275855,62487,340789,0,-98871,56956523,-56857652,0,0,2345759,331772170,5768491,339886420,0,2444630,274815647,62626143,339886420
2023-06-30,987,1000,960,990,149236,0.0,0,-3150,-21987,25137,0,0,3116,103074,43046,149236,0,6266,125061,17909,149236,0,-3107749,-21477662,24585411,0,0,3064410,101346547,42242881,146653838,0,6172159,122824209,17657470,146653838
2023-07-03,991,1015,981,990,305058,0.0,0,233,-34859,34626,0,0,233,263423,41402,305058,0,0,298282,6776,305058,0,231372,-34685373,34454001,0,0,231372,261950003,41242084,303423459,0,0,296635376,6788083,303423459
2023-07-04,998,1000,986,995,92833,0.5050505050505051,0,5123,-8833,3710,0,0,5123,78528,9182,92833,0,0,87361,5472,92833,0,5077190,-8712928,3635738,0,0,5077190,77791777,9076399,91945366,0,0,86504705,5440661,91945366
2023-07-05,1000,1000,985,989,138321,-0.6030150753768844,0,114,16522,-16636,0,0,114,137046,1161,138321,0,0,120524,17797,138321,0,112750,16372844,-16485594,0,0,112750,135669470,1155937,136938157,0,0,119296626,17641531,136938157
2023-07-06,989,989,960,964,285128,-2.5278058645096055,0,4538,50376,-54914,0,0,10162,263478,11488,285128,0,5624,213102,66402,285128,0,4337493,49245374,-53582867,0,0,9811913,255761665,11112236,276685814,0,5474420,206516291,64695103,276685814
2023-07-07,956,964,936,937,165421,-2.8008298755186725,0,-767,10631,-9864,0,0,93,161112,4216,165421,0,860,150481,14080,165421,0,-727689,10048712,-9321023,0,0,87684,152352400,4014214,156454298,0,815373,142303688,13335237,156454298
2023-07-10,937,937,922,930,130002,-0.7470651013874066,0,-924,-854,1778,0,0,183,108409,21410,130002,0,1107,109263,19632,130002,0,-858594,-714421,1573015,0,0,169773,100541731,19814377,120525881,0,1028367,101256152,18241362,120525881
2023-07-11,929,947,927,945,39184,1.6129032258064515,0,361,3956,-4317,0,0,361,37718,1105,39184,0,0,33762,5422,39184,0,340647,3724864,-4065511,0,0,340647,35424447,1028330,36793424,0,0,31699583,5093841,36793424
2023-07-12,953,990,943,949,191659,0.4232804232804233,0,-804,27349,-26545,0,0,66,187086,4507,191659,0,870,159737,31052,191659,0,-778743,26453035,-25674292,0,0,63387,179623995,4320658,184008040,0,842130,153170960,29994950,184008040
2023-07-13,960,973,940,968,70431,2.0021074815595363,0,-2179,2388,-209,0,0,41,64860,5530,70431,0,2220,62472,5739,70431,0,-2093975,2315835,-221860,0,0,39445,62184337,5311700,67535482,0,2133420,59868502,5533560,67535482
2023-07-14,973,973,948,951,125695,-1.756198347107438,0,12132,16573,-28705,0,0,12272,106648,6775,125695,0,140,90075,35480,125695,0,11514983,15878367,-27393350,0,0,11648826,101707724,6452028,119808578,0,133843,85829357,33845378,119808578
2023-07-17,962,980,952,980,77890,3.0494216614090432,0,7737,-16548,8811,0,0,7737,49026,21127,77890,0,0,65574,12316,77890,0,7390201,-15994989,8604788,0,0,7390201,47412994,20469562,75272757,0,0,63407983,11864774,75272757
2023-07-18,978,983,948,967,147291,-1.3265306122448979,0,6317,32148,-38465,0,0,16327,127443,3521,147291,0,10010,95295,41986,147291,0,5892023,31034274,-36926297,0,0,15517323,122224818,3370198,141112339,0,9625300,91190544,40296495,141112339
2023-07-19,956,968,933,948,264132,-1.9648397104446742,0,3673,28715,-32388,0,0,3673,257449,3010,264132,0,0,228734,35398,264132,0,3436531,27196794,-30633325,0,0,3436531,243738851,2841849,250017231,0,0,216542057,33475174,250017231
2023-07-20,948,949,934,943,82878,-0.5274261603375527,0,0,5974,-5974,0,0,0,80613,2265,82878,0,0,74639,8239,82878,0,0,5627260,-5627260,0,0,0,75680278,2120723,77801001,0,0,70053018,7747983,77801001
2023-07-21,932,945,932,936,79121,-0.7423117709437964,0,0,2921,-2921,0,0,0,72616,6505,79121,0,0,69695,9426,79121,0,0,2753408,-2753408,0,0,0,67889909,6069203,73959112,0,0,65136501,8822611,73959112
2023-07-24,932,941,907,914,229767,-2.3504273504273505,0,0,37916,-37916,0,0,0,220040,9727,229767,0,0,182124,47643,229767,0,0,34538464,-34538464,0,0,0,200493897,8858194,209352091,0,0,165955433,43396658,209352091
2023-07-25,905,913,884,887,250269,-2.954048140043764,0,10000,2514,-12514,0,0,10000,223097,17172,250269,0,0,220583,29686,250269,0,9011377,2230993,-11242370,0,0,9011377,200134581,15418302,224564260,0,0,197903588,26660672,224564260
2023-07-26,887,957,841,841,310316,-5.186020293122886,0,0,18276,-18276,0,0,0,256383,53933,310316,0,0,238107,72209,310316,0,0,16591913,-16591913,0,0,0,222744208,46646181,269390389,0,0,206152295,63238094,269390389
2023-07-27,846,884,846,884,154008,5.112960760998811,0,0,-37617,37617,0,0,0,115087,38921,154008,0,0,152704,1304,154008,0,0,-32592444,32592444,0,0,0,100079042,33724614,133803656,0,0,132671486,1132170,133803656
2023-07-28,876,925,876,912,145993,3.167420814479638,0,1,-16787,16786,0,0,1,108741,37251,145993,0,0,125528,20465,145993,0,889,-14981967,14981078,0,0,889,99174757,33742665,132918311,0,0,114156724,18761587,132918311
2023-07-31,913,926,903,905,94796,-0.7675438596491228,0,-20001,9696,10305,0,0,0,78015,16781,94796,0,20001,68319,6476,94796,0,-18219615,8866951,9352664,0,0,0,71109731,15259599,86369330,0,18219615,62242780,5906935,86369330
2023-08-01,913,913,896,910,65559,0.5524861878453038,0,0,269,-269,0,0,0,56342,9217,65559,0,0,56073,9486,65559,0,0,242236,-242236,0,0,0,50740149,8312511,59052660,0,0,50497913,8554747,59052660
2023-08-02,915,915,892,893,107447,-1.8681318681318682,0,0,7744,-7744,0,0,0,105581,1866,107447,0,0,97837,9610,107447,0,0,6956170,-6956170,0,0,0,94900673,1678201,96578874,0,0,87944503,8634371,96578874
2023-08-03,892,893,873,883,62349,-1.1198208286674132,0,10000,1124,-11124,0,0,10000,49271,3078,62349,0,0,48147,14202,62349,0,8800000,976109,-9776109,0,0,8800000,43339969,2711063,54851032,0,0,42363860,12487172,54851032
2023-08-04,883,919,880,889,44667,0.6795016987542469,0,0,13263,-13263,0,0,0,42032,2635,44667,0,0,28769,15898,44667,0,0,11828224,-11828224,0,0,0,37549215,2348880,39898095,0,0,25720991,14177104,39898095
2023-08-07,894,917,877,917,99364,3.149606299212598,0,10000,-32861,22861,0,0,10000,64005,25359,99364,0,0,96866,2498,99364,0,8770000,-29372953,20602953,0,0,8770000,57225178,22830525,88825703,0,0,86598131,2227572,88825703
2023-08-08,908,913,881,881,53529,-3.925845147219193,0,0,5731,-5731,0,0,0,52342,1187,53529,0,0,46611,6918,53529,0,0,5175138,-5175138,0,0,0,46879116,1067632,47946748,0,0,41703978,6242770,47946748
2023-08-09,881,904,881,894,28349,1.4755959137343928,-820,0,1258,-438,0,0,0,26518,1831,28349,820,0,25260,2269,28349,-728846,0,1121009,-392163,0,0,0,23478793,1628623,25107416,728846,0,22357784,2020786,25107416
2023-08-10,895,940,894,924,193352,3.3557046979865772,0,0,-11537,11537,0,0,0,169014,24338,193352,0,0,180551,12801,193352,0,0,-10879871,10879871,0,0,0,156091690,22550257,178641947,0,0,166971561,11670386,178641947
2023-08-11,924,971,912,936,376285,1.2987012987012987,0,0,-29463,29463,0,0,0,337596,38689,376285,0,0,367059,9226,376285,0,0,-27936204,27936204,0,0,0,318802803,36647961,355450764,0,0,346739007,8711757,355450764
2023-08-14,937,964,921,952,180650,1.7094017094017095,0,0,12986,-12986,0,0,0,173983,6667,180650,0,0,160997,19653,180650,0,0,12308293,-12308293,0,0,0,164868523,6351993,171220516,0,0,152560230,18660286,171220516
2023-08-16,931,932,906,906,208029,-4.831932773109244,0,-55000,66049,-11049,0,0,0,206453,1576,208029,0,55000,140404,12625,208029,0,-50736909,60836807,-10099898,0,0,0,189003775,1432781,190436556,0,50736909,128166968,11532679,190436556
2023-08-17,890,899,869,882,220062,-2.6490066225165565,0,-65000,73426,-8426,0,0,474,212845,6743,220062,0,65474,139419,15169,220062,0,-57004893,64382119,-7377226,0,0,417120,187134106,5915108,193466334,0,57422013,122751987,13292334,193466334
2023-08-18,881,894,873,886,93716,0.45351473922902497,0,0,2357,-2357,0,0,0,81769,11947,93716,0,0,79412,14304,93716,0,0,2044068,-2044068,0,0,0,72080322,10553475,82633797,0,0,70036254,12597543,82633797
2023-08-21,871,890,871,884,72442,-0.2257336343115124,0,0,2218,-2218,0,0,0,71946,496,72442,0,0,69728,2714,72442,0,0,1960483,-1960483,0,0,0,63191785,433541,63625326,0,0,61231302,2394024,63625326
2023-08-22,890,974,874,911,1533804,3.0542986425339365,-56000,0,61415,-5415,0,0,12610,1410496,110698,1533804,56000,12610,1349081,116113,1533804,-51473807,330431,59178005,-8034629,0,0,12089236,1315126676,101816519,1429032431,51473807,11758805,1255948671,109851148,1429032431
2023-08-23,912,960,911,925,649712,1.5367727771679474,0,28000,-76219,48219,0,0,28000,567841,53871,649712,0,0,644060,5652,649712,0,26377023,-71628993,45251970,0,0,26377023,530395858,50536706,607309587,0,0,602024851,5284736,607309587
2023-08-24,925,1136,914,1095,19378591,18.37837837837838,10,-36960,606825,-569875,0,10,57726,18881438,439417,19378591,0,94686,18274613,1009292,19378591,12020,-38136142,630720438,-592596316,0,12020,59867769,20095136227,463163974,20618179990,0,98003911,19464415789,1055760290,20618179990
2023-08-25,1423,1423,1423,1423,10386969,29.954337899543376,49990,-44028,73083,-79045,0,50900,105662,10225290,5117,10386969,910,149690,10152207,84162,10386969,71135770,-62651844,103997109,-112481035,0,72430700,150357026,14550587342,7281491,14780656559,1294930,213008870,14446590233,119762526,14780656559
2023-08-28,1680,1697,1424,1428,43646627,0.35137034434293746,-105000,949,327120,-223069,0,0,4378,43117464,524785,43646627,105000,3429,42790344,747854,43646627,-167388794,1868881,524344424,-358824511,0,0,7090851,67783779530,837498391,68628368772,167388794,5221970,67259435106,1196322902,68628368772
2023-08-29,1373,1415,1263,1284,9836965,-10.084033613445378,0,-958,-173363,174321,0,0,142,9088127,748696,9836965,0,1100,9261490,574375,9836965,0,-1305332,-228413175,229718507,0,0,185168,11994348927,992006756,12986540851,0,1490500,12222762102,762288249,12986540851
2023-08-30,1276,1280,1167,1190,5343618,-7.320872274143301,0,2788,-422002,419214,0,0,2788,4746841,593989,5343618,0,0,5168843,174775,5343618,0,3295056,-512525794,509230738,0,0,3295056,5740130166,723807865,6467233087,0,0,6252655960,214577127,6467233087
2023-08-31,1175,1200,1118,1140,3411449,-4.201680672268908,-7377,1448,94285,-88356,0,0,1448,3208172,201829,3411449,7377,0,3113887,290185,3411449,-8378659,1639736,116642761,-109903838,0,0,1639736,3700580382,228919034,3931139152,8378659,0,3583937621,338822872,3931139152
2023-09-01,1148,1154,1059,1078,2612410,-5.43859649122807,0,6375,21536,-27911,0,0,6375,2456134,149901,2612410,0,0,2434598,177812,2612410,0,6850855,25415640,-32266495,0,0,6850855,2680160226,164682470,2851693551,0,0,2654744586,196948965,2851693551
2023-09-04,1078,1099,1031,1034,1356081,-4.081632653061225,0,-2807,115304,-112497,0,0,692,1318114,37275,1356081,0,3499,1202810,149772,1356081,0,-2902381,123198301,-120295920,0,0,715585,1390347263,39370572,1430433420,0,3617966,1267148962,159666492,1430433420
2023-09-05,1034,1044,1015,1031,850387,-0.2901353965183753,0,820,18103,-18923,0,0,820,811893,37674,850387,0,0,793790,56597,850387,0,842604,18547352,-19389956,0,0,842604,832748266,38657233,872248103,0,0,814200914,58047189,872248103
2023-09-06,1031,1063,1017,1030,886971,-0.09699321047526674,0,749,32228,-32977,0,0,749,846232,39990,886971,0,0,814004,72967,886971,0,770373,33975642,-34746015,0,0,770373,877666030,41421728,919858131,0,0,843690388,76167743,919858131
2023-09-07,1030,1038,1021,1035,629913,0.48543689320388345,0,1692,-36486,34794,0,0,1692,570008,58213,629913,0,0,606494,23419,629913,0,1740764,-37363651,35622887,0,0,1740764,586134216,59721362,647596342,0,0,623497867,24098475,647596342
2023-09-08,1060,1060,981,1008,3501400,-2.608695652173913,0,1923,69879,-71802,0,0,1923,3388593,110884,3501400,0,0,3318714,182686,3501400,0,1914609,72864833,-74779442,0,0,1914609,3430156948,112042366,3544113923,0,0,3357292115,186821808,3544113923
2023-09-11,998,1015,964,978,925523,-2.976190476190476,0,1864,64575,-66439,0,0,1864,880761,42898,925523,0,0,816186,109337,925523,0,1831877,63665678,-65497555,0,0,1831877,867682104,42342624,911856605,0,0,804016426,107840179,911856605
2023-09-12,978,1072,966,988,6583332,1.0224948875255624,0,23013,27798,-50811,0,0,29153,6249339,304840,6583332,0,6140,6221541,355651,6583332,0,22316577,32926884,-55243461,0,0,28784059,6389767706,311387646,6729939411,0,6467482,6356840822,366631107,6729939411
2023-09-13,982,993,966,966,749205,-2.2267206477732793,0,823,-64470,63647,0,0,823,655380,93002,749205,0,0,719850,29355,749205,0,798345,-62973286,62174941,0,0,798345,639199164,90822745,730820254,0,0,702172450,28647804,730820254
2023-09-14,963,974,954,959,626100,-0.7246376811594203,0,632,-49911,49279,0,0,632,540707,84761,626100,0,0,590618,35482,626100,0,604651,-47755351,47150700,0,0,604651,519613117,81345922,601563690,0,0,567368468,34195222,601563690
2023-09-15,965,989,950,964,553200,0.5213764337851928,0,788,-31265,30477,0,0,788,464714,87698,553200,0,0,495979,57221,553200,0,759278,-30287278,29528000,0,0,759278,449819795,85035147,535614220,0,0,480107073,55507147,535614220
2023-09-18,967,968,947,950,497966,-1.4522821576763485,0,1416,-29888,28472,0,0,1416,436952,59598,497966,0,0,466840,31126,497966,0,1343047,-28482368,27139321,0,0,1343047,416336930,56857207,474537184,0,0,444819298,29717886,474537184
2023-09-19,949,965,941,950,405944,0.0,0,1265,52636,-53901,0,0,1265,384362,20317,405944,0,0,331726,74218,405944,0,1199999,50016929,-51216928,0,0,1199999,364833415,19176990,385210404,0,0,314816486,70393918,385210404
2023-09-20,950,969,945,953,387916,0.3157894736842105,0,152,-5408,5256,0,0,152,365144,22620,387916,0,0,370552,17364,387916,0,145079,-5086265,4941186,0,0,145079,349561093,21617608,371323780,0,0,354647358,16676422,371323780
2023-09-21,953,959,922,922,324477,-3.2528856243441764,0,1720,-4155,2435,0,0,1720,303913,18844,324477,0,0,308068,16409,324477,0,1595678,-3574515,1978837,0,0,1595678,284177146,17476465,303249289,0,0,287751661,15497628,303249289
2023-09-22,908,922,900,905,392844,-1.843817787418655,0,440,-58107,57667,0,0,440,300781,91623,392844,0,0,358888,33956,392844,0,398332,-53147544,52749212,0,0,398332,272732480,83548224,356679036,0,0,325880024,30799012,356679036
2023-09-25,904,931,892,898,355588,-0.7734806629834254,0,408,48806,-49214,0,0,408,294730,60450,355588,0,0,245924,109664,355588,0,368324,44075066,-44443390,0,0,368324,266926046,54873897,322168267,0,0,222850980,99317287,322168267
2023-09-26,899,907,883,897,372188,-0.11135857461024498,0,1281,8438,-9719,0,0,1281,309590,61317,372188,0,0,301152,71036,372188,0,1136013,7532546,-8668559,0,0,1136013,276678478,54889594,332704085,0,0,269145932,63558153,332704085
2023-09-27,893,900,875,900,453850,0.33444816053511706,0,1268,-65512,64244,0,0,1268,329312,123270,453850,0,0,394824,59026,453850,0,1135047,-57862652,56727605,0,0,1135047,291407163,108987469,401529679,0,0,349269815,52259864,401529679
2023-10-04,905,1037,876,880,7385002,-2.2222222222222223,0,-6094,777991,-771897,0,0,5021,6942081,437900,7385002,0,11115,6164090,1209797,7385002,0,-6282195,739679295,-733397100,0,0,4894026,6669247281,417853232,7091994539,0,11176221,5929567986,1151250332,7091994539
2023-10-05,872,884,845,847,1059376,-3.75,0,-2383,16916,-14533,0,0,831,982161,76384,1059376,0,3214,965245,90917,1059376,0,-2099145,14320333,-12221188,0,0,705439,839788212,65444845,905938496,0,2804584,825467879,77666033,905938496
2023-10-06,842,865,842,858,352236,1.2987012987012987,0,519,-138880,138361,0,0,519,200561,151156,352236,0,0,339441,12795,352236,0,445078,-118784311,118339233,0,0,445078,171894805,129358970,301698853,0,0,290679116,11019737,301698853
2023-10-10,858,864,842,845,500762,-1.5151515151515151,0,280,-34305,34025,0,0,280,392236,108246,500762,0,0,426541,74221,500762,0,237356,-29524899,29287543,0,0,237356,334052403,92291093,426580852,0,0,363577302,63003550,426580852
2023-10-11,846,868,842,860,193958,1.7751479289940828,0,141,-80247,80106,0,0,310,112495,81153,193958,0,169,192742,1047,193958,0,119005,-68865675,68746670,0,0,264345,96313242,69644283,166221870,0,145340,165178917,897613,166221870
2023-10-12,874,874,860,868,234857,0.9302325581395349,0,489,-40921,40432,0,0,489,191646,42722,234857,0,0,232567,2290,234857,0,422274,-35418481,34996207,0,0,422274,165564651,36975570,202962495,0,0,200983132,1979363,202962495
2023-10-13,871,896,867,870,504344,0.2304147465437788,0,145,32104,-32249,0,0,495,443342,60507,504344,0,350,411238,92756,504344,0,123393,28492905,-28616298,0,0,431043,391484796,53509456,445425295,0,307650,362991891,82125754,445425295
2023-10-16,872,872,847,852,322184,-2.0689655172413794,0,534,3098,-3632,0,0,534,277950,43700,322184,0,0,274852,47332,322184,0,454230,2892851,-3347081,0,0,454230,237841983,37294965,275591178,0,0,234949132,40642046,275591178
2023-10-17,852,870,852,868,204010,1.8779342723004695,0,278,-54512,54234,0,0,278,141909,61823,204010,0,0,196421,7589,204010,0,240440,-46967872,46727432,0,0,240440,122420426,53285664,175946530,0,0,169388298,6558232,175946530
2023-10-18,864,870,841,842,371444,-2.995391705069124,0,451,8264,-8715,0,0,451,349309,21684,371444,0,0,341045,30399,371444,0,381917,6934651,-7316568,0,0,381917,296682746,18574534,315639197,0,0,289748095,25891102,315639197
2023-10-19,840,842,797,800,597229,-4.98812351543943,0,900,55343,-56243,0,0,900,570796,25533,597229,0,0,515453,81776,597229,0,721676,45334055,-46055731,0,0,721676,463559051,20722145,485002872,0,0,418224996,66777876,485002872
2023-10-20,800,800,763,783,382379,-2.125,0,2875,-7808,4933,0,0,2875,313858,65646,382379,0,0,321666,60713,382379,0,2243867,-6132855,3888988,0,0,2243867,244325928,51128661,297698456,0,0,250458783,47239673,297698456
2023-10-23,790,860,790,809,836627,3.3205619412515963,0,-1932,-122296,124228,0,0,2801,657097,176729,836627,0,4733,779393,52501,836627,0,-1653223,-100378408,102031631,0,0,2302930,545260718,145847061,693410709,0,3956153,645639126,43815430,693410709
2023-10-24,802,813,759,795,543603,-1.73053152039555,0,2860,-103874,101014,0,0,2860,404045,136698,543603,0,0,507919,35684,543603,0,2232411,-81145767,78913356,0,0,2232411,315132853,106877767,424243031,0,0,396278620,27964411,424243031
2023-10-25,816,838,801,812,361500,2.138364779874214,0,716,-68233,67517,0,0,716,267013,93771,361500,0,0,335246,26254,361500,0,579494,-55176827,54597333,0,0,579494,218190940,76314619,295085053,0,0,273367767,21717286,295085053
2023-10-26,800,840,782,783,684856,-3.571428571428571,0,615,90801,-91416,0,0,615,662042,22199,684856,0,0,571241,113615,684856,0,484812,72869041,-73353853,0,0,484812,533873805,17836806,552195423,0,0,461004764,91190659,552195423
2023-10-27,783,799,767,778,197218,-0.6385696040868455,0,26,-24557,24531,0,0,26,150816,46376,197218,0,0,175373,21845,197218,0,20375,-19380053,19359678,0,0,20375,117872321,36471598,154364294,0,0,137252374,17111920,154364294
2023-10-30,765,791,765,786,221507,1.0282776349614395,0,2529,-73160,70631,0,0,2529,140006,78972,221507,0,0,213166,8341,221507,0,1974682,-56704450,54729768,0,0,1974682,108249159,61148902,171372743,0,0,164953609,6419134,171372743
2023-10-31,790,791,765,768,221121,-2.2900763358778624,0,135,29233,-29368,0,0,135,188239,32747,221121,0,0,159006,62115,221121,0,103998,22666553,-22770551,0,0,103998,145698686,25292756,171095440,0,0,123032133,48063307,171095440
2023-11-01,771,793,771,787,141349,2.473958333333333,0,1845,-83965,82120,0,0,1845,55885,83619,141349,0,0,139850,1499,141349,0,1452294,-66064711,64612417,0,0,1452294,43880489,65788667,111121450,0,0,109945200,1176250,111121450
2023-11-02,790,806,786,803,216304,2.0330368487928845,0,1137,-50297,49160,0,0,1741,152064,62499,216304,0,604,202361,13339,216304,0,916383,-39854040,38937657,0,0,1396603,121289282,49590264,172276149,0,480220,161143322,10652607,172276149
2023-11-03,812,812,791,805,117808,0.24906600249066002,0,1044,-30035,28991,0,0,1044,83879,32885,117808,0,0,113914,3894,117808,0,840433,-24145808,23305375,0,0,840433,67132166,26437408,94410007,0,0,91277974,3132033,94410007
2023-11-06,813,838,804,818,273241,1.6149068322981366,0,960,-33118,32158,0,0,960,225036,47245,273241,0,0,258154,15087,273241,0,780215,-26896647,26116432,0,0,780215,182855015,38346455,221981685,0,0,209751662,12230023,221981685
2023-11-07,815,816,798,806,113605,-1.466992665036675,0,85,24875,-24960,0,0,85,100357,13163,113605,0,0,75482,38123,113605,0,68195,19975686,-20043881,0,0,68195,80815719,10615058,91498972,0,0,60840033,30658939,91498972
2023-11-08,806,813,801,807,78916,0.12406947890818859,0,256,1858,-2114,0,0,256,59031,19629,78916,0,0,57173,21743,78916,0,206734,1505474,-1712208,0,0,206734,47622987,15822517,63652238,0,0,46117513,17534725,63652238
2023-11-09,808,811,794,798,109394,-1.1152416356877324,0,34,48406,-48440,0,0,34,103582,5778,109394,0,0,55176,54218,109394,0,27210,38704377,-38731587,0,0,27210,82744320,4609176,87380706,0,0,44039943,43340763,87380706
2023-11-10,798,800,780,786,100921,-1.5037593984962405,0,62,31726,-31788,0,0,62,90839,10020,100921,0,0,59113,41808,100921,0,48706,24991850,-25040556,0,0,48706,71347368,7859304,79255378,0,0,46355518,32899860,79255378
2023-11-13,785,786,768,769,189837,-2.1628498727735366,0,124,18018,-18142,0,0,124,171694,18019,189837,0,0,153676,36161,189837,0,95482,13980079,-14075561,0,0,95482,132751798,13962585,146809865,0,0,118771719,28038146,146809865
2023-11-14,769,790,769,790,94393,2.7308192457737324,0,4809,-34911,30102,0,0,4809,51242,38342,94393,0,0,86153,8240,94393,0,3769032,-27330948,23561916,0,0,3769032,40129974,30000808,73899814,0,0,67460922,6438892,73899814
2023-11-15,800,805,789,801,115992,1.3924050632911391,0,3857,-23997,20140,0,0,3857,77159,34976,115992,0,0,101156,14836,115992,0,3073679,-19151560,16077881,0,0,3073679,61489430,27900937,92464046,0,0,80640990,11823056,92464046
2023-11-16,793,807,792,802,120428,0.12484394506866417,0,14,-26672,26658,0,0,14,82278,38136,120428,0,0,108950,11478,120428,0,11217,-21374313,21363096,0,0,11217,65755032,30531707,96297956,0,0,87129345,9168611,96297956
2023-11-17,802,807,785,797,98505,-0.6234413965087282,0,2150,34867,-37017,0,0,2151,96058,296,98505,0,1,61191,37313,98505,0,1717168,27771385,-29488553,0,0,1717968,76452247,235551,78405766,0,800,48680862,29724104,78405766
2023-11-20,791,806,791,799,113402,0.2509410288582183,0,1174,-36504,35330,0,0,1184,74796,37422,113402,0,10,111300,2092,113402,0,939658,-29249573,28309915,0,0,947628,59870307,29985477,90803412,0,7970,89119880,1675562,90803412
2023-11-21,799,804,795,802,102745,0.37546933667083854,0,1314,-1724,410,0,0,1314,81090,20341,102745,0,0,82814,19931,102745,0,1053117,-1391614,338497,0,0,1053117,64823730,16253106,82129953,0,0,66215344,15914609,82129953
2023-11-22,804,805,792,793,163835,-1.1221945137157108,0,1425,44648,-46073,0,0,1425,159153,3257,163835,0,0,114505,49330,163835,0,1136251,35600496,-36736747,0,0,1136251,126700985,2586634,130423870,0,0,91100489,39323381,130423870
2023-11-23,797,800,784,786,156831,-0.8827238335435058,0,1734,7753,-9487,0,0,1734,148067,7030,156831,0,0,140314,16517,156831,0,1366965,6139610,-7506575,0,0,1366965,116638074,5544889,123549928,0,0,110498464,13051464,123549928
2023-11-24,790,794,783,788,106481,0.2544529262086514,0,246,23082,-23328,0,0,246,104166,2069,106481,0,0,81084,25397,106481,0,193588,18202163,-18395751,0,0,193588,82121369,1624294,83939251,0,0,63919206,20020045,83939251
2023-11-27,788,799,787,789,113362,0.12690355329949238,0,155,18928,-19083,0,0,156,106456,6750,113362,0,1,87528,25833,113362,0,122383,14973519,-15095902,0,0,123177,84138070,5336696,89597943,0,794,69164551,20432598,89597943
2023-11-28,787,787,773,781,185276,-1.0139416983523446,0,389,38066,-38455,0,0,389,179504,5383,185276,0,0,141438,43838,185276,0,301874,29707289,-30009163,0,0,301874,139807877,4186155,144295906,0,0,110100588,34195318,144295906
2023-11-29,784,788,767,768,303350,-1.6645326504481435,0,1103,37489,-38592,0,0,1103,289573,12674,303350,0,0,252084,51266,303350,0,847156,29099348,-29946504,0,0,847156,223554830,9786478,234188464,0,0,194455482,39732982,234188464
2023-11-30,770,792,768,790,286161,2.864583333333333,0,7068,-76196,69128,0,0,7068,207546,71547,286161,0,0,283742,2419,286161,0,5556137,-59825559,54269422,0,0,5556137,162282320,56140323,223978780,0,0,222107879,1870901,223978780
2023-12-01,790,793,781,787,102593,-0.37974683544303794,0,1668,-8197,6529,0,0,1668,88502,12423,102593,0,0,96699,5894,102593,0,1310904,-6412372,5101468,0,0,1310904,69717197,9742714,80770815,0,0,76129569,4641246,80770815
2023-12-04,787,805,777,802,404478,1.9059720457433291,0,-664,-16487,17151,0,0,798,340064,63616,404478,0,1462,356551,46465,404478,0,-532371,-12770653,13303024,0,0,638305,270963689,50343021,321945015,0,1170676,283734342,37039997,321945015
2023-12-05,807,807,760,794,163742,-0.997506234413965,0,120,2268,-2388,0,0,120,155531,8091,163742,0,0,153263,10479,163742,0,95880,1874981,-1970861,0,0,95880,123324762,6413634,129834276,0,0,121449781,8384495,129834276
2023-12-06,781,798,780,793,129883,-0.12594458438287154,0,2403,-16176,13773,0,0,2403,109734,17746,129883,0,0,125910,3973,129883,0,1902614,-12814953,10912339,0,0,1902614,86238188,14037827,102178629,0,0,99053141,3125488,102178629
2023-12-07,793,799,787,789,91415,-0.5044136191677175,0,96,2675,-2771,0,0,96,89530,1789,91415,0,0,86855,4560,91415,0,76416,2119729,-2196145,0,0,76416,71024982,1420022,72521420,0,0,68905253,3616167,72521420
2023-12-08,789,801,782,801,196044,1.520912547528517,0,2101,-10908,8807,0,0,2101,183206,10737,196044,0,0,194114,1930,196044,0,1659384,-8665590,7006206,0,0,1659384,145042788,8525834,155228006,0,0,153708378,1519628,155228006
2023-12-11,800,802,789,795,98967,-0.7490636704119851,0,2752,-5197,2445,0,0,2752,87890,8325,98967,0,0,93087,5880,98967,0,2199478,-4130048,1930570,0,0,2199478,69915096,6605106,78719680,0,0,74045144,4674536,78719680
2023-12-12,795,803,790,795,136868,0.0,0,1161,-3184,2023,0,0,1161,125101,10606,136868,0,0,128285,8583,136868,0,928805,-2556431,1627626,0,0,928805,99972761,8474747,109376313,0,0,102529192,6847121,109376313
2023-12-13,795,801,790,796,78611,0.12578616352201258,0,0,-11339,11339,0,0,0,63111,15500,78611,0,0,74450,4161,78611,0,0,-8985522,8985522,0,0,0,50094031,12302000,62396031,0,0,59079553,3316478,62396031
2023-12-14,795,800,782,783,131779,-1.6331658291457287,0,238,-3592,3354,0,0,238,125827,5714,131779,0,0,129419,2360,131779,0,189652,-2825451,2635799,0,0,189652,99006162,4506802,103702616,0,0,101831613,1871003,103702616
2023-12-15,780,788,773,775,242885,-1.0217113665389528,0,-326,-9870,10196,0,0,1445,226880,14560,242885,0,1771,236750,4364,242885,0,-258974,-7670798,7929772,0,0,1133032,177177259,11341769,189652060,0,1392006,184848057,3411997,189652060
2023-12-18,775,783,775,780,48665,0.6451612903225806,0,-3396,849,2547,0,0,2833,43285,2547,48665,0,6229,42436,0,48665,0,-2655169,667109,1988060,0,0,2209451,33719043,1988060,37916554,0,4864620,33051934,0,37916554
2023-12-19,780,785,773,781,84823,0.1282051282051282,0,-2720,-4362,7082,0,0,1139,74802,8882,84823,0,3859,79164,1800,84823,0,-2140371,-3344751,5485122,0,0,888944,58223879,6894322,66007145,0,3029315,61568630,1409200,66007145
2023-12-20,777,792,774,780,239505,-0.12804097311139565,0,-2038,-12344,14382,0,0,1103,211212,27190,239505,0,3141,223556,12808,239505,0,-1604765,-9499940,11104705,0,0,860920,164512255,21128056,186501231,0,2465685,174012195,10023351,186501231
2023-12-21,785,785,773,773,141785,-0.8974358974358974,0,545,6930,-7475,0,0,545,139218,2022,141785,0,0,132288,9497,141785,0,424888,5380739,-5805627,0,0,424888,108045968,1568773,110039629,0,0,102665229,7374400,110039629
2023-12-22,773,775,766,769,205975,-0.517464424320828,0,1188,-10881,9693,0,0,1188,189389,15398,205975,0,0,200270,5705,205975,0,914850,-8308696,7393846,0,0,914850,145904870,11797320,158617040,0,0,154213566,4403474,158617040
2023-12-26,769,773,764,765,142958,-0.5201560468140443,0,0,6233,-6233,0,0,0,142110,848,142958,0,0,135877,7081,142958,0,0,4787250,-4787250,0,0,0,109036212,650085,109686297,0,0,104248962,5437335,109686297
2023-12-27,761,772,761,767,88936,0.261437908496732,0,3103,-2618,-485,0,0,3106,85514,316,88936,0,3,88132,801,88936,0,2384051,-2012395,-371656,0,0,2386361,65517801,241485,68145647,0,2310,67530196,613141,68145647
2023-12-28,764,828,764,782,583217,1.955671447196871,0,-3418,35888,-32470,0,0,1136,571196,10885,583217,0,4554,535308,43355,583217,0,-2842879,29186841,-26343962,0,0,893965,453875859,8631032,463400856,0,3736844,424689018,34974994,463400856
2024-01-02,776,796,776,787,155816,0.639386189258312,0,1076,7373,-8449,0,0,1076,153480,1260,155816,0,0,146107,9709,155816,0,848020,5801099,-6649119,0,0,848020,120922985,994041,122765046,0,0,115121886,7643160,122765046
2024-01-03,787,794,777,784,195567,-0.3811944091486658,0,2104,5756,-7860,0,0,2104,191646,1817,195567,0,0,185890,9677,195567,0,1641124,4500282,-6141406,0,0,1641124,149862356,1416035,152919515,0,0,145362074,7557441,152919515
2024-01-04,779,784,771,779,160101,-0.6377551020408163,0,151,23782,-23933,0,0,151,156936,3014,160101,0,0,133154,26947,160101,0,117797,18481081,-18598878,0,0,117797,121731590,2335452,124184839,0,0,103250509,20934330,124184839
2024-01-05,779,782,770,776,166313,-0.38510911424903727,0,1306,22443,-23749,0,0,1306,164779,228,166313,0,0,142336,23977,166313,0,1012060,17456041,-18468101,0,0,1012060,127401728,176227,128590015,0,0,109945687,18644328,128590015
2024-01-08,776,782,772,778,78023,0.25773195876288657,0,1580,9289,-10869,0,0,1580,76228,215,78023,0,0,66939,11084,78023,0,1227894,7214710,-8442604,0,0,1227894,59170410,166220,60564524,0,0,51955700,8608824,60564524
2024-01-09,778,780,772,778,87783,0.0,0,2226,7684,-9910,0,0,2226,85329,228,87783,0,0,77645,10138,87783,0,1731136,5952042,-7683178,0,0,1731136,66174157,176302,68081595,0,0,60222115,7859480,68081595
2024-01-10,776,779,771,779,87858,0.12853470437017994,0,1000,11774,-12774,0,0,1000,86524,334,87858,0,0,74750,13108,87858,0,774000,9109366,-9883366,0,0,774000,66920954,257986,67952940,0,0,57811588,10141352,67952940
2024-01-11,779,782,770,774,114051,-0.6418485237483954,0,0,19361,-19361,0,0,0,113506,545,114051,0,0,94145,19906,114051,0,0,15072127,-15072127,0,0,0,88011622,421580,88433202,0,0,72939495,15493707,88433202
2024-01-12,778,778,767,770,132688,-0.516795865633075,0,100,27872,-27972,0,0,100,132588,0,132688,0,0,104716,27972,132688,0,77000,21486219,-21563219,0,0,77000,102137296,0,102214296,0,0,80651077,21563219,102214296
2024-01-15,770,771,763,769,129382,-0.12987012987012986,0,0,15259,-15259,0,0,0,129213,169,129382,0,0,113954,15428,129382,0,0,11693676,-11693676,0,0,0,99025839,129305,99155144,0,0,87332163,11822981,99155144
2024-01-16,764,768,759,764,101628,-0.6501950585175552,0,1142,13218,-14360,0,0,1142,97276,3210,101628,0,0,84058,17570,101628,0,873764,10100917,-10974681,0,0,873764,74147553,2442640,77463957,0,0,64046636,13417321,77463957
2024-01-17,757,776,741,741,255823,-3.0104712041884816,0,111,35554,-35665,0,0,1150,247019,7654,255823,0,1039,211465,43319,255823,0,80808,26609470,-26690278,0,0,857250,185120736,5707773,191685759,0,776442,158511266,32398051,191685759
2024-01-18,741,746,739,741,109827,0.0,0,10109,-13370,3261,0,0,10597,84986,14244,109827,0,488,98356,10983,109827,0,7510870,-9946162,2435292,0,0,7872956,63073257,10581865,81528078,0,362086,73019419,8146573,81528078
2024-01-19,742,746,732,736,186782,-0.6747638326585695,0,558,-137,-421,0,0,558,171191,15033,186782,0,0,171328,15454,186782,0,414936,-92243,-322693,0,0,414936,126356933,11106506,137878375,0,0,126449176,11429199,137878375
2024-01-22,749,755,731,751,242090,2.0380434782608696,0,2050,25169,-27219,0,0,2050,231947,8093,242090,0,0,206778,35312,242090,0,1511550,18575839,-20087389,0,0,1511550,172602766,6070001,180184317,0,0,154026927,26157390,180184317
2024-01-23,745,751,730,732,222401,-2.5299600532623168,0,3145,4880,-8025,0,0,3145,210951,8305,222401,0,0,206071,16330,222401,0,2347635,3648159,-5995794,0,0,2347635,155863062,6146916,164357613,0,0,152214903,12142710,164357613
2024-01-24,737,759,730,745,272865,1.7759562841530054,0,-3502,20594,-17092,0,0,1050,263743,8072,272865,0,4552,243149,25164,272865,0,-2614870,15105413,-12490543,0,0,778250,196914635,6043027,203735912,0,3393120,181809222,18533570,203735912
2024-01-25,745,792,739,771,818289,3.48993288590604,0,-3681,29090,-25409,0,0,6050,792232,20007,818289,0,9731,763142,45416,818289,0,-2809709,22360587,-19550878,0,0,4689360,612195117,15339855,632224332,0,7499069,589834530,34890733,632224332
2024-01-26,767,771,756,767,148475,-0.5188067444876783,0,1605,21313,-22918,0,0,3149,144515,811,148475,0,1544,123202,23729,148475,0,1222891,16340633,-17563524,0,0,2405394,110408096,615320,113428810,0,1182503,94067463,18178844,113428810
2024-01-29,771,771,752,761,158020,-0.7822685788787485,0,-789,20578,-19789,0,0,50,155575,2395,158020,0,839,134997,22184,158020,0,-601390,15675121,-15073731,0,0,38050,118163746,1813637,120015433,0,639440,102488625,16887368,120015433
2024-01-30,761,761,716,742,312849,-2.4967148488830486,0,-689,4567,-3878,0,0,150,300699,12000,312849,0,839,296132,15878,312849,0,-504825,3398155,-2893330,0,0,110350,220693346,8789838,229593534,0,615175,217295191,11683168,229593534
2024-01-31,742,742,708,717,505595,-3.3692722371967654,0,1100,22829,-23929,0,0,2313,489264,14018,505595,0,1213,466435,37947,505595,0,783490,16356355,-17139845,0,0,1650853,349867528,10051222,361569603,0,867363,333511173,27191067,361569603
2024-02-01,708,727,706,717,190757,0.0,0,75,42008,-42083,0,0,75,189940,742,190757,0,0,147932,42825,190757,0,53625,30061736,-30115361,0,0,53625,135633379,526901,136213905,0,0,105571643,30642262,136213905
2024-02-02,719,725,710,717,112725,0.0,0,5810,8697,-14507,0,0,6205,105371,1149,112725,0,395,96674,15656,112725,0,4172856,6253980,-10426836,0,0,4459231,75644416,821992,80925639,0,286375,69390436,11248828,80925639
2024-02-05,725,726,710,716,158242,-0.1394700139470014,0,-5485,16410,-10925,0,0,89,155175,2978,158242,0,5574,138765,13903,158242,0,-3918512,11733774,-7815262,0,0,63685,111021681,2125346,113210712,0,3982197,99287907,9940608,113210712
2024-02-06,716,720,708,717,161829,0.13966480446927373,0,-20410,37643,-17233,0,0,1658,152790,7381,161829,0,22068,115147,24614,161829,0,-14476454,26788629,-12312175,0,0,1184797,108717155,5258019,115159971,0,15661251,81928526,17570194,115159971
2024-02-07,722,722,711,713,155744,-0.5578800557880056,0,-896,13388,-12492,0,0,36,154526,1182,155744,0,932,141138,13674,155744,0,-640547,9567385,-8926838,0,0,25722,110408763,844945,111279430,0,666269,100841378,9771783,111279430
2024-02-08,713,719,712,717,90904,0.5610098176718092,0,1503,-3001,1498,0,0,1503,78394,11007,90904,0,0,81395,9509,90904,0,1076613,-2145265,1068652,0,0,1076613,56066484,7865196,65008293,0,0,58211749,6796544,65008293
2024-02-13,720,720,712,716,112701,-0.1394700139470014,0,1459,5301,-6760,0,0,1459,104957,6285,112701,0,0,99656,13045,112701,0,1045400,3810565,-4855965,0,0,1045400,75183786,4488866,80718052,0,0,71373221,9344831,80718052
2024-02-14,718,719,705,715,214475,-0.13966480446927373,0,3235,-1660,-1575,0,0,3235,190325,20915,214475,0,0,191985,22490,214475,0,2292646,-1188170,-1104476,0,0,2292646,135317164,14849760,152459570,0,0,136505334,15954236,152459570
2024-02-15,717,718,710,716,89661,0.13986013986013987,0,-5123,13063,-7940,0,0,964,88385,312,89661,0,6087,75322,8252,89661,0,-3650198,9315445,-5665247,0,0,689255,63113071,222301,64024627,0,4339453,53797626,5887548,64024627
2024-02-16,719,724,714,720,135872,0.5586592178770949,0,-1051,10542,-9491,0,0,1010,134429,433,135872,0,2061,123887,9924,135872,0,-756556,7559041,-6802485,0,0,722200,96584033,309918,97616151,0,1478756,89024992,7112403,97616151
2024-02-19,721,740,721,740,299973,2.7777777777777777,341,5344,-1793,-3892,0,341,9231,284572,5829,299973,0,3887,286365,9721,299973,249953,3938533,-1335720,-2852766,0,249953,6781059,207968497,4256974,219256483,0,2842526,209304217,7109740,219256483
2024-02-20,739,745,732,741,153566,0.13513513513513514,0,3242,3511,-6753,0,0,3242,147622,2702,153566,0,0,144111,9455,153566,0,2399015,2588232,-4987247,0,0,2399015,108974453,1993827,113367295,0,0,106386221,6981074,113367295
2024-02-21,741,792,737,782,538894,5.53306342780027,61,-5409,25084,-19736,0,105,5696,522285,10808,538894,44,11105,497201,30544,538894,46792,-4107858,19182209,-15121143,0,81200,4400615,403217874,8380020,416079709,34408,8508473,384035665,23501163,416079709
2024-02-22,783,787,754,766,126356,-2.0460358056265986,-402,3585,20139,-23322,0,0,8830,114918,2608,126356,402,5245,94779,25930,126356,-303594,2898100,15364511,-17959017,0,0,6870473,88125745,1982555,96978773,303594,3972373,72761234,19941572,96978773
2024-02-23,760,770,748,760,237400,-0.7832898172323759,0,3757,9749,-13506,0,0,10010,225275,2115,237400,0,6253,215526,15621,237400,0,2833871,7362793,-10196664,0,0,7568871,170054883,1593891,179217645,0,4735000,162692090,11790555,179217645
2024-02-26,760,789,755,788,470920,3.684210526315789,0,-8881,6873,2008,0,0,0,435840,35080,470920,0,8881,428967,33072,470920,0,-6910560,5410667,1499893,0,0,0,338578719,27204278,365782997,0,6910560,333168052,25704385,365782997
2024-02-27,788,802,780,796,293873,1.015228426395939,0,-4407,-8457,12864,0,0,2700,267180,23993,293873,0,7107,275637,11129,293873,0,-3516550,-6588916,10105466,0,0,2128300,211468326,18927405,232524031,0,5644850,218057242,8821939,232524031
2024-02-28,797,870,797,863,2090154,8.417085427135678,0,11712,100840,-112552,0,0,49139,1981899,59116,2090154,0,37427,1881059,171668,2090154,0,10200445,84631442,-94831887,0,0,41814053,1660913995,49585165,1752313213,0,31613608,1576282553,144417052,1752313213
2024-02-29,845,883,840,883,782540,2.317497103128621,0,103498,-215144,111646,0,0,111971,510095,160474,782540,0,8473,725239,48828,782540,0,90339793,-186988464,96648671,0,0,97679927,442036599,139148702,678865228,0,7340134,629025063,42500031,678865228
2024-03-04,883,937,883,933,1551120,5.662514156285391,0,-9357,-336069,345426,0,0,0,1164356,386764,1551120,0,9357,1500425,41338,1551120,0,-8534902,-308261771,316796673,0,0,0,1070722961,354657689,1425380650,0,8534902,1378984732,37861016,1425380650
2024-03-05,915,985,910,985,1204484,5.57341907824223,0,-1134,-70081,71215,0,0,0,988429,216055,1204484,0,1134,1058510,144840,1204484,0,-1076655,-66736578,67813233,0,0,0,943414758,206741177,1150155935,0,1076655,1010151336,138927944,1150155935
2024-03-06,1000,1104,992,1104,3044600,12.081218274111675,0,58619,-545335,486716,0,0,67010,2304776,672814,3044600,0,8391,2850111,186098,3044600,0,64898312,-550653687,485755375,0,0,73884309,2453779819,684558244,3212222372,0,8985997,3004433506,198802869,3212222372
2024-03-07,1435,1435,1435,1435,2338735,29.981884057971016,0,269643,-231151,-38492,0,0,349082,1988452,1201,2338735,0,79439,2219603,39693,2338735,0,386937705,-331701685,-55236020,0,0,500932670,2853428620,1723435,3356084725,0,113994965,3185130305,56959455,3356084725
2024-03-08,1865,1865,1295,1510,95417316,5.2264808362369335,0,-414012,804125,-390113,0,23394,259024,92736082,2398816,95417316,23394,673036,91931957,2788929,95417316,454387,-683355386,1251589243,-568688244,0,38620219,386153018,146077560682,3694471499,150196805418,38165832,1069508404,144825971439,4263159743,150196805418
2024-03-11,1511,1730,1462,1504,22641401,-0.3973509933774834,0,25,-58124,58099,0,0,513,21357387,1283501,22641401,0,488,21415511,1225402,22641401,0,31148,-66037720,66006572,0,0,813275,33662843643,2009229363,35672886281,0,782127,33728881363,1943222791,35672886281
2024-03-12,1475,1522,1248,1270,8050121,-15.558510638297873,0,0,-53467,53467,0,0,520,7767125,282476,8050121,0,520,7820592,229009,8050121,0,-18720,-64465860,64484580,0,0,770120,10743324284,383487739,11127582143,0,788840,10807790144,319003159,11127582143
2024-03-13,1257,1349,1188,1190,6458208,-6.299212598425196,0,5512,19330,-24842,0,0,25672,5994412,438124,6458208,0,20160,5975082,462966,6458208,0,8198660,42882708,-51081368,0,0,33136580,7570403371,540601900,8144141851,0,24937920,7527520663,591683268,8144141851
2024-03-14,1230,1333,1153,1191,7912395,0.08403361344537816,0,-5189,26185,-20996,0,39,21825,6761786,1128745,7912395,39,27014,6735601,1149741,7912395,-507,-5918442,28799419,-22880470,0,48984,28523902,8397771499,1402893976,9829238361,49491,34442344,8368972080,1425774446,9829238361
2024-03-15,1188,1250,1154,1158,2665455,-2.770780856423174,0,-1091,17780,-16689,0,0,4421,2329018,332016,2665455,0,5512,2311238,348705,2665455,0,-1166984,23997666,-22830682,0,0,5387585,2770330295,396739039,3172456919,0,6554569,2746332629,419569721,3172456919
2024-03-18,1174,1355,1163,1303,9111063,12.521588946459413,0,-158,-403590,403748,0,1574,14997,7621395,1473097,9111063,1574,15155,8024985,1069349,9111063,4366,-481519,-484900945,485378098,0,1997828,18784167,9770625505,1870046973,11661454473,1993462,19265686,10255526450,1384668875,11661454473
2024-03-19,1302,1302,1172,1177,3177103,-9.669992325402916,0,-1054,359532,-358478,0,811,0,3113198,63094,3177103,811,1054,2753666,421572,3177103,-12165,-1268887,438664051,-437382999,0,999963,0,3777384481,76854628,3855239072,1012128,1268887,3338720430,514237627,3855239072
2024-03-20,1195,1238,1154,1183,1577992,0.5097706032285472,0,-139,-119614,119753,0,0,1024,1332040,244928,1577992,0,1163,1451654,125175,1577992,0,-152065,-142944269,143096334,0,0,1238951,1592873788,292612425,1886725164,0,1391016,1735818057,149516091,1886725164
2024-03-21,1165,1216,1146,1191,1142258,0.6762468300929839,0,-15,-38150,38165,0,0,0,1004186,138072,1142258,0,15,1042336,99907,1142258,0,-17400,-42590266,42607666,0,0,0,1178794799,160737355,1339532154,0,17400,1221385065,118129689,1339532154
2024-03-22,1192,1200,1158,1165,996930,-2.18303946263644,0,0,123872,-123872,0,1323,0,966493,29114,996930,1323,0,842621,152986,996930,1323,0,144637624,-144638947,0,1546587,0,1128493129,34014236,1164053952,1545264,0,983855505,178653183,1164053952
2024-03-25,1160,1205,1137,1203,1020977,3.2618025751072963,0,1000,-97620,96620,0,0,1000,812817,207160,1020977,0,0,910437,110540,1020977,0,1193000,-113936568,112743568,0,0,1193000,954893121,243247888,1199334009,0,0,1068829689,130504320,1199334009
2024-03-26,1175,1245,1170,1180,1015438,-1.9118869492934332,0,-2994,75553,-72559,0,0,0,937102,78336,1015438,0,2994,861549,150895,1015438,0,-3542913,91628401,-88085488,0,0,0,1125374839,94950522,1220325361,0,3542913,1033746438,183036010,1220325361
2024-03-27,1171,1190,1155,1180,579460,0.0,0,867,-23351,22484,0,0,3007,509702,66751,579460,0,2140,533053,44267,579460,0,1003431,-27400778,26397347,0,0,3521281,597839938,78438638,679799857,0,2517850,625240716,52041291,679799857
2024-03-28,1180,1185,1165,1165,464787,-1.2711864406779663,0,-1350,-23422,24772,0,0,0,387213,77574,464787,0,1350,410635,52802,464787,0,-1583390,-27637264,29220654,0,0,0,453283026,91020533,544303559,0,1583390,480920290,61799879,544303559
2024-03-29,1162,1230,1162,1215,1086158,4.291845493562231,0,-1076,-129980,131056,0,0,0,850034,236124,1086158,0,1076,980014,105068,1086158,0,-1288027,-154223768,155511795,0,0,0,1024266456,282876520,1307142976,0,1288027,1178490224,127364725,1307142976
2024-04-01,1210,1228,1196,1213,419069,-0.1646090534979424,0,500,75308,-75808,0,0,500,410536,8033,419069,0,0,335228,83841,419069,0,609000,91520315,-92129315,0,0,609000,498740044,9746652,509095696,0,0,407219729,101875967,509095696
2024-04-02,1207,1226,1175,1223,636791,0.8244023083264632,0,-2212,49970,-47758,0,0,0,581847,54944,636791,0,2212,531877,102702,636791,0,-2636917,59899599,-57262682,0,0,0,696466307,66013997,762480304,0,2636917,636566708,123276679,762480304
2024-04-03,1221,1589,1200,1589,27428469,29.92641046606705,0,13791,464405,-478196,0,0,107970,25712604,1607895,27428469,0,94179,25248199,2086091,27428469,0,23500268,678325953,-701826221,0,0,159053265,37779044092,2293515380,40231612737,0,135552997,37100718139,2995341601,40231612737
2024-04-04,1740,1825,1472,1589,28859431,0.0,0,-6674,-98386,105060,0,1946,41549,28124734,691202,28859431,1946,48223,28223120,586142,28859431,-1707,-6154723,-164734480,170890910,0,3322499,70400581,46313136587,1142569521,47529429188,3324206,76555304,46477871067,971678611,47529429188
2024-04-05,1566,1582,1450,1450,3647973,-8.747640025173064,0,-2601,-161980,164581,0,2,2049,3278217,367705,3647973,2,4650,3440197,203124,3647973,200,-3998900,-237601778,241600478,0,3100,3077107,4926812337,549246951,5479139495,2900,7076007,5164414115,307646473,5479139495
2024-04-08,1420,1700,1368,1586,9227839,9.379310344827587,0,-22922,205889,-182967,0,1976,7707,8493542,724614,9227839,1976,30629,8287653,907581,9227839,-136232,-37436652,393059879,-355486995,0,2741068,11559230,13421983156,1079108948,14515392402,2877300,48995882,13028923277,1434595943,14515392402
2024-04-09,1563,1719,1515,1595,8123750,0.5674653215636822,0,-1236,-86412,87648,0,3691,10939,7023308,1085812,8123750,3691,12175,7109720,998164,8123750,72739,-2286346,-119789703,122003310,0,6287622,17842313,11551041039,1773839784,13349010758,6214883,20128659,11670830742,1651836474,13349010758
2024-04-11,1682,1825,1598,1695,13034336,6.269592476489027,1000,7033,260733,-268766,0,3233,27052,11569094,1434957,13034336,2233,20019,11308361,1703723,13034336,1579537,11927439,482469321,-495976297,0,5334224,47188401,20202896334,2485717155,22741136114,3754687,35260962,19720427013,2981693452,22741136114
2024-04-12,1680,1703,1587,1587,2336806,-6.371681415929204,6400,-2375,-28499,24474,0,6400,6207,2066142,258057,2336806,0,8582,2094641,233583,2336806,10174200,-4027774,-44913904,38767478,0,10174200,9999477,3382883897,422610467,3825668041,0,14027251,3427797801,383842989,3825668041
2024-04-15,1560,1721,1495,1672,3271098,5.356017643352237,0,-6694,-176120,182814,0,2,3994,2604998,662104,3271098,2,10688,2781118,479290,3271098,-44,-11230600,-280475875,291706519,0,3040,6677754,4293062835,1085745071,5385488700,3084,17908354,4573538710,794038552,5385488700
2024-04-16,1668,1706,1565,1608,1476542,-3.827751196172249,0,-3436,94966,-91530,0,0,5,1318812,157725,1476542,0,3441,1223846,249255,1476542,0,-5521847,155875123,-150353276,0,0,8180,2141660081,256071297,2397739558,0,5530027,1985784958,406424573,2397739558
2024-04-17,1608,1635,1537,1537,905657,-4.41542288557214,0,-363,-5712,6075,0,0,722,782102,122833,905657,0,1085,787814,116758,905657,0,-577638,-9056850,9634488,0,0,1152100,1243740990,195886608,1440779698,0,1729738,1252797840,186252120,1440779698
2024-04-18,1540,1660,1455,1590,1441329,3.4482758620689653,0,9824,-76122,66298,0,2,9826,1104780,326721,1441329,2,2,1180902,260423,1441329,-24,15125371,-111866058,96740711,0,3004,15128581,1745593554,511407467,2272132606,3028,3210,1857459612,414666756,2272132606
2024-04-19,1587,1620,1493,1537,961631,-3.3333333333333335,0,-1147,90866,-89719,0,0,504,855428,105699,961631,0,1651,764562,195418,961631,0,-1725747,142910850,-141185103,0,0,771505,1313853425,161724127,1476349057,0,2497252,1170942575,302909230,1476349057
2024-04-22,1541,1691,1538,1559,2272763,1.431359791802212,0,-10720,-169262,179982,0,318,4924,1775791,491730,2272763,318,15644,1945053,311748,2272763,-2544,-17096836,-270667503,287766883,0,499578,7981785,2877701271,795920349,3682102983,502122,25078621,3148368774,508153466,3682102983
2024-04-23,1600,1929,1579,1728,28897239,10.840282232200128,-2400,-996,-89769,93165,0,5478,14293,25516817,3360651,28897239,7878,15289,25606586,3267486,28897239,-4685622,-2119590,-41420508,48225720,0,9504052,25830527,46205565603,5967725194,52208625376,14189674,27950117,46246986111,5919499474,52208625376
2024-04-24,1706,1790,1671,1699,5015416,-1.678240740740741,4550,5802,108393,-118745,0,4550,6167,4446040,558659,5015416,0,365,4337647,677404,5015416,7889222,10158455,191217887,-209265564,0,7889222,10794502,7644726147,959506768,8622916639,0,636047,7453508260,1168772332,8622916639
2024-04-25,1665,1731,1639,1682,1737242,-1.0005885815185402,0,180,-102961,102781,0,0,219,1510421,226602,1737242,0,39,1613382,123821,1737242,0,310452,-176064923,175754471,0,0,375419,2538304881,383262424,2921942724,0,64967,2714369804,207507953,2921942724
2024-04-26,1675,1675,1590,1603,1911756,-4.69678953626635,0,-6415,282989,-276574,0,0,190,1810545,101021,1911756,0,6605,1527556,377595,1911756,0,-10345600,461406254,-451060654,0,0,305952,2935910540,165044328,3101260820,0,10651552,2474504286,616104982,3101260820
2024-04-29,1613,1708,1610,1690,1626283,5.427323767935121,0,26,-264041,264015,0,35,26,1250568,375654,1626283,35,0,1514609,111639,1626283,-350,42991,-442224937,442182296,0,57470,42991,2074042805,627415436,2701558702,57820,0,2516267742,185233140,2701558702
2024-04-30,1670,1736,1650,1726,1344917,2.130177514792899,0,122,-156873,156751,0,0,188,1104296,240433,1344917,0,66,1261169,83682,1344917,0,211607,-268811881,268600274,0,0,324818,1887925953,411159717,2299410488,0,113211,2156737834,142559443,2299410488
2024-05-02,1699,1743,1664,1684,953135,-2.4333719582850524,0,-154,113507,-113353,0,0,0,885010,68125,953135,0,154,771503,181478,953135,0,-259828,191685811,-191425983,0,0,0,1498381094,116097431,1614478525,0,259828,1306695283,307523414,1614478525
2024-05-03,1684,1694,1592,1607,1126633,-4.572446555819478,0,-52,192217,-192165,0,181,0,1056078,70374,1126633,181,52,863861,262539,1126633,-1602,-84847,311701999,-311615550,0,297853,0,1720255503,116304913,1836858269,299455,84847,1408553504,427920463,1836858269
2024-05-07,1600,1791,1600,1709,3896927,6.347230864965775,0,9815,-702118,692303,0,582,48567,2820705,1027073,3896927,582,38752,3522823,334770,3896927,-729,17339930,-1211650399,1194311198,0,998122,84374768,4893016921,1778892327,6757282138,998851,67034838,6104667320,584581129,6757282138
2024-05-08,1704,1722,1617,1623,1725696,-5.032182562902282,5492,-18552,418174,-405114,0,5492,0,1627740,92464,1725696,0,18552,1209566,497578,1725696,8911988,-30346254,688149613,-666715347,0,8911988,0,2689014388,154699454,2852625830,0,30346254,2000864775,821414801,2852625830
2024-05-09,1626,1745,1530,1740,2989984,7.208872458410351,0,724,-383035,382311,0,0,1679,2160804,827501,2989984,0,955,2543839,445190,2989984,0,1193453,-653272021,652078568,0,0,2745961,3609819659,1396171487,5008737107,0,1552508,4263091680,744092919,5008737107
2024-05-10,1725,2240,1706,2080,19397337,19.54022988505747,-11042,118654,-129946,22334,0,4000,137485,17121152,2595375,19858012,15042,18831,17251098,2573041,19858012,-20733340,247843456,-149109203,-78000913,0,8598560,285954147,35600514469,5275572815,41170639991,29331900,38110691,35749623672,5353573728,41170639991
