날짜,시가,고가,저가,종가,거래량,등락률,기관합계_거래량_순매수,기타법인_거래량_순매수,개인_거래량_순매수,외국인합계_거래량_순매수,전체_거래량_순매수,기관합계_거래량_매수,기타법인_거래량_매수,개인_거래량_매수,외국인합계_거래량_매수,전체_거래량_매수,기관합계_거래량_매도,기타법인_거래량_매도,개인_거래량_매도,외국인합계_거래량_매도,전체_거래량_매도,기관합계_거래대금_순매수,기타법인_거래대금_순매수,개인_거래대금_순매수,외국인합계_거래대금_순매수,전체_거래대금_순매수,기관합계_거래대금_매수,기타법인_거래대금_매수,개인_거래대금_매수,외국인합계_거래대금_매수,전체_거래대금_매수,기관합계_거래대금_매도,기타법인_거래대금_매도,개인_거래대금_매도,외국인합계_거래대금_매도,전체_거래대금_매도
2019-01-02,6750,6810,6520,6580,70956,-2.2288261515601784,-17648,0,18884,-1236,0,0,0,66402,4554,70956,17648,0,47518,5790,70956,-116779150,0,124443790,-7664640,0,0,0,440028300,30513630,470541930,116779150,0,315584510,38178270,470541930
2019-01-03,6680,6680,6200,6230,205668,-5.319148936170213,-27463,7984,39386,-19907,0,333,8133,186999,10203,205668,27796,149,147613,30110,205668,-174319720,51430670,250333370,-127444320,0,2160730,52373840,1192509990,64800530,1311845090,176480450,943170,942176620,192244850,1311845090
2019-01-04,6200,6320,6060,6260,73327,0.4815409309791332,-10050,207,11062,-1219,0,0,207,66618,6502,73327,10050,0,55556,7721,73327,-62510450,1282700,68546540,-7318790,0,0,1282700,411092620,40205790,452581110,62510450,0,342546080,47524580,452581110
2019-01-07,6410,6410,6220,6250,92008,-0.1597444089456869,-9188,111,2436,6641,0,0,111,75948,15949,92008,9188,0,73512,9308,92008,-57568010,695970,15473540,41398500,0,0,695970,476562440,99941210,577199620,57568010,0,461088900,58542710,577199620
2019-01-08,6350,6450,6260,6280,80590,0.48,0,-4730,-18730,23460,0,0,5270,50277,25043,80590,0,10000,69007,1583,80590,0,-30285120,-118012790,148297910,0,0,33473700,319035620,158396070,510905390,0,63758820,437048410,10098160,510905390
2019-01-09,6370,6510,6360,6450,81193,2.7070063694267517,-9862,-8220,2537,15545,0,0,1780,59568,19845,81193,9862,10000,57031,4300,81193,-63524060,-53118330,16347600,100294790,0,0,11474650,384409340,128035430,523919420,63524060,64592980,368061740,27740640,523919420
2019-01-10,6480,6800,6480,6590,158105,2.1705426356589146,-6202,-12034,29435,-11199,0,0,3150,149843,5112,158105,6202,15184,120408,16311,158105,-40944080,-80858200,195946570,-74144290,0,0,20690800,996653260,33988870,1051332930,40944080,101549000,800706690,108133160,1051332930
2019-01-11,6600,6650,6500,6600,57713,0.15174506828528073,5284,40,1926,-7250,0,7533,40,46177,3963,57713,2249,0,44251,11213,57713,34999130,262650,12372350,-47634130,0,49847070,262650,304203550,26209960,380523230,14847940,0,291831200,73844090,380523230
2019-01-14,6700,6760,6590,6730,86917,1.9696969696969695,6083,-490,-6664,1071,0,14652,0,64582,7683,86917,8569,490,71246,6612,86917,40465420,-3273220,-44257850,7065650,0,98268890,0,431399100,51080190,580748180,57803470,3273220,475656950,44014540,580748180
2019-01-15,6640,6770,6630,6720,47967,-0.1485884101040119,0,4,-3509,3505,0,0,4,39300,8663,47967,0,0,42809,5158,47967,0,27010,-23433220,23406210,0,0,27010,264194230,58155460,322376700,0,0,287627450,34749250,322376700
2019-01-16,6700,6790,6660,6680,43145,-0.5952380952380952,218,0,4047,-4265,0,705,0,36588,5852,43145,487,0,32541,10117,43145,1480910,0,27204080,-28684990,0,4731560,0,245378020,39197930,289307510,3250650,0,218173940,67882920,289307510
2019-01-17,6700,6720,6520,6600,68702,-1.1976047904191618,-9862,0,11024,-1162,0,138,0,58891,9673,68702,10000,0,47867,10835,68702,-65033060,0,72807360,-7774300,0,924600,0,388976930,63917890,453819420,65957660,0,316169570,71692190,453819420
2019-01-18,6550,7200,6550,6870,345526,4.090909090909091,-12349,1516,-11295,22128,0,28195,1517,270982,44832,345526,40544,1,282277,22704,345526,-84703720,10306690,-76765720,151162750,0,194549440,10313540,1880958200,307812500,2393633680,279253160,6850,1957723920,156649750,2393633680
2019-01-21,6960,7100,6900,6920,113092,0.727802037845706,-4558,0,14410,-9852,0,479,0,107669,4944,113092,5037,0,93259,14796,113092,-31606830,0,100442750,-68835920,0,3360490,0,751054330,34337060,788751880,34967320,0,650611580,103172980,788751880
2019-01-22,7040,7040,6770,7030,150010,1.5895953757225432,4390,0,-4363,-27,0,4469,0,138161,7380,150010,79,0,142524,7407,150010,30148150,0,-29682590,-465560,0,30683770,0,961674780,50545220,1042903770,535620,0,991357370,51010780,1042903770
2019-01-23,7070,7310,6950,7120,243343,1.2802275960170697,-1351,1500,2988,-3137,0,26894,1500,199101,15848,243343,28245,0,196113,18985,243343,-9235670,10750000,20466700,-21981030,0,192612690,10750000,1426060860,113544280,1742967830,201848360,0,1405594160,135525310,1742967830
2019-01-24,7170,7330,7120,7190,134074,0.9831460674157303,3669,2145,7143,-12957,0,12764,2145,115472,3693,134074,9095,0,108329,16650,134074,26635280,15421770,51445420,-93502470,0,91725790,15421770,832280360,26459180,965887100,65090510,0,780834940,119961650,965887100
2019-01-25,7260,7260,7090,7130,110384,-0.8344923504867872,-5124,-1546,3172,3498,0,0,217,102384,7783,110384,5124,1763,99212,4285,110384,-36528410,-11020500,22633000,24915910,0,0,1542870,730909160,55561300,788013330,36528410,12563370,708276160,30645390,788013330
2019-01-28,7200,7200,6970,6980,194583,-2.1037868162692845,-43653,-1156,27163,17646,0,32000,1,141080,21502,194583,75653,1157,113917,3856,194583,-308689860,-8177580,192742410,124125030,0,224361100,7200,993760030,151423830,1369552160,533050960,8184780,801017620,27298800,1369552160
2019-01-29,7060,7490,6950,7040,285086,0.8595988538681949,-55077,-6745,45138,16684,0,6359,420,238551,39756,285086,61436,7165,193413,23072,285086,-387009190,-48127240,318547250,116589180,0,44699030,2982620,1705011540,281086280,2033779470,431708220,51109860,1386464290,164497100,2033779470
2019-01-30,7060,7210,7040,7120,106336,1.1363636363636365,36067,-6301,-36482,6716,0,36067,0,47374,22895,106336,0,6301,83856,16179,106336,257712550,-44752820,-260236100,47276370,0,257712550,0,337423720,162966290,758102560,0,44752820,597659820,115689920,758102560
2019-01-31,7200,7250,7050,7120,82552,0.0,-16617,0,23987,-7370,0,1214,0,73257,8081,82552,17831,0,49270,15451,82552,-117985740,0,170205980,-52220240,0,8636960,0,521434610,57671020,587742590,126622700,0,351228630,109891260,587742590
2019-02-01,7160,7280,7130,7180,79213,0.8426966292134831,-12953,0,5088,7865,0,0,0,64323,14890,79213,12953,0,59235,7025,79213,-92754280,0,35861450,56892830,0,0,0,461735030,107231750,568966780,92754280,0,425873580,50338920,568966780
2019-02-07,7230,7380,7160,7250,133669,0.9749303621169917,3143,-1357,-441,-1345,0,4113,0,114784,14772,133669,970,1357,115225,16117,133669,22867650,-9866630,-3656460,-9344560,0,29908410,0,834251610,107604620,971764640,7040760,9866630,837908070,116949180,971764640
2019-02-08,7270,7310,7140,7200,86266,-0.6896551724137931,-8999,-535,31442,-21908,0,1255,790,83554,667,86266,10254,1325,52112,22575,86266,-64694020,-3855700,226375720,-157826000,0,9037630,5681000,601038910,4801400,620558940,73731650,9536700,374663190,162627400,620558940
2019-02-11,7210,7310,7150,7210,70790,0.1388888888888889,988,60,4028,-5076,0,4000,60,64840,1890,70790,3012,0,60812,6966,70790,6975980,435400,29402640,-36814020,0,28750000,435400,468709040,13639240,511533680,21774020,0,439306400,50453260,511533680
2019-02-12,7240,7280,7070,7140,118844,-0.9708737864077669,-15202,496,14276,430,0,0,560,112707,5577,118844,15202,64,98431,5147,118844,-108067060,3501130,101746410,2819520,0,0,3964700,801974730,39681760,845621190,108067060,463570,700228320,36862240,845621190
2019-02-13,7160,7220,7080,7140,60490,0.0,1837,-74,-18044,16281,0,1837,0,37687,20966,60490,0,74,55731,4685,60490,13195180,-528310,-129233430,116566560,0,13195180,0,269589790,150190110,432975080,0,528310,398823220,33623550,432975080
2019-02-14,7190,7210,7080,7200,107530,0.8403361344537815,-29722,-74,9663,20133,0,556,0,85094,21880,107530,30278,74,75431,1747,107530,-211008380,-523920,68063520,143468780,0,3957350,0,605564780,155922940,765445070,214965730,523920,537501260,12454160,765445070
2019-02-15,7220,7660,7190,7360,560580,2.2222222222222223,-101175,503,73179,27493,0,17480,28810,453023,61267,560580,118655,28307,379844,33774,560580,-752255220,1279340,544529310,206446570,0,128757850,213085190,3373622160,456681640,4172146840,881013070,211805850,2829092850,250235070,4172146840
2019-02-18,7520,7800,7460,7680,371636,4.3478260869565215,7361,141,9999,-17501,0,42857,201,303645,24933,371636,35496,60,293646,42434,371636,56327810,1087310,77783280,-135198400,0,327805380,1551710,2328226330,190748570,2848331990,271477570,464400,2250443050,325946970,2848331990
2019-02-19,7790,7860,7490,7630,381811,-0.6510416666666667,5363,-11,49823,-55175,0,60368,0,314012,7431,381811,55005,11,264189,62606,381811,45176950,-84240,378941890,-424034600,0,461818200,0,2403092980,56421880,2921333060,416641250,84240,2024151090,480456480,2921333060
2019-02-20,7700,8250,7570,8230,923509,7.863695937090433,60557,35302,-83778,-12081,0,70974,39359,721143,92033,923509,10417,4057,804921,104114,923509,490508010,286999930,-661176730,-116331210,0,575539770,319957540,5788380080,730821620,7414699010,85031760,32957610,6449556810,847152830,7414699010
2019-02-21,8230,8460,7960,8020,489952,-2.551640340218712,-14863,1790,19874,-6801,0,5523,1791,443961,38677,489952,20386,1,424087,45478,489952,-120581090,14500030,160323840,-54242780,0,45261610,14508200,3645059340,321133210,4025962360,165842700,8170,3484735500,375375990,4025962360
2019-02-22,7970,7990,7680,7780,465946,-2.9925187032418954,-95845,1970,100711,-6836,0,24522,2470,428097,10857,465946,120367,500,327386,17693,465946,-746988930,15328440,785437580,-53777090,0,190839370,19233440,3337293300,85147870,3632513980,937828300,3905000,2551855720,138924960,3632513980
2019-02-25,7770,7860,7750,7790,195245,0.12853470437017994,-25762,530,23870,1362,0,6704,530,177060,10951,195245,32466,0,153190,9589,195245,-200555730,4143400,185819550,10592780,0,52288120,4143400,1379656830,85325330,1521413680,252843850,0,1193837280,74732550,1521413680
2019-02-26,7790,8840,7790,8300,3259784,6.546854942233633,16247,10223,88638,-115108,0,117769,16302,3034565,91148,3259784,101522,6079,2945927,206256,3259784,120192570,84593050,778074210,-982859830,0,981844470,135005830,25749007860,758420600,27624278760,861651900,50412780,24970933650,1741280430,27624278760
2019-02-27,8260,9240,8000,9070,2661236,9.27710843373494,388456,-63,-375890,-12503,0,454398,6826,2123069,76943,2661236,65942,6889,2498959,89446,2661236,3470681700,-1347840,-3346410810,-122923050,0,4055824250,58371490,18677490800,664876450,23456562990,585142550,59719330,22023901610,787799500,23456562990
2019-02-28,8980,9860,8570,8710,1885391,-3.9691289966923926,33442,-14411,28038,-47069,0,89549,6557,1723093,66192,1885391,56107,20968,1695055,113261,1885391,329262080,-133045260,262390170,-458606990,0,844397300,59236070,15922091700,596778410,17422503480,515135220,192281330,15659701530,1055385400,17422503480
2019-03-04,8920,9320,8910,9000,631722,3.329506314580941,-24283,1206,74418,-51341,0,49412,2706,561081,18523,631722,73695,1500,486663,69864,631722,-222317960,10998330,680004010,-468684380,0,451226330,24678330,5122935630,169394250,5768234540,673544290,13680000,4442931620,638078630,5768234540
2019-03-05,9030,9220,8860,9210,349684,2.3333333333333335,22924,-1,-1290,-21633,0,41034,0,297393,11257,349684,18110,1,298683,32890,349684,206956630,-8980,-11648110,-195299540,0,369694330,0,2688567210,102154150,3160415690,162737700,8980,2700215320,297453690,3160415690
2019-03-06,9210,9250,8880,8880,377725,-3.5830618892508146,-69443,2800,89427,-22784,0,0,2800,373384,1541,377725,69443,0,283957,24325,377725,-622027250,25176000,803033900,-206182650,0,0,25176000,3352516100,13996610,3391688710,622027250,0,2549482200,220179260,3391688710
2019-03-07,8950,8950,8420,8570,398139,-3.4909909909909906,-22544,-3885,6542,19887,0,1700,1255,368098,27086,398139,24244,5140,361556,7199,398139,-195126360,-34347810,59156400,170317770,0,14618000,10690850,3181808400,232467170,3439584420,209744360,45038660,3122652000,62149400,3439584420
2019-03-08,8500,8790,8360,8630,230165,0.7001166861143524,3232,300,5680,-9212,0,4227,300,213114,12524,230165,995,0,207434,21736,230165,27993010,2619000,51858380,-82470390,0,36569290,2619000,1839422170,105954080,1984564540,8576280,0,1787563790,188424470,1984564540
2019-03-11,8590,8780,8410,8510,191429,-1.3904982618771726,-25166,-3006,32566,-4394,0,500,0,185708,5221,191429,25666,3006,153142,9615,191429,-212979750,-25530000,277137620,-38627870,0,4225000,0,1578672920,44324950,1627222870,217204750,25530000,1301535300,82952820,1627222870
2019-03-12,8680,8810,8520,8670,268706,1.8801410105757932,-65211,0,67394,-2183,0,1687,0,261771,5248,268706,66898,0,194377,7431,268706,-558317560,0,577253050,-18935490,0,14593190,0,2259338780,45413210,2319345180,572910750,0,1682085730,64348700,2319345180
2019-03-13,8730,8730,8450,8450,183093,-2.5374855824682814,-46031,500,49334,-3803,0,801,500,179650,2142,183093,46832,0,130316,5945,183093,-391067780,4265000,419438760,-32635980,0,6797480,4265000,1529782330,18229990,1559074800,397865260,0,1110343570,50865970,1559074800
2019-03-14,8550,8650,8480,8550,107997,1.183431952662722,-4943,0,2354,2589,0,4394,0,97708,5895,107997,9337,0,95354,3306,107997,-42047620,0,20069460,21978160,0,37483290,0,834330060,50288810,922102160,79530910,0,814260600,28310650,922102160
2019-03-15,8550,9160,8540,9030,804730,5.614035087719298,29605,-4823,-52250,27468,0,52573,5049,695067,52041,804730,22968,9872,747317,24573,804730,268176570,-43769030,-473353540,248946000,0,475279080,45512200,6248072860,469325080,7238189220,207102510,89281230,6721426400,220379080,7238189220
2019-03-18,9310,9750,9040,9100,1455710,0.7751937984496124,-128353,941,173191,-45779,0,78236,3987,1350844,22643,1455710,206589,3046,1177653,68422,1455710,-1184536100,9396960,1603319390,-428180250,0,735588190,38172910,12708486260,214537170,13696784530,1920124290,28775950,11105166870,642717420,13696784530
2019-03-19,9210,9270,8840,8970,385971,-1.4285714285714286,-58072,-880,58780,172,0,7291,120,358804,19756,385971,65363,1000,300024,19584,385971,-520168340,-7869690,524364510,3673520,0,65483100,1090310,3232675200,179387140,3478635750,585651440,8960000,2708310690,175713620,3478635750
2019-03-20,9080,9080,8730,8930,299173,-0.4459308807134894,-54869,315,62256,-7702,0,3560,315,292229,3069,299173,58429,0,229973,10771,299173,-481755200,2758150,547289430,-68292380,0,31303720,2758150,2587174870,26933220,2648169960,513058920,0,2039885440,95225600,2648169960
2019-03-21,9090,9330,8730,8730,434666,-2.2396416573348263,-44025,-300,58616,-14291,0,15918,0,414872,3876,434666,59943,300,356256,18167,434666,-390864500,-2730000,522589690,-128995190,0,142743640,0,3733323410,35008220,3911075270,533608140,2730000,3210733720,164003410,3911075270
2019-03-22,8760,9070,8750,8900,168984,1.9473081328751431,-1366,-141,-1695,3202,0,2125,2,155222,11635,168984,3491,143,156917,8433,168984,-12158200,-1243620,-15695280,29097100,0,18854130,17640,1380904230,103910540,1503686540,31012330,1261260,1396599510,74813440,1503686540
2019-03-25,8610,8890,8550,8740,180530,-1.7977528089887642,-2151,-600,3963,-1212,0,12963,0,162957,4610,180530,15114,600,158994,5822,180530,-19075420,-5274000,34837620,-10488200,0,113733530,0,1427101310,40512040,1581346880,132808950,5274000,1392263690,51000240,1581346880
2019-03-26,8740,9080,8690,9060,229707,3.6613272311212817,-21001,16,10392,10593,0,22968,16,192042,14681,229707,43969,0,181650,4088,229707,-187851040,143890,92909010,94798140,0,205571580,143890,1718313620,131269910,2055299000,393422620,0,1625404610,36471770,2055299000
2019-03-27,9100,9120,8810,8970,158857,-0.9933774834437087,12841,0,5202,-18043,0,13728,0,143344,1785,158857,887,0,138142,19828,158857,115254450,0,46953510,-162207960,0,123177250,0,1283331030,15951190,1422459470,7922800,0,1236377520,178159150,1422459470
2019-03-28,9050,9050,8790,8900,120559,-0.7803790412486065,11577,188,-10297,-1468,0,11699,188,104186,4486,120559,122,0,114483,5954,120559,103392310,1673230,-91844370,-13221170,0,104479090,1673230,927898120,39928400,1073978840,1086780,0,1019742490,53149570,1073978840
2019-03-29,9020,9040,8850,8900,98872,0.0,3207,-2070,7719,-8856,0,3693,0,91461,3718,98872,486,2070,83742,12574,98872,28568280,-18410350,68639470,-78797400,0,32890820,0,813512520,33115130,879518470,4322540,18410350,744873050,111912530,879518470
2019-04-01,8990,9280,8860,8900,457756,0.0,-19025,0,14864,4161,0,300,0,435379,22077,457756,19325,0,420515,17916,457756,-169719290,0,131936910,37782380,0,2730000,0,3933000630,200993410,4136724040,172449290,0,3801063720,163211030,4136724040
2019-04-02,8990,9310,8730,9280,710116,4.269662921348314,128565,-1000,-183767,56202,0,143198,0,499196,67722,710116,14633,1000,682963,11520,710116,1182038080,-9284000,-1689340890,516586810,0,1315624630,0,4575791650,621880540,6513296820,133586550,9284000,6265132540,105293730,6513296820
2019-04-03,9360,9660,9160,9630,932086,3.771551724137931,66324,5701,-55971,-16054,0,82003,7001,814690,28392,932086,15679,1300,870661,44446,932086,630760240,54622710,-538950330,-146432620,0,780499260,67036460,7749559960,271706540,8868802220,149739020,12413750,8288510290,418139160,8868802220
2019-04-04,9630,9670,9350,9640,484625,0.10384215991692627,46054,-1,-26118,-19935,0,63253,0,391123,30249,484625,17199,1,417241,50184,484625,442634690,-9400,-255361900,-187263390,0,606696160,0,3708817540,287917660,4603431360,164061470,9400,3964179440,475181050,4603431360
2019-04-05,9700,10100,9510,9820,779029,1.8672199170124482,-17314,2150,5992,9172,0,13109,3150,713876,48894,779029,30423,1000,707884,39722,779029,-172170260,21085000,59206640,91878620,0,127507290,31005000,7030186950,482476270,7671175510,299677550,9920000,6970980310,390597650,7671175510
2019-04-08,9960,9990,9600,9920,694014,1.0183299389002036,-99358,-1511,96890,3979,0,104984,0,561863,27167,694014,204342,1511,464973,23188,694014,-963383140,-14788660,939720820,38450980,0,1022883360,0,5485606320,265396400,6773886080,1986266500,14788660,4545885500,226945420,6773886080
2019-04-09,9900,9900,9630,9850,319312,-0.7056451612903225,-2389,609,3379,-1599,0,52100,1100,263169,2943,319312,54489,491,259790,4542,319312,-21847660,5950440,31402410,-15505190,0,508206290,10739000,2562028980,28785290,3109759560,530053950,4788560,2530626570,44290480,3109759560
2019-04-10,9800,9820,9390,9460,497451,-3.9593908629441623,-57572,584,57471,-483,0,23368,1000,463404,9679,497451,80940,416,405933,10162,497451,-552446770,5475230,551406750,-4435210,0,221719060,9500000,4424621850,92859110,4748700020,774165830,4024770,3873215100,97294320,4748700020
2019-04-11,9480,9630,9320,9480,263625,0.21141649048625794,22344,-1280,-4232,-16832,0,32820,220,216314,14271,263625,10476,1500,220546,31103,263625,213097730,-12209400,-42672830,-158215500,0,311901450,2085600,2044051730,134718150,2492756930,98803720,14295000,2086724560,292933650,2492756930
2019-04-12,9570,9750,9420,9660,291714,1.89873417721519,-6098,60,1463,4575,0,20731,60,261825,9098,291714,26829,0,260362,4523,291714,-58606030,568800,14202600,43834630,0,199957920,568800,2520807020,87316090,2808649830,258563950,0,2506604420,43481460,2808649830
2019-04-15,9720,9750,9230,9280,543621,-3.9337474120082816,-78676,-969,91466,-11821,0,9441,31,522777,11372,543621,88117,1000,431311,23193,543621,-739098150,-9418990,858529600,-110012460,0,89749060,301010,4912359880,107518900,5109928850,828847210,9720000,4053830280,217531360,5109928850
2019-04-16,9310,9360,8820,9140,516908,-1.5086206896551724,-50663,553,54963,-4853,0,26771,1000,468941,20196,516908,77434,447,413978,25049,516908,-452025590,4866490,489706910,-42547810,0,243007820,8920000,4223733500,183362250,4659023570,695033410,4053510,3734026590,225910060,4659023570
2019-04-17,9160,9220,8910,8910,284032,-2.516411378555799,-8329,-701,12260,-3230,0,4078,559,265822,13573,284032,12407,1260,253562,16803,284032,-75028200,-6293570,110905430,-29583660,0,36579660,5008630,2393597900,122016550,2557202740,111607860,11302200,2282692470,151600210,2557202740
2019-04-18,9040,9080,8870,9010,159917,1.122334455667789,2925,200,-3743,618,0,2985,200,149177,7555,159917,60,0,152920,6937,159917,26365510,1792000,-33615820,5458310,0,26903210,1792000,1339480620,67770330,1435946160,537700,0,1373096440,62312020,1435946160
2019-04-19,8970,9120,8770,8920,279886,-0.9988901220865706,-4718,841,12104,-8227,0,1485,1200,259429,17772,279886,6203,359,247325,25999,279886,-42585170,7443510,109915130,-74773470,0,13498650,10644000,2324156870,158502400,2506801920,56083820,3200490,2214241740,233275870,2506801920
2019-04-22,8940,9070,8830,8930,139233,0.11210762331838565,-16687,-191,25845,-8967,0,3111,0,131796,4326,139233,19798,191,105951,13293,139233,-147981000,-1706170,229765110,-80077940,0,28011610,0,1176909630,38785510,1243706750,175992610,1706170,947144520,118863450,1243706750
2019-04-23,8980,8990,8750,8960,142918,0.33594624860022393,15731,-2233,-16029,2531,0,40176,0,93591,9151,142918,24445,2233,109620,6620,142918,141024040,-19701110,-143766150,22443220,0,359705030,0,834433040,81532900,1275670970,218680990,19701110,978199190,59089680,1275670970
2019-04-24,9000,9010,8670,8800,173727,-1.7857142857142856,-19169,-1973,27136,-5994,0,0,0,170187,3540,173727,19169,1973,143051,9534,173727,-168787450,-17722500,240178810,-53668860,0,0,0,1508233190,31458470,1539691660,168787450,17722500,1268054380,85127330,1539691660
2019-04-25,8740,8800,8260,8350,410686,-5.113636363636364,-132425,3800,112640,15985,0,1278,5000,374451,29957,410686,133703,1200,261811,13972,410686,-1114832760,33020000,947574450,134238310,0,10590290,43000000,3165955930,254095380,3473641600,1125423050,9980000,2218381480,119857070,3473641600
2019-04-26,8290,8340,8100,8140,266474,-2.5149700598802394,-28901,34,-3308,32175,0,1587,34,224011,40842,266474,30488,0,227319,8667,266474,-236666310,275400,-27032280,263423190,0,12995690,275400,1834998480,334520640,2182790210,249662000,0,1862030760,71097450,2182790210
2019-04-29,8240,8560,8200,8540,255584,4.914004914004914,24210,-954,-25636,2380,0,34733,0,204385,16466,255584,10523,954,230021,14086,255584,205749330,-8106260,-217914190,20271120,0,294459890,0,1727065550,139070370,2160595810,88710560,8106260,1944979740,118799250,2160595810
2019-04-30,8790,9160,8750,9070,569932,6.206088992974239,115631,-701,-107035,-7895,0,128117,333,419266,22216,569932,12486,1034,526301,30111,569932,1045667500,-6133900,-970444430,-69089170,0,1155625160,3030300,3721721500,198043480,5078420440,109957660,9164200,4692165930,267132650,5078420440
2019-05-02,9070,9070,8830,8900,221804,-1.8743109151047408,23605,2467,-6593,-19479,0,57022,2800,157672,4310,221804,33417,333,164265,23789,221804,210774210,21969640,-58650820,-174093030,0,508170960,24943330,1404418520,38326740,1975859550,297396750,2973690,1463069340,212419770,1975859550
2019-05-03,8900,9030,8760,8940,222022,0.44943820224719105,110174,-9388,-98524,-2262,0,110419,2470,99981,9152,222022,245,11858,198505,11414,222022,988295050,-84192760,-883806360,-20295930,0,990496940,22131520,891288180,81587100,1985503740,2201890,106324280,1775094540,101883030,1985503740
2019-05-07,8810,8970,8640,8870,202272,-0.7829977628635347,4172,-5000,-5108,5936,0,33900,0,147150,21222,202272,29728,5000,152258,15286,202272,40346320,-44768500,-46523560,50945740,0,301939070,0,1296490850,186264430,1784694350,261592750,44768500,1343014410,135318690,1784694350
2019-05-08,8750,8870,8680,8680,108795,-2.142051860202931,1624,1250,20019,-22893,0,1752,1250,103436,2357,108795,128,0,83417,25250,108795,14184550,10926420,174666590,-199777560,0,15302030,10926420,902950960,20668200,949847610,1117480,0,728284370,220445760,949847610
2019-05-09,8600,8750,8120,8160,361843,-5.990783410138248,-30102,2170,45004,-17072,0,0,2790,333416,25637,361843,30102,620,288412,42709,361843,-248583500,18087930,371780420,-141284850,0,0,23286690,2761478780,213381700,2998147170,248583500,5198760,2389698360,354666550,2998147170
2019-05-10,8160,8450,7930,8230,199233,0.857843137254902,-3618,1050,8259,-5691,0,1270,1150,171986,24827,199233,4888,100,163727,30518,199233,-29145490,8562500,68373030,-47790040,0,10429560,9383500,1396597720,201283170,1617693950,39575050,821000,1328224690,249073210,1617693950
2019-05-13,8190,8630,8090,8350,366465,1.4580801944106925,-420,-400,26257,-25437,0,0,0,342838,23627,366465,420,400,316581,49064,366465,-3438020,-3286000,218689040,-211965020,0,0,0,2879129710,198461500,3077591210,3438020,3286000,2660440670,410426520,3077591210
2019-05-14,8150,8350,8040,8060,208171,-3.473053892215569,-56499,-11211,81999,-14289,0,0,200,199995,7976,208171,56499,11411,117996,22265,208171,-458968380,-91090420,665915630,-115856830,0,0,1625870,1624519360,65149660,1691294890,458968380,92716290,958603730,181006490,1691294890
2019-05-15,8080,8200,8080,8170,128097,1.3647642679900744,-28166,2156,17595,8415,0,0,2156,113453,12488,128097,28166,0,95858,4073,128097,-229117940,17519840,143317920,68280180,0,0,17519840,923894230,101478230,1042892300,229117940,0,780576310,33198050,1042892300
2019-05-16,8170,8270,8070,8100,123537,-0.8567931456548347,-78,6973,3530,-10425,0,1513,7667,106554,7803,123537,1591,694,103024,18228,123537,-625720,56867060,29155440,-85396780,0,12357370,62543980,869276320,63689190,1007866860,12983090,5676920,840120880,149085970,1007866860
2019-05-17,8270,8270,7970,8060,182532,-0.49382716049382713,-42504,200,51893,-9589,0,19060,200,160769,2503,182532,61564,0,108876,12092,182532,-341007350,1599000,416541820,-77133470,0,154143860,1599000,1292975450,20386800,1469105110,495151210,0,876433630,97520270,1469105110
2019-05-20,8250,8650,8080,8120,362270,0.7444168734491315,-69329,-2320,88564,-16915,0,11,0,348078,14181,362270,69340,2320,259514,31096,362270,-573963670,-19510340,734078050,-140604040,0,89820,0,2894814690,117943660,3012848170,574053490,19510340,2160736640,258547700,3012848170
2019-05-21,8040,8350,8040,8260,127226,1.7241379310344827,29983,0,-27755,-2228,0,30273,0,86298,10655,127226,290,0,114053,12883,127226,247080230,0,-228144720,-18935510,0,249471020,0,709794600,87318100,1046583720,2390790,0,937939320,106253610,1046583720
2019-05-22,8350,8440,8110,8220,169372,-0.48426150121065376,-23615,0,33080,-9465,0,19000,0,144301,6071,169372,42615,0,111221,15536,169372,-193125370,0,271293020,-78167650,0,156108100,0,1185453220,50308780,1391870100,349233470,0,914160200,128476430,1391870100
2019-05-23,8220,8250,7740,7880,401675,-4.13625304136253,-83622,1236,89569,-7183,0,25000,1310,367645,7720,401675,108622,74,278076,14903,401675,-658558660,9755560,705792590,-56989490,0,195629410,10337200,2905173960,61730200,3172870770,854188070,581640,2199381370,118719690,3172870770
2019-05-24,7820,7820,7450,7450,390568,-5.456852791878172,-96340,1470,89786,5084,0,20000,1470,347930,21168,390568,116340,0,258144,16084,390568,-725814880,11113800,676019240,38681840,0,150186460,11113800,2619578330,160419260,2941297850,876001340,0,1943559090,121737420,2941297850
2019-05-27,7450,7620,7330,7440,139458,-0.1342281879194631,0,-58,-7044,7102,0,0,2,125140,14316,139458,0,60,132184,7214,139458,0,-432540,-52431340,52863880,0,0,15060,935506300,106958650,1042480010,0,447600,987937640,54094770,1042480010
2019-05-28,7440,7620,7440,7530,155118,1.2096774193548387,-54467,-60,31697,22830,0,0,0,129923,25195,155118,54467,60,98226,2365,155118,-407062610,-447600,236658640,170851570,0,0,0,972460680,188662340,1161123020,407062610,447600,735802040,17810770,1161123020
2019-05-29,7530,7560,7400,7480,88176,-0.6640106241699867,-1988,-1101,4652,-1563,0,1686,0,77676,8814,88176,3674,1101,73024,10377,88176,-14841150,-8261100,34777420,-11675170,0,12570160,0,579272980,65681750,657524890,27411310,8261100,544495560,77356920,657524890
2019-05-30,7450,7510,7310,7430,84337,-0.6684491978609626,402,0,4551,-4953,0,402,0,77269,6666,84337,0,0,72718,11619,84337,2999650,0,34315780,-37315430,0,2999650,0,575639110,49211030,627849790,0,0,541323330,86526460,627849790
2019-05-31,7400,7490,7400,7450,80640,0.2691790040376851,236,0,6179,-6415,0,236,0,67703,12701,80640,0,0,61524,19116,80640,1762920,0,45981920,-47744840,0,1762920,0,504246450,94598840,600608210,0,0,458264530,142343680,600608210
2019-06-03,7330,7490,7330,7460,82297,0.1342281879194631,-1649,0,8118,-6469,0,358,0,79737,2202,82297,2007,0,71619,8671,82297,-12216320,0,60090860,-47874540,0,2677840,0,589953750,16271130,608902720,14894160,0,529862890,64145670,608902720
2019-06-04,7460,7570,7440,7570,58854,1.4745308310991956,0,0,1499,-1499,0,0,0,53610,5244,58854,0,0,52111,6743,58854,0,0,11105760,-11105760,0,0,0,401704910,39337220,441042130,0,0,390599150,50442980,441042130
2019-06-05,7590,7650,7510,7580,146424,0.13210039630118892,-53536,0,64049,-10513,0,1546,0,142657,2221,146424,55082,0,78608,12734,146424,-406311930,0,486055020,-79743090,0,11740240,0,1083279720,16913000,1111932960,418052170,0,597224700,96656090,1111932960
2019-06-07,7600,7610,7530,7590,67020,0.13192612137203166,0,0,-5459,5459,0,0,0,56480,10540,67020,0,0,61939,5081,67020,0,0,-41432740,41432740,0,0,0,427537790,79913460,507451250,0,0,468970530,38480720,507451250
2019-06-10,7560,7640,7520,7640,142782,0.6587615283267457,-45361,0,38317,7044,0,0,0,127208,15574,142782,45361,0,88891,8530,142782,-342972160,0,289303290,53668870,0,0,0,962822650,118050170,1080872820,342972160,0,673519360,64381300,1080872820
2019-06-11,7640,7810,7610,7660,148246,0.2617801047120419,-44820,3145,45105,-3430,0,644,3145,133715,10742,148246,45464,0,88610,14172,148246,-343509900,24054540,346055660,-26600300,0,4920160,24054540,1027599440,82503430,1139077570,348430060,0,681543780,109103730,1139077570
2019-06-12,7660,7710,7600,7600,80072,-0.7832898172323759,1294,195,-7487,5998,0,1294,195,66258,12325,80072,0,0,73745,6327,80072,9883810,1487850,-57081240,45709580,0,9883810,1487850,505107240,93985010,610463910,0,0,562188480,48275430,610463910
2019-06-13,7640,7640,7480,7560,103752,-0.5263157894736842,0,0,4269,-4269,0,0,0,90684,13068,103752,0,0,86415,17337,103752,0,0,32268140,-32268140,0,0,0,684099810,98663780,782763590,0,0,651831670,130931920,782763590
2019-06-14,7520,7560,7410,7480,112420,-1.0582010582010581,-30257,0,25211,5046,0,0,0,99113,13307,112420,30257,0,73902,8261,112420,-225521770,0,188133790,37387980,0,0,0,739492490,99203330,838695820,225521770,0,551358700,61815350,838695820
2019-06-17,7450,7530,7440,7470,64266,-0.1336898395721925,0,0,-7062,7062,0,0,0,48204,16062,64266,0,0,55266,9000,64266,0,0,-52958430,52958430,0,0,0,360504100,120302570,480806670,0,0,413462530,67344140,480806670
2019-06-18,7530,7970,7530,7830,443939,4.819277108433735,-2866,500,-71540,73906,0,0,502,342305,101132,443939,2866,2,413845,27226,443939,-22250710,3950000,-560946280,579246990,0,0,3965890,2682035900,791718710,3477720500,22250710,15890,3242982180,212471720,3477720500
2019-06-19,7800,7880,7660,7820,171604,-0.1277139208173691,0,-375,12954,-12579,0,0,500,148312,22792,171604,0,875,135358,35371,171604,0,-2923900,100672640,-97748740,0,0,3857350,1149529580,176457490,1329844420,0,6781250,1048856940,274206230,1329844420
2019-06-20,7860,8100,7780,7980,188984,2.0460358056265986,0,600,23886,-24486,0,0,602,177747,10635,188984,0,2,153861,35121,188984,0,4785060,191066540,-195851600,0,0,4801040,1420151660,84406130,1509358830,0,15980,1229085120,280257730,1509358830
2019-06-21,7960,8040,7880,7980,115286,0.0,2582,3852,-969,-5465,0,2582,4477,97181,11046,115286,0,625,98150,16511,115286,20459870,30731370,-7795050,-43396190,0,20459870,35687620,772281260,87819920,916248670,0,4956250,780076310,131216110,916248670
2019-06-24,8000,8130,7940,8020,144528,0.5012531328320802,27895,0,-18991,-8904,0,27895,0,107645,8988,144528,0,0,126636,17892,144528,224705930,0,-153184760,-71521170,0,224705930,0,865136920,72309960,1162152810,0,0,1018321680,143831130,1162152810
2019-06-25,8030,8110,7770,7930,160883,-1.1221945137157108,-10000,0,31497,-21497,0,0,0,154336,6547,160883,10000,0,122839,28044,160883,-79023540,0,249617590,-170594050,0,0,0,1219594750,51723220,1271317970,79023540,0,969977160,222317270,1271317970
2019-06-26,7930,7950,7770,7900,87668,-0.37831021437578816,0,470,-22128,21658,0,0,470,62224,24974,87668,0,0,84352,3316,87668,0,3691800,-173253330,169561530,0,0,3691800,488230540,195687590,687609930,0,0,661483870,26126060,687609930
2019-06-27,7810,7910,7780,7840,108989,-0.7594936708860759,1528,-3451,-1384,3307,0,1528,49,92353,15059,108989,0,3500,93737,11752,108989,12025860,-26934560,-11042690,25951390,0,12025860,384460,723791710,118161740,854363770,0,27319020,734834400,92210350,854363770
2019-06-28,7760,7900,7750,7880,74676,0.5102040816326531,-758,100,-10380,11038,0,0,100,56106,18470,74676,758,0,66486,7432,74676,-5951670,779000,-81515490,86688160,0,0,779000,438102890,144714800,583596690,5951670,0,519618380,58026640,583596690
2019-07-01,7880,8000,7710,7760,173902,-1.5228426395939088,-24443,0,32460,-8017,0,500,0,151829,21573,173902,24943,0,119369,29590,173902,-191767070,0,252521050,-60753980,0,3985000,0,1189732690,170724090,1364441780,195752070,0,937211640,231478070,1364441780
2019-07-02,7760,7760,7550,7580,139707,-2.3195876288659796,-21250,298,19875,1077,0,0,298,121654,17755,139707,21250,0,101779,16678,139707,-161334630,2259500,151515880,7559250,0,0,2259500,927598350,134905760,1064763610,161334630,0,776082470,127346510,1064763610
2019-07-03,7550,7550,6880,7090,604649,-6.464379947229551,-21171,1042,83424,-63295,0,0,1042,572470,31137,604649,21171,0,489046,94432,604649,-149851510,7409020,593049160,-450606670,0,0,7409020,4083832100,222890720,4314131840,149851510,0,3490782940,673497390,4314131840
2019-07-04,7080,7190,6980,7140,112555,0.7052186177715092,0,349,7082,-7431,0,0,349,102728,9478,112555,0,0,95646,16909,112555,0,2466760,50515640,-52982400,0,0,2466760,727797120,67051400,797315280,0,0,677281480,120033800,797315280
2019-07-05,7190,7190,7040,7070,86622,-0.9803921568627451,0,25,-2188,2163,0,0,25,77091,9506,86622,0,0,79279,7343,86622,0,176600,-15502150,15325550,0,0,176600,545333500,67299240,612809340,0,0,560835650,51973690,612809340
2019-07-08,7020,7020,6660,6660,212649,-5.799151343705799,-3000,1500,19389,-17889,0,0,1500,200325,10824,212649,3000,0,180936,28713,212649,-20220000,10172900,131322360,-121275260,0,0,10172900,1357490800,73245240,1440908940,20220000,0,1226168440,194520500,1440908940
2019-07-09,6660,6880,6600,6800,119248,2.1021021021021022,4709,320,-15866,10837,0,4709,320,89727,24492,119248,0,0,105593,13655,119248,32218830,2151600,-107482680,73112250,0,32218830,2151600,608061000,165388610,807820040,0,0,715543680,92276360,807820040
2019-07-10,6840,7190,6840,7080,110853,4.117647058823529,12806,949,-13462,-293,0,12806,949,82156,14942,110853,0,0,95618,15235,110853,90926300,6706170,-94881450,-2751020,0,90926300,6706170,581471840,105185180,784289490,0,0,676353290,107936200,784289490
2019-07-11,7160,7160,7000,7070,41704,-0.14124293785310735,2022,440,9819,-12281,0,2050,440,36223,2991,41704,28,0,26404,15272,41704,14270930,3098140,69171830,-86540900,0,14468330,3098140,255181340,21111790,293859600,197400,0,186009510,107652690,293859600
2019-07-12,7080,7170,7040,7090,39687,0.2828854314002829,0,710,7300,-8010,0,0,710,36078,2899,39687,0,0,28778,10909,39687,0,5029900,51885280,-56915180,0,0,5029900,256304460,20558920,281893280,0,0,204419180,77474100,281893280
2019-07-15,7040,7100,6920,6980,50160,-1.5514809590973202,0,2465,-2730,265,0,0,2466,35726,11968,50160,0,1,38456,11703,50160,0,17194470,-19060000,1865530,0,0,17201490,249600340,83754370,350556200,0,7020,268660340,81888840,350556200
2019-07-16,6980,7040,6880,7010,76099,0.42979942693409745,0,2000,-18678,16678,0,0,3000,47435,25664,76099,0,1000,66113,8986,76099,0,13940000,-129699060,115759060,0,0,20900000,328984750,178186370,528071120,0,6960000,458683810,62427310,528071120
2019-07-17,7030,7030,6860,6900,37173,-1.5691868758915835,-198,1007,1021,-1830,0,0,1007,30060,6106,37173,198,0,29039,7936,37173,-1373520,6948720,7167080,-12742280,0,0,6948720,207850480,42253040,257052240,1373520,0,200683400,54995320,257052240
2019-07-18,6910,7100,6800,6900,82847,0.0,0,835,-14721,13886,0,0,2411,57240,23196,82847,0,1576,71961,9310,82847,0,5550490,-100566900,95016410,0,0,16487930,395156120,159684710,571328760,0,10937440,495723020,64668300,571328760
2019-07-19,6840,7080,6840,7050,59937,2.1739130434782608,33,19,-17163,17111,0,33,19,38775,21110,59937,0,0,55938,3999,59937,229350,133140,-120107550,119745060,0,229350,133140,271589300,147778980,419730770,0,0,391696850,28033920,419730770
2019-07-22,7000,7200,6800,7070,49106,0.28368794326241137,0,-778,-7701,8479,0,0,837,33059,15210,49106,0,1615,40760,6731,49106,0,-5630250,-54339720,59969970,0,0,5900850,233463590,107698150,347062590,0,11531100,287803310,47728180,347062590
2019-07-23,7070,7120,7000,7030,49042,-0.5657708628005658,0,2000,-9086,7086,0,0,2000,34056,12986,49042,0,0,43142,5900,49042,0,14060000,-63984480,49924480,0,0,14060000,240107250,91620420,345787670,0,0,304091730,41695940,345787670
2019-07-24,6950,7040,6630,6810,140893,-3.1294452347083923,-14556,-8046,4477,18125,0,1962,2150,107264,29517,140893,16518,10196,102787,11392,140893,-100160090,-54487840,30257010,124390920,0,13382990,14778500,735338980,202739170,966239640,113543080,69266340,705081970,78348250,966239640
2019-07-25,6660,6810,6650,6670,91042,-2.0558002936857562,-2521,-3565,-7995,14081,0,0,435,69847,20760,91042,2521,4000,77842,6679,91042,-16877040,-23796210,-53473130,94146380,0,0,2910300,467562740,139022560,609495600,16877040,26706510,521035870,44876180,609495600
2019-07-26,6620,6860,6550,6850,94174,2.6986506746626686,-6372,0,6483,-111,0,0,0,77688,16486,94174,6372,0,71205,16597,94174,-42140000,0,43157450,-1017450,0,0,0,516840420,109462840,626303260,42140000,0,473682970,110480290,626303260
2019-07-29,6920,7050,6350,6450,173411,-5.839416058394161,-9764,0,35640,-25876,0,4439,0,153260,15712,173411,14203,0,117620,41588,173411,-65535830,0,238631950,-173096120,0,28660560,0,1018418640,104943140,1152022340,94196390,0,779786690,278039260,1152022340
2019-07-30,6450,6570,6440,6470,80657,0.31007751937984496,609,0,-17863,17254,0,1125,0,59977,19555,80657,516,0,77840,2301,80657,3995630,0,-115894550,111898920,0,7340270,0,389212210,126849060,523401540,3344640,0,505106760,14950140,523401540
2019-07-31,6310,6980,6310,6850,132490,5.873261205564142,16020,31,-16614,563,0,16020,31,89998,26441,132490,0,0,106612,25878,132490,108347450,210800,-109329020,770770,0,108347450,210800,595286530,172896310,876741090,0,0,704615550,172125540,876741090
2019-08-01,6850,7180,6350,6660,203354,-2.7737226277372264,-374,2782,-47172,44764,0,600,2782,136752,63220,203354,974,0,183924,18456,203354,-2539120,19056700,-324533310,308015730,0,4173270,19056700,937463640,435737760,1396431370,6712390,0,1261996950,127722030,1396431370
2019-08-02,6470,6560,6330,6500,105955,-2.4024024024024024,-15171,-900,24943,-8872,0,0,100,87112,18743,105955,15171,1000,62169,27615,105955,-98171250,-5796000,161472660,-57505410,0,0,644000,563066120,121258790,684968910,98171250,6440000,401593460,178764200,684968910
2019-08-05,6350,6440,5950,5950,213216,-8.461538461538462,-1191,540,-6629,7280,0,8110,540,171304,33262,213216,9301,0,177933,25982,213216,-8131300,3351600,-40220610,45000310,0,48989790,3351600,1053469620,204926260,1310737270,57121090,0,1093690230,159925950,1310737270
2019-08-06,5550,5990,5500,5690,178149,-4.369747899159663,-9860,860,-12024,21024,0,2740,860,118250,56299,178149,12600,0,130274,35275,178149,-57667150,5022810,-66969070,119613410,0,15894150,5022810,678961690,324676000,1024554650,73561300,0,745930760,205062590,1024554650
2019-08-07,5630,5900,5630,5740,131606,0.8787346221441126,-4484,2857,-17451,19078,0,0,2864,95894,32848,131606,4484,7,113345,13770,131606,-25673030,16351630,-99618210,108939610,0,0,16392090,549114110,187983220,753489420,25673030,40460,648732320,79043610,753489420
2019-08-08,5740,6130,5720,6010,93302,4.70383275261324,-1427,0,-10292,11719,0,1223,0,68771,23308,93302,2650,0,79063,11589,93302,-8564820,0,-60780590,69345410,0,7285320,0,409745340,138209360,555240020,15850140,0,470525930,68863950,555240020
2019-08-09,5990,6870,5980,6400,307556,6.4891846921797,10888,0,30020,-40908,0,11214,0,269675,26667,307556,326,0,239655,67575,307556,70822420,0,197988370,-268810790,0,72786280,0,1744125140,170424940,1987336360,1963860,0,1546136770,439235730,1987336360
2019-08-12,6470,6740,6320,6700,115917,4.6875,40000,20,-42702,2682,0,40000,20,55833,20064,115917,0,0,98535,17382,115917,261522820,129400,-279968880,18316660,0,261522820,129400,365296980,131464230,758413430,0,0,645265860,113147570,758413430
2019-08-13,6580,7080,6500,6730,90382,0.44776119402985076,-1534,0,15511,-13977,0,0,0,83715,6667,90382,1534,0,68204,20644,90382,-10307030,0,105295790,-94988760,0,0,0,565706240,44304240,610010480,10307030,0,460410450,139293000,610010480
2019-08-14,6670,7000,6670,6950,104385,3.268945022288262,30000,-2000,-33142,5142,0,30000,0,58105,16280,104385,0,2000,91247,11138,104385,208413970,-13880000,-230894020,36360050,0,208413970,0,402703680,113260710,724378360,0,13880000,633597700,76900660,724378360
2019-08-16,6840,7000,6790,6800,72688,-2.158273381294964,0,12000,-16361,4361,0,0,12000,48311,12377,72688,0,0,64672,8016,72688,0,81760000,-111339390,29579390,0,0,81760000,330746550,84361240,496867790,0,0,442085940,54781850,496867790
2019-08-19,6800,6930,6710,6820,51876,0.29411764705882354,-2121,0,7977,-5856,0,14000,0,33249,4627,51876,16121,0,25272,10483,51876,-14289290,0,54540100,-40250810,0,96031910,0,227166100,31429130,354627140,110321200,0,172626000,71679940,354627140
2019-08-20,6900,6950,6800,6950,43201,1.906158357771261,-6012,0,7166,-1154,0,0,0,40051,3150,43201,6012,0,32885,4304,43201,-41399510,0,49499320,-8099810,0,0,0,276600510,21668340,298268850,41399510,0,227101190,29768150,298268850
2019-08-21,6950,7020,6830,6980,57479,0.4316546762589928,0,0,-9989,9989,0,0,0,45618,11861,57479,0,0,55607,1872,57479,0,0,-69561450,69561450,0,0,0,317389670,82646350,400036020,0,0,386951120,13084900,400036020
2019-08-22,7000,7060,6890,6950,96534,-0.42979942693409745,-39834,5000,28501,6333,0,0,5000,77043,14491,96534,39834,0,48542,8158,96534,-277680720,34780000,198855000,44045720,0,0,34780000,537622220,101091250,673493470,277680720,0,338767220,57045530,673493470
2019-08-23,6980,6980,6720,6750,92917,-2.877697841726619,-20012,4685,-666,15993,0,0,5000,64700,23217,92917,20012,315,65366,7224,92917,-136333460,32055950,-5065680,109343190,0,0,34220000,442630450,159466670,636317120,136333460,2164050,447696130,50123480,636317120
2019-08-26,6570,6690,6380,6490,89065,-3.851851851851852,-20081,3000,13982,3099,0,0,3000,73277,12788,89065,20081,0,59295,9689,89065,-129851610,19935030,89682320,20234260,0,0,19935030,475549070,83395950,578880050,129851610,0,385866750,63161690,578880050
2019-08-27,6490,6630,6330,6370,51247,-1.848998459167951,-18114,0,15493,2621,0,0,0,41596,9651,51247,18114,0,26103,7030,51247,-116435130,0,99969650,16465480,0,0,0,268150250,62095850,330246100,116435130,0,168180600,45630370,330246100
2019-08-28,6310,6480,6300,6480,32399,1.726844583987441,0,0,-7384,7384,0,0,0,23912,8487,32399,0,0,31296,1103,32399,0,0,-46984940,46984940,0,0,0,152489540,54084710,206574250,0,0,199474480,7099770,206574250
2019-08-29,6560,6560,6360,6490,27447,0.15432098765432098,-83,2000,-803,-1114,0,0,2000,20128,5319,27447,83,0,20931,6433,27447,-532760,12800000,-4919800,-7347440,0,0,12800000,129299750,34064480,176164230,532760,0,134219550,41411920,176164230
2019-08-30,6580,6580,6450,6540,74771,0.7704160246533128,-30691,9240,8712,12739,0,633,10030,45879,18229,74771,31324,790,37167,5490,74771,-200354410,60216660,56775310,83362440,0,4128150,65395900,299340850,119179200,488044100,204482560,5179240,242565540,35816760,488044100
2019-09-02,6540,6600,6450,6580,28442,0.6116207951070336,-139,-1570,-5353,7062,0,0,30,18616,9796,28442,139,1600,23969,2734,28442,-908330,-10289830,-35093820,46291980,0,0,195740,121590340,64214300,186000380,908330,10485570,156684160,17922320,186000380
2019-09-03,6680,6900,6630,6900,95702,4.86322188449848,-1819,-6000,-4040,11859,0,1467,0,71788,22447,95702,3286,6000,75828,10588,95702,-12401460,-40400000,-27156820,79958280,0,10021260,0,488329190,152240550,650591000,22422720,40400000,515486010,72282270,650591000
2019-09-04,6900,7330,6900,7290,197284,5.6521739130434785,14392,-3045,-36639,25292,0,14392,0,140501,42391,197284,0,3045,177140,17099,197284,104378800,-21528220,-263867360,181016780,0,104378800,0,1006546850,303269230,1414194880,0,21528220,1270414210,122252450,1414194880
2019-09-05,7260,7310,7160,7200,74956,-1.2345679012345678,-1467,0,-720,2187,0,0,0,65006,9950,74956,1467,0,65726,7763,74956,-10594420,0,-4961850,15556270,0,0,0,469466910,71768470,541235380,10594420,0,474428760,56212200,541235380
2019-09-06,7210,7300,7170,7260,48891,0.8333333333333334,3241,-3000,-1528,1287,0,4635,0,36118,8138,48891,1394,3000,37646,6851,48891,23473750,-21716960,-11174070,9417280,0,33547610,0,260883250,58865110,353295970,10073860,21716960,272057320,49447830,353295970
2019-09-09,7270,7330,7210,7270,48425,0.13774104683195593,7141,0,-79,-7062,0,8980,0,38809,636,48425,1839,0,38888,7698,48425,52127480,0,-655470,-51472010,0,65499120,0,282513830,4613810,352626760,13371640,0,283169300,56085820,352626760
2019-09-10,7230,7300,7080,7170,78322,-1.3755158184319118,-5874,9000,-9419,6293,0,150,9000,54879,14293,78322,6024,0,64298,8000,78322,-41902080,64416400,-67279740,44765420,0,1081260,64416400,393055520,102157280,560710460,42983340,0,460335260,57391860,560710460
2019-09-11,7090,7220,7090,7220,42621,0.697350069735007,98,-9000,48,8854,0,98,0,30129,12394,42621,0,9000,30081,3540,42621,702620,-64295280,43890,63548770,0,702620,0,216071340,88941160,305715120,0,64295280,216027450,25392390,305715120
2019-09-16,7220,7290,7180,7240,39864,0.2770083102493075,-71,0,3157,-3086,0,147,0,34970,4747,39864,218,0,31813,7833,39864,-510720,0,22652750,-22142030,0,1061910,0,252162090,34289160,287513160,1572630,0,229509340,56431190,287513160
2019-09-17,7200,7270,7110,7250,42893,0.13812154696132595,-139,-8400,-1096,9635,0,0,0,30707,12186,42893,139,8400,31803,2551,42893,-1000340,-60622760,-8000770,69623870,0,0,0,221501030,87982670,309483700,1000340,60622760,229501800,18358800,309483700
2019-09-18,7210,7300,7210,7250,51088,0.0,-219,0,-4696,4915,0,0,0,31999,19089,51088,219,0,36695,14174,51088,-1581750,0,-34043270,35625020,0,0,0,231686110,138372110,370058220,1581750,0,265729380,102747090,370058220
2019-09-19,7310,7610,7290,7420,142044,2.344827586206897,4665,6913,8161,-19739,0,4943,6913,124460,5728,142044,278,0,116299,25467,142044,34689160,51134080,60935440,-146758680,0,36732460,51134080,923727610,42370250,1053964400,2043300,0,862792170,189128930,1053964400
2019-09-20,7410,7450,7310,7380,54526,-0.5390835579514826,0,-1413,169,1244,0,0,87,49548,4891,54526,0,1500,49379,3647,54526,0,-10390400,1249620,9140780,0,0,636840,364994420,36019500,401650760,0,11027240,363744800,26878720,401650760
2019-09-23,7400,7580,7320,7530,120777,2.0325203252032518,9878,0,-8383,-1495,0,9878,0,102671,8228,120777,0,0,111054,9723,120777,74068460,0,-63015700,-11052760,0,74068460,0,769608260,61805750,905482470,0,0,832623960,72858510,905482470
2019-09-24,7760,8050,7550,7930,361426,5.3120849933598935,51174,-2999,-53458,5283,0,57489,2001,272281,29655,361426,6315,5000,325739,24372,361426,404865240,-23951990,-421298770,40385520,0,455103190,16048010,2144122040,231851320,2847124560,50237950,40000000,2565420810,191465800,2847124560
2019-09-25,7870,8190,7750,7920,275040,-0.12610340479192939,4931,1150,-2232,-3849,0,18641,1150,233677,21572,275040,13710,0,235909,25421,275040,39746010,9059500,-18400200,-30405310,0,149117020,9059500,1858712530,171295770,2188184820,109371010,0,1877112730,201701080,2188184820
2019-09-26,7920,8120,7830,8030,145025,1.3888888888888888,-13861,0,42750,-28889,0,0,0,139125,5900,145025,13861,0,96375,34789,145025,-110705650,0,341187290,-230481640,0,0,0,1106023610,46417290,1152440900,110705650,0,764836320,276898930,1152440900
2019-09-27,7950,8420,7950,8300,312739,3.3623910336239105,14623,-5500,6927,-16050,0,15173,0,285179,12387,312739,550,5500,278252,28437,312739,119444250,-46200000,58548780,-131793030,0,123888010,0,2346700220,101623410,2572211640,4443760,46200000,2288151440,233416440,2572211640
2019-09-30,8320,8560,8160,8260,224973,-0.48192771084337355,6309,300,-9851,3242,0,6309,300,190939,27425,224973,0,0,200790,24183,224973,52243650,2468500,-81130610,26418460,0,52243650,2468500,1590126390,228204390,1873042930,0,0,1671257000,201785930,1873042930
2019-10-01,8270,8320,8040,8130,129476,-1.573849878934625,86,0,-9126,9040,0,5000,0,97160,27316,129476,4914,0,106286,18276,129476,679760,0,-73630050,72950290,0,40690840,0,791409700,222234930,1054335470,40011080,0,865039750,149284640,1054335470
2019-10-02,8090,8380,7990,8370,209760,2.952029520295203,18237,-2017,-32941,16721,0,21412,133,157722,30493,209760,3175,2150,190663,13772,209760,151409900,-16680250,-270584810,135855160,0,177504680,1090750,1306579080,249834580,1735009090,26094780,17771000,1577163890,113979420,1735009090
2019-10-04,8370,8440,8240,8400,101351,0.35842293906810035,16677,34,-3148,-13563,0,16677,34,76020,8620,101351,0,0,79168,22183,101351,140334080,282710,-26597500,-114019290,0,140334080,282710,637295160,72190450,850102400,0,0,663892660,186209740,850102400
2019-10-07,8440,8500,8250,8370,130815,-0.35714285714285715,24495,159,-26886,2232,0,24595,159,83621,22440,130815,100,0,110507,20208,130815,205207560,1332870,-225253290,18712860,0,206042940,1332870,697944260,187640960,1092961030,835380,0,923197550,168928100,1092961030
2019-10-08,8300,8540,8250,8400,132200,0.35842293906810035,17156,0,-32811,15655,0,17156,0,90213,24831,132200,0,0,123024,9176,132200,144608960,0,-275009630,130400670,0,144608960,0,758595750,208006170,1111210880,0,0,1033605380,77605500,1111210880
2019-10-10,8400,8510,8310,8420,94943,0.2380952380952381,14589,0,-18097,3508,0,22589,0,59250,13104,94943,8000,0,77347,9596,94943,123973610,0,-153412850,29439240,0,190872520,0,499011590,110124200,800008310,66898910,0,652424440,80684960,800008310
2019-10-11,8440,8520,8370,8490,129928,0.831353919239905,30125,0,-33562,3437,0,35225,0,83651,11052,129928,5100,0,117213,7615,129928,255263100,0,-284527200,29264100,0,298173670,0,708899650,93685920,1100759240,42910570,0,993426850,64421820,1100759240
2019-10-14,8550,8570,8450,8510,101827,0.23557126030624262,-4521,7926,12518,-15923,0,1133,8022,84532,8140,101827,5654,96,72014,24063,101827,-38427720,67404750,106502530,-135479560,0,9649070,68220580,719844760,69342540,867056950,48076790,815830,613342230,204822100,867056950
2019-10-15,8530,8690,8450,8580,143220,0.8225616921269095,-3631,2000,-37087,38718,0,0,2000,95563,45657,143220,3631,0,132650,6939,143220,-31243570,16950000,-317383040,331676610,0,0,16950000,820867450,391472260,1229289710,31243570,0,1138250490,59795650,1229289710
2019-10-16,8670,8670,8440,8520,98014,-0.6993006993006993,-5263,1000,14145,-9882,0,0,1000,88286,8728,98014,5263,0,74141,18610,98014,-44871550,8479010,120659650,-84267110,0,0,8479010,753210190,74663460,836352660,44871550,0,632550540,158930570,836352660
2019-10-17,8520,8560,8390,8400,99721,-1.4084507042253522,-9524,2000,-7889,15413,0,0,2000,77210,20511,99721,9524,0,85099,5098,99721,-80349560,16880000,-66848550,130318110,0,0,16880000,650535960,173314600,840730560,80349560,0,717384510,42996490,840730560
2019-10-18,8400,8650,8390,8490,92991,1.0714285714285714,-13927,3000,-3191,14118,0,4393,3000,61694,23904,92991,18320,0,64885,9786,92991,-117563320,25637420,-27430310,119356210,0,37303870,25637420,525110760,202959580,791011630,154867190,0,552541070,83603370,791011630
2019-10-21,8490,8490,8190,8260,154420,-2.7090694935217905,-40405,24,19623,20758,0,8366,24,115875,30155,154420,48771,0,96252,9397,154420,-333739350,198000,162348690,171192660,0,69091860,198000,958782480,249242510,1277314850,402831210,0,796433790,78049850,1277314850
2019-10-22,8260,8360,8180,8340,130539,0.9685230024213075,-24429,3091,-10283,31621,0,3356,3091,85526,38566,130539,27785,0,95809,6945,130539,-201377580,25367160,-84776480,260786900,0,27961580,25367160,705475230,318416640,1077220610,229339160,0,790251710,57629740,1077220610
2019-10-23,8350,8440,8240,8300,55182,-0.4796163069544364,-11499,0,3557,7942,0,0,0,43333,11849,55182,11499,0,39776,3907,55182,-95670550,0,29702960,65967590,0,0,0,359554760,98380730,457935490,95670550,0,329851800,32413140,457935490
2019-10-24,8240,8340,7970,7980,178024,-3.8554216867469884,-15200,0,-15175,30375,0,2000,0,135765,40259,178024,17200,0,150940,9884,178024,-121872260,0,-121795870,243668130,0,16017400,0,1093362070,323560240,1432939710,137889660,0,1215157940,79892110,1432939710
2019-10-25,8030,8080,7620,7840,140828,-1.7543859649122806,-20131,-480,-21973,42584,0,3420,0,83259,54149,140828,23551,480,105232,11565,140828,-157810530,-3739200,-172744470,334294200,0,26766630,0,652629420,425858730,1105254780,184577160,3739200,825373890,91564530,1105254780
2019-10-28,7790,8020,7720,7880,88350,0.5102040816326531,-17621,1640,13803,2178,0,0,1640,71667,15043,88350,17621,0,57864,12865,88350,-137684180,12901900,107762000,17020280,0,0,12901900,559605000,117454720,689961620,137684180,0,451843000,100434440,689961620
2019-10-29,7860,8180,7830,8090,84854,2.66497461928934,-6723,-1500,4925,3298,0,5110,0,67293,12451,84854,11833,1500,62368,9153,84854,-53812930,-12180000,39223730,26769200,0,41472660,0,543358090,100336740,685167490,95285590,12180000,504134360,73567540,685167490
2019-10-30,8260,8390,7930,7950,148281,-1.73053152039555,3431,839,34281,-38551,0,4431,840,135474,7536,148281,1000,1,101193,46087,148281,27777930,6921900,278079140,-312778970,0,36057930,6930000,1101083970,61274120,1205346020,8280000,8100,823004830,374053090,1205346020
2019-10-31,7950,8230,7930,8150,62337,2.515723270440252,271,0,-451,180,0,271,0,57150,4916,62337,0,0,57601,4736,62337,2207560,0,-3526780,1319220,0,2207560,0,461546430,39644090,503398080,0,0,465073210,38324870,503398080
2019-11-01,8060,8150,7970,8140,58105,-0.1226993865030675,6097,0,-6727,630,0,6098,0,44485,7522,58105,1,0,51212,6892,58105,49430720,0,-54400260,4969540,0,49438780,0,357833030,60604090,467875900,8060,0,412233290,55634550,467875900
2019-11-04,8200,8380,8090,8330,106981,2.334152334152334,1745,0,-19632,17887,0,3321,0,83281,20379,106981,1576,0,102913,2492,106981,14393540,0,-160730280,146336740,0,27400860,0,686861800,166863600,881126260,13007320,0,847592080,20526860,881126260
2019-11-05,8430,8490,8280,8380,87408,0.6002400960384154,-2151,-2000,5837,-1686,0,0,0,77154,10254,87408,2151,2000,71317,11940,87408,-18100450,-16780000,48432160,-13551710,0,0,0,647263040,86407460,733670500,18100450,16780000,598830880,99959170,733670500
2019-11-06,8380,8420,8230,8300,104351,-0.9546539379474941,-4113,0,-15711,19824,0,329,0,79380,24642,104351,4442,0,95091,4818,104351,-34075440,0,-130743890,164819330,0,2741790,0,659285700,204880640,866908130,36817230,0,790029590,40061310,866908130
2019-11-07,8310,8310,8100,8150,96132,-1.8072289156626504,-4638,9429,-13974,9183,0,0,9429,69839,16864,96132,4638,0,83813,7681,96132,-38151640,77053430,-114118400,75216610,0,0,77053430,571973320,138390640,787417390,38151640,0,686091720,63174030,787417390
2019-11-08,8150,8420,8100,8290,91860,1.7177914110429449,-10300,3000,-7462,14762,0,3115,3000,67523,18222,91860,13415,0,74985,3460,91860,-83850190,24430000,-61170530,120590720,0,25808660,24430000,555582400,149277040,755098100,109658850,0,616752930,28686320,755098100
2019-11-11,8380,8380,8100,8210,47236,-0.9650180940892641,-6054,3000,18473,-15419,0,121,3000,41301,2814,47236,6175,0,22828,18233,47236,-49225540,24360000,150763550,-125898010,0,991890,24360000,337088020,22999780,385439690,50217430,0,186324470,148897790,385439690
2019-11-12,8290,8400,8100,8210,55525,0.0,0,131,-1243,1112,0,0,131,47067,8327,55525,0,0,48310,7215,55525,0,1079340,-9866840,8787500,0,0,1079340,385123800,68043110,454246250,0,0,394990640,59255610,454246250
2019-11-13,8210,8220,8010,8080,53652,-1.5834348355663823,-2837,6000,-3766,603,0,193,6000,37144,10315,53652,3030,0,40910,9712,53652,-22810950,48300000,-30506690,5017640,0,1563180,48300000,299049070,83287620,432199870,24374130,0,329555760,78269980,432199870
2019-11-14,8070,8180,8040,8120,37489,0.49504950495049505,-321,400,1461,-1540,0,0,400,30465,6624,37489,321,0,29004,8164,37489,-2591500,3220000,11765110,-12393610,0,0,3220000,246383620,53558210,303161830,2591500,0,234618510,65951820,303161830
2019-11-15,8100,8250,8010,8210,55241,1.1083743842364533,-2326,-298,-10300,12924,0,293,0,38641,16307,55241,2619,298,48941,3383,55241,-18966860,-2436570,-84273250,105676680,0,2397870,0,315377480,133207240,450982590,21364730,2436570,399650730,27530560,450982590
2019-11-18,8230,8230,8120,8170,40022,-0.48721071863580995,-14857,1092,10838,2927,0,66,1092,32694,6170,40022,14923,0,21856,3243,40022,-121058450,8935040,88233840,23889570,0,538780,8935040,266396900,50289610,326160330,121597230,0,178163060,26400040,326160330
2019-11-19,8250,8250,8040,8080,40156,-1.101591187270502,191,-42,3453,-3602,0,500,0,34832,4824,40156,309,42,31379,8426,40156,1537450,-341460,27964990,-29160980,0,4035830,0,281909810,39088190,325033830,2498380,341460,253944820,68249170,325033830
2019-11-20,8210,8210,7850,7870,108576,-2.599009900990099,-5765,6000,27234,-27469,0,5894,6000,92092,4590,108576,11659,0,64858,32059,108576,-45928870,47730000,216635260,-218436390,0,46839020,47730000,731228570,36463150,862260740,92767890,0,514593310,254899540,862260740
2019-11-21,7760,7900,7470,7590,201551,-3.5578144853875475,-10700,0,29705,-19005,0,0,0,184454,17097,201551,10700,0,154749,36102,201551,-81488200,0,228332690,-146844490,0,0,0,1401104150,130098890,1531203040,81488200,0,1172771460,276943380,1531203040
2019-11-22,7660,7750,7490,7730,65699,1.844532279314888,3189,0,-10640,7451,0,6308,0,44625,14766,65699,3119,0,55265,7315,65699,24511520,0,-81623280,57111760,0,48463690,0,344801580,113184170,506449440,23952170,0,426424860,56072410,506449440
2019-11-25,7930,8110,7750,7930,126082,2.58732212160414,1794,-102,6796,-8488,0,1794,0,111994,12294,126082,0,102,105198,20782,126082,14101700,-819060,55392840,-68675480,0,14101700,0,891921960,97817340,1003841000,0,819060,836529120,166492820,1003841000
2019-11-26,8010,8010,7780,7800,71468,-1.639344262295082,-5734,-720,15410,-8956,0,1087,0,67957,2424,71468,6821,720,52547,11380,71468,-44872980,-5669100,120812260,-70270180,0,8551410,0,533032920,19014970,560599300,53424390,5669100,412220660,89285150,560599300
2019-11-27,7800,7860,7700,7790,40324,-0.1282051282051282,-6372,0,11005,-4633,0,0,0,38941,1383,40324,6372,0,27936,6016,40324,-49305550,0,85304240,-35998690,0,0,0,301738340,10706860,312445200,49305550,0,216434100,46705550,312445200
2019-11-28,7710,7840,7690,7800,31201,0.12836970474967907,-5269,2500,2162,607,0,116,2500,26400,2185,31201,5385,0,24238,1578,31201,-40774020,19448200,16713890,4611930,0,902300,19448200,204168960,16866740,241386200,41676320,0,187455070,12254810,241386200
2019-11-29,7750,7860,7720,7770,28370,-0.38461538461538464,0,-1467,7684,-6217,0,0,0,27008,1362,28370,0,1467,19324,7579,28370,0,-11428960,59677310,-48248350,0,0,0,209838390,10657360,220495750,0,11428960,150161080,58905710,220495750
2019-12-02,7820,7820,7700,7780,24240,0.1287001287001287,-2365,0,2588,-223,0,0,0,20661,3579,24240,2365,0,18073,3802,24240,-18342960,0,20079030,-1736070,0,0,0,160018720,27744730,187763450,18342960,0,139939690,29480800,187763450
2019-12-03,7770,7780,7620,7680,49006,-1.2853470437017995,-14021,0,14600,-579,0,117,0,43761,5128,49006,14138,0,29161,5707,49006,-107313830,0,111768620,-4454790,0,896700,0,334940060,39301350,375138110,108210530,0,223171440,43756140,375138110
2019-12-04,7630,7680,7530,7570,32184,-1.4322916666666665,94,0,3108,-3202,0,94,0,29380,2710,32184,0,0,26272,5912,32184,714480,0,23508090,-24222570,0,714480,0,222416830,20639130,243770440,0,0,198908740,44861700,243770440
2019-12-05,7580,7670,7520,7650,42064,1.0568031704095113,6635,0,7156,-13791,0,6635,0,32784,2645,42064,0,0,25628,16436,42064,50546350,0,54275160,-104821510,0,50546350,0,249132590,20114760,319793700,0,0,194857430,124936270,319793700
2019-12-06,7510,7700,7510,7690,57883,0.522875816993464,3629,0,3049,-6678,0,6129,0,45235,6519,57883,2500,0,42186,13197,57883,27681080,0,23166150,-50847230,0,46772010,0,344298870,49634190,440705070,19090930,0,321132720,100481420,440705070
2019-12-09,7680,7700,7600,7690,28831,0.0,-2571,1387,510,674,0,0,1387,21729,5715,28831,2571,0,21219,5041,28831,-19623510,10609280,3771230,5243000,0,0,10609280,166425540,43839830,220874650,19623510,0,162654310,38596830,220874650
2019-12-10,7690,7740,7590,7600,30479,-1.1703511053315996,-3543,0,11079,-7536,0,0,0,28819,1660,30479,3543,0,17740,9196,30479,-26999640,0,84518810,-57519170,0,0,0,219973600,12713360,232686960,26999640,0,135454790,70232530,232686960
2019-12-11,7670,7670,7530,7550,34784,-0.6578947368421052,-1124,-6255,15278,-7899,0,0,0,31870,2914,34784,1124,6255,16592,10813,34784,-8489230,-47293920,115510390,-59727240,0,0,0,240984660,22072380,263057040,8489230,47293920,125474270,81799620,263057040
2019-12-12,7520,7990,7520,7710,44296,2.119205298013245,3972,-3000,-129,-843,0,3972,0,35106,5218,44296,0,3000,35235,6061,44296,30364500,-22790000,-838470,-6736030,0,30364500,0,268861910,39906930,339133340,0,22790000,269700380,46642960,339133340
2019-12-13,7890,8030,7740,8030,98860,4.150453955901426,-398,-941,-11298,12637,0,602,1059,78092,19107,98860,1000,2000,89390,6470,98860,-3085980,-7409430,-89408080,99903490,0,4712270,8290570,618800860,150903570,782707270,7798250,15700000,708208940,51000080,782707270
2019-12-16,8060,8140,7920,8080,64598,0.62266500622665,-7746,1250,7338,-842,0,654,1250,56807,5887,64598,8400,0,49469,6729,64598,-62437170,10086020,59014800,-6663650,0,5284330,10086020,456639540,47365230,519375120,67721500,0,397624740,54028880,519375120
2019-12-17,8120,8120,7930,8060,57699,-0.24752475247524752,-6672,0,4371,2301,0,251,0,47780,9668,57699,6923,0,43409,7367,57699,-53465460,0,35152840,18312620,0,2022510,0,382366220,77530950,461919680,55487970,0,347213380,59218330,461919680
2019-12-18,8060,8220,8020,8140,78833,0.9925558312655087,-7000,0,-8884,15884,0,0,0,60504,18329,78833,7000,0,69388,2445,78833,-56387710,0,-72415250,128802960,0,0,0,491035660,148643160,639678820,56387710,0,563450910,19840200,639678820
2019-12-19,8190,8190,8010,8040,54753,-1.2285012285012284,-5329,-12170,16144,1355,0,0,1,49501,5251,54753,5329,12171,33357,3896,54753,-43008330,-97765520,129886350,10887500,0,0,8030,398406660,42311020,440725710,43008330,97773550,268520310,31423520,440725710
2019-12-20,8050,8130,8020,8120,66053,0.9950248756218906,-10461,-18000,13819,14642,0,0,0,49983,16070,66053,10461,18000,36164,1428,66053,-84413110,-145801370,111916240,118298240,0,0,0,404312410,129857720,534170130,84413110,145801370,292396170,11559480,534170130
2019-12-23,8230,8230,8070,8160,118009,0.49261083743842365,-5866,0,2086,3780,0,13468,0,91831,12710,118009,19334,0,89745,8930,118009,-47755070,0,16981800,30773270,0,109837100,0,747926620,103369120,961132840,157592170,0,730944820,72595850,961132840
2019-12-24,8150,8170,8050,8080,57036,-0.9803921568627451,8515,0,-6058,-2457,0,13518,0,40744,2774,57036,5003,0,46802,5231,57036,69039690,0,-49112790,-19926900,0,109586950,0,329902670,22466330,461955950,40547260,0,379015460,42393230,461955950
2019-12-26,8080,8120,7960,8010,73097,-0.8663366336633664,-26306,-6196,21369,11133,0,1478,0,57745,13874,73097,27784,6196,36376,2741,73097,-210630270,-49748070,170629780,89748560,0,11944210,0,463047930,111744310,586736450,222574480,49748070,292418150,21995750,586736450
2019-12-27,8030,8230,7940,8190,96933,2.247191011235955,2357,-6500,-2278,6421,0,5461,0,74207,17265,96933,3104,6500,76485,10844,96933,18976070,-51950290,-17638420,50612640,0,43945950,0,600869210,138733260,783548420,24969880,51950290,618507630,88120620,783548420
2019-12-30,8130,8600,8130,8590,291539,4.884004884004884,10388,-1278,-50146,41036,0,13045,12,223827,54655,291539,2657,1290,273973,13619,291539,88466370,-10772460,-422107460,344413550,0,111141870,102240,1891755940,459961480,2462961530,22675500,10874700,2313863400,115547930,2462961530
2020-01-02,8660,8950,8560,8920,353222,3.841676367869616,-613,15,-14381,14979,0,32295,15,282278,38634,353222,32908,0,296659,23655,353222,-5059900,133500,-124180130,129106530,0,286604980,133500,2480712740,338913030,3106364250,291664880,0,2604892870,209806500,3106364250
2020-01-03,8970,9060,8850,8910,272323,-0.11210762331838565,5003,7400,-26842,14439,0,7986,17400,217483,29454,272323,2983,10000,244325,15015,272323,45138500,65174230,-240462100,130149370,0,71800540,155374230,1947514760,264291000,2438980530,26662040,90200000,2187976860,134141630,2438980530
2020-01-06,8870,8870,8510,8550,230699,-4.040404040404041,-156,3603,11135,-14582,0,5827,6000,192932,25940,230699,5983,2397,181797,40522,230699,-307380,31136740,95419260,-126248620,0,50855460,51820000,1663270250,224613390,1990559100,51162840,20683260,1567850990,350862010,1990559100
2020-01-07,8600,8690,8390,8490,258733,-0.7017543859649122,-20132,2000,22306,-4174,0,12603,2000,211123,33007,258733,32735,0,188817,37181,258733,-170998090,17300000,189706490,-36008400,0,107200000,17300000,1793665890,280596130,2198762020,278198090,0,1603959400,316604530,2198762020
2020-01-08,8430,8430,8020,8080,346146,-4.829210836277975,-4226,40,2538,1648,0,179,67,313287,32613,346146,4405,27,310749,30965,346146,-34398200,328630,21134500,12935070,0,1447470,545980,2556099770,265212640,2823305860,35845670,217350,2534965270,252277570,2823305860
2020-01-09,8280,8450,8230,8350,280041,3.341584158415842,-39811,3400,69461,-33050,0,8128,5467,249545,16901,280041,47939,2067,180084,49951,280041,-329975710,27865480,575895450,-273785220,0,67391510,45221580,2075178540,141054850,2328846480,397367220,17356100,1499283090,414840070,2328846480
2020-01-10,8350,8430,8230,8350,134863,0.0,7378,0,-3246,-4132,0,20610,3000,102494,8759,134863,13232,3000,105740,12891,134863,62005920,-322000,-26959590,-34724330,0,172322080,24780000,854633330,72948340,1124683750,110316160,25102000,881592920,107672670,1124683750
2020-01-13,8380,8750,8350,8610,339996,3.1137724550898205,-28038,-8000,15229,20809,0,28438,0,262749,48809,339996,56476,8000,247520,28000,339996,-240422020,-68572690,131652720,177341990,0,244544240,0,2258060730,417615070,2920220040,484966260,68572690,2126408010,240273080,2920220040
2020-01-14,8810,8880,8350,8480,406529,-1.5098722415795587,4771,8000,-1474,-11297,0,4833,8000,357303,36393,406529,62,0,358777,47690,406529,41764360,67500000,-6607910,-102656450,0,42304560,67500000,3077984240,313127950,3500916750,540200,0,3084592150,415784400,3500916750
2020-01-15,8540,8620,8470,8550,211941,0.8254716981132075,4955,-9520,-46419,50984,0,5393,480,152447,53621,211941,438,10000,198866,2637,211941,42017710,-81557930,-396147650,435687870,0,45754080,4084800,1301190340,458166400,1809195620,3736370,85642730,1697337990,22478530,1809195620
2020-01-16,8630,8630,8440,8560,143886,0.11695906432748539,0,0,9631,-9631,0,0,0,128952,14934,143886,0,0,119321,24565,143886,0,0,82767490,-82767490,0,0,0,1097311530,126830570,1224142100,0,0,1014544040,209598060,1224142100
2020-01-17,8560,8650,8510,8570,244859,0.11682242990654204,-10702,17062,-49195,42835,0,10060,17562,165787,51450,244859,20762,500,214982,8615,244859,-91780700,146507480,-422820110,368093330,0,86455720,150797480,1423032550,441862460,2102148210,178236420,4290000,1845852660,73769130,2102148210
2020-01-20,8600,8630,8260,8300,295355,-3.150525087514586,-18555,10328,15278,-7051,0,945,10548,267826,16036,295355,19500,220,252548,23087,295355,-157278910,87046080,130492130,-60259300,0,7984330,88935880,2262562050,135597360,2495079620,165263240,1889800,2132069920,195856660,2495079620
2020-01-21,8220,8320,8170,8270,209788,-0.3614457831325301,-26467,50,25230,1187,0,28134,50,167288,14316,209788,54601,0,142058,13129,209788,-216420080,409500,206133760,9876820,0,232453540,409500,1374126430,117860310,1724849780,448873620,0,1167992670,107983490,1724849780
2020-01-22,8190,8350,8150,8310,196210,0.48367593712212814,-11,6000,-14397,8408,0,46764,6000,116292,27154,196210,46775,0,130689,18746,196210,322270,49973800,-119351970,69055900,0,387439140,49973800,959396810,224105950,1620915700,387116870,0,1078748780,155050050,1620915700
2020-01-23,8270,8270,8060,8120,225426,-2.286401925391095,-3532,80,21082,-17630,0,489,80,211797,13060,225426,4021,0,190715,30690,225426,-28606120,657540,172081560,-144132980,0,4033300,657540,1725917630,106525180,1837133650,32639420,0,1553836070,250658160,1837133650
2020-01-28,6990,7420,6850,7030,1092663,-13.423645320197044,-118554,-36146,270661,-115961,0,309,2678,1014697,74979,1092663,118863,38824,744036,190940,1092663,-837555540,-257568430,1926389250,-831265280,0,2183880,19061370,7199335310,532048150,7752628710,839739420,276629800,5272946060,1363313430,7752628710
2020-01-29,7120,7150,6810,7070,515621,0.5689900426742532,-24317,-3050,22256,5111,0,116,3000,449674,62831,515621,24433,6050,427418,57720,515621,-169974900,-22315370,159097910,33192360,0,821270,20490000,3154685600,439157660,3615154530,170796170,42805370,2995587690,405965300,3615154530
2020-01-30,7070,7070,6670,6760,364227,-4.384724186704385,-1282,3145,56330,-58193,0,0,9020,336194,19013,364227,1282,5875,279864,77206,364227,-8803470,22287150,387700890,-401184570,0,0,62588400,2299270770,129594800,2491453970,8803470,40301250,1911569880,530779370,2491453970
2020-01-31,6720,6800,6480,6490,341552,-3.9940828402366866,321,-12471,24873,-12723,0,12463,600,279710,48779,341552,12142,13071,254837,61502,341552,3736200,-81031300,161034680,-83739580,0,83243770,3984000,1846868790,323870890,2257967450,79507570,85015300,1685834110,407610470,2257967450
2020-02-03,6240,6680,5980,6630,505027,2.157164869029276,-15576,-1950,-2530,20056,0,15182,3012,390213,96620,505027,30758,4962,392743,76564,505027,-99942710,-13175010,-5769940,118887660,0,99037690,19333580,2475673570,608301090,3202345930,198980400,32508590,2481443510,489413430,3202345930
2020-02-04,6660,7120,6620,7040,481408,6.184012066365008,-21991,-7021,71813,-42801,0,0,0,439270,42138,481408,21991,7021,367457,84939,481408,-153921130,-48311920,501797770,-299564720,0,0,0,3060576010,291481210,3352057220,153921130,48311920,2558778240,591045930,3352057220
2020-02-05,7050,7170,6870,6960,179242,-1.1363636363636365,0,0,48036,-48036,0,0,1000,165481,12761,179242,0,1000,117445,60797,179242,0,-130000,338295080,-338165080,0,0,6900000,1159856750,89072960,1255829710,0,7030000,821561670,427238040,1255829710
2020-02-06,7000,7220,6970,7170,197746,3.0172413793103448,-1315,5980,-9953,5288,0,0,6480,171086,20180,197746,1315,500,181039,14892,197746,-9342490,43012480,-70657470,36987480,0,0,46577480,1216386490,142777490,1405741460,9342490,3565000,1287043960,105790010,1405741460
2020-02-07,7180,7190,7050,7100,151407,-0.9762900976290098,-10246,0,26039,-15793,0,0,0,143541,7866,151407,10246,0,117502,23659,151407,-72606780,0,184814710,-112207930,0,0,0,1017529560,55755770,1073285330,72606780,0,832714850,167963700,1073285330
2020-02-10,7090,7130,6930,7130,100353,0.42253521126760557,-10053,20,-903,10936,0,0,20,83262,17071,100353,10053,0,84165,6135,100353,-70991910,139800,-5639220,76491330,0,0,139800,585822950,119604460,705567210,70991910,0,591462170,43113130,705567210
2020-02-11,7130,7290,7100,7270,147316,1.9635343618513323,-231,1,5543,-5313,0,0,1,136320,10995,147316,231,0,130777,16308,147316,-1681680,7170,40081230,-38406720,0,0,7170,982126030,79028910,1061162110,1681680,0,942044800,117435630,1061162110
2020-02-12,7240,7600,7210,7540,248553,3.7138927097661623,0,-1000,-782,1782,0,0,0,217427,31126,248553,0,1000,218209,29344,248553,0,-7530000,-5681120,13211120,0,0,0,1623427750,232231970,1855659720,0,7530000,1629108870,219020850,1855659720
2020-02-13,7580,7670,7450,7610,187617,0.9283819628647214,-1581,-15,19361,-17765,0,0,0,168720,18897,187617,1581,15,149359,36662,187617,-12078840,-112950,146100490,-133908700,0,0,0,1274529630,142447800,1416977430,12078840,112950,1128429140,276356500,1416977430
2020-02-14,7600,7610,7460,7590,121272,-0.2628120893561104,0,0,1284,-1284,0,0,0,103074,18198,121272,0,0,101790,19482,121272,0,0,10116250,-10116250,0,0,0,776947300,136651080,913598380,0,0,766831050,146767330,913598380
2020-02-17,7350,7460,7090,7370,256737,-2.898550724637681,-12687,109,-23499,36077,0,0,110,200031,56596,256737,12687,1,223530,20519,256737,-94022360,806790,-170863960,264079530,0,0,814200,1466820030,414756440,1882390670,94022360,7410,1637683990,150676910,1882390670
2020-02-18,7250,7410,7150,7200,185906,-2.3066485753052914,-9337,300,9953,-916,0,0,300,160673,24933,185906,9337,0,150720,25849,185906,-67615300,2160000,71603380,-6148080,0,0,2160000,1162405430,181200380,1345765810,67615300,0,1090802050,187348460,1345765810
2020-02-19,7130,7270,7020,7100,167561,-1.3888888888888888,-8234,-138,-6789,15161,0,0,0,128380,39181,167561,8234,138,135169,24020,167561,-58483500,-981180,-49369900,108834580,0,0,0,912420300,279669180,1192089480,58483500,981180,961790200,170834600,1192089480
2020-02-20,7100,7140,6860,6910,169230,-2.676056338028169,-7790,0,17698,-9908,0,0,0,156673,12557,169230,7790,0,138975,22465,169230,-54075080,0,123081710,-69006630,0,0,0,1090483760,87853240,1178337000,54075080,0,967402050,156859870,1178337000
2020-02-21,6720,6950,6650,6740,177185,-2.460202604920405,-27242,0,11062,16180,0,0,0,137060,40125,177185,27242,0,125998,23945,177185,-184230860,0,76020440,108210420,0,0,0,931464630,272156390,1203621020,184230860,0,855444190,163945970,1203621020
2020-02-24,6520,6630,6310,6390,229483,-5.192878338278932,-21849,0,17678,4171,0,0,0,194875,34608,229483,21849,0,177197,30437,229483,-140462400,0,113136930,27325470,0,0,0,1260530870,224330400,1484861270,140462400,0,1147393940,197004930,1484861270
2020-02-25,6350,6790,6200,6790,191363,6.259780907668231,-644,0,7198,-6554,0,0,0,165456,25907,191363,644,0,158258,32461,191363,-4279470,0,49026380,-44746910,0,0,0,1093103180,167833350,1260936530,4279470,0,1044076800,212580260,1260936530
2020-02-26,6700,6730,6570,6730,91197,-0.8836524300441826,0,740,13210,-13950,0,0,740,82362,8095,91197,0,0,69152,22045,91197,0,4898800,88255600,-93154400,0,0,4898800,547800660,53877800,606577260,0,0,459545060,147032200,606577260
2020-02-27,6690,6760,6380,6390,162999,-5.052005943536404,-33740,0,58321,-24581,0,0,0,142973,20026,162999,33740,0,84652,44607,162999,-218011930,0,379314860,-161302930,0,0,0,930883540,130737270,1061620810,218011930,0,551568680,292040200,1061620810
2020-02-28,6290,6290,5980,6000,222785,-6.103286384976526,15156,-13957,-2649,1450,0,15156,43,167757,39829,222785,0,14000,170406,38379,222785,91531210,-84199060,-16464190,9132040,0,91531210,261470,1018761740,242576020,1353130440,0,84460530,1035225930,233443980,1353130440
2020-03-02,5940,6300,5930,6190,145178,3.166666666666667,2021,-275,-21213,19467,0,2409,0,104238,38531,145178,388,275,125451,19064,145178,12562460,-1650000,-128933960,118021500,0,14959270,0,637997600,234259340,887216210,2396810,1650000,766931560,116237840,887216210
2020-03-03,6400,6470,6210,6220,93209,0.48465266558966075,-314,69,22152,-21907,0,0,69,88321,4819,93209,314,0,66169,26726,93209,-1992950,443670,140458490,-138909210,0,0,443670,559579350,30510210,590533230,1992950,0,419120860,169419420,590533230
2020-03-04,6160,6470,6090,6460,112369,3.858520900321544,42856,-250,-41598,-1008,0,43171,0,60937,8261,112369,315,250,102535,9269,112369,273091460,-1602500,-264710690,-6778270,0,275105910,0,385716150,52167090,712989150,2014450,1602500,650426840,58945360,712989150
2020-03-05,6530,6580,6300,6380,131119,-1.238390092879257,-21821,300,65326,-43805,0,0,300,126013,4806,131119,21821,0,60687,48611,131119,-138920160,1951000,417175400,-280206240,0,0,1951000,806749510,31150620,839851130,138920160,0,389574110,311356860,839851130
2020-03-06,6370,6370,5800,5930,484446,-7.053291536050156,-324724,63,321056,3605,0,0,63,444733,39650,484446,324724,0,123677,36045,484446,-1922259260,367520,1901240790,20650950,0,0,367520,2643689560,237893590,2881950670,1922259260,0,742448770,217242640,2881950670
2020-03-09,5680,5690,5120,5250,472714,-11.467116357504215,-68434,310,80096,-11972,0,0,310,418432,53972,472714,68434,0,338336,65944,472714,-367606000,1691500,435449920,-69535420,0,0,1691500,2267358180,290247020,2559296700,367606000,0,1831908260,359782440,2559296700
2020-03-10,5100,5680,5030,5610,310690,6.857142857142858,-24179,-272,-13459,37910,0,0,28,244871,65791,310690,24179,300,258330,27881,310690,-126684450,-1382860,-66339480,194406790,0,0,147140,1300009970,342647030,1642804140,126684450,1530000,1366349450,148240240,1642804140
2020-03-11,5560,5560,5150,5260,151258,-6.23885918003565,0,-20,19433,-19413,0,0,0,121911,29347,151258,0,20,102478,48760,151258,0,-110400,102651260,-102540860,0,0,0,645908350,155794110,801702460,0,110400,543257090,258334970,801702460
2020-03-12,5190,5200,4800,4855,260703,-7.6996197718631185,0,-2061,-7723,9784,0,0,0,186518,74185,260703,0,2061,194241,64401,260703,0,-10304980,-38305945,48610925,0,0,0,926606900,369004775,1295611675,0,10304980,964912845,320393850,1295611675
2020-03-13,4300,4595,3935,4215,331028,-13.182286302780637,0,0,-69432,69432,0,0,0,202390,128638,331028,0,0,271822,59206,331028,0,0,-285263060,285263060,0,0,0,845405130,535797705,1381202835,0,0,1130668190,250534645,1381202835
2020-03-16,4120,4450,3880,3970,267223,-5.812574139976276,-16536,0,-28398,44934,0,0,0,181192,86031,267223,16536,0,209590,41097,267223,-68410685,0,-113860480,182271165,0,0,0,737229210,352660420,1089889630,68410685,0,851089690,170389255,1089889630
2020-03-17,3510,4055,3510,3900,197455,-1.7632241813602016,0,0,-52665,52665,0,0,0,104291,93164,197455,0,0,156956,40499,197455,0,0,-202227090,202227090,0,0,0,399990775,359779485,759770260,0,0,602217865,157552395,759770260
2020-03-18,4100,4450,3825,3825,222979,-1.9230769230769231,-1281,0,34358,-33077,0,0,0,177779,45200,222979,1281,0,143421,78277,222979,-5199025,0,140473345,-135274320,0,0,0,723317100,182576855,905893955,5199025,0,582843755,317851175,905893955
2020-03-19,3870,4110,3160,3190,221910,-16.60130718954248,0,-106,-17625,17731,0,0,0,149482,72428,221910,0,106,167107,54697,221910,0,-355320,-66765715,67121035,0,0,0,517301460,256618095,773919555,0,355320,584067175,189497060,773919555
2020-03-20,3160,4140,3160,3500,339595,9.717868338557993,0,0,-4257,4257,0,0,0,276587,63008,339595,0,0,280844,58751,339595,0,0,-14501625,14501625,0,0,0,941699380,210918315,1152617695,0,0,956201005,196416690,1152617695
2020-03-23,3280,3280,2980,3010,196888,-14.000000000000002,-379,0,7667,-7288,0,0,0,160090,36798,196888,379,0,152423,44086,196888,-1164275,0,24283970,-23119695,0,0,0,489640300,112305285,601945585,1164275,0,465356330,135424980,601945585
2020-03-24,3245,3245,3045,3170,280792,5.3156146179401995,0,0,-33402,33402,0,0,0,194370,86422,280792,0,0,227772,53020,280792,0,0,-103756785,103756785,0,0,0,605045045,269217550,874262595,0,0,708801830,165460765,874262595
2020-03-25,3340,4120,3340,4120,881533,29.96845425867508,-238,202,62801,-62765,0,0,600,760604,120329,881533,238,398,697803,183094,881533,-955015,931850,237544155,-237520990,0,0,2467500,2957613920,468242080,3428323500,955015,1535650,2720069765,705763070,3428323500
2020-03-26,4300,4590,4035,4075,734204,-1.0922330097087378,0,-582,87780,-87198,0,0,18,669725,64461,734204,0,600,581945,151659,734204,0,-2504400,380846500,-378342100,0,0,75600,2899999750,277233800,3177309150,0,2580000,2519153250,655575900,3177309150
2020-03-27,4210,4400,3950,4135,298151,1.4723926380368098,0,18,-4868,4850,0,0,36,236214,61901,298151,0,18,241082,57051,298151,0,68940,-18838990,18770050,0,0,147420,984696980,256520105,1241364505,0,78480,1003535970,237750055,1241364505
2020-03-30,3950,4090,3910,4050,93561,-2.0556227327690446,0,-1200,-7270,8470,0,0,0,73844,19717,93561,0,1200,81114,11247,93561,0,-4869250,-29044970,33914220,0,0,0,296252145,79093290,375345435,0,4869250,325297115,45179070,375345435
2020-03-31,4120,4320,4055,4255,225671,5.061728395061729,0,-18,-35468,35486,0,0,18,151949,73704,225671,0,36,187417,38218,225671,0,-77220,-150598440,150675660,0,0,75060,639020125,310349560,949444745,0,152280,789618565,159673900,949444745
2020-04-01,4275,4350,4100,4120,208451,-3.172737955346651,-2409,0,17984,-15575,0,0,18,172932,35501,208451,2409,18,154948,51076,208451,-10198045,-2700,77342630,-67141885,0,0,75240,733532975,149628055,883236270,10198045,77940,656190345,216769940,883236270
2020-04-02,4045,4195,4005,4150,73166,0.7281553398058253,-184,0,-13932,14116,0,0,0,45376,27790,73166,184,0,59308,13674,73166,-759260,0,-57122345,57881605,0,0,0,186378285,114075740,300454025,759260,0,243500630,56194135,300454025
2020-04-03,4210,4215,4110,4200,93237,1.2048192771084338,-15154,0,12580,2574,0,0,0,74613,18624,93237,15154,0,62033,16050,93237,-62997675,0,52324725,10672950,0,0,0,310765530,77583755,388349285,62997675,0,258440805,66910805,388349285
2020-04-06,4225,4340,4145,4285,167284,2.0238095238095237,-100,0,-6957,7057,0,0,0,141604,25680,167284,100,0,148561,18623,167284,-428310,0,-29337730,29766040,0,0,0,600030555,108863545,708894100,428310,0,629368285,79097505,708894100
2020-04-07,4365,4760,4325,4700,325156,9.684947491248542,-200,-18,1649,-1431,0,0,0,277988,47168,325156,200,18,276339,48599,325156,-924350,-78570,8854390,-7851470,0,0,0,1270810190,214375745,1485185935,924350,78570,1261955800,222227215,1485185935
2020-04-08,4700,5050,4500,4850,185633,3.1914893617021276,-325,0,11616,-11291,0,0,84,157210,28339,185633,325,84,145594,39630,185633,-1615675,-14910,55889160,-54258575,0,0,384930,753068920,135635275,889089125,1615675,399840,697179760,189893850,889089125
2020-04-09,5010,5220,4905,5080,144891,4.742268041237113,-201,-700,-6486,7387,0,0,0,122970,21921,144891,201,700,129456,14534,144891,-1032540,-3521550,-31908755,36462845,0,0,0,622773380,110178020,732951400,1032540,3521550,654682135,73715175,732951400
2020-04-10,5090,5160,4880,5130,117611,0.984251968503937,0,4075,-2671,-1404,0,0,4075,91986,21550,117611,0,0,94657,22954,117611,0,20423605,-13134970,-7288635,0,0,20423605,463744695,107469990,591638290,0,0,476879665,114758625,591638290
2020-04-13,5020,5150,4975,4975,114029,-3.0214424951267054,0,0,1136,-1136,0,0,0,99237,14792,114029,0,0,98101,15928,114029,0,0,5847680,-5847680,0,0,0,497823300,74207430,572030730,0,0,491975620,80055110,572030730
2020-04-14,4940,5150,4940,5100,112202,2.512562814070352,0,0,-2612,2612,0,0,0,94046,18156,112202,0,0,96658,15544,112202,0,0,-13288950,13288950,0,0,0,478446900,92424960,570871860,0,0,491735850,79136010,570871860
2020-04-16,4980,5100,4935,5020,107780,-1.5686274509803921,0,0,14613,-14613,0,0,0,93553,14227,107780,0,0,78940,28840,107780,0,0,72209285,-72209285,0,0,0,466418100,71017050,537435150,0,0,394208815,143226335,537435150
2020-04-17,5060,5220,5040,5140,154099,2.3904382470119523,0,300,-8924,8624,0,0,300,129357,24442,154099,0,0,138281,15818,154099,0,1547500,-45416070,43868570,0,0,1547500,665681370,125530600,792759470,0,0,711097440,81662030,792759470
2020-04-20,5230,5490,5090,5220,127990,1.556420233463035,0,-725,-2402,3127,0,0,0,111719,16271,127990,0,725,114121,13144,127990,0,-3885000,-12303970,16188970,0,0,0,586316540,84933230,671249770,0,3885000,598620510,68744260,671249770
2020-04-21,5240,5250,4720,5130,132138,-1.7241379310344827,0,150,-10289,10139,0,0,150,93028,38960,132138,0,0,103317,28821,132138,0,758620,-51184190,50425570,0,0,758620,473256420,197590000,671605040,0,0,524440610,147164430,671605040
2020-04-22,5000,5180,4875,5180,114159,0.9746588693957114,0,0,-6980,6980,0,0,0,93466,20693,114159,0,0,100446,13713,114159,0,0,-35630960,35630960,0,0,0,467037720,104375220,571412940,0,0,502668680,68744260,571412940
2020-04-23,5200,5300,5110,5180,60575,0.0,0,0,-4141,4141,0,0,0,47954,12621,60575,0,0,52095,8480,60575,0,0,-21287790,21287790,0,0,0,247998520,65162570,313161090,0,0,269286310,43874780,313161090
2020-04-24,5130,5150,4990,5030,159092,-2.8957528957528957,0,0,-12849,12849,0,0,0,137754,21338,159092,0,0,150603,8489,159092,0,0,-65139120,65139120,0,0,0,695385540,108090090,803475630,0,0,760524660,42950970,803475630
2020-04-27,5020,5080,4975,5010,121465,-0.3976143141153081,0,0,-26918,26918,0,0,0,88680,32785,121465,0,0,115598,5867,121465,0,0,-134819265,134819265,0,0,0,443496005,164427785,607923790,0,0,578315270,29608520,607923790
2020-04-28,5030,5210,4970,5040,158426,0.5988023952095809,0,0,-17976,17976,0,1,0,119048,39377,158426,1,0,137024,21401,158426,30,0,-90914585,90914555,0,5050,0,604187885,199327650,803520585,5020,0,695102470,108413095,803520585
2020-04-29,5040,5170,5000,5130,112807,1.7857142857142856,0,-1222,-3642,4864,0,0,0,95168,17639,112807,0,1222,98810,12775,112807,0,-6266540,-18896430,25162970,0,0,0,486416170,90310270,576726440,0,6266540,505312600,65147300,576726440
2020-05-04,4985,5130,4980,5090,87988,-0.7797270955165692,0,0,-16396,16396,0,0,0,66938,21050,87988,0,0,83334,4654,87988,0,0,-83403720,83403720,0,0,0,339339105,107038510,446377615,0,0,422742825,23634790,446377615
2020-05-06,5100,5340,5070,5340,196747,4.911591355599214,0,-150,-8677,8827,0,0,0,177531,19216,196747,0,150,186208,10389,196747,0,-787500,-44643300,45430800,0,0,0,924768640,99610830,1024379470,0,787500,969411940,54180030,1024379470
2020-05-07,5350,5380,5220,5300,126385,-0.7490636704119851,-426,0,33089,-32663,0,0,0,120539,5846,126385,426,0,87450,38509,126385,-2256660,0,175314000,-173057340,0,0,0,637429810,30897320,668327130,2256660,0,462115810,203954660,668327130
2020-05-08,5340,5450,5310,5390,122045,1.6981132075471699,0,137,-22591,22454,0,0,138,90973,30934,122045,0,1,113564,8480,122045,0,739880,-121324680,120584800,0,0,745200,488696700,166096680,655538580,0,5320,610021380,45511880,655538580
2020-05-11,5440,5440,5220,5280,134961,-2.0408163265306123,0,187,-649,462,0,0,187,118181,16593,134961,0,0,118830,16131,134961,0,996960,-3126650,2129690,0,0,996960,623586480,87411470,711994910,0,0,626713130,85281780,711994910
2020-05-12,5320,5320,5090,5150,140068,-2.462121212121212,0,-3600,-2363,5963,0,0,152,117774,22142,140068,0,3752,120137,16179,140068,0,-18525650,-11366410,29892060,0,0,793390,606060450,113485430,720339270,0,19319040,617426860,83593370,720339270
2020-05-13,5050,5150,5010,5100,67508,-0.9708737864077669,0,0,-8176,8176,0,0,0,57004,10504,67508,0,0,65180,2328,67508,0,0,-41572200,41572200,0,0,0,290160420,53491910,343652330,0,0,331732620,11919710,343652330
2020-05-14,5170,5170,5020,5040,71967,-1.1764705882352942,0,0,-2426,2426,0,0,0,58313,13654,71967,0,0,60739,11228,71967,0,0,-12113100,12113100,0,0,0,294659710,68895900,363555610,0,0,306772810,56782800,363555610
2020-05-15,5200,5200,5040,5060,56534,0.3968253968253968,0,0,-1620,1620,0,0,0,52092,4442,56534,0,0,53712,2822,56534,0,0,-8239820,8239820,0,0,0,264680560,22564340,287244900,0,0,272920380,14324520,287244900
2020-05-18,5200,5200,5040,5150,88891,1.7786561264822136,0,0,382,-382,0,0,0,81738,7153,88891,0,0,81356,7535,88891,0,0,1837890,-1837890,0,0,0,417468730,36451290,453920020,0,0,415630840,38289180,453920020
2020-05-19,5410,6020,5280,5650,2437254,9.70873786407767,-494,-10139,65306,-54673,0,0,6,2303038,134210,2437254,494,10145,2237732,188883,2437254,-2768360,-56671660,381154980,-321714960,0,0,34540,13124810950,750885740,13875731230,2768360,56706200,12743655970,1072600700,13875731230
2020-05-20,5600,5740,5420,5640,280934,-0.17699115044247787,0,-3858,-8680,12538,0,0,1149,254396,25389,280934,0,5007,263076,12851,280934,0,-22187540,-46191190,68378730,0,0,6301240,1414234480,139927810,1560463530,0,28488780,1460425670,71549080,1560463530
2020-05-21,5760,5760,5590,5650,198955,0.1773049645390071,0,5000,-3930,-1070,0,0,5000,179554,14401,198955,0,0,183484,15471,198955,0,28100000,-21560640,-6539360,0,0,28100000,1013651070,81258410,1123009480,0,0,1035211710,87797770,1123009480
2020-05-22,5600,5690,5400,5420,183306,-4.070796460176991,0,-718,-3316,4034,0,0,11,169664,13631,183306,0,729,172980,9597,183306,0,-3910230,-18339600,22249830,0,0,59400,934594260,75234880,1009888540,0,3969630,952933860,52985050,1009888540
2020-05-25,5490,5500,5370,5420,157137,0.0,0,20,-28672,28652,0,0,20,122946,34171,157137,0,0,151618,5519,157137,0,107700,-155610050,155502350,0,0,107700,666805490,185506250,852419440,0,0,822415540,30003900,852419440
2020-05-26,5420,5450,5340,5400,180959,-0.36900369003690037,0,18,-10078,10060,0,0,129,152600,28230,180959,0,111,162678,18170,180959,0,101640,-54276350,54174710,0,0,696060,820662600,152003930,973362590,0,594420,874938950,97829220,973362590
2020-05-27,5650,5650,5340,5400,179689,0.0,0,6877,7955,-14832,0,0,6877,164124,8688,179689,0,0,156169,23520,179689,0,37578540,44603940,-82182480,0,0,37578540,892153580,46879680,976611800,0,0,847549640,129062160,976611800
2020-05-28,5370,5460,5140,5240,260144,-2.9629629629629632,0,6,-3946,3940,0,0,6,218524,41614,260144,0,0,222470,37674,260144,0,31950,-18649260,18617310,0,0,31950,1153232910,218748430,1372013290,0,0,1171882170,200131120,1372013290
2020-05-29,5330,5330,5130,5230,120170,-0.19083969465648853,0,402,3234,-3636,0,0,402,113110,6658,120170,0,0,109876,10294,120170,0,2102460,16602680,-18705140,0,0,2102460,585417120,34484990,622004570,0,0,568814440,53190130,622004570
2020-06-01,5230,5290,5150,5240,68467,0.19120458891013384,0,0,-12855,12855,0,0,0,48928,19539,68467,0,0,61783,6684,68467,0,0,-66945630,66945630,0,0,0,256450510,102021600,358472110,0,0,323396140,35075970,358472110
2020-06-02,5330,5340,5250,5300,73181,1.1450381679389312,0,0,-15507,15507,0,0,0,53373,19808,73181,0,0,68880,4301,73181,0,0,-81871130,81871130,0,0,0,281843820,104614500,386458320,0,0,363714950,22743370,386458320
2020-06-03,5350,5420,5270,5360,129012,1.1320754716981132,0,500,17560,-18060,0,0,500,111506,17006,129012,0,0,93946,35066,129012,0,2640000,94176870,-96816870,0,0,2640000,596251000,90668090,689559090,0,0,502074130,187484960,689559090
2020-06-04,5360,5410,5300,5370,92129,0.18656716417910446,0,0,2233,-2233,0,0,0,80706,11423,92129,0,0,78473,13656,92129,0,0,11889930,-11889930,0,0,0,431298780,61052280,492351060,0,0,419408850,72942210,492351060
2020-06-05,5430,5500,5310,5430,150054,1.1173184357541899,-198,0,-22763,22961,0,0,132,110873,39049,150054,198,132,133636,16088,150054,-1073270,20,-122812020,123885270,0,0,715440,599347580,210867260,810930280,1073270,715420,722159600,86981990,810930280
2020-06-08,5440,5470,5370,5430,87731,0.0,0,0,-11942,11942,0,0,154,70111,17466,87731,0,154,82053,5524,87731,0,6890,-64496880,64489990,0,0,839300,378856180,94399700,474095180,0,832410,443353060,29909710,474095180
2020-06-09,5470,5470,5310,5340,100902,-1.6574585635359116,0,0,12669,-12669,0,0,0,86073,14829,100902,0,0,73404,27498,100902,0,0,67752630,-67752630,0,0,0,461448520,79595460,541043980,0,0,393695890,147348090,541043980
2020-06-10,5290,5320,5230,5250,99281,-1.6853932584269662,0,331,-9431,9100,0,0,331,88227,10723,99281,0,0,97658,1623,99281,0,1741060,-49567710,47826650,0,0,1741060,463727960,56360090,521829110,0,0,513295670,8533440,521829110
2020-06-11,5250,5280,5150,5210,158572,-0.7619047619047619,0,0,-1600,1600,0,0,0,144644,13928,158572,0,0,146244,12328,158572,0,0,-8429210,8429210,0,0,0,752525240,72575140,825100380,0,0,760954450,64145930,825100380
2020-06-12,4885,5040,4510,4980,185020,-4.414587332053743,0,122,4472,-4594,0,0,248,152317,32455,185020,0,126,147845,37049,185020,0,583335,21576020,-22159355,0,0,1210970,751276980,160622935,913110885,0,627635,729700960,182782290,913110885
2020-06-15,4980,4995,4520,4520,217235,-9.236947791164658,0,64,8007,-8071,0,0,94,186291,30850,217235,0,30,178284,38921,217235,0,297960,40504240,-40802200,0,0,442050,880072685,144980710,1025495445,0,144090,839568445,185782910,1025495445
2020-06-16,4590,4860,4590,4810,75098,6.415929203539823,-300,-708,-10620,11628,0,0,0,50239,24859,75098,300,708,60859,13231,75098,-1423025,-3360920,-49891075,54675020,0,0,0,238247105,117681810,355928915,1423025,3360920,288138180,63006790,355928915
2020-06-17,4795,4830,4650,4680,61331,-2.7027027027027026,0,0,8739,-8739,0,0,0,52654,8677,61331,0,0,43915,17416,61331,0,0,41093350,-41093350,0,0,0,247786395,40834205,288620600,0,0,206693045,81927555,288620600
2020-06-18,4700,4895,4520,4625,84003,-1.1752136752136753,0,18,-2849,2831,0,0,185,69340,14478,84003,0,167,72189,11647,84003,0,108575,-12939795,12831220,0,0,899320,320376720,67289425,388565465,0,790745,333316515,54458205,388565465
2020-06-19,4600,4695,4540,4570,67986,-1.1891891891891893,-1100,9,-1767,2858,0,0,9,60628,7349,67986,1100,0,62395,4491,67986,-5013410,41040,-8110250,13082620,0,0,41040,277186310,33661880,310889230,5013410,0,285296560,20579260,310889230
2020-06-22,4650,4650,4530,4605,89996,0.7658643326039387,0,-24990,27363,-2373,0,0,10,79775,10211,89996,0,25000,52412,12584,89996,0,-113749760,124840300,-11090540,0,0,45475,364186650,46513485,410745610,0,113795235,239346350,57604025,410745610
2020-06-23,4650,4655,4460,4480,95733,-2.714440825190011,0,-21984,25996,-4012,0,0,16,87727,7990,95733,0,22000,61731,12002,95733,0,-99269480,117425950,-18156470,0,0,72320,396136075,36354540,432562935,0,99341800,278710125,54511010,432562935
2020-06-24,4470,4660,4435,4630,81194,3.3482142857142856,0,0,-1079,1079,0,0,0,74158,7036,81194,0,0,75237,5957,81194,0,0,-4258240,4258240,0,0,0,335866145,31695205,367561350,0,0,340124385,27436965,367561350
2020-06-25,4440,4625,4440,4580,61874,-1.079913606911447,0,5,6928,-6933,0,0,5,59188,2681,61874,0,0,52260,9614,61874,0,22200,31290165,-31312365,0,0,22200,267442790,12151080,279616070,0,0,236152625,43463445,279616070
2020-06-26,4595,4620,4455,4495,100566,-1.8558951965065504,0,-22864,27585,-4721,0,0,0,94154,6412,100566,0,22864,66569,11133,100566,0,-102713530,124149895,-21436365,0,0,0,423238570,28873605,452112175,0,102713530,299088675,50309970,452112175
2020-06-29,4475,4475,4235,4375,101053,-2.6696329254727478,0,30,7488,-7518,0,0,30,92912,8111,101053,0,0,85424,15629,101053,0,128025,32185220,-32313245,0,0,128025,398821165,34958675,433907865,0,0,366635945,67271920,433907865
2020-06-30,4475,4495,4300,4460,82852,1.9428571428571426,0,0,-7032,7032,0,0,0,68282,14570,82852,0,0,75314,7538,82852,0,0,-31089205,31089205,0,0,0,301683630,64465575,366149205,0,0,332772835,33376370,366149205
2020-07-01,4480,4490,4335,4445,67456,-0.336322869955157,0,0,-15,15,0,0,0,65650,1806,67456,0,0,65665,1791,67456,0,0,-89560,89560,0,0,0,288870790,7996225,296867015,0,0,288960350,7906665,296867015
2020-07-02,4385,4470,4385,4470,49504,0.562429696287964,0,0,-4534,4534,0,0,0,42755,6749,49504,0,0,47289,2215,49504,0,0,-20012810,20012810,0,0,0,189686885,29821740,219508625,0,0,209699695,9808930,219508625
2020-07-03,4475,4520,4405,4510,30494,0.8948545861297539,0,0,-5232,5232,0,0,0,23652,6842,30494,0,0,28884,1610,30494,0,0,-23141125,23141125,0,0,0,105417275,30279235,135696510,0,0,128558400,7138110,135696510
2020-07-06,4515,4515,4450,4510,42973,0.0,0,0,7607,-7607,0,0,0,40723,2250,42973,0,0,33116,9857,42973,0,0,34254190,-34254190,0,0,0,182922195,10077585,192999780,0,0,148668005,44331775,192999780
2020-07-07,4525,4530,4415,4475,61423,-0.7760532150776054,0,-27500,31640,-4140,0,0,0,56774,4649,61423,0,27500,25134,8789,61423,0,-122432945,140971775,-18538830,0,0,0,253306545,20849680,274156225,0,122432945,112334770,39388510,274156225
2020-07-08,4475,4480,4405,4455,34815,-0.44692737430167595,0,0,650,-650,0,0,0,32954,1861,34815,0,0,32304,2511,34815,0,0,2918190,-2918190,0,0,0,146179000,8239435,154418435,0,0,143260810,11157625,154418435
2020-07-09,4455,4495,4405,4455,44198,0.0,0,0,-2374,2374,0,0,0,41176,3022,44198,0,0,43550,648,44198,0,0,-10505020,10505020,0,0,0,182010515,13381025,195391540,0,0,192515535,2876005,195391540
2020-07-10,4445,4445,4280,4370,73810,-1.9079685746352413,0,10,2930,-2940,0,0,10,68889,4911,73810,0,0,65959,7851,73810,0,42800,12771265,-12814065,0,0,42800,298399640,21373495,319815935,0,0,285628375,34187560,319815935
2020-07-13,4370,4395,4260,4275,70413,-2.1739130434782608,0,-13992,16035,-2043,0,0,8,66207,4198,70413,0,14000,50172,6241,70413,0,-59854245,68570275,-8716030,0,0,34240,283485885,18070800,301590925,0,59888485,214915610,26786830,301590925
2020-07-14,4280,4280,4195,4210,54482,-1.5204678362573099,0,26,-3237,3211,0,0,26,46927,7529,54482,0,0,50164,4318,54482,0,110185,-13493580,13383395,0,0,110185,198186205,31729570,230025960,0,0,211679785,18346175,230025960
2020-07-15,4275,4345,4200,4250,102942,0.9501187648456058,0,-13829,5902,7927,0,0,0,88579,14363,102942,0,13829,82677,6436,102942,0,-58541150,24467145,34074005,0,0,0,375611060,61456030,437067090,0,58541150,351143915,27382025,437067090
2020-07-16,4250,4445,4250,4340,122577,2.1176470588235294,0,4,-12824,12820,0,0,4,93196,29377,122577,0,0,106020,16557,122577,0,17000,-56364130,56347130,0,0,17000,405318540,127800480,533136020,0,0,461682670,71453350,533136020
2020-07-17,4340,4340,4200,4275,129291,-1.497695852534562,0,-33967,72180,-38213,0,0,4,125124,4163,129291,0,33971,52944,42376,129291,0,-143097365,304730340,-161632975,0,0,16960,528722025,17618655,546357640,0,143114325,223991685,179251630,546357640
2020-07-20,4285,4285,4165,4215,70177,-1.4035087719298245,-717,5,22170,-21458,0,0,5,64758,5414,70177,717,0,42588,26872,70177,-3001665,21130,93217865,-90237330,0,0,21130,271802500,22733380,294557010,3001665,0,178584635,112970710,294557010
2020-07-21,4255,4255,4175,4220,59642,0.11862396204033215,0,0,579,-579,0,0,0,56455,3187,59642,0,0,55876,3766,59642,0,0,2362020,-2362020,0,0,0,237692110,13431040,251123150,0,0,235330090,15793060,251123150
2020-07-22,4220,4220,4060,4220,38905,0.0,0,0,133,-133,0,0,0,36357,2548,38905,0,0,36224,2681,38905,0,0,583185,-583185,0,0,0,152676590,10678700,163355290,0,0,152093405,11261885,163355290
2020-07-23,4220,4220,4105,4165,49916,-1.3033175355450237,0,0,1052,-1052,0,0,0,45737,4179,49916,0,0,44685,5231,49916,0,0,4401905,-4401905,0,0,0,190214090,17440165,207654255,0,0,185812185,21842070,207654255
2020-07-24,4165,4225,4030,4065,88329,-2.4009603841536618,0,0,6271,-6271,0,0,0,79903,8426,88329,0,0,73632,14697,88329,0,0,25859310,-25859310,0,0,0,326932740,34572495,361505235,0,0,301073430,60431805,361505235
2020-07-27,4065,4115,3955,4000,122757,-1.5990159901599015,0,32,-13188,13156,0,0,32,104022,18703,122757,0,0,117210,5547,122757,0,127600,-53080565,52952965,0,0,127600,415222855,75389990,490740445,0,0,468303420,22437025,490740445
2020-07-28,3950,4000,3885,3910,118267,-2.25,0,57,-2136,2079,0,0,57,111771,6439,118267,0,0,113907,4360,118267,0,224015,-8314290,8090275,0,0,224015,437379665,25256000,462859680,0,0,445693955,17165725,462859680
2020-07-29,3910,3955,3805,3870,91012,-1.0230179028132993,0,5000,-12397,7397,0,0,5000,73602,12410,91012,0,0,85999,5013,91012,0,19165000,-47521035,28356035,0,0,19165000,283570055,47669150,350404205,0,0,331091090,19313115,350404205
2020-07-30,3850,4055,3850,4015,122738,3.7467700258397936,1,0,-15011,15010,0,304,0,97641,24793,122738,303,0,112652,9783,122738,-8715,0,-59977155,59985870,0,1209920,0,387306750,98633110,487149780,1218635,0,447283905,38647240,487149780
2020-07-31,3940,4015,3910,3930,75416,-2.1170610211706102,0,9,17173,-17182,0,0,9,73935,1472,75416,0,0,56762,18654,75416,0,35480,68138235,-68173715,0,0,35480,292524335,5843085,298402900,0,0,224386100,74016800,298402900
2020-08-03,3930,3990,3780,3825,105896,-2.6717557251908395,0,8000,6894,-14894,0,0,8000,92980,4916,105896,0,0,86086,19810,105896,0,30355000,26738385,-57093385,0,0,30355000,355100555,18775615,404231170,0,0,328362170,75869000,404231170
2020-08-04,3850,3850,3720,3765,55167,-1.5686274509803921,-1,4965,-10638,5674,0,0,4965,40429,9773,55167,1,0,51067,4099,55167,-3755,18697720,-40165900,21471935,0,0,18697720,152464025,36935565,208097310,3755,0,192629925,15463630,208097310
2020-08-05,3775,3805,3750,3795,62964,0.796812749003984,0,3902,-1869,-2033,0,0,3902,50641,8421,62964,0,0,52510,10454,62964,0,14710540,-7085160,-7625380,0,0,14710540,191334590,31827385,237872515,0,0,198419750,39452765,237872515
2020-08-06,3795,3960,3770,3900,78362,2.766798418972332,0,6575,-14899,8324,0,0,6575,56798,14989,78362,0,0,71697,6665,78362,0,25612025,-56844235,31232210,0,0,25612025,221219735,57210635,304042395,0,0,278063970,25978425,304042395
2020-08-07,3960,4200,3895,4035,135429,3.4615384615384617,0,0,4096,-4096,0,0,0,111832,23597,135429,0,0,107736,27693,135429,0,0,17017220,-17017220,0,0,0,452731400,94995545,547726945,0,0,435714180,112012765,547726945
2020-08-10,4035,4075,3890,3895,69549,-3.469640644361834,0,55,10423,-10478,0,0,55,60922,8572,69549,0,0,50499,19050,69549,0,217030,40953255,-41170285,0,0,217030,239766980,33958030,273942040,0,0,198813725,75128315,273942040
2020-08-11,3895,4010,3840,3945,69724,1.2836970474967908,0,6620,-4974,-1646,0,0,6620,50773,12331,69724,0,0,55747,13977,69724,0,26483415,-19435100,-7048315,0,0,26483415,199681965,48143795,274309175,0,0,219117065,55192110,274309175
2020-08-12,4025,4500,3945,4210,629975,6.7173637515842834,0,5,30062,-30067,0,0,6005,569254,54716,629975,0,6000,539192,84783,629975,0,-922215,131581150,-130658935,0,0,25669895,2447880430,231455870,2705006195,0,26592110,2316299280,362114805,2705006195
2020-08-13,4165,4305,4155,4210,87587,0.0,0,0,-6759,6759,0,0,0,73760,13827,87587,0,0,80519,7068,87587,0,0,-28260965,28260965,0,0,0,310866565,58112550,368979115,0,0,339127530,29851585,368979115
2020-08-14,4260,4260,4035,4115,124053,-2.2565320665083135,0,5155,6683,-11838,0,0,5155,110777,8121,124053,0,0,104094,19959,124053,0,21489375,28217375,-49706750,0,0,21489375,456927520,33243020,511659915,0,0,428710145,82949770,511659915
2020-08-18,4000,4090,3815,3815,191013,-7.290400972053463,0,1,29726,-29727,0,0,156,177686,13171,191013,0,155,147960,42898,191013,0,-580,114607955,-114607375,0,0,608590,685488285,50865285,736962160,0,609170,570880330,165472660,736962160
2020-08-19,3820,3900,3750,3860,65920,1.1795543905635648,0,0,-8747,8747,0,0,0,53628,12292,65920,0,0,62375,3545,65920,0,0,-33490630,33490630,0,0,0,204240410,47030160,251270570,0,0,237731040,13539530,251270570
2020-08-20,3850,3855,3610,3650,161999,-5.4404145077720205,0,138,8226,-8364,0,0,138,130948,30913,161999,0,0,122722,39277,161999,0,505000,31829030,-32334030,0,0,505000,481241970,113247415,594994385,0,0,449412940,145581445,594994385
2020-08-21,3650,3770,3600,3675,49459,0.684931506849315,0,0,6769,-6769,0,0,0,41959,7500,49459,0,0,35190,14269,49459,0,0,24749490,-24749490,0,0,0,153197230,27422895,180620125,0,0,128447740,52172385,180620125
2020-08-24,3440,3710,3440,3650,35737,-0.6802721088435374,0,18,-398,380,0,0,18,31818,3901,35737,0,0,32216,3521,35737,0,61920,-1452150,1390230,0,0,61920,115155430,14155145,129372495,0,0,116607580,12764915,129372495
2020-08-25,3700,3785,3665,3735,39405,2.328767123287671,0,153,-3266,3113,0,0,153,31526,7726,39405,0,0,34792,4613,39405,0,575280,-12052790,11477510,0,0,575280,117721345,28757645,147054270,0,0,129774135,17280135,147054270
2020-08-26,3785,3785,3650,3710,58098,-0.6693440428380187,0,200,5302,-5502,0,0,200,51901,5997,58098,0,0,46599,11499,58098,0,739000,19718500,-20457500,0,0,739000,191309170,22123440,214171610,0,0,171590670,42580940,214171610
2020-08-27,3710,3795,3605,3605,77615,-2.8301886792452833,0,-153,2761,-2608,0,0,0,70885,6730,77615,0,153,68124,9338,77615,0,-557685,10025600,-9467915,0,0,0,257444075,24600955,282045030,0,557685,247418475,34068870,282045030
2020-08-28,3745,4380,3630,3955,734671,9.70873786407767,0,675,13955,-14630,0,0,7097,667773,59801,734671,0,6422,653818,74431,734671,0,1935320,62578105,-64513425,0,0,27380465,2673867220,232430005,2933677690,0,25445145,2611289115,296943430,2933677690
2020-08-31,3955,3955,3790,3855,126538,-2.5284450063211126,0,4000,-2501,-1499,0,0,4000,108408,14130,126538,0,0,110909,15629,126538,0,15596160,-9884475,-5711685,0,0,15596160,416693250,54377725,486667135,0,0,426577725,60089410,486667135
2020-09-01,3845,4095,3795,4020,166408,4.280155642023346,0,-4000,-649,4649,0,0,2000,149789,14619,166408,0,6000,150438,9970,166408,0,-16000000,-1748915,17748915,0,0,7730000,593391010,57373625,658494635,0,23730000,595139925,39624710,658494635
2020-09-02,3970,4160,3970,4135,219794,2.8606965174129355,0,0,-18215,18215,0,0,0,180644,39150,219794,0,0,198859,20935,219794,0,0,-74098685,74098685,0,0,0,743346570,160303655,903650225,0,0,817445255,86204970,903650225
2020-09-03,4160,4175,4020,4085,116424,-1.2091898428053205,0,0,22317,-22317,0,0,0,111275,5149,116424,0,0,88958,27466,116424,0,0,91002095,-91002095,0,0,0,452688500,20914240,473602740,0,0,361686405,111916335,473602740
2020-09-04,3940,4050,3915,4015,108658,-1.7135862913096693,0,0,-13753,13753,0,0,0,86074,22584,108658,0,0,99827,8831,108658,0,0,-54752900,54752900,0,0,0,342055510,89930905,431986415,0,0,396808410,35178005,431986415
2020-09-07,3975,4090,3945,4040,106137,0.62266500622665,0,0,2553,-2553,0,0,0,91471,14666,106137,0,0,88918,17219,106137,0,0,10608220,-10608220,0,0,0,365674795,58469505,424144300,0,0,355066575,69077725,424144300
2020-09-08,4070,4215,4005,4050,205450,0.24752475247524752,0,-320,1673,-1353,0,0,0,178522,26928,205450,0,320,176849,28281,205450,0,-1336000,6487000,-5151000,0,0,0,735442790,111045445,846488235,0,1336000,728955790,116196445,846488235
2020-09-09,4070,4350,4050,4245,331874,4.814814814814815,0,2166,-37454,35288,0,0,4303,256137,71434,331874,0,2137,293591,36146,331874,0,8975940,-156832805,147856865,0,0,18026410,1078445180,300368360,1396839950,0,9050470,1235277985,152511495,1396839950
2020-09-10,4255,4385,4205,4275,165027,0.7067137809187279,0,0,3236,-3236,0,0,4000,137919,23108,165027,0,4000,134683,26344,165027,0,-220250,13975745,-13755495,0,0,17010000,592643710,98826390,708480100,0,17230250,578667965,112581885,708480100
2020-09-11,4275,4285,4150,4200,69679,-1.7543859649122806,0,4000,2347,-6347,0,0,6000,55677,8002,69679,0,2000,53330,14349,69679,0,16793570,9743245,-26536815,0,0,25193570,233549465,33670170,292413205,0,8400000,223806220,60206985,292413205
2020-09-14,4200,4240,4155,4195,46765,-0.11904761904761905,0,0,-2827,2827,0,0,0,37912,8853,46765,0,0,40739,6026,46765,0,0,-11866265,11866265,0,0,0,158986560,37153000,196139560,0,0,170852825,25286735,196139560
2020-09-15,4195,4225,3875,4070,233153,-2.9797377830750893,0,10,-5307,5297,0,0,10,201627,31516,233153,0,0,206934,26219,233153,0,39320,-20397490,20358170,0,0,39320,814716675,127097050,941853045,0,0,835114165,106738880,941853045
2020-09-16,4100,4125,4000,4045,80220,-0.6142506142506142,0,0,-1261,1261,0,0,0,70605,9615,80220,0,0,71866,8354,80220,0,0,-5195155,5195155,0,0,0,286699195,39173240,325872435,0,0,291894350,33978085,325872435
2020-09-17,4015,4040,3940,4015,87689,-0.7416563658838072,0,0,5236,-5236,0,0,0,80732,6957,87689,0,0,75496,12193,87689,0,0,20829260,-20829260,0,0,0,322018975,27778815,349797790,0,0,301189715,48608075,349797790
2020-09-18,4000,4080,3950,4055,58161,0.9962640099626401,0,0,13345,-13345,0,0,0,52647,5514,58161,0,0,39302,18859,58161,0,0,53080190,-53080190,0,0,0,210079470,22051020,232130490,0,0,156999280,75131210,232130490
2020-09-21,4050,4055,3950,3960,61253,-2.342786683107275,0,0,9209,-9209,0,0,0,54714,6539,61253,0,0,45505,15748,61253,0,0,36580525,-36580525,0,0,0,218566430,26231940,244798370,0,0,181985905,62812465,244798370
2020-09-22,4000,4020,3865,3865,67185,-2.398989898989899,0,76,18989,-19065,0,0,76,61062,6047,67185,0,0,42073,25112,67185,0,296420,74782680,-75079100,0,0,296420,239495970,23506485,263298875,0,0,164713290,98585585,263298875
2020-09-23,3860,4000,3785,3900,40232,0.9055627425614489,0,0,9904,-9904,0,0,0,37311,2921,40232,0,0,27407,12825,40232,0,0,38464015,-38464015,0,0,0,144401660,11319035,155720695,0,0,105937645,49783050,155720695
2020-09-24,3805,3890,3785,3800,63862,-2.564102564102564,0,0,20553,-20553,0,0,0,60061,3801,63862,0,0,39508,24354,63862,0,0,78299755,-78299755,0,0,0,228954610,14483105,243437715,0,0,150654855,92782860,243437715
2020-09-25,3800,3890,3780,3820,48841,0.5263157894736842,0,0,1874,-1874,0,0,0,37730,11111,48841,0,0,35856,12985,48841,0,0,7242060,-7242060,0,0,0,143692610,42242850,185935460,0,0,136450550,49484910,185935460
2020-09-28,3850,3995,3850,3900,36776,2.094240837696335,0,0,2343,-2343,0,0,0,30997,5779,36776,0,0,28654,8122,36776,0,0,9238000,-9238000,0,0,0,120710265,22521290,143231555,0,0,111472265,31759290,143231555
2020-09-29,3940,4050,3920,4050,96198,3.8461538461538463,0,0,-9179,9179,0,0,0,79255,16943,96198,0,0,88434,7764,96198,0,0,-36368310,36368310,0,0,0,320297535,67334690,387632225,0,0,356665845,30966380,387632225
2020-10-05,4200,4445,4070,4070,155409,0.49382716049382713,0,0,17238,-17238,0,0,0,146330,9079,155409,0,0,129092,26317,155409,0,0,71344055,-71344055,0,0,0,607026275,37568335,644594610,0,0,535682220,108912390,644594610
2020-10-06,4120,4220,4075,4190,108027,2.9484029484029484,0,-2000,-11670,13670,0,0,0,83420,24607,108027,0,2000,95090,10937,108027,0,-8312500,-48961560,57274060,0,0,0,346796935,102409415,449206350,0,8312500,395758495,45135355,449206350
2020-10-07,4180,4180,4050,4160,55428,-0.7159904534606205,0,0,4426,-4426,0,0,0,51696,3732,55428,0,0,47270,8158,55428,0,0,18278455,-18278455,0,0,0,213022350,15349430,228371780,0,0,194743895,33627885,228371780
2020-10-08,4200,4350,4080,4320,160664,3.8461538461538463,-2000,0,-13990,15990,0,0,0,130678,29986,160664,2000,0,144668,13996,160664,-8583505,0,-59900710,68484215,0,0,0,557383635,127382725,684766360,8583505,0,617284345,58898510,684766360
2020-10-12,4350,4470,4250,4445,187575,2.8935185185185186,0,-116,6525,-6409,0,0,0,179764,7811,187575,0,116,173239,14220,187575,0,-516200,28887445,-28371245,0,0,0,794201790,34459680,828661470,0,516200,765314345,62830925,828661470
2020-10-13,4450,4485,4285,4440,160084,-0.11248593925759282,0,0,22204,-22204,0,0,0,158334,1750,160084,0,0,136130,23954,160084,0,0,95963600,-95963600,0,0,0,685810210,7658525,693468735,0,0,589846610,103622125,693468735
2020-10-14,4435,4435,4275,4335,72625,-2.364864864864865,0,0,22476,-22476,0,0,0,71656,969,72625,0,0,49180,23445,72625,0,0,97088085,-97088085,0,0,0,309604240,4182165,313786405,0,0,212516155,101270250,313786405
2020-10-15,4320,4320,4100,4180,83498,-3.575547866205306,0,0,7198,-7198,0,0,0,75850,7648,83498,0,0,68652,14846,83498,0,0,30317220,-30317220,0,0,0,316609400,31779375,348388775,0,0,286292180,62096595,348388775
2020-10-16,4140,4210,4085,4185,64305,0.11961722488038277,0,0,3810,-3810,0,0,0,56411,7894,64305,0,0,52601,11704,64305,0,0,15760000,-15760000,0,0,0,233453670,32451990,265905660,0,0,217693670,48211990,265905660
2020-10-19,4185,4300,4125,4225,43649,0.955794504181601,0,0,6507,-6507,0,0,0,41307,2342,43649,0,0,34800,8849,43649,0,0,27204130,-27204130,0,0,0,173651650,9826180,183477830,0,0,146447520,37030310,183477830
2020-10-20,4180,4350,4105,4340,63835,2.72189349112426,0,0,11929,-11929,0,0,0,58782,5053,63835,0,0,46853,16982,63835,0,0,50262410,-50262410,0,0,0,247038570,21007370,268045940,0,0,196776160,71269780,268045940
2020-10-21,4340,4430,4280,4380,89369,0.9216589861751152,0,0,7663,-7663,0,0,0,82764,6605,89369,0,0,75101,14268,89369,0,0,33739760,-33739760,0,0,0,360160145,28631650,388791795,0,0,326420385,62371410,388791795
2020-10-22,4370,4375,4270,4340,49161,-0.91324200913242,0,0,2601,-2601,0,0,0,46310,2851,49161,0,0,43709,5452,49161,0,0,11244235,-11244235,0,0,0,199256090,12248730,211504820,0,0,188011855,23492965,211504820
2020-10-23,4345,4390,4310,4365,57099,0.5760368663594471,0,5353,-8917,3564,0,0,5353,44843,6903,57099,0,0,53760,3339,57099,0,23232020,-38772655,15540635,0,0,23232020,195535565,30067480,248835065,0,0,234308220,14526845,248835065
2020-10-26,4365,4365,4220,4240,56551,-2.86368843069874,0,-3046,926,2120,0,0,0,51342,5209,56551,0,3046,50416,3089,56551,0,-13097800,4118475,8979325,0,0,0,220055330,22394425,242449755,0,13097800,215936855,13415100,242449755
2020-10-27,4215,4290,4145,4200,48656,-0.9433962264150944,0,0,-4085,4085,0,0,0,39309,9347,48656,0,0,43394,5262,48656,0,0,-16873855,16873855,0,0,0,165231025,39119700,204350725,0,0,182104880,22245845,204350725
2020-10-28,4130,4200,4125,4165,26566,-0.8333333333333334,0,0,1443,-1443,0,0,0,26045,521,26566,0,0,24602,1964,26566,0,0,6003115,-6003115,0,0,0,108157335,2161680,110319015,0,0,102154220,8164795,110319015
2020-10-29,4150,4225,4030,4160,59665,-0.12004801920768307,0,0,4329,-4329,0,0,0,52582,7083,59665,0,0,48253,11412,59665,0,0,18127065,-18127065,0,0,0,216137380,28932640,245070020,0,0,198010315,47059705,245070020
2020-10-30,4265,4265,4075,4160,47826,0.0,0,0,2842,-2842,0,0,0,44138,3688,47826,0,0,41296,6530,47826,0,0,11821145,-11821145,0,0,0,182511650,15258120,197769770,0,0,170690505,27079265,197769770
2020-11-02,4165,4200,4090,4120,60731,-0.9615384615384616,0,0,4145,-4145,0,0,0,58122,2609,60731,0,0,53977,6754,60731,0,0,17239250,-17239250,0,0,0,241694975,10728520,252423495,0,0,224455725,27967770,252423495
2020-11-03,4265,4265,4115,4165,25047,1.0922330097087378,0,0,882,-882,0,0,0,19966,5081,25047,0,0,19084,5963,25047,0,0,3648225,-3648225,0,0,0,82882150,21061505,103943655,0,0,79233925,24709730,103943655
2020-11-04,4205,4205,4115,4150,22937,-0.36014405762304924,0,0,1572,-1572,0,0,0,22932,5,22937,0,0,21360,1577,22937,0,0,6524495,-6524495,0,0,0,95142905,20625,95163530,0,0,88618410,6545120,95163530
2020-11-05,4150,4230,4085,4150,36257,0.0,0,0,896,-896,0,0,0,35653,604,36257,0,0,34757,1500,36257,0,0,3713915,-3713915,0,0,0,147275620,2504525,149780145,0,0,143561705,6218440,149780145
2020-11-06,4150,4210,4090,4120,51056,-0.7228915662650602,0,0,-4887,4887,0,0,0,39367,11689,51056,0,0,44254,6802,51056,0,0,-19899150,19899150,0,0,0,162513025,47959245,210472270,0,0,182412175,28060095,210472270
2020-11-09,4120,4195,4110,4185,44359,1.5776699029126213,0,0,-916,916,0,0,0,38092,6267,44359,0,0,39008,5351,44359,0,0,-3825445,3825445,0,0,0,158926920,26150380,185077300,0,0,162752365,22324935,185077300
2020-11-10,4745,4850,4420,4450,764302,6.332138590203106,10000,-194,18014,-27820,0,10000,0,717597,36705,764302,0,194,699583,64525,764302,47725000,-921080,83237965,-130041885,0,47725000,0,3304455225,167570375,3519750600,0,921080,3221217260,297612260,3519750600
2020-11-11,4510,4800,4500,4800,484587,7.865168539325842,0,-496,-69266,69762,0,0,0,395056,89531,484587,0,496,464322,19769,484587,0,-2279120,-325551690,327830810,0,0,0,1858622755,419934595,2278557350,0,2279120,2184174445,92103785,2278557350
2020-11-12,4815,4860,4625,4860,232693,1.25,0,0,6516,-6516,0,0,0,206469,26224,232693,0,0,199953,32740,232693,0,0,30594955,-30594955,0,0,0,981362985,124093385,1105456370,0,0,950768030,154688340,1105456370
2020-11-13,4935,4935,4720,4860,145311,0.0,0,0,19365,-19365,0,0,0,139823,5488,145311,0,0,120458,24853,145311,0,0,93324850,-93324850,0,0,0,673602310,26127470,699729780,0,0,580277460,119452320,699729780
2020-11-16,4875,4980,4800,4900,259661,0.823045267489712,-10000,0,6930,3070,0,0,0,232832,26829,259661,10000,0,225902,23759,259661,-48597000,0,32881345,15715655,0,0,0,1142677285,131908060,1274585345,48597000,0,1109795940,116192405,1274585345
2020-11-17,4970,5690,4955,5360,1803907,9.387755102040817,0,589,20784,-21373,0,0,614,1673773,129520,1803907,0,25,1652989,150893,1803907,0,3153040,120493425,-123646465,0,0,3291040,8959316580,685181400,9647789020,0,138000,8838823155,808827865,9647789020
2020-11-18,5290,5430,5190,5360,320355,0.0,0,0,2194,-2194,0,0,0,297124,23231,320355,0,0,294930,25425,320355,0,0,12856520,-12856520,0,0,0,1581827530,122388470,1704216000,0,0,1568971010,135244990,1704216000
2020-11-19,5340,5350,5070,5140,322777,-4.104477611940299,0,10,-6898,6888,0,0,10,301621,21146,322777,0,0,308519,14258,322777,0,53300,-34937320,34884020,0,0,53300,1572493590,109759750,1682306640,0,0,1607430910,74875730,1682306640
2020-11-20,5000,5140,4900,5100,272642,-0.7782101167315175,5801,0,-12702,6901,0,5801,0,239970,26871,272642,0,0,252672,19970,272642,29234740,0,-62882020,33647280,0,29234740,0,1203635775,134630090,1367500605,0,0,1266517795,100982810,1367500605
2020-11-23,4995,5020,4875,4920,230350,-3.5294117647058822,1199,0,2057,-3256,0,1199,0,212546,16605,230350,0,0,210489,19861,230350,5905075,0,10128150,-16033225,0,5905075,0,1046132895,81815775,1133853745,0,0,1036004745,97849000,1133853745
2020-11-24,4945,5250,4945,5120,222561,4.0650406504065035,0,0,-13040,13040,0,0,0,192340,30221,222561,0,0,205380,17181,222561,0,0,-67281200,67281200,0,0,0,983244200,154937560,1138181760,0,0,1050525400,87656360,1138181760
2020-11-25,5210,5250,5040,5100,191399,-0.390625,0,0,8921,-8921,0,0,0,173874,17525,191399,0,0,164953,26446,191399,0,0,46510570,-46510570,0,0,0,898092390,90067040,988159430,0,0,851581820,136577610,988159430
2020-11-26,5110,5130,4995,5130,136801,0.5882352941176471,-2000,0,-1709,3709,0,0,0,124469,12332,136801,2000,0,126178,8623,136801,-10180000,0,-8299400,18479400,0,0,0,627184770,61996020,689180790,10180000,0,635484170,43516620,689180790
2020-11-27,5160,5330,5110,5280,190603,2.923976608187134,0,0,-7101,7101,0,0,0,178411,12192,190603,0,0,185512,5091,190603,0,0,-36857130,36857130,0,0,0,932465060,63525150,995990210,0,0,969322190,26668020,995990210
2020-11-30,5330,5440,5300,5430,242563,2.840909090909091,0,-15000,26950,-11950,0,0,0,231274,11289,242563,0,15000,204324,23239,242563,0,-79582170,143685470,-64103300,0,0,0,1239987850,60419710,1300407560,0,79582170,1096302380,124523010,1300407560
2020-12-01,5460,5560,5340,5440,238000,0.1841620626151013,0,-9162,439,8723,0,0,0,213249,24751,238000,0,9162,212810,16028,238000,0,-50027990,2491430,47536560,0,0,0,1164573520,135106100,1299679620,0,50027990,1162082090,87569540,1299679620
2020-12-02,5440,5830,5410,5690,420596,4.595588235294118,5000,-24000,-20260,39260,0,5000,0,349075,66521,420596,0,24000,369335,27261,420596,27783500,-132605170,-114409910,219231580,0,27783500,0,1973577900,375083800,2376445200,0,132605170,2087987810,155852220,2376445200
2020-12-03,5840,6180,5800,5950,755700,4.569420035149385,0,-50183,71310,-21127,0,0,435,689177,66088,755700,0,50618,617867,87215,755700,0,-298851070,427168610,-128317540,0,0,2588360,4118235760,394893000,4515717120,0,301439430,3691067150,523210540,4515717120
2020-12-04,5950,6000,5810,5930,207972,-0.33613445378151263,0,0,16053,-16053,0,0,0,196158,11814,207972,0,0,180105,27867,207972,0,0,95009870,-95009870,0,0,0,1152932420,69315790,1222248210,0,0,1057922550,164325660,1222248210
2020-12-07,5970,6020,5760,5810,167280,-2.0236087689713322,0,-2242,8823,-6581,0,0,0,162370,4910,167280,0,2242,153547,11491,167280,0,-13026070,51855510,-38829440,0,0,0,947895850,28676410,976572260,0,13026070,896040340,67505850,976572260
2020-12-08,5820,5920,5660,5770,191179,-0.6884681583476765,0,0,22444,-22444,0,0,0,183713,7466,191179,0,0,161269,29910,191179,0,0,129778410,-129778410,0,0,0,1055461660,42854950,1098316610,0,0,925683250,172633360,1098316610
2020-12-09,5890,5900,5750,5810,149916,0.6932409012131715,0,0,-8282,8282,0,0,0,129737,20179,149916,0,0,138019,11897,149916,0,0,-48153140,48153140,0,0,0,754427480,117688610,872116090,0,0,802580620,69535470,872116090
2020-12-10,5810,5810,5650,5730,120298,-1.376936316695353,0,2,-11374,11372,0,0,2,105045,15251,120298,0,0,116419,3879,120298,0,11480,-64698580,64687100,0,0,11480,601871070,87018530,688901080,0,0,666569650,22331430,688901080
2020-12-11,5790,5820,5690,5790,143904,1.0471204188481675,0,10000,-24623,14623,0,0,10000,116306,17598,143904,0,0,140929,2975,143904,0,57560000,-141801230,84241230,0,0,57560000,670855960,101414060,829830020,0,0,812657190,17172830,829830020
2020-12-14,5760,5760,5590,5650,169159,-2.4179620034542317,0,0,-4757,4757,0,0,0,154846,14313,169159,0,0,159603,9556,169159,0,0,-27006240,27006240,0,0,0,872203680,80890760,953094440,0,0,899209920,53884520,953094440
2020-12-15,5620,5650,5510,5600,117180,-0.8849557522123894,0,0,6789,-6789,0,0,0,114716,2464,117180,0,0,107927,9253,117180,0,0,37700190,-37700190,0,0,0,637441630,13675750,651117380,0,0,599741440,51375940,651117380
2020-12-16,5570,5630,5550,5590,76234,-0.17857142857142858,0,0,-5429,5429,0,0,0,64201,12033,76234,0,0,69630,6604,76234,0,0,-30300200,30300200,0,0,0,358557010,67220910,425777920,0,0,388857210,36920710,425777920
2020-12-17,5580,5590,5280,5400,305555,-3.3989266547406083,-8552,9566,-3903,2889,0,0,10000,272103,23452,305555,8552,434,276006,20563,305555,-46834020,51133940,-18004360,13704440,0,0,53477540,1465060020,125435270,1643972830,46834020,2343600,1483064380,111730830,1643972830
2020-12-18,5470,5510,5320,5510,143348,2.037037037037037,0,0,-8235,8235,0,0,0,125167,18181,143348,0,0,133402,9946,143348,0,0,-44399340,44399340,0,0,0,680077850,98369810,778447660,0,0,724477190,53970470,778447660
2020-12-21,5610,5800,5570,5780,326397,4.900181488203267,-7000,5799,14588,-13387,0,3000,7099,292281,24017,326397,10000,1300,277693,37404,326397,-39955200,33378120,83615330,-77038250,0,17231200,40836520,1674491990,137353060,1869912770,57186400,7458400,1590876660,214391310,1869912770
2020-12-22,5770,5770,5620,5690,151858,-1.5570934256055362,0,43,29633,-29676,0,0,150,145757,5951,151858,0,107,116124,35627,151858,0,243600,167992360,-168235960,0,0,853500,826795460,33774890,861423850,0,609900,658803100,202010850,861423850
2020-12-23,5640,5720,5440,5500,133006,-3.3391915641476277,0,-1000,9947,-8947,0,0,0,121839,11167,133006,0,1000,111892,20114,133006,0,-5500000,56002650,-50502650,0,0,0,677082540,61974280,739056820,0,5500000,621079890,112476930,739056820
2020-12-24,5480,5680,5480,5590,62001,1.6363636363636365,0,2000,-2539,539,0,0,2000,55216,4785,62001,0,0,57755,4246,62001,0,11233520,-14000890,2767370,0,0,11233520,308159290,26565320,345958130,0,0,322160180,23797950,345958130
2020-12-28,5480,5490,5340,5360,169748,-4.114490161001789,0,0,7120,-7120,0,0,0,164002,5746,169748,0,0,156882,12866,169748,0,0,38293950,-38293950,0,0,0,883374600,30897790,914272390,0,0,845080650,69191740,914272390
2020-12-29,5380,5450,5300,5400,84379,0.7462686567164178,-20000,0,13545,6455,0,0,0,77293,7086,84379,20000,0,63748,631,84379,-106978530,0,72078310,34900220,0,0,0,415906820,38303660,454210480,106978530,0,343828510,3403440,454210480
2020-12-30,5400,5540,5390,5500,107730,1.8518518518518516,0,-200,-10665,10865,0,0,0,95481,12249,107730,0,200,106146,1384,107730,0,-1100000,-58360640,59460640,0,0,0,524402550,67063610,591466160,0,1100000,582763190,7602970,591466160
2021-01-04,5480,5480,5320,5350,152920,-2.727272727272727,0,100,18632,-18732,0,0,100,148750,4070,152920,0,0,130118,22802,152920,0,535000,100128470,-100663470,0,0,535000,798673230,21926290,821134520,0,0,698544760,122589760,821134520
2021-01-05,5380,5400,5150,5270,151546,-1.4953271028037385,0,0,-16171,16171,0,0,0,125248,26298,151546,0,0,141419,10127,151546,0,0,-84502850,84502850,0,0,0,653276130,137583950,790860080,0,0,737778980,53081100,790860080
2021-01-06,5280,5340,5240,5330,100444,1.1385199240986716,0,1400,-5775,4375,0,0,1400,81782,17262,100444,0,0,87557,12887,100444,0,7401000,-30656960,23255960,0,0,7401000,432026050,91435000,530862050,0,0,462683010,68179040,530862050
2021-01-07,5350,5410,5280,5410,191726,1.5009380863039399,0,10457,-22261,11804,0,0,10457,163411,17858,191726,0,0,185672,6054,191726,0,55681980,-118539770,62857790,0,0,55681980,872630630,95272650,1023585260,0,0,991170400,32414860,1023585260
2021-01-08,5490,5490,5240,5300,132327,-2.033271719038817,0,6600,372,-6972,0,0,6600,116413,9314,132327,0,0,116041,16286,132327,0,34798000,2910180,-37708180,0,0,34798000,616126470,49119400,700043870,0,0,613216290,86827580,700043870
2021-01-11,5200,5210,4905,4990,380424,-5.849056603773585,0,-15757,16679,-922,0,0,2005,329414,49005,380424,0,17762,312735,49927,380424,0,-77852910,81950060,-4097150,0,0,10054750,1647067940,245263085,1902385775,0,87907660,1565117880,249360235,1902385775
2021-01-12,4920,5150,4920,5080,126905,1.8036072144288577,0,100,-1923,1823,0,0,100,106746,20059,126905,0,0,108669,18236,126905,0,508000,-8711855,8203855,0,0,508000,540145590,100890865,641544455,0,0,548857445,92687010,641544455
2021-01-13,5080,5300,4970,5170,112816,1.7716535433070866,0,0,-3036,3036,0,0,0,96131,16685,112816,0,0,99167,13649,112816,0,0,-14567250,14567250,0,0,0,491592515,84974840,576567355,0,0,506159765,70407590,576567355
2021-01-14,5100,5430,5100,5400,198075,4.448742746615087,0,-200,-25061,25261,0,0,0,158736,39339,198075,0,200,183797,14078,198075,0,-1080000,-132983860,134063860,0,0,0,843349300,208873240,1052222540,0,1080000,976333160,74809380,1052222540
2021-01-15,5410,5430,5210,5290,113092,-2.037037037037037,0,3150,12417,-15567,0,0,3300,97619,12173,113092,0,150,85202,27740,113092,0,16794500,66006920,-82801420,0,0,17588000,517391890,64463300,599443190,0,793500,451384970,147264720,599443190
2021-01-18,4980,4985,4870,4890,339512,-7.561436672967864,0,610,5858,-6468,0,0,1000,305986,32526,339512,0,390,300128,38994,339512,0,3059185,28990340,-32049525,0,0,4970000,1506015220,160161260,1671146480,0,1910815,1477024880,192210785,1671146480
2021-01-19,4935,4940,4805,4890,101166,0.0,0,3900,-10663,6763,0,0,4000,85929,11237,101166,0,100,96592,4474,101166,0,19105000,-51786480,32681480,0,0,19595000,419416415,54565450,493576865,0,490000,471202895,21883970,493576865
2021-01-20,4895,4930,4845,4895,77863,0.10224948875255625,0,0,274,-274,0,0,0,71178,6685,77863,0,0,70904,6959,77863,0,0,1391050,-1391050,0,0,0,348409895,32691640,381101535,0,0,347018845,34082690,381101535
2021-01-21,4935,5030,4870,5030,91094,2.7579162410623086,0,-356,-14539,14895,0,0,0,73497,17597,91094,0,356,88036,2702,91094,0,-1780000,-72150115,73930115,0,0,0,363694185,87265250,450959435,0,1780000,435844300,13335135,450959435
2021-01-22,5500,5500,4960,5030,355732,0.0,0,3000,32486,-35486,0,0,3000,327868,24864,355732,0,0,295382,60350,355732,0,15170000,171407925,-186577925,0,0,15170000,1691012330,127288845,1833471175,0,0,1519604405,313866770,1833471175
2021-01-25,5000,5000,4870,4930,177406,-1.9880715705765408,0,863,-3863,3000,0,0,5000,157777,14629,177406,0,4137,161640,11629,177406,0,4483815,-18911725,14427910,0,0,24674500,776840565,71789445,873304510,0,20190685,795752290,57361535,873304510
2021-01-26,4940,4950,4710,4790,206432,-2.839756592292089,0,0,29235,-29235,0,0,0,198307,8125,206432,0,0,169072,37360,206432,0,0,141150565,-141150565,0,0,0,952885945,39028795,991914740,0,0,811735380,180179360,991914740
2021-01-27,4790,4825,4555,4600,293499,-3.966597077244259,-13000,4080,-13846,22766,0,0,4080,251465,37954,293499,13000,0,265311,15188,293499,-61104825,18852900,-65928910,108180835,0,0,18852900,1173863000,179437250,1372153150,61104825,0,1239791910,71256415,1372153150
2021-01-28,4520,4680,4385,4575,133751,-0.5434782608695652,0,1086,-5123,4037,0,0,1086,112231,20434,133751,0,0,117354,16397,133751,0,4940170,-21880280,16940110,0,0,4940170,508456650,91292655,604689475,0,0,530336930,74352545,604689475
2021-01-29,4575,4655,4375,4515,103969,-1.3114754098360655,0,0,7611,-7611,0,0,0,83503,20466,103969,0,0,75892,28077,103969,0,0,35620510,-35620510,0,0,0,376952170,91616280,468568450,0,0,341331660,127236790,468568450
2021-02-01,4370,4520,4370,4520,72778,0.11074197120708748,0,0,-8274,8274,0,0,0,57653,15125,72778,0,0,65927,6851,72778,0,0,-36960425,36960425,0,0,0,258123870,67684140,325808010,0,0,295084295,30723715,325808010
2021-02-02,4520,4645,4505,4590,65758,1.5486725663716814,0,0,5612,-5612,0,0,0,57650,8108,65758,0,0,52038,13720,65758,0,0,26043535,-26043535,0,0,0,265201840,37073150,302274990,0,0,239158305,63116685,302274990
2021-02-03,4590,4700,4540,4680,51429,1.9607843137254901,0,0,294,-294,0,0,0,42712,8717,51429,0,0,42418,9011,51429,0,0,2094735,-2094735,0,0,0,199081375,39973820,239055195,0,0,196986640,42068555,239055195
2021-02-04,4690,4815,4690,4795,70002,2.4572649572649574,0,0,-1457,1457,0,0,0,62526,7476,70002,0,0,63983,6019,70002,0,0,-6926760,6926760,0,0,0,298890750,35716865,334607615,0,0,305817510,28790105,334607615
2021-02-05,4795,4890,4795,4835,72170,0.8342022940563086,0,0,-1050,1050,0,0,0,62556,9614,72170,0,0,63606,8564,72170,0,0,-5056475,5056475,0,0,0,302070580,46516295,348586875,0,0,307127055,41459820,348586875
2021-02-08,4870,4870,4730,4825,44753,-0.2068252326783868,0,0,7891,-7891,0,0,0,43423,1330,44753,0,0,35532,9221,44753,0,0,38026080,-38026080,0,0,0,208945235,6377505,215322740,0,0,170919155,44403585,215322740
2021-02-09,4755,4825,4725,4780,60436,-0.932642487046632,0,0,18427,-18427,0,0,0,57612,2824,60436,0,0,39185,21251,60436,0,0,87946065,-87946065,0,0,0,275261820,13527760,288789580,0,0,187315755,101473825,288789580
2021-02-10,4780,4850,4670,4800,41977,0.41841004184100417,0,0,1091,-1091,0,0,0,39666,2311,41977,0,0,38575,3402,41977,0,0,5353620,-5353620,0,0,0,188499505,10910320,199409825,0,0,183145885,16263940,199409825
2021-02-15,4800,4830,4690,4795,89488,-0.10416666666666667,0,-2748,8003,-5255,0,0,0,83413,6075,89488,0,2748,75410,11330,89488,0,-13036220,38099670,-25063450,0,0,0,395721090,28824480,424545570,0,13036220,357621420,53887930,424545570
2021-02-16,4790,5000,4750,4930,137275,2.815432742440042,0,0,-12910,12910,0,0,0,114573,22702,137275,0,0,127483,9792,137275,0,0,-63370450,63370450,0,0,0,565028190,111466470,676494660,0,0,628398640,48096020,676494660
2021-02-17,5020,5170,4900,5080,213617,3.0425963488843815,0,500,-11222,10722,0,0,500,180049,33068,213617,0,0,191271,22346,213617,0,2545000,-55900180,53355180,0,0,2545000,907058175,166007680,1075610855,0,0,962958355,112652500,1075610855
2021-02-18,5080,5170,5000,5090,97424,0.19685039370078738,0,500,-2833,2333,0,0,500,86431,10493,97424,0,0,89264,8160,97424,0,2560000,-14240310,11680310,0,0,2560000,439514420,53300930,495375350,0,0,453754730,41620620,495375350
2021-02-19,5180,5180,4970,5060,68287,-0.5893909626719057,0,0,2088,-2088,0,0,0,61013,7274,68287,0,0,58925,9362,68287,0,0,10636340,-10636340,0,0,0,306884360,36658970,343543330,0,0,296248020,47295310,343543330
2021-02-22,5100,5160,5050,5080,91518,0.3952569169960474,0,-2000,-4026,6026,0,0,0,79406,12112,91518,0,2000,83432,6086,91518,0,-10270000,-20475180,30745180,0,0,0,405063660,61781190,466844850,0,10270000,425538840,31036010,466844850
2021-02-23,5070,5160,4955,5130,123416,0.984251968503937,0,-3400,3135,265,0,0,0,112744,10672,123416,0,3400,109609,10407,123416,0,-17329000,16327340,1001660,0,0,0,572240985,53759010,625999995,0,17329000,555913645,52757350,625999995
2021-02-24,5130,5370,5100,5120,335753,-0.1949317738791423,0,0,-28146,28146,0,0,0,268415,67338,335753,0,0,296561,39192,335753,0,0,-149984250,149984250,0,0,0,1410190540,354796130,1764986670,0,0,1560174790,204811880,1764986670
2021-02-25,5280,5290,5150,5220,58822,1.953125,0,0,13570,-13570,0,0,0,56860,1962,58822,0,0,43290,15532,58822,0,0,70746310,-70746310,0,0,0,295740420,10220490,305960910,0,0,224994110,80966800,305960910
2021-02-26,5070,5150,5000,5100,96871,-2.2988505747126435,0,0,-11052,11052,0,0,0,78614,18257,96871,0,0,89666,7205,96871,0,0,-56315270,56315270,0,0,0,398692710,92888760,491581470,0,0,455007980,36573490,491581470
2021-03-02,5280,5330,5140,5210,85623,2.156862745098039,0,-500,-2161,2661,0,0,0,71203,14420,85623,0,500,73364,11759,85623,0,-2620000,-11657420,14277420,0,0,0,373583940,75919780,449503720,0,2620000,385241360,61642360,449503720
2021-03-03,5280,5520,5190,5500,271157,5.566218809980806,0,-1000,-27169,28169,0,0,0,222300,48857,271157,0,1000,249469,20688,271157,0,-5240000,-145724320,150964320,0,0,0,1207655940,263040930,1470696870,0,5240000,1353380260,112076610,1470696870
2021-03-04,5500,5700,5300,5430,243385,-1.2727272727272727,0,0,24102,-24102,0,0,0,218475,24910,243385,0,0,194373,49012,243385,0,0,133770970,-133770970,0,0,0,1203651520,135599500,1339251020,0,0,1069880550,269370470,1339251020
2021-03-05,5480,5480,5220,5290,115389,-2.578268876611418,0,1500,5326,-6826,0,0,1500,106211,7678,115389,0,0,100885,14504,115389,0,7947000,28495150,-36442150,0,0,7947000,563330960,40761680,612039640,0,0,534835810,77203830,612039640
2021-03-08,5290,5380,5210,5270,103421,-0.3780718336483932,0,6270,-8122,1852,0,0,6270,88319,8832,103421,0,0,96441,6980,103421,0,33052900,-42934980,9882080,0,0,33052900,469185390,46972450,549210740,0,0,512120370,37090370,549210740
2021-03-09,5300,5370,5180,5310,88820,0.7590132827324478,0,0,-10673,10673,0,0,0,64399,24421,88820,0,0,75072,13748,88820,0,0,-56658430,56658430,0,0,0,339593370,128918150,468511520,0,0,396251800,72259720,468511520
2021-03-10,5190,5250,5000,5120,175967,-3.5781544256120528,0,-1100,4702,-3602,0,0,0,147502,28465,175967,0,1100,142800,32067,175967,0,-5656000,25239890,-19583890,0,0,0,756301900,145593270,901895170,0,5656000,731062010,165177160,901895170
2021-03-11,5070,5170,5030,5080,90057,-0.78125,-3,-909,-2320,3232,0,0,0,83132,6925,90057,3,909,85452,3693,90057,-15200,-4634990,-11737950,16388140,0,0,0,421823310,35174340,456997650,15200,4634990,433561260,18786200,456997650
2021-03-12,5060,5080,5010,5040,77636,-0.7874015748031495,0,-1500,974,526,0,0,0,73187,4449,77636,0,1500,72213,3923,77636,0,-7560000,5003670,2556330,0,0,0,368913150,22393450,391306600,0,7560000,363909480,19837120,391306600
2021-03-15,5060,5300,5060,5280,125149,4.761904761904762,0,0,-12286,12286,0,0,0,100892,24257,125149,0,0,113178,11971,125149,0,0,-62567090,62567090,0,0,0,521630710,124463630,646094340,0,0,584197800,61896540,646094340
2021-03-16,5310,5900,5310,5850,873154,10.795454545454545,2000,12000,-139259,125259,0,2000,12000,649693,209461,873154,0,0,788952,84202,873154,11005710,69040000,-789293910,709248200,0,11005710,69040000,3716926550,1191694710,4988666970,0,0,4506220460,482446510,4988666970
2021-03-17,5850,5860,5540,5700,291152,-2.564102564102564,3000,100,20927,-24027,0,3000,100,251126,36926,291152,0,0,230199,60953,291152,16884300,570000,121387020,-138841320,0,16884300,570000,1429724220,209271900,1656450420,0,0,1308337200,348113220,1656450420
2021-03-18,5700,5780,5430,5430,345126,-4.736842105263158,5000,0,7715,-12715,0,5000,0,304595,35531,345126,0,0,296880,48246,345126,28738960,0,44837100,-73576060,0,28738960,0,1702594810,199406750,1930740520,0,0,1657757710,272982810,1930740520
2021-03-19,5370,5510,5300,5460,135129,0.5524861878453038,0,0,15666,-15666,0,0,0,120232,14897,135129,0,0,104566,30563,135129,0,0,86047640,-86047640,0,0,0,653998240,80570850,734569090,0,0,567950600,166618490,734569090
2021-03-22,5340,5340,5050,5220,406974,-4.395604395604396,5000,-5000,46183,-46183,0,5000,7000,351464,43510,406974,0,12000,305281,89693,406974,26158000,-25727090,237558870,-237989780,0,26158000,35880000,1811734360,224318540,2098090900,0,61607090,1574175490,462308320,2098090900
2021-03-23,5210,5230,5080,5100,167851,-2.2988505747126435,0,1000,1376,-2376,0,0,1000,154484,12367,167851,0,0,153108,14743,167851,0,5200000,7907840,-13107840,0,0,5200000,793837080,63240420,862277500,0,0,785929240,76348260,862277500
2021-03-24,5060,5140,5030,5130,110571,0.5882352941176471,0,0,5009,-5009,0,0,0,101877,8694,110571,0,0,96868,13703,110571,0,0,25874590,-25874590,0,0,0,517811900,43978070,561789970,0,0,491937310,69852660,561789970
2021-03-25,5120,5160,5050,5100,100241,-0.5847953216374269,0,0,-2890,2890,0,0,0,83956,16285,100241,0,0,86846,13395,100241,0,0,-14440830,14440830,0,0,0,426928950,82854430,509783380,0,0,441369780,68413600,509783380
2021-03-26,5100,5180,5070,5130,61184,0.5882352941176471,0,0,9892,-9892,0,0,0,54897,6287,61184,0,0,45005,16179,61184,0,0,50802080,-50802080,0,0,0,281098500,32105780,313204280,0,0,230296420,82907860,313204280
2021-03-29,5200,5300,5160,5220,126501,1.7543859649122806,0,0,1772,-1772,0,0,0,115059,11442,126501,0,0,113287,13214,126501,0,0,9626270,-9626270,0,0,0,601257450,59485660,660743110,0,0,591631180,69111930,660743110
2021-03-30,5230,5280,5160,5190,69830,-0.5747126436781609,0,700,9862,-10562,0,0,700,69080,50,69830,0,0,59218,10612,69830,0,3658000,51799100,-55457100,0,0,3658000,361041260,261000,364960260,0,0,309242160,55718100,364960260
2021-03-31,5240,5240,5110,5150,69627,-0.7707129094412332,0,300,216,-516,0,0,300,64352,4975,69627,0,0,64136,5491,69627,0,1536000,1019720,-2555720,0,0,1536000,330356550,25616080,357508630,0,0,329336830,28171800,357508630
2021-04-01,5150,5230,5130,5200,64141,0.9708737864077669,0,0,-3610,3610,0,0,0,58253,5888,64141,0,0,61863,2278,64141,0,0,-18657380,18657380,0,0,0,301423050,30434220,331857270,0,0,320080430,11776840,331857270
2021-04-02,5200,5240,5120,5240,89447,0.7692307692307693,-2001,500,-1006,2507,0,0,500,81303,7644,89447,2001,0,82309,5137,89447,-10385200,2585000,-4897510,12697710,0,0,2585000,420378390,39415380,462378770,10385200,0,425275900,26717670,462378770
2021-04-05,5240,5260,5130,5140,60028,-1.9083969465648856,-5231,0,-540,5771,0,0,0,53261,6767,60028,5231,0,53801,996,60028,-26939400,0,-2781630,29721030,0,0,0,274855820,34894860,309750680,26939400,0,277637450,5173830,309750680
2021-04-06,5150,5230,5140,5190,68351,0.9727626459143969,-7769,0,7898,-129,0,0,0,65154,3197,68351,7769,0,57256,3326,68351,-40031100,0,40801410,-770310,0,0,0,336580180,16522440,353102620,40031100,0,295778770,17292750,353102620
2021-04-07,5170,5220,5140,5170,89689,-0.3853564547206166,0,6000,-10420,4420,0,0,6000,75915,7774,89689,0,0,86335,3354,89689,0,31020000,-53960940,22940940,0,0,31020000,392005650,40227760,463253410,0,0,445966590,17286820,463253410
2021-04-08,5140,5210,5100,5170,78556,0.0,0,0,-7913,7913,0,0,0,70101,8455,78556,0,0,78014,542,78556,0,0,-40699740,40699740,0,0,0,360289220,43487330,403776550,0,0,400988960,2787590,403776550
2021-04-09,5200,5200,5090,5160,82202,-0.19342359767891684,0,0,-5809,5809,0,0,0,71984,10218,82202,0,0,77793,4409,82202,0,0,-29571110,29571110,0,0,0,368644980,52160510,420805490,0,0,398216090,22589400,420805490
2021-04-12,5180,5180,5110,5130,62122,-0.5813953488372093,0,-1800,-2306,4106,0,0,0,56239,5883,62122,0,1800,58545,1777,62122,0,-9242000,-11786910,21028910,0,0,0,288084940,30164460,318249400,0,9242000,299871850,9135550,318249400
2021-04-13,5110,5160,5090,5130,117094,0.0,0,-13000,6183,6817,0,0,0,109074,8020,117094,0,13000,102891,1203,117094,0,-66361560,31484450,34877110,0,0,0,557391970,41041640,598433610,0,66361560,525907520,6164530,598433610
2021-04-14,5130,5280,5000,5270,213424,2.729044834307992,0,-11406,6984,4422,0,0,60,206554,6810,213424,0,11466,199570,2388,213424,0,-58104780,35793170,22311610,0,0,309000,1060649540,34652900,1095611440,0,58413780,1024856370,12341290,1095611440
2021-04-15,5300,5300,4895,4975,497182,-5.597722960151803,4000,295,19437,-23732,0,4000,2295,460737,30150,497182,0,2000,441300,53882,497182,19770000,1513410,96870490,-118153900,0,19770000,11463410,2313120975,150878590,2495232975,0,9950000,2216250485,269032490,2495232975
2021-04-16,4900,5020,4900,4980,87253,0.10050251256281408,0,-770,-5112,5882,0,0,0,75809,11444,87253,0,770,80921,5562,87253,0,-3838450,-25161750,29000200,0,0,0,376964125,56675165,433639290,0,3838450,402125875,27674965,433639290
2021-04-19,4955,5000,4945,4955,66987,-0.5020080321285141,0,-1000,17604,-16604,0,0,0,66874,113,66987,0,1000,49270,16717,66987,0,-4954605,87409765,-82455160,0,0,0,331617410,559915,332177325,0,4954605,244207645,83015075,332177325
2021-04-20,4945,4945,4850,4870,145446,-1.7154389505549947,6000,0,15841,-21841,0,6000,0,138035,1411,145446,0,0,122194,23252,145446,29220000,0,77476995,-106696995,0,29220000,0,675014710,6938685,711173395,0,0,597537715,113635680,711173395
2021-04-21,4870,4880,4665,4745,205685,-2.5667351129363447,5000,0,-6665,1665,0,5000,0,175853,24832,205685,0,0,182518,23167,205685,23632140,0,-31262430,7630290,0,23632140,0,835299460,117902750,976834350,0,0,866561890,110272460,976834350
2021-04-22,4745,5100,4650,4795,123743,1.053740779768177,0,1285,19235,-20520,0,0,1285,112780,9678,123743,0,0,93545,30198,123743,0,6189575,93410755,-99600330,0,0,6189575,544463015,46377745,597030335,0,0,451052260,145978075,597030335
2021-04-23,4850,4850,4745,4800,56564,0.10427528675703858,0,0,3749,-3749,0,0,0,50230,6334,56564,0,0,46481,10083,56564,0,0,18148355,-18148355,0,0,0,240173720,30210215,270383935,0,0,222025365,48358570,270383935
2021-04-26,4835,5050,4775,5010,182443,4.375,0,0,10713,-10713,0,0,0,158845,23598,182443,0,0,148132,34311,182443,0,0,52335440,-52335440,0,0,0,789332060,115505210,904837270,0,0,736996620,167840650,904837270
2021-04-27,5010,5010,4880,4930,63970,-1.5968063872255487,0,0,10651,-10651,0,0,0,61617,2353,63970,0,0,50966,13004,63970,0,0,52867675,-52867675,0,0,0,304456930,11597370,316054300,0,0,251589255,64465045,316054300
2021-04-28,4920,4920,4815,4880,65451,-1.0141987829614605,0,0,5234,-5234,0,0,0,62123,3328,65451,0,0,56889,8562,65451,0,0,25531600,-25531600,0,0,0,302101945,16114975,318216920,0,0,276570345,41646575,318216920
2021-04-29,4880,4925,4810,4880,46138,0.0,0,0,-330,330,0,0,0,42847,3291,46138,0,0,43177,2961,46138,0,0,-1574050,1574050,0,0,0,208506750,15982020,224488770,0,0,210080800,14407970,224488770
2021-04-30,4930,5100,4800,5000,114920,2.459016393442623,0,-65,2859,-2794,0,0,0,106332,8588,114920,0,65,103473,11382,114920,0,-326500,13926385,-13599885,0,0,0,527623305,42598980,570222285,0,326500,513696920,56198865,570222285
2021-05-03,5050,5050,4935,4960,49333,-0.8,0,0,12510,-12510,0,0,0,46480,2853,49333,0,0,33970,15363,49333,0,0,62403665,-62403665,0,0,0,231730645,14218705,245949350,0,0,169326980,76622370,245949350
2021-05-04,4975,4980,4830,4925,60621,-0.7056451612903225,0,0,3089,-3089,0,0,0,53438,7183,60621,0,0,50349,10272,60621,0,0,15531390,-15531390,0,0,0,261745420,35159410,296904830,0,0,246214030,50690800,296904830
2021-05-06,4890,4925,4840,4900,65736,-0.5076142131979695,0,0,-9098,9098,0,0,0,50814,14922,65736,0,0,59912,5824,65736,0,0,-44262580,44262580,0,0,0,247643605,72681710,320325315,0,0,291906185,28419130,320325315
2021-05-07,4905,4960,4860,4920,62089,0.40816326530612246,0,0,-12951,12951,0,0,0,46145,15944,62089,0,0,59096,2993,62089,0,0,-63564755,63564755,0,0,0,226755510,78273700,305029210,0,0,290320265,14708945,305029210
2021-05-10,4940,5110,4930,5080,170884,3.2520325203252036,3700,0,-32874,29174,0,3700,0,135597,31587,170884,0,0,168471,2413,170884,18870000,0,-166445035,147575035,0,18870000,0,686300325,159647560,864817885,0,0,852745360,12072525,864817885
2021-05-11,5080,5110,4980,5110,104516,0.5905511811023622,0,0,887,-887,0,0,0,93490,11026,104516,0,0,92603,11913,104516,0,0,4487595,-4487595,0,0,0,470708230,55549270,526257500,0,0,466220635,60036865,526257500
2021-05-12,5090,5100,4970,5020,94182,-1.761252446183953,0,350,6233,-6583,0,0,500,81188,12494,94182,0,150,74955,19077,94182,0,1728500,31387140,-33115640,0,0,2487500,409072010,62995040,474554550,0,759000,377684870,96110680,474554550
2021-05-13,4995,5100,4900,5030,87011,0.199203187250996,-3700,11000,-7354,54,0,0,11000,63185,12826,87011,3700,0,70539,12772,87011,-18477535,55209100,-36709060,-22505,0,0,55209100,317028570,64126390,436364060,18477535,0,353737630,64148895,436364060
2021-05-14,5080,5080,4985,5000,63802,-0.5964214711729622,0,865,6817,-7682,0,0,2000,57563,4239,63802,0,1135,50746,11921,63802,0,4343165,34137635,-38480800,0,0,10007500,288149405,21233455,319390360,0,5664335,254011770,59714255,319390360
2021-05-17,5020,5040,4925,4980,115686,-0.4,2010,0,-11890,9880,0,2010,0,90177,23499,115686,0,0,102067,13619,115686,9999500,0,-59213410,49213910,0,9999500,0,449215610,117136395,576351505,0,0,508429020,67922485,576351505
2021-05-18,4980,5000,4950,4985,50728,0.1004016064257028,1404,500,5720,-7624,0,1404,500,48479,345,50728,0,0,42759,7969,50728,6986920,2490000,28422735,-37899655,0,6986920,2490000,240961750,1725000,252163670,0,0,212539015,39624655,252163670
2021-05-20,4985,5030,4940,4985,55655,0.0,9,0,2053,-2062,0,9,0,49337,6309,55655,0,0,47284,8371,55655,44460,0,10072930,-10117390,0,44460,0,244954330,31405690,276404480,0,0,234881400,41523080,276404480
2021-05-21,4985,5020,4900,4930,81925,-1.103309929789368,2016,0,8573,-10589,0,2016,0,74830,5079,81925,0,0,66257,15668,81925,9999110,0,42803615,-52802725,0,9999110,0,370883445,25206970,406089525,0,0,328079830,78009695,406089525
2021-05-24,4930,5170,4930,5040,190786,2.231237322515213,191,-3988,-35094,38891,0,191,2200,139028,49367,190786,0,6188,174122,10476,190786,983650,-19899280,-177558395,196474025,0,983650,11242000,702022870,249486195,963734715,0,31141280,879581265,53012170,963734715
2021-05-25,5070,5090,4995,5080,88887,0.7936507936507936,0,1500,691,-2191,0,0,1500,79116,8271,88887,0,0,78425,10462,88887,0,7545000,3280260,-10825260,0,0,7545000,398839100,41709040,448093140,0,0,395558840,52534300,448093140
2021-05-26,5080,5240,5080,5190,207390,2.1653543307086616,400,-250,-37454,37304,0,400,0,162290,44700,207390,0,250,199744,7396,207390,2068000,-1292500,-194171450,193395950,0,2068000,0,841305980,231644630,1075018610,0,1292500,1035477430,38248680,1075018610
2021-05-27,5240,5350,5190,5270,156156,1.5414258188824663,0,405,5047,-5452,0,0,655,140913,14588,156156,0,250,135866,20040,156156,0,2125300,26461750,-28587050,0,0,3445300,743607000,76749450,823801750,0,1320000,717145250,105336500,823801750
2021-05-28,5300,5350,4915,5060,324292,-3.984819734345351,2,0,-6982,6980,0,2,0,293966,30324,324292,0,0,300948,23344,324292,10020,0,-34623515,34613495,0,10020,0,1503557070,154843145,1658410235,0,0,1538180585,120229650,1658410235
2021-05-31,5070,5550,5000,5500,613500,8.695652173913043,1198,0,-63333,62135,0,1198,0,513827,98475,613500,0,0,577160,36340,613500,6235320,0,-340395690,334160370,0,6235320,0,2772340260,528669440,3307245020,0,0,3112735950,194509070,3307245020
2021-06-01,5620,5870,5500,5840,952878,6.181818181818182,300,53040,-119752,66412,0,300,53040,716073,183465,952878,0,0,835825,117053,952878,1718000,302197900,-684412530,380496630,0,1718000,302197900,4086045090,1045400980,5435361970,0,0,4770457620,664904350,5435361970
2021-06-02,5900,5900,5730,5820,300067,-0.3424657534246575,0,-21563,24314,-2751,0,0,0,266386,33681,300067,0,21563,242072,36432,300067,0,-124481220,141363310,-16882090,0,0,0,1549326500,195355000,1744681500,0,124481220,1407963190,212237090,1744681500
2021-06-03,5800,6430,5800,6150,1126743,5.670103092783505,-2500,16006,-128466,114960,0,0,16331,897526,212886,1126743,2500,325,1025992,97926,1126743,-15150000,98351960,-782636310,699434350,0,0,100332210,5511656710,1300712410,6912701330,15150000,1980250,6294293020,601278060,6912701330
2021-06-04,6140,6150,5700,5920,588220,-3.7398373983739837,0,4642,86565,-91207,0,0,6000,533361,48859,588220,0,1358,446796,140066,588220,0,26689780,516671860,-543361640,0,0,34960000,3165041550,290641440,3490642990,0,8270220,2648369690,834003080,3490642990
2021-06-07,5900,5950,5670,5950,295529,0.5067567567567568,0,500,9445,-9945,0,0,500,260906,34123,295529,0,0,251461,44068,295529,0,2900000,57983230,-60883230,0,0,2900000,1513193940,196782140,1712876080,0,0,1455210710,257665370,1712876080
2021-06-08,5920,5930,5670,5790,281210,-2.689075630252101,0,300,-4410,4110,0,0,3000,252629,25581,281210,0,2700,257039,21471,281210,0,1593000,-26277070,24684070,0,0,17310000,1459657630,148663080,1625630710,0,15717000,1485934700,123979010,1625630710
2021-06-09,5800,6490,5800,6300,1412667,8.808290155440414,106294,-12155,-201675,107536,0,106794,180,1074684,231009,1412667,500,12335,1276359,123473,1412667,664981680,-75962740,-1255843020,666824080,0,668161680,1134600,6722961590,1433292940,8825550810,3180000,77097340,7978804610,766468860,8825550810
2021-06-10,6310,6870,6310,6610,1185670,4.920634920634921,112545,9832,-1735,-120642,0,112545,9832,947005,116288,1185670,0,0,948740,236930,1185670,743754720,65749400,1688540,-811192660,0,743754720,65749400,6296914580,771027480,7877446180,0,0,6295226040,1582220140,7877446180
2021-06-11,6650,6760,6390,6620,294513,0.15128593040847202,4000,0,-10795,6795,0,4000,295,251558,38660,294513,0,295,262353,31865,294513,26109600,-61950,-68144590,42096940,0,26109600,1890950,1652083540,252293040,1932377130,0,1952900,1720228130,210196100,1932377130
2021-06-14,6590,6830,6460,6550,320437,-1.0574018126888218,-31643,100,100710,-69167,0,849,100,303333,16155,320437,32492,0,202623,85322,320437,-205829730,652000,661177800,-456000070,0,5568560,652000,2000894370,106972450,2114087380,211398290,0,1339716570,562972520,2114087380
2021-06-15,6570,6570,6300,6490,205401,-0.9160305343511451,2000,100,-19836,17736,0,2000,100,172096,31205,205401,0,0,191932,13469,205401,12740000,645000,-125203900,111818900,0,12740000,645000,1103918980,199226320,1316530300,0,0,1229122880,87407420,1316530300
2021-06-16,6390,6530,6080,6190,503604,-4.622496147919876,18151,1500,-52166,32515,0,19000,1500,413846,69258,503604,849,0,466012,36743,503604,115521240,9650000,-326514400,201343160,0,120957110,9650000,2584676600,432144760,3147428470,5435870,0,2911191000,230801600,3147428470
2021-06-17,6220,6460,6030,6320,274345,2.10016155088853,-317,-1550,2922,-1055,0,0,0,247955,26390,274345,317,1550,245033,27445,274345,-1979320,-9571250,19213930,-7663360,0,0,0,1549268730,163547230,1712815960,1979320,9571250,1530054800,171210590,1712815960
2021-06-18,6320,6320,6050,6080,264256,-3.79746835443038,0,100,27277,-27377,0,0,100,250191,13965,264256,0,0,222914,41342,264256,0,609000,167688210,-168297210,0,0,609000,1531110940,85470050,1617189990,0,0,1363422730,253767260,1617189990
2021-06-21,5870,5980,5570,5760,542423,-5.263157894736842,-8894,-12412,18972,2334,0,0,100,495704,46619,542423,8894,12512,476732,44285,542423,-50631670,-72064710,111673580,11022800,0,0,577000,2831234070,265005060,3096816130,50631670,72641710,2719560490,253982260,3096816130
2021-06-22,5790,5850,5690,5750,118934,-0.1736111111111111,0,0,23373,-23373,0,0,0,117593,1341,118934,0,0,94220,24714,118934,0,0,135164360,-135164360,0,0,0,677861290,7696990,685558280,0,0,542696930,142861350,685558280
2021-06-23,5750,5750,5500,5700,250577,-0.8695652173913043,4955,0,-22719,17764,0,7371,0,198338,44868,250577,2416,0,221057,27104,250577,27071350,0,-126265670,99194320,0,40753230,0,1114779880,252542980,1408076090,13681880,0,1241045550,153348660,1408076090
2021-06-24,5700,5820,5600,5680,133411,-0.3508771929824561,-10747,0,9996,751,0,8629,0,107040,17742,133411,19376,0,97044,16991,133411,-61638430,0,57240390,4398040,0,49005200,0,612089740,101172340,762267280,110643630,0,554849350,96774300,762267280
2021-06-25,5790,5820,5600,5650,131602,-0.528169014084507,862,0,-9881,9019,0,3000,0,110996,17606,131602,2138,0,120877,8587,131602,5025120,0,-56380910,51355790,0,17250000,0,634665690,100394810,752310500,12224880,0,691046600,49039020,752310500
2021-06-28,5650,5650,5490,5610,178219,-0.7079646017699115,-1157,0,-20706,21863,0,2000,0,145828,30391,178219,3157,0,166534,8528,178219,-6182300,0,-114908870,121091170,0,11260000,0,808403730,168600250,988263980,17442300,0,923312600,47509080,988263980
2021-06-29,5590,5690,5480,5550,108234,-1.06951871657754,-7210,40,6451,719,0,0,40,93622,14572,108234,7210,0,87171,13853,108234,-40392170,221600,37202560,2968010,0,0,221600,520879320,80495850,601596770,40392170,0,483676760,77527840,601596770
2021-06-30,5560,5680,5480,5580,67342,0.5405405405405406,-1452,0,8506,-7054,0,0,0,65878,1464,67342,1452,0,57372,8518,67342,-8066460,0,47742140,-39675680,0,0,0,367602510,8141730,375744240,8066460,0,319860370,47817410,375744240
2021-07-01,5620,5620,5400,5450,126277,-2.3297491039426523,-9643,0,11269,-1626,0,0,0,119185,7092,126277,9643,0,107916,8718,126277,-52620860,0,62303020,-9682160,0,0,0,655838700,38957700,694796400,52620860,0,593535680,48639860,694796400
2021-07-02,5450,5510,5220,5290,225211,-2.9357798165137616,-36137,0,18288,17849,0,0,0,197887,27324,225211,36137,0,179599,9475,225211,-191219160,0,96941220,94277940,0,0,0,1056133870,145430920,1201564790,191219160,0,959192650,51152980,1201564790
2021-07-05,5290,5500,5290,5470,203505,3.402646502835539,-23614,0,16669,6945,0,0,0,173797,29708,203505,23614,0,157128,22763,203505,-128884380,0,94336940,34547440,0,0,0,946319860,158710130,1105029990,128884380,0,851982920,124162690,1105029990
2021-07-06,5470,5600,5390,5580,139193,2.010968921389397,0,0,4427,-4427,0,0,0,132444,6749,139193,0,0,128017,11176,139193,0,0,24867310,-24867310,0,0,0,732942050,37129290,770071340,0,0,708074740,61996600,770071340
2021-07-07,5560,5560,5300,5390,139018,-3.405017921146954,0,0,22527,-22527,0,0,0,135585,3433,139018,0,0,113058,25960,139018,0,0,122806860,-122806860,0,0,0,734519070,18623370,753142440,0,0,611712210,141430230,753142440
2021-07-08,5310,5370,5180,5200,192353,-3.525046382189239,20,0,987,-1007,0,20,0,179380,12953,192353,0,0,178393,13960,192353,106400,0,5183920,-5290320,0,106400,0,944605380,68493710,1013205490,0,0,939421460,73784030,1013205490
2021-07-09,5100,5160,4920,5160,296402,-0.7692307692307693,12,0,-9634,9622,0,12,0,243682,52708,296402,0,0,253316,43086,296402,59850,0,-46423355,46363505,0,59850,0,1226542905,264606995,1491209750,0,0,1272966260,218243490,1491209750
2021-07-12,5170,5280,5100,5230,93800,1.3565891472868217,1,25,-3342,3316,0,1,25,83832,9942,93800,0,0,87174,6626,93800,5140,130750,-17128140,16992250,0,5140,130750,434386100,51405880,485927870,0,0,451514240,34413630,485927870
2021-07-13,5300,5300,5170,5220,66622,-0.19120458891013384,0,0,1379,-1379,0,0,0,62141,4481,66622,0,0,60762,5860,66622,0,0,7269490,-7269490,0,0,0,325411820,23466970,348878790,0,0,318142330,30736460,348878790
2021-07-14,5180,5340,5130,5320,75500,1.9157088122605364,2,0,3458,-3460,0,2,0,69772,5726,75500,0,0,66314,9186,75500,10390,0,18188220,-18198610,0,10390,0,365488860,29814790,395314040,0,0,347300640,48013400,395314040
2021-07-15,5320,5360,5300,5330,41169,0.18796992481203006,1,0,13353,-13354,0,1,0,38713,2455,41169,0,0,25360,15809,41169,5310,0,71094860,-71100170,0,5310,0,206189340,13072890,219267540,0,0,135094480,84173060,219267540
2021-07-16,5330,5350,5210,5270,53746,-1.125703564727955,0,0,-2076,2076,0,0,0,41649,12097,53746,0,0,43725,10021,53746,0,0,-10598650,10598650,0,0,0,219428820,63437520,282866340,0,0,230027470,52838870,282866340
2021-07-19,5340,5390,5240,5300,80554,0.5692599620493358,0,0,5934,-5934,0,0,0,77787,2767,80554,0,0,71853,8701,80554,0,0,31652590,-31652590,0,0,0,413447570,14694690,428142260,0,0,381794980,46347280,428142260
2021-07-20,5220,5220,5090,5150,109035,-2.8301886792452833,8,0,-2401,2393,0,8,0,98764,10263,109035,0,0,101165,7870,109035,41080,0,-12285310,12244230,0,41080,0,507374790,52861230,560277100,0,0,519660100,40617000,560277100
2021-07-21,5170,5170,4985,5000,148286,-2.912621359223301,15,-7000,16333,-9348,0,15,0,134284,13987,148286,0,7000,117951,23335,148286,75905,-35192000,82374075,-47257980,0,75905,0,674926680,70323740,745326325,0,35192000,592552605,117581720,745326325
2021-07-22,5080,5100,5000,5090,76280,1.7999999999999998,-20000,10,11086,8904,0,0,10,64025,12245,76280,20000,0,52939,3341,76280,-101252210,50900,56140440,45060870,0,0,50900,323707750,61971180,385729830,101252210,0,267567310,16910310,385729830
2021-07-23,5090,5180,4950,5020,80436,-1.37524557956778,11,-1577,11407,-9841,0,11,0,76901,3524,80436,0,1577,65494,13365,80436,55250,-8054720,57921085,-49921615,0,55250,0,387787115,17784345,405626710,0,8054720,329866030,67705960,405626710
2021-07-26,5050,5050,4880,4920,154534,-1.9920318725099602,11,-15146,55226,-40091,0,11,0,150625,3898,154534,0,15146,95399,43989,154534,54285,-74552940,272630815,-198132160,0,54285,0,743349650,19228010,762631945,0,74552940,470718835,217360170,762631945
2021-07-27,4930,4970,4905,4940,102320,0.40650406504065045,-10004,-141,11356,-1211,0,0,0,84929,17391,102320,10004,141,73573,18602,102320,-49334740,-698655,55994900,-5961505,0,0,0,418400145,85833905,504234050,49334740,698655,362405245,91795410,504234050
2021-07-28,4905,4940,4780,4840,134581,-2.0242914979757085,9,-3116,29890,-26783,0,9,20,126330,8222,134581,0,3136,96440,35005,134581,43245,-14963670,144686640,-129766215,0,43245,96300,611471370,39652395,651263310,0,15059970,466784730,169418610,651263310
2021-07-29,4860,4920,4830,4910,54410,1.4462809917355373,0,0,-4919,4919,0,0,0,41856,12554,54410,0,0,46775,7635,54410,0,0,-23815590,23815590,0,0,0,204219455,61075245,265294700,0,0,228035045,37259655,265294700
2021-07-30,4910,4910,4785,4850,62925,-1.2219959266802443,14,41,18516,-18571,0,14,41,57228,5642,62925,0,0,38712,24213,62925,67630,198745,89329310,-89595685,0,67630,198745,275627175,27193185,303086735,0,0,186297865,116788870,303086735
2021-08-02,4850,4850,4720,4770,79576,-1.6494845360824744,5,10,5891,-5906,0,5,10,71730,7831,79576,0,0,65839,13737,79576,23650,47200,28076655,-28147505,0,23650,47200,340477325,37126970,377675145,0,0,312400670,65274475,377675145
2021-08-03,4800,4800,4670,4695,92454,-1.5723270440251573,10,0,6977,-6987,0,10,0,85074,7370,92454,0,0,78097,14357,92454,47175,0,33027985,-33075160,0,47175,0,399696285,34590050,434333510,0,0,366668300,67665210,434333510
2021-08-04,4690,4885,4670,4850,73585,3.301384451544196,0,0,-4562,4562,0,0,0,61972,11613,73585,0,0,66534,7051,73585,0,0,-21677170,21677170,0,0,0,298569415,55761925,354331340,0,0,320246585,34084755,354331340
2021-08-05,4850,4945,4800,4920,54183,1.443298969072165,0,0,-7665,7665,0,0,0,43451,10732,54183,0,0,51116,3067,54183,0,0,-36914520,36914520,0,0,0,212652115,51956855,264608970,0,0,249566635,15042335,264608970
2021-08-06,4945,4945,4865,4910,26089,-0.20325203252032523,-161,0,2713,-2552,0,7,0,23692,2390,26089,168,0,20979,4942,26089,-789775,0,13338900,-12549125,0,34230,0,116209065,11700585,127943880,824005,0,102870165,24249710,127943880
2021-08-09,4970,5020,4890,4970,58479,1.2219959266802443,0,0,2673,-2673,0,0,0,56776,1703,58479,0,0,54103,4376,58479,0,0,13173425,-13173425,0,0,0,280865860,8428275,289294135,0,0,267692435,21601700,289294135
2021-08-10,5000,5000,4805,4885,35986,-1.710261569416499,1,0,-1930,1929,0,1,0,33130,2855,35986,0,0,35060,926,35986,4910,0,-9453960,9449050,0,4910,0,161947050,14015175,175967135,0,0,171401010,4566125,175967135
2021-08-11,4950,4950,4820,4835,27941,-1.023541453428864,12,0,3083,-3095,0,12,0,27131,798,27941,0,0,24048,3893,27941,58170,0,14952455,-15010625,0,58170,0,132079255,3911765,136049190,0,0,117126800,18922390,136049190
2021-08-12,4835,4925,4760,4845,29340,0.2068252326783868,0,-30,-1528,1558,0,0,0,25294,4046,29340,0,30,26822,2488,29340,0,-146700,-7279785,7426485,0,0,0,122773025,19578535,142351560,0,146700,130052810,12152050,142351560
2021-08-13,4845,4850,4640,4740,78438,-2.1671826625387,27,0,-3279,3252,0,27,0,69733,8678,78438,0,0,73012,5426,78438,127610,0,-14955495,14827885,0,127610,0,328645195,40604125,369376930,0,0,343600690,25776240,369376930
2021-08-17,4735,4735,4490,4570,93849,-3.5864978902953584,9,0,6470,-6479,0,9,0,87156,6684,93849,0,0,80686,13163,93849,41965,0,29607790,-29649755,0,41965,0,397668050,30457900,428167915,0,0,368060260,60107655,428167915
2021-08-18,4550,4600,4420,4550,60025,-0.437636761487965,8,10,-10965,10947,0,8,10,43073,16934,60025,0,0,54038,5987,60025,36255,45275,-49533575,49452045,0,36255,45275,194970815,76682370,271734715,0,0,244504390,27230325,271734715
2021-08-19,4550,4590,4340,4380,73407,-3.7362637362637363,-4514,10,10196,-5692,0,16,10,68627,4754,73407,4530,0,58431,10446,73407,-20170990,45350,45227755,-25102115,0,71380,45350,302622550,21180845,323920125,20242370,0,257394795,46282960,323920125
2021-08-20,4435,4435,4145,4200,113472,-4.10958904109589,0,-75,-4115,4190,0,0,0,90818,22654,113472,0,75,94933,18464,113472,0,-312750,-17637885,17950635,0,0,0,382906930,95579050,478485980,0,312750,400544815,77628415,478485980
2021-08-23,4205,4325,4180,4270,41584,1.6666666666666667,0,15,-7107,7092,0,0,15,29924,11645,41584,0,0,37031,4553,41584,0,64210,-30021850,29957640,0,0,64210,127641630,49339970,177045810,0,0,157663480,19382330,177045810
2021-08-24,4255,4565,4255,4510,71731,5.620608899297424,0,100,-20170,20070,0,0,100,49299,22332,71731,0,0,69469,2262,71731,0,449500,-89339920,88890420,0,0,449500,220597460,99111280,320158240,0,0,309937380,10220860,320158240
2021-08-25,4510,4595,4400,4490,37523,-0.4434589800443459,0,0,5106,-5106,0,0,0,36076,1447,37523,0,0,30970,6553,37523,0,0,22859140,-22859140,0,0,0,160394635,6449840,166844475,0,0,137535495,29308980,166844475
2021-08-26,4590,4590,4410,4495,23881,0.11135857461024498,0,0,6406,-6406,0,0,0,20086,3795,23881,0,0,13680,10201,23881,0,0,28730355,-28730355,0,0,0,90130900,17040515,107171415,0,0,61400545,45770870,107171415
2021-08-27,4495,4595,4430,4595,20682,2.2246941045606228,0,0,1903,-1903,0,0,0,18858,1824,20682,0,0,16955,3727,20682,0,0,8755465,-8755465,0,0,0,85674950,8209025,93883975,0,0,76919485,16964490,93883975
2021-08-30,4595,4680,4595,4670,25738,1.632208922742111,0,0,1511,-1511,0,0,0,23504,2234,25738,0,0,21993,3745,25738,0,0,7071885,-7071885,0,0,0,109049730,10322050,119371780,0,0,101977845,17393935,119371780
2021-08-31,4670,4670,4615,4665,22671,-0.10706638115631692,0,0,3367,-3367,0,0,0,21128,1543,22671,0,0,17761,4910,22671,0,0,15604890,-15604890,0,0,0,98088020,7184875,105272895,0,0,82483130,22789765,105272895
2021-09-01,4715,4715,4560,4610,31076,-1.1789924973204717,0,0,1755,-1755,0,0,0,28455,2621,31076,0,0,26700,4376,31076,0,0,8283720,-8283720,0,0,0,131792460,12049735,143842195,0,0,123508740,20333455,143842195
2021-09-02,4610,4665,4560,4580,29471,-0.6507592190889371,0,0,7425,-7425,0,0,0,27691,1780,29471,0,0,20266,9205,29471,0,0,34090845,-34090845,0,0,0,126813575,8125670,134939245,0,0,92722730,42216515,134939245
2021-09-03,4585,4670,4545,4660,30323,1.7467248908296942,0,0,-103,103,0,0,0,26448,3875,30323,0,0,26551,3772,30323,0,0,-369555,369555,0,0,0,122521900,17818895,140340795,0,0,122891455,17449340,140340795
2021-09-06,4605,4685,4600,4650,45045,-0.2145922746781116,-5000,0,12295,-7295,0,0,0,42339,2706,45045,5000,0,30044,10001,45045,-23028815,0,56859130,-33830315,0,0,0,196192485,12500380,208692865,23028815,0,139333355,46330695,208692865
2021-09-07,4640,4750,4640,4740,33390,1.935483870967742,-12,0,1287,-1275,0,0,0,24670,8720,33390,12,0,23383,9995,33390,-56080,0,6299160,-6243080,0,0,0,116060890,40873050,156933940,56080,0,109761730,47116130,156933940
2021-09-08,4690,4780,4635,4675,34403,-1.3713080168776373,-5000,0,10181,-5181,0,0,0,33871,532,34403,5000,0,23690,5713,34403,-23251800,0,47542880,-24291080,0,0,0,158780920,2496020,161276940,23251800,0,111238040,26787100,161276940
2021-09-09,4670,4670,4415,4625,35330,-1.06951871657754,0,0,7341,-7341,0,0,0,33952,1378,35330,0,0,26611,8719,35330,0,0,33829350,-33829350,0,0,0,155797320,6333265,162130585,0,0,121967970,40162615,162130585
2021-09-10,4625,5140,4625,4985,443198,7.783783783783783,112515,0,-124322,11807,0,112714,0,284056,46428,443198,199,0,408378,34621,443198,555420910,0,-611345350,55924440,0,556418890,0,1417661760,228861510,2202942160,997980,0,2029007110,172937070,2202942160
2021-09-13,4985,4985,4855,4870,88566,-2.3069207622868606,0,0,19007,-19007,0,0,0,81117,7449,88566,0,0,62110,26456,88566,0,0,92964010,-92964010,0,0,0,397048065,36510535,433558600,0,0,304084055,129474545,433558600
2021-09-14,4845,5160,4820,5050,172843,3.696098562628337,0,0,-11019,11019,0,0,0,154872,17971,172843,0,0,165891,6952,172843,0,0,-55377925,55377925,0,0,0,783461490,90585420,874046910,0,0,838839415,35207495,874046910
2021-09-15,5050,5170,4985,5050,56950,0.0,0,0,371,-371,0,0,0,48850,8100,56950,0,0,48479,8471,56950,0,0,2049290,-2049290,0,0,0,247570525,40755930,288326455,0,0,245521235,42805220,288326455
2021-09-16,5050,5070,4975,5000,38864,-0.9900990099009901,1000,0,6767,-7767,0,1000,0,36407,1457,38864,0,0,29640,9224,38864,5002000,0,33934170,-38936170,0,5002000,0,182342130,7282620,194626750,0,0,148407960,46218790,194626750
2021-09-17,4905,5080,4905,5070,54389,1.4000000000000001,0,0,1496,-1496,0,0,0,47597,6792,54389,0,0,46101,8288,54389,0,0,7673685,-7673685,0,0,0,237991290,33627115,271618405,0,0,230317605,41300800,271618405
2021-09-23,4930,5270,4930,5150,147140,1.5779092702169626,8027,-4940,-2718,-369,0,8027,0,121461,17652,147140,0,4940,124179,18021,147140,41431250,-24897600,-14354720,-2178930,0,41431250,0,624895820,90037770,756364840,0,24897600,639250540,92216700,756364840
2021-09-24,5150,5180,5000,5070,60154,-1.5533980582524272,0,-20,10332,-10312,0,0,0,55791,4363,60154,0,20,45459,14675,60154,0,-101200,52230920,-52129720,0,0,0,282527410,22226640,304754050,0,101200,230296490,74356360,304754050
2021-09-27,5070,5070,4935,4995,43507,-1.4792899408284024,0,0,1962,-1962,0,0,0,38928,4579,43507,0,0,36966,6541,43507,0,0,9990925,-9990925,0,0,0,195160420,22854930,218015350,0,0,185169495,32845855,218015350
2021-09-28,5000,5170,4950,5090,90765,1.9019019019019021,200,0,-12369,12169,0,200,0,65966,24599,90765,0,0,78335,12430,90765,995000,0,-62010865,61015865,0,995000,0,334328180,123752555,459075735,0,0,396339045,62736690,459075735
2021-09-29,4900,5180,4900,5120,80143,0.5893909626719057,-11496,0,19408,-7912,0,500,0,67587,12056,80143,11996,0,48179,19968,80143,-57614410,0,97715625,-40101215,0,2505000,0,339855605,60243170,402603775,60119410,0,242139980,100344385,402603775
2021-09-30,5120,5120,5000,5100,47415,-0.390625,7648,0,5101,-12749,0,7648,0,35688,4079,47415,0,0,30587,16828,47415,38733090,0,25706120,-64439210,0,38733090,0,179839330,20544340,239116760,0,0,154133210,84983550,239116760
2021-10-01,5060,5080,4955,4985,66163,-2.2549019607843137,7370,0,-4668,-2702,0,7370,0,52251,6542,66163,0,0,56919,9244,66163,36868690,0,-23414110,-13454580,0,36868690,0,260969185,32766300,330604175,0,0,284383295,46220880,330604175
2021-10-05,5020,5420,5000,5400,537685,8.324974924774322,4694,0,-31066,26372,0,9094,0,435291,93300,537685,4400,0,466357,66928,537685,24281850,0,-161427030,137145180,0,47306720,0,2294269130,484486910,2826062760,23024870,0,2455696160,347341730,2826062760
2021-10-06,5390,5470,5180,5400,328970,0.0,1503,4481,22830,-28814,0,1503,4481,275549,47437,328970,0,0,252719,76251,328970,7959270,23747220,121300290,-153006780,0,7959270,23747220,1460668550,251444690,1743819730,0,0,1339368260,404451470,1743819730
2021-10-07,5410,5500,5260,5400,145216,0.0,5445,0,2309,-7754,0,5445,0,123968,15803,145216,0,0,121659,23557,145216,29161420,0,12518660,-41680080,0,29161420,0,663684050,84365840,777211310,0,0,651165390,126045920,777211310
2021-10-08,5480,5480,5250,5290,118065,-2.037037037037037,0,0,12686,-12686,0,0,0,105240,12825,118065,0,0,92554,25511,118065,0,0,66881260,-66881260,0,0,0,558065770,68202150,626267920,0,0,491184510,135083410,626267920
2021-10-12,5280,5290,5030,5130,162392,-3.0245746691871456,-20000,0,29663,-9663,0,0,0,144799,17593,162392,20000,0,115136,27256,162392,-102401800,0,151970790,-49568990,0,0,0,743380560,90997590,834378150,102401800,0,591409770,140566580,834378150
2021-10-13,5130,5490,5080,5240,149212,2.144249512670565,0,0,-875,875,0,0,0,123882,25330,149212,0,0,124757,24455,149212,0,0,-2890020,2890020,0,0,0,656470490,132410950,788881440,0,0,659360510,129520930,788881440
2021-10-14,5350,5420,5240,5360,129636,2.2900763358778624,0,506,7183,-7689,0,0,506,117893,11237,129636,0,0,110710,18926,129636,0,2666800,38365430,-41032230,0,0,2666800,627959780,59800110,690426690,0,0,589594350,100832340,690426690
2021-10-15,5400,5400,5240,5290,80835,-1.3059701492537312,0,206,2604,-2810,0,0,206,69892,10737,80835,0,0,67288,13547,80835,0,1081680,13888730,-14970410,0,0,1081680,368795990,56566920,426444590,0,0,354907260,71537330,426444590
2021-10-18,5340,5410,5020,5160,150660,-2.4574669187145557,0,400,-18411,18011,0,0,400,120999,29261,150660,0,0,139410,11250,150660,0,2087000,-97419860,95332860,0,0,2087000,634030150,154852560,790969710,0,0,731450010,59519700,790969710
2021-10-19,5160,5250,5130,5150,44042,-0.1937984496124031,0,6,9516,-9522,0,0,6,43993,43,44042,0,0,34477,9565,44042,0,30900,49334180,-49365080,0,0,30900,227364230,222280,227617410,0,0,178030050,49587360,227617410
2021-10-20,5200,5250,5120,5190,77866,0.7766990291262136,0,0,825,-825,0,0,0,64486,13380,77866,0,0,63661,14205,77866,0,0,4606030,-4606030,0,0,0,334099380,69239540,403338920,0,0,329493350,73845570,403338920
2021-10-21,5190,5250,5050,5130,66214,-1.1560693641618496,0,100,14595,-14695,0,0,100,62368,3746,66214,0,0,47773,18441,66214,0,511000,75008150,-75519150,0,0,511000,319820020,19274890,339605910,0,0,244811870,94794040,339605910
2021-10-22,5130,5130,4910,5060,62282,-1.364522417153996,0,49,-8378,8329,0,0,50,50131,12101,62282,0,1,58509,3772,62282,0,244950,-41020120,40775170,0,0,250000,251784330,59842150,311876480,0,5050,292804450,19066980,311876480
2021-10-25,4960,5240,4960,5190,73902,2.5691699604743086,0,6,-9218,9212,0,0,6,60870,13026,73902,0,0,70088,3814,73902,0,31140,-46821150,46790010,0,0,31140,314204790,66458740,380694670,0,0,361025940,19668730,380694670
2021-10-26,5160,5230,5090,5200,35745,0.1926782273603083,0,26,2878,-2904,0,0,50,31661,4034,35745,0,24,28783,6938,35745,0,131940,14989680,-15121620,0,0,256500,163485970,20788690,184531160,0,124560,148496290,35910310,184531160
2021-10-27,5200,5230,5030,5100,54526,-1.9230769230769231,0,0,1867,-1867,0,0,0,51183,3343,54526,0,0,49316,5210,54526,0,0,9857800,-9857800,0,0,0,260021500,16909020,276930520,0,0,250163700,26766820,276930520
2021-10-28,5100,5140,5040,5080,36407,-0.39215686274509803,0,0,5779,-5779,0,0,0,35892,515,36407,0,0,30113,6294,36407,0,0,29357350,-29357350,0,0,0,182216620,2610890,184827510,0,0,152859270,31968240,184827510
2021-10-29,5070,5140,4990,5120,52970,0.7874015748031495,0,0,-277,277,0,0,0,45822,7148,52970,0,0,46099,6871,52970,0,0,-1363080,1363080,0,0,0,231280750,35971840,267252590,0,0,232643830,34608760,267252590
2021-11-01,5020,5110,5020,5030,59865,-1.7578125,0,70,3559,-3629,0,0,70,54547,5248,59865,0,0,50988,8877,59865,0,356500,17844050,-18200550,0,0,356500,275312160,26573030,302241690,0,0,257468110,44773580,302241690
2021-11-02,4955,5130,4955,5040,55923,0.19880715705765406,0,20,-3732,3712,0,0,20,51780,4123,55923,0,0,55512,411,55923,0,101800,-18764840,18663040,0,0,101800,260603715,20765840,281471355,0,0,279368555,2102800,281471355
2021-11-03,5090,5150,4975,5000,34185,-0.7936507936507936,0,0,9117,-9117,0,0,0,34043,142,34185,0,0,24926,9259,34185,0,0,45642985,-45642985,0,0,0,170449250,709290,171158540,0,0,124806265,46352275,171158540
2021-11-04,5030,5090,4975,5000,27753,0.0,0,30,3733,-3763,0,0,30,26796,927,27753,0,0,23063,4690,27753,0,150900,18684305,-18835205,0,0,150900,133805455,4632990,138589345,0,0,115121150,23468195,138589345
2021-11-05,5000,5020,4820,4820,71562,-3.5999999999999996,0,0,-1264,1264,0,0,0,64760,6802,71562,0,0,66024,5538,71562,0,0,-5996280,5996280,0,0,0,316393485,33230750,349624235,0,0,322389765,27234470,349624235
2021-11-08,4940,5090,4905,5020,75705,4.149377593360995,0,0,-4266,4266,0,0,0,58333,17372,75705,0,0,62599,13106,75705,0,0,-21547895,21547895,0,0,0,293057110,87242230,380299340,0,0,314605005,65694335,380299340
2021-11-09,5050,5090,4930,4955,31857,-1.294820717131474,0,0,5116,-5116,0,0,0,30255,1602,31857,0,0,25139,6718,31857,0,0,25521800,-25521800,0,0,0,150536190,7982070,158518260,0,0,125014390,33503870,158518260
2021-11-10,4955,4955,4830,4855,37680,-2.0181634712411705,0,0,1534,-1534,0,0,0,34013,3667,37680,0,0,32479,5201,37680,0,0,7488145,-7488145,0,0,0,165553225,17821230,183374455,0,0,158065080,25309375,183374455
2021-11-11,4920,4920,4765,4805,33565,-1.0298661174047374,0,-125,-2517,2642,0,0,0,28519,5046,33565,0,125,31036,2404,33565,0,-599440,-11970365,12569805,0,0,0,137139930,24191040,161330970,0,599440,149110295,11621235,161330970
2021-11-12,4790,4895,4775,4825,14107,0.41623309053069724,0,0,-2109,2109,0,0,0,10749,3358,14107,0,0,12858,1249,14107,0,0,-10137390,10137390,0,0,0,51751485,16148455,67899940,0,0,61888875,6011065,67899940
2021-11-15,4825,4840,4740,4840,38071,0.31088082901554404,0,0,-3143,3143,0,0,0,32819,5252,38071,0,0,35962,2109,38071,0,0,-14875365,14875365,0,0,0,157048630,24973890,182022520,0,0,171923995,10098525,182022520
2021-11-16,4850,4920,4775,4845,22190,0.10330578512396695,0,0,-466,466,0,0,0,18578,3612,22190,0,0,19044,3146,22190,0,0,-2248780,2248780,0,0,0,89993600,17487150,107480750,0,0,92242380,15238370,107480750
2021-11-17,4855,4855,4730,4735,26420,-2.2703818369453046,0,0,936,-936,0,0,0,25416,1004,26420,0,0,24480,1940,26420,0,0,4497990,-4497990,0,0,0,120820075,4766480,125586555,0,0,116322085,9264470,125586555
2021-11-18,4750,4770,4550,4645,33874,-1.9007391763463568,0,0,-1157,1157,0,0,0,30331,3543,33874,0,0,31488,2386,33874,0,0,-5323285,5323285,0,0,0,140721220,16442835,157164055,0,0,146044505,11119550,157164055
2021-11-19,4645,4650,4565,4615,31830,-0.6458557588805167,0,0,-1845,1845,0,0,0,27396,4434,31830,0,0,29241,2589,31830,0,0,-8492305,8492305,0,0,0,126068460,20422445,146490905,0,0,134560765,11930140,146490905
2021-11-22,4610,4615,4470,4510,61319,-2.275189599133261,0,0,2036,-2036,0,0,0,55791,5528,61319,0,0,53755,7564,61319,0,0,9361435,-9361435,0,0,0,251865075,24959330,276824405,0,0,242503640,34320765,276824405
2021-11-23,4510,4700,4200,4330,89054,-3.9911308203991127,0,0,-6555,6555,0,0,0,78077,10977,89054,0,0,84632,4422,89054,0,0,-29009185,29009185,0,0,0,349464625,49089215,398553840,0,0,378473810,20080030,398553840
2021-11-24,4335,4450,4310,4415,39596,1.9630484988452657,0,0,-3108,3108,0,0,0,31573,8023,39596,0,0,34681,4915,39596,0,0,-13396395,13396395,0,0,0,137073670,34854055,171927725,0,0,150470065,21457660,171927725
2021-11-25,4420,4520,4355,4425,32912,0.22650056625141565,0,0,7530,-7530,0,0,0,31732,1180,32912,0,0,24202,8710,32912,0,0,33730835,-33730835,0,0,0,140758380,5212405,145970785,0,0,107027545,38943240,145970785
2021-11-26,4490,4490,4250,4255,47444,-3.84180790960452,0,-120,2952,-2832,0,0,0,45899,1545,47444,0,120,42947,4377,47444,0,-519600,12809225,-12289625,0,0,0,197888930,6725945,204614875,0,519600,185079705,19015570,204614875
2021-11-29,4010,4220,3935,3990,109221,-6.227967097532315,0,-1300,-18329,19629,0,0,0,81273,27948,109221,0,1300,99602,8319,109221,0,-5421000,-73236760,78657760,0,0,0,330767585,112963650,443731235,0,5421000,404004345,34305890,443731235
2021-11-30,4150,4150,3755,3800,95529,-4.761904761904762,-104,0,6059,-5955,0,0,0,82856,12673,95529,104,0,76797,18628,95529,-406515,0,25234205,-24827690,0,0,0,321051220,48559875,369611095,406515,0,295817015,73387565,369611095
2021-12-01,3800,3965,3710,3920,74855,3.1578947368421053,-24818,0,12842,11976,0,0,0,48625,26230,74855,24818,0,35783,14254,74855,-94177550,0,48927490,45250060,0,0,0,185364235,99746630,285110865,94177550,0,136436745,54496570,285110865
2021-12-02,3830,4105,3780,4000,45042,2.0408163265306123,-8119,0,8214,-95,0,0,0,32827,12215,45042,8119,0,24613,12310,45042,-31698640,0,32324710,-626070,0,0,0,128551760,47488700,176040460,31698640,0,96227050,48114770,176040460
2021-12-03,4430,4430,4065,4180,50241,4.5,0,0,12499,-12499,0,0,0,44994,5247,50241,0,0,32495,17746,50241,0,0,51571675,-51571675,0,0,0,186433150,21658755,208091905,0,0,134861475,73230430,208091905
2021-12-06,4180,4200,3980,4165,14652,-0.3588516746411483,0,0,2046,-2046,0,0,0,13285,1367,14652,0,0,11239,3413,14652,0,0,8442935,-8442935,0,0,0,54760400,5572045,60332445,0,0,46317465,14014980,60332445
2021-12-07,4220,4295,4095,4185,26301,0.4801920768307323,2537,0,16,-2553,0,2537,0,19760,4004,26301,0,0,19744,6557,26301,10704010,0,82425,-10786435,0,10704010,0,83219055,16885040,110808105,0,0,83136630,27671475,110808105
2021-12-08,4185,4240,4085,4170,21552,-0.35842293906810035,0,0,6444,-6444,0,0,0,21244,308,21552,0,0,14800,6752,21552,0,0,26633175,-26633175,0,0,0,87902030,1288280,89190310,0,0,61268855,27921455,89190310
2021-12-09,4165,4290,4165,4220,15680,1.1990407673860912,0,0,497,-497,0,0,0,14289,1391,15680,0,0,13792,1888,15680,0,0,2169715,-2169715,0,0,0,60452025,5849025,66301050,0,0,58282310,8018740,66301050
2021-12-10,4165,4235,3950,4150,11093,-1.6587677725118484,0,0,-1541,1541,0,0,0,7771,3322,11093,0,0,9312,1781,11093,0,0,-6252970,6252970,0,0,0,32370900,13722025,46092925,0,0,38623870,7469055,46092925
2021-12-13,4130,4200,4130,4160,11692,0.24096385542168677,0,0,-38,38,0,0,0,11415,277,11692,0,0,11453,239,11692,0,0,-150355,150355,0,0,0,47554250,1150380,48704630,0,0,47704605,1000025,48704630
2021-12-14,4100,4185,4065,4070,10504,-2.1634615384615383,0,0,-723,723,0,0,0,9300,1204,10504,0,0,10023,481,10504,0,0,-2965050,2965050,0,0,0,38087955,4948710,43036665,0,0,41053005,1983660,43036665
2021-12-15,4100,4130,4020,4030,13086,-0.9828009828009828,0,0,2883,-2883,0,0,0,11274,1812,13086,0,0,8391,4695,13086,0,0,11697615,-11697615,0,0,0,45700030,7359090,53059120,0,0,34002415,19056705,53059120
2021-12-16,4060,4100,3985,3990,10937,-0.9925558312655087,0,0,-432,432,0,0,0,10426,511,10937,0,0,10858,79,10937,0,0,-1751980,1751980,0,0,0,41886945,2072375,43959320,0,0,43638925,320395,43959320
2021-12-17,3950,4085,3950,4050,18034,1.5037593984962405,0,0,-3353,3353,0,0,0,13537,4497,18034,0,0,16890,1144,18034,0,0,-13410715,13410715,0,0,0,54280430,18019360,72299790,0,0,67691145,4608645,72299790
2021-12-20,3965,4050,3965,4020,8271,-0.7407407407407408,0,0,924,-924,0,0,0,8254,17,8271,0,0,7330,941,8271,0,0,3700575,-3700575,0,0,0,33015435,67980,33083415,0,0,29314860,3768555,33083415
2021-12-21,4040,4060,3905,4010,10784,-0.24875621890547264,0,0,879,-879,0,0,0,10155,629,10784,0,0,9276,1508,10784,0,0,3551115,-3551115,0,0,0,40758830,2507055,43265885,0,0,37207715,6058170,43265885
2021-12-22,4010,4095,4000,4015,11875,0.12468827930174563,0,0,2282,-2282,0,0,0,11863,12,11875,0,0,9581,2294,11875,0,0,9163340,-9163340,0,0,0,47704110,48120,47752230,0,0,38540770,9211460,47752230
2021-12-23,4040,4045,3965,3970,29922,-1.1207970112079702,0,0,4366,-4366,0,0,0,29910,12,29922,0,0,25544,4378,29922,0,0,17466625,-17466625,0,0,0,119200950,48000,119248950,0,0,101734325,17514625,119248950
2021-12-24,4040,4040,3960,3970,39774,0.0,0,0,296,-296,0,0,0,38833,941,39774,0,0,38537,1237,39774,0,0,1190640,-1190640,0,0,0,155263990,3755360,159019350,0,0,154073350,4946000,159019350
2021-12-27,3985,3990,3885,3890,51183,-2.0151133501259446,0,0,-38,38,0,0,0,50397,786,51183,0,0,50435,748,51183,0,0,-118710,118710,0,0,0,197232005,3063245,200295250,0,0,197350715,2944535,200295250
2021-12-28,3875,3975,3875,3935,14056,1.1568123393316194,0,-2564,-100,2664,0,0,0,10324,3732,14056,0,2564,10424,1068,14056,0,-10004020,-351630,10355650,0,0,0,40577395,14557260,55134655,0,10004020,40929025,4201610,55134655
2021-12-29,3935,4240,3930,4055,37222,3.0495552731893265,0,0,-766,766,0,0,0,33105,4117,37222,0,0,33871,3351,37222,0,0,-2757605,2757605,0,0,0,132648025,16354295,149002320,0,0,135405630,13596690,149002320
2021-12-30,4105,4105,3950,4080,28649,0.6165228113440198,0,0,2986,-2986,0,0,0,28296,353,28649,0,0,25310,3339,28649,0,0,12059475,-12059475,0,0,0,113618430,1405090,115023520,0,0,101558955,13464565,115023520
2022-01-03,4005,4075,3995,4045,21821,-0.857843137254902,0,0,-1007,1007,0,0,0,19665,2156,21821,0,0,20672,1149,21821,0,0,-4052365,4052365,0,0,0,79054480,8689100,87743580,0,0,83106845,4636735,87743580
2022-01-04,4075,4075,3905,4015,30512,-0.7416563658838072,0,0,479,-479,0,0,0,29796,716,30512,0,0,29317,1195,30512,0,0,1942600,-1942600,0,0,0,118492545,2848970,121341515,0,0,116549945,4791570,121341515
2022-01-05,3995,4015,3905,3960,26977,-1.36986301369863,0,0,-479,479,0,0,0,25200,1777,26977,0,0,25679,1298,26977,0,0,-1830230,1830230,0,0,0,99214560,6997950,106212510,0,0,101044790,5167720,106212510
2022-01-06,3960,3960,3890,3910,29305,-1.2626262626262625,0,0,-1076,1076,0,0,0,27851,1454,29305,0,0,28927,378,29305,0,0,-4259795,4259795,0,0,0,109132975,5739700,114872675,0,0,113392770,1479905,114872675
2022-01-07,3895,3955,3895,3935,12561,0.639386189258312,0,0,-1035,1035,0,0,0,11485,1076,12561,0,0,12520,41,12561,0,0,-4087230,4087230,0,0,0,45121545,4247540,49369085,0,0,49208775,160310,49369085
2022-01-10,3950,3950,3890,3900,14780,-0.8894536213468869,0,0,2335,-2335,0,0,0,14490,290,14780,0,0,12155,2625,14780,0,0,9148650,-9148650,0,0,0,56554460,1135935,57690395,0,0,47405810,10284585,57690395
2022-01-11,3880,3890,3805,3830,40498,-1.7948717948717947,-1406,0,5031,-3625,0,0,0,40145,353,40498,1406,0,35114,3978,40498,-5380730,0,19303585,-13922855,0,0,0,153300250,1345340,154645590,5380730,0,133996665,15268195,154645590
2022-01-12,3810,3880,3805,3825,22909,-0.13054830287206268,0,0,-2327,2327,0,0,0,20390,2519,22909,0,0,22717,192,22909,0,0,-8895410,8895410,0,0,0,78061820,9631730,87693550,0,0,86957230,736320,87693550
2022-01-13,3830,3830,3780,3830,30793,0.130718954248366,0,0,620,-620,0,0,0,30297,496,30793,0,0,29677,1116,30793,0,0,2352075,-2352075,0,0,0,115341775,1896080,117237855,0,0,112989700,4248155,117237855
2022-01-14,3760,3890,3740,3800,10186,-0.7832898172323759,0,0,-522,522,0,0,0,9364,822,10186,0,0,9886,300,10186,0,0,-1949445,1949445,0,0,0,35575020,3098730,38673750,0,0,37524465,1149285,38673750
2022-01-17,3915,3915,3685,3735,19002,-1.710526315789474,0,0,2198,-2198,0,0,0,18890,112,19002,0,0,16692,2310,19002,0,0,8285580,-8285580,0,0,0,70903070,420440,71323510,0,0,62617490,8706020,71323510
2022-01-18,3720,3740,3635,3640,25190,-2.5435073627844713,0,0,-1238,1238,0,0,0,22620,2570,25190,0,0,23858,1332,25190,0,0,-4492985,4492985,0,0,0,83033940,9433230,92467170,0,0,87526925,4940245,92467170
2022-01-19,3665,3665,3380,3420,85988,-6.043956043956044,-13589,0,11960,1629,0,0,0,79620,6368,85988,13589,0,67660,4739,85988,-47846485,0,42469360,5377125,0,0,0,276855665,21966440,298822105,47846485,0,234386305,16589315,298822105
2022-01-20,3630,3630,3165,3190,183334,-6.725146198830409,-36471,0,35345,1126,0,0,0,168451,14883,183334,36471,0,133106,13757,183334,-122369875,0,119040195,3329680,0,0,0,549239140,49167770,598406910,122369875,0,430198945,45838090,598406910
2022-01-21,3210,3210,3000,3025,188537,-5.172413793103448,-61388,0,49919,11469,0,0,0,151269,37268,188537,61388,0,101350,25799,188537,-186882180,0,151881280,35000900,0,0,0,461297570,113751825,575049395,186882180,0,309416290,78750925,575049395
2022-01-24,3100,3100,2720,2790,207977,-7.768595041322314,0,0,-22916,22916,0,85,0,175431,32461,207977,85,0,198347,9545,207977,425,0,-63836515,63836090,0,240550,0,495569350,91125830,586935730,240125,0,559405865,27289740,586935730
2022-01-25,2925,2925,2755,2790,71036,0.0,0,0,6642,-6642,0,0,0,62870,8166,71036,0,0,56228,14808,71036,0,0,18668455,-18668455,0,0,0,176638380,22746150,199384530,0,0,157969925,41414605,199384530
2022-01-26,2820,2905,2800,2855,57414,2.3297491039426523,0,0,-3298,3298,0,0,0,50057,7357,57414,0,0,53355,4059,57414,0,0,-9229055,9229055,0,0,0,141817850,20765075,162582925,0,0,151046905,11536020,162582925
2022-01-27,2900,2900,2700,2790,51958,-2.276707530647986,0,0,8116,-8116,0,0,0,46721,5237,51958,0,0,38605,13353,51958,0,0,22743740,-22743740,0,0,0,128942255,14353945,143296200,0,0,106198515,37097685,143296200
2022-01-28,2760,2905,2760,2850,38735,2.1505376344086025,0,0,3083,-3083,0,0,0,28976,9759,38735,0,0,25893,12842,38735,0,0,8584315,-8584315,0,0,0,81915675,27674285,109589960,0,0,73331360,36258600,109589960
2022-02-03,2855,2985,2855,2965,31635,4.035087719298246,0,50,-1305,1255,0,0,51,27611,3973,31635,0,1,28916,2718,31635,0,148010,-3637220,3489210,0,0,150950,81137680,11543835,92832465,0,2940,84774900,8054625,92832465
2022-02-04,2965,3350,2955,3290,96231,10.961214165261383,0,0,2901,-2901,0,0,50,89412,6769,96231,0,50,86511,9670,96231,0,-13000,9692135,-9679135,0,0,154500,280301125,20582915,301038540,0,167500,270608990,30262050,301038540
2022-02-07,3260,4080,3190,3715,777729,12.917933130699089,-49536,-48,65792,-16208,0,15,2,737997,39715,777729,49551,50,672205,55923,777729,-177714835,-166600,241787515,-63906080,0,55950,7150,2736428250,141811140,2878302490,177770785,173750,2494640735,205717220,2878302490
2022-02-08,3740,3900,3590,3690,270726,-0.6729475100942126,-34505,200,45754,-11449,0,0,200,245166,25360,270726,34505,0,199412,36809,270726,-126980990,738000,169697970,-43454980,0,0,738000,920384615,94584095,1015706710,126980990,0,750686645,138039075,1015706710
2022-02-09,3690,3840,3660,3785,67759,2.5745257452574526,0,-2,-7115,7117,0,0,0,57526,10233,67759,0,2,64641,3116,67759,0,-7400,-26325525,26332925,0,0,0,215522370,37933140,253455510,0,7400,241847895,11600215,253455510
2022-02-10,3860,3995,3815,3880,112378,2.509907529722589,0,0,-11194,11194,0,0,0,95858,16520,112378,0,0,107052,5326,112378,0,0,-43419950,43419950,0,0,0,372845745,64110715,436956460,0,0,416265695,20690765,436956460
2022-02-11,3880,4520,3730,4185,1124665,7.860824742268041,0,10,1345,-1355,0,0,60,1045981,78624,1124665,0,50,1044636,79979,1124665,0,25300,11453300,-11478600,0,0,244800,4432557885,324510705,4757313390,0,219500,4421104585,335989305,4757313390
2022-02-14,4115,4185,3900,4050,201739,-3.225806451612903,0,0,-2189,2189,0,0,0,178657,23082,201739,0,0,180846,20893,201739,0,0,-8025570,8025570,0,0,0,728460100,94001640,822461740,0,0,736485670,85976070,822461740
2022-02-15,4050,4085,3915,3980,108317,-1.728395061728395,0,0,14902,-14902,0,0,0,103656,4661,108317,0,0,88754,19563,108317,0,0,59106770,-59106770,0,0,0,412548660,18649525,431198185,0,0,353441890,77756295,431198185
2022-02-16,4070,4135,4015,4120,86201,3.5175879396984926,0,10,1788,-1798,0,0,10,80197,5994,86201,0,0,78409,7792,86201,0,40750,7408990,-7449740,0,0,40750,327659890,24398065,352098705,0,0,320250900,31847805,352098705
2022-02-17,4135,4280,4000,4175,164851,1.3349514563106795,0,-20,-3685,3705,0,0,0,149440,15411,164851,0,20,153125,11706,164851,0,-85000,-16396035,16481035,0,0,0,621814505,64306755,686121260,0,85000,638210540,47825720,686121260
2022-02-18,4015,4245,4015,4210,78462,0.8383233532934131,0,0,-5342,5342,0,0,0,70867,7595,78462,0,0,76209,2253,78462,0,0,-22125785,22125785,0,0,0,292590950,31498080,324089030,0,0,314716735,9372295,324089030
2022-02-21,4210,4210,4005,4185,50978,-0.5938242280285035,0,0,-2512,2512,0,0,0,45724,5254,50978,0,0,48236,2742,50978,0,0,-10093330,10093330,0,0,0,188129100,21459790,209588890,0,0,198222430,11366460,209588890
2022-02-22,4070,4135,4020,4050,55021,-3.225806451612903,0,0,-4783,4783,0,0,0,48071,6950,55021,0,0,52854,2167,55021,0,0,-19539775,19539775,0,0,0,195871395,28367740,224239135,0,0,215411170,8827965,224239135
2022-02-23,4020,4145,4005,4040,42726,-0.24691358024691357,0,0,364,-364,0,0,0,39955,2771,42726,0,0,39591,3135,42726,0,0,1530615,-1530615,0,0,0,161116655,11191365,172308020,0,0,159586040,12721980,172308020
2022-02-24,3990,4050,3910,3920,49100,-2.9702970297029703,0,0,-5148,5148,0,0,0,39302,9798,49100,0,0,44450,4650,49100,0,0,-20447260,20447260,0,0,0,155834640,38971835,194806475,0,0,176281900,18524575,194806475
2022-02-25,3955,4020,3935,4015,25859,2.423469387755102,0,0,481,-481,0,0,0,23671,2188,25859,0,0,23190,2669,25859,0,0,1928690,-1928690,0,0,0,94212870,8693735,102906605,0,0,92284180,10622425,102906605
2022-02-28,3980,4100,3980,4060,37827,1.1207970112079702,0,0,-651,651,0,0,0,32216,5611,37827,0,0,32867,4960,37827,0,0,-2260700,2260700,0,0,0,129893770,22473650,152367420,0,0,132154470,20212950,152367420
2022-03-02,4200,4200,4010,4045,41771,-0.3694581280788177,0,0,11087,-11087,0,0,0,41005,766,41771,0,0,29918,11853,41771,0,0,44744515,-44744515,0,0,0,165817195,3113750,168930945,0,0,121072680,47858265,168930945
2022-03-03,4065,4145,3990,4030,71854,-0.3708281829419036,0,0,4411,-4411,0,0,0,67857,3997,71854,0,0,63446,8408,71854,0,0,17701665,-17701665,0,0,0,272769265,16099980,288869245,0,0,255067600,33801645,288869245
2022-03-04,4005,4045,3990,4030,32760,0.0,0,0,12254,-12254,0,0,0,31454,1306,32760,0,0,19200,13560,32760,0,0,49182485,-49182485,0,0,0,126402690,5252240,131654930,0,0,77220205,54434725,131654930
2022-03-07,4050,4050,3890,3925,45320,-2.6054590570719602,0,467,3211,-3678,0,0,467,42496,2357,45320,0,0,39285,6035,45320,0,1884640,12950760,-14835400,0,0,1884640,168033730,9207625,179125995,0,0,155082970,24043025,179125995
2022-03-08,3880,3920,3770,3920,77966,-0.12738853503184713,0,0,-4319,4319,0,0,0,68987,8979,77966,0,0,73306,4660,77966,0,0,-16421705,16421705,0,0,0,263206225,34199865,297406090,0,0,279627930,17778160,297406090
2022-03-10,4070,4165,3960,4090,105479,4.336734693877551,0,0,-7077,7077,0,0,0,86029,19450,105479,0,0,93106,12373,105479,0,0,-29387245,29387245,0,0,0,350203790,79647440,429851230,0,0,379591035,50260195,429851230
2022-03-11,4060,4360,4045,4285,263172,4.767726161369193,0,50,-42410,42360,0,0,50,199937,63185,263172,0,0,242347,20825,263172,0,212750,-182155450,181942700,0,0,212750,854318185,270568740,1125099675,0,0,1036473635,88626040,1125099675
2022-03-14,4305,4370,4115,4200,119156,-1.9836639439906651,0,0,34227,-34227,0,0,0,116245,2911,119156,0,0,82018,37138,119156,0,0,144162135,-144162135,0,0,0,489079210,12249045,501328255,0,0,344917075,156411180,501328255
2022-03-15,4190,4320,4140,4270,62749,1.6666666666666667,0,-467,13509,-13042,0,0,0,58322,4427,62749,0,467,44813,17469,62749,0,-1966320,56871715,-54905395,0,0,0,245766695,18549965,264316660,0,1966320,188894980,73455360,264316660
2022-03-16,4320,4430,4240,4345,122568,1.756440281030445,0,40,-4487,4447,0,0,40,106662,15866,122568,0,0,111149,11419,122568,0,173000,-19415735,19242735,0,0,173000,461207880,68668670,530049550,0,0,480623615,49425935,530049550
2022-03-17,4450,4450,4345,4365,58795,0.46029919447640966,0,0,12093,-12093,0,0,0,56820,1975,58795,0,0,44727,14068,58795,0,0,52872320,-52872320,0,0,0,248668565,8683470,257352035,0,0,195796245,61555790,257352035
2022-03-18,4360,4360,4210,4355,64818,-0.22909507445589922,0,0,-1961,1961,0,0,0,58280,6538,64818,0,0,60241,4577,64818,0,0,-8435640,8435640,0,0,0,250088620,28119400,278208020,0,0,258524260,19683760,278208020
2022-03-21,4375,4455,4300,4350,72689,-0.1148105625717566,0,0,-4608,4608,0,0,0,63495,9194,72689,0,0,68103,4586,72689,0,0,-19989250,19989250,0,0,0,275653415,39953425,315606840,0,0,295642665,19964175,315606840
2022-03-22,4350,4445,4315,4440,89094,2.0689655172413794,0,0,-17781,17781,0,0,0,66734,22360,89094,0,0,84515,4579,89094,0,0,-77907985,77907985,0,0,0,292979045,98059750,391038795,0,0,370887030,20151765,391038795
2022-03-23,4440,4535,4300,4355,100239,-1.9144144144144142,0,0,17473,-17473,0,0,0,88776,11463,100239,0,0,71303,28936,100239,0,0,76245825,-76245825,0,0,0,390307300,50825605,441132905,0,0,314061475,127071430,441132905
2022-03-24,4310,4530,4250,4480,48436,2.8702640642939152,0,0,2912,-2912,0,0,0,45566,2870,48436,0,0,42654,5782,48436,0,0,12714390,-12714390,0,0,0,199529755,12519055,212048810,0,0,186815365,25233445,212048810
2022-03-25,4530,4530,4315,4485,70719,0.11160714285714285,0,70,-5408,5338,0,0,70,53773,16876,70719,0,0,59181,11538,70719,0,307300,-24382900,24075600,0,0,307300,238799895,75327405,314434600,0,0,263182795,51251805,314434600
2022-03-28,4485,4605,4440,4530,148838,1.0033444816053512,0,4000,-27542,23542,0,0,4000,108129,36709,148838,0,0,135671,13167,148838,0,18120000,-125549740,107429740,0,0,18120000,490607855,166861905,675589760,0,0,616157595,59432165,675589760
2022-03-29,4580,4580,4435,4530,71664,0.0,-1,400,20232,-20631,0,0,400,70457,807,71664,1,0,50225,21438,71664,-4490,1792000,90992430,-92779940,0,0,1792000,316022590,3618070,321432660,4490,0,225030160,96398010,321432660
2022-03-30,4505,4650,4390,4625,108131,2.097130242825607,0,-100,-46224,46324,0,0,0,53151,54980,108131,0,100,99375,8656,108131,0,-455000,-211455820,211910820,0,0,0,241035190,251447695,492482885,0,455000,452491010,39536875,492482885
2022-03-31,4660,4660,4560,4585,63761,-0.8648648648648649,0,-400,7951,-7551,0,0,0,56539,7222,63761,0,400,48588,14773,63761,0,-1848000,36603490,-34755490,0,0,0,260701735,33276460,293978195,0,1848000,224098245,68031950,293978195
2022-04-01,4605,4850,4520,4780,137009,4.252998909487459,0,-60,-36121,36181,0,0,0,90932,46077,137009,0,60,127053,9896,137009,0,-275700,-169298955,169574655,0,0,0,425407940,215586320,640994260,0,275700,594706895,46011665,640994260
2022-04-04,4770,5070,4770,4830,371082,1.0460251046025104,-31672,5812,-10315,36175,0,3328,5812,281262,80680,371082,35000,0,291577,44505,371082,-154440795,28473445,-53517845,179485195,0,16546845,28473445,1388673560,399731280,1833425130,170987640,0,1442191405,220246085,1833425130
2022-04-05,4990,4990,4640,4800,133482,-0.6211180124223602,1599,961,22291,-24851,0,1599,961,120094,10828,133482,0,0,97803,35679,133482,7770465,4656755,106345290,-118772510,0,7770465,4656755,573422790,51951685,637801695,0,0,467077500,170724195,637801695
2022-04-06,4750,4900,4650,4750,87793,-1.0416666666666665,2779,200,2543,-5522,0,2779,200,75110,9704,87793,0,0,72567,15226,87793,13356660,957000,12265975,-26579635,0,13356660,957000,356746160,46065415,417125235,0,0,344480185,72645050,417125235
2022-04-07,4695,4750,4525,4585,87728,-3.4736842105263155,451,300,12437,-13188,0,451,300,80350,6627,87728,0,0,67913,19815,87728,2068915,1374000,57077185,-60520100,0,2068915,1374000,367849705,30409495,401702115,0,0,310772520,90929595,401702115
2022-04-08,4600,4635,4485,4570,33529,-0.3271537622682661,0,0,2116,-2116,0,0,0,32156,1373,33529,0,0,30040,3489,33529,0,0,9682460,-9682460,0,0,0,146625185,6199295,152824480,0,0,136942725,15881755,152824480
2022-04-11,4570,4650,4450,4495,49199,-1.6411378555798686,0,300,-676,376,0,0,300,44456,4443,49199,0,0,45132,4067,49199,0,1356000,-3041975,1685975,0,0,1356000,201638215,20161395,223155610,0,0,204680190,18475420,223155610
2022-04-12,4495,4495,4305,4370,90914,-2.7808676307007785,0,300,-4327,4027,0,0,300,72588,18026,90914,0,0,76915,13999,90914,0,1299000,-18660350,17361350,0,0,1299000,316718705,78578605,396596310,0,0,335379055,61217255,396596310
2022-04-13,4445,4445,4340,4400,30375,0.6864988558352403,0,0,-435,435,0,0,0,26403,3972,30375,0,0,26838,3537,30375,0,0,-1813840,1813840,0,0,0,115368270,17275095,132643365,0,0,117182110,15461255,132643365
2022-04-14,4490,4490,4395,4470,27008,1.5909090909090908,-1143,0,3995,-2852,0,0,0,26278,730,27008,1143,0,22283,3582,27008,-5043615,0,17765690,-12722075,0,0,0,116566535,3220660,119787195,5043615,0,98800845,15942735,119787195
2022-04-15,4500,4500,4420,4490,32394,0.44742729306487694,0,200,623,-823,0,0,200,30108,2086,32394,0,0,29485,2909,32394,0,889000,2813665,-3702665,0,0,889000,134163810,9277170,144329980,0,0,131350145,12979835,144329980
2022-04-18,3890,3950,3145,3145,2124662,-29.955456570155903,-6896,-4219,5004,6111,0,0,0,1939276,185386,2124662,6896,4219,1934272,179275,2124662,-23051030,-14257080,22144620,15163490,0,0,0,6624865875,630879680,7255745555,23051030,14257080,6602721255,615716190,7255745555
2022-04-19,3145,3595,3010,3290,1933814,4.610492845786964,0,0,-66201,66201,0,0,87,1629997,303730,1933814,0,87,1696198,237529,1933814,0,16965,-204828955,204811990,0,0,305370,5423419735,1002352660,6426077765,0,288405,5628248690,797540670,6426077765
2022-04-20,3320,3430,3155,3220,331392,-2.127659574468085,0,150,34668,-34818,0,0,150,304066,27176,331392,0,0,269398,61994,331392,0,497250,114766625,-115263875,0,0,497250,992715535,88336080,1081548865,0,0,877948910,203599955,1081548865
2022-04-21,3230,3365,3200,3205,199295,-0.4658385093167702,0,0,16006,-16006,0,0,0,175889,23406,199295,0,0,159883,39412,199295,0,0,52169705,-52169705,0,0,0,573728130,76567100,650295230,0,0,521558425,128736805,650295230
2022-04-22,3205,3205,3020,3020,224953,-5.77223088923557,0,0,33053,-33053,0,0,0,206688,18265,224953,0,0,173635,51318,224953,0,0,101887910,-101887910,0,0,0,637454480,56538565,693993045,0,0,535566570,158426475,693993045
2022-04-25,2990,2990,2780,2800,504476,-7.28476821192053,0,0,-13455,13455,0,0,0,418803,85673,504476,0,0,432258,72218,504476,0,0,-35607980,35607980,0,0,0,1188601515,243429700,1432031215,0,0,1224209495,207821720,1432031215
2022-04-26,2830,3640,2830,3640,3953134,30.0,1373,0,48948,-50321,0,1373,0,3491835,459926,3953134,0,0,3442887,510247,3953134,4997720,0,176338790,-181336510,0,4997720,0,11911655185,1531631535,13448284440,0,0,11735316395,1712968045,13448284440
2022-04-27,3700,3700,3350,3460,1333109,-4.945054945054945,-1373,1000,22063,-21690,0,0,1000,1189427,142682,1333109,1373,0,1167364,164372,1333109,-5080100,3460000,86093235,-84473135,0,0,3460000,4216035385,500828310,4720323695,5080100,0,4129942150,585301445,4720323695
2022-04-28,3485,3510,3260,3260,423506,-5.780346820809249,0,850,-44941,44091,0,0,850,342849,79807,423506,0,0,387790,35716,423506,0,2832500,-150278775,147446275,0,0,2832500,1147427020,267450010,1417709530,0,0,1297705795,120003735,1417709530
2022-04-29,3480,3660,3245,3385,632325,3.834355828220859,0,0,27940,-27940,0,0,0,556863,75462,632325,0,0,528923,103402,632325,0,0,101061295,-101061295,0,0,0,1905708695,255021670,2160730365,0,0,1804647400,356082965,2160730365
2022-05-02,3300,3505,3300,3485,191206,2.954209748892171,0,2045,-12891,10846,0,0,2045,161799,27362,191206,0,0,174690,16516,191206,0,6911495,-43944670,37033175,0,0,6911495,556031845,93534675,656478015,0,0,599976515,56501500,656478015
2022-05-03,3495,3495,3360,3470,165775,-0.430416068866571,0,0,17239,-17239,0,0,0,150329,15446,165775,0,0,133090,32685,165775,0,0,59119555,-59119555,0,0,0,513774855,52624810,566399665,0,0,454655300,111744365,566399665
2022-05-04,3465,3465,3385,3395,83723,-2.161383285302594,0,0,1398,-1398,0,0,0,79606,4117,83723,0,0,78208,5515,83723,0,0,4821755,-4821755,0,0,0,271462515,14031685,285494200,0,0,266640760,18853440,285494200
2022-05-06,3370,3675,3270,3350,297650,-1.3254786450662739,0,870,-7120,6250,0,0,870,242467,54313,297650,0,0,249587,48063,297650,0,3031950,-21377275,18345325,0,0,3031950,849141925,187547720,1039721595,0,0,870519200,169202395,1039721595
2022-05-09,3350,3985,3350,3650,2257318,8.955223880597014,0,40,-33222,33182,0,0,138,1907392,349788,2257318,0,98,1940614,316606,2257318,0,141975,-99633910,99491935,0,0,519335,7235232895,1304088530,8539840760,0,377360,7334866805,1204596595,8539840760
2022-05-10,3610,3725,3420,3725,402757,2.054794520547945,0,-1,-21190,21191,0,0,0,320441,82316,402757,0,1,341631,61125,402757,0,-3665,-72010920,72014585,0,0,0,1150007905,292279705,1442287610,0,3665,1222018825,220265120,1442287610
2022-05-11,3680,3740,3570,3680,194174,-1.2080536912751678,0,46,12281,-12327,0,0,46,168565,25563,194174,0,0,156284,37890,194174,0,167270,44316760,-44484030,0,0,167270,614393650,93232455,707793375,0,0,570076890,137716485,707793375
2022-05-12,3695,3940,3580,3705,425341,0.6793478260869565,0,2250,-2020,-230,0,0,3050,365573,56718,425341,0,800,367593,56948,425341,0,8412250,-6495910,-1916340,0,0,11408250,1376326220,213292115,1601026585,0,2996000,1382822130,215208455,1601026585
2022-05-13,3795,3865,3705,3850,196126,3.913630229419703,0,1000,-19575,18575,0,0,1000,161813,33313,196126,0,0,181388,14738,196126,0,3740000,-74416320,70676320,0,0,3740000,611831620,125990450,741562070,0,0,686247940,55314130,741562070
2022-05-16,3860,3870,3565,3710,287118,-3.6363636363636362,0,142,-16658,16516,0,0,142,222625,64351,287118,0,0,239283,47835,287118,0,522740,-56009060,55486320,0,0,522740,815819635,231794240,1048136615,0,0,871828695,176307920,1048136615
2022-05-17,3760,3760,3630,3630,133632,-2.15633423180593,0,0,10069,-10069,0,0,0,119677,13955,133632,0,0,109608,24024,133632,0,0,37259235,-37259235,0,0,0,440519365,51220455,491739820,0,0,403260130,88479690,491739820
2022-05-18,3655,3695,3550,3605,169423,-0.6887052341597797,0,0,-12838,12838,0,0,0,142847,26576,169423,0,0,155685,13738,169423,0,0,-45771710,45771710,0,0,0,514110460,95265675,609376135,0,0,559882170,49493965,609376135
2022-05-19,3480,3825,3470,3620,448820,0.4160887656033287,0,250,19747,-19997,0,0,1250,394226,53344,448820,0,1000,374479,73341,448820,0,896250,77901700,-78797950,0,0,4626250,1454808390,193471480,1652906120,0,3730000,1376906690,272269430,1652906120
2022-05-20,3610,3695,3575,3610,116506,-0.2762430939226519,0,0,-4123,4123,0,0,0,100679,15827,116506,0,0,104802,11704,116506,0,0,-15001310,15001310,0,0,0,364438960,57476380,421915340,0,0,379440270,42475070,421915340
2022-05-23,3580,3600,3510,3530,84431,-2.21606648199446,0,56,-6700,6644,0,0,56,68252,16123,84431,0,0,74952,9479,84431,0,199920,-23779140,23579220,0,0,199920,241538100,57168445,298906465,0,0,265317240,33589225,298906465
2022-05-24,3530,3595,3320,3355,106936,-4.957507082152975,0,50,-1992,1942,0,0,50,85659,21227,106936,0,0,87651,19285,106936,0,172000,-6334870,6162870,0,0,172000,294477450,73233205,367882655,0,0,300812320,67070335,367882655
2022-05-25,3420,3500,3300,3360,56111,0.14903129657228018,0,1,-6351,6350,0,0,1,43694,12416,56111,0,0,50045,6066,56111,0,3380,-20756270,20752890,0,0,3380,147980585,41354960,189338925,0,0,168736855,20602070,189338925
2022-05-26,3490,3660,3425,3505,134452,4.315476190476191,0,-1,-13367,13368,0,0,0,112598,21854,134452,0,1,125965,8486,134452,0,-3480,-46839120,46842600,0,0,0,397147550,77032305,474179855,0,3480,443986670,30189705,474179855
2022-05-27,3850,3960,3585,3755,683272,7.132667617689016,0,0,-85306,85306,0,0,835,543387,139050,683272,0,835,628693,53744,683272,0,170960,-316617240,316446280,0,0,3183450,2029580750,517262780,2550026980,0,3012490,2346197990,200816500,2550026980
2022-05-30,3605,3840,3300,3780,671842,0.6657789613848202,0,-900,10078,-9178,0,0,0,553835,118007,671842,0,900,543757,127185,671842,0,-3150000,24102100,-20952100,0,0,0,1947568445,422274160,2369842605,0,3150000,1923466345,443226260,2369842605
2022-05-31,3790,3790,3640,3670,119544,-2.91005291005291,0,1000,7707,-8707,0,0,1000,108206,10338,119544,0,0,100499,19045,119544,0,3692500,28558125,-32250625,0,0,3692500,399497515,38168390,441358405,0,0,370939390,70419015,441358405
2022-06-02,3795,3795,3615,3650,119103,-0.544959128065395,1000,4350,17369,-22719,0,1000,4500,107807,5796,119103,0,150,90438,28515,119103,3640000,16068000,63866385,-83574385,0,3640000,16612500,395185260,21289065,436726825,0,544500,331318875,104863450,436726825
2022-06-03,3655,3730,3635,3675,95448,0.684931506849315,200,2502,-9580,6878,0,200,2502,78382,14364,95448,0,0,87962,7486,95448,740000,9202395,-35247365,25304970,0,740000,9202395,288959430,52872925,351774750,0,0,324206795,27567955,351774750
2022-06-07,3670,3810,3670,3750,107243,2.0408163265306123,0,0,-11818,11818,0,0,0,87855,19388,107243,0,0,99673,7570,107243,0,0,-44357320,44357320,0,0,0,328933925,72612420,401546345,0,0,373291245,28255100,401546345
2022-06-08,3715,3760,3590,3680,85712,-1.866666666666667,0,904,15249,-16153,0,0,1504,60608,23600,85712,0,600,45359,39753,85712,0,3349400,55866865,-59216265,0,0,5539400,222312755,86574015,314426170,0,2190000,166445890,145790280,314426170
2022-06-09,3770,3770,3575,3680,72154,0.0,-1200,-1930,14727,-11597,0,0,0,67811,4343,72154,1200,1930,53084,15940,72154,-4306140,-7046300,54116800,-42764360,0,0,0,247837205,15701865,263539070,4306140,7046300,193720405,58466225,263539070
2022-06-10,3660,3660,3420,3530,81017,-4.076086956521739,0,-4629,9936,-5307,0,0,44,73224,7749,81017,0,4673,63288,13056,81017,0,-16684700,35696730,-19012030,0,0,158840,260341375,27696505,288196720,0,16843540,224644645,46708535,288196720
2022-06-13,3480,3480,3220,3275,186026,-7.223796033994335,0,-3369,8265,-4896,0,0,0,148485,37541,186026,0,3369,140220,42437,186026,0,-10979490,26858960,-15879470,0,0,0,488710810,123419095,612129905,0,10979490,461851850,139298565,612129905
2022-06-14,3260,3335,3080,3150,74630,-3.816793893129771,0,0,-5690,5690,0,0,23,56397,18210,74630,0,23,62087,12520,74630,0,-3105,-18055135,18058240,0,0,72105,181886995,58654335,240613435,0,75210,199942130,40596095,240613435
2022-06-15,3310,3310,3030,3105,88135,-1.4285714285714286,0,0,-1254,1254,0,0,0,68392,19743,88135,0,0,69646,18489,88135,0,0,-3492425,3492425,0,0,0,211272335,60975870,272248205,0,0,214764760,57483445,272248205
2022-06-16,3215,3295,3010,3040,58753,-2.0933977455716586,0,0,2364,-2364,0,0,0,51454,7299,58753,0,0,49090,9663,58753,0,0,7312325,-7312325,0,0,0,159893615,22712450,182606065,0,0,152581290,30024775,182606065
2022-06-17,2950,3135,2870,3100,58495,1.9736842105263157,0,100,-6956,6856,0,0,100,45294,13101,58495,0,0,52250,6245,58495,0,291500,-20018470,19726970,0,0,291500,135272180,38830190,174393870,0,0,155290650,19103220,174393870
2022-06-20,3175,3175,2910,2955,47795,-4.67741935483871,0,101,-3834,3733,0,0,101,35945,11749,47795,0,0,39779,8016,47795,0,297440,-11285415,10987975,0,0,297440,106905770,34967380,142170590,0,0,118191185,23979405,142170590
2022-06-21,3045,3045,2910,2955,34500,0.0,0,0,-1292,1292,0,0,0,27709,6791,34500,0,0,29001,5499,34500,0,0,-3800750,3800750,0,0,0,81908435,20014175,101922610,0,0,85709185,16213425,101922610
2022-06-22,2920,3020,2810,2825,50259,-4.39932318104907,0,0,4265,-4265,0,0,0,46579,3680,50259,0,0,42314,7945,50259,0,0,12635150,-12635150,0,0,0,134062310,10628680,144690990,0,0,121427160,23263830,144690990
2022-06-23,2900,2900,2700,2700,56777,-4.424778761061947,0,0,-5407,5407,0,0,0,39052,17725,56777,0,0,44459,12318,56777,0,0,-14880395,14880395,0,0,0,107382960,48884235,156267195,0,0,122263355,34003840,156267195
2022-06-24,2570,2840,2570,2770,80700,2.5925925925925926,0,-25000,6119,18881,0,0,0,52607,28093,80700,0,25000,46488,9212,80700,0,-68129350,17021325,51108025,0,0,0,144623555,76700835,221324390,0,68129350,127602230,25592810,221324390
2022-06-27,2840,2940,2700,2880,47745,3.9711191335740073,0,0,-2961,2961,0,0,0,34970,12775,47745,0,0,37931,9814,47745,0,0,-7862760,7862760,0,0,0,99367965,35840020,135207985,0,0,107230725,27977260,135207985
2022-06-28,2880,2940,2770,2905,19395,0.8680555555555556,0,0,629,-629,0,0,0,14171,5224,19395,0,0,13542,5853,19395,0,0,1904545,-1904545,0,0,0,40718120,14924815,55642935,0,0,38813575,16829360,55642935
2022-06-29,2905,2980,2755,2980,21977,2.5817555938037864,0,0,-2251,2251,0,0,0,16622,5355,21977,0,0,18873,3104,21977,0,0,-6230855,6230855,0,0,0,48053420,15216075,63269495,0,0,54284275,8985220,63269495
2022-06-30,2950,3050,2875,2920,38291,-2.013422818791946,0,0,4872,-4872,0,0,0,33333,4958,38291,0,0,28461,9830,38291,0,0,14732145,-14732145,0,0,0,99161200,14696845,113858045,0,0,84429055,29428990,113858045
2022-07-01,3000,3000,2790,2790,24685,-4.4520547945205475,0,0,3236,-3236,0,0,0,22347,2338,24685,0,0,19111,5574,24685,0,0,9465665,-9465665,0,0,0,63549140,6629465,70178605,0,0,54083475,16095130,70178605
2022-07-04,2870,2955,2600,2735,90321,-1.971326164874552,0,0,-392,392,0,0,0,70153,20168,90321,0,0,70545,19776,90321,0,0,-640335,640335,0,0,0,188056840,53670265,241727105,0,0,188697175,53029930,241727105
2022-07-05,2725,2890,2725,2790,9670,2.010968921389397,0,0,2242,-2242,0,0,0,9516,154,9670,0,0,7274,2396,9670,0,0,6308345,-6308345,0,0,0,26598895,422510,27021405,0,0,20290550,6730855,27021405
2022-07-06,2760,2800,2700,2705,30175,-3.046594982078853,0,0,-12445,12445,0,0,0,16153,14022,30175,0,0,28598,1577,30175,0,0,-34240755,34240755,0,0,0,44398660,38624950,83023610,0,0,78639415,4384195,83023610
2022-07-07,2705,2860,2705,2750,33881,1.6635859519408502,0,0,-5308,5308,0,0,0,23118,10763,33881,0,0,28426,5455,33881,0,0,-14746950,14746950,0,0,0,64440115,29879535,94319650,0,0,79187065,15132585,94319650
2022-07-08,2895,2970,2735,2845,74965,3.4545454545454546,0,0,-18975,18975,0,0,0,50112,24853,74965,0,0,69087,5878,74965,0,0,-54175100,54175100,0,0,0,143375560,70915985,214291545,0,0,197550660,16740885,214291545
2022-07-11,2810,2930,2745,2780,35159,-2.2847100175746924,0,0,500,-500,0,0,0,26271,8888,35159,0,0,25771,9388,35159,0,0,1354310,-1354310,0,0,0,73138950,24914950,98053900,0,0,71784640,26269260,98053900
2022-07-12,2780,2780,2600,2640,56297,-5.0359712230215825,0,100,773,-873,0,0,100,47491,8706,56297,0,0,46718,9579,56297,0,268000,2190635,-2458635,0,0,268000,125902795,23310510,149481305,0,0,123712160,25769145,149481305
2022-07-13,2720,2720,2600,2650,19526,0.3787878787878788,0,0,-2066,2066,0,0,0,12790,6736,19526,0,0,14856,4670,19526,0,0,-5612150,5612150,0,0,0,34055825,18016700,52072525,0,0,39667975,12404550,52072525
2022-07-14,2610,2695,2600,2655,15184,0.18867924528301888,0,0,-2765,2765,0,0,0,10307,4877,15184,0,0,13072,2112,15184,0,0,-7275350,7275350,0,0,0,27191585,12884355,40075940,0,0,34466935,5609005,40075940
2022-07-15,2680,2680,2420,2555,45698,-3.766478342749529,0,9,-2612,2603,0,0,9,37291,8398,45698,0,0,39903,5795,45698,0,23715,-6884185,6860470,0,0,23715,95662000,21819825,117505540,0,0,102546185,14959355,117505540
2022-07-18,2600,2900,2600,2625,94084,2.73972602739726,0,0,-10205,10205,0,0,0,77924,16160,94084,0,0,88129,5955,94084,0,0,-27570535,27570535,0,0,0,212464545,44007200,256471745,0,0,240035080,16436665,256471745
2022-07-19,2615,2720,2580,2660,19662,1.3333333333333335,0,0,662,-662,0,0,0,18610,1052,19662,0,0,17948,1714,19662,0,0,1782225,-1782225,0,0,0,49462030,2775725,52237755,0,0,47679805,4557950,52237755
2022-07-20,2715,2765,2660,2670,47963,0.37593984962406013,-4921,0,274,4647,0,0,0,42629,5334,47963,4921,0,42355,687,47963,-13185190,0,805840,12379350,0,0,0,113840860,14228670,128069530,13185190,0,113035020,1849320,128069530
2022-07-21,2755,2755,2660,2720,11281,1.8726591760299627,0,12,-178,166,0,0,12,10821,448,11281,0,0,10999,282,11281,0,32400,-482305,449905,0,0,32400,29245795,1212700,30490895,0,0,29728100,762795,30490895
2022-07-22,2755,2755,2685,2720,19938,0.0,0,61,2873,-2934,0,0,61,19477,400,19938,0,0,16604,3334,19938,0,165070,7757585,-7922655,0,0,165070,52659105,1084000,53908175,0,0,44901520,9006655,53908175
2022-07-25,2770,2770,2610,2710,15887,-0.3676470588235294,0,0,222,-222,0,0,0,14899,988,15887,0,0,14677,1210,15887,0,0,632570,-632570,0,0,0,39908900,2629850,42538750,0,0,39276330,3262420,42538750
2022-07-26,2735,2735,2660,2690,7249,-0.7380073800738007,0,0,770,-770,0,0,0,6811,438,7249,0,0,6041,1208,7249,0,0,2120560,-2120560,0,0,0,18344130,1166970,19511100,0,0,16223570,3287530,19511100
2022-07-27,2690,2745,2670,2705,24456,0.5576208178438662,0,0,-6207,6207,0,0,0,17888,6568,24456,0,0,24095,361,24456,0,0,-16557865,16557865,0,0,0,48381085,17540900,65921985,0,0,64938950,983035,65921985
2022-07-28,2785,2785,2680,2700,17536,-0.18484288354898337,0,0,294,-294,0,0,0,17446,90,17536,0,0,17152,384,17536,0,0,797950,-797950,0,0,0,47201555,243810,47445365,0,0,46403605,1041760,47445365
2022-07-29,2700,2790,2695,2700,20387,0.0,0,46,1706,-1752,0,0,46,17515,2826,20387,0,0,15809,4578,20387,0,125120,4695680,-4820800,0,0,125120,47831060,7633315,55589495,0,0,43135380,12454115,55589495
2022-08-01,2765,2765,2695,2710,10468,0.3703703703703704,0,0,-917,917,0,0,0,9445,1023,10468,0,0,10362,106,10468,0,0,-2476665,2476665,0,0,0,25570590,2765150,28335740,0,0,28047255,288485,28335740
2022-08-02,2755,2755,2570,2665,44699,-1.6605166051660518,0,0,-746,746,0,0,0,38771,5928,44699,0,0,39517,5182,44699,0,0,-1429760,1429760,0,0,0,104006355,15463570,119469925,0,0,105436115,14033810,119469925
2022-08-03,2715,2740,2660,2700,15594,1.3133208255159476,0,0,1673,-1673,0,0,0,15524,70,15594,0,0,13851,1743,15594,0,0,4560150,-4560150,0,0,0,41838215,187810,42026025,0,0,37278065,4747960,42026025
2022-08-04,2700,2780,2700,2720,28101,0.7407407407407408,0,0,335,-335,0,0,0,27513,588,28101,0,0,27178,923,28101,0,0,936480,-936480,0,0,0,74968255,1598255,76566510,0,0,74031775,2534735,76566510
2022-08-05,2755,2770,2685,2740,38929,0.7352941176470588,0,0,-14932,14932,0,0,0,21764,17165,38929,0,0,36696,2233,38929,0,0,-41184810,41184810,0,0,0,59843680,47288500,107132180,0,0,101028490,6103690,107132180
2022-08-08,2725,2770,2660,2700,30158,-1.4598540145985401,0,130,-1064,934,0,0,130,27242,2786,30158,0,0,28306,1852,30158,0,350100,-2769590,2419490,0,0,350100,73641595,7467465,81459160,0,0,76411185,5047975,81459160
2022-08-09,2660,2780,2660,2720,17280,0.7407407407407408,0,0,1178,-1178,0,0,0,17279,1,17280,0,0,16101,1179,17280,0,0,3202655,-3202655,0,0,0,46801865,2720,46804585,0,0,43599210,3205375,46804585
2022-08-10,2700,2700,2645,2665,20569,-2.0220588235294117,0,100,1933,-2033,0,0,100,20372,97,20569,0,0,18439,2130,20569,0,265000,5209850,-5474850,0,0,265000,54261235,259235,54785470,0,0,49051385,5734085,54785470
2022-08-11,2795,2795,2660,2710,12373,1.6885553470919326,0,0,527,-527,0,0,0,12365,8,12373,0,0,11838,535,12373,0,0,1427990,-1427990,0,0,0,33359010,21390,33380400,0,0,31931020,1449380,33380400
2022-08-12,2660,2780,2660,2715,8695,0.18450184501845018,0,0,-410,410,0,0,0,8178,517,8695,0,0,8588,107,8695,0,0,-1112800,1112800,0,0,0,22113470,1402855,23516325,0,0,23226270,290055,23516325
2022-08-16,2730,2730,2665,2700,31800,-0.5524861878453038,0,0,-1336,1336,0,0,0,29665,2135,31800,0,0,31001,799,31800,0,0,-3535400,3535400,0,0,0,79851640,5690430,85542070,0,0,83387040,2155030,85542070
2022-08-17,2670,2730,2670,2725,33396,0.9259259259259258,0,3,2449,-2452,0,0,3,32900,493,33396,0,0,30451,2945,33396,0,8130,6650435,-6658565,0,0,8130,89165425,1337880,90511435,0,0,82514990,7996445,90511435
2022-08-18,2730,2730,2690,2720,9631,-0.1834862385321101,0,0,36,-36,0,0,0,9631,0,9631,0,0,9595,36,9631,0,0,98260,-98260,0,0,0,26097850,0,26097850,0,0,25999590,98260,26097850
2022-08-19,2790,2790,2700,2735,26263,0.5514705882352942,0,0,1581,-1581,0,0,0,26253,10,26263,0,0,24672,1591,26263,0,0,4339865,-4339865,0,0,0,71801775,27380,71829155,0,0,67461910,4367245,71829155
2022-08-22,2740,2740,2645,2660,51553,-2.742230347349177,0,100,-1343,1243,0,0,100,49686,1767,51553,0,0,51029,524,51553,0,266000,-3597685,3331685,0,0,266000,132967690,4745765,137979455,0,0,136565375,1414080,137979455
2022-08-23,2705,2705,2605,2625,44044,-1.3157894736842104,0,0,7668,-7668,0,0,0,43856,188,44044,0,0,36188,7856,44044,0,0,20382185,-20382185,0,0,0,115691010,494440,116185450,0,0,95308825,20876625,116185450
2022-08-24,2595,3045,2575,2940,138048,12.0,0,0,-10591,10591,0,0,0,118307,19741,138048,0,0,128898,9150,138048,0,0,-29014625,29014625,0,0,0,330275390,54319810,384595200,0,0,359290015,25305185,384595200
2022-08-25,3000,3250,2905,3205,211262,9.013605442176871,0,0,-11759,11759,0,0,0,191766,19496,211262,0,0,203525,7737,211262,0,0,-36585505,36585505,0,0,0,598575625,60292830,658868455,0,0,635161130,23707325,658868455
2022-08-26,3295,3295,3105,3155,46806,-1.5600624024960998,0,0,1973,-1973,0,0,0,44416,2390,46806,0,0,42443,4363,46806,0,0,6399400,-6399400,0,0,0,140551240,7529650,148080890,0,0,134151840,13929050,148080890
2022-08-29,3150,3175,3000,3150,45321,-0.15847860538827258,0,0,4584,-4584,0,0,0,43377,1944,45321,0,0,38793,6528,45321,0,0,14600420,-14600420,0,0,0,134510720,5883690,140394410,0,0,119910300,20484110,140394410
2022-08-30,3250,3290,3105,3210,75567,1.9047619047619049,0,0,1291,-1291,0,0,0,71374,4193,75567,0,0,70083,5484,75567,0,0,4395650,-4395650,0,0,0,229169805,13402775,242572580,0,0,224774155,17798425,242572580
2022-08-31,3295,3300,3010,3175,72969,-1.0903426791277258,0,1,6408,-6409,0,0,1,72339,629,72969,0,0,65931,7038,72969,0,3155,20627660,-20630815,0,0,3155,229537780,1972720,231513655,0,0,208910120,22603535,231513655
2022-09-01,3250,3250,3050,3090,36903,-2.677165354330709,0,100,2935,-3035,0,0,100,34275,2528,36903,0,0,31340,5563,36903,0,307500,9008825,-9316325,0,0,307500,106265455,7848115,114421070,0,0,97256630,17164440,114421070
2022-09-02,3185,3185,2920,2970,40987,-3.8834951456310676,0,0,1264,-1264,0,0,0,38559,2428,40987,0,0,37295,3692,40987,0,0,3797355,-3797355,0,0,0,117625270,7448530,125073800,0,0,113827915,11245885,125073800
2022-09-05,3050,3050,2850,2850,24063,-4.040404040404041,0,1,-575,574,0,0,1,21427,2635,24063,0,0,22002,2061,24063,0,2945,-1684485,1681540,0,0,2945,62500015,7761140,70264100,0,0,64184500,6079600,70264100
2022-09-06,2880,2985,2880,2910,23016,2.1052631578947367,0,0,1718,-1718,0,0,0,20192,2824,23016,0,0,18474,4542,23016,0,0,5111275,-5111275,0,0,0,58830275,8174610,67004885,0,0,53719000,13285885,67004885
2022-09-07,2910,2975,2855,2880,16705,-1.0309278350515463,0,-1,-515,516,0,0,0,15744,961,16705,0,1,16259,445,16705,0,-2875,-1502210,1505085,0,0,0,45344145,2796510,48140655,0,2875,46846355,1291425,48140655
2022-09-08,3000,3000,2810,2960,11044,2.7777777777777777,0,4,297,-301,0,0,4,10731,309,11044,0,0,10434,610,11044,0,11640,917735,-929375,0,0,11640,31492745,881615,32386000,0,0,30575010,1810990,32386000
2022-09-13,3220,3240,3020,3090,100416,4.391891891891892,0,0,11184,-11184,0,0,0,98567,1849,100416,0,0,87383,13033,100416,0,0,35791290,-35791290,0,0,0,306352920,5755655,312108575,0,0,270561630,41546945,312108575
2022-09-14,3000,3200,2975,3090,48806,0.0,0,0,-239,239,0,0,0,46729,2077,48806,0,0,46968,1838,48806,0,0,-654525,654525,0,0,0,145374985,6367535,151742520,0,0,146029510,5713010,151742520
2022-09-15,3090,3580,3090,3340,505103,8.090614886731391,0,3,-17132,17129,0,0,3,438972,66128,505103,0,0,456104,48999,505103,0,9945,-53548525,53538580,0,0,9945,1492019335,219636685,1711665965,0,0,1545567860,166098105,1711665965
2022-09-16,3410,3410,3275,3310,83848,-0.8982035928143712,0,3,5488,-5491,0,0,3,83466,379,83848,0,0,77978,5870,83848,0,9950,18412245,-18422195,0,0,9950,277907015,1263805,279180770,0,0,259494770,19686000,279180770
2022-09-19,3425,3425,3140,3255,81601,-1.6616314199395772,0,0,-754,754,0,0,0,77676,3925,81601,0,0,78430,3171,81601,0,0,-2298590,2298590,0,0,0,249100615,12506405,261607020,0,0,251399205,10207815,261607020
2022-09-20,3280,3380,3275,3355,73437,3.0721966205837172,0,0,-303,303,0,0,0,69683,3754,73437,0,0,69986,3451,73437,0,0,-1037610,1037610,0,0,0,231039680,12472080,243511760,0,0,232077290,11434470,243511760
2022-09-21,3420,3635,3355,3515,208691,4.769001490312966,0,0,-17255,17255,0,0,0,178729,29962,208691,0,0,195984,12707,208691,0,0,-60184200,60184200,0,0,0,634827480,105526915,740354395,0,0,695011680,45342715,740354395
2022-09-22,3490,3590,3395,3545,73710,0.8534850640113799,0,773,5145,-5918,0,0,773,69652,3285,73710,0,0,64507,9203,73710,0,2715830,18248875,-20964705,0,0,2715830,243935640,11450350,258101820,0,0,225686765,32415055,258101820
2022-09-23,3755,3755,3295,3350,143571,-5.500705218617771,0,121,12897,-13018,0,0,121,137797,5653,143571,0,0,124900,18671,143571,0,402700,45057265,-45459965,0,0,402700,473656805,19259995,493319500,0,0,428599540,64719960,493319500
2022-09-26,3430,3490,3245,3335,94867,-0.44776119402985076,0,0,6403,-6403,0,0,0,89620,5247,94867,0,0,83217,11650,94867,0,0,21305185,-21305185,0,0,0,299528390,17538620,317067010,0,0,278223205,38843805,317067010
2022-09-27,3370,3500,3345,3500,74883,4.94752623688156,0,0,-2938,2938,0,0,0,68696,6187,74883,0,0,71634,3249,74883,0,0,-10218885,10218885,0,0,0,238246235,21470770,259717005,0,0,248465120,11251885,259717005
2022-09-28,3535,3660,3480,3535,146837,1.0,0,-127,-16157,16284,0,0,0,121892,24945,146837,0,127,138049,8661,146837,0,-448945,-57944555,58393500,0,0,0,434438295,89400450,523838745,0,448945,492382850,31006950,523838745
2022-09-29,3535,3570,3380,3440,89278,-2.6874115983026874,0,0,12927,-12927,0,0,0,82594,6684,89278,0,0,69667,19611,89278,0,0,44824325,-44824325,0,0,0,286952540,23346540,310299080,0,0,242128215,68170865,310299080
2022-09-30,3505,3550,3335,3500,75240,1.744186046511628,0,0,423,-423,0,0,0,66315,8925,75240,0,0,65892,9348,75240,0,0,1961470,-1961470,0,0,0,227322185,30476630,257798815,0,0,225360715,32438100,257798815
2022-10-04,3500,3580,3440,3470,49354,-0.8571428571428572,0,0,4029,-4029,0,0,0,48714,640,49354,0,0,44685,4669,49354,0,0,14111660,-14111660,0,0,0,169705695,2234110,171939805,0,0,155594035,16345770,171939805
2022-10-05,3480,3520,3415,3450,41775,-0.5763688760806917,0,-5004,5656,-652,0,0,0,39874,1901,41775,0,5004,34218,2553,41775,0,-17217465,19489130,-2271665,0,0,0,138128735,6589340,144718075,0,17217465,118639605,8861005,144718075
2022-10-06,3450,3560,3450,3530,54754,2.318840579710145,0,52,-10410,10358,0,0,52,39913,14789,54754,0,0,50323,4431,54754,0,184860,-36239080,36054220,0,0,184860,141212660,51774260,193171780,0,0,177451740,15720040,193171780
2022-10-07,3510,3795,3510,3750,194087,6.232294617563739,0,4100,-36382,32282,0,0,4100,155583,34404,194087,0,0,191965,2122,194087,0,14896500,-133534155,118637655,0,0,14896500,578851525,126537315,720285340,0,0,712385680,7899660,720285340
2022-10-11,3630,3895,3620,3660,194804,-2.4,0,-5250,22086,-16836,0,0,0,182745,12059,194804,0,5250,160659,28895,194804,0,-19632655,84093700,-64461045,0,0,0,687866105,45726490,733592595,0,19632655,603772405,110187535,733592595
2022-10-12,3710,3925,3450,3655,120751,-0.1366120218579235,0,16,13422,-13438,0,0,16,103980,16755,120751,0,0,90558,30193,120751,0,57600,50101455,-50159055,0,0,57600,383964500,60495135,444517235,0,0,333863045,110654190,444517235
2022-10-13,3820,3820,3625,3700,118136,1.231190150478796,0,17293,-14758,-2535,0,0,17293,82810,18033,118136,0,0,97568,20568,118136,0,63859695,-54700545,-9159150,0,0,63859695,308577115,67255675,439692485,0,0,363277660,76414825,439692485
2022-10-14,3800,3860,3615,3830,104967,3.5135135135135136,0,0,4235,-4235,0,0,0,94071,10896,104967,0,0,89836,15131,104967,0,0,15810945,-15810945,0,0,0,353195685,40546335,393742020,0,0,337384740,56357280,393742020
2022-10-17,3830,4165,3730,4165,312329,8.7467362924282,0,58396,-105014,46618,0,0,64596,189716,58017,312329,0,6200,294730,11399,312329,0,237850745,-428170245,190319500,0,0,263146745,786345635,236585870,1286078250,0,25296000,1214515880,46266370,1286078250
2022-10-18,5410,5410,3935,4000,4634575,-3.961584633853541,64400,-1179,3189,-66410,0,64403,13879,4418614,137679,4634575,3,15058,4415425,204089,4634575,318256290,-4839495,-13194485,-300222310,0,318269985,65980590,20771761275,612268810,21768280660,13695,70820085,20784955760,912491120,21768280660
2022-10-19,4000,4070,3700,3750,558482,-6.25,5600,15000,-16621,-3979,0,5600,15000,494919,42963,558482,0,0,511540,46942,558482,21281000,56250000,-61224760,-16306240,0,21281000,56250000,1895427105,165142100,2138100205,0,0,1956651865,181448340,2138100205
2022-10-20,3715,3785,3500,3520,220085,-6.133333333333333,0,0,2740,-2740,0,0,0,204610,15475,220085,0,0,201870,18215,220085,0,0,10565170,-10565170,0,0,0,732546865,55337000,787883865,0,0,721981695,65902170,787883865
2022-10-21,3490,3620,3330,3505,139360,-0.4261363636363636,-2000,0,-1762,3762,0,0,0,116954,22406,139360,2000,0,118716,18644,139360,-7090000,0,-5372150,12462150,0,0,0,402040915,76225165,478266080,7090000,0,407413065,63763015,478266080
2022-10-24,3560,3640,3410,3440,115032,-1.8544935805991443,6500,0,-2267,-4233,0,6500,0,91459,17073,115032,0,0,93726,21306,115032,22937160,0,-8304765,-14632395,0,22937160,0,321206135,60609150,404752445,0,0,329510900,75241545,404752445
2022-10-25,3325,3450,3205,3245,191191,-5.6686046511627906,500,0,-18852,18352,0,500,0,150391,40300,191191,0,0,169243,21948,191191,1670000,0,-60448920,58778920,0,1670000,0,496611780,132099155,630380935,0,0,557060700,73320235,630380935
2022-10-26,3300,3300,3105,3125,128787,-3.697996918335902,2000,0,14398,-16398,0,9487,0,111724,7576,128787,7487,0,97326,23974,128787,6505115,0,45623505,-52128620,0,30211150,0,352818205,23921555,406950910,23706035,0,307194700,76050175,406950910
2022-10-27,3100,3230,3100,3145,61595,0.64,0,0,-7693,7693,0,0,0,50104,11491,61595,0,0,57797,3798,61595,0,0,-24556180,24556180,0,0,0,159349140,36670120,196019260,0,0,183905320,12113940,196019260
2022-10-28,3140,3260,3020,3050,72561,-3.0206677265500796,-4000,0,18869,-14869,0,0,0,63426,9135,72561,4000,0,44557,24004,72561,-12283155,0,58765110,-46481955,0,0,0,197973125,28284030,226257155,12283155,0,139208015,74765985,226257155
2022-10-31,3190,3190,3060,3120,44229,2.2950819672131146,-4990,-65,6351,-1296,0,0,0,42342,1887,44229,4990,65,35991,3183,44229,-15421255,-200530,19609915,-3988130,0,0,0,130939945,5879025,136818970,15421255,200530,111330030,9867155,136818970
2022-11-01,3025,3250,3005,3205,74941,2.7243589743589745,-2010,0,-8726,10736,0,0,0,60443,14498,74941,2010,0,69169,3762,74941,-6512150,0,-26563830,33075980,0,0,0,190547285,44901865,235449150,6512150,0,217111115,11825885,235449150
2022-11-02,3200,3360,3115,3205,49485,0.0,-1830,0,-692,2522,0,0,0,40676,8809,49485,1830,0,41368,6287,49485,-5753845,0,-2050940,7804785,0,0,0,130336100,28054410,158390510,5753845,0,132387040,20249625,158390510
2022-11-03,3195,3250,3070,3200,28850,-0.15600624024961,0,0,261,-261,0,0,0,27633,1217,28850,0,0,27372,1478,28850,0,0,822645,-822645,0,0,0,87728680,3865395,91594075,0,0,86906035,4688040,91594075
2022-11-04,3275,3450,3170,3395,106879,6.09375,3830,0,-10882,7052,0,3830,0,74820,28229,106879,0,0,85702,21177,106879,12650805,0,-36290135,23639330,0,12650805,0,248206805,93513315,354370925,0,0,284496940,69873985,354370925
2022-11-07,3450,3460,3255,3400,60215,0.14727540500736377,0,0,6024,-6024,0,0,0,54692,5523,60215,0,0,48668,11547,60215,0,0,20548265,-20548265,0,0,0,186500495,18787480,205287975,0,0,165952230,39335745,205287975
2022-11-08,3495,3495,3200,3330,85724,-2.0588235294117645,0,0,-4327,4327,0,0,0,70913,14811,85724,0,0,75240,10484,85724,0,0,-14487180,14487180,0,0,0,235352355,49404055,284756410,0,0,249839535,34916875,284756410
2022-11-09,3275,3335,3220,3305,36393,-0.7507507507507507,0,2650,-1809,-841,0,0,2650,30417,3326,36393,0,0,32226,4167,36393,0,8701425,-5909490,-2791935,0,0,8701425,99611535,10924315,119237275,0,0,105521025,13716250,119237275
2022-11-10,3330,3500,3265,3290,56053,-0.45385779122541603,0,7492,-3367,-4125,0,0,7492,46985,1576,56053,0,0,50352,5701,56053,0,24607885,-10639480,-13968405,0,0,24607885,158058980,5229745,187896610,0,0,168698460,19198150,187896610
2022-11-11,3360,3400,3290,3345,51563,1.6717325227963524,0,0,1469,-1469,0,0,0,50345,1218,51563,0,0,48876,2687,51563,0,0,4883880,-4883880,0,0,0,167050480,4054090,171104570,0,0,162166600,8937970,171104570
2022-11-14,3415,3445,3150,3375,56873,0.8968609865470852,9000,0,-9725,725,0,9000,0,39308,8565,56873,0,0,49033,7840,56873,29875595,0,-32081575,2205980,0,29875595,0,130461985,28325430,188663010,0,0,162543560,26119450,188663010
2022-11-15,3370,3400,3300,3330,48835,-1.3333333333333335,0,19064,-20789,1725,0,0,19064,25446,4325,48835,0,0,46235,2600,48835,0,63530825,-69349635,5818810,0,0,63530825,84943985,14492540,162967350,0,0,154293620,8673730,162967350
2022-11-16,3340,3350,3290,3345,23238,0.45045045045045046,-8000,0,8825,-825,0,0,0,21962,1276,23238,8000,0,13137,2101,23238,-26460000,0,29216270,-2756270,0,0,0,72854365,4251920,77106285,26460000,0,43638095,7008190,77106285
2022-11-17,3400,3400,3235,3275,34391,-2.092675635276532,0,7329,-7049,-280,0,0,7329,25586,1476,34391,0,0,32635,1756,34391,0,23807395,-22868190,-939205,0,0,23807395,83400735,4818095,112026225,0,0,106268925,5757300,112026225
2022-11-18,3275,3345,3165,3180,52576,-2.900763358778626,0,11450,-7651,-3799,0,0,11450,40618,508,52576,0,0,48269,4307,52576,0,36631750,-24183475,-12448275,0,0,36631750,130997440,1640415,169269605,0,0,155180915,14088690,169269605
2022-11-21,3180,3180,3050,3105,21126,-2.358490566037736,6000,0,-10379,4379,0,6000,0,10197,4929,21126,0,0,20576,550,21126,18659340,0,-32240770,13581430,0,18659340,0,31667575,15295100,65622015,0,0,63908345,1713670,65622015
2022-11-22,3035,3170,3035,3105,24067,0.0,1000,0,-2539,1539,0,1000,0,19300,3767,24067,0,0,21839,2228,24067,3095000,0,-7890390,4795390,0,3095000,0,59749850,11687385,74532235,0,0,67640240,6891995,74532235
2022-11-23,3105,3195,3065,3110,20554,0.1610305958132045,0,0,-534,534,0,0,0,18281,2273,20554,0,0,18815,1739,20554,0,0,-1624665,1624665,0,0,0,56540985,7027275,63568260,0,0,58165650,5402610,63568260
2022-11-24,3110,3185,3080,3145,41895,1.1254019292604502,-28000,0,22608,5392,0,0,0,36268,5627,41895,28000,0,13660,235,41895,-86895660,0,69987040,16908620,0,0,0,112886200,17639075,130525275,86895660,0,42899160,730455,130525275
2022-11-25,3125,3215,3125,3175,16783,0.9538950715421303,-1000,0,4224,-3224,0,0,0,15970,813,16783,1000,0,11746,4037,16783,-3160000,0,13387190,-10227190,0,0,0,50535915,2555340,53091255,3160000,0,37148725,12782530,53091255
2022-11-28,3185,3280,3130,3175,23516,0.0,0,1313,2777,-4090,0,0,1313,22007,196,23516,0,0,19230,4286,23516,0,4239095,8878825,-13117920,0,0,4239095,70020215,620935,74880245,0,0,61141390,13738855,74880245
2022-11-29,3100,3280,3100,3250,57080,2.3622047244094486,0,0,-7842,7842,0,0,0,46152,10928,57080,0,0,53994,3086,57080,0,0,-25436020,25436020,0,0,0,149346765,35390810,184737575,0,0,174782785,9954790,184737575
2022-11-30,3300,3320,3250,3270,26452,0.6153846153846154,0,0,-3117,3117,0,0,0,20790,5662,26452,0,0,23907,2545,26452,0,0,-10302320,10302320,0,0,0,68157405,18649455,86806860,0,0,78459725,8347135,86806860
2022-12-01,3330,3450,3270,3435,74678,5.045871559633028,-8000,37,-8981,16944,0,0,37,51950,22691,74678,8000,0,60931,5747,74678,-27415260,121915,-30540145,57833490,0,0,121915,175460355,76933075,252515345,27415260,0,206000500,19099585,252515345
2022-12-02,3420,3615,3380,3545,143319,3.2023289665211063,10534,14368,-27869,2967,0,10534,14368,106910,11507,143319,0,0,134779,8540,143319,36963920,51082025,-98542180,10496235,0,36963920,51082025,376614705,40769270,505429920,0,0,475156885,30273035,505429920
2022-12-05,3560,3850,3550,3715,299120,4.795486600846263,-18400,1,2344,16055,0,0,1,261513,37606,299120,18400,0,259169,21551,299120,-69282985,3770,8875085,60404130,0,0,3770,981563020,141383640,1122950430,69282985,0,972687935,80979510,1122950430
2022-12-06,3655,3770,3550,3770,145354,1.4804845222072678,-17056,-8691,31283,-5536,0,0,0,129280,16074,145354,17056,8691,97997,21610,145354,-63204590,-31006405,115367665,-21156670,0,0,0,474922400,58819735,533742135,63204590,31006405,359554735,79976405,533742135
2022-12-07,3805,4050,3640,4025,319461,6.763925729442971,-5078,-5777,-12858,23713,0,0,0,269409,50052,319461,5078,5777,282267,26339,319461,-20270440,-23047270,-51281110,94598820,0,0,0,1062882425,198068645,1260951070,20270440,23047270,1114163535,103469825,1260951070
2022-12-08,4025,4180,3850,3890,207696,-3.354037267080745,-5000,3000,47054,-45054,0,0,3000,182503,22193,207696,5000,0,135449,67247,207696,-19730000,12448950,187108885,-179827835,0,0,12448950,726785505,89159305,828393760,19730000,0,539676620,268987140,828393760
2022-12-09,3990,3990,3510,3585,263411,-7.840616966580977,0,0,-14307,14307,0,0,0,221184,42227,263411,0,0,235491,27920,263411,0,0,-51837820,51837820,0,0,0,812427565,156305815,968733380,0,0,864265385,104467995,968733380
2022-12-12,3680,3800,3630,3710,109406,3.486750348675035,0,0,-16475,16475,0,0,0,78639,30767,109406,0,0,95114,14292,109406,0,0,-60284380,60284380,0,0,0,291354750,113536010,404890760,0,0,351639130,53251630,404890760
2022-12-13,3730,3795,3630,3710,66958,0.0,0,-3001,16600,-13599,0,0,0,59864,7094,66958,0,3001,43264,20693,66958,0,-10959910,61087675,-50127765,0,0,0,220340115,26286460,246626575,0,10959910,159252440,76414225,246626575
2022-12-14,3730,3730,3625,3690,40599,-0.5390835579514826,0,0,14658,-14658,0,0,0,38106,2493,40599,0,0,23448,17151,40599,0,0,53726605,-53726605,0,0,0,139527880,9155695,148683575,0,0,85801275,62882300,148683575
2022-12-15,3700,3700,3605,3610,60518,-2.168021680216802,0,0,10134,-10134,0,0,0,60332,186,60518,0,0,50198,10320,60518,0,0,36910580,-36910580,0,0,0,218941105,673640,219614745,0,0,182030525,37584220,219614745
2022-12-16,3610,3695,3380,3610,55866,0.0,0,0,-1833,1833,0,0,0,50113,5753,55866,0,0,51946,3920,55866,0,0,-6427620,6427620,0,0,0,180134050,20661995,200796045,0,0,186561670,14234375,200796045
2022-12-19,3610,3615,3495,3600,65062,-0.2770083102493075,-4000,0,10089,-6089,0,0,0,60570,4492,65062,4000,0,50481,10581,65062,-14280000,0,36064510,-21784510,0,0,0,215656225,15935125,231591350,14280000,0,179591715,37719635,231591350
2022-12-20,3610,3730,3400,3560,62581,-1.1111111111111112,0,0,6168,-6168,0,0,0,56246,6335,62581,0,0,50078,12503,62581,0,0,22226340,-22226340,0,0,0,204668135,23128785,227796920,0,0,182441795,45355125,227796920
2022-12-21,3565,3685,3510,3625,28464,1.8258426966292134,0,0,-976,976,0,0,0,25315,3149,28464,0,0,26291,2173,28464,0,0,-3291740,3291740,0,0,0,90890230,11205485,102095715,0,0,94181970,7913745,102095715
2022-12-22,3625,3700,3600,3615,38311,-0.27586206896551724,0,467,597,-1064,0,0,467,37520,324,38311,0,0,36923,1388,38311,0,1694310,2164685,-3858995,0,0,1694310,135873420,1175850,138743580,0,0,133708735,5034845,138743580
2022-12-23,3615,3615,3510,3570,31888,-1.2448132780082988,0,0,-2021,2021,0,0,0,27595,4293,31888,0,0,29616,2272,31888,0,0,-7213750,7213750,0,0,0,98742685,15362920,114105605,0,0,105956435,8149170,114105605
2022-12-26,3570,3650,3400,3405,70219,-4.621848739495799,0,0,-4887,4887,0,0,0,55476,14743,70219,0,0,60363,9856,70219,0,0,-15371630,15371630,0,0,0,193828235,50259160,244087395,0,0,209199865,34887530,244087395
2022-12-27,3585,3895,3485,3670,247694,7.782672540381791,0,0,-50625,50625,0,0,0,174809,72885,247694,0,0,225434,22260,247694,0,0,-184741160,184741160,0,0,0,645099515,267989065,913088580,0,0,829840675,83247905,913088580
2022-12-28,3900,3900,3670,3695,178083,0.6811989100817438,0,7454,-546,-6908,0,0,10514,138909,28660,178083,0,3060,139455,35568,178083,0,29091560,-2671670,-26419890,0,0,40339215,525410150,108253505,674002870,0,11247655,528081820,134673395,674002870
2022-12-29,3685,3685,3505,3570,70078,-3.3829499323410013,0,-7454,16606,-9152,0,0,0,66450,3628,70078,0,7454,49844,12780,70078,0,-26484905,59468395,-32983490,0,0,0,237296180,12880450,250176630,0,26484905,177827785,45863940,250176630
2023-01-02,3570,3570,3410,3430,72655,-3.9215686274509802,0,15,1129,-1144,0,0,15,61778,10862,72655,0,0,60649,12006,72655,0,52500,4114600,-4167100,0,0,52500,213525790,37543765,251122055,0,0,209411190,41710865,251122055
2023-01-03,3500,3525,3360,3465,50639,1.0204081632653061,0,0,343,-343,0,0,0,38587,12052,50639,0,0,38244,12395,50639,0,0,906490,-906490,0,0,0,132742705,41579595,174322300,0,0,131836215,42486085,174322300
2023-01-04,3430,3555,3430,3465,20454,0.0,0,131,114,-245,0,0,131,17832,2491,20454,0,0,17718,2736,20454,0,457100,418645,-875745,0,0,457100,62054175,8665675,71176950,0,0,61635530,9541420,71176950
2023-01-05,3465,3730,3420,3565,58275,2.886002886002886,0,1,-6207,6206,0,0,1,47806,10468,58275,0,0,54013,4262,58275,0,3530,-21496945,21493415,0,0,3530,167656230,36675675,204335435,0,0,189153175,15182260,204335435
2023-01-06,3640,3640,3505,3515,51568,-1.402524544179523,0,150,2419,-2569,0,0,150,46139,5279,51568,0,0,43720,7848,51568,0,525750,8390820,-8916570,0,0,525750,163648845,18829725,183004320,0,0,155258025,27746295,183004320
2023-01-09,3530,3670,3530,3650,69451,3.8406827880512093,0,-108,-14612,14720,0,0,0,51695,17756,69451,0,108,66307,3036,69451,0,-393580,-53211430,53605010,0,0,0,187241370,64555425,251796795,0,393580,240452800,10950415,251796795
2023-01-10,3700,3770,3610,3615,56805,-0.9589041095890412,0,-43,-387,430,0,0,0,52328,4477,56805,0,43,52715,4047,56805,0,-161250,-1442505,1603755,0,0,0,192573190,16492705,209065895,0,161250,194015695,14888950,209065895
2023-01-11,3700,3700,3610,3620,51841,0.13831258644536654,0,0,10078,-10078,0,0,0,51356,485,51841,0,0,41278,10563,51841,0,0,36614380,-36614380,0,0,0,186716240,1765455,188481695,0,0,150101860,38379835,188481695
2023-01-12,3730,3730,3600,3635,40012,0.4143646408839779,0,2269,1952,-4221,0,0,2269,34087,3656,40012,0,0,32135,7877,40012,0,8202435,7136150,-15338585,0,0,8202435,123516985,13238270,144957690,0,0,116380835,28576855,144957690
2023-01-13,3690,3780,3615,3695,51631,1.6506189821182942,0,4038,-10538,6500,0,0,4038,40309,7284,51631,0,0,50847,784,51631,0,14679890,-38449200,23769310,0,0,14679890,147190175,26629970,188500035,0,0,185639375,2860660,188500035
2023-01-16,3690,3870,3680,3735,113525,1.0825439783491204,0,11922,-34868,22946,0,0,11922,71198,30405,113525,0,0,106066,7459,113525,0,45097930,-131852860,86754930,0,0,45097930,269297650,115232855,429628435,0,0,401150510,28477925,429628435
2023-01-17,3700,3780,3690,3740,55852,0.13386880856760375,0,5828,-5150,-678,0,0,5828,45284,4740,55852,0,0,50434,5418,55852,0,21646380,-19210735,-2435645,0,0,21646380,168219950,17671580,207537910,0,0,187430685,20107225,207537910
2023-01-18,3815,3930,3725,3900,117339,4.27807486631016,0,2048,-39686,37638,0,0,2048,73180,42111,117339,0,0,112866,4473,117339,0,7963760,-152815315,144851555,0,0,7963760,281269725,162154105,451387590,0,0,434085040,17302550,451387590
2023-01-19,3900,4200,3900,4155,268494,6.538461538461539,1000,1000,-34448,32448,0,1000,1000,214352,52142,268494,0,0,248800,19694,268494,4122500,4096625,-140829910,132610785,0,4122500,4096625,878821260,212797000,1099837385,0,0,1019651170,80186215,1099837385
2023-01-20,4165,4295,4140,4200,135940,1.083032490974729,0,1,7325,-7326,0,0,1,125429,10510,135940,0,0,118104,17836,135940,0,4295,31110720,-31115015,0,0,4295,528453145,44156400,572613840,0,0,497342425,75271415,572613840
2023-01-25,4245,4275,3995,4085,192387,-2.738095238095238,0,350,7960,-8310,0,0,350,167285,24752,192387,0,0,159325,33062,192387,0,1403250,32173580,-33576830,0,0,1403250,682428295,101645745,785477290,0,0,650254715,135222575,785477290
2023-01-26,4085,4140,4020,4040,78007,-1.101591187270502,825,-200,6129,-6754,0,825,150,68039,8993,78007,0,350,61910,15747,78007,3332500,-843500,25040625,-27529625,0,3332500,603750,276652910,36843315,317432475,0,1447250,251612285,64372940,317432475
2023-01-27,4050,4090,4000,4080,96865,0.9900990099009901,802,102,-19351,18447,0,802,102,67632,28329,96865,0,0,86983,9882,96865,3234340,413100,-77726125,74078685,0,3234340,413100,273482450,114190130,391320020,0,0,351208575,40111445,391320020
2023-01-30,4280,4300,4015,4230,289587,3.6764705882352944,0,-759,-28110,28869,0,0,391,210893,78303,289587,0,1150,239003,49434,289587,0,-3109615,-122023475,125133090,0,0,1640135,881757400,329662235,1213059770,0,4749750,1003780875,204529145,1213059770
2023-01-31,4245,4290,4120,4185,50458,-1.0638297872340425,0,0,15268,-15268,0,0,0,44605,5853,50458,0,0,29337,21121,50458,0,0,63854970,-63854970,0,0,0,187496850,24827920,212324770,0,0,123641880,88682890,212324770
2023-02-01,4180,4185,4050,4125,86793,-1.4336917562724014,0,0,27464,-27464,0,0,0,85639,1154,86793,0,0,58175,28618,86793,0,0,112279115,-112279115,0,0,0,350152690,4721915,354874605,0,0,237873575,117001030,354874605
2023-02-02,4125,4125,3950,4000,148053,-3.0303030303030303,324,218,27854,-28396,0,324,478,142622,4629,148053,0,260,114768,33025,148053,1294380,867950,111839965,-114002295,0,1294380,1911125,571675090,18548200,593428795,0,1043175,459835125,132550495,593428795
2023-02-03,4000,4110,3930,4100,129837,2.5,30000,-1129,6168,-35039,0,30000,101,92652,7084,129837,0,1230,86484,42123,129837,122141345,-4559185,24735005,-142317165,0,122141345,399985,372281070,28638265,523460665,0,4959170,347546065,170955430,523460665
2023-02-06,4110,4470,4050,4445,466037,8.414634146341465,70000,-19362,-193314,142676,0,70000,2414,234482,159141,466037,0,21776,427796,16465,466037,307659580,-86274140,-840183435,618797995,0,307659580,10679200,1022717675,690476350,2031532805,0,96953340,1862901110,71678355,2031532805
2023-02-07,4445,4445,4305,4445,106873,0.0,0,0,20744,-20744,0,0,0,98066,8807,106873,0,0,77322,29551,106873,0,0,90156770,-90156770,0,0,0,426761580,38344260,465105840,0,0,336604810,128501030,465105840
2023-02-08,4455,4555,4355,4400,126377,-1.0123734533183353,0,0,4223,-4223,0,0,0,114624,11753,126377,0,0,110401,15976,126377,0,0,18543110,-18543110,0,0,0,507110565,51871750,558982315,0,0,488567455,70414860,558982315
2023-02-09,4360,4665,4315,4570,171282,3.8636363636363633,0,-6742,-8194,14936,0,0,0,128561,42721,171282,0,6742,136755,27785,171282,0,-30920120,-37722635,68642755,0,0,0,583880645,194643465,778524110,0,30920120,621603280,126000710,778524110
2023-02-10,4570,4665,4500,4500,87379,-1.5317286652078774,0,-6502,21633,-15131,0,0,0,80029,7350,87379,0,6502,58396,22481,87379,0,-29821850,98640675,-68818825,0,0,0,365954260,33887555,399841815,0,29821850,267313585,102706380,399841815
2023-02-13,4500,4770,4380,4725,169095,5.0,0,-950,-27063,28013,0,0,0,120534,48561,169095,0,950,147597,20548,169095,0,-4468000,-127267785,131735785,0,0,0,561161080,225949830,787110910,0,4468000,688428865,94214045,787110910
2023-02-14,4725,4800,4610,4680,107093,-0.9523809523809524,0,0,38886,-38886,0,0,0,103671,3422,107093,0,0,64785,42308,107093,0,0,182902890,-182902890,0,0,0,486936145,16129055,503065200,0,0,304033255,199031945,503065200
2023-02-15,4680,4745,4570,4630,48345,-1.0683760683760684,0,0,4139,-4139,0,0,0,43938,4407,48345,0,0,39799,8546,48345,0,0,19216630,-19216630,0,0,0,202589230,20274505,222863735,0,0,183372600,39491135,222863735
2023-02-16,4630,4745,4535,4575,44292,-1.187904967602592,0,0,10040,-10040,0,0,0,42086,2206,44292,0,0,32046,12246,44292,0,0,45977475,-45977475,0,0,0,192488615,10066610,202555225,0,0,146511140,56044085,202555225
2023-02-17,4570,4630,4500,4600,36840,0.546448087431694,0,0,3169,-3169,0,0,0,34241,2599,36840,0,0,31072,5768,36840,0,0,14432980,-14432980,0,0,0,156373680,11868845,168242525,0,0,141940700,26301825,168242525
2023-02-20,4600,4640,4510,4595,34811,-0.10869565217391304,0,-2311,5667,-3356,0,0,0,32925,1886,34811,0,2311,27258,5242,34811,0,-10549715,25989815,-15440100,0,0,0,150417495,8579750,158997245,0,10549715,124427680,24019850,158997245
2023-02-21,4595,4750,4445,4545,58140,-1.088139281828074,0,80,10662,-10742,0,0,80,57987,73,58140,0,0,47325,10815,58140,0,362310,48452695,-48815005,0,0,362310,263449825,335505,264147640,0,0,214997130,49150510,264147640
2023-02-22,4450,4730,4425,4515,67963,-0.6600660066006601,0,0,881,-881,0,0,0,60696,7267,67963,0,0,59815,8148,67963,0,0,4142170,-4142170,0,0,0,274072855,32495155,306568010,0,0,269930685,36637325,306568010
2023-02-23,4650,4650,4455,4490,40037,-0.5537098560354374,0,0,3305,-3305,0,0,0,36376,3661,40037,0,0,33071,6966,40037,0,0,14995965,-14995965,0,0,0,163890560,16445140,180335700,0,0,148894595,31441105,180335700
2023-02-24,4600,4600,4440,4490,38857,0.0,0,0,12070,-12070,0,0,0,35986,2871,38857,0,0,23916,14941,38857,0,0,54735415,-54735415,0,0,0,162481945,12775850,175257795,0,0,107746530,67511265,175257795
2023-02-27,4490,4740,4430,4540,121543,1.1135857461024499,0,0,-18829,18829,0,0,0,87801,33742,121543,0,0,106630,14913,121543,0,0,-84333065,84333065,0,0,0,399929255,152486055,552415310,0,0,484262320,68152990,552415310
2023-02-28,4465,4585,4465,4530,21436,-0.22026431718061676,0,0,3613,-3613,0,0,0,19596,1840,21436,0,0,15983,5453,21436,0,0,16543140,-16543140,0,0,0,88853395,8299125,97152520,0,0,72310255,24842265,97152520
2023-03-02,4535,4675,4520,4635,75303,2.3178807947019866,0,0,-28616,28616,0,0,0,41624,33679,75303,0,0,70240,5063,75303,0,0,-131975075,131975075,0,0,0,192091180,155212845,347304025,0,0,324066255,23237770,347304025
2023-03-03,4635,4730,4500,4550,66528,-1.8338727076591153,0,21,10584,-10605,0,0,21,64128,2379,66528,0,0,53544,12984,66528,0,95835,48780980,-48876815,0,0,95835,294253785,10850585,305200205,0,0,245472805,59727400,305200205
2023-03-06,4600,4745,4415,4620,111420,1.5384615384615385,0,21,17044,-17065,0,0,22,106287,5111,111420,0,1,89243,22176,111420,0,93760,76794785,-76888545,0,0,98200,479566195,22732735,502397130,0,4440,402771410,99621280,502397130
2023-03-07,4625,4660,4400,4530,86009,-1.948051948051948,0,-5108,36560,-31452,0,0,19,80838,5152,86009,0,5127,44278,36604,86009,0,-23347065,163557570,-140210505,0,0,84040,361402145,22860390,384346575,0,23431105,197844575,163070895,384346575
2023-03-08,4530,4530,4355,4390,55901,-3.090507726269316,0,15,3306,-3321,0,0,15,52014,3872,55901,0,0,48708,7193,55901,0,65625,14672055,-14737680,0,0,65625,228229615,16895525,245190765,0,0,213557560,31633205,245190765
2023-03-09,4490,4490,4160,4425,82709,0.7972665148063782,0,34,10297,-10331,0,0,35,76378,6296,82709,0,1,66081,16627,82709,0,144510,44721135,-44865645,0,0,148775,326561080,26707445,353417300,0,4265,281839945,71573090,353417300
2023-03-10,4390,4400,4150,4215,54931,-4.745762711864407,0,5,9728,-9733,0,0,5,51276,3650,54931,0,0,41548,13383,54931,0,21235,41618645,-41639880,0,0,21235,217519920,15528705,233069860,0,0,175901275,57168585,233069860
2023-03-13,4200,4200,3955,4050,84250,-3.9145907473309607,0,40,-21445,21405,0,0,40,52850,31360,84250,0,0,74295,9955,84250,0,161600,-86431535,86269935,0,0,161600,213217540,126365490,339744630,0,0,299649075,40095555,339744630
2023-03-14,4050,4160,3850,4145,64694,2.345679012345679,0,0,6290,-6290,0,0,0,58139,6555,64694,0,0,51849,12845,64694,0,0,25179445,-25179445,0,0,0,230080390,25445640,255526030,0,0,204900945,50625085,255526030
2023-03-15,4160,4290,3995,4155,50853,0.24125452352231602,0,0,15318,-15318,0,0,0,45496,5357,50853,0,0,30178,20675,50853,0,0,63170770,-63170770,0,0,0,186976410,21867760,208844170,0,0,123805640,85038530,208844170
2023-03-16,4115,4115,3960,4000,27351,-3.730445246690734,0,-74,9764,-9690,0,0,0,25046,2305,27351,0,74,15282,11995,27351,0,-295630,39263585,-38967955,0,0,0,100465965,9230730,109696695,0,295630,61202380,48198685,109696695
2023-03-17,4165,4200,3995,4060,39534,1.5,0,-43,826,-783,0,0,0,32597,6937,39534,0,43,31771,7720,39534,0,-178665,3389020,-3210355,0,0,0,131724085,28011145,159735230,0,178665,128335065,31221500,159735230
2023-03-20,4190,4280,3985,4185,28976,3.0788177339901477,0,-700,1819,-1119,0,0,0,27573,1403,28976,0,700,25754,2522,28976,0,-2858500,7617700,-4759200,0,0,0,113409575,5702265,119111840,0,2858500,105791875,10461465,119111840
2023-03-21,4190,4190,4085,4145,21027,-0.955794504181601,0,-36,1555,-1519,0,0,0,19841,1186,21027,0,36,18286,2705,21027,0,-149400,6431190,-6281790,0,0,0,81626925,4868315,86495240,0,149400,75195735,11150105,86495240
2023-03-22,4145,4250,4080,4145,15938,0.0,0,0,6492,-6492,0,0,0,15737,201,15938,0,0,9245,6693,15938,0,0,26919865,-26919865,0,0,0,65082240,827370,65909610,0,0,38162375,27747235,65909610
2023-03-23,4010,4195,3850,4095,47184,-1.2062726176115801,0,0,3258,-3258,0,0,0,43357,3827,47184,0,0,40099,7085,47184,0,0,13691690,-13691690,0,0,0,176761960,15537320,192299280,0,0,163070270,29229010,192299280
2023-03-24,4190,4190,3960,4035,35947,-1.465201465201465,0,0,-145,145,0,0,0,31396,4551,35947,0,0,31541,4406,35947,0,0,-395910,395910,0,0,0,127154345,18321495,145475840,0,0,127550255,17925585,145475840
2023-03-27,4160,4160,3985,4020,32361,-0.37174721189591076,0,-200,9491,-9291,0,0,0,31991,370,32361,0,200,22500,9661,32361,0,-801000,38104425,-37303425,0,0,0,128238635,1503750,129742385,0,801000,90134210,38807175,129742385
2023-03-28,3960,4185,3960,4035,27537,0.3731343283582089,0,0,-4592,4592,0,0,0,22289,5248,27537,0,0,26881,656,27537,0,0,-18372165,18372165,0,0,0,89294340,21024320,110318660,0,0,107666505,2652155,110318660
2023-03-29,4035,4205,4000,4185,48520,3.717472118959108,600,-99,-12849,12348,0,600,1,31397,16522,48520,0,100,44246,4174,48520,2410500,-407820,-53026575,51023895,0,2410500,4180,129156135,68213000,199783815,0,412000,182182710,17189105,199783815
2023-03-30,4185,4250,4120,4245,31767,1.4336917562724014,2000,0,-12892,10892,0,2000,0,17120,12647,31767,0,0,30012,1755,31767,8240000,0,-53777560,45537560,0,8240000,0,71138130,52861030,132239160,0,0,124915690,7323470,132239160
2023-03-31,4300,4300,4105,4105,30762,-3.297997644287397,0,0,8762,-8762,0,0,0,30254,508,30762,0,0,21492,9270,30762,0,0,36389585,-36389585,0,0,0,125441210,2110205,127551415,0,0,89051625,38499790,127551415
2023-04-03,4065,4300,4065,4120,25177,0.3654080389768575,0,-2350,3276,-926,0,0,0,24452,725,25177,0,2350,21176,1651,25177,0,-9615750,13454920,-3839170,0,0,0,100245695,2972030,103217725,0,9615750,86790775,6811200,103217725
2023-04-04,4120,4145,4075,4110,22861,-0.24271844660194172,2453,-2046,-5659,5252,0,2453,0,14565,5843,22861,0,2046,20224,591,22861,9995975,-8410600,-23095225,21509850,0,9995975,0,59742940,23943295,93682210,0,8410600,82838165,2433445,93682210
2023-04-05,4090,4130,4045,4080,32661,-0.7299270072992701,7376,-1485,-7635,1744,0,7376,0,20444,4841,32661,0,1485,28079,3097,32661,29995100,-6067580,-31114450,7186930,0,29995100,0,83371655,19822960,133189715,0,6067580,114486105,12636030,133189715
2023-04-06,4100,4200,3990,4080,39602,0.0,0,-1293,5303,-4010,0,0,0,38296,1306,39602,0,1293,32993,5316,39602,0,-5267680,21477375,-16209695,0,0,0,154747765,5282445,160030210,0,5267680,133270390,21492140,160030210
2023-04-07,4080,4110,4030,4075,66739,-0.12254901960784313,2475,-10220,-561,8306,0,2475,0,51329,12935,66739,0,10220,51890,4629,66739,9999000,-41602860,-2240950,33844810,0,9999000,0,208354655,52632225,270985880,0,41602860,210595605,18787415,270985880
2023-04-10,4150,4150,3980,4010,62041,-1.5950920245398774,5962,-1025,6298,-11235,0,5962,0,52620,3459,62041,0,1025,46322,14694,62041,23980025,-4090090,25382405,-45272340,0,23980025,0,210887525,13870525,248738075,0,4090090,185505120,59142865,248738075
2023-04-11,4060,4095,3990,4030,47138,0.4987531172069825,2506,-1,-12178,9673,0,2506,0,30083,14549,47138,0,1,42261,4876,47138,9998940,-4030,-48801235,38806325,0,9998940,0,120928130,58416240,189343310,0,4030,169729365,19609915,189343310
2023-04-12,4145,4145,3990,4050,51573,0.49627791563275436,4011,0,1250,-5261,0,4011,0,42190,5372,51573,0,0,40940,10633,51573,16034090,0,5152075,-21186165,0,16034090,0,169052210,21548930,206635230,0,0,163900135,42735095,206635230
2023-04-13,4050,4050,3980,4050,37907,0.0,2993,0,6778,-9771,0,2993,0,30708,4206,37907,0,0,23930,13977,37907,12019430,0,27295980,-39315410,0,12019430,0,122960770,16793370,151773570,0,0,95664790,56108780,151773570
2023-04-14,4150,4300,4140,4210,95682,3.950617283950617,0,0,-13257,13257,0,0,0,76188,19494,95682,0,0,89445,6237,95682,0,0,-56134390,56134390,0,0,0,321092960,82468480,403561440,0,0,377227350,26334090,403561440
2023-04-17,4355,4640,4255,4635,310660,10.09501187648456,0,-6988,-51974,58962,0,0,1,237777,72882,310660,0,6989,289751,13920,310660,0,-32309415,-233047190,265356605,0,0,4600,1069208385,326775235,1395988220,0,32314015,1302255575,61418630,1395988220
2023-04-18,4630,4630,4410,4510,107419,-2.696871628910464,2211,75,9530,-11816,0,2211,76,98262,6870,107419,0,1,88732,18686,107419,10015850,336780,42972370,-53325000,0,10015850,341240,441642635,30988370,482988095,0,4460,398670265,84313370,482988095
2023-04-19,4500,4575,4285,4490,45855,-0.4434589800443459,0,0,10550,-10550,0,0,0,44350,1505,45855,0,0,33800,12055,45855,0,0,47137825,-47137825,0,0,0,197222310,6626525,203848835,0,0,150084485,53764350,203848835
2023-04-20,4475,4600,4300,4405,57148,-1.893095768374165,0,0,16965,-16965,0,0,0,56562,586,57148,0,0,39597,17551,57148,0,0,74504030,-74504030,0,0,0,247424960,2540255,249965215,0,0,172920930,77044285,249965215
2023-04-21,4380,4400,4250,4350,45000,-1.2485811577752552,0,0,8029,-8029,0,0,0,43251,1749,45000,0,0,35222,9778,45000,0,0,34999910,-34999910,0,0,0,186694460,7527455,194221915,0,0,151694550,42527365,194221915
2023-04-24,4350,4350,4175,4245,37244,-2.413793103448276,0,120,8622,-8742,0,0,120,34126,2998,37244,0,0,25504,11740,37244,0,518400,36358165,-36876565,0,0,518400,143943195,12610685,157072280,0,0,107585030,49487250,157072280
2023-04-25,4250,4300,4135,4240,32756,-0.11778563015312131,0,-5204,14036,-8832,0,0,0,32134,622,32756,0,5204,18098,9454,32756,0,-21675740,59072130,-37396390,0,0,0,135326175,2612055,137938230,0,21675740,76254045,40008445,137938230
2023-04-26,4250,4250,4155,4205,30174,-0.8254716981132075,0,0,1831,-1831,0,0,0,29065,1109,30174,0,0,27234,2940,30174,0,0,7677965,-7677965,0,0,0,121807545,4680085,126487630,0,0,114129580,12358050,126487630
2023-04-27,4200,4285,4200,4265,24711,1.426872770511296,0,0,-2136,2136,0,0,0,20471,4240,24711,0,0,22607,2104,24711,0,0,-9002535,9002535,0,0,0,86725640,17946475,104672115,0,0,95728175,8943940,104672115
2023-04-28,4265,4420,4265,4395,89177,3.048065650644783,0,0,-14162,14162,0,0,0,72889,16288,89177,0,0,87051,2126,89177,0,0,-61663015,61663015,0,0,0,317243255,70991550,388234805,0,0,378906270,9328535,388234805
2023-05-02,4455,4550,4350,4370,84291,-0.5688282138794084,1548,1,-6947,5398,0,1548,1,74011,8731,84291,0,0,80958,3333,84291,6759675,4395,-30897405,24133335,0,6759675,4395,329277790,38986770,375028630,0,0,360175195,14853435,375028630
2023-05-03,4390,4390,4300,4390,35025,0.4576659038901602,3437,-1,-439,-2997,0,3437,0,29662,1926,35025,0,1,30101,4923,35025,14957485,-4325,-1808895,-13144265,0,14957485,0,128729115,8344665,152031265,0,4325,130538010,21488930,152031265
2023-05-04,4390,4490,4305,4430,22224,0.9111617312072893,2594,0,964,-3558,0,2594,0,18993,637,22224,0,0,18029,4195,22224,11364900,0,4278950,-15643850,0,11364900,0,83220555,2751205,97336660,0,0,78941605,18395055,97336660
2023-05-08,4430,4500,4365,4420,25120,-0.2257336343115124,4697,0,-3529,-1168,0,4697,0,19415,1008,25120,0,0,22944,2176,25120,20651810,0,-15469585,-5182225,0,20651810,0,85252115,4415115,110319040,0,0,100721700,9597340,110319040
2023-05-09,4420,4430,4330,4380,20737,-0.904977375565611,2409,0,30,-2439,0,2409,0,18058,270,20737,0,0,18028,2709,20737,10547655,0,146110,-10693765,0,10547655,0,78904180,1174990,90626825,0,0,78758070,11868755,90626825
2023-05-10,4400,4400,4115,4360,57926,-0.45662100456621,3528,0,-4988,1460,0,3528,0,50990,3408,57926,0,0,55978,1948,57926,15259115,0,-21352310,6093195,0,15259115,0,219871380,14560100,249690595,0,0,241223690,8466905,249690595
2023-05-11,4360,4430,4330,4330,27249,-0.6880733944954129,1759,0,-1282,-477,0,1759,0,24300,1190,27249,0,0,25582,1667,27249,7655120,0,-5512175,-2142945,0,7655120,0,106078840,5189500,118923460,0,0,111591015,7332445,118923460
2023-05-12,4465,4465,4300,4365,24746,0.8083140877598153,1877,97,1314,-3288,0,1877,97,22556,216,24746,0,0,21242,3504,24746,8120985,422920,5716995,-14260900,0,8120985,422920,98064385,939785,107548075,0,0,92347390,15200685,107548075
2023-05-15,4425,4425,4260,4300,29576,-1.4891179839633446,6892,0,3534,-10426,0,6892,0,22232,452,29576,0,0,18698,10878,29576,29628290,0,15159495,-44787785,0,29628290,0,95575660,1944260,127148210,0,0,80416165,46732045,127148210
2023-05-16,4295,4360,4250,4305,19982,0.11627906976744186,2857,0,457,-3314,0,2857,0,16806,319,19982,0,0,16349,3633,19982,12209320,0,1974215,-14183535,0,12209320,0,71814875,1363440,85387635,0,0,69840660,15546975,85387635
2023-05-17,4295,4300,4230,4240,15299,-1.5098722415795587,1851,0,135,-1986,0,1851,0,13240,208,15299,0,0,13105,2194,15299,7895295,0,581845,-8477140,0,7895295,0,56363955,882680,65141930,0,0,55782110,9359820,65141930
2023-05-18,4240,4290,4200,4275,36990,0.8254716981132075,1776,0,-2501,725,0,1776,0,33419,1795,36990,0,0,35920,1070,36990,7528915,0,-10615580,3086665,0,7528915,0,142239740,7630775,157399430,0,0,152855320,4544110,157399430
2023-05-19,4275,4300,4125,4185,56987,-2.1052631578947367,4676,-90,-1926,-2660,0,4676,0,50355,1956,56987,0,90,52281,4616,56987,19677985,-377550,-8140595,-11159840,0,19677985,0,211855270,8287675,239820930,0,377550,219995865,19447515,239820930
2023-05-22,4305,4305,4160,4190,21323,0.11947431302270012,0,0,3706,-3706,0,0,0,20442,881,21323,0,0,16736,4587,21323,0,0,15584790,-15584790,0,0,0,85732415,3688940,89421355,0,0,70147625,19273730,89421355
2023-05-23,4250,4250,4110,4170,82083,-0.47732696897374705,0,0,3728,-3728,0,0,0,79908,2175,82083,0,0,76180,5903,82083,0,0,15449365,-15449365,0,0,0,331265100,9037085,340302185,0,0,315815735,24486450,340302185
2023-05-24,4170,4205,4085,4165,29421,-0.1199040767386091,0,-870,1171,-301,0,0,0,27256,2165,29421,0,870,26085,2466,29421,0,-3610500,4910820,-1300320,0,0,0,113072520,8959425,122031945,0,3610500,108161700,10259745,122031945
2023-05-25,4100,4165,4005,4050,43549,-2.7611044417767108,0,0,5605,-5605,0,0,0,43094,455,43549,0,0,37489,6060,43549,0,0,22883015,-22883015,0,0,0,175332970,1845330,177178300,0,0,152449955,24728345,177178300
2023-05-26,4120,4120,3980,3990,51294,-1.4814814814814816,0,0,4961,-4961,0,0,0,50148,1146,51294,0,0,45187,6107,51294,0,0,20174750,-20174750,0,0,0,201730225,4583010,206313235,0,0,181555475,24757760,206313235
2023-05-30,3975,4100,3800,4000,38696,0.2506265664160401,0,53,346,-399,0,0,53,36380,2263,38696,0,0,36034,2662,38696,0,210940,1400910,-1611850,0,0,210940,145306530,8996015,154513485,0,0,143905620,10607865,154513485
2023-05-31,4000,4000,3900,3935,33484,-1.625,0,0,-1461,1461,0,0,0,29418,4066,33484,0,0,30879,2605,33484,0,0,-5661880,5661880,0,0,0,115488230,15902380,131390610,0,0,121150110,10240500,131390610
2023-06-01,3930,4050,3790,3835,55748,-2.5412960609911055,0,0,1193,-1193,0,0,0,52024,3724,55748,0,0,50831,4917,55748,0,0,4794695,-4794695,0,0,0,199715565,14232990,213948555,0,0,194920870,19027685,213948555
2023-06-02,3800,4000,3785,3850,33807,0.3911342894393742,0,0,235,-235,0,0,0,33464,343,33807,0,0,33229,578,33807,0,0,940360,-940360,0,0,0,128650270,1319805,129970075,0,0,127709910,2260165,129970075
2023-06-05,3875,3995,3810,3890,24363,1.0389610389610389,0,0,1087,-1087,0,0,0,22678,1685,24363,0,0,21591,2772,24363,0,0,4337185,-4337185,0,0,0,88651780,6632510,95284290,0,0,84314595,10969695,95284290
2023-06-07,3980,4020,3770,3840,87016,-1.2853470437017995,0,13315,-23860,10545,0,0,13315,61555,12146,87016,0,0,85415,1601,87016,0,53075785,-93901670,40825885,0,0,53075785,237375310,47031435,337482530,0,0,331276980,6205550,337482530
2023-06-08,3800,3850,3780,3800,12462,-1.0416666666666665,0,0,4045,-4045,0,0,0,11989,473,12462,0,0,7944,4518,12462,0,0,15398675,-15398675,0,0,0,45658880,1801760,47460640,0,0,30260205,17200435,47460640
2023-06-09,3985,3985,3795,3820,25849,0.5263157894736842,0,0,4211,-4211,0,0,0,25667,182,25849,0,0,21456,4393,25849,0,0,16096100,-16096100,0,0,0,98027245,695420,98722665,0,0,81931145,16791520,98722665
2023-06-12,3805,3920,3800,3820,28373,0.0,1712,0,117,-1829,0,1712,0,26624,37,28373,0,0,26507,1866,28373,6534060,0,491910,-7025970,0,6534060,0,102022480,141380,108697920,0,0,101530570,7167350,108697920
2023-06-13,3800,4160,3800,4055,104472,6.151832460732985,261,0,-5095,4834,0,261,0,89067,15144,104472,0,0,94162,10310,104472,997020,0,-19301240,18304220,0,997020,0,355773510,60338020,417108550,0,0,375074750,42033800,417108550
2023-06-14,4055,4175,4030,4065,59579,0.2466091245376079,0,0,1674,-1674,0,0,0,57055,2524,59579,0,0,55381,4198,59579,0,0,6781260,-6781260,0,0,0,234579895,10435370,245015265,0,0,227798635,17216630,245015265
2023-06-15,4045,4215,4000,4175,61821,2.706027060270603,0,0,2956,-2956,0,0,0,58481,3340,61821,0,0,55525,6296,61821,0,0,12081375,-12081375,0,0,0,242573735,13996665,256570400,0,0,230492360,26078040,256570400
2023-06-16,4175,4270,4150,4200,74363,0.5988023952095809,350,0,-8447,8097,0,350,0,64164,9849,74363,0,0,72611,1752,74363,1473500,0,-35638850,34165350,0,1473500,0,270150710,41489360,313113570,0,0,305789560,7324010,313113570
2023-06-19,4270,4350,4200,4250,78918,1.1904761904761905,0,0,-7409,7409,0,0,0,67750,11168,78918,0,0,75159,3759,78918,0,0,-31953785,31953785,0,0,0,289844435,48076255,337920690,0,0,321798220,16122470,337920690
2023-06-20,4405,4440,4290,4310,71809,1.411764705882353,0,1500,-3870,2370,0,0,1500,63668,6641,71809,0,0,67538,4271,71809,0,6600000,-16992320,10392320,0,0,6600000,278270390,29066240,313936630,0,0,295262710,18673920,313936630
2023-06-21,4310,4350,4170,4345,45241,0.8120649651972157,0,500,12349,-12849,0,0,500,44218,523,45241,0,0,31869,13372,45241,0,2114985,51859385,-53974370,0,0,2114985,187095090,2239115,191449190,0,0,135235705,56213485,191449190
2023-06-22,4295,4380,4210,4320,50603,-0.5753739930955121,0,0,9964,-9964,0,0,0,49659,944,50603,0,0,39695,10908,50603,0,0,42583875,-42583875,0,0,0,211672370,3979740,215652110,0,0,169088495,46563615,215652110
2023-06-23,4225,4270,4170,4205,41187,-2.662037037037037,0,0,-483,483,0,0,0,34866,6321,41187,0,0,35349,5838,41187,0,0,-1968705,1968705,0,0,0,146405880,26514935,172920815,0,0,148374585,24546230,172920815
2023-06-26,4230,4230,4075,4100,32316,-2.4970273483947683,0,0,4060,-4060,0,0,0,30245,2071,32316,0,0,26185,6131,32316,0,0,16784025,-16784025,0,0,0,124705415,8553690,133259105,0,0,107921390,25337715,133259105
2023-06-27,4150,4175,4010,4125,30995,0.6097560975609756,0,0,3597,-3597,0,0,0,30787,208,30995,0,0,27190,3805,30995,0,0,14604825,-14604825,0,0,0,124629055,841300,125470355,0,0,110024230,15446125,125470355
2023-06-28,4125,4125,3985,4075,55497,-1.2121212121212122,0,0,1230,-1230,0,0,0,53737,1760,55497,0,0,52507,2990,55497,0,0,4940530,-4940530,0,0,0,215300305,7040160,222340465,0,0,210359775,11980690,222340465
2023-06-29,4070,4070,3955,3955,22488,-2.9447852760736195,0,0,1166,-1166,0,0,0,21363,1125,22488,0,0,20197,2291,22488,0,0,4772150,-4772150,0,0,0,85557140,4467625,90024765,0,0,80784990,9239775,90024765
2023-06-30,4000,4070,3940,4010,58693,1.390644753476612,0,25000,-27142,2142,0,0,25000,30420,3273,58693,0,0,57562,1131,58693,0,100000000,-108460660,8460660,0,0,100000000,120909965,12987015,233896980,0,0,229370625,4526355,233896980
2023-07-03,4025,4025,3980,3985,14445,-0.6234413965087282,0,0,-676,676,0,0,0,13470,975,14445,0,0,14146,299,14445,0,0,-2697700,2697700,0,0,0,53838915,3893675,57732590,0,0,56536615,1195975,57732590
2023-07-04,4025,4110,3925,4015,69073,0.7528230865746549,-30350,0,20578,9772,0,0,0,54088,14985,69073,30350,0,33510,5213,69073,-120131880,0,81482475,38649405,0,0,0,215409205,59506150,274915355,120131880,0,133926730,20856745,274915355
2023-07-05,3950,4035,3945,4025,29861,0.24906600249066002,0,-3000,1584,1416,0,0,920,26925,2016,29861,0,3920,25341,600,29861,0,-11790155,6185065,5605090,0,0,3680125,107318525,8009510,119008160,0,15470280,101133460,2404420,119008160
2023-07-06,4030,4030,3735,3955,107333,-1.7391304347826086,-40000,-22000,66430,-4430,0,0,0,101180,6153,107333,40000,22000,34750,10583,107333,-154520770,-84810000,256682645,-17351875,0,0,0,392139355,23747205,415886560,154520770,84810000,135456710,41099080,415886560
2023-07-07,3925,3955,3795,3925,60678,-0.7585335018963337,-30000,0,25178,4822,0,0,0,53704,6974,60678,30000,0,28526,2152,60678,-114362350,0,96026525,18335825,0,0,0,206510605,26616245,233126850,114362350,0,110484080,8280420,233126850
2023-07-10,3970,3970,3910,3930,7366,0.12738853503184713,0,0,1363,-1363,0,0,0,7006,360,7366,0,0,5643,1723,7366,0,0,5360355,-5360355,0,0,0,27539540,1409405,28948945,0,0,22179185,6769760,28948945
2023-07-11,4030,4030,3850,3920,74796,-0.2544529262086514,0,23000,-18796,-4204,0,0,26000,48793,3,74796,0,3000,67589,4207,74796,0,89643075,-73266465,-16376610,0,0,101333300,190012270,11685,291357255,0,11690225,263278735,16388295,291357255
2023-07-12,3925,3925,3850,3885,27919,-0.8928571428571428,0,-5483,4601,882,0,0,2189,24794,936,27919,0,7672,20193,54,27919,0,-21189110,17772385,3416725,0,0,8504265,96046180,3626825,108177270,0,29693375,78273795,210100,108177270
2023-07-13,3885,3885,3790,3825,109846,-1.5444015444015444,0,-10554,-2387,12941,0,0,22963,72760,14123,109846,0,33517,75147,1182,109846,0,-39463985,-10065210,49529195,0,0,88563240,278295750,54065815,420924805,0,128027225,288360960,4536620,420924805
2023-07-14,3825,3825,3690,3785,77015,-1.045751633986928,0,0,-8889,8889,0,0,0,66102,10913,77015,0,0,74991,2024,77015,0,0,-33163185,33163185,0,0,0,247345545,40855705,288201250,0,0,280508730,7692520,288201250
2023-07-17,3820,3820,3585,3775,26988,-0.26420079260237783,0,0,897,-897,0,0,0,25417,1571,26988,0,0,24520,2468,26988,0,0,3453695,-3453695,0,0,0,94619005,5828600,100447605,0,0,91165310,9282295,100447605
2023-07-18,3765,3920,3650,3785,47622,0.26490066225165565,-1731,0,7735,-6004,0,0,0,47551,71,47622,1731,0,39816,6075,47622,-6585590,0,29108660,-22523070,0,0,0,179369530,264810,179634340,6585590,0,150260870,22787880,179634340
2023-07-19,3785,3795,3660,3705,25349,-2.1136063408190227,0,0,72,-72,0,0,0,22059,3290,25349,0,0,21987,3362,25349,0,0,443360,-443360,0,0,0,81699860,12079565,93779425,0,0,81256500,12522925,93779425
2023-07-20,3705,3720,3565,3700,26264,-0.1349527665317139,0,0,1726,-1726,0,0,0,25303,961,26264,0,0,23577,2687,26264,0,0,6399570,-6399570,0,0,0,92330385,3501960,95832345,0,0,85930815,9901530,95832345
2023-07-21,3700,3700,3600,3670,39275,-0.8108108108108109,-125,0,-4396,4521,0,0,0,34004,5271,39275,125,0,38400,750,39275,-462500,0,-16048210,16510710,0,0,0,123767530,19250810,143018340,462500,0,139815740,2740100,143018340
2023-07-24,3670,3670,3430,3565,57184,-2.861035422343324,-206,1500,-815,-479,0,0,1660,47866,7658,57184,206,160,48681,8137,57184,-756020,5349690,-2746600,-1847070,0,0,5920090,170369920,27139045,203429055,756020,570400,173116520,28986115,203429055
2023-07-25,3525,3565,3455,3500,43494,-1.8232819074333801,-3097,1150,-5853,7800,0,0,1150,33034,9310,43494,3097,0,38887,1510,43494,-10833995,4040250,-20528650,27322395,0,0,4040250,115590750,32667995,152298995,10833995,0,136119400,5345600,152298995
2023-07-26,3575,3575,3350,3475,54569,-0.7142857142857143,0,0,-18613,18613,0,0,0,30048,24521,54569,0,0,48661,5908,54569,0,0,-63179685,63179685,0,0,0,102438895,83405445,185844340,0,0,165618580,20225760,185844340
2023-07-27,3500,3730,3500,3690,34064,6.18705035971223,-1849,0,3423,-1574,0,0,0,32088,1976,34064,1849,0,28665,3550,34064,-6671320,0,12295720,-5624400,0,0,0,114639255,6984720,121623975,6671320,0,102343535,12609120,121623975
2023-07-28,3700,3820,3645,3775,30450,2.303523035230352,0,3,4298,-4301,0,0,3,28767,1680,30450,0,0,24469,5981,30450,0,11085,16022910,-16033995,0,0,11085,107252660,6207690,113471435,0,0,91229750,22241685,113471435
2023-07-31,3800,3800,3700,3710,31248,-1.7218543046357615,-1,45,5782,-5826,0,0,45,31203,0,31248,1,0,25421,5826,31248,-3775,168075,21688245,-21852545,0,0,168075,116650355,0,116818430,3775,0,94962110,21852545,116818430
2023-08-01,3640,3725,3550,3680,37908,-0.8086253369272237,0,2000,-2900,900,0,0,2000,31867,4041,37908,0,0,34767,3141,37908,0,7315000,-10382325,3067325,0,0,7315000,115525260,14586005,137426265,0,0,125907585,11518680,137426265
2023-08-02,3740,3740,3610,3655,34427,-0.6793478260869565,0,0,-35,35,0,0,0,31880,2547,34427,0,0,31915,2512,34427,0,0,-46890,46890,0,0,0,116453005,9296225,125749230,0,0,116499895,9249335,125749230
2023-08-03,3700,3700,3550,3585,18405,-1.915184678522572,0,600,-1905,1305,0,0,600,15640,2165,18405,0,0,17545,860,18405,0,2139000,-6810625,4671625,0,0,2139000,55913340,7753760,65806100,0,0,62723965,3082135,65806100
2023-08-04,3650,3650,3525,3615,5328,0.8368200836820083,0,0,1410,-1410,0,0,0,4593,735,5328,0,0,3183,2145,5328,0,0,5102695,-5102695,0,0,0,16475120,2602040,19077160,0,0,11372425,7704735,19077160
2023-08-07,3625,3625,3585,3615,7692,0.0,0,0,1590,-1590,0,0,0,7692,0,7692,0,0,6102,1590,7692,0,0,5744550,-5744550,0,0,0,27740245,0,27740245,0,0,21995695,5744550,27740245
2023-08-08,3585,3770,3580,3615,21640,0.0,0,0,811,-811,0,0,0,21526,114,21640,0,0,20715,925,21640,0,0,2936630,-2936630,0,0,0,77489375,410400,77899775,0,0,74552745,3347030,77899775
2023-08-09,3665,3780,3570,3780,52873,4.564315352697095,0,0,2132,-2132,0,0,0,52296,577,52873,0,0,50164,2709,52873,0,0,7649445,-7649445,0,0,0,199407195,2143380,201550575,0,0,191757750,9792825,201550575
2023-08-10,4495,4570,4115,4430,903103,17.195767195767196,-5586,30,-21570,27126,0,0,30,823566,79507,903103,5586,0,845136,52381,903103,-24661930,134100,-92439190,116967020,0,0,134100,3582445225,344125440,3926704765,24661930,0,3674884415,227158420,3926704765
2023-08-11,4620,4670,4185,4355,386239,-1.6930022573363432,56778,-4750,-36112,-15916,0,64778,2000,267094,52367,386239,8000,6750,303206,68283,386239,255133365,-22055035,-166156065,-66922265,0,290200110,8930000,1199054655,237072220,1735256985,35066745,30985035,1365210720,303994485,1735256985
2023-08-14,4430,4720,4430,4675,315179,7.347876004592423,0,-29,-45886,45915,0,0,1,243068,72110,315179,0,30,288954,26195,315179,0,-134680,-210826735,210961415,0,0,4670,1121462030,332262530,1453729230,0,139350,1332288765,121301115,1453729230
2023-08-16,4800,4800,4500,4570,189181,-2.2459893048128343,0,-500,22241,-21741,0,0,0,168995,20186,189181,0,500,146754,41927,189181,0,-2359175,101114205,-98755030,0,0,0,786025150,95358480,881383630,0,2359175,684910945,194113510,881383630
2023-08-17,4505,4535,4275,4435,112106,-2.954048140043764,0,45,13226,-13271,0,0,500,94246,17360,112106,0,455,81020,30631,112106,0,151150,59016875,-59168025,0,0,2185000,415035065,76307350,493527415,0,2033850,356018190,135475375,493527415
2023-08-18,4595,4860,4455,4850,610764,9.357384441939121,27750,5955,-55337,21632,0,27750,7001,490312,85701,610764,0,1046,545649,64069,610764,133394125,27742510,-266355510,105218875,0,133394125,32773460,2335934540,406456515,2908558640,0,5030950,2602290050,301237640,2908558640
2023-08-21,4930,5420,4930,5200,784299,7.216494845360824,1790,-1910,-32503,32623,0,8746,90,681048,94415,784299,6956,2000,713551,61792,784299,7672200,-9633200,-169616465,171577465,0,45313720,466800,3551602035,491978880,4089361435,37641520,10100000,3721218500,320401415,4089361435
2023-08-22,5200,5450,5000,5290,269928,1.7307692307692308,14155,-91,9295,-23359,0,14155,0,231618,24155,269928,0,91,222323,47514,269928,74585280,-483210,50698180,-124800250,0,74585280,0,1217332860,126448480,1418366620,0,483210,1166634680,251248730,1418366620
2023-08-23,5290,5340,5020,5260,270851,-0.5671077504725899,15473,17500,-52597,19624,0,15473,25000,188060,42318,270851,0,7500,240657,22694,270851,80353560,89985000,-272086940,101748380,0,80353560,129150000,970382830,220130790,1400017180,0,39165000,1242469770,118382410,1400017180
2023-08-24,5290,5470,5130,5260,297379,0.0,33623,-57601,23195,783,0,33623,21000,219286,23470,297379,0,78601,196091,22687,297379,179523080,-306563990,123996260,3044650,0,179523080,112535650,1167154550,124740710,1583953990,0,419099640,1043158290,121696060,1583953990
2023-08-25,5250,5280,4495,4650,932583,-11.596958174904943,-3471,-38550,69806,-27785,0,504,6000,830217,95862,932583,3975,44550,760411,123647,932583,-15946140,-177104035,326935755,-133885580,0,2465020,28304780,3961509095,453717600,4445996495,18411160,205408815,3634573340,587603180,4445996495
2023-08-28,4300,4345,3875,4100,1076289,-11.827956989247312,-85766,64229,-51707,73244,0,0,78229,830307,167753,1076289,85766,14000,882014,94509,1076289,-349852020,264066605,-212969760,298755175,0,0,319621605,3393370200,686902225,4399894030,349852020,55555000,3606339960,388147050,4399894030
2023-08-29,4020,4190,3990,4130,143445,0.7317073170731708,-36380,-186,23529,13037,0,0,0,117813,25632,143445,36380,186,94284,12595,143445,-149623665,-768180,97445560,52946285,0,0,0,481395490,104755750,586151240,149623665,768180,383949930,51809465,586151240
2023-08-30,4130,4155,3930,4070,186388,-1.4527845036319613,-1544,1000,-1685,2229,0,0,1000,159146,26242,186388,1544,0,160831,24013,186388,-6267285,3955000,-7734965,10047250,0,0,3955000,641698390,106659805,752313195,6267285,0,649433355,96612555,752313195
2023-08-31,4085,4325,3995,4290,286599,5.405405405405405,0,18000,-67613,49613,0,0,37500,176261,72838,286599,0,19500,243874,23225,286599,0,73189520,-278751950,205562430,0,0,156447930,739073250,301580060,1197101240,0,83258410,1017825200,96017630,1197101240
2023-09-01,4380,4445,4200,4250,88558,-0.9324009324009324,0,251,16381,-16632,0,0,252,84706,3600,88558,0,1,68325,20232,88558,0,1062990,70269485,-71332475,0,0,1067220,361885555,15466900,378419675,0,4230,291616070,86799375,378419675
2023-09-04,4250,4250,4010,4115,175892,-3.176470588235294,-42306,-17500,61532,-1726,0,0,0,156879,19013,175892,42306,17500,95347,20739,175892,-171989420,-72278560,251670090,-7402110,0,0,0,640231160,77358315,717589475,171989420,72278560,388561070,84760425,717589475
2023-09-05,4130,4210,3970,4210,250004,2.3086269744835968,0,38000,-50015,12015,0,0,39102,179913,30989,250004,0,1102,229928,18974,250004,0,153802895,-201604050,47801155,0,0,158392555,727509955,124991105,1010893615,0,4589660,929114005,77189950,1010893615
2023-09-06,4170,4290,4100,4210,98532,0.0,0,-18000,11211,6789,0,0,0,86824,11708,98532,0,18000,75613,4919,98532,0,-76050000,47550320,28499680,0,0,0,366542815,49192060,415734875,0,76050000,318992495,20692380,415734875
2023-09-07,4225,4230,4075,4170,71197,-0.9501187648456058,0,23211,-20741,-2470,0,0,23211,42425,5561,71197,0,0,63166,8031,71197,0,95245745,-84911730,-10334015,0,0,95245745,174551800,22957490,292755035,0,0,259463530,33291505,292755035
2023-09-08,4185,4200,4100,4185,35640,0.3597122302158274,0,791,2917,-3708,0,0,3465,27555,4620,35640,0,2674,24638,8328,35640,0,3399915,12088720,-15488635,0,0,14454335,114570055,19146345,148170735,0,11054420,102481335,34634980,148170735
2023-09-11,4185,4190,4065,4165,65291,-0.4778972520908005,3620,-2000,12611,-14231,0,3620,0,61254,417,65291,0,2000,48643,14648,65291,14991770,-8324150,51926600,-58594220,0,14991770,0,251368885,1712295,268072950,0,8324150,199442285,60306515,268072950
2023-09-12,4160,4160,4005,4050,129887,-2.7611044417767108,0,-18144,5856,12288,0,0,0,112386,17501,129887,0,18144,106530,5213,129887,0,-72793440,23339640,49453800,0,0,0,452410565,70455125,522865690,0,72793440,429070925,21001325,522865690
2023-09-13,4050,4050,3965,3985,42925,-1.6049382716049383,0,9000,-5204,-3796,0,0,9000,31242,2683,42925,0,0,36446,6479,42925,0,35912500,-20757710,-15154790,0,0,35912500,124835410,10705445,171453355,0,0,145593120,25860235,171453355
2023-09-14,4000,4035,3970,4030,26849,1.1292346298619824,0,-4756,3539,1217,0,0,0,22170,4679,26849,0,4756,18631,3462,26849,0,-18936675,14229910,4706765,0,0,0,88539950,18590995,107130945,0,18936675,74310040,13884230,107130945
2023-09-15,4030,4100,4000,4100,40652,1.7369727047146404,0,0,4348,-4348,0,0,0,38736,1916,40652,0,0,34388,6264,40652,0,0,17618505,-17618505,0,0,0,157001205,7732500,164733705,0,0,139382700,25351005,164733705
2023-09-18,4100,4140,4005,4005,58595,-2.317073170731707,0,5500,-13472,7972,0,0,5500,41485,11610,58595,0,0,54957,3638,58595,0,22522020,-54653095,32131075,0,0,22522020,168275605,46889755,237687380,0,0,222928700,14758680,237687380
2023-09-19,3995,4100,3990,4100,18974,2.3720349563046192,0,0,1647,-1647,0,0,0,18624,350,18974,0,0,16977,1997,18974,0,0,6644855,-6644855,0,0,0,75287680,1404445,76692125,0,0,68642825,8049300,76692125
2023-09-20,4075,4150,4010,4050,45618,-1.2195121951219512,0,18500,-16148,-2352,0,0,18500,26667,451,45618,0,0,42815,2803,45618,0,75763130,-66193445,-9569685,0,0,75763130,108037160,1819170,185619460,0,0,174230605,11388855,185619460
2023-09-21,4025,4045,3865,3905,82508,-3.580246913580247,0,-5500,11840,-6340,0,0,904,75072,6532,82508,0,6404,63232,12872,82508,0,-21306660,46014470,-24707810,0,0,3542665,294734570,25550505,323827740,0,24849325,248720100,50258315,323827740
2023-09-22,3900,3900,3695,3765,151607,-3.585147247119078,0,1600,9217,-10817,0,0,1600,139707,10300,151607,0,0,130490,21117,151607,0,6053060,34489795,-40542855,0,0,6053060,523230080,38448545,567731685,0,0,488740285,78991400,567731685
2023-09-25,3765,3820,3705,3765,42558,0.0,0,106,2965,-3071,0,0,10106,25415,7037,42558,0,10000,22450,10108,42558,0,910425,10599730,-11510155,0,0,38122380,95158575,26542500,159823455,0,37211955,84558845,38052655,159823455
2023-09-26,3765,3820,3720,3785,20223,0.5312084993359893,0,1265,5686,-6951,0,0,1265,18413,545,20223,0,0,12727,7496,20223,0,4746025,21466055,-26212080,0,0,4746025,69415360,2041065,76202450,0,0,47949305,28253145,76202450
2023-09-27,3800,3805,3670,3780,63738,-0.13210039630118892,0,-10000,29399,-19399,0,0,0,60376,3362,63738,0,10000,30977,22761,63738,0,-37213015,110087045,-72874030,0,0,0,225818135,12574190,238392325,0,37213015,115731090,85448220,238392325
2023-10-04,3780,3780,3570,3675,100946,-2.7777777777777777,0,30,-7035,7005,0,0,30,80980,19936,100946,0,0,88015,12931,100946,0,108300,-24873235,24764935,0,0,108300,294893250,72083760,367085310,0,0,319766485,47318825,367085310
2023-10-05,3675,3695,3500,3585,30769,-2.4489795918367347,0,100,1289,-1389,0,0,100,28447,2222,30769,0,0,27158,3611,30769,0,350500,4872665,-5223165,0,0,350500,101997885,7868010,110216395,0,0,97125220,13091175,110216395
2023-10-06,3585,3625,3500,3590,29145,0.1394700139470014,0,0,5409,-5409,0,0,0,24671,4474,29145,0,0,19262,9883,29145,0,0,19653670,-19653670,0,0,0,87778250,15854850,103633100,0,0,68124580,35508520,103633100
2023-10-10,3590,3590,3375,3450,115919,-3.8997214484679668,0,6500,-28456,21956,0,0,6500,77566,31853,115919,0,0,106022,9897,115919,0,22398810,-97484395,75085585,0,0,22398810,267128385,109666080,399193275,0,0,364612780,34580495,399193275
2023-10-11,3450,3535,3365,3435,51050,-0.43478260869565216,0,3500,-9150,5650,0,0,3500,37195,10355,51050,0,0,46345,4705,51050,0,12057500,-31122535,19065035,0,0,12057500,127384820,35290485,174732805,0,0,158507355,16225450,174732805
2023-10-12,3440,3445,3345,3440,82074,0.1455604075691412,-1580,10400,-29648,20828,0,0,10400,47164,24510,82074,1580,0,76812,3682,82074,-5429790,35160765,-99840165,70109190,0,0,35160765,159793490,82705200,277659455,5429790,0,259633655,12596010,277659455
2023-10-13,3500,3500,3385,3390,16315,-1.4534883720930232,-296,-2260,7988,-5432,0,0,0,15625,690,16315,296,2260,7637,6122,16315,-1018240,-7661400,27186670,-18507030,0,0,0,53233405,2356845,55590250,1018240,7661400,26046735,20863875,55590250
2023-10-16,3500,3500,3275,3325,39246,-1.9174041297935103,-289,-10782,22779,-11708,0,0,2520,35423,1303,39246,289,13302,12644,13011,39246,-979710,-35393635,75224935,-38851590,0,0,8439120,117080060,4295020,129814200,979710,43832755,41855125,43146610,129814200
2023-10-17,3340,3525,3300,3500,68999,5.263157894736842,-4637,29089,-39661,15209,0,0,33927,16677,18395,68999,4637,4838,56338,3186,68999,-15873270,100326130,-137530520,53077660,0,0,116702760,56862980,63928655,237494395,15873270,16376630,194393500,10850995,237494395
2023-10-18,3500,3535,3420,3450,20086,-1.4285714285714286,-612,11,177,424,0,0,11,18374,1701,20086,612,0,18197,1277,20086,-2143680,38115,614290,1491275,0,0,38115,63738465,5929940,69706520,2143680,0,63124175,4438665,69706520
2023-10-19,3400,3400,3300,3400,31239,-1.4492753623188406,0,585,3654,-4239,0,0,585,28980,1674,31239,0,0,25326,5913,31239,0,1930500,12221955,-14152455,0,0,1930500,96240660,5559470,103730630,0,0,84018705,19711925,103730630
2023-10-20,3325,3535,3265,3535,66080,3.9705882352941173,-5914,31699,-19956,-5829,0,0,31699,22608,11773,66080,5914,0,42564,17602,66080,-20391550,109133645,-69161135,-19580960,0,0,109133645,77094680,40681630,226909955,20391550,0,146255815,60262590,226909955
2023-10-23,3375,3520,3375,3470,16904,-1.8387553041018387,0,2000,-2264,264,0,0,2000,12749,2155,16904,0,0,15013,1891,16904,0,7015790,-7862250,846460,0,0,7015790,43700345,7359770,58075905,0,0,51562595,6513310,58075905
2023-10-24,3470,3495,3380,3490,25247,0.5763688760806917,-865,0,4107,-3242,0,0,0,22193,3054,25247,865,0,18086,6296,25247,-3007310,0,14110925,-11103615,0,0,0,76054345,10423050,86477395,3007310,0,61943420,21526665,86477395
2023-10-25,3420,3615,3420,3610,41794,3.4383954154727796,-5475,0,-2841,8316,0,0,0,29159,12635,41794,5475,0,32000,4319,41794,-19479965,0,-9622725,29102690,0,0,0,103519695,44351180,147870875,19479965,0,113142420,15248490,147870875
2023-10-26,3615,3640,3520,3635,21988,0.6925207756232686,0,0,-1289,1289,0,0,0,16159,5829,21988,0,0,17448,4540,21988,0,0,-4593785,4593785,0,0,0,58315065,20984530,79299595,0,0,62908850,16390745,79299595
2023-10-27,3635,3660,3555,3660,20205,0.6877579092159559,-2306,0,5616,-3310,0,0,0,18921,1284,20205,2306,0,13305,4594,20205,-8397695,0,20370175,-11972480,0,0,0,68718925,4673295,73392220,8397695,0,48348750,16645775,73392220
2023-10-30,3700,3815,3560,3780,190879,3.278688524590164,-4918,19510,-10116,-4476,0,0,19510,158440,12929,190879,4918,0,168556,17405,190879,-18502640,73238190,-38058995,-16676555,0,0,73238190,638346910,48261665,759846765,18502640,0,676405905,64938220,759846765
2023-10-31,3995,4185,3465,3665,743790,-3.0423280423280423,63900,4400,76061,-144361,0,64100,24496,622667,32527,743790,200,20096,546606,176888,743790,248125520,16094000,288093475,-552312995,0,248929020,87844800,2358256015,122364135,2817393970,803500,71750800,2070162540,674677130,2817393970
2023-11-01,3695,3695,3450,3535,98475,-3.547066848567531,0,11590,-21499,9909,0,0,11590,59861,27024,98475,0,0,81360,17115,98475,0,40743450,-75458480,34715030,0,0,40743450,210688605,94830435,346262490,0,0,286147085,60115405,346262490
2023-11-02,3635,3745,3545,3685,65078,4.243281471004243,-2300,-11626,-29436,43362,0,0,14,19410,45654,65078,2300,11640,48846,2292,65078,-8402540,-42626045,-107676160,158704745,0,0,51645,70881885,166966185,237899715,8402540,42677690,178558045,8261440,237899715
2023-11-03,3685,3770,3640,3710,26533,0.6784260515603799,-700,0,1638,-938,0,0,0,19539,6994,26533,700,0,17901,7932,26533,-2593500,0,6342070,-3748570,0,0,0,72016695,25558720,97575415,2593500,0,65674625,29307290,97575415
2023-11-06,3705,3705,3510,3570,73973,-3.7735849056603774,0,-2,12574,-12572,0,0,0,66497,7476,73973,0,2,53923,20048,73973,0,-7090,44900255,-44893165,0,0,0,237108485,26643430,263751915,0,7090,192208230,71536595,263751915
2023-11-07,3650,3665,3385,3480,121330,-2.5210084033613445,-64700,-12,60208,4504,0,0,0,98508,22822,121330,64700,12,38300,18318,121330,-222637315,-42030,208097050,14582295,0,0,0,342313970,78720930,421034900,222637315,42030,134216920,64138635,421034900
2023-11-08,3510,3585,3445,3515,44228,1.0057471264367817,-1500,-2000,-2028,5528,0,0,0,35551,8677,44228,1500,2000,37579,3149,44228,-5284505,-6950000,-7352045,19586550,0,0,0,124917540,30582955,155500495,5284505,6950000,132269585,10996405,155500495
2023-11-09,3575,3685,3530,3675,69487,4.551920341394026,-1820,0,-14572,16392,0,0,0,50515,18972,69487,1820,0,65087,2580,69487,-6564225,0,-52537390,59101615,0,0,0,183170620,68411850,251582470,6564225,0,235708010,9310235,251582470
2023-11-10,3620,3770,3610,3705,43642,0.8163265306122449,-1400,54,4459,-3113,0,0,54,42055,1533,43642,1400,0,37596,4646,43642,-5184345,200340,16455005,-11471000,0,0,200340,155031720,5619610,160851670,5184345,0,138576715,17090610,160851670
2023-11-13,3705,3705,3585,3610,57294,-2.564102564102564,-205,0,-287,492,0,0,0,52470,4824,57294,205,0,52757,4332,57294,-759525,0,-817420,1576945,0,0,0,190740055,17532065,208272120,759525,0,191557475,15955120,208272120
2023-11-14,3610,3715,3600,3715,29923,2.9085872576177287,-1328,-2599,984,2943,0,0,0,26631,3292,29923,1328,2599,25647,349,29923,-4849725,-9514845,3570995,10793575,0,0,0,97305375,12072450,109377825,4849725,9514845,93734380,1278875,109377825
2023-11-15,3745,3900,3720,3900,98081,4.979811574697174,-1328,0,-26771,28099,0,0,0,69593,28488,98081,1328,0,96364,389,98081,-5023080,0,-101853330,106876410,0,0,0,264980875,108352350,373333225,5023080,0,366834205,1475940,373333225
2023-11-16,3780,4000,3730,3940,89353,1.0256410256410255,-1328,-70,-4186,5584,0,0,0,79011,10342,89353,1328,70,83197,4758,89353,-5227715,-276500,-16188790,21693005,0,0,0,307777830,40349645,348127475,5227715,276500,323966620,18656640,348127475
2023-11-17,3900,3935,3830,3875,35436,-1.6497461928934012,0,0,7001,-7001,0,0,0,32866,2570,35436,0,0,25865,9571,35436,0,0,27090400,-27090400,0,0,0,126972615,9977175,136949790,0,0,99882215,37067575,136949790
2023-11-20,3875,3960,3845,3900,36990,0.6451612903225806,0,0,2172,-2172,0,0,0,34247,2743,36990,0,0,32075,4915,36990,0,0,8417775,-8417775,0,0,0,132586340,10654200,143240540,0,0,124168565,19071975,143240540
2023-11-21,3900,3910,3855,3900,27345,0.0,0,13,648,-661,0,0,13,25307,2025,27345,0,0,24659,2686,27345,0,50440,2514900,-2565340,0,0,50440,98125635,7893745,106069820,0,0,95610735,10459085,106069820
2023-11-22,3900,3920,3830,3915,29008,0.38461538461538464,0,0,880,-880,0,0,0,27803,1205,29008,0,0,26923,2085,29008,0,0,3459665,-3459665,0,0,0,107326980,4632745,111959725,0,0,103867315,8092410,111959725
2023-11-23,3855,3915,3780,3840,34598,-1.9157088122605364,0,0,3005,-3005,0,0,0,31801,2797,34598,0,0,28796,5802,34598,0,0,11526765,-11526765,0,0,0,121573735,10708140,132281875,0,0,110046970,22234905,132281875
2023-11-24,3835,3900,3745,3900,70156,1.5625,0,748,4569,-5317,0,0,838,68574,744,70156,0,90,64005,6061,70156,0,2863690,17332285,-20195975,0,0,3205240,260095750,2813520,266114510,0,341550,242763465,23009495,266114510
2023-11-27,3900,3930,3845,3925,50288,0.641025641025641,0,0,10418,-10418,0,0,0,49643,645,50288,0,0,39225,11063,50288,0,0,40474845,-40474845,0,0,0,193257770,2507870,195765640,0,0,152782925,42982715,195765640
2023-11-28,3930,3950,3875,3940,36013,0.3821656050955414,0,-1,3558,-3557,0,0,0,35802,211,36013,0,1,32244,3768,36013,0,-3875,13897590,-13893715,0,0,0,139970155,825425,140795580,0,3875,126072565,14719140,140795580
2023-11-29,3940,3950,3835,3940,46366,0.0,0,0,-91,91,0,0,0,44755,1611,46366,0,0,44846,1520,46366,0,0,-312850,312850,0,0,0,173224075,6218395,179442470,0,0,173536925,5905545,179442470
2023-11-30,3880,3935,3800,3900,27409,-1.015228426395939,0,23,2308,-2331,0,0,23,26582,804,27409,0,0,24274,3135,27409,0,88780,8961485,-9050265,0,0,88780,102243880,3091225,105423885,0,0,93282395,12141490,105423885
2023-12-01,3825,3920,3815,3900,36477,0.0,0,0,1260,-1260,0,0,0,36081,396,36477,0,0,34821,1656,36477,0,0,4846310,-4846310,0,0,0,138465955,1521455,139987410,0,0,133619645,6367765,139987410
2023-12-04,3830,3900,3820,3880,17021,-0.5128205128205128,0,0,1736,-1736,0,0,0,16902,119,17021,0,0,15166,1855,17021,0,0,6650830,-6650830,0,0,0,64860050,458705,65318755,0,0,58209220,7109535,65318755
2023-12-05,3830,3900,3800,3820,24925,-1.5463917525773196,0,0,1175,-1175,0,0,0,24886,39,24925,0,0,23711,1214,24925,0,0,4496550,-4496550,0,0,0,94755075,148580,94903655,0,0,90258525,4645130,94903655
2023-12-06,3800,3850,3600,3740,26794,-2.094240837696335,0,0,2705,-2705,0,0,0,26719,75,26794,0,0,24014,2780,26794,0,0,10177780,-10177780,0,0,0,100097045,280250,100377295,0,0,89919265,10458030,100377295
2023-12-07,3735,3755,3655,3695,22104,-1.2032085561497325,0,0,3717,-3717,0,0,0,22041,63,22104,0,0,18324,3780,22104,0,0,13674535,-13674535,0,0,0,81108805,232670,81341475,0,0,67434270,13907205,81341475
2023-12-08,3705,3775,3630,3735,51125,1.0825439783491204,0,0,4127,-4127,0,0,0,50047,1078,51125,0,0,45920,5205,51125,0,0,15309820,-15309820,0,0,0,184929175,3978865,188908040,0,0,169619355,19288685,188908040
2023-12-11,3735,3805,3705,3750,12632,0.4016064257028112,0,0,2323,-2323,0,0,0,12632,0,12632,0,0,10309,2323,12632,0,0,8747690,-8747690,0,0,0,47242385,0,47242385,0,0,38494695,8747690,47242385
2023-12-12,3750,3805,3725,3780,8582,0.8,0,0,181,-181,0,0,0,7571,1011,8582,0,0,7390,1192,8582,0,0,678120,-678120,0,0,0,28401445,3790885,32192330,0,0,27723325,4469005,32192330
2023-12-13,3800,3800,3650,3745,16152,-0.9259259259259258,0,0,-338,338,0,0,0,15120,1032,16152,0,0,15458,694,16152,0,0,-1240605,1240605,0,0,0,56635915,3858275,60494190,0,0,57876520,2617670,60494190
2023-12-14,3745,3805,3710,3750,17583,0.13351134846461948,0,0,4074,-4074,0,0,0,17083,500,17583,0,0,13009,4574,17583,0,0,15283235,-15283235,0,0,0,64016305,1872500,65888805,0,0,48733070,17155735,65888805
2023-12-15,3750,3790,3720,3735,13739,-0.4,0,0,1213,-1213,0,0,0,13739,0,13739,0,0,12526,1213,13739,0,0,4530035,-4530035,0,0,0,51313105,0,51313105,0,0,46783070,4530035,51313105
2023-12-18,3735,3805,3700,3750,25928,0.4016064257028112,0,2730,-1631,-1099,0,0,2730,23037,161,25928,0,0,24668,1260,25928,0,10237500,-6124640,-4112860,0,0,10237500,86258290,601115,97096905,0,0,92382930,4713975,97096905
2023-12-19,3800,3800,3690,3780,37953,0.8,0,0,-2478,2478,0,0,0,34840,3113,37953,0,0,37318,635,37953,0,0,-9206185,9206185,0,0,0,130112830,11568395,141681225,0,0,139319015,2362210,141681225
2023-12-20,3780,3920,3775,3895,68879,3.0423280423280423,0,3500,-10101,6601,0,0,3500,55797,9582,68879,0,0,65898,2981,68879,0,13589850,-38977515,25387665,0,0,13589850,215034055,36975935,265599840,0,0,254011570,11588270,265599840
2023-12-21,3890,3900,3780,3880,46315,-0.38510911424903727,0,-100,-2036,2136,0,0,0,42675,3640,46315,0,100,44711,1504,46315,0,-384500,-7919000,8303500,0,0,0,163150780,14083610,177234390,0,384500,171069780,5780110,177234390
2023-12-22,3840,3880,3750,3800,44882,-2.0618556701030926,0,200,2843,-3043,0,0,200,43825,857,44882,0,0,40982,3900,44882,0,758500,10779035,-11537535,0,0,758500,165970950,3265365,169994815,0,0,155191915,14802900,169994815
2023-12-26,3810,3830,3730,3795,23300,-0.13157894736842105,0,1,2203,-2204,0,0,1,23265,34,23300,0,0,21062,2238,23300,0,3815,8363630,-8367445,0,0,3815,87783800,127815,87915430,0,0,79420170,8495260,87915430
2023-12-27,3800,3800,3710,3790,15937,-0.13175230566534915,0,1300,1218,-2518,0,0,1300,14613,24,15937,0,0,13395,2542,15937,0,4926545,4582560,-9509105,0,0,4926545,55113460,90915,60130920,0,0,50530900,9600020,60130920
2023-12-28,3790,3850,3720,3840,13067,1.3192612137203166,0,780,1607,-2387,0,0,780,12184,103,13067,0,0,10577,2490,13067,0,2981905,6100480,-9082385,0,0,2981905,46439390,389855,49811150,0,0,40338910,9472240,49811150
2024-01-02,3785,3840,3730,3830,26285,-0.26041666666666663,0,0,122,-122,0,0,0,25525,760,26285,0,0,25403,882,26285,0,0,508505,-508505,0,0,0,97020035,2869755,99889790,0,0,96511530,3378260,99889790
2024-01-03,3800,3875,3760,3875,23355,1.1749347258485638,0,0,-754,754,0,0,0,22200,1155,23355,0,0,22954,401,23355,0,0,-2874905,2874905,0,0,0,84625575,4402795,89028370,0,0,87500480,1527890,89028370
2024-01-04,3825,3875,3805,3860,20630,-0.3870967741935484,0,0,2502,-2502,0,0,0,20161,469,20630,0,0,17659,2971,20630,0,0,9643715,-9643715,0,0,0,77541415,1797150,79338565,0,0,67897700,11440865,79338565
2024-01-05,3840,3880,3760,3840,23050,-0.5181347150259068,0,0,5081,-5081,0,0,0,23023,27,23050,0,0,17942,5108,23050,0,0,19472645,-19472645,0,0,0,88193135,103025,88296160,0,0,68720490,19575670,88296160
2024-01-08,3815,3895,3775,3840,18164,0.0,0,0,49,-49,0,0,0,16835,1329,18164,0,0,16786,1378,18164,0,0,223065,-223065,0,0,0,64576595,5077240,69653835,0,0,64353530,5300305,69653835
2024-01-09,3805,3895,3800,3870,16985,0.78125,0,0,2674,-2674,0,0,0,16562,423,16985,0,0,13888,3097,16985,0,0,10233960,-10233960,0,0,0,63492600,1620065,65112665,0,0,53258640,11854025,65112665
2024-01-10,3845,3890,3810,3845,18914,-0.6459948320413437,0,0,2012,-2012,0,0,0,18573,341,18914,0,0,16561,2353,18914,0,0,7739455,-7739455,0,0,0,71247550,1301965,72549515,0,0,63508095,9041420,72549515
2024-01-11,3820,3855,3815,3855,20175,0.26007802340702213,0,0,3392,-3392,0,0,0,20018,157,20175,0,0,16626,3549,20175,0,0,13007145,-13007145,0,0,0,76796135,602550,77398685,0,0,63788990,13609695,77398685
2024-01-12,3850,3850,3795,3840,45221,-0.38910505836575876,0,0,4966,-4966,0,0,0,44365,856,45221,0,0,39399,5822,45221,0,0,18939420,-18939420,0,0,0,169123030,3268815,172391845,0,0,150183610,22208235,172391845
2024-01-15,3835,3885,3790,3840,55272,0.0,0,0,6286,-6286,0,0,0,53143,2129,55272,0,0,46857,8415,55272,0,0,24061050,-24061050,0,0,0,203157625,8118945,211276570,0,0,179096575,32179995,211276570
2024-01-16,3840,3875,3790,3845,22016,0.13020833333333331,0,0,4815,-4815,0,0,0,21745,271,22016,0,0,16930,5086,22016,0,0,18374030,-18374030,0,0,0,82816210,1032370,83848580,0,0,64442180,19406400,83848580
2024-01-17,3800,3870,3770,3810,54083,-0.9102730819245773,0,0,8279,-8279,0,0,0,53872,211,54083,0,0,45593,8490,54083,0,0,31626945,-31626945,0,0,0,205642335,805290,206447625,0,0,174015390,32432235,206447625
2024-01-18,3790,3895,3780,3890,60483,2.099737532808399,0,0,6317,-6317,0,0,0,57591,2892,60483,0,0,51274,9209,60483,0,0,24234205,-24234205,0,0,0,221589125,11052880,232642005,0,0,197354920,35287085,232642005
2024-01-19,3870,3940,3830,3940,49827,1.2853470437017995,0,0,-97,97,0,0,0,49596,231,49827,0,0,49693,134,49827,0,0,-369675,369675,0,0,0,192839895,888810,193728705,0,0,193209570,519135,193728705
2024-01-22,3900,3960,3895,3960,46887,0.5076142131979695,0,0,-448,448,0,0,1,45914,972,46887,0,1,46362,524,46887,0,10,-1755855,1755845,0,0,3955,180849290,3820420,184673665,0,3945,182605145,2064575,184673665
2024-01-23,3950,4010,3875,4010,49788,1.2626262626262625,0,0,-2748,2748,0,0,0,46507,3281,49788,0,0,49255,533,49788,0,0,-10728620,10728620,0,0,0,182967900,12823305,195791205,0,0,193696520,2094685,195791205
2024-01-24,3970,4095,3945,4080,104460,1.7456359102244388,0,2000,-11106,9106,0,0,2000,92392,10068,104460,0,0,103498,962,104460,0,8020000,-44629985,36609985,0,0,8020000,371208720,40510865,419739585,0,0,415838705,3900880,419739585
2024-01-25,4005,4165,4005,4165,82515,2.083333333333333,0,55,-2911,2856,0,0,55,78736,3724,82515,0,0,81647,868,82515,0,229000,-11955775,11726775,0,0,229000,322290275,15272730,337792005,0,0,334246050,3545955,337792005
2024-01-26,4165,4430,4075,4230,208307,1.56062424969988,0,-1393,4103,-2710,0,0,400,200132,7775,208307,0,1793,196029,10485,208307,0,-5949235,18029555,-12080320,0,0,1697910,851771465,32768550,886237925,0,7647145,833741910,44848870,886237925
2024-01-29,4225,4240,4035,4120,65609,-2.6004728132387704,0,0,3847,-3847,0,0,0,64025,1584,65609,0,0,60178,5431,65609,0,0,16080310,-16080310,0,0,0,265361290,6487145,271848435,0,0,249280980,22567455,271848435
2024-01-30,4300,4395,4120,4170,217819,1.2135922330097086,0,-5400,-1241,6641,0,0,0,192849,24970,217819,0,5400,194090,18329,217819,0,-23304700,-4777600,28082300,0,0,0,819549710,106986565,926536275,0,23304700,824327310,78904265,926536275
2024-01-31,4130,4250,4000,4080,70558,-2.158273381294964,0,0,-2425,2425,0,0,0,62169,8389,70558,0,0,64594,5964,70558,0,0,-9643920,9643920,0,0,0,253511590,34143805,287655395,0,0,263155510,24499885,287655395
2024-02-01,4095,4095,3925,3940,87318,-3.431372549019608,0,85,-4531,4446,0,0,85,76889,10344,87318,0,0,81420,5898,87318,0,340850,-18070730,17729880,0,0,340850,306029425,41379765,347750040,0,0,324100155,23649885,347750040
2024-02-02,3995,4050,3870,4040,48371,2.5380710659898478,0,0,28339,-28339,0,0,0,46890,1481,48371,0,0,18551,29820,48371,0,0,113028690,-113028690,0,0,0,186474140,5835815,192309955,0,0,73445450,118864505,192309955
2024-02-05,4055,4290,4040,4260,111985,5.445544554455446,0,-3000,-21281,24281,0,0,0,84059,27926,111985,0,3000,105340,3645,111985,0,-12860000,-88808920,101668920,0,0,0,354412260,117056790,471469050,0,12860000,443221180,15387870,471469050
2024-02-06,4260,4355,4175,4225,39582,-0.8215962441314555,0,-2000,3503,-1503,0,0,0,35090,4492,39582,0,2000,31587,5995,39582,0,-8580000,15007350,-6427350,0,0,0,148881850,19217765,168099615,0,8580000,133874500,25645115,168099615
2024-02-07,4235,4235,4120,4220,22220,-0.1183431952662722,0,-242,4395,-4153,0,0,0,21781,439,22220,0,242,17386,4592,22220,0,-1022450,18365655,-17343205,0,0,0,90729065,1820275,92549340,0,1022450,72363410,19163480,92549340
2024-02-08,4265,4265,4100,4175,30390,-1.066350710900474,0,0,5395,-5395,0,0,0,28867,1523,30390,0,0,23472,6918,30390,0,0,22543600,-22543600,0,0,0,119638260,6295640,125933900,0,0,97094660,28839240,125933900
2024-02-13,4140,4200,4075,4175,40727,0.0,3897,0,-1221,-2676,0,3897,0,33682,3148,40727,0,0,34903,5824,40727,16101185,0,-4733755,-11367430,0,16101185,0,139176445,12972425,168250055,0,0,143910200,24339855,168250055
2024-02-14,4175,4175,4090,4165,36258,-0.23952095808383234,746,0,-4827,4081,0,746,0,30159,5353,36258,0,0,34986,1272,36258,3076820,0,-19919770,16842950,0,3076820,0,124129470,22117960,149324250,0,0,144049240,5275010,149324250
2024-02-15,4170,4225,4090,4150,52382,-0.36014405762304924,0,2456,-352,-2104,0,0,2456,46516,3410,52382,0,0,46868,5514,52382,0,10143280,-1298465,-8844815,0,0,10143280,191379150,14015725,215538155,0,0,192677615,22860540,215538155
2024-02-16,4170,4170,4020,4120,32776,-0.7228915662650602,0,0,2739,-2739,0,0,0,32467,309,32776,0,0,29728,3048,32776,0,0,11249705,-11249705,0,0,0,132734385,1267440,134001825,0,0,121484680,12517145,134001825
2024-02-19,4120,4150,4055,4145,22535,0.6067961165048543,2812,0,-7834,5022,0,2812,0,13563,6160,22535,0,0,21397,1138,22535,11566445,0,-32233245,20666800,0,11566445,0,55851585,25329395,92747425,0,0,88084830,4662595,92747425
2024-02-20,4185,4250,4120,4175,49383,0.7237635705669482,0,-3000,-6942,9942,0,0,0,38323,11060,49383,0,3000,45265,1118,49383,0,-12657500,-28856505,41514005,0,0,0,159650140,46173445,205823585,0,12657500,188506645,4659440,205823585
2024-02-21,4200,4210,4130,4190,44899,0.3592814371257485,0,-1300,-1316,2616,0,0,0,41214,3685,44899,0,1300,42530,1069,44899,0,-5470500,-5420155,10890655,0,0,0,171555400,15355800,186911200,0,5470500,176975555,4465145,186911200
2024-02-22,4225,4260,4180,4250,94727,1.431980906921241,0,-2500,-5074,7574,0,0,0,81483,13244,94727,0,2500,86557,5670,94727,0,-10621440,-21533495,32154935,0,0,0,343931760,56059495,399991255,0,10621440,365465255,23904560,399991255
2024-02-23,4300,4410,4195,4355,107913,2.4705882352941173,0,-28738,11495,17243,0,0,1,85039,22873,107913,0,28739,73544,5630,107913,0,-124777045,50324505,74452540,0,0,4300,367250365,98726830,465981495,0,124781345,316925860,24274290,465981495
2024-02-26,4395,4605,4300,4570,156509,4.936854190585533,0,-41840,19138,22702,0,0,0,122640,33869,156509,0,41840,103502,11167,156509,0,-186733300,85267995,101465305,0,0,0,547425310,150881145,698306455,0,186733300,462157315,49415840,698306455
2024-02-27,4600,4600,4450,4500,91426,-1.5317286652078774,0,-18422,38989,-20567,0,0,0,87677,3749,91426,0,18422,48688,24316,91426,0,-82240235,174704715,-92464480,0,0,0,393018905,16779495,409798400,0,82240235,218314190,109243975,409798400
2024-02-28,4505,4520,4430,4500,22129,0.0,0,-2240,5702,-3462,0,0,0,20727,1402,22129,0,2240,15025,4864,22129,0,-9992035,25605885,-15613850,0,0,0,92922435,6217730,99140165,0,9992035,67316550,21831580,99140165
2024-02-29,4485,4510,4440,4495,21888,-0.1111111111111111,0,-5548,8405,-2857,0,0,0,21428,460,21888,0,5548,13023,3317,21888,0,-24850655,37683445,-12832790,0,0,0,96071325,2050560,98121885,0,24850655,58387880,14883350,98121885
2024-03-04,4495,4510,4430,4470,51591,-0.5561735261401557,0,-13061,17423,-4362,0,0,0,50270,1321,51591,0,13061,32847,5683,51591,0,-58006070,77463790,-19457720,0,0,0,223968700,5874240,229842940,0,58006070,146504910,25331960,229842940
2024-03-05,4445,4490,4375,4480,45651,0.22371364653243847,0,-12000,11275,725,0,0,0,43204,2447,45651,0,12000,31929,1722,45651,0,-53187230,50041790,3145440,0,0,0,191411800,10834425,202246225,0,53187230,141370010,7688985,202246225
2024-03-06,4480,4540,4430,4535,35684,1.2276785714285714,1100,-7360,-3569,9829,0,1100,0,23036,11548,35684,0,7360,26605,1719,35684,4966500,-32967185,-16330460,44331145,0,4966500,0,103560860,52044775,160572135,0,32967185,119891320,7713630,160572135
2024-03-07,4585,4585,4440,4530,70650,-0.11025358324145534,0,-33000,34904,-1904,0,0,0,67372,3278,70650,0,33000,32468,5182,70650,0,-148637545,157241675,-8604130,0,0,0,302619090,14799440,317418530,0,148637545,145377415,23403570,317418530
2024-03-08,4530,4550,4450,4515,34875,-0.33112582781456956,0,-5600,14347,-8747,0,0,0,34705,170,34875,0,5600,20358,8917,34875,0,-25077855,64448820,-39370965,0,0,0,156227770,765415,156993185,0,25077855,91778950,40136380,156993185
2024-03-11,4470,4500,4430,4470,24861,-0.9966777408637874,0,-7000,5245,1755,0,0,0,19960,4901,24861,0,7000,14715,3146,24861,0,-31120875,23354830,7766045,0,0,0,88955945,21816880,110772825,0,31120875,65601115,14050835,110772825
2024-03-12,4440,4495,4350,4390,78753,-1.7897091722595078,0,0,4190,-4190,0,0,0,75073,3680,78753,0,0,70883,7870,78753,0,0,18404840,-18404840,0,0,0,329166340,16072470,345238810,0,0,310761500,34477310,345238810
2024-03-13,4390,4410,4300,4320,72512,-1.5945330296127564,0,-1,-4306,4307,0,0,0,64580,7932,72512,0,1,68886,3625,72512,0,-4310,-18618365,18622675,0,0,0,279660445,34338145,313998590,0,4310,298278810,15715470,313998590
2024-03-14,4430,4430,4320,4380,24266,1.3888888888888888,-26,0,6687,-6661,0,0,0,23276,990,24266,26,0,16589,7651,24266,-113880,0,29538185,-29424305,0,0,0,101923625,4318060,106241685,113880,0,72385440,33742365,106241685
2024-03-15,4380,4440,4320,4335,52486,-1.0273972602739725,0,-34148,22627,11521,0,0,0,38743,13743,52486,0,34148,16116,2222,52486,0,-147851400,97839630,50011770,0,0,0,168234320,59753160,227987480,0,147851400,70394690,9741390,227987480
2024-03-18,4400,4480,4340,4465,228177,2.9988465974625145,0,193361,-13325,-180036,0,0,193361,20231,14585,228177,0,0,33556,194621,228177,0,838219935,-58917420,-779302515,0,0,838219935,89323445,64467125,992010505,0,0,148240865,843769640,992010505
2024-03-19,4460,4600,4375,4600,69931,3.0235162374020157,0,0,-26820,26820,0,0,0,40837,29094,69931,0,0,67657,2274,69931,0,0,-120943055,120943055,0,0,0,182795205,131091200,313886405,0,0,303738260,10148145,313886405
2024-03-20,4555,4620,4295,4380,197799,-4.782608695652174,-1074,0,31189,-30115,0,230,0,180558,17011,197799,1304,0,149369,47126,197799,-4697265,0,137009235,-132311970,0,993600,0,792131170,75139285,868264055,5690865,0,655121935,207451255,868264055
2024-03-21,4365,4490,4275,4470,57362,2.054794520547945,0,0,1491,-1491,0,0,0,53526,3836,57362,0,0,52035,5327,57362,0,0,6812210,-6812210,0,0,0,232755175,16642710,249397885,0,0,225942965,23454920,249397885
2024-03-22,4550,4575,4405,4575,49289,2.348993288590604,0,0,-11328,11328,0,0,0,33992,15297,49289,0,0,45320,3969,49289,0,0,-51295075,51295075,0,0,0,153204470,69128765,222333235,0,0,204499545,17833690,222333235
2024-03-25,4575,4685,4495,4675,55175,2.185792349726776,-2185,0,-16991,19176,0,0,0,33804,21371,55175,2185,0,50795,2195,55175,-10034665,0,-78719805,88754470,0,0,0,155387560,98796390,254183950,10034665,0,234107365,10041920,254183950
2024-03-26,4675,4885,4640,4750,107388,1.6042780748663104,0,0,-13535,13535,0,0,0,78974,28414,107388,0,0,92509,14879,107388,0,0,-64910135,64910135,0,0,0,378963790,136521000,515484790,0,0,443873925,71610865,515484790
2024-03-27,4750,4795,4690,4750,42247,0.0,-731,0,-5341,6072,0,0,0,32832,9415,42247,731,0,38173,3343,42247,-3476660,0,-25177060,28653720,0,0,0,154985655,44425285,199410940,3476660,0,180162715,15771565,199410940
2024-03-28,4705,4905,4700,4780,35830,0.631578947368421,0,50,6957,-7007,0,0,50,32704,3076,35830,0,0,25747,10083,35830,0,239000,33452865,-33691865,0,0,239000,157499485,14848135,172586620,0,0,124046620,48540000,172586620
2024-03-29,4770,4805,4700,4780,17404,0.0,-1862,997,6608,-5743,0,0,1000,15998,406,17404,1862,3,9390,6149,17404,-8908675,4725645,31588960,-27405930,0,0,4740000,76274575,1934795,82949370,8908675,14355,44685615,29340725,82949370
2024-04-01,4790,4830,4730,4830,30898,1.0460251046025104,0,353,-4216,3863,0,0,646,24276,5976,30898,0,293,28492,2113,30898,0,1670270,-20200770,18530500,0,0,3067880,116028010,28610885,147706775,0,1397610,136228780,10080385,147706775
2024-04-02,4830,4925,4780,4905,49177,1.5527950310559007,0,0,5044,-5044,0,0,0,42686,6491,49177,0,0,37642,11535,49177,0,0,24654135,-24654135,0,0,0,207999005,31551965,239550970,0,0,183344870,56206100,239550970
2024-04-03,4915,4915,4775,4860,26231,-0.9174311926605505,0,0,5204,-5204,0,0,0,25217,1014,26231,0,0,20013,6218,26231,0,0,25213350,-25213350,0,0,0,121384625,4869320,126253945,0,0,96171275,30082670,126253945
2024-04-04,4860,4860,4730,4780,38184,-1.646090534979424,0,500,8113,-8613,0,0,500,36629,1055,38184,0,0,28516,9668,38184,0,2390000,38742645,-41132645,0,0,2390000,174446310,5025305,181861615,0,0,135703665,46157950,181861615
2024-04-05,4780,4790,4695,4770,22531,-0.20920502092050208,-638,0,2144,-1506,0,0,0,20248,2283,22531,638,0,18104,3789,22531,-3050685,0,10326930,-7276245,0,0,0,95873685,10730040,106603725,3050685,0,85546755,18006285,106603725
2024-04-08,4770,4790,4680,4790,30633,0.41928721174004197,0,-469,-2303,2772,0,0,0,23477,7156,30633,0,469,25780,4384,30633,0,-2210500,-10700135,12910635,0,0,0,110849025,33704925,144553950,0,2210500,121549160,20794290,144553950
2024-04-09,4740,4760,4700,4760,12581,-0.6263048016701461,0,0,3009,-3009,0,0,0,12426,155,12581,0,0,9417,3164,12581,0,0,14285100,-14285100,0,0,0,58891720,733205,59624925,0,0,44606620,15018305,59624925
2024-04-11,4755,4755,4670,4745,39385,-0.31512605042016806,0,0,-16060,16060,0,0,0,21447,17938,39385,0,0,37507,1878,39385,0,0,-75118635,75118635,0,0,0,100804305,83980775,184785080,0,0,175922940,8862140,184785080
2024-04-12,4790,4950,4760,4920,71431,3.68809272918862,0,0,-15854,15854,0,0,0,50885,20546,71431,0,0,66739,4692,71431,0,0,-78078030,78078030,0,0,0,249405750,100991370,350397120,0,0,327483780,22913340,350397120
2024-04-15,4900,4915,4800,4860,71108,-1.2195121951219512,0,0,8475,-8475,0,0,0,70500,608,71108,0,0,62025,9083,71108,0,0,41223070,-41223070,0,0,0,356983035,2953465,359936500,0,0,315759965,44176535,359936500
2024-04-16,4980,5000,4810,4955,125460,1.954732510288066,13159,0,-10457,-2702,0,13159,0,91403,20898,125460,0,0,101860,23600,125460,65008145,0,-52025570,-12982575,0,65008145,0,449977115,103322015,618307275,0,0,502002685,116304590,618307275
2024-04-17,4960,5150,4960,5120,70144,3.3299697275479314,0,-10,-14363,14373,0,0,0,50774,19370,70144,0,10,65137,4997,70144,0,-50400,-73009540,73059940,0,0,0,256642250,98146245,354788495,0,50400,329651790,25086305,354788495
2024-04-18,5110,5230,4985,5180,88353,1.171875,0,1000,3520,-4520,0,0,1000,79413,7940,88353,0,0,75893,12460,88353,0,4990000,18442640,-23432640,0,0,4990000,405279490,40520250,450789740,0,0,386836850,63952890,450789740
2024-04-19,5100,5330,5010,5080,80203,-1.9305019305019304,0,0,-4788,4788,0,0,0,64783,15420,80203,0,0,69571,10632,80203,0,0,-23896030,23896030,0,0,0,333192150,79472350,412664500,0,0,357088180,55576320,412664500
2024-04-22,5150,5150,5000,5080,36138,0.0,0,0,1665,-1665,0,0,0,31386,4752,36138,0,0,29721,6417,36138,0,0,8503550,-8503550,0,0,0,159133910,24073600,183207510,0,0,150630360,32577150,183207510
2024-04-23,5030,5220,5030,5220,70232,2.7559055118110236,0,0,-11691,11691,0,0,0,51695,18537,70232,0,0,63386,6846,70232,0,0,-60233730,60233730,0,0,0,266819730,95429330,362249060,0,0,327053460,35195600,362249060
2024-04-24,5210,5360,5170,5310,84644,1.7241379310344827,20389,8462,-43513,14662,0,20389,8462,37425,18378,84654,0,0,80938,3716,84654,108385330,44848600,-230803810,77569880,0,108385330,44848600,198284580,97245700,448764210,0,0,429088390,19675820,448764210
