날짜,시가,고가,저가,종가,거래량,등락률,기관합계_거래량_순매수,기타법인_거래량_순매수,개인_거래량_순매수,외국인합계_거래량_순매수,전체_거래량_순매수,기관합계_거래량_매수,기타법인_거래량_매수,개인_거래량_매수,외국인합계_거래량_매수,전체_거래량_매수,기관합계_거래량_매도,기타법인_거래량_매도,개인_거래량_매도,외국인합계_거래량_매도,전체_거래량_매도,기관합계_거래대금_순매수,기타법인_거래대금_순매수,개인_거래대금_순매수,외국인합계_거래대금_순매수,전체_거래대금_순매수,기관합계_거래대금_매수,기타법인_거래대금_매수,개인_거래대금_매수,외국인합계_거래대금_매수,전체_거래대금_매수,기관합계_거래대금_매도,기타법인_거래대금_매도,개인_거래대금_매도,외국인합계_거래대금_매도,전체_거래대금_매도
2021-03-16,15000,17450,13550,14350,50935624,,-2114735,-4156849,8172582,-1900998,0,256003,348617,50021963,309041,50935624,2370738,4505466,41849381,2210039,50935624,-32997888750,-62797845050,125681203100,-29885469300,0,4220326200,5067927100,764412285200,4736248650,778436787150,37218214950,67865772150,638731082100,34621717950,778436787150
2021-03-17,14150,14950,13750,14050,11310377,-2.0905923344947737,239635,82151,-362457,40671,0,262500,154062,10814939,78876,11310377,22865,71911,11177396,38205,11310377,3456068950,1153497500,-5178942900,569376450,0,3781389550,2158943100,154501175550,1110404200,161551912400,325320600,1005445600,159680118450,541027750,161551912400
2021-03-18,14900,16300,14500,15050,28336219,7.11743772241993,6247,-210174,260034,-56107,0,31950,40915,28046700,216654,28336219,25703,251089,27786666,272761,28336219,99521300,-3290890150,4071262700,-879893850,0,493679600,632790950,430298112000,3300562000,434725144550,394158300,3923681100,426226849300,4180455850,434725144550
2021-03-19,14400,15250,14250,14550,5557836,-3.322259136212625,-7184,59498,-97611,45297,0,1700,68369,5353469,134298,5557836,8884,8871,5451080,89001,5557836,-104917250,886421850,-1409915800,628411200,0,24960000,1015474700,78653189300,1960089000,81653713000,129877250,129052850,80063105100,1331677800,81653713000
2021-03-22,14700,15100,14000,14350,4358077,-1.3745704467353952,15871,4222,-43558,23465,0,18935,17518,4208020,113604,4358077,3064,13296,4251578,90139,4358077,232945500,68553850,-672410050,370910700,0,278194500,258509850,61585329650,1679744250,63801778250,45249000,189956000,62257739700,1308833550,63801778250
2021-03-23,15350,16100,14350,14650,12315616,2.0905923344947737,244,-18784,511220,-492680,0,31988,12857,12133210,137561,12315616,31744,31641,11621990,630241,12315616,11597600,-296061400,7856733050,-7572269250,0,503383950,189844100,185237344600,2082099400,188012672050,491786350,485905500,177380611550,9654368650,188012672050
2021-03-24,14350,14450,13850,13950,2602734,-4.778156996587031,-17135,13594,-8562,12103,0,0,17842,2541463,43429,2602734,17135,4248,2550025,31326,2602734,-242880500,190042700,-116604050,169441850,0,0,249915300,35814145900,609793200,36673854400,242880500,59872600,35930749950,440351350,36673854400
2021-03-25,13950,14200,13550,13800,2149226,-1.0752688172043012,35684,3708,-38474,-918,0,36727,5157,1967020,140322,2149226,1043,1449,2005494,141240,2149226,501841950,51278050,-546935600,-6184400,0,516313350,71363750,27260477400,1945816100,29793970600,14471400,20085700,27807413000,1952000500,29793970600
2021-03-26,13750,13900,12900,13000,2686876,-5.797101449275362,-2360,33393,-28641,-2392,0,0,36968,2631339,18569,2686876,2360,3575,2659980,20961,2686876,-31111800,439709050,-374565100,-34032150,0,0,487709050,34857083950,245736500,35590529500,31111800,48000000,35231649050,279768650,35590529500
2021-03-29,12900,12900,12050,12100,2447845,-6.923076923076923,39740,21558,-72190,10892,0,40988,23752,2355914,27191,2447845,1248,2194,2428104,16299,2447845,498569150,267310900,-901946550,136066500,0,514286500,294678650,29328669700,340073400,30477708250,15717350,27367750,30230616250,204006900,30477708250
2021-03-30,12700,13050,12250,12250,3420983,1.2396694214876034,9484,-10706,12008,-10786,0,9484,16586,3380276,14637,3420983,0,27292,3368268,25423,3420983,120432600,-137239000,153689250,-136882850,0,120432600,206273500,42740346250,186924400,43253976750,0,343512500,42586657000,323807250,43253976750
2021-03-31,11600,11950,11250,11250,3052273,-8.16326530612245,-531856,742,460714,70400,0,10000,27660,2918037,96576,3052273,541856,26918,2457323,26176,3052273,-6180265400,6043850,5371492850,802728700,0,118846950,320110500,33735204250,1106301800,35280463500,6299112350,314066650,28363711400,303573100,35280463500
2021-04-01,11150,12100,10750,11300,3926633,0.4444444444444444,-88481,9184,2052,77245,0,16356,10929,3790100,109248,3926633,104837,1745,3788048,32003,3926633,-1011880500,102585100,22662200,886633200,0,181654300,122474350,43189325500,1242605000,44736059150,1193534800,19889250,43166663300,355971800,44736059150
2021-04-02,11400,12200,11350,11600,2935630,2.6548672566371683,-133555,-33110,219896,-53231,0,42187,7163,2836482,49798,2935630,175742,40273,2616586,103029,2935630,-1582855850,-389782200,2615836250,-643198200,0,489237950,83999750,33304078450,578224950,34455541100,2072093800,473781950,30688242200,1221423150,34455541100
2021-04-05,11350,11500,10750,10750,1991461,-7.327586206896551,-2497,4673,-9156,6980,0,1864,5673,1958736,25188,1991461,4361,1000,1967892,18208,1991461,-27261050,51362400,-99778800,75677450,0,20597200,62437400,21549115750,277879150,21910029500,47858250,11075000,21648894550,202201700,21910029500
2021-04-06,10800,10850,9980,10150,2753017,-5.5813953488372094,-261018,3999,156063,100956,0,28191,31707,2542520,150599,2753017,289209,27708,2386457,49643,2753017,-2630499000,38736800,1582702460,1009059740,0,287388650,322561700,25907892990,1515481840,28033325180,2917887650,283824900,24325190530,506422100,28033325180
2021-04-07,10150,10600,10000,10200,1693687,0.49261083743842365,-51965,11629,63146,-22810,0,975,20780,1643357,28575,1693687,52940,9151,1580211,51385,1693687,-529711700,121282750,644882600,-236453650,0,10090000,216290750,16932058800,292845150,17451284700,539801700,95008000,16287176200,529298800,17451284700
2021-04-08,10400,11000,10200,10700,2445826,4.901960784313726,68114,398,7737,-76249,0,69089,14322,2347124,15291,2445826,975,13924,2339387,91540,2445826,724355250,89050,75414550,-799858850,0,734716400,149540400,24950265100,162332050,25996853950,10361150,149451350,24874850550,962190900,25996853950
2021-04-09,10700,12750,10700,12000,8213327,12.149532710280374,55156,-9406,84750,-130500,0,85589,28899,8037696,61143,8213327,30433,38305,7952946,191643,8213327,608271600,-101037600,1012232600,-1519466600,0,966499250,342954800,95444831800,705051150,97459337000,358227650,443992400,94432599200,2224517750,97459337000
2021-04-12,11900,12900,11750,11850,3478905,-1.25,-5236,-191,5815,-388,0,223823,1909,3212001,41172,3478905,229059,2100,3206186,41560,3478905,-13259100,-3350150,29808650,-13199400,0,2795206350,23319850,39405356400,496435800,42720318400,2808465450,26670000,39375547750,509635200,42720318400
2021-04-13,11950,12600,11900,12150,2060234,2.5316455696202533,-10823,5700,-34055,39178,0,3795,11200,1987290,57949,2060234,14618,5500,2021345,18771,2060234,-131971900,70055000,-424500100,486417000,0,46843400,137710000,24365375750,716831050,25266760200,178815300,67655000,24789875850,230414050,25266760200
2021-04-14,12100,12150,11400,11400,2005294,-6.172839506172839,-136641,7395,94204,35042,0,35749,39206,1862556,67783,2005294,172390,31811,1768352,32741,2005294,-1580381200,85033100,1091331050,404017050,0,410997150,451925300,21556964050,785539200,23205425700,1991378350,366892200,20465633000,381522150,23205425700
2021-04-15,11550,12450,11350,11700,2745628,2.631578947368421,-14324,-11750,-64924,90998,0,95401,21024,2496724,132479,2745628,109725,32774,2561648,41481,2745628,-183209500,-147254250,-739824950,1070288700,0,1121097900,245977800,29535090250,1557450150,32459616100,1304307400,393232050,30274915200,487161450,32459616100
2021-04-16,11650,13600,11650,12900,8954054,10.256410256410255,-542909,-49492,26530,565871,0,546650,15473,7710722,681209,8954054,1089559,64965,7684192,115338,8954054,-6706944050,-614963900,118738000,7203169950,0,6970634500,195800450,98359344100,8673284200,114199063250,13677578550,810764350,98240606100,1470114250,114199063250
2021-04-19,12900,13300,12450,12950,3084598,0.3875968992248062,-390240,9356,448139,-67255,0,102000,28882,2898236,55480,3084598,492240,19526,2450097,122735,3084598,-4996723850,122589750,5716748300,-842614200,0,1314855450,375818600,37312071450,708103550,39710849050,6311579300,253228850,31595323150,1550717750,39710849050
2021-04-20,13250,13400,12750,13100,2040712,1.1583011583011582,14780,-33302,-50098,68620,0,61397,9763,1856912,112640,2040712,46617,43065,1907010,44020,2040712,195643500,-434200950,-654154350,892711800,0,800837000,128555700,24316180800,1477421550,26722995050,605193500,562756650,24970335150,584709750,26722995050
2021-04-21,12950,13300,12400,12650,2284678,-3.435114503816794,-48375,-598358,635513,11220,0,201673,9400,2020369,53236,2284678,250048,607758,1384856,42016,2284678,-584155050,-7590847300,8044095900,130906450,0,2590745250,121553850,25901178350,675111450,29288588900,3174900300,7712401150,17857082450,544205000,29288588900
2021-04-22,12700,13050,12600,12600,1234997,-0.3952569169960474,19961,-25777,98968,-93152,0,41874,1600,1170327,21196,1234997,21913,27377,1071359,114348,1234997,261810500,-334652900,1260648550,-1187806150,0,540581550,20800000,15018370650,272286050,15852038250,278771050,355452900,13757722100,1460092200,15852038250
2021-04-23,12500,13100,12500,13000,1472648,3.1746031746031744,111179,-24330,-96084,9235,0,121892,2670,1301075,47011,1472648,10713,27000,1397159,37776,1472648,1417301150,-314585150,-1224370700,121654700,0,1553091000,33828000,16674303400,607154250,18868376650,135789850,348413150,17898674100,485499550,18868376650
2021-04-26,12900,13900,12750,13400,3089051,3.076923076923077,108769,-16165,-12745,-79859,0,134570,14710,2904239,35532,3089051,25801,30875,2916984,115391,3089051,1453968150,-220015900,-163604250,-1070348000,0,1796942800,198502850,38957946500,474287850,41427680000,342974650,418518750,39121550750,1544635850,41427680000
2021-04-27,13250,14450,13200,14000,4607148,4.477611940298507,188143,-25738,-30855,-131550,0,193619,7822,4342101,63606,4607148,5476,33560,4372956,195156,4607148,2623244800,-361499600,-426687700,-1835057500,0,2698490950,109237400,60644336350,889151450,64341216150,75246150,470737000,61071024050,2724208950,64341216150
2021-04-28,14100,14250,13100,13300,1672967,-5.0,-17778,2536,-12142,27384,0,18236,9911,1568345,76475,1672967,36014,7375,1580487,49091,1672967,-242989000,34343450,-139816900,348462450,0,243374100,133752100,21322533000,1018825500,22718484700,486363100,99408650,21462349900,670363050,22718484700
2021-04-29,13700,14200,13300,13350,1778108,0.37593984962406013,-5776,-5814,48591,-37001,0,21073,5066,1724814,27155,1778108,26849,10880,1676223,64156,1778108,-89042400,-79475050,688822300,-520304850,0,283358350,68373950,23559819200,366106600,24277658100,372400750,147849000,22870996900,886411450,24277658100
2021-04-30,13650,13850,13100,13400,1384317,0.37453183520599254,-68386,5499,81395,-18508,0,12147,5500,1304552,62118,1384317,80533,1,1223157,80626,1384317,-914304250,74213300,1096169300,-256078350,0,165591850,74226900,17611332200,835656500,18686807450,1079896100,13600,16515162900,1091734850,18686807450
2021-05-03,13400,13650,12400,12550,1370102,-6.343283582089552,-134252,-7593,173641,-31796,0,5000,1500,1296757,66845,1370102,139252,9093,1123116,98641,1370102,-1686074750,-96595000,2180604800,-397935050,0,62544100,19200000,16699937300,857809950,17639491350,1748618850,115795000,14519332500,1255745000,17639491350
2021-05-04,12500,12700,11800,12250,889177,-2.3904382470119523,-69405,1350,6505,61550,0,31301,10050,761277,86549,889177,100706,8700,754772,24999,889177,-829773750,14811200,79083150,735879400,0,376550800,120541200,9194882200,1038659250,10730633450,1206324550,105730000,9115799050,302779850,10730633450
2021-05-06,12200,12250,11750,11950,631547,-2.4489795918367347,-102726,-13801,88896,27631,0,5405,1650,572270,52222,631547,108131,15451,483374,24591,631547,-1226315750,-164464500,1060860050,329920200,0,64908100,19502500,6844627850,624986600,7554025050,1291223850,183967000,5783767800,295066400,7554025050
2021-05-07,11900,12550,11900,12200,703518,2.092050209205021,-58923,11830,72452,-25359,0,25222,15352,633642,29302,703518,84145,3522,561190,54661,703518,-720032450,146357400,891852300,-318177250,0,309452450,189049700,7761385700,357046350,8616934200,1029484900,42692300,6869533400,675223600,8616934200
2021-05-10,12200,12600,12150,12550,462382,2.8688524590163933,48177,-700,-47476,-1,0,53776,1300,390411,16895,462382,5599,2000,437887,16896,462382,598759300,-8500000,-591325200,1065900,0,667732450,16000000,4836146500,209019450,5728898400,68973150,24500000,5427471700,207953550,5728898400
2021-05-11,12400,12600,11650,11800,1105200,-5.9760956175298805,-109585,-290414,347081,52918,0,0,3865,985149,116186,1105200,109585,294279,638068,63268,1105200,-1300536600,-3439446700,4126334100,613649200,0,0,46581500,11797621850,1383680550,13227883900,1300536600,3486028200,7671287750,770031350,13227883900
2021-05-12,11700,11750,10800,11250,1694352,-4.661016949152542,-332636,-141205,376765,97076,0,46777,10400,1497048,140127,1694352,379413,151605,1120283,43051,1694352,-3705153850,-1570246750,4196612650,1078787950,0,527610400,116074000,16717393000,1561424150,18922501550,4232764250,1686320750,12520780350,482636200,18922501550
2021-05-13,10950,11700,10700,11350,792077,0.8888888888888888,-21383,8517,20725,-7859,0,7000,9517,718735,56825,792077,28383,1000,698010,64684,792077,-241578400,96715100,238544950,-93681650,0,78964500,107915100,8093834250,635704150,8916418000,320542900,11200000,7855289300,729385800,8916418000
2021-05-14,11350,11600,11050,11100,835828,-2.2026431718061676,-95773,-127947,207503,16217,0,47143,19230,710631,58824,835828,142916,147177,503128,42607,835828,-1069104550,-1418017150,2307961300,179160400,0,538297000,219486100,7992226150,663304400,9413313650,1607401550,1637503250,5684264850,484144000,9413313650
2021-05-17,11600,12300,11450,12050,1340667,8.558558558558559,36892,11011,-39606,-8297,0,59300,11011,1219722,50634,1340667,22408,0,1259328,58931,1340667,428723100,130448000,-458085050,-101086050,0,696713150,130448000,14589576900,601919850,16018657900,267990050,0,15047661950,703005900,16018657900
2021-05-18,12200,12500,11750,12400,928302,2.904564315352697,69170,-3400,-62499,-3271,0,69201,0,839450,19651,928302,31,3400,901949,22922,928302,845743050,-41130000,-764393650,-40219400,0,846118150,0,10237096400,238919950,11322134500,375100,41130000,11001490050,279139350,11322134500
2021-05-20,12650,12700,11650,11750,1016667,-5.241935483870968,-102561,-2119,85451,19229,0,0,7971,964982,43714,1016667,102561,10090,879531,24485,1016667,-1235701950,-21821300,1025726650,231796600,0,0,98594250,11650253650,527340050,12276187950,1235701950,120415550,10624527000,295543450,12276187950
2021-05-21,12000,12250,11750,11900,663896,1.276595744680851,-42503,-5771,55788,-7514,0,0,2040,660734,1122,663896,42503,7811,604946,8636,663896,-507291900,-69639150,667147700,-90216650,0,0,24341000,7918359300,13416150,7956116450,507291900,93980150,7251211600,103632800,7956116450
2021-05-24,11900,12500,11900,12000,632907,0.8403361344537815,-47337,1001,73539,-27203,0,6133,1001,621496,4277,632907,53470,0,547957,31480,632907,-571013150,12111950,887715950,-328814750,0,74472000,12111950,7558152150,51617400,7696353500,645485150,0,6670436200,380432150,7696353500
2021-05-25,12100,12150,11550,11950,482491,-0.4166666666666667,-15689,9000,-861,7550,0,13099,9000,447913,12479,482491,28788,0,448774,4929,482491,-182620550,106580850,-11960200,87999900,0,155088250,106580850,5275105800,146140600,5682915500,337708800,0,5287066000,58140700,5682915500
2021-05-26,12000,12100,11650,11850,382294,-0.8368200836820083,-39130,-1352,31118,9364,0,1094,0,369094,12106,382294,40224,1352,337976,2742,382294,-459731700,-15931900,365017350,110646250,0,13128000,0,4359261700,143368650,4515758350,472859700,15931900,3994244350,32722400,4515758350
2021-05-27,11750,12000,11650,11950,400450,0.8438818565400843,4353,1181,-12589,7055,0,26366,1837,355272,16975,400450,22013,656,367861,9920,400450,54068200,14013650,-152201000,84119150,0,314152750,21768450,4214557300,201881950,4752360450,260084550,7754800,4366758300,117762800,4752360450
2021-05-28,12250,12350,12000,12200,484907,2.092050209205021,-52196,5000,44964,2232,0,0,5000,466408,13499,484907,52196,0,421444,11267,484907,-635071600,60500000,548641750,25929850,0,0,60500000,5672659000,163637000,5896796000,635071600,0,5124017250,137707150,5896796000
2021-05-31,12250,12700,12050,12400,827746,1.639344262295082,-69531,-15950,117280,-31799,0,2557,4050,814008,7131,827746,72088,20000,696728,38930,827746,-861562150,-197868650,1458226100,-398795300,0,31985750,50747500,10134384350,87524150,10304641750,893547900,248616150,8676158250,486319450,10304641750
2021-06-01,12450,12500,12000,12100,511057,-2.4193548387096775,-69181,1900,63158,4123,0,0,1900,500831,8326,511057,69181,0,437673,4203,511057,-836251300,22965000,762962100,50324200,0,0,22965000,6066189050,101241600,6190395650,836251300,0,5303226950,50917400,6190395650
2021-06-02,12050,12250,11900,11950,433862,-1.2396694214876034,-65534,-500,44096,21938,0,9000,500,400689,23673,433862,74534,1000,356593,1735,433862,-787287450,-5975000,528159850,265102600,0,108202550,6025000,4820401800,286103700,5220733050,895490000,12000000,4292241950,21001100,5220733050
2021-06-03,11900,12100,11800,12050,414681,0.8368200836820083,-11220,-16999,-1834,30053,0,25,0,383836,30820,414681,11245,16999,385670,767,414681,-133845650,-203988000,-21178700,359012350,0,301150,0,4593650850,368114350,4962066350,134146800,203988000,4614829550,9102000,4962066350
2021-06-04,12050,12200,11850,12100,397180,0.4149377593360996,-753,-24500,25585,-332,0,6479,500,384780,5421,397180,7232,25000,359195,5753,397180,-8203400,-293728900,306022450,-4090150,0,78379750,6025000,4623123650,65100300,4772628700,86583150,299753900,4317101200,69190450,4772628700
2021-06-07,12150,12350,11700,11850,885254,-2.066115702479339,-53965,-5262,69539,-10312,0,0,149,878885,6220,885254,53965,5411,809346,16532,885254,-647012200,-64511550,837756150,-126232400,0,0,1773200,10546975750,74340300,10623089250,647012200,66284750,9709219600,200572700,10623089250
2021-06-08,11850,12150,11700,11800,648501,-0.42194092827004215,-21098,965,-30865,50998,0,4512,965,580418,62606,648501,25610,0,611283,11608,648501,-251858350,11430250,-368018250,608446350,0,53681150,11430250,6897034750,746487700,7708633850,305539500,0,7265053000,138041350,7708633850
2021-06-09,11850,11950,11100,11200,1055743,-5.084745762711865,-17173,-5789,32478,-9516,0,0,2564,1019774,33405,1055743,17173,8353,987296,42921,1055743,-193103150,-66154850,370083550,-110825550,0,0,28852200,11538124750,374976300,11941953250,193103150,95007050,11168041200,485801850,11941953250
2021-06-10,11150,11550,11150,11300,541841,0.8928571428571428,-35136,-14177,54462,-5149,0,3000,200,529668,8973,541841,38136,14377,475206,14122,541841,-395183000,-162330700,617002750,-59489050,0,33825000,2240000,5996988400,100916300,6133969700,429008000,164570700,5379985650,160405350,6133969700
2021-06-11,11200,11450,11100,11200,454093,-0.8849557522123894,-29030,-56374,94923,-9519,0,172,0,445922,7999,454093,29202,56374,350999,17518,454093,-323198900,-627610900,1057055500,-106245700,0,1938300,0,4986810350,89443900,5078192550,325137200,627610900,3929754850,195689600,5078192550
2021-06-14,11350,11500,11150,11300,629725,0.8928571428571428,-84789,-101374,187317,-1154,0,0,100,608850,20775,629725,84789,101474,421533,21929,629725,-953728850,-1136945300,2103280200,-12606050,0,0,1120000,6868782150,234653300,7104555450,953728850,1138065300,4765501950,247259350,7104555450
2021-06-15,11300,11300,10950,11000,585110,-2.6548672566371683,-90569,500,92690,-2621,0,297,500,559607,24706,585110,90866,0,466917,27327,585110,-1001823800,5510000,1025305900,-28992100,0,3286600,5510000,6182382800,274993400,6466172800,1005110400,0,5157076900,303985500,6466172800
2021-06-16,10550,10750,10450,10500,1456081,-4.545454545454546,-611345,-64530,648841,27034,0,34635,9000,1354498,57948,1456081,645980,73530,705657,30914,1456081,-6455617900,-675553300,6841848350,289322850,0,364995550,94985000,14297850600,616556050,15374387200,6820613450,770538300,7456002250,327233200,15374387200
2021-06-17,10550,10950,10300,10900,976410,3.8095238095238098,-21042,-68679,96801,-7080,0,104332,6200,854921,10957,976410,125374,74879,758120,18037,976410,-213065600,-741532850,1030137000,-75538550,0,1117894100,64995000,9085107850,115880000,10383876950,1330959700,806527850,8054970850,191418550,10383876950
2021-06-18,10850,11000,10650,10950,484421,0.45871559633027525,6561,-1000,-16023,10462,0,39216,0,426530,18675,484421,32655,1000,442553,8213,484421,73602200,-11000000,-174819000,112216800,0,427203500,0,4607617200,200787950,5235608650,353601300,11000000,4782436200,88571150,5235608650
2021-06-21,10950,11000,10800,10900,451581,-0.45662100456621,-47154,-9550,58927,-2223,0,46212,450,388067,16852,451581,93366,10000,329140,19075,451581,-517286050,-104092500,644610350,-23231800,0,503373300,4907500,4223404100,184595750,4916280650,1020659350,109000000,3578793750,207827550,4916280650
2021-06-22,10900,10950,10500,10700,659231,-1.834862385321101,-52808,420,65051,-12663,0,102279,420,544962,11570,659231,155087,0,479911,24233,659231,-559762750,4463500,690508500,-135209250,0,1090490400,4463500,5798486050,122723950,7016163900,1650253150,0,5107977550,257933200,7016163900
2021-06-23,10700,10750,10300,10500,893631,-1.8691588785046727,-121502,4557,121221,-4276,0,121372,4557,736346,31356,893631,242874,0,615125,35632,893631,-1270805850,47665650,1269666600,-46526400,0,1281380750,47665650,7736672500,328082600,9393801500,2552186600,0,6467005900,374609000,9393801500
2021-06-24,10500,10700,10300,10400,550507,-0.9523809523809524,-76761,-47710,135388,-10917,0,34220,290,513057,2940,550507,110981,48000,377669,13857,550507,-806681200,-503137400,1425639350,-115820750,0,359082350,3013500,5386099200,30716450,5778911500,1165763550,506150900,3960459850,146537200,5778911500
2021-06-25,10500,10650,10400,10450,395473,0.4807692307692308,-24500,142,25510,-1152,0,0,142,393207,2124,395473,24500,0,367697,3276,395473,-257371750,1490900,268121000,-12240150,0,0,1490900,4128619350,22294050,4152404300,257371750,0,3860498350,34534200,4152404300
2021-06-28,10500,10600,10350,10450,352672,0.0,-54312,-22838,79424,-2274,0,0,11050,338677,2945,352672,54312,33888,259253,5219,352672,-567131200,-240409100,831354450,-23814150,0,0,115220500,3547757900,30860050,3693838450,567131200,355629600,2716403450,54674200,3693838450
2021-06-29,10550,10900,10450,10650,469912,1.9138755980861244,-41294,-37984,65518,13760,0,2010,4016,443523,20363,469912,43304,42000,378005,6603,469912,-439488800,-406667500,699695100,146461200,0,21406500,42970400,4733902400,217632150,5015911450,460895300,449637900,4034207300,71170950,5015911450
2021-06-30,10650,10850,10550,10650,437656,0.0,-25635,-44040,74032,-4357,0,1500,10500,415036,10620,437656,27135,54540,341004,14977,437656,-273671650,-469673000,789423650,-46079000,0,15985000,111740000,4429942150,113925650,4671592800,289656650,581413000,3640518500,160004650,4671592800
2021-07-01,10700,11500,10600,11350,1775587,6.572769953051644,88128,-149303,-55015,116190,0,195234,7697,1396768,175888,1775587,107106,157000,1451783,59698,1775587,1028797450,-1661022200,-621742950,1253967700,0,2209485150,84989550,15596182400,1929734700,19820391800,1180687700,1746011750,16217925350,675767000,19820391800
2021-07-02,11550,11700,11250,11350,983078,0.0,-830,-82000,154450,-71620,0,26237,19500,918403,18938,983078,27067,101500,763953,90558,983078,-5780450,-930605000,1763184200,-826798750,0,301540300,222370000,10507049450,215364200,11246323950,307320750,1152975000,8743865250,1042162950,11246323950
2021-07-05,11500,11800,11300,11750,1034678,3.524229074889868,191847,-96916,-78450,-16481,0,227862,5000,791485,10331,1034678,36015,101916,869935,26812,1034678,2231490350,-1125363700,-916547900,-189578750,0,2645425700,57932500,9151340250,118966650,11973665100,413935350,1183296200,10067888150,308545400,11973665100
2021-07-06,11850,11850,11500,11700,613798,-0.425531914893617,-16048,-48530,66141,-1563,0,12019,1500,591057,9222,613798,28067,50030,524916,10785,613798,-184930300,-562958300,765578600,-17690000,0,140234450,17525000,6880012350,107365950,7145137750,325164750,580483300,6114433750,125055950,7145137750
2021-07-07,11650,11700,11150,11150,791634,-4.700854700854701,-99805,2399,98291,-885,0,4000,2706,750263,34665,791634,103805,307,651972,35550,791634,-1127327350,27333800,1106393850,-6400300,0,45015000,30772200,8481636600,393735400,8951159200,1172342350,3438400,7375242750,400135700,8951159200
2021-07-08,11250,11250,10650,10700,926846,-4.0358744394618835,-156181,1558,161533,-6910,0,1000,3693,885382,36771,926846,157181,2135,723849,43681,926846,-1678076600,17550600,1739182050,-78656050,0,10700000,40742350,9597539050,397106550,10046087950,1688776600,23191750,7858357000,475762600,10046087950
2021-07-09,10600,10750,10350,10500,781510,-1.8691588785046727,-164207,4748,152541,6918,0,3400,12024,752921,13165,781510,167607,7276,600380,6247,781510,-1720611550,49307950,1598737350,72566250,0,35705000,125428350,7892540100,138270650,8191944100,1756316550,76120400,6293802750,65704400,8191944100
2021-07-12,10450,10850,10450,10600,418639,0.9523809523809524,893,-48425,69342,-21810,0,1000,0,410414,7225,418639,107,48425,341072,29035,418639,9457800,-518362650,742933600,-234028750,0,10600000,0,4374152600,76428400,4461181000,1142200,518362650,3631219000,310457150,4461181000
2021-07-13,10650,10950,10550,10600,502689,0.0,-3035,-46676,105014,-55303,0,500,0,495492,6697,502689,3535,46676,390478,62000,502689,-32592100,-502015100,1122190300,-587583100,0,5300000,0,5307184250,71923100,5384407350,37892100,502015100,4184993950,659506200,5384407350
2021-07-14,10600,10750,10450,10500,504416,-0.9433962264150944,-32117,-100400,130793,1724,0,43465,0,456647,4304,504416,75582,100400,325854,2580,504416,-332398700,-1057856200,1372512450,17742450,0,462514600,0,4817992400,45259350,5325766350,794913300,1057856200,3445479950,27516900,5325766350
2021-07-15,10500,10700,10500,10550,379264,0.4761904761904762,1989,-80048,77924,135,0,2000,4952,370307,2005,379264,11,85000,292383,1870,379264,20933950,-844443550,822172100,1337500,0,21050000,52406450,3914151100,21218250,4008825800,116050,896850000,3091979000,19880750,4008825800
2021-07-16,10550,10550,10400,10500,312083,-0.47393364928909953,-25408,-837,20382,5863,0,1000,0,298982,12101,312083,26408,837,278600,6238,312083,-265253200,-8788500,213032100,61009600,0,10500000,0,3126876950,126508600,3263885550,275753200,8788500,2913844850,65499000,3263885550
2021-07-19,10450,10600,10350,10450,334335,-0.4761904761904762,-54,-74276,73031,1299,0,0,1224,326626,6485,334335,54,75500,253595,5186,334335,-561600,-777108000,763914950,13754650,0,0,12842000,3409079950,67938350,3489860300,561600,789950000,2645165000,54183700,3489860300
2021-07-20,10350,10450,10300,10400,515694,-0.4784688995215311,-2442,-51600,54009,33,0,0,5400,509936,358,515694,2442,57000,455927,325,515694,-25196850,-534155000,559010300,341550,0,0,55895000,5285857950,3705300,5345458250,25196850,590050000,4726847650,3363750,5345458250
2021-07-21,10400,10500,10200,10350,777256,-0.4807692307692308,132145,-57300,-97230,22385,0,215691,8700,526711,26154,777256,83546,66000,623941,3769,777256,1374049550,-594543850,-1011489650,231983950,0,2237515850,89700000,5437917800,270888550,8036022200,863466300,684243850,6449407450,38904600,8036022200
2021-07-22,10550,10700,10400,10500,653307,1.4492753623188406,-13276,-69565,64520,18321,0,0,1500,619883,31924,653307,13276,71065,555363,13603,653307,-139898000,-733702900,679454700,194146200,0,0,15875000,6530264450,337044500,6883183950,139898000,749577900,5850809750,142898300,6883183950
2021-07-23,10500,10650,10350,10500,526054,0.0,46750,-44135,7158,-9773,0,50856,0,469443,5755,526054,4106,44135,462285,15528,526054,491352050,-463317500,75243000,-103277550,0,534265050,0,4917321600,60566450,5512153100,42913000,463317500,4842078600,163844000,5512153100
2021-07-26,10650,10850,10600,10700,697539,1.9047619047619049,-2100,-56365,75847,-17382,0,1000,15000,662076,19463,697539,3100,71365,586229,36845,697539,-22185000,-606628200,815098050,-186284850,0,10700000,160123650,7084239500,208281600,7463344750,32885000,766751850,6269141450,394566450,7463344750
2021-07-27,10700,10750,10400,10400,385764,-2.803738317757009,-3371,955,4640,-2224,0,3100,955,380680,1029,385764,6471,0,376040,3253,385764,-35162150,9999800,49100900,-23938550,0,32460000,9999800,4000749350,10778350,4053987500,67622150,0,3951648450,34716900,4053987500
2021-07-28,10400,10600,10250,10350,589680,-0.4807692307692308,-132934,-3827,132128,4633,0,0,11173,565340,13167,589680,132934,15000,433212,8534,589680,-1371933000,-41915900,1367238350,46610550,0,0,115584100,5859640400,135829550,6111054050,1371933000,157500000,4492402050,89219000,6111054050
2021-07-29,10350,10400,10250,10300,311458,-0.4830917874396135,-24385,550,18072,5763,0,0,550,302178,8730,311458,24385,0,284106,2967,311458,-251629750,5665000,186181350,59783400,0,0,5665000,3121945200,90354500,3217964700,251629750,0,2935763850,30571100,3217964700
2021-07-30,10250,10350,10150,10150,409507,-1.4563106796116505,-13707,-44900,58636,-29,0,1000,100,407962,445,409507,14707,45000,349326,474,409507,-139501900,-457980000,597825650,-343750,0,10200000,1020000,4162607950,4538350,4178366300,149701900,459000000,3564782300,4882100,4178366300
2021-08-02,10150,10200,10000,10100,405785,-0.49261083743842365,-38004,-17956,53619,2341,0,0,50,400977,4758,405785,38004,18006,347358,2417,405785,-382387250,-181355300,540232850,23509700,0,0,505000,4044414900,47945550,4092865450,382387250,181860300,3504182050,24435850,4092865450
2021-08-03,10100,10350,10000,10300,376880,1.9801980198019802,-25163,0,16602,8561,0,0,0,367078,9802,376880,25163,0,350476,1241,376880,-255250500,0,168344600,86905900,0,0,0,3742692350,99601250,3842293600,255250500,0,3574347750,12695350,3842293600
2021-08-04,10400,10800,10350,10600,736349,2.912621359223301,11070,-51950,5696,35184,0,16288,0,657899,62162,736349,5218,51950,652203,26978,736349,117602900,-550962500,61382050,371977550,0,172652800,0,6978443050,657157350,7808253200,55049900,550962500,6917061000,285179800,7808253200
2021-08-05,10700,10750,10450,10600,348647,0.0,-42084,-45948,84373,3659,0,0,4052,315590,29005,348647,42084,50000,231217,25346,348647,-443258900,-487271500,892109900,38420500,0,0,42748600,3337628300,306873500,3687250400,443258900,530020100,2445518400,268453000,3687250400
2021-08-06,10650,10700,10400,10600,313963,0.0,-17070,-48135,30332,34873,0,0,1865,270249,41849,313963,17070,50000,239917,6976,313963,-179127250,-503717950,317766550,365078650,0,0,19582500,2838791300,439001150,3297374950,179127250,523300450,2521024750,73922500,3297374950
2021-08-09,10600,10650,10400,10450,355452,-1.4150943396226416,-6089,-8265,37142,-22788,0,0,11735,338669,5048,355452,6089,20000,301527,27836,355452,-63635600,-87741100,390677850,-239301150,0,0,123123200,3547433500,52808550,3723365250,63635600,210864300,3156755650,292109700,3723365250
2021-08-10,10400,10450,10200,10300,441205,-1.4354066985645932,-24685,-31223,18333,37575,0,1018,12777,384776,42634,441205,25703,44000,366443,5059,441205,-253793500,-320572250,185650950,388714800,0,10486200,131103100,3964038550,440830800,4546458650,264279700,451675350,3778387600,52116000,4546458650
2021-08-11,10200,10550,10200,10400,383607,0.9708737864077669,-8078,-46165,-33216,87459,0,249,3847,291532,87979,383607,8327,50012,324748,520,383607,-83517950,-481739050,-341899800,907156800,0,2592350,39843800,3021112500,912544800,3976093450,86110300,521582850,3363012300,5388000,3976093450
2021-08-12,10350,11000,10300,10900,1305781,4.807692307692308,25286,-192906,79067,88553,0,34302,5000,1134195,132284,1305781,9016,197906,1055128,43731,1305781,266558450,-2042824800,829112350,947154000,0,363237950,54350000,12185592700,1415443600,14018624250,96679500,2097174800,11356480350,468289600,14018624250
2021-08-13,10950,10950,10450,10700,646677,-1.834862385321101,-27785,1,72298,-44514,0,0,1,622143,24533,646677,27785,0,549845,69047,646677,-294096250,10700,771095950,-477010400,0,0,10700,6613307800,258995200,6872313700,294096250,0,5842211850,736005600,6872313700
2021-08-17,10650,10650,10250,10350,629700,-3.2710280373831773,-2054,14223,1357,-13526,0,0,34223,558642,36835,629700,2054,20000,557285,50361,629700,-21269700,147789650,9799100,-136319050,0,0,356645350,5819867300,386596950,6563109600,21269700,208855700,5810068200,522916000,6563109600
2021-08-18,10250,10500,10250,10350,423754,0.0,-15001,-10000,42949,-17948,0,7134,0,408427,8193,423754,22135,10000,365478,26141,423754,-154816700,-104000000,443364000,-184547300,0,73910150,0,4223431300,84938800,4382280250,228726850,104000000,3780067300,269486100,4382280250
2021-08-19,10250,10400,10100,10150,407496,-1.932367149758454,-3352,-1000,88741,-84389,0,2000,0,404965,531,407496,5352,1000,316224,84920,407496,-33788700,-10100000,903216750,-859328050,0,20350000,0,4131813150,5474600,4157637750,54138700,10100000,3228596400,864802650,4157637750
2021-08-20,10150,10250,9350,9700,1058872,-4.433497536945813,-2285,36204,71135,-105054,0,2072,36354,994597,25849,1058872,4357,150,923462,130903,1058872,-22497190,364843400,707855540,-1050201750,0,20452510,366350900,9771196460,249365510,10407365380,42949700,1507500,9063340920,1299567260,10407365380
2021-08-23,9700,9930,9510,9850,384552,1.5463917525773196,4765,6216,-10377,-604,0,8516,6216,332207,37613,384552,3751,0,342584,38217,384552,47328450,60893800,-101813400,-6408850,0,84078970,60893800,3242639590,367773590,3755385950,36750520,0,3344452990,374182440,3755385950
2021-08-24,9930,10200,9860,10050,353069,2.030456852791878,-11309,-71850,-3391,86550,0,590,0,257006,95473,353069,11899,71850,260397,8923,353069,-113222590,-723343350,-32986990,869552930,0,5959000,0,2584356710,958706240,3549021950,119181590,723343350,2617343700,89153310,3549021950
2021-08-25,10050,10100,9910,10100,230482,0.4975124378109453,3868,500,-12564,8196,0,10072,500,187799,32111,230482,6204,0,200363,23915,230482,39658730,4955000,-127181160,82567430,0,101694000,4955000,1878171540,321561900,2306382440,62035270,0,2005352700,238994470,2306382440
2021-08-26,10050,10150,9920,10000,263705,-0.9900990099009901,-34193,750,50441,-16998,0,0,750,247856,15099,263705,34193,0,197415,32097,263705,-341705310,7487500,503388140,-169170330,0,0,7487500,2478074000,151571690,2637133190,341705310,0,1974685860,320742020,2637133190
2021-08-27,9910,9990,9730,9800,418108,-2.0,-22200,-9550,88945,-57195,0,800,1950,401788,13570,418108,23000,11500,312843,70765,418108,-218352120,-93361500,876251380,-564537760,0,7880000,19083500,3951425760,133433250,4111822510,226232120,112445000,3075174380,697971010,4111822510
2021-08-30,9830,9910,9770,9850,244115,0.5102040816326531,-19009,-450,-2645,22104,0,1000,400,209684,33031,244115,20009,850,212329,10927,244115,-186951780,-4403000,-26034070,217388850,0,9850000,3944000,2061170440,325276330,2400240770,196801780,8347000,2087204510,107887480,2400240770
2021-08-31,9870,9870,9610,9680,363725,-1.7258883248730965,-20000,2034,42563,-24597,0,0,4034,356584,3107,363725,20000,2000,314021,27704,363725,-193110400,19669600,411466470,-238025670,0,0,38969600,3449995390,30173040,3519138030,193110400,19300000,3038528920,268198710,3519138030
2021-09-01,9680,9790,9480,9600,423710,-0.8264462809917356,-63298,3713,25655,33930,0,28658,3713,332364,58975,423710,91956,0,306709,25045,423710,-604214400,35517870,243527680,325168850,0,284739790,35517870,3180685700,565283240,4066226600,888954190,0,2937158020,240114390,4066226600
2021-09-02,9640,9660,9490,9540,266658,-0.625,-254,1381,19098,-20225,0,0,1381,261297,3980,266658,254,0,242199,24205,266658,-2439970,13137120,181840490,-192537640,0,0,13137120,2491748500,38118950,2543004570,2439970,0,2309908010,230656590,2543004570
2021-09-03,9600,10400,9580,9880,1439836,3.563941299790356,-24742,-174000,160696,38046,0,1000,10000,1298643,130193,1439836,25742,184000,1137947,92147,1439836,-245934550,-1723244330,1596274590,372904290,0,9864000,99526820,12956191860,1293317030,14358899710,255798550,1822771150,11359917270,920412740,14358899710
2021-09-06,9920,9970,9660,9940,416992,0.6072874493927125,-20423,-33501,59499,-5575,0,0,6499,377972,32521,416992,20423,40000,318473,38096,416992,-200489570,-327572860,583813920,-55751490,0,0,64206100,3712395860,318402940,4095004900,200489570,391778960,3128581940,374154430,4095004900
2021-09-07,9960,10300,9810,9950,774956,0.1006036217303823,-50027,-126515,184831,-8289,0,0,4985,743339,26632,774956,50027,131500,558508,34921,774956,-494779100,-1277670240,1855294420,-82845080,0,0,49936600,7473825240,266292530,7790054370,494779100,1327606840,5618530820,349137610,7790054370
2021-09-08,10150,10200,9890,10050,607357,1.0050251256281406,28304,-127734,121998,-22568,0,32703,3100,537060,34494,607357,4399,130834,415062,57062,607357,281998160,-1276824710,1219459780,-224633230,0,326018160,31079000,5372196560,344990430,6074284150,44020000,1307903710,4152736780,569623660,6074284150
2021-09-09,9980,10050,9660,9880,459385,-1.691542288557214,-15400,-22900,84870,-46570,0,4600,600,436664,17521,459385,20000,23500,351794,64091,459385,-149349470,-225262330,832077000,-457465200,0,45654000,5857000,4282637060,172018830,4506166890,195003470,231119330,3450560060,629484030,4506166890
2021-09-10,9810,9870,9590,9680,311751,-2.0242914979757085,-19092,-22359,33481,7970,0,915,141,292501,18194,311751,20007,22500,259020,10224,311751,-185041400,-216699970,325893850,75847520,0,8914770,1364880,2835132490,174947930,3020360070,193956170,218064850,2509238640,99100410,3020360070
2021-09-13,9680,9800,9420,9500,418150,-1.859504132231405,-10514,-3001,24071,-10556,0,9505,1000,388348,19297,418150,20019,4001,364277,29853,418150,-99505280,-28879490,231829650,-103444880,0,90120050,9550000,3705171240,184168300,3989009590,189625330,38429490,3473341590,287613180,3989009590
2021-09-14,9500,9590,9410,9550,273605,0.5263157894736842,-63082,-20111,87580,-4387,0,116,0,255456,18033,273605,63198,20111,167876,22420,273605,-597913230,-191063530,830376460,-41399700,0,1096200,0,2421598760,171128040,2593823000,599009430,191063530,1591222300,212527740,2593823000
2021-09-15,9710,10000,9700,9830,883437,2.931937172774869,-282,-83998,5050,79230,0,13517,7502,753441,108977,883437,13799,91500,748391,29747,883437,-2625220,-829465750,49039630,783051340,0,133229780,73679710,7423869340,1075861140,8706639970,135855000,903145460,7374829710,292809800,8706639970
2021-09-16,9800,9860,9460,9590,755138,-2.441505595116989,-340838,3984,347308,-10454,0,7799,8411,734760,4168,755138,348637,4427,387452,14622,755138,-3253626280,38857130,3315327750,-100558600,0,75019290,81044530,7030003480,39989730,7226057030,3328645570,42187400,3714675730,140548330,7226057030
2021-09-17,9570,9780,9460,9630,350136,0.4171011470281543,9519,500,-21423,11404,0,11719,500,314945,22972,350136,2200,0,336368,11568,350136,91736550,4807500,-205112300,108568250,0,112881410,4807500,3027319680,220786900,3365795490,21144860,0,3232431980,112218650,3365795490
2021-09-23,9530,9790,9460,9590,403352,-0.4153686396677051,-2189,-4246,-59644,66079,0,0,31,306947,96374,403352,2189,4277,366591,30295,403352,-21048710,-40625970,-567684940,629359620,0,0,298840,2947830420,922368970,3870498230,21048710,40924810,3515515360,293009350,3870498230
2021-09-24,9650,9690,9410,9570,465160,-0.20855057351407716,-49482,8700,80070,-39288,0,101,8700,435563,20796,465160,49583,0,355493,60084,465160,-471437880,82769000,764787430,-376118550,0,963540,82769000,4146146800,197561910,4427441250,472401420,0,3381359370,573680460,4427441250
2021-09-27,9620,9750,9480,9690,385173,1.2539184952978055,-1023,14000,-50009,37032,0,21425,14000,293635,56113,385173,22448,0,343644,19081,385173,-9056220,135298020,-484967800,358726000,0,207227410,135298020,2822575970,541104950,3706206350,216283630,0,3307543770,182378950,3706206350
2021-09-28,9700,10300,9600,10050,1270389,3.7151702786377707,2453,19532,-149207,127222,0,48974,21563,1042584,157268,1270389,46521,2031,1191791,30046,1270389,20788250,192692430,-1488458340,1274977660,0,488416660,213102430,10451729440,1574167330,12727415860,467628410,20410000,11940187780,299189670,12727415860
2021-09-29,9910,10200,9780,9990,665411,-0.5970149253731344,-68730,4251,138095,-73616,0,0,9101,621230,35080,665411,68730,4850,483135,108696,665411,-683209540,42722000,1376825240,-736337700,0,0,90853340,6188147100,349992400,6628992840,683209540,48131340,4811321860,1086330100,6628992840
2021-09-30,9970,10250,9860,10100,558274,1.1011011011011012,259,14999,20407,-35665,0,259,15351,506178,36486,558274,0,352,485771,72151,558274,2603340,152200280,205367910,-360171530,0,2603340,155720280,5088332920,365787540,5612444080,0,3520000,4882965010,725959070,5612444080
2021-10-01,10100,10800,10000,10300,1933338,1.9801980198019802,-126434,-118845,233447,11832,0,10352,11145,1740151,171690,1933338,136786,129990,1506704,159858,1933338,-1313374050,-1247092000,2430854350,129611700,0,106949050,114952750,18196809900,1803971550,20222683250,1420323100,1362044750,15765955550,1674359850,20222683250
2021-10-05,10400,10600,10050,10150,1090908,-1.4563106796116505,-15077,-66443,189552,-108032,0,2000,26218,1026295,36395,1090908,17077,92661,836743,144427,1090908,-153692150,-678265250,1952965950,-1121008550,0,20475700,268025400,10525864450,372017050,11186382600,174167850,946290650,8572898500,1493025600,11186382600
2021-10-06,10200,10350,9500,9500,1188522,-6.403940886699508,-71317,16035,48464,6818,0,3000,17115,1096145,72262,1188522,74317,1080,1047681,65444,1188522,-688738370,163456020,455007880,70274470,0,29360430,173975100,10707621070,713675200,11624631800,718098800,10519080,10252613190,643400730,11624631800
2021-10-07,9550,9780,9510,9750,403410,2.631578947368421,-20000,-4,12993,7011,0,0,0,376723,26687,403410,20000,4,363730,19676,403410,-193539780,-38330,126972490,66605620,0,0,0,3643511990,257479350,3900991340,193539780,38330,3516539500,190873730,3900991340
2021-10-08,9720,10100,9630,9890,637449,1.435897435897436,6418,-34966,-53472,82020,0,9461,1,526178,101809,637449,3043,34967,579650,19789,637449,64091640,-348403290,-525890090,810201740,0,93670890,9880,5193840400,1005956270,6293477440,29579250,348413170,5719730490,195754530,6293477440
2021-10-12,10150,10150,9610,9800,588170,-0.910010111223458,-64310,-14001,171007,-92696,0,1223,4000,548182,34765,588170,65533,18001,377175,127461,588170,-629748940,-139485580,1675951730,-906717210,0,12166340,39199700,5384346760,346009510,5781722310,641915280,178685280,3708395030,1252726720,5781722310
2021-10-13,9720,9900,9710,9800,256900,0.0,-8202,-30400,38811,-209,0,8225,0,236299,12376,256900,16427,30400,197488,12585,256900,-80278710,-298334390,381060430,-2447330,0,80768260,0,2319469070,121369100,2521606430,161046970,298334390,1938408640,123816430,2521606430
2021-10-14,9850,10450,9750,10300,931318,5.1020408163265305,1280,-140500,-86857,226077,0,38574,9500,619321,263923,931318,37294,150000,706178,37846,931318,16796320,-1416088510,-880688780,2279980970,0,390943910,98900000,6282546250,2667538180,9439928340,374147590,1514988510,7163235030,387557210,9439928340
2021-10-15,10350,10450,10000,10200,457923,-0.9708737864077669,10000,-115147,86073,19074,0,10000,4853,381056,62014,457923,0,120000,294983,42940,457923,101850000,-1161885150,866902150,193133000,0,101850000,49915300,3870719600,631257900,4653742800,0,1211800450,3003817450,438124900,4653742800
2021-10-18,10300,10300,10000,10150,379449,-0.49019607843137253,-9333,-46441,73266,-17492,0,3000,4000,353461,18988,379449,12333,50441,280195,36480,379449,-94123350,-469110150,739875550,-176642050,0,30300000,40500000,3573361650,191773800,3835935450,124423350,509610150,2833486100,368415850,3835935450
2021-10-19,10250,12750,10250,11350,32819547,11.822660098522167,-1830456,-825290,2701383,-45637,0,9713,36585,31851608,921641,32819547,1840169,861875,29150225,967278,32819547,-21755751100,-9709030450,32037268050,-572486500,0,104185200,433894100,379005787700,10812864150,390356731150,21859936300,10142924550,346968519650,11385350650,390356731150
2021-10-20,11100,11250,10600,10800,5314127,-4.845814977973569,-982599,-47320,679684,350235,0,48378,17930,4060855,1186964,5314127,1030977,65250,3381171,836729,5314127,-10477604850,-512780150,7422764900,3567620100,0,527550300,196634000,44189296400,12699489850,57612970550,11005155150,709414150,36766531500,9131869750,57612970550
2021-10-21,10850,11050,10250,10250,3052123,-5.092592592592593,6854,13451,101104,-121409,0,6854,35482,2861398,148389,3052123,0,22031,2760294,269798,3052123,72632050,152968050,1096384100,-1321984200,0,72632050,382716500,30465197600,1592119300,32512665450,0,229748450,29368813500,2914103500,32512665450
2021-10-22,10250,10900,10150,10800,2602142,5.365853658536586,17104,-22038,60172,-55238,0,32604,23281,2324580,221677,2602142,15500,45319,2264408,276915,2602142,185778800,-240752000,655638500,-600665300,0,351336300,241409650,24670416950,2365922150,27629085050,165557500,482161650,24014778450,2966587450,27629085050
2021-10-25,10650,11050,10600,10600,1756164,-1.8518518518518516,1484,-28170,219717,-193031,0,1984,3424,1663647,87109,1756164,500,31594,1443930,280140,1756164,16177500,-307873100,2395105950,-2103410350,0,21577500,36796800,17981599950,939065350,18979039600,5400000,344669900,15586494000,3042475700,18979039600
2021-10-26,10500,10850,10450,10850,873235,2.358490566037736,6909,-18929,-56245,68265,0,7409,6201,772766,86859,873235,500,25130,829011,18594,873235,73414750,-200546750,-595720050,722852050,0,78689750,65818250,8209960100,920077800,9274545900,5275000,266365000,8805680150,197225750,9274545900
2021-10-27,10850,11100,10700,10800,1334861,-0.4608294930875576,-12513,-23419,122191,-86259,0,4300,3581,1284934,42046,1334861,16813,27000,1162743,128305,1334861,-133594450,-252619450,1334216850,-948002950,0,46659250,38930550,13997470350,456152650,14539212800,180253700,291550000,12663253500,1404155600,14539212800
2021-10-28,10800,10850,10350,10450,1202742,-3.2407407407407405,-221442,-3333,234572,-9797,0,9108,20501,1134692,38441,1202742,230550,23834,900120,48238,1202742,-2327936950,-33961300,2467964400,-106066150,0,96800200,215310700,11955846450,404521700,12672479050,2424737150,249272000,9487882050,510587850,12672479050
2021-10-29,10450,10500,9800,9900,3837576,-5.263157894736842,-865227,25228,853901,-13902,0,719550,27728,2699274,391024,3837576,1584777,2500,1845373,404926,3837576,-8589620380,254502880,8530979040,-195861540,0,7071680720,279104360,26968081440,3859817390,38178683910,15661301100,24601480,18437102400,4055678930,38178683910
2021-11-01,9960,10050,9750,9890,691531,-0.10101010101010101,-52154,-6532,69815,-11129,0,0,4468,661496,25567,691531,52154,11000,591681,36696,691531,-517048880,-64683830,693573690,-111840980,0,0,44309780,6554461930,252316680,6851088390,517048880,108993610,5860888240,364157660,6851088390
2021-11-02,9950,10650,9900,10600,1943850,7.17896865520728,78049,-31687,-91893,45531,0,135570,10949,1683976,113355,1943850,57521,42636,1775869,67824,1943850,822431820,-336939800,-966598660,481106640,0,1418402150,112126950,17543295940,1186347090,20260172130,595970330,449066750,18509894600,705240450,20260172130
2021-11-03,10700,11500,10600,11100,4849202,4.716981132075472,152582,-110626,-546523,504567,0,395168,32294,3752251,669489,4849202,242586,142920,4298774,164922,4849202,1721373150,-1242399050,-6119523150,5640549050,0,4442484750,359859250,41779644250,7475365700,54057353950,2721111600,1602258300,47899167400,1834816650,54057353950
2021-11-04,11100,11850,10800,11450,9986461,3.153153153153153,-342531,-938259,1275726,5064,0,4104084,58138,5329522,494717,9986461,4446615,996397,4053796,489653,9986461,-4388822350,-9825929600,14148086150,66665800,0,43369513250,649178300,60161179150,5596783550,109776654250,47758335600,10475107900,46013093000,5530117750,109776654250
2021-11-05,11300,12150,11200,11800,5377579,3.056768558951965,-638867,74032,486900,77935,0,401145,96373,4485092,394969,5377579,1040012,22341,3998192,317034,5377579,-7518488450,872282500,5695084400,951121550,0,4745816800,1137115450,52867096500,4671158600,63421187350,12264305250,264832950,47172012100,3720037050,63421187350
2021-11-08,12300,12550,11900,12100,4150053,2.5423728813559325,175883,60826,200385,-437094,0,363141,74953,3600456,111503,4150053,187258,14127,3400071,548597,4150053,2133422550,736378500,2473964650,-5343765700,0,4396850950,909233300,43799122600,1346755350,50451962200,2263428400,172854800,41325157950,6690521050,50451962200
2021-11-09,12200,12250,11000,11500,4007496,-4.958677685950414,-234574,-74863,53453,255984,0,135233,27153,3448768,396342,4007496,369807,102016,3395315,140358,4007496,-2710997350,-859826050,592154250,2978669150,0,1546384900,318159500,40016883150,4603333950,46484761500,4257382250,1177985550,39424728900,1624664800,46484761500
2021-11-10,11050,11200,9970,10350,5868651,-10.0,-1248387,-20940,1242713,26614,0,37324,52238,5360879,418210,5868651,1285711,73178,4118166,391596,5868651,-12964855020,-225127400,12905016820,284965600,0,394945250,550027300,56012266570,4408947200,61366186320,13359800270,775154700,43107249750,4123981600,61366186320
2021-11-11,10050,10600,9940,10150,2050623,-1.932367149758454,-193485,964,174146,18375,0,20515,9273,1826944,193891,2050623,214000,8309,1652798,175516,2050623,-1963381800,8089300,1798671250,156621250,0,209801800,94275300,18643869590,1959149600,20907096290,2173183600,86186000,16845198340,1802528350,20907096290
2021-11-12,10300,12450,10300,12000,8300869,18.226600985221676,188761,-16711,-735486,563436,0,239119,14368,6924544,1122838,8300869,50358,31079,7660030,559402,8300869,2030836450,-199724100,-8245939050,6414826700,0,2614359450,160171150,80703928900,12907277200,96385736700,583523000,359895250,88949867950,6492450500,96385736700
2021-11-15,11500,11550,10100,10650,8466061,-11.25,-285611,28814,1087017,-830220,0,210372,42371,8014279,199039,8466061,495983,13557,6927262,1029259,8466061,-2990450250,301594450,11408270900,-8719415100,0,2219879900,451712300,85114073150,2118555600,89904220950,5210330150,150117850,73705802250,10837970700,89904220950
2021-11-16,10550,10950,10500,10750,2369452,0.9389671361502347,-28847,11313,-203861,221395,0,94371,15829,1954493,304759,2369452,123218,4516,2158354,83364,2369452,-299595250,120384900,-2193966100,2373176450,0,1017328300,169391850,20934231400,3269688850,25390640400,1316923550,49006950,23128197500,896512400,25390640400
2021-11-17,10700,11050,10300,10800,2614794,0.46511627906976744,-62513,-35072,-49135,146720,0,239192,29032,2146181,200389,2614794,301705,64104,2195316,53669,2614794,-653798950,-365822000,-524882450,1544503400,0,2517974150,306043350,22727558950,2126275600,27677852050,3171773100,671865350,23252441400,581772200,27677852050
2021-11-18,10750,10800,10350,10550,1337266,-2.314814814814815,-168519,-26500,238532,-43513,0,0,18962,1233544,84760,1337266,168519,45462,995012,128273,1337266,-1768074000,-274513100,2495645600,-453058500,0,0,200040700,12968550600,888774700,14057366000,1768074000,474553800,10472905000,1341833200,14057366000
2021-11-19,10500,11000,10400,10650,1701091,0.9478672985781991,-160799,16268,158475,-13944,0,17331,25146,1552488,106126,1701091,178130,8878,1394013,120070,1701091,-1709857400,174026400,1691449050,-155618050,0,185435700,268437100,16562338150,1130887400,18147098350,1895293100,94410700,14870889100,1286505450,18147098350
2021-11-22,10550,10600,10000,10200,1954130,-4.225352112676056,-351599,-18811,325733,44677,0,0,5966,1887840,60324,1954130,351599,24777,1562107,15647,1954130,-3594480600,-188867650,3324180300,459167950,0,0,60630200,19256973750,618658150,19936262100,3594480600,249497850,15932793450,159490200,19936262100
2021-11-23,10150,10350,9980,10200,1334411,0.0,-65481,-29282,34120,60643,0,6600,6000,1240387,81424,1334411,72081,35282,1206267,20781,1334411,-657974810,-294008800,337925270,614058340,0,66973500,60550000,12499388940,824634950,13451547390,724948310,354558800,12161463670,210576610,13451547390
2021-11-24,10100,10300,9880,10100,1347989,-0.9803921568627451,-110470,6398,97796,6276,0,0,8741,1273982,65266,1347989,110470,2343,1176186,58990,1347989,-1104361960,63788740,974761720,65811500,0,0,87250970,12744617540,657544780,13489413290,1104361960,23462230,11769855820,591733280,13489413290
2021-11-25,9930,10100,9930,10000,698873,-0.9900990099009901,35536,200,-65223,29487,0,69530,2360,580461,46522,698873,33994,2160,645684,17035,698873,358561580,2064800,-655151190,294524810,0,697882480,23584800,5794760400,464724280,6980951960,339320900,21520000,6449911590,170199470,6980951960
2021-11-26,10050,10500,9960,10050,1196732,0.5,-231,17791,-59965,42405,0,0,19000,1040753,136979,1196732,231,1209,1100718,94574,1196732,-2321550,183778650,-604186720,422729620,0,0,195950000,10586725090,1390824170,12173499260,2321550,12171350,11190911810,968094550,12173499260
2021-11-29,9850,10100,9790,9840,1317737,-2.0895522388059704,729,-9402,35269,-26596,0,771,7599,1230705,78662,1317737,42,17001,1195436,105258,1317737,7240540,-92416460,347166570,-261990650,0,7656660,75111150,12186053990,780152420,13048974220,416120,167527610,11838887420,1042143070,13048974220
2021-11-30,9930,9940,9160,9350,1725374,-4.979674796747967,2705,-6449,-50637,54381,0,2705,1551,1552576,168542,1725374,0,8000,1603213,114161,1725374,25578020,-62031360,-478478710,514932050,0,25578020,14524200,14822907470,1606757820,16469767510,0,76555560,15301386180,1091825770,16469767510
2021-12-01,9350,9830,9160,9640,973507,3.1016042780748663,-2682,5200,-135859,133341,0,9519,5200,716420,242368,973507,12201,0,852279,109027,973507,-24853760,49932000,-1300126960,1275048720,0,92824900,49932000,6805901260,2306690740,9255348900,117678660,0,8106028220,1031642020,9255348900
2021-12-02,9490,9890,9300,9730,750816,0.9336099585062241,-8609,-3191,-62618,74418,0,248,109,597239,153220,750816,8857,3300,659857,78802,750816,-80107920,-31271330,-584627770,696007020,0,2412990,1055120,5734262840,1454938160,7192669110,82520910,32326450,6318890610,758931140,7192669110
2021-12-03,9730,10100,9700,10050,771445,3.28879753340185,197344,563,-248811,50904,0,199557,800,492626,78462,771445,2213,237,741437,27558,771445,1975679450,5713510,-2483565890,502172930,0,1997685810,8040000,4904097270,776367210,7686190290,22006360,2326490,7387663160,274194280,7686190290
2021-12-06,10000,10000,9640,9870,625532,-1.791044776119403,-161444,3854,147406,10184,0,1523,5654,541617,76738,625532,162967,1800,394211,66554,625532,-1581469480,38047290,1445293290,98128900,0,15077700,55916970,5329484590,755398020,6155877280,1596547180,17869680,3884191300,657269120,6155877280
2021-12-07,9930,10500,9800,10300,1284693,4.356636271529888,4830,38873,-31529,-12174,0,5248,41873,1176150,61422,1284693,418,3000,1207679,73596,1284693,50004380,398256800,-316621300,-131639880,0,54180700,428856800,12001243250,615989160,13100269910,4176320,30600000,12317864550,747629040,13100269910
2021-12-08,10400,10500,10100,10100,763258,-1.9417475728155338,-25031,-35566,28150,32447,0,5426,3885,676162,77785,763258,30457,39451,648012,45338,763258,-255361400,-362849900,291592050,326619250,0,55629050,39829250,6935310050,794417250,7825185600,310990450,402679150,6643718000,467798000,7825185600
2021-12-09,10250,10900,10200,10750,2952110,6.435643564356436,-23380,30402,-333462,326440,0,38547,38241,2429436,445886,2952110,61927,7839,2762898,119446,2952110,-235889000,319101400,-3555250700,3472038300,0,411198650,403529300,25836581150,4746224350,31397533450,647087650,84427900,29391831850,1274186050,31397533450
2021-12-10,11000,11100,10700,10750,2096698,0.0,1510,36014,129223,-166747,0,4681,43245,1988377,60395,2096698,3171,7231,1859154,227142,2096698,16701050,394179750,1423345100,-1834225900,0,51030800,473167000,21735764500,661168800,22921131100,34329750,78987250,20312419400,2495394700,22921131100
2021-12-13,11000,11150,10700,10750,1244872,0.0,-126273,17820,170901,-62448,0,7205,21420,1166091,50156,1244872,133478,3600,995190,112604,1244872,-1358196250,192175000,1847616650,-681595400,0,79580650,230975000,12620705400,543268600,13474529650,1437776900,38800000,10773088750,1224864000,13474529650
2021-12-14,10850,11500,10700,11150,3170429,3.7209302325581395,37462,-20381,-87891,70810,0,90453,60809,2783395,235772,3170429,52991,81190,2871286,164962,3170429,419500150,-231426300,-942085550,754011700,0,1004612050,669245400,30902020200,2589507300,35165384950,585111900,900671700,31844105750,1835495600,35165384950
2021-12-15,11350,11450,11000,11150,2277581,0.0,21155,-86563,113621,-48213,0,38592,9561,2124781,104647,2277581,17437,96124,2011160,152860,2277581,237876000,-969539750,1278234050,-546570300,0,433123350,107035500,23821440850,1172117250,25533716950,195247350,1076575250,22543206800,1718687550,25533716950
2021-12-16,11050,11150,10600,10750,1769707,-3.587443946188341,-18368,8302,15416,-5350,0,35073,20370,1614522,99742,1769707,53441,12068,1599106,105092,1769707,-192845350,91598000,159655100,-58407750,0,381433000,220309300,17373507950,1074907500,19050157750,574278350,128711300,17213852850,1133315250,19050157750
2021-12-17,10550,10900,10500,10750,904794,0.0,6034,-724,-4785,-525,0,7626,2692,840655,53821,904794,1592,3416,845440,54346,904794,64853800,-8083750,-46932550,-9837500,0,81831800,28564850,8994797850,572912950,9678107450,16978000,36648600,9041730400,582750450,9678107450
2021-12-20,10750,10800,10200,10400,1491274,-3.255813953488372,3692,-52580,-83712,132600,0,3692,1720,1304312,181550,1491274,0,54300,1388024,48950,1491274,39011500,-555202600,-873554450,1389745550,0,39011500,17916000,13737494350,1908976600,15703398450,0,573118600,14611048800,519231050,15703398450
2021-12-21,10500,10550,10050,10250,1168100,-1.4423076923076923,-13558,7910,-31121,36769,0,4660,7910,1101684,53846,1168100,18218,0,1132805,17077,1168100,-137350050,80622500,-316325300,373052850,0,47503400,80622500,11225716650,549502900,11903345450,184853450,0,11542041950,176450050,11903345450
2021-12-22,10300,10350,10100,10200,870153,-0.4878048780487805,10822,-9971,-54625,53774,0,12255,2030,773410,82458,870153,1433,12001,828035,28684,870153,110655450,-101740150,-556107600,547192300,0,125337050,20732500,7907280200,840989400,8894339150,14681600,122472650,8463387800,293797100,8894339150
2021-12-23,10300,10500,10100,10250,4552661,0.49019607843137253,-2065495,7011,78294,1980190,0,1758882,7011,763724,2023044,4552661,3824377,0,685430,42854,4552661,-19674677900,72538450,807783800,18794355650,0,16716809350,72538450,7863192000,19235935950,43888475750,36391487250,0,7055408200,441580300,43888475750
2021-12-24,10200,10500,10150,10250,1024635,0.0,-192572,-2268,349792,-154952,0,3694,734,996993,23214,1024635,196266,3002,647201,178166,1024635,-1976548850,-23283650,3594887950,-1595055450,0,38038950,7486950,10264775350,239535450,10549836700,2014587800,30770600,6669887400,1834590900,10549836700
2021-12-27,10250,10300,9950,10050,2163953,-1.951219512195122,-101886,14136,269411,-181661,0,412166,14147,1687262,50378,2163953,514052,11,1417851,232039,2163953,-1021553130,141767200,2705257870,-1825471940,0,4030359910,141878300,16927535880,504405660,21604179750,5051913040,111100,14222278010,2329877600,21604179750
2021-12-28,10050,10100,9960,10000,1442770,-0.4975124378109453,-85007,30346,235258,-180597,0,22963,38777,1306202,74828,1442770,107970,8431,1070944,255425,1442770,-849391380,304204280,2350548720,-1805361620,0,230113550,388612940,13063478920,749203050,14431408460,1079504930,84408660,10712930200,2554564670,14431408460
2021-12-29,10200,10450,10050,10400,2053184,4.0,-35481,6316,412382,-383217,0,26923,14585,1777938,233738,2053184,62404,8269,1365556,616955,2053184,-367172750,65290950,4237330750,-3935448950,0,277491350,150778050,18314233800,2402638250,21145141450,644664100,85487100,14076903050,6338087200,21145141450
2021-12-30,10350,10500,10250,10350,797669,-0.4807692307692308,-36004,32154,120808,-116958,0,47817,32487,649430,67935,797669,83821,333,528622,184893,797669,-372457950,333417050,1253080450,-1214039550,0,496135600,336863600,6734966250,704998800,8272964250,868593550,3446550,5481885800,1919038350,8272964250
2022-01-03,10400,10900,10250,10850,1753519,4.830917874396135,-54738,17909,106850,-70021,0,1205,41459,1499752,211103,1753519,55943,23550,1392902,281124,1753519,-591709500,197639250,1140603200,-746532950,0,13074250,446949250,15984481700,2245217750,18689722950,604783750,249310000,14843878500,2991750700,18689722950
2022-01-04,10800,10800,10350,10450,1332377,-3.686635944700461,-147977,-5161,453616,-300478,0,301,17800,1255655,58621,1332377,148278,22961,802039,359099,1332377,-1559110050,-54870500,4781225950,-3167245400,0,3143000,187370000,13241569750,621866850,14053949600,1562253050,242240500,8460343800,3789112250,14053949600
2022-01-05,10450,10450,10050,10100,1063591,-3.349282296650718,-13425,5405,153912,-145892,0,22171,6572,955665,79183,1063591,35596,1167,801753,225075,1063591,-136031850,54523800,1561156100,-1479648050,0,225261450,66427200,9697107900,805501550,10794298100,361293300,11903400,8135951800,2285149600,10794298100
2022-01-06,9950,10100,9820,9920,1206732,-1.782178217821782,-49680,579,269636,-220535,0,80,8681,1118849,79122,1206732,49760,8102,849213,299657,1206732,-493230430,5740610,2679026400,-2191536580,0,798120,86050510,11123489550,788857290,11999195470,494028550,80309900,8444463150,2980393870,11999195470
2022-01-07,9990,10100,9950,10100,664108,1.8145161290322582,-53254,550,116013,-63309,0,12,600,624338,39158,664108,53266,50,508325,102467,664108,-533956680,5522500,1162909600,-634475420,0,120580,6025000,6257631390,392359810,6656136780,534077260,502500,5094721790,1026835230,6656136780
2022-01-10,9880,10000,9750,9930,1106068,-1.6831683168316833,-72896,-461,223591,-150234,0,22,2440,1071874,31732,1106068,72918,2901,848283,181966,1106068,-717133370,-4281280,2205505780,-1484091130,0,217480,24229080,10573936990,313829130,10912212680,717350850,28510360,8368431210,1797920260,10912212680
2022-01-11,9870,9940,9460,9640,1441220,-2.920443101711984,-121247,1091,282787,-162631,0,8381,7012,1341783,84044,1441220,129628,5921,1058996,246675,1441220,-1157710200,9903910,2712944780,-1565138490,0,79840340,66871620,12891094230,806848340,13844654530,1237550540,56967710,10178149450,2371986830,13844654530
2022-01-12,9660,9840,9550,9740,1065922,1.0373443983402488,1849,-6656,91984,-87177,0,19961,4581,959445,81935,1065922,18112,11237,867461,169112,1065922,19319520,-65305380,894637580,-848651720,0,195372250,44253900,9303263240,794526120,10337415510,176052730,109559280,8408625660,1643177840,10337415510
2022-01-13,9740,9750,8260,8900,4661322,-8.624229979466119,-82657,6416,249985,-173744,0,217359,28411,4129413,286139,4661322,300016,21995,3879428,459883,4661322,-699376590,59807640,2199586100,-1560017150,0,1958753200,254306370,36696478530,2557706690,41467244790,2658129790,194498730,34496892430,4117723840,41467244790
2022-01-14,8770,8920,8590,8620,1044131,-3.146067415730337,-21230,1550,-6339,26019,0,0,1551,980440,62140,1044131,21230,1,986779,36121,1044131,-185488270,13374920,-53604180,225717530,0,0,13383710,8568778000,543476220,9125637930,185488270,8790,8622382180,317758690,9125637930
2022-01-17,8550,8550,8120,8130,1336570,-5.68445475638051,-83280,69767,-13692,27205,0,4260,76207,1193846,62257,1336570,87540,6440,1207538,35052,1336570,-686037810,574962130,-115018150,226093830,0,35393300,628103480,9879798350,518046250,11061341380,721431110,53141350,9994816500,291952420,11061341380
2022-01-18,8040,8360,7870,7890,990021,-2.952029520295203,-92763,-23807,140680,-24110,0,1448,793,937573,50207,990021,94211,24600,796893,74317,990021,-752366390,-191097300,1145937620,-202473930,0,11853150,6398870,7589722700,405626740,8013601460,764219540,197496170,6443785080,608100670,8013601460
2022-01-19,7710,7830,7530,7650,1265661,-3.041825095057034,-170228,16625,103614,49989,0,40808,16925,1038415,169513,1265661,211036,300,934801,119524,1265661,-1300612450,126584420,803549440,370478590,0,309750450,128885420,7943517410,1290734600,9672887880,1610362900,2301000,7139967970,920256010,9672887880
2022-01-20,7700,8020,7670,7850,971931,2.6143790849673203,-93734,3685,155593,-65544,0,3000,3735,916387,48809,971931,96734,50,760794,114353,971931,-730561410,28757860,1219473060,-517669510,0,23160000,29142860,7161519490,379519120,7593341470,753721410,385000,5942046430,897188630,7593341470
2022-01-21,7800,8140,7750,7830,658172,-0.25477707006369427,-17268,-23042,20470,19840,0,0,0,581245,76927,658172,17268,23042,560775,57087,658172,-136449930,-179684000,160491880,155642050,0,0,0,4607177040,611084960,5218262000,136449930,179684000,4446685160,455442910,5218262000
2022-01-24,7790,7790,7190,7420,1028062,-5.236270753512133,32887,-22591,-2717,-7579,0,58236,1002,880218,88606,1028062,25349,23593,882935,96185,1028062,240306210,-164311260,-16249410,-59745540,0,428823670,7304880,6518350070,652522050,7607000670,188517460,171616140,6534599480,712267590,7607000670
2022-01-25,7460,7560,6970,7250,1036741,-2.2911051212938007,192569,-3747,-155225,-33597,0,214270,4253,739160,79058,1036741,21701,8000,894385,112655,1036741,1402682900,-28286250,-1129159780,-245236870,0,1559698280,30853750,5348541430,570513500,7509606960,157015380,59140000,6477701210,815750370,7509606960
2022-01-26,7200,7370,7010,7030,797048,-3.0344827586206895,-60641,-28300,86561,2380,0,2427,12700,719946,61975,797048,63068,41000,633385,59595,797048,-432416510,-199655390,616147040,15924860,0,17435240,91773030,5149626830,443830880,5702665980,449851750,291428420,4533479790,427906020,5702665980
2022-01-27,7030,7090,6580,6620,1222558,-5.832147937411095,-63281,-5700,32003,36978,0,31136,600,1058377,132445,1222558,94417,6300,1026374,95467,1222558,-424674740,-37986000,222004870,240655870,0,208642400,3994000,7120206300,885771660,8218614360,633317140,41980000,6898201430,645115790,8218614360
2022-01-28,6640,7200,6640,6950,772789,4.984894259818732,-5138,-1300,-48538,54976,0,13912,0,629468,129409,772789,19050,1300,678006,74433,772789,-35876080,-8883000,-329273900,374032980,0,96506640,0,4343695880,886688690,5326891210,132382720,8883000,4672969780,512655710,5326891210
2022-02-03,7070,7290,7060,7110,512554,2.302158273381295,-46844,-701,59772,-12227,0,0,300,451745,60509,512554,46844,1001,391973,72736,512554,-335197460,-5029180,429790540,-89563900,0,0,2148000,3232517740,432579070,3667244810,335197460,7177180,2802727200,522142970,3667244810
2022-02-04,7040,7140,6960,7080,437119,-0.42194092827004215,-19108,-10,57488,-38370,0,0,301,407613,29205,437119,19108,311,350125,67575,437119,-133970910,-73240,404162680,-270118530,0,0,2110040,2863316560,205017260,3070443860,133970910,2183280,2459153880,475135790,3070443860
2022-02-07,7090,7380,6950,7300,574847,3.1073446327683616,8817,4090,4988,-17895,0,10817,4090,477452,82488,574847,2000,0,472464,100383,574847,64755760,29647600,35190930,-129594290,0,79295760,29647600,3441650070,590773800,4141367230,14540000,0,3406459140,720368090,4141367230
2022-02-08,7250,7360,7150,7260,408936,-0.547945205479452,-12200,7960,34334,-30094,0,0,7960,372436,28540,408936,12200,0,338102,58634,408936,-88347110,57779600,250371810,-219804300,0,0,57779600,2700188080,206384300,2964351980,88347110,0,2449816270,426188600,2964351980
2022-02-09,7290,7330,7180,7330,269782,0.9641873278236914,-4317,-6459,-6543,17319,0,0,1,244965,24816,269782,4317,6460,251508,7497,269782,-31512760,-46656180,-47611370,125780310,0,0,7280,1779659410,180313700,1959980390,31512760,46663460,1827270780,54533390,1959980390
2022-02-10,7340,7570,7340,7500,541251,2.3192360163710775,-12000,5600,23110,-16710,0,0,5600,505104,30547,541251,12000,0,481994,47257,541251,-90014910,41994400,175296110,-127275600,0,0,41994400,3785271240,227352240,4054617880,90014910,0,3609975130,354627840,4054617880
2022-02-11,7410,7550,7300,7390,354447,-1.4666666666666666,-5000,6000,2072,-3072,0,0,6000,321912,26535,354447,5000,0,319840,29607,354447,-36697670,44340000,15464140,-23106470,0,0,44340000,2382955610,196668020,2623963630,36697670,0,2367491470,219774490,2623963630
2022-02-14,7210,7210,6810,6830,634087,-7.577807848443843,-14165,-13882,46082,-18035,0,3700,1118,583471,45798,634087,17865,15000,537389,63833,634087,-96981290,-96113410,320358080,-127263380,0,25974000,7823450,4065938830,321178580,4420914860,122955290,103936860,3745580750,448441960,4420914860
2022-02-15,6730,6910,6490,6550,588842,-4.099560761346998,16348,-999,-47237,31888,0,16348,2,486987,85505,588842,0,1001,534224,53617,588842,108472830,-6543440,-309717490,207788100,0,108472830,13080,3239538720,568649090,3916673720,0,6556520,3549256210,360860990,3916673720
2022-02-16,6760,7020,6750,6920,528763,5.648854961832061,-84302,-502,-40038,124842,0,0,502,387268,140993,528763,84302,1004,427306,16151,528763,-583066600,-3455610,-274058810,860581020,0,0,3461890,2674409720,972781110,3650652720,583066600,6917500,2948468530,112200090,3650652720
2022-02-17,6830,6900,6580,6680,670001,-3.4682080924855487,-9047,600,31957,-23510,0,0,600,592426,76975,670001,9047,0,560469,100485,670001,-61229680,4085000,219875900,-162731220,0,0,4085000,3996912660,517822640,4518820300,61229680,0,3777036760,680553860,4518820300
2022-02-18,6600,6740,6500,6740,493059,0.8982035928143712,-20789,9358,22311,-10880,0,0,9358,441945,41756,493059,20789,0,419634,52636,493059,-138196010,62631610,148035580,-72471180,0,0,62631610,2921916830,276723040,3261271480,138196010,0,2773881250,349194220,3261271480
2022-02-21,6600,6740,6520,6740,330597,0.0,2296,-2,-3864,1570,0,10296,0,274267,46034,330597,8000,2,278131,44464,330597,16536330,-13480,-27363800,10840950,0,68967820,0,1818600200,306010450,2193578470,52431490,13480,1845964000,295169500,2193578470
2022-02-22,6550,6630,6400,6510,559629,-3.4124629080118694,12832,-100,38806,-51538,0,25169,0,504305,30155,559629,12337,100,465499,81693,559629,83481240,-646000,254696610,-337531850,0,163483310,0,3281898400,196689810,3642071520,80002070,646000,3027201790,534221660,3642071520
2022-02-23,6550,6630,6530,6610,292007,1.5360983102918586,973,-6999,9332,-3306,0,6144,1,260503,25359,292007,5171,7000,251171,28665,292007,6410350,-46113370,61019250,-21316230,0,40558570,6630,1714069120,166849210,1921483530,34148220,46120000,1653049870,188165440,1921483530
2022-02-24,6490,6590,6190,6240,673074,-5.597579425113464,9908,-6201,9631,-13338,0,9908,800,602918,59448,673074,0,7001,593287,72786,673074,62758620,-39548040,62666490,-85877070,0,62758620,4992000,3812189290,375845430,4255785340,0,44540040,3749522800,461722500,4255785340
2022-02-25,6350,6450,6270,6340,420350,1.6025641025641024,-6375,-1500,-23677,31552,0,0,0,362433,57917,420350,6375,1500,386110,26365,420350,-40588050,-9480000,-151082460,201150510,0,0,0,2303317200,368720410,2672037610,40588050,9480000,2454399660,167569900,2672037610
2022-02-28,6280,6450,6230,6420,297109,1.2618296529968454,0,-4000,-72125,76125,0,0,0,210546,86563,297109,0,4000,282671,10438,297109,0,-25630000,-457471880,483101880,0,0,0,1333995070,549022550,1883017620,0,25630000,1791466950,65920670,1883017620
2022-03-02,6350,6790,6350,6630,512696,3.2710280373831773,-37230,-4000,39311,1919,0,0,0,458907,53789,512696,37230,4000,419596,51870,512696,-248790170,-26145000,264198760,10736410,0,0,0,3058503720,357504790,3416008510,248790170,26145000,2794304960,346768380,3416008510
2022-03-03,6670,7100,6630,7010,727255,5.731523378582202,1716,100,-12082,10266,0,61712,100,591516,73927,727255,59996,0,603598,63661,727255,11480290,698000,-83571250,71392960,0,432276660,698000,4108272000,511337140,5052583800,420796370,0,4191843250,439944180,5052583800
2022-03-04,7050,7200,6960,7000,535039,-0.14265335235378032,0,0,15709,-15709,0,0,0,480758,54281,535039,0,0,465049,69990,535039,0,0,110113510,-110113510,0,0,0,3387970950,383092090,3771063040,0,0,3277857440,493205600,3771063040
2022-03-07,6950,6990,6800,6990,346233,-0.14285714285714285,-11131,28758,16521,-34148,0,0,28758,273797,43678,346233,11131,0,257276,77826,346233,-76721860,199713870,112929940,-235921950,0,0,199713870,1883531200,301301900,2384546970,76721860,0,1770601260,537223850,2384546970
2022-03-08,6940,8000,6810,7400,3239028,5.865522174535051,26454,32453,10035,-68942,0,28613,35715,2959081,215619,3239028,2159,3262,2949046,284561,3239028,184297040,250419600,79030900,-513747540,0,199866030,275401720,22187532910,1570325340,24233126000,15568990,24982120,22108502010,2084072880,24233126000
2022-03-10,7470,7870,7430,7640,1361273,3.2432432432432434,8165,5900,-12573,-1492,0,8165,6000,1278623,68485,1361273,0,100,1291196,69977,1361273,61780390,44691000,-91239050,-15232340,0,61780390,45450000,9767638820,521284480,10396153690,0,759000,9858877870,536516820,10396153690
2022-03-11,7650,7750,7510,7700,543531,0.7853403141361256,13692,-950,-29353,16611,0,14641,100,480484,48306,543531,949,1050,509837,31695,543531,104641420,-7239000,-223098760,125696340,0,111996170,766000,3677048610,368514090,4158324870,7354750,8005000,3900147370,242817750,4158324870
2022-03-14,7630,7680,7220,7300,623123,-5.194805194805195,-22900,31100,-4541,-3659,0,0,31100,530409,61614,623123,22900,0,534950,65273,623123,-167015650,227570470,-33416530,-27138290,0,0,227570470,3930674990,456603630,4614849090,167015650,0,3964091520,483741920,4614849090
2022-03-15,7280,7940,7280,7550,1844247,3.4246575342465753,-147965,-27134,173135,1964,0,23598,17663,1611297,191689,1844247,171563,44797,1438162,189725,1844247,-1114230480,-203210900,1321990710,-4549330,0,178520800,133285600,12304036320,1448369500,14064212220,1292751280,336496500,10982045610,1452918830,14064212220
2022-03-16,7630,7660,7470,7500,587114,-0.6622516556291391,-79755,-2201,71164,10792,0,20245,0,501096,65773,587114,100000,2201,429932,54981,587114,-600001750,-16673540,534074440,82600850,0,152463160,0,3779423280,497660080,4429546520,752464910,16673540,3245348840,415059230,4429546520
2022-03-17,7520,7740,7460,7640,718834,1.866666666666667,-106379,-200,41936,64643,0,9544,0,574728,134562,718834,115923,200,532792,69919,718834,-807013350,-1528000,318895820,489645530,0,72471470,0,4351954960,1019479630,5443906060,879484820,1528000,4033059140,529834100,5443906060
2022-03-18,7610,7710,7460,7690,680239,0.6544502617801047,-42759,-810,47658,-4089,0,0,0,611280,68959,680239,42759,810,563622,73048,680239,-322747120,-6150000,357322610,-28425490,0,0,0,4621511040,522757680,5144268720,322747120,6150000,4264188430,551183170,5144268720
2022-03-21,7690,7790,7550,7700,559073,0.13003901170351106,-5849,-999,-31486,38334,0,4856,1,471038,83178,559073,10705,1000,502524,44844,559073,-43984860,-7692330,-244370600,296047790,0,37234240,7670,3605782750,637797650,4280822310,81219100,7700000,3850153350,341749860,4280822310
2022-03-22,7630,7730,7590,7700,441828,0.0,-5565,-24041,55271,-25665,0,0,26260,390519,25049,441828,5565,50301,335248,50714,441828,-42502430,-180450040,419803380,-196850910,0,0,201997000,2981975300,191131000,3375103300,42502430,382447040,2562171920,387981910,3375103300
2022-03-23,7700,7850,7600,7690,680157,-0.12987012987012986,0,-4811,4536,275,0,0,0,620785,59372,680157,0,4811,616249,59097,680157,0,-36952170,34295560,2656610,0,0,0,4776848860,457775680,5234624540,0,36952170,4742553300,455119070,5234624540
2022-03-24,7660,7920,7640,7880,903738,2.4707412223667102,-49350,-6,-45089,94445,0,0,19994,707611,176133,903738,49350,20000,752700,81688,903738,-384957100,2396890,-355821030,738381240,0,0,157552720,5515118690,1374360290,7047031700,384957100,155155830,5870939720,635979050,7047031700
2022-03-25,7870,7980,7780,7980,691943,1.2690355329949239,-6193,25092,61733,-80632,0,0,55092,599790,37061,691943,6193,30000,538057,117693,691943,-48787060,201727990,482457030,-635397960,0,0,438552930,4724836890,291839710,5455229530,48787060,236824940,4242379860,927237670,5455229530
2022-03-28,7850,7920,6580,7140,3005109,-10.526315789473683,-43683,21162,201545,-179024,0,246536,40643,2461638,256292,3005109,290219,19481,2260093,435316,3005109,-307387490,149995150,1391497000,-1234104660,0,1749758190,287259740,17331907010,1799678530,21168603470,2057145680,137264590,15940410010,3033783190,21168603470
2022-03-29,7200,7550,7090,7340,816112,2.801120448179272,-101677,-1453,-11292,114422,0,0,150,633622,182340,816112,101677,1603,644914,67918,816112,-748266630,-10642770,-77169800,836079200,0,0,1078500,4631445330,1336596210,5969120040,748266630,11721270,4708615130,500517010,5969120040
2022-03-30,7350,7530,7260,7320,419333,-0.2724795640326975,-15358,1589,20353,-6584,0,3000,2913,364198,49222,419333,18358,1324,343845,55806,419333,-111381960,11756790,146659610,-47034440,0,22330000,21635350,2691928620,365838880,3101732850,133711960,9878560,2545269010,412873320,3101732850
2022-03-31,7220,7380,7190,7270,299156,-0.6830601092896175,0,900,-12412,11512,0,0,900,254891,43365,299156,0,0,267303,31853,299156,0,6525000,-90085680,83560680,0,0,6525000,1855138030,316017680,2177680710,0,0,1945223710,232457000,2177680710
2022-04-01,7200,7230,7090,7210,320486,-0.8253094910591471,0,839,-12564,11725,0,0,839,277163,42484,320486,0,0,289727,30759,320486,0,6015630,-88716220,82700590,0,0,6015630,1984334080,303228200,2293577910,0,0,2073050300,220527610,2293577910
2022-04-04,7180,7350,7140,7290,287930,1.1095700416088765,-301,0,-13929,14230,0,0,0,246879,41051,287930,301,0,260808,26821,287930,-2194290,0,-101317000,103511290,0,0,0,1793151390,298344390,2091495780,2194290,0,1894468390,194833100,2091495780
2022-04-05,7280,7490,7280,7430,478436,1.9204389574759946,54699,649,-97873,42525,0,55000,649,343929,78858,478436,301,0,441802,36333,478436,405135300,4827960,-724527090,314563830,0,407371730,4827960,2546611730,582873830,3541685250,2236430,0,3271138820,268310000,3541685250
2022-04-06,7420,8490,7290,8210,5767039,10.497981157469717,102456,26643,-357601,228502,0,145633,30254,4774587,816565,5767039,43177,3611,5132188,588063,5767039,773776030,227596860,-2775498610,1774125720,0,1125380150,255946860,38878472690,6545622230,46805421930,351604120,28350000,41653971300,4771496510,46805421930
2022-04-07,8290,8450,8130,8160,2076973,-0.6090133982947624,147410,121,-30458,-117073,0,148000,134,1698023,230816,2076973,590,13,1728481,347889,2076973,1222610220,996250,-244831990,-978774480,0,1227501390,1102590,14052086750,1908069340,17188760070,4891170,106340,14296918740,2886843820,17188760070
2022-04-08,8290,8890,8280,8540,5173973,4.6568627450980395,134400,12156,-119062,-27494,0,180000,16100,4555154,422719,5173973,45600,3944,4674216,450213,5173973,1149689220,107070320,-1003852940,-252906600,0,1544071560,141057000,39407571730,3634833140,44727533430,394382340,33986680,40411424670,3887739740,44727533430
2022-04-11,8490,8650,7880,8060,1470126,-5.620608899297424,5500,-690,97518,-102328,0,5500,811,1371700,92115,1470126,0,1501,1274182,194443,1470126,44165000,-5807320,790020680,-828378360,0,44165000,6455640,11153890150,758459680,11962970470,0,12262960,10363869470,1586838040,11962970470
2022-04-12,7930,7940,7650,7790,1123687,-3.3498759305210917,190000,-4800,-203870,18670,0,190000,1500,805824,126363,1123687,0,6300,1009694,107693,1123687,1488880590,-37321000,-1595933370,144373780,0,1488880590,11630000,6284715040,985468980,8770694610,0,48951000,7880648410,841095200,8770694610
2022-04-13,7790,8140,7790,7890,1237512,1.2836970474967908,-3000,2420,44230,-43650,0,0,2593,1176464,58455,1237512,3000,173,1132234,102105,1237512,-23812450,19212740,356480750,-351881040,0,0,20588430,9385908190,464479870,9870976490,23812450,1375690,9029427440,816360910,9870976490
2022-04-14,7810,7810,7260,7340,1504413,-6.970849176172369,-37049,4039,14518,18492,0,0,12542,1437395,54476,1504413,37049,8503,1422877,35984,1504413,-275510190,30004600,111309860,134195730,0,0,92062690,10752634840,405084140,11249781670,275510190,62058090,10641324980,270888410,11249781670
2022-04-15,7340,7440,7000,7250,710716,-1.226158038147139,107272,-20403,-28181,-58688,0,121810,1210,521778,65918,710716,14538,21613,549959,124606,710716,774748240,-148053220,-197096080,-429598940,0,880322500,8751400,3798095550,475711640,5162881090,105574260,156804620,3995191630,905310580,5162881090
2022-04-18,7150,7240,7020,7060,727939,-2.6206896551724137,85458,-23119,-117522,55183,0,85458,450,549066,92965,727939,0,23569,666588,37782,727939,605620320,-163665920,-832539180,390584780,0,605620320,3183500,3886226310,659263580,5154293710,0,166849420,4718765490,268678800,5154293710
2022-04-19,7000,7250,7000,7150,604906,1.2747875354107647,203190,-30751,-193789,21350,0,203190,50,346499,55167,604906,0,30801,540288,33817,604906,1461561210,-221069710,-1392576190,152084690,0,1461561210,360500,2485673830,394994500,4342590040,0,221430210,3878250020,242909810,4342590040
2022-04-20,7220,7240,7100,7140,349278,-0.13986013986013987,-10728,885,26794,-16951,0,2400,1885,329695,15298,349278,13128,1000,302901,32249,349278,-76293630,6316330,191616350,-121639050,0,17120820,13449150,2352494240,109319270,2492383480,93414450,7132820,2160877890,230958320,2492383480
2022-04-21,7070,7160,7020,7150,463429,0.1400560224089636,31001,4991,-45393,9401,0,31001,4991,398974,28463,463429,0,0,444367,19062,463429,219830150,35434170,-321670240,66405920,0,219830150,35434170,2820602050,201638650,3277505020,0,0,3142272290,135232730,3277505020
2022-04-22,7050,7190,6980,7110,355180,-0.5594405594405595,51041,11,-3035,-48017,0,51041,11,294364,9764,355180,0,0,297399,57781,355180,361738040,77330,-23122830,-338692540,0,361738040,77330,2076113470,68890870,2506819710,0,0,2099236300,407583410,2506819710
2022-04-25,7070,7070,6800,6830,569119,-3.938115330520394,56015,2947,32286,-91248,0,56549,2947,492080,17543,569119,534,0,459794,108791,569119,384767240,20081330,221389730,-626238300,0,388430390,20081330,3380770740,121072560,3910355020,3663150,0,3159381010,747310860,3910355020
2022-04-26,6870,6960,6870,6910,186590,1.171303074670571,21999,0,-35458,13459,0,22000,0,141134,23456,186590,1,0,176592,9997,186590,152105830,0,-245239110,93133280,0,152112760,0,975730270,162218690,1290061720,6930,0,1220969380,69085410,1290061720
2022-04-27,6720,6760,6440,6690,538427,-3.183791606367583,6562,600,-66921,59759,0,6562,600,438911,92354,538427,0,0,505832,32595,538427,44100360,4008000,-448653190,400544830,0,44100360,4008000,2937284080,619368800,3604761240,0,0,3385937270,218823970,3604761240
2022-04-28,6730,6980,6700,6800,470882,1.6442451420029895,6157,-51000,86912,-42069,0,6157,500,423570,40655,470882,0,51500,336658,82724,470882,41951750,-345444790,589450610,-285957570,0,41951750,3404000,2884664540,277595220,3207615510,0,348848790,2295213930,563552790,3207615510
2022-04-29,6870,7230,6820,7160,739881,5.294117647058823,-28932,1954,-53869,80847,0,3068,1954,629003,105856,739881,32000,0,682872,25009,739881,-205845840,14004560,-382982120,574823400,0,21904160,14004560,4477578270,752624910,5266111900,227750000,0,4860560390,177801510,5266111900
2022-05-02,7080,7130,7000,7010,344892,-2.094972067039106,-48645,-46813,117213,-21755,0,0,140,325355,19397,344892,48645,46953,208142,41152,344892,-342111750,-328807250,824444010,-153525010,0,0,981400,2290972170,136934530,2428888100,342111750,329788650,1466528160,290459540,2428888100
2022-05-03,7070,7170,7000,7080,360576,0.9985734664764622,-31176,-34279,64777,678,0,0,500,316407,43669,360576,31176,34779,251630,42991,360576,-221114410,-243343580,458952030,5505960,0,0,3517000,2239513940,309148520,2552179460,221114410,246860580,1780561910,303642560,2552179460
2022-05-04,7110,7110,6790,6850,486049,-3.248587570621469,-68165,-48290,173795,-57340,0,0,200,473542,12307,486049,68165,48490,299747,69647,486049,-469726810,-333048280,1203184760,-400409670,0,0,1390000,3271881300,84349860,3357621160,469726810,334438280,2068696540,484759530,3357621160
2022-05-06,6670,6740,6280,6710,470964,-2.0437956204379564,-91088,-45917,97453,39552,0,0,3083,405114,62767,470964,91088,49000,307661,23215,470964,-602151850,-304013200,646462940,259702110,0,0,20377800,2676676590,414142590,3111196980,602151850,324391000,2030213650,154440480,3111196980
2022-05-09,6600,6670,6220,6320,1204602,-5.812220566318927,-6507,-70499,-192883,269889,0,44793,1,791010,368798,1204602,51300,70500,983893,98909,1204602,-39589990,-457720850,-1222492940,1719803780,0,281330690,6400,5028116230,2350424080,7659877400,320920680,457727250,6250609170,630620300,7659877400
2022-05-10,6150,6210,5930,6090,679204,-3.6392405063291138,55769,-70000,56045,-41814,0,80000,0,536505,62699,679204,24231,70000,480460,104513,679204,336170160,-421867690,338281750,-252584220,0,483781200,0,3241364310,377633070,4102778580,147611040,421867690,2903082560,630217290,4102778580
2022-05-11,6110,6400,6110,6290,566644,3.284072249589491,-25667,-34,-30114,55815,0,0,0,452880,113764,566644,25667,34,482994,57949,566644,-161819600,-214200,-188724540,350758340,0,0,0,2850311850,715867230,3566179080,161819600,214200,3039036390,365108890,3566179080
2022-05-12,6150,6260,6010,6050,368461,-3.815580286168521,-38409,0,12333,26076,0,768,0,279503,88190,368461,39177,0,267170,62114,368461,-236956840,0,73806910,163149930,0,4631040,0,1709203520,542823090,2256657650,241587880,0,1635396610,379673160,2256657650
2022-05-13,6120,6170,6020,6130,289573,1.322314049586777,-24500,-6976,36574,-5098,0,0,0,267479,22094,289573,24500,6976,230905,27192,289573,-150035000,-42563890,223848600,-31249710,0,0,0,1632691710,135062810,1767754520,150035000,42563890,1408843110,166312520,1767754520
2022-05-16,6240,6330,6160,6200,287733,1.1419249592169658,-4287,4864,-5254,4677,0,0,5000,227829,54904,287733,4287,136,233083,50227,287733,-26645940,30234690,-33280570,29691820,0,0,31090130,1421864420,342696660,1795651210,26645940,855440,1455144990,313004840,1795651210
2022-05-17,6110,6240,6080,6200,247126,0.0,-1,0,-8478,8479,0,0,0,220503,26623,247126,1,0,228981,18144,247126,-6170,0,-52182670,52188840,0,0,0,1360672370,164318090,1524990460,6170,0,1412855040,112129250,1524990460
2022-05-18,6260,6330,6200,6330,287314,2.0967741935483875,22775,2000,-5726,-19049,0,29775,2000,230147,25392,287314,7000,0,235873,44441,287314,142958260,12440000,-36941830,-118456430,0,186767190,12440000,1437807080,159162200,1796176470,43808930,0,1474748910,277618630,1796176470
2022-05-19,6150,6620,6110,6490,787025,2.527646129541864,47036,-2355,26525,-71206,0,77036,1,622516,87472,787025,30000,2356,595991,158678,787025,305906930,-14628760,168799640,-460077810,0,490357460,6520,3989554040,552155980,5032074000,184450530,14635280,3820754400,1012233790,5032074000
2022-05-20,6540,6800,6440,6670,765109,2.773497688751926,56864,1096,26085,-84045,0,59281,2096,641597,62135,765109,2417,1000,615512,146180,765109,382719650,7333320,170360920,-560413890,0,398884420,14073320,4287582130,416415710,5116955580,16164770,6740000,4117221210,976829600,5116955580
2022-05-23,6720,6720,6500,6680,2606271,0.14992503748125938,82283,0,32250,-114533,0,90522,0,362683,2153066,2606271,8239,0,330433,2267599,2606271,544440250,0,214982980,-759423230,0,598888070,0,2401468350,13685940450,16686296870,54447820,0,2186485370,14445363680,16686296870
2022-05-24,6530,6530,6280,6340,522403,-5.089820359281437,-49580,3560,118191,-72171,0,15700,3560,454145,48998,522403,65280,0,335954,121169,522403,-308624990,23117750,751417590,-465910350,0,100795740,23117750,2901354880,313077860,3338346230,409420730,0,2149937290,778988210,3338346230
2022-05-25,6260,6320,6060,6100,679560,-3.7854889589905363,13051,2,312642,-325695,0,13051,2,650344,16163,679560,0,0,337702,341858,679560,79876180,12260,1913322030,-1993210470,0,79876180,12260,3980669310,98842140,4159399890,0,0,2067347280,2092052610,4159399890
2022-05-26,6160,6260,5980,6080,560879,-0.32786885245901637,-10225,997,131761,-122533,0,0,1000,518901,40978,560879,10225,3,387140,163511,560879,-63045210,6231150,806043980,-749229920,0,0,6249750,3169534270,251354790,3427138810,63045210,18600,2363490290,1000584710,3427138810
2022-05-27,6140,6150,6000,6070,403347,-0.1644736842105263,-50176,-578,79658,-28904,0,0,100,353822,49425,403347,50176,678,274164,78329,403347,-303146340,-3493590,481870490,-175230560,0,0,602000,2140532870,298977840,2440112710,303146340,4095590,1658662380,474208400,2440112710
2022-05-30,6190,6250,6120,6180,435143,1.8121911037891267,-21768,0,63479,-41711,0,0,0,376768,58375,435143,21768,0,313289,100086,435143,-134418390,0,391679790,-257261400,0,0,0,2327640490,361351020,2688991510,134418390,0,1935960700,618612420,2688991510
2022-05-31,6220,6450,6180,6380,654712,3.2362459546925564,-20800,-2000,88130,-65330,0,0,0,534789,119923,654712,20800,2000,446659,185253,654712,-131941830,-12740000,559065430,-414383600,0,0,0,3392555480,760321560,4152877040,131941830,12740000,2833490050,1174705160,4152877040
2022-06-02,6340,6360,6170,6190,456567,-2.978056426332288,-24687,0,136238,-111551,0,0,0,428337,28230,456567,24687,0,292099,139781,456567,-153486990,0,848910970,-695423980,0,0,0,2667448230,176223400,2843671630,153486990,0,1818537260,871647380,2843671630
2022-06-03,6300,6340,6150,6220,672411,0.48465266558966075,-20400,2000,128541,-110141,0,0,2001,590089,80321,672411,20400,1,461548,190462,672411,-126563090,12420020,800435010,-686291940,0,0,12426210,3672762850,501239500,4186428560,126563090,6190,2872327840,1187531440,4186428560
2022-06-07,6220,6220,5500,5550,2456873,-10.77170418006431,-27513,-16424,722404,-678467,0,0,5576,2391751,59546,2456873,27513,22000,1669347,738013,2456873,-159172210,-95343530,4195555870,-3941040130,0,0,32317210,13784546530,340094710,14156958450,159172210,127660740,9588990660,4281134840,14156958450
2022-06-08,5620,5630,5360,5370,962207,-3.2432432432432434,34400,-2390,42231,-74241,0,34400,610,830211,96986,962207,0,3000,787980,171227,962207,189220150,-12909590,234003710,-410314270,0,189220150,3350410,4545028400,530680830,5268279790,0,16260000,4311024690,940995100,5268279790
2022-06-09,5340,5430,4810,5070,1792076,-5.58659217877095,-197788,5155,143533,49100,0,43644,5155,1444388,298889,1792076,241432,0,1300855,249789,1792076,-997460630,26104650,739473735,231882245,0,223164040,26104650,7398290305,1522728585,9170287580,1220624670,0,6658816570,1290846340,9170287580
2022-06-10,5030,5090,4920,4935,765955,-2.6627218934911245,7666,0,123313,-130979,0,11100,0,665971,88884,765955,3434,0,542658,219863,765955,38224955,0,614758175,-652983130,0,55366275,0,3314794640,443182855,3813343770,17141320,0,2700036465,1096165985,3813343770
2022-06-13,4795,4795,4510,4540,1450443,-8.00405268490375,-97568,2200,-80131,175499,0,79322,2200,1063737,305184,1450443,176890,0,1143868,129685,1450443,-446523035,10416000,-356170255,792277290,0,362132725,10416000,4887695805,1391862305,6652106835,808655760,0,5243866060,599585015,6652106835
2022-06-14,4445,4650,4360,4570,955148,0.6607929515418502,19367,2000,91083,-112450,0,19862,3000,802483,129803,955148,495,1000,711400,242253,955148,86008870,9380000,420244810,-515633680,0,88268850,13800000,3603787545,576540765,4282397160,2259980,4420000,3183542735,1092174445,4282397160
2022-06-15,4530,4685,4325,4410,820840,-3.50109409190372,-18894,7,158168,-139281,0,0,7,706463,114370,820840,18894,0,548295,253651,820840,-84545200,32235,701824280,-617311315,0,0,32235,3146983875,517045715,3664061825,84545200,0,2445159595,1134357030,3664061825
2022-06-16,4500,4560,4185,4185,842886,-5.1020408163265305,-24531,1,91841,-67311,0,0,1,761074,81811,842886,24531,0,669233,149122,842886,-107851690,4395,410048850,-302201555,0,0,4395,3327121905,354395545,3681521845,107851690,0,2917073055,656597100,3681521845
2022-06-17,4005,4275,3970,4160,782548,-0.5973715651135006,-45557,0,-84174,129731,0,0,0,557525,225023,782548,45557,0,641699,95292,782548,-190650635,0,-329776135,520426770,0,0,0,2305176555,919200510,3224377065,190650635,0,2634952690,398773740,3224377065
2022-06-20,4170,4210,3875,3955,722269,-4.927884615384615,-41174,0,21962,19212,0,0,0,563769,158500,722269,41174,0,541807,139288,722269,-162018725,0,94090285,67928440,0,0,0,2236876740,624308380,2861185120,162018725,0,2142786455,556379940,2861185120
2022-06-21,3935,4040,3855,3985,565387,0.7585335018963337,-50430,0,33045,17385,0,0,0,442178,123209,565387,50430,0,409133,105824,565387,-199650480,0,131799755,67850725,0,0,0,1746473765,486344630,2232818395,199650480,0,1614674010,418493905,2232818395
2022-06-22,4000,4075,3750,3765,872807,-5.520702634880803,-37730,200,47119,-9589,0,0,200,705159,167448,872807,37730,0,658040,177037,872807,-144410990,808000,173445440,-29842450,0,0,808000,2717640660,657162030,3375610690,144410990,0,2544195220,687004480,3375610690
2022-06-23,3750,3870,3610,3650,917150,-3.054448871181939,-92489,-985,58719,34755,0,0,0,669197,247953,917150,92489,985,610478,213198,917150,-343450005,-3580475,212687785,134342695,0,0,0,2485072650,926328530,3411401180,343450005,3580475,2272384865,791985835,3411401180
2022-06-24,3650,3915,3640,3910,802404,7.123287671232877,-4859,300,-139042,143601,0,51465,300,508666,241973,802404,56324,0,647708,98372,802404,-18332940,1107000,-532846985,550072925,0,199381080,1107000,1949740990,927266590,3077495660,217714020,0,2482587975,377193665,3077495660
2022-06-27,3980,4200,3940,4175,639058,6.7774936061381075,-20397,34759,-2950,-11412,0,0,34759,496251,108048,639058,20397,0,499201,119460,639058,-84189155,141721895,-10788055,-46744685,0,0,141721895,2041509770,442298005,2625529670,84189155,0,2052297825,489042690,2625529670
2022-06-28,4150,4270,4095,4190,431741,0.3592814371257485,-53165,1971,5542,45652,0,0,1971,305910,123860,431741,53165,0,300368,78208,431741,-220287045,8269285,26231555,185786205,0,0,8269285,1275079695,512641330,1795990310,220287045,0,1248848140,326855125,1795990310
2022-06-29,4095,4265,4085,4230,313928,0.9546539379474941,-13688,0,-4709,18397,0,0,0,249659,64269,313928,13688,0,254368,45872,313928,-57365300,0,-17996275,75361575,0,0,0,1045355780,267543380,1312899160,57365300,0,1063352055,192181805,1312899160
2022-06-30,4295,4315,4130,4180,362991,-1.1820330969267139,-25531,0,28310,-2779,0,0,0,275559,87432,362991,25531,0,247249,90211,362991,-107707485,0,118381010,-10673525,0,0,0,1163437715,369598570,1533036285,107707485,0,1045056705,380272095,1533036285
2022-07-01,4160,4195,3955,4035,353173,-3.4688995215311005,-29000,121,-17422,46301,0,0,121,245160,107892,353173,29000,0,262582,61591,353173,-117322810,504680,-67711520,184529650,0,0,504680,994502790,435916830,1430924300,117322810,0,1062214310,251387180,1430924300
2022-07-04,4060,4060,3805,3975,467087,-1.486988847583643,-20000,0,92360,-72360,0,0,1,372755,94331,467087,20000,1,280395,166691,467087,-78069195,5,363491125,-285421935,0,0,3865,1462397500,368588225,1830989590,78069195,3860,1098906375,654010160,1830989590
2022-07-05,3970,4100,3965,4085,508064,2.767295597484277,-41701,0,-115349,157050,0,0,0,329670,178394,508064,41701,0,445019,21344,508064,-169530270,0,-466833750,636364020,0,0,0,1338739515,722823455,2061562970,169530270,0,1805573265,86459435,2061562970
2022-07-06,4050,4515,4035,4150,1296283,1.591187270501836,-39300,8,132873,-93581,0,22,8,1100807,195446,1296283,39322,0,967934,289027,1296283,-168312330,34060,574892880,-406614610,0,97020,34060,4722103010,828962500,5551196590,168409350,0,4147210130,1235577110,5551196590
2022-07-07,4165,4415,4110,4400,554002,6.024096385542169,-30800,400,-60575,90975,0,0,400,404081,149521,554002,30800,0,464656,58546,554002,-129357450,1706000,-251140935,378792385,0,0,1706000,1713767675,627663630,2343137305,129357450,0,1964908610,248871245,2343137305
2022-07-08,4420,4565,4260,4520,872764,2.727272727272727,-40900,3000,37332,568,0,0,3000,717832,151932,872764,40900,0,680500,151364,872764,-182336505,13692650,160379390,8264465,0,0,13692650,3197548250,677313745,3888554645,182336505,0,3037168860,669049280,3888554645
2022-07-11,4515,4595,4390,4405,526526,-2.5442477876106198,-38005,-333,181359,-143021,0,0,667,476667,49192,526526,38005,1000,295308,192213,526526,-168752515,-1396705,813586725,-643437505,0,0,3008170,2130765290,218672540,2352446000,168752515,4404875,1317178565,862110045,2352446000
2022-07-12,4285,4360,4230,4280,437206,-2.837684449489217,-31452,-10000,-51711,93163,0,0,0,310286,126920,437206,31452,10000,361997,33757,437206,-135013305,-42850000,-223968600,401831905,0,0,0,1332092650,546978870,1879071520,135013305,42850000,1556061250,145146965,1879071520
2022-07-13,4280,5560,4275,5150,21688983,20.327102803738317,-217504,-38341,652211,-396366,0,8109,21186,20498379,1161309,21688983,225613,59527,19846168,1557675,21688983,-1140178885,-204607910,3368910555,-2024123760,0,41184120,112418620,105837893965,5877895715,111869392420,1181363005,317026530,102468983410,7902019475,111869392420
2022-07-14,5080,5240,4925,4960,3136269,-3.6893203883495143,-123130,5590,376468,-258928,0,0,6000,2797387,332882,3136269,123130,410,2420919,591810,3136269,-616209070,27784300,1905018860,-1316594090,0,0,29890000,14123067580,1686246505,15839204085,616209070,2105700,12218048720,3002840595,15839204085
2022-07-15,4955,5160,4895,5070,3455168,2.217741935483871,-25753,0,383935,-358182,0,0,0,3333947,121221,3455168,25753,0,2950012,479403,3455168,-128922410,0,1928012500,-1799090090,0,0,0,16759944235,606608350,17366552585,128922410,0,14831931735,2405698440,17366552585
2022-07-18,5120,5420,5020,5300,5919131,4.536489151873767,-35600,27532,172406,-164338,0,0,27832,5712001,179298,5919131,35600,300,5539595,343636,5919131,-186691360,146035590,901636100,-860980330,0,0,147607590,30048057920,941990700,31137656210,186691360,1572000,29146421820,1802971030,31137656210
2022-07-19,5380,5400,5180,5240,1996887,-1.1320754716981132,0,20417,-26525,6108,0,0,21360,1837266,138261,1996887,0,943,1863791,132153,1996887,0,107386050,-137514840,30128790,0,0,112299080,9690406360,728851420,10531556860,0,4913030,9827921200,698722630,10531556860
2022-07-20,5330,5690,5190,5230,5446874,-0.19083969465648853,-328320,1237,357389,-30306,0,0,1801,5183942,261131,5446874,328320,564,4826553,291437,5446874,-1762948840,6469280,1950567390,-194087830,0,0,9417480,27968282270,1397243710,29374943460,1762948840,2948200,26017714880,1591331540,29374943460
2022-07-21,5230,5240,4915,4970,1666517,-4.97131931166348,-1392,2192,6458,-7258,0,201,3192,1571900,91224,1666517,1593,1000,1565442,98482,1666517,-6917820,11035680,31933505,-36051365,0,1001985,16055680,7873944030,457527750,8348529445,7919805,5020000,7842010525,493579115,8348529445
2022-07-22,4935,5070,4855,4860,854897,-2.2132796780684103,-3469,-2000,-17838,23307,0,231,0,766336,88330,854897,3700,2000,784174,65023,854897,-17321520,-9820000,-86189575,113331095,0,1152480,0,3796245750,436647135,4234045365,18474000,9820000,3882435325,323316040,4234045365
2022-07-25,4780,4840,4700,4715,794795,-2.983539094650206,-232,0,-71658,71890,0,0,0,640051,154744,794795,232,0,711709,82854,794795,-1105480,0,-342129435,343234915,0,0,0,3050297325,739376280,3789673605,1105480,0,3392426760,396141365,3789673605
2022-07-26,4715,4890,4620,4860,835083,3.0752916224814424,500,-1000,-38186,38686,0,500,0,689957,144626,835083,0,1000,728143,105940,835083,2409000,-4800000,-181801200,184192200,0,2409000,0,3322863095,695423710,4020695805,0,4800000,3504664295,511231510,4020695805
2022-07-27,4890,4980,4820,4850,621668,-0.205761316872428,537,816,45223,-46576,0,537,816,544629,75686,621668,0,0,499406,122262,621668,2615520,3961195,221333495,-227910210,0,2615520,3961195,2662679405,370621805,3039877925,0,0,2441345910,598532015,3039877925
2022-07-28,4875,4915,4770,4800,405247,-1.0309278350515463,-1237,-1,57185,-55947,0,0,0,385844,19403,405247,1237,1,328659,75350,405247,-5956155,-4880,275689560,-269728525,0,0,0,1859251520,93869220,1953120740,5956155,4880,1583561960,363597745,1953120740
2022-07-29,4815,4965,4775,4965,588585,3.4375000000000004,7000,0,-17435,10435,0,7000,0,515883,65702,588585,0,0,533318,55267,588585,33723925,0,-85028460,51304535,0,33723925,0,2505632360,318166775,2857523060,0,0,2590660820,266862240,2857523060
2022-08-01,4915,4940,4855,4870,439632,-1.9133937562940584,3000,-10000,57258,-50258,0,3000,0,425753,10879,439632,0,10000,368495,61137,439632,14625000,-48755470,279576735,-245446265,0,14625000,0,2076654100,53046605,2144325705,0,48755470,1797077365,298492870,2144325705
2022-08-02,4870,4870,4630,4725,638213,-2.97741273100616,0,5000,54623,-59623,0,0,5000,602854,30359,638213,0,0,548231,89982,638213,0,23250000,260867515,-284117515,0,0,23250000,2851879245,143435905,3018565150,0,0,2591011730,427553420,3018565150
2022-08-03,4790,4955,4770,4825,718045,2.1164021164021163,262,0,2938,-3200,0,1000,0,618770,98275,718045,738,0,615832,101475,718045,1356360,0,12046185,-13402545,0,4905000,0,2996043990,476493880,3477442870,3548640,0,2983997805,489896425,3477442870
2022-08-04,4855,5190,4805,4960,2331397,2.7979274611398965,-125468,1,1861,123606,0,0,3713,1903218,424466,2331397,125468,3712,1901357,300860,2331397,-626483800,-35070,16745715,609773155,0,0,18933250,9597437095,2130652665,11747023010,626483800,18968320,9580691380,1520879510,11747023010
2022-08-05,4975,5270,4950,5160,1964244,4.032258064516129,-86860,2100,-82338,167098,0,3857,10100,1632647,317640,1964244,90717,8000,1714985,150542,1964244,-444604050,10709000,-410829955,844725005,0,19911620,51269000,8404804855,1624360105,10100345580,464515670,40560000,8815634810,779635100,10100345580
2022-08-08,5230,5370,5100,5290,2280402,2.5193798449612403,-159381,-89,228622,-69152,0,2923,12,2109104,168363,2280402,162304,101,1880482,237515,2280402,-837305930,-462440,1203833190,-366064820,0,15479140,63840,11111297270,886747640,12013587890,852785070,526280,9907464080,1252812460,12013587890
2022-08-09,5250,5350,5150,5330,991568,0.7561436672967864,-12624,-12,12030,606,0,1376,0,889646,100546,991568,14000,12,877616,99940,991568,-66684760,-63240,69546970,-2798970,0,7215240,0,4675147720,524261930,5206624890,73900000,63240,4605600750,527060900,5206624890
2022-08-10,5310,5320,5070,5100,912503,-4.315196998123827,53,15963,96585,-112601,0,53,15963,859500,36987,912503,0,0,762915,149588,912503,274880,82502490,501706010,-584483380,0,274880,82502490,4455214820,192957600,4730949790,0,0,3953508810,777440980,4730949790
2022-08-11,5150,5230,5100,5170,540076,1.3725490196078431,-23535,13832,-39514,49217,0,0,13832,439912,86332,540076,23535,0,479426,37115,540076,-121835100,71202930,-204151290,254783460,0,0,71202930,2268930250,446609190,2786742370,121835100,0,2473081540,191825730,2786742370
2022-08-12,5170,5250,5090,5200,555755,0.5802707930367506,-10000,1567,20027,-11594,0,0,1567,505395,48793,555755,10000,0,485368,60387,555755,-51263110,8038210,101751650,-58526750,0,0,8038210,2608729630,252305510,2869073350,51263110,0,2506977980,310832260,2869073350
2022-08-16,5240,5290,5210,5240,471070,0.7692307692307693,-10736,16993,-67908,61651,0,0,16994,382357,71719,471070,10736,1,450265,10068,471070,-56396370,88948690,-356141440,323589120,0,0,88953930,2005221880,376377780,2470553590,56396370,5240,2361363320,52788660,2470553590
2022-08-17,5250,5480,5150,5170,1280953,-1.3358778625954197,-1941,8766,117555,-124380,0,3156,8766,1203689,65342,1280953,5097,0,1086134,189722,1280953,-10629190,46389160,613926600,-649686570,0,16468790,46389160,6371166850,347257570,6781282370,27097980,0,5757240250,996944140,6781282370
2022-08-18,5120,5150,5010,5080,487741,-1.7408123791102514,0,-4880,-7280,12160,0,0,2030,460311,25400,487741,0,6910,467591,13240,487741,0,-24821200,-36422480,61243680,0,0,10353600,2332148570,128423600,2470925770,0,35174800,2368571050,67179920,2470925770
2022-08-19,5070,5080,4975,4985,486765,-1.8700787401574805,81,-1920,-23685,25524,0,81,3130,433142,50412,486765,0,5050,456827,24888,486765,405025,-9455040,-119570950,128620965,0,405025,15718700,2167094310,253209340,2436427375,0,25173740,2286665260,124588375,2436427375
2022-08-22,4900,5060,4850,4955,487474,-0.6018054162487462,0,0,-29793,29793,0,0,0,413984,73490,487474,0,0,443777,43697,487474,0,0,-145185780,145185780,0,0,0,2049789155,361736255,2411525410,0,0,2194974935,216550475,2411525410
2022-08-23,4900,4955,4750,4760,500851,-3.9354187689202824,3439,-15851,24085,-11673,0,3439,50,443310,54052,500851,0,15901,419225,65725,500851,16712870,-77311245,119225545,-58627170,0,16712870,241750,2149674610,261713045,2428342275,0,77552995,2030449065,320340215,2428342275
2022-08-24,4770,4855,4625,4715,469196,-0.9453781512605042,-5214,-30000,24847,10367,0,1786,0,410206,57204,469196,7000,30000,385359,46837,469196,-24258360,-140063540,119907485,44414415,0,8332440,0,1929680585,267103690,2205116715,32590800,140063540,1809773100,222689275,2205116715
2022-08-25,4740,4960,4730,4920,761818,4.3478260869565215,-8025,1,38987,-30963,0,3515,1,383214,375088,761818,11540,0,344227,406051,761818,-39606905,4900,195826780,-156224775,0,16880495,4900,1869031320,1838203915,3724120630,56487400,0,1673204540,1994428690,3724120630
2022-08-26,4935,4940,4800,4870,321199,-1.0162601626016259,0,-14976,57779,-42803,0,0,400,299190,21609,321199,0,15376,241411,64412,321199,0,-72579110,281430615,-208851505,0,0,1950000,1459798705,105704335,1567453040,0,74529110,1178368090,314555840,1567453040
2022-08-29,4600,4645,4530,4555,557627,-6.46817248459959,112,-1,25340,-25451,0,112,0,522916,34599,557627,0,1,497576,60050,557627,514485,-4595,115593145,-116103035,0,514485,0,2396856675,158786920,2556158080,0,4595,2281263530,274889955,2556158080
2022-08-30,4555,4905,4555,4675,1339995,2.634467618002195,-18266,7100,292775,-281609,0,3734,7100,1260735,68426,1339995,22000,0,967960,350035,1339995,-86610285,33367000,1391272780,-1338029495,0,17493575,33367000,5952067530,321336980,6324265085,104103860,0,4560794750,1659366475,6324265085
2022-08-31,4655,4725,4550,4650,406428,-0.53475935828877,171,6,7051,-7228,0,171,7,354031,52219,406428,0,1,346980,59447,406428,797235,27760,34564460,-35389455,0,797235,32465,1646894580,241602690,1889326970,0,4705,1612330120,276992145,1889326970
2022-09-01,4630,4990,4580,4780,2368819,2.795698924731183,-3186,0,302763,-299577,0,349,2,2136674,231794,2368819,3535,2,1833911,531371,2368819,-15205820,50,1467144200,-1451938430,0,1679570,9620,10340912315,1121592970,11464194475,16885390,9570,8873768115,2573531400,11464194475
2022-09-02,4815,4865,4650,4690,560834,-1.882845188284519,1336,0,-17097,15761,0,1336,0,475113,84385,560834,0,0,492210,68624,560834,6367730,0,-83155145,76787415,0,6367730,0,2258745890,402802280,2667915900,0,0,2341901035,326014865,2667915900
2022-09-05,4705,4790,4370,4370,783838,-6.823027718550106,-6812,3000,-37219,41031,0,0,3000,694398,86440,783838,6812,0,731617,45409,783838,-30696885,13200000,-166218515,183715400,0,0,13200000,3156426570,393462015,3563088585,30696885,0,3322645085,209746615,3563088585
2022-09-06,4290,4480,4290,4400,510074,0.6864988558352403,360,1,-13099,12738,0,360,1,444238,65475,510074,0,0,457337,52737,510074,1581145,4380,-55640660,54055135,0,1581145,4380,1942743665,286476120,2230805310,0,0,1998384325,232420985,2230805310
2022-09-07,4385,4430,4220,4305,421185,-2.159090909090909,-13125,-300,-14989,28414,0,0,100,348530,72555,421185,13125,400,363519,44141,421185,-56270335,-1269000,-61788530,119327865,0,0,423000,1490354595,309357960,1800135555,56270335,1692000,1552143125,190030095,1800135555
2022-09-08,4410,4435,4305,4345,279085,0.9291521486643438,0,0,25,-25,0,0,0,235344,43741,279085,0,0,235319,43766,279085,0,0,-148260,148260,0,0,0,1024086795,190497105,1214583900,0,0,1024235055,190348845,1214583900
2022-09-13,4650,5110,4650,4725,5097560,8.745684695051784,-205572,-1000,312773,-106201,0,0,9940,4957981,129639,5097560,205572,10940,4645208,235840,5097560,-999129385,-4138690,1528360745,-525092670,0,0,48641505,24227542405,633219850,24909403760,999129385,52780195,22699181660,1158312520,24909403760
2022-09-14,4580,4715,4445,4630,902747,-2.0105820105820107,0,2,-76760,76758,0,0,2,738444,164301,902747,0,0,815204,87543,902747,0,9240,-353983455,353974215,0,0,9240,3420542885,759489785,4180041910,0,0,3774526340,405515570,4180041910
2022-09-15,4655,4660,4405,4435,786901,-4.211663066954643,0,192,102386,-102578,0,0,192,739847,46862,786901,0,0,637461,149440,786901,0,846720,466225240,-467071960,0,0,846720,3324866415,208794105,3534507240,0,0,2858641175,675866065,3534507240
2022-09-16,4385,4450,4200,4200,685013,-5.2987598647125145,0,0,28228,-28228,0,0,0,641564,43449,685013,0,0,613336,71677,685013,0,0,120764280,-120764280,0,0,0,2749014905,187939200,2936954105,0,0,2628250625,308703480,2936954105
2022-09-19,4170,4210,3985,4005,585839,-4.642857142857143,0,5000,-28590,23590,0,0,5000,488726,92113,585839,0,0,517316,68523,585839,0,20000000,-116118735,96118735,0,0,20000000,1975235765,373924495,2369160260,0,0,2091354500,277805760,2369160260
2022-09-20,4005,4090,3990,4010,269660,0.12484394506866417,0,0,28620,-28620,0,0,0,245834,23826,269660,0,0,217214,52446,269660,0,0,115536585,-115536585,0,0,0,989730085,95931765,1085661850,0,0,874193500,211468350,1085661850
2022-09-21,3950,4015,3860,3935,401988,-1.8703241895261846,0,229,12747,-12976,0,0,229,367479,34280,401988,0,0,354732,47256,401988,0,896535,50681945,-51578480,0,0,896535,1439230130,134242660,1574369325,0,0,1388548185,185821140,1574369325
2022-09-22,3870,3870,3750,3805,524737,-3.303684879288437,0,-11682,-26337,38019,0,0,0,443075,81662,524737,0,11682,469412,43643,524737,0,-44456125,-98825320,143281445,0,0,0,1681930090,309643395,1991573485,0,44456125,1780755410,166361950,1991573485
2022-09-23,3765,3805,3605,3640,669623,-4.336399474375821,0,5000,24691,-29691,0,0,5000,597921,66702,669623,0,0,573230,96393,669623,0,18050000,93564750,-111614750,0,0,18050000,2197228455,246683010,2461961465,0,0,2103663705,358297760,2461961465
2022-09-26,3500,3630,3390,3415,733452,-6.181318681318682,-21192,1521,-50210,69881,0,0,1521,587614,144317,733452,21192,0,637824,74436,733452,-73316580,5268840,-175493525,243541265,0,0,5268840,2037787460,503224170,2546280470,73316580,0,2213280985,259682905,2546280470
2022-09-27,3370,3440,3285,3400,621802,-0.43923865300146414,0,-1000,-77861,78861,0,0,0,422579,199223,621802,0,1000,500440,120362,621802,0,-3320000,-262672255,265992255,0,0,0,1415412815,670748725,2086161540,0,3320000,1678085070,404756470,2086161540
2022-09-28,3385,3550,3255,3320,639551,-2.3529411764705883,7026,0,-1889,-5137,0,7026,0,505334,127191,639551,0,0,507223,132328,639551,23656015,0,-7111980,-16544035,0,23656015,0,1705109650,429248155,2158013820,0,0,1712221630,445792190,2158013820
2022-09-29,3395,3475,3280,3285,417152,-1.0542168674698795,0,0,-70776,70776,0,0,0,308569,108583,417152,0,0,379345,37807,417152,0,0,-243150205,243150205,0,0,0,1040579225,372207160,1412786385,0,0,1283729430,129056955,1412786385
2022-09-30,3195,3345,3185,3345,459849,1.82648401826484,8662,-1399,-81937,74674,0,8662,1601,306132,143454,459849,0,3000,388069,68780,459849,28437935,-4393695,-266852500,242808260,0,28437935,5323325,1005155835,469063630,1507980725,0,9717020,1272008335,226255370,1507980725
2022-10-04,3380,3435,3360,3430,385926,2.5411061285500747,-53945,0,101603,-47658,0,0,0,324716,61210,385926,53945,0,223113,108868,385926,-183340225,0,344895180,-161554955,0,0,0,1103224495,208015780,1311240275,183340225,0,758329315,369570735,1311240275
2022-10-05,3500,3505,3260,3380,566475,-1.4577259475218658,-122465,-1,215068,-92602,0,0,0,514771,51704,566475,122465,1,299703,144306,566475,-404541740,-3280,715885940,-311340920,0,0,0,1725156960,172277285,1897434245,404541740,3280,1009271020,483618205,1897434245
2022-10-06,3390,4390,3355,3965,10236773,17.307692307692307,-304197,-10510,553259,-238552,0,71113,9111,9859988,296561,10236773,375310,19621,9306729,535113,10236773,-1231688275,-46023040,2296472715,-1018761400,0,295381905,39997290,40716875915,1124877005,42177132115,1527070180,86020330,38420403200,2143638405,42177132115
2022-10-07,3905,4195,3830,3965,5215975,0.0,-396893,9,414769,-17885,0,0,761,4955153,260061,5215975,396893,752,4540384,277946,5215975,-1610672525,104970,1687681480,-77113925,0,0,3111240,20035093090,1045000535,21083204865,1610672525,3006270,18347411610,1122114460,21083204865
2022-10-11,3825,4350,3805,3895,4148258,-1.7654476670870116,-138856,22200,140883,-24227,0,0,24000,3926311,197947,4148258,138856,1800,3785428,222174,4148258,-588527100,90496000,604014080,-105982980,0,0,97530000,16083205910,786496110,16967232020,588527100,7034000,15479191830,892479090,16967232020
2022-10-12,3895,4220,3895,4025,5574791,3.3376123234916557,-260602,15029,330963,-85390,0,0,18711,5280477,275603,5574791,260602,3682,4949514,360993,5574791,-1075196980,60175265,1367625535,-352603820,0,0,75382805,21648971975,1120070800,22844425580,1075196980,15207540,20281346440,1472674620,22844425580
2022-10-13,4045,4220,3775,3860,4000526,-4.099378881987578,-227236,18000,270785,-61549,0,12953,18000,3724461,245112,4000526,240189,0,3453676,306661,4000526,-943160125,73529260,1136517950,-266887085,0,54020995,73529260,15125782945,976897835,16230231035,997181120,0,13989264995,1243784920,16230231035
2022-10-14,3970,4170,3875,4000,4829237,3.6269430051813467,-182852,3000,197501,-17649,0,0,3135,4575222,250880,4829237,182852,135,4377721,268529,4829237,-745542090,12004665,812735055,-79197630,0,0,12556470,18537021470,1003324765,19552902705,745542090,551805,17724286415,1082522395,19552902705
2022-10-17,3875,4130,3810,4025,2068478,0.625,488,3000,-16108,12620,0,1000,3000,1911136,153342,2068478,512,0,1927244,140722,2068478,1955800,11550000,-63655865,50150065,0,4055000,11550000,7631826780,613968410,8261400190,2099200,0,7695482645,563818345,8261400190
2022-10-18,4075,4170,4055,4130,2765486,2.608695652173913,-159494,6250,123983,29261,0,5994,7250,2502342,249900,2765486,165488,1000,2378359,220639,2765486,-659005040,25926250,518444410,114634380,0,24485490,30026250,10399657830,1026238410,11480407980,683490530,4100000,9881213420,911604030,11480407980
2022-10-19,4470,4520,4030,4070,4688370,-1.4527845036319613,-231916,-2000,366419,-132503,0,2818,975,4557022,127555,4688370,234734,2975,4190603,260058,4688370,-1006900130,-8674050,1605118735,-589544555,0,12144160,4326660,19696544245,542007790,20255022855,1019044290,13000710,18091425510,1131552345,20255022855
2022-10-20,4020,4095,3855,3890,1336607,-4.422604422604422,-5000,0,-66587,71587,0,12000,0,1156887,167720,1336607,17000,0,1223474,96133,1336607,-20368035,0,-261140225,281508260,0,46786070,0,4546241310,659384385,5252411765,67154105,0,4807381535,377876125,5252411765
2022-10-21,3890,3900,3700,3710,974763,-4.627249357326478,5000,210,950,-6160,0,5000,210,883643,85910,974763,0,0,882693,92070,974763,18690000,784350,7190980,-26665330,0,18690000,784350,3334778410,324354360,3678607120,0,0,3327587430,351019690,3678607120
2022-10-24,3750,3850,3750,3805,631068,2.560646900269542,0,0,-64528,64528,0,0,0,506005,125063,631068,0,0,570533,60535,631068,0,0,-245295565,245295565,0,0,0,1926976180,476304575,2403280755,0,0,2172271745,231009010,2403280755
2022-10-25,3805,4015,3805,3930,899164,3.28515111695138,0,8026,-130995,122969,0,1433,8029,695395,194307,899164,1433,3,826390,71338,899164,-79365,31823615,-512029235,480284985,0,5557765,31835405,2724054195,760148115,3521595480,5637130,11790,3236083430,279863130,3521595480
2022-10-26,3940,3985,3785,3810,648989,-3.0534351145038165,0,-1000,53759,-52759,0,0,0,581638,67351,648989,0,1000,527879,120110,648989,0,-3945000,208623940,-204678940,0,0,0,2267551510,264071570,2531623080,0,3945000,2058927570,468750510,2531623080
2022-10-27,3825,3975,3810,3975,651209,4.330708661417323,64830,-2100,-162242,99512,0,64930,1000,446913,138366,651209,100,3100,609155,38854,651209,255066720,-8088765,-636403795,389425840,0,255461720,3950000,1751993460,541464175,2552869355,395000,12038765,2388397255,152038335,2552869355
2022-10-28,3980,3980,3855,3865,569389,-2.767295597484277,0,-1,156778,-156777,0,0,0,557215,12174,569389,0,1,400437,168951,569389,0,-3875,614039155,-614035280,0,0,0,2177762870,47717390,2225480260,0,3875,1563723715,661752670,2225480260
2022-10-31,3945,4095,3925,4095,1181393,5.950840879689522,-63968,2000,41041,20927,0,32,3000,1018099,160262,1181393,64000,1000,977058,139335,1181393,-258445700,7955000,170939335,79551365,0,129120,12015000,4102250360,642534545,4756929025,258574820,4060000,3931311025,562983180,4756929025
2022-11-01,4100,4145,4035,4070,961658,-0.6105006105006106,-71680,0,125221,-53541,0,320,0,895643,65695,961658,72000,0,770422,119236,961658,-292551270,0,510989785,-218438515,0,1298350,0,3650984535,267953585,3920236470,293849620,0,3139994750,486392100,3920236470
2022-11-02,4065,4090,3950,4070,1039568,0.0,-29615,0,-84762,114377,0,150,0,866440,172978,1039568,29765,0,951202,58601,1039568,-120059220,0,-345842635,465901855,0,594250,0,3489823200,700703615,4191121065,120653470,0,3835665835,234801760,4191121065
2022-11-03,4045,4190,3970,4010,1380489,-1.4742014742014742,-51523,-769,162063,-109771,0,0,400,1257321,122768,1380489,51523,1169,1095258,232539,1380489,-213210115,-3080155,656080285,-439790015,0,0,1598000,5130368370,504996005,5636962375,213210115,4678155,4474288085,944786020,5636962375
2022-11-04,4030,4395,4000,4135,3696777,3.117206982543641,-219074,0,322133,-103059,0,16,1305,3558693,136763,3696777,219090,1305,3236560,239822,3696777,-923271680,23485,1366876945,-443628750,0,65320,5536220,14977886000,573646340,15557133880,923337000,5512735,13611009055,1017275090,15557133880
2022-11-07,4180,4320,4135,4290,1581645,3.7484885126964933,-77503,9030,-53680,122153,0,0,9030,1361671,210944,1581645,77503,0,1415351,88791,1581645,-326813890,38405780,-224905650,513313760,0,0,38405780,5772434520,892017805,6702858105,326813890,0,5997340170,378704045,6702858105
2022-11-08,4355,4570,4340,4380,3635799,2.097902097902098,-90732,12961,205862,-128091,0,0,18128,3468892,148779,3635799,90732,5167,3263030,276870,3635799,-398825380,58267640,911027430,-570469690,0,0,81668580,15434036070,662703160,16178407810,398825380,23400940,14523008640,1233172850,16178407810
2022-11-09,4400,4560,4290,4545,1976290,3.767123287671233,-43000,7500,41570,-6070,0,0,7500,1845768,123022,1976290,43000,0,1804198,129092,1976290,-187387920,34000000,178433935,-25046015,0,0,34000000,8168125060,544603295,8746728355,187387920,0,7989691125,569649310,8746728355
2022-11-10,4420,4480,4330,4355,962624,-4.180418041804181,-212,20260,-21542,1494,0,0,25360,883230,54034,962624,212,5100,904772,52540,962624,-935640,89620110,-95742750,7058280,0,0,112158610,3888368875,238709505,4239236990,935640,22538500,3984111625,231651225,4239236990
2022-11-11,4440,4595,4250,4415,2239332,1.377726750861079,-54,-5908,4451,1511,0,284,8384,2170860,59804,2239332,338,14292,2166409,58293,2239332,-267780,-27072100,19952720,7387160,0,1251050,36441460,9655706650,265782740,9959181900,1518830,63513560,9635753930,258395580,9959181900
2022-11-14,4650,4670,4075,4075,3738033,-7.701019252548131,-12358,-29352,104119,-62409,0,28412,15706,3610903,83012,3738033,40770,45058,3506784,145421,3738033,-51447175,-126979645,459530965,-281104145,0,116911405,69003095,15704443025,358033945,16248391470,168358580,195982740,15244912060,639138090,16248391470
2022-11-15,4070,4070,3895,3995,1347963,-1.96319018404908,18371,-304,-75168,57101,0,18371,4753,1218020,106819,1347963,0,5057,1293188,49718,1347963,73039720,-1487195,-294550230,222997705,0,73039720,18702955,4819759105,420967590,5332469370,0,20190150,5114309335,197969885,5332469370
2022-11-16,4020,4040,3935,3945,723962,-1.2515644555694618,11500,6758,-42497,24239,0,11500,6808,660777,44877,723962,0,50,703274,20638,723962,45575650,26853250,-170035235,97606335,0,45575650,27052000,2631043400,179474135,2883145185,0,198750,2801078635,81867800,2883145185
2022-11-17,3960,4080,3945,4040,772868,2.4081115335868186,5600,-5108,-13411,12919,0,5600,1500,705366,60402,772868,0,6608,718777,47483,772868,22426195,-20571570,-54713375,52858750,0,22426195,6035000,2834554020,242944720,3105959935,0,26606570,2889267395,190085970,3105959935
2022-11-18,4040,4060,3920,3945,711315,-2.3514851485148514,0,501,61005,-61506,0,0,501,697403,13411,711315,0,0,636398,74917,711315,0,1986510,242759530,-244746040,0,0,1986510,2777207540,53366410,2832560460,0,0,2534448010,298112450,2832560460
2022-11-21,3975,4005,3815,3820,624016,-3.1685678073510775,0,5000,89,-5089,0,0,7300,597934,18782,624016,0,2300,597845,23871,624016,0,19649925,2118200,-21768125,0,0,28740500,2329117325,72198830,2430056655,0,9090575,2326999125,93966955,2430056655
2022-11-22,3800,3915,3800,3845,462516,0.6544502617801047,5500,0,-6630,1130,0,5500,0,430287,26729,462516,0,0,436917,25599,462516,21315800,0,-25671630,4355830,0,21315800,0,1659207665,103256265,1783779730,0,0,1684879295,98900435,1783779730
2022-11-23,3865,3915,3840,3880,382737,0.9102730819245773,34251,0,-21469,-12782,0,34251,0,338104,10382,382737,0,0,359573,23164,382737,132958920,0,-83250695,-49708225,0,132958920,0,1308402635,40118990,1481480545,0,0,1391653330,89827215,1481480545
2022-11-24,3845,3910,3835,3885,348598,0.12886597938144329,5600,33602,-74046,34844,0,5600,33602,262691,46705,348598,0,0,336737,11861,348598,21790720,130639350,-286186515,133756445,0,21790720,130639350,1019522305,179880490,1351832865,0,0,1305708820,46124045,1351832865
2022-11-25,3885,3905,3850,3870,321191,-0.3861003861003861,-5600,-51825,51887,5538,0,0,18175,285463,17553,321191,5600,70000,233576,12015,321191,-21653500,-200201040,200508125,21346415,0,0,70567250,1105780760,67867865,1244215875,21653500,270768290,905272635,46521450,1244215875
2022-11-28,3870,3870,3675,3680,596980,-4.909560723514212,0,30072,11294,-41366,0,0,74500,514623,7857,596980,0,44428,503329,49223,596980,0,112780345,43840030,-156620375,0,0,281285480,1925793130,29210400,2236289010,0,168505135,1881953100,185830775,2236289010
2022-11-29,3615,3725,3615,3690,389766,0.2717391304347826,0,-5,-13178,13183,0,0,300,346821,42645,389766,0,305,359999,29462,389766,0,-29775,-47291445,47321220,0,0,1098000,1274011485,156133720,1431243205,0,1127775,1321302930,108812500,1431243205
2022-11-30,3690,3690,3605,3650,408053,-1.084010840108401,0,0,-4221,4221,0,0,0,382825,25228,408053,0,0,387046,21007,408053,0,0,-15204625,15204625,0,0,0,1387962755,91551305,1479514060,0,0,1403167380,76346680,1479514060
2022-12-01,3705,3710,3620,3620,424989,-0.821917808219178,0,-1000,99651,-98651,0,0,0,392372,32617,424989,0,1000,292721,131268,424989,0,-3660000,363931910,-360271910,0,0,0,1435840445,120392840,1556233285,0,3660000,1071908535,480664750,1556233285
2022-12-02,3600,3775,3540,3765,809943,4.005524861878453,38077,23739,-111951,50135,0,41707,23739,654820,89677,809943,3630,0,766771,39542,809943,139294555,85099915,-405634860,181240390,0,152463305,85099915,2407601830,326971765,2972136815,13168750,0,2813236690,145731375,2972136815
2022-12-05,3780,3860,3735,3800,465066,0.9296148738379815,28647,3000,-4633,-27014,0,28647,3000,375226,58193,465066,0,0,379859,85207,465066,109644540,11435000,-17695435,-103384105,0,109644540,11435000,1432591895,220876775,1774548210,0,0,1450287330,324260880,1774548210
2022-12-06,3760,3835,3715,3780,258295,-0.5263157894736842,0,1970,28067,-30037,0,0,5670,227393,25232,258295,0,3700,199326,55269,258295,0,7395135,106826750,-114221885,0,0,21299150,858781470,94757875,974838495,0,13904015,751954720,208979760,974838495
2022-12-07,3765,3900,3530,3825,559430,1.1904761904761905,0,-1203,-205974,207177,0,0,2000,330423,227007,559430,0,3203,536397,19830,559430,0,-4801465,-785321205,790122670,0,0,7200000,1261849345,866032560,2135081905,0,12001465,2047170550,75909890,2135081905
2022-12-08,3840,3985,3800,3965,655873,3.6601307189542487,-28200,-2836,-116272,147308,0,0,164,458945,196764,655873,28200,3000,575217,49456,655873,-111237670,-11121380,-455343865,577702915,0,0,648620,1804550435,770147830,2575346885,111237670,11770000,2259894300,192444915,2575346885
2022-12-09,3955,4030,3910,4005,798455,1.008827238335435,0,-7282,-103885,111167,0,0,4001,566409,228045,798455,0,11283,670294,116878,798455,0,-28354210,-414177510,442531720,0,0,16053990,2255865340,909491225,3181410555,0,44408200,2670042850,466959505,3181410555
2022-12-12,3950,4175,3925,4010,1451710,0.12484394506866417,-132438,-6000,-82676,221114,0,0,4000,974201,473509,1451710,132438,10000,1056877,252395,1451710,-538221805,-24444780,-330748100,893414685,0,0,16290000,3969099320,1920162120,5905551440,538221805,40734780,4299847420,1026747435,5905551440
2022-12-13,3940,4080,3830,3910,1401052,-2.493765586034913,0,57000,-424232,367232,0,0,58000,872110,470942,1401052,0,1000,1296342,103710,1401052,0,227091115,-1687424585,1460333470,0,0,231031625,3433294540,1869292040,5533618205,0,3940510,5120719125,408958570,5533618205
2022-12-14,3950,4130,3950,4110,1361814,5.115089514066496,-16520,4000,-401550,414070,0,0,4000,804891,552923,1361814,16520,0,1206441,138853,1361814,-66250910,16235000,-1619427315,1669443225,0,0,16235000,3269081400,2232743910,5518060310,66250910,0,4888508715,563300685,5518060310
2022-12-15,4080,4265,4070,4150,1371554,0.9732360097323601,0,17485,-31261,13776,0,0,22262,1068390,280902,1371554,0,4777,1099651,267126,1371554,0,72656665,-125841235,53184570,0,0,93025640,4464247690,1170200660,5727473990,0,20368975,4590088925,1117016090,5727473990
2022-12-16,4080,4415,3960,4355,3061109,4.9397590361445785,23511,4011,-440868,413346,0,23511,10011,1136552,1891035,3061109,0,6000,1577420,1477689,3061109,96564940,15220770,-1895080405,1783294695,0,96564940,41670770,4778798945,8156624040,13073658695,0,26450000,6673879350,6373329345,13073658695
2022-12-19,4345,4420,4075,4410,1771191,1.2629161882893225,22515,-55020,-75832,108337,0,25015,34998,1291555,419623,1771191,2500,90018,1367387,311286,1771191,95005040,-224420815,-357951225,487367000,0,105880040,148889750,5560083665,1802051745,7616905200,10875000,373310565,5918034890,1314684745,7616905200
2022-12-20,4550,4555,4280,4305,1576911,-2.380952380952381,-126482,26584,161313,-61415,0,0,26834,1448492,101585,1576911,126482,250,1287179,163000,1576911,-545638590,116799780,710242625,-281403815,0,0,117884780,6369513795,443763915,6931162490,545638590,1085000,5659271170,725167730,6931162490
2022-12-21,4280,4295,4030,4075,822884,-5.342624854819976,0,-5025,16227,-11202,0,0,3000,773738,46146,822884,0,8025,757511,57348,822884,0,-20613260,68728450,-48115190,0,0,12430000,3200343645,191335045,3404108690,0,33043260,3131615195,239450235,3404108690
2022-12-22,4120,4125,4025,4050,514191,-0.6134969325153374,0,150,2075,-2225,0,0,150,463842,50199,514191,0,0,461767,52424,514191,0,616820,8621915,-9238735,0,0,616820,1888087525,204842490,2093546835,0,0,1879465610,214081225,2093546835
2022-12-23,3980,4065,3870,3870,991032,-4.444444444444445,2758,2300,-41395,36337,0,2758,2300,855841,130133,991032,0,0,897236,93796,991032,10907935,8960520,-165042315,145173860,0,10907935,8960520,3374750475,515212690,3909831620,0,0,3539792790,370038830,3909831620
2022-12-26,3870,3890,3705,3750,685925,-3.10077519379845,0,-4298,130939,-126641,0,0,4002,648794,33129,685925,0,8300,517855,159770,685925,0,-15862335,493530160,-477667825,0,0,15008395,2445523700,124904490,2585436585,0,30870730,1951993540,602572315,2585436585
2022-12-27,3785,3950,3785,3875,901229,3.3333333333333335,45821,35978,-200895,119096,0,45821,35978,659294,160136,901229,0,0,860189,41040,901229,178961315,139803275,-780938675,462174085,0,178961315,139803275,2559095150,621006395,3498866135,0,0,3340033825,158832310,3498866135
2022-12-28,3905,4055,3875,4000,739411,3.225806451612903,0,1,-61445,61444,0,0,1,543909,195501,739411,0,0,605354,134057,739411,0,4010,-248773575,248769565,0,0,4010,2161694010,778269115,2939967135,0,0,2410467585,529499550,2939967135
2022-12-29,3985,4010,3885,3995,471551,-0.125,0,15000,18802,-33802,0,0,15000,414166,42385,471551,0,0,395364,76187,471551,0,59800000,72661335,-132461335,0,0,59800000,1631005770,168193265,1858999035,0,0,1558344435,300654600,1858999035
2023-01-02,4020,4145,4010,4060,527966,1.6270337922403004,0,-3500,-32014,35514,0,0,2500,420109,105357,527966,0,6000,452123,69843,527966,0,-14345785,-128570195,142915980,0,0,10184215,1712615860,427908335,2150708410,0,24530000,1841186055,284992355,2150708410
2023-01-03,4025,4160,3910,4070,770344,0.24630541871921183,0,-84,69993,-69909,0,0,414,694965,74965,770344,0,498,624972,144874,770344,0,-383700,280704080,-280320380,0,0,1652895,2810761220,303444760,3115858875,0,2036595,2530057140,583765140,3115858875
2023-01-04,4145,4145,3945,3985,827646,-2.0884520884520885,0,-13784,191677,-177893,0,0,7227,798269,22150,827646,0,21011,606592,200043,827646,0,-54532455,763999785,-709467330,0,0,28786820,3194650690,90033190,3313470700,0,83319275,2430650905,799500520,3313470700
2023-01-05,4020,4100,3970,4000,450355,0.37641154328732745,0,4010,-966,-3044,0,0,7010,391812,51533,450355,0,3000,392778,54577,450355,0,16156190,-4848520,-11307670,0,0,28216350,1570426660,206949165,1805592175,0,12060160,1575275180,218256835,1805592175
2023-01-06,3950,4015,3950,3995,300289,-0.125,0,99,148,-247,0,0,100,267519,32670,300289,0,1,267371,32917,300289,0,395500,503525,-899025,0,0,399500,1067457155,130528955,1198385610,0,4000,1066953630,131427980,1198385610
2023-01-09,4035,4090,4015,4030,464792,0.8760951188986232,2000,3138,-68065,62927,0,2000,4302,375320,83170,464792,0,1164,443385,20243,464792,8110000,12734950,-276643410,255798460,0,8110000,17451610,1519530795,337734060,1882826465,0,4716660,1796174205,81935600,1882826465
2023-01-10,4005,4090,3955,3960,624835,-1.7369727047146404,-37738,0,122075,-84337,0,0,10429,588226,26180,624835,37738,10429,466151,110517,624835,-151282490,194315,488672320,-337584145,0,0,41756790,2354381600,105181610,2501320000,151282490,41562475,1865709280,442765755,2501320000
2023-01-11,3970,4045,3965,4005,303750,1.1363636363636365,0,7931,-48572,40641,0,0,7931,249030,46789,303750,0,0,297602,6148,303750,0,31794305,-194797415,163003110,0,0,31794305,996900895,187672820,1216368020,0,0,1191698310,24669710,1216368020
2023-01-12,4015,4065,3975,4065,619555,1.4981273408239701,-124802,3000,30575,91227,0,0,3000,470882,145673,619555,124802,0,440307,54446,619555,-500158385,12168765,120435260,367554360,0,0,12168765,1888008165,585339800,2485516730,500158385,0,1767572905,217785440,2485516730
2023-01-13,4040,4050,3940,3960,701226,-2.5830258302583027,-3815,-2710,52602,-46077,0,0,290,666367,34569,701226,3815,3000,613765,80646,701226,-15263815,-10790150,210988825,-184934860,0,0,1149850,2650335735,136912020,2788397605,15263815,11940000,2439346910,321846880,2788397605
2023-01-16,3935,3965,3920,3935,407225,-0.6313131313131313,0,0,3694,-3694,0,0,0,368026,39199,407225,0,0,364332,42893,407225,0,0,15590825,-15590825,0,0,0,1451184480,153884185,1605068665,0,0,1435593655,169475010,1605068665
2023-01-17,3910,3960,3835,3860,452825,-1.9059720457433291,0,3000,30965,-33965,0,0,3000,438220,11605,452825,0,0,407255,45570,452825,0,11550000,120359395,-131909395,0,0,11550000,1697720580,45066775,1754337355,0,0,1577361185,176976170,1754337355
2023-01-18,3820,3860,3800,3810,392635,-1.2953367875647668,0,-15000,16463,-1463,0,0,0,378336,14299,392635,0,15000,361873,15762,392635,0,-57144640,62835370,-5690730,0,0,0,1444414635,54643935,1499058570,0,57144640,1381579265,60334665,1499058570
2023-01-19,3750,3845,3750,3800,229451,-0.26246719160104987,0,3073,-5093,2020,0,0,3073,214760,11618,229451,0,0,219853,9598,229451,0,11600575,-18911000,7310425,0,0,11600575,814491575,43795130,869887280,0,0,833402575,36484705,869887280
2023-01-20,3785,3820,3765,3775,273175,-0.6578947368421052,0,0,12790,-12790,0,0,0,266171,7004,273175,0,0,253381,19794,273175,0,0,48484190,-48484190,0,0,0,1007493405,26511030,1034004435,0,0,959009215,74995220,1034004435
2023-01-25,3810,3830,3780,3830,320984,1.456953642384106,0,4307,-17587,13280,0,0,4307,298081,18596,320984,0,0,315668,5316,320984,0,16418675,-66856510,50437835,0,0,16418675,1133546740,70672665,1220638080,0,0,1200403250,20234830,1220638080
2023-01-26,3830,3905,3830,3890,361770,1.5665796344647518,1500,0,-12984,11484,0,1500,0,345266,15004,361770,0,0,358250,3520,361770,5760000,0,-50099405,44339405,0,5760000,0,1337555670,57985865,1401301535,0,0,1387655075,13646460,1401301535
2023-01-27,3925,3935,3845,3850,331613,-1.0282776349614395,0,0,21060,-21060,0,0,0,329122,2491,331613,0,0,308062,23551,331613,0,0,81850285,-81850285,0,0,0,1276067440,9600870,1285668310,0,0,1194217155,91451155,1285668310
2023-01-30,3850,3870,3770,3780,314442,-1.8181818181818181,0,0,10362,-10362,0,0,0,302191,12251,314442,0,0,291829,22613,314442,0,0,39411900,-39411900,0,0,0,1149881190,46944490,1196825680,0,0,1110469290,86356390,1196825680
2023-01-31,3730,3795,3730,3790,264701,0.26455026455026454,0,0,312,-312,0,0,0,255861,8840,264701,0,0,255549,9152,264701,0,0,1361240,-1361240,0,0,0,963044350,33150325,996194675,0,0,961683110,34511565,996194675
2023-02-01,3790,3875,3760,3815,520114,0.6596306068601583,-138055,800,45511,91744,0,1500,800,410629,107185,520114,139555,0,365118,15441,520114,-527442195,3012000,173655940,350774255,0,5717500,3012000,1569439715,410128715,1988297930,533159695,0,1395783775,59354460,1988297930
2023-02-02,3855,3870,3795,3870,537161,1.4416775884665793,-117920,0,50064,67856,0,0,0,421682,115479,537161,117920,0,371618,47623,537161,-451478675,0,189503705,261974970,0,0,0,1616270305,444401045,2060671350,451478675,0,1426766600,182426075,2060671350
2023-02-03,3890,3910,3835,3890,601681,0.516795865633075,-92602,0,114909,-22307,0,0,0,551494,50187,601681,92602,0,436585,72494,601681,-358280455,0,444843900,-86563445,0,0,0,2136829770,195107195,2331936965,358280455,0,1691985870,281670640,2331936965
2023-02-06,3885,3885,3800,3840,325472,-1.2853470437017995,-31357,0,79602,-48245,0,0,0,320173,5299,325472,31357,0,240571,53544,325472,-120541500,0,305664530,-185123030,0,0,0,1230423750,20437085,1250860835,120541500,0,924759220,205560115,1250860835
2023-02-07,3830,3870,3800,3840,330297,0.0,-28252,0,47049,-18797,0,0,0,324953,5344,330297,28252,0,277904,24141,330297,-108120225,0,180173945,-72053720,0,0,0,1244307380,20441105,1264748485,108120225,0,1064133435,92494825,1264748485
2023-02-08,3855,3920,3820,3910,548060,1.8229166666666667,-30267,-1400,-168818,200485,0,0,0,336347,211713,548060,30267,1400,505165,11228,548060,-117558915,-5474000,-656476315,779509230,0,0,0,1305274290,823093375,2128367665,117558915,5474000,1961750605,43584145,2128367665
2023-02-09,3900,3900,3810,3840,478120,-1.7902813299232736,-32998,0,171384,-138386,0,0,0,473804,4316,478120,32998,0,302420,142702,478120,-126648615,0,657537790,-530889175,0,0,0,1819678140,16676805,1836354945,126648615,0,1162140350,547565980,1836354945
2023-02-10,3830,3830,3740,3745,577969,-2.473958333333333,-29699,-10202,124475,-84574,0,0,3798,560045,14126,577969,29699,14000,435570,98700,577969,-111558725,-38183510,468211485,-318469250,0,0,14246490,2105974555,53379270,2173600315,111558725,52430000,1637763070,371848520,2173600315
2023-02-13,3755,4130,3750,3805,4604313,1.602136181575434,-487798,168539,322241,-2982,0,0,168608,4201257,234448,4604313,487798,69,3879016,237430,4604313,-1932447105,647960485,1299491000,-15004380,0,0,648232780,16596305470,929811715,18174349965,1932447105,272295,15296814470,944816095,18174349965
2023-02-14,3820,3855,3800,3815,511619,0.2628120893561104,0,26500,-48979,22479,0,0,40000,426820,44799,511619,0,13500,475799,22320,511619,0,100775000,-186969240,86194240,0,0,152075000,1629552975,171469440,1953097415,0,51300000,1816522215,85275200,1953097415
2023-02-15,3810,3850,3745,3815,592897,0.0,0,63998,-76206,12208,0,0,63999,500195,28703,592897,0,1,576401,16495,592897,0,243125360,-289842965,46717605,0,0,243129160,1894779220,109024720,2246933100,0,3800,2184622185,62307115,2246933100
2023-02-16,3815,3875,3800,3840,418284,0.655307994757536,6,39615,-55880,16259,0,6,40000,345098,33180,418284,0,385,400978,16921,418284,23115,152528985,-214972440,62420340,0,23115,154000000,1326962000,127423820,1608408935,0,1471015,1541934440,65003480,1608408935
2023-02-17,3800,3855,3790,3800,385993,-1.0416666666666665,0,34777,-13456,-21321,0,0,34777,343534,7682,385993,0,0,356990,29003,385993,0,132200370,-50758505,-81441865,0,0,132200370,1308392515,29234995,1469827880,0,0,1359151020,110676860,1469827880
2023-02-20,3800,3825,3745,3815,378151,0.39473684210526316,0,20000,-83203,63203,0,0,20000,286141,72010,378151,0,0,369344,8807,378151,0,75808300,-315793195,239984895,0,0,75808300,1085318490,273413420,1434540210,0,0,1401111685,33428525,1434540210
2023-02-21,3795,3855,3790,3790,447202,-0.655307994757536,-5,0,-40702,40707,0,0,0,386573,60629,447202,5,0,427275,19922,447202,-19090,0,-156564210,156583300,0,0,0,1475666005,232526890,1708192895,19090,0,1632230215,75943590,1708192895
2023-02-22,3750,3770,3735,3755,354794,-0.9234828496042217,-1,-3799,69525,-65725,0,0,0,348738,6056,354794,1,3799,279213,71781,354794,-3745,-14256230,260723705,-246463730,0,0,0,1307547540,22721240,1330268780,3745,14256230,1046823835,269184970,1330268780
2023-02-23,3770,3770,3725,3745,280530,-0.2663115845539281,0,-20000,36049,-16049,0,0,0,270551,9979,280530,0,20000,234502,26028,280530,0,-74646500,134709040,-60062540,0,0,0,1012595290,37424680,1050019970,0,74646500,877886250,97487220,1050019970
2023-02-24,3735,3735,3600,3615,583806,-3.4712950600801067,0,633,15470,-16103,0,0,753,552664,30389,583806,0,120,537194,46492,583806,0,2265600,59233465,-61499065,0,0,2710800,2017313425,110037235,2130061460,0,445200,1958079960,171536300,2130061460
2023-02-27,3555,3610,3550,3570,260393,-1.2448132780082988,0,-1100,-17448,18548,0,0,0,237004,23389,260393,0,1100,254452,4841,260393,0,-3938000,-62129015,66067015,0,0,0,844104270,83329385,927433655,0,3938000,906233285,17262370,927433655
2023-02-28,3565,3600,3560,3585,241568,0.42016806722689076,0,-7847,-3280,11127,0,0,0,222490,19078,241568,0,7847,225770,7951,241568,0,-28088275,-11479095,39567370,0,0,0,797602355,68111590,865713945,0,28088275,809081450,28544220,865713945
2023-03-02,3585,3900,3520,3670,1216690,2.3709902370990235,-794,-3894,32107,-27419,0,0,4219,1144348,68123,1216690,794,8113,1112241,95542,1216690,-2977500,-13302830,120748770,-104468440,0,0,16158585,4254572040,249295735,4520026360,2977500,29461415,4133823270,353764175,4520026360
2023-03-03,3700,3700,3605,3640,269176,-0.8174386920980926,0,14,5471,-5485,0,0,14,257727,11435,269176,0,0,252256,16920,269176,0,50960,19861535,-19912495,0,0,50960,936784610,41679985,978515555,0,0,916923075,61592480,978515555
2023-03-06,3640,3645,3540,3555,368117,-2.3351648351648353,0,1747,-2936,1189,0,0,2247,360082,5788,368117,0,500,363018,4599,368117,0,6201800,-10293395,4091595,0,0,7976850,1282992235,20590475,1311559560,0,1775050,1293285630,16498880,1311559560
2023-03-07,3555,3620,3525,3615,338412,1.6877637130801686,-7506,20000,-90107,77613,0,0,20000,233883,84529,338412,7506,0,323990,6916,338412,-26922330,71979110,-323358375,278301595,0,0,71979110,836741045,303065205,1211785360,26922330,0,1160099420,24763610,1211785360
2023-03-08,3590,3605,3565,3575,224906,-1.1065006915629323,0,5500,-27619,22119,0,0,5500,184625,34781,224906,0,0,212244,12662,224906,0,19692025,-98786735,79094710,0,0,19692025,660700110,124437895,804830030,0,0,759486845,45343185,804830030
2023-03-09,3565,3710,3550,3635,493496,1.6783216783216783,0,2000,30829,-32829,0,0,2000,444452,47044,493496,0,0,413623,79873,493496,0,7110000,112412500,-119522500,0,0,7110000,1612841260,170858530,1790809790,0,0,1500428760,290381030,1790809790
2023-03-10,3585,3615,3555,3600,268957,-0.9628610729023385,0,0,35833,-35833,0,0,0,246647,22310,268957,0,0,210814,58143,268957,0,0,127894360,-127894360,0,0,0,881553300,80013920,961567220,0,0,753658940,207908280,961567220
2023-03-13,3530,3585,3440,3440,519477,-4.444444444444445,0,1088,58080,-59168,0,0,2288,507315,9874,519477,0,1200,449235,69042,519477,0,3720230,201147555,-204867785,0,0,7883230,1760425795,34546555,1802855580,0,4163000,1559278240,239414340,1802855580
2023-03-14,3390,3435,3225,3225,625801,-6.25,31,2271,34246,-36548,0,31,2971,600721,22078,625801,0,700,566475,58626,625801,102985,7617415,110279250,-117999650,0,102985,9997415,1998737600,73271465,2082109465,0,2380000,1888458350,191271115,2082109465
2023-03-15,3250,3330,3215,3225,285950,0.0,0,0,4357,-4357,0,0,0,271098,14852,285950,0,0,266741,19209,285950,0,0,14306285,-14306285,0,0,0,883416440,48486415,931902855,0,0,869110155,62792700,931902855
2023-03-16,3190,3360,3095,3305,633197,2.4806201550387597,0,-300,-43931,44231,0,0,0,515990,117207,633197,0,300,559921,72976,633197,0,-954000,-133263455,134217455,0,0,0,1639142570,366925000,2006067570,0,954000,1772406025,232707545,2006067570
2023-03-17,3305,3365,3245,3330,417788,0.7564296520423601,-70922,598,68921,1403,0,0,598,377221,39969,417788,70922,0,308300,38566,417788,-235306405,1992835,230107160,3206410,0,0,1992835,1250461965,131031485,1383486285,235306405,0,1020354805,127825075,1383486285
2023-03-20,3300,3420,3295,3380,344197,1.5015015015015014,-82745,20712,19747,42286,0,0,20712,258670,64815,344197,82745,0,238923,22529,344197,-279583420,69669150,67296510,142617760,0,0,69669150,874257880,218892355,1162819385,279583420,0,806961370,76274595,1162819385
2023-03-21,3350,3395,3235,3280,455178,-2.9585798816568047,-142740,-1306,182333,-38287,0,0,0,433170,22008,455178,142740,1306,250837,60295,455178,-470461820,-4289770,600404715,-125653125,0,0,0,1423196155,73321070,1496517225,470461820,4289770,822791440,198974195,1496517225
2023-03-22,3285,3300,3195,3250,397914,-0.9146341463414633,-60000,9043,48573,2384,0,0,9823,354616,33475,397914,60000,780,306043,31091,397914,-194796660,29484080,158353525,6959055,0,0,32022980,1150682010,108149075,1290854065,194796660,2538900,992328485,101190020,1290854065
2023-03-23,3190,3215,3155,3155,490598,-2.923076923076923,0,-2736,26563,-23827,0,0,14,459541,31043,490598,0,2750,432978,54870,490598,0,-8654850,84408460,-75753610,0,0,44240,1457910020,98421840,1556376100,0,8699090,1373501560,174175450,1556376100
2023-03-24,3170,3205,3110,3160,332947,0.15847860538827258,-60000,0,56233,3767,0,0,0,297014,35933,332947,60000,0,240781,32166,332947,-189055680,0,178304700,10750980,0,0,0,935690820,112455660,1048146480,189055680,0,757386120,101704680,1048146480
2023-03-27,3165,3355,3115,3310,872622,4.746835443037975,-114000,0,20251,93749,0,0,5943,705604,161075,872622,114000,5943,685353,67326,872622,-368856370,-251750,61622760,307485360,0,0,19389865,2293120995,524182110,2836692970,368856370,19641615,2231498235,216696750,2836692970
2023-03-28,3315,3325,3250,3285,274116,-0.7552870090634441,0,0,19781,-19781,0,0,0,237769,36347,274116,0,0,217988,56128,274116,0,0,65531515,-65531515,0,0,0,779625665,118860740,898486405,0,0,714094150,184392255,898486405
2023-03-29,3300,3300,3190,3210,316996,-2.28310502283105,0,1000,24069,-25069,0,0,1000,305621,10375,316996,0,0,281552,35444,316996,0,3210000,77928335,-81138335,0,0,3210000,983669620,33515040,1020394660,0,0,905741285,114653375,1020394660
2023-03-30,3215,3365,3180,3285,407825,2.336448598130841,-12000,509,-83092,94583,0,0,3000,278945,125880,407825,12000,2491,362037,31297,407825,-39398035,1881320,-272956755,310473470,0,0,9880000,916025585,412474815,1338380400,39398035,7998680,1188982340,102001345,1338380400
2023-03-31,3270,3295,3215,3245,277863,-1.21765601217656,-60000,6852,119183,-66035,0,0,6852,256178,14833,277863,60000,0,136995,80868,277863,-194780380,22316045,387087145,-214622810,0,0,22316045,831731855,48283275,902331175,194780380,0,444644710,262906085,902331175
2023-04-03,3245,3270,3215,3235,318995,-0.30816640986132515,-39000,0,-5223,44223,0,0,0,255092,63903,318995,39000,0,260315,19680,318995,-126409690,0,-16366090,142775780,0,0,0,826126950,206643530,1032770480,126409690,0,842493040,63867750,1032770480
2023-04-04,3210,3400,3210,3400,685661,5.1004636785162285,-33000,0,-135664,168664,0,0,0,478799,206862,685661,33000,0,614463,38198,685661,-108581875,0,-446213565,554795440,0,0,0,1595222695,682834550,2278057245,108581875,0,2041436260,128039110,2278057245
2023-04-05,3400,3605,3375,3590,1305115,5.588235294117648,-31306,-11500,910,41896,0,0,10,1105718,199387,1305115,31306,11510,1104808,157491,1305115,-110539310,-40672470,5808905,145402875,0,0,35300,3910537705,703790175,4614363180,110539310,40707770,3904728800,558387300,4614363180
2023-04-06,3615,3750,3515,3675,2566080,2.3676880222841223,0,-27347,181991,-154644,0,0,3000,2340835,222245,2566080,0,30347,2158844,376889,2566080,0,-97656655,679237560,-581580905,0,0,11205000,8586174355,804473110,9401852465,0,108861655,7906936795,1386054015,9401852465
2023-04-07,3690,3690,3530,3560,744281,-3.1292517006802725,0,7000,72232,-79232,0,0,10000,696841,37440,744281,0,3000,624609,116672,744281,0,24975000,259555900,-284530900,0,0,35700000,2487799935,133714755,2657214690,0,10725000,2228244035,418245655,2657214690
2023-04-10,3560,3570,3400,3510,635906,-1.4044943820224718,0,0,-61138,61138,0,0,0,528208,107698,635906,0,0,589346,46560,635906,0,0,-210366640,210366640,0,0,0,1825697940,372238835,2197936775,0,0,2036064580,161872195,2197936775
2023-04-11,3450,3510,3375,3475,550652,-0.9971509971509971,0,0,-12189,12189,0,0,0,453319,97333,550652,0,0,465508,85144,550652,0,0,-40686725,40686725,0,0,0,1567257245,334992230,1902249475,0,0,1607943970,294305505,1902249475
2023-04-12,3440,3600,3430,3575,589393,2.877697841726619,0,6400,-81302,74902,0,0,6400,460217,122776,589393,0,0,541519,47874,589393,0,22061500,-287722560,265661060,0,0,22061500,1628080500,434402565,2084544565,0,0,1915803060,168741505,2084544565
2023-04-13,3650,3665,3515,3550,563177,-0.6993006993006993,0,0,4511,-4511,0,0,0,469986,93191,563177,0,0,465475,97702,563177,0,0,16047950,-16047950,0,0,0,1679485415,332663650,2012149065,0,0,1663437465,348711600,2012149065
2023-04-14,3610,3795,3600,3715,1704250,4.647887323943662,0,2283,-198207,195924,0,0,2283,1404513,297454,1704250,0,0,1602720,101530,1704250,0,8524615,-729942845,721418230,0,0,8524615,5229232470,1099791900,6337548985,0,0,5959175315,378373670,6337548985
2023-04-17,3800,3805,3560,3570,800069,-3.9030955585464335,0,22329,239955,-262284,0,0,22329,750661,27079,800069,0,0,510706,289363,800069,0,80390700,865775605,-946166305,0,0,80390700,2717825975,98844535,2897061210,0,0,1852050370,1045010840,2897061210
2023-04-18,3525,3600,3460,3505,614491,-1.8207282913165268,0,2,-50009,50007,0,0,2,520173,94316,614491,0,0,570182,44309,614491,0,7000,-174524895,174517895,0,0,7000,1824196125,330062480,2154265605,0,0,1998721020,155544585,2154265605
2023-04-19,3490,3505,3405,3420,574725,-2.4251069900142657,0,186,58972,-59158,0,0,186,546866,27673,574725,0,0,487894,86831,574725,0,637980,202839740,-203477720,0,0,637980,1880201890,95641160,1976481030,0,0,1677362150,299118880,1976481030
2023-04-20,3420,3500,3245,3255,917717,-4.824561403508771,0,3148,112420,-115568,0,0,3148,881315,33254,917717,0,0,768895,148822,917717,0,10429500,381877090,-392306590,0,0,10429500,2941084235,110662695,3062176430,0,0,2559207145,502969285,3062176430
2023-04-21,3255,3305,3230,3250,309470,-0.15360983102918588,0,0,16494,-16494,0,0,0,275345,34125,309470,0,0,258851,50619,309470,0,0,53746485,-53746485,0,0,0,897806965,111399460,1009206425,0,0,844060480,165145945,1009206425
2023-04-24,3220,3290,3205,3255,266835,0.15384615384615385,0,-1000,9134,-8134,0,0,0,239960,26875,266835,0,1000,230826,35009,266835,0,-3250000,29742630,-26492630,0,0,0,775244050,87123610,862367660,0,3250000,745501420,113616240,862367660
2023-04-25,3230,3270,3170,3195,327291,-1.8433179723502304,0,1250,9266,-10516,0,0,1250,314575,11466,327291,0,0,305309,21982,327291,0,4000000,29710340,-33710340,0,0,4000000,1010040245,36826695,1050866940,0,0,980329905,70537035,1050866940
2023-04-26,3170,3230,3155,3165,299144,-0.9389671361502347,0,-4000,-52383,56383,0,0,0,225059,74085,299144,0,4000,277442,17702,299144,0,-12770000,-167339980,180109980,0,0,0,717066180,236610845,953677025,0,12770000,884406160,56500865,953677025
2023-04-27,3160,3195,3090,3190,387751,0.7898894154818324,0,-3490,62235,-58745,0,0,0,373332,14419,387751,0,3490,311097,73164,387751,0,-10853350,195352480,-184499130,0,0,0,1166127140,45139180,1211266320,0,10853350,970774660,229638310,1211266320
2023-04-28,3190,3235,3150,3180,256351,-0.3134796238244514,0,101,33560,-33661,0,0,101,247305,8945,256351,0,0,213745,42606,256351,0,319190,107040525,-107359715,0,0,319190,788385965,28500300,817205455,0,0,681345440,135860015,817205455
2023-05-02,3200,3240,3135,3150,413329,-0.9433962264150944,0,-2092,86817,-84725,0,0,955,376476,35898,413329,0,3047,289659,120623,413329,0,-6784610,276039645,-269255035,0,0,3026390,1197323915,114038345,1314388650,0,9811000,921284270,383293380,1314388650
2023-05-03,3105,3175,3105,3115,216324,-1.1111111111111112,0,0,13861,-13861,0,0,0,191973,24351,216324,0,0,178112,38212,216324,0,0,43798230,-43798230,0,0,0,600522545,76206350,676728895,0,0,556724315,120004580,676728895
2023-05-04,3110,3255,3105,3255,376999,4.49438202247191,0,-1086,-20433,21519,0,0,2,309090,67907,376999,0,1088,329523,46388,376999,0,-3520960,-62382075,65903035,0,0,6350,989059470,214336075,1203401895,0,3527310,1051441545,148433040,1203401895
2023-05-08,3280,3290,3165,3200,533448,-1.6897081413210446,-50000,24673,106620,-81293,0,0,71368,438374,23706,533448,50000,46695,331754,104999,533448,-160144970,78601405,343789690,-262246125,0,0,228312905,1412629540,77233305,1718175750,160144970,149711500,1068839850,339479430,1718175750
2023-05-09,3155,3205,3110,3120,423853,-2.5,-50159,0,115691,-65532,0,0,0,380261,43592,423853,50159,0,264570,109124,423853,-157386235,0,362727330,-205341095,0,0,0,1192269220,137162565,1329431785,157386235,0,829541890,342503660,1329431785
2023-05-10,3120,3135,3095,3115,312009,-0.16025641025641024,-50973,10511,81868,-41406,0,0,10511,295791,5707,312009,50973,0,213923,47113,312009,-158285475,32594155,254228230,-128536910,0,0,32594155,918488790,17714985,968797930,158285475,0,664260560,146251895,968797930
2023-05-11,3105,3140,3095,3115,299585,0.0,-50138,0,71389,-21251,0,0,0,259903,39682,299585,50138,0,188514,60933,299585,-155689375,0,221462590,-65773215,0,0,0,807192350,123425400,930617750,155689375,0,585729760,189198615,930617750
2023-05-12,3090,3110,3010,3020,487392,-3.0497592295345104,-51246,3001,66737,-18492,0,0,3001,480154,4237,487392,51246,0,413417,22729,487392,-155991560,9033055,203605620,-56647115,0,0,9033055,1461252020,12905355,1483190430,155991560,0,1257646400,69552470,1483190430
2023-05-15,3005,3015,2890,2920,675016,-3.3112582781456954,-49889,-2430,112075,-59756,0,0,70,643872,31074,675016,49889,2500,531797,90830,675016,-145393965,-7207000,326070230,-173469265,0,0,203000,1881780170,91283650,1973266820,145393965,7410000,1555709940,264752915,1973266820
2023-05-16,2890,2950,2860,2870,320933,-1.7123287671232876,-16747,400,16182,165,0,0,400,305819,14714,320933,16747,0,289637,14549,320933,-48671680,1147000,47169075,355605,0,0,1147000,882490400,42682935,926320335,48671680,0,835321325,42327330,926320335
2023-05-17,2845,2965,2845,2965,205581,3.3101045296167246,0,2280,-50073,47793,0,0,4000,151210,50371,205581,0,1720,201283,2578,205581,0,6623100,-145508240,138885140,0,0,11630000,441726400,146399615,599756015,0,5006900,587234640,7514475,599756015
2023-05-18,2950,3010,2880,2915,372720,-1.6863406408094435,-50431,5400,39570,5461,0,0,5400,314598,52722,372720,50431,0,275028,47261,372720,-146707375,15852250,116658055,14197070,0,0,15852250,920760145,153307145,1089919540,146707375,0,804102090,139110075,1089919540
2023-05-19,2915,2950,2905,2940,216993,0.8576329331046313,-50332,6504,19026,24802,0,0,6504,181906,28583,216993,50332,0,162880,3781,216993,-147071610,19047010,55531565,72493035,0,0,19047010,531166880,83552355,633766245,147071610,0,475635315,11059320,633766245
2023-05-22,2910,2995,2900,2980,339177,1.3605442176870748,-51170,0,-26839,78009,0,0,0,241829,97348,339177,51170,0,268668,19339,339177,-150760570,0,-79624525,230385095,0,0,0,712854610,287451805,1000306415,150760570,0,792479135,57066710,1000306415
2023-05-23,2980,3030,2935,3020,471710,1.342281879194631,-70913,1420,16130,53363,0,0,1420,381100,89190,471710,70913,0,364970,35827,471710,-211419285,4221600,47347440,159850245,0,0,4221600,1137947965,266957905,1409127470,211419285,0,1090600525,107107660,1409127470
2023-05-24,3010,3055,2965,3000,400929,-0.6622516556291391,-71120,0,78429,-7309,0,0,0,323094,77835,400929,71120,0,244665,85144,400929,-211400360,0,232877225,-21476865,0,0,0,966037765,233434750,1199472515,211400360,0,733160540,254911615,1199472515
2023-05-25,2995,3010,2885,2900,366682,-3.3333333333333335,-70452,5228,128493,-63269,0,0,5228,354705,6749,366682,70452,0,226212,70018,366682,-205324290,15286795,374260180,-184222685,0,0,15286795,1035848155,19933965,1071068915,205324290,0,661587975,204156650,1071068915
2023-05-26,2950,3020,2895,2940,459485,1.3793103448275863,-70135,11482,43767,14886,0,0,11482,394368,53635,459485,70135,0,350601,38749,459485,-206754045,33915615,127844930,44993500,0,0,33915615,1164720215,159548095,1358183925,206754045,0,1036875285,114554595,1358183925
2023-05-30,2910,2980,2885,2970,337387,1.0204081632653061,-50000,-3559,38768,14791,0,0,6441,283795,47151,337387,50000,10000,245027,32360,337387,-146063050,-10471100,112990490,43543660,0,0,18728900,831583575,138313290,988625765,146063050,29200000,718593085,94769630,988625765
2023-05-31,2950,2995,2930,2980,242601,0.33670033670033667,0,0,-10286,10286,0,0,0,218899,23702,242601,0,0,229185,13416,242601,0,0,-30791280,30791280,0,0,0,649903855,70546770,720450625,0,0,680695135,39755490,720450625
2023-06-01,2990,3140,2970,3110,793471,4.3624161073825505,0,300,-100179,99879,0,0,300,656478,136693,793471,0,0,756657,36814,793471,0,933000,-306397185,305464185,0,0,933000,2026285535,418899600,2446118135,0,0,2332682720,113435415,2446118135
2023-06-02,3120,3125,3050,3065,337662,-1.4469453376205788,0,3000,75309,-78309,0,0,3000,326974,7688,337662,0,0,251665,85997,337662,0,9245000,231506920,-240751920,0,0,9245000,1005196700,23707300,1038149000,0,0,773689780,264459220,1038149000
2023-06-05,3065,3090,3000,3015,236224,-1.631321370309951,0,2235,31579,-33814,0,0,2235,221632,12357,236224,0,0,190053,46171,236224,0,6738525,95163090,-101901615,0,0,6738525,668438215,37319075,712495815,0,0,573275125,139220690,712495815
2023-06-07,3065,3065,2975,2980,236301,-1.1608623548922055,0,0,77169,-77169,0,0,0,233950,2351,236301,0,0,156781,79520,236301,0,0,231868350,-231868350,0,0,0,702192225,7093930,709286155,0,0,470323875,238962280,709286155
2023-06-08,2980,3060,2930,3005,411473,0.8389261744966443,0,2000,38713,-40713,0,0,2000,381466,28007,411473,0,0,342753,68720,411473,0,6000000,115950305,-121950305,0,0,6000000,1140202440,83655455,1229857895,0,0,1024252135,205605760,1229857895
2023-06-09,2980,3050,2970,3005,224855,0.0,0,0,4868,-4868,0,0,0,198293,26562,224855,0,0,193425,31430,224855,0,0,14566100,-14566100,0,0,0,595230745,79674180,674904925,0,0,580664645,94240280,674904925
2023-06-12,3050,3050,2930,2990,210217,-0.49916805324459235,0,0,36153,-36153,0,0,0,204708,5509,210217,0,0,168555,41662,210217,0,0,108572150,-108572150,0,0,0,610909360,16432875,627342235,0,0,502337210,125005025,627342235
2023-06-13,2965,3005,2955,2975,161576,-0.5016722408026756,0,0,20742,-20742,0,0,0,153397,8179,161576,0,0,132655,28921,161576,0,0,61873445,-61873445,0,0,0,457237325,24399120,481636445,0,0,395363880,86272565,481636445
2023-06-14,2975,2985,2845,2900,469953,-2.5210084033613445,0,8109,21091,-29200,0,0,8109,444723,17121,469953,0,0,423632,46321,469953,0,23506780,62137805,-85644585,0,0,23506780,1290454305,49301220,1363262305,0,0,1228316500,134945805,1363262305
2023-06-15,2880,2905,2600,2640,838399,-8.96551724137931,0,-986,324327,-323341,0,0,1512,805858,31029,838399,0,2498,481531,354370,838399,0,-2580020,889397225,-886817205,0,0,4014700,2207932585,83892980,2295840265,0,6594720,1318535360,970710185,2295840265
2023-06-16,2620,2715,2370,2370,2807839,-10.227272727272728,0,-1450,53040,-51590,0,0,1050,2136621,670168,2807839,0,2500,2083581,721758,2807839,0,-3852750,189051465,-185198715,0,0,2522250,5302508615,1608798980,6913829845,0,6375000,5113457150,1793997695,6913829845
2023-06-19,2365,2440,2360,2405,629666,1.4767932489451476,0,0,54009,-54009,0,0,0,570096,59570,629666,0,0,516087,113579,629666,0,0,130699150,-130699150,0,0,0,1366807560,142480625,1509288185,0,0,1236108410,273179775,1509288185
2023-06-20,2375,2400,2285,2300,767741,-4.365904365904366,0,-9330,55990,-46660,0,0,820,699874,67047,767741,0,10150,643884,113707,767741,0,-21669235,129701750,-108032515,0,0,1892350,1619375385,155303555,1776571290,0,23561585,1489673635,263336070,1776571290
2023-06-21,2275,2310,2220,2240,610716,-2.608695652173913,0,1200,10517,-11717,0,0,1200,481586,127930,610716,0,0,471069,139647,610716,0,2690000,24625320,-27315320,0,0,2690000,1087744980,288935490,1379370470,0,0,1063119660,316250810,1379370470
2023-06-22,2220,2255,2170,2185,589101,-2.455357142857143,0,100,231160,-231260,0,0,100,517959,71042,589101,0,0,286799,302302,589101,0,219500,517213495,-517432995,0,0,219500,1151450275,158047735,1309717510,0,0,634236780,675480730,1309717510
2023-06-23,2185,2235,2125,2125,658985,-2.745995423340961,-18000,0,56464,-38464,0,0,0,497162,161823,658985,18000,0,440698,200287,658985,-38945370,0,121392670,-82447300,0,0,0,1070597850,347704250,1418302100,38945370,0,949205180,430151550,1418302100
2023-06-26,2145,2225,2080,2225,618888,4.705882352941177,0,500,32856,-33356,0,0,500,378540,239848,618888,0,0,345684,273204,618888,0,1100000,75767700,-76867700,0,0,1100000,827273645,519677280,1348050925,0,0,751505945,596544980,1348050925
2023-06-27,2240,2240,2160,2180,371149,-2.0224719101123596,0,0,164810,-164810,0,0,0,354822,16327,371149,0,0,190012,181137,371149,0,0,359957200,-359957200,0,0,0,775722015,35733780,811455795,0,0,415764815,395690980,811455795
2023-06-28,2210,2405,2185,2245,1550506,2.981651376146789,0,0,185871,-185871,0,0,0,1165323,385183,1550506,0,0,979452,571054,1550506,0,0,429396080,-429396080,0,0,0,2690046355,881028390,3571074745,0,0,2260650275,1310424470,3571074745
2023-06-29,2260,2555,2215,2430,1830089,8.240534521158128,0,0,120090,-120090,0,0,0,1488843,341246,1830089,0,0,1368753,461336,1830089,0,0,298063720,-298063720,0,0,0,3607773770,823960880,4431734650,0,0,3309710050,1122024600,4431734650
2023-06-30,2375,2390,2300,2330,599305,-4.11522633744856,0,0,157546,-157546,0,0,0,558381,40924,599305,0,0,400835,198470,599305,0,0,367400025,-367400025,0,0,0,1301356900,95672100,1397029000,0,0,933956875,463072125,1397029000
2023-07-03,2335,2400,2275,2310,441967,-0.8583690987124464,0,0,110835,-110835,0,0,0,407426,34541,441967,0,0,296591,145376,441967,0,0,258271585,-258271585,0,0,0,946870405,80509915,1027380320,0,0,688598820,338781500,1027380320
2023-07-04,2285,2285,2235,2260,301275,-2.1645021645021645,0,0,-3692,3692,0,0,0,266880,34395,301275,0,0,270572,30703,301275,0,0,-8006405,8006405,0,0,0,601586680,77510705,679097385,0,0,609593085,69504300,679097385
2023-07-05,2265,2295,2230,2255,305300,-0.22123893805309736,0,0,-52292,52292,0,0,0,245851,59449,305300,0,0,298143,7157,305300,0,0,-117896330,117896330,0,0,0,553530125,134017965,687548090,0,0,671426455,16121635,687548090
2023-07-06,2240,2260,2155,2175,294456,-3.5476718403547673,0,-970,81266,-80296,0,0,2000,283952,8504,294456,0,2970,202686,88800,294456,0,-2114875,179039925,-176925050,0,0,4420000,623805780,18708990,646934770,0,6534875,444765855,195634040,646934770
2023-07-07,2145,2220,2130,2210,263597,1.6091954022988506,0,300,-17664,17364,0,0,300,225692,37605,263597,0,0,243356,20241,263597,0,645500,-38323835,37678335,0,0,645500,488999470,81609430,571254400,0,0,527323305,43931095,571254400
2023-07-10,2185,2205,2075,2075,619972,-6.108597285067873,-1,5500,146475,-151974,0,0,5500,570539,43933,619972,1,0,424064,195907,619972,-2100,11454000,308452745,-319904645,0,0,11454000,1197836680,92459450,1301750130,2100,0,889383935,412364095,1301750130
2023-07-11,2055,2145,2055,2145,399454,3.3734939759036147,0,7000,-70126,63126,0,0,7000,289817,102637,399454,0,0,359943,39511,399454,0,14610000,-146844510,132234510,0,0,14610000,606464890,214719850,835794740,0,0,753309400,82485340,835794740
2023-07-12,2115,2145,2085,2135,295582,-0.4662004662004662,0,300,-21660,21360,0,0,300,251473,43809,295582,0,0,273133,22449,295582,0,640500,-45923970,45283470,0,0,640500,520076240,92632355,613349095,0,0,566000210,47348885,613349095
2023-07-13,1813,2030,1795,1985,2964175,-7.02576112412178,0,1401,-55032,53631,0,0,1501,2572588,390086,2964175,0,100,2627620,336455,2964175,0,2572412,-112375677,109803265,0,0,2752912,4876952526,740997606,5620703044,0,180500,4989328203,631194341,5620703044
2023-07-14,1988,2090,1988,2090,778120,5.289672544080604,0,24135,-151871,127736,0,0,24136,566812,187172,778120,0,1,718683,59436,778120,0,48919220,-307644803,258725583,0,0,48921280,1157392072,380681302,1586994654,0,2060,1465036875,121955719,1586994654
2023-07-17,2075,2090,1999,2045,408856,-2.15311004784689,0,1309,-58099,56790,0,0,1309,300607,106940,408856,0,0,358706,50150,408856,0,2650725,-116053112,113402387,0,0,2650725,608844099,215389290,826884114,0,0,724897211,101986903,826884114
2023-07-18,2025,2050,1983,1998,309606,-2.2982885085574574,0,-2000,53605,-51605,0,0,0,290546,19060,309606,0,2000,236941,70665,309606,0,-3970104,106777360,-102807256,0,0,0,580473274,38277475,618750749,0,3970104,473695914,141084731,618750749
2023-07-19,1996,2175,1950,2140,1226720,7.107107107107106,0,300,-179568,179268,0,0,300,897668,328752,1226720,0,0,1077236,149484,1226720,0,625500,-373680310,373054810,0,0,625500,1875416549,682890827,2558932876,0,0,2249096859,309836017,2558932876
2023-07-20,2120,2170,2110,2160,294874,0.9345794392523363,0,10000,46568,-56568,0,0,10000,252876,31998,294874,0,0,206308,88566,294874,0,21450000,99793475,-121243475,0,0,21450000,541322405,68417710,631190115,0,0,441528930,189661185,631190115
2023-07-21,2155,2295,2110,2185,764297,1.1574074074074074,0,0,-87887,87887,0,0,0,588315,175982,764297,0,0,676202,88095,764297,0,0,-197308025,197308025,0,0,0,1311301910,392400235,1703702145,0,0,1508609935,195092210,1703702145
2023-07-24,2175,2185,2005,2025,668473,-7.322654462242563,0,1368,11685,-13053,0,0,1368,557825,109280,668473,0,0,546140,122333,668473,0,2839680,24684135,-27523815,0,0,2839680,1148311070,225109060,1376259810,0,0,1123626935,252632875,1376259810
2023-07-25,2060,2060,1961,1961,523888,-3.160493827160494,0,2500,20010,-22510,0,0,2500,459322,62066,523888,0,0,439312,84576,523888,0,4950600,39566601,-44517201,0,0,4950600,908301672,123234174,1036486446,0,0,868735071,167751375,1036486446
2023-07-26,1953,1961,1859,1883,592219,-3.977562468128506,0,810,-32756,31946,0,0,810,436388,155021,592219,0,0,469144,123075,592219,0,1517126,-61704845,60187719,0,0,1517126,823736589,292361275,1117614990,0,0,885441434,232173556,1117614990
2023-07-27,1830,2025,1830,1999,443443,6.160382368560807,0,5353,-58085,52732,0,0,5353,312228,125862,443443,0,0,370313,73130,443443,0,10656164,-113469025,102812861,0,0,10656164,618050823,247601519,876308506,0,0,731519848,144788658,876308506
2023-07-28,1999,2030,1945,2015,270021,0.80040020010005,0,0,-44740,44740,0,0,0,189250,80771,270021,0,0,233990,36031,270021,0,0,-90011018,90011018,0,0,0,379014734,161942255,540956989,0,0,469025752,71931237,540956989
2023-07-31,2025,2025,1987,2020,189926,0.24813895781637718,0,-199,-35767,35966,0,0,0,131012,58914,189926,0,199,166779,22948,189926,0,-397008,-71698272,72095280,0,0,0,262268421,118033010,380301431,0,397008,333966693,45937730,380301431
2023-08-01,2010,2095,2010,2080,354799,2.9702970297029703,0,-1900,-78584,80484,0,0,100,251624,103075,354799,0,2000,330208,22591,354799,0,-3956000,-161913515,165869515,0,0,209000,521090575,212661155,733960730,0,4165000,683004090,46791640,733960730
2023-08-02,2080,2085,1997,2035,283335,-2.1634615384615383,0,1000,52814,-53814,0,0,1000,256731,25604,283335,0,0,203917,79418,283335,0,2020000,106595382,-108615382,0,0,2020000,518497504,51965265,572482769,0,0,411902122,160580647,572482769
2023-08-03,2030,2175,1995,2140,612815,5.159705159705159,0,714,-68809,68095,0,0,714,466478,145623,612815,0,0,535287,77528,612815,0,1527825,-135107056,133579231,0,0,1527825,980811084,296607390,1278946299,0,0,1115918140,163028159,1278946299
2023-08-04,2100,2155,2020,2060,371634,-3.7383177570093453,0,1000,123424,-124424,0,0,1000,347217,23417,371634,0,0,223793,147841,371634,0,2090000,254026255,-256116255,0,0,2090000,714423160,48726260,765239420,0,0,460396905,304842515,765239420
2023-08-07,2035,2105,2005,2065,307663,0.24271844660194172,0,-1000,30866,-29866,0,0,100,244420,63143,307663,0,1100,213554,93009,307663,0,-2041000,62308120,-60267120,0,0,208000,500660105,129914465,630782570,0,2249000,438351985,190181585,630782570
2023-08-08,2045,2060,1984,1986,387407,-3.8256658595641646,-8624,684,139391,-131451,0,0,684,368433,18290,387407,8624,0,229042,149741,387407,-17283275,1363716,278154376,-262234817,0,0,1363716,736167158,36632518,774163392,17283275,0,458012782,298867335,774163392
2023-08-09,1986,2360,1982,2280,4171904,14.803625377643503,0,2774,-159158,156384,0,0,8228,3522246,641430,4171904,0,5454,3681404,485046,4171904,0,6084475,-306104072,300019597,0,0,18513470,7899145085,1397353132,9315011687,0,12428995,8205249157,1097333535,9315011687
2023-08-10,2240,2360,2215,2260,1023547,-0.8771929824561403,0,7026,22827,-29853,0,0,10000,826614,186933,1023547,0,2974,803787,216786,1023547,0,16367980,58523100,-74891080,0,0,23000000,1885185880,424019430,2332205310,0,6632020,1826662780,498910510,2332205310
2023-08-11,2240,2285,2180,2245,393973,-0.6637168141592921,0,0,-96548,96548,0,0,0,280168,113805,393973,0,0,376716,17257,393973,0,0,-215663905,215663905,0,0,0,625647370,254408865,880056235,0,0,841311275,38744960,880056235
2023-08-14,2235,2275,2180,2215,427612,-1.3363028953229399,0,0,77827,-77827,0,0,0,391295,36317,427612,0,0,313468,114144,427612,0,0,172174040,-172174040,0,0,0,866170950,80747980,946918930,0,0,693996910,252922020,946918930
2023-08-16,2135,2195,2095,2120,506083,-4.288939051918736,0,3100,-51242,48142,0,0,3100,367807,135176,506083,0,0,419049,87034,506083,0,6542000,-107622330,101080330,0,0,6542000,780820315,285867735,1073230050,0,0,888442645,184787405,1073230050
2023-08-17,2100,2120,2030,2075,343558,-2.1226415094339623,0,100,-3836,3736,0,0,100,288432,55026,343558,0,0,292268,51290,343558,0,206225,-7486895,7280670,0,0,206225,593248830,113305165,706760220,0,0,600735725,106024495,706760220
2023-08-18,2035,2060,1996,2030,293124,-2.1686746987951806,0,-400,45484,-45084,0,0,0,272799,20325,293124,0,400,227315,65409,293124,0,-804000,91821296,-91017296,0,0,0,548776292,40884409,589660701,0,804000,456954996,131901705,589660701
2023-08-21,2010,2065,2000,2035,246068,0.24630541871921183,0,0,-27313,27313,0,0,0,197306,48762,246068,0,0,224619,21449,246068,0,0,-55895290,55895290,0,0,0,401064360,99340825,500405185,0,0,456959650,43445535,500405185
2023-08-22,2025,2055,2010,2045,177998,0.4914004914004914,0,1,12660,-12661,0,0,1,156346,21651,177998,0,0,143686,34312,177998,0,2020,25343935,-25345955,0,0,2020,316505350,44023420,360530790,0,0,291161415,69369375,360530790
2023-08-23,2040,2105,2030,2060,422198,0.7334963325183375,0,1000,39566,-40566,0,0,1000,370486,50712,422198,0,0,330920,91278,422198,0,2060000,82620470,-84680470,0,0,2060000,767320965,104851740,874232705,0,0,684700495,189532210,874232705
2023-08-24,2060,2085,2010,2035,362332,-1.2135922330097086,0,-12052,52428,-40376,0,0,0,340624,21708,362332,0,12052,288196,62084,362332,0,-24352410,107011650,-82659240,0,0,0,693129980,43986725,737116705,0,24352410,586118330,126645965,737116705
2023-08-25,2030,2050,1980,1980,282369,-2.7027027027027026,0,0,-30207,30207,0,0,0,231448,50921,282369,0,0,261655,20714,282369,0,0,-61037085,61037085,0,0,0,464476036,102973635,567449671,0,0,525513121,41936550,567449671
2023-08-28,1982,2015,1966,1980,254530,0.0,0,-1900,77266,-75366,0,0,0,246862,7668,254530,0,1900,169596,83034,254530,0,-3777434,153198330,-149420896,0,0,0,489380642,15249834,504630476,0,3777434,336182312,164670730,504630476
2023-08-29,1968,1997,1941,1972,506276,-0.40404040404040403,0,-2900,77879,-74979,0,0,0,472231,34045,506276,0,2900,394352,109024,506276,0,-5718495,152448545,-146730050,0,0,0,927568580,67438558,995007138,0,5718495,775120035,214168608,995007138
2023-08-30,1974,1997,1959,1990,265555,0.9127789046653144,-2500,0,-37692,40192,0,0,0,204620,60935,265555,2500,0,242312,20743,265555,-4937913,0,-75034688,79972601,0,0,0,404616839,120837191,525454030,4937913,0,479651527,40864590,525454030
2023-08-31,1992,2105,1966,1970,600214,-1.0050251256281406,0,-1000,71683,-70683,0,0,0,487568,112646,600214,0,1000,415885,183329,600214,0,-2090000,141420847,-139330847,0,0,0,986987169,228018847,1215006016,0,2090000,845566322,367349694,1215006016
2023-09-01,1986,1986,1891,1891,546578,-4.010152284263959,0,0,173039,-173039,0,0,0,546307,271,546578,0,0,373268,173310,546578,0,0,333370356,-333370356,0,0,0,1046655996,519580,1047175576,0,0,713285640,333889936,1047175576
2023-09-04,1892,1927,1861,1868,280091,-1.2162876784769965,0,-10700,75362,-64662,0,0,0,258493,21598,280091,0,10700,183131,86260,280091,0,-20265855,142232944,-121967089,0,0,0,486935273,40992262,527927535,0,20265855,344702329,162959351,527927535
2023-09-05,1868,1889,1844,1887,205242,1.0171306209850108,0,0,7061,-7061,0,0,0,185035,20207,205242,0,0,177974,27268,205242,0,0,13321073,-13321073,0,0,0,344443903,37543233,381987136,0,0,331122830,50864306,381987136
2023-09-06,1887,1890,1841,1854,400807,-1.7488076311605723,-5000,100,134029,-129129,0,0,100,373987,26720,400807,5000,0,239958,155849,400807,-9236613,185300,248416251,-239364938,0,0,185300,692294331,49596782,742076413,9236613,0,443878080,288961720,742076413
2023-09-07,1850,1865,1800,1838,267301,-0.8629989212513484,0,5000,29786,-34786,0,0,5000,238102,24199,267301,0,0,208316,58985,267301,0,9050000,54915999,-63965999,0,0,9050000,435631343,44528493,489209836,0,0,380715344,108494492,489209836
2023-09-08,1834,1872,1834,1863,217794,1.3601741022850924,0,0,-9048,9048,0,0,0,132490,85304,217794,0,0,141538,76256,217794,0,0,-16566801,16566801,0,0,0,245963919,158285140,404249059,0,0,262530720,141718339,404249059
2023-09-11,1865,1884,1835,1876,228276,0.6977992485238862,0,0,11302,-11302,0,0,0,165224,63052,228276,0,0,153922,74354,228276,0,0,21248951,-21248951,0,0,0,307600237,117659491,425259728,0,0,286351286,138908442,425259728
2023-09-12,1876,1922,1855,1870,331809,-0.31982942430703626,0,0,-33994,33994,0,0,0,224040,107769,331809,0,0,258034,73775,331809,0,0,-64725800,64725800,0,0,0,424179176,204577370,628756546,0,0,488904976,139851570,628756546
2023-09-13,1870,1981,1808,1868,640371,-0.10695187165775401,0,0,127034,-127034,0,0,0,567665,72706,640371,0,0,440631,199740,640371,0,0,239602391,-239602391,0,0,0,1069558744,139364449,1208923193,0,0,829956353,378966840,1208923193
2023-09-14,1888,1890,1810,1844,295958,-1.284796573875803,0,190,12750,-12940,0,0,190,261907,33861,295958,0,0,249157,46801,295958,0,350250,23947277,-24297527,0,0,350250,486093958,62803414,549247622,0,0,462146681,87100941,549247622
2023-09-15,1838,1848,1817,1839,234674,-0.27114967462039047,0,1797,19389,-21186,0,0,1797,219011,13866,234674,0,0,199622,35052,234674,0,3278495,35559028,-38837523,0,0,3278495,401140505,25437695,429856695,0,0,365581477,64275218,429856695
2023-09-18,1839,1839,1808,1815,204760,-1.3050570962479608,0,0,9886,-9886,0,0,0,190042,14718,204760,0,0,180156,24604,204760,0,0,17991298,-17991298,0,0,0,345215338,26828603,372043941,0,0,327224040,44819901,372043941
2023-09-19,1813,1815,1793,1799,241704,-0.8815426997245178,0,100,2526,-2626,0,0,100,209099,32505,241704,0,0,206573,35131,241704,0,179500,4600379,-4779879,0,0,179500,376313931,58462359,434955790,0,0,371713552,63242238,434955790
2023-09-20,1799,1810,1769,1769,243338,-1.6675931072818233,0,100,11845,-11945,0,0,100,228410,14828,243338,0,0,216565,26773,243338,0,177400,21210698,-21388098,0,0,177400,407029071,26419554,433626025,0,0,385818373,47807652,433626025
2023-09-21,1765,1769,1670,1676,451639,-5.2572074618428495,0,-381,7963,-7582,0,0,19,426222,25398,451639,0,400,418259,32980,451639,0,-635497,14059986,-13424489,0,0,32608,725432605,43160654,768625867,0,668105,711372619,56585143,768625867
2023-09-22,1650,1675,1591,1628,548779,-2.863961813842482,0,100,-109210,109110,0,0,100,395319,153360,548779,0,0,504529,44250,548779,0,163900,-179229071,179065171,0,0,163900,643355978,251621113,895140991,0,0,822585049,72555942,895140991
2023-09-25,1647,1647,1580,1591,311242,-2.272727272727273,0,0,-108685,108685,0,0,0,184679,126563,311242,0,0,293364,17878,311242,0,0,-175164086,175164086,0,0,0,296512499,204085487,500597986,0,0,471676585,28921401,500597986
2023-09-26,1601,1630,1565,1571,206491,-1.257071024512885,0,0,39455,-39455,0,0,0,182669,23822,206491,0,0,143214,63277,206491,0,0,62685461,-62685461,0,0,0,289898314,37885342,327783656,0,0,227212853,100570803,327783656
2023-09-27,1558,1658,1555,1650,345272,5.028644175684278,0,0,-83669,83669,0,0,0,211259,134013,345272,0,0,294928,50344,345272,0,0,-134947908,134947908,0,0,0,344268764,216719616,560988380,0,0,479216672,81771708,560988380
2023-10-04,1660,1682,1578,1583,292622,-4.0606060606060606,0,0,82628,-82628,0,0,0,261081,31541,292622,0,0,178453,114169,292622,0,0,132002561,-132002561,0,0,0,416490249,50315170,466805419,0,0,284487688,182317731,466805419
2023-10-05,1584,1620,1575,1599,171762,1.010739102969046,0,0,-15211,15211,0,0,0,118492,53270,171762,0,0,133703,38059,171762,0,0,-24657636,24657636,0,0,0,188870836,85257596,274128432,0,0,213528472,60599960,274128432
2023-10-06,1565,1653,1565,1629,125512,1.876172607879925,0,0,-48159,48159,0,0,0,66291,59221,125512,0,0,114450,11062,125512,0,0,-78359376,78359376,0,0,0,107826588,96423085,204249673,0,0,186185964,18063709,204249673
2023-10-10,1620,1657,1580,1581,168698,-2.9465930018416207,0,0,8466,-8466,0,0,0,138664,30034,168698,0,0,130198,38500,168698,0,0,13898737,-13898737,0,0,0,223953111,48490615,272443726,0,0,210054374,62389352,272443726
2023-10-11,1573,1630,1573,1616,119795,2.213788741302973,0,500,-42161,41661,0,0,500,73843,45452,119795,0,0,116004,3791,119795,0,813993,-68174709,67360716,0,0,813993,118983610,73486501,193284104,0,0,187158319,6125785,193284104
2023-10-12,1630,1657,1608,1642,112301,1.608910891089109,0,0,-23195,23195,0,0,0,76079,36222,112301,0,0,99274,13027,112301,0,0,-38175196,38175196,0,0,0,124740239,59551333,184291572,0,0,162915435,21376137,184291572
2023-10-13,1655,1655,1596,1598,128513,-2.679658952496955,0,0,47564,-47564,0,0,0,113934,14579,128513,0,0,66370,62143,128513,0,0,77155412,-77155412,0,0,0,183856325,23482098,207338423,0,0,106700913,100637510,207338423
2023-10-16,1600,1600,1552,1570,155298,-1.7521902377972465,0,0,19982,-19982,0,0,0,139969,15329,155298,0,0,119987,35311,155298,0,0,31560617,-31560617,0,0,0,219961189,24077515,244038704,0,0,188400572,55638132,244038704
2023-10-17,1580,1605,1570,1574,114751,0.25477707006369427,0,-60,-27384,27444,0,0,0,81793,32958,114751,0,60,109177,5514,114751,0,-95400,-43523641,43619041,0,0,0,129584034,52358714,181942748,0,95400,173107675,8739673,181942748
2023-10-18,1595,1595,1552,1553,122565,-1.3341804320203303,0,0,51759,-51759,0,0,0,111304,11261,122565,0,0,59545,63020,122565,0,0,81128760,-81128760,0,0,0,174083667,17597059,191680726,0,0,92954907,98725819,191680726
2023-10-19,1550,1576,1483,1491,266183,-3.992273019961365,0,300,30850,-31150,0,0,300,253571,12312,266183,0,0,222721,43462,266183,0,448300,46927719,-47376019,0,0,448300,382673219,18565908,401687427,0,0,335745500,65941927,401687427
2023-10-20,1490,1520,1435,1446,277134,-3.0181086519114686,0,323,6194,-6517,0,0,323,249343,27468,277134,0,0,243149,33985,277134,0,466953,8912461,-9379414,0,0,466953,361534120,39901833,401902906,0,0,352621659,49281247,401902906
2023-10-23,1450,1497,1305,1339,1277750,-7.39972337482711,-641667,377,397368,243922,0,0,400,959295,318055,1277750,641667,23,561927,74133,1277750,-878807431,495322,542799045,335513064,0,0,528400,1305213330,437745914,1743487644,878807431,33078,762414285,102232850,1743487644
2023-10-24,1350,1428,1312,1425,372487,6.422703510082151,0,31,-194669,194638,0,0,41,151529,220917,372487,0,10,346198,26279,372487,0,42787,-266681101,266638314,0,0,56001,207506842,302048057,509610900,0,13214,474187943,35409743,509610900
2023-10-25,1425,1449,1403,1414,130719,-0.7719298245614036,0,-15,-3065,3080,0,0,0,85967,44752,130719,0,15,89032,41672,130719,0,-21300,-4169371,4190671,0,0,0,122020829,63458928,185479757,0,21300,126190200,59268257,185479757
2023-10-26,1390,1390,1317,1377,296246,-2.6166902404526167,-67428,-16,70152,-2708,0,0,0,195210,101036,296246,67428,16,125058,103744,296246,-89485856,-21728,92826593,-3319009,0,0,0,261618214,135891486,397509700,89485856,21728,168791621,139210495,397509700
2023-10-27,1368,1399,1265,1279,763398,-7.116920842411038,-430000,400,216466,213134,0,0,400,492906,270092,763398,430000,0,276440,56958,763398,-558370568,542800,281050190,276777578,0,0,542800,642239260,352632749,995414809,558370568,0,361189070,75855171,995414809
2023-10-30,1270,1346,1270,1323,487299,3.440187646598905,-200000,0,-124945,324945,0,0,90,137259,349950,487299,200000,90,262204,25005,487299,-261156162,1259,-166545870,427700773,0,0,119278,179626915,460493577,640239770,261156162,118019,346172785,32792804,640239770
2023-10-31,1335,1340,1180,1208,1115456,-8.692365835222978,-616000,0,487928,128072,0,0,20000,845445,250011,1115456,616000,20000,357517,121939,1115456,-744207756,-250000,594330713,150127043,0,0,23800000,1029280851,301597508,1354678359,744207756,24050000,434950138,151470465,1354678359
2023-11-01,1215,1277,1210,1265,458426,4.718543046357616,0,118,-199136,199018,0,0,130,225417,232879,458426,0,12,424553,33861,458426,0,148507,-249935467,249786960,0,0,163499,283976174,292587811,576727484,0,14992,533911641,42800851,576727484
2023-11-02,1280,1332,1279,1327,295033,4.901185770750988,0,963,-72221,71258,0,0,1000,157841,136192,295033,0,37,230062,64934,295033,0,1277085,-94751928,93474843,0,0,1325000,206351417,178296672,385973089,0,47915,301103345,84821829,385973089
2023-11-03,1321,1388,1307,1381,308601,4.069329314242653,0,-81,-32414,32495,0,0,0,198064,110537,308601,0,81,230478,78042,308601,0,-106841,-45345148,45451989,0,0,0,268699886,150465952,419165838,0,106841,314045034,105013963,419165838
2023-11-06,1391,1470,1385,1442,349898,4.417089065894279,0,25,-20205,20180,0,0,25,252758,97115,349898,0,0,272963,76935,349898,0,35816,-28400917,28365101,0,0,35816,362627158,139091814,501754788,0,0,391028075,110726713,501754788
2023-11-07,1438,1450,1369,1424,495873,-1.248266296809986,-200000,-1167,73599,127568,0,0,358,294834,200681,495873,200000,1525,221235,73113,495873,-278205031,-1636572,102728069,177113534,0,0,498694,411250192,279872860,691621746,278205031,2135266,308522123,102759326,691621746
2023-11-08,1425,1520,1401,1422,893337,-0.1404494382022472,-300000,0,222718,77282,0,0,0,574631,318706,893337,300000,0,351913,241424,893337,-426819771,0,319863727,106956044,0,0,0,833417851,455253720,1288671571,426819771,0,513554124,348297676,1288671571
2023-11-09,1414,1447,1400,1425,136505,0.21097046413502107,0,9651,2975,-12626,0,0,9651,105643,21211,136505,0,0,102668,33837,136505,0,13766260,4249916,-18016176,0,0,13766260,149647154,30087618,193501032,0,0,145397238,48103794,193501032
2023-11-10,1429,1440,1381,1425,266267,0.0,-92338,0,110465,-18127,0,0,0,213076,53191,266267,92338,0,102611,71318,266267,-129764076,0,154907991,-25143915,0,0,0,299725584,75203720,374929304,129764076,0,144817593,100347635,374929304
2023-11-13,1425,1450,1407,1420,216819,-0.3508771929824561,0,0,41474,-41474,0,0,0,182201,34618,216819,0,0,140727,76092,216819,0,0,59093207,-59093207,0,0,0,259961199,49566134,309527333,0,0,200867992,108659341,309527333
2023-11-14,1420,1461,1420,1459,180334,2.746478873239437,0,0,-41871,41871,0,0,0,101204,79130,180334,0,0,143075,37259,180334,0,0,-60742932,60742932,0,0,0,146528943,114640799,261169742,0,0,207271875,53897867,261169742
2023-11-15,1548,1650,1493,1517,2666129,3.9753255654557917,-496450,0,525205,-28755,0,0,1000,2267738,397391,2666129,496450,1000,1742533,426146,2666129,-758920322,59344,808694853,-49833875,0,0,1619000,3545186524,618485545,4165291069,758920322,1559656,2736491671,668319420,4165291069
2023-11-16,1523,1523,1471,1493,336131,-1.5820698747528017,0,0,31363,-31363,0,0,15,294911,41205,336131,0,15,263548,72568,336131,0,-54,46409750,-46409696,0,0,22155,437688134,61291350,499001639,0,22209,391278384,107701046,499001639
2023-11-17,1490,1672,1445,1540,2591894,3.148024112525117,-314925,0,348635,-33710,0,0,0,2174235,417659,2591894,314925,0,1825600,451369,2591894,-485675795,0,550955898,-65280103,0,0,0,3442959846,655514873,4098474719,485675795,0,2892003948,720794976,4098474719
2023-11-20,1536,1634,1470,1572,1166754,2.0779220779220777,0,2295,118897,-121192,0,0,2392,1013875,150487,1166754,0,97,894978,271679,1166754,0,3610474,183224446,-186834920,0,0,3762149,1586479396,235871889,1826113434,0,151675,1403254950,422706809,1826113434
2023-11-21,1573,1580,1529,1568,442830,-0.2544529262086514,0,1800,63747,-65547,0,0,1916,378567,62347,442830,0,116,314820,127894,442830,0,2760367,98670882,-101431249,0,0,2940907,585217923,96369584,684528414,0,180540,486547041,197800833,684528414
2023-11-22,1551,1552,1507,1513,289705,-3.5076530612244894,0,-204,104654,-104450,0,0,0,279279,10426,289705,0,204,174625,114876,289705,0,-310845,159498872,-159188027,0,0,0,424455232,15809095,440264327,0,310845,264956360,174997122,440264327
2023-11-23,1517,1585,1501,1555,423508,2.775941837409121,-43340,0,4063,39277,0,0,0,327667,95841,423508,43340,0,323604,56564,423508,-66809752,0,6094358,60715394,0,0,0,507334778,148119859,655454637,66809752,0,501240420,87404465,655454637
2023-11-24,1570,1570,1528,1547,184133,-0.5144694533762058,0,0,60163,-60163,0,0,0,173161,10972,184133,0,0,112998,71135,184133,0,0,92823548,-92823548,0,0,0,267048502,16907014,283955516,0,0,174224954,109730562,283955516
2023-11-27,1546,1546,1509,1517,202748,-1.9392372333548804,0,0,86506,-86506,0,0,0,199755,2993,202748,0,0,113249,89499,202748,0,0,131504695,-131504695,0,0,0,303388396,4543695,307932091,0,0,171883701,136048390,307932091
2023-11-28,1517,1590,1510,1528,641769,0.7251153592617008,-208210,0,158518,49692,0,0,0,530232,111537,641769,208210,0,371714,61845,641769,-319769486,0,243722958,76046528,0,0,0,818583288,172079121,990662409,319769486,0,574860330,96032593,990662409
2023-11-29,1519,1547,1500,1532,342345,0.2617801047120419,-57687,4000,147100,-93413,0,0,5000,325362,11983,342345,57687,1000,178262,105396,342345,-87557040,6151280,222935383,-141529623,0,0,7675280,494917407,18364593,520957280,87557040,1524000,271982024,159894216,520957280
2023-11-30,1537,1537,1499,1511,245459,-1.370757180156658,-41333,4198,88623,-51488,0,0,4198,230091,11170,245459,41333,0,141468,62658,245459,-62278811,6303894,133708341,-77733424,0,0,6303894,347368823,16899309,370572026,62278811,0,213660482,94632733,370572026
2023-12-01,1511,1525,1495,1522,178558,0.727994705493051,-55661,0,69502,-13841,0,0,0,154827,23731,178558,55661,0,85325,37572,178558,-83581426,0,104412325,-20830899,0,0,0,233101986,35661620,268763606,83581426,0,128689661,56492519,268763606
2023-12-04,1522,1605,1505,1600,504580,5.124835742444152,0,96,-116694,116598,0,0,96,355055,149429,504580,0,0,471749,32831,504580,0,153784,-182292097,182138313,0,0,153784,557384613,233545594,791083991,0,0,739676710,51407281,791083991
2023-12-05,1600,1780,1589,1725,1369081,7.8125,0,12529,-99871,87342,0,0,12881,1104862,251338,1369081,0,352,1204733,163996,1369081,0,20930208,-165293332,144363124,0,0,21536186,1884470155,425121544,2331127885,0,605978,2049763487,280758420,2331127885
2023-12-06,1715,1720,1675,1712,386833,-0.7536231884057971,0,-294,95902,-95608,0,0,71,367390,19372,386833,0,365,271488,114980,386833,0,-496413,162652128,-162155715,0,0,121050,623482022,32844859,656447931,0,617463,460829894,195000574,656447931
2023-12-07,1700,1763,1694,1734,349665,1.2850467289719625,-500,-346,61141,-60295,0,0,0,304947,44718,349665,500,346,243806,105013,349665,-859574,-600706,106269484,-104809204,0,0,0,529662274,77443139,607105413,859574,600706,423392790,182252343,607105413
2023-12-08,1736,1762,1700,1727,241277,-0.40369088811995385,0,-222,62940,-62718,0,0,4130,218597,18550,241277,0,4352,155657,81268,241277,0,-394825,109193079,-108798254,0,0,7185300,378984465,32273073,418442838,0,7580125,269791386,141071327,418442838
2023-12-11,1727,1750,1689,1700,272810,-1.563404748118124,-2000,-6998,64698,-55700,0,0,0,263870,8940,272810,2000,6998,199172,64640,272810,-3409875,-11888563,110350811,-95052373,0,0,0,449564758,15188863,464753621,3409875,11888563,339213947,110241236,464753621
2023-12-12,1700,1710,1663,1673,252646,-1.588235294117647,0,319,21761,-22080,0,0,319,221581,30746,252646,0,0,199820,52826,252646,0,534644,36511784,-37046428,0,0,534644,371319448,51599924,423454016,0,0,334807664,88646352,423454016
2023-12-13,1673,1700,1635,1645,198881,-1.6736401673640167,0,-6383,50292,-43909,0,0,0,189144,9737,198881,0,6383,138852,53646,198881,0,-10480150,83574992,-73094842,0,0,0,312727120,16009916,328737036,0,10480150,229152128,89104758,328737036
2023-12-14,1660,1792,1657,1737,762893,5.592705167173253,0,-450,-35219,35669,0,0,106,556440,206347,762893,0,556,591659,170678,762893,0,-781260,-55714129,56495389,0,0,183380,971657895,358720134,1330561409,0,964640,1027372024,302224745,1330561409
2023-12-15,1737,1780,1718,1764,219801,1.5544041450777202,0,-500,43690,-43190,0,0,0,210854,8947,219801,0,500,167164,52137,219801,0,-882500,76807944,-75925444,0,0,0,370319639,15639583,385959222,0,882500,293511695,91565027,385959222
2023-12-18,1755,1775,1725,1750,193105,-0.7936507936507936,0,1148,32682,-33830,0,0,1148,177820,14137,193105,0,0,145138,47967,193105,0,1998668,57365169,-59363837,0,0,1998668,312053952,24658199,338710819,0,0,254688783,84022036,338710819
2023-12-19,1733,1748,1714,1735,234532,-0.8571428571428572,0,0,-47473,47473,0,0,0,171741,62791,234532,0,0,219214,15318,234532,0,0,-81798808,81798808,0,0,0,297077736,108290868,405368604,0,0,378876544,26492060,405368604
2023-12-20,1734,1748,1688,1707,377971,-1.6138328530259365,0,1225,26762,-27987,0,0,1225,325909,50837,377971,0,0,299147,78824,377971,0,2085186,44146701,-46231887,0,0,2085186,558759813,88356437,649201436,0,0,514613112,134588324,649201436
2023-12-21,1705,1705,1657,1662,235329,-2.6362038664323375,0,-8050,36180,-28130,0,0,0,219416,15913,235329,0,8050,183236,44043,235329,0,-13416200,60350620,-46934420,0,0,0,366627887,26597437,393225324,0,13416200,306277267,73531857,393225324
2023-12-22,1675,1709,1657,1703,337116,2.46690734055355,0,-10000,-89343,99343,0,0,0,220687,116429,337116,0,10000,310030,17086,337116,0,-16957494,-150970926,167928420,0,0,0,373201518,196727204,569928722,0,16957494,524172444,28798784,569928722
2023-12-26,1728,1960,1712,1840,2331964,8.044627128596595,0,-14235,27710,-13475,0,0,601,1955508,375855,2331964,0,14836,1927798,389330,2331964,0,-26327946,60879782,-34551836,0,0,1136010,3654607372,696561860,4352305242,0,27463956,3593727590,731113696,4352305242
2023-12-27,1833,1868,1820,1858,459673,0.9782608695652175,0,0,13778,-13778,0,0,0,365568,94105,459673,0,0,351790,107883,459673,0,0,25335293,-25335293,0,0,0,674394247,173584840,847979087,0,0,649058954,198920133,847979087
2023-12-28,1841,2030,1840,2025,1373312,8.988159311087191,0,1002,-109456,108454,0,0,1002,1128298,244012,1373312,0,0,1237754,135558,1373312,0,1996986,-216335449,214338463,0,0,1996986,2228233001,479262721,2709492708,0,0,2444568450,264924258,2709492708
2024-01-02,2055,2110,1985,2110,899001,4.197530864197531,0,81,24935,-25016,0,0,4011,788444,106546,899001,0,3930,763509,131562,899001,0,-188806,50991963,-50803157,0,0,8101869,1615564505,217564282,1841230656,0,8290675,1564572542,268367439,1841230656
2024-01-03,2130,2130,2005,2025,556146,-4.028436018957346,0,887,59128,-60015,0,0,1000,511246,43900,556146,0,113,452118,103915,556146,0,1779065,121073075,-122852140,0,0,2010000,1044249595,89999495,1136259090,0,230935,923176520,212851635,1136259090
2024-01-04,2005,2080,1992,2005,519617,-0.9876543209876543,0,0,80058,-80058,0,0,1,465907,53709,519617,0,1,385849,133767,519617,0,5,162693437,-162693442,0,0,2055,937946495,107804224,1045752774,0,2050,775253058,270497666,1045752774
2024-01-05,1992,1995,1879,1900,688737,-5.236907730673317,0,503,104434,-104937,0,0,503,642139,46095,688737,0,0,537705,151032,688737,0,960700,203200825,-204161525,0,0,960700,1231910993,88461560,1321333253,0,0,1028710168,292623085,1321333253
2024-01-08,1915,1917,1868,1911,356891,0.5789473684210527,0,45686,-4644,-41042,0,0,45686,277006,34199,356891,0,0,281650,75241,356891,0,86907613,-9009151,-77898462,0,0,86907613,523896800,64832078,675636491,0,0,532905951,142730540,675636491
2024-01-09,1912,1937,1907,1932,168395,1.098901098901099,0,-3,2061,-2058,0,0,0,144278,24117,168395,0,3,142217,26175,168395,0,-5790,3769201,-3763411,0,0,0,276698654,46397914,323096568,0,5790,272929453,50161325,323096568
2024-01-10,1918,1943,1880,1941,182441,0.4658385093167702,0,2082,3534,-5616,0,0,2082,152020,28339,182441,0,0,148486,33955,182441,0,3998478,6789397,-10787875,0,0,3998478,292580556,54546056,351125090,0,0,285791159,65333931,351125090
2024-01-11,1930,2120,1925,2065,858933,6.388459556929418,0,0,-123399,123399,0,0,0,673901,185032,858933,0,0,797300,61633,858933,0,0,-251838079,251838079,0,0,0,1377475891,375650883,1753126774,0,0,1629313970,123812804,1753126774
2024-01-12,2065,2065,1933,1960,607860,-5.084745762711865,0,515,294525,-295040,0,0,515,596455,10890,607860,0,0,301930,305930,607860,0,999615,578910004,-579909619,0,0,999615,1176036164,21769920,1198805699,0,0,597126160,601679539,1198805699
2024-01-15,1934,1940,1850,1910,255939,-2.5510204081632653,0,5697,28187,-33884,0,0,5697,230591,19651,255939,0,0,202404,53535,255939,0,10833771,54338695,-65172466,0,0,10833771,439250510,37269344,487353625,0,0,384911815,102441810,487353625
2024-01-16,1910,1927,1803,1826,365704,-4.397905759162303,0,11502,40692,-52194,0,0,11504,330958,23242,365704,0,2,290266,75436,365704,0,21039496,77018569,-98058065,0,0,21043266,610901025,42818666,674762957,0,3770,533882456,140876731,674762957
2024-01-17,1826,1854,1710,1748,421548,-4.271631982475356,0,5,-20833,20828,0,0,5,343319,78224,421548,0,0,364152,57396,421548,0,9130,-34549492,34540362,0,0,9130,597676771,136082762,733768663,0,0,632226263,101542400,733768663
2024-01-18,1768,1768,1695,1730,179804,-1.0297482837528604,0,1,23371,-23372,0,0,1,167690,12113,179804,0,0,144319,35485,179804,0,1711,41024503,-41026214,0,0,1711,289271702,20800465,310073878,0,0,248247199,61826679,310073878
2024-01-19,1880,1975,1694,1735,1933589,0.2890173410404624,0,-1,40607,-40606,0,0,41,1616376,317172,1933589,0,42,1575769,357778,1933589,0,360,79000656,-79001016,0,0,76060,2963862339,578662230,3542600629,0,75700,2884861683,657663246,3542600629
2024-01-22,1750,1860,1750,1780,599716,2.5936599423631126,0,2,17231,-17233,0,0,12,484726,114978,599716,0,10,467495,132211,599716,0,3682,28863917,-28867599,0,0,21770,869443322,208437166,1077902258,0,18088,840579405,237304765,1077902258
2024-01-23,1840,1840,1737,1773,214230,-0.39325842696629215,0,-2,56682,-56680,0,0,0,201440,12790,214230,0,2,144758,69470,214230,0,-3572,100779443,-100775871,0,0,0,357791098,22682743,380473841,0,3572,257011655,123458614,380473841
2024-01-24,1759,1759,1680,1707,377282,-3.7225042301184432,0,0,40550,-40550,0,0,0,364075,13207,377282,0,0,323525,53757,377282,0,0,69342311,-69342311,0,0,0,620208636,22573255,642781891,0,0,550866325,91915566,642781891
2024-01-25,1707,1707,1637,1641,318587,-3.8664323374340945,0,0,-14184,14184,0,0,0,261370,57217,318587,0,0,275554,43033,318587,0,0,-22538547,22538547,0,0,0,433970122,94623496,528593618,0,0,456508669,72084949,528593618
2024-01-26,1650,1705,1643,1679,164885,2.315661182205972,0,17,-38241,38224,0,0,17,104731,60137,164885,0,0,142972,21913,164885,0,28913,-64402851,64373938,0,0,28913,176201539,101346240,277576692,0,0,240604390,36972302,277576692
2024-01-29,1683,1704,1655,1696,173286,1.0125074449076832,0,0,36137,-36137,0,0,0,154831,18455,173286,0,0,118694,54592,173286,0,0,60612382,-60612382,0,0,0,260223077,31150445,291373522,0,0,199610695,91762827,291373522
2024-01-30,1696,1710,1661,1685,180430,-0.6485849056603774,0,0,-4304,4304,0,0,0,152141,28289,180430,0,0,156445,23985,180430,0,0,-7436398,7436398,0,0,0,255419337,47831104,303250441,0,0,262855735,40394706,303250441
2024-01-31,1670,1685,1605,1606,294444,-4.688427299703264,0,3000,34173,-37173,0,0,3000,276992,14452,294444,0,0,242819,51625,294444,0,4830000,56783131,-61613131,0,0,4830000,450478938,23265639,478574577,0,0,393695807,84878770,478574577
2024-02-01,1600,1620,1568,1595,166892,-0.684931506849315,0,0,8584,-8584,0,0,0,141432,25460,166892,0,0,132848,34044,166892,0,0,13895963,-13895963,0,0,0,225062764,40440848,265503612,0,0,211166801,54336811,265503612
2024-02-02,1600,1628,1600,1618,110370,1.4420062695924765,0,-17,7957,-7940,0,0,0,89895,20475,110370,0,17,81938,28415,110370,0,-27506,12774399,-12746893,0,0,0,145144225,33148245,178292470,0,27506,132369826,45895138,178292470
2024-02-05,1618,1641,1590,1595,156073,-1.4215080346106306,0,0,17170,-17170,0,0,0,132555,23518,156073,0,0,115385,40688,156073,0,0,27723943,-27723943,0,0,0,213261942,38007222,251269164,0,0,185537999,65731165,251269164
2024-02-06,1586,1610,1540,1592,143744,-0.18808777429467086,0,0,95,-95,0,0,0,116733,27011,143744,0,0,116638,27106,143744,0,0,290982,-290982,0,0,0,184365561,42799500,227165061,0,0,184074579,43090482,227165061
2024-02-07,1612,1612,1574,1593,122199,0.06281407035175879,0,5681,14306,-19987,0,0,5681,106976,9542,122199,0,0,92670,29529,122199,0,8996749,22887473,-31884222,0,0,8996749,170189047,15160274,194346070,0,0,147301574,47044496,194346070
2024-02-08,1592,1739,1587,1640,353580,2.9504080351537976,0,0,16155,-16155,0,0,0,292270,61310,353580,0,0,276115,77465,353580,0,0,27776439,-27776439,0,0,0,485640667,101111057,586751724,0,0,457864228,128887496,586751724
2024-02-13,1631,1678,1620,1660,213955,1.2195121951219512,0,11,-11456,11445,0,0,11,173075,40869,213955,0,0,184531,29424,213955,0,18275,-18524590,18506315,0,0,18275,286220873,67284951,353524099,0,0,304745463,48778636,353524099
2024-02-14,1639,1668,1620,1643,160564,-1.0240963855421688,0,-11,36615,-36604,0,0,0,144168,16396,160564,0,11,107553,53000,160564,0,-17985,59777812,-59759827,0,0,0,235487060,26799846,262286906,0,17985,175709248,86559673,262286906
2024-02-15,1649,1650,1610,1620,197180,-1.399878271454656,0,1239,22761,-24000,0,0,1239,179810,16131,197180,0,0,157049,40131,197180,0,1998505,36942916,-38941421,0,0,1998505,291076986,26141372,319216863,0,0,254134070,65082793,319216863
2024-02-16,1620,1629,1590,1614,223470,-0.3703703703703704,0,4890,6150,-11040,0,0,4890,171165,47415,223470,0,0,165015,58455,223470,0,7790892,9853496,-17644388,0,0,7790892,273998390,75958226,357747508,0,0,264144894,93602614,357747508
2024-02-19,1610,1617,1592,1600,135777,-0.8674101610904585,0,0,-6354,6354,0,0,0,99531,36246,135777,0,0,105885,29892,135777,0,0,-10151151,10151151,0,0,0,159424155,58048000,217472155,0,0,169575306,47896849,217472155
2024-02-20,1600,1620,1589,1606,181895,0.375,0,0,-3601,3601,0,0,0,129474,52421,181895,0,0,133075,48820,181895,0,0,-5829164,5829164,0,0,0,206989327,83846286,290835613,0,0,212818491,78017122,290835613
2024-02-21,1616,1616,1583,1591,145904,-0.933997509339975,0,0,26596,-26596,0,0,0,129430,16474,145904,0,0,102834,43070,145904,0,0,42435369,-42435369,0,0,0,206241257,26217985,232459242,0,0,163805888,68653354,232459242
2024-02-22,1597,1599,1573,1586,154829,-0.3142677561282213,0,1268,25792,-27060,0,0,1268,145371,8190,154829,0,0,119579,35250,154829,0,1997729,40855228,-42852957,0,0,1997729,229997405,12947270,244942404,0,0,189142177,55800227,244942404
2024-02-23,1586,1592,1552,1576,189638,-0.6305170239596469,0,0,5323,-5323,0,0,0,168484,21154,189638,0,0,163161,26477,189638,0,0,8262662,-8262662,0,0,0,264096415,33274987,297371402,0,0,255833753,41537649,297371402
2024-02-26,1580,1715,1561,1665,694636,5.647208121827411,0,20,-127424,127404,0,0,20,486475,208141,694636,0,0,613899,80737,694636,0,32410,-205074344,205041934,0,0,32410,802903369,338773628,1141709407,0,0,1007977713,133731694,1141709407
2024-02-27,1682,1764,1635,1743,699924,4.684684684684685,0,20104,-46478,26374,0,0,20283,525934,153707,699924,0,179,572412,127333,699924,0,35188450,-81767860,46579410,0,0,35501502,906583756,265264134,1207349392,0,313052,988351616,218684724,1207349392
2024-02-28,1750,1806,1693,1708,553320,-2.0080321285140563,0,16250,51631,-67881,0,0,16406,487210,49704,553320,0,156,435579,117585,553320,0,28228452,93107910,-121336362,0,0,28507120,857367061,86293824,972168005,0,278668,764259151,207630186,972168005
2024-02-29,1717,1720,1596,1639,360930,-4.039812646370024,0,5580,-6003,423,0,0,5600,285277,70053,360930,0,20,291280,69630,360930,0,9245380,-7670250,-1575130,0,0,9278000,472827409,114811200,596916609,0,32620,480497659,116386330,596916609
2024-03-04,1639,1661,1626,1647,189449,0.4881025015253203,0,265,-25803,25538,0,0,323,139197,49929,189449,0,58,165000,24391,189449,0,432951,-42488213,42055262,0,0,527839,228526728,82139723,311194290,0,94888,271014941,40084461,311194290
2024-03-05,1644,1645,1585,1610,344699,-2.2465088038858534,0,4177,10130,-14307,0,0,4181,309000,31518,344699,0,4,298870,45825,344699,0,6716337,16076024,-22792361,0,0,6722729,494768049,50752281,552243059,0,6392,478692025,73544642,552243059
2024-03-06,1604,1640,1593,1608,289038,-0.12422360248447205,0,0,1152,-1152,0,0,0,240730,48308,289038,0,0,239578,49460,289038,0,0,1067819,-1067819,0,0,0,387071204,78273612,465344816,0,0,386003385,79341431,465344816
2024-03-07,1601,1712,1601,1668,501971,3.731343283582089,0,6553,-118078,111525,0,0,6553,348347,147071,501971,0,0,466425,35546,501971,0,10981464,-198123095,187141631,0,0,10981464,583482622,246326039,840790125,0,0,781605717,59184408,840790125
2024-03-08,1662,1680,1640,1680,186958,0.7194244604316548,0,0,15253,-15253,0,0,0,154485,32473,186958,0,0,139232,47726,186958,0,0,24997932,-24997932,0,0,0,256014210,53941359,309955569,0,0,231016278,78939291,309955569
2024-03-11,1699,1699,1617,1617,299588,-3.75,0,0,38825,-38825,0,0,0,272732,26856,299588,0,0,233907,65681,299588,0,0,64191624,-64191624,0,0,0,450026145,44766469,494792614,0,0,385834521,108958093,494792614
2024-03-12,1624,1644,1606,1619,160321,0.12368583797155226,0,2223,30637,-32860,0,0,2223,130707,27391,160321,0,0,100070,60251,160321,0,3609490,49396927,-53006417,0,0,3609490,211775852,44562018,259947360,0,0,162378925,97568435,259947360
2024-03-13,1616,1647,1594,1610,266968,-0.5558987029030266,0,0,46881,-46881,0,0,0,231829,35139,266968,0,0,184948,82020,266968,0,0,75308269,-75308269,0,0,0,374439390,57283734,431723124,0,0,299131121,132592003,431723124
2024-03-14,1600,1629,1582,1607,242233,-0.18633540372670807,0,74,66487,-66561,0,0,74,234942,7217,242233,0,0,168455,73778,242233,0,118165,105818509,-105936674,0,0,118165,374277288,11529413,385924866,0,0,268458779,117466087,385924866
2024-03-15,1607,1612,1568,1581,324513,-1.6179215930304918,0,0,35614,-35614,0,0,0,292930,31583,324513,0,0,257316,67197,324513,0,0,56136625,-56136625,0,0,0,464788389,50178885,514967274,0,0,408651764,106315510,514967274
2024-03-18,1567,1624,1566,1592,289503,0.6957621758380772,0,0,-59215,59215,0,0,0,205431,84072,289503,0,0,264646,24857,289503,0,0,-95531822,95531822,0,0,0,328082840,135101811,463184651,0,0,423614662,39569989,463184651
2024-03-19,1593,1616,1540,1558,358338,-2.135678391959799,0,-19050,105471,-86421,0,0,0,333125,25213,358338,0,19050,227654,111634,358338,0,-29578135,164322155,-134744020,0,0,0,517925591,39349550,557275141,0,29578135,353603436,174093570,557275141
2024-03-20,1558,1588,1547,1547,223796,-0.7060333761232349,0,-19303,-17619,36922,0,641,147,172850,50158,223796,641,19450,190469,13236,223796,-3850,-30212842,-27640847,57857539,0,998678,231966,270060956,78578666,349870266,1002528,30444808,297701803,20721127,349870266
2024-03-21,1547,1594,1547,1565,349866,1.1635423400129283,0,0,-45591,45591,0,1273,0,284643,63950,349866,1273,0,330234,18359,349866,-11457,0,-71977910,71989367,0,1997337,0,447435520,100784772,550217629,2008794,0,519413430,28795405,550217629
2024-03-22,1581,1893,1580,1800,3353948,15.015974440894569,0,34,-534961,534927,0,0,14368,2470234,869346,3353948,0,14334,3005195,334419,3353948,0,196356,-904989066,904792710,0,0,26207619,4368142083,1503140861,5897490563,0,26011263,5273131149,598348151,5897490563
2024-03-25,1879,1977,1811,1878,2329932,4.333333333333334,0,-540,127911,-127371,0,1080,25040,1972097,331715,2329932,1080,25580,1844186,459086,2329932,-25880,-531017,237304428,-236747531,0,2012950,47656625,3763157018,633886769,4446713362,2038830,48187642,3525852590,870634300,4446713362
2024-03-26,1877,1877,1786,1835,636336,-2.2896698615548456,0,34,-82070,82036,0,0,34,503394,132908,636336,0,0,585464,50872,636336,0,62356,-148066482,148004126,0,0,62356,914462943,240949027,1155474326,0,0,1062529425,92944901,1155474326
2024-03-27,1841,1850,1700,1721,699254,-6.212534059945504,0,-882,103407,-102525,0,0,683,631337,67234,699254,0,1565,527930,169759,699254,0,-1599751,182850395,-181250644,0,0,1161100,1105818943,117600544,1224580587,0,2760851,922968548,298851188,1224580587
2024-03-28,1700,1742,1680,1708,333682,-0.7553747821034282,0,83,4034,-4117,0,0,83,275313,58286,333682,0,0,271279,62403,333682,0,139938,6774296,-6914234,0,0,139938,468565936,99395489,568101363,0,0,461791640,106309723,568101363
2024-03-29,1700,1757,1666,1679,370541,-1.6978922716627636,0,917,79188,-80105,0,0,917,330371,39253,370541,0,0,251183,119358,370541,0,1575406,135038752,-136614158,0,0,1575406,564108492,67389663,633073561,0,0,429069740,204003821,633073561
2024-04-01,1680,1700,1660,1691,164670,0.714711137581894,0,-36,3444,-3408,0,0,24,125369,39277,164670,0,60,121925,42685,164670,0,-60185,5542406,-5482221,0,0,40560,210836024,66255655,277132239,0,100745,205293618,71737876,277132239
2024-04-02,1698,1700,1638,1638,315047,-3.134240094618569,0,51,87877,-87928,0,0,51,295521,19475,315047,0,0,207644,107403,315047,0,84507,145918248,-146002755,0,0,84507,487816825,32151069,520052401,0,0,341898577,178153824,520052401
2024-04-03,1637,1637,1592,1602,230187,-2.197802197802198,0,0,23024,-23024,0,0,0,210674,19513,230187,0,0,187650,42537,230187,0,0,37135236,-37135236,0,0,0,338087464,31264054,369351518,0,0,300952228,68399290,369351518
2024-04-04,1602,1627,1578,1594,250685,-0.4993757802746567,0,0,80747,-80747,0,0,0,240972,9713,250685,0,0,160225,90460,250685,0,0,128739344,-128739344,0,0,0,383991403,15590731,399582134,0,0,255252059,144330075,399582134
2024-04-05,1569,1592,1565,1579,253458,-0.9410288582183186,0,0,61006,-61006,0,0,0,229084,24374,253458,0,0,168078,85380,253458,0,0,96181260,-96181260,0,0,0,360647520,38397856,399045376,0,0,264466260,134579116,399045376
2024-04-08,1584,1598,1475,1506,537098,-4.623179227359088,0,3000,108332,-111332,0,202,3000,505657,28239,537098,202,0,397325,139571,537098,-2626,4530000,165179785,-169707159,0,299162,4530000,765058408,42149077,812036647,301788,0,599878623,211856236,812036647
2024-04-09,1505,1505,1425,1447,530679,-3.9176626826029217,0,1,145593,-145594,0,0,1,514923,15755,530679,0,0,369330,161349,530679,0,1450,212894975,-212896425,0,0,1450,749386457,23147689,772535596,0,0,536491482,236044114,772535596
2024-04-11,1447,1725,1439,1558,3349420,7.671043538355218,0,-1076,261370,-260294,0,179,2000,3011603,335638,3349420,179,3076,2750233,595932,3349420,23986,-1669942,420083389,-418437433,0,299646,3117968,4849342509,538023065,5390783188,275660,4787910,4429259120,956460498,5390783188
2024-04-12,1555,1557,1490,1505,424180,-3.4017971758664958,0,0,26882,-26882,0,0,3,390308,33869,424180,0,3,363426,60751,424180,0,30,41103556,-41103586,0,0,4578,591975073,51560292,643539943,0,4548,550871517,92663878,643539943
2024-04-15,1499,1499,1435,1435,385542,-4.651162790697675,0,0,48324,-48324,0,5,0,365212,20325,385542,5,0,316888,68649,385542,-85,0,70742525,-70742440,0,7285,0,530394902,29571193,559973380,7370,0,459652377,100313633,559973380
2024-04-16,1431,1444,1299,1378,556138,-3.97212543554007,0,0,-5743,5743,0,0,0,482550,73588,556138,0,0,488293,67845,556138,0,0,-5506857,5506857,0,0,0,658786412,99413054,758199466,0,0,664293269,93906197,758199466
2024-04-17,1350,1394,1346,1368,282735,-0.7256894049346879,0,0,39938,-39938,0,0,0,268121,14614,282735,0,0,228183,54552,282735,0,0,54968478,-54968478,0,0,0,366514584,19982404,386496988,0,0,311546106,74950882,386496988
2024-04-18,1360,1413,1355,1410,299751,3.070175438596491,0,0,-38835,38835,0,0,0,240542,59209,299751,0,0,279377,20374,299751,0,0,-53854519,53854519,0,0,0,333229216,82113334,415342550,0,0,387083735,28258815,415342550
2024-04-19,1409,1409,1356,1379,210737,-2.198581560283688,0,1546,33125,-34671,0,0,1546,185677,23514,210737,0,0,152552,58185,210737,0,2120583,45400176,-47520759,0,0,2120583,255120930,32391188,289632701,0,0,209720754,79911947,289632701
2024-04-22,1362,1403,1359,1365,226254,-1.015228426395939,0,0,21235,-21235,0,0,0,207988,18266,226254,0,0,186753,39501,226254,0,0,29074243,-29074243,0,0,0,285448431,25273025,310721456,0,0,256374188,54347268,310721456
2024-04-23,1367,1406,1367,1389,233859,1.7582417582417582,0,3024,-22272,19248,0,0,3024,187813,43022,233859,0,0,210085,23774,233859,0,4204362,-30896701,26692339,0,0,4204362,261332517,59767037,325303916,0,0,292229218,33074698,325303916
2024-04-24,1378,1414,1378,1400,166134,0.7919366450683946,0,0,3414,-3414,0,0,0,143982,22152,166134,0,0,140568,25566,166134,0,0,4682510,-4682510,0,0,0,201106132,31050715,232156847,0,0,196423622,35733225,232156847
2024-04-25,1409,1818,1396,1651,10462987,17.92857142857143,-150000,3400,377856,-231256,0,291,6735,9952204,503757,10462987,150291,3335,9574348,735013,10462987,-260252058,6027742,668054511,-413830195,0,498483,11418639,17073933215,824196081,17910046418,260750541,5390897,16405878704,1238026276,17910046418
2024-04-26,1623,1690,1540,1549,2205824,-6.178073894609327,0,-400,-145269,145669,0,0,342,1850026,355456,2205824,0,742,1995295,209787,2205824,0,-649785,-226015826,226665611,0,0,550302,2974362672,569861856,3544774830,0,1200087,3200378498,343196245,3544774830
2024-04-29,1549,1631,1536,1624,761458,4.841833440929632,0,150,-55854,55704,0,0,194,605754,155510,761458,0,44,661608,99806,761458,0,238699,-89424518,89185819,0,0,308132,960511702,246752092,1207571926,0,69433,1049936220,157566273,1207571926
2024-04-30,1625,2010,1600,1830,8758178,12.68472906403941,0,-150,102193,-102043,0,0,494,8152424,745128,8898046,0,644,8050231,847171,8898046,0,-355776,221432752,-221076976,0,0,857844,15161003450,1328074134,16489935428,0,1213620,14939570698,1549151110,16489935428
