날짜,시가,고가,저가,종가,거래량,등락률,기관합계_거래량_순매수,기타법인_거래량_순매수,개인_거래량_순매수,외국인합계_거래량_순매수,전체_거래량_순매수,기관합계_거래량_매수,기타법인_거래량_매수,개인_거래량_매수,외국인합계_거래량_매수,전체_거래량_매수,기관합계_거래량_매도,기타법인_거래량_매도,개인_거래량_매도,외국인합계_거래량_매도,전체_거래량_매도,기관합계_거래대금_순매수,기타법인_거래대금_순매수,개인_거래대금_순매수,외국인합계_거래대금_순매수,전체_거래대금_순매수,기관합계_거래대금_매수,기타법인_거래대금_매수,개인_거래대금_매수,외국인합계_거래대금_매수,전체_거래대금_매수,기관합계_거래대금_매도,기타법인_거래대금_매도,개인_거래대금_매도,외국인합계_거래대금_매도,전체_거래대금_매도
2021-02-05,28800,36800,24200,32800,41481126,,-2848738,-591225,5657361,-2217398,0,384347,202594,39903786,990399,41481126,3233085,793819,34246425,3207797,41481126,-85968125000,-18065469300,166586364350,-62552770050,0,10427409350,6230131950,1248470626050,30482934400,1295611101750,96395534350,24295601250,1081884261700,93035704450,1295611101750
2021-02-08,35450,42600,34150,42600,22798386,29.878048780487802,-392838,-55157,1096312,-648317,0,10570,52490,22607667,127659,22798386,403408,107647,21511355,775976,22798386,-15464615300,-2238615550,44090494050,-26387263200,0,430831450,2031868200,908500439150,5111124000,916074262800,15895446750,4270483750,864409945100,31498387200,916074262800
2021-02-09,45600,53700,45050,50000,27039598,17.370892018779344,-208619,50732,1122709,-964822,0,15107,131381,26823307,69803,27039598,223726,80649,25700598,1034625,27039598,-10520278800,2548593700,55522352300,-47550667200,0,747927150,6520293950,1333802652550,3441507400,1344512381050,11268205950,3971700250,1278280300250,50992174600,1344512381050
2021-02-10,48800,50800,44100,48600,13044413,-2.8000000000000003,-2882,6933,135641,-139692,0,30771,27138,12952133,34371,13044413,33653,20205,12816492,174063,13044413,-113488300,309149400,6375361950,-6571023050,0,1477908750,1258520700,617572602950,1644390400,621953422800,1591397050,949371300,611197241000,8215413450,621953422800
2021-02-15,49600,54000,48250,48700,7586037,0.205761316872428,-42577,-23526,134035,-67932,0,40262,9423,7483881,52471,7586037,82839,32949,7349846,120403,7586037,-2206272000,-1185809800,6780852950,-3388771150,0,2047518900,476249400,379998281550,2680955700,385203005550,4253790900,1662059200,373217428600,6069726850,385203005550
2021-02-16,47850,51500,46500,48400,6314152,-0.6160164271047228,-28862,880,112172,-84190,0,3737,25536,6262919,21960,6314152,32599,24656,6150747,106150,6314152,-1381256900,27192900,5404443250,-4050379250,0,179352450,1224407900,302537196450,1065461850,305006418650,1560609350,1197215000,297132753200,5115841100,305006418650
2021-02-17,47650,47700,44450,44450,3173071,-8.16115702479339,-22107,5044,22808,-5745,0,10002,8050,3137648,17371,3173071,32109,3006,3114840,23116,3173071,-990480650,231576750,1019710550,-260806650,0,463145150,372000500,144398977700,802407300,146036530650,1453625800,140423750,143379267150,1063213950,146036530650
2021-02-18,42750,43000,37600,37600,4516835,-15.410573678290213,-73118,3673,69760,-315,0,13729,26131,4460077,16898,4516835,86847,22458,4390317,17213,4516835,-2890662950,164600050,2734234950,-8172050,0,551146400,1052727000,179536801200,680539250,181821213850,3441809350,888126950,176802566250,688711300,181821213850
2021-02-19,35850,43500,35350,37900,6550267,0.7978723404255319,-4284,2128,19712,-17556,0,10050,31740,6477309,31168,6550267,14334,29612,6457597,48724,6550267,-176106350,47539700,752608400,-624041750,0,382884900,1238245050,257462924600,1215679800,260299734350,558991250,1190705350,256710316200,1839721550,260299734350
2021-02-22,37000,38700,35250,35800,3437054,-5.540897097625329,-248722,-19652,797446,-529072,0,9923,7439,3403904,15788,3437054,258645,27091,2606458,544860,3437054,-9311138750,-737165000,29772982850,-19724679100,0,372503150,276800000,125940681700,583206350,127173191200,9683641900,1013965000,96167698850,20307885450,127173191200
2021-02-23,35350,38900,33000,37000,7140681,3.35195530726257,-12993,-12186,218388,-193209,0,9658,7892,7104116,19015,7140681,22651,20078,6885728,212224,7140681,-494301950,-417472150,7586084650,-6674310550,0,349353500,276982900,257965474700,687205950,259279017050,843655450,694455050,250379390050,7361516500,259279017050
2021-02-24,36500,38650,34000,34000,4947810,-8.108108108108109,-81622,2908,88839,-10125,0,4000,6922,4885124,51764,4947810,85622,4014,4796285,61889,4947810,-3017445400,112807050,3243208500,-338570150,0,146989550,256712100,180635401100,1926782100,182965884850,3164434950,143905050,177392192600,2265352250,182965884850
2021-02-25,35300,40550,34500,38450,10523135,13.088235294117649,9990,9615,-15190,-4415,0,38716,30285,10374952,79182,10523135,28726,20670,10390142,83597,10523135,439740200,332129900,-698898000,-72972100,0,1496253050,1109883250,392901130550,2972366200,398479633050,1056512850,777753350,393600028550,3045338300,398479633050
2021-02-26,36950,40150,36350,38800,4588600,0.9102730819245773,-46094,7566,5377,33151,0,10106,20299,4488293,69902,4588600,56200,12733,4482916,36751,4588600,-1723677750,291869650,137119200,1294688900,0,391531700,780449150,172599647850,2704197650,176475826350,2115209450,488579500,172462528650,1409508750,176475826350
2021-03-02,39900,41100,36500,36500,2681476,-5.927835051546391,-15851,-19834,73738,-38053,0,2123,686,2663078,15589,2681476,17974,20520,2589340,53642,2681476,-624043850,-794336000,2837041000,-1418661150,0,79456600,26178550,103511730250,602895250,104220260650,703500450,820514550,100674689250,2021556400,104220260650
2021-03-03,36500,36700,34100,34600,1721501,-5.205479452054795,-8438,-10095,19797,-1264,0,0,3315,1704509,13677,1721501,8438,13410,1684712,14941,1721501,-290844450,-352877700,687865400,-44143250,0,0,117055600,60030723700,479450850,60627230150,290844450,469933300,59342858300,523594100,60627230150
2021-03-04,34000,34400,32900,33050,1384889,-4.479768786127168,-10751,-2122,-906,13779,0,0,3715,1329571,51603,1384889,10751,5837,1330477,37824,1384889,-357172750,-72845350,-57286900,487305000,0,0,123869850,44284828050,1741816250,46150514150,357172750,196715200,44342114950,1254511250,46150514150
2021-03-05,31050,32500,30550,31250,2016202,-5.446293494704992,-386789,-12482,433832,-34561,0,21360,17143,1939568,38131,2016202,408149,29625,1505736,72692,2016202,-12046730500,-386857850,13518976550,-1085388200,0,670165300,537358650,60690729100,1190380350,63088633400,12716895800,924216500,47171752550,2275768550,63088633400
2021-03-08,31700,32250,29100,29300,1565709,-6.239999999999999,-65018,3177,62172,-331,0,3450,11036,1521370,29853,1565709,68468,7859,1459198,30184,1565709,-1982310750,90293600,1896750350,-4733200,0,103392500,332598100,46260176850,912337200,47608504650,2085703250,242304500,44363426500,917070400,47608504650
2021-03-09,29450,35100,27500,32700,9155017,11.604095563139932,-152449,-22084,172711,1822,0,4302,52350,9047172,51193,9155017,156751,74434,8874461,49371,9155017,-4874181600,-717260250,5553400250,38041600,0,142987150,1646410750,293132934200,1590681600,296513013700,5017168750,2363671000,287579533950,1552640000,296513013700
2021-03-10,33300,34950,31100,31550,4530064,-3.5168195718654434,-22783,-14988,39064,-1293,0,4751,1212,4484512,39589,4530064,27534,16200,4445448,40882,4530064,-754411050,-508191300,1328489500,-65887150,0,153608000,39721050,149112088150,1283501550,150588918750,908019050,547912350,147783598650,1349388700,150588918750
2021-03-11,30650,33800,30200,31150,4503515,-1.2678288431061806,16258,24546,-65120,24316,0,19408,75206,4353536,55365,4503515,3150,50660,4418656,31049,4503515,515193350,716884300,-1974389950,742312300,0,619568350,2356420400,139756901800,1729028600,144461919150,104375000,1639536100,141731291750,986716300,144461919150
2021-03-12,30900,31450,30100,30200,1276195,-3.0497592295345104,1271,1650,29922,-32843,0,4329,2550,1242568,26748,1276195,3058,900,1212646,59591,1276195,41217050,50362000,918270250,-1009849300,0,134727100,78307000,38210556850,831457400,39255048350,93510050,27945000,37292286600,1841306700,39255048350
2021-03-15,30550,30650,29800,30200,793194,0.0,5246,-6129,-4959,5842,0,5246,57575,719797,10576,793194,0,63704,724756,4734,793194,158247350,-179235250,-153917350,174905250,0,158247350,1746773800,21734759600,318593550,23958374300,0,1926009050,21888676950,143688300,23958374300
2021-03-16,30450,31100,29800,30750,748012,1.8211920529801324,2222,66295,-62399,-6118,0,2225,76295,661391,8101,748012,3,10000,723790,14219,748012,66548000,2012392600,-1891481700,-187458900,0,66638750,2312432650,20098546550,244292600,22721910550,90750,300040050,21990028250,431751500,22721910550
2021-03-17,30800,31800,30650,31350,896265,1.951219512195122,-1100,15603,-13716,-787,0,0,21300,856522,18443,896265,1100,5697,870238,19230,896265,-34715000,482937500,-422220900,-26001600,0,0,660570000,26767446200,571321200,27999337400,34715000,177632500,27189667100,597322800,27999337400
2021-03-18,31250,36400,30550,32500,7609477,3.6682615629984054,-11603,6403,6586,-1386,0,252,11300,7568581,29344,7609477,11855,4897,7561995,30730,7609477,-399417100,193661200,280835650,-75079750,0,7895050,361460000,258391679150,943675350,259704709550,407312150,167798800,258110843500,1018755100,259704709550
2021-03-19,31800,33650,31050,31600,2061816,-2.769230769230769,908,-8597,11056,-3367,0,1415,21965,2024007,14429,2061816,507,30562,2012951,17796,2061816,28479450,-280611600,360790350,-108658200,0,45075300,693095400,65014952400,458992900,66212116000,16595850,973707000,64654162050,567651100,66212116000
2021-03-22,31850,32650,31400,31450,722241,-0.4746835443037975,294,-2730,482,1954,0,294,550,712300,9097,722241,0,3280,711818,7143,722241,9362000,-87748050,15018900,63367150,0,9362000,17412950,22702817800,290305800,23019898550,0,105161000,22687798900,226938650,23019898550
2021-03-23,31550,32800,31300,31550,1044459,0.3179650238473768,-11330,-940,16242,-3972,0,323,1050,1030511,12575,1044459,11653,1990,1014269,16547,1044459,-358972200,-29686500,513536500,-124877800,0,10450850,33396500,32992234600,403504400,33439586350,369423050,63083000,32478698100,528382200,33439586350
2021-03-24,31600,31700,30650,30650,642410,-2.8526148969889067,-10616,98765,-88698,549,0,1250,100000,531517,9643,642410,11866,1235,620215,9094,642410,-328673500,3054209300,-2740322550,14786750,0,39087500,3093050000,16547155350,299015950,19978308800,367761000,38840700,19287477900,284229200,19978308800
2021-03-25,31100,31500,30050,30500,509683,-0.48939641109298526,-19573,45915,-25159,-1183,0,100,50200,455474,3909,509683,19673,4285,480633,5092,509683,-598613200,1387878500,-753549400,-35715900,0,3010000,1518051500,13977916000,120281150,15619258650,601623200,130173000,14731465400,155997050,15619258650
2021-03-26,30500,31150,29900,30300,628922,-0.6557377049180327,-1838,9545,-10556,2849,0,1162,10645,603681,13434,628922,3000,1100,614237,10585,628922,-57278300,288283500,-315806650,84801450,0,35221700,321323500,18355070150,407921900,19119537250,92500000,33040000,18670876800,323120450,19119537250
2021-03-29,30300,30300,29050,29100,671040,-3.9603960396039604,-1392,-269,3255,-1594,0,0,960,659085,10995,671040,1392,1229,655830,12589,671040,-40646400,-8285550,94625750,-45693800,0,0,28226900,19430550300,326424100,19785201300,40646400,36512450,19335924550,372117900,19785201300
2021-03-30,28800,28850,28000,28000,674179,-3.7800687285223367,-52385,23414,27057,1914,0,600,25014,638805,9760,674179,52985,1600,611748,7846,674179,-1479112000,664175500,761707650,53228850,0,17012500,709435300,18028791250,275898350,19031137400,1496124500,45259800,17267083600,222669500,19031137400
2021-03-31,28000,29250,27600,28200,554027,0.7142857142857143,-407,-465,3498,-2626,0,0,935,545494,7598,554027,407,1400,541996,10224,554027,-11478400,-12876100,101655300,-77300800,0,0,26969250,15488257850,212268550,15727495650,11478400,39845350,15386602550,289569350,15727495650
2021-04-01,28100,28700,28100,28200,296922,0.0,3402,2804,-8095,1889,0,3402,3954,286357,3209,296922,0,1150,294452,1320,296922,96146200,79578400,-229306050,53581450,0,96146200,112095900,8119652500,90946700,8418841300,0,32517500,8348958550,37365250,8418841300
2021-04-02,28300,28700,28200,28250,249688,0.1773049645390071,500,-70,-1164,734,0,500,318,246590,2280,249688,0,388,247754,1546,249688,14275000,-2019800,-33210500,20955300,0,14275000,8999400,7004667150,65073700,7093015250,0,11019200,7037877650,44118400,7093015250
2021-04-05,27800,28500,26850,26900,584687,-4.778761061946903,295,-1428,2640,-1507,0,5187,1000,573802,4698,584687,4892,2428,571162,6205,584687,9619650,-40254100,72747300,-42112850,0,141431350,27450000,15804687350,129110250,16102678950,131811700,67704100,15731940050,171223100,16102678950
2021-04-06,26600,27000,25600,25800,761757,-4.089219330855019,-11644,-15491,26575,560,0,3203,6709,739708,12137,761757,14847,22200,713133,11577,761757,-299153450,-397874050,680309300,16718200,0,84181400,175395050,19243850850,318119950,19821547250,383334850,573269100,18563541550,301401750,19821547250
2021-04-07,26250,27350,25800,26500,572854,2.7131782945736433,9694,-8492,-2243,1041,0,9914,3700,550534,8706,572854,220,12192,552777,7665,572854,257013900,-225884500,-60020100,28890700,0,262896400,98551500,14711940250,232835400,15306223550,5882500,324436000,14771960350,203944700,15306223550
2021-04-08,27150,27450,26750,26900,311466,1.509433962264151,-134,466,150,-482,0,0,1001,308114,2351,311466,134,535,307964,2833,311466,-3658200,12777100,3724250,-12843150,0,0,27227350,8339335050,63700100,8430262500,3658200,14450250,8335610800,76543250,8430262500
2021-04-09,26900,30750,26900,29000,1817501,7.806691449814126,1158,1166,329,-2653,0,8933,2559,1795873,10136,1817501,7775,1393,1795544,12789,1817501,32155450,33694350,11076450,-76926250,0,258356250,75262950,52609040250,294756450,53237415900,226200800,41568600,52597963800,371682700,53237415900
2021-04-12,29350,30250,28850,29600,590522,2.0689655172413794,18905,14100,-34477,1472,0,19023,15000,545253,11246,590522,118,900,579730,9774,590522,563143850,416624000,-1021399900,41632050,0,566648450,443254000,16139543800,331890000,17481336250,3504600,26630000,17160943700,290257950,17481336250
2021-04-13,30000,30650,29400,29650,669082,0.16891891891891891,-25413,-4037,25790,3660,0,701,1813,652420,14148,669082,26114,5850,626630,10488,669082,-766425100,-121968700,777360750,111033050,0,20985800,54311300,19623755400,425922200,20124974700,787410900,176280000,18846394650,314889150,20124974700
2021-04-14,30000,30100,28800,29450,461603,-0.6745362563237773,-1502,-3081,5532,-949,0,0,259,454977,6367,461603,1502,3340,449445,7316,461603,-43725650,-90354100,161082300,-27002550,0,0,7526900,13340455800,186223850,13534206550,43725650,97881000,13179373500,213226400,13534206550
2021-04-15,29350,32200,29000,31000,2446476,5.263157894736842,5574,94379,-101614,1661,0,7068,95082,2323953,20373,2446476,1494,703,2425567,18712,2446476,172807950,2907135650,-3123482450,43538850,0,218666900,2928693950,72458475700,629963100,76235799650,45858950,21558300,75581958150,586424250,76235799650
2021-04-16,35500,36600,32050,32300,5614650,4.193548387096775,-27073,27884,1753,-2564,0,17681,42913,5529229,24827,5614650,44754,15029,5527476,27391,5614650,-927249900,938787250,77012050,-88549400,0,603992900,1444324850,187759078250,839784600,190647180600,1531242800,505537600,187682066200,928334000,190647180600
2021-04-19,33000,33550,31450,31550,960479,-2.321981424148607,-2383,4840,-3966,1509,0,121,8997,945850,5511,960479,2504,4157,949816,4002,960479,-77783200,156028550,-124497700,46252350,0,3847800,289363550,30541974200,175529500,31010715050,81631000,133335000,30666471900,129277150,31010715050
2021-04-20,31700,33250,31250,32650,1354694,3.4865293185419968,46079,9856,-62223,6288,0,47755,15525,1275776,15638,1354694,1676,5669,1337999,9350,1354694,1500298550,321828450,-2021487000,199360000,0,1555113950,501825800,41368460850,502532050,43927932650,54815400,179997350,43389947850,303172050,43927932650
2021-04-21,33400,34050,32300,32950,1035152,0.9188361408882083,6647,-59987,63792,-10452,0,8700,14309,1010771,1372,1035152,2053,74296,946979,11824,1035152,222541300,-1969985250,2092940650,-345496700,0,291116100,474276250,33484204300,45375100,34294971750,68574800,2444261500,31391263650,390871800,34294971750
2021-04-22,34100,39050,33550,35650,7643291,8.19423368740516,83158,-2499,-90915,10256,0,150810,26449,7426284,39748,7643291,67652,28948,7517199,29492,7643291,2777010350,-101212550,-3022929000,347131200,0,5257975650,948385800,272715633650,1419379800,280341374900,2480965300,1049598350,275738562650,1072248600,280341374900
2021-04-23,37450,39400,36150,37000,3409969,3.7868162692847123,-17035,54066,17598,-54629,0,2952,61132,3339106,6779,3409969,19987,7066,3321508,61408,3409969,-655063200,2018037450,676120950,-2039095200,0,111059700,2287996350,125680446150,255075550,128334577750,766122900,269958900,125004325200,2294170750,128334577750
2021-04-26,35500,35800,33000,33000,1623467,-10.81081081081081,1152,-1507,-4585,4940,0,2526,748,1592511,27682,1623467,1374,2255,1597096,22742,1623467,39208850,-53812700,-169010700,183614550,0,87667950,25618050,54771332000,962737150,55847355150,48459100,79430750,54940342700,779122600,55847355150
2021-04-27,33500,34050,32250,33150,944016,0.45454545454545453,-757,-12762,15914,-2395,0,413,7323,928088,8192,944016,1170,20085,912174,10587,944016,-25299000,-418536600,527242650,-83407050,0,13537800,239681150,30632899750,269751700,31155870400,38836800,658217750,30105657100,353158750,31155870400
2021-04-28,34750,38000,34000,35500,4133708,7.088989441930618,-19188,-60088,81627,-2351,0,1426,3467,4107396,21419,4133708,20614,63555,4025769,23770,4133708,-684613950,-2127975600,2917666850,-105077300,0,51192650,124550300,148712944800,769646700,149658334450,735806600,2252525900,145795277950,874724000,149658334450
2021-04-29,34750,35500,34000,34250,686911,-3.5211267605633805,-1730,-10028,7149,4609,0,75,1157,677396,8283,686911,1805,11185,670247,3674,686911,-59440250,-346034100,248061850,157412500,0,2584300,39568500,23350812500,284722750,23677688050,62024550,385602600,23102750650,127310250,23677688050
2021-04-30,35150,35500,33800,33850,896596,-1.167883211678832,-17228,522,19649,-2943,0,0,835,893225,2536,896596,17228,313,873576,5479,896596,-593189350,18165900,680411450,-105388000,0,0,29183500,30977993000,87298050,31094474550,593189350,11017600,30297581550,192686050,31094474550
2021-05-03,33600,34500,31500,31900,564073,-5.760709010339734,-36344,61,36077,206,0,163,3112,557856,2942,564073,36507,3051,521779,2736,564073,-1170450450,2677300,1160848300,6924850,0,5213800,101469750,18098662150,96530400,18301876100,1175664250,98792450,16937813850,89605550,18301876100
2021-05-04,32000,32100,29400,30150,664558,-5.4858934169279,-23989,-11850,41687,-5848,0,200,151,654032,10175,664558,24189,12001,612345,16023,664558,-714442650,-353609050,1243724400,-175672700,0,6010000,4566850,19646336200,305940450,19962853500,720452650,358175900,18402611800,481613150,19962853500
2021-05-06,29500,30400,28950,29750,438566,-1.3266998341625207,-72346,-313,61859,10800,0,1447,1303,419937,15879,438566,73793,1616,358078,5079,438566,-2133637700,-8717950,1822928200,319427450,0,42828800,38308850,12416689150,470246150,12968072950,2176466500,47026800,10593760950,150818700,12968072950
2021-05-07,30050,31250,30000,30200,347975,1.5126050420168067,-925,-19383,23496,-3188,0,455,1430,342661,3429,347975,1380,20813,319165,6617,347975,-28294850,-584423550,712455050,-99736650,0,13850550,43104500,10469214400,104132000,10630301450,42145400,627528050,9756759350,203868650,10630301450
2021-05-10,30550,31150,30250,30400,414710,0.6622516556291391,-120426,100,125785,-5459,0,0,100,412580,2030,414710,120426,0,286795,7489,414710,-3676478000,3030000,3842086900,-168638900,0,0,3030000,12621723500,61739650,12686493150,3676478000,0,8779636600,230378550,12686493150
2021-05-11,29800,30300,29050,30000,558900,-1.3157894736842104,14054,14076,24826,-52956,0,37237,16624,503325,1714,558900,23183,2548,478499,54670,558900,413332250,418094750,726009250,-1557436250,0,1106514400,493515550,14825024600,50584850,16475639400,693182150,75420800,14099015350,1608021100,16475639400
2021-05-12,29600,30900,29150,29250,323263,-2.5,2873,80,-6136,3183,0,3581,257,314394,5031,323263,708,177,320530,1848,323263,85731550,2152000,-182208750,94325200,0,107086500,7572550,9336723450,149419700,9600802200,21354950,5420550,9518932200,55094500,9600802200
2021-05-13,28650,30900,28350,29800,463954,1.8803418803418803,7835,2833,-7812,-2856,0,20817,2833,433892,6412,463954,12982,0,441704,9268,463954,221811500,83384200,-217452000,-87743700,0,611102150,83384200,12919841450,186773950,13801101750,389290650,0,13137293450,274517650,13801101750
2021-05-14,29800,30150,29350,29350,211025,-1.5100671140939599,5277,1215,-7275,783,0,8729,1215,198928,2153,211025,3452,0,206203,1370,211025,156732600,36028550,-215983800,23222650,0,258814200,36028550,5891364300,64012700,6250219750,102081600,0,6107348100,40790050,6250219750
2021-05-17,29350,30300,29350,30150,336688,2.72572402044293,41183,-20658,-27832,7307,0,47683,4342,275987,8676,336688,6500,25000,303819,1369,336688,1238139800,-622040150,-834118100,218018450,0,1432398600,130323300,8266971250,259193000,10088886150,194258800,752363450,9101089350,41174550,10088886150
2021-05-18,28900,30600,28850,30000,342184,-0.4975124378109453,-267,-8541,6203,2605,0,0,2789,330233,9162,342184,267,11330,324030,6557,342184,-8094550,-255946450,188785500,75255500,0,0,83884550,9842225800,271851400,10197961750,8094550,339831000,9653440300,196595900,10197961750
2021-05-20,30200,30200,28900,29100,397994,-3.0,-36828,-1120,44591,-6643,0,99,200,393206,4489,397994,36927,1320,348615,11132,397994,-1075423000,-32411500,1306860200,-199025700,0,2872500,5802500,11495675800,131399650,11635750450,1078295500,38214000,10188815600,330425350,11635750450
2021-05-21,29200,29300,28800,28800,241738,-1.0309278350515463,-8533,-13173,21462,244,0,100,1827,236947,2864,241738,8633,15000,215485,2620,241738,-247513850,-381925100,622505550,6933400,0,2907700,52949350,6868814700,83144950,7007816700,250421550,434874450,6246309150,76211550,7007816700
2021-05-24,29000,29250,27700,27750,321771,-3.6458333333333335,-63609,-7679,73161,-1873,0,0,212,320398,1161,321771,63609,7891,247237,3034,321771,-1790027200,-216123050,2061158200,-55007950,0,0,5895400,9048737900,32851100,9087484400,1790027200,222018450,6987579700,87859050,9087484400
2021-05-25,27950,28600,27750,28300,180344,1.981981981981982,-3204,10322,-8876,1758,0,2308,10322,162963,4751,180344,5512,0,171839,2993,180344,-89494650,292265100,-251197600,48427150,0,64985500,292265100,4584177150,132683850,5074111600,154480150,0,4835374750,84256700,5074111600
2021-05-26,28000,30950,27750,29850,835849,5.477031802120141,-8748,-11238,24431,-4445,0,48967,1093,781970,3819,835849,57715,12331,757539,8264,835849,-207922650,-328602300,670197300,-133672350,0,1435492500,32077000,23099441750,110772600,24677783850,1643415150,360679300,22429244450,244444950,24677783850
2021-05-27,30500,31450,29950,29950,623021,0.33500837520938026,59502,-4147,-59381,4026,0,73735,218,541611,7457,623021,14233,4365,600992,3431,623021,1820582000,-127706050,-1817004900,124128950,0,2259240150,6703600,16577215450,228844500,19072003700,438658150,134409650,18394220350,104715550,19072003700
2021-05-28,30300,30500,29850,30000,197936,0.1669449081803005,24610,-147,-22678,-1785,0,25128,0,172033,775,197936,518,147,194711,2560,197936,741995150,-4424700,-683783750,-53786700,0,757669650,0,5185192500,23251050,5966113200,15674500,4424700,5868976250,77037750,5966113200
2021-05-31,30000,30150,29400,29450,201459,-1.8333333333333333,-2452,-360,5277,-2465,0,226,1000,199277,956,201459,2678,1360,194000,3421,201459,-72883750,-10761050,156906750,-73261950,0,6750000,29700000,5912856050,28455900,5977761950,79633750,40461050,5755949300,101717850,5977761950
2021-06-01,29350,29450,28550,28750,342618,-2.3769100169779285,-36597,1627,29897,5073,0,5206,2000,328776,6636,342618,41803,373,298879,1563,342618,-1047751950,46522800,855788300,145440850,0,149615700,57350000,9452295800,190570500,9849832000,1197367650,10827200,8596507500,45129650,9849832000
2021-06-02,28750,28950,28350,28400,169009,-1.2173913043478262,153,-859,-1418,2124,0,475,801,164475,3258,169009,322,1660,165893,1134,169009,4336150,-24233850,-41036150,60933850,0,13529550,22843400,4684658600,93341500,4814373050,9193400,47077250,4725694750,32407650,4814373050
2021-06-03,28450,28900,28450,28700,122513,1.056338028169014,-6375,740,5898,-263,0,128,740,120311,1334,122513,6503,0,114413,1597,122513,-183338550,21238000,169644550,-7544000,0,3676650,21238000,3456582250,38224100,3519721000,187015200,0,3286937700,45768100,3519721000
2021-06-04,28700,28900,28450,28550,172742,-0.5226480836236934,-48560,975,49656,-2071,0,486,1018,169684,1554,172742,49046,43,120028,3625,172742,-1387511850,27830250,1418978100,-59296500,0,13911450,29063000,4854824550,44590300,4942389300,1401423300,1232750,3435846450,103886800,4942389300
2021-06-07,28900,28900,28000,28100,197224,-1.5761821366024518,-34,-2000,2236,-202,0,806,1500,194408,510,197224,840,3500,192172,712,197224,-1018100,-55400000,62289000,-5870900,0,22761950,42950000,5490378400,14340900,5570431250,23780050,98350000,5428089400,20211800,5570431250
2021-06-08,28100,28300,27500,27700,286970,-1.4234875444839856,-26251,-1033,25545,1739,0,909,456,282825,2780,286970,27160,1489,257280,1041,286970,-726008250,-28711050,706253400,48465900,0,25381600,12585550,7828030800,77377350,7943375300,751389850,41296600,7121777400,28911450,7943375300
2021-06-09,27700,27900,27400,27500,147838,-0.7220216606498195,-924,0,-1087,2011,0,48,0,145334,2456,147838,972,0,146421,445,147838,-25458600,0,-29836900,55295500,0,1329600,0,4006187850,67672500,4075189950,26788200,0,4036024750,12377000,4075189950
2021-06-10,27950,28850,27650,28200,269609,2.5454545454545454,-1000,360,-4258,4898,0,670,1462,258525,8952,269609,1670,1102,262783,4054,269609,-28771000,10231950,-122460400,140999450,0,18972000,41538350,7325782750,255308800,7641601900,47743000,31306400,7448243150,114309350,7641601900
2021-06-11,28900,28900,28100,28350,175840,0.5319148936170213,-30069,-1498,32112,-545,0,193,0,174598,1049,175840,30262,1498,142486,1594,175840,-848659150,-42284750,906880000,-15936100,0,5547000,0,4959097950,29564600,4994209550,854206150,42284750,4052217950,45500700,4994209550
2021-06-14,28450,28550,28050,28200,141400,-0.5291005291005291,-17039,2,16046,991,0,4356,1002,134012,2030,141400,21395,1000,117966,1039,141400,-481041050,356400,452862100,27822550,0,123077400,28556400,3789925800,57137550,3998697150,604118450,28200000,3337063700,29315000,3998697150
2021-06-15,28400,28400,28050,28150,115203,-0.1773049645390071,-8876,-500,6225,3151,0,188,1,111171,3843,115203,9064,501,104946,692,115203,-250186350,-14099950,175200950,89085350,0,5301600,28200,3133712100,108574850,3247616750,255487950,14128150,2958511150,19489500,3247616750
2021-06-16,28000,28700,28000,28300,132327,0.5328596802841918,6422,998,-18033,10613,0,6637,1000,113659,11031,132327,215,2,131692,418,132327,183016300,28318100,-512039000,300704600,0,189057800,28375000,3225186550,312571450,3755190800,6041500,56900,3737225550,11866850,3755190800
2021-06-17,28100,28500,27950,28100,160349,-0.7067137809187279,-4060,3003,4064,-3007,0,6871,3003,145777,4698,160349,10931,0,141713,7705,160349,-114942150,84806000,115409700,-85273550,0,193965500,84806000,4108239000,132336500,4519347000,308907650,0,3992829300,217610050,4519347000
2021-06-18,28150,31100,27850,29150,785871,3.7366548042704624,10407,217,8549,-19173,0,11921,7770,761977,4203,785871,1514,7553,753428,23376,785871,293075900,14230450,246995600,-554301950,0,336580300,231004600,22408403700,122148300,23098136900,43504400,216774150,22161408100,676450250,23098136900
2021-06-21,29200,29250,28600,28600,227558,-1.8867924528301887,-3696,104,2671,921,0,466,104,223854,3134,227558,4162,0,221183,2213,227558,-106333050,2974400,76897400,26461250,0,13514200,2974400,6444215700,90073100,6550777400,119847250,0,6367318300,63611850,6550777400
2021-06-22,28650,29450,28500,28850,229028,0.8741258741258742,-11163,-887,4742,7308,0,966,113,217745,10204,229028,12129,1000,213003,2896,229028,-321278200,-25574050,136893900,209958350,0,27914100,3255850,6281979550,293265000,6606414500,349192300,28829900,6145085650,83306650,6606414500
2021-06-23,29000,30500,28800,30050,550267,4.15944540727903,39314,-3928,-59939,24553,0,45968,1042,461578,41679,550267,6654,4970,521517,17126,550267,1173835250,-117435200,-1781789400,725389350,0,1371712800,31307900,13706848850,1235680900,16345550450,197877550,148743100,15488638250,510291550,16345550450
2021-06-24,30400,31100,29400,29500,630846,-1.8302828618968388,-23979,-1572,6098,19453,0,20117,1562,573932,35235,630846,44096,3134,567834,15782,630846,-717646700,-48280850,171412700,594514850,0,609999200,47955400,17461438550,1075336850,19194730000,1327645900,96236250,17290025850,480822000,19194730000
2021-06-25,29950,30400,29550,30050,310001,1.864406779661017,42840,0,-47170,4330,0,44840,0,256773,8388,310001,2000,0,303943,4058,310001,1287358650,0,-1418170350,130811700,0,1347488700,0,7701337900,252196150,9301022750,60130050,0,9119508250,121384450,9301022750
2021-06-28,30050,32000,29800,32000,980530,6.4891846921797,73401,12955,-158321,71965,0,106096,16237,772277,85920,980530,32695,3282,930598,13955,980530,2319324200,400743150,-4989500850,2269433500,0,3352853200,503492000,24152249000,2703478600,30712072800,1033529000,102748850,29141749850,434045100,30712072800
2021-06-29,32600,33500,32050,33050,1048447,3.28125,-18223,16853,-25506,26876,0,126307,18116,854566,49458,1048447,144530,1263,880072,22582,1048447,-600842100,560539100,-848202150,888505150,0,4147361250,602623950,28064278300,1624594950,34438858450,4748203350,42084850,28912480450,736089800,34438858450
2021-06-30,34400,35100,32900,33000,1210558,-0.15128593040847202,-153876,11584,163631,-21339,0,54191,14481,1055156,86730,1210558,208067,2897,891525,108069,1210558,-5095721800,388704950,5451369000,-744352150,0,1825191850,485947350,35636264400,2932335600,40879739200,6920913650,97242400,30184895400,3676687750,40879739200
2021-07-01,32700,33000,29450,32100,658206,-2.727272727272727,50697,-1739,-63132,14174,0,73185,9729,552631,22661,658206,22488,11468,615763,8487,658206,1642202300,-51625600,-2043213700,452637000,0,2363034950,314753700,17694502700,725350600,21097641950,720832650,366379300,19737716400,272713600,21097641950
2021-07-02,32200,32850,31900,31900,342303,-0.6230529595015576,6832,4714,-2930,-8616,0,31902,5400,293048,11953,342303,25070,686,295978,20569,342303,221366850,153871500,-99648200,-275590150,0,1039248850,175995000,9470915900,387079100,11073238850,817882000,22123500,9570564100,662669250,11073238850
2021-07-05,31200,32500,31200,31450,442659,-1.4106583072100314,17259,0,-20612,3353,0,21387,1864,405363,14045,442659,4128,1864,425975,10692,442659,555114200,173300,-657716400,102428900,0,686207300,59571100,12890538150,444364400,14080680950,131093100,59397800,13548254550,341935500,14080680950
2021-07-06,31700,31750,30750,30750,313794,-2.2257551669316373,24501,152,-39723,15070,0,24625,152,264675,24342,313794,124,0,304398,9272,313794,766014100,4712500,-1234798150,464071550,0,769913900,4712500,8240286350,755179050,9770091800,3899800,0,9475084500,291107500,9770091800
2021-07-07,30950,32350,30950,31750,415197,3.2520325203252036,-106,-2330,-21769,24205,0,2380,670,377443,34704,415197,2486,3000,399212,10499,415197,-3204350,-73518000,-688056850,764779200,0,76082400,21282000,11990205400,1098146600,13185716400,79286750,94800000,12678262250,333367400,13185716400
2021-07-08,31850,33000,30800,31200,400990,-1.7322834645669292,41831,-3361,-11351,-27119,0,44168,160,349572,7090,400990,2337,3521,360923,34209,400990,1345254000,-104413900,-374106600,-866733500,0,1418711350,4984000,11013603000,220263700,12657562050,73457350,109397900,11387709600,1086997200,12657562050
2021-07-09,30950,31350,30300,30900,403836,-0.9615384615384616,-107568,-4900,112785,-317,0,0,100,387901,15835,403836,107568,5000,275116,16152,403836,-3298151050,-148869900,3458821350,-11800400,0,0,3070000,11919183350,487509200,12409762550,3298151050,151939900,8460362000,499309600,12409762550
2021-07-12,30800,31050,30450,30500,151826,-1.2944983818770228,-23,0,4355,-4332,0,0,0,150683,1143,151826,23,0,146328,5475,151826,-705300,0,133751450,-133046150,0,0,0,4619702400,35127550,4654829950,705300,0,4485950950,168173700,4654829950
2021-07-13,30700,30700,29750,29950,375925,-1.8032786885245904,-834,4022,-6606,3418,0,0,4522,361619,9784,375925,834,500,368225,6366,375925,-24941650,120396750,-197329550,101874450,0,0,135530600,10861756300,293192950,11290479850,24941650,15133850,11059085850,191318500,11290479850
2021-07-14,29800,29800,28850,29100,468861,-2.8380634390651087,-72629,-13835,131655,-45191,0,5148,2611,455431,5671,468861,77777,16446,323776,50862,468861,-2112064900,-403402600,3832434950,-1316967450,0,150267200,75897900,13277767100,166707600,13670639800,2262332100,479300500,9445332150,1483675050,13670639800
2021-07-15,29100,29400,28600,28950,289643,-0.5154639175257731,4326,1690,-8778,2762,0,6565,1690,274848,6540,289643,2239,0,283626,3778,289643,125695500,49079500,-253967250,79192250,0,190344600,49079500,7945629150,188922800,8373976050,64649100,0,8199596400,109730550,8373976050
2021-07-16,28950,29700,28750,29300,197362,1.2089810017271159,0,-1100,-544,1644,0,68,673,192001,4620,197362,68,1773,192545,2976,197362,-3400,-31870150,-16471150,48344700,0,1989000,19505850,5607965200,134849100,5764309150,1992400,51376000,5624436350,86504400,5764309150
2021-07-19,29500,29550,29100,29300,140617,0.0,-11639,0,13381,-1742,0,68,0,139757,792,140617,11707,0,126376,2534,140617,-340760000,0,391909500,-51149500,0,1992400,0,4093860600,23252200,4119105200,342752400,0,3701951100,74401700,4119105200
2021-07-20,28650,29250,28600,28850,175623,-1.5358361774744027,-3770,-5200,7289,1681,0,0,300,171175,4148,175623,3770,5500,163886,2467,175623,-108814750,-149825950,210106700,48534000,0,0,8652500,4937894150,119808200,5066354850,108814750,158478450,4727787450,71274200,5066354850
2021-07-21,28850,30100,28750,29900,348727,3.6395147313691507,-7875,4196,-660,4339,0,0,6218,333593,8916,348727,7875,2022,334253,4577,348727,-227457500,122261250,-22567050,127763300,0,0,182198250,9837323050,262411900,10281933200,227457500,59937000,9859890100,134648600,10281933200
2021-07-22,29900,29900,29050,29150,217992,-2.508361204013378,-56637,0,63040,-6403,0,69,0,217568,355,217992,56706,0,154528,6758,217992,-1663004200,0,1852185550,-189181350,0,2021700,0,6399086800,10408650,6411517150,1665025900,0,4546901250,199590000,6411517150
2021-07-23,29100,29350,28900,28900,170964,-0.8576329331046313,-30575,1,37230,-6656,0,125,1,169911,927,170964,30700,0,132681,7583,170964,-888603200,28950,1081620700,-193046450,0,3631250,28950,4937713450,26943200,4968316850,892234450,0,3856092750,219989650,4968316850
2021-07-26,29000,29100,28700,28700,130196,-0.6920415224913495,0,-368,953,-585,0,19,0,129784,393,130196,19,368,128831,978,130196,-950,-10653600,27592350,-16937800,0,550050,0,3748232050,11355750,3760137850,551000,10653600,3720639700,28293550,3760137850
2021-07-27,28650,28750,28200,28250,211456,-1.5679442508710801,-26898,-2000,28346,552,0,4196,0,206684,576,211456,31094,2000,178338,24,211456,-762437950,-57300000,804145300,15592650,0,119158150,0,5864996700,16277900,6000432750,881596100,57300000,5060851400,685250,6000432750
2021-07-28,28250,28600,28250,28300,172047,0.17699115044247787,-847,-346,-2035,3228,0,0,0,167541,4506,172047,847,346,169576,1278,172047,-23980350,-9791800,-57955850,91728000,0,0,0,4755306000,128125150,4883431150,23980350,9791800,4813261850,36397150,4883431150
2021-07-29,28550,28750,28300,28550,129760,0.88339222614841,570,18,-1414,826,0,2045,18,126060,1637,129760,1475,0,127474,811,129760,16521850,512600,-40530200,23495750,0,58403050,512600,3594789750,46701250,3700406650,41881200,0,3635319950,23205500,3700406650
2021-07-30,28550,28550,27850,27900,223901,-2.276707530647986,-200,-8250,45719,-37269,0,0,300,222478,1123,223901,200,8550,176759,38392,223901,-5595000,-232001350,1283502600,-1045906250,0,0,8420000,6243173850,31659300,6283253150,5595000,240421350,4959671250,1077565550,6283253150
2021-08-02,27800,28300,27700,28050,103055,0.5376344086021506,0,0,-3680,3680,0,40,0,92705,10310,103055,40,0,96385,6630,103055,-4000,0,-103564500,103568500,0,1122000,0,2602963700,289874950,2893960650,1126000,0,2706528200,186306450,2893960650
2021-08-03,28150,28500,27800,28100,126584,0.17825311942959002,0,0,4326,-4326,0,0,0,125429,1155,126584,0,0,121103,5481,126584,0,0,121655850,-121655850,0,0,0,3514377100,32292300,3546669400,0,0,3392721250,153948150,3546669400
2021-08-04,28000,28850,27950,28400,174187,1.0676156583629894,-4054,-260,4765,-451,0,3398,120,161505,9164,174187,7452,380,156740,9615,174187,-115210500,-7372000,135739250,-13156750,0,96641850,3401000,4593457950,260008000,4953508800,211852350,10773000,4457718700,273164750,4953508800
2021-08-05,28300,30700,28300,30600,813872,7.746478873239436,105570,29049,-155266,20647,0,118316,36835,620084,38637,813872,12746,7786,775350,17990,813872,3190709150,879380400,-4681348100,611258550,0,3572787500,1114344900,18615235000,1151000750,24453368150,382078350,234964500,23296583100,539742200,24453368150
2021-08-06,30500,32900,29900,31850,1412043,4.084967320261438,160534,7956,-226158,57668,0,196170,18499,1091588,105786,1412043,35636,10543,1317746,48118,1412043,5156432850,266035450,-7253550500,1831082200,0,6310373200,596626900,34886169300,3357554950,45150724350,1153940350,330591450,42139719800,1526472750,45150724350
2021-08-09,32250,33300,31200,31950,925100,0.3139717425431711,19687,-7572,43494,-55609,0,35214,9580,852736,27570,925100,15527,17152,809242,83179,925100,630324050,-240420300,1411876250,-1801780000,0,1133092650,310650200,27537126150,889655500,29870524500,502768600,551070500,26125249900,2691435500,29870524500
2021-08-10,33700,34000,30800,31100,1123440,-2.660406885758998,-99259,6741,128120,-35602,0,23685,17384,1058497,23874,1123440,122944,10643,930377,59476,1123440,-3184704100,231208900,4112689150,-1159193950,0,766062450,578155500,34239920800,777489250,36361628000,3950766550,346946600,30127231650,1936683200,36361628000
2021-08-11,30850,33600,30650,32400,1175897,4.180064308681672,-7563,-2835,-38192,48590,0,46843,8643,1034737,85674,1175897,54406,11478,1072929,37084,1175897,-243322750,-90613850,-1227045400,1560982000,0,1523679750,284234950,33712876550,2765895100,38286686350,1767002500,374848800,34939921950,1204913100,38286686350
2021-08-12,32400,33000,31750,31850,386830,-1.6975308641975309,-6342,1145,37424,-32227,0,5983,4724,365416,10707,386830,12325,3579,327992,42934,386830,-203176100,36406950,1209472900,-1042703750,0,193332650,152366800,11810766050,347076800,12503542300,396508750,115959850,10601293150,1389780550,12503542300
2021-08-13,31650,32100,30600,31550,424017,-0.9419152276295133,-6247,4672,-67846,69421,0,12818,7048,324024,80127,424017,19065,2376,391870,10706,424017,-195322950,145165500,-2099890350,2150047800,0,398320450,219217750,10108734050,2487602300,13213874550,593643400,74052250,12208624400,337554500,13213874550
2021-08-17,31600,32500,30800,30850,514136,-2.218700475435816,-66384,-25,89559,-23150,0,7836,1400,474019,30881,514136,74220,1425,384460,54031,514136,-2060699650,-1001200,2797602350,-735901500,0,246547050,43394350,14865121500,964791700,16119854600,2307246700,44395550,12067519150,1700693200,16119854600
2021-08-18,31000,31250,29750,30100,390448,-2.4311183144246353,-56252,-18687,22273,52666,0,2313,65,318334,69736,390448,58565,18752,296061,17070,390448,-1690201450,-564070050,664013400,1590258100,0,71378650,2024750,9674814900,2113400400,11861618700,1761580100,566094800,9010801500,523142300,11861618700
2021-08-19,30100,30300,28550,29000,377119,-3.6544850498338874,-9321,-4235,5158,8398,0,7052,0,345536,24531,377119,16373,4235,340378,16133,377119,-267078600,-122256900,146077200,243258300,0,205624700,0,10133491650,715228950,11054345300,472703300,122256900,9987414450,471970650,11054345300
2021-08-20,29500,29800,28300,28700,286824,-1.0344827586206897,-22466,-3,35684,-13215,0,0,0,266883,19941,286824,22466,3,231199,33156,286824,-647389050,-85500,1031560000,-384085450,0,0,0,7691974650,571957900,8263932550,647389050,85500,6660414650,956043350,8263932550
2021-08-23,29200,30350,28700,29600,326062,3.1358885017421603,-43082,-186,10623,32645,0,0,240,269937,55885,326062,43082,426,259314,23240,326062,-1277020100,-5561900,310544500,972037500,0,0,7140000,7993655950,1661034950,9661830900,1277020100,12701900,7683111450,688997450,9661830900
2021-08-24,29800,31250,29750,31100,357101,5.0675675675675675,43346,375,-82644,38923,0,49987,375,260222,46517,357101,6641,0,342866,7594,357101,1332787100,11596250,-2542989450,1198606100,0,1537641250,11596250,7987198250,1429402650,10965838400,204854150,0,10530187700,230796550,10965838400
2021-08-25,31500,32200,30300,31800,488473,2.2508038585209005,137578,-2343,-115646,-19589,0,148008,712,317299,22454,488473,10430,3055,432945,42043,488473,4334778000,-73460900,-3639481100,-621836000,0,4665993700,22607900,9929681750,699597150,15317880500,331215700,96068800,13569162850,1321433150,15317880500
2021-08-26,31800,32750,31500,32200,437162,1.257861635220126,109123,537,-117705,8045,0,125912,567,276402,34281,437162,16789,30,394107,26236,437162,3531166550,17157150,-3800358350,252034650,0,4071678650,18115650,8915202300,1101093950,14106090550,540512100,958500,12715560650,849059300,14106090550
2021-08-27,32300,32600,31500,32350,321952,0.4658385093167702,7761,8000,-60747,44986,0,27455,8000,226585,59912,321952,19694,0,287332,14926,321952,256136450,256071350,-1968305300,1456097500,0,889426050,256071350,7281960300,1936590550,10364048250,633289600,0,9250265600,480493050,10364048250
2021-08-30,32400,32650,31750,32250,248368,-0.3091190108191654,33542,90,-50405,16773,0,34727,90,188408,25143,248368,1185,0,238813,8370,248368,1085875650,2906500,-1627499550,538717400,0,1124480400,2906500,6079955300,809050800,8016393000,38604750,0,7707454850,270333400,8016393000
2021-08-31,32550,32550,31500,31900,274154,-1.0852713178294573,-22529,-350,19764,3115,0,8176,150,246428,19400,274154,30705,500,226664,16285,274154,-712610150,-11120150,626053350,97676950,0,261172150,4755000,7831755050,616148450,8713830650,973782300,15875150,7205701700,518471500,8713830650
2021-09-01,31600,32950,31450,32750,352450,2.664576802507837,27595,-3137,-105778,81320,0,30906,1046,231973,88525,352450,3311,4183,337751,7205,352450,896621900,-102981000,-3422664150,2629023250,0,1002966400,33825350,7502189000,2863507900,11402488650,106344500,136806350,10924853150,234484650,11402488650
2021-09-02,32950,37500,32750,37400,3596894,14.198473282442748,327741,15279,-417071,74051,0,369100,20560,2985082,222152,3596894,41359,5281,3402153,148101,3596894,11774046450,533927250,-15002233900,2694260200,0,13232278900,724223750,106578688500,7905270750,128440461900,1458232450,190296500,121580922400,5211010550,128440461900
2021-09-03,37900,39900,35500,38350,2986907,2.5401069518716577,241321,4139,-227612,-17848,0,283027,9241,2517515,177124,2986907,41706,5102,2745127,194972,2986907,9282925000,162509100,-8757604700,-687829400,0,10883711500,354955750,96042336200,6732120000,114013123450,1600786500,192446650,104799940900,7419949400,114013123450
2021-09-06,38500,40400,37400,40000,1643230,4.3024771838331155,146559,1404,-133272,-14691,0,164243,2979,1373732,102276,1643230,17684,1575,1507004,116967,1643230,5819017300,54930600,-5253987350,-619960550,0,6523779150,117279350,54112017700,4000416750,64753492950,704761850,62348750,59366005050,4620377300,64753492950
2021-09-07,39300,40850,38050,38350,1203517,-4.125,62753,2209,8453,-73415,0,94564,3755,1032411,72787,1203517,31811,1546,1023958,146202,1203517,2540461050,89757450,365646650,-2995865150,0,3786802100,150330550,41030381300,2875314350,47842828300,1246341050,60573100,40664734650,5871179500,47842828300
2021-09-08,38000,39000,36350,36700,1030100,-4.3024771838331155,4067,514,-41642,37061,0,77420,814,856883,94983,1030100,73353,300,898525,57922,1030100,180821850,19002350,-1541900600,1342076400,0,2931990050,30222350,32156541850,3551346750,38670101000,2751168200,11220000,33698442450,2209270350,38670101000
2021-09-09,36700,38100,36000,37200,669255,1.3623978201634876,16971,3793,631,-21395,0,31088,6315,591050,40802,669255,14117,2522,590419,62197,669255,632185750,145105700,32877050,-810168500,0,1152974400,238041600,21948680250,1507841450,24847537700,520788650,92935900,21915803200,2318009950,24847537700
2021-09-10,36800,37850,33200,34450,1153164,-7.39247311827957,43341,-16714,-16819,-9808,0,82946,2029,1014570,53619,1153164,39605,18743,1031389,63427,1153164,1529715500,-593289850,-526082550,-410343100,0,2920204700,71213400,35619378700,1858406400,40469203200,1390489200,664503250,36145461250,2268749500,40469203200
2021-09-13,35100,35450,31850,32250,741988,-6.386066763425253,-118024,94,69838,48092,0,17694,4808,629043,90443,741988,135718,4714,559205,42351,741988,-3941214200,7869100,2398942100,1534403000,0,584236750,164638000,21061022600,2991473850,24801371200,4525450950,156768900,18662080500,1457070850,24801371200
2021-09-14,32250,32850,31000,32350,616863,0.31007751937984496,-47760,-97,19573,28284,0,99,4783,545634,66347,616863,47859,4880,526061,38063,616863,-1517064000,-2674700,645998850,873739850,0,3202650,152134150,17414735100,2100726450,19670798350,1520266650,154808850,16768736250,1226986600,19670798350
2021-09-15,32950,35800,32500,33600,1145858,3.863987635239567,-13449,7010,177770,-171331,0,51967,9217,1061027,23647,1145858,65416,2207,883257,194978,1145858,-409411550,235631900,5990270350,-5816490700,0,1793023200,311095700,36167558650,808525250,39080202800,2202434750,75463800,30177288300,6625015950,39080202800
2021-09-16,33400,33750,31600,31750,635672,-5.5059523809523805,-124520,-6571,195768,-64677,0,6726,3606,613379,11961,635672,131246,10177,417611,76638,635672,-3990806500,-210641450,6277668100,-2076220150,0,215343100,115762900,19733090000,384140300,20448336300,4206149600,326404350,13455421900,2460360450,20448336300
2021-09-17,30200,35350,30150,33100,1542878,4.251968503937007,-28203,-18616,55467,-8648,0,12848,2377,1447051,80602,1542878,41051,20993,1391584,89250,1542878,-883161150,-586427300,1838487450,-368899000,0,405270850,77792800,47625831250,2555135350,50664030250,1288432000,664220100,45787343800,2924034350,50664030250
2021-09-23,33000,34150,31900,31900,570880,-3.625377643504532,-33869,-384,82296,-48043,0,361,606,537826,32087,570880,34230,990,455530,80130,570880,-1107201200,-12414550,2699143650,-1579527900,0,12293600,20553450,17730504800,1060894300,18824246150,1119494800,32968000,15031361150,2640422200,18824246150
2021-09-24,32200,32550,31700,31950,217407,0.1567398119122257,-16615,-350,15909,1056,0,1440,0,200248,15719,217407,18055,350,184339,14663,217407,-531127250,-11147500,509097400,33177350,0,46009600,0,6407322100,502487550,6955819250,577136850,11147500,5898224700,469310200,6955819250
2021-09-27,32400,33200,31050,31150,403128,-2.503912363067293,-37684,281,79479,-42076,0,11443,2037,382216,7432,403128,49127,1756,302737,49508,403128,-1191900650,9486500,2519901000,-1337486850,0,362155850,65167150,12120608000,238027400,12785958400,1554056500,55680650,9600707000,1575514250,12785958400
2021-09-28,31000,31100,29550,29600,584555,-4.975922953451043,-102707,-6865,114165,-4593,0,3745,2563,552807,25440,584555,106452,9428,438642,30033,584555,-3068196800,-207315450,3409803400,-134291150,0,112511450,76846700,16592555000,767229400,17549142550,3180708250,284162150,13182751600,901520550,17549142550
2021-09-29,28750,30000,28500,29000,500650,-2.027027027027027,-79478,-2000,58345,23133,0,3135,20,437041,60454,500650,82613,2020,378696,37321,500650,-2313558750,-57913500,1712489200,658983050,0,90991350,579500,12714833400,1752810600,14559214850,2404550100,58493000,11002344200,1093827550,14559214850
2021-09-30,29050,29350,28600,28800,266531,-0.6896551724137931,-41259,-1040,58053,-15754,0,96,1010,254134,11291,266531,41355,2050,196081,27045,266531,-1191002200,-29901000,1678664500,-457761300,0,2774250,29239000,7342088350,326375550,7700477150,1193776450,59140000,5663423850,784136850,7700477150
2021-10-01,29350,30150,28750,29350,412478,1.9097222222222223,-29612,500,91241,-62129,0,11564,500,376702,23712,412478,41176,0,285461,85841,412478,-857113250,14925000,2658619000,-1816430750,0,339199150,14925000,11021915750,695142900,12071182800,1196312400,0,8363296750,2511573650,12071182800
2021-10-05,28850,29700,26800,27000,704061,-8.006814310051109,-225057,-5297,252324,-21970,0,3681,0,690867,9513,704061,228738,5297,438543,31483,704061,-6270495700,-149414750,7046738050,-626827600,0,102483900,0,19353640000,268455100,19724579000,6372979600,149414750,12306901950,895282700,19724579000
2021-10-06,27500,28000,24850,25300,836763,-6.296296296296296,-168530,-13357,141960,39927,0,6296,4550,707093,118824,836763,174826,17907,565133,78897,836763,-4295017700,-334774500,3592669850,1037122350,0,160688650,115349500,18223801500,3041655550,21541495200,4455706350,450124000,14631131650,2004533200,21541495200
2021-10-07,25300,25850,24650,25400,503147,0.3952569169960474,-74942,-259,165375,-90174,0,0,241,452884,50022,503147,74942,500,287509,140196,503147,-1875859200,-6357600,4137262000,-2255045200,0,0,6117400,11355329750,1259544950,12620992100,1875859200,12475000,7218067750,3514590150,12620992100
2021-10-08,25750,27200,25200,26400,457389,3.937007874015748,-27050,-4038,23639,7449,0,0,0,391205,66184,457389,27050,4038,367566,58735,457389,-708010500,-102411000,620739150,189682350,0,0,0,10233207050,1725368150,11958575200,708010500,102411000,9612467900,1535685800,11958575200
2021-10-12,26000,26050,24950,25050,282480,-5.113636363636364,-37195,200,76552,-39557,0,0,200,273106,9174,282480,37195,0,196554,48731,282480,-936338100,5000000,1932204800,-1000866700,0,0,5000000,6895444650,231487300,7131931950,936338100,0,4963239850,1232354000,7131931950
2021-10-13,24950,25450,24550,24850,239616,-0.7984031936127743,-67535,110,77424,-9999,0,0,2101,227354,10161,239616,67535,1991,149930,20160,239616,-1680003350,2722750,1927399550,-250118950,0,0,52219600,5656715900,253084500,5962020000,1680003350,49496850,3729316350,503203450,5962020000
2021-10-14,25000,26650,24800,26350,228481,6.036217303822937,-2686,-1701,-13531,17918,0,290,300,200008,27883,228481,2976,2001,213539,9965,228481,-69589250,-42305450,-341924300,453819000,0,7612450,7920000,5161575550,714677650,5891785650,77201700,50225450,5503499850,260858650,5891785650
2021-10-15,26700,26800,25750,25900,219680,-1.7077798861480076,-43613,552,62021,-18960,0,0,552,208774,10354,219680,43613,0,146753,29314,219680,-1132025300,14311700,1617623200,-499909600,0,0,14311700,5440423750,271586850,5726322300,1132025300,0,3822800550,771496450,5726322300
2021-10-18,25900,25900,25050,25200,232708,-2.7027027027027026,-47986,1102,39258,7626,0,0,1102,216691,14915,232708,47986,0,177433,7289,232708,-1211108100,27950100,991329500,191828500,0,0,27950100,5475002950,376331700,5879284750,1211108100,0,4483673450,184503200,5879284750
2021-10-19,25000,25500,25000,25300,160261,0.3968253968253968,-291,-500,-8716,9507,0,0,0,146618,13643,160261,291,500,155334,4136,160261,-7321700,-12550000,-218961450,238833150,0,0,0,3692746950,343362200,4036109150,7321700,12550000,3911708400,104529050,4036109150
2021-10-20,25300,25600,24550,24800,255405,-1.9762845849802373,-1020,-1035,24157,-22102,0,0,962,245394,9049,255405,1020,1997,221237,31151,255405,-25406300,-25291150,604689100,-553991650,0,0,24048400,6121040050,226172100,6371260550,25406300,49339550,5516350950,780163750,6371260550
2021-10-21,25050,25750,24900,25200,201630,1.6129032258064515,445,900,-17562,16217,0,462,1200,179861,20107,201630,17,300,197423,3890,201630,11225950,22649150,-442304800,408429700,0,11653500,30134150,4552704550,506974850,5101467050,427550,7485000,4995009350,98545150,5101467050
2021-10-22,25150,25300,24600,24700,193083,-1.984126984126984,-462,0,16514,-16052,0,0,0,191188,1895,193083,462,0,174674,17947,193083,-11429700,0,409309050,-397879350,0,0,0,4733550100,47073100,4780623200,11429700,0,4324241050,444952450,4780623200
2021-10-25,24900,25350,24600,25200,176034,2.0242914979757085,-168,0,-23291,23459,0,0,0,144366,31668,176034,168,0,167657,8209,176034,-4166400,0,-584111400,588277800,0,0,0,3612825450,792971950,4405797400,4166400,0,4196936850,204694150,4405797400
2021-10-26,25200,26000,25100,25700,169957,1.984126984126984,-500,827,5032,-5359,0,0,840,149228,19889,169957,500,13,144196,25248,169957,-12850000,21415250,131308650,-139873900,0,0,21750000,3835490000,511007100,4368247100,12850000,334750,3704181350,650881000,4368247100
2021-10-27,25700,26050,25000,25100,153821,-2.3346303501945527,0,92,20139,-20231,0,0,100,148923,4798,153821,0,8,128784,25029,153821,0,2297200,507021900,-509319100,0,0,2500000,3766791900,122579100,3891871000,0,202800,3259770000,631898200,3891871000
2021-10-28,25100,25450,24800,24900,133426,-0.796812749003984,-42,512,12394,-12864,0,0,512,129389,3525,133426,42,0,116995,16389,133426,-1056300,12760950,310609050,-322313700,0,0,12760950,3238587550,88430700,3339779200,1056300,0,2927978500,410744400,3339779200
2021-10-29,25000,25050,24050,24100,331989,-3.2128514056224895,-43162,2355,76466,-35659,0,0,2355,324943,4691,331989,43162,0,248477,40350,331989,-1047462750,56992000,1856363400,-865892650,0,0,56992000,7894735750,114613900,8066341650,1047462750,0,6038372350,980506550,8066341650
2021-11-01,24300,24800,23900,23900,151508,-0.8298755186721992,-773,134,2095,-1456,0,0,134,137289,14085,151508,773,0,135194,15541,151508,-18695150,3253200,47317750,-31875800,0,0,3253200,3312506350,344418500,3660178050,18695150,0,3265188600,376294300,3660178050
2021-11-02,24400,24600,23750,24050,147903,0.6276150627615062,-8560,200,-4227,12587,0,0,200,127822,19881,147903,8560,0,132049,7294,147903,-206024600,4800000,-105170500,306395100,0,0,4800000,3080302600,483240300,3568342900,206024600,0,3185473100,176845200,3568342900
2021-11-03,24300,24300,23300,23850,166831,-0.8316008316008316,-1348,-570,6101,-4183,0,0,30,148483,18318,166831,1348,600,142382,22501,166831,-32264550,-13537500,144026700,-98224650,0,0,712500,3530178300,433231750,3964122550,32264550,14250000,3386151600,531456400,3964122550
2021-11-04,24400,24400,23250,23400,193683,-1.8867924528301887,3478,2408,-11585,5699,0,3478,2679,170082,17444,193683,0,271,181667,11745,193683,81488500,58379300,-272359100,132491300,0,81488500,64712150,4010672250,410393600,4567266500,0,6332850,4283031350,277902300,4567266500
2021-11-05,23300,23350,21950,22400,334181,-4.273504273504273,-2000,3149,-5916,4767,0,0,3149,303026,28006,334181,2000,0,308942,23239,334181,-44440000,70513100,-132072750,105999650,0,0,70513100,6798561600,627847700,7496922400,44440000,0,6930634350,521848050,7496922400
2021-11-08,22100,24100,22000,23250,358838,3.7946428571428568,-1615,-2081,21164,-17468,0,0,449,320878,37511,358838,1615,2530,299714,54979,358838,-37024000,-49901050,503096600,-416171550,0,0,9923550,7418707800,859056900,8287688250,37024000,59824600,6915611200,1275228450,8287688250
2021-11-09,23050,23400,21100,21400,563070,-7.956989247311828,-68301,624,80035,-12358,0,0,875,538071,24124,563070,68301,251,458036,36482,563070,-1471754200,13247350,1724219200,-265712350,0,0,18744000,11704565350,538644400,12261953750,1471754200,5496650,9980346150,804356750,12261953750
2021-11-10,20900,21550,19750,20650,591994,-3.5046728971962615,-55017,-5579,-9723,70319,0,0,1838,481226,108930,591994,55017,7417,490949,38611,591994,-1119178750,-113100100,-188467750,1420746600,0,0,37649200,9835624350,2217499350,12090772900,1119178750,150749300,10024092100,796752750,12090772900
2021-11-11,20300,22100,20000,21550,357110,4.358353510895883,-7106,118,-129494,136482,0,0,728,176524,179858,357110,7106,610,306018,43376,357110,-150250850,1529150,-2723389500,2872111200,0,0,14778400,3732074200,3787978000,7534830600,150250850,13249250,6455463700,915866800,7534830600
2021-11-12,21850,22700,21650,22600,235818,4.872389791183294,-1000,-1073,-43064,45137,0,0,10,144461,91347,235818,1000,1083,187525,46210,235818,-22350000,-23915900,-957830000,1004095900,0,0,220000,3233258950,2035060800,5268539750,22350000,24135900,4191088950,1030964900,5268539750
2021-11-15,22750,23700,22750,23150,170254,2.433628318584071,1309,57,20899,-22265,0,1914,900,154423,13017,170254,605,843,133524,35282,170254,30142250,1659650,487046950,-518848850,0,44323000,21105000,3581448900,300514000,3947390900,14180750,19445350,3094401950,819362850,3947390900
2021-11-16,23550,24850,23400,24350,307455,5.183585313174946,0,-2002,9846,-7844,0,0,0,266723,40732,307455,0,2002,256877,48576,307455,0,-48039300,247086100,-199046800,0,0,0,6448403550,971180200,7419583750,0,48039300,6201317450,1170227000,7419583750
2021-11-17,24600,25050,24000,24750,263073,1.642710472279261,0,52,-53732,53680,0,0,100,167906,95067,263073,0,48,221638,41387,263073,0,1249400,-1310933450,1309684050,0,0,2435000,4111587000,2320516600,6434538600,0,1185600,5422520450,1010832550,6434538600
2021-11-18,24800,25350,24400,25100,183097,1.4141414141414141,-495,31,-54102,54566,0,0,221,107889,74987,183097,495,190,161991,20421,183097,-12351250,889600,-1347928400,1359390050,0,0,5558150,2697672100,1869481100,4572711350,12351250,4668550,4045600500,510091050,4572711350
2021-11-19,25400,25500,24950,25150,153036,0.199203187250996,-1967,-1327,-5240,8534,0,0,50,135078,17908,153036,1967,1377,140318,9374,153036,-49590200,-33228000,-132619400,215437600,0,0,1272500,3404803600,451026150,3857102250,49590200,34500500,3537423000,235588550,3857102250
2021-11-22,25000,25600,24900,25350,161749,0.7952286282306162,-11453,-260,-11309,23022,0,0,0,130042,31707,161749,11453,260,141351,8685,161749,-286817550,-6552000,-279825100,573194650,0,0,0,3283340200,792964650,4076304850,286817550,6552000,3563165300,219770000,4076304850
2021-11-23,25350,25550,25000,25000,84711,-1.3806706114398422,-17,-1,-8071,8089,0,0,0,75579,9132,84711,17,1,83650,1043,84711,-430950,-25050,-201706400,202162400,0,0,0,1899418900,228455750,2127874650,430950,25050,2101125300,26293350,2127874650
2021-11-24,25000,25450,24950,25100,141659,0.4,-6852,-750,-33616,41218,0,0,2838,87995,50826,141659,6852,3588,121611,9608,141659,-171879850,-18265900,-842188400,1032334150,0,0,71928300,2210104550,1273772950,3555805800,171879850,90194200,3052292950,241438800,3555805800
2021-11-25,25100,25100,23900,24150,180494,-3.7848605577689245,-245,0,-4073,4318,0,0,0,149902,30592,180494,245,0,153975,26274,180494,-6015000,0,-91196150,97211150,0,0,0,3662391450,740159700,4402551150,6015000,0,3753587600,642948550,4402551150
2021-11-26,24350,25050,24000,24200,150952,0.2070393374741201,-6,-970,6382,-5406,0,0,30,132787,18135,150952,6,1000,126405,23541,150952,-144600,-23350450,160190400,-136695350,0,0,726000,3246700950,442375600,3689802550,144600,24076450,3086510550,579070950,3689802550
2021-11-29,27500,29700,25200,27850,2160235,15.082644628099173,4193,-3023,5873,-7043,0,32509,150,1970662,156914,2160235,28316,3173,1964789,163957,2160235,98084950,-85493200,186455100,-199046850,0,882371250,4310000,55022243800,4335747250,60244672300,784286300,89803200,54835788700,4534794100,60244672300
2021-11-30,27850,27850,25800,25950,431141,-6.822262118491921,-40614,0,43437,-2823,0,0,0,393597,37544,431141,40614,0,350160,40367,431141,-1080799550,0,1144390450,-63590900,0,0,0,10467559650,1008177300,11475736950,1080799550,0,9323169200,1071768200,11475736950
2021-12-01,25800,26900,24600,25000,400554,-3.6608863198458574,-35565,1650,36765,-2850,0,0,2200,364796,33558,400554,35565,550,328031,36408,400554,-904522500,40265000,932691250,-68433750,0,0,54750000,9301094700,862822150,10218666850,904522500,14485000,8368403450,931255900,10218666850
2021-12-02,24750,25150,23550,23950,315970,-4.2,-10000,700,10885,-1585,0,0,700,285328,29942,315970,10000,0,274443,31527,315970,-241141250,16757500,260089700,-35705950,0,0,16757500,6876287700,723140950,7616186150,241141250,0,6616198000,758846900,7616186150
2021-12-03,23950,24150,22750,24000,344737,0.20876826722338201,-13955,2010,16253,-4308,0,0,2010,285455,57272,344737,13955,0,269202,61580,344737,-322325950,45978000,367292800,-90944850,0,0,45978000,6628711600,1333918450,8008608050,322325950,0,6261418800,1424863300,8008608050
2021-12-06,23450,23650,22450,22550,310378,-6.041666666666667,-20135,30,62877,-42772,0,0,30,293864,16484,310378,20135,0,230987,59256,310378,-456382600,680000,1436369350,-980666750,0,0,680000,6709936200,379798900,7090415100,456382600,0,5273566850,1360465650,7090415100
2021-12-07,22550,23150,22050,22750,195105,0.8869179600886918,-252,1000,-9497,8749,0,0,1000,169424,24681,195105,252,0,178921,15932,195105,-5758100,22650000,-206905200,190013300,0,0,22650000,3828151550,551870100,4402671650,5758100,0,4035056750,361856800,4402671650
2021-12-08,22900,23150,22550,22800,126588,0.21978021978021978,-4582,1454,-8094,11222,0,0,1454,104022,21112,126588,4582,0,112116,9890,126588,-104914800,33460300,-185589750,257044250,0,0,33460300,2381959300,483123800,2898543400,104914800,0,2567549050,226079550,2898543400
2021-12-09,23600,23950,22950,23150,187725,1.5350877192982455,-17914,216,40481,-22783,0,0,216,177759,9750,187725,17914,0,137278,32533,187725,-412869200,5012050,938273150,-530416000,0,0,5012050,4154513350,226151450,4385676850,412869200,0,3216240200,756567450,4385676850
2021-12-10,23700,24000,23150,23400,150003,1.079913606911447,0,-950,12009,-11059,0,0,5,139124,10874,150003,0,955,127115,21933,150003,0,-22274750,280810350,-258535600,0,0,117750,3273009850,256980700,3530108300,0,22392500,2992199500,515516300,3530108300
2021-12-13,23400,23600,22500,22600,147201,-3.418803418803419,-13000,-2205,23170,-7965,0,0,10,141733,5458,147201,13000,2215,118563,13423,147201,-297030250,-50331050,530777250,-183415950,0,0,227000,3237847900,124514350,3362589250,297030250,50558050,2707070650,307930300,3362589250
2021-12-14,22400,23050,22400,22650,99814,0.22123893805309736,-14500,0,11427,3073,0,0,0,92782,7032,99814,14500,0,81355,3959,99814,-329015700,0,259727100,69288600,0,0,0,2105796000,159457800,2265253800,329015700,0,1846068900,90169200,2265253800
2021-12-15,22650,22900,22050,22250,131989,-1.7660044150110374,-2000,355,-16260,17905,0,0,355,109123,22511,131989,2000,0,125383,4606,131989,-44673750,7912250,-360735500,397497000,0,0,7912250,2434498950,501026900,2943438100,44673750,0,2795234450,103529900,2943438100
2021-12-16,22200,22400,21600,21650,145116,-2.696629213483146,-2092,10,5489,-3407,0,0,10,140779,4327,145116,2092,0,135290,7734,145116,-46135650,220000,119614800,-73699150,0,0,220000,3090488300,95413250,3186121550,46135650,0,2970873500,169112400,3186121550
2021-12-17,21650,22550,21350,22400,102118,3.4642032332563506,-5500,-496,7039,-1043,0,0,821,95180,6117,102118,5500,1317,88141,7160,102118,-119347000,-10887300,155023550,-24789250,0,0,17771650,2071487850,131716350,2220975850,119347000,28658950,1916464300,156505600,2220975850
2021-12-20,22000,22300,21450,21500,108588,-4.017857142857143,-3805,-1523,2694,2634,0,0,30,103042,5516,108588,3805,1553,100348,2882,108588,-82857000,-32945900,57612200,58190700,0,0,652500,2242406800,121052500,2364111800,82857000,33598400,2184794600,62861800,2364111800
2021-12-21,21500,21500,20700,20900,128571,-2.7906976744186047,-4276,1050,-1899,5125,0,0,1050,117861,9660,128571,4276,0,119760,4535,128571,-89370050,21844000,-39703200,107229250,0,0,21844000,2472758500,203052650,2697655150,89370050,0,2512461700,95823400,2697655150
2021-12-22,20900,21350,20700,21050,83931,0.7177033492822966,0,4,3215,-3219,0,0,4,81293,2634,83931,0,0,78078,5853,83931,0,84000,68177200,-68261200,0,0,84000,1707999750,55355350,1763439100,0,0,1639822550,123616550,1763439100
2021-12-23,21050,21050,20300,20500,137373,-2.6128266033254155,0,50,-11147,11097,0,0,850,123286,13237,137373,0,800,134433,2140,137373,0,1025000,-228616250,227591250,0,0,17425000,2534102450,272053300,2823580750,0,16400000,2762718700,44462050,2823580750
2021-12-24,21350,21350,20300,20500,129255,0.0,-283,1710,2583,-4010,0,0,1714,117722,9819,129255,283,4,115139,13829,129255,-5914700,36038050,57049950,-87173300,0,0,36119650,2439090950,202081150,2677291750,5914700,81600,2382041000,289254450,2677291750
2021-12-27,20100,20850,20100,20650,82968,0.7317073170731708,-1214,0,-11105,12319,0,0,0,68327,14641,82968,1214,0,79432,2322,82968,-25227700,0,-227802050,253029750,0,0,0,1406238900,300951350,1707190250,25227700,0,1634040950,47921600,1707190250
2021-12-28,20700,20900,20350,20900,114439,1.2106537530266344,-4725,-2000,21210,-14485,0,0,0,110004,4435,114439,4725,2000,88794,18920,114439,-96711050,-41500000,436752550,-298541500,0,0,0,2264058900,90715000,2354773900,96711050,41500000,1827306350,389256500,2354773900
2021-12-29,21000,21300,20450,20700,90292,-0.9569377990430622,0,47,-16623,16576,0,0,1847,70461,17984,90292,0,1800,87084,1408,90292,0,1839950,-347394950,345555000,0,0,38919950,1471238900,375317050,1885475900,0,37080000,1818633850,29762050,1885475900
2021-12-30,20750,20950,20600,20850,71486,0.7246376811594203,-1036,3,-8566,9599,0,0,3,60542,10941,71486,1036,0,69108,1342,71486,-21650600,62100,-178217950,199806450,0,0,62100,1258346400,227675250,1486083750,21650600,0,1436564350,27868800,1486083750
2022-01-03,20900,21650,20750,21300,95016,2.158273381294964,-33,1977,-14623,12679,0,0,2000,77715,15301,95016,33,23,92338,2622,95016,-688050,41645450,-308548650,267591250,0,0,42125000,1637411800,322852700,2002389500,688050,479550,1945960450,55261450,2002389500
2022-01-04,21000,21400,20900,21000,75977,-1.4084507042253522,-7,-500,13235,-12728,0,0,0,72497,3480,75977,7,500,59262,16208,75977,-148400,-10475000,278743300,-268119900,0,0,0,1528597600,73564350,1602161950,148400,10475000,1249854300,341684250,1602161950
2022-01-05,21000,21100,20350,20450,107212,-2.619047619047619,0,0,9923,-9923,0,0,0,100256,6956,107212,0,0,90333,16879,107212,0,0,205825650,-205825650,0,0,0,2062220350,142977900,2205198250,0,0,1856394700,348803550,2205198250
2022-01-06,20250,20350,19850,19850,181981,-2.93398533007335,-1000,20,-3646,4626,0,0,20,170075,11886,181981,1000,0,173721,7260,181981,-19900000,400000,-73974850,93474850,0,0,400000,3401896250,238678000,3640974250,19900000,0,3475871100,145203150,3640974250
2022-01-07,19850,20200,19850,19950,61973,0.5037783375314862,0,0,-1689,1689,0,0,0,55378,6595,61973,0,0,57067,4906,61973,0,0,-33818450,33818450,0,0,0,1108768200,131989750,1240757950,0,0,1142586650,98171300,1240757950
2022-01-10,19950,20050,19400,19400,113711,-2.756892230576441,-1000,704,1782,-1486,0,0,1211,104315,8185,113711,1000,507,102533,9671,113711,-19425700,13913400,35735800,-30223500,0,0,23776550,2043231250,160185950,2227193750,19425700,9863150,2007495450,190409450,2227193750
2022-01-11,19300,19600,18550,18900,162534,-2.5773195876288657,-1036,-191,-10082,11309,0,0,591,145047,16896,162534,1036,782,155129,5587,162534,-19398400,-3922400,-189893000,213213800,0,0,11248400,2745791100,319776900,3076816400,19398400,15170800,2935684100,106563100,3076816400
2022-01-12,18900,20750,18850,19250,357507,1.8518518518518516,-1498,-3807,17346,-12041,0,0,21,316361,41125,357507,1498,3828,299015,53166,357507,-29098650,-74707700,368280600,-264474250,0,0,416300,6283332050,802671600,7086419950,29098650,75124000,5915051450,1067145850,7086419950
2022-01-13,19200,19400,18800,18800,105125,-2.3376623376623376,0,0,8532,-8532,0,0,0,98968,6157,105125,0,0,90436,14689,105125,0,0,163023350,-163023350,0,0,0,1877832300,117072050,1994904350,0,0,1714808950,280095400,1994904350
2022-01-14,18950,18950,18400,18500,106058,-1.5957446808510638,-4000,666,731,2603,0,0,666,97850,7542,106058,4000,0,97119,4939,106058,-74200000,12535600,13322050,48342350,0,0,12535600,1816306650,140423750,1969266000,74200000,0,1802984600,92081400,1969266000
2022-01-17,18350,18500,18050,18100,75487,-2.1621621621621623,-123,-251,5053,-4679,0,0,200,74122,1165,75487,123,451,69069,5844,75487,-2237750,-4578100,91923900,-85108050,0,0,3620000,1344741450,21141150,1369502600,2237750,8198100,1252817550,106249200,1369502600
2022-01-18,17950,18500,17550,17550,125174,-3.0386740331491713,0,610,2423,-3033,0,0,610,116313,8251,125174,0,0,113890,11284,125174,0,10880000,45458200,-56338200,0,0,10880000,2087112950,147973800,2245966750,0,0,2041654750,204312000,2245966750
2022-01-19,17200,17400,16600,16800,254692,-4.273504273504273,-73922,1015,37947,34960,0,0,1016,200822,52854,254692,73922,1,162875,17894,254692,-1245702450,17229500,637603250,590869700,0,0,17246200,3395609300,897274500,4310130000,1245702450,16700,2758006050,306404800,4310130000
2022-01-20,16650,17600,16550,17450,113901,3.869047619047619,0,-812,-28543,29355,0,0,559,76654,36688,113901,0,1371,105197,7333,113901,0,-14018000,-489526450,503544450,0,0,9304300,1306132950,627887800,1943325050,0,23322300,1795659400,124343350,1943325050
2022-01-21,17400,18000,17050,17350,103875,-0.5730659025787965,-1000,-1795,-10616,13411,0,0,300,83218,20357,103875,1000,2095,93834,6946,103875,-17750000,-31057150,-185157950,233965100,0,0,5145000,1446558850,355025500,1806729350,17750000,36202150,1631716800,121060400,1806729350
2022-01-24,17350,17400,16300,16350,146571,-5.763688760806916,0,677,14220,-14897,0,0,677,139975,5919,146571,0,0,125755,20816,146571,0,11554800,238766900,-250321700,0,0,11554800,2318617500,97260100,2427432400,0,0,2079850600,347581800,2427432400
2022-01-25,16400,16550,15000,15050,307756,-7.951070336391437,-14149,507,-14449,28091,0,0,507,251870,55379,307756,14149,0,266319,27288,307756,-218616800,7980950,-215833400,426469250,0,0,7980950,3897246950,853988900,4759216800,218616800,0,4113080350,427519650,4759216800
2022-01-26,15200,18150,15150,15800,596979,4.983388704318937,0,224,12073,-12297,0,0,2001,522344,72634,596979,0,1777,510271,84931,596979,0,2769400,247232050,-250001450,0,0,32065800,8721600300,1183348050,9937014150,0,29296400,8474368250,1433349500,9937014150
2022-01-27,15600,16500,15300,16200,195758,2.5316455696202533,0,9739,-16961,7222,0,0,10001,153213,32544,195758,0,262,170174,25322,195758,0,151151550,-261514950,110363400,0,0,155240500,2432766450,513132700,3101139650,0,4088950,2694281400,402769300,3101139650
2022-01-28,16550,16700,15600,16100,150996,-0.6172839506172839,868,1882,8888,-11638,0,868,2002,124490,23636,150996,0,120,115602,35274,150996,14014250,29324500,146065000,-189403750,0,14014250,31232500,2007472000,378939950,2431658700,0,1908000,1861407000,568343700,2431658700
2022-02-03,16100,16650,16100,16450,98660,2.1739130434782608,-35,90,-31195,31140,0,0,90,59002,39568,98660,35,0,90197,8428,98660,-572250,1485000,-506940550,506027800,0,0,1485000,964028900,644359900,1609873800,572250,0,1470969450,138332100,1609873800
2022-02-04,16350,16400,16000,16050,94274,-2.43161094224924,0,0,17525,-17525,0,0,0,90632,3642,94274,0,0,73107,21167,94274,0,0,282306250,-282306250,0,0,0,1464012650,58882400,1522895050,0,0,1181706400,341188650,1522895050
2022-02-07,16300,16300,15900,16150,72582,0.6230529595015576,-636,-911,-6342,7889,0,276,89,57176,15041,72582,912,1000,63518,7152,72582,-10117000,-14579300,-102081450,126777750,0,4473800,1445700,918152200,241718650,1165790350,14590800,16025000,1020233650,114940900,1165790350
2022-02-08,16000,19300,15850,17200,809673,6.5015479876160995,-19,-355,40917,-40543,0,0,110,739478,70085,809673,19,465,698561,110628,809673,-302100,-6069700,743234150,-736862350,0,0,1986700,12988838850,1191329750,14182155300,302100,8056400,12245604700,1928192100,14182155300
2022-02-09,17400,17400,16450,16450,149283,-4.3604651162790695,-341,-143,31309,-30825,0,0,0,138258,11025,149283,341,143,106949,41850,149283,-5660600,-2352350,519746750,-511733800,0,0,0,2309152250,186416000,2495568250,5660600,2352350,1789405500,698149800,2495568250
2022-02-10,16500,16850,16050,16250,140988,-1.21580547112462,0,-257,8014,-7757,0,0,1,129204,11783,140988,0,258,121190,19540,140988,0,-4187550,131079650,-126892100,0,0,16650,2122684550,193857900,2316559100,0,4204200,1991604900,320750000,2316559100
2022-02-11,15950,16250,15800,15800,87488,-2.769230769230769,0,-1448,5454,-4006,0,0,0,86108,1380,87488,0,1448,80654,5386,87488,0,-23023350,87327100,-64303750,0,0,0,1375564750,22045350,1397610100,0,23023350,1288237650,86349100,1397610100
2022-02-14,15450,15450,14950,15100,146726,-4.430379746835443,0,3000,-7936,4936,0,0,3000,132686,11040,146726,0,0,140622,6104,146726,0,45400000,-120690400,75290400,0,0,45400000,2006677500,167733250,2219810750,0,0,2127367900,92442850,2219810750
2022-02-15,14950,15100,14500,14500,151465,-3.9735099337748347,0,14,-95,81,0,0,14,141632,9819,151465,0,0,141727,9738,151465,0,209300,-476700,267400,0,0,209300,2081841050,144741400,2226791750,0,0,2082317750,144474000,2226791750
2022-02-16,14700,15400,14600,15150,117642,4.482758620689655,0,4530,-47005,42475,0,0,4530,63961,49151,117642,0,0,110966,6676,117642,0,68629500,-709731650,641102150,0,0,68629500,962188100,741982750,1772800350,0,0,1671919750,100880600,1772800350
2022-02-17,15050,15450,14500,15000,118284,-0.9900990099009901,0,6241,-110,-6131,0,0,7235,91585,19464,118284,0,994,91695,25595,118284,0,93049750,847300,-93897050,0,0,108165850,1378806600,289327000,1776299450,0,15116100,1377959300,383224050,1776299450
2022-02-18,14800,16800,14700,16000,366149,6.666666666666667,0,-781,2321,-1540,0,0,0,318824,47325,366149,0,781,316503,48865,366149,0,-11950200,40331700,-28381500,0,0,0,5106288600,754942800,5861231400,0,11950200,5065956900,783324300,5861231400
2022-02-21,15700,16150,15450,15650,121856,-2.1875,0,0,-2094,2094,0,0,0,101959,19897,121856,0,0,104053,17803,121856,0,0,-28636650,28636650,0,0,0,1605558100,311554250,1917112350,0,0,1634194750,282917600,1917112350
2022-02-22,15050,15400,14800,14800,121842,-5.431309904153355,0,0,11051,-11051,0,0,0,115719,6123,121842,0,0,104668,17174,121842,0,0,166526150,-166526150,0,0,0,1732640500,91906250,1824546750,0,0,1566114350,258432400,1824546750
2022-02-23,14800,15050,14750,14850,65543,0.33783783783783783,0,0,5319,-5319,0,0,0,60467,5076,65543,0,0,55148,10395,65543,0,0,79580600,-79580600,0,0,0,898372450,75616050,973988500,0,0,818791850,155196650,973988500
2022-02-24,14700,14700,13700,13950,208822,-6.0606060606060606,-72,9777,-7480,-2225,0,0,9801,185701,13320,208822,72,24,193181,15545,208822,-1030000,139143400,-102569950,-35543450,0,0,139487050,2637400750,186641500,2963529300,1030000,343650,2739970700,222184950,2963529300
2022-02-25,14000,14500,14000,14100,117163,1.0752688172043012,0,0,-9693,9693,0,0,0,99391,17772,117163,0,0,109084,8079,117163,0,0,-137478350,137478350,0,0,0,1408605400,252309700,1660915100,0,0,1546083750,114831350,1660915100
2022-02-28,13850,14250,13550,14150,135844,0.3546099290780142,0,0,-40615,40615,0,0,0,91049,44795,135844,0,0,131664,4180,135844,0,0,-568970650,568970650,0,0,0,1269597900,627617600,1897215500,0,0,1838568550,58646950,1897215500
2022-03-02,14000,14300,13850,14200,59144,0.35335689045936397,0,-6,-11511,11517,0,0,0,44217,14927,59144,0,6,55728,3410,59144,0,-84900,-162056350,162141250,0,0,0,624115300,210375600,834490900,0,84900,786171650,48234350,834490900
2022-03-03,14150,14700,14150,14700,66794,3.5211267605633805,0,1,-12219,12218,0,0,1,49059,17734,66794,0,0,61278,5516,66794,0,14550,-177864650,177850100,0,0,14550,711676550,257875900,969567000,0,0,889541200,80025800,969567000
2022-03-04,14700,14700,14150,14450,94920,-1.7006802721088436,-22,200,17357,-17535,0,0,200,88883,5837,94920,22,0,71526,23372,94920,-316800,2940000,249026800,-251650000,0,0,2940000,1274209000,83726000,1360875000,316800,0,1025182200,335376000,1360875000
2022-03-07,14250,14450,13900,14000,107944,-3.1141868512110724,0,10,4666,-4676,0,0,10,96132,11802,107944,0,0,91466,16478,107944,0,142000,67332900,-67474900,0,0,142000,1356586650,166459950,1523188600,0,0,1289253750,233934850,1523188600
2022-03-08,13700,13950,13500,13500,123394,-3.571428571428571,0,2166,2106,-4272,0,0,2166,105975,15253,123394,0,0,103869,19525,123394,0,29576200,26938800,-56515000,0,0,29576200,1449817900,209987600,1689381700,0,0,1422879100,266502600,1689381700
2022-03-10,13850,14000,13550,13550,114140,0.3703703703703704,0,0,-16580,16580,0,0,0,89231,24909,114140,0,0,105811,8329,114140,0,0,-228401850,228401850,0,0,0,1221788950,343025250,1564814200,0,0,1450190800,114623400,1564814200
2022-03-11,13300,14800,13250,14100,260502,4.059040590405904,0,-20,-21214,21234,0,0,0,193282,67220,260502,0,20,214496,45986,260502,0,-293000,-277375450,277668450,0,0,0,2738507900,935155050,3673662950,0,293000,3015883350,657486600,3673662950
2022-03-14,14100,14150,13200,13300,188353,-5.673758865248227,0,1250,56421,-57671,0,0,1250,183991,3112,188353,0,0,127570,60783,188353,0,16625000,763693500,-780318500,0,0,16625000,2480377650,42360600,2539363250,0,0,1716684150,822679100,2539363250
2022-03-15,13300,13850,12850,13600,130691,2.2556390977443606,13574,0,-33288,19714,0,13574,0,85031,32086,130691,0,0,118319,12372,130691,183138100,0,-445803750,262665650,0,183138100,0,1138272650,428222000,1749632750,0,0,1584076400,165556350,1749632750
2022-03-16,13900,14300,13550,13650,113888,0.3676470588235294,-13574,0,1832,11742,0,0,0,86360,27528,113888,13574,0,84528,15786,113888,-186608900,0,23267850,163341050,0,0,0,1194997350,381779600,1576776950,186608900,0,1171729500,218438550,1576776950
2022-03-17,13850,14200,13800,14100,111959,3.296703296703297,0,0,-36590,36590,0,0,0,68659,43300,111959,0,0,105249,6710,111959,0,0,-512175000,512175000,0,0,0,959310150,606403800,1565713950,0,0,1471485150,94228800,1565713950
2022-03-18,14050,14700,13850,14600,95559,3.546099290780142,-22,-177,-287,486,0,0,0,80618,14941,95559,22,177,80905,14455,95559,-310200,-2573050,-3095850,5979100,0,0,0,1156712550,213351300,1370063850,310200,2573050,1159808400,207372200,1370063850
2022-03-21,14700,14700,14050,14150,82445,-3.0821917808219177,96,31,26191,-26318,0,99,32,79293,3021,82445,3,1,53102,29339,82445,1381900,446100,375495650,-377323650,0,1424200,460350,1134421850,43431550,1179737950,42300,14250,758926200,420755200,1179737950
2022-03-22,14500,14550,13950,14350,82925,1.4134275618374559,-22,0,8288,-8266,0,0,0,72409,10516,82925,22,0,64121,18782,82925,-310200,0,117087400,-116777200,0,0,0,1030860250,150415900,1181276150,310200,0,913772850,267193100,1181276150
2022-03-23,14350,14550,14050,14100,90303,-1.7421602787456445,0,1471,-2648,1177,0,0,1500,78016,10787,90303,0,29,80664,9610,90303,0,20849650,-38592300,17742650,0,0,21260000,1111310500,154795150,1287365650,0,410350,1149902800,137052500,1287365650
2022-03-24,14000,18300,13900,18300,1158787,29.78723404255319,6121,-18636,41390,-28875,0,8469,6465,1121719,22134,1158787,2348,25101,1080329,51009,1158787,112189300,-328339800,687344100,-471193600,0,154982700,113955350,19585081500,372295600,20226315150,42793400,442295150,18897737400,843489200,20226315150
2022-03-25,19400,21050,17250,17750,2884592,-3.0054644808743167,-8469,-13320,31605,-9816,0,0,944,2749423,134225,2884592,8469,14264,2717818,144041,2884592,-168372600,-264886700,681315250,-248055950,0,0,17661600,53314211700,2501012300,55832885600,168372600,282548300,52632896450,2749068250,55832885600
2022-03-28,17650,18150,17450,18050,432272,1.6901408450704223,0,1751,26014,-27765,0,0,2551,385173,44548,432272,0,800,359159,72313,432272,0,31595500,467833700,-499429200,0,0,45880500,6879528750,792863550,7718272800,0,14285000,6411695050,1292292750,7718272800
2022-03-29,17900,21400,17500,19800,5156123,9.695290858725762,2032,-720,23681,-24993,0,2032,6086,4977660,170345,5156123,0,6806,4953979,195338,5156123,40466650,-15925850,479618050,-504158850,0,40466650,119799150,99779982450,3358914900,103299163150,0,135725000,99300364400,3863073750,103299163150
2022-03-30,20250,22500,19450,19800,2072532,0.0,-57750,2027,33386,22337,0,2,6636,1948180,117714,2072532,57752,4609,1914794,95377,2072532,-1144193200,43800250,688495300,411897650,0,43250,140619450,41006607000,2424169950,43571439650,1144236450,96819200,40318111700,2012272300,43571439650
2022-03-31,19500,20500,19150,20300,511003,2.525252525252525,0,2705,21036,-23741,0,0,2912,478012,30079,511003,0,207,456976,53820,511003,0,54084400,427748050,-481832450,0,0,58266900,9489136800,593382000,10140785700,0,4182500,9061388750,1075214450,10140785700
2022-04-01,20000,20400,19050,19050,356785,-6.157635467980295,0,-2760,3433,-673,0,0,221,338380,18184,356785,0,2981,334947,18857,356785,0,-54369800,71857350,-17487550,0,0,4426650,6725076200,360088750,7089591600,0,58796450,6653218850,377576300,7089591600
2022-04-04,19050,19350,18300,18500,236535,-2.8871391076115485,453,0,-10928,10475,0,705,0,209630,26200,236535,252,0,220558,15725,236535,8206650,0,-203763400,195556750,0,13007250,0,3921438600,491480600,4425926450,4800600,0,4125202000,295923850,4425926450
2022-04-05,18500,18950,18150,18350,197233,-0.8108108108108109,0,15001,-14257,-744,0,0,15001,156576,25656,197233,0,0,170833,26400,197233,0,277481000,-262139400,-15341600,0,0,277481000,2891435550,473434350,3642350900,0,0,3153574950,488775950,3642350900
2022-04-06,18450,18450,17600,17850,213621,-2.7247956403269753,721,2825,-15396,11850,0,721,4289,183170,25441,213621,0,1464,198566,13591,213621,13086150,53085250,-276814800,210643400,0,13086150,79132050,3286472000,456299750,3834989950,0,26046800,3563286800,245656350,3834989950
2022-04-07,17650,19600,17650,18200,660765,1.9607843137254901,-1426,0,12319,-10893,0,0,0,615147,45618,660765,1426,0,602828,56511,660765,-27307300,0,250007800,-222700500,0,0,0,11584028700,843119800,12427148500,27307300,0,11334020900,1065820300,12427148500
2022-04-08,18200,18400,17700,18250,140035,0.27472527472527475,0,-350,2388,-2038,0,0,0,130309,9726,140035,0,350,127921,11764,140035,0,-6354100,44133550,-37779450,0,0,0,2355876000,175462800,2531338800,0,6354100,2311742450,213242250,2531338800
2022-04-11,18100,19000,18000,18550,155127,1.643835616438356,0,2411,-4324,1913,0,0,2411,140093,12623,155127,0,0,144417,10710,155127,0,44260600,-79000550,34739950,0,0,44260600,2612890750,234295550,2891446900,0,0,2691891300,199555600,2891446900
2022-04-12,18150,18750,17800,17800,140915,-4.0431266846361185,-94,-1961,8723,-6668,0,0,70,127012,13833,140915,94,2031,118289,20501,140915,-1747550,-35992350,160865250,-123125350,0,0,1284300,2311900050,254374200,2567558550,1747550,37276650,2151034800,377499550,2567558550
2022-04-13,17800,18150,17650,17800,118973,0.0,0,120,290,-410,0,0,120,110465,8388,118973,0,0,110175,8798,118973,0,2135000,5915700,-8050700,0,0,2135000,1973983650,149809350,2125928000,0,0,1968067950,157860050,2125928000
2022-04-14,17700,18300,17500,17550,104582,-1.4044943820224718,0,63,4245,-4308,0,0,63,96249,8270,104582,0,0,92004,12578,104582,0,1123850,77852150,-78976000,0,0,1123850,1719474850,147840650,1868439350,0,0,1641622700,226816650,1868439350
2022-04-15,17350,17350,16600,16700,165203,-4.843304843304843,0,0,1219,-1219,0,0,0,158196,7007,165203,0,0,156977,8226,165203,0,0,21711000,-21711000,0,0,0,2668278750,118410650,2786689400,0,0,2646567750,140121650,2786689400
2022-04-18,16700,17250,16700,17050,67970,2.095808383233533,-18,0,-2808,2826,0,0,0,60560,7410,67970,18,0,63368,4584,67970,-308700,0,-47100300,47409000,0,0,0,1032380000,125603500,1157983500,308700,0,1079480300,78194500,1157983500
2022-04-19,17050,19850,17050,18750,862502,9.970674486803519,-12183,-475,4579,8079,0,0,65,807197,55240,862502,12183,540,802618,47161,862502,-232494000,-9262750,98068000,143688750,0,0,1212250,15281456600,1032591050,16315259900,232494000,10475000,15183388600,888902300,16315259900
2022-04-20,19000,19050,18150,18750,202399,0.0,-43197,3000,32887,7310,0,0,3000,177485,21914,202399,43197,0,144598,14604,202399,-798025250,56000000,608482950,133542300,0,0,56000000,3309467300,407060150,3772527450,798025250,0,2700984350,273517850,3772527450
2022-04-21,18700,19000,18150,18250,154145,-2.666666666666667,-44647,-1094,48771,-3030,0,0,0,146627,7518,154145,44647,1094,97856,10548,154145,-819158300,-20535850,896671300,-56977150,0,0,0,2697978750,138418200,2836396950,819158300,20535850,1801307450,195395350,2836396950
2022-04-22,18300,19500,18250,18500,284196,1.36986301369863,1815,102,6361,-8278,0,2000,102,258417,23677,284196,185,0,252056,31955,284196,34973750,1885600,115308200,-152167550,0,38350000,1885600,4863890200,446340400,5350466200,3376250,0,4748582000,598507950,5350466200
2022-04-25,18200,18350,17550,17700,161294,-4.324324324324325,0,0,18146,-18146,0,0,0,155987,5307,161294,0,0,137841,23453,161294,0,0,323206850,-323206850,0,0,0,2781879150,95112800,2876991950,0,0,2458672300,418319650,2876991950
2022-04-26,17850,18400,17550,17550,115238,-0.847457627118644,-67,-1676,-2475,4218,0,10,0,106145,9083,115238,77,1676,108620,4865,115238,-1193700,-30630300,-45747150,77571150,0,177250,0,1912844100,164626800,2077648150,1370950,30630300,1958591250,87055650,2077648150
2022-04-27,16900,18150,16900,17250,154399,-1.7094017094017095,-53,0,-7470,7523,0,0,0,135297,19102,154399,53,0,142767,11579,154399,-921750,0,-123677850,124599600,0,0,0,2367314850,331361550,2698676400,921750,0,2490992700,206761950,2698676400
2022-04-28,17400,17800,17150,17250,74382,0.0,-36,0,-2163,2199,0,0,0,65851,8531,74382,36,0,68014,6332,74382,-630000,0,-37616150,38246150,0,0,0,1141612900,148237500,1289850400,630000,0,1179229050,109991350,1289850400
2022-04-29,17150,17700,17100,17150,79840,-0.5797101449275363,-6,0,-10640,10646,0,0,0,65766,14074,79840,6,0,76406,3428,79840,-103500,0,-184325850,184429350,0,0,0,1139359350,244122400,1383481750,103500,0,1323685200,59693050,1383481750
2022-05-02,17100,17500,16950,17400,64638,1.4577259475218658,-70,0,-4909,4979,0,0,0,57701,6937,64638,70,0,62610,1958,64638,-1200500,0,-84582450,85782950,0,0,0,996071700,119686700,1115758400,1200500,0,1080654150,33903750,1115758400
2022-05-03,17300,17950,17300,17700,77147,1.7241379310344827,0,0,810,-810,0,0,0,69739,7408,77147,0,0,68929,8218,77147,0,0,15480750,-15480750,0,0,0,1234812900,130456900,1365269800,0,0,1219332150,145937650,1365269800
2022-05-04,17800,17800,17100,17100,85193,-3.389830508474576,-33,-621,5043,-4389,0,0,0,81817,3376,85193,33,621,76774,7765,85193,-569250,-10712250,87167100,-75885600,0,0,0,1418198200,58938150,1477136350,569250,10712250,1331031100,134823750,1477136350
2022-05-06,16750,17100,16550,16800,96787,-1.7543859649122806,0,-1599,1936,-337,0,0,0,93186,3601,96787,0,1599,91250,3938,96787,0,-26623350,32499900,-5876550,0,0,0,1558299850,60286850,1618586700,0,26623350,1525799950,66163400,1618586700
2022-05-09,16550,16950,16400,16550,68753,-1.488095238095238,832,0,506,-1338,0,915,0,64089,3749,68753,83,0,63583,5087,68753,13708350,0,8606600,-22314950,0,15094450,0,1065928050,62515900,1143538400,1386100,0,1057321450,84830850,1143538400
2022-05-10,16050,16250,15600,15900,97590,-3.927492447129909,0,194,-1513,1319,0,0,194,87722,9674,97590,0,0,89235,8355,97590,0,3084600,-22861300,19776700,0,0,3084600,1396979350,153611150,1553675100,0,0,1419840650,133834450,1553675100
2022-05-11,16000,16200,15850,16200,36478,1.8867924528301887,-36,-10,-2931,2977,0,0,0,30781,5697,36478,36,10,33712,2720,36478,-577800,-159500,-46849500,47586800,0,0,0,493011500,91197950,584209450,577800,159500,539861000,43611150,584209450
2022-05-12,15900,16050,15050,15300,106507,-5.555555555555555,950,399,-3589,2240,0,971,399,91235,13902,106507,21,0,94824,11662,106507,14749800,6079800,-53374800,32545200,0,15083700,6079800,1411897500,213927500,1646988500,333900,0,1465272300,181382300,1646988500
2022-05-13,15350,15800,15250,15750,58331,2.941176470588235,-22,-2560,-2235,4817,0,0,0,49473,8858,58331,22,2560,51708,4041,58331,-344300,-40073200,-34835250,75252750,0,0,0,773033800,138500800,911534600,344300,40073200,807869050,63248050,911534600
2022-05-16,16000,16300,15550,15750,50171,0.0,0,0,-6713,6713,0,0,0,40544,9627,50171,0,0,47257,2914,50171,0,0,-108231100,108231100,0,0,0,644912850,154857350,799770200,0,0,753143950,46626250,799770200
2022-05-17,15750,18150,15700,17200,399529,9.206349206349207,4507,66,2442,-7015,0,6393,66,366945,26125,399529,1886,0,364503,33140,399529,76259950,1144800,65053200,-142457950,0,108510550,1144800,6362619000,442936400,6915210750,32250600,0,6297565800,585394350,6915210750
2022-05-18,17200,20150,16850,19050,763383,10.755813953488373,6388,-346,-26467,20425,0,6390,0,676797,80196,763383,2,346,703264,59771,763383,110606300,-5966200,-465099300,360459200,0,110644150,0,12772907600,1478206650,14361758400,37850,5966200,13238006900,1117747450,14361758400
2022-05-19,18650,19750,18500,19300,436132,1.3123359580052494,3328,100,10105,-13533,0,3529,100,385122,47381,436132,201,0,375017,60914,436132,63655350,1922500,199400250,-264978100,0,67494450,1922500,7394353400,905471650,8369242000,3839100,0,7194953150,1170449750,8369242000
2022-05-20,13600,14750,13550,13550,3068105,-29.792746113989637,-16310,7103,19223,-10016,0,0,9604,2948551,109950,3068105,16310,2501,2929328,119966,3068105,-221816000,98638850,264998450,-141821300,0,0,132856200,40433896750,1514071300,42080824250,221816000,34217350,40168898300,1655892600,42080824250
2022-05-23,13900,15000,13200,13700,2061602,1.107011070110701,0,2465,-60397,57932,0,0,5264,1861066,195272,2061602,0,2799,1921463,137340,2061602,0,33740450,-788437850,754697400,0,0,71968250,26387998750,2730900000,29190867000,0,38227800,27176436600,1976202600,29190867000
2022-05-24,13850,14100,13200,13200,366539,-3.64963503649635,-202,4015,-1983,-1830,0,0,4015,347370,15154,366539,202,0,349353,16984,366539,-2777500,54443550,-25531500,-26134550,0,0,54443550,4729899950,208087850,4992431350,2777500,0,4755431450,234222400,4992431350
2022-05-25,13300,14750,12700,13000,2254324,-1.5151515151515151,-25,1671,13131,-14777,0,10,2498,2149914,101902,2254324,35,827,2136783,116679,2254324,-319250,21170550,187015300,-207866600,0,136000,32651450,29637698100,1402780650,31073266200,455250,11480900,29450682800,1610647250,31073266200
2022-05-26,13000,13200,12650,13100,396096,0.7692307692307693,0,20,-43529,43509,0,0,20,340116,55960,396096,0,0,383645,12451,396096,0,258000,-569447000,569189000,0,0,258000,4392598900,730992400,5123849300,0,0,4962045900,161803400,5123849300
2022-05-27,13100,13100,12800,12900,193958,-1.5267175572519083,-118,-1420,-34917,36455,0,0,20,148271,45667,193958,118,1440,183188,9212,193958,-1534000,-18532000,-453139650,473205650,0,0,260000,1922875750,592902600,2516038350,1534000,18792000,2376015400,119696950,2516038350
2022-05-30,13000,13600,12900,13150,238659,1.937984496124031,-62,0,-61408,61470,0,0,0,151835,86824,238659,62,0,213243,25354,238659,-815300,0,-810668750,811484050,0,0,0,1995022850,1144945450,3139968300,815300,0,2805691600,333461400,3139968300
2022-05-31,13150,13500,13050,13450,204748,2.2813688212927756,-9,-100,-25327,25436,0,0,300,171821,32627,204748,9,400,197148,7191,204748,-117450,-1375000,-338123850,339616300,0,0,3965000,2286719450,435128200,2725812650,117450,5340000,2624843300,95511900,2725812650
2022-06-02,13350,13400,13150,13150,115317,-2.2304832713754648,-35,0,-208,243,0,0,0,108577,6740,115317,35,0,108785,6497,115317,-462000,0,-2545150,3007150,0,0,0,1439494850,89365800,1528860650,462000,0,1442040000,86358650,1528860650
2022-06-03,13150,13300,13000,13150,119702,0.0,-17,200,5705,-5888,0,0,200,117116,2386,119702,17,0,111411,8274,119702,-223550,2610000,75165900,-77552350,0,0,2610000,1536976500,31490350,1571076850,223550,0,1461810600,109042700,1571076850
2022-06-07,13000,13050,12600,12950,206269,-1.520912547528517,-37,31,-9961,9967,0,17,31,180950,25271,206269,54,0,190911,15304,206269,-465800,390600,-128675100,128750300,0,215100,390600,2301564400,324002950,2626173050,680900,0,2430239500,195252650,2626173050
2022-06-08,12850,13000,12500,12800,191463,-1.1583011583011582,0,-1899,-41122,43021,0,0,170,136651,54642,191463,0,2069,177773,11621,191463,0,-24010450,-528054750,552065200,0,0,2150500,1726136300,699431950,2427718750,0,26160950,2254191050,147366750,2427718750
2022-06-09,12650,12750,12300,12300,134813,-3.90625,0,1520,-1893,373,0,0,1520,127238,6055,134813,0,0,129131,5682,134813,0,18974000,-22625900,3651900,0,0,18974000,1582184800,74980100,1676138900,0,0,1604810700,71328200,1676138900
2022-06-10,12200,12300,11850,11850,160651,-3.6585365853658534,-13,-1030,-376,1419,0,0,170,146981,13500,160651,13,1200,147357,12081,160651,-157300,-12297000,-5189750,17644050,0,0,2043000,1761298450,162559900,1925901350,157300,14340000,1766488200,144915850,1925901350
2022-06-13,11600,11650,10950,11050,259798,-6.751054852320674,0,90,-26179,26089,0,0,90,220627,39081,259798,0,0,246806,12992,259798,0,1006500,-291538150,290531650,0,0,1006500,2474762050,436840950,2912609500,0,0,2766300200,146309300,2912609500
2022-06-14,10850,11900,10550,11200,361638,1.3574660633484164,-55,0,4545,-4490,0,0,20,306291,55327,361638,55,20,301746,59817,361638,-616000,-11000,67368600,-66741600,0,0,214000,3422866050,607224900,4030304950,616000,225000,3355497450,673966500,4030304950
2022-06-15,11100,11250,10600,10800,127183,-3.571428571428571,0,200,-7546,7346,0,0,300,110221,16662,127183,0,100,117767,9316,127183,0,2150000,-79639600,77489600,0,0,3260000,1193092100,179779200,1376131300,0,1110000,1272731700,102289600,1376131300
2022-06-16,10800,11100,10500,10500,126492,-2.7777777777777777,0,0,-16536,16536,0,0,0,101358,25134,126492,0,0,117894,8598,126492,0,0,-180233300,180233300,0,0,0,1089653400,272975250,1362628650,0,0,1269886700,92741950,1362628650
2022-06-17,10800,11600,10250,11250,473592,7.142857142857142,0,1500,-54775,53275,0,0,1800,363864,107928,473592,0,300,418639,54653,473592,0,16105000,-587816850,571711850,0,0,19420000,4023093400,1174300300,5216813700,0,3315000,4610910250,602588450,5216813700
2022-06-20,11050,12000,10800,11850,367372,5.333333333333334,-72,0,-37867,37939,0,0,0,299209,68163,367372,72,0,337076,30224,367372,-849600,0,-441629700,442479300,0,0,0,3419121350,781702600,4200823950,849600,0,3860751050,339223300,4200823950
2022-06-21,11700,11750,11050,11150,130892,-5.9071729957805905,-6,0,11344,-11338,0,0,0,125149,5743,130892,6,0,113805,17081,130892,-69300,0,129041800,-128972500,0,0,0,1422286500,65287400,1487573900,69300,0,1293244700,194259900,1487573900
2022-06-22,11100,11200,10500,10900,164784,-2.242152466367713,0,-600,-40378,40978,0,0,0,98883,65901,164784,0,600,139261,24923,164784,0,-6450000,-438565600,445015600,0,0,0,1067407400,712916500,1780323900,0,6450000,1505973000,267900900,1780323900
2022-06-23,10750,11000,10300,10300,163473,-5.5045871559633035,-202,1791,-48800,47211,0,0,1791,91432,70250,163473,202,0,140232,23039,163473,-2101500,19253250,-528818000,511666250,0,0,19253250,968999600,757141950,1745394800,2101500,0,1497817600,245475700,1745394800
2022-06-24,10500,11250,10500,11050,143115,7.281553398058252,0,-1000,-88945,89945,0,0,0,41863,101252,143115,0,1000,130808,11307,143115,0,-10900000,-967358400,978258400,0,0,0,458360800,1102897850,1561258650,0,10900000,1425719200,124639450,1561258650
2022-06-27,11050,12700,10850,11650,712795,5.429864253393665,0,-2020,28642,-26622,0,0,0,668922,43873,712795,0,2020,640280,70495,712795,0,-24709050,363371800,-338662750,0,0,0,8046667450,514689350,8561356800,0,24709050,7683295650,853352100,8561356800
2022-06-28,11550,11650,11300,11400,94194,-2.1459227467811157,0,-316,3910,-3594,0,0,0,87501,6693,94194,0,316,83591,10287,94194,0,-3649800,44458150,-40808350,0,0,0,999400800,76613450,1076014250,0,3649800,954942650,117421800,1076014250
2022-06-29,11150,11450,11100,11100,78515,-2.631578947368421,0,0,-8229,8229,0,0,0,64371,14144,78515,0,0,72600,5915,78515,0,0,-92175650,92175650,0,0,0,722431400,158856900,881288300,0,0,814607050,66681250,881288300
2022-06-30,11250,12050,11200,11450,285166,3.153153153153153,0,-350,-44058,44408,0,0,170,203468,81528,285166,0,520,247526,37120,285166,0,-4115500,-516089900,520205400,0,0,1973500,2393447450,956935350,3352356300,0,6089000,2909537350,436729950,3352356300
2022-07-01,11350,11700,11100,11250,79141,-1.7467248908296942,795,-532,2024,-2287,0,795,0,72528,5818,79141,0,532,70504,8105,79141,8930300,-5960900,22945200,-25914600,0,8930300,0,818949050,65925100,893804450,0,5960900,796003850,91839700,893804450
2022-07-04,11150,11500,10950,11050,82530,-1.7777777777777777,0,500,-6208,5708,0,0,500,68573,13457,82530,0,0,74781,7749,82530,0,5525000,-68920500,63395500,0,0,5525000,764582550,150563600,920671150,0,0,833503050,87168100,920671150
2022-07-05,11050,11600,11050,11600,101844,4.97737556561086,0,0,-34884,34884,0,0,0,60404,41440,101844,0,0,95288,6556,101844,0,0,-397963050,397963050,0,0,0,690053550,472773700,1162827250,0,0,1088016600,74810650,1162827250
2022-07-06,11450,11700,11350,11400,57028,-1.7241379310344827,0,0,-877,877,0,0,0,41127,15901,57028,0,0,42004,15024,57028,0,0,-10222150,10222150,0,0,0,475260550,183845400,659105950,0,0,485482700,173623250,659105950
2022-07-07,11300,11600,11300,11600,47748,1.7543859649122806,0,0,-2816,2816,0,0,0,40133,7615,47748,0,0,42949,4799,47748,0,0,-31987500,31987500,0,0,0,458922800,87140350,546063150,0,0,490910300,55152850,546063150
2022-07-08,11500,11750,11450,11750,72027,1.293103448275862,0,0,-8038,8038,0,0,0,55606,16421,72027,0,0,63644,8383,72027,0,0,-93262600,93262600,0,0,0,646417800,190440900,836858700,0,0,739680400,97178300,836858700
2022-07-11,11800,12050,11700,11850,99689,0.851063829787234,0,0,-4211,4211,0,0,0,85308,14381,99689,0,0,89519,10170,99689,0,0,-49925650,49925650,0,0,0,1013260050,170799700,1184059750,0,0,1063185700,120874050,1184059750
2022-07-12,11650,11850,11500,11850,45646,0.0,0,0,1808,-1808,0,0,0,41197,4449,45646,0,0,39389,6257,45646,0,0,21148600,-21148600,0,0,0,480685250,51923650,532608900,0,0,459536650,73072250,532608900
2022-07-13,11700,12450,11700,12000,138355,1.2658227848101267,0,0,16768,-16768,0,0,0,130694,7661,138355,0,0,113926,24429,138355,0,0,206130500,-206130500,0,0,0,1582668750,91465150,1674133900,0,0,1376538250,297595650,1674133900
2022-07-14,12150,12450,11850,12050,100443,0.4166666666666667,3200,0,3437,-6637,0,3200,0,87366,9877,100443,0,0,83929,16514,100443,38425000,0,40572250,-78997250,0,38425000,0,1056321750,119721100,1214467850,0,0,1015749500,198718350,1214467850
2022-07-15,11900,12900,11800,12850,279501,6.639004149377594,637,-90,-16451,15904,0,637,0,229769,49095,279501,0,90,246220,33191,279501,7562700,-1136500,-204477550,198051350,0,7562700,0,2875226300,613752150,3496541150,0,1136500,3079703850,415700800,3496541150
2022-07-18,13100,13150,12400,12650,137613,-1.556420233463035,0,10,22641,-22651,0,0,10,132234,5369,137613,0,0,109593,28020,137613,0,127000,292386200,-292513200,0,0,127000,1687468550,68051400,1755646950,0,0,1395082350,360564600,1755646950
2022-07-19,12400,12500,12200,12300,71121,-2.766798418972332,0,0,-3198,3198,0,0,0,60986,10135,71121,0,0,64184,6937,71121,0,0,-38679700,38679700,0,0,0,754836500,124782650,879619150,0,0,793516200,86102950,879619150
2022-07-20,12400,13100,12300,12600,136383,2.4390243902439024,-35,-1000,7190,-6155,0,0,0,120986,15397,136383,35,1000,113796,21552,136383,-435750,-12450000,94221850,-81336100,0,0,0,1529209100,194189200,1723398300,435750,12450000,1434987250,275525300,1723398300
2022-07-21,12500,12650,12150,12250,60276,-2.7777777777777777,0,0,1950,-1950,0,0,0,58603,1673,60276,0,0,56653,3623,60276,0,0,24147100,-24147100,0,0,0,724408450,20926750,745335200,0,0,700261350,45073850,745335200
2022-07-22,12250,12350,12000,12000,48806,-2.0408163265306123,128,0,7973,-8101,0,198,0,46911,1697,48806,70,0,38938,9798,48806,1535800,0,96783850,-98319650,0,2393300,0,567839900,20590600,590823800,857500,0,471056050,118910250,590823800
2022-07-25,11850,12150,11850,12150,76771,1.25,0,-2000,2192,-192,0,0,0,70346,6425,76771,0,2000,68154,6617,76771,0,-24100000,26623100,-2523100,0,0,0,843192600,76916450,920109050,0,24100000,816569500,79439550,920109050
2022-07-26,12050,13250,11900,11900,490443,-2.05761316872428,-1756,0,28720,-26964,0,0,0,476871,13572,490443,1756,0,448151,40536,490443,-21589550,0,372265000,-350675450,0,0,0,5979687700,169463200,6149150900,21589550,0,5607422700,520138650,6149150900
2022-07-27,11800,12000,11700,11800,66361,-0.8403361344537815,0,-2990,869,2121,0,0,10,62081,4270,66361,0,3000,61212,2149,66361,0,-35282000,10581550,24700450,0,0,118000,733656800,50272000,784046800,0,35400000,723075250,25571550,784046800
2022-07-28,11900,11900,11700,11700,60064,-0.847457627118644,0,-1000,955,45,0,0,0,59416,648,60064,0,1000,58461,603,60064,0,-11763900,11265250,498650,0,0,0,700804750,7658450,708463200,0,11763900,689539500,7159800,708463200
2022-07-29,11750,12450,11500,11900,223477,1.7094017094017095,-1079,0,-5504,6583,0,0,0,199731,23746,223477,1079,0,205235,17163,223477,-13336700,0,-64969050,78305750,0,0,0,2408451400,285983400,2694434800,13336700,0,2473420450,207677650,2694434800
2022-08-01,11800,12050,11750,11900,53400,0.0,44,0,-1187,1143,0,44,0,47975,5381,53400,0,0,49162,4238,53400,525800,0,-13533600,13007800,0,525800,0,571745700,63540100,635811600,0,0,585279300,50532300,635811600
2022-08-02,11900,12050,11800,11850,46664,-0.42016806722689076,0,-1000,1656,-656,0,0,0,43857,2807,46664,0,1000,42201,3463,46664,0,-11900000,19536050,-7636050,0,0,0,520752200,33405550,554157750,0,11900000,501216150,41041600,554157750
2022-08-03,11950,12050,11850,11900,33044,0.42194092827004215,0,0,-5098,5098,0,0,0,27054,5990,33044,0,0,32152,892,33044,0,0,-60613450,60613450,0,0,0,322616200,71330300,393946500,0,0,383229650,10716850,393946500
2022-08-04,12000,13500,11850,12350,1068934,3.7815126050420167,-361,0,-16875,17236,0,39,0,977162,91733,1068934,400,0,994037,74497,1068934,-4392300,0,-194464150,198856450,0,487700,0,12472279550,1153851050,13626618300,4880000,0,12666743700,954994600,13626618300
2022-08-05,12300,12700,12300,12550,86669,1.6194331983805668,0,0,-19447,19447,0,0,0,63642,23027,86669,0,0,83089,3580,86669,0,0,-243249050,243249050,0,0,0,797010900,288174950,1085185850,0,0,1040259950,44925900,1085185850
2022-08-08,12550,12800,12400,12500,73473,-0.398406374501992,0,300,5512,-5812,0,0,300,66767,6406,73473,0,0,61255,12218,73473,0,3750000,69473750,-73223750,0,0,3750000,837173150,80780950,921704100,0,0,767699400,154004700,921704100
2022-08-09,12500,12550,12300,12300,58433,-1.6,-156,0,-2420,2576,0,0,0,52821,5612,58433,156,0,55241,3036,58433,-1926600,0,-30102500,32029100,0,0,0,653606750,69705000,723311750,1926600,0,683709250,37675900,723311750
2022-08-10,12200,12300,11850,11900,63828,-3.2520325203252036,0,-900,14375,-13475,0,0,0,63258,570,63828,0,900,48883,14045,63828,0,-10710000,172224400,-161514400,0,0,0,757660150,6858650,764518800,0,10710000,585435750,168373050,764518800
2022-08-11,11950,12000,11900,11950,32102,0.42016806722689076,0,-1790,6568,-4778,0,0,0,31789,313,32102,0,1790,25221,5091,32102,0,-21390500,78492550,-57102050,0,0,0,379864500,3740350,383604850,0,21390500,301371950,60842400,383604850
2022-08-12,12000,12150,11900,12100,39467,1.2552301255230125,0,-1000,2316,-1316,0,0,0,38489,978,39467,0,1000,36173,2294,39467,0,-11959350,27817950,-15858600,0,0,0,462564900,11770700,474335600,0,11959350,434746950,27629300,474335600
2022-08-16,11750,12000,11700,11800,63553,-2.479338842975207,1530,10,-2957,1417,0,1530,10,57495,4518,63553,0,0,60452,3101,63553,17977500,119000,-34685000,16588500,0,17977500,119000,680749900,53443700,752290100,0,0,715434900,36855200,752290100
2022-08-17,11800,11950,11450,11500,63978,-2.5423728813559325,12,14,2651,-2677,0,12,14,61107,2845,63978,0,0,58456,5522,63978,141550,161750,31722950,-32026250,0,141550,161750,712238850,32884600,745426750,0,0,680515900,64910850,745426750
2022-08-18,11300,11500,11200,11400,38170,-0.8695652173913043,0,20,836,-856,0,0,20,36055,2095,38170,0,0,35219,2951,38170,0,227500,9493150,-9720650,0,0,227500,408791750,23780400,432799650,0,0,399298600,33501050,432799650
2022-08-19,11400,11550,11250,11300,27764,-0.8771929824561403,0,107,416,-523,0,0,1015,26507,242,27764,0,908,26091,765,27764,0,1247600,4738000,-5985600,0,0,11614400,302265500,2764900,316644800,0,10366800,297527500,8750500,316644800
2022-08-22,11150,11250,10900,11050,50848,-2.2123893805309733,0,10,1579,-1589,0,0,10,49315,1523,50848,0,0,47736,3112,50848,0,110500,17582800,-17693300,0,0,110500,545649550,16810950,562571000,0,0,528066750,34504250,562571000
2022-08-23,10850,10950,10750,10800,37035,-2.262443438914027,0,10,405,-415,0,0,10,33171,3854,37035,0,0,32766,4269,37035,0,109000,4525350,-4634350,0,0,109000,359824850,41774300,401708150,0,0,355299500,46408650,401708150
2022-08-24,10800,11800,10750,11050,148566,2.314814814814815,0,0,13139,-13139,0,0,0,141098,7468,148566,0,0,127959,20607,148566,0,0,151600300,-151600300,0,0,0,1577420550,82490350,1659910900,0,0,1425820250,234090650,1659910900
2022-08-25,10900,11250,10800,11100,73891,0.4524886877828055,0,3776,-15307,11531,0,0,3776,54405,15710,73891,0,0,69712,4179,73891,0,41724800,-168034100,126309300,0,0,41724800,599168450,172567550,813460800,0,0,767202550,46258250,813460800
2022-08-26,11100,11400,11100,11200,43669,0.9009009009009009,0,200,2005,-2205,0,0,200,41743,1726,43669,0,0,39738,3931,43669,0,2250000,22527550,-24777550,0,0,2250000,474091300,19296250,495637550,0,0,451563750,44073800,495637550
2022-08-29,11900,13050,11250,11250,1221190,0.4464285714285714,0,-3346,14224,-10878,0,0,163,1163545,57482,1221190,0,3509,1149321,68360,1221190,0,-39698750,151433800,-111735050,0,0,2044350,13963703400,703505250,14669253000,0,41743100,13812269600,815240300,14669253000
2022-08-30,11150,11400,11000,11000,105949,-2.2222222222222223,0,0,-9006,9006,0,0,0,91644,14305,105949,0,0,100650,5299,105949,0,0,-100913800,100913800,0,0,0,1018548900,160019550,1178568450,0,0,1119462700,59105750,1178568450
2022-08-31,11000,11550,11000,11150,130490,1.3636363636363635,-1642,0,5216,-3574,0,0,0,119941,10549,130490,1642,0,114725,14123,130490,-18525600,0,59043750,-40518150,0,0,0,1351914650,118931150,1470845800,18525600,0,1292870900,159449300,1470845800
2022-09-01,11050,12000,10950,11300,518167,1.345291479820628,4000,0,-9527,5527,0,4000,0,475334,38833,518167,0,0,484861,33306,518167,46100000,0,-109116700,63016700,0,46100000,0,5507800900,449784100,6003685000,0,0,5616917600,386767400,6003685000
2022-09-02,11550,11650,11100,11100,105028,-1.7699115044247788,0,0,5948,-5948,0,0,0,100528,4500,105028,0,0,94580,10448,105028,0,0,68353250,-68353250,0,0,0,1141018850,51065150,1192084000,0,0,1072665600,119418400,1192084000
2022-09-05,11100,11350,10800,10800,74380,-2.7027027027027026,-6027,0,10188,-4161,0,0,0,68325,6055,74380,6027,0,58137,10216,74380,-66558050,0,112950050,-46392000,0,0,0,753268300,67327950,820596250,66558050,0,640318250,113719950,820596250
2022-09-06,10800,11000,10750,10900,30914,0.9259259259259258,-36,1888,-2610,758,0,0,1888,26044,2982,30914,36,0,28654,2224,30914,-392400,20529200,-28591000,8454200,0,0,20529200,282853150,32631700,336014050,392400,0,311444150,24177500,336014050
2022-09-07,10900,10900,10500,10800,63890,-0.9174311926605505,0,0,1261,-1261,0,0,0,61277,2613,63890,0,0,60016,3874,63890,0,0,13450250,-13450250,0,0,0,652122850,27801200,679924050,0,0,638672600,41251450,679924050
2022-09-08,10850,11000,10750,11000,35976,1.8518518518518516,0,0,322,-322,0,0,0,34147,1829,35976,0,0,33825,2151,35976,0,0,3602050,-3602050,0,0,0,371854600,19844450,391699050,0,0,368252550,23446500,391699050
2022-09-13,11100,11550,11050,11550,82991,5.0,0,-180,-2905,3085,0,0,26,74904,8061,82991,0,206,77809,4976,82991,0,-2063300,-31971550,34034850,0,0,289900,851219200,90605550,942114650,0,2353200,883190750,56570700,942114650
2022-09-14,10900,11450,10800,11200,93814,-3.0303030303030303,0,-2000,-11397,13397,0,0,0,76098,17716,93814,0,2000,87495,4319,93814,0,-22400400,-125778550,148178950,0,0,0,847826050,196717600,1044543650,0,22400400,973604600,48538650,1044543650
2022-09-15,11250,11300,10450,10550,131341,-5.803571428571429,-730,-1172,12778,-10876,0,0,0,127619,3722,131341,730,1172,114841,14598,131341,-7701500,-12599000,138710500,-118410000,0,0,0,1354195050,40090000,1394285050,7701500,12599000,1215484550,158500000,1394285050
2022-09-16,9350,9950,9100,9620,430964,-8.81516587677725,0,0,-12130,12130,0,0,0,394209,36755,430964,0,0,406339,24625,430964,0,0,-114071260,114071260,0,0,0,3740492210,347117430,4087609640,0,0,3854563470,233046170,4087609640
2022-09-19,9600,9650,9000,9000,184958,-6.4449064449064455,0,0,6605,-6605,0,0,0,175355,9603,184958,0,0,168750,16208,184958,0,0,61483740,-61483740,0,0,0,1608091930,88539270,1696631200,0,0,1546608190,150023010,1696631200
2022-09-20,9000,9170,8900,9170,76170,1.8888888888888888,0,0,-21165,21165,0,0,0,47557,28613,76170,0,0,68722,7448,76170,0,0,-191765600,191765600,0,0,0,429951020,259291060,689242080,0,0,621716620,67525460,689242080
2022-09-21,9000,9250,8950,9100,43818,-0.7633587786259541,0,0,-17808,17808,0,0,0,21859,21959,43818,0,0,39667,4151,43818,0,0,-162291970,162291970,0,0,0,198947120,199848700,398795820,0,0,361239090,37556730,398795820
2022-09-22,9040,9140,8880,9130,70561,0.32967032967032966,0,0,-13308,13308,0,0,0,50473,20088,70561,0,0,63781,6780,70561,0,0,-120394040,120394040,0,0,0,454255050,181350520,635605570,0,0,574649090,60956480,635605570
2022-09-23,9130,9130,8860,8990,46042,-1.5334063526834611,0,-328,1856,-1528,0,0,0,40763,5279,46042,0,328,38907,6807,46042,0,-2906080,16515970,-13609890,0,0,0,364304510,47188630,411493140,0,2906080,347788540,60798520,411493140
2022-09-26,8600,8810,8010,8100,142451,-9.899888765294772,-795,20,126,649,0,0,20,123284,19147,142451,795,0,123158,18498,142451,-6553150,168800,1372360,5011990,0,0,168800,1017441380,158867280,1176477460,6553150,0,1016069020,153855290,1176477460
2022-09-27,7960,8200,7700,7960,109005,-1.728395061728395,0,0,-13018,13018,0,0,0,73146,35859,109005,0,0,86164,22841,109005,0,0,-103811780,103811780,0,0,0,578110970,284204920,862315890,0,0,681922750,180393140,862315890
2022-09-28,7960,8440,7870,8100,115489,1.7587939698492463,0,0,-47056,47056,0,0,0,52443,63046,115489,0,0,99499,15990,115489,0,0,-387238570,387238570,0,0,0,423759460,516198250,939957710,0,0,810998030,128959680,939957710
2022-09-29,8100,8260,7830,7830,82578,-3.3333333333333335,0,0,-5273,5273,0,0,0,62787,19791,82578,0,0,68060,14518,82578,0,0,-43243780,43243780,0,0,0,503158530,159516590,662675120,0,0,546402310,116272810,662675120
2022-09-30,7560,7950,7560,7900,46683,0.8939974457215836,0,0,-11052,11052,0,0,0,27033,19650,46683,0,0,38085,8598,46683,0,0,-85604150,85604150,0,0,0,209872450,152358500,362230950,0,0,295476600,66754350,362230950
2022-10-04,7950,8430,7950,8410,50116,6.455696202531645,0,0,-19633,19633,0,0,0,23832,26284,50116,0,0,43465,6651,50116,0,0,-158233990,158233990,0,0,0,195406670,212953740,408360410,0,0,353640660,54719750,408360410
2022-10-05,8410,9030,7800,7980,281765,-5.112960760998811,0,0,51940,-51940,0,0,116,256214,25435,281765,0,116,204274,77375,281765,0,-16620,430030180,-430013560,0,0,987160,2124327750,210869850,2336184760,0,1003780,1694297570,640883410,2336184760
2022-10-06,7900,8200,7900,8140,43174,2.0050125313283207,-10,0,-5833,5843,0,0,0,32304,10870,43174,10,0,38137,5027,43174,-79800,0,-46199080,46278880,0,0,0,259866010,86864560,346730570,79800,0,306065090,40585680,346730570
2022-10-07,8140,8140,7890,7990,38095,-1.8427518427518428,-35,-3800,10498,-6663,0,0,0,36923,1172,38095,35,3800,26425,7835,38095,-280000,-30096610,83616620,-53240010,0,0,0,294209900,9326520,303536420,280000,30096610,210593280,62566530,303536420
2022-10-11,7990,7990,7580,7790,49505,-2.5031289111389237,0,0,-1519,1519,0,0,0,40272,9233,49505,0,0,41791,7714,49505,0,0,-11465250,11465250,0,0,0,311321190,71365530,382686720,0,0,322786440,59900280,382686720
2022-10-12,7620,7820,7560,7610,40888,-2.3106546854942236,0,0,-576,576,0,0,0,35930,4958,40888,0,0,36506,4382,40888,0,0,-4324510,4324510,0,0,0,274158370,37829260,311987630,0,0,278482880,33504750,311987630
2022-10-13,7540,7680,7140,7140,74803,-6.176084099868594,0,0,157,-157,0,0,0,69679,5124,74803,0,0,69522,5281,74803,0,0,2017440,-2017440,0,0,0,507091650,37117150,544208800,0,0,505074210,39134590,544208800
2022-10-14,7150,8280,7150,7500,431150,5.042016806722689,0,14416,-41333,26917,0,0,14416,342958,73776,431150,0,0,384291,46859,431150,0,108410000,-296190430,187780430,0,0,108410000,2670505020,556122570,3335037590,0,0,2966695450,368342140,3335037590
2022-10-17,7380,7820,7250,7750,61883,3.3333333333333335,0,500,-18704,18204,0,0,500,39059,22324,61883,0,0,57763,4120,61883,0,3885000,-141275960,137390960,0,0,3885000,296393710,168431010,468709720,0,0,437669670,31040050,468709720
2022-10-18,7700,7950,7700,7800,41475,0.6451612903225806,0,0,-13561,13561,0,0,0,25237,16238,41475,0,0,38798,2677,41475,0,0,-106514990,106514990,0,0,0,197719610,127561080,325280690,0,0,304234600,21046090,325280690
2022-10-19,7800,7930,7750,7790,24326,-0.1282051282051282,0,0,3808,-3808,0,0,0,21261,3065,24326,0,0,17453,6873,24326,0,0,29675790,-29675790,0,0,0,166498950,24055020,190553970,0,0,136823160,53730810,190553970
2022-10-20,7710,7770,7520,7550,24701,-3.080872913992298,-31,0,5050,-5019,0,0,0,20503,4198,24701,31,0,15453,9217,24701,-239940,0,38990730,-38750790,0,0,0,156479570,31871320,188350890,239940,0,117488840,70622110,188350890
2022-10-21,7610,7610,7360,7360,17813,-2.5165562913907285,0,0,4159,-4159,0,0,0,16236,1577,17813,0,0,12077,5736,17813,0,0,31007690,-31007690,0,0,0,120814540,11702390,132516930,0,0,89806850,42710080,132516930
2022-10-24,7390,7630,7390,7500,25044,1.9021739130434785,-5,0,-14818,14823,0,0,0,9486,15558,25044,5,0,24304,735,25044,-37480,0,-111517340,111554820,0,0,0,71337840,117106240,188444080,37480,0,182855180,5551420,188444080
2022-10-25,7460,7620,7440,7470,14501,-0.4,0,66,-2908,2842,0,0,66,9878,4557,14501,0,0,12786,1715,14501,0,495000,-21804080,21309080,0,0,495000,74213550,34181190,108889740,0,0,96017630,12872110,108889740
2022-10-26,7480,7550,7380,7420,26051,-0.6693440428380187,0,0,1174,-1174,0,0,0,21757,4294,26051,0,0,20583,5468,26051,0,0,8605500,-8605500,0,0,0,161840070,32069700,193909770,0,0,153234570,40675200,193909770
2022-10-27,7450,7600,7400,7550,18842,1.7520215633423182,0,0,-6256,6256,0,0,0,11829,7013,18842,0,0,18085,757,18842,0,0,-47106610,47106610,0,0,0,89016710,52791560,141808270,0,0,136123320,5684950,141808270
2022-10-28,7490,7580,7450,7450,13145,-1.3245033112582782,0,0,1890,-1890,0,0,0,12297,848,13145,0,0,10407,2738,13145,0,0,14171560,-14171560,0,0,0,92182460,6360270,98542730,0,0,78010900,20531830,98542730
2022-10-31,7560,7590,7460,7590,21788,1.8791946308724832,0,0,-3490,3490,0,0,0,17392,4396,21788,0,0,20882,906,21788,0,0,-26255670,26255670,0,0,0,130675310,33049260,163724570,0,0,156930980,6793590,163724570
2022-11-01,7580,7840,7410,7800,37897,2.766798418972332,0,0,1260,-1260,0,0,0,34509,3388,37897,0,0,33249,4648,37897,0,0,9723780,-9723780,0,0,0,264009250,26005780,290015030,0,0,254285470,35729560,290015030
2022-11-02,7980,8670,7850,7930,382297,1.6666666666666667,0,0,22051,-22051,0,0,0,340143,42154,382297,0,0,318092,64205,382297,0,0,187917040,-187917040,0,0,0,2810078510,344792730,3154871240,0,0,2622161470,532709770,3154871240
2022-11-03,7840,7840,7680,7750,36703,-2.269861286254729,0,-259,-145,404,0,0,241,31692,4770,36703,0,500,31837,4366,36703,0,-2029300,-1124610,3153910,0,0,1855700,245143730,36899460,283898890,0,3885000,246268340,33745550,283898890
2022-11-04,7750,7750,7520,7640,37066,-1.4193548387096775,-10,1400,1883,-3273,0,0,1400,34238,1428,37066,10,0,32355,4701,37066,-76900,10658000,14362590,-24943690,0,0,10658000,260497780,10890740,282046520,76900,0,246135190,35834430,282046520
2022-11-07,7570,7950,7570,7890,31193,3.2722513089005236,0,0,-8148,8148,0,0,0,22648,8545,31193,0,0,30796,397,31193,0,0,-63241560,63241560,0,0,0,176615560,66348400,242963960,0,0,239857120,3106840,242963960
2022-11-08,7970,8150,7810,8080,29260,2.4081115335868186,0,0,-8393,8393,0,0,0,19306,9954,29260,0,0,27699,1561,29260,0,0,-67504500,67504500,0,0,0,155840520,80131770,235972290,0,0,223345020,12627270,235972290
2022-11-09,8200,8200,8020,8100,19406,0.24752475247524752,-28,0,3023,-2995,0,0,0,18408,998,19406,28,0,15385,3993,19406,-227920,0,24509110,-24281190,0,0,0,149343390,8098420,157441810,227920,0,124834280,32379610,157441810
2022-11-10,8100,8390,8030,8190,48603,1.1111111111111112,0,0,243,-243,0,0,0,39377,9226,48603,0,0,39134,9469,48603,0,0,1923920,-1923920,0,0,0,320691110,75269100,395960210,0,0,318767190,77193020,395960210
2022-11-11,8370,8400,8300,8320,42133,1.5873015873015872,-35,1000,-5344,4379,0,0,1000,35155,5978,42133,35,0,40499,1599,42133,-291900,8300000,-44636250,36628150,0,0,8300000,293529280,49973190,351802470,291900,0,338165530,13345040,351802470
2022-11-14,8320,8460,8310,8340,30098,0.2403846153846154,0,-1,-2064,2065,0,0,0,25855,4243,30098,0,1,27919,2178,30098,0,-8400,-17314080,17322480,0,0,0,216620140,35599650,252219790,0,8400,233934220,18277170,252219790
2022-11-15,8360,8650,8330,8640,45504,3.597122302158273,0,0,-8370,8370,0,0,0,36166,9338,45504,0,0,44536,968,45504,0,0,-71444240,71444240,0,0,0,307683280,79654420,387337700,0,0,379127520,8210180,387337700
2022-11-16,8750,8790,8450,8510,44435,-1.5046296296296295,-70,0,1098,-1028,0,0,0,42367,2068,44435,70,0,41269,3096,44435,-606620,0,9499280,-8892660,0,0,0,363690820,17734970,381425790,606620,0,354191540,26627630,381425790
2022-11-17,8510,8610,8230,8400,36604,-1.2925969447708578,-366,0,1085,-719,0,0,0,32745,3859,36604,366,0,31660,4578,36604,-3127860,0,9804350,-6676490,0,0,0,274852190,32163240,307015430,3127860,0,265047840,38839730,307015430
2022-11-18,8420,8420,8290,8330,18604,-0.8333333333333334,0,0,2358,-2358,0,0,0,17565,1039,18604,0,0,15207,3397,18604,0,0,19724570,-19724570,0,0,0,146807890,8671140,155479030,0,0,127083320,28395710,155479030
2022-11-21,8330,8330,8000,8110,38042,-2.6410564225690276,-600,200,7363,-6963,0,0,200,36167,1675,38042,600,0,28804,8638,38042,-4881000,1624000,59865880,-56608880,0,0,1624000,293129340,13595340,308348680,4881000,0,233263460,70204220,308348680
2022-11-22,8110,8110,7940,8010,29077,-1.2330456226880395,0,0,1369,-1369,0,0,0,26259,2818,29077,0,0,24890,4187,29077,0,0,11001630,-11001630,0,0,0,210050200,22569940,232620140,0,0,199048570,33571570,232620140
2022-11-23,8010,8060,7800,7930,39934,-0.9987515605493134,-9190,0,13610,-4420,0,0,0,38639,1295,39934,9190,0,25029,5715,39934,-72876790,0,107810210,-34933420,0,0,0,305791670,10273200,316064870,72876790,0,197981460,45206620,316064870
2022-11-24,8120,8250,8010,8190,34475,3.278688524590164,-300,1027,-8233,7506,0,0,1027,23699,9749,34475,300,0,31932,2243,34475,-2448000,8364320,-67201260,61284940,0,0,8364320,193172040,79458470,280994830,2448000,0,260373300,18173530,280994830
2022-11-25,8180,9500,8070,8400,1112765,2.564102564102564,-1340,-227,42247,-40680,0,0,3529,1049926,59310,1112765,1340,3756,1007679,99990,1112765,-11474890,-2455440,384007710,-370077380,0,0,29207250,9360447880,508311600,9897966730,11474890,31662690,8976440170,878388980,9897966730
2022-11-28,8310,8570,8170,8240,112542,-1.9047619047619049,0,0,7108,-7108,0,0,0,101483,11059,112542,0,0,94375,18167,112542,0,0,59412260,-59412260,0,0,0,845782410,92349060,938131470,0,0,786370150,151761320,938131470
2022-11-29,8100,8270,8090,8220,45894,-0.24271844660194172,0,0,-3782,3782,0,0,0,38593,7301,45894,0,0,42375,3519,45894,0,0,-30754540,30754540,0,0,0,315579350,59641600,375220950,0,0,346333890,28887060,375220950
2022-11-30,8160,8300,8160,8170,31944,-0.6082725060827251,-136,800,-5841,5177,0,0,800,24490,6654,31944,136,0,30331,1477,31944,-1122120,6620160,-48040420,42542380,0,0,6620160,201718290,54682850,263021300,1122120,0,249758710,12140470,263021300
2022-12-01,8240,8330,8230,8250,31260,0.9791921664626682,-136,100,-6194,6230,0,0,100,23184,7976,31260,136,0,29378,1746,31260,-1128290,829000,-51342510,51641800,0,0,829000,191989740,66116550,258935290,1128290,0,243332250,14474750,258935290
2022-12-02,8230,8420,8180,8390,40932,1.6969696969696972,-136,-2070,-3075,5281,0,0,0,33963,6969,40932,136,2070,37038,1688,40932,-1124580,-17075000,-25744290,43943870,0,0,0,281625970,57950440,339576410,1124580,17075000,307370260,14006570,339576410
2022-12-05,8500,8830,8380,8620,96875,2.7413587604290823,-136,0,-10997,11133,0,0,0,77781,19094,96875,136,0,88778,7961,96875,-1155260,0,-92890780,94046040,0,0,0,670803390,163188510,833991900,1155260,0,763694170,69142470,833991900
2022-12-06,8530,9530,8470,8720,535675,1.160092807424594,-186,-790,20698,-19722,0,0,110,495035,40530,535675,186,900,474337,60252,535675,-1630200,-6775920,192872610,-184466490,0,0,958000,4469921330,359165480,4830044810,1630200,7733920,4277048720,543631970,4830044810
2022-12-07,8700,8710,8380,8560,73490,-1.834862385321101,-100,0,1135,-1035,0,0,0,62203,11287,73490,100,0,61068,12322,73490,-860240,0,9473850,-8613610,0,0,0,531764020,97045740,628809760,860240,0,522290170,105659350,628809760
2022-12-08,8560,8670,8300,8300,59582,-3.0373831775700935,-130,200,6737,-6807,0,0,200,57617,1765,59582,130,0,50880,8572,59582,-1088900,1694000,56634300,-57239400,0,0,1694000,482306610,14745260,498745870,1088900,0,425672310,71984660,498745870
2022-12-09,8450,8640,8390,8640,65880,4.096385542168675,-130,0,-29399,29529,0,0,0,35280,30600,65880,130,0,64679,1071,65880,-1107000,0,-251082670,252189670,0,0,0,301015740,261273040,562288780,1107000,0,552098410,9083370,562288780
2022-12-12,8670,8680,8520,8600,46698,-0.4629629629629629,-130,0,2736,-2606,0,0,0,43818,2880,46698,130,0,41082,5486,46698,-1118370,0,23504530,-22386160,0,0,0,375512720,24732690,400245410,1118370,0,352008190,47118850,400245410
2022-12-13,8690,9000,8580,8930,137846,3.8372093023255816,-140,1500,-13535,12175,0,0,1500,116432,19914,137846,140,0,129967,7739,137846,-1228100,12955000,-118168460,106441560,0,0,12955000,1026501450,175123410,1214579860,1228100,0,1144669910,68681850,1214579860
2022-12-14,8990,9170,8760,9000,119099,0.7838745800671892,0,-1500,3879,-2379,0,0,0,107850,11249,119099,0,1500,103971,13628,119099,0,-13249350,34241410,-20992060,0,0,0,965706790,100676410,1066383200,0,13249350,931465380,121668470,1066383200
2022-12-15,9190,9900,8500,8670,840823,-3.6666666666666665,0,0,60318,-60318,0,0,0,802205,38618,840823,0,0,741887,98936,840823,0,0,543694680,-543694680,0,0,0,7324565560,351810060,7676375620,0,0,6780870880,895504740,7676375620
2022-12-16,8480,8530,8400,8420,95946,-2.883506343713956,0,0,1952,-1952,0,0,0,83680,12266,95946,0,0,81728,14218,95946,0,0,16378810,-16378810,0,0,0,706998510,103755760,810754270,0,0,690619700,120134570,810754270
2022-12-19,8440,8440,8170,8270,56694,-1.7814726840855106,0,0,9855,-9855,0,0,0,55860,834,56694,0,0,46005,10689,56694,0,0,82200200,-82200200,0,0,0,462942990,6865310,469808300,0,0,380742790,89065510,469808300
2022-12-20,8190,8270,8000,8070,49207,-2.418379685610641,0,0,1380,-1380,0,0,0,45634,3573,49207,0,0,44254,4953,49207,0,0,11192630,-11192630,0,0,0,370432300,29089680,399521980,0,0,359239670,40282310,399521980
2022-12-21,8070,8130,7950,8000,38569,-0.8674101610904585,-933,0,-1035,1968,0,0,0,35127,3442,38569,933,0,36162,1474,38569,-7483900,0,-8268750,15752650,0,0,0,281443560,27614420,309057980,7483900,0,289712310,11861770,309057980
2022-12-22,8020,8090,7920,8000,36374,0.0,0,0,-1402,1402,0,0,0,33826,2548,36374,0,0,35228,1146,36374,0,0,-11136780,11136780,0,0,0,270080490,20350080,290430570,0,0,281217270,9213300,290430570
2022-12-23,7920,7980,7630,7660,62534,-4.25,0,-16057,13958,2099,0,0,0,58504,4030,62534,0,16057,44546,1931,62534,0,-124293120,108327420,15965700,0,0,0,451027440,30943600,481971040,0,124293120,342700020,14977900,481971040
2022-12-26,7710,7710,7290,7380,56161,-3.6553524804177546,-47,0,1362,-1315,0,0,0,51378,4783,56161,47,0,50016,6098,56161,-355850,0,10314590,-9958740,0,0,0,383402910,35517010,418919920,355850,0,373088320,45475750,418919920
2022-12-27,7380,7430,7280,7310,34096,-0.9485094850948509,0,-2800,227,2573,0,0,200,30548,3348,34096,0,3000,30321,775,34096,0,-20476000,1583660,18892340,0,0,1464000,224407140,24612520,250483660,0,21940000,222823480,5720180,250483660
2022-12-28,7320,7380,7190,7320,18666,0.13679890560875513,0,0,-1307,1307,0,0,0,15328,3338,18666,0,0,16635,2031,18666,0,0,-9527140,9527140,0,0,0,112086720,24434770,136521490,0,0,121613860,14907630,136521490
2022-12-29,7330,7330,7130,7330,29260,0.1366120218579235,0,0,1780,-1780,0,0,0,27908,1352,29260,0,0,26128,3132,29260,0,0,12919560,-12919560,0,0,0,201191930,9738980,210930910,0,0,188272370,22658540,210930910
2023-01-02,7280,7490,7180,7180,25767,-2.046384720327422,0,0,-4179,4179,0,0,0,20877,4890,25767,0,0,25056,711,25767,0,0,-30561020,30561020,0,0,0,152367730,35717100,188084830,0,0,182928750,5156080,188084830
2023-01-03,7150,7260,7020,7180,20148,0.0,-4,0,2765,-2761,0,0,0,18969,1179,20148,4,0,16204,3940,20148,-28400,0,19732480,-19704080,0,0,0,134696050,8359620,143055670,28400,0,114963570,28063700,143055670
2023-01-04,7080,7280,7070,7270,13924,1.2534818941504178,0,0,-1549,1549,0,0,0,11771,2153,13924,0,0,13320,604,13924,0,0,-10994370,10994370,0,0,0,84440070,15355930,99796000,0,0,95434440,4361560,99796000
2023-01-05,7190,7300,7190,7250,26751,-0.2751031636863824,0,0,-4746,4746,0,0,0,20703,6048,26751,0,0,25449,1302,26751,0,0,-34275480,34275480,0,0,0,149616710,43722200,193338910,0,0,183892190,9446720,193338910
2023-01-06,7190,7300,7170,7170,21563,-1.103448275862069,0,0,353,-353,0,0,0,20322,1241,21563,0,0,19969,1594,21563,0,0,2533390,-2533390,0,0,0,146981100,8975760,155956860,0,0,144447710,11509150,155956860
2023-01-09,7150,8430,7150,7560,792358,5.439330543933055,0,-500,601,-101,0,0,0,747944,44414,792358,0,500,747343,44515,792358,0,-4100000,21037640,-16937640,0,0,0,5944799780,337883340,6282683120,0,4100000,5923762140,354820980,6282683120
2023-01-10,7700,7700,7490,7540,63974,-0.26455026455026454,0,-148,-304,452,0,700,0,58323,4951,63974,700,148,58627,4499,63974,18450,-1114440,-2205950,3301940,0,5298720,0,440370550,37387310,483056580,5280270,1114440,442576500,34085370,483056580
2023-01-11,7600,7670,7510,7540,42163,0.0,0,0,-7762,7762,0,0,0,33869,8294,42163,0,0,41631,532,42163,0,0,-58972500,58972500,0,0,0,257117490,63006600,320124090,0,0,316089990,4034100,320124090
2023-01-12,7540,7650,7510,7550,35650,0.1326259946949602,0,0,-4720,4720,0,0,0,29167,6483,35650,0,0,33887,1763,35650,0,0,-35703980,35703980,0,0,0,221033100,49109160,270142260,0,0,256737080,13405180,270142260
2023-01-13,7550,7640,7550,7570,31306,0.26490066225165565,0,0,-1226,1226,0,0,0,29026,2280,31306,0,0,30252,1054,31306,0,0,-9330670,9330670,0,0,0,220309540,17343680,237653220,0,0,229640210,8013010,237653220
2023-01-16,7550,9840,7550,8980,5338968,18.626155878467635,0,-16412,43364,-26952,0,910,26850,5163694,147514,5338968,910,43262,5120330,174466,5338968,-292870,-152051600,381843730,-229499260,0,8026200,251968970,47367298820,1307449130,48934743120,8319070,404020570,46985455090,1536948390,48934743120
2023-01-17,8810,8900,8300,8370,671397,-6.7928730512249444,0,-1168,-67549,68717,0,0,0,581415,89982,671397,0,1168,648964,21265,671397,0,-10255040,-580735660,590990700,0,0,0,5008517670,773538940,5782056610,0,10255040,5589253330,182548240,5782056610
2023-01-18,8350,8700,8080,8330,1069298,-0.4778972520908005,0,0,68027,-68027,0,2190,0,1039042,28066,1069298,2190,0,971015,96093,1069298,520690,0,575464980,-575985670,0,18882200,0,8806739010,234091260,9059712470,18361510,0,8231274030,810076930,9059712470
2023-01-19,8240,8400,8200,8250,95817,-0.9603841536614646,0,0,-2504,2504,0,0,0,91047,4770,95817,0,0,93551,2266,95817,0,0,-20652180,20652180,0,0,0,754422200,39534630,793956830,0,0,775074380,18882450,793956830
2023-01-20,8260,8540,8180,8290,141390,0.48484848484848486,0,0,-1284,1284,0,0,0,129790,11600,141390,0,0,131074,10316,141390,0,0,-9760490,9760490,0,0,0,1079478840,96157020,1175635860,0,0,1089239330,86396530,1175635860
2023-01-25,8290,8620,8290,8430,122063,1.6887816646562124,0,0,-7877,7877,0,0,100,109082,12881,122063,0,100,116959,5004,122063,0,12500,-66584210,66571710,0,0,841500,917567750,108723360,1027132610,0,829000,984151960,42151650,1027132610
2023-01-26,8450,8450,8250,8410,104657,-0.2372479240806643,0,0,-11267,11267,0,0,0,88258,16399,104657,0,0,99525,5132,104657,0,0,-93218330,93218330,0,0,0,736031500,136366870,872398370,0,0,829249830,43148540,872398370
2023-01-27,8420,8520,8330,8330,71870,-0.9512485136741973,-36,0,2938,-2902,0,0,0,67941,3929,71870,36,0,65003,6831,71870,-303120,0,24475630,-24172510,0,0,0,570547680,33095930,603643610,303120,0,546072050,57268440,603643610
2023-01-30,8350,8410,8100,8150,77927,-2.1608643457382954,0,0,4473,-4473,0,0,0,74249,3678,77927,0,0,69776,8151,77927,0,0,36673200,-36673200,0,0,0,610380380,30357870,640738250,0,0,573707180,67031070,640738250
2023-01-31,8150,8390,8050,8330,66009,2.208588957055215,-5,0,-7344,7349,0,0,0,54170,11839,66009,5,0,61514,4490,66009,-40550,0,-60472530,60513080,0,0,0,447314500,97461670,544776170,40550,0,507787030,36948590,544776170
2023-02-01,8330,8490,8270,8370,59300,0.4801920768307323,0,0,-16128,16128,0,0,0,40842,18458,59300,0,0,56970,2330,59300,0,0,-135452080,135452080,0,0,0,343440030,155047910,498487940,0,0,478892110,19595830,498487940
2023-02-02,8420,8590,8410,8550,91545,2.1505376344086025,0,3043,-15273,12230,0,0,3952,70288,17305,91545,0,909,85561,5075,91545,0,25976890,-129858680,103881790,0,0,33666300,597725550,147121790,778513640,0,7689410,727584230,43240000,778513640
2023-02-03,8560,8640,8410,8630,76667,0.9356725146198831,-6,0,-12854,12860,0,0,0,61537,15130,76667,6,0,74391,2270,76667,-51300,0,-109942200,109993500,0,0,0,527111540,129439330,656550870,51300,0,637053740,19445830,656550870
2023-02-06,8630,8750,8550,8690,105098,0.6952491309385863,0,-1521,-15754,17275,0,0,0,84343,20755,105098,0,1521,100097,3480,105098,0,-13141440,-136380920,149522360,0,0,0,729554940,179661880,909216820,0,13141440,865935860,30139520,909216820
2023-02-07,8780,11200,8730,10350,4375943,19.102416570771002,2366,-1774,74991,-75583,0,2366,1602,4267021,104954,4375943,0,3376,4192030,180537,4375943,24488100,-16790080,753269910,-760967930,0,24488100,15917700,44467561440,1046255130,45554222370,0,32707780,43714291530,1807223060,45554222370
2023-02-08,10000,10700,9930,10110,530235,-2.318840579710145,0,-48,-93965,94013,0,0,136,413914,116185,530235,0,184,507879,22172,530235,0,-494460,-940406320,940900780,0,0,1359440,4157845390,1164379570,5323584400,0,1853900,5098251710,223478790,5323584400
2023-02-09,10110,10120,9560,9630,272531,-4.747774480712167,0,0,25869,-25869,0,0,0,251900,20631,272531,0,0,226031,46500,272531,0,0,255662950,-255662950,0,0,0,2454585380,200192210,2654777590,0,0,2198922430,455855160,2654777590
2023-02-10,9540,12000,9420,10980,5070781,14.018691588785046,-2366,45,66136,-63815,0,13046,4073,4780594,273068,5070781,15412,4028,4714458,336883,5070781,-29807350,3908270,715390160,-689491080,0,136038460,44121130,52496150970,2956479230,55632789790,165845810,40212860,51780760810,3645970310,55632789790
2023-02-13,10950,11450,10650,10820,679312,-1.4571948998178506,0,50,-9208,9158,0,0,50,593694,85568,679312,0,0,602902,76410,679312,0,542210,-90756920,90214710,0,0,542210,6559729510,942580190,7502851910,0,0,6650486430,852365480,7502851910
2023-02-14,10850,11400,10600,10650,406904,-1.5711645101663587,-21,50,-5365,5336,0,0,50,355150,51704,406904,21,0,360515,46368,406904,-231000,535000,-51527670,51223670,0,0,535000,3895759580,559877050,4456171630,231000,0,3947287250,508653380,4456171630
2023-02-15,10540,11090,10310,10700,289611,0.4694835680751174,0,-70,1440,-1370,0,0,0,242205,47406,289611,0,70,240765,48776,289611,0,-741300,12326270,-11584970,0,0,0,2595326130,510216430,3105542560,0,741300,2582999860,521801400,3105542560
2023-02-16,10680,10980,10220,10500,176046,-1.8691588785046727,0,0,12817,-12817,0,0,10,162916,13120,176046,0,10,150099,25937,176046,0,730,136943900,-136944630,0,0,106930,1738159500,141103050,1879369480,0,106200,1601215600,278047680,1879369480
2023-02-17,10300,10490,9960,10060,135471,-4.190476190476191,0,-4030,5624,-1594,0,0,0,120697,14774,135471,0,4030,115073,16368,135471,0,-40426670,57269660,-16842990,0,0,0,1221992730,149503930,1371496660,0,40426670,1164723070,166346920,1371496660
2023-02-20,9950,10550,9950,10480,86803,4.174950298210735,0,855,-24494,23639,0,0,855,53810,32138,86803,0,0,78304,8499,86803,0,8855970,-251260340,242404370,0,0,8855970,554942030,330195960,893993960,0,0,806202370,87791590,893993960
2023-02-21,10590,10590,10170,10210,133861,-2.5763358778625953,0,0,20685,-20685,0,0,0,128585,5276,133861,0,0,107900,25961,133861,0,0,212418500,-212418500,0,0,0,1315617870,54185610,1369803480,0,0,1103199370,266604110,1369803480
2023-02-22,10000,10290,9790,10010,129047,-1.9588638589618024,0,1000,-9124,8124,0,0,1000,99021,29026,129047,0,0,108145,20902,129047,0,10200000,-91638440,81438440,0,0,10200000,992231220,291088930,1293520150,0,0,1083869660,209650490,1293520150
2023-02-23,10030,10260,9850,10110,103199,0.999000999000999,0,49,6299,-6348,0,0,49,88303,14847,103199,0,0,82004,21195,103199,0,492450,65676030,-66168480,0,0,492450,888126330,147788850,1036407630,0,0,822450300,213957330,1036407630
2023-02-24,10110,10250,9990,10170,63605,0.5934718100890208,0,0,7287,-7287,0,0,0,59776,3829,63605,0,0,52489,11116,63605,0,0,73459200,-73459200,0,0,0,602717890,38716120,641434010,0,0,529258690,112175320,641434010
2023-02-27,10130,10560,9920,10500,113997,3.2448377581120944,0,-525,-14864,15389,0,0,0,89722,24275,113997,0,525,104586,8886,113997,0,-5355000,-152686070,158041070,0,0,0,920385660,249820930,1170206590,0,5355000,1073071730,91779860,1170206590
2023-02-28,10880,11150,10400,10460,223345,-0.38095238095238093,0,200,12247,-12447,0,0,200,202154,20991,223345,0,0,189907,33438,223345,0,2092000,132953470,-135045470,0,0,2092000,2178388710,225618480,2406099190,0,0,2045435240,360663950,2406099190
2023-03-02,10640,10940,10340,10600,79510,1.338432122370937,0,0,-15863,15863,0,0,0,58750,20760,79510,0,0,74613,4897,79510,0,0,-166344750,166344750,0,0,0,618470650,218040670,836511320,0,0,784815400,51695920,836511320
2023-03-03,10710,10710,10400,10550,58810,-0.4716981132075472,-2,1,1361,-1360,0,0,1,55155,3654,58810,2,0,53794,5014,58810,-21200,10490,14112790,-14102080,0,0,10490,579892360,38719190,618622040,21200,0,565779570,52821270,618622040
2023-03-06,10550,10640,10350,10400,47487,-1.4218009478672986,-13,-1,4102,-4088,0,0,0,45861,1626,47487,13,1,41759,5714,47487,-136630,-10410,42801640,-42654600,0,0,0,478261690,16988720,495250410,136630,10410,435460050,59643320,495250410
2023-03-07,10250,10570,10060,10490,90300,0.8653846153846154,0,0,-3431,3431,0,0,0,79290,11010,90300,0,0,82721,7579,90300,0,0,-36016360,36016360,0,0,0,814391260,114148430,928539690,0,0,850407620,78132070,928539690
2023-03-08,10410,10980,10240,10800,110296,2.9551954242135365,0,-200,-6972,7172,0,0,0,90581,19715,110296,0,200,97553,12543,110296,0,-2112000,-73236830,75348830,0,0,0,953605300,208154230,1161759530,0,2112000,1026842130,132805400,1161759530
2023-03-09,10950,11500,10580,11140,502979,3.148148148148148,0,-47,-25733,25780,0,0,92,431945,70942,502979,0,139,457678,45162,502979,0,-536790,-290786300,291323090,0,0,1030400,4803783750,793564750,5598378900,0,1567190,5094570050,502241660,5598378900
2023-03-10,10860,11280,10720,10850,115618,-2.6032315978456015,0,0,6550,-6550,0,0,0,98049,17569,115618,0,0,91499,24119,115618,0,0,71830020,-71830020,0,0,0,1072204400,192487590,1264691990,0,0,1000374380,264317610,1264691990
2023-03-13,10720,10850,10250,10490,65866,-3.317972350230415,0,0,8661,-8661,0,0,0,60890,4976,65866,0,0,52229,13637,65866,0,0,91328040,-91328040,0,0,0,639477460,52054420,691531880,0,0,548149420,143382460,691531880
2023-03-14,10400,10490,9970,9980,99418,-4.861773117254528,0,5200,-4571,-629,0,0,5200,81417,12801,99418,0,0,85988,13430,99418,0,53040000,-45469350,-7570650,0,0,53040000,829175020,130311160,1012526180,0,0,874644370,137881810,1012526180
2023-03-15,10060,10290,10060,10100,33245,1.2024048096192386,406,0,5827,-6233,0,406,0,31325,1514,33245,0,0,25498,7747,33245,4116540,0,59400640,-63517180,0,4116540,0,318529170,15308650,337954360,0,0,259128530,78825830,337954360
2023-03-16,9960,13050,9950,11930,2683421,18.11881188118812,14411,522,28482,-43415,0,14817,6681,2520737,141186,2683421,406,6159,2492255,184601,2683421,167833620,11433540,367328290,-546595450,0,172884260,82658210,30629026290,1658806460,32543375220,5050640,71224670,30261698000,2205401910,32543375220
2023-03-17,11880,11910,11300,11330,512738,-5.029337803855825,-14817,-21,-9532,24370,0,0,1,427544,85193,512738,14817,22,437076,60823,512738,-168168420,-239950,-118926380,287334750,0,0,11510,4951777320,992130710,5943919540,168168420,251460,5070703700,704795960,5943919540
2023-03-20,11430,12330,11200,11660,1063377,2.912621359223301,0,-547,22339,-21792,0,0,0,986895,76482,1063377,0,547,964556,98274,1063377,0,-6685580,277261650,-270576070,0,0,0,11766904110,894777730,12661681840,0,6685580,11489642460,1165353800,12661681840
2023-03-21,11480,11780,11210,11220,184612,-3.7735849056603774,0,0,1194,-1194,0,0,0,173927,10685,184612,0,0,172733,11879,184612,0,0,14141790,-14141790,0,0,0,1980855350,122431060,2103286410,0,0,1966713560,136572850,2103286410
2023-03-22,11310,11600,11010,11330,159721,0.9803921568627451,0,0,-2599,2599,0,0,0,140349,19372,159721,0,0,142948,16773,159721,0,0,-27965320,27965320,0,0,0,1586000260,218074970,1804075230,0,0,1613965580,190109650,1804075230
2023-03-23,11220,11550,10970,10970,130353,-3.1774051191526915,0,0,758,-758,0,0,3,120610,9740,130353,0,3,119852,10498,130353,0,120,9396190,-9396310,0,0,33600,1352545290,109040900,1461619790,0,33480,1343149100,118437210,1461619790
2023-03-24,11190,11600,10830,11340,279333,3.372835004557885,0,0,-2654,2654,0,0,500,237128,41705,279333,0,500,239782,39051,279333,0,-99650,-28058780,28158430,0,0,5516610,2684573630,467379060,3157469300,0,5616260,2712632410,439220630,3157469300
2023-03-27,11340,11950,11170,11750,422172,3.6155202821869485,0,200,-6478,6278,0,0,200,365820,56152,422172,0,0,372298,49874,422172,0,2296000,-70843960,68547960,0,0,2296000,4273482210,651100720,4926878930,0,0,4344326170,582552760,4926878930
2023-03-28,11750,12060,11460,11750,209529,0.0,0,20,1521,-1541,0,0,1395,180803,27331,209529,0,1375,179282,28872,209529,0,50130,18811100,-18861230,0,0,16480560,2113711120,318762290,2448953970,0,16430430,2094900020,337623520,2448953970
2023-03-29,11750,11970,11530,11550,131149,-1.702127659574468,0,20,5561,-5581,0,0,20,117950,13179,131149,0,0,112389,18760,131149,0,238000,64064260,-64302260,0,0,238000,1383093010,155894970,1539225980,0,0,1319028750,220197230,1539225980
2023-03-30,11460,11680,11180,11400,97799,-1.2987012987012987,0,-1,-6369,6370,0,0,0,82753,15046,97799,0,1,89122,8676,97799,0,-11240,-72760150,72771390,0,0,0,945226030,172090190,1117316220,0,11240,1017986180,99318800,1117316220
2023-03-31,11400,11690,10780,11340,212253,-0.5263157894736842,0,0,-8875,8875,0,0,0,176320,35933,212253,0,0,185195,27058,212253,0,0,-97821390,97821390,0,0,0,2007506050,407998710,2415504760,0,0,2105327440,310177320,2415504760
2023-04-03,11360,11460,11000,11000,94398,-2.9982363315696645,0,-180,9702,-9522,0,0,40,88168,6190,94398,0,220,78466,15712,94398,0,-2049000,109121490,-107072490,0,0,446000,981165240,68829630,1050440870,0,2495000,872043750,175902120,1050440870
2023-04-04,11000,11750,10940,11650,194105,5.909090909090909,0,0,-63141,63141,0,0,0,118110,75995,194105,0,0,181251,12854,194105,0,0,-727212750,727212750,0,0,0,1361759380,875345470,2237104850,0,0,2088972130,148132720,2237104850
2023-04-05,11740,12900,11590,11720,733001,0.6008583690987125,0,1750,-59018,57268,0,0,1756,572354,158891,733001,0,6,631372,101623,733001,0,21513860,-713691460,692177600,0,0,21585020,6956607130,1926902180,8905094330,0,71160,7670298590,1234724580,8905094330
2023-04-06,11830,12050,11350,11420,153414,-2.5597269624573378,0,0,25610,-25610,0,0,0,134060,19354,153414,0,0,108450,44964,153414,0,0,293413510,-293413510,0,0,0,1551700340,225804840,1777505180,0,0,1258286830,519218350,1777505180
2023-04-07,11610,12150,11460,11950,179783,4.640980735551663,0,0,-33291,33291,0,0,0,124349,55434,179783,0,0,157640,22143,179783,0,0,-399991500,399991500,0,0,0,1480570320,662757040,2143327360,0,0,1880561820,262765540,2143327360
2023-04-10,11970,12300,11740,11950,186087,0.0,0,0,28602,-28602,0,0,0,168782,17305,186087,0,0,140180,45907,186087,0,0,340770200,-340770200,0,0,0,2021494030,208070760,2229564790,0,0,1680723830,548840960,2229564790
2023-04-11,11950,12040,11700,11790,88153,-1.3389121338912133,0,1000,14101,-15101,0,0,1000,82994,4159,88153,0,0,68893,19260,88153,0,11848070,167063700,-178911770,0,0,11848070,979897360,49318330,1041063760,0,0,812833660,228230100,1041063760
2023-04-12,11790,12200,11730,12080,144113,2.4597116200169635,0,-309,-39885,40194,0,0,41,91958,52114,144113,0,350,131843,11920,144113,0,-3664410,-482097630,485762040,0,0,491590,1102450070,628190400,1731132060,0,4156000,1584547700,142428360,1731132060
2023-04-13,12150,12560,11890,12480,247333,3.3112582781456954,0,55,-20096,20041,0,0,155,196296,50882,247333,0,100,216392,30841,247333,0,641500,-251372100,250730600,0,0,1873500,2407914590,627549470,3037337560,0,1232000,2659286690,376818870,3037337560
2023-04-14,12680,13460,12570,13010,388969,4.246794871794872,0,-1041,-18164,19205,0,0,0,332455,56514,388969,0,1041,350619,37309,388969,0,-13764870,-234947710,248712580,0,0,0,4358145730,738420460,5096566190,0,13764870,4593093440,489707880,5096566190
2023-04-17,13010,13010,12310,12460,194264,-4.227517294388932,0,-2495,41755,-39260,0,0,0,184763,9501,194264,0,2495,143008,48761,194264,0,-31483570,524422970,-492939400,0,0,0,2322842410,120545270,2443387680,0,31483570,1798419440,613484670,2443387680
2023-04-18,12650,13430,12030,12400,709215,-0.4815409309791332,0,736,52423,-53159,0,0,2664,635442,71109,709215,0,1928,583019,124268,709215,0,9731600,670277630,-680009230,0,0,34264720,8145091800,910909410,9090265930,0,24533120,7474814170,1590918640,9090265930
2023-04-19,12370,12370,11920,11920,165286,-3.870967741935484,0,-52,6014,-5962,0,0,0,157108,8178,165286,0,52,151094,14140,165286,0,-624000,72721790,-72097790,0,0,0,1900487620,98986540,1999474160,0,624000,1827765830,171084330,1999474160
2023-04-20,12050,12050,11200,11320,140155,-5.033557046979865,0,0,13188,-13188,0,0,0,134180,5975,140155,0,0,120992,19163,140155,0,0,153236220,-153236220,0,0,0,1548607500,68913370,1617520870,0,0,1395371280,222149590,1617520870
2023-04-21,11320,11490,11100,11170,80928,-1.325088339222615,0,0,-1462,1462,0,0,0,66678,14250,80928,0,0,68140,12788,80928,0,0,-15850780,15850780,0,0,0,749607570,159868110,909475680,0,0,765458350,144017330,909475680
2023-04-24,11350,11350,10820,10870,65138,-2.685765443151298,3650,0,-5974,2324,0,3650,0,53174,8314,65138,0,0,59148,5990,65138,39761270,0,-65075200,25313930,0,39761270,0,584296260,91398330,715455860,0,0,649371460,66084400,715455860
2023-04-25,11000,11000,10230,10280,145366,-5.427782888684453,-5,-150,-35273,35428,0,0,0,100335,45031,145366,5,150,135608,9603,145366,-54000,-1567740,-365403670,367025410,0,0,0,1052419420,469171590,1521591010,54000,1567740,1417823090,102146180,1521591010
2023-04-26,10280,10430,9910,10190,92487,-0.8754863813229572,3850,0,-15738,11888,0,3850,0,62359,26278,92487,0,0,78097,14390,92487,39235250,0,-159531640,120296390,0,39235250,0,634095880,266711330,940042460,0,0,793627520,146414940,940042460
2023-04-27,10010,10220,9980,10220,68588,0.2944062806673209,0,0,-11653,11653,0,0,0,47372,21216,68588,0,0,59025,9563,68588,0,0,-116983640,116983640,0,0,0,476931030,213429560,690360590,0,0,593914670,96445920,690360590
2023-04-28,10220,10290,9940,9940,81592,-2.73972602739726,0,0,14534,-14534,0,0,0,77444,4148,81592,0,0,62910,18682,81592,0,0,145979220,-145979220,0,0,0,777281900,41854240,819136140,0,0,631302680,187833460,819136140
2023-05-02,9900,9930,9320,9800,97891,-1.4084507042253522,0,0,-22242,22242,0,0,0,69231,28660,97891,0,0,91473,6418,97891,0,0,-213645290,213645290,0,0,0,668501310,276380690,944882000,0,0,882146600,62735400,944882000
2023-05-03,9680,9730,9270,9270,116070,-5.408163265306123,0,0,-1759,1759,0,0,0,99491,16579,116070,0,0,101250,14820,116070,0,0,-14905660,14905660,0,0,0,940845940,156403680,1097249620,0,0,955751600,141498020,1097249620
2023-05-04,9210,9550,9210,9480,69584,2.26537216828479,0,100,-9611,9511,0,0,100,50542,18942,69584,0,0,60153,9431,69584,0,942000,-89902390,88960390,0,0,942000,476515030,178187110,655644140,0,0,566417420,89226720,655644140
2023-05-08,9600,9800,9380,9380,70597,-1.0548523206751055,0,0,12322,-12322,0,0,0,61629,8968,70597,0,0,49307,21290,70597,0,0,117043110,-117043110,0,0,0,589283900,86774580,676058480,0,0,472240790,203817690,676058480
2023-05-09,9280,9390,9240,9260,46959,-1.279317697228145,0,-100,-2498,2598,0,0,0,39936,7023,46959,0,100,42434,4425,46959,0,-931000,-23229210,24160210,0,0,0,371142830,65337490,436480320,0,931000,394372040,41177280,436480320
2023-05-10,9200,9500,9150,9280,33863,0.21598272138228944,0,0,2216,-2216,0,0,0,28768,5095,33863,0,0,26552,7311,33863,0,0,21044070,-21044070,0,0,0,269305900,47336820,316642720,0,0,248261830,68380890,316642720
2023-05-11,9290,9460,9200,9450,22589,1.8318965517241377,0,0,-446,446,0,0,0,18922,3667,22589,0,0,19368,3221,22589,0,0,-3945650,3945650,0,0,0,177530280,34280780,211811060,0,0,181475930,30335130,211811060
2023-05-12,9470,9730,9340,9450,38274,0.0,0,0,7928,-7928,0,0,0,37109,1165,38274,0,0,29181,9093,38274,0,0,74851150,-74851150,0,0,0,349861900,10975710,360837610,0,0,275010750,85826860,360837610
2023-05-15,9360,9560,9230,9300,39780,-1.5873015873015872,0,0,6340,-6340,0,0,0,38403,1377,39780,0,0,32063,7717,39780,0,0,59039300,-59039300,0,0,0,357103660,12799710,369903370,0,0,298064360,71839010,369903370
2023-05-16,9360,9460,9260,9370,26987,0.7526881720430108,0,0,-3259,3259,0,0,0,21436,5551,26987,0,0,24695,2292,26987,0,0,-30473740,30473740,0,0,0,200476030,51890770,252366800,0,0,230949770,21417030,252366800
2023-05-17,9300,9650,9260,9530,35589,1.7075773745997866,0,0,-7613,7613,0,0,0,25195,10394,35589,0,0,32808,2781,35589,0,0,-72339220,72339220,0,0,0,240696130,98961760,339657890,0,0,313035350,26622540,339657890
2023-05-18,9810,9860,9430,9520,57200,-0.1049317943336831,0,0,11213,-11213,0,0,0,52953,4247,57200,0,0,41740,15460,57200,0,0,107047310,-107047310,0,0,0,509654220,41104930,550759150,0,0,402606910,148152240,550759150
2023-05-19,9520,9710,9450,9690,23395,1.7857142857142856,0,0,-1084,1084,0,0,0,20690,2705,23395,0,0,21774,1621,23395,0,0,-10501780,10501780,0,0,0,198795090,25976660,224771750,0,0,209296870,15474880,224771750
2023-05-22,9650,10200,9570,10100,64283,4.231166150670795,0,0,-5227,5227,0,0,0,49519,14764,64283,0,0,54746,9537,64283,0,0,-49405610,49405610,0,0,0,492260770,144250780,636511550,0,0,541666380,94845170,636511550
2023-05-23,10050,10240,10020,10130,34537,0.297029702970297,0,-2,1588,-1586,0,0,0,31609,2928,34537,0,2,30021,4514,34537,0,-20340,16209750,-16189410,0,0,0,319650100,29498680,349148780,0,20340,303440350,45688090,349148780
2023-05-24,10020,10120,9880,9900,34483,-2.270483711747285,0,0,3771,-3771,0,0,0,32540,1943,34483,0,0,28769,5714,34483,0,0,37578620,-37578620,0,0,0,324454540,19435770,343890310,0,0,286875920,57014390,343890310
2023-05-25,9860,10030,9720,9800,28188,-1.0101010101010102,0,0,1348,-1348,0,0,0,25183,3005,28188,0,0,23835,4353,28188,0,0,13211730,-13211730,0,0,0,248398540,29750860,278149400,0,0,235186810,42962590,278149400
2023-05-26,9800,9990,9800,9970,35640,1.7346938775510203,-3900,1000,758,2142,0,0,1000,30566,4074,35640,3900,0,29808,1932,35640,-38524600,9890000,7434910,21199690,0,0,9890000,303059300,40339880,353289180,38524600,0,295624390,19140190,353289180
2023-05-30,9970,10040,9700,9990,18879,0.20060180541624875,0,0,-734,734,0,0,0,14723,4156,18879,0,0,15457,3422,18879,0,0,-7625290,7625290,0,0,0,145990370,41440860,187431230,0,0,153615660,33815570,187431230
2023-05-31,9910,10140,9890,10040,16105,0.5005005005005005,0,0,681,-681,0,0,0,15482,623,16105,0,0,14801,1304,16105,0,0,6854430,-6854430,0,0,0,154937780,6222940,161160720,0,0,148083350,13077370,161160720
2023-06-01,9940,10140,9880,10050,27760,0.099601593625498,0,1334,-11673,10339,0,0,1334,15619,10807,27760,0,0,27292,468,27760,0,13286640,-117033190,103746550,0,0,13286640,156111250,108432080,277829970,0,0,273144440,4685530,277829970
2023-06-02,10100,10320,9990,10070,40743,0.1990049751243781,-740,0,1922,-1182,0,0,8,33354,7381,40743,740,8,31432,8563,40743,-7448710,-180,18998800,-11549910,0,0,81780,338035320,74992220,413109320,7448710,81960,319036520,86542130,413109320
2023-06-05,10070,10160,9900,9980,22414,-0.893743793445879,0,1000,189,-1189,0,0,1000,18139,3275,22414,0,0,17950,4464,22414,0,9990000,1932140,-11922140,0,0,9990000,181345950,32773510,224109460,0,0,179413810,44695650,224109460
2023-06-07,9980,10150,9960,9990,28837,0.1002004008016032,0,0,2709,-2709,0,0,0,26514,2323,28837,0,0,23805,5032,28837,0,0,26993910,-26993910,0,0,0,265678690,23310290,288988980,0,0,238684780,50304200,288988980
2023-06-08,9960,10410,9960,10130,45053,1.4014014014014013,0,0,1815,-1815,0,0,0,39852,5201,45053,0,0,38037,7016,45053,0,0,18935640,-18935640,0,0,0,407276590,53061050,460337640,0,0,388340950,71996690,460337640
2023-06-09,10050,10300,10050,10300,47947,1.678183613030602,0,0,-14196,14196,0,0,0,32395,15552,47947,0,0,46591,1356,47947,0,0,-145001740,145001740,0,0,0,329726730,158802050,488528780,0,0,474728470,13800310,488528780
2023-06-12,10300,10490,10270,10440,64883,1.3592233009708738,0,0,-7091,7091,0,0,0,50103,14780,64883,0,0,57194,7689,64883,0,0,-74388270,74388270,0,0,0,519966470,154085570,674052040,0,0,594354740,79697300,674052040
2023-06-13,10390,11420,10390,11030,327536,5.6513409961685825,-10,77,-8498,8431,0,0,77,270902,56557,327536,10,0,279400,48126,327536,-105600,824900,-81371180,80651880,0,0,824900,2986551190,615116900,3602492990,105600,0,3067922370,534465020,3602492990
2023-06-14,11040,11040,10400,10420,106819,-5.530371713508613,0,0,5186,-5186,0,0,0,90918,15901,106819,0,0,85732,21087,106819,0,0,54363850,-54363850,0,0,0,960739430,168752630,1129492060,0,0,906375580,223116480,1129492060
2023-06-15,10400,10610,10040,10250,56944,-1.6314779270633395,2000,0,-1995,-5,0,2000,0,45308,9636,56944,0,0,47303,9641,56944,20793140,0,-20003860,-789280,0,20793140,0,466274490,99109950,586177580,0,0,486278350,99899230,586177580
2023-06-16,10420,10480,10250,10320,36380,0.6829268292682927,0,0,908,-908,0,0,0,31461,4919,36380,0,0,30553,5827,36380,0,0,9160800,-9160800,0,0,0,324422020,51002750,375424770,0,0,315261220,60163550,375424770
2023-06-19,10120,10250,9910,9930,73585,-3.77906976744186,0,-240,1452,-1212,0,0,0,66385,7200,73585,0,240,64933,8412,73585,0,-2413290,14689200,-12275910,0,0,0,666694280,72285390,738979670,0,2413290,652005080,84561300,738979670
2023-06-20,10080,10080,9810,9860,45012,-0.7049345417925479,0,0,3394,-3394,0,0,0,44447,565,45012,0,0,41053,3959,45012,0,0,33614570,-33614570,0,0,0,439175410,5568490,444743900,0,0,405560840,39183060,444743900
2023-06-21,9890,9950,9700,9700,45654,-1.6227180527383367,0,0,1342,-1342,0,0,0,42676,2978,45654,0,0,41334,4320,45654,0,0,13174050,-13174050,0,0,0,416976090,29103640,446079730,0,0,403802040,42277690,446079730
2023-06-22,9620,9850,9620,9630,28159,-0.7216494845360825,0,0,6502,-6502,0,0,0,26272,1887,28159,0,0,19770,8389,28159,0,0,63227700,-63227700,0,0,0,254758870,18306040,273064910,0,0,191531170,81533740,273064910
2023-06-23,9630,9680,9460,9530,33283,-1.0384215991692627,0,0,4369,-4369,0,0,0,32796,487,33283,0,0,28427,4856,33283,0,0,41557420,-41557420,0,0,0,312031530,4643260,316674790,0,0,270474110,46200680,316674790
2023-06-26,9560,9580,9280,9430,35350,-1.049317943336831,0,0,-4637,4637,0,0,0,27991,7359,35350,0,0,32628,2722,35350,0,0,-43867230,43867230,0,0,0,263669170,69542180,333211350,0,0,307536400,25674950,333211350
2023-06-27,9450,9570,9320,9390,27293,-0.4241781548250266,0,0,5208,-5208,0,0,0,25151,2142,27293,0,0,19943,7350,27293,0,0,49210500,-49210500,0,0,0,237364200,20184420,257548620,0,0,188153700,69394920,257548620
2023-06-28,9520,9520,9250,9250,43208,-1.4909478168264112,0,0,5945,-5945,0,0,0,41027,2181,43208,0,0,35082,8126,43208,0,0,55431170,-55431170,0,0,0,382855000,20413630,403268630,0,0,327423830,75844800,403268630
2023-06-29,9250,9300,9000,9030,56368,-2.3783783783783785,-4860,0,12874,-8014,0,0,0,54684,1684,56368,4860,0,41810,9698,56368,-44237400,0,117310940,-73073540,0,0,0,497909950,15318750,513228700,44237400,0,380599010,88392290,513228700
2023-06-30,9030,9450,8930,9450,41575,4.651162790697675,0,0,-15658,15658,0,0,0,23663,17912,41575,0,0,39321,2254,41575,0,0,-143724710,143724710,0,0,0,217001420,164351990,381353410,0,0,360726130,20627280,381353410
2023-07-03,9490,9580,9330,9380,29846,-0.7407407407407408,0,0,5162,-5162,0,0,0,26813,3033,29846,0,0,21651,8195,29846,0,0,48763660,-48763660,0,0,0,252958330,28585540,281543870,0,0,204194670,77349200,281543870
2023-07-04,9300,9530,9240,9320,29216,-0.6396588486140725,0,0,5709,-5709,0,0,0,26837,2379,29216,0,0,21128,8088,29216,0,0,53301150,-53301150,0,0,0,249947850,22092270,272040120,0,0,196646700,75393420,272040120
2023-07-05,9230,9710,9200,9390,62709,0.7510729613733905,-13000,0,12660,340,0,0,0,51260,11449,62709,13000,0,38600,11109,62709,-121496210,0,119673020,1823190,0,0,0,482103670,107005630,589109300,121496210,0,362430650,105182440,589109300
2023-07-06,9350,9370,9030,9050,47677,-3.62087326943557,-7095,0,12884,-5789,0,0,0,45060,2617,47677,7095,0,32176,8406,47677,-64665300,0,117440220,-52774920,0,0,0,411204740,23916240,435120980,64665300,0,293764520,76691160,435120980
2023-07-07,9130,9150,8860,8880,47084,-1.8784530386740332,0,0,4295,-4295,0,0,0,42918,4166,47084,0,0,38623,8461,47084,0,0,38414600,-38414600,0,0,0,384212990,37373340,421586330,0,0,345798390,75787940,421586330
2023-07-10,8820,9200,8700,8760,46060,-1.3513513513513513,-1,0,-1613,1614,0,0,0,35692,10368,46060,1,0,37305,8754,46060,-8750,0,-13346140,13354890,0,0,0,316274970,91564980,407839950,8750,0,329621110,78210090,407839950
2023-07-11,8860,9000,8670,9000,44374,2.73972602739726,0,0,-11036,11036,0,0,0,32013,12361,44374,0,0,43049,1325,44374,0,0,-98027890,98027890,0,0,0,283994230,109806280,393800510,0,0,382022120,11778390,393800510
2023-07-12,8940,9130,8670,8990,23466,-0.1111111111111111,0,0,586,-586,0,0,0,20399,3067,23466,0,0,19813,3653,23466,0,0,5554440,-5554440,0,0,0,182906010,27446030,210352040,0,0,177351570,33000470,210352040
2023-07-13,8990,9200,8950,9130,31416,1.557285873192436,0,726,-2925,2199,0,0,726,25397,5293,31416,0,0,28322,3094,31416,0,6585740,-26590030,20004290,0,0,6585740,231482270,48201670,286269680,0,0,258072300,28197380,286269680
2023-07-14,9140,9200,9040,9190,30342,0.6571741511500547,0,404,1557,-1961,0,0,404,27170,2768,30342,0,0,25613,4729,30342,0,3672320,14175800,-17848120,0,0,3672320,247791040,25246340,276709700,0,0,233615240,43094460,276709700
2023-07-17,9180,9180,8970,9100,34702,-0.9793253536452665,0,0,-2449,2449,0,0,0,29017,5685,34702,0,0,31466,3236,34702,0,0,-22022510,22022510,0,0,0,262553660,51340730,313894390,0,0,284576170,29318220,313894390
2023-07-18,9020,11830,9020,11830,979299,30.0,0,-330,22215,-21885,0,0,12679,959940,6680,979299,0,13009,937725,28565,979299,0,-3903900,244907500,-241003600,0,0,149992570,11077444190,63577030,11291013790,0,153896470,10832536690,304580630,11291013790
2023-07-19,13600,14500,11830,12600,4264698,6.508875739644971,0,1101,20900,-22001,0,0,3027,3954876,306795,4264698,0,1926,3933976,328796,4264698,0,15034760,377776960,-392811720,0,0,41031770,52998808360,4044972000,57084812130,0,25997010,52621031400,4437783720,57084812130
2023-07-20,12420,12420,11010,11100,853727,-11.904761904761903,0,232,34095,-34327,0,0,901,749349,103477,853727,0,669,715254,137804,853727,0,2251260,420343920,-422595180,0,0,10186200,8622910280,1177385660,9810482140,0,7934940,8202566360,1599980840,9810482140
2023-07-21,10920,12800,10900,11600,1190189,4.504504504504505,0,11934,-19246,7312,0,0,13484,1034022,142683,1190189,0,1550,1053268,135371,1190189,0,141913960,-206381620,64467660,0,0,160113460,12366728630,1682131700,14208973790,0,18199500,12573110250,1617664040,14208973790
2023-07-24,11720,12700,11090,11370,796031,-1.9827586206896552,0,5485,4298,-9783,0,0,5485,703732,86814,796031,0,0,699434,96597,796031,0,63576280,62794810,-126371090,0,0,63576280,8450095440,1040171140,9553842860,0,0,8387300630,1166542230,9553842860
2023-07-25,11370,11980,11010,11530,383531,1.4072119613016711,0,-3760,-40664,44424,0,0,79,298439,85013,383531,0,3839,339103,40589,383531,0,-44219620,-466402710,510622330,0,0,925090,3468706890,985644590,4455276570,0,45144710,3935109600,475022260,4455276570
2023-07-26,11800,11810,10800,11110,451500,-3.6426712922810056,0,200,5977,-6177,0,0,200,388112,63188,451500,0,0,382135,69365,451500,0,2184000,73875280,-76059280,0,0,2184000,4303949260,698454860,5004588120,0,0,4230073980,774514140,5004588120
2023-07-27,10970,11560,10970,11500,219066,3.5103510351035103,0,0,-45383,45383,0,0,0,153342,65724,219066,0,0,198725,20341,219066,0,0,-514915990,514915990,0,0,0,1738958190,745613100,2484571290,0,0,2253874180,230697110,2484571290
2023-07-28,11430,12350,11340,12330,400121,7.217391304347825,0,1000,-18292,17292,0,0,1000,337642,61479,400121,0,0,355934,44187,400121,0,12100000,-226783190,214683190,0,0,12100000,4074149490,743594540,4829844030,0,0,4300932680,528911350,4829844030
2023-07-31,12430,12900,11760,12020,362186,-2.51419302514193,0,200,28808,-29008,0,0,2199,326508,33479,362186,0,1999,297700,62487,362186,0,3605170,357009160,-360614330,0,0,27609180,4021200900,411173920,4459984000,0,24004010,3664191740,771788250,4459984000
2023-08-01,12000,12810,11950,12280,258735,2.1630615640599005,0,0,-53138,53138,0,0,0,179151,79584,258735,0,0,232289,26446,258735,0,0,-660980810,660980810,0,0,0,2215958670,987200870,3203159540,0,0,2876939480,326220060,3203159540
2023-08-02,12310,12370,11700,11750,173532,-4.315960912052117,0,0,33712,-33712,0,0,0,155162,18370,173532,0,0,121450,52082,173532,0,0,400755370,-400755370,0,0,0,1846871150,219571970,2066443120,0,0,1446115780,620327340,2066443120
2023-08-03,11700,12200,11440,11970,215521,1.872340425531915,0,1500,-29387,27887,0,0,1500,150777,63244,215521,0,0,180164,35357,215521,0,17925000,-351523100,333598100,0,0,17925000,1802001000,755816530,2575742530,0,0,2153524100,422218430,2575742530
2023-08-04,12010,12210,11810,12090,112539,1.0025062656641603,0,50,9522,-9572,0,0,50,91633,20856,112539,0,0,82111,30428,112539,0,608000,114097190,-114705190,0,0,608000,1096588220,249781210,1346977430,0,0,982491030,364486400,1346977430
2023-08-07,12110,12340,11620,11800,133635,-2.3986765922249793,0,50,50264,-50314,0,123,50,124624,8838,133635,123,0,74360,59152,133635,7380,611000,591704910,-592323290,0,1494450,611000,1473441940,106033300,1581580690,1487070,0,881737030,698356590,1581580690
2023-08-08,12110,12670,11980,12280,322786,4.067796610169491,0,-2300,-47270,49570,0,0,700,226429,95657,322786,0,3000,273699,46087,322786,0,-28454720,-579811100,608265820,0,0,8639920,2788691210,1176693610,3974024740,0,37094640,3368502310,568427790,3974024740
2023-08-09,12280,13100,12050,13100,335979,6.677524429967427,0,-1700,-48650,50350,0,0,300,244967,90712,335979,0,2000,293617,40362,335979,0,-22060220,-617814160,639874380,0,0,3900000,3122672970,1151037780,4277610750,0,25960220,3740487130,511163400,4277610750
2023-08-10,12970,12970,12440,12710,245492,-2.9770992366412212,0,0,81685,-81685,0,119,0,240513,4860,245492,119,0,158828,86545,245492,2380,0,1028308650,-1028311030,0,1492260,0,3028077930,61155080,3090725270,1489880,0,1999769280,1089466110,3090725270
2023-08-11,12710,14920,12600,12680,1979956,-0.23603461841070023,357,-1900,31043,-29500,0,986,600,1797119,181251,1979956,629,2500,1766076,210751,1979956,5176650,-28158890,511534680,-488552440,0,13743970,8174460,24796990270,2434405640,27253314340,8567320,36333350,24285455590,2922958080,27253314340
2023-08-14,12680,12700,11730,11780,280933,-7.097791798107256,-357,196,46456,-46295,0,122,2000,262454,16357,280933,479,1804,215998,62652,280933,-4185330,2626490,555794370,-554235530,0,1494500,24160000,3150740780,197365750,3373761030,5679830,21533510,2594946410,751601280,3373761030
2023-08-16,11780,11840,11320,11380,142823,-3.395585738539898,0,500,-27863,27363,0,0,500,95004,47319,142823,0,0,122867,19956,142823,0,5694160,-320749960,315055800,0,0,5694160,1092517860,545334600,1643546620,0,0,1413267820,230278800,1643546620
2023-08-17,11310,11570,10970,11400,125291,0.17574692442882248,0,200,-10158,9958,0,0,200,95274,29817,125291,0,0,105432,19859,125291,0,2280000,-111568750,109288750,0,0,2280000,1076268890,334669770,1413218660,0,0,1187837640,225381020,1413218660
2023-08-18,11330,11370,11000,11300,93173,-0.8771929824561403,0,0,-5881,5881,0,0,0,80161,13012,93173,0,0,86042,7131,93173,0,0,-65431510,65431510,0,0,0,894290260,145337000,1039627260,0,0,959721770,79905490,1039627260
2023-08-21,11120,11280,11050,11140,92422,-1.415929203539823,0,0,16328,-16328,0,0,511,81256,10655,92422,0,511,64928,26983,92422,0,76380,182605000,-182681380,0,0,5736240,906088380,118759680,1030584300,0,5659860,723483380,301441060,1030584300
2023-08-22,11110,11580,11000,11130,107198,-0.08976660682226212,0,0,9178,-9178,0,0,0,98928,8270,107198,0,0,89750,17448,107198,0,0,102728910,-102728910,0,0,0,1104066220,92683570,1196749790,0,0,1001337310,195412480,1196749790
2023-08-23,11150,11460,11120,11300,73451,1.527403414195867,0,0,3245,-3245,0,134,0,62875,10442,73451,134,0,59630,13687,73451,5360,0,36495390,-36500750,0,1499460,0,707270230,117913850,826683540,1494100,0,670774840,154414600,826683540
2023-08-24,11550,11550,11130,11250,76726,-0.4424778761061947,0,0,1091,-1091,0,132,0,64406,12188,76726,132,0,63315,13279,76726,19800,0,11659110,-11678910,0,1495560,0,725796140,137939650,865231350,1475760,0,714137030,149618560,865231350
2023-08-25,11050,11260,10970,11100,71189,-1.3333333333333335,0,0,4826,-4826,0,134,0,67096,3959,71189,134,0,62270,8785,71189,9380,0,53322710,-53332090,0,1495440,0,742233930,43964450,787693820,1486060,0,688911220,97296540,787693820
2023-08-28,11010,11240,11000,11170,50388,0.6306306306306306,0,0,-5192,5192,0,135,0,40742,9511,50388,135,0,45934,4319,50388,-4050,0,-57773780,57777830,0,1494450,0,451105880,105670470,558270800,1498500,0,508879660,47892640,558270800
2023-08-29,11080,11350,11020,11330,48439,1.432408236347359,0,0,-13099,13099,0,0,0,33021,15418,48439,0,0,46120,2319,48439,0,0,-146760560,146760560,0,0,0,372094690,172929780,545024470,0,0,518855250,26169220,545024470
2023-08-30,11340,11620,11280,11360,56138,0.264783759929391,0,100,-5412,5312,0,0,100,46612,9426,56138,0,0,52024,4114,56138,0,1128000,-61850860,60722860,0,0,1128000,534116220,107994000,643238220,0,0,595967080,47271140,643238220
2023-08-31,11360,12890,11360,11530,316057,1.4964788732394365,0,-90,8791,-8701,0,173,633,277476,37775,316057,173,723,268685,46476,316057,-32870,-1233390,120723980,-119457720,0,1994690,7473710,3334554990,444743510,3788766900,2027560,8707100,3213831010,564201230,3788766900
2023-09-01,11570,11610,11190,11190,68446,-2.9488291413703385,-31,-558,12954,-12365,0,0,0,65061,3385,68446,31,558,52107,15750,68446,-352780,-6327720,146559000,-139878500,0,0,0,736295780,38488870,774784650,352780,6327720,589736780,178367370,774784650
2023-09-04,11200,11310,11010,11020,67659,-1.519213583556747,0,-5010,10376,-5366,0,0,0,62968,4691,67659,0,5010,52592,10057,67659,0,-55711040,115259800,-59548760,0,0,0,699118880,52281520,751400400,0,55711040,583859080,111830280,751400400
2023-09-05,11020,11280,11020,11030,34213,0.09074410163339383,0,0,942,-942,0,154,0,30559,3500,34213,154,0,29617,4442,34213,4620,0,10771290,-10775910,0,1710940,0,339490670,38758320,379959930,1706320,0,328719380,49534230,379959930
2023-09-06,11130,11280,11020,11100,47786,0.6346328195829556,0,0,436,-436,0,23,0,41678,6085,47786,23,0,41242,6521,47786,0,0,4946600,-4946600,0,256450,0,464292280,67851040,532399770,256450,0,459345680,72797640,532399770
2023-09-07,11100,11240,10970,10980,56727,-1.0810810810810811,0,-1000,9624,-8624,0,134,0,51283,5310,56727,134,1000,41659,13934,56727,-4020,-11020000,106403800,-95379780,0,1496780,0,567011320,58890370,627398470,1500800,11020000,460607520,154270150,627398470
2023-09-08,11070,11440,10900,11320,69794,3.096539162112933,0,0,-8148,8148,0,0,0,52337,17457,69794,0,0,60485,9309,69794,0,0,-90061490,90061490,0,0,0,583746160,194428900,778175060,0,0,673807650,104367410,778175060
2023-09-11,11500,11790,11410,11690,121813,3.2685512367491167,0,0,-9438,9438,0,130,0,91194,30489,121813,130,0,100632,21051,121813,-23920,0,-110802500,110826420,0,1498380,0,1061541870,355426920,1418467170,1522300,0,1172344370,244600500,1418467170
2023-09-12,11970,12300,11820,12000,215206,2.6518391787852864,0,50,-17752,17702,0,0,1750,163181,50275,215206,0,1700,180933,32573,215206,0,848890,-212589740,211740850,0,0,21228500,1970522140,605063450,2596814090,0,20379610,2183111880,393322600,2596814090
2023-09-13,12250,12250,11670,11730,118250,-2.25,0,0,6644,-6644,0,0,0,104162,14088,118250,0,0,97518,20732,118250,0,0,80350670,-80350670,0,0,0,1239385910,167499190,1406885100,0,0,1159035240,247849860,1406885100
2023-09-14,11600,12730,11510,12030,318785,2.557544757033248,0,-300,5687,-5387,0,0,0,284674,34111,318785,0,300,278987,39498,318785,0,-3681000,68984750,-65303750,0,0,0,3470934220,415357190,3886291410,0,3681000,3401949470,480660940,3886291410
2023-09-15,12050,12060,11660,11780,70178,-2.0781379883624274,0,0,1652,-1652,0,0,0,61705,8473,70178,0,0,60053,10125,70178,0,0,19641040,-19641040,0,0,0,730344910,100298620,830643530,0,0,710703870,119939660,830643530
2023-09-18,11780,11830,11590,11690,63724,-0.7640067911714771,3002,0,-5331,2329,0,3020,0,51590,9114,63724,18,0,56921,6785,63724,35033610,0,-62400330,27366720,0,35244210,0,602091600,106541310,743877120,210600,0,664491930,79174590,743877120
2023-09-19,11570,11700,11450,11540,38500,-1.2831479897348161,1379,0,-2802,1423,0,1379,0,31414,5707,38500,0,0,34216,4284,38500,15931100,0,-32018490,16087390,0,15931100,0,361977780,65624530,443533410,0,0,393996270,49537140,443533410
2023-09-20,11550,11630,11380,11430,44795,-0.9532062391681109,0,0,-8464,8464,0,0,0,33045,11750,44795,0,0,41509,3286,44795,0,0,-96500800,96500800,0,0,0,378801030,134262710,513063740,0,0,475301830,37761910,513063740
2023-09-21,11310,11470,11110,11150,57436,-2.4496937882764653,0,0,17356,-17356,0,131,0,56190,1115,57436,131,0,38834,18471,57436,29730,0,195599810,-195629540,0,1489470,0,632250240,12596220,646335930,1459740,0,436650430,208225760,646335930
2023-09-22,11190,11260,10900,11210,89686,0.5381165919282511,0,0,-4635,4635,0,136,0,76484,13066,89686,136,0,81119,8431,89686,-8160,0,-51104580,51112740,0,1491920,0,842334430,143850030,987676380,1500080,0,893439010,92737290,987676380
2023-09-25,11280,11280,11000,11010,38963,-1.784121320249777,3235,0,1229,-4464,0,3235,0,34308,1420,38963,0,0,33079,5884,38963,35877760,0,13783950,-49661710,0,35877760,0,380254200,15755760,431887720,0,0,366470250,65417470,431887720
2023-09-26,11140,11140,10820,10820,46213,-1.725703905540418,1355,2,1720,-3077,0,1355,2,44047,809,46213,0,0,42327,3886,46213,14854470,21680,18872640,-33748790,0,14854470,21680,480570930,8881780,504328860,0,0,461698290,42630570,504328860
2023-09-27,11150,11530,10800,10800,72924,-0.18484288354898337,0,0,4755,-4755,0,0,0,68295,4629,72924,0,0,63540,9384,72924,0,0,52503260,-52503260,0,0,0,750475300,51291780,801767080,0,0,697972040,103795040,801767080
2023-10-04,10700,10700,10060,10060,84136,-6.851851851851852,5238,0,3585,-8823,0,5238,0,77032,1866,84136,0,0,73447,10689,84136,54160700,0,37788490,-91949190,0,54160700,0,789409680,19000620,862571000,0,0,751621190,110949810,862571000
2023-10-05,10200,10290,9920,10040,49547,-0.19880715705765406,0,-2,1471,-1469,0,0,0,44307,5240,49547,0,2,42836,6709,49547,0,-20140,15154430,-15134290,0,0,0,446179570,52722430,498902000,0,20140,431025140,67856720,498902000
2023-10-06,10040,10170,10020,10120,23295,0.796812749003984,0,0,-595,595,0,1,0,21222,2072,23295,1,0,21817,1477,23295,100,0,-6052710,6052610,0,10170,0,213702450,20919360,234631980,10070,0,219755160,14866750,234631980
2023-10-10,10100,10300,9960,10030,45568,-0.8893280632411068,0,0,7110,-7110,0,55,0,43810,1703,45568,55,0,36700,8813,45568,-4950,0,71379590,-71374640,0,556050,0,440420430,17213940,458190420,561000,0,369040840,88588580,458190420
2023-10-11,10040,10170,10030,10050,20158,0.19940179461615154,0,0,-1042,1042,0,0,0,18116,2042,20158,0,0,19158,1000,20158,0,0,-10423240,10423240,0,0,0,182295960,20541530,202837490,0,0,192719200,10118290,202837490
2023-10-12,10220,11000,10100,10350,110219,2.9850746268656714,0,0,-8521,8521,0,0,0,92673,17546,110219,0,0,101194,9025,110219,0,0,-88890000,88890000,0,0,0,970794110,183708630,1154502740,0,0,1059684110,94818630,1154502740
2023-10-13,10500,11100,10500,10640,116792,2.8019323671497585,0,0,674,-674,0,0,0,100208,16584,116792,0,0,99534,17258,116792,0,0,9204230,-9204230,0,0,0,1081049790,178167170,1259216960,0,0,1071845560,187371400,1259216960
2023-10-16,10530,10890,10480,10660,41800,0.18796992481203006,0,0,-2716,2716,0,0,0,36334,5466,41800,0,0,39050,2750,41800,0,0,-29102950,29102950,0,0,0,390125000,58705130,448830130,0,0,419227950,29602180,448830130
2023-10-17,10850,10850,10610,10610,22130,-0.46904315196998125,0,2,3126,-3128,0,0,2,20464,1664,22130,0,0,17338,4792,22130,0,21450,33267230,-33288680,0,0,21450,218450640,17861890,236333980,0,0,185183410,51150570,236333980
2023-10-18,10560,10700,10290,10290,29519,-3.016022620169651,0,0,2879,-2879,0,0,2,27894,1623,29519,0,2,25015,4502,29519,0,-490,30501760,-30501270,0,0,20430,291713330,16857650,308591410,0,20920,261211570,47358920,308591410
2023-10-19,10260,10290,10020,10070,43285,-2.1379980563654035,0,-1517,1330,187,0,0,1,41358,1926,43285,0,1518,40028,1739,43285,0,-15367320,13573560,1793760,0,0,10020,416742890,19439190,436192100,0,15377340,403169330,17645430,436192100
2023-10-20,10070,10100,9900,10020,34743,-0.49652432969215493,0,0,6546,-6546,0,0,0,32939,1804,34743,0,0,26393,8350,34743,0,0,65556170,-65556170,0,0,0,329228790,18065920,347294710,0,0,263672620,83622090,347294710
2023-10-23,9990,10200,9900,10060,58480,0.39920159680638717,0,0,-13841,13841,0,149,0,43197,15134,58480,149,0,57038,1293,58480,4470,0,-139272960,139268490,0,1492980,0,435130260,152234020,588857260,1488510,0,574403220,12965530,588857260
2023-10-24,9980,10270,9970,10210,66912,1.4910536779324055,0,0,-10935,10935,0,149,0,44632,22131,66912,149,0,55567,11196,66912,-5960,0,-110964320,110970280,0,1491490,0,447565300,223142960,672199750,1497450,0,558529620,112172680,672199750
2023-10-25,10260,10480,10030,10160,27231,-0.4897159647404506,0,0,1512,-1512,0,0,0,25949,1282,27231,0,0,24437,2794,27231,0,0,15543670,-15543670,0,0,0,263086220,12961910,276048130,0,0,247542550,28505580,276048130
2023-10-26,10000,10110,9900,10000,30957,-1.574803149606299,0,0,3110,-3110,0,0,0,29505,1452,30957,0,0,26395,4562,30957,0,0,31110620,-31110620,0,0,0,295015040,14499490,309514530,0,0,263904420,45610110,309514530
2023-10-27,9950,10110,9940,10030,37035,0.3,0,0,-11883,11883,0,148,0,23615,13272,37035,148,0,35498,1389,37035,140,0,-119700220,119700080,0,1494800,0,236516190,133589690,371600680,1494660,0,356216410,13889610,371600680
2023-10-30,10010,10100,9950,9960,28920,-0.6979062811565304,0,0,6346,-6346,0,0,0,27416,1504,28920,0,0,21070,7850,28920,0,0,63320080,-63320080,0,0,0,273842340,15111660,288954000,0,0,210522260,78431740,288954000
2023-10-31,10100,10100,9750,9750,30934,-2.108433734939759,0,0,8609,-8609,0,0,0,29081,1853,30934,0,0,20472,10462,30934,0,0,85066790,-85066790,0,0,0,287060260,18337440,305397700,0,0,201993470,103404230,305397700
2023-11-01,9850,9870,9690,9760,33900,0.10256410256410256,0,0,923,-923,0,0,0,30092,3808,33900,0,0,29169,4731,33900,0,0,8919640,-8919640,0,0,0,293984500,37293120,331277620,0,0,285064860,46212760,331277620
2023-11-02,9870,9930,9780,9850,31256,0.9221311475409836,0,0,-10111,10111,0,152,0,20168,10936,31256,152,0,30279,825,31256,-3040,0,-99645400,99648440,0,1498720,0,198472760,107790050,307761530,1501760,0,298118160,8141610,307761530
2023-11-03,9810,10080,9810,10040,25834,1.9289340101522845,0,0,-681,681,0,13,0,23142,2679,25834,13,0,23823,1998,25834,-520,0,-6765370,6765890,0,129350,0,229880620,26637500,256647470,129870,0,236645990,19871610,256647470
2023-11-06,10100,10380,9950,10350,61307,3.087649402390438,0,0,-31054,31054,0,0,0,27712,33595,61307,0,0,58766,2541,61307,0,0,-317796710,317796710,0,0,0,283790500,343648480,627438980,0,0,601587210,25851770,627438980
2023-11-07,10250,11150,10160,10320,149108,-0.2898550724637681,0,0,3866,-3866,0,144,453,123086,25425,149108,144,453,119220,29291,149108,-72000,92490,46246330,-46266820,0,1497600,4996590,1301869050,267690910,1576054150,1569600,4904100,1255622720,313957730,1576054150
2023-11-08,10360,10400,10050,10070,32362,-2.422480620155039,0,-1,-4834,4835,0,0,0,22385,9977,32362,0,1,27219,5142,32362,0,-10240,-49185700,49195940,0,0,0,228927890,101901400,330829290,0,10240,278113590,52705460,330829290
2023-11-09,10150,10160,9940,9970,36319,-0.9930486593843099,0,0,2467,-2467,0,0,0,33375,2944,36319,0,0,30908,5411,36319,0,0,24670580,-24670580,0,0,0,333634400,29491220,363125620,0,0,308963820,54161800,363125620
2023-11-10,9980,10040,9870,9940,29236,-0.3009027081243731,0,0,273,-273,0,0,0,26055,3181,29236,0,0,25782,3454,29236,0,0,2815240,-2815240,0,0,0,258349050,31505790,289854840,0,0,255533810,34321030,289854840
2023-11-13,10000,10080,9890,10000,19712,0.6036217303822937,0,0,2033,-2033,0,0,0,17198,2514,19712,0,0,15165,4547,19712,0,0,20258590,-20258590,0,0,0,171522080,25129830,196651910,0,0,151263490,45388420,196651910
2023-11-14,10000,10050,9920,10020,21104,0.2,0,0,-1299,1299,0,0,0,16900,4204,21104,0,0,18199,2905,21104,0,0,-13015280,13015280,0,0,0,168953350,42041410,210994760,0,0,181968630,29026130,210994760
2023-11-15,10040,10100,9960,10030,17792,0.09980039920159679,0,0,-2482,2482,0,0,0,13703,4089,17792,0,0,16185,1607,17792,0,0,-24925140,24925140,0,0,0,137623180,41063650,178686830,0,0,162548320,16138510,178686830
2023-11-16,10070,10770,9970,10160,65569,1.296111665004985,0,1,5525,-5526,0,0,1,59213,6355,65569,0,0,53688,11881,65569,0,10340,58449480,-58459820,0,0,10340,607824870,65136880,672972090,0,0,549375390,123596700,672972090
2023-11-17,10150,10150,9990,9990,27346,-1.673228346456693,0,-1,2777,-2776,0,0,0,24770,2576,27346,0,1,21993,5352,27346,0,-10020,27855480,-27845460,0,0,0,248443680,25901020,274344700,0,10020,220588200,53746480,274344700
2023-11-20,10070,10210,9980,10050,42198,0.6006006006006006,0,-2612,-5760,8372,0,0,0,26680,15518,42198,0,2612,32440,7146,42198,0,-26433030,-58820760,85253790,0,0,0,269262540,157409280,426671820,0,26433030,328083300,72155490,426671820
2023-11-21,10140,10140,10020,10130,32745,0.7960199004975124,0,0,-3608,3608,0,149,0,24043,8553,32745,149,0,27651,4945,32745,-8880,0,-36456940,36465820,0,1495960,0,241998040,86203550,329697550,1504840,0,278454980,49737730,329697550
2023-11-22,10070,10230,10050,10170,32648,0.3948667324777887,0,0,-3715,3715,0,0,0,26925,5723,32648,0,0,30640,2008,32648,0,0,-37745250,37745250,0,0,0,273387510,58162710,331550220,0,0,311132760,20417460,331550220
2023-11-23,10120,10450,10120,10170,46104,0.0,0,0,-9644,9644,0,144,0,31664,14296,46104,144,0,41308,4652,46104,28800,0,-99271440,99242640,0,1496160,0,325561410,147059250,474116820,1467360,0,424832850,47816610,474116820
2023-11-24,10180,10290,10090,10090,45989,-0.7866273352999017,0,1,2303,-2304,0,0,1,40697,5291,45989,0,0,38394,7595,45989,0,10140,23361690,-23371830,0,0,10140,412822230,53640550,466472920,0,0,389460540,77012380,466472920
2023-11-27,10050,10130,9970,9970,36800,-1.1892963330029733,0,1,9693,-9694,0,0,1,36596,203,36800,0,0,26903,9897,36800,0,10050,97157210,-97167260,0,0,10050,366516840,2043850,368570740,0,0,269359630,99211110,368570740
2023-11-28,9940,10020,9930,9990,24730,0.20060180541624875,0,-1,4563,-4562,0,0,0,23350,1380,24730,0,1,18787,5942,24730,0,-9960,45558190,-45548230,0,0,0,233009490,13775990,246785480,0,9960,187451300,59324220,246785480
2023-11-29,10000,10000,9910,9920,30169,-0.7007007007007007,0,0,10858,-10858,0,0,0,29933,236,30169,0,0,19075,11094,30169,0,0,107927210,-107927210,0,0,0,297534050,2348200,299882250,0,0,189606840,110275410,299882250
2023-11-30,9920,10010,9900,9910,25245,-0.10080645161290322,0,-1,627,-626,0,0,0,25141,104,25245,0,1,24514,730,25245,0,-9920,6230580,-6220660,0,0,0,249688920,1030690,250719610,0,9920,243458340,7251350,250719610
2023-12-01,10200,10200,9860,9860,32836,-0.5045408678102926,0,4,6841,-6845,0,0,4,32596,236,32836,0,0,25755,7081,32836,0,39490,67743800,-67783290,0,0,39490,322932690,2340400,325312580,0,0,255188890,70123690,325312580
2023-12-04,9940,9980,9640,9730,66526,-1.3184584178498986,0,0,3869,-3869,0,0,0,64790,1736,66526,0,0,60921,5605,66526,0,0,37744320,-37744320,0,0,0,629121740,16873050,645994790,0,0,591377420,54617370,645994790
2023-12-05,9730,9820,9600,9650,39688,-0.8221993833504625,-507,-90,2385,-1788,0,0,0,37278,2410,39688,507,90,34893,4198,39688,-4933490,-871200,23271310,-17466620,0,0,0,360336220,23309700,383645920,4933490,871200,337064910,40776320,383645920
2023-12-06,9660,9740,9510,9640,36478,-0.10362694300518134,-511,0,6857,-6346,0,0,0,36472,6,36478,511,0,29615,6352,36478,-4933550,0,66061500,-61127950,0,0,0,350743250,57780,350801030,4933550,0,284681750,61185730,350801030
2023-12-07,9620,9620,9420,9480,44818,-1.6597510373443984,0,5,4909,-4914,0,0,5,44404,409,44818,0,0,39495,5323,44818,0,47280,46501540,-46548820,0,0,47280,421084840,3879900,425012020,0,0,374583300,50428720,425012020
2023-12-08,9520,9750,9200,9530,33110,0.5274261603375527,-305,1,5160,-4856,0,0,1,32624,485,33110,305,0,27464,5341,33110,-2892690,9380,48804100,-45920790,0,0,9380,307217860,4560980,311788220,2892690,0,258413760,50481770,311788220
2023-12-11,9520,9580,9410,9530,33109,0.0,-1350,0,2405,-1055,0,0,0,30796,2313,33109,1350,0,28391,3368,33109,-12880000,0,22882750,-10002750,0,0,0,292791740,21996730,314788470,12880000,0,269908990,31999480,314788470
2023-12-12,9530,9690,9450,9680,25239,1.5739769150052465,-2308,0,2350,-42,0,105,0,22198,2936,25239,2413,0,19848,2978,25239,-22166440,0,22549520,-383080,0,1006950,0,213067250,28208600,242282800,23173390,0,190517730,28591680,242282800
2023-12-13,9640,9800,9570,9580,20094,-1.0330578512396695,-24,-66,2699,-2609,0,10,0,19316,768,20094,34,66,16617,3377,20094,-231920,-634870,25936500,-25069710,0,96600,0,185913290,7405440,193415330,328520,634870,159976790,32475150,193415330
2023-12-14,9650,9690,9530,9590,19918,0.10438413361169101,-950,0,3167,-2217,0,0,0,19453,465,19918,950,0,16286,2682,19918,-9153140,0,30422440,-21269300,0,0,0,186874470,4480040,191354510,9153140,0,156452030,25749340,191354510
2023-12-15,9630,9680,9370,9410,40475,-1.8769551616266946,-634,2,1215,-583,0,0,2,39683,790,40475,634,0,38468,1373,40475,-6081560,18850,11652540,-5589830,0,0,18850,376501560,7444480,383964890,6081560,0,364849020,13034310,383964890
2023-12-18,9540,9570,9260,9340,34675,-0.7438894792773645,-209,4,3483,-3278,0,0,4,34671,0,34675,209,0,31188,3278,34675,-1969350,37260,32790750,-30858660,0,0,37260,324106960,0,324144220,1969350,0,291316210,30858660,324144220
2023-12-19,9340,9540,9210,9410,30114,0.7494646680942184,-1972,0,-7255,9227,0,0,0,20577,9537,30114,1972,0,27832,310,30114,-18621120,0,-68308230,86929350,0,0,0,193728110,89870190,283598300,18621120,0,262036340,2940840,283598300
2023-12-20,9480,9480,9320,9440,32306,0.3188097768331562,-1785,0,407,1378,0,158,0,27621,4527,32306,1943,0,27214,3149,32306,-16826230,0,3757580,13068650,0,1491660,0,260071640,42720210,304283510,18317890,0,256314060,29651560,304283510
2023-12-21,9420,9510,9320,9360,33302,-0.847457627118644,-430,0,3140,-2710,0,0,0,28181,5121,33302,430,0,25041,7831,33302,-4061340,0,29505270,-25443930,0,0,0,264699290,48182300,312881590,4061340,0,235194020,73626230,312881590
2023-12-22,9440,9450,9260,9360,26079,0.0,-967,0,609,358,0,0,0,23835,2244,26079,967,0,23226,1886,26079,-9071660,0,5804840,3266820,0,0,0,222526690,20885070,243411760,9071660,0,216721850,17618250,243411760
2023-12-26,9300,9510,9270,9270,36740,-0.9615384615384616,-128,5,791,-668,0,0,5,33223,3512,36740,128,0,32432,4180,36740,-1200840,46290,7404270,-6249720,0,0,46290,310108820,32904140,343059250,1200840,0,302704550,39153860,343059250
2023-12-27,9270,9420,8750,9270,43323,0.0,-1929,0,-6943,8872,0,0,0,32989,10334,43323,1929,0,39932,1462,43323,-18011240,0,-64107440,82118680,0,0,0,304750340,95814580,400564920,18011240,0,368857780,13695900,400564920
2023-12-28,9340,9490,9120,9480,55965,2.26537216828479,0,0,-14953,14953,0,163,0,39260,16542,55965,163,0,54213,1589,55965,-48900,0,-138272440,138321340,0,1493080,0,363241480,153067530,517802090,1541980,0,501513920,14746190,517802090
2024-01-02,9550,9920,9500,9820,60857,3.5864978902953584,-367,0,-3169,3536,0,3198,0,46200,11459,60857,3565,0,49369,7923,60857,-3568930,0,-30802770,34371700,0,30895830,0,449632870,111218550,591747250,34464760,0,480435640,76846850,591747250
2024-01-03,9820,10200,9760,9910,64322,0.9164969450101833,118,-254,3242,-3106,0,2819,0,56105,5398,64322,2701,254,52863,8504,64322,1165720,-2540000,32338860,-30964580,0,27959970,0,559171380,53718860,640850210,26794250,2540000,526832520,84683440,640850210
2024-01-04,9910,9910,9580,9650,36823,-2.6236125126135215,-24,0,11722,-11698,0,1342,0,35251,230,36823,1366,0,23529,11928,36823,-234260,0,113490190,-113255930,0,12947390,0,341115240,2222560,356285190,13181650,0,227625050,115478490,356285190
2024-01-05,9740,9740,9470,9540,36109,-1.1398963730569949,-88,0,5412,-5324,0,2442,0,32389,1278,36109,2530,0,26977,6602,36109,-818580,0,51465190,-50646610,0,23252320,0,308072770,12168370,343493460,24070900,0,256607580,62814980,343493460
2024-01-08,9540,9650,9390,9650,25942,1.1530398322851152,256,-650,2723,-2329,0,1488,0,22397,2057,25942,1232,650,19674,4386,25942,2398690,-6110000,26108630,-22397320,0,14175340,0,213770240,19549400,247494980,11776650,6110000,187661610,41946720,247494980
2024-01-09,9680,9720,9580,9590,25583,-0.6217616580310881,-241,0,-2936,3177,0,1949,0,18701,4933,25583,2190,0,21637,1756,25583,-2319520,0,-28269560,30589080,0,18743730,0,180086150,47529160,246359040,21063250,0,208355710,16940080,246359040
2024-01-10,9530,9610,9340,9510,43320,-0.8342022940563086,-22,0,-4399,4421,0,5063,0,31125,7132,43320,5085,0,35524,2711,43320,-141320,0,-41386160,41527480,0,47636320,0,293696800,67170350,408503470,47777640,0,335082960,25642870,408503470
2024-01-11,9500,9580,9380,9520,41975,0.10515247108307045,77,-850,-10795,11568,0,6417,0,22809,12749,41975,6340,850,33604,1181,41975,718110,-8092000,-102274110,109648000,0,60646620,0,216002130,120800770,397449520,59928510,8092000,318276240,11152770,397449520
2024-01-12,9430,9520,9250,9380,38309,-1.4705882352941175,705,3,11028,-11736,0,1226,3,36583,497,38309,521,0,25555,12233,38309,6566440,28020,103377480,-109971940,0,11461780,28020,342014250,4649110,358153160,4895340,0,238636770,114621050,358153160
2024-01-15,9370,9370,9100,9100,53648,-2.9850746268656714,-719,2,8879,-8162,0,2846,2,49486,1314,53648,3565,0,40607,9476,53648,-6604470,18250,81089710,-74503490,0,26139460,18250,452951300,12053150,491162160,32743930,0,371861590,86556640,491162160
2024-01-16,9100,9370,9080,9150,42954,0.5494505494505495,-274,0,-5640,5914,0,1197,0,32831,8926,42954,1471,0,38471,3012,42954,-2529290,0,-51610540,54139830,0,10990400,0,301104270,81800280,393894950,13519690,0,352714810,27660450,393894950
2024-01-17,9350,9470,8910,8920,87323,-2.5136612021857925,89,0,13199,-13288,0,3491,0,77926,5906,87323,3402,0,64727,19194,87323,873760,0,120232090,-121105850,0,31426220,0,709075170,54818790,795320180,30552460,0,588843080,175924640,795320180
2024-01-18,8920,9020,8770,8810,49124,-1.2331838565022422,136,0,3879,-4015,0,3217,0,44550,1357,49124,3081,0,40671,5372,49124,1182650,0,34220580,-35403230,0,28470650,0,394439830,12095230,435005710,27288000,0,360219250,47498460,435005710
2024-01-19,8840,9000,8750,8790,25368,-0.22701475595913734,47,0,1174,-1221,0,3123,0,21789,456,25368,3076,0,20615,1677,25368,510430,0,10228080,-10738510,0,27595270,0,192098690,4050320,223744280,27084840,0,181870610,14788830,223744280
2024-01-22,8790,8890,8550,8670,56010,-1.3651877133105803,-252,3,1998,-1749,0,4965,3,48137,2905,56010,5217,0,46139,4654,56010,-2116950,25780,17063770,-14972600,0,43240750,25780,417086710,25383080,485736320,45357700,0,400022940,40355680,485736320
2024-01-23,8670,8840,8490,8700,85126,0.34602076124567477,50,0,-250,200,0,6681,0,68467,9978,85126,6631,0,68717,9778,85126,536630,0,-1860800,1324170,0,57407670,0,590228320,86086480,733722470,56871040,0,592089120,84762310,733722470
2024-01-24,8710,8990,8450,8490,53151,-2.413793103448276,-1,-1,-3395,3397,0,1511,0,40572,11068,53151,1512,1,43967,7671,53151,39270,-8480,-30104960,30074170,0,13084360,0,350471520,96533790,460089670,13045090,8480,380576480,66459620,460089670
2024-01-25,8490,8510,8250,8250,58227,-2.8268551236749118,484,1,3883,-4368,0,1496,1,54525,2205,58227,1012,0,50642,6573,58227,3994770,8250,32404150,-36407170,0,12387360,8250,452703360,18319900,483418870,8392590,0,420299210,54727070,483418870
2024-01-26,8260,8370,8160,8160,41270,-1.090909090909091,-496,1,3792,-3297,0,2537,1,34350,4382,41270,3033,0,30558,7679,41270,-4119720,8160,31121590,-27010030,0,20871300,8160,282557700,36042000,339479160,24991020,0,251436110,63052030,339479160
2024-01-29,8160,8350,7990,8080,59179,-0.9803921568627451,572,2,8365,-8939,0,3549,2,53506,2122,59179,2977,0,45141,11061,59179,4652120,16100,67746910,-72415130,0,28742140,16100,433136440,17228570,479123250,24090020,0,365389530,89643700,479123250
2024-01-30,8060,9130,7970,8110,293988,0.3712871287128713,-355,0,15956,-15601,0,7870,0,244773,41345,293988,8225,0,228817,56946,293988,-3037740,0,146042470,-143004730,0,65460230,0,2069450790,345746980,2480658000,68497970,0,1923408320,488751710,2480658000
2024-01-31,8110,8190,7990,8180,27561,0.8631319358816275,-267,0,2717,-2450,0,1148,0,24527,1886,27561,1415,0,21810,4336,27561,-2154760,0,22051130,-19896370,0,9313590,0,198456750,15230530,223000870,11468350,0,176405620,35126900,223000870
2024-02-01,8190,8190,8030,8070,29062,-1.3447432762836184,97,0,-702,605,0,1478,0,25464,2120,29062,1381,0,26166,1515,29062,766850,0,-5598670,4831820,0,11925200,0,205497190,17125890,234548280,11158350,0,211095860,12294070,234548280
2024-02-02,8080,8240,8010,8170,23756,1.2391573729863694,105,0,-4077,3972,0,1102,0,17868,4786,23756,997,0,21945,814,23756,857720,0,-33224810,32367090,0,9004750,0,145853180,39054870,193912800,8147030,0,179077990,6687780,193912800
2024-02-05,8270,8270,8050,8070,20792,-1.2239902080783354,-191,-1000,1623,-432,0,502,0,18192,2098,20792,693,1000,16569,2530,20792,-1556220,-8074390,13238480,-3607870,0,4056270,0,147177960,16966110,168200340,5612490,8074390,133939480,20573980,168200340
2024-02-06,8070,8130,7960,7970,56281,-1.2391573729863694,-4,0,1150,-1146,0,6442,0,45514,4325,56281,6446,0,44364,5471,56281,-34690,0,9075780,-9041090,0,51647520,0,364677680,34760880,451086080,51682210,0,355601900,43801970,451086080
2024-02-07,7970,8150,7940,8130,53001,2.0075282308657463,12,0,-9006,8994,0,6362,0,36359,10280,53001,6350,0,45365,1286,53001,183130,0,-72156290,71973160,0,51077120,0,292678500,82365330,426120950,50893990,0,364834790,10392170,426120950
2024-02-08,8150,8150,8010,8100,18178,-0.36900369003690037,5,0,453,-458,0,1817,0,15614,747,18178,1812,0,15161,1205,18178,29880,0,3708220,-3738100,0,14609650,0,125848940,6009070,146467660,14579770,0,122140720,9747170,146467660
2024-02-13,8100,8180,8000,8170,30631,0.8641975308641975,-69,0,-13643,13712,0,2580,0,14107,13944,30631,2649,0,27750,232,30631,-554780,0,-110562090,111116870,0,20866160,0,114349720,113006290,248222170,21420940,0,224911810,1889420,248222170
2024-02-14,8180,8260,8000,8260,25512,1.101591187270502,21,0,1844,-1865,0,615,0,23976,921,25512,594,0,22132,2786,25512,139940,0,14980870,-15120810,0,4947040,0,194642820,7493430,207083290,4807100,0,179661950,22614240,207083290
2024-02-15,8200,8770,8110,8450,72287,2.3002421307506054,-32,0,-1068,1100,0,4990,0,55531,11766,72287,5022,0,56599,10666,72287,-318660,0,-8008610,8327270,0,41863590,0,473004140,99328260,614195990,42182250,0,481012750,91000990,614195990
2024-02-16,8470,8550,8220,8450,32487,0.0,6,0,1709,-1715,0,7390,0,22087,3010,32487,7384,0,20378,4725,32487,39460,0,14615220,-14654680,0,62250250,0,186310300,25300360,273860910,62210790,0,171695080,39955040,273860910
2024-02-19,8450,8680,8360,8530,33643,0.9467455621301776,26,0,-3131,3105,0,2603,0,26213,4827,33643,2577,0,29344,1722,33643,212800,0,-26868560,26655760,0,22285920,0,224209740,41352550,287848210,22073120,0,251078300,14696790,287848210
2024-02-20,8550,8700,8370,8400,37667,-1.5240328253223916,-1,0,746,-745,0,6472,0,29896,1299,37667,6473,0,29150,2044,37667,-79630,0,6476460,-6396830,0,54425690,0,252026650,10937730,317390070,54505320,0,245550190,17334560,317390070
2024-02-21,8390,8800,8380,8560,50790,1.9047619047619049,3,0,-5928,5925,0,4180,0,36358,10252,50790,4177,0,42286,4327,50790,36260,0,-50684790,50648530,0,36010830,0,312708470,87926050,436645350,35974570,0,363393260,37277520,436645350
2024-02-22,8560,8640,8460,8600,32032,0.46728971962616817,131,0,4240,-4371,0,2117,0,28392,1523,32032,1986,0,24152,5894,32032,1057670,0,36506230,-37563900,0,17997490,0,242493820,12909950,273401260,16939820,0,205987590,50473850,273401260
2024-02-23,8600,8710,8470,8610,36473,0.11627906976744186,-171,0,-4638,4809,0,3666,0,26991,5816,36473,3837,0,31629,1007,36473,-1549450,0,-39738910,41288360,0,31305050,0,231879030,49925210,313109290,32854500,0,271617940,8636850,313109290
2024-02-26,8610,8900,8550,8740,49517,1.5098722415795587,224,0,-5781,5557,0,3927,0,35679,9911,49517,3703,0,41460,4354,49517,1859760,0,-49268560,47408800,0,33953250,0,311014230,85764570,430732050,32093490,0,360282790,38355770,430732050
2024-02-27,8670,8720,8290,8310,64962,-4.919908466819222,285,0,16196,-16481,0,5792,0,57421,1749,64962,5507,0,41225,18230,64962,2516550,0,136974530,-139491080,0,48736400,0,484507300,14608000,547851700,46219850,0,347532770,154099080,547851700
2024-02-28,8300,8820,8140,8720,54793,4.9338146811071,-86,-1300,-1325,2711,0,3925,0,37996,12872,54793,4011,1300,39321,10161,54793,-612810,-10764530,-12198330,23575670,0,33285600,0,323250740,110304760,466841100,33898410,10764530,335449070,86729090,466841100
2024-02-29,8680,8780,8600,8610,51646,-1.261467889908257,-390,0,7740,-7350,0,5150,0,40240,6256,51646,5540,0,32500,13606,51646,-3333510,0,67831210,-64497700,0,44661830,0,349812590,54147510,448621930,47995340,0,281981380,118645210,448621930
2024-03-04,8700,8700,8290,8330,64521,-3.2520325203252036,-58,0,8638,-8580,0,2222,0,58213,4086,64521,2280,0,49575,12666,64521,-446510,0,72865130,-72418620,0,18883340,0,490875060,34436230,544194630,19329850,0,418009930,106854850,544194630
2024-03-05,8330,8570,8010,8290,81427,-0.4801920768307323,15,0,9450,-9465,0,4365,0,71910,5152,81427,4350,0,62460,14617,81427,361460,0,77487430,-77848890,0,35802970,0,587203250,42032090,665038310,35441510,0,509715820,119880980,665038310
2024-03-06,8120,8280,8100,8240,37604,-0.6031363088057901,-12,0,-2530,2542,0,1955,0,28586,7063,37604,1967,0,31116,4521,37604,-99770,0,-20619290,20719060,0,16013710,0,234076660,57810900,307901270,16113480,0,254695950,37091840,307901270
2024-03-07,8240,8270,8010,8140,53814,-1.2135922330097086,7,0,654,-661,0,5333,0,43306,5175,53814,5326,0,42652,5836,53814,114670,0,5252500,-5367170,0,43102300,0,350343290,42023820,435469410,42987630,0,345090790,47390990,435469410
2024-03-08,8180,8520,8010,8500,74233,4.422604422604422,4,0,-14302,14298,0,5396,0,47114,21723,74233,5392,0,61416,7425,74233,76530,0,-119203990,119127460,0,43977130,0,385117590,180276450,609371170,43900600,0,504321580,61148990,609371170
2024-03-11,8430,8710,8430,8630,53792,1.5294117647058825,112,4,-8538,8422,0,1298,4,39526,12964,53792,1186,0,48064,4542,53792,957140,34560,-73640580,72648880,0,11140060,34560,340359530,111764680,463298830,10182920,0,414000110,39115800,463298830
2024-03-12,8630,8770,8570,8670,58542,0.4634994206257242,-123,-4,-95,222,0,1529,0,47433,9580,58542,1652,4,47528,9358,58542,-1031940,-34360,-1226330,2292630,0,13267150,0,410964700,83202740,507434590,14299090,34360,412191030,80910110,507434590
2024-03-13,8670,8690,8480,8500,39310,-1.9607843137254901,489,0,6182,-6671,0,1475,0,34056,3779,39310,986,0,27874,10450,39310,4216530,0,53093750,-57310280,0,12660960,0,291681290,32408680,336750930,8444430,0,238587540,89718960,336750930
2024-03-14,8500,8950,8500,8880,59277,4.470588235294118,-486,0,-15030,15516,0,1066,0,40129,18082,59277,1552,0,55159,2566,59277,-4153920,0,-130907650,135061570,0,9123390,0,348422900,157120230,514666520,13277310,0,479330550,22058660,514666520
2024-03-15,8860,8880,8540,8620,45423,-2.9279279279279278,141,0,15030,-15171,0,224,0,45026,173,45423,83,0,29996,15344,45423,1225500,0,129565790,-130791290,0,1944430,0,389434890,1512340,392891660,718930,0,259869100,132303630,392891660
2024-03-18,8600,8850,8530,8720,46217,1.160092807424594,94,0,-8213,8119,0,2390,0,32036,11791,46217,2296,0,40249,3672,46217,822520,0,-71882150,71059630,0,20994210,0,280397720,103270490,404662420,20171690,0,352279870,32210860,404662420
2024-03-19,8680,8830,8510,8700,36414,-0.22935779816513763,-206,0,5084,-4878,0,3564,0,31114,1736,36414,3770,0,26030,6614,36414,-1760900,0,43808220,-42047320,0,30539500,0,267727200,14982310,313249010,32300400,0,223918980,57029630,313249010
2024-03-20,8690,9160,8590,9000,120764,3.4482758620689653,23,0,-8842,8819,0,8025,0,90303,22436,120764,8002,0,99145,13617,120764,98210,0,-81784230,81686020,0,71044350,0,798362940,200440310,1069847600,70946140,0,880147170,118754290,1069847600
2024-03-21,9060,9070,8770,8890,50753,-1.2222222222222223,399,0,4326,-4725,0,4106,0,42351,4296,50753,3707,0,38025,9021,50753,3569780,0,38427500,-41997280,0,36440970,0,376163010,38192460,450796440,32871190,0,337735510,80189740,450796440
2024-03-22,8870,8950,8820,8880,50755,-0.11248593925759282,-449,0,-12100,12549,0,6075,0,31235,13445,50755,6524,0,43335,896,50755,-4038040,0,-107636470,111674510,0,53978070,0,277944180,119622150,451544400,58016110,0,385580650,7947640,451544400
2024-03-25,8880,9060,8850,8890,63901,0.11261261261261261,7,0,-6932,6925,0,3757,0,49363,10781,63901,3750,0,56295,3856,63901,45270,0,-62201640,62156370,0,33563340,0,441848330,96549320,571960990,33518070,0,504049970,34392950,571960990
2024-03-26,8890,8890,8630,8730,59123,-1.799775028121485,-7,0,5123,-5116,0,3533,0,51818,3772,59123,3540,0,46695,8888,59123,-62330,0,44878440,-44816110,0,30825440,0,453001000,32977220,516803660,30887770,0,408122560,77793330,516803660
2024-03-27,8730,8730,8390,8390,75708,-3.8946162657502863,9,0,18658,-18667,0,4970,0,68732,2006,75708,4961,0,50074,20673,75708,221560,0,157607530,-157829090,0,42081230,0,581183620,17198440,640463290,41859670,0,423576090,175027530,640463290
2024-03-28,8550,8840,8430,8730,73991,4.052443384982122,-15,1,-5474,5488,0,5881,1,52366,15743,73991,5896,0,57840,10255,73991,-61080,8770,-47681590,47733900,0,51118020,8770,455408730,136778130,643313650,51179100,0,503090320,89044230,643313650
2024-03-29,8740,8990,8580,8890,80418,1.8327605956471937,227,-1,9797,-10023,0,4751,0,71962,3705,80418,4524,1,62165,13728,80418,2038930,-8820,86355510,-88385620,0,41615740,0,632490870,32620760,706727370,39576810,8820,546135360,121006380,706727370
2024-04-01,9000,9010,8870,8870,48426,-0.22497187851518563,-213,0,5282,-5069,0,2872,0,39580,5974,48426,3085,0,34298,11043,48426,-1889510,0,47263200,-45373690,0,25672900,0,353738660,53496460,432908020,27562410,0,306475460,98870150,432908020
2024-04-02,8940,8940,8550,8550,44294,-3.6076662908680945,-4,0,16545,-16541,0,122,0,43608,564,44294,126,0,27063,17105,44294,-31950,0,143133630,-143101680,0,1056840,0,376372590,4872160,382301590,1088790,0,233238960,147973840,382301590
2024-04-03,8610,8610,8200,8400,50923,-1.7543859649122806,74,0,1274,-1348,0,3931,0,43816,3176,50923,3857,0,42542,4524,50923,795400,0,10812120,-11607520,0,32905820,0,366713290,26431500,426050610,32110420,0,355901170,38039020,426050610
2024-04-04,8440,8610,8350,8520,26839,1.4285714285714286,-76,0,2475,-2399,0,1950,0,22510,2379,26839,2026,0,20035,4778,26839,-560730,0,21071410,-20510680,0,16578390,0,190970230,20075010,227623630,17139120,0,169898820,40585690,227623630
2024-04-05,8520,8640,8360,8640,24934,1.4084507042253522,2,0,1676,-1678,0,1425,0,22598,911,24934,1423,0,20922,2589,24934,43600,0,14224490,-14268090,0,12055980,0,191352110,7709820,211117910,12012380,0,177127620,21977910,211117910
2024-04-08,8660,8690,8290,8290,23033,-4.050925925925926,121,0,-438,317,0,3140,0,18559,1334,23033,3019,0,18997,1017,23033,1047350,0,-3676910,2629560,0,26888430,0,158686630,11350190,196925250,25841080,0,162363540,8720630,196925250
2024-04-09,8390,9800,8270,8290,495729,0.0,-126,330,5472,-5676,0,7961,330,446974,40464,495729,8087,0,441502,46140,495729,-672120,2744400,61387370,-63459650,0,69402080,2744400,4035789820,369504930,4477441230,70074200,0,3974402450,432964580,4477441230
2024-04-11,8290,8300,8120,8160,47681,-1.5681544028950543,0,0,-1804,1804,0,1923,0,40127,5631,47681,1923,0,41931,3827,47681,29800,0,-14910220,14880420,0,15742890,0,328407300,46376440,390526630,15713090,0,343317520,31496020,390526630
2024-04-12,8270,8300,8140,8200,25704,0.49019607843137253,7,0,-758,751,0,1399,0,22317,1988,25704,1392,0,23075,1237,25704,52580,0,-6228080,6175500,0,11439710,0,182940270,16327830,210707810,11387130,0,189168350,10152330,210707810
2024-04-15,8160,8160,8040,8040,48257,-1.951219512195122,122,0,2185,-2307,0,681,0,46318,1258,48257,559,0,44133,3565,48257,991040,0,17639720,-18630760,0,5490010,0,373697800,10142780,389330590,4498970,0,356058080,28773540,389330590
2024-04-16,8140,8140,7880,7920,46235,-1.4925373134328357,31,0,895,-926,0,1850,0,42997,1388,46235,1819,0,42102,2314,46235,232930,0,7275870,-7508800,0,14714700,0,342453320,10990550,368158570,14481770,0,335177450,18499350,368158570
2024-04-17,7850,8060,7850,7950,26125,0.3787878787878788,-97,0,118,-21,0,562,0,24896,667,26125,659,0,24778,688,26125,-775270,0,934240,-158970,0,4473970,0,197935860,5309400,207719230,5249240,0,197001620,5468370,207719230
2024-04-18,7950,8090,7860,8060,9645,1.3836477987421385,-38,0,-454,492,0,235,0,8612,798,9645,273,0,9066,306,9645,-303680,0,-3629310,3932990,0,1887700,0,69174910,6388160,77450770,2191380,0,72804220,2455170,77450770
2024-04-19,8040,8090,7900,8030,31380,-0.37220843672456577,1,0,-540,539,0,1496,0,27723,2161,31380,1495,0,28263,1622,31380,-12820,0,-4321240,4334060,0,11940330,0,221317060,17300960,250558350,11953150,0,225638300,12966900,250558350
2024-04-22,8000,8150,8000,8060,11901,0.37359900373599003,-18,0,-2762,2780,0,1288,0,7818,2795,11901,1306,0,10580,15,11901,-107820,0,-22301190,22409010,0,10402980,0,62985680,22530120,95918780,10510800,0,85286870,121110,95918780
2024-04-23,8100,8440,8000,8010,64728,-0.620347394540943,-5,0,2223,-2218,0,1826,0,52951,9951,64728,1831,0,50728,12169,64728,223750,0,18468650,-18692400,0,15005510,0,432993030,81977290,529975830,14781760,0,414524380,100669690,529975830
2024-04-24,8080,8110,8000,8060,16685,0.6242197253433208,-7,0,-2760,2767,0,1580,0,12078,3027,16685,1587,0,14838,260,16685,-60450,0,-22216300,22276750,0,12723080,0,97370570,24379910,134473560,12783530,0,119586870,2103160,134473560
2024-04-25,8020,8090,8000,8010,19303,-0.620347394540943,12,0,-675,663,0,119,0,18006,1178,19303,107,0,18681,515,19303,97100,0,-5398480,5301380,0,958080,0,144727440,9461810,155147330,860980,0,150125920,4160430,155147330
2024-04-26,8080,8080,7950,8000,18299,-0.12484394506866417,-6,0,1109,-1103,0,656,0,16607,1036,18299,662,0,15498,2139,18299,-47100,0,9002700,-8955600,0,5241720,0,133290510,8283110,146815340,5288820,0,124287810,17238710,146815340
2024-04-29,8050,8060,7970,8030,14775,0.375,-7,0,-3160,3167,0,207,0,11325,3243,14775,214,0,14485,76,14775,-53560,0,-25376790,25430350,0,1665420,0,90739180,26041950,118446550,1718980,0,116115970,611600,118446550
2024-04-30,8030,8070,7990,8060,17033,0.37359900373599003,8,0,-2326,2318,0,1785,0,12761,2487,17033,1777,0,15087,169,17033,70980,0,-18644820,18573840,0,14312570,0,102335930,19935310,136583810,14241590,0,120980750,1361470,136583810
2024-05-02,8010,8220,8010,8090,31683,0.37220843672456577,2,0,-6725,6723,0,3709,0,20758,7216,31683,3707,0,27483,493,31683,22220,0,-54463070,54440850,0,30105150,0,168526320,58449580,257081050,30082930,0,222989390,4008730,257081050
2024-05-03,8070,8190,8020,8100,22742,0.12360939431396785,0,0,-2472,2472,0,3044,0,15936,3762,22742,3044,0,18408,1290,22742,22510,0,-19958660,19936150,0,24644630,0,128707010,30406290,183757930,24622120,0,148665670,10470140,183757930
2024-05-07,8100,8180,8040,8100,23841,0.0,3,-300,-890,1187,0,986,0,21135,1720,23841,983,300,22025,533,23841,37370,-2433000,-7217980,9613610,0,7977850,0,171259730,13936960,193174540,7940480,2433000,178477710,4323350,193174540
2024-05-08,8040,8130,8030,8110,17591,0.12345679012345678,27,0,1036,-1063,0,150,0,16595,846,17591,123,0,15559,1909,17591,219250,0,8411100,-8630350,0,1213520,0,133813730,6806620,141833870,994270,0,125402630,15436970,141833870
2024-05-09,8100,8120,8000,8060,26403,-0.6165228113440198,-32,0,4718,-4686,0,1023,0,25356,24,26403,1055,0,20638,4710,26403,-245900,0,37820330,-37574430,0,8217540,0,203528760,192410,211938710,8463440,0,165708430,37766840,211938710
2024-05-10,8060,8060,7990,8020,21166,-0.49627791563275436,-2,0,1763,-1761,0,729,0,20107,330,21166,731,0,18344,2091,21166,-9280,0,14138290,-14129010,0,5847980,0,161228170,2643300,169719450,5857260,0,147089880,16772310,169719450
2024-05-13,8000,8060,7960,7980,17573,-0.4987531172069825,-5,0,6249,-6244,0,81,0,17472,20,17573,86,0,11223,6264,17573,-39420,0,49931030,-49891610,0,648090,0,139574580,160300,140382970,687510,0,89643550,50051910,140382970
2024-05-14,7970,8030,7960,7980,12889,0.0,10,0,471,-481,0,54,0,12812,23,12889,44,0,12341,504,12889,80530,0,3751770,-3832300,0,431900,0,102148340,183520,102763760,351370,0,98396570,4015820,102763760
2024-05-16,8030,8080,7960,8070,17891,1.1278195488721803,-2,0,-1261,1263,0,152,0,16128,1611,17891,154,0,17389,348,17891,-14010,0,-10170050,10184060,0,1224060,0,129437060,12978390,143639510,1238070,0,139607110,2794330,143639510
2024-05-17,8070,8140,8000,8050,44779,-0.24783147459727387,-5,0,-8610,8615,0,4286,0,31487,9006,44779,4291,0,40097,391,44779,-40800,0,-69466320,69507120,0,34555900,0,254001270,72655200,361212370,34596700,0,323467590,3148080,361212370
2024-05-20,8050,8070,7920,7950,35825,-1.2422360248447204,2,1,12355,-12358,0,673,1,34849,302,35825,671,0,22494,12660,35825,28640,7950,98326660,-98363250,0,5365800,7950,277573170,2419290,285366210,5337160,0,179246510,100782540,285366210
2024-05-21,8000,8000,7900,7940,19099,-0.12578616352201258,4,0,1748,-1752,0,220,0,18878,1,19099,216,0,17130,1753,19099,33350,0,13870660,-13904010,0,1748910,0,149691890,7910,151448710,1715560,0,135821230,13911920,151448710
2024-05-22,7940,7960,7810,7820,44094,-1.5113350125944585,3,2,2499,-2504,0,2032,2,41258,802,44094,2029,0,38759,3306,44094,15420,15650,19691720,-19722790,0,15961880,15650,324343130,6304750,346625410,15946460,0,304651410,26027540,346625410
2024-05-23,7830,7890,7790,7820,24056,0.0,-2,0,915,-913,0,980,0,22989,87,24056,982,0,22074,1000,24056,-4700,0,7165320,-7160620,0,7671360,0,179913770,680410,188265540,7676060,0,172748450,7841030,188265540
2024-05-24,7780,7820,7660,7690,35448,-1.6624040920716114,247,0,9,-256,0,1337,0,33396,715,35448,1090,0,33387,971,35448,1919300,0,89140,-2008440,0,10325850,0,257386210,5499470,273211530,8406550,0,257297070,7507910,273211530
2024-05-27,7690,7850,7610,7700,45738,0.13003901170351106,-105,0,1095,-990,0,5417,0,35524,4797,45738,5522,0,34429,5787,45738,-723690,0,8378710,-7655020,0,41767490,0,273384540,37175410,352327440,42491180,0,265005830,44830430,352327440
2024-05-28,7700,8140,7650,8010,71155,4.025974025974026,-146,0,-11261,11407,0,4252,0,53551,13352,71155,4398,0,64812,1945,71155,-1085610,0,-90589620,91675230,0,33680670,0,426195290,107097440,566973400,34766280,0,516784910,15422210,566973400
2024-05-29,8010,8100,7930,7970,53956,-0.4993757802746567,650,0,3282,-3932,0,3846,0,44445,5665,53956,3196,0,41163,9597,53956,5192200,0,26032710,-31224910,0,30861240,0,356546220,45529270,432936730,25669040,0,330513510,76754180,432936730
2024-05-30,7970,8010,7800,8000,35839,0.37641154328732745,-500,0,5523,-5023,0,1258,0,33645,936,35839,1758,0,28122,5959,35839,-3979430,0,43649160,-39669730,0,9889760,0,265336380,7378330,282604470,13869190,0,221687220,47048060,282604470
2024-05-31,8050,8050,7890,7950,38709,-0.625,-145,0,1626,-1481,0,301,0,38148,260,38709,446,0,36522,1741,38709,-1148710,0,12948940,-11800230,0,2394100,0,302832050,2066420,307292570,3542810,0,289883110,13866650,307292570
2024-06-03,7970,8540,7880,8500,168568,6.918238993710692,16,0,-49480,49464,0,6450,0,107867,54251,168568,6434,0,157347,4787,168568,123440,0,-409901410,409777970,0,53489210,0,895594930,449423070,1398507210,53365770,0,1305496340,39645100,1398507210
2024-06-04,8500,8700,8450,8700,63233,2.3529411764705883,151,10,-2281,2120,0,2141,10,52562,8520,63233,1990,0,54843,6400,63233,1424510,85900,-19452960,17942550,0,18390680,85900,450770240,72843620,542090440,16966170,0,470223200,54901070,542090440
2024-06-05,8610,8690,8430,8530,33517,-1.9540229885057472,-44,-10,10131,-10077,0,2184,0,30685,648,33517,2228,10,20554,10725,33517,-325010,-86200,86684280,-86273070,0,18685810,0,262020930,5586790,286293530,19010820,86200,175336650,91859860,286293530
2024-06-07,8540,8750,8500,8720,57831,2.2274325908558033,-125,0,-2225,2350,0,1726,0,45662,10443,57831,1851,0,47887,8093,57831,-1089380,0,-19612300,20701680,0,14818710,0,395076460,90519740,500414910,15908090,0,414688760,69818060,500414910
2024-06-10,8740,9540,8650,9340,223361,7.110091743119266,-4,-218,-47658,47880,0,9381,0,154408,59572,223361,9385,218,202066,11692,223361,-123440,-1997030,-437719430,439839900,0,86588720,0,1417323660,547071030,2050983410,86712160,1997030,1855043090,107231130,2050983410
2024-06-11,9340,9400,9150,9300,70931,-0.4282655246252677,102,0,16725,-16827,0,3903,0,66343,685,70931,3801,0,49618,17512,70931,910030,0,155744620,-156654650,0,36294730,0,617038410,6328030,659661170,35384700,0,461293790,162982680,659661170
2024-06-12,9300,9850,9240,9850,164156,5.913978494623656,-101,-104,-24289,24494,0,2505,0,126633,35018,164156,2606,104,150922,10524,164156,-1045410,-989240,-237531490,239566140,0,24041760,0,1220699320,340856860,1585597940,25087170,989240,1458230810,101290720,1585597940
2024-06-13,9830,9840,9610,9650,54717,-2.030456852791878,353,0,16891,-17244,0,3110,0,49815,1792,54717,2757,0,32924,19036,54717,3505500,0,163830740,-167336240,0,30207760,0,484262200,17386350,531856310,26702260,0,320431460,184722590,531856310
2024-06-14,9700,9710,8950,8970,107778,-7.046632124352331,-346,0,8474,-8128,0,3913,0,94226,9639,107778,4259,0,85752,17767,107778,-3075120,0,77161050,-74085930,0,35676960,0,859024750,87934740,982636450,38752080,0,781863700,162020670,982636450
2024-06-17,9000,9030,8700,8860,54306,-1.2263099219620959,396,0,2078,-2474,0,3938,0,43700,6668,54306,3542,0,41622,9142,54306,3563050,0,19115460,-22678510,0,34824840,0,388260930,58595170,481680940,31261790,0,369145470,81273680,481680940
2024-06-18,8760,9120,8710,8780,68273,-0.9029345372460496,-367,0,5331,-4964,0,8026,0,53236,7011,68273,8393,0,47905,11975,68273,-3192990,0,47660580,-44467590,0,70937760,0,472357120,62465180,605760060,74130750,0,424696540,106932770,605760060
2024-06-19,8710,9000,8710,8770,37784,-0.11389521640091116,52,0,6743,-6795,0,2483,0,33385,1916,37784,2431,0,26642,8711,37784,518780,0,59811070,-60329850,0,21911640,0,295395730,16796580,334103950,21392860,0,235584660,77126430,334103950
2024-06-20,8830,8950,8790,8950,16988,2.0524515393386547,-91,0,3850,-3759,0,99,0,16108,781,16988,190,0,12258,4540,16988,-805090,0,34038830,-33233740,0,878950,0,142704320,6920640,150503910,1684040,0,108665490,40154380,150503910
2024-06-21,8950,9210,8800,8900,61599,-0.5586592178770949,187,0,2278,-2465,0,4226,0,48616,8757,61599,4039,0,46338,11222,61599,1951630,0,19076100,-21027730,0,38084440,0,434875780,79528810,552489030,36132810,0,415799680,100556540,552489030
2024-06-24,8900,8950,8640,8760,53994,-1.5730337078651686,-185,0,4684,-4499,0,7781,0,40779,5434,53994,7966,0,36095,9933,53994,-1454730,0,40952360,-39497630,0,68125030,0,356281820,47484320,471891170,69579760,0,315329460,86981950,471891170
2024-06-25,8750,8910,8570,8840,39043,0.91324200913242,270,0,1499,-1769,0,3722,0,30832,4489,39043,3452,0,29333,6258,39043,2427580,0,12955950,-15383530,0,32466690,0,268035880,39161610,339664180,30039110,0,255079930,54545140,339664180
2024-06-26,8940,8940,8680,8780,19096,-0.6787330316742082,-265,0,3686,-3421,0,2949,0,15462,685,19096,3214,0,11776,4106,19096,-2230800,0,32279900,-30049100,0,25858410,0,135339540,5970160,167168110,28089210,0,103059640,36019260,167168110
2024-06-27,8780,8810,8540,8730,37885,-0.5694760820045558,455,-1000,6231,-5686,0,8666,0,27475,1744,37885,8211,1000,21244,7430,37885,3962000,-8570000,53675090,-49067090,0,74696120,0,236965450,15051310,326712880,70734120,8570000,183290360,64118400,326712880
2024-06-28,8840,8840,8570,8650,31704,-0.9163802978235969,-302,0,1561,-1259,0,474,0,28619,2611,31704,776,0,27058,3870,31704,-2594560,0,13901480,-11306920,0,4145680,0,248506850,22524310,275176840,6740240,0,234605370,33831230,275176840
2024-07-01,8790,8920,8650,8830,33775,2.0809248554913293,-165,0,-2196,2361,0,1693,0,24273,7809,33775,1858,0,26469,5448,33775,-1478770,0,-19338230,20817000,0,14876590,0,214362560,68835150,298074300,16355360,0,233700790,48018150,298074300
2024-07-02,8830,8830,8630,8760,29169,-0.7927519818799547,-1,3365,-1977,-1387,0,2208,3865,19297,3799,29169,2209,500,21274,5186,29169,-22940,29360180,-17391450,-11945790,0,19257850,33725180,168353550,33242310,254578890,19280790,4365000,185745000,45188100,254578890
2024-07-03,8840,9020,8810,8900,24312,1.5981735159817352,1,3248,-5300,2051,0,1291,3248,16281,3492,24312,1290,0,21581,1441,24312,4590,28799770,-47020010,18215650,0,11460240,28799770,144578780,31041730,215880520,11455650,0,191598790,12826080,215880520
2024-07-04,8940,8940,8700,8820,45674,-0.8988764044943821,-1,8152,9261,-17412,0,1429,8189,29854,6202,45674,1430,37,20593,23614,45674,19440,71474380,80973070,-152466890,0,12554330,71798470,261910670,54071470,400334940,12534890,324090,180937600,206538360,400334940
2024-07-05,8800,9370,8780,9190,85909,4.195011337868481,0,0,-28163,28163,0,805,0,54058,31046,85909,805,0,82221,2883,85909,1190,0,-257865600,257864410,0,7376630,0,494793010,284388940,786558580,7375440,0,752658610,26524530,786558580
2024-07-08,9200,9500,9130,9460,69983,2.9379760609358,0,72,-260,188,0,678,81,59446,9778,69983,678,9,59706,9590,69983,10170,680410,-2619400,1928820,0,6388900,764120,558775200,91659950,657588170,6378730,83710,561394600,89731130,657588170
2024-07-09,9460,9630,9290,9360,51200,-1.0570824524312896,0,1737,2463,-4200,0,339,1749,45813,3299,51200,339,12,43350,7499,51200,6890,16236250,23183080,-39426220,0,3209270,16350420,433711640,31353160,484624490,3202380,114170,410528560,70779380,484624490
2024-07-10,9380,9450,9230,9400,29131,0.4273504273504274,1,2000,1285,-3286,0,990,2000,21818,4323,29131,989,0,20533,7609,29131,18960,18640000,12373000,-31031960,0,9210180,18640000,203497940,40057570,271405690,9191220,0,191124940,71089530,271405690
2024-07-11,9400,9650,9260,9590,71801,2.021276595744681,-1,0,4655,-4654,0,937,0,57660,13204,71801,938,0,53005,17858,71801,-19580,0,43199410,-43179830,0,8891810,0,548910130,126501470,684303410,8911390,0,505710720,169681300,684303410
2024-07-12,9590,9590,9340,9540,61241,-0.5213764337851928,0,0,-2399,2399,0,1654,132,50088,9367,61241,1654,132,52487,6968,61241,29600,-1320,-22711280,22683000,0,15538680,1247400,472182960,88324940,577293980,15509080,1248720,494894240,65641940,577293980
2024-07-15,9640,10410,9370,9570,287491,0.3144654088050315,0,-13,-55766,55779,0,6420,0,207983,73088,287491,6420,13,263749,17309,287491,-14650,-133780,-565782980,565931410,0,64947710,0,2056581590,733292580,2854821880,64962360,133780,2622364570,167361170,2854821880
2024-07-16,9550,10320,9490,10320,180685,7.836990595611286,0,21964,-39363,17399,0,1229,21985,121164,36307,180685,1229,21,160527,18908,180685,15070,224077490,-405789980,181697420,0,11923940,224290590,1212977560,366716220,1815908310,11908870,213100,1618767540,185018800,1815908310
2024-07-17,10530,11450,10320,11130,460046,7.848837209302325,1,3021,-25059,22037,0,3103,3645,372845,80453,460046,3102,624,397904,58416,460046,-6370,32137710,-275286150,243154810,0,34032470,38976530,4100458730,886362960,5059830690,34038840,6838820,4375744880,643208150,5059830690
2024-07-18,10920,11650,10620,11630,206449,4.492362982929021,-1,6269,-9508,3240,0,1216,6385,171266,27582,206449,1217,116,180774,24342,206449,12750,69712500,-108063690,38338440,0,13393830,70965070,1924700190,310145280,2319204370,13381080,1252570,2032763880,271806840,2319204370
2024-07-19,11630,12200,11400,11900,293537,2.3215821152192606,0,13171,-1109,-12062,0,1009,13264,248189,31075,293537,1009,93,249298,43137,293537,21340,158503370,-15009180,-143515530,0,11990310,159591040,2947477220,367108060,3486166630,11968970,1087670,2962486400,510623590,3486166630
2024-07-22,11950,12110,11360,11800,131029,-0.8403361344537815,1,-45,24415,-24371,0,2346,1,123123,5559,131029,2345,46,98708,29930,131029,271750,-531630,290426210,-290166330,0,27657960,11860,1454267680,64908710,1546846210,27386210,543490,1163841470,355075040,1546846210
2024-07-23,11650,12590,11650,12590,202771,6.694915254237288,-1,19423,-41476,22054,0,3147,19429,144697,35498,202771,3148,6,186173,13444,202771,29380,240994680,-509531020,268506960,0,37985600,241066510,1771683240,433086290,2483821640,37956220,71830,2281214260,164579330,2483821640
2024-07-24,12590,12970,12400,12620,172793,0.23828435266084197,1,-325,17741,-17417,0,2114,607,154741,15331,172793,2113,932,137000,32748,172793,-5600,-4259300,227474390,-223209490,0,26936540,7603510,1970956880,194520310,2200017240,26942140,11862810,1743482490,417729800,2200017240
2024-07-25,12630,12880,11370,12140,293465,-3.8034865293185423,-1,-84,-3695,3780,0,1392,138,226143,65792,293465,1393,222,229838,62012,293465,92970,-1035720,-39457670,40400420,0,17503850,1662900,2755068170,798910550,3573145470,17410880,2698620,2794525840,758510130,3573145470
2024-07-26,14400,15750,13520,13760,3164140,13.344316309719934,0,-24097,443,23654,0,5338,10784,2854998,293020,3164140,5338,34881,2854555,269366,3164140,84380,-359257750,11409090,347764280,0,79492650,156924150,42095289080,4347245840,46678951720,79408270,516181900,42083879990,3999481560,46678951720
2024-07-29,13540,14210,13220,13220,414238,-3.9244186046511627,13001,-307,-61945,49251,0,17037,329,287267,109605,414238,4036,636,349212,60354,414238,179583090,-4275840,-852144560,676837310,0,235289710,4522900,3932224650,1505366860,5677404120,55706620,8798740,4784369210,828529550,5677404120
2024-07-30,13300,14620,13230,14410,486518,9.001512859304086,1,-387,-26890,27276,0,2294,114,376845,107265,486518,2293,501,403735,79989,486518,67520,-5633570,-379645290,385211340,0,31913770,1595810,5299648650,1506036200,6839194430,31846250,7229380,5679293940,1120824860,6839194430
2024-07-31,14260,15320,13530,13830,360550,-4.02498265093685,0,763,31067,-31830,0,2036,879,314084,43551,360550,2036,116,283017,75381,360550,92090,11125640,458573840,-469791570,0,30247330,12855910,4576571160,629659250,5249333650,30155240,1730270,4117997320,1099450820,5249333650
2024-08-01,13830,14460,13450,13700,202609,-0.9399855386840202,5400,0,-1307,-4093,0,8000,145,147489,46975,202609,2600,145,148796,51068,202609,77513160,24990,-23727970,-53810180,0,113286900,2066640,2050306510,656256950,2821917000,35773740,2041650,2074034480,710067130,2821917000
2024-08-02,13500,13570,12330,12620,494151,-7.883211678832117,-1400,-516,-106702,108618,0,70,1790,314109,178182,494151,1470,2306,420811,69564,494151,-17556350,-6516220,-1352501750,1376574320,0,864500,22731880,3998364250,2261982710,6283943340,18420850,29248100,5350866000,885408390,6283943340
2024-08-05,12400,12480,10350,11420,311238,-9.508716323296355,0,1000,-86437,85437,0,0,1028,189059,121151,311238,0,28,275496,35714,311238,0,11728230,-999410160,987681930,0,0,12061820,2199794150,1402594220,3614450190,0,333590,3199204310,414912290,3614450190
2024-08-06,11420,12240,11410,12120,133658,6.129597197898424,0,0,-14100,14100,0,0,1,87553,46104,133658,0,1,101653,32004,133658,0,0,-170235540,170235540,0,0,12160,1049750920,553806710,1603569790,0,12160,1219986460,383571170,1603569790
2024-08-07,12030,13230,12030,13230,171744,9.158415841584159,0,0,-5372,5372,0,0,0,145182,26562,171744,0,0,150554,21190,171744,0,0,-68795210,68795210,0,0,0,1868950410,340802310,2209752720,0,0,1937745620,272007100,2209752720
2024-08-08,13210,13530,12770,13240,157833,0.07558578987150416,0,0,32713,-32713,0,0,0,146833,11000,157833,0,0,114120,43713,157833,0,0,433824080,-433824080,0,0,0,1939304010,143763330,2083067340,0,0,1505479930,577587410,2083067340
2024-08-09,13450,13950,13180,13770,162773,4.003021148036254,0,800,-4083,3283,0,0,800,129204,32769,162773,0,0,133287,29486,162773,0,11023700,-62078910,51055210,0,0,11023700,1764098120,449912700,2225034520,0,0,1826177030,398857490,2225034520
2024-08-12,14250,15630,13900,15270,386624,10.893246187363834,0,680,-2092,1412,0,0,792,322545,63287,386624,0,112,324637,61875,386624,0,10155290,-50362080,40206790,0,0,11832980,4782122030,941595110,5735550120,0,1677690,4832484110,901388320,5735550120
2024-08-13,15540,15540,14210,14500,263052,-5.0425671250818604,0,347,54883,-55230,0,0,394,245080,17578,263052,0,47,190197,72808,263052,0,4995450,808682630,-813678080,0,0,5673340,3616775770,262304380,3884753490,0,677890,2808093140,1075982460,3884753490
2024-08-14,14750,15150,14320,15020,150682,3.5862068965517238,0,985,9768,-10753,0,0,985,134418,15279,150682,0,0,124650,26032,150682,0,14597530,142944320,-157541850,0,0,14597530,1982793890,225798120,2223189540,0,0,1839849570,383339970,2223189540
2024-08-16,15020,15980,14610,15760,256291,4.92676431424767,0,31,-26449,26418,0,0,245,196707,59339,256291,0,214,223156,32921,256291,0,489210,-410778480,410289270,0,0,3744540,3056946910,920388580,3981080030,0,3255330,3467725390,510099310,3981080030
2024-08-19,16030,16220,14560,14590,381778,-7.4238578680203045,0,-380,55760,-55380,0,0,1422,332509,47847,381778,0,1802,276749,103227,381778,0,-5494860,883706970,-878212110,0,0,22708350,5151617020,733690810,5908016180,0,28203210,4267910050,1611902920,5908016180
2024-08-20,14890,15290,14250,14670,249672,0.5483207676490748,0,945,9577,-10522,0,0,945,211445,37282,249672,0,0,201868,47804,249672,0,13872450,142753350,-156625800,0,0,13872450,3108524800,550284360,3672681610,0,0,2965771450,706910160,3672681610
2024-08-21,14670,14670,13640,14100,196338,-3.885480572597137,5000,185,13253,-18438,0,5000,185,170540,20613,196338,0,0,157287,39051,196338,70064480,2594050,188721280,-261379810,0,70064480,2594050,2391125720,287727290,2751511540,0,0,2202404440,549107100,2751511540
2024-08-22,14190,14350,13460,13600,140596,-3.546099290780142,4300,-10021,-20,5741,0,4300,36,103917,32343,140596,0,10057,103937,26602,140596,58675760,-137117620,-89510,78531370,0,58675760,491760,1429105280,445570640,1933843440,0,137609380,1429194790,367039270,1933843440
2024-08-23,13510,13830,13400,13500,100009,-0.7352941176470588,-1,75,19328,-19402,0,0,75,90360,9574,100009,1,0,71032,28976,100009,-13800,1011000,262971940,-263969140,0,0,1011000,1227100180,130148180,1358259360,13800,0,964128240,394117320,1358259360
2024-08-26,13750,14410,13530,14410,185850,6.7407407407407405,0,381,-14486,14105,0,0,1381,138678,45791,185850,0,1000,153164,31686,185850,0,5530640,-206455990,200925350,0,0,19676910,1965870860,649394770,2634942540,0,14146270,2172326850,448469420,2634942540
2024-08-27,14410,14950,14310,14500,122582,0.6245662734212353,0,1110,15845,-16955,0,0,1111,108266,13205,122582,0,1,92421,30160,122582,0,16465640,230755740,-247221380,0,0,16480350,1579433050,192454150,1788367550,0,14710,1348677310,439675530,1788367550
2024-08-28,14550,14820,14200,14380,119677,-0.8275862068965517,9,0,590,-599,0,3833,0,96418,19426,119677,3824,0,95828,20025,119677,207890,0,7121700,-7329590,0,55653300,0,1398354700,283286660,1737294660,55445410,0,1391233000,290616250,1737294660
2024-08-29,14590,14930,14020,14440,175440,0.4172461752433936,-2000,-66,14348,-12282,0,0,135,149721,25584,175440,2000,201,135373,37866,175440,-28450950,-982380,206007740,-176574410,0,0,1922240,2167012870,373716230,2542651340,28450950,2904620,1961005130,550290640,2542651340
2024-08-30,14490,14490,14050,14120,60652,-2.21606648199446,0,60,12198,-12258,0,0,70,58650,1932,60652,0,10,46452,14190,60652,0,848600,172857190,-173705790,0,0,989800,830543040,27328250,858861090,0,141200,657685850,201034040,858861090
2024-09-02,14390,14410,13600,13750,129095,-2.6203966005665724,0,35,1784,-1819,0,0,36,113577,15482,129095,0,1,111793,17301,129095,0,482700,25347440,-25830140,0,0,496800,1578326320,215022500,1793845620,0,14100,1552978880,240852640,1793845620
2024-09-03,13890,14160,13280,13490,83621,-1.890909090909091,500,37,-16465,15928,0,500,46,60907,22168,83621,0,9,77372,6240,83621,7043550,497190,-227102290,219561550,0,7043550,623820,832949090,305001470,1145617930,0,126630,1060051380,85439920,1145617930
2024-09-04,13150,13700,12900,13700,104206,1.5567086730911788,0,38,-6320,6282,0,0,38,81352,22816,104206,0,0,87672,16534,104206,0,498180,-79485180,78987000,0,0,498180,1069534930,297777020,1367810130,0,0,1149020110,218790020,1367810130
2024-09-05,14000,14130,13150,13150,86437,-4.014598540145985,-3000,230,26559,-23789,0,0,230,79829,6378,86437,3000,0,53270,30167,86437,-39625310,3124500,359756330,-323255520,0,0,3124500,1084770660,86247820,1174142980,39625310,0,725014330,409503340,1174142980
2024-09-06,13080,13160,12500,12790,83334,-2.737642585551331,-6000,39,-5369,11330,0,0,39,63165,20130,83334,6000,0,68534,8800,83334,-76413610,498810,-67430630,143345430,0,0,498810,805938920,255878290,1062316020,76413610,0,873369550,112532860,1062316020
2024-09-09,12580,12960,12510,12860,56780,0.547302580140735,0,39,-2331,2292,0,0,39,48416,8325,56780,0,0,50747,6033,56780,0,503100,-28960020,28456920,0,0,503100,618286920,105588810,724378830,0,0,647246940,77131890,724378830
2024-09-10,13090,13090,12590,12680,59723,-1.3996889580093312,-6000,399,13280,-7679,0,0,399,56034,3290,59723,6000,0,42754,10969,59723,-76476410,5180370,170138070,-98842030,0,0,5180370,713911690,41737550,760829610,76476410,0,543773620,140579580,760829610
2024-09-11,12800,13420,12700,13190,76599,4.022082018927445,0,98,-21655,21557,0,0,138,48955,27506,76599,0,40,70610,5949,76599,0,1252920,-286061920,284809000,0,0,1781220,645731200,363644130,1011156550,0,528300,931793120,78835130,1011156550
2024-09-12,13300,13380,13120,13350,60493,1.2130401819560273,0,0,14642,-14642,0,0,0,59389,1104,60493,0,0,44747,15746,60493,0,0,193609110,-193609110,0,0,0,805352010,14624140,819976150,0,0,611742900,208233250,819976150
2024-09-13,13500,13920,13400,13500,97084,1.1235955056179776,0,20,20245,-20265,0,0,176,87252,9656,97084,0,156,67007,29921,97084,0,246000,273153010,-273399010,0,0,2352000,1180105460,131051050,1313508510,0,2106000,906952450,404450060,1313508510
2024-09-19,13650,14670,13650,14530,184368,7.629629629629629,0,87,-33148,33061,0,0,87,134513,49768,184368,0,0,167661,16707,184368,0,1240400,-470191820,468951420,0,0,1240400,1920457230,707473570,2629171200,0,0,2390649050,238522150,2629171200
2024-09-20,14520,14850,14150,14760,160623,1.5829318651066757,0,196,6387,-6583,0,0,211,136304,24108,160623,0,15,129917,30691,160623,0,2834500,92349680,-95184180,0,0,3050260,1983584160,349422690,2336057110,0,215760,1891234480,444606870,2336057110
2024-09-23,15800,15840,14650,14770,303665,0.06775067750677506,-14249,6836,62801,-55388,0,1585,8240,283345,10495,303665,15834,1404,220544,65883,303665,-216006660,104410700,958029850,-846433890,0,23776310,125365240,4299171330,158834780,4607147660,239782970,20954540,3341141480,1005268670,4607147660
2024-09-24,15000,15000,14200,14480,100920,-1.9634394041976981,-769,-999,-1461,3229,0,0,503,88599,11818,100920,769,1502,90060,8589,100920,-11107090,-14130460,-21096490,46334040,0,0,7498200,1282653240,171059360,1461210800,11107090,21628660,1303749730,124725320,1461210800
2024-09-25,14530,14680,13960,14110,100677,-2.5552486187845305,0,-3,3429,-3426,0,0,0,90314,10363,100677,0,3,86885,13789,100677,0,-42740,48494720,-48451980,0,0,0,1281627580,146689750,1428317330,0,42740,1233132860,195141730,1428317330
2024-09-26,14060,14410,14060,14350,57662,1.700921332388377,0,346,3969,-4315,0,0,346,51774,5542,57662,0,0,47805,9857,57662,0,4977460,57007760,-61985220,0,0,4977460,739058810,78879180,822915450,0,0,682051050,140864400,822915450
2024-09-27,14420,14420,13900,13980,72509,-2.578397212543554,0,36,10564,-10600,0,0,36,67405,5068,72509,0,0,56841,15668,72509,0,503280,148612900,-149116180,0,0,503280,943612550,70727650,1014843480,0,0,794999650,219843830,1014843480
2024-09-30,14080,15400,14080,15000,272158,7.296137339055794,-14169,35,-67079,81213,0,976,372,165028,105782,272158,15145,337,232107,24569,272158,-214969600,519260,-988198260,1202648600,0,14171320,5581100,2455287000,1569556300,4044595720,229140920,5061840,3443485260,366907700,4044595720
2024-10-02,14980,14980,14280,14280,142116,-4.8,3,105,45170,-45278,0,8245,107,125909,7855,142116,8242,2,80739,53133,142116,283700,1506080,655778380,-657568160,0,119832620,1535280,1830509380,114865560,2066742840,119548920,29200,1174731000,772433720,2066742840
2024-10-04,14300,15650,14040,15080,293102,5.602240896358544,-29767,-20,-41775,71562,0,14236,15,188359,90492,293102,44003,35,230134,18930,293102,-450311570,-298090,-637323360,1087933020,0,213809420,229350,2843834110,1373934080,4431806960,664120990,527440,3481157470,286001060,4431806960
2024-10-07,15100,15280,14630,14670,172883,-2.7188328912466844,66,-155,29760,-29671,0,9621,7,150461,12794,172883,9555,162,120701,42465,172883,1167060,-2367740,439955940,-438755260,0,142397470,104080,2233520880,190337670,2566360100,141230410,2471820,1793564940,629092930,2566360100
2024-10-08,14740,15050,13820,13870,309816,-5.453306066802999,-646,-3173,36487,-32668,0,18831,70,272703,18212,309816,19477,3243,236216,50880,309816,-9406470,-44573100,518137340,-464157770,0,272970460,995750,3881030780,261264960,4416261950,282376930,45568850,3362893440,725422730,4416261950
2024-10-10,13930,14180,13120,13800,251191,-0.5046863734679163,-164,-52,-3653,3869,0,8581,79,207719,34812,251191,8745,131,211372,30943,251191,-2387070,-722010,-51830710,54939790,0,115048500,1076620,2807744980,471445610,3395315710,117435570,1798630,2859575690,416505820,3395315710
2024-10-11,13800,14310,13470,14190,101838,2.8260869565217392,15,-26,-3502,3513,0,2010,177,80592,19059,101838,1995,203,84094,15546,101838,164670,-382960,-50546700,50764990,0,28331210,2493560,1131179290,268156140,1430160200,28166540,2876520,1181725990,217391150,1430160200
2024-10-14,14350,14350,13900,14160,76912,-0.21141649048625794,-7,-115,11987,-11865,0,1906,19,66617,8370,76912,1913,134,54630,20235,76912,-83990,-1633860,167793800,-166075950,0,27023810,269220,939126520,118759340,1085178890,27107800,1903080,771332720,284835290,1085178890
2024-10-15,14200,14680,13980,14650,138366,3.4604519774011298,40,557,-36163,35566,0,5979,563,88804,43020,138366,5939,6,124967,7454,138366,672190,8115180,-524573630,515786260,0,85820040,8200150,1278814370,622271570,1995106130,85147850,84970,1803388000,106485310,1995106130
2024-10-16,14700,15120,14570,15040,266873,2.6621160409556315,-12085,1073,-7729,18741,0,7792,1194,195092,62795,266873,19877,121,202821,44054,266873,-181858230,16051360,-118286370,284093240,0,116273080,17862130,2913943320,939559150,3987637680,298131310,1810770,3032229690,655465910,3987637680
2024-10-17,15050,15100,14640,15020,146731,-0.13297872340425532,-12610,-48,19296,-6638,0,4655,10,115798,26268,146731,17265,58,96502,32906,146731,-189586550,-709370,287408440,-97112520,0,69296480,150000,1727627570,393510360,2190584410,258883030,859370,1440219130,490622880,2190584410
2024-10-18,15080,15250,14650,14900,132649,-0.7989347536617843,-3770,-38,22864,-19056,0,4933,0,114018,13698,132649,8703,38,91154,32754,132649,-56508500,-562800,340228330,-283157030,0,73565780,0,1700733580,204957110,1979256470,130074280,562800,1360505250,488114140,1979256470
2024-10-21,15020,15100,14800,14900,77072,0.0,-9507,-6856,10280,6083,0,4273,17,58402,14380,77072,13780,6873,48122,8297,77072,-143016250,-102351150,153768820,91598580,0,63781440,255000,872879800,215390670,1152306910,206797690,102606150,719110980,123792090,1152306910
2024-10-22,14510,14840,13950,14280,163310,-4.1610738255033555,-54,-36191,43966,-7721,0,3560,59,145165,14526,163310,3614,36250,101199,22247,163310,-695080,-522179140,630542900,-107668680,0,51154380,843640,2082789430,210642350,2345429800,51849460,523022780,1452246530,318311030,2345429800
2024-10-23,14500,17370,14500,16950,1954990,18.69747899159664,-21601,2010,-181994,201585,0,29407,2721,1436087,486775,1954990,51008,711,1618081,285190,1954990,-314710830,32473800,-2898700300,3180937330,0,483949270,44429640,23758912270,7941609480,32228900660,798660100,11955840,26657612570,4760672150,32228900660
2024-10-24,16680,17420,16290,17090,443432,0.8259587020648967,137,-363,2124,-1898,0,7047,261,356938,79186,443432,6910,624,354814,81084,443432,2639110,-5935330,39538320,-36242100,0,120648710,4385460,6062297170,1339833290,7527164630,118009600,10320790,6022758850,1376075390,7527164630
2024-10-25,17090,18280,16850,17660,552753,3.3352837916910474,4808,529,4946,-10283,0,14463,1934,443348,94702,554447,9655,1405,438402,104985,554447,85545920,9416560,92784090,-187746570,0,255384680,34228990,7866358950,1676232660,9832205280,169838760,24812430,7773574860,1863979230,9832205280
