날짜,시가,고가,저가,종가,거래량,등락률,기관합계_거래량_순매수,기타법인_거래량_순매수,개인_거래량_순매수,외국인합계_거래량_순매수,전체_거래량_순매수,기관합계_거래량_매수,기타법인_거래량_매수,개인_거래량_매수,외국인합계_거래량_매수,전체_거래량_매수,기관합계_거래량_매도,기타법인_거래량_매도,개인_거래량_매도,외국인합계_거래량_매도,전체_거래량_매도,기관합계_거래대금_순매수,기타법인_거래대금_순매수,개인_거래대금_순매수,외국인합계_거래대금_순매수,전체_거래대금_순매수,기관합계_거래대금_매수,기타법인_거래대금_매수,개인_거래대금_매수,외국인합계_거래대금_매수,전체_거래대금_매수,기관합계_거래대금_매도,기타법인_거래대금_매도,개인_거래대금_매도,외국인합계_거래대금_매도,전체_거래대금_매도
2019-01-02,16300,16400,15700,15700,70615,-3.6809815950920246,-16086,12,14390,1684,0,13232,12,53898,3473,70615,29318,0,39508,1789,70615,-258657000,190800,231666850,26799350,0,212119600,190800,862894800,55422800,1130628000,470776600,0,631227950,28623450,1130628000
2019-01-03,15650,16800,14300,15500,226217,-1.2738853503184715,2343,-7326,4845,138,0,59215,13,161085,5904,226217,56872,7339,156240,5766,226217,49000750,-108853750,57102950,2750050,0,895167050,195400,2395519300,89060850,3379942600,846166300,109049150,2338416350,86310800,3379942600
2019-01-04,15500,15500,14000,14600,173443,-5.806451612903226,178,-485,4174,-3867,0,24541,212,143021,5669,173443,24363,697,138847,9536,173443,7990850,-7080600,56879400,-57789650,0,358514150,2978600,2069256200,81355050,2512104000,350523300,10059200,2012376800,139144700,2512104000
2019-01-07,14300,15000,14100,14300,98224,-2.054794520547945,12743,0,-20458,7715,0,18293,0,68448,11483,98224,5550,0,88906,3768,98224,189969050,0,-299830850,109861800,0,269805200,0,993708050,165205550,1428718800,79836150,0,1293538900,55343750,1428718800
2019-01-08,14400,15500,14400,15250,158716,6.643356643356643,46197,38,-55305,9070,0,46636,38,93942,18100,158716,439,0,149247,9030,158716,702705350,578850,-837144250,133860050,0,709207300,578850,1407360900,268886250,2386033300,6501950,0,2244505150,135026200,2386033300
2019-01-09,15250,15600,14900,15350,93066,0.6557377049180327,13002,4114,-5079,-12037,0,17913,4131,66933,4089,93066,4911,17,72012,16126,93066,199211850,63063000,-79373800,-182901050,0,273779150,63318000,1020923750,63008500,1421029400,74567300,255000,1100297550,245909550,1421029400
2019-01-10,15050,15450,14900,15100,41548,-1.6286644951140066,12878,0,-7901,-4977,0,13161,0,27254,1133,41548,283,0,35155,6110,41548,196552750,0,-120785550,-75767200,0,200843550,0,413367400,17209450,631420400,4290800,0,534152950,92976650,631420400
2019-01-11,15300,15350,14650,15100,80396,0.0,25399,0,-16111,-9288,0,25772,0,51610,3014,80396,373,0,67721,12302,80396,379639550,0,-241173500,-138466050,0,385191250,0,770619800,45095400,1200906450,5551700,0,1011793300,183561450,1200906450
2019-01-14,15100,15400,14650,15050,28833,-0.33112582781456956,3780,0,-1097,-2683,0,4571,0,20970,3292,28833,791,0,22067,5975,28833,56568850,0,-16142950,-40425900,0,68482700,0,314125050,49045800,431653550,11913850,0,330268000,89471700,431653550
2019-01-15,15000,15200,14250,14800,153216,-1.6611295681063125,13315,-791,-15104,2580,0,28401,0,115218,9597,153216,15086,791,130322,7017,153216,196489700,-11498850,-222909400,37918550,0,416020800,0,1678938250,140051600,2235010650,219531100,11498850,1901847650,102133050,2235010650
2019-01-16,14800,15050,14400,14800,75362,0.0,1531,-60,-19861,18390,0,14519,0,40031,20812,75362,12988,60,59892,2422,75362,23383200,-883850,-293435900,270936550,0,215471000,0,590440400,306925300,1112836700,192087800,883850,883876300,35988750,1112836700
2019-01-17,14950,15000,14300,14350,53036,-3.040540540540541,-8346,0,3121,5225,0,614,0,42976,9446,53036,8960,0,39855,4221,53036,-120917450,0,44957450,75960000,0,8833100,0,621716800,137615650,768165550,129750550,0,576759350,61655650,768165550
2019-01-18,14450,14600,13700,14450,103409,0.6968641114982579,-13712,0,-8458,22170,0,21747,0,56866,24796,103409,35459,0,65324,2626,103409,-186059100,0,-127374950,313434050,0,312190250,0,802439200,350935450,1465564900,498249350,0,929814150,37501400,1465564900
2019-01-21,14450,14450,13550,13600,108707,-5.88235294117647,-24453,-17,21681,2789,0,18925,0,79132,10650,108707,43378,17,57451,7861,108707,-335735950,-233750,298094300,37875400,0,259226400,0,1089151150,146772550,1495150100,594962350,233750,791056850,108897150,1495150100
2019-01-22,13650,14000,13400,13950,39059,2.5735294117647056,6662,0,-16059,9397,0,12032,0,14584,12443,39059,5370,0,30643,3046,39059,93585850,0,-220736850,127151000,0,166351100,0,199192400,169130750,534674250,72765250,0,419929250,41979750,534674250
2019-01-23,13850,14700,13700,14350,77427,2.867383512544803,24453,167,-21773,-2847,0,35289,167,35741,6230,77427,10836,0,57514,9077,77427,353205650,2422950,-314262100,-41366500,0,509325850,2422950,514437700,87947750,1114134250,156120200,0,828699800,129314250,1114134250
2019-01-24,14450,14450,13950,14200,28384,-1.0452961672473868,789,-227,3363,-3925,0,7039,0,19050,2295,28384,6250,227,15687,6220,28384,11906550,-3223300,46739300,-55422550,0,99874550,0,268494950,32402400,400771900,87968000,3223300,221755650,87824950,400771900
2019-01-25,14250,14500,13800,14000,94034,-1.4084507042253522,376,17,-12364,11971,0,32861,17,46093,15063,94034,32485,0,58457,3092,94034,6203150,239700,-173937650,167494800,0,461550400,239700,646973350,210762300,1319525750,455347250,0,820911000,43267500,1319525750
2019-01-28,13950,14600,13800,13950,80344,-0.35714285714285715,13330,32,-23358,9996,0,34577,92,32678,12997,80344,21247,60,56036,3001,80344,189994200,474800,-332624650,142155650,0,491643750,1330550,465953250,185017900,1143945450,301649550,855750,798577900,42862250,1143945450
2019-01-29,13900,14200,13200,13700,135447,-1.7921146953405016,-5436,-127,2302,3261,0,21275,0,99826,14346,135447,26711,127,97524,11085,135447,-70001450,-1712850,29300100,42414200,0,295826350,0,1356421700,194842500,1847090550,365827800,1712850,1327121600,152428300,1847090550
2019-01-30,13500,14250,13400,14250,89846,4.014598540145985,-1162,-1596,-22514,25272,0,20469,34,41255,28088,89846,21631,1630,63769,2816,89846,-12922250,-21577100,-315076600,349575950,0,286915150,472600,570595100,388823100,1246805950,299837400,22049700,885671700,39247150,1246805950
2019-01-31,14100,14650,13850,14200,77180,-0.3508771929824561,-5111,171,3494,1446,0,18202,198,45532,13248,77180,23313,27,42038,11802,77180,-69588100,2454000,47006550,20127550,0,261124600,2834600,647850450,187853750,1099663400,330712700,380600,600843900,167726200,1099663400
2019-02-01,13900,14050,12400,12950,354716,-8.80281690140845,-41801,-766,57727,-15160,0,62574,0,272305,19837,354716,104375,766,214578,34997,354716,-521893150,-10259700,718508250,-186355400,0,798276200,0,3508507250,261585300,4568368750,1320169350,10259700,2789999000,447940700,4568368750
2019-02-07,12850,12950,11900,12300,173881,-5.019305019305019,1436,-24,-1304,-108,0,25458,0,125886,22537,173881,24022,24,127190,22645,173881,16185700,-294000,-18807050,2915350,0,314681650,0,1545857550,278129350,2138668550,298495950,294000,1564664600,275214000,2138668550
2019-02-08,12300,12600,12100,12400,61656,0.8130081300813009,-17192,-252,12360,5084,0,10853,150,40144,10509,61656,28045,402,27784,5425,61656,-210625000,-3123000,151675550,62072450,0,133612850,1817500,493439700,129074050,757944100,344237850,4940500,341764150,67001600,757944100
2019-02-11,12400,13200,12000,13100,114541,5.64516129032258,25821,-204,-29701,4084,0,43964,0,52270,18307,114541,18143,204,81971,14223,114541,334441100,-2483050,-379896800,47938750,0,560511050,0,661351750,230340900,1452203700,226069950,2483050,1041248550,182402150,1452203700
2019-02-12,13000,13250,12250,12350,88254,-5.7251908396946565,-15913,1000,37263,-22350,0,4343,1000,81084,1827,88254,20256,0,43821,24177,88254,-200954350,12750000,472778150,-284573800,0,53986300,12750000,1025384550,22947400,1115068250,254940650,0,552606400,307521200,1115068250
2019-02-13,12550,13700,12250,12250,338379,-0.8097165991902834,-10182,-272,9465,989,0,2235,0,309923,26221,338379,12417,272,300458,25232,338379,-126365150,-3625900,125801550,4189500,0,28979400,0,3964492100,327934050,4321405550,155344550,3625900,3838690550,323744550,4321405550
2019-02-14,12250,12400,11750,12200,127828,-0.40816326530612246,-14570,0,-8271,22841,0,776,0,97301,29751,127828,15346,0,105572,6910,127828,-175932900,0,-99196250,275129150,0,9257600,0,1171353300,358988450,1539599350,185190500,0,1270549550,83859300,1539599350
2019-02-15,12100,12250,11400,12250,164749,0.4098360655737705,9081,5256,-25263,10926,0,28680,5256,112872,17941,164749,19599,0,138135,7015,164749,113970700,60706800,-300381700,125704200,0,345663200,60706800,1330395550,210447050,1947212600,231692500,0,1630777250,84742850,1947212600
2019-02-18,12150,12900,12050,12650,99242,3.2653061224489797,20069,828,-16327,-4570,0,32531,843,54144,11724,99242,12462,15,70471,16294,99242,253198300,10099200,-207282350,-56015150,0,409019400,10284600,679238750,147249400,1245792150,155821100,185400,886521100,203264550,1245792150
2019-02-19,12600,12800,12450,12650,35909,0.0,-2168,-43,7911,-5700,0,5991,0,25945,3973,35909,8159,43,18034,9673,35909,-26856000,-544550,99590200,-72189650,0,75933950,0,328307000,50355250,454596200,102789950,544550,228716800,122544900,454596200
2019-02-20,12600,12650,12150,12300,76138,-2.766798418972332,-22099,-8,28903,-6796,0,10263,0,60160,5715,76138,32362,8,31257,12511,76138,-271289850,-100400,355350750,-83960500,0,126721750,0,739904300,70521700,937147750,398011600,100400,384553550,154482200,937147750
2019-02-21,12250,12350,11900,12100,88359,-1.6260162601626018,-23963,-6,12941,11028,0,8352,0,60430,19577,88359,32315,6,47489,8549,88359,-289162950,-72900,155164100,134071750,0,101225700,0,730661250,237589350,1069476300,390388650,72900,575497150,103517600,1069476300
2019-02-22,11950,12100,11400,11850,175592,-2.066115702479339,-19154,1701,15708,1745,0,35577,3544,114682,21789,175592,54731,1843,98974,20044,175592,-218743200,19561500,180267750,18913950,0,413554250,40756000,1334078200,253251500,2041639950,632297450,21194500,1153810450,234337550,2041639950
2019-02-25,11950,12550,11800,12500,76722,5.485232067510549,18399,-140,-31601,13342,0,18589,0,42811,15322,76722,190,140,74412,1980,76722,227662550,-1729000,-390533500,164599950,0,230016900,0,525585100,188651300,944253300,2354350,1729000,916118600,24051350,944253300
2019-02-26,12800,13700,12550,12600,215753,0.8,9193,1832,-21345,10320,0,33058,1894,151825,28976,215753,23865,62,173170,18656,215753,121019450,24194750,-278121400,132907200,0,435454100,25013700,1993280600,377414200,2831162600,314434650,818950,2271402000,244507000,2831162600
2019-02-27,12750,13200,12600,13050,107211,3.571428571428571,24667,138,-29893,5088,0,39185,538,55027,12461,107211,14518,400,84920,7373,107211,321527950,1900900,-389317650,65888800,0,509070250,7020900,712759000,161370950,1390221100,187542300,5120000,1102076650,95482150,1390221100
2019-02-28,13150,13150,12150,12600,104241,-3.4482758620689653,-1859,-90,22130,-20181,0,15928,10,78857,9446,104241,17787,100,56727,29627,104241,-24297500,-1122000,277184550,-251765050,0,199645200,128000,992617950,119991500,1312382650,223942700,1250000,715433400,371756550,1312382650
2019-03-04,12750,12950,12250,12700,57506,0.7936507936507936,19042,0,-18747,-295,0,27226,0,26604,3676,57506,8184,0,45351,3971,57506,240524050,0,-236575050,-3949000,0,343195900,0,335088650,45944550,724229100,102671850,0,571663700,49893550,724229100
2019-03-05,12500,12750,12000,12400,51924,-2.3622047244094486,-11733,-5,10470,1268,0,0,0,48192,3732,51924,11733,5,37722,2464,51924,-144355550,-61000,129041100,15375450,0,0,0,593490350,45913000,639403350,144355550,61000,464449250,30537550,639403350
2019-03-06,12400,12450,11850,12200,92599,-1.6129032258064515,-16082,820,9359,5903,0,14000,820,69677,8102,92599,30082,0,60318,2199,92599,-190594850,9819150,109777900,70997800,0,169458400,9819150,836502600,97591000,1113371150,360053250,0,726724700,26593200,1113371150
2019-03-07,12200,12300,11800,12200,56568,0.0,-1875,0,-8854,10729,0,14127,0,30343,12098,56568,16002,0,39197,1369,56568,-22600400,0,-106253550,128853950,0,170094250,0,363513400,145302600,678910250,192694650,0,469766950,16448650,678910250
2019-03-08,12050,12200,11250,11750,171421,-3.6885245901639343,-20460,0,43335,-22875,0,20478,0,134473,16470,171421,40938,0,91138,39345,171421,-231862000,0,497222400,-265360400,0,238514500,0,1552353150,190549500,1981417150,470376500,0,1055130750,455909900,1981417150
2019-03-11,11600,11750,11250,11750,46043,0.0,-1105,-263,-9422,10790,0,5689,0,28387,11967,46043,6794,263,37809,1177,46043,-11438000,-2980950,-108816450,123235400,0,65717950,0,324463200,136809850,526991000,77155950,2980950,433279650,13574450,526991000
2019-03-12,11850,12000,11500,12000,56212,2.127659574468085,-12170,-256,-4738,17164,0,5465,0,32637,18110,56212,17635,256,37375,946,56212,-140589500,-2974500,-57448900,201012900,0,65054950,0,381446650,212092650,658594250,205644450,2974500,438895550,11079750,658594250
2019-03-13,12000,12150,11600,11750,44006,-2.083333333333333,-12938,-59,20498,-7501,0,2720,27,37235,4024,44006,15658,86,16737,11525,44006,-150605700,-686500,239236900,-87944700,0,32108750,318600,436341050,47188400,515956800,182714450,1005100,197104150,135133100,515956800
2019-03-14,11750,12000,11600,11750,40177,0.0,-19643,-653,11185,9111,0,841,0,27833,11503,40177,20484,653,16648,2392,40177,-229112850,-7624400,130509350,106227900,0,9882150,0,325467100,134460900,469810150,238995000,7624400,194957750,28233000,469810150
2019-03-15,11900,11900,11400,11600,47419,-1.276595744680851,-26000,-4,19979,6025,0,772,0,37799,8848,47419,26772,4,17820,2823,47419,-298774950,-46500,229479650,69341800,0,8983000,0,434858300,101906450,545747750,307757950,46500,205378650,32564650,545747750
2019-03-18,11600,11800,11350,11800,66100,1.7241379310344827,-29147,106,3779,25262,0,7069,200,32579,26252,66100,36216,94,28800,990,66100,-335263950,1216550,42514450,291532950,0,82350950,2300000,375420300,303045850,763117100,417614900,1083450,332905850,11512900,763117100
2019-03-19,11800,11800,11550,11800,43313,0.0,-18276,-607,11581,7302,0,2081,0,32023,9209,43313,20357,607,20442,1907,43313,-212466150,-7046850,134325450,85187550,0,24394300,0,373357700,107545300,505297300,236860450,7046850,239032250,22357750,505297300
2019-03-20,11900,11900,11400,11750,87362,-0.423728813559322,-39724,272,52946,-13494,0,0,311,77213,9838,87362,39724,39,24267,23332,87362,-455118650,3113850,607312900,-155308100,0,0,3560950,888351200,113478550,1005390700,455118650,447100,281038300,268786650,1005390700
2019-03-21,11750,11750,11400,11400,47499,-2.9787234042553195,434,-132,8257,-8559,0,5873,0,39293,2333,47499,5439,132,31036,10892,47499,5066650,-1516500,94878450,-98428600,0,67772500,0,451260450,26780150,545813100,62705850,1516500,356382000,125208750,545813100
2019-03-22,11550,12000,11450,12000,82072,5.263157894736842,12998,-5,-3003,-9990,0,17100,0,60467,4505,82072,4102,5,63470,14495,82072,153692650,-58550,-36354550,-117279550,0,201348100,0,712135500,52734100,966217700,47655450,58550,748490050,170013650,966217700
2019-03-25,11700,12900,11700,12550,225995,4.583333333333333,24752,731,-8741,-16742,0,45768,731,161887,17609,225995,21016,0,170628,34351,225995,311017700,9306300,-109183500,-211140500,0,573028950,9306300,2022218500,219748950,2824302700,262011250,0,2131402000,430889450,2824302700
2019-03-26,12850,13550,12600,13550,337853,7.968127490039841,93909,95,-78783,-15221,0,153075,870,157896,26012,337853,59166,775,236679,41233,337853,1242325700,1155700,-1042921550,-200559850,0,2026927350,11462000,2090056600,344653600,4473099550,784601650,10306300,3132978150,545213450,4473099550
2019-03-27,13550,13900,13300,13800,185053,1.8450184501845017,68360,-9070,-44464,-14826,0,82388,1319,91787,9559,185053,14028,10389,136251,24385,185053,934766300,-123966850,-608763450,-202036000,0,1125538350,18107150,1253361100,131477850,2528484450,190772050,142074000,1862124550,333513850,2528484450
2019-03-28,13550,13800,12900,13400,189586,-2.898550724637681,2216,619,16389,-19224,0,67173,1263,112956,8194,189586,64957,644,96567,27418,189586,31594450,8433350,218061600,-258089400,0,900824500,16883400,1506715100,108806000,2533229000,869230050,8450050,1288653500,366895400,2533229000
2019-03-29,13300,13400,12450,13050,180029,-2.6119402985074625,33887,-198,-2398,-31291,0,71563,58,102678,5730,180029,37676,256,105076,37021,180029,452457600,-2600500,-45936600,-403920500,0,929130100,741600,1308590300,73432650,2311894650,476672500,3342100,1354526900,477353150,2311894650
2019-04-01,13050,13400,12450,12450,81231,-4.597701149425287,-42523,-76,40465,2134,0,12461,0,61844,6926,81231,54984,76,21379,4792,81231,-541601750,-995600,515594200,27003150,0,158890400,0,790772600,88972550,1038635550,700492150,995600,275178400,61969400,1038635550
2019-04-02,12500,12750,11950,12600,149771,1.2048192771084338,26188,30,-35573,9355,0,35589,30,92230,21922,149771,9401,0,127803,12567,149771,325340100,360000,-437376150,111676050,0,441740550,360000,1132438250,268124600,1842663400,116400450,0,1569814400,156448550,1842663400
2019-04-03,12600,12850,12150,12700,111501,0.7936507936507936,-4547,276,10489,-6218,0,22356,316,83090,5739,111501,26903,40,72601,11957,111501,-52160250,3365500,129271300,-80476550,0,283071250,3871000,1035190000,71077300,1393209550,335231500,505500,905918700,151553850,1393209550
2019-04-04,12900,12900,12200,12800,100800,0.7874015748031495,14933,500,-11361,-4072,0,23492,500,68884,7924,100800,8559,0,80245,11996,100800,193072900,6400000,-149088850,-50384050,0,299699100,6400000,860753750,99773350,1266626200,106626200,0,1009842600,150157400,1266626200
2019-04-05,12750,12750,12250,12350,130754,-3.515625,10738,-203,-3998,-6537,0,23633,0,96799,10322,130754,12895,203,100797,16859,130754,138456100,-2513700,-54100250,-81842150,0,297334150,0,1198683250,128036650,1624054050,158878050,2513700,1252783500,209878800,1624054050
2019-04-08,12400,12500,12100,12200,47843,-1.214574898785425,-23775,-205,23914,66,0,697,0,40747,6399,47843,24472,205,16833,6333,47843,-289933950,-2505750,291614200,825500,0,8568150,0,498103750,78436050,585107950,298502100,2505750,206489550,77610550,585107950
2019-04-09,12150,12250,11800,12050,139307,-1.2295081967213115,-49931,-43,37776,12198,0,30545,0,89371,19391,139307,80476,43,51595,7193,139307,-595398050,-516000,450059750,145854300,0,368156350,0,1070229650,232298100,1670684100,963554400,516000,620169900,86443800,1670684100
2019-04-10,11950,12000,11750,11900,86210,-1.2448132780082988,-61952,78,54992,6882,0,2410,351,74275,9174,86210,64362,273,19283,2292,86210,-731878000,915500,649549450,81413050,0,28718000,4141800,878518950,108592650,1019971400,760596000,3226300,228969500,27179600,1019971400
2019-04-11,11900,13650,11900,13650,317069,14.705882352941178,-5050,7025,-9878,7903,0,19797,7139,269001,21132,317069,24847,114,278879,13229,317069,-62482050,88859950,-119057150,92679250,0,248077550,90255350,3601170300,263685800,4203189000,310559600,1395400,3720227450,171006550,4203189000
2019-04-12,15150,15200,13500,13750,507675,0.7326007326007326,43036,7870,-10375,-40531,0,119118,7970,371949,8638,507675,76082,100,382324,49169,507675,589029150,111070850,-126255400,-573844600,0,1645708800,112580850,5292178500,121989750,7172457900,1056679650,1510000,5418433900,695834350,7172457900
2019-04-15,13900,13900,12800,13150,240777,-4.363636363636364,-56458,880,65806,-10228,0,30939,880,199851,9107,240777,87397,0,134045,19335,240777,-735275550,11748000,854806550,-131279000,0,407444800,11748000,2621972250,121643900,3162808950,1142720350,0,1767165700,252922900,3162808950
2019-04-16,13050,13700,13050,13100,138666,-0.38022813688212925,-15059,72,19825,-4838,0,2132,72,125562,10900,138666,17191,0,105737,15738,138666,-199159150,979200,263929250,-65749300,0,28160900,979200,1672031050,143886850,1845058000,227320050,0,1408101800,209636150,1845058000
2019-04-17,13150,13300,12700,13200,117286,0.7633587786259541,-26867,-1430,43042,-14745,0,9441,0,103960,3885,117286,36308,1430,60918,18630,117286,-344376300,-18570000,553689950,-190743650,0,123373400,0,1340851050,50431050,1514655500,467749700,18570000,787161100,241174700,1514655500
2019-04-18,13100,13150,12300,12850,125173,-2.6515151515151514,-3691,0,12126,-8435,0,26807,0,95399,2967,125173,30498,0,83273,11402,125173,-44315200,0,152319250,-108004050,0,344482300,0,1213231750,37835800,1595549850,388797500,0,1060912500,145839850,1595549850
2019-04-19,12800,13000,12550,12800,75069,-0.38910505836575876,7943,-77,-4006,-3860,0,19210,0,51827,4032,75069,11267,77,55833,7892,75069,103225700,-974050,-52795200,-49456450,0,246456150,0,658922950,51207800,956586900,143230450,974050,711718150,100664250,956586900
2019-04-22,13100,13100,12500,12800,50407,0.0,-4906,-9,10349,-5434,0,11442,0,37461,1504,50407,16348,9,27112,6938,50407,-59629900,-112950,128412650,-68669800,0,146275400,0,473802450,19083250,639161100,205905300,112950,345389800,87753050,639161100
2019-04-23,12950,12950,12500,12600,41511,-1.5625,-8709,-42,9900,-1149,0,5999,0,32743,2769,41511,14708,42,22843,3918,41511,-109163050,-527800,124166100,-14475250,0,76024950,0,412949400,35054000,524028350,185188000,527800,288783300,49529250,524028350
2019-04-24,12750,12750,12400,12450,35156,-1.1904761904761905,-12408,-12,12158,262,0,0,0,31497,3659,35156,12408,12,19339,3397,35156,-155096150,-150600,151861200,3385550,0,0,0,393919100,45880000,439799100,155096150,150600,242057900,42494450,439799100
2019-04-25,12450,12650,12100,12400,45041,-0.4016064257028112,3203,-324,-8595,5716,0,3719,0,30928,10394,45041,516,324,39523,4678,45041,39848650,-3936600,-105728200,69816150,0,46217400,0,380519200,127658750,554395350,6368750,3936600,486247400,57842600,554395350
2019-04-26,12300,12400,11450,11600,193443,-6.451612903225806,-108557,651,111299,-3393,0,10873,737,172874,8959,193443,119430,86,61575,12352,193443,-1280722650,7502050,1314874150,-41653550,0,126753050,8508200,2038969100,105161400,2279391750,1407475700,1006150,724094950,146814950,2279391750
2019-04-29,11400,11650,10700,11600,184789,0.0,-2928,0,4233,-1305,0,34115,0,138273,12401,184789,37043,0,134040,13706,184789,-23808700,0,39287100,-15478400,0,389152400,0,1536956000,139432850,2065541250,412961100,0,1497668900,154911250,2065541250
2019-04-30,11600,11600,11200,11600,53282,0.0,15432,0,-7252,-8180,0,15432,0,37239,611,53282,0,0,44491,8791,53282,177374450,0,-84366450,-93008000,0,177374450,0,421351050,6950500,605676000,0,0,505717500,99958500,605676000
2019-05-02,11550,11750,11350,11550,60090,-0.43103448275862066,-26965,-117,35351,-8269,0,1154,0,57741,1195,60090,28119,117,22390,9464,60090,-309776050,-1351350,406380350,-95252950,0,13313550,0,664128050,13754900,691196500,323089600,1351350,257747700,109007850,691196500
2019-05-03,11550,11650,11300,11550,33458,0.0,-11498,0,12996,-1498,0,0,0,32750,708,33458,11498,0,19754,2206,33458,-130923700,0,147970500,-17046800,0,0,0,374265350,8100900,382366250,130923700,0,226294850,25147700,382366250
2019-05-07,11400,11500,11100,11150,76651,-3.463203463203463,8030,0,-446,-7584,0,20000,0,54477,2174,76651,11970,0,54923,9758,76651,91758250,0,-6277800,-85480450,0,226372550,0,612564800,24458800,863396150,134614300,0,618842600,109939250,863396150
2019-05-08,11150,11250,10950,11150,57060,0.0,5354,54,-10432,5024,0,10414,54,38449,8143,57060,5060,0,48881,3119,57060,60351400,591300,-116197050,55254350,0,116073950,591300,425239950,89985600,631890800,55722550,0,541437000,34731250,631890800
2019-05-09,11200,11300,10800,11100,47365,-0.4484304932735426,3614,0,3682,-7296,0,9990,0,35409,1966,47365,6376,0,31727,9262,47365,40480050,0,39944300,-80424350,0,110177850,0,389055400,21493800,520727050,69697800,0,349111100,101918150,520727050
2019-05-10,11200,11200,10700,11100,60142,0.0,6022,500,-4679,-1843,0,18327,500,36045,5270,60142,12305,0,40724,7113,60142,67629100,5550000,-52118050,-21061050,0,202834700,5550000,395258900,57527350,661170950,135205600,0,447376950,78588400,661170950
2019-05-13,11200,11500,11100,11200,58218,0.9009009009009009,3553,557,3376,-7486,0,14051,557,36432,7178,58218,10498,0,33056,14664,58218,40398600,6238400,38313500,-84950500,0,158540750,6238400,412130700,80593750,657503600,118142150,0,373817200,165544250,657503600
2019-05-14,11150,12450,11100,12250,225087,9.375,29088,739,-40525,10698,0,49335,739,141725,33288,225087,20247,0,182250,22590,225087,349444350,8423750,-486585600,128717500,0,592033600,8423750,1694634850,399040450,2694132650,242589250,0,2181220450,270322950,2694132650
2019-05-15,12200,12700,12000,12500,125386,2.0408163265306123,-7877,60,2146,5671,0,4220,60,94510,26596,125386,12097,0,92364,20925,125386,-96396750,730000,27300850,68365900,0,51951500,730000,1165654900,326924850,1545261250,148348250,0,1138354050,258558950,1545261250
2019-05-16,12500,12500,11950,12050,71764,-3.5999999999999996,-11464,3614,-4578,12428,0,6441,3614,43851,17858,71764,17905,0,48429,5430,71764,-139357000,44130800,-56298400,151524600,0,79060250,44130800,534043150,217925050,875159250,218417250,0,590341550,66400450,875159250
2019-05-17,12100,12500,11850,12100,63608,0.4149377593360996,-3035,1106,-11357,13286,0,15764,1106,28506,18232,63608,18799,0,39863,4946,63608,-36542000,13268450,-136370150,159643700,0,189918700,13268450,344445100,219430600,767062850,226460700,0,480815250,59786900,767062850
2019-05-20,12150,12350,11900,12350,46596,2.066115702479339,-9007,0,-315,9322,0,0,0,28358,18238,46596,9007,0,28673,8916,46596,-109464800,0,-3417050,112881850,0,0,0,345506450,221476550,566983000,109464800,0,348923500,108594700,566983000
2019-05-21,12350,12350,12000,12350,50592,0.0,-3626,0,-7893,11519,0,11100,0,14536,24956,50592,14726,0,22429,13437,50592,-42982300,0,-96894150,139876450,0,136305700,0,176943850,303592950,616842500,179288000,0,273838000,163716500,616842500
2019-05-22,12350,13050,12350,13000,106270,5.263157894736842,0,-40,3015,-2975,0,162,0,98414,7694,106270,162,40,95399,10669,106270,-17100,-514000,39828600,-39297500,0,2057400,0,1260416100,97766650,1360240150,2074500,514000,1220587500,137064150,1360240150
2019-05-23,13100,13150,12550,13100,40444,0.7692307692307693,-298,-500,-4773,5571,0,0,0,30651,9793,40444,298,500,35424,4222,40444,-3853850,-6500000,-62636950,72990800,0,0,0,396548800,127483400,524032200,3853850,6500000,459185750,54492600,524032200
2019-05-24,12950,13200,12900,13200,46058,0.7633587786259541,0,-20,-8642,8662,0,0,0,32709,13349,46058,0,20,41351,4687,46058,0,-262000,-112161650,112423650,0,0,0,427963550,173604100,601567650,0,262000,540125200,61180450,601567650
2019-05-27,13250,13250,12900,13050,63499,-1.1363636363636365,512,10,-42331,41809,0,600,10,18728,44161,63499,88,0,61059,2352,63499,6679600,130000,-549855800,543046200,0,7832400,130000,243879100,573711750,825553250,1152800,0,793734900,30665550,825553250
2019-05-28,13150,13200,12900,13200,93207,1.1494252873563218,-28168,0,13076,15092,0,0,0,74496,18711,93207,28168,0,61420,3619,93207,-365815950,0,170155750,195660200,0,0,0,970960100,242786850,1213746950,365815950,0,800804350,47126650,1213746950
2019-05-29,13000,13350,13000,13300,71539,0.7575757575757576,-7126,-526,-3558,11210,0,2255,84,56154,13046,71539,9381,610,59712,1836,71539,-93706250,-6863600,-47362100,147931950,0,29654300,1099600,740075850,172019000,942848750,123360550,7963200,787437950,24087050,942848750
2019-05-30,13350,13350,12850,13250,72973,-0.37593984962406013,3226,1689,-22064,17149,0,11162,1689,31470,28652,72973,7936,0,53534,11503,72973,43883200,22223100,-289471100,223364800,0,147378550,22223100,412704800,373889700,956196150,103495350,0,702175900,150524900,956196150
2019-05-31,13050,14150,13050,14100,134643,6.415094339622642,37884,-2,-52912,15030,0,37884,8,73697,23054,134643,0,10,126609,8024,134643,527741200,-30800,-728149750,200439350,0,527741200,109200,1004640200,311806100,1844296700,0,140000,1732789950,111366750,1844296700
2019-06-03,14000,14300,13800,14000,55462,-0.7092198581560284,10355,0,-3872,-6483,0,10626,0,39952,4884,55462,271,0,43824,11367,55462,145982000,0,-54900150,-91081850,0,149785150,0,561899850,68356050,780041050,3803150,0,616800000,159437900,780041050
2019-06-04,14000,14550,13750,14550,68000,3.9285714285714284,27834,0,-22064,-5770,0,27834,0,39776,390,68000,0,0,61840,6160,68000,400436400,0,-317652500,-82783900,0,400436400,0,563263150,5417550,969117100,0,0,880915650,88201450,969117100
2019-06-05,14550,14650,14000,14350,47217,-1.3745704467353952,7154,1354,-6674,-1834,0,8211,1826,34358,2822,47217,1057,472,41032,4656,47217,102369200,19825800,-95807150,-26387850,0,117729050,26568300,494657650,40728300,679683300,15359850,6742500,590464800,67116150,679683300
2019-06-07,14200,14450,13650,13700,59090,-4.529616724738676,142,1200,-6613,5271,0,914,1200,48214,8762,59090,772,0,54827,3491,59090,1939100,16590000,-93006150,74477050,0,12797300,16590000,674968500,123092900,827448700,10858200,0,767974650,48615850,827448700
2019-06-10,13800,14600,13800,14550,97149,6.204379562043796,12918,180,-20060,6962,0,33430,180,49612,13927,97149,20512,0,69672,6965,97149,186904200,2520000,-287980100,98555900,0,478567450,2520000,708987250,198449300,1388524000,291663250,0,996967350,99893400,1388524000
2019-06-11,14550,14750,14250,14400,38172,-1.0309278350515463,3614,-1000,-189,-2425,0,10183,0,25466,2523,38172,6569,1000,25655,4948,38172,52971950,-14450000,-3548700,-34973250,0,147478850,0,367955700,36535500,551970050,94506900,14450000,371504400,71508750,551970050
2019-06-12,14550,14550,13950,14350,40790,-0.3472222222222222,5922,10,-8997,3065,0,14024,10,21870,4886,40790,8102,0,30867,1821,40790,84582050,142500,-127932850,43208300,0,200594550,142500,310949400,69177150,580863600,116012500,0,438882250,25968850,580863600
2019-06-13,14450,14550,14100,14500,58287,1.0452961672473868,-10320,0,4096,6224,0,5116,0,45349,7822,58287,15436,0,41253,1598,58287,-148707750,0,59672700,89035050,0,73630000,0,653163550,112151250,838944800,222337750,0,593490850,23116200,838944800
2019-06-14,14550,15050,14400,14600,77021,0.6896551724137931,1537,0,-10834,9297,0,12371,100,51527,13023,77021,10834,100,62361,3726,77021,23385050,0,-162087300,138702250,0,183019350,1460000,760875900,193477550,1138832800,159634300,1460000,922963200,54775300,1138832800
2019-06-17,14600,15150,14200,14850,91640,1.7123287671232876,-29127,635,27308,1184,0,325,1135,80808,9372,91640,29452,500,53500,8188,91640,-427849000,9504900,399450500,18893600,0,4827950,16879900,1193893850,139678250,1355279950,432676950,7375000,794443350,120784650,1355279950
2019-06-18,15000,15300,14900,15200,115661,2.356902356902357,27434,60,-35974,8480,0,46348,70,56090,13153,115661,18914,10,92064,4673,115661,415648300,896300,-545203800,128659200,0,701373850,1048300,845870100,199224350,1747516600,285725550,152000,1391073900,70565150,1747516600
2019-06-19,15500,15500,14950,15300,83336,0.6578947368421052,13870,581,-6021,-8430,0,18639,591,61348,2758,83336,4769,10,67369,11188,83336,210400300,8800100,-91049150,-128151250,0,282747200,8951600,929477500,41631500,1262807800,72346900,151500,1020526650,169782750,1262807800
2019-06-20,15650,16450,15400,16400,207262,7.18954248366013,46429,318,-59603,12856,0,67286,431,120896,18649,207262,20857,113,180499,5793,207262,742246100,4993800,-955793900,208554000,0,1075221800,6757250,1925225050,300077500,3307281600,332975700,1763450,2881018950,91523500,3307281600
2019-06-21,16300,16450,15750,16300,144008,-0.6097560975609756,-32467,445,46053,-14031,0,14096,675,124690,4547,144008,46563,230,78637,18578,144008,-521686000,7075500,742027500,-227417000,0,228091450,10732500,2015241400,73412350,2327477700,749777450,3657000,1273213900,300829350,2327477700
2019-06-24,16000,16900,15850,16850,220193,3.374233128834356,52088,-2,-66150,14064,0,84133,0,115688,20372,220193,32045,2,181838,6308,220193,874220550,-33500,-1103533900,229346850,0,1393186800,0,1906614850,333008000,3632809650,518966250,33500,3010148750,103661150,3632809650
2019-06-25,16600,16750,15950,16050,143609,-4.747774480712167,40305,-276,-29110,-10919,0,68703,0,67634,7272,143609,28398,276,96744,18191,143609,653137700,-4498800,-471651800,-176987100,0,1118050450,0,1100286150,118681000,2337017600,464912750,4498800,1571937950,295668100,2337017600
2019-06-26,16050,17000,15800,16850,168732,4.984423676012461,12087,0,-15343,3256,0,47059,0,105543,16130,168732,34972,0,120886,12874,168732,209532250,0,-259455050,49922800,0,781645000,0,1733390900,262080500,2777116400,572112750,0,1992845950,212157700,2777116400
2019-06-27,17200,18350,17150,18000,361952,6.824925816023739,53480,2921,-81853,25452,0,109068,3114,212432,37338,361952,55588,193,294285,11886,361952,947544950,51700800,-1455040450,455794700,0,1944014850,55145850,3785998650,668076350,6453235700,996469900,3445050,5241039100,212281650,6453235700
2019-06-28,18000,18350,17700,18000,139680,0.0,23473,1663,-27789,2653,0,42813,2863,81566,12438,139680,19340,1200,109355,9785,139680,423748550,29911800,-500329450,46669100,0,770607200,51731800,1464672550,223144250,2510155800,346858650,21820000,1965002000,176475150,2510155800
2019-07-01,18000,18150,16950,17600,163493,-2.2222222222222223,-8041,107,16843,-8909,0,48414,107,103330,11642,163493,56455,0,86487,20551,163493,-130369900,1856450,288726550,-160213100,0,853460350,1856450,1809146000,201989450,2866452250,983830250,0,1520419450,362202550,2866452250
2019-07-02,17150,17550,16450,17050,142264,-3.125,-31350,-5,18778,12577,0,18683,0,98947,24634,142264,50033,5,80169,12057,142264,-530906450,-85250,318307250,212684450,0,318599800,0,1678432000,417029550,2414061350,849506250,85250,1360124750,204345100,2414061350
2019-07-03,16800,16950,16000,16000,134212,-6.158357771260997,-21061,2100,8825,10136,0,22009,2100,93992,16111,134212,43070,0,85167,5975,134212,-341633650,34230000,142887650,164516000,0,358504200,34230000,1530266350,262774350,2185774900,700137850,0,1387378700,98258350,2185774900
2019-07-04,16000,16500,15750,16350,86258,2.1875,8414,490,-8304,-600,0,21340,490,51652,12776,86258,12926,0,59956,13376,86258,139352000,7913500,-134589100,-12676400,0,346595000,7913500,834862350,205175550,1394546400,207243000,0,969451450,217851950,1394546400
2019-07-05,16100,16650,15450,16600,118002,1.529051987767584,32366,4150,-31487,-5029,0,42355,4150,58624,12873,118002,9989,0,90111,17902,118002,534498500,65469650,-513398500,-86569650,0,692339650,65469650,933714450,203207550,1894731300,157841150,0,1447112950,289777200,1894731300
2019-07-08,16400,16550,14850,15250,167820,-8.132530120481928,-3171,5183,-1702,-310,0,46741,6183,94950,19946,167820,49912,1000,96652,20256,167820,-55966250,81842250,-18848150,-7027850,0,715555450,96842250,1461553950,305586650,2579538300,771521700,15000000,1480402100,312614500,2579538300
2019-07-09,15250,15450,14800,15150,48400,-0.6557377049180327,-10299,1500,2371,6428,0,118,1500,33756,13026,48400,10417,0,31385,6598,48400,-155012950,22850000,36375200,95787750,0,1775900,22850000,510628950,195857150,731112000,156788850,0,474253750,100069400,731112000
2019-07-10,15000,15800,14900,15750,71359,3.9603960396039604,6792,3910,-1537,-9165,0,23817,3910,35664,7968,71359,17025,0,37201,17133,71359,112268550,59726500,-27579450,-144415600,0,370421350,59726500,546693150,120472100,1097313100,258152800,0,574272600,264887700,1097313100
2019-07-11,15500,15800,15200,15700,68168,-0.31746031746031744,2067,-100,11627,-13594,0,25044,400,38516,4208,68168,22977,500,26889,17802,68168,35339450,-1610000,177164850,-210894300,0,389595000,6140000,595855600,65510600,1057101200,354255550,7750000,418690750,276404900,1057101200
2019-07-12,15500,16000,14800,15150,88171,-3.5031847133757963,-25314,-1346,27287,-627,0,13236,3838,64525,6572,88171,38550,5184,37238,7199,88171,-380258500,-20308500,411786650,-11219650,0,201579400,58329500,982656200,99852850,1342417950,581837900,78638000,570869550,111072500,1342417950
2019-07-15,15100,15100,13650,14300,270958,-5.6105610561056105,-55534,6200,45115,4219,0,42761,6200,199552,22445,270958,98295,0,154437,18226,270958,-763932800,86830000,615977500,61125300,0,605176450,86830000,2795229900,317067900,3804304250,1369109250,0,2179252400,255942600,3804304250
2019-07-16,14300,14400,13500,13700,144401,-4.195804195804196,-55786,12237,31266,12283,0,21644,12256,88223,22278,144401,77430,19,56957,9995,144401,-761263700,167227850,426488650,167547200,0,296189750,167488150,1205925200,305232500,1974835600,1057453450,260300,779436550,137685300,1974835600
2019-07-17,13750,13900,13500,13800,50098,0.7299270072992701,-8453,2600,2559,3294,0,5054,2600,34051,8393,50098,13507,0,31492,5099,50098,-114610300,35318700,34858400,44433200,0,68990700,35318700,464058550,114180300,682548250,183601000,0,429200150,69747100,682548250
2019-07-18,13800,13900,13400,13800,100851,0.0,-46177,3786,17816,24575,0,6075,3786,61277,29713,100851,52252,0,43461,5138,100851,-627124950,51526750,243727150,331871050,0,82696550,51526750,834447400,402379700,1371050400,709821500,0,590720250,70508650,1371050400
2019-07-19,13850,14200,13400,14200,114449,2.898550724637681,-34997,8743,2779,23475,0,10757,8743,64791,30158,114449,45754,0,62012,6683,114449,-471157300,119860950,36136500,315159850,0,149744900,119860950,884027750,408021000,1561654600,620902200,0,847891250,92861150,1561654600
2019-07-22,14200,14300,13850,13950,69509,-1.7605633802816902,-26179,3341,33492,-10654,0,88,3341,61844,4236,69509,26267,0,28352,14890,69509,-366684150,46851950,470972100,-151139900,0,1245200,46851950,871705200,59290350,979092700,367929350,0,400733100,210430250,979092700
2019-07-23,14000,14000,13450,13650,62136,-2.1505376344086025,-10820,3500,173,7147,0,9692,3500,33229,15715,62136,20512,0,33056,8568,62136,-145420600,47575000,2166550,95679050,0,132828600,47575000,452978600,212899200,846281400,278249200,0,450812050,117220150,846281400
2019-07-24,13650,14150,13500,14000,129774,2.564102564102564,20371,2666,-33662,10625,0,59480,2666,42527,25101,129774,39109,0,76189,14476,129774,285847550,36990700,-468218650,145380400,0,827847750,36990700,589312200,346528800,1800679450,542000200,0,1057530850,201148400,1800679450
2019-07-25,14000,14250,13700,14000,65030,0.0,4198,2837,1249,-8284,0,23119,2837,37125,1949,65030,18921,0,35876,10233,65030,60231650,39537850,16067150,-115836650,0,323659250,39537850,517985350,27208050,908390500,263427600,0,501918200,143044700,908390500
2019-07-26,13850,14400,13500,14400,96671,2.857142857142857,1896,10376,-5879,-6393,0,33381,10377,44814,8099,96671,31485,1,50693,14492,96671,35835550,143158000,-88818800,-90174750,0,467848400,143172250,618660500,111797000,1341478150,432012850,14250,707479300,201971750,1341478150
2019-07-29,14400,14400,13500,14100,101381,-2.083333333333333,26436,1852,-4416,-23872,0,41648,1852,52186,5695,101381,15212,0,56602,29567,101381,370409250,25380150,-65263400,-330526000,0,578972300,25380150,717261100,77825700,1399439250,208563050,0,782524500,408351700,1399439250
2019-07-30,14100,14450,13750,14400,54988,2.127659574468085,22262,600,-4608,-18254,0,27896,600,22941,3551,54988,5634,0,27549,21805,54988,320011900,8490000,-72129400,-256372500,0,398096000,8490000,320319700,49657750,776563450,78084100,0,392449100,306030250,776563450
2019-07-31,14350,14900,13750,13750,117793,-4.513888888888888,9978,2500,-3485,-8993,0,21267,2500,84488,9538,117793,11289,0,87973,18531,117793,148178000,35300000,-51318650,-132159350,0,309612750,35300000,1208286400,134955900,1688155050,161434750,0,1259605050,267115250,1688155050
2019-08-01,13450,13950,12950,13000,145326,-5.454545454545454,-13255,4925,-2009,10339,0,31217,4925,81344,27840,145326,44472,0,83353,17501,145326,-176308250,64763750,-25125700,136670200,0,417650300,64763750,1081799350,371467150,1935680550,593958550,0,1106925050,234796950,1935680550
2019-08-02,12900,12950,11850,12500,253569,-3.8461538461538463,-114484,9423,77796,27265,0,48208,9423,146839,49099,253569,162692,0,69043,21834,253569,-1392946950,114418000,944791500,333737450,0,589826050,114418000,1793115800,603156750,3100516600,1982773000,0,848324300,269419300,3100516600
2019-08-05,12500,12500,11800,11850,76508,-5.2,-6514,2876,-7886,11524,0,0,3106,52421,20981,76508,6514,230,60307,9457,76508,-77767900,34414000,-95382800,138736700,0,0,37197000,630791100,253146700,921134800,77767900,2783000,726173900,114410000,921134800
2019-08-06,11500,12000,11350,11600,44947,-2.109704641350211,-7512,594,-5431,12349,0,138,594,24188,20027,44947,7650,0,29619,7678,44947,-88486250,6890400,-64649800,146245650,0,1628400,6890400,283617000,237089200,529225000,90114650,0,348266800,90843550,529225000
2019-08-07,11550,11800,9290,9950,515406,-14.224137931034484,-178285,-500,109513,69272,0,42458,1000,366637,105311,515406,220743,1500,257124,36039,515406,-1873875430,-6325000,1138574070,741626360,0,416021580,11000000,3730351670,1099335120,5256708370,2289897010,17325000,2591777600,357708760,5256708370
2019-08-08,10100,10550,10050,10400,94174,4.522613065326634,-21514,681,7036,13797,0,0,685,65013,28476,94174,21514,4,57977,14679,94174,-219245500,6937400,70303750,142004350,0,0,6979000,667072950,292796650,966848600,219245500,41600,596769200,150792300,966848600
2019-08-09,10700,10700,9950,10550,73858,1.4423076923076923,-4413,-4610,7277,1746,0,3000,0,52576,18282,73858,7413,4610,45299,16536,73858,-46059820,-46229060,76459530,15829350,0,30730800,0,538460530,186460780,755652110,76790620,46229060,462001000,170631430,755652110
2019-08-12,10300,10500,10200,10350,16067,-1.8957345971563981,-1126,0,3810,-2684,0,0,0,11834,4233,16067,1126,0,8024,6917,16067,-11710400,0,39559250,-27848850,0,0,0,123226000,43844250,167070250,11710400,0,83666750,71693100,167070250
2019-08-13,10100,10300,9830,9890,83039,-4.444444444444445,-34406,-154,28072,6488,0,5222,1002,61832,14983,83039,39628,1156,33760,8495,83039,-341252170,-1452690,278791780,63913080,0,51684830,9964780,614241390,148747270,824638270,392937000,11417470,335449610,84834190,824638270
2019-08-14,9900,10100,9630,9930,79866,0.40444893832153694,-14957,-5145,16642,3460,0,11730,300,53876,13960,79866,26687,5445,37234,10500,79866,-144642300,-50373850,162126630,32889520,0,115769320,2895000,529942310,137038800,785645430,260411620,53268850,367815680,104149280,785645430
2019-08-16,9900,9990,9700,9980,48388,0.5035246727089627,-12141,-44,12851,-666,0,6119,825,33166,8278,48388,18260,869,20315,8944,48388,-119175740,-384980,126041440,-6480720,0,60779460,8161670,327186620,81788930,477916680,179955200,8546650,201145180,88269650,477916680
2019-08-19,9850,10100,9830,9900,21527,-0.8016032064128256,-2405,607,7777,-5979,0,280,607,19238,1402,21527,2685,0,11461,7381,21527,-23820330,6009300,77044450,-59233420,0,2774570,6009300,190690240,13910360,213384470,26594900,0,113645790,73143780,213384470
2019-08-20,9950,10650,9910,10650,61237,7.575757575757576,-459,-500,4944,-3985,0,7157,200,48099,5781,61237,7616,700,43155,9766,61237,-2262150,-5390000,48110760,-40458610,0,75042350,2030000,490407610,58959250,626439210,77304500,7420000,442296850,99417860,626439210
2019-08-21,10650,10800,10300,10750,38891,0.9389671361502347,-628,1200,9976,-10548,0,0,2200,34527,2164,38891,628,1000,24551,12712,38891,-6646050,12859950,106027800,-112241700,0,0,23609950,366678500,22807350,413095800,6646050,10750000,260650700,135049050,413095800
2019-08-22,10600,10850,10550,10850,22737,0.9302325581395349,760,273,3428,-4461,0,760,393,17605,3979,22737,0,120,14177,8440,22737,8246000,2962050,36409700,-47617750,0,8246000,4264050,187559750,42401850,242471650,0,1302000,151150050,90019600,242471650
2019-08-23,10600,10900,10350,10900,95510,0.4608294930875576,-2460,1082,11859,-10481,0,0,1868,39563,54079,95510,2460,786,27704,64560,95510,-25758800,11627200,125318600,-111187000,0,0,19828900,419725950,586332500,1025887350,25758800,8201700,294407350,697519500,1025887350
2019-08-26,10600,10900,10100,10100,42077,-7.339449541284404,-8175,0,19141,-10966,0,0,0,40217,1860,42077,8175,0,21076,12826,42077,-84319850,0,198324100,-114004250,0,0,0,416723750,19448000,436171750,84319850,0,218399650,133452250,436171750
2019-08-27,10300,10550,10050,10350,18581,2.4752475247524752,-2478,0,3216,-738,0,0,0,16700,1881,18581,2478,0,13484,2619,18581,-25136750,0,32801750,-7665000,0,0,0,171611550,19313500,190925050,25136750,0,138809800,26978500,190925050
2019-08-28,10300,10600,10150,10500,26163,1.4492753623188406,-2178,1772,3546,-3140,0,45,1772,22969,1377,26163,2223,0,19423,4517,26163,-22350550,18606000,36607600,-32863050,0,463500,18606000,239063550,14254800,272387850,22814050,0,202455950,47117850,272387850
2019-08-29,10600,10600,10250,10450,27228,-0.4761904761904762,-142,0,5551,-5409,0,194,0,26156,878,27228,336,0,20605,6287,27228,-1483000,0,58160000,-56677000,0,2007900,0,273385250,9135950,284529100,3490900,0,215225250,65812950,284529100
2019-08-30,10500,10950,10500,10950,53089,4.784688995215311,-11340,0,22362,-11022,0,292,0,50507,2290,53089,11632,0,28145,13312,53089,-121888150,0,240930350,-119042200,0,3146000,0,544088850,24389850,571624700,125034150,0,303158500,143432050,571624700
2019-09-02,10850,11000,10550,11000,32678,0.45662100456621,-957,500,9943,-9486,0,2048,500,29385,745,32678,3005,0,19442,10231,32678,-10148100,5500000,107140800,-102492700,0,22086500,5500000,318391050,8137700,354115250,32234600,0,211250250,110630400,354115250
2019-09-03,10950,11000,10800,10950,26823,-0.45454545454545453,-2912,2039,10602,-9729,0,0,2039,23632,1152,26823,2912,0,13030,10881,26823,-31594650,22232800,115250950,-105889100,0,0,22232800,257317550,12601000,292151350,31594650,0,142066600,118490100,292151350
2019-09-04,10950,11150,10750,11000,56777,0.45662100456621,1921,-1444,6386,-6863,0,2083,0,51046,3648,56777,162,1444,44660,10511,56777,21204550,-15833100,70171950,-75543400,0,22986550,0,562911000,40268700,626166250,1782000,15833100,492739050,115812100,626166250
2019-09-05,11000,11100,10350,10350,162330,-5.909090909090909,-69618,-1235,78914,-8061,0,10117,0,147431,4782,162330,79735,1235,68517,12843,162330,-726540500,-13411100,828220250,-88268650,0,110024300,0,1557677600,50233650,1717935550,836564800,13411100,729457350,138502300,1717935550
2019-09-06,10500,10650,10100,10350,148165,0.0,-53502,4072,38013,11417,0,0,5380,116685,26100,148165,53502,1308,78672,14683,148165,-550447050,41348400,390885550,118213100,0,0,54755400,1202830950,269954650,1527541000,550447050,13407000,811945400,151741550,1527541000
2019-09-09,10250,10350,10000,10300,63965,-0.4830917874396135,-12831,1174,17478,-5821,0,0,1174,57791,5000,63965,12831,0,40313,10821,63965,-129106100,12040400,176207850,-59142150,0,0,12040400,584625700,50636000,647302100,129106100,0,408417850,109778150,647302100
2019-09-10,10300,10550,10250,10450,15982,1.4563106796116505,-1042,0,471,571,0,0,0,12789,3193,15982,1042,0,12318,2622,15982,-10833500,0,4707900,6125600,0,0,0,133126450,33286900,166413350,10833500,0,128418550,27161300,166413350
2019-09-11,10500,11100,10450,10800,47712,3.349282296650718,-517,0,5457,-4940,0,0,0,45120,2592,47712,517,0,39663,7532,47712,-5594200,0,59140400,-53546200,0,0,0,489449200,27971150,517420350,5594200,0,430308800,81517350,517420350
2019-09-16,10850,10850,10550,10650,25027,-1.3888888888888888,-3546,0,6315,-2769,0,0,0,23756,1271,25027,3546,0,17441,4040,25027,-37812100,0,67409700,-29597600,0,0,0,253570900,13517750,267088650,37812100,0,186161200,43115350,267088650
2019-09-17,10650,10850,10600,10800,22520,1.4084507042253522,-312,3085,-5742,2969,0,114,3085,14781,4540,22520,426,0,20523,1571,22520,-3306150,32855250,-61251450,31702350,0,1219750,32855250,158127150,48437650,240639800,4525900,0,219378600,16735300,240639800
2019-09-18,10900,10900,10700,10850,17492,0.4629629629629629,-5893,0,7176,-1283,0,0,0,17203,289,17492,5893,0,10027,1572,17492,-63649400,0,77513650,-13864250,0,0,0,186493250,3126350,189619600,63649400,0,108979600,16990600,189619600
2019-09-19,11000,11050,10850,11000,21645,1.3824884792626728,3318,-1150,-1746,-422,0,3904,0,15967,1774,21645,586,1150,17713,2196,21645,36282200,-12592500,-19182050,-4507650,0,42716800,0,175215400,19472650,237404850,6434600,12592500,194397450,23980300,237404850
2019-09-20,11100,11100,10950,11050,22462,0.45454545454545453,2594,-730,2006,-3870,0,8454,0,12741,1267,22462,5860,730,10735,5137,22462,28501350,-8030000,22162850,-42634200,0,93011700,0,140390250,13940350,247342300,64510350,8030000,118227400,56574550,247342300
2019-09-23,10950,11250,10750,11000,27660,-0.4524886877828055,1152,-424,976,-1704,0,7618,0,18159,1883,27660,6466,424,17183,3587,27660,13611000,-4610000,9347700,-18348700,0,84433000,0,198927250,21013850,304374100,70822000,4610000,189579550,39362550,304374100
2019-09-24,10950,11150,10850,11100,25844,0.9090909090909091,-2438,4690,268,-2520,0,5767,4690,14348,1039,25844,8205,0,14080,3559,25844,-26845150,51610000,3096750,-27861600,0,63429300,51610000,158483700,11445850,284968850,90274450,0,155386950,39307450,284968850
2019-09-25,10900,11100,10650,10850,48718,-2.2522522522522523,15775,8905,-23141,-1539,0,16151,10675,18774,3118,48718,376,1770,41915,4657,48718,171090150,96430300,-251203900,-16316550,0,175113350,115334650,202278000,33891350,526617350,4023200,18904350,453481900,50207900,526617350
2019-09-26,10750,10900,10700,10800,16507,-0.4608294930875576,6098,108,-4520,-1686,0,9039,108,6735,625,16507,2941,0,11255,2311,16507,65849100,1166400,-48771700,-18243800,0,97616650,1166400,72704400,6720450,178207900,31767550,0,121476100,24964250,178207900
2019-09-27,10850,10850,10550,10800,13384,0.0,-2981,300,3571,-890,0,0,300,13084,0,13384,2981,0,9513,890,13384,-31945750,3240000,38291500,-9585750,0,0,3240000,140198250,0,143438250,31945750,0,101906750,9585750,143438250
2019-09-30,10750,10850,10400,10850,24437,0.4629629629629629,-5184,2706,4995,-2517,0,0,2706,20222,1509,24437,5184,0,15227,4026,24437,-54950450,28755400,53551100,-27356050,0,0,28755400,215826800,15985050,260567250,54950450,0,162275700,43341100,260567250
2019-10-01,11000,11400,10600,11400,56717,5.0691244239631335,22405,-1000,-27311,5906,0,22790,0,27332,6595,56717,385,1000,54643,689,56717,246945500,-11300000,-299420850,63775350,0,251210100,0,301637050,71335450,624182600,4264600,11300000,601057900,7560100,624182600
2019-10-02,11400,11550,11250,11400,58328,0.0,258,0,4359,-4617,0,10871,0,42941,4516,58328,10613,0,38582,9133,58328,3539550,0,48458950,-51998500,0,124414750,0,488258800,51541300,664214850,120875200,0,439799850,103539800,664214850
2019-10-04,11300,11300,10900,11200,42790,-1.7543859649122806,-1137,0,8811,-7674,0,5000,0,35783,2007,42790,6137,0,26972,9681,42790,-12106250,0,97137500,-85031250,0,55638250,0,396814450,22234850,474687550,67744500,0,299676950,107266100,474687550
2019-10-07,11200,11200,10650,10700,39066,-4.464285714285714,-20651,0,25885,-5234,0,0,0,38860,206,39066,20651,0,12975,5440,39066,-223979850,0,280797200,-56817350,0,0,0,420840450,2223950,423064400,223979850,0,140043250,59041300,423064400
2019-10-08,10700,10900,10550,10900,51516,1.8691588785046727,-17853,0,18433,-580,0,6000,0,42588,2928,51516,23853,0,24155,3508,51516,-190437350,0,196530850,-6093500,0,63450000,0,455436150,31339950,550226100,253887350,0,258905300,37433450,550226100
2019-10-10,10900,10950,10350,10800,119174,-0.9174311926605505,-70046,3064,71138,-4156,0,5871,3064,106884,3355,119174,75917,0,35746,7511,119174,-739247200,32082900,751728750,-44564450,0,61612350,32082900,1131199350,35446900,1260341500,800859550,0,379470600,80011350,1260341500
2019-10-11,10800,10900,10400,10500,70300,-2.7777777777777777,-30390,1314,26796,2280,0,12000,1314,52510,4476,70300,42390,0,25714,2196,70300,-318837550,13731300,281211600,23894650,0,127052100,13731300,553901450,47223000,741907850,445889650,0,272689850,23328350,741907850
2019-10-14,10650,10650,10100,10150,92587,-3.3333333333333335,-30104,0,29035,1069,0,18000,0,71133,3454,92587,48104,0,42098,2385,92587,-308671200,0,297921900,10749300,0,184711300,0,728471650,35330800,948513750,493382500,0,430549750,24581500,948513750
2019-10-15,10200,10350,10000,10250,54443,0.9852216748768473,-17642,0,12004,5638,0,3000,0,44663,6780,54443,20642,0,32659,1142,54443,-179272450,0,121688450,57584000,0,30450000,0,455448000,69190050,555088050,209722450,0,333759550,11606050,555088050
2019-10-16,10300,10450,10000,10150,105475,-0.975609756097561,-34186,0,28867,5319,0,25688,0,72040,7747,105475,59874,0,43173,2428,105475,-346412500,0,292412400,54000100,0,260134550,0,728891950,78835900,1067862400,606547050,0,436479550,24835800,1067862400
2019-10-17,10150,10200,9960,10100,107517,-0.49261083743842365,-20780,0,14755,6025,0,32218,0,62175,13124,107517,52998,0,47420,7099,107517,-207395170,0,147016320,60378850,0,323246010,0,622942250,131433020,1077621280,530641180,0,475925930,71054170,1077621280
2019-10-18,10000,10200,9940,10100,101729,0.0,-25510,1049,23482,979,0,16335,1049,73732,10613,101729,41845,0,50250,9634,101729,-255552890,10594900,234756340,10201650,0,163684760,10594900,738367650,106642580,1019289890,419237650,0,503611310,96440930,1019289890
2019-10-21,9960,10150,9810,9830,76172,-2.6732673267326734,-36847,0,38059,-1212,0,5793,0,66446,3933,76172,42640,0,28387,5145,76172,-364356070,0,376498440,-12142370,0,57270730,0,656676390,38832080,752779200,421626800,0,280177950,50974450,752779200
2019-10-22,9870,9950,9750,9950,34885,1.2207527975584944,-9500,175,783,8542,0,125,175,24999,9586,34885,9625,0,24216,1044,34885,-93211280,1727250,7444260,84039770,0,1223310,1727250,245723630,94308330,342982520,94434590,0,238279370,10268560,342982520
2019-10-23,9950,10000,9520,9550,88852,-4.0201005025125625,-49116,-390,49626,-120,0,1386,0,78673,8793,88852,50502,390,29047,8913,88852,-478251980,-3771300,483726590,-1703310,0,13730380,0,762721370,85357230,861808980,491982360,3771300,278994780,87060540,861808980
2019-10-24,9550,9770,9400,9770,51395,2.3036649214659684,-27458,0,21631,5827,0,68,0,39284,12043,51395,27526,0,17653,6216,51395,-260184940,0,205920380,54264560,0,649790,0,374610530,114137570,489397890,260834730,0,168690150,59873010,489397890
2019-10-25,9770,9890,9470,9500,55721,-2.7635619242579326,-34015,197,27922,5896,0,241,589,47382,7509,55721,34256,392,19460,1613,55721,-325854270,1926630,267343320,56584320,0,2351960,5760390,456485980,72299890,536898220,328206230,3833760,189142660,15715570,536898220
2019-10-28,9580,9750,9250,9540,54150,0.42105263157894735,-28093,750,16347,10996,0,243,750,38469,14688,54150,28336,0,22122,3692,54150,-266884680,7092500,154642700,105149480,0,2341730,7092500,365955530,140345780,515735540,269226410,0,211312830,35196300,515735540
2019-10-29,9470,9790,9470,9570,56025,0.3144654088050315,-10988,0,1854,9134,0,20118,0,24866,11041,56025,31106,0,23012,1907,56025,-106443760,0,18029800,88413960,0,194979760,0,240557550,106801850,542339160,301423520,0,222527750,18387890,542339160
2019-10-30,9760,9930,9570,9790,57937,2.2988505747126435,-27146,-1,29558,-2411,0,0,0,52127,5810,57937,27146,1,22569,8221,57937,-262881490,-9760,286429790,-23538540,0,0,0,506593150,56508360,563101510,262881490,9760,220163360,80046900,563101510
2019-10-31,9800,9930,9530,9900,101168,1.1235955056179776,-36930,-133,36810,253,0,21906,68,72345,6849,101168,58836,201,35535,6596,101168,-354241150,-1282660,353877360,1646450,0,212002910,664060,701274790,66206730,980148490,566244060,1946720,347397430,64560280,980148490
2019-11-01,9910,10000,9750,9900,76926,0.0,-28920,0,29170,-250,0,4984,0,61773,10169,76926,33904,0,32603,10419,76926,-284544370,0,286575220,-2030850,0,49201160,0,610111820,100826520,760139500,333745530,0,323536600,102857370,760139500
2019-11-04,9850,9950,9690,9760,33405,-1.4141414141414141,-20386,0,22617,-2231,0,762,0,30034,2609,33405,21148,0,7417,4840,33405,-198374570,0,220304520,-21929950,0,7459760,0,292721820,25422820,325604400,205834330,0,72417300,47352770,325604400
2019-11-05,9750,9870,9560,9750,63593,-0.10245901639344263,-21967,0,21969,-2,0,3605,0,50960,9028,63593,25572,0,28991,9030,63593,-212447880,0,212909900,-462020,0,34775080,0,493106410,87209970,615091460,247222960,0,280196510,87671990,615091460
2019-11-06,9750,9880,9560,9730,42782,-0.20512820512820512,-19403,-339,10789,8953,0,180,1,31538,11063,42782,19583,340,20749,2110,42782,-187865270,-3288350,104127060,87026560,0,1741120,9790,305840090,107587550,415178550,189606390,3298140,201713030,20560990,415178550
2019-11-07,9730,9940,9690,9740,50358,0.10277492291880781,-6626,-234,-10718,17578,0,8475,0,20429,21454,50358,15101,234,31147,3876,50358,-64957320,-2289100,-105150530,172396950,0,83074610,0,200414760,210385880,493875250,148031930,2289100,305565290,37988930,493875250
2019-11-08,9850,9910,9640,9830,43359,0.9240246406570842,-3538,792,-1125,3871,0,10592,792,22542,9433,43359,14130,0,23667,5562,43359,-34760520,7795200,-11790840,38756160,0,103804820,7795200,220616480,92882560,425099060,138565340,0,232407320,54126400,425099060
2019-11-11,9910,9910,9650,9670,36081,-1.627670396744659,-8772,0,7132,1640,0,10515,0,19779,5787,36081,19287,0,12647,4147,36081,-85013770,0,69196330,15817440,0,101719460,0,191638220,56088540,349446220,186733230,0,122441890,40271100,349446220
2019-11-12,9730,9830,9650,9680,24765,0.1034126163391934,-5394,0,-1280,6674,0,7560,0,9305,7900,24765,12954,0,10585,1226,24765,-52322690,0,-12719090,65041780,0,73413340,0,90215450,76917920,240546710,125736030,0,102934540,11876140,240546710
2019-11-13,9680,9830,9680,9830,14969,1.5495867768595042,54,2400,-423,-2031,0,54,3400,10290,1225,14969,0,1000,10713,3256,14969,526500,23569500,-4160200,-19935800,0,526500,33305380,100662550,11965520,146459950,0,9735880,104822750,31901320,146459950
2019-11-14,9820,9840,9670,9820,32773,-0.10172939979654119,-9098,-735,6461,3372,0,12056,0,14123,6594,32773,21154,735,7662,3222,32773,-88724390,-7129500,63005010,32848880,0,117117420,0,137437830,64166210,318721460,205841810,7129500,74432820,31317330,318721460
2019-11-15,9890,9890,9670,9690,21560,-1.3238289205702647,-10152,0,10377,-225,0,1800,0,17056,2704,21560,11952,0,6679,2929,21560,-98487080,0,100837440,-2350360,0,17421150,0,165586560,26232740,209240450,115908230,0,64749120,28583100,209240450
2019-11-18,9700,9810,9580,9770,32801,0.8255933952528379,-5560,0,4876,684,0,12224,0,17122,3455,32801,17784,0,12246,2771,32801,-53442070,0,46918250,6523820,0,117762860,0,165068010,33267690,316098560,171204930,0,118149760,26743870,316098560
2019-11-19,9660,9790,9610,9750,26696,-0.2047082906857728,-9636,0,13275,-3639,0,4885,0,20669,1142,26696,14521,0,7394,4781,26696,-93128740,0,128465500,-35336760,0,47231790,0,200206030,11025730,258463550,140360530,0,71740530,46362490,258463550
2019-11-20,9740,9740,9350,9370,74201,-3.897435897435898,-24392,0,34737,-10345,0,18211,0,54378,1612,74201,42603,0,19641,11957,74201,-230164540,0,328335520,-98170980,0,173301660,0,514114400,15143520,702559580,403466200,0,185778880,113314500,702559580
2019-11-21,9370,9370,9030,9030,87872,-3.628601921024546,-11936,1000,16384,-5448,0,21244,1000,63106,2522,87872,33180,0,46722,7970,87872,-107260460,9115000,148300080,-50154620,0,195350820,9115000,575894290,22891790,803251900,302611280,0,427594210,73046410,803251900
2019-11-22,9100,9160,8940,9070,74815,0.4429678848283499,-29419,2500,18692,8227,0,24257,2500,37601,10457,74815,53676,0,18909,2230,74815,-264540870,22780000,167598060,74162810,0,217629660,22780000,338382060,94337270,673128990,482170530,0,170784000,20174460,673128990
2019-11-25,9090,9500,9070,9500,22622,4.740904079382579,0,0,-4379,4379,0,218,0,17171,5233,22622,218,0,21550,854,22622,0,0,-40904800,40904800,0,2040480,0,160156800,48829250,211026530,2040480,0,201061600,7924450,211026530
2019-11-26,9620,10300,9400,10150,133353,6.842105263157896,26571,-300,-58183,31912,0,27165,0,70826,35362,133353,594,300,129009,3450,133353,268460810,-3045000,-584100330,318684520,0,274290260,0,710806180,353097910,1338194350,5829450,3045000,1294906510,34413390,1338194350
2019-11-27,10350,10400,10000,10300,57400,1.477832512315271,16636,-800,-14564,-1272,0,16636,0,36399,4365,57400,0,800,50963,5637,57400,170935050,-8255000,-149558900,-13121150,0,170935050,0,372804850,44500050,588239950,0,8255000,522363750,57621200,588239950
2019-11-28,10100,10350,10000,10000,37946,-2.912621359223301,9778,-480,-6005,-3293,0,9909,200,25546,2291,37946,131,680,31551,5584,37946,99074400,-4775000,-60925400,-33374000,0,100394400,2025000,257915550,23257250,383592200,1320000,6800000,318840950,56631250,383592200
2019-11-29,10000,10350,9970,10100,53821,1.0,1339,-3630,8930,-6639,0,1339,0,49169,3313,53821,0,3630,40239,9952,53821,13709200,-37276000,91115870,-67549070,0,13709200,0,500756570,33794910,548260680,0,37276000,409640700,101343980,548260680
2019-12-02,10150,10300,10000,10150,24408,0.49504950495049505,4105,-1040,-1008,-2057,0,7192,0,16375,841,24408,3087,1040,17383,2898,24408,41851350,-10556000,-10290350,-21005000,0,73179900,0,166297200,8523050,248000150,31328550,10556000,176587550,29528050,248000150
2019-12-03,10050,10150,9920,9980,30308,-1.6748768472906401,-468,0,747,-279,0,0,0,24589,5719,30308,468,0,23842,5998,30308,-4659660,0,7386600,-2726940,0,0,0,245722540,57162380,302884920,4659660,0,238335940,59889320,302884920
2019-12-04,9980,9980,9720,9780,12877,-2.004008016032064,0,0,2108,-2108,0,734,0,11880,263,12877,734,0,9772,2371,12877,32470,0,20724120,-20756590,0,7220950,0,116318090,2590550,126129590,7188480,0,95593970,23347140,126129590
2019-12-05,9930,9960,9580,9950,27860,1.738241308793456,0,0,12100,-12100,0,835,0,25514,1511,27860,835,0,13414,13611,27860,-350,0,118667720,-118667370,0,8075700,0,250347960,14788490,273212150,8076050,0,131680240,133455860,273212150
2019-12-06,10000,10050,9850,10000,18223,0.5025125628140703,-2858,0,2904,-46,0,10,0,15568,2645,18223,2868,0,12664,2691,18223,-28354590,0,28796080,-441490,0,99100,0,154917310,26344320,181360730,28453690,0,126121230,26785810,181360730
2019-12-09,9870,10250,9870,10150,32221,1.5,0,0,1241,-1241,0,0,0,29441,2780,32221,0,0,28200,4021,32221,0,0,12876800,-12876800,0,0,0,297190080,27591100,324781180,0,0,284313280,40467900,324781180
2019-12-10,10150,10350,10000,10200,43771,0.49261083743842365,6391,-1382,-359,-4650,0,6391,0,36665,715,43771,0,1382,37024,5365,43771,65496600,-14102500,-4297650,-47096450,0,65496600,0,375242400,7309650,448048650,0,14102500,379540050,54406100,448048650
2019-12-11,10200,11200,10000,10900,178456,6.862745098039216,14607,-10838,1001,-4770,0,14607,1,150482,13366,178456,0,10839,149481,18136,178456,155941000,-117485900,13797900,-52253000,0,155941000,10900,1618368300,142961000,1917281200,0,117496800,1604570400,195214000,1917281200
2019-12-12,10750,11250,10350,10650,82476,-2.293577981651376,0,-3770,8573,-4803,0,0,0,76259,6217,82476,0,3770,67686,11020,82476,0,-40756000,93958150,-53202150,0,0,0,831153150,67416600,898569750,0,40756000,737195000,120618750,898569750
2019-12-13,10650,10750,10350,10650,56963,0.0,0,-1000,764,236,0,0,4000,48548,4415,56963,0,5000,47784,4179,56963,0,-10308700,8276700,2032000,0,0,41950000,511383600,46270800,599604400,0,52258700,503106900,44238800,599604400
2019-12-16,10700,10750,10400,10600,29809,-0.4694835680751174,0,-1,3600,-3599,0,0,0,29334,475,29809,0,1,25734,4074,29809,0,-10500,37882250,-37871750,0,0,0,307666650,5014300,312680950,0,10500,269784400,42886050,312680950
2019-12-17,10600,10700,10350,10650,25649,0.4716981132075472,0,0,5848,-5848,0,0,0,25428,221,25649,0,0,19580,6069,25649,0,0,61533000,-61533000,0,0,0,268311500,2313100,270624600,0,0,206778500,63846100,270624600
2019-12-18,10700,10750,10450,10550,27098,-0.9389671361502347,0,0,12044,-12044,0,0,0,26994,104,27098,0,0,14950,12148,27098,0,0,127093100,-127093100,0,0,0,284955350,1101450,286056800,0,0,157862250,128194550,286056800
2019-12-19,10550,10700,10350,10450,22033,-0.9478672985781991,-321,0,6992,-6671,0,0,0,20955,1078,22033,321,0,13963,7749,22033,-3339500,0,73144450,-69804950,0,0,0,219038550,11217200,230255750,3339500,0,145894100,81022150,230255750
2019-12-20,10450,10500,10250,10300,16648,-1.4354066985645932,0,0,5746,-5746,0,0,0,14619,2029,16648,0,0,8873,7775,16648,0,0,59645700,-59645700,0,0,0,151412350,21159950,172572300,0,0,91766650,80805650,172572300
2019-12-23,10250,10300,9990,10100,65100,-1.9417475728155338,17485,0,5222,-22707,0,17500,0,43890,3710,65100,15,0,38668,26417,65100,174847000,0,53673300,-228520300,0,175000000,0,442633090,37262350,654895440,153000,0,388959790,265782650,654895440
2019-12-24,10150,10250,10100,10200,56112,0.9900990099009901,0,0,33739,-33739,0,0,0,51051,5061,56112,0,0,17312,38800,56112,0,0,343228500,-343228500,0,0,0,519677450,51774850,571452300,0,0,176448950,395003350,571452300
2019-12-26,10200,10400,10150,10200,41205,0.0,0,291,4110,-4401,0,0,291,39349,1565,41205,0,0,35239,5966,41205,0,2968200,42027350,-44995550,0,0,2968200,401848800,15965950,420782950,0,0,359821450,60961500,420782950
2019-12-27,10200,10250,10050,10150,17292,-0.49019607843137253,-166,2000,3590,-5424,0,0,2000,14256,1036,17292,166,0,10666,6460,17292,-1688300,20400000,36382900,-55094600,0,0,20400000,144368350,10515000,175283350,1688300,0,107985450,65609600,175283350
2019-12-30,10100,10300,10100,10250,10269,0.9852216748768473,-300,0,3887,-3587,0,0,0,10123,146,10269,300,0,6236,3733,10269,-3043200,0,39595950,-36552750,0,0,0,103022450,1481900,104504350,3043200,0,63426500,38034650,104504350
2020-01-02,10150,10300,10100,10150,30998,-0.975609756097561,676,0,7682,-8358,0,900,0,29736,362,30998,224,0,22054,8720,30998,6855100,0,77934650,-84789750,0,9135000,0,301965950,3669750,314770700,2279900,0,224031300,88459500,314770700
2020-01-03,10200,10200,9920,9970,38997,-1.7733990147783252,0,0,8997,-8997,0,201,0,37934,862,38997,201,0,28937,9859,38997,0,0,90398090,-90398090,0,2003970,0,380648640,8620300,391272910,2003970,0,290250550,99018390,391272910
2020-01-06,9940,9940,9750,9750,40497,-2.206619859578736,2739,0,15651,-18390,0,3598,0,34601,2298,40497,859,0,18950,20688,40497,26893260,0,153764670,-180657930,0,35296190,0,339500690,22523030,397319910,8402930,0,185736020,203180960,397319910
2020-01-07,9810,10100,9800,10000,28064,2.564102564102564,11264,0,-7956,-3308,0,11575,0,12454,4035,28064,311,0,20410,7343,28064,112895600,0,-79880290,-33015310,0,115980060,0,124113210,40306620,280399890,3084460,0,203993500,73321930,280399890
2020-01-08,10000,10100,9590,9730,31811,-2.7,231,0,10615,-10846,0,2628,0,28211,972,31811,2397,0,17596,11818,31811,2213840,0,103444780,-105658620,0,25496850,0,274089620,9388940,308975410,23283010,0,170644840,115047560,308975410
2020-01-09,9990,10200,9810,9920,85274,1.9527235354573484,-10434,0,27977,-17543,0,21963,0,50179,13132,85274,32397,0,22202,30675,85274,-103490370,0,277940990,-174450620,0,219289290,0,499503190,130919370,849711850,322779660,0,221562200,305369990,849711850
2020-01-10,10100,10300,9920,10250,51717,3.326612903225806,1438,-294,4603,-5747,0,6436,436,32681,12164,51717,4998,730,28078,17911,51717,15418360,-3088050,45205800,-57536110,0,65548310,4394450,330189290,123441490,523573540,50129950,7482500,284983490,180977600,523573540
2020-01-13,10250,10700,10250,10700,162777,4.390243902439024,4097,23367,4005,-31469,0,4097,34067,106504,18109,162777,0,10700,102499,49578,162777,43362700,248045300,43065400,-334473400,0,43362700,361510300,1127136600,190928450,1722938050,0,113465000,1084071200,525401850,1722938050
2020-01-14,10700,10950,10600,10900,183988,1.8691588785046727,87477,26968,-62950,-51495,0,88794,32968,55862,6364,183988,1317,6000,118812,57859,183988,950437450,290984200,-684171450,-557250200,0,964657050,356084200,602376400,68949700,1992067350,14219600,65100000,1286547850,626199900,1992067350
2020-01-15,10950,11450,10900,11050,224066,1.3761467889908259,14933,-4319,1466,-12080,0,17799,6414,166712,33141,224066,2866,10733,165246,45221,224066,166961150,-50368050,15775050,-132368150,0,199237900,71091600,1869632350,373530000,2513491850,32276750,121459650,1853857300,505898150,2513491850
2020-01-16,11150,11150,10800,10900,79405,-1.3574660633484164,6674,-5929,8634,-9379,0,7201,139,69965,2100,79405,527,6068,61331,11479,79405,73447700,-64405550,94094300,-103136450,0,79192300,1528900,765622150,23041650,869385000,5744600,65934450,671527850,126178100,869385000
2020-01-17,10900,11450,10800,11100,159541,1.834862385321101,15149,-1528,23771,-37392,0,18872,0,130900,9769,159541,3723,1528,107129,47161,159541,168473150,-16911050,265105650,-416667750,0,209809800,0,1458745200,108108950,1776663950,41336650,16911050,1193639550,524776700,1776663950
2020-01-20,11150,11200,10400,10450,157378,-5.8558558558558556,-25317,367,43307,-18357,0,10736,1005,139914,5723,157378,36053,638,96607,24080,157378,-266028100,3740400,458800200,-196512500,0,116123650,10503200,1487589450,60819100,1675035400,382151750,6762800,1028789250,257331600,1675035400
2020-01-21,10450,10600,10100,10300,107765,-1.4354066985645932,-41859,19311,13626,8922,0,4991,19797,71421,11556,107765,46850,486,57795,2634,107765,-428219750,198814850,137632300,91772600,0,51427900,203854250,732211350,118797700,1106291200,479647650,5039400,594579050,27025100,1106291200
2020-01-22,10200,10700,10200,10700,76040,3.8834951456310676,-401,11816,-6020,-5395,0,4866,12491,58181,502,76040,5267,675,64201,5897,76040,-3718350,124880100,-64360400,-56801350,0,51063450,131888550,609591300,5240350,797783650,54781800,7008450,673951700,62041700,797783650
2020-01-23,10750,11150,10650,11150,94651,4.205607476635514,18269,2777,-17032,-4014,0,27406,7277,47512,12456,94651,9137,4500,64544,16470,94651,201316050,29838200,-188099250,-43055000,0,301843750,79538200,520607200,136987300,1038976450,100527700,49700000,708706450,180042300,1038976450
2020-01-28,10700,10950,10350,10550,144918,-5.381165919282512,-39997,4000,36143,-146,0,70,4000,130537,10311,144918,40067,0,94394,10457,144918,-418585350,42390000,376857400,-662050,0,735000,42390000,1381582550,110699900,1535407450,419320350,0,1004725150,111361950,1535407450
2020-01-29,10550,10700,10350,10600,59001,0.47393364928909953,1999,1318,-2927,-390,0,17000,5082,33059,3860,59001,15001,3764,35986,4250,59001,21984700,14192750,-32191450,-3986000,0,179099500,53536000,346436050,40750500,619822050,157114800,39343250,378627500,44736500,619822050
2020-01-30,10400,12350,10400,11200,360943,5.660377358490567,20074,135,-10272,-9937,0,35740,1000,304105,20098,360943,15666,865,314377,30035,360943,223507750,1395750,-104643200,-120260300,0,397401050,11200000,3456345600,226035200,4090981850,173893300,9804250,3560988800,346295500,4090981850
2020-01-31,11400,11700,10900,11250,163391,0.4464285714285714,-14999,500,22785,-8286,0,564,500,150183,12144,163391,15563,0,127398,20430,163391,-166795750,5625000,255527500,-94356750,0,6205550,5625000,1689157950,136049050,1837037550,173001300,0,1433630450,230405800,1837037550
2020-02-03,10950,11000,10350,10850,183191,-3.5555555555555554,-16231,5422,24861,-14052,0,36045,5422,136455,5269,183191,52276,0,111594,19321,183191,-166371500,58220850,258690050,-150539400,0,387914400,58220850,1446735450,56100750,1948971450,554285900,0,1188045400,206640150,1948971450
2020-02-04,10850,11350,10650,11200,129492,3.225806451612903,34998,26,-46979,11955,0,35548,1636,75712,16596,129492,550,1610,122691,4641,129492,389858650,209550,-522109200,132041000,0,396039000,18297050,840795400,183702850,1438834300,6180350,18087500,1362904600,51661850,1438834300
2020-02-05,11350,11450,10750,10950,146845,-2.232142857142857,7000,0,7741,-14741,0,20363,0,120120,6362,146845,13363,0,112379,21103,146845,75457000,0,87547750,-163004750,0,222134250,0,1317647400,69351150,1609132800,146677250,0,1230099650,232355900,1609132800
2020-02-06,10950,10950,10700,10900,117580,-0.45662100456621,-28719,1500,24341,2878,0,5420,1500,102777,7883,117580,34139,0,78436,5005,117580,-310595500,16125000,262915950,31554550,0,58866700,16125000,1112063950,85648950,1272704600,369462200,0,849148000,54094400,1272704600
2020-02-07,10900,11000,10650,10650,85740,-2.293577981651376,7565,300,-8059,194,0,20186,300,62472,2782,85740,12621,0,70531,2588,85740,82442850,3195000,-87647900,2010050,0,218371300,3195000,673090350,29916800,924573450,135928450,0,760738250,27906750,924573450
2020-02-10,10650,10750,10450,10600,86533,-0.4694835680751174,-21322,-232,16826,4728,0,478,0,76466,9589,86533,21800,232,59640,4861,86533,-225809550,-2459200,178437250,49831500,0,5083900,0,809551700,101339900,915975500,230893450,2459200,631114450,51508400,915975500
2020-02-11,10600,10750,10450,10600,96946,0.0,11419,-204,-12748,1533,0,26814,0,63613,6519,96946,15395,204,76361,4986,96946,121666400,-2142000,-135832650,16308250,0,284324100,0,670441100,69012850,1023778050,162657700,2142000,806273750,52704600,1023778050
2020-02-12,10600,10800,10450,10750,82205,1.4150943396226416,6042,0,-4855,-1187,0,22351,0,57893,1961,82205,16309,0,62748,3148,82205,64243800,0,-51670200,-12573600,0,237602100,0,613539350,20639500,871780950,173358300,0,665209550,33213100,871780950
2020-02-13,10800,10800,10500,10750,125213,0.0,29312,-4937,-24433,58,0,35381,0,83908,5924,125213,6069,4937,108341,5866,125213,312459450,-52332200,-260399050,271800,0,377357100,0,891805900,62847650,1332010650,64897650,52332200,1152204950,62575850,1332010650
2020-02-14,10700,10750,10450,10550,123731,-1.8604651162790697,-12393,-7736,29014,-8885,0,35000,0,85314,3417,123731,47393,7736,56300,12302,123731,-129467000,-81363850,304109950,-93279100,0,370476150,0,899862950,36360800,1306699900,499943150,81363850,595753000,129639900,1306699900
2020-02-17,10550,10600,10150,10300,161894,-2.3696682464454977,-42664,-10081,49812,2933,0,38000,0,118391,5503,161894,80664,10081,68579,2570,161894,-437481400,-104586150,512039750,30027800,0,395158300,0,1223625200,56762500,1675546000,832639700,104586150,711585450,26734700,1675546000
2020-02-18,10200,10400,10050,10350,46514,0.48543689320388345,-1434,0,-13228,14662,0,0,0,30937,15577,46514,1434,0,44165,915,46514,-14735150,0,-135602250,150337400,0,0,0,316854450,159715750,476570200,14735150,0,452456700,9378350,476570200
2020-02-19,10250,10400,10000,10100,57500,-2.4154589371980677,-16533,0,14702,1831,0,0,0,53835,3665,57500,16533,0,39133,1834,57500,-166305650,0,147773100,18532550,0,0,0,545304650,37247800,582552450,166305650,0,397531550,18715250,582552450
2020-02-20,10100,10650,10050,10600,158501,4.9504950495049505,35000,35,-57027,21992,0,35000,35,96658,26808,158501,0,0,153685,4816,158501,367091750,358750,-598331800,230881300,0,367091750,358750,1011850400,279956050,1659256950,0,0,1610182200,49074750,1659256950
2020-02-21,10700,10700,10200,10350,53325,-2.358490566037736,0,174,3241,-3415,0,0,450,45008,7867,53325,0,276,41767,11282,53325,0,1821300,34068950,-35890250,0,0,4650300,467909400,81747300,554307000,0,2829000,433840450,117637550,554307000
2020-02-24,10100,10350,9720,9800,101189,-5.314009661835748,562,2000,34232,-36794,0,5063,2000,90752,3374,101189,4501,0,56520,40168,101189,5611890,19600000,336464260,-361676150,0,49782070,19600000,892893600,33312860,995588530,44170180,0,556429340,394989010,995588530
2020-02-25,9670,9980,9670,9970,30291,1.7346938775510203,-35,300,5642,-5907,0,1800,300,24835,3356,30291,1835,0,19193,9263,30291,-385350,2991000,55887330,-58492980,0,17814950,2991000,245737140,32979410,299522500,18200300,0,189849810,91472390,299522500
2020-02-26,9910,10100,9770,9990,36871,0.20060180541624875,10286,0,-898,-9388,0,11077,0,20837,4957,36871,791,0,21735,14345,36871,102332740,0,-9535750,-92796990,0,110183250,0,205852060,49032210,365067520,7850510,0,215387810,141829200,365067520
2020-02-27,10000,10150,9690,9700,49013,-2.902902902902903,8766,6,2471,-11243,0,18929,6,28106,1972,49013,10163,0,25635,13215,49013,85581770,59580,25317190,-110958540,0,185709500,59580,276633650,19413750,481816480,100127730,0,251316460,130372290,481816480
2020-02-28,9250,9530,8810,9190,124763,-5.257731958762887,8855,2593,-2839,-8609,0,26085,2593,76816,19269,124763,17230,0,79655,27878,124763,81087540,23794240,-26796160,-78085620,0,237138980,23794240,700625190,175965070,1137523480,156051440,0,727421350,254050690,1137523480
2020-03-02,9180,9230,8800,9220,79126,0.3264417845484222,18079,0,-15913,-2166,0,23092,0,43293,12741,79126,5013,0,59206,14907,79126,165640790,0,-145296180,-20344610,0,210717480,0,389317060,114508850,714543390,45076690,0,534613240,134853460,714543390
2020-03-03,9320,9430,8920,8950,55520,-2.928416485900217,-13107,33,22636,-9562,0,1601,1533,49105,3281,55520,14708,1500,26469,12843,55520,-119578490,-69540,208122320,-88474290,0,14688430,13730460,449573390,29642460,507634740,134266920,13800000,241451070,118116750,507634740
2020-03-04,8950,9340,8890,9210,36346,2.905027932960894,10178,2625,-12935,132,0,11900,2625,15948,5873,36346,1722,0,28883,5741,36346,93660930,23921450,-118551720,969340,0,109383530,23921450,145046180,53362840,331714000,15722600,0,263597900,52393500,331714000
2020-03-05,9280,9580,9200,9380,52404,1.8458197611292075,10701,-4067,-7395,761,0,19096,2550,22910,7848,52404,8395,6617,30305,7087,52404,101064960,-38330780,-69966990,7232810,0,179937290,23883120,214958190,73477810,492256410,78872330,62213900,284925180,66245000,492256410
2020-03-06,9380,9380,9060,9100,23156,-2.9850746268656714,5333,0,2118,-7451,0,8225,0,13473,1458,23156,2892,0,11355,8909,23156,48883080,0,19495020,-68378100,0,75380760,0,123251850,13345420,211978030,26497680,0,103756830,81723520,211978030
2020-03-09,9090,9290,8410,8560,48203,-5.934065934065933,403,0,370,-773,0,5164,0,37085,5954,48203,4761,0,36715,6727,48203,4220040,0,3465820,-7685860,0,45323140,0,322332430,51037680,418693250,41103100,0,318866610,58723540,418693250
2020-03-10,8310,8540,8200,8480,52833,-0.9345794392523363,563,0,-7093,6530,0,3525,0,36649,12659,52833,2962,0,43742,6129,52833,4715080,0,-58747910,54032830,0,29534480,0,305586820,105199600,440320900,24819400,0,364334730,51166770,440320900
2020-03-11,8490,8900,7960,8290,29700,-2.240566037735849,366,0,1661,-2027,0,3562,0,23969,2169,29700,3196,0,22308,4196,29700,2849920,0,13628530,-16478450,0,29118070,0,197094680,18027040,244239790,26268150,0,183466150,34505490,244239790
2020-03-12,8030,8290,7230,8150,111584,-1.6887816646562124,11954,1095,-13681,632,0,23538,1528,57636,28882,111584,11584,433,71317,28250,111584,94505810,8257230,-104856860,2093820,0,183890540,11608600,446412250,221691980,863603370,89384730,3351370,551269110,219598160,863603370
2020-03-13,6650,7850,6500,7800,108147,-4.294478527607362,15000,21,-12757,-2264,0,15000,21,68890,24236,108147,0,0,81647,26500,108147,112540920,152300,-89532860,-23160360,0,112540920,152300,488044030,169643280,770380530,0,0,577576890,192803640,770380530
2020-03-16,7710,8100,7200,7380,66797,-5.384615384615385,293,0,-322,29,0,5825,0,44749,16223,66797,5532,0,45071,16194,66797,2671810,0,-3185610,513800,0,43951010,0,334977980,122715760,501644750,41279200,0,338163590,122201960,501644750
2020-03-17,7000,7200,6760,7130,91464,-3.387533875338753,17826,-800,-23363,6337,0,18000,1200,55404,16860,91464,174,2000,78767,10523,91464,126697420,-5536410,-165186930,44025920,0,127914200,8246000,386493690,117488880,640142770,1216780,13782410,551680620,73462960,640142770
2020-03-18,7130,7400,6670,6900,45620,-3.225806451612903,3732,1720,-2984,-2468,0,10929,1720,28411,4560,45620,7197,0,31395,7028,45620,27103260,11868000,-21553220,-17418040,0,76440720,11868000,196509560,31423220,316241500,49337460,0,218062780,48841260,316241500
2020-03-19,6900,6900,5220,6180,108395,-10.434782608695652,13157,1775,-22728,7796,0,14138,1775,59673,32809,108395,981,0,82401,25013,108395,76886070,10874370,-136822640,49062200,0,83290070,10874370,367176860,203558320,664899620,6404000,0,503999500,154496120,664899620
2020-03-20,6050,6380,5730,6160,95425,-0.3236245954692557,15387,-13330,-2508,451,0,17000,500,60853,17072,95425,1613,13830,63361,16621,95425,93641030,-80338070,-14560200,1257240,0,103316390,2990000,367182370,101563190,575051950,9675360,83328070,381742570,100305950,575051950
2020-03-23,5710,5800,5300,5540,63540,-10.064935064935066,14145,-489,-16989,3333,0,15000,204,36630,11706,63540,855,693,53619,8373,63540,79309740,-2710870,-94785720,18186850,0,84025230,1091400,201206590,64466770,350789990,4715490,3802270,295992310,46279920,350789990
2020-03-24,5710,6000,5500,5990,150809,8.12274368231047,8542,-10561,-1176,3195,0,19500,8600,98674,24035,150809,10958,19161,99850,20840,150809,48205710,-56919710,-9040540,17754540,0,109849220,50313210,553872650,134966450,849001530,61643510,107232920,562913190,117211910,849001530
2020-03-25,6060,6350,6010,6350,114401,6.010016694490818,-26095,-5583,41199,-9521,0,0,500,101169,12732,114401,26095,6083,59970,22253,114401,-159228160,-34128940,251881340,-58524240,0,0,3175000,620876620,77689830,701741450,159228160,37303940,368995280,136214070,701741450
2020-03-26,6350,6500,6150,6460,71579,1.7322834645669292,-2315,1261,2569,-1515,0,0,4710,58062,8807,71579,2315,3449,55493,10322,71579,-14635130,8531850,15805930,-9702650,0,0,30282650,365886510,55424020,451593180,14635130,21750800,350080580,65126670,451593180
2020-03-27,6610,6610,6190,6560,88231,1.5479876160990713,13890,-7571,-7707,1388,0,15714,784,62553,9180,88231,1824,8355,70260,7792,88231,90024950,-48272500,-50226180,8473730,0,101691170,5151590,401970030,58551140,567363930,11666220,53424090,452196210,50077410,567363930
2020-03-30,6450,6600,6280,6600,32751,0.6097560975609756,-957,0,-7071,8028,0,473,0,22384,9894,32751,1430,0,29455,1866,32751,-6295460,0,-45166500,51461960,0,3037050,0,145252030,63644520,211933600,9332510,0,190418530,12182560,211933600
2020-03-31,6900,6950,6630,6950,70944,5.303030303030303,-11125,-227,11244,108,0,514,1573,62650,6207,70944,11639,1800,51406,6099,70944,-75759140,-1184310,76634590,308860,0,3491560,10893690,427059590,42118820,483563660,79250700,12078000,350425000,41809960,483563660
2020-04-01,7000,7280,6590,7140,73717,2.7338129496402876,10000,-4962,-9003,3965,0,11138,2000,46212,14367,73717,1138,6962,55215,10402,73717,71703010,-33655200,-64682700,26634890,0,79694680,14280000,321690300,98727050,514392030,7991670,47935200,386373000,72092160,514392030
2020-04-02,7140,7190,6900,7180,29569,0.5602240896358543,-2431,1072,1584,-225,0,594,1072,24420,3483,29569,3025,0,22836,3708,29569,-17129380,7599830,11396520,-1866970,0,4179420,7599830,172498720,24261090,208539060,21308800,0,161102200,26128060,208539060
2020-04-03,7190,7560,7050,7550,66817,5.153203342618385,15843,-478,-22866,7501,0,17554,12,35078,14173,66817,1711,490,57944,6672,66817,116611540,-3408210,-166982780,53779450,0,128809550,85490,255382910,102837520,487115470,12198010,3493700,422365690,49058070,487115470
2020-04-06,7550,8080,7470,8000,78558,5.960264900662252,6000,-1000,3195,-8195,0,10332,0,60623,7603,78558,4332,1000,57428,15798,78558,47734220,-8000000,24500080,-64234300,0,81767560,0,476328800,59279030,617375390,34033340,8000000,451828720,123513330,617375390
2020-04-07,8100,8350,7860,8170,43758,2.125,-2690,407,10181,-7898,0,349,407,40130,2872,43758,3039,0,29949,10770,43758,-21651790,3315950,82378750,-64042910,0,2839930,3315950,323854340,23153070,353163290,24491720,0,241475590,87195980,353163290
2020-04-08,8170,8290,7960,8250,36134,0.9791921664626682,12,-38,-1549,1575,0,628,2572,28420,4514,36134,616,2610,29969,2939,36134,63770,78950,-12644650,12501930,0,5050250,20991070,229396450,36323130,291760900,4986480,20912120,242041100,23821200,291760900
2020-04-09,8020,8250,8020,8110,48054,-1.6969696969696972,-5428,1217,3639,572,0,152,2710,40340,4852,48054,5580,1493,36701,4280,48054,-43834500,9933770,29398620,4502110,0,1225490,21978200,326215560,39134550,388553800,45059990,12044430,296816940,34632440,388553800
2020-04-10,8150,8150,7430,7980,60642,-1.6029593094944512,334,-2067,-1342,3075,0,1573,2352,48718,7999,60642,1239,4419,50060,4924,60642,2606520,-16966750,-8782100,23142330,0,12325350,18547420,387382110,62327900,480582780,9718830,35514170,396164210,39185570,480582780
2020-04-13,7920,8090,7500,7550,41120,-5.3884711779448615,-3334,113,7757,-4536,0,619,713,37309,2479,41120,3953,600,29552,7015,41120,-25876000,827780,60806120,-35757900,0,4787510,5465780,288499890,18929630,317682810,30663510,4638000,227693770,54687530,317682810
2020-04-14,7650,7910,7550,7900,41691,4.635761589403973,10123,-1659,-15145,6681,0,10243,1460,20883,9105,41691,120,3119,36028,2424,41691,79750970,-12890060,-118925440,52064530,0,80696570,11491430,163257880,71079200,326525080,945600,24381490,282183320,19014670,326525080
2020-04-16,7810,8090,7800,8090,29124,2.4050632911392404,-123,-405,-1237,1765,0,211,895,19641,8377,29124,334,1300,20878,6612,29124,-990890,-3054950,-10020760,14066600,0,1677130,7150050,157523620,67050250,233401050,2668020,10205000,167544380,52983650,233401050
2020-04-17,8050,8470,8050,8410,58234,3.955500618046971,10094,55,-21463,11314,0,10094,55,33375,14710,58234,0,0,54838,3396,58234,84332710,446470,-177319630,92540450,0,84332710,446470,277461730,121002340,483243250,0,0,454781360,28461890,483243250
2020-04-20,8420,8650,8300,8450,31338,0.47562425683709864,-5,1434,4802,-6231,0,140,2538,26333,2327,31338,145,1104,21531,8558,31338,-48720,12123930,40888030,-52963240,0,1177880,21474730,223129800,19670370,265452780,1226600,9350800,182241770,72633610,265452780
2020-04-21,8470,8500,7850,8440,67741,-0.1183431952662722,-89,-890,1907,-928,0,1573,1833,46921,17414,67741,1662,2723,45014,18342,67741,-720560,-6795110,15412150,-7896480,0,12840970,15404850,384760520,142130550,555136890,13561530,22199960,369348370,150027030,555136890
2020-04-22,8260,8400,8100,8380,30629,-0.7109004739336493,0,1077,6642,-7719,0,546,2042,27525,516,30629,546,965,20883,8235,30629,-56160,9117800,54137670,-63199310,0,4461050,16954850,225780900,4225630,251422430,4517210,7837050,171643230,67424940,251422430
2020-04-23,8400,8830,8370,8700,93598,3.8186157517899764,0,-2710,-5814,8524,0,603,290,76680,16025,93598,603,3000,82494,7501,93598,-34900,-23581780,-50371430,73988110,0,5205460,2518810,665042240,138649800,811416310,5240360,26100590,715413670,64661690,811416310
2020-04-24,8690,8790,8530,8740,37309,0.45977011494252873,0,20,8408,-8428,0,117,20,36567,605,37309,117,0,28159,9033,37309,-7010,172200,72693560,-72858750,0,1007370,172200,316827680,5240200,323247450,1014380,0,244134120,78098950,323247450
2020-04-27,8800,8860,8540,8800,61483,0.6864988558352403,15000,447,-13307,-2140,0,15115,1592,37889,6887,61483,115,1145,51196,9027,61483,131315810,3974440,-116406070,-18884180,0,132327210,13885530,330474120,59935940,536622800,1011400,9911090,446880190,78820120,536622800
2020-04-28,8800,8890,8570,8780,30601,-0.22727272727272727,0,1242,1827,-3069,0,707,2242,26028,1624,30601,707,1000,24201,4693,30601,-25830,10906130,15803010,-26683310,0,6128610,19608990,226559670,14176450,266473720,6154440,8702860,210756660,40859760,266473720
2020-04-29,8780,9170,8660,9170,109298,4.441913439635535,15000,2775,-26781,9006,0,15512,4575,75804,13407,109298,512,1800,102585,4401,109298,134799370,25472590,-240727920,80455960,0,139388200,41145190,678470280,119923820,978927490,4588830,15672600,919198200,39467860,978927490
2020-05-04,9070,9350,8800,9190,33734,0.21810250817884408,0,2636,2079,-4715,0,687,2636,29682,729,33734,687,0,27603,5444,33734,-38270,24217870,18951210,-43130810,0,6248000,24217870,271168390,6600840,308235100,6286270,0,252217180,49731650,308235100
2020-05-06,9190,9460,9160,9380,76800,2.067464635473341,15123,-3446,-14491,2814,0,15744,311,52841,7904,76800,621,3757,67332,5090,76800,141844520,-32115480,-136310090,26581050,0,147683520,2917180,493426790,73951660,717979150,5839000,35032660,629736880,47370610,717979150
2020-05-07,9490,9490,9160,9200,62275,-1.9189765458422177,10096,340,-9865,-571,0,11072,2395,44517,4291,62275,976,2055,54382,4862,62275,94206820,2937810,-91746740,-5397890,0,103261580,22062820,414341770,40003670,579669840,9054760,19125010,506088510,45401560,579669840
2020-05-08,9290,9700,9250,9700,119808,5.434782608695652,18634,88,-30318,11596,0,19342,14570,71261,14635,119808,708,14482,101579,3039,119808,176619160,2128930,-287975130,109227040,0,183314980,138786500,673380310,138031770,1133513560,6695820,136657570,961355440,28804730,1133513560
2020-05-11,9880,9880,9510,9620,124929,-0.8247422680412372,21775,-9200,-10576,-1999,0,25025,0,88860,11044,124929,3250,9200,99436,13043,124929,208558410,-88482250,-100233330,-19842830,0,239855990,0,858308020,106491740,1204655750,31297580,88482250,958541350,126334570,1204655750
2020-05-12,9620,9850,9550,9680,82690,0.6237006237006237,188,-6460,-63,6335,0,527,40,69736,12387,82690,339,6500,69799,6052,82690,1823980,-62615190,-636690,61427900,0,5113280,390000,676280590,120077960,801861830,3289300,63005190,676917280,58650060,801861830
2020-05-13,9680,9680,9390,9570,41944,-1.1363636363636365,-55,-5367,10139,-4717,0,212,306,38728,2698,41944,267,5673,28589,7415,41944,-529020,-50940580,96670560,-45200960,0,2005520,2892800,368956410,25617200,399471930,2534540,53833380,272285850,70818160,399471930
2020-05-14,9550,9570,9160,9310,55103,-2.7168234064785786,-3993,-2660,5616,1037,0,750,210,47197,6946,55103,4743,2870,41581,5909,55103,-36989350,-24943070,52235010,9697410,0,7019970,1957300,440135420,64936910,514049600,44009320,26900370,387900410,55239500,514049600
2020-05-15,9320,9470,9070,9090,49064,-2.3630504833512354,531,-10592,1982,8079,0,878,805,37508,9873,49064,347,11397,35526,1794,49064,4861370,-97244970,18732790,73650810,0,8036860,7325800,344151120,90398440,449912220,3175490,104570770,325418330,16747630,449912220
2020-05-18,9090,9300,8740,8950,61176,-1.54015401540154,-105,-8890,4795,4200,0,1617,510,50688,8361,61176,1722,9400,45893,4161,61176,-1050740,-78574040,42502080,37122700,0,14273170,4489600,450130790,74358220,543251780,15323910,83063640,407628710,37235520,543251780
2020-05-19,9100,9110,8890,8940,38760,-0.11173184357541899,-361,382,4773,-4794,0,337,382,32420,5621,38760,698,0,27647,10415,38760,-3264020,3417000,42910710,-43063690,0,3006010,3417000,290116240,50301750,346841000,6270030,0,247205530,93365440,346841000
2020-05-20,8940,9100,8920,8940,100392,0.0,47,-4721,711,3963,0,224,510,80331,19327,100392,177,5231,79620,15364,100392,417900,-42391790,6095980,35877910,0,2009280,4562600,721527620,173727010,901826510,1591380,46954390,715431640,137849100,901826510
2020-05-21,9140,9140,8930,9000,45754,0.6711409395973155,54,10,-4372,4308,0,446,10,36272,9026,45754,392,0,40644,4718,45754,481680,90200,-39358990,38787110,0,4007250,90200,326183130,81184660,411465240,3525570,0,365542120,42397550,411465240
2020-05-22,9000,9090,8580,8590,91829,-4.555555555555555,-5278,330,9370,-4422,0,297,330,82163,9039,91829,5575,0,72793,13461,91829,-46379560,2871000,82867250,-39358690,0,2600380,2871000,716295940,79294060,801061380,48979940,0,633428690,118652750,801061380
2020-05-25,8500,8790,8350,8620,89726,0.3492433061699651,-23983,5782,-746,18947,0,1571,5782,59620,22753,89726,25554,0,60366,3806,89726,-207332080,49678380,-4187320,161841020,0,13543000,49678380,512884560,194627320,770733260,220875080,0,517071880,32786300,770733260
2020-05-26,8650,8660,8520,8600,57214,-0.23201856148491878,-1168,0,-8290,9458,0,180,0,41275,15759,57214,1348,0,49565,6301,57214,-10031700,0,-70959730,80991430,0,1540680,0,354636520,135100990,491278190,11572380,0,425596250,54109560,491278190
2020-05-27,8680,8880,8560,8650,77448,0.5813953488372093,1030,410,-10335,8895,0,1145,410,55731,20162,77448,115,0,66066,11267,77448,8957900,3540000,-89785640,77287740,0,9953560,3540000,484866920,174970580,673331060,995660,0,574652560,97682840,673331060
2020-05-28,8740,8740,8320,8530,72250,-1.3872832369942196,-7308,10,15256,-7958,0,360,10,60367,11513,72250,7668,0,45111,19471,72250,-62039010,84200,130549040,-68594230,0,3068990,84200,512939540,97345300,613438030,65108000,0,382390500,165939530,613438030
2020-05-29,8450,8570,8310,8530,17370,0.0,768,635,-3924,2521,0,898,635,10728,5109,17370,130,0,14652,2588,17370,6508470,5416550,-33118560,21193540,0,7611890,5416550,90890230,43209300,147127970,1103420,0,124008790,22015760,147127970
2020-06-01,8530,8570,8350,8400,94343,-1.5240328253223916,-43476,-4748,48454,-230,0,119,1000,85870,7354,94343,43595,5748,37416,7584,94343,-364902270,-39729850,406390790,-1758670,0,1001980,8377000,720880070,62085720,792344770,365904250,48106850,314489280,63844390,792344770
2020-06-02,8430,8570,8250,8540,34533,1.6666666666666667,183,0,-5460,5277,0,192,0,23228,11113,34533,9,0,28688,5836,34533,1548670,0,-46216490,44667820,0,1625630,0,196182390,94001910,291809930,76960,0,242398880,49334090,291809930
2020-06-03,8590,8590,8270,8430,36294,-1.288056206088993,-68,307,-4727,4488,0,240,307,28803,6944,36294,308,0,33530,2456,36294,-579200,2578840,-39538550,37538910,0,2013600,2578840,242249450,58320490,305162380,2592800,0,281788000,20781580,305162380
2020-06-04,8440,8540,8370,8430,35618,0.0,-227,250,-2285,2262,0,476,3127,26825,5190,35618,703,2877,29110,2928,35618,-1918820,2139110,-19261890,19041600,0,4004340,26322530,226161620,43787730,300276220,5923160,24183420,245423510,24746130,300276220
2020-06-05,8510,8510,8340,8400,37334,-0.3558718861209964,-17648,0,14142,3506,0,327,0,29511,7496,37334,17975,0,15369,3990,37334,-147895310,0,118441170,29454140,0,2749790,0,247854120,63097730,313701640,150645100,0,129412950,33643590,313701640
2020-06-08,8400,8480,8350,8400,32322,0.0,120,-11471,7565,3786,0,120,0,26945,5257,32322,0,11471,19380,1471,32322,1003200,-95929710,63141470,31785040,0,1003200,0,225602300,44125540,270731040,0,95929710,162460830,12340500,270731040
2020-06-09,8370,8440,8330,8390,20125,-0.11904761904761905,380,0,-2808,2428,0,380,0,15011,4734,20125,0,0,17819,2306,20125,3179910,0,-23608580,20428670,0,3179910,0,125633190,39719850,168532950,0,0,149241770,19291180,168532950
2020-06-10,8420,8480,8010,8460,28868,0.834326579261025,-121,0,-6902,7023,0,0,0,21843,7025,28868,121,0,28745,2,28868,-1017660,0,-58101120,59118780,0,0,0,183430240,59135580,242565820,1017660,0,241531360,16800,242565820
2020-06-11,8500,8590,8400,8400,40291,-0.7092198581560284,130,-880,-3717,4467,0,189,200,31957,7945,40291,59,1080,35674,3478,40291,1099540,-7472540,-31557330,37930330,0,1600060,1692000,270655810,67358650,341306520,500520,9164540,302213140,29428320,341306520
2020-06-12,8150,8190,8010,8150,35768,-2.976190476190476,-240,0,5831,-5591,0,0,0,32011,3757,35768,240,0,26180,9348,35768,-1947420,0,46828940,-44881520,0,0,0,258800880,30435010,289235890,1947420,0,211971940,75316530,289235890
2020-06-15,8380,8380,7500,7580,67759,-6.993865030674846,-8817,0,12217,-3400,0,1820,0,55575,10364,67759,10637,0,43358,13764,67759,-69628060,0,97768380,-28140320,0,13976300,0,433959250,79453460,527389010,83604360,0,336190870,107593780,527389010
2020-06-16,7790,7960,7580,7820,31653,3.16622691292876,-183,-3206,-2185,5574,0,463,812,23082,7296,31653,646,4018,25267,1722,31653,-1374600,-24279680,-17203820,42858100,0,3627890,6231500,178554650,56210890,244624930,5002490,30511180,195758470,13352790,244624930
2020-06-17,7810,7900,7670,7770,10906,-0.639386189258312,217,0,619,-836,0,389,0,7151,3366,10906,172,0,6532,4202,10906,1666870,0,4637460,-6304330,0,3009500,0,55480400,26310290,84800190,1342630,0,50842940,32614620,84800190
2020-06-18,7900,7900,7720,7770,6103,0.0,143,10,-165,12,0,238,10,5028,827,6103,95,0,5193,815,6103,1108920,78700,-1235890,48270,0,1852040,78700,39341930,6453410,47726080,743120,0,40577820,6405140,47726080
2020-06-19,7800,7930,7660,7880,15460,1.4157014157014158,25,0,-3321,3296,0,371,0,11342,3747,15460,346,0,14663,451,15460,127890,0,-25672320,25544430,0,2852980,0,87575040,29028450,119456470,2725090,0,113247360,3484020,119456470
2020-06-22,7990,7990,7690,7690,12620,-2.4111675126903553,-329,0,1636,-1307,0,130,0,11455,1035,12620,459,0,9819,2342,12620,-2584700,0,12824140,-10239440,0,1007500,0,89170660,8071850,98250010,3592200,0,76346520,18311290,98250010
2020-06-23,7690,7830,7400,7400,63898,-3.7711313394018204,-181,300,-812,693,0,1240,300,54839,7519,63898,1421,0,55651,6826,63898,-1343460,2220000,-6719480,5842940,0,9283050,2220000,410868450,56932880,479304380,10626510,0,417587930,51089940,479304380
2020-06-24,7550,7550,7370,7450,22244,0.6756756756756757,-277,1500,1080,-2303,0,458,1500,19201,1085,22244,735,0,18121,3388,22244,-2104150,11238490,8035300,-17169640,0,3380840,11238490,142433340,8083060,165135730,5484990,0,134398040,25252700,165135730
2020-06-25,7320,7430,7100,7300,19084,-2.013422818791946,-9,1188,-2538,1359,0,417,1188,15071,2408,19084,426,0,17609,1049,19084,-90220,8657270,-18333890,9766840,0,3006470,8657270,108978130,17416910,138058780,3096690,0,127312020,7650070,138058780
2020-06-26,7450,7450,6920,7110,101461,-2.6027397260273974,-13793,2042,14628,-2877,0,533,2042,96006,2880,101461,14326,0,81378,5757,101461,-96803950,14628370,102086230,-19910650,0,3830370,14628370,673863460,20288590,712610790,100634320,0,571777230,40199240,712610790
2020-06-29,6960,7080,6960,7020,8312,-1.2658227848101267,4,881,744,-1629,0,4,881,6838,589,8312,0,0,6094,2218,8312,27960,6189570,5190590,-11408120,0,27960,6189570,47934690,4123000,58275220,0,0,42744100,15531120,58275220
2020-06-30,7200,7910,7010,7150,67387,1.8518518518518516,-4,-2147,-2364,4515,0,619,4279,56111,6378,67387,623,6426,58475,1863,67387,-80500,-16614210,-15565810,32260520,0,4398940,30775260,416300240,45974960,497449400,4479440,47389470,431866050,13714440,497449400
2020-07-01,7200,7310,7150,7250,23338,1.3986013986013985,139,-432,-5574,5867,0,139,0,16710,6489,23338,0,432,22284,622,23338,1002190,-3139680,-40305870,42443360,0,1002190,0,120811680,46944500,168758370,0,3139680,161117550,4501140,168758370
2020-07-02,7250,7780,7130,7180,186062,-0.9655172413793104,-28033,-1433,38135,-8669,0,1241,0,174581,10240,186062,29274,1433,136446,18909,186062,-202010920,-10761800,278097000,-65324280,0,9063460,0,1282179540,74905720,1366148720,211074380,10761800,1004082540,140230000,1366148720
2020-07-03,7160,7380,7130,7290,31650,1.532033426183844,-76,2833,-8236,5479,0,326,3033,19224,9067,31650,402,200,27460,3588,31650,-562290,20616240,-60095700,40041750,0,2374280,22074240,139729430,66149810,230327760,2936570,1458000,199825130,26108060,230327760
2020-07-06,7350,7400,7290,7330,19187,0.5486968449931412,136,44,4153,-4333,0,137,303,17979,768,19187,1,259,13826,5101,19187,995510,327700,30440410,-31763620,0,1002840,2220990,131536910,5620130,140380870,7330,1893290,101096500,37383750,140380870
2020-07-07,7260,7340,7220,7280,20992,-0.6821282401091405,-22,-568,4764,-4174,0,0,132,19591,1269,20992,22,700,14827,5443,20992,-159940,-4121040,34664310,-30383330,0,0,960960,142290690,9213980,152465630,159940,5082000,107626380,39597310,152465630
2020-07-08,7270,7280,7160,7210,16590,-0.9615384615384616,-138,100,-1558,1596,0,0,100,13024,3466,16590,138,0,14582,1870,16590,-989460,722000,-11165100,11432560,0,0,722000,93942730,24932430,119597160,989460,0,105107830,13499870,119597160
2020-07-09,7280,7290,7160,7250,16836,0.5547850208044383,0,343,1477,-1820,0,0,343,14560,1933,16836,0,0,13083,3753,16836,0,2481910,10664930,-13146840,0,0,2481910,105060500,13985670,121528080,0,0,94395570,27132510,121528080
2020-07-10,7300,7350,7160,7170,20512,-1.103448275862069,0,-4317,6256,-1939,0,0,272,18427,1813,20512,0,4589,12171,3752,20512,0,-30990290,44969400,-13979110,0,0,1985600,132678050,13116860,147780510,0,32975890,87708650,27095970,147780510
2020-07-13,7230,7240,7160,7210,11311,0.5578800557880056,0,511,-827,316,0,0,511,9391,1409,11311,0,0,10218,1093,11311,0,3666710,-5953840,2287130,0,0,3666710,67508040,10151740,81326490,0,0,73461880,7864610,81326490
2020-07-14,7320,7320,7180,7210,15602,0.0,277,263,-183,-357,0,278,263,11965,3096,15602,1,0,12148,3453,15602,1995740,1904120,-1267020,-2632840,0,2002990,1904120,86621380,22398980,112927470,7250,0,87888400,25031820,112927470
2020-07-15,7450,7450,7240,7320,13771,1.5256588072122053,-276,105,-943,1114,0,138,105,9988,3540,13771,414,0,10931,2426,13771,-2045190,768600,-6775880,8052470,0,1004640,768600,72986500,25837980,100597720,3049830,0,79762380,17785510,100597720
2020-07-16,7310,7480,7250,7300,13937,-0.273224043715847,0,-755,3201,-2446,0,0,0,12129,1808,13937,0,755,8928,4254,13937,0,-5534150,23423410,-17889260,0,0,0,88466630,13183200,101649830,0,5534150,65043220,31072460,101649830
2020-07-17,7340,7340,7170,7230,24302,-0.9589041095890412,792,47,-4075,3236,0,836,47,19486,3933,24302,44,0,23561,697,24302,5705420,343100,-29477930,23429410,0,6026110,343100,141118110,28505330,175992650,320690,0,170596040,5075920,175992650
2020-07-20,7260,7260,7140,7200,22105,-0.4149377593360996,-265,0,-476,741,0,262,0,19320,2523,22105,527,0,19796,1782,22105,-1906170,0,-3310760,5216930,0,1874520,0,138467850,18050990,158393360,3780690,0,141778610,12834060,158393360
2020-07-21,7200,7250,7100,7160,32384,-0.5555555555555556,-387,-500,2347,-1460,0,281,0,30401,1702,32384,668,500,28054,3162,32384,-2797410,-3565000,16872850,-10510440,0,2004920,0,217842370,12211150,232058440,4802330,3565000,200969520,22721590,232058440
2020-07-22,7120,7190,6990,7070,57909,-1.2569832402234637,39,-4269,2761,1469,0,714,1328,51835,4032,57909,675,5597,49074,2563,57909,239730,-30159530,19352940,10566860,0,5022230,9327400,365676650,28621430,408647710,4782500,39486930,346323710,18054570,408647710
2020-07-23,7160,7160,6870,6880,63565,-2.6874115983026874,84,1223,-5901,4594,0,145,3223,51038,9159,63565,61,2000,56939,4565,63565,572430,8393670,-40870560,31904460,0,1003400,22297850,354829180,63824110,441954540,430970,13904180,395699740,31919650,441954540
2020-07-24,6930,6960,6820,6860,22967,-0.29069767441860467,-9,-242,3598,-3347,0,292,258,21819,598,22967,301,500,18221,3945,22967,-69040,-1700120,24808090,-23038930,0,2007500,1769880,150089720,4109740,157976840,2076540,3470000,125281630,27148670,157976840
2020-07-27,6860,6900,6800,6800,21535,-0.8746355685131195,-109,-1506,2592,-977,0,0,200,20356,979,21535,109,1706,17764,1956,21535,-746810,-10266010,17705020,-6692200,0,0,1360000,139054220,6686980,147101200,746810,11626010,121349200,13379180,147101200
2020-07-28,6800,6960,6770,6800,22810,0.0,-477,811,4070,-4404,0,31,1000,20796,983,22810,508,189,16726,5387,22810,-3235980,5507870,27693270,-29965160,0,213900,6815000,142140010,6775680,155944590,3449880,1307130,114446740,36740840,155944590
2020-07-29,6780,6800,6650,6710,32622,-1.3235294117647058,-1322,1557,2949,-3184,0,149,1557,29130,1786,32622,1471,0,26181,4970,32622,-8871850,10434950,19824610,-21387710,0,1001280,10434950,195347540,11946610,218730380,9873130,0,175522930,33334320,218730380
2020-07-30,6710,7100,6680,7020,40311,4.619970193740686,-4182,217,5183,-1218,0,147,217,36726,3221,40311,4329,0,31543,4439,40311,-28133130,1501460,34774000,-8142330,0,1001070,1501460,250738490,21978890,275219910,29134200,0,215964490,30121220,275219910
2020-07-31,7000,7210,6980,7180,56263,2.2792022792022792,-1501,-2227,5544,-1816,0,141,160,54010,1952,56263,1642,2387,48466,3768,56263,-10737040,-15922580,39677380,-13017760,0,1001100,1145600,385511000,13852250,401509950,11738140,17068180,345833620,26870010,401509950
2020-08-03,7200,7280,6970,7030,41744,-2.0891364902506964,144,253,5523,-5920,0,854,518,38596,1776,41744,710,265,33073,7696,41744,1023110,1701400,39586210,-42310720,0,6020460,3620000,274467440,12698400,296806300,4997350,1918600,234881230,55009120,296806300
2020-08-04,7100,7100,6870,7000,34631,-0.42674253200568996,-9,890,3858,-4739,0,0,912,31654,2065,34631,9,22,27796,6804,34631,-63010,6220140,26883310,-33040440,0,0,6373700,220596060,14430090,241399850,63010,153560,193712750,47470530,241399850
2020-08-05,7000,7100,6960,7000,22706,0.0,52,-47,-584,579,0,228,0,21802,676,22706,176,47,22386,97,22706,357390,-328780,-4076410,4047800,0,1590240,0,152635380,4731190,158956810,1232850,328780,156711790,683390,158956810
2020-08-06,7080,7080,6940,7000,20650,0.0,-51,392,531,-872,0,144,400,18856,1250,20650,195,8,18325,2122,20650,-358880,2728160,3751760,-6121040,0,1000800,2784000,131393020,8696370,143874190,1359680,55840,127641260,14817410,143874190
2020-08-07,7070,7070,6850,6900,25255,-1.4285714285714286,148,-253,2375,-2270,0,437,30,23973,815,25255,289,283,21598,3085,25255,1016570,-1749550,16403730,-15670750,0,3012350,206400,165464310,5647220,174330280,1995780,1955950,149060580,21317970,174330280
2020-08-10,6900,7140,6850,7020,42474,1.7391304347826086,-150,550,-4962,4562,0,157,559,32781,8977,42474,307,9,37743,4415,42474,-1053290,3878190,-34465700,31640800,0,1084140,3940950,229266840,62589550,296881480,2137430,62760,263732540,30948750,296881480
2020-08-11,7020,7060,6960,7040,29949,0.2849002849002849,1,296,-1459,1162,0,144,300,26495,3010,29949,143,4,27954,1848,29949,-400,2071990,-10255680,8184090,0,1005120,2100000,185994810,21146650,210246580,1005520,28010,196250490,12962560,210246580
2020-08-12,6980,7050,6970,7000,24145,-0.5681818181818182,0,-1,797,-796,0,144,0,22055,1946,24145,144,1,21258,2742,24145,-8850,-6970,5604070,-5588250,0,1005120,0,154472000,13643860,169120980,1013970,6970,148867930,19232110,169120980
2020-08-13,7000,7080,6980,6980,40250,-0.2857142857142857,-20,-4454,4486,-12,0,122,200,34462,5466,40250,142,4654,29976,5478,40250,-144660,-31268200,31659020,-246160,0,856440,1400000,242267660,38276830,282800930,1001100,32668200,210608640,38522990,282800930
2020-08-14,6980,7120,6940,7020,17039,0.5730659025787965,0,0,3976,-3976,0,0,0,15579,1460,17039,0,0,11603,5436,17039,0,0,27751100,-27751100,0,0,0,108707210,10194760,118901970,0,0,80956110,37945860,118901970
2020-08-18,7090,7090,6940,7000,48317,-0.2849002849002849,144,500,2597,-3241,0,144,500,42362,5311,48317,0,0,39765,8552,48317,1002240,3500000,18286110,-22788350,0,1002240,3500000,297357570,37309750,339169560,0,0,279071460,60098100,339169560
2020-08-19,7000,7070,6910,7000,13289,0.0,-115,200,1526,-1611,0,22,200,11300,1767,13289,137,0,9774,3378,13289,-800530,1400000,10597380,-11196850,0,152900,1400000,78563060,12295080,92411040,953430,0,67965680,23491930,92411040
2020-08-20,7090,7090,6680,6710,43683,-4.142857142857142,53,1583,-719,-917,0,603,1583,34300,7197,43683,550,0,35019,8114,43683,418790,10659830,-4820440,-6258180,0,4158780,10659830,233420940,48997100,297236650,3739990,0,238241380,55255280,297236650
2020-08-21,6980,6980,6740,6940,13464,3.427719821162444,-60,102,1797,-1839,0,0,146,13018,300,13464,60,44,11221,2139,13464,-414060,699580,12290830,-12576350,0,0,1000100,89680570,2055020,92735690,414060,300520,77389740,14631370,92735690
2020-08-24,6800,7040,6800,6940,8914,0.0,0,319,-177,-142,0,0,340,7228,1346,8914,0,21,7405,1488,8914,0,2201730,-1193960,-1007770,0,0,2345000,49902190,9276370,61523560,0,143270,51096150,10284140,61523560
2020-08-25,6940,7040,6800,7000,18876,0.8645533141210375,-1,548,2377,-2924,0,145,556,16999,1176,18876,146,8,14622,4100,18876,-14240,3818400,16431740,-20235900,0,1006300,3874000,118343760,8215860,131439920,1020540,55600,101912020,28451760,131439920
2020-08-26,7000,7050,6890,6940,17446,-0.8571428571428572,114,108,-922,700,0,289,120,14963,2074,17446,175,12,15885,1374,17446,787020,744730,-6380140,4848390,0,2001300,828000,103936790,14395900,121161990,1214280,83270,110316930,9547510,121161990
2020-08-27,7000,7000,6650,6760,60411,-2.5936599423631126,-110,1270,-2947,1787,0,1391,1270,53150,4600,60411,1501,0,56097,2813,60411,-729880,8548400,-19581840,11763320,0,9422910,8548400,358524840,30981130,407477280,10152790,0,378106680,19217810,407477280
2020-08-28,6760,7250,6760,7140,83789,5.621301775147929,-8,-1360,-7579,8947,0,597,660,70855,11677,83789,605,2020,78434,2730,83789,-54630,-9835900,-53842990,63733520,0,4160710,4602000,499505900,82628760,590897370,4215340,14437900,553348890,18895240,590897370
2020-08-31,7290,7500,7230,7380,163525,3.361344537815126,-5,-1088,-6118,7211,0,156,500,143005,19864,163525,161,1588,149123,12653,163525,-45400,-8033760,-44557350,52636510,0,1149320,3690000,1054925680,146376540,1206141540,1194720,11723760,1099483030,93740030,1206141540
2020-09-01,7360,7380,7110,7190,34439,-2.5745257452574526,5,0,9598,-9603,0,281,0,32640,1518,34439,276,0,23042,11121,34439,21760,0,69115420,-69137180,0,2004920,0,234458340,10879270,247342530,1983160,0,165342920,80016450,247342530
2020-09-02,7190,7250,7040,7170,35730,-0.27816411682892905,-102,0,4415,-4313,0,243,0,34575,912,35730,345,0,30160,5225,35730,-733280,0,31460590,-30727310,0,1725840,0,245283490,6445320,253454650,2459120,0,213822900,37172630,253454650
2020-09-03,7200,7230,7050,7060,24854,-1.5341701534170153,104,0,3528,-3632,0,142,0,23921,791,24854,38,0,20393,4423,24854,734140,0,25421080,-26155220,0,1003940,0,170235730,5587890,176827560,269800,0,144814650,31743110,176827560
2020-09-04,6970,6970,6810,6950,27936,-1.5580736543909348,3,760,4747,-5510,0,146,760,26228,802,27936,143,0,21481,6312,27936,16280,5276670,32701990,-37994940,0,1003020,5276670,180653080,5510350,192443120,986740,0,147951090,43505290,192443120
2020-09-07,6900,7090,6900,7000,17701,0.7194244604316548,268,800,-395,-673,0,454,800,14891,1556,17701,186,0,15286,2229,17701,1862650,5544000,-2548830,-4857820,0,3164090,5544000,104092540,10821850,123622480,1301440,0,106641370,15679670,123622480
2020-09-08,7000,7170,6960,7010,33322,0.14285714285714285,-115,300,1448,-1633,0,431,300,31261,1330,33322,546,0,29813,2963,33322,-833050,2097000,10265600,-11529550,0,3016980,2097000,220056940,9328390,234499310,3850030,0,209791340,20857940,234499310
2020-09-09,6820,7010,6820,7000,16003,-0.14265335235378032,-154,120,975,-941,0,0,120,14972,911,16003,154,0,13997,1852,16003,-1071680,824400,6819730,-6572450,0,0,824400,104223770,6340110,111388280,1071680,0,97404040,12912560,111388280
2020-09-10,7030,7130,6900,6960,18032,-0.5714285714285714,64,0,2011,-2075,0,289,0,17316,427,18032,225,0,15305,2502,18032,438870,0,14099640,-14538510,0,2004190,0,120454710,2961300,125420200,1565320,0,106355070,17499810,125420200
2020-09-11,6960,6990,6870,6990,16620,0.43103448275862066,-207,0,21,186,0,0,0,13275,3345,16620,207,0,13254,3159,16620,-1438410,0,187500,1250910,0,0,0,91754480,23064410,114818890,1438410,0,91566980,21813500,114818890
2020-09-14,7140,7140,6930,6960,18124,-0.4291845493562232,0,0,2192,-2192,0,0,0,16549,1575,18124,0,0,14357,3767,18124,0,0,15419930,-15419930,0,0,0,115718570,10957620,126676190,0,0,100298640,26377550,126676190
2020-09-15,6960,7040,6930,7010,21453,0.7183908045977011,0,50,-1376,1326,0,0,50,18752,2651,21453,0,0,20128,1325,21453,0,348000,-9533540,9185540,0,0,348000,130646790,18426940,149421730,0,0,140180330,9241400,149421730
2020-09-16,7100,7100,6900,6990,20242,-0.28530670470756064,145,0,1738,-1883,0,290,0,19652,300,20242,145,0,17914,2183,20242,996150,0,12185300,-13181450,0,2008250,0,137123020,2085000,141216270,1012100,0,124937720,15266450,141216270
2020-09-17,6930,7030,6930,7030,10254,0.5722460658082975,-2,396,755,-1149,0,0,397,9258,599,10254,2,1,8503,1748,10254,-13930,2783940,5236830,-8006840,0,0,2790910,64417190,4172500,71380600,13930,6970,59180360,12179340,71380600
2020-09-18,7070,7070,6910,6990,12707,-0.5689900426742532,73,400,1346,-1819,0,145,400,12149,13,12707,72,0,10803,1832,12707,504450,2776000,9407790,-12688240,0,1004850,2776000,84500670,90610,88372130,500400,0,75092880,12778850,88372130
2020-09-21,6990,7010,6920,6960,14027,-0.4291845493562232,-73,-2000,3873,-1800,0,145,0,13206,676,14027,218,2000,9333,2476,14027,-520220,-13940000,27010400,-12550180,0,1004850,0,91896070,4690630,97591550,1525070,13940000,64885670,17240810,97591550
2020-09-22,6920,7020,6800,6920,19470,-0.5747126436781609,147,0,1185,-1332,0,147,0,18144,1179,19470,0,0,16959,2511,19470,1004010,0,8141790,-9145800,0,1004010,0,124371000,8137550,133512560,0,0,116229210,17283350,133512560
2020-09-23,6950,7490,6770,7310,135498,5.635838150289017,-290,0,3167,-2877,0,274,0,129588,5636,135498,564,0,126421,8513,135498,-1999760,0,22507540,-20507780,0,1866220,0,924154480,40081140,966101840,3865980,0,901646940,60588920,966101840
2020-09-24,7000,7140,6910,6990,59614,-4.377564979480164,-1,770,3434,-4203,0,1083,770,54991,2770,59614,1084,0,51557,6973,59614,-30680,5374200,24066250,-29409770,0,7559170,5374200,384267670,19373160,416574200,7589850,0,360201420,48782930,416574200
2020-09-25,7000,7000,6900,6940,16300,-0.7153075822603719,0,500,656,-1156,0,0,500,13422,2378,16300,0,0,12766,3534,16300,0,3570000,4629660,-8199660,0,0,3570000,93460390,16468390,113498780,0,0,88830730,24668050,113498780
2020-09-28,7040,7040,6920,7000,17589,0.8645533141210375,144,0,-922,778,0,145,0,16025,1419,17589,1,0,16947,641,17589,999330,0,-6416000,5416670,0,1006300,0,111759400,9889700,122655400,6970,0,118175400,4473030,122655400
2020-09-29,7060,7060,6960,7030,14542,0.4285714285714286,-1,0,-1498,1499,0,11,0,13021,1510,14542,12,0,14519,11,14542,-7370,0,-10498930,10506300,0,76560,0,91167510,10583520,101827590,83930,0,101666440,77220,101827590
2020-10-05,7050,7180,7010,7130,26475,1.422475106685633,-2,0,-12488,12490,0,0,0,13984,12491,26475,2,0,26472,1,26475,-14200,0,-88781960,88796160,0,0,0,99539830,88803310,188343140,14200,0,188321790,7150,188343140
2020-10-06,7140,7230,7100,7170,23116,0.5610098176718092,-1,233,-5796,5564,0,37,233,16395,6451,23116,38,0,22191,887,23116,-9090,1672790,-41575310,39911610,0,263440,1672790,117565620,46293290,165795140,272530,0,159140930,6381680,165795140
2020-10-07,7170,7440,7120,7390,84688,3.0683403068340307,-140,-2732,-7381,10253,0,0,68,68598,16022,84688,140,2800,75979,5769,84688,-1027380,-20176310,-53279500,74483190,0,0,499800,503604120,116842350,620946270,1027380,20676110,556883620,42359160,620946270
2020-10-08,7390,7450,7260,7350,27180,-0.5412719891745602,0,-17,2818,-2801,0,411,0,25908,861,27180,411,17,23090,3662,27180,-20070,-124400,20763570,-20619100,0,3005780,0,190079250,6272520,199357550,3025850,124400,169315680,26891620,199357550
2020-10-12,7430,7500,7300,7470,54565,1.6326530612244898,0,-846,4513,-3667,0,0,0,51405,3160,54565,0,846,46892,6827,54565,0,-6278040,33189600,-26911560,0,0,0,381307430,23565750,404873180,0,6278040,348117830,50477310,404873180
2020-10-13,7490,7490,7330,7330,23777,-1.8741633199464525,0,0,-551,551,0,0,0,21563,2214,23777,0,0,22114,1663,23777,0,0,-4094820,4094820,0,0,0,159143400,16388480,175531880,0,0,163238220,12293660,175531880
2020-10-14,7330,7330,7150,7160,33084,-2.3192360163710775,354,0,3646,-4000,0,970,0,30554,1560,33084,616,0,26908,5560,33084,2534250,0,26314450,-28848700,0,6986610,0,220129760,11300210,238416580,4452360,0,193815310,40148910,238416580
2020-10-15,7190,7210,7030,7110,11893,-0.6983240223463687,-212,500,1346,-1634,0,141,500,10078,1174,11893,353,0,8732,2808,11893,-1519120,3520000,9610060,-11610940,0,1003920,3520000,71646560,8334260,84504740,2523040,0,62036500,19945200,84504740
2020-10-16,7150,7150,6850,7050,35397,-0.8438818565400843,2,0,-3113,3111,0,915,0,27044,7438,35397,913,0,30157,4327,35397,20300,0,-21241770,21221470,0,6366500,0,188651770,51671570,246689840,6346200,0,209893540,30450100,246689840
2020-10-19,7100,7100,6860,6940,20635,-1.5602836879432624,385,-505,584,-464,0,1155,0,18244,1236,20635,770,505,17660,1700,20635,2621180,-3505810,4174510,-3289880,0,7995230,0,126879990,8544640,143419860,5374050,3505810,122705480,11834520,143419860
2020-10-20,6970,6990,6790,6870,20898,-1.0086455331412103,-383,-4779,8894,-3732,0,148,0,20231,519,20898,531,4779,11337,4251,20898,-2628150,-32599240,60808650,-25581260,0,1004920,0,138314000,3548360,142867280,3633070,32599240,77505350,29129620,142867280
2020-10-21,6980,6980,6800,6880,15760,0.1455604075691412,147,-1004,3935,-3078,0,162,0,15511,87,15760,15,1004,11576,3165,15760,1001790,-6899640,27065560,-21167710,0,1105290,0,106206560,597690,107909540,103500,6899640,79141000,21765400,107909540
2020-10-22,7020,7140,6830,7050,40391,2.4709302325581395,-24,-1144,3811,-2643,0,454,0,36000,3937,40391,478,1144,32189,6580,40391,-168620,-8105200,26465280,-18191460,0,3152680,0,252484280,27780280,283417240,3321300,8105200,226019000,45971740,283417240
2020-10-23,6980,7050,6880,6990,11411,-0.851063829787234,-126,0,292,-166,0,0,0,10623,788,11411,126,0,10331,954,11411,-881980,0,2069160,-1187180,0,0,0,73964320,5469180,79433500,881980,0,71895160,6656360,79433500
2020-10-26,6970,6970,6780,6840,21486,-2.1459227467811157,95,40,1868,-2003,0,95,40,20686,665,21486,0,0,18818,2668,21486,646950,273600,12843160,-13763710,0,646950,273600,141538700,4535970,146995220,0,0,128695540,18299680,146995220
2020-10-27,6650,6810,6630,6750,23206,-1.3157894736842104,-82,-1576,3362,-1704,0,42,200,21887,1077,23206,124,1776,18525,2781,23206,-556090,-10586170,22611370,-11469110,0,281400,1338000,146881730,7252590,155753720,837490,11924170,124270360,18721700,155753720
2020-10-28,6730,6900,6700,6890,9160,2.074074074074074,-10,0,2823,-2813,0,0,0,8835,325,9160,10,0,6012,3138,9160,-67690,0,19283710,-19216020,0,0,0,60359820,2189650,62549470,67690,0,41076110,21405670,62549470
2020-10-29,6850,6960,6710,6900,12511,0.14513788098693758,-145,562,1011,-1428,0,446,562,7971,3532,12511,591,0,6960,4960,12511,-1024050,3868920,6876880,-9721750,0,3011960,3868920,54293480,24024630,85198990,4036010,0,47416600,33746380,85198990
2020-10-30,7030,7070,6800,6950,14463,0.7246376811594203,0,29,4229,-4258,0,0,340,14052,71,14463,0,311,9823,4329,14463,0,180280,29182780,-29363060,0,0,2340130,97232100,483510,100055740,0,2159850,68049320,29846570,100055740
2020-11-02,6900,7150,6760,7070,39868,1.7266187050359711,51,0,3106,-3157,0,145,0,37207,2516,39868,94,0,34101,5673,39868,348320,0,22034190,-22382510,0,1006300,0,262784250,17768740,281559290,657980,0,240750060,40151250,281559290
2020-11-03,7150,7160,7000,7090,30246,0.2828854314002829,306,-358,-2232,2284,0,713,0,25442,4091,30246,407,358,27674,1807,30246,2141490,-2538220,-15504520,15901250,0,5015190,0,180060540,28754720,213830450,2873700,2538220,195565060,12853470,213830450
2020-11-04,7090,7140,6990,7030,13096,-0.846262341325811,-215,-426,1356,-715,0,193,0,12156,747,13096,408,426,10800,1462,13096,-1519560,-2999560,9578700,-5059580,0,1356290,0,85482260,5245840,92084390,2875850,2999560,75903560,10305420,92084390
2020-11-05,7030,7050,6900,6940,26868,-1.2802275960170697,110,-2400,-7,2297,0,432,0,24103,2333,26868,322,2400,24110,36,26868,759460,-16637230,-134230,16012000,0,3003840,0,167247850,16261220,186512910,2244380,16637230,167382080,249220,186512910
2020-11-06,6990,7060,6940,7000,21559,0.8645533141210375,1310,-1397,1873,-1786,0,1420,1,19133,1005,21559,110,1398,17260,2791,21559,9197290,-9798980,13204670,-12602980,0,9969110,7000,134077580,7034150,151087840,771820,9805980,120872910,19637130,151087840
2020-11-09,7090,7240,7030,7210,87559,3.0,-3,13805,-15818,2016,0,0,15105,58626,13828,87559,3,1300,74444,11812,87559,-21380,98302550,-112937870,14656700,0,0,107658550,418082430,98801870,624542850,21380,9356000,531020300,84145170,624542850
2020-11-10,7250,7800,7150,7650,246766,6.102635228848821,-102,-15454,-1591,17147,0,243,3435,209378,33710,246766,345,18889,210969,16563,246766,-795700,-116952710,-8095420,125843830,0,1835040,26425020,1584727680,251453490,1864441230,2630740,143377730,1592823100,125609660,1864441230
2020-11-11,7730,7730,7420,7580,68856,-0.9150326797385622,95,-800,18246,-17541,0,221,0,64139,4496,68856,126,800,45893,22037,68856,712200,-6023000,137072170,-131761370,0,1662240,0,482031080,33729000,517422320,950040,6023000,344958910,165490370,517422320
2020-11-12,7580,7680,7440,7460,45942,-1.58311345646438,85,-1420,-1905,3240,0,134,80,39211,6517,45942,49,1500,41116,3277,45942,633780,-10872600,-14090730,24329550,0,1002320,602400,295189970,49137280,345931970,368540,11475000,309280700,24807730,345931970
2020-11-13,7450,8310,7390,7960,271251,6.702412868632708,-57,3459,-12153,8751,0,385,8347,238345,24174,271251,442,4888,250498,15423,271251,-422710,26670030,-91314540,65067220,0,3084370,65764390,1892729670,188856690,2150435120,3507080,39094360,1984044210,123789470,2150435120
2020-11-16,7970,8100,7790,7920,66658,-0.5025125628140703,3050,190,-756,-2484,0,4437,190,54268,7763,66658,1387,0,55024,10247,66658,24409470,1516100,-5899210,-20026360,0,35475670,1516100,432442510,61759080,531193360,11066200,0,438341720,81785440,531193360
2020-11-17,7920,8130,7810,8130,45173,2.6515151515151514,-86,2064,-2797,819,0,492,2064,40095,2522,45173,578,0,42892,1703,45173,-686740,16475200,-22453240,6664780,0,3892850,16475200,319504450,20110970,359983470,4579590,0,341957690,13446190,359983470
2020-11-18,8140,8150,8000,8020,40280,-1.3530135301353015,-1,0,-588,589,0,124,0,35783,4373,40280,125,0,36371,3784,40280,-10850,0,-4503110,4513960,0,1003160,0,288828030,35171350,325002540,1014010,0,293331140,30657390,325002540
2020-11-19,8030,8240,7940,8160,36788,1.7456359102244388,-1,1180,-1599,420,0,124,1180,31954,3530,36788,125,0,33553,3110,36788,-3210,9624000,-13146480,3525690,0,1008120,9624000,259567380,28746450,298945950,1011330,0,272713860,25220760,298945950
2020-11-20,8050,8220,7900,7950,82795,-2.5735294117647056,-2997,-4400,5138,2259,0,1039,500,73720,7536,82795,4036,4900,68582,5277,82795,-23870510,-35576750,41208600,18238660,0,8356290,4020000,589702410,60613950,662692650,32226800,39596750,548493810,42375290,662692650
2020-11-23,7990,8040,7920,7920,33550,-0.37735849056603776,-13,0,-1994,2007,0,318,0,30253,2979,33550,331,0,32247,972,33550,-121990,0,-15843420,15965410,0,2524740,0,241367480,23739320,267631540,2646730,0,257210900,7773910,267631540
2020-11-24,8040,10100,8040,9000,3258152,13.636363636363635,-112789,-14257,141492,-14446,0,6403,4585,3104969,142195,3258152,119192,18842,2963477,156641,3258152,-1069517230,-135865290,1343025610,-137643090,0,58305940,39735430,29354792550,1333637260,30786471180,1127823170,175600720,28011766940,1471280350,30786471180
2020-11-25,9100,9280,8370,8610,606553,-4.333333333333334,-675,2060,-6015,4630,0,9997,5455,560142,30959,606553,10672,3395,566157,26329,606553,-5023950,17604150,-56065630,43485430,0,86682410,46936950,4872413590,273159400,5279192350,91706360,29332800,4928479220,229673970,5279192350
2020-11-26,8690,8690,8200,8350,221149,-3.0197444831591174,-5704,-790,15143,-8649,0,5182,10,200587,15370,221149,10886,800,185444,24019,221149,-47667380,-6606100,127128350,-72854870,0,43308200,82900,1675061230,128603340,1847055670,90975580,6689000,1547932880,201458210,1847055670
2020-11-27,8180,8340,8120,8160,122778,-2.2754491017964074,-198,-699,2914,-2017,0,2327,130,112933,7388,122778,2525,829,110019,9405,122778,-1645310,-5697940,24188030,-16844780,0,19126400,1067300,927707660,60634100,1008535460,20771710,6765240,903519630,77478880,1008535460
2020-11-30,8130,8300,8080,8270,91330,1.3480392156862746,613,-850,1369,-1132,0,1248,0,85774,4308,91330,635,850,84405,5440,91330,4967820,-6982150,11513410,-9499080,0,10168860,0,700974960,35096030,746239850,5201040,6982150,689461550,44595110,746239850
2020-12-01,8410,8410,8160,8260,61384,-0.12091898428053204,1,0,2879,-2880,0,452,0,57985,2947,61384,451,0,55106,5827,61384,11310,0,23831620,-23842930,0,3730730,0,479025490,24233810,506990030,3719420,0,455193870,48076740,506990030
2020-12-02,8280,8280,8120,8220,60798,-0.48426150121065376,229,-2000,961,810,0,1489,0,55690,3619,60798,1260,2000,54729,2809,60798,1863840,-16340000,8036700,6439460,0,12176540,0,456540260,29501280,498218080,10312700,16340000,448503560,23061820,498218080
2020-12-03,8230,8450,8220,8440,84067,2.67639902676399,-351,0,2428,-2077,0,185,0,79444,4438,84067,536,0,77016,6515,84067,-2931420,0,20423960,-17492540,0,1528100,0,661354230,36805880,699688210,4459520,0,640930270,54298420,699688210
2020-12-04,8400,8540,8300,8320,96038,-1.4218009478672986,120,0,-2344,2224,0,385,0,89505,6148,96038,265,0,91849,3924,96038,1005710,0,-19420380,18414670,0,3221110,0,751051410,51406010,805678530,2215400,0,770471790,32991340,805678530
2020-12-07,8330,8400,8190,8200,66991,-1.4423076923076923,124,5067,-4878,-313,0,366,5067,58432,3126,66991,242,0,63310,3439,66991,1003500,41770250,-39990270,-2783480,0,3002420,41770250,481694770,25730110,552197550,1998920,0,521685040,28513590,552197550
2020-12-08,8200,8330,8160,8240,43800,0.4878048780487805,26,0,1564,-1590,0,592,0,40605,2603,43800,566,0,39041,4193,43800,178600,0,13224130,-13402730,0,4863800,0,333839490,21377080,360080370,4685200,0,320615360,34779810,360080370
2020-12-09,8180,8300,8150,8170,39028,-0.8495145631067961,-25,0,3418,-3393,0,123,0,37481,1424,39028,148,0,34063,4817,39028,-217810,0,28313610,-28095800,0,1003680,0,307119410,11647320,319770410,1221490,0,278805800,39743120,319770410
2020-12-10,8170,8260,8060,8110,52028,-0.7343941248470013,384,0,-4245,3861,0,1039,0,46655,4334,52028,655,0,50900,473,52028,3105450,0,-34440900,31335450,0,8417690,0,378811210,35182070,422410970,5312240,0,413252110,3846620,422410970
2020-12-11,8100,8190,8000,8090,36373,-0.2466091245376079,-333,0,957,-624,0,225,0,34505,1643,36373,558,0,33548,2267,36373,-2679340,0,7771430,-5092090,0,1818770,0,278252000,13252630,293323400,4498110,0,270480570,18344720,293323400
2020-12-14,8020,8080,7960,7960,47805,-1.6069221260815822,0,-100,1664,-1564,0,0,0,47369,436,47805,0,100,45705,2000,47805,0,-802000,13347740,-12545740,0,0,0,379194030,3484760,382678790,0,802000,365846290,16030500,382678790
2020-12-15,7970,8170,7910,8120,64188,2.0100502512562812,-2888,0,-6538,9426,0,275,0,51018,12895,64188,3163,0,57556,3469,64188,-23169190,0,-52565050,75734240,0,2204290,0,411260290,103735900,517200480,25373480,0,463825340,28001660,517200480
2020-12-16,8150,8220,8000,8170,39974,0.6157635467980296,0,-1660,-831,2491,0,0,20,36624,3330,39974,0,1680,37455,839,39974,0,-13528600,-6794450,20323050,0,0,163400,298743610,27190150,326097160,0,13692000,305538060,6867100,326097160
2020-12-17,8320,8480,8250,8260,152143,1.101591187270502,44,0,5915,-5959,0,44,0,140375,11724,152143,0,0,134460,17683,152143,367400,0,49062650,-49430050,0,367400,0,1173679710,98292420,1272339530,0,0,1124617060,147722470,1272339530
2020-12-18,8380,8380,8270,8310,40330,0.6053268765133172,150,0,-413,263,0,150,0,37936,2244,40330,0,0,38349,1981,40330,1250280,0,-3422300,2172020,0,1250280,0,315094170,18643180,334987630,0,0,318516470,16471160,334987630
2020-12-21,8380,8380,8150,8230,32856,-0.9626955475330927,277,0,817,-1094,0,598,1,30345,1912,32856,321,1,29528,3006,32856,2254540,10,6910740,-9165290,0,4903920,8200,249475930,15649660,270037710,2649380,8190,242565190,24814950,270037710
2020-12-22,8160,8200,8050,8090,39556,-1.701093560145808,475,0,838,-1313,0,475,0,39032,49,39556,0,0,38194,1362,39556,3878140,0,6808760,-10686900,0,3878140,0,317688190,399350,321965680,0,0,310879430,11086250,321965680
2020-12-23,8210,8210,8000,8020,39143,-0.865265760197775,327,0,1845,-2172,0,664,0,36935,1544,39143,337,0,35090,3716,39143,2626150,0,14928840,-17554990,0,5340240,0,297343630,12413240,315097110,2714090,0,282414790,29968230,315097110
2020-12-24,8150,8150,7920,7930,47914,-1.1221945137157108,275,-1000,-1283,2008,0,784,0,43129,4001,47914,509,1000,44412,1993,47914,2207960,-7940000,-10246860,15978900,0,6273140,0,343953710,31987830,382214680,4065180,7940000,354200570,16008930,382214680
2020-12-28,7830,8110,7830,8030,47007,1.2610340479192939,-174,-5067,7742,-2501,0,127,0,42555,4325,47007,301,5067,34813,6826,47007,-1382530,-40466130,62501380,-20652720,0,1003300,0,338873840,34314120,374191260,2385830,40466130,276372460,54966840,374191260
2020-12-29,8140,8140,7850,8030,19831,0.0,200,0,-2498,2298,0,200,0,17274,2357,19831,0,0,19772,59,19831,1608000,0,-19952800,18344800,0,1608000,0,137960350,18816880,158385230,0,0,157913150,472080,158385230
2020-12-30,8050,8120,7950,7990,21958,-0.49813200498132004,650,0,-3318,2668,0,650,0,17522,3786,21958,0,0,20840,1118,21958,5192720,0,-26478810,21286090,0,5192720,0,139696740,30193380,175082840,0,0,166175550,8907290,175082840
2021-01-04,8000,8100,7900,8010,58295,0.2503128911138924,162,0,211,-373,0,351,0,54925,3019,58295,189,0,54714,3392,58295,1289140,0,1716880,-3006020,0,2801140,0,438212210,24104070,465117420,1512000,0,436495330,27110090,465117420
2021-01-05,8010,8070,7920,7920,25023,-1.1235955056179776,289,100,2649,-3038,0,513,100,23431,979,25023,224,0,20782,4017,25023,2303860,796000,21243960,-24343820,0,4095620,796000,186763350,7792270,199447240,1791760,0,165519390,32136090,199447240
2021-01-06,8000,8060,7890,7890,30808,-0.3787878787878788,301,37,-3341,3003,0,678,37,23479,6614,30808,377,0,26820,3611,30808,2386360,294150,-26316050,23635540,0,5392530,294150,186486840,52433210,244606730,3006170,0,212802890,28797670,244606730
2021-01-07,7880,8110,7860,8110,43434,2.788339670468948,598,-100,178,-676,0,994,0,38253,4187,43434,396,100,38075,4863,43434,4745380,-803000,1395240,-5337620,0,7913060,0,304334690,33491090,345738840,3167680,803000,302939450,38828710,345738840
2021-01-08,8190,8340,8000,8020,46677,-1.1097410604192355,531,0,3129,-3660,0,1421,0,43235,2021,46677,890,0,40106,5681,46677,4304030,0,25459130,-29763160,0,11488120,0,351119140,16359570,378966830,7184090,0,325660010,46122730,378966830
2021-01-11,8100,8100,7760,7920,51011,-1.2468827930174564,299,0,3272,-3571,0,688,0,47796,2527,51011,389,0,44524,6098,51011,2368630,0,26203020,-28571650,0,5421630,0,378628660,19868390,403918680,3053000,0,352425640,48440040,403918680
2021-01-12,7880,8020,7810,7970,38113,0.6313131313131313,421,0,-864,443,0,938,0,34810,2365,38113,517,0,35674,1922,38113,3332670,0,-6809100,3476430,0,7397770,0,274374690,18633990,300406450,4065100,0,281183790,15157560,300406450
2021-01-13,8050,8050,7800,7930,30241,-0.5018820577164366,383,20,478,-881,0,860,20,28409,952,30241,477,0,27931,1833,30241,3011010,158400,3834830,-7004240,0,6785950,158400,224420160,7499360,238863870,3774940,0,220585330,14503600,238863870
2021-01-14,7960,7960,7840,7890,23203,-0.5044136191677175,68,0,1169,-1237,0,280,0,22431,492,23203,212,0,21262,1729,23203,530700,0,9222630,-9753330,0,2206720,0,176658390,3874290,182739400,1676020,0,167435760,13627620,182739400
2021-01-15,7860,7970,7780,7780,38020,-1.394169835234474,498,0,-752,254,0,546,0,33658,3816,38020,48,0,34410,3562,38020,3908150,0,-5646270,1738120,0,4286770,0,264646200,29972660,298905630,378620,0,270292470,28234540,298905630
2021-01-18,7790,7980,7540,7620,30470,-2.056555269922879,172,0,-338,166,0,1063,0,26804,2603,30470,891,0,27142,2437,30470,1393930,0,-2649390,1255460,0,8256680,0,207728500,20035340,236020520,6862750,0,210377890,18779880,236020520
2021-01-19,7660,7740,7620,7710,23107,1.1811023622047243,-117,1545,1592,-3020,0,50,1545,14413,7099,23107,167,0,12821,10119,23107,-899530,11879450,12366450,-23346370,0,384880,11879450,110695580,54580780,177540690,1284410,0,98329130,77927150,177540690
2021-01-20,7660,7840,7660,7770,15698,0.7782101167315175,249,0,-1473,1224,0,250,0,13762,1686,15698,1,0,15235,462,15698,1931580,0,-11360620,9429040,0,1939360,0,106534990,13006570,121480920,7780,0,117895610,3577530,121480920
2021-01-21,7720,7860,7720,7810,19589,0.5148005148005148,499,1272,-2971,1200,0,500,1272,16043,1774,19589,1,0,19014,574,19589,3889330,9908880,-23133180,9334970,0,3897160,9908880,124954100,13806930,152567070,7830,0,148087280,4471960,152567070
2021-01-22,7840,8110,7750,7800,80895,-0.12804097311139565,-9592,0,11206,-1614,0,947,0,66593,13355,80895,10539,0,55387,14969,80895,-75279070,0,89640610,-14361540,0,7440490,0,526157590,105175020,638773100,82719560,0,436516980,119536560,638773100
2021-01-25,7890,8100,7850,7980,91422,2.307692307692308,-11039,0,14344,-3305,0,380,0,80857,10185,91422,11419,0,66513,13490,91422,-88421260,0,114999450,-26578190,0,3015920,0,646568400,81399820,730984140,91437180,0,531568950,107978010,730984140
2021-01-26,7950,8100,7880,7950,61146,-0.37593984962406013,-10470,0,8012,2458,0,127,0,49818,11201,61146,10597,0,41806,8743,61146,-83398800,0,63602170,19796630,0,1003300,0,397860220,89744530,488608050,84402100,0,334258050,69947900,488608050
2021-01-27,7960,8050,7920,7960,52068,0.12578616352201258,-11510,0,10894,616,0,0,0,48522,3546,52068,11510,0,37628,2930,52068,-91690100,0,86850860,4839240,0,0,0,388321470,28291880,416613350,91690100,0,301470610,23452640,416613350
2021-01-28,7970,7970,7770,7840,75153,-1.507537688442211,-9989,0,9420,569,0,385,0,71830,2938,75153,10374,0,62410,2369,75153,-78057170,0,73626800,4430370,0,3014530,0,561294040,23014460,587323030,81071700,0,487667240,18584090,587323030
2021-01-29,7840,8370,7500,7750,163379,-1.1479591836734695,-7367,-10500,20468,-2601,0,1384,204,145304,16487,163379,8751,10704,124836,19088,163379,-57469210,-83433770,160274740,-19371760,0,10791970,1554480,1147517960,130073080,1289937490,68261180,84988250,987243220,149444840,1289937490
2021-02-01,7870,8040,7770,7920,114269,2.193548387096774,-13474,30,13345,99,0,0,30,98901,15338,114269,13474,0,85556,15239,114269,-107004910,240600,106038880,725430,0,0,240600,784832660,121872810,906946070,107004910,0,678793780,121147380,906946070
2021-02-02,7860,8000,7820,7830,50298,-1.1363636363636365,-10000,0,8700,1300,0,0,0,44723,5575,50298,10000,0,36023,4275,50298,-78820970,0,68392300,10428670,0,0,0,353204260,44051780,397256040,78820970,0,284811960,33623110,397256040
2021-02-03,7840,7910,7800,7870,30160,0.5108556832694764,-8787,0,8466,321,0,188,0,27444,2528,30160,8975,0,18978,2207,30160,-68858330,0,66340930,2517400,0,1468870,0,215294110,19821050,236584030,70327200,0,148953180,17303650,236584030
2021-02-04,7910,7920,7770,7860,26352,-0.12706480304955528,-7883,-4605,13625,-1137,0,0,0,25094,1258,26352,7883,4605,11469,2395,26352,-61593670,-35932480,106430550,-8904400,0,0,0,196262150,9850190,206112340,61593670,35932480,89831600,18754590,206112340
2021-02-05,7880,7920,7770,7810,31865,-0.6361323155216284,-8618,1117,4603,2898,0,300,1117,26720,3728,31865,8918,0,22117,830,31865,-67325790,8723770,35877920,22724100,0,2346000,8723770,209017270,29217560,249304600,69671790,0,173139350,6493460,249304600
2021-02-08,7830,8070,7770,7830,56669,0.2560819462227913,-9414,0,7789,1625,0,756,0,48067,7846,56669,10170,0,40278,6221,56669,-73672580,0,60980100,12692480,0,5903320,0,377961440,62023840,445888600,79575900,0,316981340,49331360,445888600
2021-02-09,7830,7920,7770,7860,50203,0.38314176245210724,-8237,0,6794,1443,0,2128,0,45021,3054,50203,10365,0,38227,1611,50203,-64533160,0,53334700,11198460,0,16647460,0,353124830,23924930,393697220,81180620,0,299790130,12726470,393697220
2021-02-10,7900,7900,7790,7860,28356,0.0,-7723,254,4640,2829,0,617,254,23592,3893,28356,8340,0,18952,1064,28356,-60473380,1993900,36352140,22127340,0,4827940,1993900,184919210,30518990,222260040,65301320,0,148567070,8391650,222260040
2021-02-15,7900,8120,7900,8040,88182,2.2900763358778624,1600,124,-14894,13170,0,3100,125,67718,17239,88182,1500,1,82612,4069,88182,12885000,996980,-119163980,105282000,0,24955000,1004950,544526450,138006150,708492550,12070000,7970,663690430,32724150,708492550
2021-02-16,8050,8210,8030,8130,84385,1.1194029850746268,-14350,-1326,16953,-1277,0,0,0,73048,11337,84385,14350,1326,56095,12614,84385,-116064940,-10700820,136616360,-9850600,0,0,0,592540740,92289760,684830500,116064940,10700820,455924380,102140360,684830500
2021-02-17,8240,8890,8080,8820,704955,8.487084870848708,-7471,-4788,-1380,13639,0,4397,110,619560,80888,704955,11868,4898,620940,67249,704955,-63326700,-41698740,-6300160,111325600,0,37750470,924600,5352425490,693585320,6084685880,101077170,42623340,5358725650,582259720,6084685880
2021-02-18,8820,11450,8800,9970,6768786,13.038548752834467,-119951,-8216,136156,-7989,0,413,8323,6621909,138141,6768786,120364,16539,6485753,146130,6768786,-1371251520,-92169750,1543651730,-80230460,0,4087200,80912510,69758525990,1399055400,71242581100,1375338720,173082260,68214874260,1479285860,71242581100
2021-02-19,9420,9510,8800,8900,1308195,-10.732196589769307,5953,1000,-23504,16551,0,12835,1000,1184330,110030,1308195,6882,0,1207834,93479,1308195,56406520,8990000,-212828010,147431490,0,119870300,8990000,10844137510,1003016630,11976014440,63463780,0,11056965520,855585140,11976014440
2021-02-22,9200,9720,9070,9460,1464672,6.292134831460674,-4796,0,23698,-18902,0,7558,199,1345975,110940,1464672,12354,199,1322277,129842,1464672,-44431830,63680,222653020,-178284870,0,71019030,1882540,12617676160,1038662080,13729239810,115450860,1818860,12395023140,1216946950,13729239810
2021-02-23,9030,9120,8560,8620,555323,-8.879492600422834,-18346,232,25077,-6963,0,3338,232,510050,41703,555323,21684,0,484973,48666,555323,-159616200,2051520,218193450,-60628770,0,29598010,2051520,4482904950,368799900,4883354380,189214210,0,4264711500,429428670,4883354380
2021-02-24,8550,8650,8180,8370,315290,-2.9002320185614847,-9451,0,-5809,15260,0,5648,0,269136,40506,315290,15099,0,274945,25246,315290,-78153270,0,-50609080,128762350,0,47157850,0,2262566550,341185650,2650910050,125311120,0,2313175630,212423300,2650910050
2021-02-25,8410,8500,8200,8300,168112,-0.8363201911589008,1691,0,-7984,6293,0,2554,0,142816,22742,168112,863,0,150800,16449,168112,13967230,0,-64506020,50538790,0,21132730,0,1185586920,188028100,1394747750,7165500,0,1250092940,137489310,1394747750
2021-02-26,8090,8520,8080,8250,274808,-0.6024096385542169,-21472,0,27203,-5731,0,543,0,248867,25398,274808,22015,0,221664,31129,274808,-176350810,0,224792840,-48442030,0,4506690,0,2056622050,209554720,2270683460,180857500,0,1831829210,257996750,2270683460
2021-03-02,8310,8460,8160,8200,134061,-0.6060606060606061,-22387,0,13822,8565,0,1145,0,113783,19133,134061,23532,0,99961,10568,134061,-183813660,0,112306080,71507580,0,9460150,0,943587520,158927550,1111975220,193273810,0,831281440,87419970,1111975220
2021-03-03,8130,8350,8110,8350,107133,1.8292682926829267,-26370,1686,7164,17520,0,1116,1686,78399,25932,107133,27486,0,71235,8412,107133,-218186700,14041950,59453450,144691300,0,9206630,14041950,647717010,214264550,885230140,227393330,0,588263560,69573250,885230140
2021-03-04,8360,8580,8250,8520,208612,2.035928143712575,-3501,10,2356,1135,0,2382,10,177399,28821,208612,5883,0,175043,27686,208612,-29561970,85000,19105470,10371500,0,20013350,85000,1500383910,244088720,1764570980,49575320,0,1481278440,233717220,1764570980
2021-03-05,8350,8660,8230,8340,126711,-2.112676056338028,-20173,-1000,24576,-3403,0,1428,0,115761,9522,126711,21601,1000,91185,12925,126711,-167296370,-8273140,204528680,-28959170,0,11868890,0,964167940,79294630,1055331460,179165260,8273140,759639260,108253800,1055331460
2021-03-08,8470,8840,8300,8390,314885,0.5995203836930456,-21267,0,13019,8248,0,1235,0,277917,35733,314885,22502,0,264898,27485,314885,-179956180,0,113647930,66308250,0,10506820,0,2371281390,301981540,2683769750,190463000,0,2257633460,235673290,2683769750
2021-03-09,8400,8510,8130,8210,188150,-2.1454112038140645,-19936,0,27136,-7200,0,366,0,163771,24013,188150,20302,0,136635,31213,188150,-163692130,0,223984720,-60292590,0,3006080,0,1349575200,197876300,1550457580,166698210,0,1125590480,258168890,1550457580
2021-03-10,8290,8320,8010,8010,117207,-2.4360535931790497,-20000,0,17440,2560,0,0,0,103479,13728,117207,20000,0,86039,11168,117207,-163743090,0,142798700,20944390,0,0,0,844560680,112274540,956835220,163743090,0,701761980,91330150,956835220
2021-03-11,8120,8430,8050,8410,132946,4.9937578027465666,69,0,-32688,32619,0,398,0,88126,44422,132946,329,0,120814,11803,132946,552230,0,-270692610,270140380,0,3290870,0,730329550,367860220,1101480640,2738640,0,1001022160,97719840,1101480640
2021-03-12,8680,8700,8420,8450,184024,0.47562425683709864,-10190,0,4884,5306,0,118,0,158872,25034,184024,10308,0,153988,19728,184024,-86683570,0,42732280,43951290,0,1000640,0,1358562830,213413530,1572977000,87684210,0,1315830550,169462240,1572977000
2021-03-15,8460,8920,8420,8800,250171,4.142011834319527,190,7,-28271,28074,0,691,7,206170,43303,250171,501,0,234441,15229,250171,1623760,60620,-243179020,241494640,0,5980760,60620,1798949900,375001910,2179993190,4357000,0,2042128920,133507270,2179993190
2021-03-16,8800,8940,8640,8900,143628,1.1363636363636365,-77,-7,-1500,1584,0,692,0,131882,11054,143628,769,7,133382,9470,143628,-712390,-62210,-12968740,13743340,0,6050380,0,1161512130,97070190,1264632700,6762770,62210,1174480870,83326850,1264632700
2021-03-17,8910,9050,8720,8770,148933,-1.4606741573033708,1,1065,-181,-885,0,599,1065,125765,21504,148933,598,0,125946,22389,148933,-7710,9594530,-235850,-9350970,0,5300340,9594530,1116754590,190656690,1322306150,5308050,0,1116990440,200007660,1322306150
2021-03-18,8850,10300,8700,9350,4157223,6.61345496009122,-6905,4137,26236,-23468,0,16266,5336,3938701,196920,4157223,23171,1199,3912465,220388,4157223,-60399840,37816230,264479050,-241895440,0,154533960,49697540,37868986300,1872543720,39945761520,214933800,11881310,37604507250,2114439160,39945761520
2021-03-19,9250,9580,9040,9370,583095,0.21390374331550802,-33877,1899,32652,-674,0,8636,2000,520303,52156,583095,42513,101,487651,52830,583095,-312912200,17768100,306334590,-11190490,0,79485420,18700000,4852230480,484112510,5434528410,392397620,931900,4545895890,495303000,5434528410
2021-03-22,9410,9660,9150,9260,375657,-1.1739594450373532,-30145,-7194,36728,611,0,4361,0,348458,22838,375657,34506,7194,311730,22227,375657,-276984580,-67898140,340232480,4650240,0,40565860,0,3246012490,214200070,3500778420,317550440,67898140,2905780010,209549830,3500778420
2021-03-23,9260,9290,8820,8870,295759,-4.211663066954643,-38711,0,34514,4197,0,4868,0,263810,27081,295759,43579,0,229296,22884,295759,-347600770,0,309817870,37782900,0,44041650,0,2371915900,244523900,2660481450,391642420,0,2062098030,206741000,2660481450
2021-03-24,8870,8990,8630,8790,153383,-0.9019165727170236,-27763,28,6663,21072,0,3900,28,117469,31986,153383,31663,0,110806,10914,153383,-243586660,242760,58831400,184512500,0,34058710,242760,1031651420,280716790,1346669680,277645370,0,972820020,96204290,1346669680
2021-03-25,8690,8860,8660,8730,128932,-0.6825938566552902,-28215,0,22112,6103,0,2729,0,109568,16635,128932,30944,0,87456,10532,128932,-246204610,0,193476680,52727930,0,23787170,0,956881390,145067570,1125736130,269991780,0,763404710,92339640,1125736130
2021-03-26,8840,9210,8760,9030,227682,3.436426116838488,-1216,-53,-6525,7794,0,1244,7,193406,33025,227682,2460,60,199931,25231,227682,-10836690,-483040,-58042520,69362250,0,11228310,63770,1747793530,298398720,2057484330,22065000,546810,1805836050,229036470,2057484330
2021-03-29,9100,9190,8860,9100,206064,0.7751937984496124,1398,0,-10150,8752,0,5079,0,178639,22346,206064,3681,0,188789,13594,206064,12231100,0,-90658040,78426940,0,45672950,0,1615576300,201657250,1862906500,33441850,0,1706234340,123230310,1862906500
2021-03-30,9040,9350,8980,9270,232504,1.8681318681318682,-1509,0,1948,-439,0,0,0,208465,24039,232504,1509,0,206517,24478,232504,-13838110,0,17194240,-3356130,0,0,0,1919632530,221645360,2141277890,13838110,0,1902438290,225001490,2141277890
2021-03-31,9310,9390,9110,9230,144644,-0.4314994606256742,0,0,2058,-2058,0,0,0,132688,11956,144644,0,0,130630,14014,144644,0,0,19773150,-19773150,0,0,0,1225265660,110045770,1335311430,0,0,1205492510,129818920,1335311430
2021-04-01,9270,10300,9180,9660,2031485,4.658721560130011,36121,11939,-57395,9335,0,39752,13560,1855990,122183,2031485,3631,1621,1913385,112848,2031485,353000530,117096370,-542620660,72523760,0,387715320,132624940,18148386650,1173796480,19842523390,34714790,15528570,18691007310,1101272720,19842523390
2021-04-02,9570,9930,9350,9800,497391,1.4492753623188406,5083,-84,-3889,-1110,0,7037,0,439311,51043,497391,1954,84,443200,52153,497391,49739920,-813120,-35700570,-13226230,0,68745000,0,4281106560,497650150,4847501710,19005080,813120,4316807130,510876380,4847501710
2021-04-05,9930,11400,9880,10250,3084663,4.591836734693878,-2528,-16593,22102,-2981,0,7200,45,2995786,81632,3084663,9728,16638,2973684,84613,3084663,-29004000,-179756450,248147070,-39386620,0,74829400,476950,32000535740,849636460,32925478550,103833400,180233400,31752388670,889023080,32925478550
2021-04-06,10650,11900,10250,10900,3322762,6.341463414634147,74262,-2020,-73318,1076,0,79262,59,3109673,133768,3322762,5000,2079,3182991,132692,3322762,841089500,-22489300,-803923150,-14677050,0,894569900,657700,34358713000,1446540000,36700480600,53480400,23147000,35162636150,1461217050,36700480600
2021-04-07,11100,11500,10600,10750,928394,-1.3761467889908259,-10876,365,15350,-4839,0,189,365,884446,43394,928394,11065,0,869096,48233,928394,-115848300,3912100,175500600,-63564400,0,2060100,3912100,9784357550,476802500,10267132250,117908400,0,9608856950,540366900,10267132250
2021-04-08,10500,10600,10100,10300,381632,-4.186046511627907,637,0,-33553,32916,0,637,0,332942,48053,381632,0,0,366495,15137,381632,6544250,0,-343684600,337140350,0,6544250,0,3420605550,492534000,3919683800,0,0,3764290150,155393650,3919683800
2021-04-09,10350,10800,10300,10450,314430,1.4563106796116505,-810,-1248,-24135,26193,0,0,1107,264387,48936,314430,810,2355,288522,22743,314430,-8545500,-12862150,-251499900,272907550,0,0,11512100,2771885700,512061600,3295459400,8545500,24374250,3023385600,239154050,3295459400
2021-04-12,10700,11200,10500,10950,869147,4.784688995215311,-35492,-1739,34643,2588,0,0,100,806952,62095,869147,35492,1839,772309,59507,869147,-383311300,-19177750,373166450,29322600,0,0,1070000,8813888200,677528500,9492486700,383311300,20247750,8440721750,648205900,9492486700
2021-04-13,10800,10900,10200,10350,433172,-5.47945205479452,-24307,-938,56940,-31695,0,0,100,408171,24901,433172,24307,1038,351231,56596,433172,-248985500,-9755200,593573850,-334833150,0,0,1040000,4274140400,261573000,4536753400,248985500,10795200,3680566550,596406150,4536753400
2021-04-14,10600,10600,10250,10500,188463,1.4492753623188406,-31,-5,6675,-6639,0,809,0,180261,7393,188463,840,5,173586,14032,188463,-311500,-52000,71506350,-71142850,0,8398600,0,1872029700,76192950,1956621250,8710100,52000,1800523350,147335800,1956621250
2021-04-15,10350,10400,9810,9920,488001,-5.523809523809524,-41250,1563,73999,-34312,0,814,1563,453278,32346,488001,42064,0,379279,66658,488001,-414452380,15542700,741041090,-342131410,0,8058410,15542700,4521056120,322579240,4867236470,422510790,0,3780015030,664710650,4867236470
2021-04-16,9920,10100,9730,9960,175184,0.4032258064516129,-809,11,2505,-1707,0,557,11,156008,18608,175184,1366,0,153503,20315,175184,-8077290,109990,26442020,-18474720,0,5536880,109990,1554338350,184512760,1744497980,13614170,0,1527896330,202987480,1744497980
2021-04-19,9990,9990,9450,9610,271272,-3.5140562248995986,0,160,29797,-29957,0,672,160,262673,7767,271272,672,0,232876,37724,271272,-6840,1577600,287024860,-288595620,0,6446380,1577600,2520558270,74561680,2603143930,6453220,0,2233533410,363157300,2603143930
2021-04-20,9620,9780,9530,9600,90897,-0.10405827263267431,0,61,-1599,1538,0,1187,61,80324,9325,90897,1187,0,81923,7787,90897,4030,589050,-15031320,14438240,0,11421400,589050,775107650,89867990,876986090,11417370,0,790138970,75429750,876986090
2021-04-21,9640,9650,9320,9320,153119,-2.9166666666666665,0,500,-3461,2961,0,641,500,141647,10331,153119,641,0,145108,7370,153119,1090,4705000,-32072350,27366260,0,6031780,4705000,1331584790,96926780,1439248350,6030690,0,1363657140,69560520,1439248350
2021-04-22,9450,9470,9360,9360,78582,0.4291845493562232,0,0,8328,-8328,0,0,0,77144,1438,78582,0,0,68816,9766,78582,0,0,78280800,-78280800,0,0,0,724955340,13518350,738473690,0,0,646674540,91799150,738473690
2021-04-23,9360,9440,9150,9170,92126,-2.02991452991453,0,482,-1661,1179,0,461,642,83080,7943,92126,461,160,84741,6764,92126,-5160,4567600,-15133320,10570880,0,4268100,6034800,768558890,73456440,852318230,4273260,1467200,783692210,62885560,852318230
2021-04-26,9150,9320,9070,9210,72304,0.43620501635768816,0,0,10198,-10198,0,521,0,67529,4254,72304,521,0,57331,14452,72304,-7690,0,94142170,-94134480,0,4775090,0,622016940,39120400,665912430,4782780,0,527874770,133254880,665912430
2021-04-27,9210,9560,9210,9400,163662,2.0629750271444083,0,1149,-3597,2448,0,1349,1149,129133,32031,163662,1349,0,132730,29583,163662,-6250,10863050,-33971320,23114520,0,12688940,10863050,1216752200,301577620,1541881810,12695190,0,1250723520,278463100,1541881810
2021-04-28,9400,9450,9220,9300,80333,-1.0638297872340425,0,0,7572,-7572,0,519,0,78599,1215,80333,519,0,71027,8787,80333,-8700,0,70806370,-70797670,0,4848420,0,733179770,11283890,749312080,4857120,0,662373400,82081560,749312080
2021-04-29,9300,9380,9060,9140,66083,-1.7204301075268817,0,0,6605,-6605,0,467,200,58329,7087,66083,467,200,51724,13692,66083,3060,18000,60833790,-60854850,0,4279080,1836000,534632760,64820410,605568250,4276020,1818000,473798970,125675260,605568250
2021-04-30,9070,9470,9040,9090,89891,-0.5470459518599562,0,0,6995,-6995,0,2038,51,82637,5165,89891,2038,51,75642,12160,89891,-2710,20570,64219590,-64237450,0,18741680,482970,758923850,47789710,825938210,18744390,462400,694704260,112027160,825938210
2021-05-03,9000,9220,8860,9010,56486,-0.88008800880088,94,0,-10112,10018,0,1562,0,39292,15632,56486,1468,0,49404,5614,56486,842400,0,-92148190,91305790,0,14188790,0,355954730,142493710,512637230,13346390,0,448102920,51187920,512637230
2021-05-04,9040,9090,8700,8910,74806,-1.1098779134295227,-94,1682,2697,-4285,0,1367,1682,62971,8786,74806,1461,0,60274,13071,74806,-803370,15074340,23765800,-38036770,0,12083780,15074340,559696280,78256240,665110640,12887150,0,535930480,116293010,665110640
2021-05-06,8840,9210,8840,9200,52442,3.254769921436588,0,0,-6827,6827,0,368,0,40416,11658,52442,368,0,47243,4831,52442,-7360,0,-62288510,62295870,0,3360150,0,369606950,106386160,479353260,3367510,0,431895460,44090290,479353260
2021-05-07,9190,9290,9090,9090,50410,-1.1956521739130435,0,0,1359,-1359,0,110,0,45978,4322,50410,110,0,44619,5681,50410,-2200,0,12781870,-12779670,0,1001720,0,421625920,39500170,462127810,1003920,0,408844050,52279840,462127810
2021-05-10,9160,9160,8920,9050,103075,-0.44004400440044,0,0,8625,-8625,0,224,0,94310,8541,103075,224,0,85685,17166,103075,3620,0,77496730,-77500350,0,2011520,0,847654050,76787230,926452800,2007900,0,770157320,154287580,926452800
2021-05-11,8820,9050,8800,8840,83259,-2.3204419889502765,0,300,-3310,3010,0,498,300,72305,10156,83259,498,0,75615,7146,83259,-1480,2643000,-29173710,26532190,0,4425340,2643000,639588570,89902150,736559060,4426820,0,668762280,63369960,736559060
2021-05-12,8840,9000,8700,8830,70663,-0.11312217194570137,0,228,-7727,7499,0,1309,228,49665,19461,70663,1309,0,57392,11962,70663,-11660,1999560,-67523260,65535360,0,11533840,1999560,438095680,171465090,623094170,11545500,0,505618940,105929730,623094170
2021-05-13,8700,8780,8550,8560,85903,-3.057757644394111,190,200,6741,-7131,0,2076,200,76676,6951,85903,1886,0,69935,14082,85903,1662410,1742000,57828180,-61232590,0,18017920,1742000,662107830,60391870,742259620,16355510,0,604279650,121624460,742259620
2021-05-14,8690,8770,8600,8700,52765,1.6355140186915886,-190,0,-7460,7650,0,763,0,40728,11274,52765,953,0,48188,3624,52765,-1664460,0,-64904960,66569420,0,6614400,0,353724440,98002170,458341010,8278860,0,418629400,31432750,458341010
2021-05-17,8690,8710,8500,8500,46479,-2.2988505747126435,0,0,-107,107,0,466,0,42463,3550,46479,466,0,42570,3443,46479,-12000,0,-907130,919130,0,3996300,0,364103040,30449740,398549080,4008300,0,365010170,29530610,398549080
2021-05-18,8550,8670,8450,8590,62538,1.0588235294117647,0,0,-9885,9885,0,0,0,49354,13184,62538,0,0,59239,3299,62538,0,0,-84176030,84176030,0,0,0,423510040,112454460,535964500,0,0,507686070,28278430,535964500
2021-05-20,8530,8550,8390,8450,34834,-1.629802095459837,206,0,3035,-3241,0,501,0,31308,3025,34834,295,0,28273,6266,34834,1745940,0,25817460,-27563400,0,4237700,0,264720470,25509670,294467840,2491760,0,238903010,53073070,294467840
2021-05-21,8470,8540,8280,8300,47014,-1.7751479289940828,-206,0,8989,-8783,0,842,0,43920,2252,47014,1048,0,34931,11035,47014,-1762020,0,75226980,-73464960,0,7004250,0,367251270,18934360,393189880,8766270,0,292024290,92399320,393189880
2021-05-24,8280,8280,7980,8000,58209,-3.614457831325301,0,805,-5393,4588,0,308,805,48224,8872,58209,308,0,53617,4284,58209,-6160,6440000,-43533310,37099470,0,2487130,6440000,388698530,71481730,469107390,2493290,0,432231840,34382260,469107390
2021-05-25,8010,8580,8010,8460,140655,5.75,0,6168,-15397,9229,0,1184,6168,114010,19293,140655,1184,0,129407,10064,140655,-14120,51678190,-126522180,74858110,0,9892760,51678190,949383710,158798940,1169753600,9906880,0,1075905890,83940830,1169753600
2021-05-26,8460,8610,8390,8540,34765,0.9456264775413712,0,0,2788,-2788,0,236,0,31688,2841,34765,236,0,28900,5629,34765,-4720,0,24139760,-24135040,0,2020160,0,270778700,24089300,296888160,2024880,0,246638940,48224340,296888160
2021-05-27,8630,8630,8440,8590,36899,0.5854800936768151,0,1699,1486,-3185,0,175,1699,32570,2455,36899,175,0,31084,5640,36899,-3500,14630220,12616070,-27242790,0,1495130,14630220,278771500,21007920,315904770,1498630,0,266155430,48250710,315904770
2021-05-28,8580,8660,8560,8660,29430,0.8149010477299184,0,700,2029,-2729,0,305,700,27929,496,29430,305,0,25900,3225,29430,-6100,6037790,17465980,-23497670,0,2620120,6037790,240466220,4272510,253396640,2626220,0,223000240,27770180,253396640
2021-05-31,8750,8820,8650,8740,41169,0.9237875288683602,128,0,-1235,1107,0,350,0,38098,2721,41169,222,0,39333,1614,41169,1125600,0,-10795980,9670380,0,3068390,0,334293760,23839220,361201370,1942790,0,345089740,14168840,361201370
2021-06-01,8780,8800,8650,8790,26194,0.5720823798627002,-128,0,-723,851,0,879,0,22680,2635,26194,1007,0,23403,1784,26194,-1129690,0,-6129980,7259670,0,7672700,0,198140670,22869880,228683250,8802390,0,204270650,15610210,228683250
2021-06-02,8840,8860,8760,8820,30727,0.3412969283276451,0,0,2178,-2178,0,883,0,29844,0,30727,883,0,27666,2178,30727,-12570,0,19258910,-19246340,0,7770620,0,263050350,0,270820970,7783190,0,243791440,19246340,270820970
2021-06-03,8830,8880,8450,8540,71069,-3.1746031746031744,0,998,4567,-5565,0,3689,998,63911,2471,71069,3689,0,59344,8036,71069,-27020,8730480,39240880,-47944340,0,31952130,8730480,552250430,21107370,614040410,31979150,0,513009550,69051710,614040410
2021-06-04,8470,8680,8410,8600,28258,0.702576112412178,0,172,-2065,1893,0,1574,172,21921,4591,28258,1574,0,23986,2698,28258,-15810,1462000,-17434220,15988030,0,13399430,1462000,188300890,39220250,242382570,13415240,0,205735110,23232220,242382570
2021-06-07,8570,8710,8480,8500,22232,-1.1627906976744187,0,0,3137,-3137,0,478,0,21310,444,22232,478,0,18173,3581,22232,-4560,0,26782470,-26777910,0,4068510,0,181464420,3804440,189337370,4073070,0,154681950,30582350,189337370
2021-06-08,8510,8600,8300,8380,37239,-1.411764705882353,0,20,2181,-2201,0,1131,20,35716,372,37239,1131,0,33535,2573,37239,-8010,167800,18359420,-18519210,0,9494300,167800,299739840,3121390,312523330,9502310,0,281380420,21640600,312523330
2021-06-09,8360,8380,8250,8310,34891,-0.8353221957040573,0,0,673,-673,0,594,0,33032,1265,34891,594,0,32359,1938,34891,-10310,0,5670440,-5660130,0,4921190,0,274762430,10506320,290189940,4931500,0,269091990,16166450,290189940
2021-06-10,8270,8400,8240,8350,15009,0.48134777376654636,0,0,1179,-1179,0,632,0,13612,765,15009,632,0,12433,1944,15009,-7550,0,9910880,-9903330,0,5269970,0,113422470,6338640,125031080,5277520,0,103511590,16241970,125031080
2021-06-11,8350,8390,8280,8330,23870,-0.23952095808383234,0,17,3128,-3145,0,819,17,22389,645,23870,819,0,19261,3790,23870,-13770,141610,26036540,-26164380,0,6811630,141610,186172180,5381630,198507050,6825400,0,160135640,31546010,198507050
2021-06-14,8270,8530,8270,8410,25438,0.9603841536614646,0,-127,-1443,1570,0,484,83,18730,6141,25438,484,210,20173,4571,25438,5420,-1077740,-12326140,13398460,0,4086330,698860,157747870,51962050,214495110,4080910,1776600,170074010,38563590,214495110
2021-06-15,8410,8510,8410,8490,15643,0.9512485136741973,0,1156,342,-1498,0,947,2034,11956,706,15643,947,878,11614,2204,15643,-12640,9842820,2903650,-12733830,0,7998010,17241060,101217900,5954100,132411070,8010650,7398240,98314250,18687930,132411070
2021-06-16,8600,8600,8460,8510,25666,0.23557126030624262,0,0,-487,487,0,1228,0,22715,1723,25666,1228,0,23202,1236,25666,-17840,0,-4092840,4110680,0,10447520,0,193989530,14668310,219105360,10465360,0,198082370,10557630,219105360
2021-06-17,8470,8650,8450,8560,32102,0.5875440658049353,0,84,366,-450,0,584,84,29232,2202,32102,584,0,28866,2652,32102,-4120,713900,3055530,-3765310,0,4987860,713900,250710410,18909890,275322060,4991980,0,247654880,22675200,275322060
2021-06-18,8560,8690,8450,8490,25693,-0.8177570093457943,0,0,4886,-4886,0,1929,0,23329,435,25693,1929,0,18443,5321,25693,-18630,0,41730830,-41712200,0,16380680,0,199019310,3735190,219135180,16399310,0,157288480,45447390,219135180
2021-06-21,8390,8490,8260,8330,50475,-1.884570082449941,0,0,3539,-3539,0,2352,0,46756,1367,50475,2352,0,43217,4906,50475,9590,0,29577480,-29587070,0,19562920,0,390109010,11525800,421197730,19553330,0,360531530,41112870,421197730
2021-06-22,8340,8500,8290,8330,27132,0.0,0,0,-124,124,0,480,0,24972,1680,27132,480,0,25096,1556,27132,9600,0,-975690,966090,0,4008000,0,208941770,14035860,226985630,3998400,0,209917460,13069770,226985630
2021-06-23,8380,8380,8160,8290,45308,-0.4801920768307323,0,22,2292,-2314,0,2051,22,41322,1913,45308,2051,0,39030,4227,45308,5520,181680,18885350,-19072550,0,16869220,181680,340081170,15698780,372830850,16863700,0,321195820,34771330,372830850
2021-06-24,8390,8390,8140,8210,46108,-0.9650180940892641,0,932,-1001,69,0,1774,932,37502,5900,46108,1774,0,38503,5831,46108,19050,7656230,-7899670,224390,0,14538470,7656230,307416110,48200850,377811660,14519420,0,315315780,47976460,377811660
2021-06-25,8300,8310,8160,8170,30728,-0.48721071863580995,0,0,1227,-1227,0,0,0,29349,1379,30728,0,0,28122,2606,30728,0,0,10024130,-10024130,0,0,0,240973460,11346170,252319630,0,0,230949330,21370300,252319630
2021-06-28,8170,8250,8020,8100,61733,-0.8567931456548347,0,0,1114,-1114,0,985,0,58021,2727,61733,985,0,56907,3841,61733,33110,0,9210370,-9243480,0,8003050,0,470099780,21984430,500087260,7969940,0,460889410,31227910,500087260
2021-06-29,8100,8130,8030,8050,31538,-0.6172839506172839,420,0,-394,-26,0,1352,0,28719,1467,31538,932,0,29113,1493,31538,3362360,0,-3124360,-238000,0,10894730,0,231652900,11821790,254369420,7532370,0,234777260,12059790,254369420
2021-06-30,8080,8250,8080,8250,37077,2.484472049689441,-420,0,419,1,0,0,0,34086,2991,37077,420,0,33667,2990,37077,-3393600,0,3346410,47190,0,0,0,278439540,24417090,302856630,3393600,0,275093130,24369900,302856630
2021-07-01,8250,8430,8250,8390,45513,1.6969696969696972,0,0,97,-97,0,59,0,38344,7110,45513,59,0,38247,7207,45513,-1180,0,802150,-800970,0,491470,0,320937390,59427340,380856200,492650,0,320135240,60228310,380856200
2021-07-02,8390,8420,8270,8400,30302,0.11918951132300357,0,1800,4189,-5989,0,16,1800,27618,868,30302,16,0,23429,6857,30302,-320,15056000,35117280,-50172960,0,132320,15056000,231122370,7218760,253529450,132640,0,196005090,57391720,253529450
2021-07-05,8370,8500,8360,8380,24925,-0.2380952380952381,-1,0,1439,-1438,0,239,0,23350,1336,24925,240,0,21911,2774,24925,-10770,0,12147780,-12137010,0,2002820,0,196131110,11198010,209331940,2013590,0,183983330,23335020,209331940
2021-07-06,8270,8370,8140,8260,40771,-1.431980906921241,0,0,-366,366,0,489,0,38381,1901,40771,489,0,38747,1535,40771,-5040,0,-2989600,2994640,0,4007340,0,316043660,15642380,335693380,4012380,0,319033260,12647740,335693380
2021-07-07,8200,8380,8180,8370,28035,1.331719128329298,0,238,-436,198,0,2302,238,24317,1178,28035,2302,0,24753,980,28035,-16080,1992060,-3593580,1617600,0,19075120,1992060,203078210,9751050,233896440,19091200,0,206671790,8133450,233896440
2021-07-08,8470,8570,8160,8200,57965,-2.031063321385902,0,178,4601,-4779,0,964,178,52947,3876,57965,964,0,48346,8655,57965,61500,1470800,38247940,-39780240,0,7995120,1470800,444098970,32490310,486055200,7933620,0,405851030,72270550,486055200
2021-07-09,8200,8200,8030,8150,42950,-0.6097560975609756,0,240,5030,-5270,0,108,240,40411,2191,42950,108,0,35381,7461,42950,-2160,1954270,40836690,-42788800,0,875880,1954270,327875990,17782660,348488800,878040,0,287039300,60571460,348488800
2021-07-12,8130,8280,8130,8210,17331,0.7361963190184049,0,0,609,-609,0,243,0,15351,1737,17331,243,0,14742,2346,17331,560,0,4993290,-4993850,0,1999890,0,125909790,14245320,142155000,1999330,0,120916500,19239170,142155000
2021-07-13,8160,8320,8160,8300,20983,1.0962241169305724,0,-810,-1786,2596,0,0,0,18029,2954,20983,0,810,19815,358,20983,0,-6690600,-14632950,21323550,0,0,0,148835630,24281130,173116760,0,6690600,163468580,2957580,173116760
2021-07-14,8240,8340,8150,8220,17103,-0.9638554216867471,0,0,-389,389,0,791,0,13894,2418,17103,791,0,14283,2029,17103,-3300,0,-3012390,3015690,0,6523300,0,114399130,19816000,140738430,6526600,0,117411520,16800310,140738430
2021-07-15,8260,8330,8210,8300,23789,0.9732360097323601,0,0,-1358,1358,0,1696,0,20573,1520,23789,1696,0,21931,162,23789,9050,0,-11211560,11202510,0,14008810,0,170141270,12549900,196699980,13999760,0,181352830,1347390,196699980
2021-07-16,8320,8370,8240,8360,21714,0.7228915662650602,0,0,1137,-1137,0,2,0,21268,444,21714,2,0,20131,1581,21714,-20,0,9386560,-9386540,0,16500,0,176435840,3700940,180153280,16520,0,167049280,13087480,180153280
2021-07-19,8270,8380,8200,8250,25514,-1.3157894736842104,0,0,2585,-2585,0,143,0,24487,884,25514,143,0,21902,3469,25514,-2860,0,21392430,-21389570,0,1184040,0,202171980,7302680,210658700,1186900,0,180779550,28692250,210658700
2021-07-20,8110,8240,8070,8130,34401,-1.4545454545454546,0,0,337,-337,0,980,0,31160,2261,34401,980,0,30823,2598,34401,14390,0,2861130,-2875520,0,7999090,0,253855490,18378810,280233390,7984700,0,250994360,21254330,280233390
2021-07-21,8130,8210,8010,8100,62532,-0.36900369003690037,238,0,-232,-6,0,579,0,61007,946,62532,341,0,61239,952,62532,1929460,0,-1799940,-129520,0,4701340,0,491185440,7637970,503524750,2771880,0,492985380,7767490,503524750
2021-07-22,8020,8170,8010,8160,25141,0.7407407407407408,-238,-59,-3888,4185,0,46,1,20577,4517,25141,284,60,24465,332,25141,-1913980,-472560,-31468710,33855250,0,373290,8040,166463220,36550080,203394630,2287270,480600,197931930,2694830,203394630
2021-07-23,8160,8280,8160,8200,14445,0.49019607843137253,0,0,111,-111,0,0,0,13535,910,14445,0,0,13424,1021,14445,0,0,938740,-938740,0,0,0,111186940,7457180,118644120,0,0,110248200,8395920,118644120
2021-07-26,8200,8330,8160,8210,22043,0.12195121951219512,111,0,3040,-3151,0,1480,0,19406,1157,22043,1369,0,16366,4308,22043,911430,0,25177330,-26088760,0,12263650,0,160610280,9596260,182470190,11352220,0,135432950,35685020,182470190
2021-07-27,8210,8300,8170,8230,22910,0.24360535931790497,-111,0,3282,-3171,0,1103,0,20234,1573,22910,1214,0,16952,4744,22910,-924490,0,27348060,-26423570,0,9059850,0,166851570,12936070,188847490,9984340,0,139503510,39359640,188847490
2021-07-28,8150,8310,8080,8210,26041,-0.24301336573511542,0,0,1732,-1732,0,246,0,24892,903,26041,246,0,23160,2635,26041,4840,0,14137130,-14141970,0,2004900,0,202523270,7352210,211880380,2000060,0,188386140,21494180,211880380
2021-07-29,8370,8370,8150,8190,12405,-0.24360535931790497,0,0,1279,-1279,0,204,0,12158,43,12405,204,0,10879,1322,12405,-4080,0,10672450,-10668370,0,1671760,0,100352750,355920,102380430,1675840,0,89680300,11024290,102380430
2021-07-30,8190,8340,8080,8100,33778,-1.098901098901099,0,523,300,-823,0,620,599,31633,926,33778,620,76,31333,1749,33778,-7480,4248410,2543820,-6784750,0,5041640,4869870,257228930,7508910,274649350,5049120,621460,254685110,14293660,274649350
2021-08-02,8080,8140,8060,8070,16258,-0.3703703703703704,0,800,-1148,348,0,760,800,13966,732,16258,760,0,15114,384,16258,-11740,6458870,-9249630,2802500,0,6134180,6458870,112787550,5918010,131298610,6145920,0,122037180,3115510,131298610
2021-08-03,8040,8140,7980,8030,24417,-0.49566294919454773,0,0,-2014,2014,0,1017,0,20488,2912,24417,1017,0,22502,898,24417,-11930,0,-16175000,16186930,0,8170760,0,164434920,23443580,196049260,8182690,0,180609920,7256650,196049260
2021-08-04,8030,8090,8000,8030,17757,0.0,0,3,-810,807,0,0,3,16381,1373,17757,0,0,17191,566,17757,0,24030,-6470660,6446630,0,0,24030,131289000,10994450,142307480,0,0,137759660,4547820,142307480
2021-08-05,8050,8090,8010,8060,11478,0.37359900373599003,0,0,-2120,2120,0,0,0,9215,2263,11478,0,0,11335,143,11478,0,0,-17046920,17046920,0,0,0,74148220,18196650,92344870,0,0,91195140,1149730,92344870
2021-08-06,8150,8150,8030,8030,20384,-0.37220843672456577,0,-116,-747,863,0,0,0,19457,927,20384,0,116,20204,64,20384,0,-934370,-6018380,6952750,0,0,0,157073570,7471150,164544720,0,934370,163091950,518400,164544720
2021-08-09,8040,8140,8020,8030,12626,0.0,0,0,-626,626,0,0,0,11413,1213,12626,0,0,12039,587,12626,0,0,-5011210,5011210,0,0,0,91903360,9754680,101658040,0,0,96914570,4743470,101658040
2021-08-10,8030,8090,7980,7980,24392,-0.62266500622665,0,8,139,-147,0,0,8,23581,803,24392,0,0,23442,950,24392,0,64160,1109370,-1173530,0,0,64160,188778450,6446690,195289300,0,0,187669080,7620220,195289300
2021-08-11,7950,8070,7920,7980,16100,0.0,0,184,-233,49,0,155,184,13941,1820,16100,155,0,14174,1771,16100,-10,1466480,-1847700,381230,0,1236900,1466480,111348070,14526190,128577640,1236910,0,113195770,14144960,128577640
2021-08-12,7980,8110,7940,7960,10909,-0.2506265664160401,0,-128,787,-659,0,252,0,10599,58,10909,252,128,9812,717,10909,-5040,-1023620,6291230,-5262570,0,2000880,0,84508280,462840,86972000,2005920,1023620,78217050,5725410,86972000
2021-08-13,7960,7970,7620,7770,41218,-2.386934673366834,0,5,622,-627,0,852,5,37892,2469,41218,852,0,37270,3096,41218,-17040,39100,4887220,-4909280,0,6595670,39100,293292070,19003310,318930150,6612710,0,288404850,23912590,318930150
2021-08-17,7770,7770,7380,7470,48401,-3.861003861003861,0,-13,7946,-7933,0,672,107,45745,1877,48401,672,120,37799,9810,48401,-1200,-113720,60384110,-60269190,0,5052310,805480,345447480,14131040,365436310,5053510,919200,285063370,74400230,365436310
2021-08-18,7560,7610,7410,7590,19119,1.6064257028112447,0,0,-4108,4108,0,324,0,13909,4886,19119,324,0,18017,778,19119,-520,0,-30857300,30857820,0,2443280,0,104923670,36681540,144048490,2443800,0,135780970,5823720,144048490
2021-08-19,7590,7630,7280,7340,33404,-3.293807641633729,0,0,1451,-1451,0,1456,0,30064,1884,33404,1456,0,28613,3335,33404,72420,0,10589420,-10661840,0,10796410,0,221879150,13935570,246611130,10723990,0,211289730,24597410,246611130
2021-08-20,7220,7390,7080,7160,53579,-2.452316076294278,0,846,1854,-2700,0,552,846,47800,4381,53579,552,0,45946,7081,53579,7090,6156840,13718240,-19882170,0,4012560,6156840,344502870,31566310,386238580,4005470,0,330784630,51448480,386238580
2021-08-23,7110,7240,7080,7190,29313,0.41899441340782123,0,443,-6859,6416,0,837,443,20175,7858,29313,837,0,27034,1442,29313,-14580,3149730,-49201540,46066390,0,6006820,3149730,144363350,56347760,209867660,6021400,0,193564890,10281370,209867660
2021-08-24,7260,7390,7200,7330,14240,1.9471488178025034,0,0,-2209,2209,0,0,0,10565,3675,14240,0,0,12774,1466,14240,0,0,-16125370,16125370,0,0,0,77397330,26845380,104242710,0,0,93522700,10720010,104242710
2021-08-25,7330,7490,7230,7300,7174,-0.4092769440654843,0,-282,2052,-1770,0,296,0,6338,540,7174,296,282,4286,2310,7174,500,-2069890,14957130,-12887740,0,2146700,0,46117170,3935600,52199470,2146200,2069890,31160040,16823340,52199470
2021-08-26,7250,7350,7240,7320,11689,0.273972602739726,0,0,3669,-3669,0,286,0,11097,306,11689,286,0,7428,3975,11689,-550,0,26709220,-26708670,0,2076760,0,80755300,2228910,85060970,2077310,0,54046080,28937580,85060970
2021-08-27,7320,7360,7220,7290,7062,-0.4098360655737705,0,681,-1420,739,0,0,681,5153,1228,7062,0,0,6573,489,7062,0,4985440,-10335930,5350490,0,0,4985440,37583300,8913540,51482280,0,0,47919230,3563050,51482280
2021-08-30,7260,7350,7260,7270,9923,-0.2743484224965706,0,-41,1076,-1035,0,275,0,9285,363,9923,275,41,8209,1398,9923,-5500,-298890,7874680,-7570290,0,2004750,0,67660120,2643080,72307950,2010250,298890,59785440,10213370,72307950
2021-08-31,7300,7500,7250,7450,22421,2.4759284731774414,0,-18,-2057,2075,0,273,0,19603,2545,22421,273,18,21660,470,22421,-2730,-134530,-15235530,15372790,0,2001090,0,144731100,18814530,165546720,2003820,134530,159966630,3441740,165546720
2021-09-01,7450,7560,7350,7560,21418,1.476510067114094,0,0,1455,-1455,0,238,0,17392,3788,21418,238,0,15937,5243,21418,-4760,0,11230680,-11225920,0,1780240,0,130104220,28045880,159930340,1785000,0,118873540,39271800,159930340
2021-09-02,7660,7660,7480,7580,8535,0.26455026455026454,0,88,497,-585,0,0,88,8024,423,8535,0,0,7527,1008,8535,0,666160,3785360,-4451520,0,0,666160,60725460,3177500,64569120,0,0,56940100,7629020,64569120
2021-09-03,7580,7640,7490,7610,5691,0.395778364116095,0,0,1167,-1167,0,0,0,5686,5,5691,0,0,4519,1172,5691,0,0,8868610,-8868610,0,0,0,43202500,37540,43240040,0,0,34333890,8906150,43240040
2021-09-06,7740,7740,7460,7550,12612,-0.7884362680683311,0,9,-103,94,0,0,9,11916,687,12612,0,0,12019,593,12612,0,68040,-751410,683370,0,0,68040,89587620,5156550,94812210,0,0,90339030,4473180,94812210
2021-09-07,7550,7720,7420,7550,4966,0.0,0,0,1397,-1397,0,0,0,4691,275,4966,0,0,3294,1672,4966,0,0,10560740,-10560740,0,0,0,35469790,2069960,37539750,0,0,24909050,12630700,37539750
2021-09-08,7570,7630,7330,7390,16347,-2.119205298013245,0,0,24,-24,0,0,0,15509,838,16347,0,0,15485,862,16347,0,0,259220,-259220,0,0,0,114650980,6203130,120854110,0,0,114391760,6462350,120854110
2021-09-09,7390,7410,7210,7350,7177,-0.5412719891745602,0,96,-293,197,0,0,96,6276,805,7177,0,0,6569,608,7177,0,701940,-2165920,1463980,0,0,701940,45892160,5924670,52518770,0,0,48058080,4460690,52518770
2021-09-10,7280,7380,7210,7340,35328,-0.13605442176870747,0,0,420,-420,0,0,0,33494,1834,35328,0,0,33074,2254,35328,0,0,3077780,-3077780,0,0,0,243552390,13320230,256872620,0,0,240474610,16398010,256872620
2021-09-13,7280,7340,7200,7270,11183,-0.9536784741144414,0,0,1624,-1624,0,0,0,10508,675,11183,0,0,8884,2299,11183,0,0,11779270,-11779270,0,0,0,76002880,4867750,80870630,0,0,64223610,16647020,80870630
2021-09-14,7280,7350,7220,7270,7134,0.0,0,89,695,-784,0,0,89,6331,714,7134,0,0,5636,1498,7134,0,653260,5036190,-5689450,0,0,653260,45962680,5179320,51795260,0,0,40926490,10868770,51795260
2021-09-15,7280,7440,7260,7370,11319,1.3755158184319118,0,0,446,-446,0,0,0,10092,1227,11319,0,0,9646,1673,11319,0,0,3362180,-3362180,0,0,0,74478100,8979660,83457760,0,0,71115920,12341840,83457760
2021-09-16,7370,7430,7220,7260,13775,-1.4925373134328357,0,0,2241,-2241,0,0,0,13755,20,13775,0,0,11514,2261,13775,0,0,16363690,-16363690,0,0,0,100509320,146200,100655520,0,0,84145630,16509890,100655520
2021-09-17,7390,7390,7220,7300,4542,0.5509641873278237,0,0,960,-960,0,0,0,4327,215,4542,0,0,3367,1175,4542,0,0,6982280,-6982280,0,0,0,31438940,1561090,33000030,0,0,24456660,8543370,33000030
2021-09-23,7280,7360,7080,7210,26436,-1.2328767123287672,0,0,477,-477,0,0,0,24324,2112,26436,0,0,23847,2589,26436,0,0,3564730,-3564730,0,0,0,175016110,15097330,190113440,0,0,171451380,18662060,190113440
2021-09-24,7100,7400,7100,7170,15452,-0.5547850208044383,0,0,948,-948,0,0,0,14331,1121,15452,0,0,13383,2069,15452,0,0,6749380,-6749380,0,0,0,102727180,8074450,110801630,0,0,95977800,14823830,110801630
2021-09-27,7180,7240,7090,7160,13884,-0.1394700139470014,0,0,670,-670,0,0,0,13449,435,13884,0,0,12779,1105,13884,0,0,4791970,-4791970,0,0,0,95901520,3102460,99003980,0,0,91109550,7894430,99003980
2021-09-28,7190,7190,7010,7070,18128,-1.2569832402234637,0,100,2694,-2794,0,0,100,17581,447,18128,0,0,14887,3241,18128,0,706000,19101330,-19807330,0,0,706000,124202120,3164520,128072640,0,0,105100790,22971850,128072640
2021-09-29,7090,7430,6920,6960,40299,-1.5558698727015559,0,-16,-1018,1034,0,0,0,34679,5620,40299,0,16,35697,4586,40299,0,-117050,-7268210,7385260,0,0,0,244733080,39819370,284552450,0,117050,252001290,32434110,284552450
2021-09-30,6960,7040,6920,6980,4700,0.28735632183908044,0,135,2005,-2140,0,0,135,4403,162,4700,0,0,2398,2302,4700,0,945000,13948250,-14893250,0,0,945000,30628570,1124810,32698380,0,0,16680320,16018060,32698380
2021-10-01,6900,6970,6700,6810,42102,-2.4355300859598854,0,0,10227,-10227,0,0,0,41909,193,42102,0,0,31682,10420,42102,0,0,69258470,-69258470,0,0,0,283268560,1315320,284583880,0,0,214010090,70573790,284583880
2021-10-05,6790,6790,6510,6760,21852,-0.7342143906020557,0,-9,3317,-3308,0,0,9,21287,556,21852,0,18,17970,3864,21852,0,-59720,22032860,-21973140,0,0,61020,141354900,3679750,145095670,0,120740,119322040,25652890,145095670
2021-10-06,6660,6790,6550,6550,29951,-3.106508875739645,0,200,-551,351,0,0,200,28408,1343,29951,0,0,28959,992,29951,0,1340000,-3636700,2296700,0,0,1340000,187801930,8910790,198052720,0,0,191438630,6614090,198052720
2021-10-07,6560,6790,6560,6680,10691,1.984732824427481,0,90,-914,824,0,0,90,9734,867,10691,0,0,10648,43,10691,0,600990,-6062860,5461870,0,0,600990,64531720,5750580,70883290,0,0,70594580,288710,70883290
2021-10-08,6720,6720,6600,6680,14207,0.0,0,334,382,-716,0,0,334,13686,187,14207,0,0,13304,903,14207,0,2231120,2538900,-4770020,0,0,2231120,90840730,1243550,94315400,0,0,88301830,6013570,94315400
2021-10-12,6710,6980,6560,6920,34635,3.592814371257485,0,-2,2158,-2156,0,0,0,34495,140,34635,0,2,32337,2296,34635,0,-13940,14789090,-14775150,0,0,0,235137780,919800,236057580,0,13940,220348690,15694950,236057580
2021-10-13,6920,7050,6600,6930,39523,0.1445086705202312,0,0,-277,277,0,0,0,36508,3015,39523,0,0,36785,2738,39523,0,0,-1579570,1579570,0,0,0,249761390,20459560,270220950,0,0,251340960,18879990,270220950
2021-10-14,7050,7110,6940,6970,30359,0.5772005772005772,0,0,-1514,1514,0,0,0,27820,2539,30359,0,0,29334,1025,30359,0,0,-10605700,10605700,0,0,0,194886070,17822940,212709010,0,0,205491770,7217240,212709010
2021-10-15,7070,7150,6970,7140,21934,2.4390243902439024,0,1,-2840,2839,0,0,1,18955,2978,21934,0,0,21795,139,21934,0,7100,-20211620,20204520,0,0,7100,134375310,21186190,155568600,0,0,154586930,981670,155568600
2021-10-18,7140,7280,7090,7220,27207,1.1204481792717087,0,0,-3507,3507,0,0,0,22573,4634,27207,0,0,26080,1127,27207,0,0,-25198780,25198780,0,0,0,161902790,33276140,195178930,0,0,187101570,8077360,195178930
2021-10-19,7330,7610,7240,7570,64813,4.847645429362881,4891,-7,-15152,10268,0,4891,0,48289,11633,64813,0,7,63441,1365,64813,36376990,-52070,-112853860,76528940,0,36376990,0,361893090,86603060,484873140,0,52070,474746950,10074120,484873140
2021-10-20,7660,7720,7390,7500,33810,-0.9247027741083224,0,524,976,-1500,0,0,550,30942,2318,33810,0,26,29966,3818,33810,0,3932200,7508190,-11440390,0,0,4127470,234220190,17508400,255856060,0,195270,226712000,28948790,255856060
2021-10-21,7450,7560,7330,7330,18507,-2.2666666666666666,0,301,-85,-216,0,0,301,16924,1282,18507,0,0,17009,1498,18507,0,2242450,-527930,-1714520,0,0,2242450,125543380,9466170,137252000,0,0,126071310,11180690,137252000
2021-10-22,7320,7330,7110,7330,10274,0.0,0,-2290,1369,921,0,0,0,8754,1520,10274,0,2290,7385,599,10274,0,-16545470,9924430,6621040,0,0,0,63351520,10996080,74347600,0,16545470,53427090,4375040,74347600
2021-10-25,7240,7250,7140,7240,11984,-1.227830832196453,-4891,0,4370,521,0,0,0,10370,1614,11984,4891,0,6000,1093,11984,-35181980,0,31444970,3737010,0,0,0,74711140,11616720,86327860,35181980,0,43266170,7879710,86327860
2021-10-26,7110,7400,7110,7360,18462,1.6574585635359116,0,0,1751,-1751,0,0,0,16742,1720,18462,0,0,14991,3471,18462,0,0,13067730,-13067730,0,0,0,122745930,12443330,135189260,0,0,109678200,25511060,135189260
2021-10-27,7260,7400,7260,7350,4671,-0.1358695652173913,0,0,181,-181,0,0,0,4427,244,4671,0,0,4246,425,4671,0,0,1333070,-1333070,0,0,0,32445930,1779720,34225650,0,0,31112860,3112790,34225650
2021-10-28,7230,7350,7200,7340,12074,-0.13605442176870747,0,-808,1047,-239,0,0,0,12029,45,12074,0,808,10982,284,12074,0,-5898400,7641620,-1743220,0,0,0,87481460,329320,87810780,0,5898400,79839840,2072540,87810780
2021-10-29,7340,7400,7100,7190,17921,-2.043596730245232,0,0,-316,316,0,0,0,16846,1075,17921,0,0,17162,759,17921,0,0,-2228420,2228420,0,0,0,120853210,7731470,128584680,0,0,123081630,5503050,128584680
2021-11-01,7100,7530,7100,7300,44952,1.52990264255911,0,-11,351,-340,0,0,0,41535,3417,44952,0,11,41184,3757,44952,0,-81650,2375990,-2294340,0,0,0,304394540,25254850,329649390,0,81650,302018550,27549190,329649390
2021-11-02,7460,7460,7230,7270,8752,-0.410958904109589,0,0,969,-969,0,0,0,8311,441,8752,0,0,7342,1410,8752,0,0,7218910,-7218910,0,0,0,60798530,3208610,64007140,0,0,53579620,10427520,64007140
2021-11-03,7230,7400,7180,7240,14020,-0.41265474552957354,0,0,202,-202,0,0,0,13720,300,14020,0,0,13518,502,14020,0,0,1494500,-1494500,0,0,0,99481970,2175720,101657690,0,0,97987470,3670220,101657690
2021-11-04,7150,7280,6960,7070,33385,-2.3480662983425415,0,0,-2262,2262,0,0,0,29743,3642,33385,0,0,32005,1380,33385,0,0,-15879370,15879370,0,0,0,209782000,25706900,235488900,0,0,225661370,9827530,235488900
2021-11-05,7150,7150,7010,7100,11665,0.4243281471004243,0,0,2102,-2102,0,0,0,11174,491,11665,0,0,9072,2593,11665,0,0,14926370,-14926370,0,0,0,79315140,3446890,82762030,0,0,64388770,18373260,82762030
2021-11-08,6880,7080,6870,7010,24102,-1.267605633802817,0,0,-7155,7155,0,0,0,16725,7377,24102,0,0,23880,222,24102,0,0,-49562790,49562790,0,0,0,116224330,51115990,167340320,0,0,165787120,1553200,167340320
2021-11-09,7100,7100,6900,7040,24160,0.42796005706134094,0,81,2039,-2120,0,0,81,23592,487,24160,0,0,21553,2607,24160,0,570240,14279420,-14849660,0,0,570240,165293840,3404110,169268190,0,0,151014420,18253770,169268190
2021-11-10,7070,7440,7000,7170,87409,1.8465909090909092,0,-6,-5185,5191,0,0,0,74937,12472,87409,0,6,80122,7281,87409,0,-43650,-35981730,36025380,0,0,0,537438350,89077420,626515770,0,43650,573420080,53052040,626515770
2021-11-11,7170,7190,6960,7160,21125,-0.1394700139470014,0,0,-1599,1599,0,0,0,19489,1636,21125,0,0,21088,37,21125,0,0,-11314410,11314410,0,0,0,136552760,11578900,148131660,0,0,147867170,264490,148131660
2021-11-12,7160,7240,7060,7120,16850,-0.5586592178770949,0,0,-194,194,0,0,0,14363,2487,16850,0,0,14557,2293,16850,0,0,-1188000,1188000,0,0,0,102432230,17674330,120106560,0,0,103620230,16486330,120106560
2021-11-15,7290,7290,6990,7020,15654,-1.4044943820224718,0,0,-1910,1910,0,0,0,12937,2717,15654,0,0,14847,807,15654,0,0,-13373070,13373070,0,0,0,91005560,19103610,110109170,0,0,104378630,5730540,110109170
2021-11-16,7050,7090,6910,6960,18995,-0.8547008547008548,0,0,-6110,6110,0,0,0,12378,6617,18995,0,0,18488,507,18995,0,0,-42422180,42422180,0,0,0,86341590,45979210,132320800,0,0,128763770,3557030,132320800
2021-11-17,6990,7080,6960,7010,14761,0.7183908045977011,0,0,2416,-2416,0,0,0,13161,1600,14761,0,0,10745,4016,14761,0,0,16841040,-16841040,0,0,0,92116070,11216590,103332660,0,0,75275030,28057630,103332660
2021-11-18,6970,7150,6940,7080,21079,0.9985734664764622,0,0,-2444,2444,0,0,0,18066,3013,21079,0,0,20510,569,21079,0,0,-17091690,17091690,0,0,0,126959740,21116450,148076190,0,0,144051430,4024760,148076190
2021-11-19,7030,7200,6990,7150,18836,0.9887005649717515,0,0,-4116,4116,0,0,0,14568,4268,18836,0,0,18684,152,18836,0,0,-29244990,29244990,0,0,0,103813430,30327790,134141220,0,0,133058420,1082800,134141220
2021-11-22,7150,7240,7090,7210,17913,0.8391608391608392,0,0,314,-314,0,0,0,16819,1094,17913,0,0,16505,1408,17913,0,0,2228800,-2228800,0,0,0,120791050,7851320,128642370,0,0,118562250,10080120,128642370
2021-11-23,7160,7200,7100,7200,8832,-0.13869625520110956,0,0,-1081,1081,0,0,0,7211,1621,8832,0,0,8292,540,8832,0,0,-7751240,7751240,0,0,0,51708610,11619740,63328350,0,0,59459850,3868500,63328350
2021-11-24,7110,7150,6990,7100,46685,-1.3888888888888888,20000,0,-20555,555,0,20000,0,25193,1492,46685,0,0,45748,937,46685,140950000,0,-144872950,3922950,0,140950000,0,177729000,10552730,329231730,0,0,322601950,6629780,329231730
2021-11-25,7070,7150,7030,7130,9662,0.42253521126760557,0,0,360,-360,0,0,0,9593,69,9662,0,0,9233,429,9662,0,0,2569910,-2569910,0,0,0,68204020,487140,68691160,0,0,65634110,3057050,68691160
2021-11-26,7090,7180,6900,6960,30334,-2.3842917251051894,0,0,3,-3,0,0,0,28575,1759,30334,0,0,28572,1762,30334,0,0,88530,-88530,0,0,0,198311990,12174280,210486270,0,0,198223460,12262810,210486270
2021-11-29,6820,6930,6670,6730,34800,-3.3045977011494254,0,0,2596,-2596,0,0,0,32435,2365,34800,0,0,29839,4961,34800,0,0,17422420,-17422420,0,0,0,219544830,16112650,235657480,0,0,202122410,33535070,235657480
2021-11-30,6760,6940,6200,6410,47035,-4.75482912332838,0,638,5604,-6242,0,0,647,44050,2338,47035,0,9,38446,8580,47035,0,4073880,37500270,-41574150,0,0,4135080,288444210,15107490,307686780,0,61200,250943940,56681640,307686780
2021-12-01,6450,6650,6240,6500,19478,1.40405616224649,0,11,-1694,1683,0,0,12,15556,3910,19478,0,1,17250,2227,19478,0,69840,-10578280,10508440,0,0,76440,99126040,24717670,123920150,0,6600,109704320,14209230,123920150
2021-12-02,6330,6640,6330,6530,16169,0.46153846153846156,0,0,1172,-1172,0,0,0,14320,1849,16169,0,0,13148,3021,16169,0,0,7692170,-7692170,0,0,0,93337740,12032720,105370460,0,0,85645570,19724890,105370460
2021-12-03,6670,6670,6350,6600,14138,1.0719754977029097,0,0,1403,-1403,0,0,0,13120,1018,14138,0,0,11717,2421,14138,0,0,9288850,-9288850,0,0,0,86331330,6651420,92982750,0,0,77042480,15940270,92982750
2021-12-06,6700,6700,6450,6490,15151,-1.6666666666666667,0,0,-2063,2063,0,0,0,12450,2701,15151,0,0,14513,638,15151,0,0,-13430820,13430820,0,0,0,80778220,17627390,98405610,0,0,94209040,4196570,98405610
2021-12-07,6700,6700,6450,6590,6811,1.5408320493066257,0,0,424,-424,0,0,0,6513,298,6811,0,0,6089,722,6811,0,0,2787770,-2787770,0,0,0,42341270,1932660,44273930,0,0,39553500,4720430,44273930
2021-12-08,6670,6670,6450,6450,18772,-2.12443095599393,0,0,-480,480,0,0,0,17941,831,18772,0,0,18421,351,18772,0,0,-3107190,3107190,0,0,0,116956530,5418470,122375000,0,0,120063720,2311280,122375000
2021-12-09,6570,6600,6460,6530,5172,1.2403100775193798,0,0,-414,414,0,0,0,4714,458,5172,0,0,5128,44,5172,0,0,-2698230,2698230,0,0,0,30779340,2986170,33765510,0,0,33477570,287940,33765510
2021-12-10,6620,6620,6500,6610,5465,1.2251148545176112,0,0,1059,-1059,0,0,0,4737,728,5465,0,0,3678,1787,5465,0,0,6914130,-6914130,0,0,0,31104720,4741060,35845780,0,0,24190590,11655190,35845780
2021-12-13,6610,6640,6480,6600,4352,-0.15128593040847202,0,-1417,904,513,0,0,0,3813,539,4352,0,1417,2909,26,4352,0,-9342290,5970550,3371740,0,0,0,25097810,3542820,28640630,0,9342290,19127260,171080,28640630
2021-12-14,6510,6590,6500,6550,3497,-0.7575757575757576,0,0,386,-386,0,0,0,3494,3,3497,0,0,3108,389,3497,0,0,2529110,-2529110,0,0,0,22825830,19560,22845390,0,0,20296720,2548670,22845390
2021-12-15,6640,6640,6340,6440,18728,-1.6793893129770994,0,0,1138,-1138,0,0,0,18473,255,18728,0,0,17335,1393,18728,0,0,7437830,-7437830,0,0,0,118340120,1634110,119974230,0,0,110902290,9071940,119974230
2021-12-16,6310,6500,6310,6500,5580,0.9316770186335404,0,0,-456,456,0,0,0,4631,949,5580,0,0,5087,493,5580,0,0,-2941220,2941220,0,0,0,29922680,6113310,36035990,0,0,32863900,3172090,36035990
2021-12-17,6580,6580,6430,6550,6410,0.7692307692307693,0,0,-1468,1468,0,0,0,4158,2252,6410,0,0,5626,784,6410,0,0,-9609750,9609750,0,0,0,27119250,14735080,41854330,0,0,36729000,5125330,41854330
2021-12-20,6550,6690,6460,6540,7910,-0.15267175572519084,0,0,-1025,1025,0,0,0,4797,3113,7910,0,0,5822,2088,7910,0,0,-6728090,6728090,0,0,0,31347830,20396260,51744090,0,0,38075920,13668170,51744090
2021-12-21,6510,6540,6410,6480,4922,-0.9174311926605505,0,0,-1645,1645,0,0,0,2707,2215,4922,0,0,4352,570,4922,0,0,-10641840,10641840,0,0,0,17535500,14339910,31875410,0,0,28177340,3698070,31875410
2021-12-22,6480,6530,6420,6470,11301,-0.15432098765432098,0,-3205,3601,-396,0,0,0,10210,1091,11301,0,3205,6609,1487,11301,0,-20699610,23267330,-2567720,0,0,0,66030550,7084960,73115510,0,20699610,42763220,9652680,73115510
2021-12-23,6470,6640,6440,6480,2944,0.1545595054095827,0,0,507,-507,0,0,0,2914,30,2944,0,0,2407,537,2944,0,0,3281220,-3281220,0,0,0,18826430,194100,19020530,0,0,15545210,3475320,19020530
2021-12-24,6480,6500,6300,6370,33305,-1.6975308641975309,2000,0,-6178,4178,0,2000,0,25541,5764,33305,0,0,31719,1586,33305,12740000,0,-39072390,26332390,0,12740000,0,162198910,36503500,211442410,0,0,201271300,10171110,211442410
2021-12-27,6440,6470,6370,6440,7179,1.098901098901099,0,0,-2923,2923,0,0,0,3793,3386,7179,0,0,6716,463,7179,0,0,-18820230,18820230,0,0,0,24464050,21815210,46279260,0,0,43284280,2994980,46279260
2021-12-28,6510,6560,6470,6520,6146,1.2422360248447204,0,-301,-2611,2912,0,0,0,2930,3216,6146,0,301,5541,304,6146,0,-1953280,-17019370,18972650,0,0,0,19134610,20961900,40096510,0,1953280,36153980,1989250,40096510
2021-12-29,6620,6770,6610,6770,17487,3.834355828220859,0,-6,-7923,7929,0,0,0,8036,9451,17487,0,6,15959,1522,17487,0,-40150,-53061470,53101620,0,0,0,53793440,63253350,117046790,0,40150,106854910,10151730,117046790
2021-12-30,6880,6880,6770,6880,9993,1.6248153618906942,0,-81,-1756,1837,0,0,0,7431,2562,9993,0,81,9187,725,9993,0,-551610,-11974510,12526120,0,0,0,50860690,17488280,68348970,0,551610,62835200,4962160,68348970
2022-01-03,6980,7100,6800,7080,17741,2.9069767441860463,0,-2,-1226,1228,0,0,0,15986,1755,17741,0,2,17212,527,17741,0,-14100,-8596770,8610870,0,0,0,112306060,12305310,124611370,0,14100,120902830,3694440,124611370
2022-01-04,7080,7130,6770,7070,14194,-0.14124293785310735,0,0,754,-754,0,0,0,12633,1561,14194,0,0,11879,2315,14194,0,0,5368490,-5368490,0,0,0,88387780,10918700,99306480,0,0,83019290,16287190,99306480
2022-01-05,7060,7060,6920,7050,6034,-0.2828854314002829,0,0,-1874,1874,0,0,0,3825,2209,6034,0,0,5699,335,6034,0,0,-13154840,13154840,0,0,0,26639230,15506540,42145770,0,0,39794070,2351700,42145770
2022-01-06,6780,7050,6780,7020,15554,-0.425531914893617,0,0,-2468,2468,0,0,0,12602,2952,15554,0,0,15070,484,15554,0,0,-17164410,17164410,0,0,0,87434180,20553850,107988030,0,0,104598590,3389440,107988030
2022-01-07,7070,7100,6980,7080,10122,0.8547008547008548,0,0,-1675,1675,0,0,0,7908,2214,10122,0,0,9583,539,10122,0,0,-11831470,11831470,0,0,0,55827050,15633300,71460350,0,0,67658520,3801830,71460350
2022-01-10,7150,7150,6950,7130,22035,0.7062146892655368,0,0,-607,607,0,0,0,20508,1527,22035,0,0,21115,920,22035,0,0,-4292220,4292220,0,0,0,145526670,10786720,156313390,0,0,149818890,6494500,156313390
2022-01-11,7060,7180,6980,6990,8047,-1.9635343618513323,0,0,-457,457,0,0,0,5999,2048,8047,0,0,6456,1591,8047,0,0,-3213130,3213130,0,0,0,42157980,14435670,56593650,0,0,45371110,11222540,56593650
2022-01-12,7120,7120,7000,7080,12192,1.2875536480686696,0,0,-738,738,0,0,0,10896,1296,12192,0,0,11634,558,12192,0,0,-5192070,5192070,0,0,0,76938370,9134280,86072650,0,0,82130440,3942210,86072650
2022-01-13,7100,7100,6990,7060,2759,-0.2824858757062147,0,0,-966,966,0,0,0,1423,1336,2759,0,0,2389,370,2759,0,0,-6816790,6816790,0,0,0,9999060,9427710,19426770,0,0,16815850,2610920,19426770
2022-01-14,7060,7120,6840,7090,9108,0.424929178470255,0,0,-845,845,0,0,0,7466,1642,9108,0,0,8311,797,9108,0,0,-5900260,5900260,0,0,0,52744720,11524470,64269190,0,0,58644980,5624210,64269190
2022-01-17,6990,7090,6950,7010,12161,-1.1283497884344147,0,0,-693,693,0,0,0,10884,1277,12161,0,0,11577,584,12161,0,0,-4867360,4867360,0,0,0,76372830,8973880,85346710,0,0,81240190,4106520,85346710
2022-01-18,6900,7110,6900,7100,14502,1.2838801711840229,0,0,-1374,1374,0,0,0,11839,2663,14502,0,0,13213,1289,14502,0,0,-9687850,9687850,0,0,0,83654560,18808540,102463100,0,0,93342410,9120690,102463100
2022-01-19,7160,7200,7040,7170,16649,0.9859154929577465,0,0,-2366,2366,0,0,0,13644,3005,16649,0,0,16010,639,16649,0,0,-16866690,16866690,0,0,0,97530010,21416800,118946810,0,0,114396700,4550110,118946810
2022-01-20,7170,7290,7110,7240,43885,0.9762900976290098,0,-2348,3018,-670,0,0,0,41534,2351,43885,0,2348,38516,3021,43885,0,-16905600,21540410,-4634810,0,0,0,300229090,17026940,317256030,0,16905600,278688680,21661750,317256030
2022-01-21,7250,7280,7180,7200,13748,-0.5524861878453038,0,0,1831,-1831,0,0,0,13528,220,13748,0,0,11697,2051,13748,0,0,13180220,-13180220,0,0,0,97384470,1587530,98972000,0,0,84204250,14767750,98972000
2022-01-24,7200,7200,6730,6940,39437,-3.6111111111111107,0,0,3986,-3986,0,0,0,39033,404,39437,0,0,35047,4390,39437,0,0,27718550,-27718550,0,0,0,267872170,2788810,270660980,0,0,240153620,30507360,270660980
2022-01-25,7040,7040,6610,6810,16214,-1.8731988472622478,0,0,5023,-5023,0,0,0,15293,921,16214,0,0,10270,5944,16214,0,0,33805730,-33805730,0,0,0,102894980,6223180,109118160,0,0,69089250,40028910,109118160
2022-01-26,6900,6900,6690,6800,6956,-0.14684287812041116,0,0,2305,-2305,0,0,0,6953,3,6956,0,0,4648,2308,6956,0,0,15538290,-15538290,0,0,0,46940650,20130,46960780,0,0,31402360,15558420,46960780
2022-01-27,6890,6890,6440,6450,9293,-5.147058823529411,0,0,4066,-4066,0,0,0,8944,349,9293,0,0,4878,4415,9293,0,0,26622200,-26622200,0,0,0,58442570,2289940,60732510,0,0,31820370,28912140,60732510
2022-01-28,6670,6670,6300,6490,10072,0.6201550387596899,0,0,3014,-3014,0,0,0,9536,536,10072,0,0,6522,3550,10072,0,0,19285210,-19285210,0,0,0,61219600,3435220,64654820,0,0,41934390,22720430,64654820
2022-02-03,6690,6690,6460,6660,9273,2.6194144838212634,0,0,1134,-1134,0,0,0,8688,585,9273,0,0,7554,1719,9273,0,0,7502070,-7502070,0,0,0,57627100,3858120,61485220,0,0,50125030,11360190,61485220
2022-02-04,6590,6920,6570,6920,11850,3.903903903903904,0,-1282,2052,-770,0,0,0,11541,309,11850,0,1282,9489,1079,11850,0,-8590470,13726280,-5135810,0,0,0,77959600,2074270,80033870,0,8590470,64233320,7210080,80033870
2022-02-07,7100,7100,6790,6930,2235,0.1445086705202312,0,0,599,-599,0,0,0,2168,67,2235,0,0,1569,666,2235,0,0,4161820,-4161820,0,0,0,14949760,459850,15409610,0,0,10787940,4621670,15409610
2022-02-08,7100,7100,6840,6840,11132,-1.2987012987012987,5772,0,-2741,-3031,0,5772,0,5301,59,11132,0,0,8042,3090,11132,39817540,0,-18854160,-20963380,0,39817540,0,36800430,410050,77028020,0,0,55654590,21373430,77028020
2022-02-09,6990,7100,6860,7050,9823,3.070175438596491,100,0,-470,370,0,100,0,9124,599,9823,0,0,9594,229,9823,688000,0,-3266010,2578010,0,688000,0,64216650,4167200,69071850,0,0,67482660,1589190,69071850
2022-02-10,7050,7130,6950,7000,6975,-0.7092198581560284,3642,0,-2811,-831,0,3642,0,3313,20,6975,0,0,6124,851,6975,25516700,0,-19688490,-5828210,0,25516700,0,23126850,139860,48783410,0,0,42815340,5968070,48783410
2022-02-11,6930,7030,6860,6980,9616,-0.2857142857142857,3345,0,-2568,-777,0,3345,0,6188,83,9616,0,0,8756,860,9616,23123850,0,-17728080,-5395770,0,23123850,0,42782780,574740,66481370,0,0,60510860,5970510,66481370
2022-02-14,6910,6910,6690,6870,21345,-1.5759312320916905,1433,0,809,-2242,0,1433,0,19820,92,21345,0,0,19011,2334,21345,9902030,0,5257290,-15159320,0,9902030,0,134428340,622430,144952800,0,0,129171050,15781750,144952800
2022-02-15,6910,6910,6690,6770,7710,-1.455604075691412,0,5,1303,-1308,0,0,50,7274,386,7710,0,45,5971,1694,7710,0,33780,8836930,-8870710,0,0,337500,49280340,2617580,52235420,0,303720,40443410,11488290,52235420
2022-02-16,6720,7000,6720,6970,15621,2.954209748892171,0,0,1167,-1167,0,0,0,15548,73,15621,0,0,14381,1240,15621,0,0,8025420,-8025420,0,0,0,107318850,497070,107815920,0,0,99293430,8522490,107815920
2022-02-17,7000,7020,6910,6950,7004,-0.2869440459110474,0,0,1485,-1485,0,0,0,6368,636,7004,0,0,4883,2121,7004,0,0,10338210,-10338210,0,0,0,44401260,4424660,48825920,0,0,34063050,14762870,48825920
2022-02-18,6980,7020,6860,6980,12462,0.4316546762589928,0,0,319,-319,0,0,0,11829,633,12462,0,0,11510,952,12462,0,0,2257710,-2257710,0,0,0,82416300,4388300,86804600,0,0,80158590,6646010,86804600
2022-02-21,6950,6980,6810,6940,5805,-0.5730659025787965,0,0,624,-624,0,0,0,5631,174,5805,0,0,5007,798,5805,0,0,4317210,-4317210,0,0,0,38980360,1199650,40180010,0,0,34663150,5516860,40180010
2022-02-22,6940,6950,6860,6930,3418,-0.1440922190201729,0,309,1057,-1366,0,0,313,2831,274,3418,0,4,1774,1640,3418,0,2132070,7293370,-9425440,0,0,2159700,19520470,1886120,23566290,0,27630,12227100,11311560,23566290
2022-02-23,7000,7000,6800,6900,6963,-0.4329004329004329,0,-25,602,-577,0,0,0,6649,314,6963,0,25,6047,891,6963,0,-172500,4126990,-3954490,0,0,0,45750070,2151700,47901770,0,172500,41623080,6106190,47901770
2022-02-24,6950,6950,6700,6760,9044,-2.0289855072463765,0,0,894,-894,0,0,0,8808,236,9044,0,0,7914,1130,9044,0,0,6119130,-6119130,0,0,0,59641470,1600200,61241670,0,0,53522340,7719330,61241670
2022-02-25,6820,6980,6820,6910,6220,2.2189349112426036,0,0,576,-576,0,0,0,5837,383,6220,0,0,5261,959,6220,0,0,3956110,-3956110,0,0,0,40093290,2627020,42720310,0,0,36137180,6583130,42720310
2022-02-28,6910,6990,6710,6840,21187,-1.0130246020260492,0,0,404,-404,0,0,0,20856,331,21187,0,0,20452,735,21187,0,0,2773250,-2773250,0,0,0,141431250,2265970,143697220,0,0,138658000,5039220,143697220
2022-03-02,6950,6950,6760,6840,11870,0.0,0,0,-293,293,0,0,0,11153,717,11870,0,0,11446,424,11870,0,0,-1979590,1979590,0,0,0,75780340,4858820,80639160,0,0,77759930,2879230,80639160
2022-03-03,6840,6990,6770,6950,8324,1.608187134502924,0,0,540,-540,0,0,0,7805,519,8324,0,0,7265,1059,8324,0,0,3706740,-3706740,0,0,0,53928860,3602140,57531000,0,0,50222120,7308880,57531000
2022-03-04,6950,7030,6900,7000,9096,0.7194244604316548,0,0,-266,266,0,0,0,8169,927,9096,0,0,8435,661,9096,0,0,-1882960,1882960,0,0,0,57125660,6486420,63612080,0,0,59008620,4603460,63612080
2022-03-07,7000,7000,6740,6810,8931,-2.7142857142857144,0,0,1057,-1057,0,0,0,8803,128,8931,0,0,7746,1185,8931,0,0,7208400,-7208400,0,0,0,59930860,882110,60812970,0,0,52722460,8090510,60812970
2022-03-08,6660,6810,6660,6810,7043,0.0,0,-8,1029,-1021,0,0,0,6862,181,7043,0,8,5833,1202,7043,0,-54280,6971770,-6917490,0,0,0,46492290,1225510,47717800,0,54280,39520520,8143000,47717800
2022-03-10,6810,7060,6810,7040,16003,3.3773861967694567,0,0,439,-439,0,0,0,15944,59,16003,0,0,15505,498,16003,0,0,3030690,-3030690,0,0,0,110631210,405230,111036440,0,0,107600520,3435920,111036440
2022-03-11,6970,7090,6970,7000,12210,-0.5681818181818182,-1655,0,770,885,0,0,0,11278,932,12210,1655,0,10508,47,12210,-11598500,0,5367910,6230590,0,0,0,79295940,6562850,85858790,11598500,0,73928030,332260,85858790
2022-03-14,7000,7180,7000,7090,12132,1.2857142857142856,0,0,-127,127,0,0,0,11099,1033,12132,0,0,11226,906,12132,0,0,-805430,805430,0,0,0,78297690,7270550,85568240,0,0,79103120,6465120,85568240
2022-03-15,6990,7060,6990,6990,5856,-1.4104372355430184,0,0,-451,451,0,0,0,5329,527,5856,0,0,5780,76,5856,0,0,-3159960,3159960,0,0,0,37374730,3694090,41068820,0,0,40534690,534130,41068820
2022-03-16,7000,7170,6990,7070,11276,1.144492131616595,0,0,-545,545,0,0,0,10646,630,11276,0,0,11191,85,11276,0,0,-3830890,3830890,0,0,0,75002020,4434880,79436900,0,0,78832910,603990,79436900
2022-03-17,7180,7180,6870,7030,11548,-0.5657708628005658,0,0,-536,536,0,0,0,10803,745,11548,0,0,11339,209,11548,0,0,-3743260,3743260,0,0,0,75789260,5216430,81005690,0,0,79532520,1473170,81005690
2022-03-18,7030,7160,6940,7090,4919,0.8534850640113799,0,0,-601,601,0,0,0,4161,758,4919,0,0,4762,157,4919,0,0,-4227910,4227910,0,0,0,29267730,5334200,34601930,0,0,33495640,1106290,34601930
2022-03-21,7190,7190,7030,7050,9470,-0.5641748942172073,0,0,171,-171,0,0,0,9058,412,9470,0,0,8887,583,9470,0,0,1224290,-1224290,0,0,0,64079340,2907410,66986750,0,0,62855050,4131700,66986750
2022-03-22,7160,7160,7010,7090,6250,0.5673758865248227,0,0,-165,165,0,0,0,5908,342,6250,0,0,6073,177,6250,0,0,-1158030,1158030,0,0,0,41776510,2410080,44186590,0,0,42934540,1252050,44186590
2022-03-23,7190,7190,7000,7060,8298,-0.4231311706629055,0,0,-329,329,0,0,0,7792,506,8298,0,0,8121,177,8298,0,0,-2313880,2313880,0,0,0,54832200,3565370,58397570,0,0,57146080,1251490,58397570
2022-03-24,7000,7050,6930,6970,12294,-1.2747875354107647,0,0,-421,421,0,0,0,11826,468,12294,0,0,12247,47,12294,0,0,-2928030,2928030,0,0,0,82342990,3255850,85598840,0,0,85271020,327820,85598840
2022-03-25,6970,7060,6940,7010,11039,0.5738880918220948,0,0,-442,442,0,0,0,9902,1137,11039,0,0,10344,695,11039,0,0,-3055750,3055750,0,0,0,69220030,7943800,77163830,0,0,72275780,4888050,77163830
2022-03-28,7010,7080,6930,7030,10718,0.28530670470756064,0,0,-199,199,0,0,0,10130,588,10718,0,0,10329,389,10718,0,0,-1377820,1377820,0,0,0,70759690,4104900,74864590,0,0,72137510,2727080,74864590
2022-03-29,7030,7220,7010,7220,15636,2.7027027027027026,0,0,-1252,1252,0,0,0,14265,1371,15636,0,0,15517,119,15636,0,0,-8821840,8821840,0,0,0,101636870,9663280,111300150,0,0,110458710,841440,111300150
2022-03-30,7220,7220,7030,7110,16639,-1.5235457063711912,0,20,1496,-1516,0,0,20,16422,197,16639,0,0,14926,1713,16639,0,142000,10594150,-10736150,0,0,142000,116462710,1406740,118011450,0,0,105868560,12142890,118011450
2022-03-31,7150,7150,7040,7090,21305,-0.2812939521800281,0,800,-626,-174,0,0,800,20462,43,21305,0,0,21088,217,21305,0,5648000,-4406880,-1241120,0,0,5648000,144828830,303150,150779980,0,0,149235710,1544270,150779980
2022-04-01,7050,7090,6610,6660,93868,-6.064880112834979,-20345,441,20952,-1048,0,0,441,92237,1190,93868,20345,0,71285,2238,93868,-139617450,2981160,143655920,-7019630,0,0,2981160,628861140,8164950,640007250,139617450,0,485205220,15184580,640007250
2022-04-04,6740,6740,6590,6650,32683,-0.15015015015015015,0,0,665,-665,0,0,0,32257,426,32683,0,0,31592,1091,32683,0,0,4425720,-4425720,0,0,0,213983640,2820820,216804460,0,0,209557920,7246540,216804460
2022-04-05,6780,6780,6610,6710,18955,0.9022556390977444,0,0,1558,-1558,0,0,0,18710,245,18955,0,0,17152,1803,18955,0,0,10360530,-10360530,0,0,0,124502020,1634820,126136840,0,0,114141490,11995350,126136840
2022-04-06,6690,6690,6500,6520,23069,-2.8315946348733236,0,0,1599,-1599,0,0,0,22849,220,23069,0,0,21250,1819,23069,0,0,10605230,-10605230,0,0,0,149807030,1435400,151242430,0,0,139201800,12040630,151242430
2022-04-07,6470,6470,6340,6430,20504,-1.3803680981595092,0,0,3206,-3206,0,0,0,20233,271,20504,0,0,17027,3477,20504,0,0,20520110,-20520110,0,0,0,129473310,1746250,131219560,0,0,108953200,22266360,131219560
2022-04-08,6450,6540,6340,6360,13037,-1.088646967340591,0,-441,-181,622,0,0,0,10956,2081,13037,0,441,11137,1459,13037,0,-2796990,-1095950,3892940,0,0,0,70114320,13282910,83397230,0,2796990,71210270,9389970,83397230
2022-04-11,6300,6440,6180,6230,19718,-2.044025157232704,0,0,378,-378,0,0,0,19225,493,19718,0,0,18847,871,19718,0,0,2360530,-2360530,0,0,0,119868750,3084670,122953420,0,0,117508220,5445200,122953420
2022-04-12,6110,6230,6030,6060,21073,-2.7287319422150884,0,-800,1306,-506,0,0,0,20084,989,21073,0,800,18778,1495,21073,0,-4842130,7899390,-3057260,0,0,0,122022240,6035550,128057790,0,4842130,114122850,9092810,128057790
2022-04-13,6150,6150,6050,6120,10966,0.9900990099009901,0,-2100,4262,-2162,0,0,0,10790,176,10966,0,2100,6528,2338,10966,0,-12776830,25941670,-13164840,0,0,0,65772440,1064860,66837300,0,12776830,39830770,14229700,66837300
2022-04-14,6200,6200,6050,6050,8517,-1.1437908496732025,0,0,1568,-1568,0,0,0,8317,200,8517,0,0,6749,1768,8517,0,0,9602660,-9602660,0,0,0,50619310,1210000,51829310,0,0,41016650,10812660,51829310
2022-04-15,6050,6110,6010,6050,8799,0.0,0,0,1850,-1850,0,0,0,8777,22,8799,0,0,6927,1872,8799,0,0,11192270,-11192270,0,0,0,52989930,132440,53122370,0,0,41797660,11324710,53122370
2022-04-18,6090,6100,6020,6070,3769,0.3305785123966942,0,0,794,-794,0,0,0,3751,18,3769,0,0,2957,812,3769,0,0,4803900,-4803900,0,0,0,22725230,108870,22834100,0,0,17921330,4912770,22834100
2022-04-19,6150,6150,6070,6070,6370,0.0,0,0,510,-510,0,0,0,6320,50,6370,0,0,5810,560,6370,0,0,3107240,-3107240,0,0,0,38558050,307290,38865340,0,0,35450810,3414530,38865340
2022-04-20,6160,6400,6090,6220,31837,2.471169686985173,0,-13,-1846,1859,0,0,0,28817,3020,31837,0,13,30663,1161,31837,0,-82210,-11439870,11522080,0,0,0,180470550,18835580,199306130,0,82210,191910420,7313500,199306130
2022-04-21,6340,6370,6180,6210,7262,-0.1607717041800643,0,0,680,-680,0,0,0,6614,648,7262,0,0,5934,1328,7262,0,0,4206250,-4206250,0,0,0,41167660,4049700,45217360,0,0,36961410,8255950,45217360
2022-04-22,6240,6350,6070,6090,14978,-1.932367149758454,-5209,0,5499,-290,0,0,0,14358,620,14978,5209,0,8859,910,14978,-31929120,0,33744480,-1815360,0,0,0,88306610,3808220,92114830,31929120,0,54562130,5623580,92114830
2022-04-25,6150,6150,5830,6020,18831,-1.1494252873563218,-9082,-50,8932,200,0,0,0,17964,867,18831,9082,50,9032,667,18831,-54198960,-296490,53338480,1156970,0,0,0,107339480,5169540,112509020,54198960,296490,54001000,4012570,112509020
2022-04-26,5940,6040,5940,6000,6398,-0.33222591362126247,-1,0,174,-173,0,0,0,6331,67,6398,1,0,6157,240,6398,-6020,0,1046420,-1040400,0,0,0,37884420,404400,38288820,6020,0,36838000,1444800,38288820
2022-04-27,6040,6040,5860,5980,7074,-0.33333333333333337,0,0,-257,257,0,0,0,6446,628,7074,0,0,6703,371,7074,0,0,-1514340,1514340,0,0,0,38067080,3717970,41785050,0,0,39581420,2203630,41785050
2022-04-28,6030,6030,5900,5950,5556,-0.5016722408026756,0,0,440,-440,0,0,0,5480,76,5556,0,0,5040,516,5556,0,0,2626110,-2626110,0,0,0,32581120,454480,33035600,0,0,29955010,3080590,33035600
2022-04-29,6010,6040,5910,5960,3516,0.16806722689075632,0,0,112,-112,0,0,0,3388,128,3516,0,0,3276,240,3516,0,0,662050,-662050,0,0,0,20216170,773090,20989260,0,0,19554120,1435140,20989260
2022-05-02,5910,5950,5880,5950,6914,-0.16778523489932887,0,0,272,-272,0,0,0,6816,98,6914,0,0,6544,370,6914,0,0,1613850,-1613850,0,0,0,40254070,578770,40832840,0,0,38640220,2192620,40832840
2022-05-03,5890,6010,5890,5910,6051,-0.6722689075630253,0,0,800,-800,0,0,0,6008,43,6051,0,0,5208,843,6051,0,0,4738950,-4738950,0,0,0,35517180,254020,35771200,0,0,30778230,4992970,35771200
2022-05-04,6010,6010,5890,5990,12556,1.353637901861252,0,0,1513,-1513,0,0,0,12078,478,12556,0,0,10565,1991,12556,0,0,8969280,-8969280,0,0,0,72074960,2853710,74928670,0,0,63105680,11822990,74928670
2022-05-06,5890,6000,5820,5820,5710,-2.8380634390651087,0,-50,141,-91,0,0,0,5614,96,5710,0,50,5473,187,5710,0,-292500,834800,-542300,0,0,0,32893390,569980,33463370,0,292500,32058590,1112280,33463370
2022-05-09,5830,5970,5750,5750,8640,-1.202749140893471,0,0,497,-497,0,0,0,8381,259,8640,0,0,7884,756,8640,0,0,2874250,-2874250,0,0,0,48474270,1518640,49992910,0,0,45600020,4392890,49992910
2022-05-10,5770,5960,5440,5670,32794,-1.391304347826087,0,0,-2477,2477,0,0,0,29062,3732,32794,0,0,31539,1255,32794,0,0,-13513270,13513270,0,0,0,161595200,20641750,182236950,0,0,175108470,7128480,182236950
2022-05-11,5560,5670,5560,5630,4865,-0.7054673721340388,0,0,8,-8,0,0,0,4799,66,4865,0,0,4791,74,4865,0,0,45240,-45240,0,0,0,26947110,371430,27318540,0,0,26901870,416670,27318540
2022-05-12,5630,5630,5470,5520,10558,-1.9538188277087036,0,0,334,-334,0,0,0,10497,61,10558,0,0,10163,395,10558,0,0,1847140,-1847140,0,0,0,57820300,343430,58163730,0,0,55973160,2190570,58163730
2022-05-13,5550,5640,5490,5520,5733,0.0,0,0,436,-436,0,0,0,5707,26,5733,0,0,5271,462,5733,0,0,2428590,-2428590,0,0,0,31491210,143620,31634830,0,0,29062620,2572210,31634830
2022-05-16,5520,5570,5450,5450,22400,-1.2681159420289856,0,0,226,-226,0,0,0,22338,62,22400,0,0,22112,288,22400,0,0,1235460,-1235460,0,0,0,122671580,342240,123013820,0,0,121436120,1577700,123013820
2022-05-17,5340,5490,5340,5470,7804,0.3669724770642202,0,0,771,-771,0,0,0,7637,167,7804,0,0,6866,938,7804,0,0,4174490,-4174490,0,0,0,41284020,901030,42185050,0,0,37109530,5075520,42185050
2022-05-18,5470,5470,5370,5380,5991,-1.6453382084095063,0,-205,591,-386,0,0,0,5902,89,5991,0,205,5311,475,5991,0,-1111100,3205880,-2094780,0,0,0,31840860,477930,32318790,0,1111100,28634980,2572710,32318790
2022-05-19,5380,5380,4850,5010,122924,-6.877323420074349,0,-7291,3178,4113,0,0,0,111897,11027,122924,0,7291,108719,6914,122924,0,-36482490,15898435,20584055,0,0,0,559005835,55150375,614156210,0,36482490,543107400,34566320,614156210
2022-05-20,5100,5100,4955,4985,9905,-0.499001996007984,0,0,704,-704,0,0,0,9174,731,9905,0,0,8470,1435,9905,0,0,3562685,-3562685,0,0,0,45821235,3646985,49468220,0,0,42258550,7209670,49468220
2022-05-23,5040,5040,4915,4960,5522,-0.5015045135406219,0,0,697,-697,0,0,0,5360,162,5522,0,0,4663,859,5522,0,0,3484095,-3484095,0,0,0,26660810,801475,27462285,0,0,23176715,4285570,27462285
2022-05-24,4975,5050,4830,4830,12441,-2.620967741935484,0,-2204,2592,-388,0,0,0,12083,358,12441,0,2204,9491,746,12441,0,-10693685,12624900,-1931215,0,0,0,58927855,1757785,60685640,0,10693685,46302955,3689000,60685640
2022-05-25,4835,4950,4825,4950,27758,2.484472049689441,0,1136,-1805,669,0,0,3689,22876,1193,27758,0,2553,24681,524,27758,0,5566700,-8876465,3309765,0,0,18053050,111890035,5856920,135800005,0,12486350,120766500,2547155,135800005
2022-05-26,4960,5120,4960,5050,18185,2.0202020202020203,0,-424,54,370,0,0,926,16107,1152,18185,0,1350,16053,782,18185,0,-2185800,373465,1812335,0,0,4634770,81150775,5778805,91564350,0,6820570,80777310,3966470,91564350
2022-05-27,5150,5220,4805,5070,61754,0.39603960396039606,0,-2288,-10892,13180,0,0,1113,45462,15179,61754,0,3401,56354,1999,61754,0,-11461905,-53223975,64685880,0,0,5511590,223402955,74821920,303736465,0,16973495,276626930,10136040,303736465
2022-05-30,5210,5210,5050,5200,9827,2.564102564102564,0,1075,-1441,366,0,0,1075,7718,1034,9827,0,0,9159,668,9827,0,5528420,-7357690,1829270,0,0,5528420,39496770,5273620,50298810,0,0,46854460,3444350,50298810
2022-05-31,5200,5280,5140,5210,34086,0.19230769230769232,0,834,-516,-318,0,0,1098,10098,22890,34086,0,264,10614,23208,34086,0,4366860,-2698910,-1667950,0,0,5751110,52787820,119267920,177806850,0,1384250,55486730,120935870,177806850
2022-06-02,5120,5270,5120,5180,4210,-0.5758157389635317,0,-449,1084,-635,0,0,0,4008,202,4210,0,449,2924,837,4210,0,-2339290,5626980,-3287690,0,0,0,20818300,1048700,21867000,0,2339290,15191320,4336390,21867000
2022-06-03,5190,5290,5070,5240,17338,1.1583011583011582,0,338,-4193,3855,0,0,338,12519,4481,17338,0,0,16712,626,17338,0,1743450,-21387150,19643700,0,0,1743450,64488070,22891210,89122730,0,0,85875220,3247510,89122730
2022-06-07,5310,5310,5190,5230,2559,-0.19083969465648853,0,-300,514,-214,0,0,0,2559,0,2559,0,300,2045,214,2559,0,-1564140,2676990,-1112850,0,0,0,13384270,0,13384270,0,1564140,10707280,1112850,13384270
2022-06-08,5250,5270,5150,5160,1263,-1.338432122370937,0,0,224,-224,0,0,0,1185,78,1263,0,0,961,302,1263,0,0,1174270,-1174270,0,0,0,6162420,402480,6564900,0,0,4988150,1576750,6564900
2022-06-09,5160,5160,5040,5090,10896,-1.3565891472868217,0,-1151,1345,-194,0,0,0,10716,180,10896,0,1151,9371,374,10896,0,-5824590,6815540,-990950,0,0,0,54337980,912600,55250580,0,5824590,47522440,1903550,55250580
2022-06-10,5000,5090,4965,5070,5428,-0.3929273084479371,0,-700,740,-40,0,0,0,5301,127,5428,0,700,4561,167,5428,0,-3510000,3713625,-203625,0,0,0,26626110,633650,27259760,0,3510000,22912485,837275,27259760
2022-06-13,5070,5070,4820,4920,14074,-2.9585798816568047,0,-5501,7180,-1679,0,0,0,13948,126,14074,0,5501,6768,1805,14074,0,-27086925,35373585,-8286660,0,0,0,68741090,611725,69352815,0,27086925,33367505,8898385,69352815
2022-06-14,4780,4955,4770,4935,26574,0.3048780487804878,0,-1186,3444,-2258,0,0,1414,24217,943,26574,0,2600,20773,3201,26574,0,-6053355,17088340,-11034985,0,0,6777645,117282310,4526630,128586585,0,12831000,100193970,15561615,128586585
2022-06-15,4940,4940,4540,4715,42980,-4.4579533941236065,0,-8422,17180,-8758,0,0,1522,40176,1282,42980,0,9944,22996,10040,42980,0,-39307195,80200595,-40893400,0,0,7063285,187294910,6013450,200371645,0,46370480,107094315,46906850,200371645
2022-06-16,4850,4850,4580,4590,7114,-2.651113467656416,0,-2201,2716,-515,0,0,0,6788,326,7114,0,2201,4072,841,7114,0,-10461855,12917150,-2455295,0,0,0,32005085,1545785,33550870,0,10461855,19087935,4001080,33550870
2022-06-17,4340,4590,4340,4355,23965,-5.119825708061002,0,-2473,517,1956,0,0,0,21907,2058,23965,0,2473,21390,102,23965,0,-11039815,2378720,8661095,0,0,0,96717780,9116185,105833965,0,11039815,94339060,455090,105833965
2022-06-20,4355,4440,4075,4170,31256,-4.247990815154994,0,-3444,2946,498,0,0,2283,26903,2070,31256,0,5727,23957,1572,31256,0,-14141150,12042755,2098395,0,0,9357995,110753880,8629775,128741650,0,23499145,98711125,6531380,128741650
2022-06-21,4345,4345,4060,4200,8878,0.7194244604316548,0,-1399,1273,126,0,0,0,8121,757,8878,0,1399,6848,631,8878,0,-5885720,5361785,523935,0,0,0,34111440,3185355,37296795,0,5885720,28749655,2661420,37296795
2022-06-22,4375,4375,4050,4050,6953,-3.571428571428571,0,0,916,-916,0,0,0,6801,152,6953,0,0,5885,1068,6953,0,0,3782195,-3782195,0,0,0,28019145,620255,28639400,0,0,24236950,4402450,28639400
2022-06-23,3995,4070,3845,3885,26161,-4.074074074074074,0,467,-1223,756,0,0,467,23531,2163,26161,0,0,24754,1407,26161,0,1804955,-4804375,2999420,0,0,1804955,91720880,8526200,102052035,0,0,96525255,5526780,102052035
2022-06-24,3880,4120,3830,4080,4275,5.019305019305019,0,0,-1059,1059,0,0,0,2816,1459,4275,0,0,3875,400,4275,0,0,-4157250,4157250,0,0,0,11255515,5771465,17026980,0,0,15412765,1614215,17026980
2022-06-27,4085,4205,4035,4165,3321,2.083333333333333,0,0,339,-339,0,0,0,3045,276,3321,0,0,2706,615,3321,0,0,1391390,-1391390,0,0,0,12618885,1137905,13756790,0,0,11227495,2529295,13756790
2022-06-28,4165,4280,4125,4165,6877,0.0,0,0,-445,445,0,0,0,6331,546,6877,0,0,6776,101,6877,0,0,-1853860,1853860,0,0,0,26343460,2275280,28618740,0,0,28197320,421420,28618740
2022-06-29,4210,4235,4060,4235,9387,1.680672268907563,0,0,-428,428,0,0,0,8748,639,9387,0,0,9176,211,9387,0,0,-1802045,1802045,0,0,0,36600275,2681645,39281920,0,0,38402320,879600,39281920
2022-06-30,4360,4360,4190,4270,2623,0.8264462809917356,0,425,-126,-299,0,0,425,2154,44,2623,0,0,2280,343,2623,0,1816750,-540120,-1276630,0,0,1816750,9150205,186810,11153765,0,0,9690325,1463440,11153765
2022-07-01,4270,4315,4090,4230,5738,-0.936768149882904,0,419,-113,-306,0,0,419,5104,215,5738,0,0,5217,521,5738,0,1757370,-459420,-1297950,0,0,1757370,21486030,912460,24155860,0,0,21945450,2210410,24155860
2022-07-04,4235,4265,4165,4255,1855,0.5910165484633569,0,200,-642,442,0,0,200,1090,565,1855,0,0,1732,123,1855,0,836000,-2699040,1863040,0,0,836000,4581275,2381250,7798525,0,0,7280315,518210,7798525
2022-07-05,4090,4340,4090,4280,1722,0.5875440658049353,0,156,-50,-106,0,0,156,1437,129,1722,0,0,1487,235,1722,0,669920,-208455,-461465,0,0,669920,6121905,550330,7342155,0,0,6330360,1011795,7342155
2022-07-06,4345,4350,4195,4195,6146,-1.9859813084112148,0,800,-1400,600,0,0,800,4665,681,6146,0,0,6065,81,6146,0,3381500,-5945065,2563565,0,0,3381500,19725065,2911850,26018415,0,0,25670130,348285,26018415
2022-07-07,4200,4370,4200,4200,4337,0.11918951132300357,0,300,-495,195,0,0,300,3577,460,4337,0,0,4072,265,4337,0,1266260,-2087690,821430,0,0,1266260,15241405,1971735,18479400,0,0,17329095,1150305,18479400
2022-07-08,4240,4325,4240,4305,3246,2.5,0,204,-354,150,0,0,204,2765,277,3246,0,0,3119,127,3246,0,876690,-1520865,644175,0,0,876690,11871765,1190320,13938775,0,0,13392630,546145,13938775
2022-07-11,4380,4380,4260,4360,9577,1.2775842044134729,0,300,66,-366,0,0,300,8926,351,9577,0,0,8860,717,9577,0,1291500,298225,-1589725,0,0,1291500,38660980,1517525,41470005,0,0,38362755,3107250,41470005
2022-07-12,4360,4360,4295,4345,1944,-0.34403669724770647,0,300,-213,-87,0,0,300,1644,0,1944,0,0,1857,87,1944,0,1298000,-921120,-376880,0,0,1298000,7101855,0,8399855,0,0,8022975,376880,8399855
2022-07-13,4345,4345,4305,4345,1969,0.0,0,296,-441,145,0,0,296,1527,146,1969,0,0,1968,1,1969,0,1280200,-1907805,627605,0,0,1280200,6621980,631945,8534125,0,0,8529785,4340,8534125
2022-07-14,4345,4350,4300,4350,2357,0.11507479861910241,0,200,-328,128,0,0,200,2001,156,2357,0,0,2329,28,2357,0,870000,-1424675,554675,0,0,870000,8694520,676195,10240715,0,0,10119195,121520,10240715
2022-07-15,4320,4410,4220,4405,3612,1.264367816091954,0,364,-496,132,0,0,364,3060,188,3612,0,0,3556,56,3612,0,1583400,-2149680,566280,0,0,1583400,13199910,811770,15595080,0,0,15349590,245490,15595080
2022-07-18,4435,4625,4405,4525,3469,2.724177071509648,0,300,-669,369,0,0,300,2792,377,3469,0,0,3461,8,3469,0,1357470,-3024030,1666560,0,0,1357470,12605195,1702610,15665275,0,0,15629225,36050,15665275
2022-07-19,4490,4650,4490,4590,3566,1.4364640883977902,0,507,-847,340,0,0,507,2568,491,3566,0,0,3415,151,3566,0,2321235,-3879275,1558040,0,0,2321235,11787495,2253180,16361910,0,0,15666770,695140,16361910
2022-07-20,4770,4770,4500,4600,6737,0.2178649237472767,0,159,-255,96,0,0,159,5912,666,6737,0,0,6167,570,6737,0,725835,-1160710,434875,0,0,725835,27160770,3054360,30940965,0,0,28321480,2619485,30940965
2022-07-21,4545,4760,4510,4705,19197,2.282608695652174,0,0,-1099,1099,0,0,0,17859,1338,19197,0,0,18958,239,19197,0,0,-5048265,5048265,0,0,0,82400485,6164580,88565065,0,0,87448750,1116315,88565065
2022-07-22,4655,4800,4655,4660,4602,-0.9564293304994688,0,0,-407,407,0,0,0,3977,625,4602,0,0,4384,218,4602,0,0,-1918260,1918260,0,0,0,18794290,2945360,21739650,0,0,20712550,1027100,21739650
2022-07-25,4660,4755,4610,4700,3435,0.8583690987124464,0,0,-343,343,0,0,0,3004,431,3435,0,0,3347,88,3435,0,0,-1615630,1615630,0,0,0,14113155,2030740,16143895,0,0,15728785,415110,16143895
2022-07-26,4705,4795,4655,4695,5898,-0.10638297872340426,0,0,-777,777,0,0,0,5099,799,5898,0,0,5876,22,5898,0,0,-3664275,3664275,0,0,0,24123455,3768915,27892370,0,0,27787730,104640,27892370
2022-07-27,4695,4760,4410,4555,7967,-2.9818956336528224,0,0,-466,466,0,0,0,7398,569,7967,0,0,7864,103,7967,0,0,-2164405,2164405,0,0,0,33781480,2639410,36420890,0,0,35945885,475005,36420890
2022-07-28,4555,4670,4515,4640,5444,1.8660812294182216,0,0,-660,660,0,0,0,4710,734,5444,0,0,5370,74,5444,0,0,-3030450,3030450,0,0,0,21497115,3373280,24870395,0,0,24527565,342830,24870395
2022-07-29,4650,4690,4540,4580,3937,-1.293103448275862,0,0,-342,342,0,0,0,3425,512,3937,0,0,3767,170,3937,0,0,-1575295,1575295,0,0,0,15711535,2362625,18074160,0,0,17286830,787330,18074160
2022-08-01,4580,4705,4580,4680,4062,2.1834061135371177,0,0,-226,226,0,0,0,3679,383,4062,0,0,3905,157,4062,0,0,-1057145,1057145,0,0,0,17227145,1792485,19019630,0,0,18284290,735340,19019630
2022-08-02,4800,4800,4600,4665,5672,-0.3205128205128205,0,0,-321,321,0,0,0,5201,471,5672,0,0,5522,150,5672,0,0,-1493110,1493110,0,0,0,24360065,2202500,26562565,0,0,25853175,709390,26562565
2022-08-03,4665,4800,4470,4540,6455,-2.679528403001072,0,0,-635,635,0,0,0,5676,779,6455,0,0,6311,144,6455,0,0,-2926290,2926290,0,0,0,25982205,3603250,29585455,0,0,28908495,676960,29585455
2022-08-04,4645,4695,4610,4680,7370,3.0837004405286343,0,0,-503,503,0,0,0,6864,506,7370,0,0,7367,3,7370,0,0,-2343055,2343055,0,0,0,32055390,2357070,34412460,0,0,34398445,14015,34412460
2022-08-05,4730,4735,4670,4685,4871,0.10683760683760685,0,0,-465,465,0,0,0,4348,523,4871,0,0,4813,58,4871,0,0,-2190800,2190800,0,0,0,20424745,2464620,22889365,0,0,22615545,273820,22889365
2022-08-08,4745,4800,4655,4785,3904,2.134471718249733,0,0,-170,170,0,0,0,3525,379,3904,0,0,3695,209,3904,0,0,-800220,800220,0,0,0,16733125,1797560,18530685,0,0,17533345,997340,18530685
2022-08-09,4785,4840,4760,4815,4291,0.6269592476489028,0,0,-358,358,0,0,0,3846,445,4291,0,0,4204,87,4291,0,0,-1721320,1721320,0,0,0,18459080,2139205,20598285,0,0,20180400,417885,20598285
2022-08-10,4765,4985,4765,4830,4725,0.3115264797507788,0,0,-493,493,0,0,0,4167,558,4725,0,0,4660,65,4725,0,0,-2376465,2376465,0,0,0,20137620,2698865,22836485,0,0,22514085,322400,22836485
2022-08-11,4830,5020,4780,4890,5193,1.2422360248447204,0,0,-237,237,0,0,0,4675,518,5193,0,0,4912,281,5193,0,0,-1139405,1139405,0,0,0,22816635,2525735,25342370,0,0,23956040,1386330,25342370
2022-08-12,4880,4970,4785,4915,8487,0.5112474437627812,0,0,-445,445,0,0,0,7992,495,8487,0,0,8437,50,8487,0,0,-2182570,2182570,0,0,0,39234155,2428245,41662400,0,0,41416725,245675,41662400
2022-08-16,4880,4990,4800,4960,4817,0.9155645981688708,0,0,-450,450,0,0,0,4300,517,4817,0,0,4750,67,4817,0,0,-2209005,2209005,0,0,0,21060960,2539300,23600260,0,0,23269965,330295,23600260
2022-08-17,4975,4975,4830,4905,4682,-1.1088709677419355,0,50,-307,257,0,0,50,4173,459,4682,0,0,4480,202,4682,0,246500,-1512320,1265820,0,0,246500,20531300,2260840,23038640,0,0,22043620,995020,23038640
2022-08-18,4755,4980,4700,4965,4458,1.2232415902140672,0,0,-201,201,0,0,0,3999,459,4458,0,0,4200,258,4458,0,0,-947880,947880,0,0,0,19268005,2209695,21477700,0,0,20215885,1261815,21477700
2022-08-19,4915,5010,4915,5000,3595,0.7049345417925479,0,0,-459,459,0,0,0,3086,509,3595,0,0,3545,50,3595,0,0,-2286960,2286960,0,0,0,15390455,2536695,17927150,0,0,17677415,249735,17927150
2022-08-22,5000,5050,4800,4825,5038,-3.5000000000000004,0,0,-653,653,0,0,0,4358,680,5038,0,0,5011,27,5038,0,0,-3223440,3223440,0,0,0,21358715,3358370,24717085,0,0,24582155,134930,24717085
2022-08-23,4820,4925,4805,4845,2640,0.41450777202072536,0,0,-476,476,0,0,0,2156,484,2640,0,0,2632,8,2640,0,0,-2310575,2310575,0,0,0,10440305,2349460,12789765,0,0,12750880,38885,12789765
2022-08-24,4735,4860,4735,4830,2304,-0.30959752321981426,0,0,-456,456,0,0,0,1826,478,2304,0,0,2282,22,2304,0,0,-2203615,2203615,0,0,0,8824260,2310025,11134285,0,0,11027875,106410,11134285
2022-08-25,4800,4980,4800,4950,3275,2.484472049689441,0,0,-132,132,0,0,0,2870,405,3275,0,0,3002,273,3275,0,0,-655485,655485,0,0,0,14165335,1982100,16147435,0,0,14820820,1326615,16147435
2022-08-26,4900,5080,4900,5000,2624,1.0101010101010102,0,0,-548,548,0,0,0,2050,574,2624,0,0,2598,26,2624,0,0,-2747600,2747600,0,0,0,10288370,2878100,13166470,0,0,13035970,130500,13166470
2022-08-29,4940,4940,4725,4900,11200,-2.0,0,0,-142,142,0,0,0,11058,142,11200,0,0,11200,0,11200,0,0,-693505,693505,0,0,0,53999075,693505,54692580,0,0,54692580,0,54692580
2022-08-30,4855,5020,4855,5010,3276,2.2448979591836733,0,0,-67,67,0,0,0,3183,93,3276,0,0,3250,26,3276,0,0,-326055,326055,0,0,0,15800130,456030,16256160,0,0,16126185,129975,16256160
2022-08-31,5010,5080,5000,5000,223,-0.19960079840319359,0,0,4,-4,0,0,0,223,0,223,0,0,219,4,223,0,0,20070,-20070,0,0,0,1118760,0,1118760,0,0,1098690,20070,1118760
2022-09-01,4970,5070,4910,4910,11736,-1.7999999999999998,5592,0,-5681,89,0,7356,0,4263,117,11736,1764,0,9944,28,11736,27814765,0,-28250620,435855,0,36529975,0,21088850,575255,58194080,8715210,0,49339470,139400,58194080
2022-09-02,4910,4990,4810,4850,11004,-1.2219959266802443,6791,0,-6587,-204,0,7271,0,3603,130,11004,480,0,10190,334,11004,33301820,0,-32316740,-985080,0,35656090,0,17667445,637120,53960655,2354270,0,49984185,1622200,53960655
2022-09-05,4885,4905,4750,4760,5822,-1.8556701030927836,-598,0,501,97,0,1325,0,4400,97,5822,1923,0,3899,0,5822,-2917635,0,2451065,466570,0,6355110,0,21137485,466570,27959165,9272745,0,18686420,0,27959165
2022-09-06,4800,5060,4800,4885,21977,2.6260504201680672,-7237,0,7443,-206,0,2308,0,19467,202,21977,9545,0,12024,408,21977,-35551350,0,36577320,-1025970,0,11324045,0,95800160,996965,108121170,46875395,0,59222840,2022935,108121170
2022-09-07,4915,5060,4835,4910,6966,0.511770726714432,-48,0,22,26,0,0,0,6834,132,6966,48,0,6812,106,6966,-237120,0,114065,123055,0,0,0,33558895,646390,34205285,237120,0,33444830,523335,34205285
2022-09-08,4910,4910,4710,4840,9189,-1.4256619144602851,3102,0,-3191,89,0,4548,0,4545,96,9189,1446,0,7736,7,9189,15116805,0,-15551940,435135,0,22126600,0,22008505,469160,44604265,7009795,0,37560445,34025,44604265
2022-09-13,4840,4940,4780,4805,26766,-0.7231404958677686,9989,0,-9725,-264,0,13942,0,12751,73,26766,3953,0,22476,337,26766,48663680,0,-47382560,-1281120,0,67744880,0,61552435,351525,129648840,19081200,0,108934995,1632645,129648840
2022-09-14,4795,4810,4740,4760,5458,-0.9365244536940687,2967,0,-3010,43,0,3423,0,1988,47,5458,456,0,4998,4,5458,14150050,0,-14355130,205080,0,16326180,0,9477485,224190,26027855,2176130,0,23832615,19110,26027855
2022-09-15,4715,5100,4715,4830,17687,1.4705882352941175,0,0,222,-222,0,0,0,17017,670,17687,0,0,16795,892,17687,0,0,1236595,-1236595,0,0,0,83340590,3227995,86568585,0,0,82103995,4464590,86568585
2022-09-16,4785,4815,4710,4775,2958,-1.1387163561076603,-753,0,599,154,0,204,0,2589,165,2958,957,0,1990,11,2958,-3617625,0,2882390,735235,0,974660,0,12389790,788090,14152540,4592285,0,9507400,52855,14152540
2022-09-19,4775,4775,4675,4680,11272,-1.9895287958115182,4057,0,-3913,-144,0,5818,0,5088,366,11272,1761,0,9001,510,11272,19133560,0,-18477950,-655610,0,27469780,0,24024885,1745820,53240485,8336220,0,42502835,2401430,53240485
2022-09-20,4700,4760,4680,4700,1154,0.4273504273504274,-87,0,66,21,0,0,0,1122,32,1154,87,0,1056,11,1154,-411945,0,313355,98590,0,0,0,5287920,150400,5438320,411945,0,4974565,51810,5438320
2022-09-21,4900,4900,4615,4740,1649,0.851063829787234,-3,0,5,-2,0,0,0,1649,0,1649,3,0,1644,2,1649,-14400,0,23990,-9590,0,0,0,7795565,0,7795565,14400,0,7771575,9590,7795565
2022-09-22,4740,4740,4695,4715,1656,-0.5274261603375527,1128,0,-1130,2,0,1128,0,526,2,1656,0,0,1656,0,1656,5313565,0,-5322970,9405,0,5313565,0,2483230,9405,7806200,0,0,7806200,0,7806200
2022-09-23,4710,4875,4690,4705,11448,-0.2120890774125133,3940,0,-4134,194,0,6276,0,4972,200,11448,2336,0,9106,6,11448,18634155,0,-19552335,918180,0,29708055,0,23508430,946650,54163135,11073900,0,43060765,28470,54163135
2022-09-26,4700,4700,4470,4470,5339,-4.994686503719448,1520,0,-1430,-90,0,2738,0,2591,10,5339,1218,0,4021,100,5339,6916450,0,-6499970,-416480,0,12439015,0,11738590,47000,24224605,5522565,0,18238560,463480,24224605
2022-09-27,4475,4510,4395,4400,11547,-1.5659955257270695,2162,0,-1776,-386,0,4435,0,6641,471,11547,2273,0,8417,857,11547,9543540,0,-7885280,-1658260,0,19742720,0,29502220,2123040,51367980,10199180,0,37387500,3781300,51367980
2022-09-28,4800,5190,4185,4310,26216,-2.0454545454545454,-822,0,161,661,0,0,0,24921,1295,26216,822,0,24760,634,26216,-3816890,0,893490,2923400,0,0,0,113189210,5800660,118989870,3816890,0,112295720,2877260,118989870
2022-09-29,4310,4420,4275,4275,2346,-0.8120649651972157,-501,0,819,-318,0,0,0,2147,199,2346,501,0,1328,517,2346,-2159420,0,3530965,-1371545,0,0,0,9286085,857690,10143775,2159420,0,5755120,2229235,10143775
2022-09-30,4385,4390,4140,4205,5220,-1.6374269005847955,0,0,-141,141,0,0,0,4765,455,5220,0,0,4906,314,5220,0,0,-579410,579410,0,0,0,20014840,1925050,21939890,0,0,20594250,1345640,21939890
2022-10-04,4245,4250,4225,4250,7601,1.070154577883472,-1512,0,1565,-53,0,822,0,6779,0,7601,2334,0,5214,53,7601,-6434935,0,6659895,-224960,0,3472950,0,28765335,0,32238285,9907885,0,22105440,224960,32238285
2022-10-05,4305,4385,4205,4250,1377,0.0,0,0,8,-8,0,0,0,1377,0,1377,0,0,1369,8,1377,0,0,34230,-34230,0,0,0,5840505,0,5840505,0,0,5806275,34230,5840505
2022-10-06,4280,4280,4230,4260,2484,0.2352941176470588,-1026,0,1060,-34,0,0,0,2484,0,2484,1026,0,1424,34,2484,-4360500,0,4505265,-144765,0,0,0,10560030,0,10560030,4360500,0,6054765,144765,10560030
2022-10-07,4260,4280,4255,4265,958,0.11737089201877934,-433,0,440,-7,0,0,0,958,0,958,433,0,518,7,958,-1851200,0,1881075,-29875,0,0,0,4091885,0,4091885,1851200,0,2210810,29875,4091885
2022-10-11,4270,4270,3995,4200,6104,-1.5240328253223916,-3788,0,3984,-196,0,2,0,6085,17,6104,3790,0,2101,213,6104,-15771590,0,16595125,-823535,0,8285,0,25318595,70760,25397640,15779875,0,8723470,894295,25397640
2022-10-12,4095,4195,4095,4185,2770,-0.35714285714285715,-1115,0,1130,-15,0,1,0,2749,20,2770,1116,0,1619,35,2770,-4646175,0,4709945,-63770,0,4140,0,11429240,82320,11515700,4650315,0,6719295,146090,11515700
2022-10-13,4185,4220,4000,4155,2103,-0.7168458781362007,-1,0,0,1,0,0,0,2082,21,2103,1,0,2082,20,2103,-4220,0,1225,2995,0,0,0,8672110,86430,8758540,4220,0,8670885,83435,8758540
2022-10-14,4160,4170,4145,4160,3803,0.12033694344163659,0,0,55,-55,0,0,0,3790,13,3803,0,0,3735,68,3803,0,0,228635,-228635,0,0,0,15760195,54080,15814275,0,0,15531560,282715,15814275
2022-10-17,4195,4195,4115,4125,370,-0.8413461538461539,0,0,42,-42,0,0,0,370,0,370,0,0,328,42,370,0,0,173975,-173975,0,0,0,1535080,0,1535080,0,0,1361105,173975,1535080
2022-10-18,4130,4175,4115,4140,1967,0.36363636363636365,-666,0,707,-41,0,0,0,1967,0,1967,666,0,1260,41,1967,-2763900,0,2933720,-169820,0,0,0,8145750,0,8145750,2763900,0,5212030,169820,8145750
2022-10-19,4145,4150,4100,4110,4494,-0.7246376811594203,-1,0,4,-3,0,0,0,4494,0,4494,1,0,4490,3,4494,-4150,0,16555,-12405,0,0,0,18564075,0,18564075,4150,0,18547520,12405,18564075
2022-10-20,4115,4115,4065,4090,3880,-0.48661800486618007,0,0,-250,250,0,0,0,3630,250,3880,0,0,3880,0,3880,0,0,-1027500,1027500,0,0,0,14878870,1027500,15906370,0,0,15906370,0,15906370
2022-10-21,4025,4095,4000,4085,6808,-0.12224938875305623,-2934,0,2934,0,0,0,0,6808,0,6808,2934,0,3874,0,6808,-11978055,0,11978055,0,0,0,0,27742925,0,27742925,11978055,0,15764870,0,27742925
2022-10-24,4085,4195,4010,4010,2765,-1.8359853121175032,0,0,0,0,0,0,0,2765,0,2765,0,0,2765,0,2765,0,0,0,0,0,0,0,11267065,0,11267065,0,0,11267065,0,11267065
2022-10-25,4015,4200,4000,4015,12221,0.12468827930174563,0,0,98,-98,0,0,0,12113,108,12221,0,0,12015,206,12221,0,0,408790,-408790,0,0,0,49219035,437760,49656795,0,0,48810245,846550,49656795
2022-10-26,4015,4015,3980,4000,1820,-0.37359900373599003,0,0,-113,113,0,0,0,1706,114,1820,0,0,1819,1,1820,0,0,-452720,452720,0,0,0,6831590,456710,7288300,0,0,7284310,3990,7288300
2022-10-27,4005,4040,3960,4025,7737,0.625,-2153,0,2167,-14,0,0,0,7737,0,7737,2153,0,5570,14,7737,-8625040,0,8681215,-56175,0,0,0,30949570,0,30949570,8625040,0,22268355,56175,30949570
2022-10-28,4170,4170,3955,3955,2917,-1.7391304347826086,0,0,-309,309,0,0,0,2517,400,2917,0,0,2826,91,2917,0,0,-1257745,1257745,0,0,0,10137230,1624195,11761425,0,0,11394975,366450,11761425
2022-10-31,3960,4020,3935,4010,1715,1.390644753476612,-127,0,132,-5,0,0,0,1715,0,1715,127,0,1583,5,1715,-510540,0,530490,-19950,0,0,0,6834135,0,6834135,510540,0,6303645,19950,6834135
2022-11-01,4010,4140,3970,4080,3061,1.7456359102244388,0,0,72,-72,0,0,0,3061,0,3061,0,0,2989,72,3061,0,0,294120,-294120,0,0,0,12450295,0,12450295,0,0,12156175,294120,12450295
2022-11-02,4040,4100,4000,4030,1284,-1.2254901960784315,-257,0,307,-50,0,0,0,1279,5,1284,257,0,972,55,1284,-1049650,0,1254035,-204385,0,0,0,5193480,20025,5213505,1049650,0,3939445,224410,5213505
2022-11-03,3990,4040,3990,4030,3028,0.0,0,0,6,-6,0,0,0,3028,0,3028,0,0,3022,6,3028,0,0,23940,-23940,0,0,0,12170975,0,12170975,0,0,12147035,23940,12170975
2022-11-04,4020,4035,3990,4035,5747,0.12406947890818859,0,0,0,0,0,0,0,5747,0,5747,0,0,5747,0,5747,0,0,0,0,0,0,0,23167380,0,23167380,0,0,23167380,0,23167380
2022-11-07,4100,4100,3990,4035,6411,0.0,0,0,-24,24,0,0,0,6357,54,6411,0,0,6381,30,6411,0,0,-95005,95005,0,0,0,25626300,215905,25842205,0,0,25721305,120900,25842205
2022-11-08,4045,4045,3980,3985,11070,-1.2391573729863694,0,0,-93,93,0,0,0,10939,131,11070,0,0,11032,38,11070,0,0,-372080,372080,0,0,0,43714035,524015,44238050,0,0,44086115,151935,44238050
2022-11-09,3985,4000,3975,3980,6091,-0.12547051442910914,-2,0,98,-96,0,0,0,6091,0,6091,2,0,5993,96,6091,-8000,0,391035,-383035,0,0,0,24293005,0,24293005,8000,0,23901970,383035,24293005
2022-11-10,3980,4000,3955,3995,1417,0.37688442211055273,-100,0,184,-84,0,0,0,1417,0,1417,100,0,1233,84,1417,-400000,0,735005,-335005,0,0,0,5660935,0,5660935,400000,0,4925930,335005,5660935
2022-11-11,4070,4070,3980,4040,12781,1.1264080100125156,-505,0,1157,-652,0,0,0,12682,99,12781,505,0,11525,751,12781,-2045435,0,4692760,-2647325,0,0,0,50980495,396195,51376690,2045435,0,46287735,3043520,51376690
2022-11-14,4095,4095,4000,4045,10731,0.12376237623762376,-779,0,833,-54,0,0,0,10631,100,10731,779,0,9798,154,10731,-3156450,0,3375420,-218970,0,0,0,43135990,404730,43540720,3156450,0,39760570,623700,43540720
2022-11-15,4140,4190,4005,4090,8943,1.1124845488257107,-60,0,118,-58,0,0,0,8943,0,8943,60,0,8825,58,8943,-246390,0,485400,-239010,0,0,0,36452935,0,36452935,246390,0,35967535,239010,36452935
2022-11-16,4090,4100,4050,4095,3726,0.12224938875305623,-100,0,106,-6,0,0,0,3720,6,3726,100,0,3614,12,3726,-410000,0,434600,-24600,0,0,0,15183870,24300,15208170,410000,0,14749270,48900,15208170
2022-11-17,4080,4080,4050,4065,3006,-0.7326007326007326,0,0,-30,30,0,0,0,2961,45,3006,0,0,2991,15,3006,0,0,-121205,121205,0,0,0,12024030,182250,12206280,0,0,12145235,61045,12206280
2022-11-18,4065,4070,4045,4055,5510,-0.24600246002460024,-1500,0,1574,-74,0,0,0,5510,0,5510,1500,0,3936,74,5510,-6082500,0,6382570,-300070,0,0,0,22348340,0,22348340,6082500,0,15965770,300070,22348340
2022-11-21,4055,4065,3990,3990,4599,-1.6029593094944512,0,0,250,-250,0,0,0,4568,31,4599,0,0,4318,281,4599,0,0,1007650,-1007650,0,0,0,18355250,123750,18479000,0,0,17347600,1131400,18479000
2022-11-22,4005,4060,3995,3995,2948,0.12531328320802004,0,0,-3,3,0,0,0,2932,16,2948,0,0,2935,13,2948,0,0,-11875,11875,0,0,0,11801080,64005,11865085,0,0,11812955,52130,11865085
2022-11-23,3995,4120,3980,3990,4931,-0.1251564455569462,-140,0,125,15,0,0,0,4915,16,4931,140,0,4790,1,4931,-567000,0,507170,59830,0,0,0,19661840,63870,19725710,567000,0,19154670,4040,19725710
2022-11-24,3990,4095,3990,4065,1176,1.8796992481203008,-283,0,290,-7,0,0,0,1165,11,1176,283,0,875,18,1176,-1150395,0,1179930,-29535,0,0,0,4692440,44040,4736480,1150395,0,3512510,73575,4736480
2022-11-25,4090,4090,4015,4015,2469,-1.2300123001230012,-3,0,38,-35,0,0,0,2461,8,2469,3,0,2423,43,2469,-12210,0,155175,-142965,0,0,0,9929140,32225,9961365,12210,0,9773965,175190,9961365
2022-11-28,4005,4005,3965,3975,2198,-0.9962640099626401,0,0,58,-58,0,0,0,2198,0,2198,0,0,2140,58,2198,0,0,231340,-231340,0,0,0,8749760,0,8749760,0,0,8518420,231340,8749760
2022-11-29,3975,3985,3950,3975,2606,0.0,0,0,81,-81,0,0,0,2588,18,2606,0,0,2507,99,2606,0,0,321700,-321700,0,0,0,10276715,71360,10348075,0,0,9955015,393060,10348075
2022-11-30,3975,4050,3970,3985,2525,0.25157232704402516,-180,0,194,-14,0,0,0,2525,0,2525,180,0,2331,14,2525,-729000,0,785280,-56280,0,0,0,10076390,0,10076390,729000,0,9291110,56280,10076390
2022-12-01,3985,4080,3975,4035,6037,1.2547051442910917,-534,0,1524,-990,0,0,0,5992,45,6037,534,0,4468,1035,6037,-2145610,0,6095505,-3949895,0,0,0,23943065,179280,24122345,2145610,0,17847560,4129175,24122345
2022-12-02,4050,4050,3950,3975,5255,-1.486988847583643,-102,0,28,74,0,0,0,5177,78,5255,102,0,5149,4,5255,-413100,0,120065,293035,0,0,0,20563395,309200,20872595,413100,0,20443330,16165,20872595
2022-12-05,3925,3970,3920,3960,4724,-0.37735849056603776,0,0,-210,210,0,0,0,4511,213,4724,0,0,4721,3,4724,0,0,-824730,824730,0,0,0,17793855,836625,18630480,0,0,18618585,11895,18630480
2022-12-06,3950,3955,3910,3945,5234,-0.3787878787878788,0,0,26,-26,0,0,0,5228,6,5234,0,0,5202,32,5234,0,0,102370,-102370,0,0,0,20533010,23670,20556680,0,0,20430640,126040,20556680
2022-12-07,3940,3980,3900,3940,2485,-0.12674271229404308,-103,0,147,-44,0,0,0,2483,2,2485,103,0,2336,46,2485,-405995,0,579300,-173305,0,0,0,9787650,7880,9795530,405995,0,9208350,181185,9795530
2022-12-08,3945,3995,3840,3915,1931,-0.6345177664974619,0,0,7,-7,0,0,0,1917,14,1931,0,0,1910,21,1931,0,0,28340,-28340,0,0,0,7528570,54565,7583135,0,0,7500230,82905,7583135
2022-12-09,3920,3960,3900,3930,4376,0.38314176245210724,-97,0,73,24,0,0,0,4233,143,4376,97,0,4160,119,4376,-384090,0,287300,96790,0,0,0,16647190,565190,17212380,384090,0,16359890,468400,17212380
2022-12-12,3930,3945,3860,3860,3478,-1.7811704834605597,-9,0,10,-1,0,0,0,3474,4,3478,9,0,3464,5,3478,-35415,0,39305,-3890,0,0,0,13511235,15660,13526895,35415,0,13471930,19550,13526895
2022-12-13,3860,3995,3800,3890,5889,0.7772020725388601,0,0,984,-984,0,0,0,5862,27,5889,0,0,4878,1011,5889,0,0,3796845,-3796845,0,0,0,22602455,104260,22706715,0,0,18805610,3901105,22706715
2022-12-14,3900,3900,3845,3845,6395,-1.1568123393316194,-216,0,1649,-1433,0,0,0,6321,74,6395,216,0,4672,1507,6395,-842400,0,6394315,-5551915,0,0,0,24409595,285660,24695255,842400,0,18015280,5837575,24695255
2022-12-15,3870,3875,3845,3870,5517,0.6501950585175552,-1365,0,2910,-1545,0,0,0,5517,0,5517,1365,0,2607,1545,5517,-5264050,0,11223115,-5959065,0,0,0,21275600,0,21275600,5264050,0,10052485,5959065,21275600
2022-12-16,3870,3875,3710,3860,8935,-0.2583979328165375,0,0,1388,-1388,0,0,0,8868,67,8935,0,0,7480,1455,8935,0,0,5349720,-5349720,0,0,0,33823440,253965,34077405,0,0,28473720,5603685,34077405
2022-12-19,3815,3815,3785,3790,1683,-1.8134715025906734,0,0,515,-515,0,0,0,1677,6,1683,0,0,1162,521,1683,0,0,1954815,-1954815,0,0,0,6367185,22740,6389925,0,0,4412370,1977555,6389925
2022-12-20,3790,3790,3650,3655,18283,-3.562005277044855,0,0,234,-234,0,0,0,18095,188,18283,0,0,17861,422,18283,0,0,861300,-861300,0,0,0,67045835,698265,67744100,0,0,66184535,1559565,67744100
2022-12-21,3690,3720,3650,3715,7297,1.6415868673050615,-108,-98,1263,-1057,0,0,0,7296,1,7297,108,98,6033,1058,7297,-399600,-362015,4635920,-3874305,0,0,0,26914980,3665,26918645,399600,362015,22279060,3877970,26918645
2022-12-22,3715,3835,3715,3760,2150,1.2113055181695829,-1000,0,1500,-500,0,0,0,2150,0,2150,1000,0,650,500,2150,-3756670,0,5627300,-1870630,0,0,0,8073000,0,8073000,3756670,0,2445700,1870630,8073000
2022-12-23,3760,3765,3680,3685,4584,-1.9946808510638299,-89,0,1071,-982,0,0,640,3927,17,4584,89,640,2856,999,4584,-334640,5725,3962300,-3633385,0,0,2374600,14564555,62985,17002140,334640,2368875,10602255,3696370,17002140
2022-12-26,3685,3800,3625,3800,12152,3.1207598371777476,-3911,0,3951,-40,0,0,330,11822,0,12152,3911,330,7871,40,12152,-14688770,3300,14835235,-149765,0,0,1201200,43997325,0,45198525,14688770,1197900,29162090,149765,45198525
2022-12-27,3895,3990,3805,3955,21489,4.078947368421053,-5738,4449,3420,-2131,0,0,4449,16870,170,21489,5738,0,13450,2301,21489,-22553120,17124620,13745455,-8316955,0,0,17124620,66167075,663430,83955125,22553120,0,52421620,8980385,83955125
2022-12-28,4000,4000,3915,3915,4688,-1.0113780025284451,0,0,985,-985,0,0,0,4672,16,4688,0,0,3687,1001,4688,0,0,3893180,-3893180,0,0,0,18495805,63305,18559110,0,0,14602625,3956485,18559110
2022-12-29,3905,3930,3850,3900,5386,-0.38314176245210724,-262,0,1163,-901,0,0,0,5276,110,5386,262,0,4113,1011,5386,-1024420,0,4555335,-3530915,0,0,0,20599410,429525,21028935,1024420,0,16044075,3960440,21028935
2023-01-02,3895,3930,3870,3930,2217,0.7692307692307693,0,0,6,-6,0,0,0,2193,24,2217,0,0,2187,30,2217,0,0,23070,-23070,0,0,0,8564135,94080,8658215,0,0,8541065,117150,8658215
2023-01-03,3895,3935,3810,3875,1632,-1.3994910941475827,0,0,19,-19,0,0,0,1627,5,1632,0,0,1608,24,1632,0,0,73895,-73895,0,0,0,6329600,19375,6348975,0,0,6255705,93270,6348975
2023-01-04,3875,3995,3870,3875,2033,0.0,0,0,-9,9,0,0,0,2024,9,2033,0,0,2033,0,2033,0,0,-34890,34890,0,0,0,7873950,34890,7908840,0,0,7908840,0,7908840
2023-01-05,3910,3910,3640,3680,8363,-5.032258064516129,0,0,-144,144,0,0,0,8149,214,8363,0,0,8293,70,8363,0,0,-528930,528930,0,0,0,30625955,794310,31420265,0,0,31154885,265380,31420265
2023-01-06,3690,3930,3680,3860,6541,4.891304347826087,0,1427,-1411,-16,0,0,1427,5071,43,6541,0,0,6482,59,6541,0,5479085,-5413540,-65545,0,0,5479085,19273090,161050,24913225,0,0,24686630,226595,24913225
2023-01-09,3900,3980,3865,3955,1875,2.461139896373057,0,249,-216,-33,0,0,249,1626,0,1875,0,0,1842,33,1875,0,982970,-852705,-130265,0,0,982970,6394085,0,7377055,0,0,7246790,130265,7377055
2023-01-10,3980,3990,3910,3955,2475,0.0,0,0,-211,211,0,0,0,2219,256,2475,0,0,2430,45,2475,0,0,-840995,840995,0,0,0,8733695,1018620,9752315,0,0,9574690,177625,9752315
2023-01-11,3955,3955,3860,3860,7218,-2.402022756005057,0,0,6,-6,0,0,0,7218,0,7218,0,0,7212,6,7218,0,0,23505,-23505,0,0,0,28151220,0,28151220,0,0,28127715,23505,28151220
2023-01-12,3870,3990,3860,3890,1939,0.7772020725388601,0,0,-56,56,0,0,0,1879,60,1939,0,0,1935,4,1939,0,0,-216615,216615,0,0,0,7301425,232420,7533845,0,0,7518040,15805,7533845
2023-01-13,3915,3930,3840,3850,2085,-1.0282776349614395,0,0,6,-6,0,0,0,2076,9,2085,0,0,2070,15,2085,0,0,24035,-24035,0,0,0,8036905,34740,8071645,0,0,8012870,58775,8071645
2023-01-16,3850,3850,3790,3800,6013,-1.2987012987012987,0,0,32,-32,0,0,0,6000,13,6013,0,0,5968,45,6013,0,0,122025,-122025,0,0,0,22835075,49270,22884345,0,0,22713050,171295,22884345
2023-01-17,3800,3800,3740,3745,4277,-1.4473684210526316,0,0,-4,4,0,0,0,4263,14,4277,0,0,4267,10,4277,0,0,-14965,14965,0,0,0,16056100,52810,16108910,0,0,16071065,37845,16108910
2023-01-18,3745,3780,3695,3775,7008,0.801068090787717,0,0,33,-33,0,0,0,6979,29,7008,0,0,6946,62,7008,0,0,124890,-124890,0,0,0,26101195,107675,26208870,0,0,25976305,232565,26208870
2023-01-19,3775,3850,3670,3840,7507,1.7218543046357615,0,0,-100,100,0,0,0,7373,134,7507,0,0,7473,34,7507,0,0,-378545,378545,0,0,0,27880115,508990,28389105,0,0,28258660,130445,28389105
2023-01-20,3805,3915,3710,3710,16980,-3.3854166666666665,0,0,-321,321,0,0,0,16623,357,16980,0,0,16944,36,16980,0,0,-1216780,1216780,0,0,0,62748935,1352185,64101120,0,0,63965715,135405,64101120
2023-01-25,3760,3910,3720,3845,7474,3.638814016172507,0,0,0,0,0,0,0,7474,0,7474,0,0,7474,0,7474,0,0,0,0,0,0,0,28548440,0,28548440,0,0,28548440,0,28548440
2023-01-26,3845,3890,3750,3870,13429,0.6501950585175552,515,0,-436,-79,0,2508,0,10783,138,13429,1993,0,11219,217,13429,2120095,0,-1805145,-314950,0,9684210,0,41261505,525270,51470985,7564115,0,43066650,840220,51470985
2023-01-27,3870,3900,3805,3875,12930,0.12919896640826875,-515,0,417,98,0,1246,0,11586,98,12930,1761,0,11169,0,12930,-2016775,0,1638355,378420,0,4782030,0,44617920,378420,49778370,6798805,0,42979565,0,49778370
2023-01-30,3875,3900,3845,3880,9730,0.12903225806451613,1531,0,-1541,10,0,1567,0,8150,13,9730,36,0,9691,3,9730,5896025,0,-5934765,38740,0,6035525,0,31418625,50365,37504515,139500,0,37353390,11625,37504515
2023-01-31,3875,4190,3840,3980,29609,2.5773195876288657,0,0,-1,1,0,0,0,28998,611,29609,0,0,28999,610,29609,0,0,37865,-37865,0,0,0,116307690,2435355,118743045,0,0,116269825,2473220,118743045
2023-02-01,3980,4060,3960,4040,13240,1.507537688442211,1479,351,-2410,580,0,4263,351,8040,586,13240,2784,0,10450,6,13240,5797730,1421550,-9547660,2328380,0,17057645,1421550,32406845,2352705,53238745,11259915,0,41954505,24325,53238745
2023-02-02,4010,4050,3995,4000,4605,-0.9900990099009901,263,0,-49,-214,0,488,0,4108,9,4605,225,0,4157,223,4605,1056130,0,-193640,-862490,0,1961760,0,16542275,36180,18540215,905630,0,16735915,898670,18540215
2023-02-03,4000,4185,3955,4150,19261,3.75,-3215,0,3461,-246,0,639,0,18418,204,19261,3854,0,14957,450,19261,-13037385,0,14021895,-984510,0,2605065,0,75038230,841085,78484380,15642450,0,61016335,1825595,78484380
2023-02-06,4180,4180,4030,4050,12898,-2.4096385542168677,124,0,-349,225,0,1900,0,10682,316,12898,1776,0,11031,91,12898,533040,0,-1455765,922725,0,7759705,0,43567410,1296110,52623225,7226665,0,45023175,373385,52623225
2023-02-07,4085,4090,4000,4045,8408,-0.12345679012345678,-182,0,400,-218,0,798,0,7599,11,8408,980,0,7199,229,8408,-730040,0,1613200,-883160,0,3230080,0,30764350,44440,34038870,3960120,0,29151150,927600,34038870
2023-02-08,4045,4105,4000,4065,11006,0.4944375772558714,0,0,18,-18,0,616,0,10374,16,11006,616,0,10356,34,11006,-13370,0,85540,-72170,0,2504945,0,42115230,65440,44685615,2518315,0,42029690,137610,44685615
2023-02-09,4100,4100,4045,4085,2431,0.4920049200492005,451,0,-392,-59,0,452,0,1979,0,2431,1,0,2371,59,2431,1826535,0,-1585580,-240955,0,1830600,0,8076560,0,9907160,4065,0,9662140,240955,9907160
2023-02-10,4100,4100,4000,4060,7236,-0.6119951040391677,45,0,143,-188,0,1416,0,5814,6,7236,1371,0,5671,194,7236,182355,0,584390,-766745,0,5734875,0,23589510,24210,29348595,5552520,0,23005120,790955,29348595
2023-02-13,4000,4070,3960,4000,6253,-1.477832512315271,-320,0,172,148,0,468,0,5607,178,6253,788,0,5435,30,6253,-1263160,0,673735,589425,0,1890720,0,22435365,711355,25037440,3153880,0,21761630,121930,25037440
2023-02-14,4000,4090,4000,4060,6750,1.5,318,2000,-2323,5,0,972,2000,3742,36,6750,654,0,6065,31,6750,1275865,8125000,-9419190,18325,0,3912820,8125000,15181395,144280,27363495,2636955,0,24600585,125955,27363495
2023-02-15,4085,4085,4010,4010,7989,-1.2315270935960592,1930,0,-1860,-70,0,1930,0,6047,12,7989,0,0,7907,82,7989,7787485,0,-7502240,-285245,0,7787485,0,24362570,48460,32198515,0,0,31864810,333705,32198515
2023-02-16,4010,4060,4010,4055,10122,1.1221945137157108,-2424,0,2398,26,0,376,0,9675,71,10122,2800,0,7277,45,10122,-9796970,0,9692760,104210,0,1515280,0,39009545,285775,40810600,11312250,0,29316785,181565,40810600
2023-02-17,4055,4055,4030,4040,4060,-0.36991368680641185,0,0,-6,6,0,0,0,4054,6,4060,0,0,4060,0,4060,0,0,-24210,24210,0,0,0,16367815,24210,16392025,0,0,16392025,0,16392025
2023-02-20,4060,4070,4040,4060,5757,0.49504950495049505,0,2000,-1983,-17,0,496,2000,3261,0,5757,496,0,5244,17,5757,-7440,8122500,-8046085,-68975,0,2003840,8122500,13228120,0,23354460,2011280,0,21274205,68975,23354460
2023-02-21,4055,4055,4015,4030,7694,-0.7389162561576355,210,0,-224,14,0,1301,0,6357,36,7694,1091,0,6581,22,7694,842990,0,-899395,56405,0,5240520,0,25612550,145260,30998330,4397530,0,26511945,88855,30998330
2023-02-22,4015,4030,3945,3975,17114,-1.3647642679900744,-210,0,223,-13,0,3581,0,13446,87,17114,3791,0,13223,100,17114,-722365,0,772650,-50285,0,14308790,0,53423100,346400,68078290,15031155,0,52650450,396685,68078290
2023-02-23,3935,4060,3900,4030,13501,1.3836477987421385,1,1103,-2132,1028,0,727,1103,10369,1302,13501,726,0,12501,274,13501,-16590,4473340,-8449125,3992375,0,2905825,4473340,41354905,5090605,53824675,2922415,0,49804030,1098230,53824675
2023-02-24,4055,4245,4035,4235,76737,5.086848635235732,366,7893,-7855,-404,0,5411,7893,61971,1462,76737,5045,0,69826,1866,76737,1462640,32730405,-32467310,-1725735,0,22310275,32730405,258744360,6079810,319864850,20847635,0,291211670,7805545,319864850
2023-02-27,4305,4570,4240,4370,50019,3.187721369539551,80,0,-2760,2680,0,2971,0,39053,7995,50019,2891,0,41813,5315,50019,466460,0,-12301315,11834855,0,13046060,0,171935425,35128300,220109785,12579600,0,184236740,23293445,220109785
2023-02-28,4400,4450,4265,4375,10183,0.11441647597254005,-446,0,181,265,0,1918,0,7721,544,10183,2364,0,7540,279,10183,-1904080,0,773505,1130575,0,8299185,0,33368675,2346240,44014100,10203265,0,32595170,1215665,44014100
2023-03-02,4365,4365,4250,4315,8110,-1.3714285714285714,-1,0,641,-640,0,1015,0,7036,59,8110,1016,0,6395,699,8110,505,0,2758250,-2758755,0,4360175,0,30340595,252040,34952810,4359670,0,27582345,3010795,34952810
2023-03-03,4305,4415,4305,4370,10861,1.2746234067207416,765,1480,-1306,-939,0,1671,1480,7561,149,10861,906,0,8867,1088,10861,3353900,6438050,-5705450,-4086500,0,7279655,6438050,32711525,642575,47071805,3925755,0,38416975,4729075,47071805
2023-03-06,4690,4690,4420,4620,44335,5.720823798627003,-764,0,2743,-1979,0,4696,0,39178,461,44335,5460,0,36435,2440,44335,-3394470,0,12379375,-8984905,0,21530610,0,179826470,2119510,203476590,24925080,0,167447095,11104415,203476590
2023-03-07,4580,4705,4545,4620,17155,0.0,63,0,-1544,1481,0,3440,0,11980,1735,17155,3377,0,13524,254,17155,337180,0,-7151805,6814625,0,15965435,0,55638095,8001070,79604600,15628255,0,62789900,1186445,79604600
2023-03-08,4620,5690,4575,5330,531659,15.367965367965366,6023,-4703,2173,-3493,0,10803,3777,488470,28609,531659,4780,8480,486297,32102,531659,31335365,-23148290,12339240,-20526315,0,55814690,19611710,2604399685,150453560,2830279645,24479325,42760000,2592060445,170979875,2830279645
2023-03-09,5410,5410,4990,5010,91412,-6.0037523452157595,530,0,-3331,2801,0,4147,0,79516,7749,91412,3617,0,82847,4948,91412,2798560,0,-17224740,14426180,0,21183640,0,406518810,39785670,467488120,18385080,0,423743550,25359490,467488120
2023-03-10,4945,5330,4945,5250,50881,4.790419161676647,-529,0,-1075,1604,0,816,0,42953,7112,50881,1345,0,44028,5508,50881,-2654300,0,-4764825,7419125,0,4173910,0,221690120,35773135,261637165,6828210,0,226454945,28354010,261637165
2023-03-13,5250,5460,5020,5070,59673,-3.428571428571429,888,4000,-262,-4626,0,2788,4000,51330,1555,59673,1900,0,51592,6181,59673,4735710,21183990,-1210730,-24708970,0,14532460,21183990,268357800,8038960,312113210,9796750,0,269568530,32747930,312113210
2023-03-14,5070,5150,4620,4900,33504,-3.353057199211045,-314,0,-2414,2728,0,4797,0,24298,4409,33504,5111,0,26712,1681,33504,-1629900,0,-11585620,13215520,0,23453580,0,119181410,21529205,164164195,25083480,0,130767030,8313685,164164195
2023-03-15,4900,4940,4840,4925,14799,0.5102040816326531,-472,0,792,-320,0,1860,0,12465,474,14799,2332,0,11673,794,14799,-2302495,0,3863730,-1561235,0,9091545,0,60992400,2328520,72412465,11394040,0,57128670,3889755,72412465
2023-03-16,4890,4950,4650,4845,33860,-1.6243654822335025,250,2000,2134,-4384,0,3700,2000,27493,667,33860,3450,0,25359,5051,33860,1209280,9630000,10213865,-21053145,0,17588455,9630000,131828195,3174020,162220670,16379175,0,121614330,24227165,162220670
2023-03-17,4800,4820,4670,4760,20067,-1.7543859649122806,-6439,0,5884,555,0,193,0,17957,1917,20067,6632,0,12073,1362,20067,-30308880,0,27598655,2710225,0,917545,0,84968935,9146730,95033210,31226425,0,57370280,6436505,95033210
2023-03-20,4700,4815,4700,4750,12774,-0.21008403361344538,11,1110,-967,-154,0,15,1110,10942,707,12774,4,0,11909,861,12774,52855,5319200,-4644280,-727775,0,71825,5319200,52352175,3384795,61127995,18970,0,56996455,4112570,61127995
2023-03-21,4750,5220,4750,5140,43302,8.210526315789474,-11,0,27,-16,0,910,0,40715,1677,43302,921,0,40688,1693,43302,-65105,0,200780,-135675,0,4507985,0,204609660,8356455,217474100,4573090,0,204408880,8492130,217474100
2023-03-22,5120,5290,5120,5160,27133,0.38910505836575876,233,-234,-153,154,0,1313,1700,22948,1172,27133,1080,1934,23101,1018,27133,1187910,-1124000,-833760,769850,0,6828260,8855440,119493060,6116630,141293390,5640350,9979440,120326820,5346780,141293390
2023-03-23,5160,5290,4910,4910,12912,-4.844961240310078,-234,0,1146,-912,0,2214,0,10440,258,12912,2448,0,9294,1170,12912,-927450,0,5519865,-4592415,0,11242370,0,52771250,1326320,65339940,12169820,0,47251385,5918735,65339940
2023-03-24,5000,5200,4910,5030,6679,2.4439918533604885,106,-763,949,-292,0,1002,0,5363,314,6679,896,763,4414,606,6679,567750,-3837890,4767320,-1497180,0,5066140,0,27154920,1572880,33793940,4498390,3837890,22387600,3070060,33793940
2023-03-27,5150,5150,4840,4980,15378,-0.9940357852882704,120,0,1163,-1283,0,1964,0,11637,1777,15378,1844,0,10474,3060,15378,734020,0,5607585,-6341605,0,9771760,0,57239365,8701415,75712540,9037740,0,51631780,15043020,75712540
2023-03-28,4905,5270,4905,5080,27015,2.0080321285140563,-226,1300,-3678,2604,0,1173,1300,21015,3527,27015,1399,0,24693,923,27015,-1075810,6614980,-18813735,13274565,0,6002805,6614980,107296050,17977340,137891175,7078615,0,126109785,4702775,137891175
2023-03-29,5080,5190,4995,5110,10800,0.5905511811023622,465,0,-464,-1,0,1931,0,8655,214,10800,1466,0,9119,215,10800,2246590,0,-2233970,-12620,0,9758070,0,44207045,1087380,55052495,7511480,0,46441015,1100000,55052495
2023-03-30,5100,5100,4990,4990,15024,-2.3483365949119372,516,1000,-1799,283,0,1063,1000,12413,548,15024,547,0,14212,265,15024,2581330,4995000,-8994310,1417980,0,5328370,4995000,62177195,2742690,75243255,2747040,0,71171505,1324710,75243255
2023-03-31,5150,5170,4980,4980,14505,-0.2004008016032064,-981,0,1682,-701,0,703,0,13151,651,14505,1684,0,11469,1352,14505,-4905600,0,8437815,-3532215,0,3558240,0,66229805,3253695,73041740,8463840,0,57791990,6785910,73041740
2023-04-03,4980,5080,4980,4990,4790,0.2008032128514056,0,100,-155,55,0,0,100,3902,788,4790,0,0,4057,733,4790,0,503000,-789710,286710,0,0,503000,19539570,3964150,24006720,0,0,20329280,3677440,24006720
2023-04-04,5090,5230,4980,5200,37227,4.208416833667335,0,0,66,-66,0,0,0,36779,448,37227,0,0,36713,514,37227,0,0,348525,-348525,0,0,0,188096025,2295085,190391110,0,0,187747500,2643610,190391110
2023-04-05,5180,5450,5180,5450,60459,4.807692307692308,0,-610,-1330,1940,0,0,0,56636,3823,60459,0,610,57966,1883,60459,0,-3205800,-7167470,10373270,0,0,0,301599670,20347000,321946670,0,3205800,308767140,9973730,321946670
2023-04-06,5440,5460,5080,5290,20306,-2.9357798165137616,0,0,1628,-1628,0,0,0,19885,421,20306,0,0,18257,2049,20306,0,0,8761100,-8761100,0,0,0,105978290,2212910,108191200,0,0,97217190,10974010,108191200
2023-04-07,5280,5280,5020,5240,21144,-0.945179584120983,0,0,-370,370,0,0,0,18556,2588,21144,0,0,18926,2218,21144,0,0,-1810790,1810790,0,0,0,96189580,13360880,109550460,0,0,98000370,11550090,109550460
2023-04-10,5200,5200,5000,5010,13678,-4.3893129770992365,0,0,794,-794,0,0,0,13412,266,13678,0,0,12618,1060,13678,0,0,4044510,-4044510,0,0,0,68012210,1347780,69359990,0,0,63967700,5392290,69359990
2023-04-11,4985,5150,4940,5060,9536,0.998003992015968,0,0,174,-174,0,0,0,8384,1152,9536,0,0,8210,1326,9536,0,0,929525,-929525,0,0,0,42009610,5730770,47740380,0,0,41080085,6660295,47740380
2023-04-12,5070,5140,5040,5090,6792,0.592885375494071,0,0,410,-410,0,0,0,6382,410,6792,0,0,5972,820,6792,0,0,2079720,-2079720,0,0,0,32376860,2080810,34457670,0,0,30297140,4160530,34457670
2023-04-13,5090,5190,5020,5040,12179,-0.9823182711198428,0,0,376,-376,0,0,0,12109,70,12179,0,0,11733,446,12179,0,0,1923430,-1923430,0,0,0,61481800,356300,61838100,0,0,59558370,2279730,61838100
2023-04-14,5210,5260,5020,5110,15736,1.3888888888888888,0,0,-334,334,0,0,0,14607,1129,15736,0,0,14941,795,15736,0,0,-1661570,1661570,0,0,0,74998740,5794530,80793270,0,0,76660310,4132960,80793270
2023-04-17,5160,5160,4980,4980,14140,-2.5440313111545985,0,1000,-592,-408,0,0,1000,12521,619,14140,0,0,13113,1027,14140,0,5135000,-2966340,-2168660,0,0,5135000,62586040,3103120,70824160,0,0,65552380,5271780,70824160
2023-04-18,4980,5050,4885,4955,9276,-0.5020080321285141,0,0,1673,-1673,0,0,0,8791,485,9276,0,0,7118,2158,9276,0,0,8386310,-8386310,0,0,0,43537870,2392695,45930565,0,0,35151560,10779005,45930565
2023-04-19,4940,5020,4895,4935,21446,-0.4036326942482341,0,500,-353,-147,0,0,500,20195,751,21446,0,0,20548,898,21446,0,2475000,-1745450,-729550,0,0,2475000,99716465,3702495,105893960,0,0,101461915,4432045,105893960
2023-04-20,4930,5020,4840,4845,10606,-1.82370820668693,0,0,406,-406,0,0,0,9636,970,10606,0,0,9230,1376,10606,0,0,1960660,-1960660,0,0,0,47065760,4744785,51810545,0,0,45105100,6705445,51810545
2023-04-21,4845,5030,4570,4570,25998,-5.675954592363261,0,0,1501,-1501,0,0,0,25466,532,25998,0,0,23965,2033,25998,0,0,7394180,-7394180,0,0,0,123003050,2558055,125561105,0,0,115608870,9952235,125561105
2023-04-24,4575,4895,4570,4700,27165,2.8446389496717726,0,0,-1515,1515,0,0,0,25100,2065,27165,0,0,26615,550,27165,0,0,-7059625,7059625,0,0,0,117265145,9655125,126920270,0,0,124324770,2595500,126920270
2023-04-25,4730,4810,4680,4730,2302,0.6382978723404255,0,0,90,-90,0,0,0,1826,476,2302,0,0,1736,566,2302,0,0,443815,-443815,0,0,0,8636160,2252535,10888695,0,0,8192345,2696350,10888695
2023-04-26,4730,4820,4660,4820,1100,1.9027484143763214,0,0,542,-542,0,0,0,1013,87,1100,0,0,471,629,1100,0,0,2595785,-2595785,0,0,0,4858950,414250,5273200,0,0,2263165,3010035,5273200
2023-04-27,4820,4840,4705,4745,3369,-1.5560165975103735,0,0,851,-851,0,0,0,3192,177,3369,0,0,2341,1028,3369,0,0,4064240,-4064240,0,0,0,15207750,840680,16048430,0,0,11143510,4904920,16048430
2023-04-28,4635,4900,4635,4710,3127,-0.7376185458377239,0,0,712,-712,0,0,0,3090,37,3127,0,0,2378,749,3127,0,0,3396860,-3396860,0,0,0,14712525,174500,14887025,0,0,11315665,3571360,14887025
2023-05-02,4710,4850,4710,4815,3436,2.229299363057325,0,0,602,-602,0,0,0,3298,138,3436,0,0,2696,740,3436,0,0,2885920,-2885920,0,0,0,15837700,667485,16505185,0,0,12951780,3553405,16505185
2023-05-03,4950,4985,4790,4940,8163,2.596053997923157,0,0,1608,-1608,0,0,0,8050,113,8163,0,0,6442,1721,8163,0,0,7928625,-7928625,0,0,0,39359595,547020,39906615,0,0,31430970,8475645,39906615
2023-05-04,4985,4985,4670,4910,3662,-0.6072874493927125,0,0,247,-247,0,0,0,3459,203,3662,0,0,3212,450,3662,0,0,1225320,-1225320,0,0,0,17007330,999790,18007120,0,0,15782010,2225110,18007120
2023-05-08,4860,4955,4855,4950,3798,0.8146639511201629,0,0,517,-517,0,0,0,3730,68,3798,0,0,3213,585,3798,0,0,2538185,-2538185,0,0,0,18289340,331240,18620580,0,0,15751155,2869425,18620580
2023-05-09,4925,4985,4800,4800,2594,-3.0303030303030303,0,0,133,-133,0,0,0,2521,73,2594,0,0,2388,206,2594,0,0,655215,-655215,0,0,0,12191935,355025,12546960,0,0,11536720,1010240,12546960
2023-05-10,4800,4930,4800,4815,3227,0.3125,0,2700,-2362,-338,0,0,2700,523,4,3227,0,0,2885,342,3227,0,13182620,-11534995,-1647625,0,0,13182620,2540705,19460,15742785,0,0,14075700,1667085,15742785
2023-05-11,4915,4970,4755,4940,1831,2.596053997923157,0,0,113,-113,0,0,0,1792,39,1831,0,0,1679,152,1831,0,0,559780,-559780,0,0,0,8707790,187565,8895355,0,0,8148010,747345,8895355
2023-05-12,4855,4975,4850,4850,2201,-1.8218623481781375,0,0,-121,121,0,0,0,1915,286,2201,0,0,2036,165,2201,0,0,-579315,579315,0,0,0,9335180,1389960,10725140,0,0,9914495,810645,10725140
2023-05-15,4815,4910,4610,4855,4122,0.10309278350515465,0,0,-115,115,0,0,0,3639,483,4122,0,0,3754,368,4122,0,0,-518280,518280,0,0,0,17376285,2273895,19650180,0,0,17894565,1755615,19650180
2023-05-16,4950,5010,4620,4965,10906,2.265705458290422,0,0,-797,797,0,0,66,9509,1331,10906,0,66,10306,534,10906,0,-1410,-3883140,3884550,0,0,322330,46475380,6505475,53303185,0,323740,50358520,2620925,53303185
2023-05-17,4985,5070,4885,4985,15870,0.4028197381671702,0,1300,-1071,-229,0,0,1300,14452,118,15870,0,0,15523,347,15870,0,6441500,-5298760,-1142740,0,0,6441500,72148255,586050,79175805,0,0,77447015,1728790,79175805
2023-05-18,4990,5080,4950,5010,7525,0.5015045135406219,1966,0,-1937,-29,0,1966,0,5338,221,7525,0,0,7275,250,7525,9791780,0,-9646135,-145645,0,9791780,0,26768235,1103505,37663520,0,0,36414370,1249150,37663520
2023-05-19,4960,5080,4960,5000,7129,-0.19960079840319359,224,0,-31,-193,0,224,0,6869,36,7129,0,0,6900,229,7129,1116640,0,-139630,-977010,0,1116640,0,34601315,180040,35897995,0,0,34740945,1157050,35897995
2023-05-22,4990,5080,4950,4970,8360,-0.6,2492,0,-2332,-160,0,2492,0,5576,292,8360,0,0,7908,452,8360,12454075,0,-11662515,-791560,0,12454075,0,27828820,1459950,41742845,0,0,39491335,2251510,41742845
2023-05-23,4970,5080,4925,4925,9123,-0.9054325955734407,1062,0,-300,-762,0,1062,0,7884,177,9123,0,0,8184,939,9123,5273830,0,-1426060,-3847770,0,5273830,0,39503390,882825,45660045,0,0,40929450,4730595,45660045
2023-05-24,4950,5060,4935,5060,8048,2.7411167512690358,0,-1000,1333,-333,0,0,0,8012,36,8048,0,1000,6679,369,8048,0,-5020000,6683420,-1663420,0,0,0,40176225,179225,40355450,0,5020000,33492805,1842645,40355450
2023-05-25,5060,5090,4980,5070,20436,0.1976284584980237,5023,0,-5535,512,0,5023,0,14776,637,20436,0,0,20311,125,20436,25224045,0,-27790310,2566265,0,25224045,0,74460735,3200725,102885505,0,0,102251045,634460,102885505
2023-05-26,5020,5070,4960,5010,11259,-1.183431952662722,5655,0,-5627,-28,0,5655,0,5057,547,11259,0,0,10684,575,11259,28263200,0,-28109875,-153325,0,28263200,0,25260475,2736880,56260555,0,0,53370350,2890205,56260555
2023-05-30,5010,5050,4915,5030,10324,0.39920159680638717,5006,0,-5437,431,0,5006,0,4509,809,10324,0,0,9946,378,10324,24965015,0,-27101115,2136100,0,24965015,0,22490885,4023405,51479305,0,0,49592000,1887305,51479305
2023-05-31,4995,5080,4980,5050,10498,0.3976143141153081,1400,0,-1446,46,0,1400,0,8902,196,10498,0,0,10348,150,10498,7009660,0,-7239260,229600,0,7009660,0,44582725,981170,52573555,0,0,51821985,751570,52573555
2023-06-01,5000,5070,4900,5070,7542,0.39603960396039606,1335,0,-717,-618,0,1335,0,6105,102,7542,0,0,6822,720,7542,6649950,0,-3549675,-3100275,0,6649950,0,30637785,517120,37804855,0,0,34187460,3617395,37804855
2023-06-02,5020,5110,5020,5050,3073,-0.39447731755424065,0,0,185,-185,0,0,0,3072,1,3073,0,0,2887,186,3073,0,0,939590,-939590,0,0,0,15619430,5060,15624490,0,0,14679840,944650,15624490
2023-06-05,5050,5100,4995,5080,4669,0.594059405940594,645,0,-947,302,0,645,0,3607,417,4669,0,0,4554,115,4669,3232665,0,-4764515,1531850,0,3232665,0,18284130,2115770,23632565,0,0,23048645,583920,23632565
2023-06-07,5100,5110,5050,5090,4330,0.19685039370078738,198,0,-134,-64,0,198,0,4083,49,4330,0,0,4217,113,4330,999900,0,-673280,-326620,0,999900,0,20780400,248520,22028820,0,0,21453680,575140,22028820
2023-06-08,5100,5130,5040,5040,2557,-0.9823182711198428,157,0,-113,-44,0,157,0,2400,0,2557,0,0,2513,44,2557,792850,0,-568670,-224180,0,792850,0,12233600,0,13026450,0,0,12802270,224180,13026450
2023-06-09,5090,5120,4935,4940,7163,-1.984126984126984,1698,-800,-684,-214,0,1698,0,5448,17,7163,0,800,6132,231,7163,8483720,-3982165,-3411510,-1090045,0,8483720,0,27362380,83915,35930015,0,3982165,30773890,1173960,35930015
2023-06-12,4940,5000,4930,4930,5764,-0.20242914979757085,2123,-11,-2085,-27,0,2123,0,3581,60,5764,0,11,5666,87,5764,10482560,-54560,-10293435,-134565,0,10482560,0,17755620,296905,28535085,0,54560,28049055,431470,28535085
2023-06-13,4925,5120,4925,4975,7232,0.9127789046653144,18,0,-126,108,0,18,0,6729,485,7232,0,0,6855,377,7232,88650,0,-571900,483250,0,88650,0,33492320,2395280,35976250,0,0,34064220,1912030,35976250
2023-06-14,4975,5140,4945,4995,4286,0.4020100502512563,0,0,22,-22,0,0,0,3955,331,4286,0,0,3933,353,4286,0,0,121245,-121245,0,0,0,19798100,1652570,21450670,0,0,19676855,1773815,21450670
2023-06-15,5120,5120,4950,4955,3450,-0.8008008008008007,0,0,104,-104,0,0,0,3420,30,3450,0,0,3316,134,3450,0,0,519065,-519065,0,0,0,17122090,149685,17271775,0,0,16603025,668750,17271775
2023-06-16,5000,5000,4960,4965,2280,0.20181634712411706,0,0,136,-136,0,0,0,2278,2,2280,0,0,2142,138,2280,0,0,677860,-677860,0,0,0,11350025,9990,11360015,0,0,10672165,687850,11360015
2023-06-19,4965,5010,4890,4890,7290,-1.5105740181268883,2251,0,-2286,35,0,2251,0,4902,137,7290,0,0,7188,102,7290,11132605,0,-11303230,170625,0,11132605,0,24268760,676965,36078330,0,0,35571990,506340,36078330
2023-06-20,4890,4900,4840,4880,4160,-0.2044989775051125,1610,0,-1910,300,0,1610,0,2250,300,4160,0,0,4160,0,4160,7864645,0,-9328315,1463670,0,7864645,0,10970695,1463670,20299010,0,0,20299010,0,20299010
2023-06-21,4880,4880,4735,4830,1825,-1.0245901639344261,0,0,-229,229,0,0,0,1575,250,1825,0,0,1804,21,1825,0,0,-1101645,1101645,0,0,0,7576100,1203100,8779200,0,0,8677745,101455,8779200
2023-06-22,4815,4965,4750,4960,2966,2.691511387163561,0,0,-165,165,0,0,0,2691,275,2966,0,0,2856,110,2966,0,0,-804655,804655,0,0,0,13216750,1342075,14558825,0,0,14021405,537420,14558825
2023-06-23,4960,5060,4810,4980,6647,0.4032258064516129,1000,0,-1242,242,0,1000,0,5333,314,6647,0,0,6575,72,6647,4900000,0,-6088005,1188005,0,4900000,0,26260770,1545470,32706240,0,0,32348775,357465,32706240
2023-06-26,4980,4980,4925,4925,3434,-1.104417670682731,2169,0,-2524,355,0,2169,0,884,381,3434,0,0,3408,26,3434,10716090,0,-12476805,1760715,0,10716090,0,4378220,1889355,16983665,0,0,16855025,128640,16983665
2023-06-27,4900,4905,4645,4645,25608,-5.685279187817259,3567,0,-3734,167,0,3567,0,21753,288,25608,0,0,25487,121,25608,17317320,0,-18122200,804880,0,17317320,0,102548035,1394125,121259480,0,0,120670235,589245,121259480
2023-06-28,4645,4800,4645,4645,39689,0.0,215,0,-1255,1040,0,215,0,38430,1044,39689,0,0,39685,4,39689,998675,0,-5886240,4887565,0,998675,0,180656090,4906550,186561315,0,0,186542330,18985,186561315
2023-06-29,4645,4745,4645,4715,5592,1.5069967707212055,0,811,-1760,949,0,0,811,3754,1027,5592,0,0,5514,78,5592,0,3836030,-8291840,4455810,0,0,3836030,17713185,4824645,26373860,0,0,26005025,368835,26373860
2023-06-30,4745,4895,4745,4890,5267,3.711558854718982,0,0,102,-102,0,0,0,4850,417,5267,0,0,4748,519,5267,0,0,500000,-500000,0,0,0,23282985,2011390,25294375,0,0,22782985,2511390,25294375
2023-07-03,4845,5060,4840,5050,10854,3.2719836400818,580,0,-762,182,0,580,0,9615,659,10854,0,0,10377,477,10854,2819860,0,-3687005,867145,0,2819860,0,48166060,3249840,54235760,0,0,51853065,2382695,54235760
2023-07-04,5050,5050,4980,4995,3900,-1.089108910891089,0,0,670,-670,0,0,0,3688,212,3900,0,0,3018,882,3900,0,0,3391635,-3391635,0,0,0,18502100,1059860,19561960,0,0,15110465,4451495,19561960
2023-07-05,4995,5040,4965,4965,5372,-0.6006006006006006,1000,0,-210,-790,0,1000,0,4372,0,5372,0,0,4582,790,5372,4990000,0,-1040540,-3949460,0,4990000,0,21839415,0,26829415,0,0,22879955,3949460,26829415
2023-07-06,4990,5050,4965,5000,4765,0.7049345417925479,0,0,-325,325,0,0,0,4357,408,4765,0,0,4682,83,4765,0,0,-1631230,1631230,0,0,0,21800880,2048050,23848930,0,0,23432110,416820,23848930
2023-07-07,4955,4995,4950,4995,1775,-0.1,0,0,5,-5,0,0,0,1775,0,1775,0,0,1770,5,1775,0,0,24950,-24950,0,0,0,8831840,0,8831840,0,0,8806890,24950,8831840
2023-07-10,4980,4985,4885,4955,12600,-0.8008008008008007,4746,0,-4975,229,0,4746,0,7486,368,12600,0,0,12461,139,12600,23384250,0,-24510595,1126345,0,23384250,0,36890190,1816130,62090570,0,0,61400785,689785,62090570
2023-07-11,4945,4955,4915,4915,4112,-0.8072653884964682,1783,0,-2343,560,0,1783,0,1762,567,4112,0,0,4105,7,4112,8808240,0,-11576875,2768635,0,8808240,0,8692670,2803190,20304100,0,0,20269545,34555,20304100
2023-07-12,5030,5040,4605,4995,15301,1.627670396744659,2968,0,-2477,-491,0,2968,0,12071,262,15301,0,0,14548,753,15301,14314785,0,-11915115,-2399670,0,14314785,0,59428165,1301085,75044035,0,0,71343280,3700755,75044035
2023-07-13,4960,5130,4830,4975,9259,-0.40040040040040037,0,0,-241,241,0,0,0,8711,548,9259,0,0,8952,307,9259,0,0,-1260645,1260645,0,0,0,43858315,2789555,46647870,0,0,45118960,1528910,46647870
2023-07-14,5730,6200,5000,5210,541542,4.723618090452261,-6103,-13774,25382,-5505,0,0,100,535675,5767,541542,6103,13874,510293,11272,541542,-34716000,-75843630,139334370,-28774740,0,0,550000,2888928560,31543710,2921022270,34716000,76393630,2749594190,60318450,2921022270
2023-07-17,5230,5230,4955,5040,66333,-3.262955854126679,0,0,-1471,1471,0,0,0,63329,3004,66333,0,0,64800,1533,66333,0,0,-7335585,7335585,0,0,0,319058290,15159280,334217570,0,0,326393875,7823695,334217570
2023-07-18,5030,5030,4850,4850,23866,-3.7698412698412698,0,0,429,-429,0,0,0,22864,1002,23866,0,0,22435,1431,23866,0,0,2139980,-2139980,0,0,0,111776000,4890965,116666965,0,0,109636020,7030945,116666965
2023-07-19,4805,4900,4790,4800,18302,-1.0309278350515463,0,0,-129,129,0,0,0,17753,549,18302,0,0,17882,420,18302,0,0,-614185,614185,0,0,0,85607670,2646095,88253765,0,0,86221855,2031910,88253765
2023-07-20,4820,4830,4620,4630,30572,-3.5416666666666665,-25,0,-712,737,0,0,0,29606,966,30572,25,0,30318,229,30572,-120000,0,-3316970,3436970,0,0,0,138682290,4515775,143198065,120000,0,141999260,1078805,143198065
2023-07-21,4635,4970,4610,4850,9866,4.751619870410368,0,0,-113,113,0,0,0,9487,379,9866,0,0,9600,266,9866,0,0,-541605,541605,0,0,0,44901350,1809835,46711185,0,0,45442955,1268230,46711185
2023-07-24,4940,4950,4650,4730,15229,-2.4742268041237114,0,0,413,-413,0,0,0,15072,157,15229,0,0,14659,570,15229,0,0,1988985,-1988985,0,0,0,71339135,741535,72080670,0,0,69350150,2730520,72080670
2023-07-25,4730,4730,4595,4610,9467,-2.536997885835095,0,0,587,-587,0,0,0,9232,235,9467,0,0,8645,822,9467,0,0,2767725,-2767725,0,0,0,42845220,1082000,43927220,0,0,40077495,3849725,43927220
2023-07-26,4550,4590,4320,4335,13868,-5.965292841648591,0,0,1572,-1572,0,0,0,13343,525,13868,0,0,11771,2097,13868,0,0,6977900,-6977900,0,0,0,59378895,2316820,61695715,0,0,52400995,9294720,61695715
2023-07-27,4330,4400,4220,4235,10405,-2.306805074971165,0,0,-886,886,0,0,0,9433,972,10405,0,0,10319,86,10405,0,0,-3825955,3825955,0,0,0,40755565,4201660,44957225,0,0,44581520,375705,44957225
2023-07-28,4235,4285,4175,4185,6738,-1.1806375442739079,0,0,55,-55,0,0,0,6696,42,6738,0,0,6641,97,6738,0,0,231070,-231070,0,0,0,28110225,176735,28286960,0,0,27879155,407805,28286960
2023-07-31,4225,4225,4155,4190,8378,0.11947431302270012,0,0,206,-206,0,0,0,8375,3,8378,0,0,8169,209,8378,0,0,862520,-862520,0,0,0,35008825,12570,35021395,0,0,34146305,875090,35021395
2023-08-01,4190,4290,4150,4290,17954,2.386634844868735,0,0,-1022,1022,0,0,0,16919,1035,17954,0,0,17941,13,17954,0,0,-4310190,4310190,0,0,0,71321990,4364890,75686880,0,0,75632180,54700,75686880
2023-08-02,4245,4390,4245,4320,4471,0.6993006993006993,0,0,-373,373,0,0,0,3631,840,4471,0,0,4004,467,4471,0,0,-1622155,1622155,0,0,0,15614310,3657850,19272160,0,0,17236465,2035695,19272160
2023-08-03,4315,4320,4255,4260,2624,-1.3888888888888888,0,0,-455,455,0,0,0,2063,561,2624,0,0,2518,106,2624,0,0,-1957065,1957065,0,0,0,8832320,2411075,11243395,0,0,10789385,454010,11243395
2023-08-04,4345,4345,4120,4255,3381,-0.11737089201877934,0,0,192,-192,0,0,0,3301,80,3381,0,0,3109,272,3381,0,0,817140,-817140,0,0,0,13949410,337445,14286855,0,0,13132270,1154585,14286855
2023-08-07,4255,4340,4195,4200,8692,-1.2925969447708578,0,0,105,-105,0,0,0,8545,147,8692,0,0,8440,252,8692,0,0,469305,-469305,0,0,0,36382555,622945,37005500,0,0,35913250,1092250,37005500
2023-08-08,4190,4335,4190,4325,1677,2.976190476190476,-1175,0,1158,17,0,0,0,1657,20,1677,1175,0,499,3,1677,-4959805,0,4888380,71425,0,0,0,6994070,84100,7078170,4959805,0,2105690,12675,7078170
2023-08-09,4305,4325,4205,4325,2281,0.0,-231,0,271,-40,0,0,0,2281,0,2281,231,0,2010,40,2281,-999075,0,1171710,-172635,0,0,0,9831895,0,9831895,999075,0,8660185,172635,9831895
2023-08-10,4330,4395,4200,4380,2419,1.2716763005780347,-761,0,849,-88,0,0,0,2410,9,2419,761,0,1561,97,2419,-3297565,0,3679265,-381700,0,0,0,10447545,38115,10485660,3297565,0,6768280,419815,10485660
2023-08-11,4380,4545,4330,4540,5553,3.65296803652968,-1387,0,1083,304,0,0,0,5131,422,5553,1387,0,4048,118,5553,-6103935,0,4762620,1341315,0,0,0,22681250,1857930,24539180,6103935,0,17918630,516615,24539180
2023-08-14,4555,4585,4410,4435,6954,-2.3127753303964758,-1099,980,-135,254,0,0,980,5573,401,6954,1099,0,5708,147,6954,-5017035,4468490,-569945,1118490,0,0,4468490,25038030,1790510,31297030,5017035,0,25607975,672020,31297030
2023-08-16,4435,4460,4325,4415,2983,-0.4509582863585118,0,0,-90,90,0,0,0,2679,304,2983,0,0,2769,214,2983,0,0,-379380,379380,0,0,0,11822765,1326160,13148925,0,0,12202145,946780,13148925
2023-08-17,4400,4415,4220,4280,9727,-3.057757644394111,0,0,871,-871,0,0,0,9598,129,9727,0,0,8727,1000,9727,0,0,3718780,-3718780,0,0,0,40893875,546455,41440330,0,0,37175095,4265235,41440330
2023-08-18,4295,4450,4130,4450,17886,3.9719626168224296,-2774,1759,-110,1125,0,0,1759,14980,1147,17886,2774,0,15090,22,17886,-12135915,7711365,-494240,4918790,0,0,7711365,65139170,5016085,77866620,12135915,0,65633410,97295,77866620
2023-08-21,4455,4900,4305,4900,38548,10.112359550561797,-5087,3494,2278,-685,0,0,3494,33538,1516,38548,5087,0,31260,2201,38548,-23611200,16482170,10272715,-3143685,0,0,16482170,159384605,7247850,183114625,23611200,0,149111890,10391535,183114625
2023-08-22,4830,5050,4825,4935,17822,0.7142857142857143,-1948,4825,-2728,-149,0,0,5105,11914,803,17822,1948,280,14642,952,17822,-9635405,23946250,-13573410,-737435,0,0,25360250,58812405,3987710,88160365,9635405,1414000,72385815,4725145,88160365
2023-08-23,4935,4985,4855,4925,5511,-0.2026342451874367,-409,0,867,-458,0,0,0,5337,174,5511,409,0,4470,632,5511,-2022875,0,4274460,-2251585,0,0,0,26197135,858095,27055230,2022875,0,21922675,3109680,27055230
2023-08-24,4915,4950,4870,4875,3660,-1.015228426395939,-721,0,1231,-510,0,0,0,3642,18,3660,721,0,2411,528,3660,-3554635,0,6063045,-2508410,0,0,0,17930960,88765,18019725,3554635,0,11867915,2597175,18019725
2023-08-25,5050,5050,4820,4820,6924,-1.1282051282051282,-1225,0,1616,-391,0,0,0,6871,53,6924,1225,0,5255,444,6924,-5989670,0,7916410,-1926740,0,0,0,33564810,260105,33824915,5989670,0,25648400,2186845,33824915
2023-08-28,4820,5010,4820,4940,26899,2.4896265560165975,0,2416,-3286,870,0,0,2416,22740,1743,26899,0,0,26026,873,26899,0,11958965,-16169595,4210630,0,0,11958965,111950420,8560690,132470075,0,0,128120015,4350060,132470075
2023-08-29,4925,4965,4905,4935,10782,-0.10121457489878542,0,529,-677,148,0,0,529,10074,179,10782,0,0,10751,31,10782,0,2625155,-3356895,731740,0,0,2625155,49652415,884675,53162245,0,0,53009310,152935,53162245
2023-08-30,4890,4935,4885,4890,2100,-0.911854103343465,0,384,-245,-139,0,0,384,1710,6,2100,0,0,1955,145,2100,0,1895010,-1210740,-684270,0,0,1895010,8415585,29370,10339965,0,0,9626325,713640,10339965
2023-08-31,4890,5070,4890,4935,6183,0.9202453987730062,0,378,-256,-122,0,0,378,5805,0,6183,0,0,6061,122,6183,0,1903715,-1294575,-609140,0,0,1903715,29171095,0,31074810,0,0,30465670,609140,31074810
2023-09-01,4935,5080,4935,4945,7550,0.2026342451874367,0,1990,-1818,-172,0,0,1990,5536,24,7550,0,0,7354,196,7550,0,9935000,-9076780,-858220,0,0,9935000,27584640,120050,37639690,0,0,36661420,978270,37639690
2023-09-04,5000,5060,4905,4915,8918,-0.6066734074823054,1048,0,-797,-251,0,1048,0,7572,298,8918,0,0,8369,549,8918,5179235,0,-3873245,-1305990,0,5179235,0,37740425,1465670,44385330,0,0,41613670,2771660,44385330
2023-09-05,5050,5050,4910,4945,1627,0.6103763987792472,0,0,-72,72,0,0,0,1494,133,1627,0,0,1566,61,1627,0,0,-351640,351640,0,0,0,7402610,655235,8057845,0,0,7754250,303595,8057845
2023-09-06,5070,5070,4945,4950,1016,0.10111223458038424,4,50,-26,-28,0,4,50,926,36,1016,0,0,952,64,1016,19780,247500,-126015,-141265,0,19780,247500,4597035,178340,5042655,0,0,4723050,319605,5042655
2023-09-07,4950,5020,4940,4995,5717,0.9090909090909091,0,623,-1279,656,0,0,623,4396,698,5717,0,0,5675,42,5717,0,3102265,-6367150,3264885,0,0,3102265,21929920,3473835,28506020,0,0,28297070,208950,28506020
2023-09-08,4950,5050,4820,4980,8174,-0.3003003003003003,1179,0,-2275,1096,0,1179,0,5816,1179,8174,0,0,8091,83,8174,5787190,0,-11183030,5395840,0,5787190,0,28374165,5806385,39967740,0,0,39557195,410545,39967740
2023-09-11,5000,5150,4980,5070,26759,1.8072289156626504,484,2153,-2902,265,0,484,2153,23833,289,26759,0,0,26735,24,26759,2410320,10765000,-14498190,1322870,0,2410320,10765000,119621855,1444920,134242095,0,0,134120045,122050,134242095
2023-09-12,5070,5120,4980,5000,3184,-1.3806706114398422,217,0,-222,5,0,217,0,2904,63,3184,0,0,3126,58,3184,1080660,0,-1105320,24660,0,1080660,0,14630860,319030,16030550,0,0,15736180,294370,16030550
2023-09-13,4955,5050,4955,4970,4594,-0.6,1680,132,-779,-1033,0,1680,132,2694,88,4594,0,0,3473,1121,4594,8358425,660360,-3868770,-5150015,0,8358425,660360,13480130,439200,22938115,0,0,17348900,5589215,22938115
2023-09-14,4970,5120,4945,5050,3212,1.6096579476861168,0,0,110,-110,0,0,0,3212,0,3212,0,0,3102,110,3212,0,0,556415,-556415,0,0,0,16263210,0,16263210,0,0,15706795,556415,16263210
2023-09-15,5000,5100,4990,4990,11701,-1.188118811881188,0,1280,-1371,91,0,0,1280,10262,159,11701,0,0,11633,68,11701,0,6398050,-6849625,451575,0,0,6398050,51336390,794425,58528865,0,0,58186015,342850,58528865
2023-09-18,4940,5090,4890,4980,10012,-0.2004008016032064,2338,9,-2256,-91,0,2338,9,7545,120,10012,0,0,9801,211,10012,11571555,44820,-11153985,-462390,0,11571555,44820,37625215,594790,49836380,0,0,48779200,1057180,49836380
2023-09-19,4980,5060,4880,5060,5002,1.6064257028112447,1175,0,-952,-223,0,1175,0,3797,30,5002,0,0,4749,253,5002,5821765,0,-4697520,-1124245,0,5821765,0,19047475,149890,25019130,0,0,23744995,1274135,25019130
2023-09-20,5060,5100,5060,5060,3266,0.0,0,0,167,-167,0,0,0,3197,69,3266,0,0,3030,236,3266,0,0,848260,-848260,0,0,0,16250280,351020,16601300,0,0,15402020,1199280,16601300
2023-09-21,5060,5130,5000,5000,1920,-1.185770750988142,0,0,154,-154,0,0,0,1918,2,1920,0,0,1764,156,1920,0,0,779210,-779210,0,0,0,9677550,10020,9687570,0,0,8898340,789230,9687570
2023-09-22,5050,5050,4945,4995,5260,-0.1,762,0,-679,-83,0,762,0,4483,15,5260,0,0,5162,98,5260,3784105,0,-3368630,-415475,0,3784105,0,22342350,74960,26201415,0,0,25710980,490435,26201415
2023-09-25,5000,5000,4840,4840,4078,-3.1031031031031033,2472,0,-1905,-567,0,2472,0,1606,0,4078,0,0,3511,567,4078,12265140,0,-9457095,-2808045,0,12265140,0,7902590,0,20167730,0,0,17359685,2808045,20167730
2023-09-26,4890,5000,4885,4925,1382,1.756198347107438,0,0,52,-52,0,0,0,1366,16,1382,0,0,1314,68,1382,0,0,258665,-258665,0,0,0,6751290,78400,6829690,0,0,6492625,337065,6829690
2023-09-27,4900,5020,4900,5020,5114,1.9289340101522845,796,0,-794,-2,0,796,0,4315,3,5114,0,0,5109,5,5114,3920300,0,-3910255,-10045,0,3920300,0,21433215,14790,25368305,0,0,25343470,24835,25368305
2023-10-04,5020,5050,4965,4980,3193,-0.796812749003984,1640,0,-1614,-26,0,1640,0,1553,0,3193,0,0,3167,26,3193,8182690,0,-8052210,-130480,0,8182690,0,7778030,0,15960720,0,0,15830240,130480,15960720
2023-10-05,4980,5020,4955,4995,2190,0.30120481927710846,1306,0,-1304,-2,0,1306,0,884,0,2190,0,0,2188,2,2190,6497670,0,-6487735,-9935,0,6497670,0,4411310,0,10908980,0,0,10899045,9935,10908980
2023-10-06,5000,5090,4920,5040,5983,0.9009009009009009,1013,0,-1008,-5,0,1013,0,4970,0,5983,0,0,5978,5,5983,5036240,0,-5011100,-25140,0,5036240,0,24905035,0,29941275,0,0,29916135,25140,29941275
2023-10-10,5040,5080,4935,4940,5310,-1.984126984126984,4410,0,-4409,-1,0,4410,0,900,0,5310,0,0,5309,1,5310,21946380,0,-21941310,-5070,0,21946380,0,4484585,0,26430965,0,0,26425895,5070,26430965
2023-10-11,4940,4980,4915,4980,2685,0.8097165991902834,1789,0,-1788,-1,0,1789,0,895,1,2685,0,0,2683,2,2685,8840660,0,-8835735,-4925,0,8840660,0,4422030,4980,13267670,0,0,13257765,9905,13267670
2023-10-12,4960,5040,4960,5030,1389,1.0040160642570282,1068,0,-1047,-21,0,1068,0,321,0,1389,0,0,1368,21,1389,5346145,0,-5240925,-105220,0,5346145,0,1605345,0,6951490,0,0,6846270,105220,6951490
2023-10-13,5050,5050,4930,4965,2568,-1.2922465208747516,1501,0,-1504,3,0,1501,0,1052,15,2568,0,0,2556,12,2568,7509555,0,-7524500,14945,0,7509555,0,5246400,74775,12830730,0,0,12770900,59830,12830730
2023-10-16,4930,5000,4930,4965,1722,0.0,999,0,-1012,13,0,999,0,709,14,1722,0,0,1721,1,1722,4955255,0,-5019835,64580,0,4955255,0,3516335,69560,8541150,0,0,8536170,4980,8541150
2023-10-17,4965,5000,4920,4995,1946,0.6042296072507553,484,0,-469,-15,0,484,0,1459,3,1946,0,0,1928,18,1946,2401935,0,-2326990,-74945,0,2401935,0,7274870,14760,9691565,0,0,9601860,89705,9691565
2023-10-18,5050,5100,4965,4995,5427,0.0,485,0,-505,20,0,485,0,4897,45,5427,0,0,5402,25,5427,2408025,0,-2508615,100590,0,2408025,0,24692660,225840,27326525,0,0,27201275,125250,27326525
2023-10-19,4950,5040,4900,4915,2261,-1.6016016016016015,1241,0,-1219,-22,0,1241,0,1020,0,2261,0,0,2239,22,2261,6144815,0,-6035245,-109570,0,6144815,0,5040605,0,11185420,0,0,11075850,109570,11185420
2023-10-20,4915,4915,4825,4830,5572,-1.7293997965412005,4114,0,-4087,-27,0,4114,0,1458,0,5572,0,0,5545,27,5572,20043310,0,-19911245,-132065,0,20043310,0,7083505,0,27126815,0,0,26994750,132065,27126815
2023-10-23,4830,4860,4810,4810,839,-0.4140786749482402,0,0,-3,3,0,0,0,836,3,839,0,0,839,0,839,0,0,-14450,14450,0,0,0,4029880,14450,4044330,0,0,4044330,0,4044330
2023-10-24,4940,4945,4815,4945,5469,2.806652806652807,509,-100,-405,-4,0,509,0,4960,0,5469,0,100,5365,4,5469,2454660,-490000,-1945025,-19635,0,2454660,0,24245750,0,26700410,0,490000,26190775,19635,26700410
2023-10-25,4970,4975,4895,4960,877,0.3033367037411527,0,0,-112,112,0,0,0,764,113,877,0,0,876,1,877,0,0,-555320,555320,0,0,0,3790175,560280,4350455,0,0,4345495,4960,4350455
2023-10-26,4930,4930,4800,4890,3756,-1.411290322580645,2206,0,-2170,-36,0,2206,0,1549,1,3756,0,0,3719,37,3756,10644425,0,-10467630,-176795,0,10644425,0,7548035,4900,18197360,0,0,18015665,181695,18197360
2023-10-27,4860,4860,4830,4830,2481,-1.2269938650306749,425,0,-316,-109,0,425,0,2056,0,2481,0,0,2372,109,2481,2052750,0,-1523210,-529540,0,2052750,0,9944445,0,11997195,0,0,11467655,529540,11997195
2023-10-30,4805,4940,4760,4885,1989,1.1387163561076603,894,0,-762,-132,0,894,0,1095,0,1989,0,0,1857,132,1989,4292915,0,-3647495,-645420,0,4292915,0,5326410,0,9619325,0,0,8973905,645420,9619325
2023-10-31,4865,4950,4800,4830,2575,-1.1258955987717503,1353,0,-1306,-47,0,1353,0,1222,0,2575,0,0,2528,47,2575,6517950,0,-6291400,-226550,0,6517950,0,5903155,0,12421105,0,0,12194555,226550,12421105
2023-11-01,4830,4850,4760,4760,4710,-1.4492753623188406,2689,0,-2687,-2,0,2689,0,2021,0,4710,0,0,4708,2,4710,12898025,0,-12888475,-9550,0,12898025,0,9724880,0,22622905,0,0,22613355,9550,22622905
2023-11-02,4850,4940,4760,4810,1347,1.050420168067227,0,0,12,-12,0,0,0,1347,0,1347,0,0,1335,12,1347,0,0,58185,-58185,0,0,0,6509900,0,6509900,0,0,6451715,58185,6509900
2023-11-03,4810,4895,4785,4845,6049,0.7276507276507277,1816,0,-1779,-37,0,1816,0,4229,4,6049,0,0,6008,41,6049,8714860,0,-8536870,-177990,0,8714860,0,20360415,19280,29094555,0,0,28897285,197270,29094555
2023-11-06,4850,4935,4805,4840,3005,-0.10319917440660474,0,0,-21,21,0,0,0,2955,50,3005,0,0,2976,29,3005,0,0,-102720,102720,0,0,0,14304090,243225,14547315,0,0,14406810,140505,14547315
2023-11-07,4840,4865,4815,4820,4070,-0.4132231404958678,1067,0,-1079,12,0,1067,0,2974,29,4070,0,0,4053,17,4070,5161430,0,-5219810,58380,0,5161430,0,14431500,140760,19733690,0,0,19651310,82380,19733690
2023-11-08,4820,4820,4750,4795,6147,-0.5186721991701244,2473,0,-2439,-34,0,2473,0,3662,12,6147,0,0,6101,46,6147,11870555,0,-11707845,-162710,0,11870555,0,17530390,57600,29458545,0,0,29238235,220310,29458545
2023-11-09,4795,4850,4745,4745,3993,-1.0427528675703857,1463,0,-1440,-23,0,1463,0,2519,11,3993,0,0,3959,34,3993,6995040,0,-6884880,-110160,0,6995040,0,12054345,52690,19102075,0,0,18939225,162850,19102075
2023-11-10,4800,4815,4600,4605,13508,-2.9504741833508956,1987,0,-619,-1368,0,1987,0,11474,47,13508,0,0,12093,1415,13508,9374710,0,-2791540,-6583170,0,9374710,0,54184695,220480,63779885,0,0,56976235,6803650,63779885
2023-11-13,4610,4740,4510,4510,6877,-2.0629750271444083,0,0,-33,33,0,0,0,6839,38,6877,0,0,6872,5,6877,0,0,-151390,151390,0,0,0,31659740,174890,31834630,0,0,31811130,23500,31834630
2023-11-14,4510,5490,4510,4585,213766,1.662971175166297,-7637,-4469,13384,-1278,0,0,4480,207145,2141,213766,7637,8949,193761,3419,213766,-37346760,-26075620,71255570,-7833190,0,0,20610200,1039355940,9958710,1069924850,37346760,46685820,968100370,17791900,1069924850
2023-11-15,4630,4640,4510,4640,14652,1.1995637949836424,0,60,-2042,1982,0,0,60,12203,2389,14652,0,0,14245,407,14652,0,275080,-9326375,9051295,0,0,275080,55638295,10912770,66826145,0,0,64964670,1861475,66826145
2023-11-16,4640,4640,4550,4640,2332,0.0,0,0,234,-234,0,0,0,2322,10,2332,0,0,2088,244,2332,0,0,1080145,-1080145,0,0,0,10699200,45845,10745045,0,0,9619055,1125990,10745045
2023-11-17,4640,4640,4250,4570,15399,-1.5086206896551724,0,2840,-1759,-1081,0,0,2840,12467,92,15399,0,0,14226,1173,15399,0,12820025,-7947785,-4872240,0,0,12820025,56038525,414665,69273215,0,0,63986310,5286905,69273215
2023-11-20,4570,4570,4510,4530,1647,-0.87527352297593,0,0,-9,9,0,0,0,1593,54,1647,0,0,1602,45,1647,0,0,-40025,40025,0,0,0,7235965,244575,7480540,0,0,7275990,204550,7480540
2023-11-21,4570,4690,4415,4505,8394,-0.5518763796909493,0,0,246,-246,0,0,22,8257,115,8394,0,22,8011,361,8394,0,660,1106080,-1106740,0,0,99440,37789690,523865,38412995,0,98780,36683610,1630605,38412995
2023-11-22,4505,4550,4495,4520,2488,0.3329633740288568,0,0,45,-45,0,0,0,2452,36,2488,0,0,2407,81,2488,0,0,205080,-205080,0,0,0,11064415,162100,11226515,0,0,10859335,367180,11226515
2023-11-23,4520,4565,4295,4450,5954,-1.5486725663716814,0,0,152,-152,0,0,0,5724,230,5954,0,0,5572,382,5954,0,0,680200,-680200,0,0,0,25448545,1021705,26470250,0,0,24768345,1701905,26470250
2023-11-24,4500,4525,4450,4495,2298,1.0112359550561798,0,0,10,-10,0,0,0,2093,205,2298,0,0,2083,215,2298,0,0,46030,-46030,0,0,0,9422905,922495,10345400,0,0,9376875,968525,10345400
2023-11-27,4495,4495,4360,4470,1277,-0.5561735261401557,0,0,-71,71,0,0,0,1203,74,1277,0,0,1274,3,1277,0,0,-312560,312560,0,0,0,5319410,325850,5645260,0,0,5631970,13290,5645260
2023-11-28,4470,4520,4455,4505,2598,0.7829977628635347,0,0,-40,40,0,0,0,2517,81,2598,0,0,2557,41,2598,0,0,-180035,180035,0,0,0,11275485,364345,11639830,0,0,11455520,184310,11639830
2023-11-29,4450,4525,4435,4435,4158,-1.553829078801332,0,0,8,-8,0,0,0,3954,204,4158,0,0,3946,212,4158,0,0,34220,-34220,0,0,0,17627880,908880,18536760,0,0,17593660,943100,18536760
2023-11-30,4360,4470,4360,4395,1595,-0.9019165727170236,0,0,139,-139,0,0,0,1595,0,1595,0,0,1456,139,1595,0,0,615995,-615995,0,0,0,7059605,0,7059605,0,0,6443610,615995,7059605
2023-12-01,4420,4470,4400,4405,1702,0.22753128555176336,0,0,98,-98,0,0,0,1702,0,1702,0,0,1604,98,1702,0,0,433980,-433980,0,0,0,7520790,0,7520790,0,0,7086810,433980,7520790
2023-12-04,4405,4465,4375,4430,7033,0.5675368898978433,-1362,0,1562,-200,0,0,0,7030,3,7033,1362,0,5468,203,7033,-6034010,0,6923790,-889780,0,0,0,31062185,13180,31075365,6034010,0,24138395,902960,31075365
2023-12-05,4470,4580,4360,4370,7302,-1.3544018058690745,-24,0,101,-77,0,0,0,7185,117,7302,24,0,7084,194,7302,-106760,0,454345,-347585,0,0,0,31786870,518465,32305335,106760,0,31332525,866050,32305335
2023-12-06,4370,4495,4360,4430,5559,1.3729977116704806,-1816,0,1458,358,0,0,0,5181,378,5559,1816,0,3723,20,5559,-8024630,0,6447550,1577080,0,0,0,22935345,1665845,24601190,8024630,0,16487795,88765,24601190
2023-12-07,4435,4490,4320,4455,2132,0.5643340857787811,-681,0,658,23,0,0,0,2094,38,2132,681,0,1436,15,2132,-3020270,0,2919040,101230,0,0,0,9223930,167960,9391890,3020270,0,6304890,66730,9391890
2023-12-08,4440,4490,4350,4435,3754,-0.44893378226711567,-913,0,695,218,0,0,0,3516,238,3754,913,0,2821,20,3754,-4074055,0,3104390,969665,0,0,0,15637465,1058810,16696275,4074055,0,12533075,89145,16696275
2023-12-11,4490,4490,4420,4425,3796,-0.2254791431792559,0,0,34,-34,0,0,0,3735,61,3796,0,0,3701,95,3796,0,0,153560,-153560,0,0,0,16632835,270895,16903730,0,0,16479275,424455,16903730
2023-12-12,4425,5570,4340,4720,566597,6.666666666666667,-29600,-6380,41583,-5603,0,0,0,557818,8779,566597,29600,6380,516235,14382,566597,-153429730,-33750200,217237205,-30057275,0,0,0,2795257895,42555050,2837812945,153429730,33750200,2578020690,72612325,2837812945
2023-12-13,4720,4995,4635,4905,79204,3.919491525423729,0,5600,-14905,9305,0,0,5601,62027,11576,79204,0,1,76932,2271,79204,0,26504245,-71101230,44596985,0,0,26509165,301427260,55730710,383667135,0,4920,372528490,11133725,383667135
2023-12-14,4855,4860,4705,4765,31503,-2.854230377166157,0,2400,1043,-3443,0,0,2400,27948,1155,31503,0,0,26905,4598,31503,0,11542455,5010050,-16552505,0,0,11542455,133788260,5520645,150851360,0,0,128778210,22073150,150851360
2023-12-15,4750,4760,4670,4750,10079,-0.3147953830010493,0,0,2552,-2552,0,0,0,9737,342,10079,0,0,7185,2894,10079,0,0,12055760,-12055760,0,0,0,45861725,1603990,47465715,0,0,33805965,13659750,47465715
2023-12-18,4700,4725,4630,4630,13431,-2.526315789473684,0,0,2065,-2065,0,0,0,13387,44,13431,0,0,11322,2109,13431,0,0,9639290,-9639290,0,0,0,62445315,205620,62650935,0,0,52806025,9844910,62650935
2023-12-19,4605,4695,4605,4645,2647,0.32397408207343414,0,0,-174,174,0,0,0,2027,620,2647,0,0,2201,446,2647,0,0,-801535,801535,0,0,0,9394640,2870380,12265020,0,0,10196175,2068845,12265020
2023-12-20,4675,4735,4655,4655,3094,0.2152852529601722,0,1000,-883,-117,0,0,1000,1858,236,3094,0,0,2741,353,3094,0,4729625,-4174775,-554850,0,0,4729625,8710355,1105895,14545875,0,0,12885130,1660745,14545875
2023-12-21,4610,4740,4580,4580,12951,-1.611170784103115,0,0,795,-795,0,0,0,12541,410,12951,0,0,11746,1205,12951,0,0,3681490,-3681490,0,0,0,58070605,1894410,59965015,0,0,54389115,5575900,59965015
2023-12-22,4595,4635,4510,4550,7579,-0.6550218340611353,0,0,667,-667,0,0,0,7457,122,7579,0,0,6790,789,7579,0,0,3030430,-3030430,0,0,0,34038210,560590,34598800,0,0,31007780,3591020,34598800
2023-12-26,4550,4600,4460,4595,5738,0.9890109890109889,0,0,625,-625,0,0,0,5553,185,5738,0,0,4928,810,5738,0,0,2807610,-2807610,0,0,0,25093660,843995,25937655,0,0,22286050,3651605,25937655
2023-12-27,4580,4595,4505,4595,2016,0.0,0,0,-71,71,0,0,0,1806,210,2016,0,0,1877,139,2016,0,0,-312960,312960,0,0,0,8222595,947110,9169705,0,0,8535555,634150,9169705
2023-12-28,4590,4595,4565,4590,4220,-0.1088139281828074,0,0,57,-57,0,0,0,4217,3,4220,0,0,4160,60,4220,0,0,261320,-261320,0,0,0,19358055,13770,19371825,0,0,19096735,275090,19371825
2024-01-02,4595,4595,4555,4565,3843,-0.5446623093681917,0,0,89,-89,0,0,0,3770,73,3843,0,0,3681,162,3843,0,0,404780,-404780,0,0,0,17248425,334320,17582745,0,0,16843645,739100,17582745
2024-01-03,4565,4595,4500,4530,5593,-0.7667031763417306,0,0,214,-214,0,0,0,5491,102,5593,0,0,5277,316,5593,0,0,965850,-965850,0,0,0,25021980,460020,25482000,0,0,24056130,1425870,25482000
2024-01-04,4510,4590,4465,4500,5895,-0.6622516556291391,0,0,-392,392,0,0,0,5427,468,5895,0,0,5819,76,5895,0,0,-1745020,1745020,0,0,0,24353040,2093440,26446480,0,0,26098060,348420,26446480
2024-01-05,4500,4595,4500,4580,3215,1.7777777777777777,0,0,44,-44,0,0,0,3215,0,3215,0,0,3171,44,3215,0,0,200115,-200115,0,0,0,14635435,0,14635435,0,0,14435320,200115,14635435
2024-01-08,4550,4600,4545,4575,3556,-0.10917030567685589,0,0,-290,290,0,0,0,3225,331,3556,0,0,3515,41,3556,0,0,-1326880,1326880,0,0,0,14802730,1514855,16317585,0,0,16129610,187975,16317585
2024-01-09,4615,4630,4550,4570,5230,-0.1092896174863388,0,0,-46,46,0,0,0,5089,141,5230,0,0,5135,95,5230,0,0,-208885,208885,0,0,0,23292895,644310,23937205,0,0,23501780,435425,23937205
2024-01-10,4570,4640,4530,4530,4612,-0.87527352297593,0,0,-359,359,0,0,0,4102,510,4612,0,0,4461,151,4612,0,0,-1635750,1635750,0,0,0,18712295,2326385,21038680,0,0,20348045,690635,21038680
2024-01-11,4600,4690,4515,4540,32180,0.22075055187637968,0,0,-469,469,0,0,0,31315,865,32180,0,0,31784,396,32180,0,0,-2116995,2116995,0,0,0,142660815,3931735,146592550,0,0,144777810,1814740,146592550
2024-01-12,4570,4575,4475,4495,10453,-0.9911894273127754,0,0,209,-209,0,0,0,9929,524,10453,0,0,9720,733,10453,0,0,937970,-937970,0,0,0,44750690,2368385,47119075,0,0,43812720,3306355,47119075
2024-01-15,4500,4500,4450,4460,4786,-0.778642936596218,0,0,102,-102,0,0,0,4765,21,4786,0,0,4663,123,4786,0,0,456750,-456750,0,0,0,21284535,94230,21378765,0,0,20827785,550980,21378765
2024-01-16,4460,4460,4405,4440,3003,-0.4484304932735426,0,0,89,-89,0,0,0,3003,0,3003,0,0,2914,89,3003,0,0,395430,-395430,0,0,0,13313415,0,13313415,0,0,12917985,395430,13313415
2024-01-17,4440,4440,4345,4350,8262,-2.027027027027027,0,0,2001,-2001,0,0,0,8196,66,8262,0,0,6195,2067,8262,0,0,8709235,-8709235,0,0,0,35856365,287520,36143885,0,0,27147130,8996755,36143885
2024-01-18,4400,4415,4375,4415,2899,1.4942528735632183,0,0,63,-63,0,0,0,2861,38,2899,0,0,2798,101,2899,0,0,277765,-277765,0,0,0,12582700,167625,12750325,0,0,12304935,445390,12750325
2024-01-19,4405,4430,4370,4415,619,0.0,0,0,39,-39,0,0,0,619,0,619,0,0,580,39,619,0,0,172150,-172150,0,0,0,2726385,0,2726385,0,0,2554235,172150,2726385
2024-01-22,4410,4410,4205,4310,7441,-2.378255945639864,0,1000,-944,-56,0,0,1000,6401,40,7441,0,0,7345,96,7441,0,4351705,-4109570,-242135,0,0,4351705,27510555,173390,32035650,0,0,31620125,415525,32035650
2024-01-23,4310,4310,4245,4250,3332,-1.3921113689095126,0,4,6,-10,0,0,4,3315,13,3332,0,0,3309,23,3332,0,17100,25745,-42845,0,0,17100,14187455,55750,14260305,0,0,14161710,98595,14260305
2024-01-24,4250,4250,4210,4215,7994,-0.823529411764706,0,0,-126,126,0,0,0,7837,157,7994,0,0,7963,31,7994,0,0,-532815,532815,0,0,0,33065900,663885,33729785,0,0,33598715,131070,33729785
2024-01-25,4215,4255,4165,4255,3774,0.9489916963226572,0,0,49,-49,0,0,0,3774,0,3774,0,0,3725,49,3774,0,0,206210,-206210,0,0,0,15882225,0,15882225,0,0,15676015,206210,15882225
2024-01-26,4255,4280,4170,4260,3484,0.11750881316098707,0,0,30,-30,0,0,0,3450,34,3484,0,0,3420,64,3484,0,0,128700,-128700,0,0,0,14651270,142035,14793305,0,0,14522570,270735,14793305
2024-01-29,4260,4305,4260,4305,1640,1.056338028169014,0,0,53,-53,0,0,0,1640,0,1640,0,0,1587,53,1640,0,0,226555,-226555,0,0,0,7013440,0,7013440,0,0,6786885,226555,7013440
2024-01-30,4350,4380,4310,4315,2004,0.23228803716608595,0,0,40,-40,0,0,0,2004,0,2004,0,0,1964,40,2004,0,0,174400,-174400,0,0,0,8702035,0,8702035,0,0,8527635,174400,8702035
2024-01-31,4340,4340,4200,4200,3474,-2.6651216685979144,0,0,7,-7,0,0,0,3474,0,3474,0,0,3467,7,3474,0,0,29490,-29490,0,0,0,14754610,0,14754610,0,0,14725120,29490,14754610
2024-02-01,4180,4240,4145,4150,4065,-1.1904761904761905,0,0,-112,112,0,0,0,3942,123,4065,0,0,4054,11,4065,0,0,-467560,467560,0,0,0,16458675,514015,16972690,0,0,16926235,46455,16972690
2024-02-02,4150,4250,4150,4220,2167,1.6867469879518073,0,0,-5,5,0,0,0,2157,10,2167,0,0,2162,5,2167,0,0,-20450,20450,0,0,0,9079670,41500,9121170,0,0,9100120,21050,9121170
2024-02-05,4220,4235,4150,4150,3046,-1.6587677725118484,0,0,5,-5,0,0,0,3046,0,3046,0,0,3041,5,3046,0,0,20950,-20950,0,0,0,12749915,0,12749915,0,0,12728965,20950,12749915
2024-02-06,4175,4190,4050,4110,5343,-0.9638554216867471,0,0,20,-20,0,0,0,5343,0,5343,0,0,5323,20,5343,0,0,82760,-82760,0,0,0,21985890,0,21985890,0,0,21903130,82760,21985890
2024-02-07,4125,4170,4120,4165,1011,1.338199513381995,0,0,23,-23,0,0,0,1011,0,1011,0,0,988,23,1011,0,0,95455,-95455,0,0,0,4188805,0,4188805,0,0,4093350,95455,4188805
2024-02-08,4150,4170,4125,4150,2657,-0.36014405762304924,0,0,1607,-1607,0,0,0,2657,0,2657,0,0,1050,1607,2657,0,0,6636955,-6636955,0,0,0,11000430,0,11000430,0,0,4363475,6636955,11000430
2024-02-13,4160,4260,4120,4125,4656,-0.6024096385542169,0,0,222,-222,0,0,0,4656,0,4656,0,0,4434,222,4656,0,0,932150,-932150,0,0,0,19393390,0,19393390,0,0,18461240,932150,19393390
2024-02-14,4125,4450,4120,4140,6582,0.36363636363636365,0,0,36,-36,0,0,0,6580,2,6582,0,0,6544,38,6582,0,0,153165,-153165,0,0,0,27650490,8250,27658740,0,0,27497325,161415,27658740
2024-02-15,4180,4290,4165,4290,7000,3.6231884057971016,0,0,16,-16,0,0,0,6980,20,7000,0,0,6964,36,7000,0,0,69135,-69135,0,0,0,29274000,84795,29358795,0,0,29204865,153930,29358795
2024-02-16,4290,4330,4265,4300,4774,0.2331002331002331,0,1000,-999,-1,0,0,1000,3773,1,4774,0,0,4772,2,4774,0,4270000,-4265675,-4325,0,0,4270000,16237390,4300,20511690,0,0,20503065,8625,20511690
2024-02-19,4300,4330,4235,4290,1544,-0.23255813953488372,0,0,6,-6,0,0,0,1544,0,1544,0,0,1538,6,1544,0,0,25685,-25685,0,0,0,6607810,0,6607810,0,0,6582125,25685,6607810
2024-02-20,4240,4340,4235,4335,5124,1.048951048951049,0,0,22,-22,0,0,0,5115,9,5124,0,0,5093,31,5124,0,0,95370,-95370,0,0,0,21940030,38265,21978295,0,0,21844660,133635,21978295
2024-02-21,4400,4400,4220,4220,2986,-2.6528258362168398,0,0,46,-46,0,0,0,2986,0,2986,0,0,2940,46,2986,0,0,195190,-195190,0,0,0,12830905,0,12830905,0,0,12635715,195190,12830905
2024-02-22,4220,4390,4220,4265,1845,1.066350710900474,0,0,3,-3,0,0,0,1845,0,1845,0,0,1842,3,1845,0,0,12795,-12795,0,0,0,7861440,0,7861440,0,0,7848645,12795,7861440
2024-02-23,4415,4435,4205,4230,1908,-0.8206330597889802,0,0,11,-11,0,0,0,1908,0,1908,0,0,1897,11,1908,0,0,46680,-46680,0,0,0,8101675,0,8101675,0,0,8054995,46680,8101675
2024-02-26,4230,4250,4165,4190,1623,-0.9456264775413712,0,0,-12,12,0,0,0,1611,12,1623,0,0,1623,0,1623,0,0,-50715,50715,0,0,0,6767045,50715,6817760,0,0,6817760,0,6817760
2024-02-27,4340,4340,4170,4175,2807,-0.35799522673031026,0,0,2,-2,0,0,0,2805,2,2807,0,0,2803,4,2807,0,0,8855,-8855,0,0,0,11748380,8370,11756750,0,0,11739525,17225,11756750
2024-02-28,4340,4340,4125,4160,5158,-0.3592814371257485,0,0,1,-1,0,0,0,5158,0,5158,0,0,5157,1,5158,0,0,4160,-4160,0,0,0,21520265,0,21520265,0,0,21516105,4160,21520265
2024-02-29,4275,4275,4130,4200,1850,0.9615384615384616,0,0,11,-11,0,0,0,1849,1,1850,0,0,1838,12,1850,0,0,46680,-46680,0,0,0,7718780,4200,7722980,0,0,7672100,50880,7722980
2024-03-04,4225,4225,4120,4130,5093,-1.6666666666666667,0,0,19,-19,0,0,0,5089,4,5093,0,0,5070,23,5093,0,0,79415,-79415,0,0,0,21197665,16800,21214465,0,0,21118250,96215,21214465
2024-03-05,4130,4130,4080,4110,4076,-0.48426150121065376,-1,-339,423,-83,0,0,0,4037,39,4076,1,339,3614,122,4076,-4130,-1393290,1739585,-342165,0,0,0,16573280,161070,16734350,4130,1393290,14833695,503235,16734350
2024-03-06,4070,4230,4060,4060,5448,-1.2165450121654502,-485,-1131,1585,31,0,0,0,5404,44,5448,485,1131,3819,13,5448,-1994705,-4639585,6509005,125285,0,0,0,22069355,178860,22248215,1994705,4639585,15560350,53575,22248215
2024-03-07,4065,4200,4035,4060,5621,0.0,-969,-2530,3653,-154,0,0,0,5620,1,5621,969,2530,1967,155,5621,-3938335,-10270300,14833870,-625235,0,0,0,22807235,4060,22811295,3938335,10270300,7973365,629295,22811295
2024-03-08,4145,4145,4020,4055,5640,-0.12315270935960591,-549,0,343,206,0,0,0,5420,220,5640,549,0,5077,14,5640,-2228940,0,1392570,836370,0,0,0,21935505,893140,22828645,2228940,0,20542935,56770,22828645
2024-03-11,4130,4130,3820,3960,8331,-2.342786683107275,-281,0,286,-5,0,0,0,8317,14,8331,281,0,8031,19,8331,-1140285,0,1160595,-20310,0,0,0,33042560,56645,33099205,1140285,0,31881965,76955,33099205
2024-03-12,4120,4120,3920,3960,6653,0.0,-1951,-538,2523,-34,0,0,0,6626,27,6653,1951,538,4103,61,6653,-7775475,-2114400,10024800,-134925,0,0,0,26283135,107390,26390525,7775475,2114400,16258335,242315,26390525
2024-03-13,3950,4035,3940,4015,2376,1.3888888888888888,-860,0,852,8,0,0,0,2360,16,2376,860,0,1508,8,2376,-3421465,0,3388885,32580,0,0,0,9352955,64240,9417195,3421465,0,5964070,31660,9417195
2024-03-14,4055,4055,3950,3960,1887,-1.36986301369863,-9,0,-2,11,0,0,0,1876,11,1887,9,0,1878,0,1887,-36155,0,-7685,43840,0,0,0,7450855,43840,7494695,36155,0,7458540,0,7494695
2024-03-15,3960,4040,3905,3905,6870,-1.3888888888888888,-469,0,470,-1,0,0,0,6870,0,6870,469,0,6400,1,6870,-1857505,0,1861410,-3905,0,0,0,27027170,0,27027170,1857505,0,25165760,3905,27027170
2024-03-18,3895,3940,3875,3900,3320,-0.12804097311139565,-813,0,786,27,0,0,0,3289,31,3320,813,0,2503,4,3320,-3176270,0,3070815,105455,0,0,0,12822560,121055,12943615,3176270,0,9751745,15600,12943615
2024-03-19,4000,4000,3890,3915,2825,0.38461538461538464,-397,0,403,-6,0,0,0,2825,0,2825,397,0,2422,6,2825,-1553105,0,1576995,-23890,0,0,0,11064565,0,11064565,1553105,0,9487570,23890,11064565
2024-03-20,3880,3965,3875,3915,2566,0.0,-1107,0,1230,-123,0,0,0,2566,0,2566,1107,0,1336,123,2566,-4350845,0,4828835,-477990,0,0,0,10016920,0,10016920,4350845,0,5188085,477990,10016920
2024-03-21,4050,4050,3890,4030,5250,2.937420178799489,-1695,0,1773,-78,0,0,0,5250,0,5250,1695,0,3477,78,5250,-6700275,0,7011290,-311015,0,0,0,20773275,0,20773275,6700275,0,13761985,311015,20773275
2024-03-22,4060,4060,3935,4010,3580,-0.49627791563275436,0,0,213,-213,0,0,0,3580,0,3580,0,0,3367,213,3580,0,0,853465,-853465,0,0,0,14334760,0,14334760,0,0,13481295,853465,14334760
2024-03-25,4000,4010,3900,4000,2061,-0.24937655860349126,0,0,41,-41,0,0,0,2061,0,2061,0,0,2020,41,2061,0,0,163605,-163605,0,0,0,8187310,0,8187310,0,0,8023705,163605,8187310
2024-03-26,4000,4000,3945,3995,2461,-0.125,0,0,0,0,0,0,0,2461,0,2461,0,0,2461,0,2461,0,0,0,0,0,0,0,9811425,0,9811425,0,0,9811425,0,9811425
2024-03-27,3990,3990,3875,3950,2076,-1.1264080100125156,0,0,75,-75,0,0,0,2076,0,2076,0,0,2001,75,2076,0,0,294665,-294665,0,0,0,8197305,0,8197305,0,0,7902640,294665,8197305
2024-03-28,3840,3945,3750,3750,40799,-5.063291139240507,0,2470,-1775,-695,0,0,2470,38329,0,40799,0,0,40104,695,40799,0,9530225,-6893290,-2636935,0,0,9530225,145468390,0,154998615,0,0,152361680,2636935,154998615
2024-03-29,3750,3840,3750,3780,6441,0.8,-1695,530,877,288,0,0,530,5560,351,6441,1695,0,4683,63,6441,-6398120,1996480,3296645,1104995,0,0,1996480,20999220,1342075,24337775,6398120,0,17702575,237080,24337775
2024-04-01,3800,3810,3755,3780,6527,0.0,-1061,0,1130,-69,0,0,0,6522,5,6527,1061,0,5392,74,6527,-4023030,0,4285540,-262510,0,0,0,24687340,18930,24706270,4023030,0,20401800,281440,24706270
2024-04-02,3795,3815,3750,3775,6867,-0.13227513227513227,-1052,0,1051,1,0,0,0,6850,17,6867,1052,0,5799,16,6867,-3987985,0,3984550,3435,0,0,0,25855085,64205,25919290,3987985,0,21870535,60770,25919290
2024-04-03,3780,3790,3740,3765,2399,-0.26490066225165565,-727,0,728,-1,0,0,0,2399,0,2399,727,0,1671,1,2399,-2746110,0,2749880,-3770,0,0,0,9026730,0,9026730,2746110,0,6276850,3770,9026730
2024-04-04,3785,3790,3730,3760,2431,-0.13280212483399734,-313,0,293,20,0,0,0,2411,20,2431,313,0,2118,0,2431,-1180400,0,1105200,75200,0,0,0,9043890,75200,9119090,1180400,0,7938690,0,9119090
2024-04-05,3760,3760,3720,3755,6528,-0.13297872340425532,-506,0,757,-251,0,0,0,6528,0,6528,506,0,5771,251,6528,-1902560,0,2837860,-935300,0,0,0,24464050,0,24464050,1902560,0,21626190,935300,24464050
2024-04-08,3755,3765,3750,3755,1138,0.0,-728,0,745,-17,0,0,0,1137,1,1138,728,0,392,18,1138,-2734855,0,2798595,-63740,0,0,0,4270750,3760,4274510,2734855,0,1472155,67500,4274510
2024-04-09,3760,3760,3710,3755,2700,0.0,-616,0,618,-2,0,0,0,2700,0,2700,616,0,2082,2,2700,-2313080,0,2320570,-7490,0,0,0,10067915,0,10067915,2313080,0,7747345,7490,10067915
2024-04-11,3755,3755,3715,3715,1608,-1.0652463382157125,0,2,17,-19,0,0,2,1604,2,1608,0,0,1587,21,1608,0,7490,63495,-70985,0,0,7490,5994585,7480,6009555,0,0,5931090,78465,6009555
2024-04-12,3750,3750,3665,3670,5170,-1.2113055181695829,-242,0,244,-2,0,0,0,5170,0,5170,242,0,4926,2,5170,-899620,0,906975,-7355,0,0,0,19082520,0,19082520,899620,0,18175545,7355,19082520
2024-04-15,3670,3690,3535,3535,10012,-3.6784741144414173,0,2,712,-714,0,0,2,10010,0,10012,0,0,9298,714,10012,0,7300,2591915,-2599215,0,0,7300,36125195,0,36132495,0,0,33533280,2599215,36132495
2024-04-16,3535,3600,3440,3450,7649,-2.4045261669024045,-486,0,633,-147,0,0,0,7437,212,7649,486,0,6804,359,7649,-1722075,0,2237415,-515340,0,0,0,25915205,740640,26655845,1722075,0,23677790,1255980,26655845
2024-04-17,3495,3495,3415,3485,3515,1.0144927536231882,-1211,0,1208,3,0,0,0,3475,40,3515,1211,0,2267,37,3515,-4201750,0,4189790,11960,0,0,0,12036940,139400,12176340,4201750,0,7847150,127440,12176340
2024-04-18,3465,3495,3410,3485,2408,0.0,-877,0,867,10,0,0,0,2356,52,2408,877,0,1489,42,2408,-3058065,0,3023335,34730,0,0,0,8174970,180980,8355950,3058065,0,5151635,146250,8355950
2024-04-19,3485,3485,3385,3445,5319,-1.1477761836441895,-190,0,200,-10,0,0,0,5316,3,5319,190,0,5116,13,5319,-662150,0,696510,-34360,0,0,0,18187240,10365,18197605,662150,0,17490730,44725,18197605
2024-04-22,3480,3480,3440,3470,1752,0.7256894049346879,-727,0,655,72,0,0,0,1677,75,1752,727,0,1022,3,1752,-2505395,0,2256620,248775,0,0,0,5778265,259125,6037390,2505395,0,3521645,10350,6037390
2024-04-23,3485,3500,3455,3470,2037,0.0,-969,0,1052,-83,0,0,0,2032,5,2037,969,0,980,88,2037,-3379890,0,3668195,-288305,0,0,0,7077000,17400,7094400,3379890,0,3408805,305705,7094400
2024-04-24,3455,3510,3440,3485,6632,0.43227665706051877,-1211,0,2367,-1156,0,0,0,6632,0,6632,1211,0,4265,1156,6632,-4217910,0,8209235,-3991325,0,0,0,22965680,0,22965680,4217910,0,14756445,3991325,22965680
2024-04-25,3455,3495,3430,3490,5058,0.1434720229555237,-485,0,1224,-739,0,0,0,5056,2,5058,485,0,3832,741,5058,-1691440,0,4239225,-2547785,0,0,0,17464650,6980,17471630,1691440,0,13225425,2554765,17471630
2024-04-26,3490,3500,3440,3495,1531,0.14326647564469913,-485,0,468,17,0,0,0,1497,34,1531,485,0,1029,17,1531,-1692650,0,1633275,59375,0,0,0,5207750,118370,5326120,1692650,0,3574475,58995,5326120
2024-04-29,3500,3520,3495,3505,4671,0.28612303290414876,-1096,0,1209,-113,0,0,0,4671,0,4671,1096,0,3462,113,4671,-3843125,0,4238740,-395615,0,0,0,16357100,0,16357100,3843125,0,12118360,395615,16357100
2024-04-30,3510,3535,3490,3520,13320,0.42796005706134094,-1211,0,1145,66,0,0,0,13158,162,13320,1211,0,12013,96,13320,-4251310,0,4017565,233745,0,0,0,46220360,570850,46791210,4251310,0,42202795,337105,46791210
2024-05-02,3530,3530,3490,3520,1992,0.0,-485,0,168,317,0,0,0,1654,338,1992,485,0,1486,21,1992,-1707200,0,592465,1114735,0,0,0,5797925,1188590,6986515,1707200,0,5205460,73855,6986515
2024-05-03,3495,3520,3495,3520,2476,0.0,-875,0,874,1,0,0,0,2475,1,2476,875,0,1601,0,2476,-3080000,0,3076480,3520,0,0,0,8706890,3520,8710410,3080000,0,5630410,0,8710410
2024-05-07,3520,3540,3490,3515,1409,-0.14204545454545456,-350,0,244,106,0,0,0,1303,106,1409,350,0,1059,0,1409,-1232505,0,858940,373565,0,0,0,4571495,373565,4945060,1232505,0,3712555,0,4945060
2024-05-08,3500,3595,3500,3530,13974,0.42674253200568996,-1447,1280,224,-57,0,0,1280,12615,79,13974,1447,0,12391,136,13974,-5126750,4531225,794360,-198835,0,0,4531225,44982130,283070,49796425,5126750,0,44187770,481905,49796425
2024-05-09,3470,3510,3465,3485,3445,-1.2747875354107647,0,0,-163,163,0,0,0,3281,164,3445,0,0,3444,1,3445,0,0,-567755,567755,0,0,0,11437370,571250,12008620,0,0,12005125,3495,12008620
2024-05-10,3490,3510,3475,3510,3997,0.7173601147776184,-1447,0,1485,-38,0,0,0,3993,4,3997,1447,0,2508,42,3997,-5058370,0,5191255,-132885,0,0,0,13946870,13980,13960850,5058370,0,8755615,146865,13960850
2024-05-13,3510,3515,3495,3510,3338,0.0,-579,0,579,0,0,0,0,3338,0,3338,579,0,2759,0,3338,-2032290,0,2032290,0,0,0,0,11701445,0,11701445,2032290,0,9669155,0,11701445
2024-05-14,3505,3505,3350,3465,6072,-1.282051282051282,0,0,0,0,0,0,0,6072,0,6072,0,0,6072,0,6072,0,0,0,0,0,0,0,20933590,0,20933590,0,0,20933590,0,20933590
2024-05-16,3445,3465,3445,3460,3571,-0.1443001443001443,0,0,-22,22,0,0,0,3549,22,3571,0,0,3571,0,3571,0,0,-76080,76080,0,0,0,12249545,76080,12325625,0,0,12325625,0,12325625
2024-05-17,3415,3425,3370,3410,11915,-1.4450867052023122,0,0,121,-121,0,0,0,11305,610,11915,0,0,11184,731,11915,0,0,407225,-407225,0,0,0,38375965,2074545,40450510,0,0,37968740,2481770,40450510
2024-05-20,3410,3420,3375,3410,1502,0.0,-137,0,135,2,0,0,0,1500,2,1502,137,0,1365,0,1502,-468540,0,461720,6820,0,0,0,5113185,6820,5120005,468540,0,4651465,0,5120005
2024-05-21,3410,3410,3380,3385,3682,-0.7331378299120235,0,0,0,0,0,0,0,3682,0,3682,0,0,3682,0,3682,0,0,0,0,0,0,0,12470040,0,12470040,0,0,12470040,0,12470040
2024-05-22,3415,3420,3380,3380,3144,-0.14771048744460857,-671,0,665,6,0,0,0,3138,6,3144,671,0,2473,0,3144,-2280335,0,2260025,20310,0,0,0,10640020,20310,10660330,2280335,0,8379995,0,10660330
2024-05-23,3410,3415,3370,3380,6618,0.0,-1634,0,1633,1,0,0,0,6617,1,6618,1634,0,4984,0,6618,-5526130,0,5522750,3380,0,0,0,22372810,3380,22376190,5526130,0,16850060,0,22376190
2024-05-24,3380,3425,3365,3385,8077,0.14792899408284024,-1901,0,1894,7,0,0,0,8065,12,8077,1901,0,6171,5,8077,-6454050,0,6430415,23635,0,0,0,27372135,40560,27412695,6454050,0,20941720,16925,27412695
2024-05-27,3385,3415,3355,3355,7905,-0.8862629246676514,0,0,-4,4,0,0,0,7897,8,7905,0,0,7901,4,7905,0,0,-13795,13795,0,0,0,26729745,27290,26757035,0,0,26743540,13495,26757035
2024-05-28,3340,3355,3255,3255,13032,-2.9806259314456036,0,0,-80,80,0,0,0,12808,224,13032,0,0,12888,144,13032,0,0,-273265,273265,0,0,0,42214670,747035,42961705,0,0,42487935,473770,42961705
2024-05-29,3285,3355,3250,3265,8549,0.30721966205837176,0,0,-144,144,0,0,0,8362,187,8549,0,0,8506,43,8549,0,0,-473120,473120,0,0,0,27487455,615455,28102910,0,0,27960575,142335,28102910
2024-05-30,3265,3345,3260,3345,3339,2.4502297090352223,0,0,15,-15,0,0,0,3278,61,3339,0,0,3263,76,3339,0,0,51325,-51325,0,0,0,10846815,201725,11048540,0,0,10795490,253050,11048540
2024-05-31,3345,3345,3290,3300,1139,-1.345291479820628,0,0,-2,2,0,0,0,1101,38,1139,0,0,1103,36,1139,0,0,-5505,5505,0,0,0,3666280,125520,3791800,0,0,3671785,120015,3791800
2024-06-03,3320,3320,3205,3230,8477,-2.1212121212121215,0,0,-2,2,0,0,0,8404,73,8477,0,0,8406,71,8477,0,0,-6295,6295,0,0,0,27220845,237120,27457965,0,0,27227140,230825,27457965
2024-06-04,3255,3265,3050,3105,23724,-3.8699690402476783,0,-1284,1322,-38,0,0,0,22924,800,23724,0,1284,21602,838,23724,0,-4115220,4249975,-134755,0,0,0,72440815,2493170,74933985,0,4115220,68190840,2627925,74933985
2024-06-05,3105,3230,3105,3220,10018,3.7037037037037033,0,0,-610,610,0,0,0,9205,813,10018,0,0,9815,203,10018,0,0,-1876100,1876100,0,0,0,29138500,2526950,31665450,0,0,31014600,650850,31665450
2024-06-07,3220,3235,3145,3200,3488,-0.6211180124223602,0,0,-467,467,0,0,0,3006,482,3488,0,0,3473,15,3488,0,0,-1494295,1494295,0,0,0,9571425,1542240,11113665,0,0,11065720,47945,11113665
2024-06-10,3260,3460,3200,3210,10389,0.3125,0,25,695,-720,0,0,25,9972,392,10389,0,0,9277,1112,10389,0,80750,2285410,-2366160,0,0,80750,32668115,1269340,34018205,0,0,30382705,3635500,34018205
2024-06-11,3280,3280,3190,3230,3146,0.6230529595015576,0,0,-391,391,0,0,0,2751,395,3146,0,0,3142,4,3146,0,0,-1257985,1257985,0,0,0,8893005,1270985,10163990,0,0,10150990,13000,10163990
2024-06-12,3230,3350,3210,3245,2205,0.46439628482972134,0,0,36,-36,0,0,0,2205,0,2205,0,0,2169,36,2205,0,0,117885,-117885,0,0,0,7162040,0,7162040,0,0,7044155,117885,7162040
2024-06-13,3330,3330,3200,3275,1908,0.9244992295839755,0,0,-1,1,0,0,0,1907,1,1908,0,0,1908,0,1908,0,0,-3275,3275,0,0,0,6237950,3275,6241225,0,0,6241225,0,6241225
2024-06-14,3320,3320,3230,3230,854,-1.3740458015267176,0,0,88,-88,0,0,0,831,23,854,0,0,743,111,854,0,0,286520,-286520,0,0,0,2704275,74755,2779030,0,0,2417755,361275,2779030
2024-06-17,3230,3305,3135,3180,4218,-1.5479876160990713,0,0,258,-258,0,0,0,4186,32,4218,0,0,3928,290,4218,0,0,817375,-817375,0,0,0,13410940,103350,13514290,0,0,12593565,920725,13514290
2024-06-18,3115,3395,3115,3190,3164,0.3144654088050315,0,0,828,-828,0,0,0,3164,0,3164,0,0,2336,828,3164,0,0,2658450,-2658450,0,0,0,10222505,0,10222505,0,0,7564055,2658450,10222505
2024-06-19,3190,3200,3155,3160,3328,-0.9404388714733543,0,0,45,-45,0,0,0,2984,344,3328,0,0,2939,389,3328,0,0,132785,-132785,0,0,0,9504530,1099360,10603890,0,0,9371745,1232145,10603890
2024-06-20,3160,3160,3130,3150,3315,-0.31645569620253167,0,0,28,-28,0,0,0,3218,97,3315,0,0,3190,125,3315,0,0,86215,-86215,0,0,0,10116175,306345,10422520,0,0,10029960,392560,10422520
2024-06-21,3150,3150,3000,3000,39889,-4.761904761904762,0,0,-91,91,0,0,0,37684,2205,39889,0,0,37775,2114,39889,0,0,-300690,300690,0,0,0,114135600,6708860,120844460,0,0,114436290,6408170,120844460
2024-06-24,3000,3050,2980,2980,4468,-0.6666666666666667,0,0,136,-136,0,0,0,4461,7,4468,0,0,4325,143,4468,0,0,411370,-411370,0,0,0,13369320,21095,13390415,0,0,12957950,432465,13390415
2024-06-25,2960,3080,2950,2975,8920,-0.16778523489932887,0,0,-341,341,0,0,0,8445,475,8920,0,0,8786,134,8920,0,0,-1009155,1009155,0,0,0,25095060,1408790,26503850,0,0,26104215,399635,26503850
2024-06-26,2975,3185,2945,3000,11330,0.8403361344537815,0,0,58,-58,0,0,0,11140,190,11330,0,0,11082,248,11330,0,0,180270,-180270,0,0,0,33421405,566045,33987450,0,0,33241135,746315,33987450
2024-06-27,3000,3040,2995,3005,7774,0.16666666666666669,0,0,45,-45,0,0,0,7667,107,7774,0,0,7622,152,7774,0,0,132470,-132470,0,0,0,23134385,324615,23459000,0,0,23001915,457085,23459000
2024-06-28,3005,3040,2950,3005,6907,0.0,0,0,-58,58,0,0,0,6539,368,6907,0,0,6597,310,6907,0,0,-182320,182320,0,0,0,19628780,1110095,20738875,0,0,19811100,927775,20738875
2024-07-01,3005,3030,3000,3020,4358,0.49916805324459235,0,0,225,-225,0,0,0,4189,169,4358,0,0,3964,394,4358,0,0,675275,-675275,0,0,0,12594020,509270,13103290,0,0,11918745,1184545,13103290
2024-07-02,3020,3045,3005,3030,3900,0.33112582781456956,0,0,69,-69,0,0,0,3900,0,3900,0,0,3831,69,3900,0,0,208900,-208900,0,0,0,11788495,0,11788495,0,0,11579595,208900,11788495
2024-07-03,3030,3050,2995,3045,4108,0.49504950495049505,0,0,39,-39,0,0,0,4090,18,4108,0,0,4051,57,4108,0,0,118205,-118205,0,0,0,12329180,54180,12383360,0,0,12210975,172385,12383360
2024-07-04,3050,3050,3010,3035,3428,-0.3284072249589491,0,0,47,-47,0,0,0,3428,0,3428,0,0,3381,47,3428,0,0,142765,-142765,0,0,0,10406745,0,10406745,0,0,10263980,142765,10406745
2024-07-05,3010,3035,3000,3000,4294,-1.1532125205930808,0,0,35,-35,0,0,0,4294,0,4294,0,0,4259,35,4294,0,0,105000,-105000,0,0,0,12945900,0,12945900,0,0,12840900,105000,12945900
2024-07-08,3190,3210,3005,3010,8914,0.33333333333333337,0,0,438,-438,0,0,0,8829,85,8914,0,0,8391,523,8914,0,0,1371190,-1371190,0,0,0,27029020,260715,27289735,0,0,25657830,1631905,27289735
2024-07-09,3010,3125,3010,3055,1775,1.495016611295681,0,0,99,-99,0,0,0,1758,17,1775,0,0,1659,116,1775,0,0,307055,-307055,0,0,0,5371495,51665,5423160,0,0,5064440,358720,5423160
2024-07-10,3030,3120,3015,3040,1550,-0.4909983633387889,0,0,-7,7,0,0,0,1517,33,1550,0,0,1524,26,1550,0,0,-20755,20755,0,0,0,4642670,100050,4742720,0,0,4663425,79295,4742720
2024-07-11,3045,3125,3045,3120,3245,2.631578947368421,0,0,9,-9,0,0,0,3235,10,3245,0,0,3226,19,3245,0,0,28040,-28040,0,0,0,10078080,31100,10109180,0,0,10050040,59140,10109180
2024-07-12,3105,3120,3090,3090,3015,-0.9615384615384616,0,0,22,-22,0,0,0,3014,1,3015,0,0,2992,23,3015,0,0,68200,-68200,0,0,0,9346540,3095,9349635,0,0,9278340,71295,9349635
2024-07-15,3090,3205,3090,3130,2465,1.2944983818770228,0,0,26,-26,0,0,0,2421,44,2465,0,0,2395,70,2465,0,0,84060,-84060,0,0,0,7626035,136810,7762845,0,0,7541975,220870,7762845
2024-07-16,3110,3200,3110,3150,3494,0.6389776357827476,0,0,93,-93,0,0,0,3397,97,3494,0,0,3304,190,3494,0,0,295150,-295150,0,0,0,10671990,302390,10974380,0,0,10376840,597540,10974380
2024-07-17,3210,3225,3120,3120,3492,-0.9523809523809524,0,0,194,-194,0,0,0,3482,10,3492,0,0,3288,204,3492,0,0,623380,-623380,0,0,0,10997835,31550,11029385,0,0,10374455,654930,11029385
2024-07-18,3120,3120,3090,3090,3316,-0.9615384615384616,0,0,294,-294,0,0,0,3231,85,3316,0,0,2937,379,3316,0,0,911125,-911125,0,0,0,10034145,264980,10299125,0,0,9123020,1176105,10299125
2024-07-19,3070,3090,2925,3085,12083,-0.16181229773462785,0,0,121,-121,0,0,0,12077,6,12083,0,0,11956,127,12083,0,0,366820,-366820,0,0,0,36221695,17760,36239455,0,0,35854875,384580,36239455
2024-07-22,3045,3085,3015,3020,2728,-2.106969205834684,0,0,5,-5,0,0,0,2642,86,2728,0,0,2637,91,2728,0,0,14310,-14310,0,0,0,8022800,260580,8283380,0,0,8008490,274890,8283380
2024-07-23,3020,3090,3010,3015,1681,-0.16556291390728478,0,0,1,-1,0,0,0,1681,0,1681,0,0,1680,1,1681,0,0,3015,-3015,0,0,0,5080130,0,5080130,0,0,5077115,3015,5080130
2024-07-24,3005,3015,2995,3010,2804,-0.16583747927031509,0,0,0,0,0,0,0,2804,0,2804,0,0,2804,0,2804,0,0,0,0,0,0,0,8412985,0,8412985,0,0,8412985,0,8412985
2024-07-25,3000,3010,2990,3000,1933,-0.33222591362126247,0,0,6,-6,0,0,0,1933,0,1933,0,0,1927,6,1933,0,0,18030,-18030,0,0,0,5796495,0,5796495,0,0,5778465,18030,5796495
2024-07-26,2975,3190,2950,3055,768,1.8333333333333333,0,0,-19,19,0,0,0,731,37,768,0,0,750,18,768,0,0,-56135,56135,0,0,0,2222125,111000,2333125,0,0,2278260,54865,2333125
2024-07-29,3025,3025,2990,2990,7884,-2.127659574468085,0,0,57,-57,0,0,0,7879,5,7884,0,0,7822,62,7884,0,0,170570,-170570,0,0,0,23709790,15125,23724915,0,0,23539220,185695,23724915
2024-07-30,2990,2990,2865,2865,15243,-4.1806020066889635,0,0,21,-21,0,0,0,15158,85,15243,0,0,15137,106,15243,0,0,60240,-60240,0,0,0,44429155,250325,44679480,0,0,44368915,310565,44679480
2024-07-31,2865,2895,2830,2865,12415,0.0,0,0,-446,446,0,0,0,11936,479,12415,0,0,12382,33,12415,0,0,-1278245,1278245,0,0,0,34091725,1372515,35464240,0,0,35369970,94270,35464240
2024-08-01,2870,2945,2810,2865,6220,0.0,0,1,-17,16,0,0,1,6040,179,6220,0,0,6057,163,6220,0,2870,-49555,46685,0,0,2870,17347905,515165,17865940,0,0,17397460,468480,17865940
2024-08-02,2865,2865,2400,2500,51185,-12.739965095986038,0,89,-133,44,0,0,89,50717,379,51185,0,0,50850,335,51185,0,228285,-347310,119025,0,0,228285,132339570,1027900,133595755,0,0,132686880,908875,133595755
2024-08-05,2510,2585,2300,2305,32377,-7.8,0,0,447,-447,0,0,0,30661,1716,32377,0,0,30214,2163,32377,0,0,974265,-974265,0,0,0,75616260,4338220,79954480,0,0,74641995,5312485,79954480
2024-08-06,2540,2625,2330,2430,6049,5.42299349240781,0,-89,941,-852,0,0,0,6009,40,6049,0,89,5068,892,6049,0,-214285,2361705,-2147420,0,0,0,14867335,96785,14964120,0,214285,12505630,2244205,14964120
2024-08-07,2615,3100,2355,2820,378000,16.049382716049383,0,-2372,4915,-2543,0,0,0,367710,10290,378000,0,2372,362795,12833,378000,0,-6313335,13621745,-7308410,0,0,0,1043504375,29178490,1072682865,0,6313335,1029882630,36486900,1072682865
2024-08-08,2790,2830,2620,2740,18831,-2.8368794326241136,0,0,-195,195,0,0,0,17677,1154,18831,0,0,17872,959,18831,0,0,-422575,422575,0,0,0,48033240,3072000,51105240,0,0,48455815,2649425,51105240
2024-08-09,2740,2865,2715,2850,9497,4.014598540145985,0,0,48,-48,0,0,0,9283,214,9497,0,0,9235,262,9497,0,0,153915,-153915,0,0,0,25797610,586305,26383915,0,0,25643695,740220,26383915
2024-08-12,2855,2890,2790,2865,2871,0.5263157894736842,0,0,202,-202,0,0,0,2676,195,2871,0,0,2474,397,2871,0,0,585195,-585195,0,0,0,7634470,547580,8182050,0,0,7049275,1132775,8182050
2024-08-13,2905,2905,2800,2820,27898,-1.5706806282722512,0,-2942,3449,-507,0,0,0,27607,291,27898,0,2942,24158,798,27898,0,-8349775,9778770,-1428995,0,0,0,78331310,831610,79162920,0,8349775,68552540,2260605,79162920
2024-08-14,2830,2870,2765,2800,9791,-0.7092198581560284,0,-692,1101,-409,0,0,0,9785,6,9791,0,692,8684,415,9791,0,-1952790,3106615,-1153825,0,0,0,27671245,16720,27687965,0,1952790,24564630,1170545,27687965
2024-08-16,2810,2880,2765,2790,30032,-0.35714285714285715,0,-1799,1894,-95,0,0,0,29860,172,30032,0,1799,27966,267,30032,0,-5014815,5281790,-266975,0,0,0,83367130,480020,83847150,0,5014815,78085340,746995,83847150
2024-08-19,2765,2890,2735,2740,64451,-1.7921146953405016,0,-7667,8422,-755,0,0,0,64017,434,64451,0,7667,55595,1189,64451,0,-21333890,23454025,-2120135,0,0,0,178341320,1204380,179545700,0,21333890,154887295,3324515,179545700
2024-08-20,2720,2920,2690,2710,31289,-1.094890510948905,0,-3301,5700,-2399,0,0,0,30206,1083,31289,0,3301,24506,3482,31289,0,-8998735,15467470,-6468735,0,0,0,82369505,2962375,85331880,0,8998735,66902035,9431110,85331880
2024-08-21,2750,2750,2675,2690,14221,-0.7380073800738007,0,-1680,2563,-883,0,0,0,13912,309,14221,0,1680,11349,1192,14221,0,-4519200,6907105,-2387905,0,0,0,37434745,835125,38269870,0,4519200,30527640,3223030,38269870
2024-08-22,2690,2715,2640,2640,9597,-1.858736059479554,0,-428,554,-126,0,0,0,9379,218,9597,0,428,8825,344,9597,0,-1140515,1473625,-333110,0,0,0,24930325,586420,25516745,0,1140515,23456700,919530,25516745
2024-08-23,2640,2670,2610,2610,2501,-1.1363636363636365,0,-36,79,-43,0,0,1,2498,2,2501,0,37,2419,45,2501,0,-94650,208590,-113940,0,0,2650,6600190,5230,6608070,0,97300,6391600,119170,6608070
2024-08-26,2610,2610,2510,2540,3409,-2.681992337164751,0,0,29,-29,0,0,0,3409,0,3409,0,0,3380,29,3409,0,0,75400,-75400,0,0,0,8791085,0,8791085,0,0,8715685,75400,8791085
2024-08-27,2520,2960,2515,2530,61357,-0.39370078740157477,0,-1592,-204,1796,0,0,0,58546,2811,61357,0,1592,58750,1015,61357,0,-4030665,-920650,4951315,0,0,0,158531350,7726365,166257715,0,4030665,159452000,2775050,166257715
2024-08-28,2570,2665,2500,2525,5673,-0.1976284584980237,0,0,284,-284,0,0,0,5571,102,5673,0,0,5287,386,5673,0,0,736620,-736620,0,0,0,14145905,259870,14405775,0,0,13409285,996490,14405775
2024-08-29,2640,2640,2455,2455,10798,-2.7722772277227725,0,-1082,1268,-186,0,0,0,10762,36,10798,0,1082,9494,222,10798,0,-2714960,3188510,-473550,0,0,0,27014310,91515,27105825,0,2714960,23825800,565065,27105825
2024-08-30,2460,2535,2320,2320,27706,-5.4989816700611,0,-2311,2487,-176,0,0,220,26301,1185,27706,0,2531,23814,1361,27706,0,-5664300,6030125,-365825,0,0,525800,63631365,2907805,67064970,0,6190100,57601240,3273630,67064970
2024-09-02,2320,2430,2275,2290,53324,-1.293103448275862,0,-7229,-782,8011,0,0,2,42896,10426,53324,0,7231,43678,2415,53324,0,-16882945,-2086565,18969510,0,0,4620,99938780,24549195,124492595,0,16887565,102025345,5579685,124492595
2024-09-03,2475,2475,2280,2305,9175,0.6550218340611353,0,0,-83,83,0,0,0,8415,760,9175,0,0,8498,677,9175,0,0,-137085,137085,0,0,0,19550745,1746425,21297170,0,0,19687830,1609340,21297170
2024-09-04,2305,2330,2275,2275,5115,-1.3015184381778742,0,-220,1301,-1081,0,0,0,4985,130,5115,0,220,3684,1211,5115,0,-501640,2990225,-2488585,0,0,0,11452495,296400,11748895,0,501640,8462270,2784985,11748895
2024-09-05,2270,2400,2270,2360,5025,3.7362637362637363,0,0,1376,-1376,0,0,0,5023,2,5025,0,0,3647,1378,5025,0,0,3214795,-3214795,0,0,0,11734320,4610,11738930,0,0,8519525,3219405,11738930
2024-09-06,2410,2410,2265,2360,7480,0.0,0,0,1031,-1031,0,0,0,7459,21,7480,0,0,6428,1052,7480,0,0,2421355,-2421355,0,0,0,17378955,48090,17427045,0,0,14957600,2469445,17427045
2024-09-09,2350,2495,2325,2465,4765,4.4491525423728815,0,0,344,-344,0,0,0,4753,12,4765,0,0,4409,356,4765,0,0,832195,-832195,0,0,0,11520840,28405,11549245,0,0,10688645,860600,11549245
2024-09-10,2490,2490,2265,2320,9237,-5.88235294117647,0,0,260,-260,0,0,0,9082,155,9237,0,0,8822,415,9237,0,0,632545,-632545,0,0,0,21560035,363165,21923200,0,0,20927490,995710,21923200
2024-09-11,2315,2360,2240,2300,6351,-0.8620689655172413,0,0,259,-259,0,0,0,6320,31,6351,0,0,6061,290,6351,0,0,607465,-607465,0,0,0,14605470,71250,14676720,0,0,13998005,678715,14676720
2024-09-12,2300,2485,2300,2330,8498,1.3043478260869565,0,1,-249,248,0,0,1,7702,795,8498,0,0,7951,547,8498,0,2305,-527050,524745,0,0,2305,18252455,1850725,20105485,0,0,18779505,1325980,20105485
2024-09-13,2385,2385,2335,2365,2804,1.502145922746781,0,0,363,-363,0,0,0,2804,0,2804,0,0,2441,363,2804,0,0,854245,-854245,0,0,0,6601335,0,6601335,0,0,5747090,854245,6601335
2024-09-19,2365,2495,2340,2450,7041,3.5940803382663846,0,0,1575,-1575,0,0,0,6220,821,7041,0,0,4645,2396,7041,0,0,3710910,-3710910,0,0,0,14858190,1985425,16843615,0,0,11147280,5696335,16843615
2024-09-20,2500,2500,2430,2435,3675,-0.6122448979591837,0,0,256,-256,0,0,0,3613,62,3675,0,0,3357,318,3675,0,0,629330,-629330,0,0,0,8849775,150660,9000435,0,0,8220445,779990,9000435
2024-09-23,2495,2500,2385,2430,1482,-0.20533880903490762,0,0,252,-252,0,0,0,1482,0,1482,0,0,1230,252,1482,0,0,622450,-622450,0,0,0,3620845,0,3620845,0,0,2998395,622450,3620845
2024-09-24,2440,2535,2410,2410,5514,-0.823045267489712,0,0,282,-282,0,0,0,5443,71,5514,0,0,5161,353,5514,0,0,718660,-718660,0,0,0,13506965,172205,13679170,0,0,12788305,890865,13679170
2024-09-25,2480,2540,2440,2450,1496,1.6597510373443984,0,0,47,-47,0,0,0,1496,0,1496,0,0,1449,47,1496,0,0,116175,-116175,0,0,0,3667040,0,3667040,0,0,3550865,116175,3667040
2024-09-26,2450,2495,2450,2470,400,0.8163265306122449,0,0,44,-44,0,0,0,391,9,400,0,0,347,53,400,0,0,109775,-109775,0,0,0,968950,22185,991135,0,0,859175,131960,991135
2024-09-27,2465,2520,2465,2510,3597,1.6194331983805668,0,0,8,-8,0,0,0,3541,56,3597,0,0,3533,64,3597,0,0,20595,-20595,0,0,0,8834370,139310,8973680,0,0,8813775,159905,8973680
2024-09-30,2510,2535,2455,2455,1148,-2.1912350597609564,0,0,28,-28,0,0,0,1146,2,1148,0,0,1118,30,1148,0,0,70625,-70625,0,0,0,2860895,5030,2865925,0,0,2790270,75655,2865925
2024-10-02,2490,2790,2340,2350,53460,-4.276985743380855,0,0,-1037,1037,0,0,0,51040,2420,53460,0,0,52077,1383,53460,0,0,-2505510,2505510,0,0,0,129677125,5859495,135536620,0,0,132182635,3353985,135536620
2024-10-04,2350,2400,2300,2380,3873,1.276595744680851,0,0,1240,-1240,0,0,0,3847,26,3873,0,0,2607,1266,3873,0,0,2919380,-2919380,0,0,0,9040730,61090,9101820,0,0,6121350,2980470,9101820
2024-10-07,2350,2415,2340,2365,2497,-0.6302521008403361,0,0,-92,92,0,0,0,2258,239,2497,0,0,2350,147,2497,0,0,-216320,216320,0,0,0,5330850,562880,5893730,0,0,5547170,346560,5893730
2024-10-08,2405,2410,2365,2385,2403,0.8456659619450317,0,0,9,-9,0,0,0,2396,7,2403,0,0,2387,16,2403,0,0,21590,-21590,0,0,0,5683805,16645,5700450,0,0,5662215,38235,5700450
2024-10-10,2420,2420,2370,2390,3732,0.20964360587002098,0,0,-50,50,0,0,0,3655,77,3732,0,0,3705,27,3732,0,0,-118600,118600,0,0,0,8727700,183280,8910980,0,0,8846300,64680,8910980
2024-10-11,2425,2430,2365,2380,1196,-0.41841004184100417,0,0,97,-97,0,0,0,1196,0,1196,0,0,1099,97,1196,0,0,231365,-231365,0,0,0,2876805,0,2876805,0,0,2645440,231365,2876805
2024-10-14,2420,2440,2380,2430,6773,2.100840336134454,0,0,287,-287,0,0,0,6755,18,6773,0,0,6468,305,6773,0,0,694750,-694750,0,0,0,16318555,43110,16361665,0,0,15623805,737860,16361665
2024-10-15,2420,2505,2415,2505,3272,3.0864197530864197,0,-1,86,-85,0,0,0,3239,33,3272,0,1,3153,118,3272,0,-2445,212755,-210310,0,0,0,8016615,81460,8098075,0,2445,7803860,291770,8098075
2024-10-16,2475,2620,2475,2590,6681,3.3932135728542914,0,-4,-72,76,0,0,0,6447,234,6681,0,4,6519,158,6681,0,-10235,-175900,186135,0,0,0,16593040,594295,17187335,0,10235,16768940,408160,17187335
2024-10-17,2590,2750,2590,2640,15036,1.9305019305019304,0,0,241,-241,0,0,0,14868,168,15036,0,0,14627,409,15036,0,0,640035,-640035,0,0,0,39508590,449190,39957780,0,0,38868555,1089225,39957780
2024-10-18,2640,2805,2635,2665,13895,0.946969696969697,0,0,348,-348,0,0,0,13130,765,13895,0,0,12782,1113,13895,0,0,964540,-964540,0,0,0,35881985,2089795,37971780,0,0,34917445,3054335,37971780
2024-10-21,2665,2860,2655,2850,11061,6.941838649155723,0,0,403,-403,0,0,0,10633,428,11061,0,0,10230,831,11061,0,0,1148700,-1148700,0,0,0,29775775,1149340,30925115,0,0,28627075,2298040,30925115
2024-10-22,2845,2850,2675,2795,9495,-1.9298245614035088,0,0,442,-442,0,0,0,9073,422,9495,0,0,8631,864,9495,0,0,1260660,-1260660,0,0,0,25016090,1147745,26163835,0,0,23755430,2408405,26163835
2024-10-23,2775,2820,2700,2780,4199,-0.5366726296958855,0,0,104,-104,0,0,0,4114,85,4199,0,0,4010,189,4199,0,0,287815,-287815,0,0,0,11374475,237160,11611635,0,0,11086660,524975,11611635
2024-10-24,2865,2885,2710,2870,13907,3.237410071942446,0,0,679,-679,0,0,0,13754,153,13907,0,0,13075,832,13907,0,0,1922680,-1922680,0,0,0,39264005,440160,39704165,0,0,37341325,2362840,39704165
2024-10-25,2870,3015,2795,2905,33735,1.2195121951219512,0,0,-109,109,0,0,0,32284,1451,33735,0,0,32393,1342,33735,0,0,-298255,298255,0,0,0,93995750,4225245,98220995,0,0,94294005,3926990,98220995
2024-10-28,2905,3030,2815,3000,11492,3.2702237521514634,0,0,265,-265,0,0,0,11349,143,11492,0,0,11084,408,11492,0,0,777840,-777840,0,0,0,33630110,423915,34054025,0,0,32852270,1201755,34054025
2024-10-29,3000,3080,2940,2940,13443,-2.0,0,0,13,-13,0,0,0,13240,203,13443,0,0,13227,216,13443,0,0,44360,-44360,0,0,0,39356795,602420,39959215,0,0,39312435,646780,39959215
2024-10-30,2940,3075,2855,2955,2608,0.5102040816326531,0,0,-6,6,0,0,0,2538,70,2608,0,0,2544,64,2608,0,0,-15155,15155,0,0,0,7454185,206010,7660195,0,0,7469340,190855,7660195
2024-10-31,3070,3070,2875,2995,2574,1.353637901861252,0,0,5,-5,0,0,0,2494,80,2574,0,0,2489,85,2574,0,0,18345,-18345,0,0,0,7411925,235300,7647225,0,0,7393580,253645,7647225
2024-11-01,2995,3025,2935,2990,2087,-0.1669449081803005,0,0,29,-29,0,0,0,2087,0,2087,0,0,2058,29,2087,0,0,86685,-86685,0,0,0,6208345,0,6208345,0,0,6121660,86685,6208345
2024-11-04,2985,3110,2935,3095,8860,3.511705685618729,0,0,-46,46,0,0,0,8711,149,8860,0,0,8757,103,8860,0,0,-142385,142385,0,0,0,26475975,457340,26933315,0,0,26618360,314955,26933315
2024-11-05,3065,3125,3040,3085,5780,-0.32310177705977383,0,0,-376,376,0,0,0,5337,443,5780,0,0,5713,67,5780,0,0,-1170575,1170575,0,0,0,16550320,1377470,17927790,0,0,17720895,206895,17927790
2024-11-06,3080,3120,3030,3110,4033,0.8103727714748784,0,0,-149,149,0,0,0,3669,364,4033,0,0,3818,215,4033,0,0,-444350,444350,0,0,0,11319450,1109375,12428825,0,0,11763800,665025,12428825
2024-11-07,3090,3200,3045,3200,11797,2.8938906752411575,0,0,12,-12,0,0,0,11579,218,11797,0,0,11567,230,11797,0,0,53265,-53265,0,0,0,35989325,672525,36661850,0,0,35936060,725790,36661850
2024-11-08,3200,3240,3170,3240,8023,1.25,0,0,-82,82,0,0,0,7923,100,8023,0,0,8005,18,8023,0,0,-263635,263635,0,0,0,25503635,321575,25825210,0,0,25767270,57940,25825210
2024-11-11,3240,3500,3210,3370,51155,4.012345679012346,0,0,-1990,1990,0,0,0,48749,2406,51155,0,0,50739,416,51155,0,0,-6570575,6570575,0,0,0,163011340,7966585,170977925,0,0,169581915,1396010,170977925
2024-11-12,3360,3600,3360,3430,70259,1.7804154302670623,0,0,-1671,1671,0,0,0,65907,4352,70259,0,0,67578,2681,70259,0,0,-6014950,6014950,0,0,0,230632740,15323480,245956220,0,0,236647690,9308530,245956220
2024-11-13,3420,3575,3375,3450,52680,0.5830903790087464,0,-8000,7428,572,0,0,0,50491,2189,52680,0,8000,43063,1617,52680,0,-28400000,26455725,1944275,0,0,0,176317340,7609245,183926585,0,28400000,149861615,5664970,183926585
2024-11-14,3550,3685,3465,3680,52190,6.666666666666667,0,0,-3965,3965,0,0,0,46981,5209,52190,0,0,50946,1244,52190,0,0,-14430165,14430165,0,0,0,170352275,18896185,189248460,0,0,184782440,4466020,189248460
2024-11-15,4780,4780,4780,4780,140070,29.891304347826086,7869,2020,-10668,779,0,7869,2020,129301,900,140090,0,0,139969,121,140090,37613820,9655600,-50993040,3723620,0,37613820,9655600,618058780,4302000,669630200,0,0,669051820,578380,669630200
