날짜,시가,고가,저가,종가,거래량,등락률,기관합계_거래량_순매수,기타법인_거래량_순매수,개인_거래량_순매수,외국인합계_거래량_순매수,전체_거래량_순매수,기관합계_거래량_매수,기타법인_거래량_매수,개인_거래량_매수,외국인합계_거래량_매수,전체_거래량_매수,기관합계_거래량_매도,기타법인_거래량_매도,개인_거래량_매도,외국인합계_거래량_매도,전체_거래량_매도,기관합계_거래대금_순매수,기타법인_거래대금_순매수,개인_거래대금_순매수,외국인합계_거래대금_순매수,전체_거래대금_순매수,기관합계_거래대금_매수,기타법인_거래대금_매수,개인_거래대금_매수,외국인합계_거래대금_매수,전체_거래대금_매수,기관합계_거래대금_매도,기타법인_거래대금_매도,개인_거래대금_매도,외국인합계_거래대금_매도,전체_거래대금_매도
2019-01-02,6290,6330,6010,6040,182351,-3.0497592295345104,-23770,170,18901,4699,0,0,170,162233,19948,182351,23770,0,143332,15249,182351,-144818090,1062500,115424610,28330980,0,0,1062500,998284170,122119840,1121466510,144818090,0,882859560,93788860,1121466510
2019-01-03,6000,6210,6000,6070,51808,0.49668874172185434,0,0,-2898,2898,0,0,0,46083,5725,51808,0,0,48981,2827,51808,0,0,-17770220,17770220,0,0,0,279171360,34875820,314047180,0,0,296941580,17105600,314047180
2019-01-04,6060,6100,5770,6100,113293,0.4942339373970346,502,-80,4217,-4639,0,14546,0,91269,7478,113293,14044,80,87052,12117,113293,3330340,-472690,24977660,-27835310,0,88229060,0,543528780,44427760,676185600,84898720,472690,518551120,72263070,676185600
2019-01-07,6200,6200,5920,6130,24305,0.49180327868852464,-500,0,3833,-3333,0,0,0,24192,113,24305,500,0,20359,3446,24305,-3055000,0,23477910,-20422910,0,0,0,147818180,691730,148509910,3055000,0,124340270,21114640,148509910
2019-01-08,6110,6140,6000,6020,37165,-1.794453507340946,0,0,11386,-11386,0,0,0,37044,121,37165,0,0,25658,11507,37165,0,0,68859750,-68859750,0,0,0,224203600,737190,224940790,0,0,155343850,69596940,224940790
2019-01-09,6100,6300,5980,6090,199655,1.1627906976744187,-19700,6180,21521,-8001,0,23164,6180,143519,26792,199655,42864,0,121998,34793,199655,-117923450,38211650,128109110,-48397310,0,142790870,38211650,879921920,166121160,1227045600,260714320,0,751812810,214518470,1227045600
2019-01-10,6160,6160,6020,6060,56413,-0.49261083743842365,-2421,200,13837,-11616,0,2000,200,53228,985,56413,4421,0,39391,12601,56413,-14590000,1212100,83653160,-70275260,0,12080000,1212100,322572720,5961470,341826290,26670000,0,238919560,76236730,341826290
2019-01-11,6060,6120,5700,5790,372668,-4.455445544554455,-1851,-7472,51315,-41992,0,19006,320,348568,4774,372668,20857,7792,297253,46766,372668,-8881820,-43183420,296722120,-244656880,0,112033860,1853900,2035530790,28720730,2178139280,120915680,45037320,1738808670,273377610,2178139280
2019-01-14,5800,5940,5650,5890,160304,1.7271157167530224,22682,6000,-25719,-2963,0,46189,6000,90581,17534,160304,23507,0,116300,20497,160304,133759970,34993520,-151393030,-17360460,0,270273580,34993520,526624920,102295250,934187270,136513610,0,678017950,119655710,934187270
2019-01-15,5890,5940,5770,5860,58590,-0.5093378607809848,0,-200,13990,-13790,0,0,0,58031,559,58590,0,200,44041,14349,58590,0,-1178000,81830990,-80652990,0,0,0,339248900,3244170,342493070,0,1178000,257417910,83897160,342493070
2019-01-16,5940,5940,5710,5850,54904,-0.17064846416382254,2000,-1500,9213,-9713,0,2000,0,50591,2313,54904,0,1500,41378,12026,54904,11650000,-8685000,53493680,-56458680,0,11650000,0,294419420,13428240,319497660,0,8685000,240925740,69886920,319497660
2019-01-17,5850,5900,5590,5600,127865,-4.273504273504273,3179,-5000,40487,-38666,0,10000,0,116031,1834,127865,6821,5000,75544,40500,127865,18318330,-28786490,231374300,-220906140,0,57200000,0,659863190,10608400,727671590,38881670,28786490,428488890,231514540,727671590
2019-01-18,5630,5800,5550,5770,165587,3.0357142857142856,66718,0,-61730,-4988,0,66718,0,80245,18624,165587,0,0,141975,23612,165587,382881900,0,-353481210,-29400690,0,382881900,0,457869950,104906450,945658300,0,0,811351160,134307140,945658300
2019-01-21,5780,5910,5740,5890,79623,2.079722703639515,16373,0,-10910,-5463,0,16373,0,56688,6562,79623,0,0,67598,12025,79623,96176400,0,-64125540,-32050860,0,96176400,0,331425410,38394960,465996770,0,0,395550950,70445820,465996770
2019-01-22,5900,5900,5750,5820,71740,-1.1884550084889642,-5000,0,9323,-4323,0,0,0,66828,4912,71740,5000,0,57505,9235,71740,-29200000,0,54460070,-25260070,0,0,0,388580600,28508710,417089310,29200000,0,334120530,53768780,417089310
2019-01-23,5810,6150,5750,6040,283391,3.7800687285223367,18594,4000,13187,-35781,0,23594,4000,248616,7181,283391,5000,0,235429,42962,283391,112862590,24280000,78289590,-215432180,0,142567410,24280000,1497803400,43179160,1707829970,29704820,0,1419513810,258611340,1707829970
2019-01-24,6020,6070,5800,5860,100319,-2.980132450331126,-1033,0,11485,-10452,0,0,0,96919,3400,100319,1033,0,85434,13852,100319,-6143270,0,68060660,-61917390,0,0,0,571278810,20203740,591482550,6143270,0,503218150,82121130,591482550
2019-01-25,5860,5860,5650,5850,129323,-0.17064846416382254,-60000,0,50724,9276,0,0,0,116974,12349,129323,60000,0,66250,3073,129323,-342554280,0,289519030,53035250,0,0,0,672583850,70775010,743358860,342554280,0,383064820,17739760,743358860
2019-01-28,5890,5890,5650,5730,284464,-2.051282051282051,-62577,-11250,96216,-22389,0,310,0,280108,4046,284464,62887,11250,183892,26435,284464,-356779020,-64107500,548660810,-127774290,0,1772800,0,1597818020,23102070,1622692890,358551820,64107500,1049157210,150876360,1622692890
2019-01-29,5670,5730,5410,5470,341343,-4.537521815008725,-136545,-62,131564,5043,0,11500,0,309366,20477,341343,148045,62,177802,15434,341343,-753598790,-344720,726658080,27285430,0,63084110,0,1703067530,112276360,1878428000,816682900,344720,976409450,84990930,1878428000
2019-01-30,5480,5560,5460,5550,116967,1.4625228519195612,-50057,-109,40037,10129,0,0,0,103195,13772,116967,50057,109,63158,3643,116967,-274550140,-597550,219435940,55711750,0,0,0,566592320,75702270,642294590,274550140,597550,347156380,19990520,642294590
2019-01-31,5550,5600,5460,5490,40632,-1.0810810810810811,-340,0,4572,-4232,0,0,0,37639,2993,40632,340,0,33067,7225,40632,-1868590,0,25097530,-23228940,0,0,0,206701660,16442950,223144610,1868590,0,181604130,39671890,223144610
2019-02-01,5490,5590,5330,5380,144324,-2.0036429872495445,-38895,-4000,49922,-7027,0,0,0,134031,10293,144324,38895,4000,84109,17320,144324,-210178990,-21640000,269566140,-37747150,0,0,0,726358530,56528490,782887020,210178990,21640000,456792390,94275640,782887020
2019-02-07,5420,5420,5230,5280,62698,-1.858736059479554,0,0,-2797,2797,0,0,0,53381,9317,62698,0,0,56178,6520,62698,0,0,-14392740,14392740,0,0,0,282063130,49074960,331138090,0,0,296455870,34682220,331138090
2019-02-08,5300,5300,5090,5110,157828,-3.2196969696969697,-74949,-449,72473,2925,0,0,0,143794,14034,157828,74949,449,71321,11109,157828,-385177820,-2314600,372387650,15104770,0,0,0,739578610,72371700,811950310,385177820,2314600,367190960,57266930,811950310
2019-02-11,5190,5310,5100,5240,62647,2.5440313111545985,0,0,-3484,3484,0,0,0,56697,5950,62647,0,0,60181,2466,62647,0,0,-18213530,18213530,0,0,0,295791120,31060360,326851480,0,0,314004650,12846830,326851480
2019-02-12,5240,5390,5240,5300,56176,1.1450381679389312,0,0,2141,-2141,0,0,0,51499,4677,56176,0,0,49358,6818,56176,0,0,11462970,-11462970,0,0,0,273640940,24830670,298471610,0,0,262177970,36293640,298471610
2019-02-13,5370,5420,5310,5350,62915,0.9433962264150944,2000,0,13345,-15345,0,2000,0,57661,3254,62915,0,0,44316,18599,62915,10680000,0,71626860,-82306860,0,10680000,0,308966750,17405840,337052590,0,0,237339890,99712700,337052590
2019-02-14,5370,5580,5370,5580,199724,4.299065420560748,1500,0,7632,-9132,0,1500,0,182550,15674,199724,0,0,174918,24806,199724,8155000,0,41219330,-49374330,0,8155000,0,998821820,85865890,1092842710,0,0,957602490,135240220,1092842710
2019-02-15,5640,5760,5550,5650,214214,1.2544802867383513,0,8716,22677,-31393,0,0,8716,195657,9841,214214,0,0,172980,41234,214214,0,49949310,127759820,-177709130,0,0,49949310,1109069800,55562870,1214581980,0,0,981309980,233272000,1214581980
2019-02-18,5670,5720,5520,5550,95281,-1.7699115044247788,-12647,0,19660,-7013,0,1687,0,88531,5063,95281,14334,0,68871,12076,95281,-70432680,0,110102720,-39670040,0,9418870,0,494957500,28215670,532592040,79851550,0,384854780,67885710,532592040
2019-02-19,5650,5650,5490,5590,82668,0.7207207207207207,12936,81,-9737,-3280,0,12936,81,63171,6480,82668,0,0,72908,9760,82668,72097380,448740,-54183240,-18362880,0,72097380,448740,349996730,35928670,458471520,0,0,404179970,54291550,458471520
2019-02-20,5560,5750,5510,5740,112803,2.6833631484794274,0,-6400,5731,669,0,0,2600,101372,8831,112803,0,9000,95641,8162,112803,0,-35913840,32286080,3627760,0,0,14646870,571283450,49448860,635379180,0,50560710,538997370,45821100,635379180
2019-02-21,5800,6250,5800,6000,1047327,4.529616724738676,-138616,20952,160153,-42489,0,92806,22252,906680,25589,1047327,231422,1300,746527,68078,1047327,-837417470,127537190,964812280,-254932000,0,556454650,135610190,5480076160,154603030,6326744030,1393872120,8073000,4515263880,409535030,6326744030
2019-02-22,5890,5970,5630,5700,317517,-5.0,-39501,-700,104377,-64176,0,16243,1000,291351,8923,317517,55744,1700,186974,73099,317517,-227375580,-4152900,598435310,-366906830,0,92471670,5730000,1675608030,51563640,1825373340,319847250,9882900,1077172720,418470470,1825373340
2019-02-25,5840,5840,5460,5570,246209,-2.280701754385965,5984,-300,5038,-10722,0,22171,1000,214632,8406,246209,16187,1300,209594,19128,246209,33180770,-1849990,28299820,-59630600,0,123084360,5560010,1198491220,47208190,1374343780,89903590,7410000,1170191400,106838790,1374343780
2019-02-26,5630,5630,5300,5330,181602,-4.308797127468582,-9995,-2000,24735,-12740,0,0,3000,171750,6852,181602,9995,5000,147015,19592,181602,-54671640,-10519900,135381330,-70189790,0,0,16420000,932435430,36968570,985824000,54671640,26939900,797054100,107158360,985824000
2019-02-27,5370,5840,5350,5760,388232,8.067542213883677,-9614,8910,-2522,3226,0,57056,8910,278233,44033,388232,66670,0,280755,40807,388232,-49235520,50523670,-17121610,15833460,0,323826150,50523670,1574541070,246803250,2195694140,373061670,0,1591662680,230969790,2195694140
2019-02-28,5670,5870,5380,5490,351623,-4.6875,-21872,-5543,52412,-24997,0,4966,4628,311707,30322,351623,26838,10171,259295,55319,351623,-125941760,-30709240,297224130,-140573130,0,27806670,26265170,1756763180,168491770,1979326790,153748430,56974410,1459539050,309064900,1979326790
2019-03-04,5440,5600,5020,5160,541372,-6.0109289617486334,-107642,-5036,185949,-73271,0,21000,1221,501247,17904,541372,128642,6257,315298,91175,541372,-568538870,-26053290,973155670,-378563510,0,109986540,6744340,2626513620,97007890,2840252390,678525410,32797630,1653357950,475571400,2840252390
2019-03-05,5170,5220,5050,5070,135116,-1.744186046511628,-311,0,15937,-15626,0,0,0,130176,4940,135116,311,0,114239,20566,135116,-1589340,0,81286260,-79696920,0,0,0,664570580,25258270,689828850,1589340,0,583284320,104955190,689828850
2019-03-06,5080,5180,5000,5000,186360,-1.3806706114398422,194,-28000,55030,-27224,0,14703,0,170686,971,186360,14509,28000,115656,28195,186360,502720,-140732220,278445970,-138216470,0,74019330,0,862785540,4946250,941751120,73516610,140732220,584339570,143162720,941751120
2019-03-07,5030,5200,5020,5100,159980,2.0,-9546,2000,16884,-9338,0,10000,2000,138529,9451,159980,19546,0,121645,18789,159980,-48679000,10320000,86099980,-47740980,0,51237600,10320000,709001850,48310080,818869530,99916600,0,622901870,96051060,818869530
2019-03-08,5140,5270,5050,5110,148111,0.19607843137254902,-15450,1947,31749,-18246,0,0,1947,138629,7535,148111,15450,0,106880,25781,148111,-79685080,10055990,163938600,-94309510,0,0,10055990,714524960,38575180,763156130,79685080,0,550586360,132884690,763156130
2019-03-11,5110,5160,4995,5000,84880,-2.152641878669276,-6002,0,19095,-13093,0,0,0,82032,2848,84880,6002,0,62937,15941,84880,-30239490,0,97136260,-66896770,0,0,0,415125095,14466240,429591335,30239490,0,317988835,81363010,429591335
2019-03-12,4995,5070,4950,4975,145103,-0.5,3464,-3197,13146,-13413,0,10300,0,133664,1139,145103,6836,3197,120518,14552,145103,17335950,-15925405,65691115,-67101660,0,51393800,0,667158635,5699095,724251530,34057850,15925405,601467520,72800755,724251530
2019-03-13,4950,5040,4950,4975,82697,0.0,-19964,-709,22303,-1630,0,0,0,78699,3998,82697,19964,709,56396,5628,82697,-99317765,-3528535,110905155,-8058855,0,0,0,391544710,19889335,411434045,99317765,3528535,280639555,27948190,411434045
2019-03-14,4980,5040,4965,5000,68443,0.5025125628140703,-14512,-334,21083,-6237,0,0,0,63044,5399,68443,14512,334,41961,11636,68443,-72273095,-1671100,104965060,-31020865,0,0,0,314561370,27002390,341563760,72273095,1671100,209596310,58023255,341563760
2019-03-15,5030,5170,5000,5120,116676,2.4,10200,3100,-3614,-9686,0,10200,3100,99071,4305,116676,0,0,102685,13991,116676,51946280,15930030,-18677800,-49198510,0,51946280,15930030,503293990,21881740,593052040,0,0,521971790,71080250,593052040
2019-03-18,5190,5190,5060,5090,79890,-0.5859375,0,562,6314,-6876,0,0,1000,76316,2574,79890,0,438,70002,9450,79890,0,2859340,32109080,-34968420,0,0,5080000,388271210,13113070,406464280,0,2220660,356162130,48081490,406464280
2019-03-19,5100,5140,5050,5120,59352,0.5893909626719057,5324,-4295,2585,-3614,0,5324,0,53925,103,59352,0,4295,51340,3717,59352,27180270,-21870100,13120900,-18431070,0,27180270,0,275045510,525300,302751080,0,21870100,261924610,18956370,302751080
2019-03-20,5120,5120,4955,4975,129834,-2.83203125,1775,1000,4007,-6782,0,9000,1000,112953,6881,129834,7225,0,108946,13663,129834,8916235,4985000,20102120,-34003355,0,44925345,4985000,564099800,34402290,648412435,36009110,0,543997680,68405645,648412435
2019-03-21,4980,5020,4880,4885,85525,-1.809045226130653,-5375,0,9254,-3879,0,0,0,83622,1903,85525,5375,0,74368,5782,85525,-26586220,0,45697625,-19111405,0,0,0,412599165,9469100,422068265,26586220,0,366901540,28580505,422068265
2019-03-22,4900,4955,4790,4805,119962,-1.6376663254861823,-8885,-5000,12603,1282,0,0,0,113274,6688,119962,8885,5000,100671,5406,119962,-43041670,-24256300,60912740,6385230,0,0,0,549395340,32598810,581994150,43041670,24256300,488482600,26213580,581994150
2019-03-25,4765,4800,4660,4670,81583,-2.8095733610822062,-1372,0,8909,-7537,0,0,0,80429,1154,81583,1372,0,71520,8691,81583,-6504575,0,42172155,-35667580,0,0,0,380252300,5495420,385747720,6504575,0,338080145,41163000,385747720
2019-03-26,4670,4785,4670,4765,40972,2.0342612419700217,2000,0,-2403,403,0,2000,0,37129,1843,40972,0,0,39532,1440,40972,9455000,0,-11364640,1909640,0,9455000,0,176011210,8740590,194206800,0,0,187375850,6830950,194206800
2019-03-27,4765,4830,4500,4665,164939,-2.098635886673662,20000,-6842,-17435,4277,0,20000,175,130746,14018,164939,0,7017,148181,9741,164939,93658395,-31418660,-81593550,19353815,0,93658395,794500,603220755,64746680,762420330,0,32213160,684814305,45392865,762420330
2019-03-28,4680,4735,4600,4640,81367,-0.5359056806002144,0,2905,-7893,4988,0,0,2905,69603,8859,81367,0,0,77496,3871,81367,0,13609925,-37162610,23552685,0,0,13609925,325200235,41645365,380455525,0,0,362362845,18092680,380455525
2019-03-29,4640,4720,4575,4680,68524,0.8620689655172413,0,0,6178,-6178,0,0,0,63624,4900,68524,0,0,57446,11078,68524,0,0,28571925,-28571925,0,0,0,293787600,22597925,316385525,0,0,265215675,51169850,316385525
2019-04-01,4640,4745,4640,4745,70354,1.3888888888888888,5000,10,-15705,10695,0,5000,10,49606,15738,70354,0,0,65311,5043,70354,23617130,46750,-73933975,50270095,0,23617130,46750,232848805,73978355,330491040,0,0,306782780,23708260,330491040
2019-04-02,4745,4870,4680,4865,94988,2.528977871443625,13748,0,-24014,10266,0,13748,0,67014,14226,94988,0,0,91028,3960,94988,65821255,0,-114256150,48434895,0,65821255,0,318366495,67417990,451605740,0,0,432622645,18983095,451605740
2019-04-03,4865,5040,4850,4970,100883,2.158273381294964,20069,3654,-22598,-1125,0,20069,3654,68574,8586,100883,0,0,91172,9711,100883,99812125,18191635,-112492185,-5511575,0,99812125,18191635,339931405,42708985,500644150,0,0,452423590,48220560,500644150
2019-04-04,4965,5160,4940,5100,110461,2.61569416498994,13394,324,-9550,-4168,0,13394,3978,89168,3921,110461,0,3654,98718,8089,110461,67367710,1545600,-47714425,-21198885,0,67367710,19968680,451708600,19613850,558658840,0,18423080,499423025,40812735,558658840
2019-04-05,5140,5140,5010,5060,63729,-0.7843137254901961,3222,0,-12128,8906,0,3222,0,49682,10825,63729,0,0,61810,1919,63729,16329440,0,-61487160,45157720,0,16329440,0,251345460,54942520,322617420,0,0,312832620,9784800,322617420
2019-04-08,5090,5090,4995,5000,41758,-1.185770750988142,0,0,6092,-6092,0,0,0,40076,1682,41758,0,0,33984,7774,41758,0,0,30644020,-30644020,0,0,0,200960745,8425250,209385995,0,0,170316725,39069270,209385995
2019-04-09,5030,5030,4850,4860,82581,-2.8000000000000003,0,-1405,1685,-280,0,0,1500,74251,6830,82581,0,2905,72566,7110,82581,0,-7073705,8781705,-1708000,0,0,7312500,364518800,33418505,405249805,0,14386205,355737095,35126505,405249805
2019-04-10,4870,4940,4850,4900,28692,0.823045267489712,0,-9,-5184,5193,0,0,0,22910,5782,28692,0,9,28094,589,28692,0,-44010,-25306930,25350940,0,0,0,112048700,28243445,140292145,0,44010,137355630,2892505,140292145
2019-04-11,4905,4970,4900,4950,46193,1.0204081632653061,-549,2000,-13961,12510,0,0,2000,31405,12788,46193,549,0,45366,278,46193,-2715955,9810000,-68719360,61625315,0,0,9810000,154745865,63001385,227557250,2715955,0,223465225,1376070,227557250
2019-04-12,4950,5030,4925,5020,39884,1.4141414141414141,-1586,0,-4121,5707,0,0,0,33484,6400,39884,1586,0,37605,693,39884,-7896475,0,-20574055,28470530,0,0,0,167033650,31914710,198948360,7896475,0,187607705,3444180,198948360
2019-04-15,5040,5190,4995,5070,111340,0.9960159362549801,-11918,0,-2375,14293,0,0,0,91709,19631,111340,11918,0,94084,5338,111340,-60536180,0,-12118195,72654375,0,0,0,467296795,99856210,567153005,60536180,0,479414990,27201835,567153005
2019-04-16,5120,5120,4915,4965,67435,-2.0710059171597637,-984,6029,9560,-14605,0,0,6029,61405,1,67435,984,0,51845,14606,67435,-4892565,29970400,47648505,-72726340,0,0,29970400,305918545,4970,335893915,4892565,0,258270040,72731310,335893915
2019-04-17,4965,5000,4925,4980,32436,0.3021148036253776,4000,0,-4101,101,0,5000,0,25656,1780,32436,1000,0,29757,1679,32436,19845515,0,-20348055,502540,0,24797995,0,127196860,8832095,160826950,4952480,0,147544915,8329555,160826950
2019-04-18,4980,5040,4915,4920,29452,-1.2048192771084338,4988,0,-1245,-3743,0,5988,0,20822,2642,29452,1000,0,22067,6385,29452,24770105,0,-6221085,-18549020,0,29720340,0,103101230,13062945,145884515,4950235,0,109322315,31611965,145884515
2019-04-19,4940,5020,4925,4980,28932,1.2195121951219512,0,0,-3176,3176,0,0,0,24414,4518,28932,0,0,27590,1342,28932,0,0,-15830955,15830955,0,0,0,121772830,22515685,144288515,0,0,137603785,6684730,144288515
2019-04-22,5030,5030,4920,4935,31731,-0.9036144578313252,-1000,0,1620,-620,0,0,0,29627,2104,31731,1000,0,28007,2724,31731,-4948120,0,8060495,-3112375,0,0,0,146688100,10378670,157066770,4948120,0,138627605,13491045,157066770
2019-04-23,4950,5020,4885,4995,86545,1.21580547112462,0,0,-4557,4557,0,0,0,79899,6646,86545,0,0,84456,2089,86545,0,0,-22481440,22481440,0,0,0,393952650,32742295,426694945,0,0,416434090,10260855,426694945
2019-04-24,5040,5040,4890,4895,42340,-2.002002002002002,-624,0,10458,-9834,0,500,0,40789,1051,42340,1124,0,30331,10885,42340,-3084400,0,51782070,-48697670,0,2468540,0,201331250,5163000,208962790,5552940,0,149549180,53860670,208962790
2019-04-25,4950,4950,4755,4765,62300,-2.6557711950970377,0,0,13249,-13249,0,0,0,58892,3408,62300,0,0,45643,16657,62300,0,0,63688265,-63688265,0,0,0,282931010,16325610,299256620,0,0,219242745,80013875,299256620
2019-04-26,4785,4840,4730,4760,27551,-0.1049317943336831,-247,0,9997,-9750,0,0,0,27505,46,27551,247,0,17508,9796,27551,-1179410,0,47627325,-46447915,0,0,0,131191750,219845,131411595,1179410,0,83564425,46667760,131411595
2019-04-29,4820,4820,4725,4725,36794,-0.7352941176470588,-8159,0,9424,-1265,0,0,0,34069,2725,36794,8159,0,24645,3990,36794,-38797035,0,44900720,-6103685,0,0,0,161829865,12918645,174748510,38797035,0,116929145,19022330,174748510
2019-04-30,4725,4785,4655,4780,31674,1.164021164021164,0,0,5452,-5452,0,0,0,30030,1644,31674,0,0,24578,7096,31674,0,0,25595060,-25595060,0,0,0,141513975,7780845,149294820,0,0,115918915,33375905,149294820
2019-05-02,4785,4850,4680,4775,51693,-0.10460251046025104,0,0,-4658,4658,0,0,0,45808,5885,51693,0,0,50466,1227,51693,0,0,-22381845,22381845,0,0,0,218960465,28257475,247217940,0,0,241342310,5875630,247217940
2019-05-03,4765,4795,4700,4700,43675,-1.5706806282722512,0,0,-1983,1983,0,0,0,39837,3838,43675,0,0,41820,1855,43675,0,0,-9367985,9367985,0,0,0,188718500,18156640,206875140,0,0,198086485,8788655,206875140
2019-05-07,4650,4690,4590,4595,36963,-2.2340425531914896,0,0,5108,-5108,0,0,0,34989,1974,36963,0,0,29881,7082,36963,0,0,23634320,-23634320,0,0,0,161807645,9148805,170956450,0,0,138173325,32783125,170956450
2019-05-08,4550,4695,4530,4665,36974,1.5233949945593037,8929,0,-7823,-1106,0,10929,0,22321,3724,36974,2000,0,30144,4830,36974,41452475,0,-36260165,-5192310,0,50522350,0,102062695,17113805,169698850,9069875,0,138322860,22306115,169698850
2019-05-09,4660,4675,4445,4480,52464,-3.965702036441586,0,5,16660,-16665,0,0,5,50302,2157,52464,0,0,33642,18822,52464,0,22250,76002620,-76024870,0,0,22250,228750080,9800000,238572330,0,0,152747460,85824870,238572330
2019-05-10,4485,4615,4430,4430,60684,-1.1160714285714286,-12129,-2000,21640,-7511,0,0,0,59234,1450,60684,12129,2000,37594,8961,60684,-54208885,-8973840,96973965,-33791240,0,0,0,264993105,6468180,271461285,54208885,8973840,168019140,40259420,271461285
2019-05-13,4495,4495,4250,4265,82861,-3.724604966139955,-16410,-12976,33349,-3963,0,0,24,79170,3667,82861,16410,13000,45821,7630,82861,-71048860,-55568820,143901655,-17283975,0,0,103800,341757595,15707750,357569145,71048860,55672620,197855940,32991725,357569145
2019-05-14,4160,4655,4160,4650,191539,9.026963657678781,-12486,11077,-13456,14865,0,7514,11077,150982,21966,191539,20000,0,164438,7101,191539,-56050915,49947230,-61394480,67498165,0,34172845,49947230,679274205,99296035,862690315,90223760,0,740668685,31797870,862690315
2019-05-15,4675,4885,4675,4850,118305,4.301075268817205,10465,-4000,-6284,-181,0,10465,0,97294,10546,118305,0,4000,103578,10727,118305,50305620,-19230000,-30395010,-680610,0,50305620,0,466156710,50668870,567131200,0,19230000,496551720,51349480,567131200
2019-05-16,4810,4885,4645,4810,66059,-0.8247422680412372,-1265,0,11431,-10166,0,6249,0,55934,3876,66059,7514,0,44503,14042,66059,-5803840,0,54666080,-48862240,0,29645975,0,265922000,18267850,313835825,35449815,0,211255920,67130090,313835825
2019-05-17,4760,4850,4665,4815,47934,0.10395010395010396,9160,4788,-9256,-4692,0,11160,4788,30741,1245,47934,2000,0,39997,5937,47934,44336685,23067940,-44752335,-22652290,0,53898915,23067940,147154415,5915455,230036725,9562230,0,191906750,28567745,230036725
2019-05-20,4845,4845,4650,4750,31307,-1.3499480789200415,0,0,5898,-5898,0,0,0,28752,2555,31307,0,0,22854,8453,31307,0,0,27744205,-27744205,0,0,0,135263920,12053360,147317280,0,0,107519715,39797565,147317280
2019-05-21,4690,4750,4615,4660,17354,-1.8947368421052633,0,0,2607,-2607,0,0,0,16223,1131,17354,0,0,13616,3738,17354,0,0,12107080,-12107080,0,0,0,75264125,5258070,80522195,0,0,63157045,17365150,80522195
2019-05-22,4710,4770,4560,4635,23428,-0.5364806866952789,0,0,1736,-1736,0,0,0,22362,1066,23428,0,0,20626,2802,23428,0,0,8165905,-8165905,0,0,0,103381865,4906900,108288765,0,0,95215960,13072805,108288765
2019-05-23,4630,4630,4455,4455,48940,-3.8834951456310676,0,5909,-7781,1872,0,0,5909,40206,2825,48940,0,0,47987,953,48940,0,26866170,-35340740,8474570,0,0,26866170,182047675,12812665,221726510,0,0,217388415,4338095,221726510
2019-05-24,4465,4515,4320,4400,50923,-1.2345679012345678,9407,72,-5622,-3857,0,19206,72,28642,3003,50923,9799,0,34264,6860,50923,41986915,319060,-25305495,-17000480,0,85424960,319060,125252805,13296185,224293010,43438045,0,150558300,30296665,224293010
2019-05-27,4405,4650,4405,4625,60323,5.113636363636364,8498,0,-11486,2988,0,17866,0,35230,7227,60323,9368,0,46716,4239,60323,38640700,0,-52022030,13381330,0,81009720,0,160165805,32792225,273967750,42369020,0,212187835,19410895,273967750
2019-05-28,4530,4800,4515,4600,30458,-0.5405405405405406,-5589,-30,13092,-7473,0,0,0,29425,1033,30458,5589,30,16333,8506,30458,-25416350,-141300,59689065,-34131415,0,0,0,134554765,4714480,139269245,25416350,141300,74865700,38845895,139269245
2019-05-29,4575,4710,4515,4580,30121,-0.43478260869565216,-5077,0,5986,-909,0,0,0,29503,618,30121,5077,0,23517,1527,30121,-23127705,0,27313075,-4185370,0,0,0,135051800,2822800,137874600,23127705,0,107738725,7008170,137874600
2019-05-30,4540,4685,4510,4515,14566,-1.4192139737991267,-3000,-10,5120,-2110,0,0,0,14164,402,14566,3000,10,9044,2512,14566,-13626450,-45825,23291380,-9619105,0,0,0,64469125,1834820,66303945,13626450,45825,41177745,11453925,66303945
2019-05-31,4455,4755,4445,4715,63514,4.4296788482834994,4302,-30,-6731,2459,0,18891,5,38574,6044,63514,14589,35,45305,3585,63514,20289560,-140175,-31380450,11231065,0,86701515,22225,176765425,27747000,291236165,66411955,162400,208145875,16515935,291236165
2019-06-03,4705,4735,4610,4665,19577,-1.0604453870625663,0,0,3558,-3558,0,0,0,19391,186,19577,0,0,15833,3744,19577,0,0,16689830,-16689830,0,0,0,90764585,861210,91625795,0,0,74074755,17551040,91625795
2019-06-04,4665,4695,4630,4665,19752,0.0,0,308,50,-358,0,0,308,19082,362,19752,0,0,19032,720,19752,0,1432200,246485,-1678685,0,0,1432200,89086985,1681775,92200960,0,0,88840500,3360460,92200960
2019-06-05,4665,4870,4665,4860,56645,4.180064308681672,-7368,400,15322,-8354,0,0,400,50120,6125,56645,7368,0,34798,14479,56645,-34706195,1899445,72658255,-39851505,0,0,1899445,238596115,28945075,269440635,34706195,0,165937860,68796580,269440635
2019-06-07,4860,5080,4760,5080,194239,4.526748971193416,-16455,13098,-18270,21627,0,0,13098,154169,26972,194239,16455,0,172439,5345,194239,-82254950,65539825,-91198675,107913800,0,0,65539825,766338465,134345730,966224020,82254950,0,857537140,26431930,966224020
2019-06-10,5050,5410,5000,5380,320494,5.905511811023622,-32408,156000,-122763,-829,0,3000,163000,141173,13321,320494,35408,7000,263936,14150,320494,-169626100,822597190,-648432510,-4538580,0,15648970,860017190,739039890,69618420,1684324470,185275070,37420000,1387472400,74157000,1684324470
2019-06-11,5270,5440,5220,5370,131404,-0.18587360594795538,-48123,31836,23033,-6746,0,0,31836,98293,1275,131404,48123,0,75260,8021,131404,-255099330,169889730,121471720,-36262120,0,0,169889730,523414150,6688840,699992720,255099330,0,401942430,42950960,699992720
2019-06-12,5310,5540,5260,5540,269716,3.165735567970205,-16622,159275,-147459,4806,0,0,182275,77792,9649,269716,16622,23000,225251,4843,269716,-90561940,871377780,-807109830,26293990,0,0,997410080,423771350,52635690,1473817120,90561940,126032300,1230881180,26341700,1473817120
2019-06-13,5540,5820,5490,5800,400707,4.693140794223827,-2000,231664,-221534,-8130,0,0,231693,167509,1505,400707,2000,29,389043,9635,400707,-11080000,1324821590,-1268271780,-45469810,0,0,1324988580,951285970,8500220,2284774770,11080000,166990,2219557750,53970030,2284774770
2019-06-14,5760,6020,5680,5980,370123,3.103448275862069,-2356,246959,-244569,-34,0,0,246959,119258,3906,370123,2356,0,363827,3940,370123,-13586840,1457665290,-1443294430,-784020,0,0,1457665290,694195360,22404640,2174265290,13586840,0,2137489790,23188660,2174265290
2019-06-17,5870,5900,5340,5470,371196,-8.528428093645484,-81669,-50,97848,-16129,0,0,0,350005,21191,371196,81669,50,252157,37320,371196,-449317150,-291500,539357010,-89748360,0,0,0,1938531680,118535560,2057067240,449317150,291500,1399174670,208283920,2057067240
2019-06-18,5450,5560,5270,5520,109913,0.9140767824497258,-8000,0,7910,90,0,0,0,102739,7174,109913,8000,0,94829,7084,109913,-43795660,0,44048010,-252350,0,0,0,557824850,38193780,596018630,43795660,0,513776840,38446130,596018630
2019-06-19,5490,5660,5380,5600,90114,1.4492753623188406,0,-100,1720,-1620,0,0,0,84730,5384,90114,0,100,83010,7004,90114,0,-560000,10389230,-9829230,0,0,0,468690380,29419730,498110110,0,560000,458301150,39248960,498110110
2019-06-20,5620,5700,5540,5650,81027,0.8928571428571428,0,0,-5052,5052,0,0,0,74384,6643,81027,0,0,79436,1591,81027,0,0,-28448050,28448050,0,0,0,418650300,37373370,456023670,0,0,447098350,8925320,456023670
2019-06-21,5620,5710,5550,5710,48373,1.0619469026548671,0,-500,2249,-1749,0,0,0,47539,834,48373,0,500,45290,2583,48373,0,-2790000,12656510,-9866510,0,0,0,267906770,4679810,272586580,0,2790000,255250260,14546320,272586580
2019-06-24,5770,5770,5500,5580,43275,-2.276707530647986,-1000,0,3161,-2161,0,0,0,41225,2050,43275,1000,0,38064,4211,43275,-5582300,0,17762720,-12180420,0,0,0,229805110,11383520,241188630,5582300,0,212042390,23563940,241188630
2019-06-25,5510,5580,5240,5450,174944,-2.3297491039426523,-4000,0,-7089,11089,0,0,0,158162,16782,174944,4000,0,165251,5693,174944,-21186250,0,-37476090,58662340,0,0,0,844541860,89348440,933890300,21186250,0,882017950,30686100,933890300
2019-06-26,5340,5410,5140,5340,106218,-2.0183486238532113,-7347,1000,7168,-821,0,0,1000,99613,5605,106218,7347,0,92445,6426,106218,-38803480,5393460,38097940,-4687920,0,0,5393460,522949310,29228110,557570880,38803480,0,484851370,33916030,557570880
2019-06-27,5330,5360,5190,5320,28666,-0.37453183520599254,-1800,1000,2784,-1984,0,0,1000,26820,846,28666,1800,0,24036,2830,28666,-9452610,5285960,14657490,-10490840,0,0,5285960,141251570,4448320,150985850,9452610,0,126594080,14939160,150985850
2019-06-28,5190,5300,5170,5240,32089,-1.5037593984962405,-4033,0,4386,-353,0,0,0,30241,1848,32089,4033,0,25855,2201,32089,-20988740,0,22866310,-1877570,0,0,0,157219410,9600520,166819930,20988740,0,134353100,11478090,166819930
2019-07-01,5210,5450,5210,5450,44587,4.007633587786259,0,0,-1761,1761,0,0,0,40452,4135,44587,0,0,42213,2374,44587,0,0,-9088320,9088320,0,0,0,216521220,21927420,238448640,0,0,225609540,12839100,238448640
2019-07-02,5340,5530,5340,5460,21029,0.1834862385321101,0,0,-4287,4287,0,0,0,16223,4806,21029,0,0,20510,519,21029,0,0,-23426270,23426270,0,0,0,88549830,26255910,114805740,0,0,111976100,2829640,114805740
2019-07-03,5470,5600,5310,5460,41190,0.0,0,0,3507,-3507,0,0,0,40569,621,41190,0,0,37062,4128,41190,0,0,19197620,-19197620,0,0,0,220300860,3348230,223649090,0,0,201103240,22545850,223649090
2019-07-04,5350,5460,5240,5440,28139,-0.3663003663003663,0,1694,-1557,-137,0,0,1694,25301,1144,28139,0,0,26858,1281,28139,0,8893500,-8095670,-797830,0,0,8893500,134784280,6067570,149745350,0,0,142879950,6865400,149745350
2019-07-05,5490,5490,5340,5440,18733,0.0,0,0,641,-641,0,0,0,18733,0,18733,0,0,18092,641,18733,0,0,3494130,-3494130,0,0,0,101988580,0,101988580,0,0,98494450,3494130,101988580
2019-07-08,5500,5500,5190,5300,30482,-2.5735294117647056,0,0,511,-511,0,0,0,29360,1122,30482,0,0,28849,1633,30482,0,0,2785100,-2785100,0,0,0,154763550,5914530,160678080,0,0,151978450,8699630,160678080
2019-07-09,5250,5450,5210,5400,60148,1.8867924528301887,0,20582,-19154,-1428,0,0,20582,36948,2618,60148,0,0,56102,4046,60148,0,109943770,-102282980,-7660790,0,0,109943770,197496760,14056160,321496690,0,0,299779740,21716950,321496690
2019-07-10,5260,5440,5260,5360,48947,-0.7407407407407408,0,8538,-8875,337,0,0,8538,37525,2884,48947,0,0,46400,2547,48947,0,45249880,-46916560,1666680,0,0,45249880,199138160,15312690,259700730,0,0,246054720,13646010,259700730
2019-07-11,5310,5380,5270,5370,20330,0.18656716417910446,0,366,-784,418,0,0,420,18891,1019,20330,0,54,19675,601,20330,0,1945500,-4169220,2223720,0,0,2234400,100566360,5431860,108232620,0,288900,104735580,3208140,108232620
2019-07-12,5440,5510,5320,5500,32874,2.4208566108007448,5689,-114,-14252,8677,0,5689,0,17468,9717,32874,0,114,31720,1040,32874,30950290,-623980,-77504440,47178130,0,30950290,0,95221630,52824810,178996730,0,623980,172726070,5646680,178996730
2019-07-15,5550,5550,5340,5340,14365,-2.909090909090909,0,0,4258,-4258,0,0,0,13792,573,14365,0,0,9534,4831,14365,0,0,23124580,-23124580,0,0,0,74711130,3104100,77815230,0,0,51586550,26228680,77815230
2019-07-16,5280,5390,5260,5310,20402,-0.5617977528089888,0,0,79,-79,0,0,0,19349,1053,20402,0,0,19270,1132,20402,0,0,399060,-399060,0,0,0,102528800,5611550,108140350,0,0,102129740,6010610,108140350
2019-07-17,5220,5330,5120,5290,15517,-0.3766478342749529,0,0,104,-104,0,0,0,14662,855,15517,0,0,14558,959,15517,0,0,566810,-566810,0,0,0,76337120,4449420,80786540,0,0,75770310,5016230,80786540
2019-07-18,5220,5300,5100,5110,34555,-3.402646502835539,0,0,-87,87,0,0,0,32469,2086,34555,0,0,32556,1999,34555,0,0,-379080,379080,0,0,0,166509100,10684170,177193270,0,0,166888180,10305090,177193270
2019-07-19,5020,5270,5020,5150,13126,0.7827788649706457,0,0,-78,78,0,0,0,12268,858,13126,0,0,12346,780,13126,0,0,-375820,375820,0,0,0,62583300,4370270,66953570,0,0,62959120,3994450,66953570
2019-07-22,5210,5210,5040,5120,17359,-0.5825242718446602,0,8000,-5655,-2345,0,0,8000,9275,84,17359,0,0,14930,2429,17359,0,40490000,-28611710,-11878290,0,0,40490000,47193070,427030,88110100,0,0,75804780,12305320,88110100
2019-07-23,5110,5120,4920,4920,24953,-3.90625,0,1000,5280,-6280,0,0,1000,23588,365,24953,0,0,18308,6645,24953,0,5040000,26256805,-31296805,0,0,5040000,117179845,1810650,124030495,0,0,90923040,33107455,124030495
2019-07-24,4910,4975,4790,4840,24544,-1.6260162601626018,0,0,-3133,3133,0,0,0,19187,5357,24544,0,0,22320,2224,24544,0,0,-15130110,15130110,0,0,0,93041430,26015525,119056955,0,0,108171540,10885415,119056955
2019-07-25,4745,4945,4730,4850,26186,0.2066115702479339,4137,0,-715,-3422,0,4137,0,19929,2120,26186,0,0,20644,5542,26186,19979520,0,-3573635,-16405885,0,19979520,0,95399965,10106190,125485675,0,0,98973600,26512075,125485675
2019-07-26,4850,4885,4650,4665,36077,-3.814432989690722,5749,0,-2408,-3341,0,5749,0,26816,3512,36077,0,0,29224,6853,36077,26905280,0,-11238035,-15667245,0,26905280,0,126006475,16592710,169504465,0,0,137244510,32259955,169504465
2019-07-29,4560,4640,4465,4485,38566,-3.858520900321544,4718,12,-3089,-1641,0,4718,12,30148,3688,38566,0,0,33237,5329,38566,21195615,54690,-13699170,-7551135,0,21195615,54690,136701370,16617250,174568925,0,0,150400540,24168385,174568925
2019-07-30,4310,4785,4310,4770,19882,6.354515050167224,5000,-7,-2243,-2750,0,5000,10,12638,2234,19882,0,17,14881,4984,19882,23583080,-32890,-10302450,-13247740,0,23583080,47200,58497940,10277135,92405355,0,80090,68800390,23524875,92405355
2019-07-31,4630,4840,4595,4795,22179,0.5241090146750524,1,-25,2682,-2658,0,1,0,16699,5479,22179,0,25,14017,8137,22179,4780,-120000,12347155,-12231935,0,4780,0,78168880,25981075,104154735,0,120000,65821725,38213010,104154735
2019-08-01,4715,4810,4665,4705,6585,-1.8769551616266946,0,0,2803,-2803,0,0,0,5637,948,6585,0,0,2834,3751,6585,0,0,13181715,-13181715,0,0,0,26494370,4449545,30943915,0,0,13312655,17631260,30943915
2019-08-02,4530,4745,4520,4715,22419,0.21253985122210414,0,0,1355,-1355,0,0,0,20906,1513,22419,0,0,19551,2868,22419,0,0,6420140,-6420140,0,0,0,96947130,6914630,103861760,0,0,90526990,13334770,103861760
2019-08-05,4600,4785,4295,4435,37524,-5.938494167550371,5925,-8000,7930,-5855,0,5925,0,27711,3888,37524,0,8000,19781,9743,37524,26616335,-35731770,36089145,-26973710,0,26616335,0,125603450,17257865,169477650,0,35731770,89514305,44231575,169477650
2019-08-06,4240,4460,4225,4250,60682,-4.1713641488162345,0,1655,2771,-4426,0,0,1655,49202,9825,60682,0,0,46431,14251,60682,0,7231275,11988335,-19219610,0,0,7231275,213181955,42386580,262799810,0,0,201193620,61606190,262799810
2019-08-07,4180,4500,4180,4295,24823,1.0588235294117647,0,1950,-211,-1739,0,0,1950,22026,847,24823,0,0,22237,2586,24823,0,8234750,-771435,-7463315,0,0,8234750,94462705,3597625,106295080,0,0,95234140,11060940,106295080
2019-08-08,4255,4700,4255,4640,60660,8.032596041909198,10000,0,-9716,-284,0,10000,0,34806,15854,60660,0,0,44522,16138,60660,46050860,0,-44807065,-1243795,0,46050860,0,157740065,72409110,276200035,0,0,202547130,73652905,276200035
2019-08-09,4775,4775,4485,4670,15334,0.646551724137931,0,191,3090,-3281,0,0,191,13406,1737,15334,0,0,10316,5018,15334,0,865190,14132305,-14997495,0,0,865190,61559090,7843590,70267870,0,0,47426785,22841085,70267870
2019-08-12,4680,4950,4680,4800,27473,2.7837259100642395,0,0,2415,-2415,0,0,0,24958,2515,27473,0,0,22543,4930,27473,0,0,11886665,-11886665,0,0,0,120178950,11956105,132135055,0,0,108292285,23842770,132135055
2019-08-13,4800,4990,4770,4975,39790,3.6458333333333335,3000,0,408,-3408,0,3000,0,34822,1968,39790,0,0,34414,5376,39790,14899635,0,1725590,-16625225,0,14899635,0,169684280,9589875,194173790,0,0,167958690,26215100,194173790
2019-08-14,4975,5200,4905,5000,97754,0.5025125628140703,29243,-2000,-31577,4334,0,29243,1,53961,14549,97754,0,2001,85538,10215,97754,149957610,-10264970,-161423690,21731050,0,149957610,5190,273702760,73832580,497498140,0,10270160,435126450,52101530,497498140
2019-08-16,5170,5170,4760,4895,75327,-2.1,-20894,0,22029,-1135,0,0,0,69670,5657,75327,20894,0,47641,6792,75327,-100850490,0,106525155,-5674665,0,0,0,339564750,27328395,366893145,100850490,0,233039595,33003060,366893145
2019-08-19,4895,4965,4780,4785,5754,-2.247191011235955,0,0,978,-978,0,0,0,5406,348,5754,0,0,4428,1326,5754,0,0,4708050,-4708050,0,0,0,25964910,1671700,27636610,0,0,21256860,6379750,27636610
2019-08-20,4780,4845,4595,4800,40311,0.3134796238244514,-8349,0,7524,825,0,0,0,32309,8002,40311,8349,0,24785,7177,40311,-39077680,0,35690615,3387065,0,0,0,151689225,37373285,189062510,39077680,0,115998610,33986220,189062510
2019-08-21,4775,4870,4650,4850,18130,1.0416666666666665,0,-37,93,-56,0,0,0,16117,2013,18130,0,37,16024,2069,18130,0,-172235,698580,-526345,0,0,0,77476945,9507210,86984155,0,172235,76778365,10033555,86984155
2019-08-22,4850,5000,4760,4980,34869,2.6804123711340204,0,-333,4922,-4589,0,0,1,32929,1939,34869,0,334,28007,6528,34869,0,-1640500,23924500,-22284000,0,0,4935,161990240,9569505,171564680,0,1645435,138065740,31853505,171564680
2019-08-23,4830,5070,4830,5030,23662,1.0040160642570282,1970,0,-2049,79,0,1970,0,19641,2051,23662,0,0,21690,1972,23662,9839770,0,-10300150,460380,0,9839770,0,97666305,10257435,117763510,0,0,107966455,9797055,117763510
2019-08-26,4875,5100,4865,4950,14996,-1.5904572564612325,0,0,-69,69,0,0,0,11597,3399,14996,0,0,11666,3330,14996,0,0,-447130,447130,0,0,0,57076640,16794085,73870725,0,0,57523770,16346955,73870725
2019-08-27,4995,5020,4865,5020,21260,1.4141414141414141,653,0,-1311,658,0,653,0,18612,1995,21260,0,0,19923,1337,21260,3199700,0,-6322470,3122770,0,3199700,0,92531645,9747850,105479195,0,0,98854115,6625080,105479195
2019-08-28,5020,5080,4985,5050,20076,0.5976095617529881,0,0,-50,50,0,0,1,17880,2195,20076,0,1,17930,2145,20076,0,20,-306145,306125,0,0,5050,89887690,11061660,100954400,0,5030,90193835,10755535,100954400
2019-08-29,5100,5100,4935,5010,25655,-0.7920792079207921,2030,0,-14922,12892,0,2030,0,8853,14772,25655,0,0,23775,1880,25655,10068500,0,-75041725,64973225,0,10068500,0,44557465,74380560,129006525,0,0,119599190,9407335,129006525
2019-08-30,5050,5120,5000,5120,31205,2.19560878243513,1000,0,-19903,18903,0,1000,0,11262,18943,31205,0,0,31165,40,31205,5000000,0,-101123070,96123070,0,5000000,0,57106830,96326500,158433330,0,0,158229900,203430,158433330
2019-09-02,5110,5180,4995,5180,20666,1.171875,7108,0,-8516,1408,0,7108,0,12032,1526,20666,0,0,20548,118,20666,35765400,0,-42889310,7123910,0,35765400,0,61351165,7725710,104842275,0,0,104240475,601800,104842275
2019-09-03,5180,5290,5160,5220,28345,0.7722007722007722,598,0,-3868,3270,0,2598,0,21528,4219,28345,2000,0,25396,949,28345,3001270,0,-20166790,17165520,0,13443520,0,112522020,22110600,148076140,10442250,0,132688810,4945080,148076140
2019-09-04,5120,5270,5120,5270,12550,0.9578544061302682,2579,0,-3310,731,0,2579,0,8743,1228,12550,0,0,12053,497,12550,13522380,0,-17362460,3840080,0,13522380,0,45771550,6441140,65735070,0,0,63134010,2601060,65735070
2019-09-05,5290,5290,5200,5220,10485,-0.9487666034155597,0,0,3439,-3439,0,0,0,10354,131,10485,0,0,6915,3570,10485,0,0,18009570,-18009570,0,0,0,54271630,686200,54957830,0,0,36262060,18695770,54957830
2019-09-06,5350,5370,5220,5330,33696,2.10727969348659,421,0,-4910,4489,0,421,0,28021,5254,33696,0,0,32931,765,33696,2243930,0,-26074050,23830120,0,2243930,0,148491740,27898150,178633820,0,0,174565790,4068030,178633820
2019-09-09,5350,5410,5250,5250,33448,-1.5009380863039399,3294,0,-1171,-2123,0,3294,0,28816,1338,33448,0,0,29987,3461,33448,17787600,0,-6358350,-11429250,0,17787600,0,154355870,7180690,179324160,0,0,160714220,18609940,179324160
2019-09-10,5260,5380,5170,5250,36768,0.0,4000,0,-10102,6102,0,4000,0,24336,8432,36768,0,0,34438,2330,36768,20850000,0,-53608830,32758830,0,20850000,0,128218050,44994660,194062710,0,0,181826880,12235830,194062710
2019-09-11,5200,5360,5200,5360,19873,2.0952380952380953,3000,0,-5275,2275,0,3000,0,12246,4627,19873,0,0,17521,2352,19873,16062000,0,-28184920,12122920,0,16062000,0,65229260,24652710,105943970,0,0,93414180,12529790,105943970
2019-09-16,5390,5450,5220,5430,17036,1.3059701492537312,0,0,450,-450,0,0,0,16020,1016,17036,0,0,15570,1466,17036,0,0,2428380,-2428380,0,0,0,86133960,5446680,91580640,0,0,83705580,7875060,91580640
2019-09-17,5350,5560,5350,5540,69501,2.0257826887661143,0,-6000,-19037,25037,0,0,0,43159,26342,69501,0,6000,62196,1305,69501,0,-33020000,-104987470,138007470,0,0,0,237190800,145178940,382369740,0,33020000,342178270,7171470,382369740
2019-09-18,5540,5570,5430,5520,39813,-0.36101083032490977,0,0,4313,-4313,0,0,0,23415,16398,39813,0,0,19102,20711,39813,0,0,23627190,-23627190,0,0,0,128790490,90501000,219291490,0,0,105163300,114128190,219291490
2019-09-19,5540,5640,5270,5510,94498,-0.18115942028985507,0,-1681,410,1271,0,0,0,83164,11334,94498,0,1681,82754,10063,94498,0,-9211880,2536970,6674910,0,0,0,457539930,62450160,519990090,0,9211880,455002960,55775250,519990090
2019-09-20,5500,5500,5360,5500,21756,-0.18148820326678766,0,2,771,-773,0,0,2,20334,1420,21756,0,0,19563,2193,21756,0,10910,4195140,-4206050,0,0,10910,110196680,7700260,117907850,0,0,106001540,11906310,117907850
2019-09-23,5500,5500,5320,5430,22432,-1.2727272727272727,504,0,803,-1307,0,504,0,21304,624,22432,0,0,20501,1931,22432,2681280,0,4395510,-7076790,0,2681280,0,114957910,3363720,121002910,0,0,110562400,10440510,121002910
2019-09-24,5430,5430,5320,5430,17790,0.0,0,-800,-1800,2600,0,0,0,12183,5607,17790,0,800,13983,3007,17790,0,-4321920,-9664600,13986520,0,0,0,65568850,30198040,95766890,0,4321920,75233450,16211520,95766890
2019-09-25,5310,5440,5310,5370,24111,-1.1049723756906076,0,-1000,-35,1035,0,0,0,21921,2190,24111,0,1000,21956,1155,24111,0,-5430000,-65290,5495290,0,0,0,118241290,11763360,130004650,0,5430000,118306580,6268070,130004650
2019-09-26,5310,5380,5290,5320,19719,-0.931098696461825,5496,0,-5522,26,0,5496,0,13431,792,19719,0,0,18953,766,19719,29201800,0,-29344730,142930,0,29201800,0,71278320,4224440,104704560,0,0,100623050,4081510,104704560
2019-09-27,5310,5360,5220,5270,30644,-0.9398496240601504,14000,0,-17980,3980,0,14000,0,12631,4013,30644,0,0,30611,33,30644,73750000,0,-94665190,20915190,0,73750000,0,66471020,21090750,161311770,0,0,161136210,175560,161311770
2019-09-30,5270,5390,5200,5310,17936,0.7590132827324478,1000,-310,-7576,6886,0,1000,0,7100,9836,17936,0,310,14676,2950,17936,5200000,-1634500,-39860950,36295450,0,5200000,0,37082190,51697790,93979980,0,1634500,76943140,15402340,93979980
2019-10-01,5200,5410,5200,5400,26566,1.694915254237288,0,-1121,-14312,15433,0,0,0,10737,15829,26566,0,1121,25049,396,26566,0,-6053400,-76501370,82554770,0,0,0,57413290,84646360,142059650,0,6053400,133914660,2091590,142059650
2019-10-02,5340,5410,5240,5390,14611,-0.1851851851851852,296,1,936,-1233,0,296,1,14017,297,14611,0,0,13081,1530,14611,1551040,5340,5045140,-6601520,0,1551040,5340,75087290,1575210,78218880,0,0,70042150,8176730,78218880
2019-10-04,5390,5390,5250,5310,16365,-1.4842300556586272,334,3,-4367,4030,0,334,3,8511,7517,16365,0,0,12878,3487,16365,1753500,15930,-23273370,21503940,0,1753500,15930,44882370,39946910,86598710,0,0,68155740,18442970,86598710
2019-10-07,5310,5310,5160,5230,10426,-1.5065913370998116,370,0,-1419,1049,0,370,0,7347,2709,10426,0,0,8766,1660,10426,1942500,0,-7396190,5453690,0,1942500,0,38199370,14115960,54257830,0,0,45595560,8662270,54257830
2019-10-08,5230,5230,4950,5150,19678,-1.5296367112810707,0,-2801,-4442,7243,0,0,0,11979,7699,19678,0,2801,16421,456,19678,0,-14406230,-22886410,37292640,0,0,0,61667270,39625510,101292780,0,14406230,84553680,2332870,101292780
2019-10-10,5280,5280,5050,5200,8896,0.9708737864077669,0,0,-1657,1657,0,0,0,6069,2827,8896,0,0,7726,1170,8896,0,0,-8553640,8553640,0,0,0,31372680,14601430,45974110,0,0,39926320,6047790,45974110
2019-10-11,5200,5270,4965,5080,69240,-2.307692307692308,0,0,-19674,19674,0,0,0,47099,22141,69240,0,0,66773,2467,69240,0,0,-98676750,98676750,0,0,0,235918875,111232005,347150880,0,0,334595625,12555255,347150880
2019-10-14,5080,5200,5050,5170,17550,1.7716535433070866,0,6,-11337,11331,0,0,9,6191,11350,17550,0,3,17528,19,17550,0,31140,-57846530,57815390,0,0,46410,31638450,57912080,89596940,0,15270,89484980,96690,89596940
2019-10-15,5080,5280,5050,5170,14662,0.0,0,-64,-1926,1990,0,0,14,12462,2186,14662,0,78,14388,196,14662,0,-331930,-9789170,10121100,0,0,71330,63354440,11119090,74544860,0,403260,73143610,997990,74544860
2019-10-16,5140,5250,5110,5110,5973,-1.160541586073501,0,77,582,-659,0,0,77,5428,468,5973,0,0,4846,1127,5973,0,393800,3045730,-3439530,0,0,393800,27934340,2408520,30736660,0,0,24888610,5848050,30736660
2019-10-17,5060,5140,5040,5090,12447,-0.3913894324853229,0,1,-6487,6486,0,0,1,5819,6627,12447,0,0,12306,141,12447,0,5100,-32969830,32964730,0,0,5100,29530190,33680430,63215720,0,0,62500020,715700,63215720
2019-10-18,5100,5180,5050,5120,14426,0.5893909626719057,0,-999,-7870,8869,0,0,1,4778,9647,14426,0,1000,12648,778,14426,0,-5096040,-40040840,45136880,0,0,5100,24276600,49077490,73359190,0,5101140,64317440,3940610,73359190
2019-10-21,5060,5100,5030,5090,29931,-0.5859375,0,3,-13933,13930,0,0,3,14328,15600,29931,0,0,28261,1670,29931,0,15270,-70557260,70541990,0,0,15270,72644700,78997180,151657150,0,0,143201960,8455190,151657150
2019-10-22,5050,5170,5050,5150,9864,1.1787819253438114,0,59,-1162,1103,0,0,59,7556,2249,9864,0,0,8718,1146,9864,0,302010,-5911480,5609470,0,0,302010,38427680,11462010,50191700,0,0,44339160,5852540,50191700
2019-10-23,5150,5150,5050,5100,16407,-0.9708737864077669,0,1,-4854,4853,0,0,1,10091,6315,16407,0,0,14945,1462,16407,0,5140,-24752130,24746990,0,0,5140,51273220,32202890,83481250,0,0,76025350,7455900,83481250
2019-10-24,5050,5180,5030,5080,19599,-0.39215686274509803,0,-3962,-8090,12052,0,0,105,4033,15461,19599,0,4067,12123,3409,19599,0,-20213640,-40984330,61197970,0,0,537790,20410200,78478140,99426130,0,20751430,61394530,17280170,99426130
2019-10-25,5080,5080,4820,4925,36558,-3.0511811023622046,0,0,2135,-2135,0,0,0,36093,465,36558,0,0,33958,2600,36558,0,0,10536280,-10536280,0,0,0,177902240,2286685,180188925,0,0,167365960,12822965,180188925
2019-10-28,4910,4925,4800,4895,20668,-0.6091370558375634,0,0,1886,-1886,0,0,0,19720,948,20668,0,0,17834,2834,20668,0,0,9150440,-9150440,0,0,0,95361675,4569095,99930770,0,0,86211235,13719535,99930770
2019-10-29,4995,4995,4830,4920,15122,0.5107252298263534,0,0,516,-516,0,0,0,13943,1179,15122,0,0,13427,1695,15122,0,0,2558260,-2558260,0,0,0,68157550,5729035,73886585,0,0,65599290,8287295,73886585
2019-10-30,4955,4960,4840,4850,9238,-1.4227642276422763,0,0,1197,-1197,0,0,0,9107,131,9238,0,0,7910,1328,9238,0,0,5839980,-5839980,0,0,0,44208605,634695,44843300,0,0,38368625,6474675,44843300
2019-10-31,4810,5000,4810,4945,12264,1.958762886597938,0,0,-339,339,0,0,0,10528,1736,12264,0,0,10867,1397,12264,0,0,-1567465,1567465,0,0,0,51755195,8511165,60266360,0,0,53322660,6943700,60266360
2019-11-01,4945,4990,4845,4935,11328,-0.20222446916076847,-1,90,947,-1036,0,0,90,11199,39,11328,1,0,10252,1075,11328,-4945,444085,4626665,-5065805,0,0,444085,54553200,189930,55187215,4945,0,49926535,5255735,55187215
2019-11-04,4990,4990,4865,4905,13563,-0.60790273556231,0,0,1,-1,0,0,0,13137,426,13563,0,0,13136,427,13563,0,0,25365,-25365,0,0,0,64547160,2082645,66629805,0,0,64521795,2108010,66629805
2019-11-05,4905,4935,4850,4870,11011,-0.7135575942915392,0,0,99,-99,0,0,0,10722,289,11011,0,0,10623,388,11011,0,0,484815,-484815,0,0,0,52260300,1413360,53673660,0,0,51775485,1898175,53673660
2019-11-06,4860,4930,4830,4870,21297,0.0,0,-1351,728,623,0,0,0,20409,888,21297,0,1351,19681,265,21297,0,-6598145,3582260,3015885,0,0,0,99205785,4320120,103525905,0,6598145,95623525,1304235,103525905
2019-11-07,4870,5000,4865,4865,18593,-0.10266940451745381,-2000,-649,4066,-1417,0,0,0,18075,518,18593,2000,649,14009,1935,18593,-9807985,-3232020,20073275,-7033270,0,0,0,89015305,2546415,91561720,9807985,3232020,68942030,9579685,91561720
2019-11-08,4940,4940,4860,4860,5418,-0.10277492291880781,0,0,109,-109,0,0,0,5257,161,5418,0,0,5148,270,5418,0,0,534505,-534505,0,0,0,25582870,782620,26365490,0,0,25048365,1317125,26365490
2019-11-11,4850,4870,4785,4870,13944,0.205761316872428,0,-500,250,250,0,0,0,12654,1290,13944,0,500,12404,1040,13944,0,-2407500,1213580,1193920,0,0,0,61091300,6214335,67305635,0,2407500,59877720,5020415,67305635
2019-11-12,4895,4895,4730,4730,28063,-2.8747433264887063,4200,0,-3745,-455,0,4200,0,21579,2284,28063,0,0,25324,2739,28063,20286000,0,-18019605,-2266395,0,20286000,0,103019485,10882840,134188325,0,0,121039090,13149235,134188325
2019-11-13,4765,4790,4700,4765,21884,0.7399577167019027,0,-1000,4831,-3831,0,0,0,21618,266,21884,0,1000,16787,4097,21884,0,-4745040,23019675,-18274635,0,0,0,102654585,1259510,103914095,0,4745040,79634910,19534145,103914095
2019-11-14,4740,4765,4500,4610,59567,-3.2528856243441764,-1321,200,6498,-5377,0,3000,200,50917,5450,59567,4321,0,44419,10827,59567,-6112910,920000,29833450,-24640540,0,13777500,920000,234678280,25260965,274636745,19890410,0,204844830,49901505,274636745
2019-11-15,4620,4620,4360,4465,92029,-3.14533622559653,-15762,171,16349,-758,0,7000,171,80444,4414,92029,22762,0,64095,5172,92029,-69213000,750735,72155110,-3692845,0,31090000,750735,355960385,19584665,407385785,100303000,0,283805275,23277510,407385785
2019-11-18,4480,4480,4385,4405,9896,-1.3437849944008957,0,610,901,-1511,0,0,1110,8523,263,9896,0,500,7622,1774,9896,0,2707235,3992890,-6700125,0,0,4924735,37663450,1157380,43745565,0,2217500,33670560,7857505,43745565
2019-11-19,4405,4490,4380,4440,13733,0.7945516458569807,0,500,18,-518,0,0,500,10721,2512,13733,0,0,10703,3030,13733,0,2210545,128100,-2338645,0,0,2210545,47351880,11057180,60619605,0,0,47223780,13395825,60619605
2019-11-20,4485,4485,4350,4355,32229,-1.9144144144144142,0,3034,-3324,290,0,0,3534,26502,2193,32229,0,500,29826,1903,32229,0,13408375,-14659680,1251305,0,0,15598375,115780550,9601400,140980325,0,2190000,130440230,8350095,140980325
2019-11-21,4425,4445,4220,4240,14358,-2.640642939150402,0,0,3869,-3869,0,0,0,14269,89,14358,0,0,10400,3958,14358,0,0,16714295,-16714295,0,0,0,61225360,384240,61609600,0,0,44511065,17098535,61609600
2019-11-22,4200,4330,4200,4240,11389,0.0,0,0,-194,194,0,0,0,10729,660,11389,0,0,10923,466,11389,0,0,-786895,786895,0,0,0,45425065,2777710,48202775,0,0,46211960,1990815,48202775
2019-11-25,4330,4330,4010,4325,11711,2.0047169811320753,0,0,-337,337,0,0,0,10547,1164,11711,0,0,10884,827,11711,0,0,-1329215,1329215,0,0,0,44714690,4887475,49602165,0,0,46043905,3558260,49602165
2019-11-26,4345,4420,4285,4370,12506,1.0404624277456647,1500,4548,-6151,103,0,1500,4548,6181,277,12506,0,0,12332,174,12506,6450000,19973935,-26857690,433755,0,6450000,19973935,26853470,1191400,54468805,0,0,53711160,757645,54468805
2019-11-27,4445,4465,4320,4370,12114,0.0,0,0,-1683,1683,0,0,0,9996,2118,12114,0,0,11679,435,12114,0,0,-7259075,7259075,0,0,0,43543450,9168310,52711760,0,0,50802525,1909235,52711760
2019-11-28,4375,4395,4305,4350,5230,-0.4576659038901602,0,0,-87,87,0,0,0,4867,363,5230,0,0,4954,276,5230,0,0,-360790,360790,0,0,0,21200150,1568160,22768310,0,0,21560940,1207370,22768310
2019-11-29,4285,4445,4285,4395,18487,1.0344827586206897,0,0,1607,-1607,0,0,0,17904,583,18487,0,0,16297,2190,18487,0,0,7115105,-7115105,0,0,0,78591825,2546725,81138550,0,0,71476720,9661830,81138550
2019-12-02,4285,4405,4285,4390,7539,-0.11376564277588168,0,0,-211,211,0,0,0,7320,219,7539,0,0,7531,8,7539,0,0,-926345,926345,0,0,0,31936980,961295,32898275,0,0,32863325,34950,32898275
2019-12-03,4395,4405,4290,4300,6657,-2.050113895216401,0,0,663,-663,0,0,0,6657,0,6657,0,0,5994,663,6657,0,0,2906640,-2906640,0,0,0,28925780,0,28925780,0,0,26019140,2906640,28925780
2019-12-04,4210,4330,4210,4320,3365,0.46511627906976744,0,0,-1499,1499,0,0,0,1828,1537,3365,0,0,3327,38,3365,0,0,-6473025,6473025,0,0,0,7805830,6636815,14442645,0,0,14278855,163790,14442645
2019-12-05,4265,4360,4255,4260,6136,-1.3888888888888888,0,0,1394,-1394,0,0,0,6091,45,6136,0,0,4697,1439,6136,0,0,6029765,-6029765,0,0,0,26268885,192375,26461260,0,0,20239120,6222140,26461260
2019-12-06,4260,4365,4260,4320,2682,1.4084507042253522,0,0,-1262,1262,0,0,0,1418,1264,2682,0,0,2680,2,2682,0,0,-5387845,5387845,0,0,0,6090880,5396465,11487345,0,0,11478725,8620,11487345
2019-12-09,4320,4390,4295,4295,3289,-0.5787037037037037,0,0,180,-180,0,0,0,3127,162,3289,0,0,2947,342,3289,0,0,790190,-790190,0,0,0,13590135,700650,14290785,0,0,12799945,1490840,14290785
2019-12-10,4295,4360,4270,4285,15905,-0.23282887077997672,1000,0,-1270,270,0,1000,1,12357,2547,15905,0,1,13627,2277,15905,4290000,45,-5389275,1099230,0,4290000,4335,53345595,10970130,68610060,0,4290,58734870,9870900,68610060
2019-12-11,4300,4385,4270,4305,18106,0.4667444574095682,0,0,-10997,10997,0,0,0,7093,11013,18106,0,0,18090,16,18106,0,0,-47298040,47298040,0,0,0,30507925,47367920,77875845,0,0,77805965,69880,77875845
2019-12-12,4395,4395,4285,4310,4778,0.11614401858304298,0,4,-2404,2400,0,0,4,1835,2939,4778,0,0,4239,539,4778,0,17360,-10330815,10313455,0,0,17360,7937765,12654200,20609325,0,0,18268580,2340745,20609325
2019-12-13,4380,4400,4330,4340,17485,0.6960556844547563,0,0,-9476,9476,0,0,1,7856,9628,17485,0,1,17332,152,17485,0,-5,-41417660,41417665,0,0,4365,34336790,42083590,76424745,0,4370,75754450,665925,76424745
2019-12-16,4400,4400,4315,4375,10209,0.8064516129032258,0,0,-5308,5308,0,0,0,4620,5589,10209,0,0,9928,281,10209,0,0,-23106065,23106065,0,0,0,20089950,24338015,44427965,0,0,43196015,1231950,44427965
2019-12-17,4300,4490,4300,4380,29403,0.1142857142857143,0,0,-4612,4612,0,0,0,18293,11110,29403,0,0,22905,6498,29403,0,0,-19755380,19755380,0,0,0,81160125,48637350,129797475,0,0,100915505,28881970,129797475
2019-12-18,4380,4485,4380,4410,8458,0.684931506849315,300,0,76,-376,0,300,0,8141,17,8458,0,0,8065,393,8458,1317000,0,351110,-1668110,0,1317000,0,35998455,74630,37390085,0,0,35647345,1742740,37390085
2019-12-19,4495,4500,4315,4405,10091,-0.11337868480725624,0,0,-2715,2715,0,0,0,6475,3616,10091,0,0,9190,901,10091,0,0,-11950750,11950750,0,0,0,28597045,15981015,44578060,0,0,40547795,4030265,44578060
2019-12-20,4400,4505,4400,4500,11108,2.1566401816118046,0,0,-1754,1754,0,0,0,9354,1754,11108,0,0,11108,0,11108,0,0,-7827270,7827270,0,0,0,41846250,7827270,49673520,0,0,49673520,0,49673520
2019-12-23,4510,4510,4455,4495,16938,-0.1111111111111111,0,0,-4681,4681,0,0,0,10842,6096,16938,0,0,15523,1415,16938,0,0,-20783940,20783940,0,0,0,48787950,27158465,75946415,0,0,69571890,6374525,75946415
2019-12-24,4495,4500,4395,4395,16627,-2.2246941045606228,0,0,-2154,2154,0,0,0,14301,2326,16627,0,0,16455,172,16627,0,0,-9482675,9482675,0,0,0,64004930,10247475,74252405,0,0,73487605,764800,74252405
2019-12-26,4370,4480,4310,4385,7925,-0.22753128555176336,0,0,-3831,3831,0,0,0,3602,4323,7925,0,0,7433,492,7925,0,0,-16853625,16853625,0,0,0,15830020,19026030,34856050,0,0,32683645,2172405,34856050
2019-12-27,4490,4495,4380,4450,5631,1.4823261117445838,0,0,670,-670,0,0,0,4883,748,5631,0,0,4213,1418,5631,0,0,3060090,-3060090,0,0,0,21755100,3304575,25059675,0,0,18695010,6364665,25059675
2019-12-30,4450,4495,4400,4420,5341,-0.6741573033707865,0,0,-310,310,0,0,0,3852,1489,5341,0,0,4162,1179,5341,0,0,-1366205,1366205,0,0,0,17033395,6580185,23613580,0,0,18399600,5213980,23613580
2020-01-02,4495,4495,4400,4470,6459,1.1312217194570136,0,0,-672,672,0,0,0,4857,1602,6459,0,0,5529,930,6459,0,0,-3040545,3040545,0,0,0,21476485,7137590,28614075,0,0,24517030,4097045,28614075
2020-01-03,4485,4700,4415,4695,41859,5.033557046979865,7548,0,-7836,288,0,7548,0,31449,2862,41859,0,0,39285,2574,41859,34280785,0,-35554485,1273700,0,34280785,0,144016080,13169885,191466750,0,0,179570565,11896185,191466750
2020-01-06,4735,4735,4555,4700,12034,0.10649627263045794,0,0,945,-945,0,0,0,11401,633,12034,0,0,10456,1578,12034,0,0,4326260,-4326260,0,0,0,52302545,2888970,55191515,0,0,47976285,7215230,55191515
2020-01-07,4700,4735,4645,4730,25915,0.6382978723404255,0,0,625,-625,0,0,0,25915,0,25915,0,0,25290,625,25915,0,0,2948220,-2948220,0,0,0,121978235,0,121978235,0,0,119030015,2948220,121978235
2020-01-08,4680,4790,4410,4635,31904,-2.00845665961945,-6955,0,2284,4671,0,0,0,26512,5392,31904,6955,0,24228,721,31904,-31406230,0,10324105,21082125,0,0,0,119806115,24418415,144224530,31406230,0,109482010,3336290,144224530
2020-01-09,4645,4690,4535,4685,15974,1.0787486515641855,0,0,916,-916,0,0,0,15903,71,15974,0,0,14987,987,15974,0,0,4258500,-4258500,0,0,0,73927555,327950,74255505,0,0,69669055,4586450,74255505
2020-01-10,4695,4705,4615,4650,22842,-0.7470651013874066,0,0,-399,399,0,0,0,22409,433,22842,0,0,22808,34,22842,0,0,-1848170,1848170,0,0,0,104647435,2007365,106654800,0,0,106495605,159195,106654800
2020-01-13,4700,4840,4610,4715,60182,1.3978494623655915,0,7,-2575,2568,0,0,7,56032,4143,60182,0,0,58607,1575,60182,0,33215,-12212265,12179050,0,0,33215,264798710,19565930,284397855,0,0,277010975,7386880,284397855
2020-01-14,4770,4770,4630,4710,25371,-0.10604453870625664,-841,0,5468,-4627,0,3000,0,20410,1961,25371,3841,0,14942,6588,25371,-3776930,0,25587770,-21810840,0,14115000,0,95317995,9137125,118570120,17891930,0,69730225,30947965,118570120
2020-01-15,4710,4710,4605,4695,19210,-0.3184713375796179,-6415,0,7721,-1306,0,0,0,18386,824,19210,6415,0,10665,2130,19210,-29779680,0,35920860,-6141180,0,0,0,85454310,3826650,89280960,29779680,0,49533450,9967830,89280960
2020-01-16,4695,4735,4615,4680,13188,-0.3194888178913738,0,0,-284,284,0,0,0,12085,1103,13188,0,0,12369,819,13188,0,0,-1290735,1290735,0,0,0,56437080,5123655,61560735,0,0,57727815,3832920,61560735
2020-01-17,4680,4745,4630,4685,19919,0.10683760683760685,0,0,65,-65,0,0,0,19919,0,19919,0,0,19854,65,19919,0,0,304215,-304215,0,0,0,92828315,0,92828315,0,0,92524100,304215,92828315
2020-01-20,4610,4715,4610,4685,11558,0.0,0,0,2152,-2152,0,0,0,11558,0,11558,0,0,9406,2152,11558,0,0,10099575,-10099575,0,0,0,54217660,0,54217660,0,0,44118085,10099575,54217660
2020-01-21,4640,4720,4605,4630,9101,-1.1739594450373532,0,0,-336,336,0,0,0,8729,372,9101,0,0,9065,36,9101,0,0,-1552760,1552760,0,0,0,40369625,1720355,42089980,0,0,41922385,167595,42089980
2020-01-22,4600,4645,4560,4595,13339,-0.755939524838013,0,0,-1422,1422,0,0,0,11824,1515,13339,0,0,13246,93,13339,0,0,-6512220,6512220,0,0,0,55929600,6943195,62872795,0,0,62441820,430975,62872795
2020-01-23,4915,5140,4770,4895,119162,6.528835690968444,0,0,-128,128,0,0,0,103840,15322,119162,0,0,103968,15194,119162,0,0,-501105,501105,0,0,0,509996210,75269595,585265805,0,0,510497315,74768490,585265805
2020-01-28,4760,4760,4545,4700,81326,-3.983656792645557,33000,4115,-41794,4679,0,33000,4115,34323,9888,81326,0,0,76117,5209,81326,151385000,19104380,-191849435,21360055,0,151385000,19104380,158858305,45374455,374722140,0,0,350707740,24014400,374722140
2020-01-29,4660,4700,4615,4635,12910,-1.3829787234042552,1436,185,-972,-649,0,1436,185,10987,302,12910,0,0,11959,951,12910,6677760,860250,-4482870,-3055140,0,6677760,860250,51053090,1402995,59994095,0,0,55535960,4458135,59994095
2020-01-30,4635,4680,4440,4440,27402,-4.207119741100324,0,2827,-105,-2722,0,0,2827,24072,503,27402,0,0,24177,3225,27402,0,12693230,-466160,-12227070,0,0,12693230,108382960,2273450,123349640,0,0,108849120,14500520,123349640
2020-01-31,4440,4580,4375,4475,16186,0.7882882882882882,53,3849,-5298,1396,0,53,3849,10731,1553,16186,0,0,16029,157,16186,233465,17274130,-23749130,6241535,0,233465,17274130,47804085,6940630,72252310,0,0,71553215,699095,72252310
2020-02-03,4465,4630,4335,4500,16209,0.5586592178770949,947,0,-2549,1602,0,947,0,13316,1946,16209,0,0,15865,344,16209,4124185,0,-11076750,6952565,0,4124185,0,59144110,8487080,71755375,0,0,70220860,1534515,71755375
2020-02-04,4595,4725,4490,4700,22275,4.444444444444445,0,0,517,-517,0,0,0,21171,1104,22275,0,0,20654,1621,22275,0,0,2519315,-2519315,0,0,0,98875950,5080485,103956435,0,0,96356635,7599800,103956435
2020-02-05,4980,4980,4660,4750,7872,1.0638297872340425,0,0,577,-577,0,0,0,7074,798,7872,0,0,6497,1375,7872,0,0,2744430,-2744430,0,0,0,33413185,3741680,37154865,0,0,30668755,6486110,37154865
2020-02-06,4790,4795,4685,4740,5168,-0.21052631578947367,0,0,366,-366,0,0,0,5122,46,5168,0,0,4756,412,5168,0,0,1734630,-1734630,0,0,0,24220980,216660,24437640,0,0,22486350,1951290,24437640
2020-02-07,4745,4745,4670,4735,5848,-0.10548523206751054,1219,0,-1206,-13,0,1219,0,4456,173,5848,0,0,5662,186,5848,5723205,0,-5653810,-69395,0,5723205,0,20949950,810575,27483730,0,0,26603760,879970,27483730
2020-02-10,4790,4790,4605,4720,5178,-0.31678986272439286,0,0,-218,218,0,0,0,4956,222,5178,0,0,5174,4,5178,0,0,-1023500,1023500,0,0,0,23288405,1042270,24330675,0,0,24311905,18770,24330675
2020-02-11,4720,4770,4705,4755,34166,0.7415254237288136,2020,0,-1172,-848,0,2020,0,31114,1032,34166,0,0,32286,1880,34166,9541125,0,-5548720,-3992405,0,9541125,0,147062960,4881225,161485310,0,0,152611680,8873630,161485310
2020-02-12,4790,4790,4715,4790,20072,0.7360672975814931,0,0,4927,-4927,0,0,0,18652,1420,20072,0,0,13725,6347,20072,0,0,23465015,-23465015,0,0,0,88802030,6746705,95548735,0,0,65337015,30211720,95548735
2020-02-13,4770,4770,4700,4720,33018,-1.4613778705636742,4325,0,-9862,5537,0,4325,0,23156,5537,33018,0,0,33018,0,33018,20368085,0,-46452950,26084865,0,20368085,0,109147245,26084865,155600195,0,0,155600195,0,155600195
2020-02-14,4790,4795,4710,4790,18918,1.4830508474576272,-148,0,-2292,2440,0,1852,0,13978,3088,18918,2000,0,16270,648,18918,-720435,0,-10818285,11538720,0,8722920,0,66335200,14627715,89685835,9443355,0,77153485,3088995,89685835
2020-02-17,4800,4850,4790,4850,13536,1.2526096033402923,0,0,-2451,2451,0,0,0,10388,3148,13536,0,0,12839,697,13536,0,0,-11846330,11846330,0,0,0,50139935,15199140,65339075,0,0,61986265,3352810,65339075
2020-02-18,4850,4855,4780,4850,10809,0.0,2000,0,-3414,1414,0,2000,0,7387,1422,10809,0,0,10801,8,10809,9600000,0,-16386665,6786665,0,9600000,0,35496360,6825360,51921720,0,0,51883025,38695,51921720
2020-02-19,4880,4880,4725,4815,5778,-0.7216494845360825,1148,0,-1097,-51,0,1148,0,4181,449,5778,0,0,5278,500,5778,5453000,0,-5168610,-284390,0,5453000,0,19984540,2126015,27563555,0,0,25153150,2410405,27563555
2020-02-20,4820,4995,4750,4805,16846,-0.20768431983385255,927,0,58,-985,0,927,905,14222,792,16846,0,905,14164,1777,16846,4403250,-51750,479895,-4831395,0,4403250,4375600,68587105,3804035,81169990,0,4427350,68107210,8635430,81169990
2020-02-21,4780,4780,4700,4755,9967,-1.040582726326743,1073,0,-85,-988,0,1073,0,8522,372,9967,0,0,8607,1360,9967,5053830,0,-371900,-4681930,0,5053830,0,40309245,1750270,47113345,0,0,40681145,6432200,47113345
2020-02-24,4600,4755,4520,4680,32510,-1.5772870662460567,3962,0,-6071,2109,0,3962,0,25917,2631,32510,0,0,31988,522,32510,18077100,0,-27810180,9733080,0,18077100,0,119043180,12128155,149248435,0,0,146853360,2395075,149248435
2020-02-25,4455,4790,4455,4790,36738,2.3504273504273505,4038,0,-3628,-410,0,4038,0,32510,190,36738,0,0,36138,600,36738,18615180,0,-16691625,-1923555,0,18615180,0,149967730,868300,169451210,0,0,166659355,2791855,169451210
2020-02-26,4790,4830,4725,4830,35714,0.8350730688935281,0,0,3290,-3290,0,0,0,35213,501,35714,0,0,31923,3791,35714,0,0,15662780,-15662780,0,0,0,168259155,2400675,170659830,0,0,152596375,18063455,170659830
2020-02-27,4750,4840,4690,4800,29626,-0.6211180124223602,0,0,4768,-4768,0,0,0,29194,432,29626,0,0,24426,5200,29626,0,0,22632285,-22632285,0,0,0,139243860,2061195,141305055,0,0,116611575,24693480,141305055
2020-02-28,4780,4780,4495,4600,66009,-4.166666666666666,2000,0,-4395,2395,0,2000,0,53803,10206,66009,0,0,58198,7811,66009,9000000,0,-19704695,10704695,0,9000000,0,248534975,46935690,304470665,0,0,268239670,36230995,304470665
2020-03-02,4350,4555,4350,4440,14572,-3.4782608695652173,1000,0,-891,-109,0,1000,0,12447,1125,14572,0,0,13338,1234,14572,4500000,0,-4007890,-492110,0,4500000,0,55439610,5039220,64978830,0,0,59447500,5531330,64978830
2020-03-03,4440,4530,4440,4515,10993,1.6891891891891893,0,0,-244,244,0,0,0,10639,354,10993,0,0,10883,110,10993,0,0,-1084040,1084040,0,0,0,47932440,1581230,49513670,0,0,49016480,497190,49513670
2020-03-04,4515,4580,4500,4565,10441,1.1074197120708749,0,0,123,-123,0,0,0,9501,940,10441,0,0,9378,1063,10441,0,0,532075,-532075,0,0,0,43025810,4267620,47293430,0,0,42493735,4799695,47293430
2020-03-05,4595,4600,4460,4460,12455,-2.3001095290251916,2000,0,-2033,33,0,2000,0,10194,261,12455,0,0,12227,228,12455,8930000,0,-9047780,117780,0,8930000,0,45688440,1165365,55783805,0,0,54736220,1047585,55783805
2020-03-06,4460,4650,4425,4575,8467,2.57847533632287,0,0,-419,419,0,0,0,8033,434,8467,0,0,8452,15,8467,0,0,-1883705,1883705,0,0,0,36230300,1952655,38182955,0,0,38114005,68950,38182955
2020-03-09,4530,4530,4350,4430,8077,-3.169398907103825,1000,0,-962,-38,0,1000,0,6865,212,8077,0,0,7827,250,8077,4405000,0,-4249050,-155950,0,4405000,0,30360840,938100,35703940,0,0,34609890,1094050,35703940
2020-03-10,4400,4425,4140,4380,17423,-1.1286681715575622,0,0,831,-831,0,0,0,17356,67,17423,0,0,16525,898,17423,0,0,3637785,-3637785,0,0,0,74604380,286760,74891140,0,0,70966595,3924545,74891140
2020-03-11,4380,4575,4280,4315,4357,-1.4840182648401825,0,0,239,-239,0,0,0,4022,335,4357,0,0,3783,574,4357,0,0,1079740,-1079740,0,0,0,17959990,1467225,19427215,0,0,16880250,2546965,19427215
2020-03-12,4110,4325,3780,3870,73850,-10.312862108922364,0,1,-620,619,0,0,1,70041,3808,73850,0,0,70661,3189,73850,0,3885,-2242985,2239100,0,0,3885,274136620,14977050,289117555,0,0,276379605,12737950,289117555
2020-03-13,3570,3625,2770,3440,207908,-11.11111111111111,-38127,0,39227,-1100,0,4592,0,182957,20359,207908,42719,0,143730,21459,207908,-116161995,0,121893850,-5731855,0,15633315,0,576552000,64338685,656524000,131795310,0,454658150,70070540,656524000
2020-03-16,3520,3635,3240,3310,27421,-3.77906976744186,9000,0,-8261,-739,0,9000,0,15458,2963,27421,0,0,23719,3702,27421,30235000,0,-27549985,-2685015,0,30235000,0,52291255,9907765,92434020,0,0,79841240,12592780,92434020
2020-03-17,3000,3485,2835,2935,168950,-11.329305135951662,-42018,34,41942,42,0,7000,34,131154,30762,168950,49018,0,89212,30720,168950,-123695315,99620,123917405,-321710,0,20684375,99620,394308295,91610905,506703195,144379690,0,270390890,91932615,506703195
2020-03-18,2955,3025,2875,2885,69965,-1.7035775127768313,1295,0,4442,-5737,0,11000,0,49138,9827,69965,9705,0,44696,15564,69965,3619565,0,13606245,-17225810,0,32064305,0,144265665,28764350,205094320,28444740,0,130659420,45990160,205094320
2020-03-19,2885,3000,2300,2550,43917,-11.611785095320624,0,0,7126,-7126,0,0,0,42031,1886,43917,0,0,34905,9012,43917,0,0,18537895,-18537895,0,0,0,111309900,5113945,116423845,0,0,92772005,23651840,116423845
2020-03-20,2300,2670,2300,2565,59078,0.5882352941176471,0,0,-6815,6815,0,0,0,45966,13112,59078,0,0,52781,6297,59078,0,0,-17146835,17146835,0,0,0,112127650,32758360,144886010,0,0,129274485,15611525,144886010
2020-03-23,2355,2540,2295,2495,36676,-2.729044834307992,0,0,-1390,1390,0,0,0,32771,3905,36676,0,0,34161,2515,36676,0,0,-3328950,3328950,0,0,0,79552910,9449715,89002625,0,0,82881860,6120765,89002625
2020-03-24,2495,2580,2400,2515,25523,0.8016032064128256,0,0,51,-51,0,0,0,24603,920,25523,0,0,24552,971,25523,0,0,138915,-138915,0,0,0,61948095,2315215,64263310,0,0,61809180,2454130,64263310
2020-03-25,2670,3000,2670,2865,31272,13.916500994035786,0,1,2642,-2643,0,0,1,30150,1121,31272,0,0,27508,3764,31272,0,2850,7789495,-7792345,0,0,2850,86943590,3188670,90135110,0,0,79154095,10981015,90135110
2020-03-26,2885,3135,2865,3045,29105,6.282722513089005,0,0,-128,128,0,0,0,25096,4009,29105,0,0,25224,3881,29105,0,0,-371885,371885,0,0,0,76087980,12064105,88152085,0,0,76459865,11692220,88152085
2020-03-27,3075,3150,2965,2970,41054,-2.4630541871921183,0,-18,2381,-2363,0,0,0,38525,2529,41054,0,18,36144,4892,41054,0,-56430,7165180,-7108750,0,0,0,116365090,7660280,124025370,0,56430,109199910,14769030,124025370
2020-03-30,2855,3070,2855,3045,23333,2.525252525252525,0,0,-6366,6366,0,0,0,16825,6508,23333,0,0,23191,142,23333,0,0,-18766585,18766585,0,0,0,50142410,19195575,69337985,0,0,68908995,428990,69337985
2020-03-31,3050,3145,3000,3095,81202,1.6420361247947455,0,0,620,-620,0,0,0,78504,2698,81202,0,0,77884,3318,81202,0,0,2041865,-2041865,0,0,0,240047435,8209440,248256875,0,0,238005570,10251305,248256875
2020-04-01,3095,3265,3005,3155,25445,1.938610662358643,0,-9,975,-966,0,0,0,21412,4033,25445,0,9,20437,4999,25445,0,-28215,3102120,-3073905,0,0,0,67202170,12624545,79826715,0,28215,64100050,15698450,79826715
2020-04-02,3155,3235,3065,3215,15591,1.9017432646592711,0,0,-1892,1892,0,0,0,12920,2671,15591,0,0,14812,779,15591,0,0,-5925505,5925505,0,0,0,41050640,8389620,49440260,0,0,46976145,2464115,49440260
2020-04-03,3250,3425,3230,3400,21957,5.7542768273716955,0,3100,-5193,2093,0,0,3100,14684,4173,21957,0,0,19877,2080,21957,0,10258370,-17244330,6985960,0,0,10258370,49046495,13922915,73227780,0,0,66290825,6936955,73227780
2020-04-06,3400,3945,3400,3890,67170,14.411764705882351,0,-7,-1813,1820,0,0,0,61169,6001,67170,0,7,62982,4181,67170,0,-26360,-6677425,6703785,0,0,0,230533650,22580135,253113785,0,26360,237211075,15876350,253113785
2020-04-07,3905,4080,3810,3950,37303,1.5424164524421593,0,0,-1591,1591,0,0,0,31506,5797,37303,0,0,33097,4206,37303,0,0,-6091075,6091075,0,0,0,123453945,22732935,146186880,0,0,129545020,16641860,146186880
2020-04-08,3995,4040,3905,3950,39510,0.0,0,750,-3934,3184,0,0,750,33271,5489,39510,0,0,37205,2305,39510,0,2961250,-15446680,12485430,0,0,2961250,132473445,21713195,157147890,0,0,147920125,9227765,157147890
2020-04-09,4000,4085,3995,3995,17176,1.139240506329114,0,250,160,-410,0,0,250,15076,1850,17176,0,0,14916,2260,17176,0,1011250,722250,-1733500,0,0,1011250,60986840,7429195,69427285,0,0,60264590,9162695,69427285
2020-04-10,4000,4095,3930,4060,56173,1.6270337922403004,0,759,-2617,1858,0,0,759,46549,8865,56173,0,0,49166,7007,56173,0,3049590,-10544650,7495060,0,0,3049590,187277160,35646685,225973435,0,0,197821810,28151625,225973435
2020-04-13,4100,4905,3995,4200,448641,3.4482758620689653,-3105,-3100,12366,-6161,0,0,0,401668,46973,448641,3105,3100,389302,53134,448641,-12931230,-12918375,55867415,-30017810,0,0,0,1787398675,205295260,1992693935,12931230,12918375,1731531260,235313070,1992693935
2020-04-14,4205,4380,4120,4365,73895,3.9285714285714284,0,0,-12602,12602,0,0,0,53326,20569,73895,0,0,65928,7967,73895,0,0,-53265855,53265855,0,0,0,226290045,87200720,313490765,0,0,279555900,33934865,313490765
2020-04-16,4365,4450,4195,4335,39493,-0.6872852233676976,0,-50,-1935,1985,0,0,0,34789,4704,39493,0,50,36724,2719,39493,0,-214500,-8117210,8331710,0,0,0,149276655,19967065,169243720,0,214500,157393865,11635355,169243720
2020-04-17,4305,4495,4290,4495,102770,3.690888119953864,0,0,-4472,4472,0,0,0,96785,5985,102770,0,0,101257,1513,102770,0,0,-19465050,19465050,0,0,0,428076930,26176815,454253745,0,0,447541980,6711765,454253745
2020-04-20,4515,4590,4305,4310,76526,-4.115684093437152,-2209,0,10203,-7994,0,0,0,66301,10225,76526,2209,0,56098,18219,76526,-9585735,0,44538930,-34953195,0,0,0,291657830,45200995,336858825,9585735,0,247118900,80154190,336858825
2020-04-21,4250,4295,3830,4075,72808,-5.452436194895592,0,0,-8196,8196,0,0,0,56812,15996,72808,0,0,65008,7800,72808,0,0,-32798050,32798050,0,0,0,229906820,64650180,294557000,0,0,262704870,31852130,294557000
2020-04-22,3990,4035,3790,3940,34443,-3.3128834355828225,0,0,2320,-2320,0,0,0,32647,1796,34443,0,0,30327,4116,34443,0,0,9019840,-9019840,0,0,0,126695775,7007305,133703080,0,0,117675935,16027145,133703080
2020-04-23,3930,4170,3875,4065,68385,3.1725888324873095,0,0,1630,-1630,0,0,0,60370,8015,68385,0,0,58740,9645,68385,0,0,6582595,-6582595,0,0,0,242278715,32025630,274304345,0,0,235696120,38608225,274304345
2020-04-24,3985,4470,3985,4290,160504,5.535055350553505,1537,-500,6975,-8012,0,1537,0,133294,25673,160504,0,500,126319,33685,160504,6638600,-2121255,29524980,-34042325,0,6638600,0,562080525,108505225,677224350,0,2121255,532555545,142547550,677224350
2020-04-27,4250,4250,4045,4220,50029,-1.6317016317016315,-1537,-200,-1177,2914,0,0,0,42060,7969,50029,1537,200,43237,5055,50029,-6399070,-832000,-4866700,12097770,0,0,0,176170315,33265305,209435620,6399070,832000,181037015,21167535,209435620
2020-04-28,4180,4245,4125,4235,14672,0.35545023696682465,0,0,640,-640,0,0,0,11676,2996,14672,0,0,11036,3636,14672,0,0,2773705,-2773705,0,0,0,48923280,12525265,61448545,0,0,46149575,15298970,61448545
2020-04-29,4235,4380,4120,4320,43004,2.0070838252656436,-2299,30,-4066,6335,0,0,30,29622,13352,43004,2299,0,33688,7017,43004,-9674340,127200,-16998890,26546030,0,0,127200,125351680,56423010,181901890,9674340,0,142350570,29876980,181901890
2020-05-04,4330,4360,4235,4250,54905,-1.6203703703703702,0,-739,-6678,7417,0,0,0,39172,15733,54905,0,739,45850,8316,54905,0,-3174005,-28456585,31630590,0,0,0,168088900,67348710,235437610,0,3174005,196545485,35718120,235437610
2020-05-06,4250,4770,4250,4650,259556,9.411764705882353,-4000,-200,2930,1270,0,0,0,224078,35478,259556,4000,200,221148,34208,259556,-18800000,-939500,14097095,5642405,0,0,0,1029445510,162519720,1191965230,18800000,939500,1015348415,156877315,1191965230
2020-05-07,4665,4905,4520,4880,136146,4.946236559139785,-4000,500,-949,4449,0,0,500,114260,21386,136146,4000,0,115209,16937,136146,-19220000,2432500,-4710855,21498355,0,0,2432500,547932355,102327305,652692160,19220000,0,552643210,80828950,652692160
2020-05-08,4880,4955,4680,4955,92610,1.5368852459016393,0,-500,9249,-8749,0,0,0,82572,10038,92610,0,500,73323,18787,92610,0,-2470000,45174750,-42704750,0,0,0,404866790,48833005,453699795,0,2470000,359692040,91537755,453699795
2020-05-11,4995,5070,4910,4925,38398,-0.6054490413723511,0,0,3753,-3753,0,0,0,35345,3053,38398,0,0,31592,6806,38398,0,0,18644825,-18644825,0,0,0,175421270,15128135,190549405,0,0,156776445,33772960,190549405
2020-05-12,4950,4995,4725,4725,44543,-4.060913705583756,0,1,1343,-1344,0,0,1,39668,4874,44543,0,0,38325,6218,44543,0,4760,6749315,-6754075,0,0,4760,190070670,23290235,213365665,0,0,183321355,30044310,213365665
2020-05-13,4690,4840,4605,4785,46270,1.2698412698412698,0,0,-5522,5522,0,0,100,35327,10843,46270,0,100,40849,5321,46270,0,6600,-25663120,25656520,0,0,470500,166839885,51011310,218321695,0,463900,192503005,25354790,218321695
2020-05-14,4785,4970,4500,4780,131041,-0.10449320794148381,1669,29,-12812,11114,0,1669,29,105447,23896,131041,0,0,118259,12782,131041,8205130,135865,-61469375,53128380,0,8205130,135865,501829060,114151940,624321995,0,0,563298435,61023560,624321995
2020-05-15,4895,4920,4590,4620,67352,-3.3472803347280333,0,1968,-457,-1511,0,0,1968,61325,4059,67352,0,0,61782,5570,67352,0,9069395,-1873640,-7195755,0,0,9069395,286731070,19057365,314857830,0,0,288604710,26253120,314857830
2020-05-18,4620,5730,4620,5520,1681773,19.480519480519483,-15669,-1320,-78230,95219,0,0,34736,1418717,228320,1681773,15669,36056,1496947,133101,1681773,-79545000,-10421135,-398655990,488622125,0,0,174889440,7584482005,1194198450,8953569895,79545000,185310575,7983137995,705576325,8953569895
2020-05-19,5530,5600,5170,5290,623025,-4.166666666666666,-235,-55073,149254,-93946,0,2500,0,564521,56004,623025,2735,55073,415267,149950,623025,-1233510,-289659380,784180820,-493287930,0,13170000,0,2991896960,296937800,3302004760,14403510,289659380,2207716140,790225730,3302004760
2020-05-20,5200,5320,5200,5320,183396,0.5671077504725899,0,-73,6520,-6447,0,0,0,174494,8902,183396,0,73,167974,15349,183396,0,-383980,34570150,-34186170,0,0,0,918450180,46831240,965281420,0,383980,883880030,81017410,965281420
2020-05-21,5320,5340,5180,5250,129690,-1.3157894736842104,0,599,-5883,5284,0,0,599,117958,11133,129690,0,0,123841,5849,129690,0,3126780,-30885660,27758880,0,0,3126780,619389530,58611440,681127750,0,0,650275190,30852560,681127750
2020-05-22,5220,5290,5040,5040,161321,-4.0,-2500,0,-9046,11546,0,2200,0,145451,13670,161321,4700,0,154497,2124,161321,-12475650,0,-47301160,59776810,0,11459000,0,750261020,70856440,832576460,23934650,0,797562180,11079630,832576460
2020-05-25,5000,5000,4750,4815,298200,-4.464285714285714,1500,100,-23884,22284,0,1500,100,259908,36692,298200,0,0,283792,14408,298200,7317500,479000,-114641560,106845060,0,7317500,479000,1253083120,177114800,1437994420,0,0,1367724680,70269740,1437994420
2020-05-26,4810,4860,4730,4860,136366,0.9345794392523363,-1500,0,-11530,13030,0,500,0,113123,22743,136366,2000,0,124653,9713,136366,-7342500,0,-54894570,62237070,0,2377500,0,543529615,108893485,654800600,9720000,0,598424185,46656415,654800600
2020-05-27,4815,4880,4740,4825,64688,-0.720164609053498,499,200,6994,-7693,0,499,200,61037,2952,64688,0,0,54043,10645,64688,2400190,956500,33505925,-36862615,0,2400190,956500,293790085,14243310,311390085,0,0,260284160,51105925,311390085
2020-05-28,4815,4895,4500,4700,103562,-2.5906735751295336,-499,0,3010,-2511,0,0,0,88729,14833,103562,499,0,85719,17344,103562,-2407675,0,14565835,-12158160,0,0,0,419491900,69594615,489086515,2407675,0,404926065,81752775,489086515
2020-05-29,4700,4770,4600,4770,48793,1.4893617021276597,2000,0,-295,-1705,0,2000,0,43654,3139,48793,0,0,43949,4844,48793,9503900,0,-1374375,-8129525,0,9503900,0,205021010,14739380,229264290,0,0,206395385,22868905,229264290
2020-06-01,4725,5190,4720,5090,198541,6.708595387840671,36420,0,-53187,16767,0,36420,0,135340,26781,198541,0,0,188527,10014,198541,183363940,0,-265898075,82534135,0,183363940,0,681420465,132246250,997030655,0,0,947318540,49712115,997030655
2020-06-02,5010,5330,4910,5150,240252,1.1787819253438114,35155,1663,-52125,15307,0,35155,1763,165574,37760,240252,0,100,217699,22453,240252,183177015,8744380,-271583015,79661620,0,183177015,9273380,857397070,196242980,1246090445,0,529000,1128980085,116581360,1246090445
2020-06-03,5150,5330,4990,5030,111541,-2.3300970873786406,-1926,0,13778,-11852,0,0,0,107964,3577,111541,1926,0,94186,15429,111541,-9689390,0,70461870,-60772480,0,0,0,550737700,18416280,569153980,9689390,0,480275830,79188760,569153980
2020-06-04,5030,5160,4970,5070,78602,0.7952286282306162,6862,0,-6822,-40,0,6862,0,58048,13692,78602,0,0,64870,13732,78602,34776160,0,-34159200,-616960,0,34776160,0,292994470,69003710,396774340,0,0,327153670,69620670,396774340
2020-06-05,5120,5120,4970,5050,55063,-0.39447731755424065,-17699,400,22787,-5488,0,0,400,51238,3425,55063,17699,0,28451,8913,55063,-88434570,2026000,114112600,-27704030,0,0,2026000,256722085,17134145,275882230,88434570,0,142609485,44838175,275882230
2020-06-08,5050,5190,4945,5110,56905,1.188118811881188,11911,1000,-6453,-6458,0,11911,1000,41736,2258,56905,0,0,48189,8716,56905,60991620,4995000,-33568990,-32417630,0,60991620,4995000,208862575,11315065,286164260,0,0,242431565,43732695,286164260
2020-06-09,5110,5200,4970,5170,105932,1.1741682974559686,10000,0,-20243,10243,0,10000,0,74171,21761,105932,0,0,94414,11518,105932,51116770,0,-102775875,51659105,0,51116770,0,374856080,109739640,535712490,0,0,477631955,58080535,535712490
2020-06-10,5270,5280,5110,5270,82959,1.9342359767891684,14439,0,-11254,-3185,0,14439,0,61550,6970,82959,0,0,72804,10155,82959,75744270,0,-59107010,-16637260,0,75744270,0,319826830,36097430,431668530,0,0,378933840,52734690,431668530
2020-06-11,5440,5440,5180,5300,197837,0.5692599620493358,0,0,26146,-26146,0,0,0,181093,16744,197837,0,0,154947,42890,197837,0,0,138850520,-138850520,0,0,0,960158950,88817750,1048976700,0,0,821308430,227668270,1048976700
2020-06-12,5000,5380,4900,5270,169848,-0.5660377358490566,6487,1000,-7834,347,0,6487,1000,143429,18932,169848,0,0,151263,18585,169848,34341210,5338010,-41328665,1649445,0,34341210,5338010,739439110,97183805,876302135,0,0,780767775,95534360,876302135
2020-06-15,5270,5270,4750,4900,133843,-7.020872865275142,9000,-1000,2595,-10595,0,9000,0,110239,14604,133843,0,1000,107644,25199,133843,43873275,-5000000,16952375,-55825650,0,43873275,0,554291655,71416625,669581555,0,5000000,537339280,127242275,669581555
2020-06-16,5010,5500,5010,5210,265070,6.326530612244897,0,526,-9356,8830,0,0,1525,212266,51279,265070,0,999,221622,42449,265070,0,2806410,-46429570,43623160,0,0,8031180,1111212160,266262110,1385505450,0,5224770,1157641730,222638950,1385505450
2020-06-17,5270,5310,5100,5280,142959,1.3435700575815739,12497,0,-1401,-11096,0,12497,0,115265,15197,142959,0,0,116666,26293,142959,65921150,0,-7615750,-58305400,0,65921150,0,603380050,79416050,748717250,0,0,610995800,137721450,748717250
2020-06-18,5230,5410,5220,5320,237324,0.7575757575757576,10000,0,-11142,1142,0,10000,0,200149,27175,237324,0,0,211291,26033,237324,52982420,0,-58405890,5423470,0,52982420,0,1064120000,144504990,1261607410,0,0,1122525890,139081520,1261607410
2020-06-19,5320,5440,5140,5240,97138,-1.5037593984962405,0,-1000,4870,-3870,0,0,0,82260,14878,97138,0,1000,77390,18748,97138,0,-5330000,25849990,-20519990,0,0,0,430777370,77740280,508517650,0,5330000,404927380,98260270,508517650
2020-06-22,5240,5240,4965,5090,132892,-2.8625954198473282,21236,-3488,-11628,-6120,0,21236,0,104011,7645,132892,0,3488,115639,13765,132892,108342735,-17862070,-59470145,-31010520,0,108342735,0,528585560,39133850,676062145,0,17862070,588055705,70144370,676062145
2020-06-23,5100,5180,4970,5140,99957,0.9823182711198428,19090,0,-27158,8068,0,19090,0,60723,20144,99957,0,0,87881,12076,99957,97841210,0,-138572540,40731330,0,97841210,0,308750730,102308720,508900660,0,0,447323270,61577390,508900660
2020-06-24,5210,5230,5050,5110,50093,-0.5836575875486382,0,0,-3451,3451,0,0,0,44726,5367,50093,0,0,48177,1916,50093,0,0,-17453230,17453230,0,0,0,228337590,27327300,255664890,0,0,245790820,9874070,255664890
2020-06-25,5020,5330,4950,5090,262509,-0.3913894324853229,500,1518,17601,-19619,0,500,1518,251665,8826,262509,0,0,234064,28445,262509,2480000,7999860,90536810,-101016670,0,2480000,7999860,1309046455,45392840,1364919155,0,0,1218509645,146409510,1364919155
2020-06-26,5380,5500,4985,5060,542349,-0.5893909626719057,8293,-1518,16522,-23297,0,8293,0,491449,42607,542349,0,1518,474927,65904,542349,42537480,-8303460,88043195,-122277215,0,42537480,0,2570169560,221756015,2834463055,0,8303460,2482126365,344033230,2834463055
2020-06-29,4980,5010,4705,4730,163522,-6.521739130434782,9124,0,12448,-21572,0,15624,0,134174,13724,163522,6500,0,121726,35296,163522,42293760,0,60676175,-102969935,0,74224675,0,646659805,66599745,787484225,31930915,0,585983630,169569680,787484225
2020-06-30,4820,5260,4740,4965,622593,4.968287526427061,2000,0,-24233,22233,0,2000,0,532949,87644,622593,0,0,557182,65411,622593,9917395,0,-114676030,104758635,0,9917395,0,2691479125,438361225,3139757745,0,0,2806155155,333602590,3139757745
2020-07-01,5020,5020,4670,4690,181195,-5.53877139979859,2000,0,17957,-19957,0,3000,0,160327,17868,181195,1000,0,142370,37825,181195,9429035,0,86108045,-95537080,0,14130000,0,761743145,85245350,861118495,4700965,0,675635100,180782430,861118495
2020-07-02,4750,4825,4670,4790,83550,2.1321961620469083,0,0,-3853,3853,0,0,0,64919,18631,83550,0,0,68772,14778,83550,0,0,-18750940,18750940,0,0,0,308858055,88755685,397613740,0,0,327608995,70004745,397613740
2020-07-03,4845,4920,4780,4815,63307,0.5219206680584552,2000,0,-13983,11983,0,2000,0,41761,19546,63307,0,0,55744,7563,63307,9684165,0,-67405665,57721500,0,9684165,0,202115940,94356050,306156155,0,0,269521605,36634550,306156155
2020-07-06,4815,4885,4785,4830,53383,0.3115264797507788,0,0,6277,-6277,0,0,0,47015,6368,53383,0,0,40738,12645,53383,0,0,30362445,-30362445,0,0,0,226988505,30881570,257870075,0,0,196626060,61244015,257870075
2020-07-07,4850,4890,4745,4865,45858,0.7246376811594203,8000,0,-2044,-5956,0,8000,0,33825,4033,45858,0,0,35869,9989,45858,38704870,0,-10123280,-28581590,0,38704870,0,162174750,19344845,220224465,0,0,172298030,47926435,220224465
2020-07-08,4830,4865,4790,4835,30947,-0.6166495375128468,1000,0,-1584,584,0,1000,0,25802,4145,30947,0,0,27386,3561,30947,4808020,0,-7580110,2772090,0,4808020,0,124075745,19953570,148837335,0,0,131655855,17181480,148837335
2020-07-09,4845,4850,4775,4795,31770,-0.8273009307135472,-5213,0,10442,-5229,0,0,0,29802,1968,31770,5213,0,19360,7197,31770,-24945165,0,50065130,-25119965,0,0,0,142994305,9440020,152434325,24945165,0,92929175,34559985,152434325
2020-07-10,4760,4805,4540,4755,98431,-0.8342022940563086,23229,0,-31391,8162,0,23229,0,61395,13807,98431,0,0,92786,5645,98431,110519750,0,-148588000,38068250,0,110519750,0,287657325,64790680,462967755,0,0,436245325,26722430,462967755
2020-07-13,4765,4865,4740,4850,39503,1.9978969505783386,11828,0,-13570,1742,0,11828,0,23313,4362,39503,0,0,36883,2620,39503,56908355,0,-65348725,8440370,0,56908355,0,111242865,20999680,189150900,0,0,176591590,12559310,189150900
2020-07-14,4780,4840,4710,4715,74364,-2.7835051546391756,1080,0,10315,-11395,0,1080,0,69718,3566,74364,0,0,59403,14961,74364,5136420,0,48933165,-54069585,0,5136420,0,330749390,16946750,352832560,0,0,281816225,71016335,352832560
2020-07-15,4780,4790,4715,4745,28616,0.6362672322375398,0,0,4717,-4717,0,0,0,27267,1349,28616,0,0,22550,6066,28616,0,0,22414785,-22414785,0,0,0,129354135,6387145,135741280,0,0,106939350,28801930,135741280
2020-07-16,5120,5350,4820,4880,436462,2.845100105374078,0,1000,4195,-5195,0,0,1000,404502,30960,436462,0,0,400307,36155,436462,0,4970000,21297300,-26267300,0,0,4970000,2025163735,154562370,2184696105,0,0,2003866435,180829670,2184696105
2020-07-17,4945,5130,4905,5020,205856,2.8688524590163933,0,0,-18330,18330,0,0,0,174066,31790,205856,0,0,192396,13460,205856,0,0,-92240495,92240495,0,0,0,872209575,159510985,1031720560,0,0,964450070,67270490,1031720560
2020-07-20,5090,5090,4895,4940,83881,-1.593625498007968,2000,0,8212,-10212,0,2000,0,77778,4103,83881,0,0,69566,14315,83881,9874190,0,41382195,-51256385,0,9874190,0,385728030,20273105,415875325,0,0,344345835,71529490,415875325
2020-07-21,4905,4995,4870,4890,68746,-1.0121457489878543,0,0,-2957,2957,0,0,0,63125,5621,68746,0,0,66082,2664,68746,0,0,-14431375,14431375,0,0,0,309421205,27534560,336955765,0,0,323852580,13103185,336955765
2020-07-22,4870,4900,4820,4885,34201,-0.10224948875255625,0,0,-406,406,0,0,0,31671,2530,34201,0,0,32077,2124,34201,0,0,-1936020,1936020,0,0,0,153673930,12280665,165954595,0,0,155609950,10344645,165954595
2020-07-23,4835,4915,4760,4810,82103,-1.5353121801432956,0,0,6901,-6901,0,0,0,77358,4745,82103,0,0,70457,11646,82103,0,0,32901895,-32901895,0,0,0,371535055,22902700,394437755,0,0,338633160,55804595,394437755
2020-07-24,4725,4805,4655,4675,64186,-2.806652806652807,0,0,2346,-2346,0,0,0,58750,5436,64186,0,0,56404,7782,64186,0,0,11095255,-11095255,0,0,0,276661940,25594130,302256070,0,0,265566685,36689385,302256070
2020-07-27,4675,4715,4620,4635,44027,-0.8556149732620321,-7754,0,4916,2838,0,0,0,39183,4844,44027,7754,0,34267,2006,44027,-36061465,0,22907105,13154360,0,0,0,182368520,22567665,204936185,36061465,0,159461415,9413305,204936185
2020-07-28,4720,4755,4660,4730,38515,2.0496224379719528,0,0,-371,371,0,0,0,33805,4710,38515,0,0,34176,4339,38515,0,0,-1760200,1760200,0,0,0,159738435,22250960,181989395,0,0,161498635,20490760,181989395
2020-07-29,4730,4760,4655,4700,24717,-0.6342494714587738,0,-806,-53,859,0,0,0,22871,1846,24717,0,806,22924,987,24717,0,-3812380,-171570,3983950,0,0,0,107430240,8633015,116063255,0,3812380,107601810,4649065,116063255
2020-07-30,4770,4865,4700,4865,82892,3.5106382978723407,21547,0,-25820,4273,0,21547,0,54297,7048,82892,0,0,80117,2775,82892,103963560,0,-124445525,20481965,0,103963560,0,261497760,33829120,399290440,0,0,385943285,13347155,399290440
2020-07-31,4815,4890,4765,4810,32520,-1.1305241521068858,0,0,-812,812,0,0,0,29647,2873,32520,0,0,30459,2061,32520,0,0,-3926965,3926965,0,0,0,142868090,13919380,156787470,0,0,146795055,9992415,156787470
2020-08-03,4865,4865,4765,4840,46431,0.6237006237006237,1453,0,-6988,5535,0,2453,0,35956,8022,46431,1000,0,42944,2487,46431,6991160,0,-33620975,26629815,0,11831160,0,172945575,38594105,223370840,4840000,0,206566550,11964290,223370840
2020-08-04,4840,4935,4815,4900,87827,1.2396694214876034,-9081,0,-1589,10670,0,3500,0,71126,13201,87827,12581,0,72715,2531,87827,-43990115,0,-7874025,51864140,0,16991270,0,346076965,64179410,427247645,60981385,0,353950990,12315270,427247645
2020-08-05,4935,4935,4825,4875,46795,-0.5102040816326531,0,0,976,-976,0,0,0,43638,3157,46795,0,0,42662,4133,46795,0,0,4796050,-4796050,0,0,0,211940860,15340255,227281115,0,0,207144810,20136305,227281115
2020-08-06,4875,4925,4790,4900,66520,0.5128205128205128,18500,0,-27427,8927,0,18500,0,36607,11413,66520,0,0,64034,2486,66520,90304275,0,-133705530,43401255,0,90304275,0,176652270,55500635,322457180,0,0,310357800,12099380,322457180
2020-08-07,4905,4970,4870,4960,76148,1.2244897959183674,3000,0,-21157,18157,0,3000,0,48916,24232,76148,0,0,70073,6075,76148,14851445,0,-104503190,89651745,0,14851445,0,241644835,119615165,376111445,0,0,346148025,29963420,376111445
2020-08-10,4960,5000,4925,4970,64680,0.20161290322580644,0,0,3842,-3842,0,3000,0,54345,7335,64680,3000,0,50503,11177,64680,19135,0,19033080,-19052215,0,14878635,0,269155645,36347905,320382185,14859500,0,250122565,55400120,320382185
2020-08-11,4965,4970,4820,4870,106318,-2.0120724346076457,-10253,-194,20177,-9730,0,0,0,95919,10399,106318,10253,194,75742,20129,106318,-50113125,-955450,99590535,-48521960,0,0,0,471813610,51085750,522899360,50113125,955450,372223075,99607710,522899360
2020-08-12,4870,4895,4755,4800,68772,-1.4373716632443532,-1272,0,7488,-6216,0,11000,0,53467,4305,68772,12272,0,45979,10521,68772,-5872605,0,35781040,-29908435,0,52728335,0,255951955,20569085,329249375,58600940,0,220170915,50477520,329249375
2020-08-13,4825,4955,4800,4930,58337,2.7083333333333335,500,0,-12164,11664,0,500,0,43943,13894,58337,0,0,56107,2230,58337,2448220,0,-59632905,57184685,0,2448220,0,215565810,68155680,286169710,0,0,275198715,10970995,286169710
2020-08-14,4980,4980,4830,4905,72890,-0.5070993914807302,9224,0,-16261,7037,0,9224,0,49906,13760,72890,0,0,66167,6723,72890,44667800,0,-78520960,33853160,0,44667800,0,243531765,66870670,355070235,0,0,322052725,33017510,355070235
2020-08-18,4905,4945,4525,4660,123382,-4.994903160040775,5277,0,12317,-17594,0,22776,0,92405,8201,123382,17499,0,80088,25795,123382,25313820,0,57627840,-82941660,0,107142560,0,432753170,38474210,578369940,81828740,0,375125330,121415870,578369940
2020-08-19,4620,4720,4590,4650,54466,-0.2145922746781116,-5075,0,5802,-727,0,0,0,48247,6219,54466,5075,0,42445,6946,54466,-23422725,0,26682290,-3259565,0,0,0,223373630,28922750,252296380,23422725,0,196691340,32182315,252296380
2020-08-20,4650,4745,4315,4350,90699,-6.451612903225806,10500,0,-3931,-6569,0,12500,0,58967,19232,90699,2000,0,62898,25801,90699,46577450,0,-16210610,-30366840,0,55256335,0,259338405,84054080,398648820,8678885,0,275549015,114420920,398648820
2020-08-21,4360,4445,4290,4355,45851,0.11494252873563218,-2000,0,2504,-504,0,0,0,37731,8120,45851,2000,0,35227,8624,45851,-8677850,0,10985040,-2307190,0,0,0,163988610,35256645,199245255,8677850,0,153003570,37563835,199245255
2020-08-24,4355,4480,4225,4385,25274,0.6888633754305395,0,0,2773,-2773,0,0,0,23405,1869,25274,0,0,20632,4642,25274,0,0,11968930,-11968930,0,0,0,100697180,8077785,108774965,0,0,88728250,20046715,108774965
2020-08-25,4350,4490,4335,4390,71541,0.11402508551881414,-15730,0,20248,-4518,0,2000,0,64213,5328,71541,17730,0,43965,9846,71541,-68834720,0,88932820,-20098100,0,8715000,0,281509910,23333310,313558220,77549720,0,192577090,43431410,313558220
2020-08-26,4430,4430,4295,4395,39486,0.11389521640091116,-25,0,3290,-3265,0,0,0,36011,3475,39486,25,0,32721,6740,39486,-108000,0,14231010,-14123010,0,0,0,156302550,15061230,171363780,108000,0,142071540,29184240,171363780
2020-08-27,4325,4390,4250,4275,45601,-2.7303754266211606,-15426,0,20268,-4842,0,0,0,44586,1015,45601,15426,0,24318,5857,45601,-65841280,0,86628825,-20787545,0,0,0,190854750,4348130,195202880,65841280,0,104225925,25135675,195202880
2020-08-28,4275,4390,4205,4275,45328,0.0,0,0,-3623,3623,0,0,0,41273,4055,45328,0,0,44896,432,45328,0,0,-15490125,15490125,0,0,0,176660730,17341965,194002695,0,0,192150855,1851840,194002695
2020-08-31,4390,4395,4235,4330,71397,1.2865497076023393,1938,0,538,-2476,0,1938,0,68150,1309,71397,0,0,67612,3785,71397,8304330,0,2384535,-10688865,0,8304330,0,291729190,5577780,305611300,0,0,289344655,16266645,305611300
2020-09-01,4285,4335,4195,4245,48356,-1.9630484988452657,-14845,0,11649,3196,0,4062,0,41063,3231,48356,18907,0,29414,35,48356,-62873800,0,49328605,13545195,0,17265670,0,173915325,13694645,204875640,80139470,0,124586720,149450,204875640
2020-09-02,4290,4300,4200,4250,21674,0.11778563015312131,4500,0,-4304,-196,0,4500,0,16092,1082,21674,0,0,20396,1278,21674,19086450,0,-18214915,-871535,0,19086450,0,68254085,4569630,91910165,0,0,86469000,5441165,91910165
2020-09-03,4290,4305,4215,4215,33268,-0.823529411764706,-1741,0,791,950,0,1500,0,30294,1474,33268,3241,0,29503,524,33268,-7298660,0,3302095,3996565,0,6416570,0,128738405,6249720,141404695,13715230,0,125436310,2253155,141404695
2020-09-04,4210,4210,4085,4125,78639,-2.135231316725979,-8584,0,7627,957,0,1000,0,72999,4640,78639,9584,0,65372,3683,78639,-35216215,0,31418130,3798085,0,4150000,0,300579410,19090890,323820300,39366215,0,269161280,15292805,323820300
2020-09-07,4120,4210,4095,4200,57576,1.8181818181818181,-3999,0,-2074,6073,0,0,0,48944,8632,57576,3999,0,51018,2559,57576,-16583840,0,-8468435,25052275,0,0,0,203940195,35744345,239684540,16583840,0,212408630,10692070,239684540
2020-09-08,4200,4200,4110,4145,70974,-1.3095238095238095,-10893,0,12580,-1687,0,2000,0,65779,3195,70974,12893,0,53199,4882,70974,-45121840,0,52145295,-7023455,0,8280000,0,272600035,13245995,294126030,53401840,0,220454740,20269450,294126030
2020-09-09,4100,4235,4060,4130,71818,-0.3618817852834741,-10947,0,8955,1992,0,3000,0,62374,6444,71818,13947,0,53419,4452,71818,-44671680,0,36379340,8292340,0,12420000,0,256094620,26556220,295070840,57091680,0,219715280,18263880,295070840
2020-09-10,4150,4185,4110,4150,31617,0.48426150121065376,-3000,0,695,2305,0,0,0,28226,3391,31617,3000,0,27531,1086,31617,-12354045,0,2873370,9480675,0,0,0,116575530,13993065,130568595,12354045,0,113702160,4512390,130568595
2020-09-11,4150,4170,4095,4165,24556,0.3614457831325301,-7000,0,7016,-16,0,0,0,22366,2190,24556,7000,0,15350,2206,24556,-28831500,0,28930165,-98665,0,0,0,92328360,9018785,101347145,28831500,0,63398195,9117450,101347145
2020-09-14,4145,4185,4050,4135,125554,-0.7202881152460985,-76000,0,63209,12791,0,0,0,110964,14590,125554,76000,0,47755,1799,125554,-310692000,0,258407590,52284410,0,0,0,454347965,59728945,514076910,310692000,0,195940375,7444535,514076910
2020-09-15,4150,4275,4115,4185,85544,1.2091898428053205,-6053,25,-670,6698,0,0,25,67139,18380,85544,6053,0,67809,11682,85544,-25211865,106750,-2887035,27992150,0,0,106750,280842850,76826870,357776470,25211865,0,283729885,48834720,357776470
2020-09-16,4180,4365,4170,4200,71072,0.35842293906810035,-10000,0,3999,6001,0,0,0,60802,10270,71072,10000,0,56803,4269,71072,-42011135,0,16639115,25372020,0,0,0,257392725,43614675,301007400,42011135,0,240753610,18242655,301007400
2020-09-17,4200,4270,4120,4155,68905,-1.0714285714285714,-15693,0,21665,-5972,0,0,0,61043,7862,68905,15693,0,39378,13834,68905,-65195350,0,89974175,-24778825,0,0,0,253676555,32904945,286581500,65195350,0,163702380,57683770,286581500
2020-09-18,4170,4185,4110,4160,27484,0.12033694344163659,0,0,2290,-2290,0,0,0,24942,2542,27484,0,0,22652,4832,27484,0,0,9617590,-9617590,0,0,0,103331045,10514805,113845850,0,0,93713455,20132395,113845850
2020-09-21,4160,4175,4020,4095,68802,-1.5625,-15477,0,30489,-15012,0,0,0,65828,2974,68802,15477,0,35339,17986,68802,-63084930,0,124380455,-61295525,0,0,0,268830710,12160165,280990875,63084930,0,144450255,73455690,280990875
2020-09-22,4000,4080,3920,4015,75015,-1.9536019536019535,-15000,0,23316,-8316,0,0,0,66138,8877,75015,15000,0,42822,17193,75015,-59364530,0,92519410,-33154880,0,0,0,262796610,35170935,297967545,59364530,0,170277200,68325815,297967545
2020-09-23,4015,4085,3920,4040,36032,0.62266500622665,-6830,0,4268,2562,0,0,0,29467,6565,36032,6830,0,25199,4003,36032,-27160375,0,17112680,10047695,0,0,0,117331330,25996330,143327660,27160375,0,100218650,15948635,143327660
2020-09-24,3935,3985,3660,3865,231989,-4.3316831683168315,-10000,25,3776,6199,0,0,25,202470,29494,231989,10000,0,198694,23295,231989,-37587695,93125,15500300,21994270,0,0,93125,760078115,110349905,870521145,37587695,0,744577815,88355635,870521145
2020-09-25,3840,3975,3720,3870,76277,0.129366106080207,0,0,-5299,5299,0,0,0,62301,13976,76277,0,0,67600,8677,76277,0,0,-20257825,20257825,0,0,0,239995090,53739450,293734540,0,0,260252915,33481625,293734540
2020-09-28,3870,3990,3860,3975,62815,2.7131782945736433,-2000,0,-13431,15431,0,0,0,42327,20488,62815,2000,0,55758,5057,62815,-7921295,0,-52640915,60562210,0,0,0,166305650,80480125,246785775,7921295,0,218946565,19917915,246785775
2020-09-29,3995,4105,3980,4070,53996,2.3899371069182394,-5090,0,-963,6053,0,0,0,39448,14548,53996,5090,0,40411,8495,53996,-20746950,0,-3762140,24509090,0,0,0,160105075,59058310,219163385,20746950,0,163867215,34549220,219163385
2020-10-05,4070,4070,3990,4030,46827,-0.9828009828009828,-9910,0,11086,-1176,0,0,0,39615,7212,46827,9910,0,28529,8388,46827,-39804775,0,44544150,-4739375,0,0,0,159010680,28978990,187989670,39804775,0,114466530,33718365,187989670
2020-10-06,4020,4125,3995,4060,34597,0.7444168734491315,0,0,-246,246,0,0,0,31577,3020,34597,0,0,31823,2774,34597,0,0,-1025705,1025705,0,0,0,128633535,12341315,140974850,0,0,129659240,11315610,140974850
2020-10-07,4010,4140,4010,4130,44981,1.7241379310344827,0,0,-2493,2493,0,0,0,39443,5538,44981,0,0,41936,3045,44981,0,0,-10197195,10197195,0,0,0,161645195,22674725,184319920,0,0,171842390,12477530,184319920
2020-10-08,4350,4360,4090,4340,115113,5.084745762711865,0,6000,-8172,2172,0,0,6000,95555,13558,115113,0,0,103727,11386,115113,0,25440000,-35399355,9959355,0,0,25440000,406048055,57849685,489337740,0,0,441447410,47890330,489337740
2020-10-12,4350,4495,4320,4450,124184,2.5345622119815667,3000,2641,-13226,7585,0,3000,2641,95037,23506,124184,0,0,108263,15921,124184,12980000,11429120,-57992780,33583660,0,12980000,11429120,419489570,103821855,547720545,0,0,477482350,70238195,547720545
2020-10-13,4445,4460,4325,4390,57755,-1.348314606741573,0,4359,875,-5234,0,0,4359,50948,2448,57755,0,0,50073,7682,57755,0,19119600,3777015,-22896615,0,0,19119600,222991465,10690105,252801170,0,0,219214450,33586720,252801170
2020-10-14,4350,4390,4325,4330,30462,-1.366742596810934,0,3000,-6968,3968,0,0,3000,19826,7636,30462,0,0,26794,3668,30462,0,13080000,-30306220,17226220,0,0,13080000,86134375,33216350,132430725,0,0,116440595,15990130,132430725
2020-10-15,4280,4365,4240,4330,49649,0.0,0,5000,-4043,-957,0,0,5000,34203,10446,49649,0,0,38246,11403,49649,0,21295000,-17245020,-4049980,0,0,21295000,146416025,44588705,212299730,0,0,163661045,48638685,212299730
2020-10-16,4340,4390,4205,4265,27328,-1.5011547344110854,0,3000,-1868,-1132,0,0,3000,21074,3254,27328,0,0,22942,4386,27328,0,12750000,-7815690,-4934310,0,0,12750000,89993770,13829465,116573235,0,0,97809460,18763775,116573235
2020-10-19,4185,4295,4185,4265,16779,0.0,0,0,-1125,1125,0,0,0,14454,2325,16779,0,0,15579,1200,16779,0,0,-4763005,4763005,0,0,0,61173110,9852235,71025345,0,0,65936115,5089230,71025345
2020-10-20,4280,4285,4150,4200,12721,-1.5240328253223916,0,0,3649,-3649,0,0,0,11096,1625,12721,0,0,7447,5274,12721,0,0,15378420,-15378420,0,0,0,46613385,6803255,53416640,0,0,31234965,22181675,53416640
2020-10-21,4205,4235,4135,4225,6371,0.5952380952380952,0,0,650,-650,0,0,0,5367,1004,6371,0,0,4717,1654,6371,0,0,2724820,-2724820,0,0,0,22598130,4230150,26828280,0,0,19873310,6954970,26828280
2020-10-22,4165,4270,4165,4250,10856,0.591715976331361,0,0,68,-68,0,0,0,8884,1972,10856,0,0,8816,2040,10856,0,0,353350,-353350,0,0,0,37617935,8299625,45917560,0,0,37264585,8652975,45917560
2020-10-23,4250,4290,4235,4270,20887,0.4705882352941176,0,0,322,-322,0,0,0,18445,2442,20887,0,0,18123,2764,20887,0,0,1380885,-1380885,0,0,0,78702980,10419650,89122630,0,0,77322095,11800535,89122630
2020-10-26,4200,4300,4180,4270,18655,0.0,0,0,400,-400,0,0,0,14748,3907,18655,0,0,14348,4307,18655,0,0,1783690,-1783690,0,0,0,62435230,16498325,78933555,0,0,60651540,18282015,78933555
2020-10-27,4270,4290,4205,4260,15972,-0.234192037470726,0,0,-2669,2669,0,0,0,9399,6573,15972,0,0,12068,3904,15972,0,0,-11367155,11367155,0,0,0,39802970,27931565,67734535,0,0,51170125,16564410,67734535
2020-10-28,4170,4280,4170,4280,18586,0.4694835680751174,0,0,-3490,3490,0,0,0,11102,7484,18586,0,0,14592,3994,18586,0,0,-14793320,14793320,0,0,0,47137810,31757270,78895080,0,0,61931130,16963950,78895080
2020-10-29,4270,4275,4190,4275,19436,-0.11682242990654204,0,0,-3291,3291,0,0,0,13058,6378,19436,0,0,16349,3087,19436,0,0,-13767335,13767335,0,0,0,55230670,26817580,82048250,0,0,68998005,13050245,82048250
2020-10-30,4275,4280,4165,4230,29501,-1.0526315789473684,0,0,-6339,6339,0,0,0,18379,11122,29501,0,0,24718,4783,29501,0,0,-26444285,26444285,0,0,0,77395660,46616765,124012425,0,0,103839945,20172480,124012425
2020-11-02,4230,4270,4155,4250,14867,0.4728132387706856,0,0,1069,-1069,0,0,0,13470,1397,14867,0,0,12401,2466,14867,0,0,4499525,-4499525,0,0,0,56637110,5866570,62503680,0,0,52137585,10366095,62503680
2020-11-03,4210,4290,4185,4275,12302,0.5882352941176471,0,0,-277,277,0,0,0,11410,892,12302,0,0,11687,615,12302,0,0,-1163450,1163450,0,0,0,48517450,3772645,52290095,0,0,49680900,2609195,52290095
2020-11-04,4275,4310,4230,4270,17014,-0.11695906432748539,3000,0,-2709,-291,0,3000,0,13618,396,17014,0,0,16327,687,17014,12834630,0,-11586315,-1248315,0,12834630,0,58125545,1693745,72653920,0,0,69711860,2942060,72653920
2020-11-05,4325,4325,4205,4320,23590,1.1709601873536302,0,0,55,-55,0,0,0,21371,2219,23590,0,0,21316,2274,23590,0,0,278580,-278580,0,0,0,91493500,9427695,100921195,0,0,91214920,9706275,100921195
2020-11-06,4340,4340,4250,4295,22544,-0.5787037037037037,0,0,1408,-1408,0,0,0,22022,522,22544,0,0,20614,1930,22544,0,0,6038830,-6038830,0,0,0,94429965,2242250,96672215,0,0,88391135,8281080,96672215
2020-11-09,4295,5580,4290,4795,3106082,11.641443538998836,-1000,-50,2813,-1763,0,500,100,3031162,74320,3106082,1500,150,3028349,76083,3106082,-5547500,-323000,18729810,-12859310,0,2432500,493000,15736344405,379535550,16118805455,7980000,816000,15717614595,392394860,16118805455
2020-11-10,4790,4790,4635,4755,491020,-0.8342022940563086,0,206,-694,488,0,0,555,482184,8281,491020,0,349,482878,7793,491020,0,913950,-2923540,2009590,0,0,2587975,2266108555,38723455,2307419985,0,1674025,2269032095,36713865,2307419985
2020-11-11,4755,4950,4680,4710,564837,-0.9463722397476341,0,-206,-2899,3105,0,0,0,547589,17248,564837,0,206,550488,14143,564837,0,-974350,-13435010,14409360,0,0,0,2621738855,82447255,2704186110,0,974350,2635173865,68037895,2704186110
2020-11-12,4775,4950,4720,4950,505446,5.095541401273886,0,3159,-11826,8667,0,0,3159,487346,14941,505446,0,0,499172,6274,505446,0,15171945,-56777695,41605750,0,0,15171945,2368464590,72007780,2455644315,0,0,2425242285,30402030,2455644315
2020-11-13,4970,5020,4840,4885,288101,-1.3131313131313131,3000,3000,5230,-11230,0,3000,3000,271294,10807,288101,0,0,266064,22037,288101,14685000,14615000,26214135,-55514135,0,14685000,14615000,1333407130,53166670,1415873800,0,0,1307192995,108680805,1415873800
2020-11-16,5060,5080,4785,4880,383710,-0.1023541453428864,0,0,6256,-6256,0,0,0,373983,9727,383710,0,0,367727,15983,383710,0,0,32311005,-32311005,0,0,0,1843592500,47648000,1891240500,0,0,1811281495,79959005,1891240500
2020-11-17,4910,5000,4850,4890,175338,0.20491803278688525,0,-500,636,-136,0,0,0,171425,3913,175338,0,500,170789,4049,175338,0,-2430000,3254805,-824805,0,0,0,841535135,19147550,860682685,0,2430000,838280330,19972355,860682685
2020-11-18,4955,5180,4905,5180,560952,5.930470347648262,0,3223,-18730,15507,0,0,3223,526513,31216,560952,0,0,545243,15709,560952,0,16214160,-94256505,78042345,0,0,16214160,2659554830,156471000,2832239990,0,0,2753811335,78428655,2832239990
2020-11-19,5200,5200,5010,5080,209425,-1.9305019305019304,0,0,9775,-9775,0,0,0,199507,9918,209425,0,0,189732,19693,209425,0,0,50331800,-50331800,0,0,0,1013520450,50258260,1063778710,0,0,963188650,100590060,1063778710
2020-11-20,5080,5100,4950,5100,177651,0.39370078740157477,0,0,-314,314,0,0,0,161179,16472,177651,0,0,161493,16158,177651,0,0,-2102195,2102195,0,0,0,806100985,83018420,889119405,0,0,808203180,80916225,889119405
2020-11-23,5170,5210,4960,4980,177928,-2.3529411764705883,0,0,15890,-15890,0,0,0,166347,11581,177928,0,0,150457,27471,177928,0,0,82093615,-82093615,0,0,0,839056160,57998630,897054790,0,0,756962545,140092245,897054790
2020-11-24,4980,5010,4830,4870,245285,-2.208835341365462,-42000,-2223,34760,9463,0,0,0,227124,18161,245285,42000,2223,192364,8698,245285,-203700000,-10836645,168201915,46334730,0,0,0,1106251845,88838495,1195090340,203700000,10836645,938049930,42503765,1195090340
2020-11-25,5100,5120,4900,4950,433816,1.642710472279261,0,-3000,-34344,37344,0,0,0,370259,63557,433816,0,3000,404603,26213,433816,0,-14985000,-170322855,185307855,0,0,0,1850423945,316322610,2166746555,0,14985000,2020746800,131014755,2166746555
2020-11-26,4980,4980,4810,4950,114498,0.0,0,0,-6670,6670,0,0,0,94725,19773,114498,0,0,101395,13103,114498,0,0,-32357780,32357780,0,0,0,464007010,96731140,560738150,0,0,496364790,64373360,560738150
2020-11-27,4950,4975,4835,4900,140994,-1.0101010101010102,0,-2800,19225,-16425,0,0,0,137218,3776,140994,0,2800,117993,20201,140994,0,-13615000,93914055,-80299055,0,0,0,670304720,18378335,688683055,0,13615000,576390665,98677390,688683055
2020-11-30,4860,4895,4790,4870,155608,-0.6122448979591837,0,0,-21158,21158,0,0,0,123326,32282,155608,0,0,144484,11124,155608,0,0,-102173300,102173300,0,0,0,596870980,156077790,752948770,0,0,699044280,53904490,752948770
2020-12-01,4880,4900,4830,4870,70090,0.0,0,0,103,-103,0,0,0,64403,5687,70090,0,0,64300,5790,70090,0,0,541715,-541715,0,0,0,312981085,27598700,340579785,0,0,312439370,28140415,340579785
2020-12-02,4880,4985,4845,4940,118616,1.4373716632443532,0,1000,-5440,4440,0,0,1000,103389,14227,118616,0,0,108829,9787,118616,0,4870000,-26390370,21520370,0,0,4870000,507755105,69697790,582322895,0,0,534145475,48177420,582322895
2020-12-03,5150,5250,5000,5170,478972,4.65587044534413,-1000,-200,4908,-3708,0,0,0,455109,23863,478972,1000,200,450201,27571,478972,-5130000,-1030000,24846520,-18686520,0,0,0,2333422620,122475710,2455898330,5130000,1030000,2308576100,141162230,2455898330
2020-12-04,5170,5200,5000,5030,153541,-2.7079303675048356,0,0,8970,-8970,0,0,0,139802,13739,153541,0,0,130832,22709,153541,0,0,45004420,-45004420,0,0,0,710382640,70415360,780798000,0,0,665378220,115419780,780798000
2020-12-07,5000,5060,4935,4950,98645,-1.5904572564612325,0,0,-1510,1510,0,0,0,89997,8648,98645,0,0,91507,7138,98645,0,0,-7547310,7547310,0,0,0,447802915,43131570,490934485,0,0,455350225,35584260,490934485
2020-12-08,4900,4945,4875,4890,83948,-1.2121212121212122,0,1717,-1431,-286,0,0,1717,78130,4101,83948,0,0,79561,4387,83948,0,8413300,-7033625,-1379675,0,0,8413300,382472695,20124630,411010625,0,0,389506320,21504305,411010625
2020-12-09,4980,5470,4905,5230,613922,6.952965235173824,0,-200,-36984,37184,0,0,0,549963,63959,613922,0,200,586947,26775,613922,0,-1062000,-188729320,189791320,0,0,0,2849435480,328294540,3177730020,0,1062000,3038164800,138503220,3177730020
2020-12-10,5120,5180,4985,5000,187484,-4.397705544933078,0,0,29810,-29810,0,0,500,181015,5969,187484,0,500,151205,35779,187484,0,1485,151201225,-151202710,0,0,2499000,917510330,30178710,950188040,0,2497515,766309105,181381420,950188040
2020-12-11,5000,5070,4945,5010,91633,0.2,0,0,3316,-3316,0,0,0,88351,3282,91633,0,0,85035,6598,91633,0,0,16705170,-16705170,0,0,0,441293725,16249525,457543250,0,0,424588555,32954695,457543250
2020-12-14,4960,4960,4780,4785,185493,-4.491017964071856,0,-1617,5282,-3665,0,0,100,166300,19093,185493,0,1717,161018,22758,185493,0,-7755600,26401165,-18645565,0,0,486000,803999180,91876235,896361415,0,8241600,777598015,110521800,896361415
2020-12-15,4790,5020,4685,4870,91328,1.7763845350052248,0,0,12921,-12921,0,0,100,87915,3313,91328,0,100,74994,16234,91328,0,-11500,62501580,-62490080,0,0,469500,425688030,16077555,442235085,0,481000,363186450,78567635,442235085
2020-12-16,4880,4990,4860,4885,63763,0.3080082135523614,0,0,-3315,3315,0,0,0,57452,6311,63763,0,0,60767,2996,63763,0,0,-16230085,16230085,0,0,0,281388840,30956765,312345605,0,0,297618925,14726680,312345605
2020-12-17,4885,5000,4800,4950,119853,1.3306038894575232,48959,0,-53588,4629,0,48959,0,62744,8150,119853,0,0,116332,3521,119853,241380305,0,-263886115,22505810,0,241380305,0,306787920,39613670,587781895,0,0,570674035,17107860,587781895
2020-12-18,5020,5160,4910,5060,217363,2.2222222222222223,46770,0,-74803,28033,0,47571,0,131410,38382,217363,801,0,206213,10349,217363,236673915,0,-377395150,140721235,0,240726975,0,664056670,193060305,1097843950,4053060,0,1041451820,52339070,1097843950
2020-12-21,5060,5140,4980,5050,85834,-0.1976284584980237,0,0,5542,-5542,0,0,0,82069,3765,85834,0,0,76527,9307,85834,0,0,27968265,-27968265,0,0,0,413670515,19107190,432777705,0,0,385702250,47075455,432777705
2020-12-22,5050,5050,4910,4925,113860,-2.4752475247524752,0,0,14314,-14314,0,0,0,113142,718,113860,0,0,98828,15032,113860,0,0,71024390,-71024390,0,0,0,561776345,3564405,565340750,0,0,490751955,74588795,565340750
2020-12-23,4910,4965,4855,4895,70898,-0.6091370558375634,0,0,2091,-2091,0,0,0,65055,5843,70898,0,0,62964,7934,70898,0,0,10132280,-10132280,0,0,0,318136650,28682905,346819555,0,0,308004370,38815185,346819555
2020-12-24,4910,5060,4910,5000,183120,2.1450459652706844,-120000,0,115101,4899,0,0,0,175765,7355,183120,120000,0,60664,2456,183120,-598250000,0,573840350,24409650,0,0,0,876635960,36663010,913298970,598250000,0,302795610,12253360,913298970
2020-12-28,4985,4985,4885,4910,48767,-1.7999999999999998,0,0,7047,-7047,0,0,0,47293,1474,48767,0,0,40246,8521,48767,0,0,34575355,-34575355,0,0,0,232695570,7275440,239971010,0,0,198120215,41850795,239971010
2020-12-29,4910,5090,4910,5040,103508,2.6476578411405294,0,0,-13926,13926,0,0,0,83131,20377,103508,0,0,97057,6451,103508,0,0,-69913430,69913430,0,0,0,416496485,102097905,518594390,0,0,486409915,32184475,518594390
2020-12-30,5050,5060,4970,4990,126057,-0.992063492063492,0,0,-675,675,0,0,0,117137,8920,126057,0,0,117812,8245,126057,0,0,-3460210,3460210,0,0,0,585514225,44714190,630228415,0,0,588974435,41253980,630228415
2021-01-04,5030,5030,4900,4970,68672,-0.4008016032064128,3033,0,-8042,5009,0,3033,0,56488,9151,68672,0,0,64530,4142,68672,14997375,0,-39719895,24722520,0,14997375,0,279886245,45246100,340129720,0,0,319606140,20523580,340129720
2021-01-05,4970,5250,4920,5160,287212,3.8229376257545273,2021,-900,-45153,44032,0,2021,0,232034,53157,287212,0,900,277187,9125,287212,9998695,-4554000,-227928295,222483600,0,9998695,0,1183318075,268863730,1462180500,0,4554000,1411246370,46380130,1462180500
2021-01-06,5150,5190,4810,5060,136161,-1.937984496124031,0,0,408,-408,0,0,0,120558,15603,136161,0,0,120150,16011,136161,0,0,2216020,-2216020,0,0,0,607408585,78656500,686065085,0,0,605192565,80872520,686065085
2021-01-07,5060,5090,4960,4980,72885,-1.5810276679841897,0,0,9134,-9134,0,0,0,69217,3668,72885,0,0,60083,12802,72885,0,0,45600530,-45600530,0,0,0,346261475,18384780,364646255,0,0,300660945,63985310,364646255
2021-01-08,4985,5010,4920,4950,74911,-0.6024096385542169,0,0,10460,-10460,0,0,0,72588,2323,74911,0,0,62128,12783,74911,0,0,51766035,-51766035,0,0,0,359482785,11541910,371024695,0,0,307716750,63307945,371024695
2021-01-11,4950,4950,4755,4820,123086,-2.6262626262626263,0,0,15139,-15139,0,0,0,111142,11944,123086,0,0,96003,27083,123086,0,0,73161545,-73161545,0,0,0,535717160,57593510,593310670,0,0,462555615,130755055,593310670
2021-01-12,4820,4940,4710,4850,64136,0.6224066390041494,0,0,2689,-2689,0,0,0,55897,8239,64136,0,0,53208,10928,64136,0,0,13361575,-13361575,0,0,0,269684550,39671050,309355600,0,0,256322975,53032625,309355600
2021-01-13,4855,4960,4800,4950,56907,2.0618556701030926,0,0,7672,-7672,0,0,0,56251,656,56907,0,0,48579,8328,56907,0,0,37617375,-37617375,0,0,0,275039600,3184080,278223680,0,0,237422225,40801455,278223680
2021-01-14,5000,5000,4900,4990,62591,0.8080808080808081,0,0,-10621,10621,0,0,0,49221,13370,62591,0,0,59842,2749,62591,0,0,-52478060,52478060,0,0,0,243564260,66079985,309644245,0,0,296042320,13601925,309644245
2021-01-15,4990,5290,4955,5220,435642,4.609218436873747,-1199,0,-31175,32374,0,0,0,379279,56363,435642,1199,0,410454,23989,435642,-6273010,0,-158151580,164424590,0,0,0,1949380345,287037360,2236417705,6273010,0,2107531925,122612770,2236417705
2021-01-18,5220,5310,5120,5120,296509,-1.9157088122605364,0,866,25217,-26083,0,0,866,275360,20283,296509,0,0,250143,46366,296509,0,4529180,131269530,-135798710,0,0,4529180,1435716220,105834170,1546079570,0,0,1304446690,241632880,1546079570
2021-01-19,5170,5190,5040,5170,102141,0.9765625,0,0,-2018,2018,0,0,0,90387,11754,102141,0,0,92405,9736,102141,0,0,-10181050,10181050,0,0,0,464546980,60144250,524691230,0,0,474728030,49963200,524691230
2021-01-20,5180,5460,5180,5300,352047,2.5145067698259185,-1001,-100,-14407,15508,0,0,0,302866,49181,352047,1001,100,317273,33673,352047,-5415180,-536000,-74412010,80363190,0,0,0,1607661580,259754630,1867416210,5415180,536000,1682073590,179391440,1867416210
2021-01-21,5310,5390,5240,5300,176518,0.0,18692,-866,-6365,-11461,0,18692,0,128795,29031,176518,0,866,135160,40492,176518,99181560,-4641760,-33445340,-61094460,0,99181560,0,684564860,154255580,938002000,0,4641760,718010200,215350040,938002000
2021-01-22,5300,5880,5200,5800,1127505,9.433962264150944,14113,-58731,45082,-464,0,16167,269,985710,125359,1127505,2054,59000,940628,125823,1127505,79174190,-332337290,256397200,-3234100,0,90797390,1560200,5563761310,704169140,6360288040,11623200,333897490,5307364110,707403240,6360288040
2021-01-25,5970,6150,5780,6000,675179,3.4482758620689653,4235,14114,31213,-49562,0,4235,14114,606743,50087,675179,0,0,575530,99649,675179,25334140,84475630,190007970,-299817740,0,25334140,84475630,3621549460,298237280,4029596510,0,0,3431541490,598055020,4029596510
2021-01-26,6180,6300,5960,5960,407768,-0.6666666666666667,1621,88,16415,-18124,0,1621,188,363766,42193,407768,0,100,347351,60317,407768,9865670,508000,100082760,-110456430,0,9865670,1128000,2228169680,260014520,2499177870,0,620000,2128086920,370470950,2499177870
2021-01-27,6030,6100,5820,5870,172089,-1.5100671140939599,0,105,-4105,4000,0,0,105,153568,18416,172089,0,0,157673,14416,172089,0,619500,-23238620,22619120,0,0,619500,914229060,108818040,1023666600,0,0,937467680,86198920,1023666600
2021-01-28,5780,5810,5550,5640,214815,-3.9182282793867125,-86,-367,-24474,24927,0,0,135,175300,39380,214815,86,502,199774,14453,214815,-483960,-2034110,-137393030,139911100,0,0,767050,987930500,221812100,1210509650,483960,2801160,1125323530,81901000,1210509650
2021-01-29,5670,5670,5280,5370,259887,-4.787234042553192,-326,-785,-16268,17379,0,0,0,215139,44748,259887,326,785,231407,27369,259887,-1739950,-4162020,-85023520,90925490,0,0,0,1171078380,242029490,1413107870,1739950,4162020,1256101900,151104000,1413107870
2021-02-01,5360,5750,5060,5750,210878,7.076350093109869,679,1654,6192,-8525,0,679,1654,183634,24911,210878,0,0,177442,33436,210878,3884540,9328620,35893140,-49106300,0,3884540,9328620,998556510,132562490,1144332160,0,0,962663370,181668790,1144332160
2021-02-02,5750,5750,5370,5550,128709,-3.4782608695652173,0,178,19499,-19677,0,0,178,118683,9848,128709,0,0,99184,29525,128709,0,987900,109636400,-110624300,0,0,987900,662353600,54411070,717752570,0,0,552717200,165035370,717752570
2021-02-03,5560,5630,5390,5540,120003,-0.18018018018018017,270,138,9442,-9850,0,270,138,103358,16237,120003,0,0,93916,26087,120003,1482300,758400,51657080,-53897780,0,1482300,758400,566155470,89069520,657465690,0,0,514498390,142967300,657465690
2021-02-04,5620,5760,5510,5740,128106,3.6101083032490973,0,1571,9192,-10763,0,0,1571,119826,6709,128106,0,0,110634,17472,128106,0,9026540,51986610,-61013150,0,0,9026540,675783580,37538960,722349080,0,0,623796970,98552110,722349080
2021-02-05,5780,5780,5660,5730,77801,-0.17421602787456447,8,-269,4897,-4636,0,8,0,74851,2942,77801,0,269,69954,7578,77801,45760,-1541370,28036280,-26540670,0,45760,0,427416850,16756100,444218710,0,1541370,399380570,43296770,444218710
2021-02-08,5710,6100,5700,5940,466347,3.664921465968586,14084,987,-65400,50329,0,14084,987,354513,96763,466347,0,0,419913,46434,466347,84236120,5852910,-390607950,300518920,0,84236120,5852910,2112061910,577660980,2779811920,0,0,2502669860,277142060,2779811920
2021-02-09,6100,6100,5790,5860,121694,-1.3468013468013467,1051,1051,12292,-14394,0,1051,1051,116690,2902,121694,0,0,104398,17296,121694,6297780,6294280,73532890,-86124950,0,6297780,6294280,693116850,17058650,722767560,0,0,619583960,103183600,722767560
2021-02-10,5810,6040,5720,5990,106761,2.218430034129693,1019,0,-5136,4117,0,1019,0,94590,11152,106761,0,0,99726,7035,106761,5978540,0,-29490260,23511720,0,5978540,0,558327820,65090130,629396490,0,0,587818080,41578410,629396490
2021-02-15,5980,6000,5880,5980,101436,-0.1669449081803005,8662,0,-11361,2699,0,8662,0,81577,11197,101436,0,0,92938,8498,101436,51793540,0,-67597380,15803840,0,51793540,0,483892430,66195730,601881700,0,0,551489810,50391890,601881700
2021-02-16,5970,6050,5890,5980,118030,0.0,0,1328,612,-1940,0,0,1328,99310,17392,118030,0,0,98698,19332,118030,0,7919580,3890420,-11810000,0,0,7919580,590229620,103440920,701590120,0,0,586339200,115250920,701590120
2021-02-17,6000,6000,5850,5880,127341,-1.6722408026755853,0,5000,-7770,2770,0,0,5000,110877,11464,127341,0,0,118647,8694,127341,0,29495570,-45692420,16196850,0,0,29495570,653925120,67613770,751034460,0,0,699617540,51416920,751034460
2021-02-18,5940,6180,5910,6120,396436,4.081632653061225,15017,-5493,-5074,-4450,0,15017,259,342887,38273,396436,0,5752,347961,42723,396436,91886630,-33381370,-29677140,-28828120,0,91886630,1546990,2080991810,230477450,2404902880,0,34928360,2110668950,259305570,2404902880
2021-02-19,6130,6190,5880,6050,185332,-1.1437908496732025,6175,0,12867,-19042,0,6175,0,170096,9061,185332,0,0,157229,28103,185332,37020450,0,77543120,-114563570,0,37020450,0,1024987810,54352890,1116361150,0,0,947444690,168916460,1116361150
2021-02-22,6060,6180,5810,5930,182176,-1.9834710743801653,-4374,0,-2206,6580,0,0,0,154266,27910,182176,4374,0,156472,21330,182176,-25919160,0,-12958070,38877230,0,0,0,928005600,168357590,1096363190,25919160,0,940963670,129480360,1096363190
2021-02-23,6000,6000,5690,5850,104011,-1.3490725126475547,0,0,4612,-4612,0,0,0,89776,14235,104011,0,0,85164,18847,104011,0,0,29562850,-29562850,0,0,0,526416070,81699600,608115670,0,0,496853220,111262450,608115670
2021-02-24,6030,6150,5500,5630,460452,-3.7606837606837606,2099,10,-574,-1535,0,2099,210,397605,60538,460452,0,200,398179,62073,460452,12407050,118000,2376340,-14901390,0,12407050,1264000,2328355070,351715300,2693741420,0,1146000,2325978730,366616690,2693741420
2021-02-25,5780,6010,5640,5950,312889,5.683836589698046,7832,84,-7114,-802,0,7832,84,257692,47281,312889,0,0,264806,48083,312889,45798030,495600,-43792220,-2501410,0,45798030,495600,1513305600,278087800,1837687030,0,0,1557097820,280589210,1837687030
2021-02-26,5590,5770,5400,5500,396805,-7.563025210084033,-183,1263,9619,-10699,0,0,1263,349177,46365,396805,183,0,339558,57064,396805,-1028310,6985350,54876640,-60833680,0,0,6985350,1948511750,259270040,2214767140,1028310,0,1893635110,320103720,2214767140
2021-03-02,5650,5760,5560,5600,192127,1.8181818181818181,-3448,0,-14624,18072,0,0,0,157528,34599,192127,3448,0,172152,16527,192127,-19423950,0,-81930710,101354660,0,0,0,893389480,195721140,1089110620,19423950,0,975320190,94366480,1089110620
2021-03-03,5700,5960,5600,5910,271177,5.535714285714286,28277,20,-84317,56020,0,28277,20,169990,72890,271177,0,0,254307,16870,271177,165916330,118600,-494185870,328150940,0,165916330,118600,997005180,427124640,1590164750,0,0,1491191050,98973700,1590164750
2021-03-04,5850,6000,5760,5930,130354,0.338409475465313,8540,0,5973,-14513,0,8540,0,105863,15951,130354,0,0,99890,30464,130354,50545460,0,35605040,-86150500,0,50545460,0,621761970,93216570,765524000,0,0,586156930,179367070,765524000
2021-03-05,5820,5860,5650,5820,97350,-1.854974704890388,3590,0,13893,-17483,0,3879,0,89382,4089,97350,289,0,75489,21572,97350,20818960,0,80285510,-101104470,0,22485070,0,514133220,23382430,560000720,1666110,0,433847710,124486900,560000720
2021-03-08,5790,5840,5600,5710,110338,-1.8900343642611683,-1009,20,22003,-21014,0,311,20,102106,7901,110338,1320,0,80103,28915,110338,-5645560,114000,126251520,-120719960,0,1814640,114000,586263270,45139020,633330930,7460200,0,460011750,165858980,633330930
2021-03-09,5700,5760,5460,5750,170818,0.7005253940455342,780,1486,11533,-13799,0,2780,1486,137356,29196,170818,2000,0,125823,42995,170818,4160920,8187860,64297420,-76646200,0,15526500,8187860,763731990,163069750,950516100,11365580,0,699434570,239715950,950516100
2021-03-10,5770,5810,5600,5690,114731,-1.0434782608695654,-1196,0,18930,-17734,0,0,0,100688,14043,114731,1196,0,81758,31777,114731,-6756940,0,107492930,-100735990,0,0,0,571813960,79804450,651618410,6756940,0,464321030,180540440,651618410
2021-03-11,5680,5760,5590,5700,64309,0.17574692442882248,720,0,-1309,589,0,720,0,49217,14372,64309,0,0,50526,13783,64309,4089600,0,-7231030,3141430,0,4089600,0,280496470,81740560,366326630,0,0,287727500,78599130,366326630
2021-03-12,5730,5740,5610,5690,53288,-0.17543859649122806,1021,0,-3696,2675,0,1981,0,45428,5879,53288,960,0,49124,3204,53288,5826780,0,-21027040,15200260,0,11263850,0,257429400,33398450,302091700,5437070,0,278456440,18198190,302091700
2021-03-15,5690,5750,5600,5740,52563,0.8787346221441126,825,0,962,-1787,0,2757,0,35626,14180,52563,1932,0,34664,15967,52563,4776620,0,4482720,-9259340,0,15731600,0,201814100,80958000,298503700,10954980,0,197331380,90217340,298503700
2021-03-16,5740,6050,5640,6050,383706,5.400696864111499,5401,16611,-35724,13712,0,6127,16611,300629,60339,383706,726,0,336353,46627,383706,31637900,98378480,-209798760,79782380,0,35899520,98378480,1797517040,356941430,2288736470,4261620,0,2007315800,277159050,2288736470
2021-03-17,6190,7110,6120,6390,3524793,5.619834710743802,74146,-18727,63936,-119355,0,87981,120,3331551,105141,3524793,13835,18847,3267615,224496,3524793,462901620,-118723880,437461820,-781639560,0,553810480,789750,21903058250,681120290,23138778770,90908860,119513630,21465596430,1462759850,23138778770
2021-03-18,6490,6790,6340,6660,1375751,4.225352112676056,7468,5671,-45819,32680,0,7468,6386,1256645,105252,1375751,0,715,1302464,72572,1375751,49637470,37683290,-303308500,215987740,0,49637470,42443190,8289294770,693844650,9075220080,0,4759900,8592603270,477856910,9075220080
2021-03-19,6540,6800,6400,6670,457726,0.15015015015015015,5212,-790,-36570,32148,0,5212,200,399144,53170,457726,0,990,435714,21022,457726,35181200,-5233460,-241397180,211449440,0,35181200,1344000,2650432140,351054500,3038011840,0,6577460,2891829320,139605060,3038011840
2021-03-22,6630,6940,6620,6700,602718,0.4497751124437781,-5642,1121,-4390,8911,0,7525,1802,523952,69439,602718,13167,681,528342,60528,602718,-37898980,7771240,-33164040,63291780,0,50771490,12403920,3546871280,472546090,4082592780,88670470,4632680,3580035320,409254310,4082592780
2021-03-23,6700,6750,6390,6410,393807,-4.328358208955224,-17169,-1281,-26811,45261,0,0,0,312018,81789,393807,17169,1281,338829,36528,393807,-112782490,-8319830,-172748710,293851030,0,0,0,2031344390,532466100,2563810490,112782490,8319830,2204093100,238615070,2563810490
2021-03-24,6460,6610,6420,6500,238774,1.40405616224649,-1596,0,-14025,15621,0,2451,0,203366,32957,238774,4047,0,217391,17336,238774,-10382050,0,-90951230,101333280,0,15903460,0,1323621860,214162540,1553687860,26285510,0,1414573090,112829260,1553687860
2021-03-25,6400,6660,6280,6450,325554,-0.7692307692307693,937,-386,-11865,11314,0,937,1100,279972,43545,325554,0,1486,291837,32231,325554,6043650,-2512980,-75522500,71991830,0,6043650,7042000,1794898870,278691620,2086676140,0,9554980,1870421370,206699790,2086676140
2021-03-26,6510,6640,6390,6460,221873,0.15503875968992248,-15764,-1640,33558,-16154,0,0,700,206805,14368,221873,15764,2340,173247,30522,221873,-101633430,-10387200,216329280,-104308650,0,0,4620000,1341286340,93556500,1439462840,101633430,15007200,1124957060,197865150,1439462840
2021-03-29,6430,6550,6200,6450,290862,-0.15479876160990713,1075,-2300,-5038,6263,0,4359,683,253767,32053,290862,3284,2983,258805,25790,290862,6888470,-14412830,-32999650,40524010,0,27965640,4397370,1617276110,205090950,1854730070,21077170,18810200,1650275760,164566940,1854730070
2021-03-30,6530,6820,6450,6760,357038,4.8062015503875966,4619,0,-53898,49279,0,4619,0,290158,62261,357038,0,0,344056,12982,357038,31116710,0,-354400160,323283450,0,31116710,0,1923219350,409173120,2363509180,0,0,2277619510,85889670,2363509180
2021-03-31,6810,6950,6540,6580,489449,-2.6627218934911245,-12776,0,15473,-2697,0,0,0,451666,37783,489449,12776,0,436193,40480,489449,-84272760,0,106584900,-22312140,0,0,0,3046977230,252033920,3299011150,84272760,0,2940392330,274346060,3299011150
2021-04-01,6580,6750,6420,6640,225852,0.911854103343465,13197,0,61,-13258,0,13197,0,190876,21779,225852,0,0,190815,35037,225852,87870810,0,1203780,-89074590,0,87870810,0,1260275340,143489470,1491635620,0,0,1259071560,232564060,1491635620
2021-04-02,6640,6650,6350,6490,302943,-2.2590361445783134,-12323,-3748,44680,-28609,0,4000,0,287226,11717,302943,16323,3748,242546,40326,302943,-79529480,-24174600,289627280,-185923200,0,25934090,0,1856012500,75589140,1957535730,105463570,24174600,1566385220,261512340,1957535730
2021-04-05,6510,6730,6390,6680,328942,2.9275808936825887,5000,0,-23398,18398,0,5000,0,280828,43114,328942,0,0,304226,24716,328942,33348380,0,-153414320,120065940,0,33348380,0,1851382470,281336410,2166067260,0,0,2004796790,161270470,2166067260
2021-04-06,6770,7030,6760,6830,520446,2.245508982035928,-3952,400,9353,-5801,0,0,400,491248,28798,520446,3952,0,481895,34599,520446,-26851760,2742000,66068760,-41959000,0,0,2742000,3378620870,196890320,3578253190,26851760,0,3312552110,238849320,3578253190
2021-04-07,6800,6810,6650,6680,227379,-2.1961932650073206,-2842,621,10423,-8202,0,3654,621,209857,13247,227379,6496,0,199434,21449,227379,-18989250,4167910,69659750,-54838410,0,24541340,4167910,1409467810,89232670,1527409730,43530590,0,1339808060,144071080,1527409730
2021-04-08,6680,6840,6580,6590,204583,-1.347305389221557,-5094,36,32011,-26953,0,0,236,191970,12377,204583,5094,200,159959,39330,204583,-33926100,237400,213723680,-180034980,0,0,1569400,1284099070,83159510,1368827980,33926100,1332000,1070375390,263194490,1368827980
2021-04-09,6590,6690,6490,6580,257410,-0.15174506828528073,-5186,0,-28554,33740,0,0,0,218894,38516,257410,5186,0,247448,4776,257410,-34145430,0,-186971740,221117170,0,0,0,1436506500,252572850,1689079350,34145430,0,1623478240,31455680,1689079350
2021-04-12,6740,6740,6570,6630,235008,0.7598784194528876,-1305,0,-2808,4113,0,0,0,215923,19085,235008,1305,0,218731,14972,235008,-8658290,0,-18384300,27042590,0,0,0,1435020150,126711560,1561731710,8658290,0,1453404450,99668970,1561731710
2021-04-13,6650,6690,6510,6590,247590,-0.603318250377074,-3226,0,-4093,7319,0,0,0,226729,20861,247590,3226,0,230822,13542,247590,-21177990,0,-27313470,48491460,0,0,0,1492065360,137608530,1629673890,21177990,0,1519378830,89117070,1629673890
2021-04-14,6660,6660,6480,6540,227274,-0.7587253414264037,-9098,-1,-8500,17599,0,1000,0,201409,24865,227274,10098,1,209909,7266,227274,-59360220,-6490,-54958710,114325420,0,6540000,0,1311954530,161951590,1480446120,65900220,6490,1366913240,47626170,1480446120
2021-04-15,6540,6540,6430,6500,143318,-0.6116207951070336,1000,-1800,2661,-1861,0,1000,0,136227,6091,143318,0,1800,133566,7952,143318,6475670,-11664000,17216040,-12027710,0,6475670,0,881424070,39449950,927349690,0,11664000,864208030,51477660,927349690
2021-04-16,6520,6520,6440,6480,129689,-0.3076923076923077,-9752,0,-9198,18950,0,1000,0,105500,23189,129689,10752,0,114698,4239,129689,-62989260,0,-59281210,122270470,0,6485000,0,682251020,149751400,838487420,69474260,0,741532230,27480930,838487420
2021-04-19,6480,6590,6430,6570,160452,1.3888888888888888,3966,0,-20756,16790,0,15000,0,123074,22378,160452,11034,0,143830,5588,160452,25941380,0,-135327440,109386060,0,98162550,0,801534180,145992700,1045689430,72221170,0,936861620,36606640,1045689430
2021-04-20,6650,6800,6590,6720,253585,2.28310502283105,11250,443,-54469,42776,0,11250,443,188929,52963,253585,0,0,243398,10187,253585,75075000,2985800,-363300960,285240160,0,75075000,2985800,1262454570,353330220,1693845590,0,0,1625755530,68090060,1693845590
2021-04-21,6760,6760,6460,6530,295550,-2.8273809523809526,-32056,426,68669,-37039,0,13851,426,252879,28394,295550,45907,0,184210,65433,295550,-208912860,2777130,449380480,-243244750,0,90350570,2777130,1653116520,185256500,1931500720,299263430,0,1203736040,428501250,1931500720
2021-04-22,6550,6640,6480,6590,135358,0.9188361408882083,10184,284,-7194,-3274,0,11580,284,106980,16514,135358,1396,0,114174,19788,135358,66818510,1871560,-47558500,-21131570,0,75940600,1871560,701885050,108790190,888487400,9122090,0,749443550,129921760,888487400
2021-04-23,6550,6630,6500,6550,122898,-0.6069802731411229,-449,278,-11912,12083,0,0,278,103212,19408,122898,449,0,115124,7325,122898,-2940700,1820900,-77908770,79028570,0,0,1820900,675898630,127155150,804874680,2940700,0,753807400,48126580,804874680
2021-04-26,6660,6840,6600,6760,447238,3.2061068702290076,-2190,157,-59726,61759,0,0,157,363680,83401,447238,2190,0,423406,21642,447238,-14806020,1061320,-403552470,417297170,0,0,1061320,2450737990,562980970,3014780280,14806020,0,2854290460,145683800,3014780280
2021-04-27,6860,6870,6670,6680,204680,-1.183431952662722,0,-3601,18828,-15227,0,0,400,195066,9214,204680,0,4001,176238,24441,204680,0,-24366750,127300220,-102933470,0,0,2680000,1314041800,61808070,1378529870,0,27046750,1186741580,164741540,1378529870
2021-04-28,6710,6720,6510,6530,214203,-2.245508982035928,-10050,-6,55701,-45645,0,0,110,210137,3956,214203,10050,116,154436,49601,214203,-65878690,-31260,366671760,-300761810,0,0,725700,1383902720,26107980,1410736400,65878690,756960,1017230960,326869790,1410736400
2021-04-29,6520,6580,6400,6510,122141,-0.3062787136294028,-2550,-40,2579,11,0,0,360,104587,17194,122141,2550,400,102008,17183,122141,-16628290,-246920,16880860,-5650,0,0,2353080,678115360,111643300,792111740,16628290,2600000,661234500,111648950,792111740
2021-04-30,6530,6590,6340,6460,137484,-0.7680491551459293,0,80,2767,-2847,0,0,430,109840,27214,137484,0,350,107073,30061,137484,0,522920,18412990,-18935910,0,0,2762920,708505440,175049710,886318070,0,2240000,690092450,193985620,886318070
2021-05-03,6450,6800,6440,6540,262042,1.238390092879257,5023,0,-52238,47215,0,6628,0,184287,71127,262042,1605,0,236525,23912,262042,33334360,0,-347142650,313808290,0,44087860,0,1224196250,472342700,1740626810,10753500,0,1571338900,158534410,1740626810
2021-05-04,6630,6770,6520,6770,276750,3.5168195718654434,2839,-1500,-24481,23142,0,4000,0,217796,54954,276750,1161,1500,242277,31812,276750,18583250,-9892600,-163238980,154548330,0,26420000,0,1449505490,365767810,1841693300,7836750,9892600,1612744470,211219480,1841693300
2021-05-06,6900,6900,6690,6900,422124,1.9202363367799113,8555,-3367,69259,-74447,0,10274,1633,381223,28994,422124,1719,5000,311964,103441,422124,57447580,-23242590,471955460,-506160450,0,69036000,11057410,2590645500,196379280,2867118190,11588420,34300000,2118690040,702539730,2867118190
2021-05-07,7100,7500,7060,7100,1344494,2.898550724637681,0,4733,-5072,339,0,0,4853,1214981,124660,1344494,0,120,1220053,124321,1344494,0,34019110,-38172470,4153360,0,0,34883110,8818178030,904750940,9757812080,0,864000,8856350500,900597580,9757812080
2021-05-10,7100,7460,6920,7460,601193,5.070422535211268,56632,1000,-136885,79253,0,57429,1000,429085,113679,601193,797,0,565970,34426,601193,415586740,7439000,-1000232850,577207110,0,421424610,7439000,3129294900,828313640,4386472150,5837870,0,4129527750,251106530,4386472150
2021-05-11,7350,7630,7300,7550,461092,1.2064343163538873,11567,1,-10870,-698,0,11567,1,401649,47875,461092,0,0,412519,48573,461092,86997010,7460,-78447560,-8556910,0,86997010,7460,3012647960,355340220,3454992650,0,0,3091095520,363897130,3454992650
2021-05-12,7550,7630,7130,7340,324442,-2.781456953642384,691,0,6769,-7460,0,691,0,279997,43754,324442,0,0,273228,51214,324442,5174850,0,55146300,-60321150,0,5174850,0,2056961040,319738450,2381874340,0,0,2001814740,380059600,2381874340
2021-05-13,7130,7520,6780,6840,669033,-6.811989100817439,1078,1166,-60204,57960,0,4027,1467,561884,101655,669033,2949,301,622088,43695,669033,7897750,7935500,-432308770,416475520,0,29511750,10081590,3972110420,728839070,4740542830,21614000,2146090,4404419190,312363550,4740542830
2021-05-14,6950,7090,6610,6830,527669,-0.14619883040935672,4933,3754,8639,-17326,0,4933,3754,470484,48498,527669,0,0,461845,65824,527669,33646350,25742540,60719130,-120108020,0,33646350,25742540,3202149050,329608550,3591146490,0,0,3141429920,449716570,3591146490
2021-05-17,6840,6890,6500,6570,387560,-3.806734992679356,-17768,-2962,69758,-49028,0,0,40,362270,25250,387560,17768,3002,292512,74278,387560,-117635440,-19515210,463905900,-326755250,0,0,261200,2397221850,167352530,2564835580,117635440,19776410,1933315950,494107780,2564835580
2021-05-18,6570,6870,6530,6850,316129,4.26179604261796,19915,4092,-13608,-10399,0,19915,4092,267828,24294,316129,0,0,281436,34693,316129,133850970,27521490,-91241830,-70130630,0,133850970,27521490,1795356940,161540360,2118269760,0,0,1886598770,231670990,2118269760
2021-05-20,6780,6850,6700,6750,117422,-1.4598540145985401,-311,1963,12510,-14162,0,0,2000,101865,13557,117422,311,37,89355,27719,117422,-2092360,13350840,84583040,-95841520,0,0,13600000,687185010,91419420,792204430,2092360,249160,602601970,187260940,792204430
2021-05-21,6720,6790,6510,6600,233948,-2.2222222222222223,-4419,50,44775,-40406,0,0,50,218855,15043,233948,4419,0,174080,55449,233948,-28965700,328000,296507790,-267870090,0,0,328000,1445795510,99939840,1546063350,28965700,0,1149287720,367809930,1546063350
2021-05-24,6580,6580,6250,6310,252002,-4.393939393939394,-12177,1028,32342,-21193,0,0,3000,234561,14441,252002,12177,1972,202219,35634,252002,-78144040,6886400,208188510,-136930870,0,0,19310000,1501596950,92735730,1613642680,78144040,12423600,1293408440,229666600,1613642680
2021-05-25,6360,6530,6330,6510,138239,3.1695721077654517,0,0,-11147,11147,0,0,530,112253,25456,138239,0,530,123400,14309,138239,0,11780,-70862670,70850890,0,0,3425980,726020560,163481820,892928360,0,3414200,796883230,92630930,892928360
2021-05-26,6530,7500,6440,7400,2907641,13.671274961597543,101271,1472,-184827,82084,0,103986,10070,2506494,287091,2907641,2715,8598,2691321,205007,2907641,725932360,8415600,-1312179310,577831350,0,745732060,71446840,18063511970,2053029420,20933720290,19799700,63031240,19375691280,1475198070,20933720290
2021-05-27,7430,7950,7370,7790,1848210,5.27027027027027,80087,32598,-319152,206467,0,80087,34219,1447009,286895,1848210,0,1621,1766161,80428,1848210,628178720,255911840,-2490102550,1606011990,0,628178720,268446540,11251281170,2230500530,14378406960,0,12534700,13741383720,624488540,14378406960
2021-05-28,7650,7860,7460,7720,524983,-0.8985879332477535,2473,17999,9441,-29913,0,2473,18001,445758,58751,524983,0,2,436317,88664,524983,19099310,135616690,74926470,-229642470,0,19099310,135631630,3410577330,449127480,4014435750,0,14940,3335650860,678769950,4014435750
2021-05-31,7840,8350,7720,8170,1058567,5.829015544041451,177580,-158247,-100980,81647,0,191345,0,727856,139366,1058567,13765,158247,828836,57719,1058567,1447777570,-1276610870,-835079080,663912380,0,1558292120,0,5859302780,1125456280,8543051180,110514550,1276610870,6694381860,461543900,8543051180
2021-06-01,8370,8370,7860,7970,553382,-2.4479804161566707,-367,1400,69589,-70622,0,31221,1584,480218,40359,553382,31588,184,410629,110981,553382,-5610110,11296310,557410670,-563096870,0,248850030,12762740,3875369850,328043000,4465025620,254460140,1466430,3317959180,891139870,4465025620
2021-06-02,7930,8400,7840,8160,709308,2.3839397741530743,166419,-3164,-196092,32837,0,166419,1219,447484,94186,709308,0,4383,643576,61349,709308,1363797980,-25778990,-1601088050,263069060,0,1363797980,9995800,3663068630,765100600,5801963010,0,35774790,5264156680,502031540,5801963010
2021-06-03,8800,9640,8350,8350,2465037,2.3284313725490198,-38297,23,249066,-210792,0,28774,10504,2363152,62607,2465037,67071,10481,2114086,273399,2465037,-334236840,-5417650,2177725270,-1838070780,0,243643360,88403280,20705578270,534835220,21572460130,577880200,93820930,18527853000,2372906000,21572460130
2021-06-04,8400,8580,8310,8400,521357,0.5988023952095809,12975,-8250,-29399,24674,0,16761,1280,456671,46645,521357,3786,9530,486070,21971,521357,110827160,-68965650,-250828170,208966660,0,142776050,10841600,3853043990,394345160,4401006800,31948890,79807250,4103872160,185378500,4401006800
2021-06-07,8360,8490,8020,8450,600332,0.5952380952380952,-491,15200,16847,-31556,0,42525,15200,527912,14695,600332,43016,0,511065,46251,600332,3498060,123146000,132234540,-258878600,0,353706420,123146000,4343085480,120905010,4940842910,350208360,0,4210850940,379783610,4940842910
2021-06-08,8320,8690,8280,8520,786243,0.8284023668639053,0,-3098,-10827,13925,0,0,2002,729138,55103,786243,0,5100,739965,41178,786243,0,-26406280,-92881620,119287900,0,0,17083720,6227377560,471050850,6715512130,0,43490000,6320259180,351762950,6715512130
2021-06-09,8530,8820,8530,8720,613639,2.3474178403755865,41797,3711,-27819,-17689,0,44803,4439,534860,29537,613639,3006,728,562679,47226,613639,364846930,32349000,-242977630,-154218300,0,390608350,38631640,4641291080,255128990,5325660060,25761420,6282640,4884268710,409347290,5325660060
2021-06-10,8790,8800,8430,8540,444051,-2.064220183486239,1307,2441,109504,-113252,0,1307,3941,430724,8079,444051,0,1500,321220,121331,444051,11117620,20851420,938126230,-970095270,0,11117620,33736420,3693136730,69503320,3807494090,0,12885000,2755010500,1039598590,3807494090
2021-06-11,8560,8590,8090,8100,642453,-5.152224824355972,-4496,-1934,30970,-24540,0,0,2560,600594,39299,642453,4496,4494,569624,63839,642453,-36908730,-16084630,251578410,-198585050,0,0,20839600,4927946100,324194310,5272980010,36908730,36924230,4676367690,522779360,5272980010
2021-06-14,8030,8140,7970,8050,246984,-0.6172839506172839,-19084,-1571,36396,-15741,0,0,100,231991,14893,246984,19084,1671,195595,30634,246984,-153342540,-12675130,293396890,-127379220,0,0,808000,1867422660,119711700,1987942360,153342540,13483130,1574025770,247090920,1987942360
2021-06-15,8050,8050,7850,7980,273069,-0.8695652173913043,-3288,-10,4031,-733,0,0,0,248258,24811,273069,3288,10,244227,25544,273069,-26062820,-79600,32446860,-6304440,0,0,0,1970272670,196917180,2167189850,26062820,79600,1937825810,203221620,2167189850
2021-06-16,8030,8160,7930,8120,322932,1.7543859649122806,0,600,36533,-37133,0,0,600,308807,13525,322932,0,0,272274,50658,322932,0,4866000,294177630,-299043630,0,0,4866000,2485128140,109175900,2599170040,0,0,2190950510,408219530,2599170040
2021-06-17,8100,8120,7970,8060,238907,-0.7389162561576355,0,-1088,47882,-46794,0,0,0,232270,6637,238907,0,1088,184388,53431,238907,0,-8769280,385694000,-376924720,0,0,0,1867576640,53198900,1920775540,0,8769280,1481882640,430123620,1920775540
2021-06-18,8100,8190,8000,8010,243797,-0.620347394540943,-892,-440,51440,-50108,0,10731,0,231074,1992,243797,11623,440,179634,52100,243797,-5982070,-3603600,413230830,-403645160,0,87273410,0,1862380750,16117670,1965771830,93255480,3603600,1449149920,419762830,1965771830
2021-06-21,7930,7940,7710,7750,378480,-3.245942571785269,-10190,103,8338,1749,0,0,103,347037,31340,378480,10190,0,338699,29591,378480,-79095420,800050,64958320,13337050,0,0,800050,2697903110,243533480,2942236640,79095420,0,2632944790,230196430,2942236640
2021-06-22,7790,7900,7660,7820,146256,0.903225806451613,0,-300,1827,-1527,0,0,0,133219,13037,146256,0,300,131392,14564,146256,0,-2328000,14904290,-12576290,0,0,0,1039388760,101369480,1140758240,0,2328000,1024484470,113945770,1140758240
2021-06-23,7930,7940,7650,7660,323054,-2.0460358056265986,-20668,-1923,39410,-16819,0,0,0,308792,14262,323054,20668,1923,269382,31081,323054,-161331780,-15054590,307424490,-131038120,0,0,0,2402173940,111175070,2513349010,161331780,15054590,2094749450,242213190,2513349010
2021-06-24,7600,7660,7340,7460,373158,-2.610966057441253,-31729,-2060,13991,19798,0,22755,0,289385,61018,373158,54484,2060,275394,41220,373158,-234417780,-15227800,103232050,146413530,0,168522380,0,2147783530,452331800,2768637710,402940160,15227800,2044551480,305918270,2768637710
2021-06-25,7480,7820,7460,7820,230142,4.825737265415549,52515,-3012,-47097,-2406,0,52515,0,158901,18726,230142,0,3012,205998,21132,230142,405190190,-23243340,-362524710,-19422140,0,405190190,0,1220889580,143506680,1769586450,0,23243340,1583414290,162928820,1769586450
2021-06-28,7820,8020,7670,7960,287234,1.7902813299232736,83135,375,-66653,-16857,0,83135,375,190007,13717,287234,0,0,256660,30574,287234,656379860,2975400,-524879750,-134475510,0,656379860,2975400,1494302590,106265610,2259923460,0,0,2019182340,240741120,2259923460
2021-06-29,7960,7970,7700,7870,336268,-1.1306532663316584,66906,193,-29796,-37303,0,67771,193,251758,16546,336268,865,0,281554,53849,336268,526233130,1522770,-237314780,-290441120,0,533005030,1522770,1970693600,129976650,2635198050,6771900,0,2208008380,420417770,2635198050
2021-06-30,7920,9000,7920,8440,2183641,7.242693773824651,79259,-26225,-126383,73349,0,79472,4627,1956080,143462,2183641,213,30852,2082463,70113,2183641,660691200,-219954760,-1032933110,592196670,0,662482530,38147730,16587692560,1190997530,18479320350,1791330,258102490,17620625670,598800860,18479320350
2021-07-01,8350,8810,8330,8610,923519,2.014218009478673,85238,-396,-108894,24052,0,85238,904,750182,87195,923519,0,1300,859076,63143,923519,738792720,-3821680,-944139240,209168200,0,738792720,7562480,6460532660,752199930,7959087790,0,11384160,7404671900,543031730,7959087790
2021-07-02,8570,8730,8520,8550,313161,-0.6968641114982579,19897,-1363,41079,-59613,0,19897,2,284304,8958,313161,0,1365,243225,68571,313161,171112450,-11725390,353074780,-512461840,0,171112450,17260,2445004220,77345200,2693479130,0,11742650,2091929440,589807040,2693479130
2021-07-05,8830,9710,8250,8280,1941979,-3.1578947368421053,-50691,-11409,240889,-178789,0,0,721,1922077,19181,1941979,50691,12130,1681188,197970,1941979,-450466780,-97205160,2105336220,-1557664280,0,0,6712390,16944638870,165850980,17117202240,450466780,103917550,14839302650,1723515260,17117202240
2021-07-06,8290,8350,8100,8140,323730,-1.6908212560386473,-15714,-2566,-5954,24234,0,0,500,289190,34040,323730,15714,3066,295144,9806,323730,-127973030,-20997830,-50319200,199290060,0,0,4140000,2373165200,280092120,2657397320,127973030,25137830,2423484400,80802060,2657397320
2021-07-07,8140,8450,8060,8260,314547,1.4742014742014742,51556,-3980,-71160,23584,0,51556,0,227634,35357,314547,0,3980,298794,11773,314547,425186280,-32834270,-585245830,192893820,0,425186280,0,1870749650,289127160,2585063090,0,32834270,2455995480,96233340,2585063090
2021-07-08,8230,8290,7890,7920,299354,-4.116222760290557,548,40,3954,-4542,0,8243,2040,274557,14514,299354,7695,2000,270603,19056,299354,4686360,-44870,32752960,-37394450,0,65973160,16318400,2203399610,116056210,2401747380,61286800,16363270,2170646650,153450660,2401747380
2021-07-09,7720,7850,7670,7790,276222,-1.6414141414141417,-4525,-2302,-12799,19626,0,8109,0,237442,30671,276222,12634,2302,250241,11045,276222,-34913480,-17863850,-99033320,151810650,0,62894270,0,1838905430,237471490,2139271190,97807750,17863850,1937938750,85660840,2139271190
2021-07-12,7770,8060,7770,8000,153550,2.6957637997432604,14369,-7000,2759,-10128,0,14380,0,134353,4817,153550,11,7000,131594,14945,153550,115011890,-55610450,21336080,-80737520,0,115099460,0,1071159920,38268130,1224527510,87570,55610450,1049823840,119005650,1224527510
2021-07-13,8010,8580,7910,8460,742732,5.75,19146,-2222,-47958,31034,0,19146,778,674789,48019,742732,0,3000,722747,16985,742732,159498210,-17894880,-404671930,263068600,0,159498210,6255120,5652322050,403006500,6221081880,0,24150000,6056993980,139937900,6221081880
2021-07-14,8450,8550,8400,8530,292553,0.8274231678486997,0,1174,-33519,32345,0,0,1204,251232,40117,292553,0,30,284751,7772,292553,0,9960480,-284568720,274608240,0,0,10215180,2132561930,340597360,2483374470,0,254700,2417130650,65989120,2483374470
2021-07-15,8540,8670,8470,8490,258754,-0.4689331770222743,-5000,-1797,31931,-25134,0,0,1204,249506,8044,258754,5000,3001,217575,33178,258754,-42417960,-15356510,271912800,-214138330,0,0,10242040,2126623180,68690760,2205555980,42417960,25598550,1854710380,282829090,2205555980
2021-07-16,8430,8550,8430,8500,167939,0.11778563015312131,-898,1500,-418,-184,0,0,1500,161235,5204,167939,898,0,161653,5388,167939,-7614860,12700000,-3340260,-1744880,0,0,12700000,1367891430,44068080,1424659510,7614860,0,1371231690,45812960,1424659510
2021-07-19,8510,8540,8450,8540,150266,0.4705882352941176,190,-50,3648,-3788,0,190,0,136467,13609,150266,0,50,132819,17397,150266,1611200,-423500,30651160,-31838860,0,1611200,0,1157944250,115651200,1275206650,0,423500,1127293090,147490060,1275206650
2021-07-20,8450,8880,8450,8540,418243,0.0,0,11450,-2789,-8661,0,0,12010,375871,30362,418243,0,560,378660,39023,418243,0,100511500,-23352710,-77158790,0,0,105254700,3249153130,260782620,3615190450,0,4743200,3272505840,337941410,3615190450
2021-07-21,8570,9190,8570,9000,1248840,5.386416861826698,30565,64016,-150789,56208,0,32093,64359,1035544,116844,1248840,1528,343,1186333,60636,1248840,270730950,574587470,-1341036230,495717810,0,284325200,577664160,9220343210,1034980730,11117313300,13594250,3076690,10561379440,539262920,11117313300
2021-07-22,9100,9870,8870,9390,2395133,4.333333333333334,45461,159711,-360888,155716,0,52683,164733,1866271,311446,2395133,7222,5022,2227159,155730,2395133,425145360,1505843240,-3436347130,1505358530,0,491439040,1551868620,17419645850,2936085200,22399038710,66293680,46025380,20855992980,1430726670,22399038710
2021-07-23,9400,9830,9310,9800,1071863,4.366347177848776,19148,643,-93591,73800,0,48227,1670,910925,111041,1071863,29079,1027,1004516,37241,1071863,183693010,6285060,-906182150,716204080,0,467142890,16241380,8811206170,1074519120,10369109560,283449880,9956320,9717388320,358315040,10369109560
2021-07-26,9810,9870,9180,9200,806264,-6.122448979591836,43545,-2124,114628,-156049,0,47819,3442,746170,8833,806264,4274,5566,631542,164882,806264,407248010,-19452160,1072925930,-1460721780,0,446932290,32182990,6983303540,82660450,7545079270,39684280,51635150,5910377610,1543382230,7545079270
2021-07-27,9180,9320,8860,9150,578294,-0.5434782608695652,60276,-2875,-104358,46957,0,63271,8512,432705,73806,578294,2995,11387,537063,26849,578294,553091600,-26346550,-951995090,425250040,0,580385800,77356840,3934493490,670699560,5262935690,27294200,103703390,4886488580,245449520,5262935690
2021-07-28,9040,9240,8970,9120,253805,-0.32786885245901637,45660,-4510,-30399,-10751,0,45814,500,187753,19738,253805,154,5010,218152,30489,253805,417955330,-40450060,-279497920,-98007350,0,419355190,4520590,1704300230,179353070,2307529080,1399860,44970650,1983798150,277360420,2307529080
2021-07-29,9120,9260,9020,9200,207698,0.8771929824561403,62639,-16853,-27645,-18141,0,62639,1156,132280,11623,207698,0,18009,159925,29764,207698,574209290,-153989960,-254220620,-165998710,0,574209290,10521400,1210543550,106765680,1902039920,0,164511360,1464764170,272764390,1902039920
2021-07-30,9200,9200,8820,8890,288516,-3.369565217391304,26384,-24235,20991,-23140,0,26384,3091,242469,16572,288516,0,27326,221478,39712,288516,236441970,-217620790,190198760,-209019940,0,236441970,27711570,2173300960,147693630,2585148130,0,245332360,1983102200,356713570,2585148130
2021-08-02,8920,8970,8520,8720,324385,-1.9122609673790776,29999,-22236,-255,-7508,0,29999,6500,259736,28150,324385,0,28736,259991,35658,324385,260887960,-190888610,-2942030,-67057320,0,260887960,57132440,2250917590,243922100,2812860090,0,248021050,2253859620,310979420,2812860090
2021-08-03,8740,8830,8480,8630,279725,-1.0321100917431194,15099,-54523,35198,4226,0,21500,1016,225577,31632,279725,6401,55539,190379,27406,279725,129927880,-469009110,304604330,34476900,0,185064800,8666480,1941082870,271648250,2406462400,55136920,477675590,1636478540,237171350,2406462400
2021-08-04,8630,9280,8580,9170,641484,6.257242178447277,20308,6131,-79605,53166,0,31736,8596,525326,75826,641484,11428,2465,604931,22660,641484,184423000,56405420,-727394580,486566160,0,289565450,78796900,4781347960,691406770,5841117080,105142450,22391480,5508742540,204840610,5841117080
2021-08-05,9120,9250,9120,9180,173116,0.10905125408942204,-4,528,24350,-24874,0,22700,528,144469,5419,173116,22704,0,120119,30293,173116,291710,4847040,223921590,-229060340,0,208699190,4847040,1327077300,49829610,1590453140,208407480,0,1103155710,278889950,1590453140
2021-08-06,9190,9300,9100,9300,275459,1.3071895424836601,-44233,-103462,156758,-9063,0,0,0,265432,10027,275459,44233,103462,108674,19090,275459,-404170100,-942319540,1430496910,-84007270,0,0,0,2428142350,91616650,2519759000,404170100,942319540,997645440,175623920,2519759000
2021-08-09,9230,9350,9080,9280,274121,-0.21505376344086022,28256,-30,-5613,-22613,0,37234,0,216283,20604,274121,8978,30,221896,43217,274121,261937310,-279900,-52193370,-209464040,0,344813370,0,1987656470,189293480,2521763320,82876060,279900,2039849840,398757520,2521763320
2021-08-10,9280,9300,9130,9240,139836,-0.43103448275862066,-5945,400,11800,-6255,0,0,400,124151,15285,139836,5945,0,112351,21540,139836,-54704330,3664000,107818940,-56778610,0,0,3664000,1141958700,140575720,1286198420,54704330,0,1034139760,197354330,1286198420
2021-08-11,9180,9290,9140,9200,173968,-0.4329004329004329,-20012,-3761,25227,-1454,0,0,239,161862,11867,173968,20012,4000,136635,13321,173968,-183401500,-34432840,231511350,-13677010,0,0,2212160,1485974650,108992490,1597179300,183401500,36645000,1254463300,122669500,1597179300
2021-08-12,9190,9630,9180,9490,339724,3.152173913043478,41094,-3500,-85235,47641,0,41094,0,239702,58928,339724,0,3500,324937,11287,339724,392542920,-32609030,-809379590,449445700,0,392542920,0,2269591870,556854630,3218989420,0,32609030,3078971460,107408930,3218989420
2021-08-13,9600,9630,9180,9300,290704,-2.0021074815595363,-18338,-139,72675,-54198,0,1897,0,268785,20022,290704,20235,139,196110,74220,290704,-170031100,-1319110,676189630,-504839420,0,17640230,0,2502572650,184848120,2705061000,187671330,1319110,1826383020,689687540,2705061000
2021-08-17,9230,9450,9100,9200,321481,-1.0752688172043012,0,-4182,22575,-18393,0,0,1425,293627,26429,321481,0,5607,271052,44822,321481,0,-38170260,207701670,-169531410,0,0,13220820,2699835770,243525630,2956582220,0,51391080,2492134100,413057040,2956582220
2021-08-18,9300,9400,9110,9300,237240,1.0869565217391304,-1221,-318,978,561,0,0,0,214230,23010,237240,1221,318,213252,22449,237240,-11293150,-2949450,8166700,6075900,0,0,0,1986335370,213514240,2199849610,11293150,2949450,1978168670,207438340,2199849610
2021-08-19,9250,9650,9200,9400,375174,1.0752688172043012,-107,2656,-51848,49299,0,296,2939,293005,78934,375174,403,283,344853,29635,375174,-996390,24895630,-489797470,465898230,0,2771660,27534670,2759301150,744472750,3534080230,3768050,2639040,3249098620,278574520,3534080230
2021-08-20,9400,9520,9210,9260,194960,-1.4893617021276597,-33,-5442,30091,-24616,0,0,1000,172946,21014,194960,33,6442,142855,45630,194960,-305580,-50498290,279064940,-228261070,0,0,9250000,1611670510,196712180,1817632690,305580,59748290,1332605570,424973250,1817632690
2021-08-23,9400,9400,9240,9260,112510,0.0,709,33905,-5809,-28805,0,709,33905,69037,8859,112510,0,0,74846,37664,112510,6568250,313807660,-54040800,-266335110,0,6568250,313807660,639580610,82272910,1042229430,0,0,693621410,348608020,1042229430
2021-08-24,9390,10150,9300,10050,1203292,8.531317494600433,33074,445,-163829,130310,0,52500,6695,974391,169706,1203292,19426,6250,1138220,39396,1203292,323939130,4183620,-1607656570,1279533820,0,515160230,66423620,9640311120,1669273300,11891168270,191221100,62240000,11247967690,389739480,11891168270
2021-08-25,10150,10750,9990,10400,853777,3.482587064676617,-48639,900,-87616,135355,0,2947,1685,670658,178487,853777,51586,785,758274,43132,853777,-499044000,9167400,-918916450,1408793050,0,30659350,17274250,6969339600,1858197700,8875470900,529703350,8106850,7888256050,449404650,8875470900
2021-08-26,10400,10450,9980,10200,361163,-1.9230769230769231,-46020,1607,66997,-22584,0,586,1780,338371,20426,361163,46606,173,271374,43010,361163,-465755310,16280950,680552220,-231077860,0,5951150,18071000,3441889230,208140540,3674051920,471706460,1790050,2761337010,439218400,3674051920
2021-08-27,10050,10200,9880,10050,405019,-1.4705882352941175,-28139,-15936,42188,1887,0,895,248,370911,32965,405019,29034,16184,328723,31078,405019,-281587620,-159262790,421096310,19754100,0,8980510,2486180,3709843400,330206990,4051517080,290568130,161748970,3288747090,310452890,4051517080
2021-08-30,10050,10200,9980,10050,179298,0.0,-30627,1444,-5639,34822,0,9874,1444,129313,38667,179298,40501,0,134952,3845,179298,-305780540,14519900,-57378690,348639330,0,100221450,14519900,1297729900,387211760,1799683010,406001990,0,1355108590,38572430,1799683010
2021-08-31,10000,10150,9910,10100,188970,0.4975124378109453,-21689,306,-1656,23039,0,0,896,155677,32397,188970,21689,590,157333,9358,188970,-216982660,3111680,-17102860,230973840,0,0,8993880,1557696680,324303780,1890994340,216982660,5882200,1574799540,93329940,1890994340
2021-09-01,10100,10300,9960,10100,198200,0.0,-24880,-2241,18633,8488,0,0,99,162405,35696,198200,24880,2340,143772,27208,198200,-249760410,-22922050,186914380,85768080,0,0,994950,1635474980,358732360,1995202290,249760410,23917000,1448560600,272964280,1995202290
2021-09-02,10100,10550,10100,10500,272100,3.9603960396039604,-218,-1276,-32176,33670,0,0,1,224030,48069,272100,218,1277,256206,14399,272100,-2231150,-13073200,-334511000,349815350,0,0,10400,2325594300,499207650,2824812350,2231150,13083600,2660105300,149392300,2824812350
2021-09-03,10450,10600,10200,10550,243002,0.4761904761904762,-18632,-1046,30006,-10328,0,0,0,224573,18429,243002,18632,1046,194567,28757,243002,-194852200,-11016600,313276650,-107407850,0,0,0,2341872800,192929200,2534802000,194852200,11016600,2028596150,300337050,2534802000
2021-09-06,10550,10800,10400,10600,217341,0.47393364928909953,-14669,-926,2213,13382,0,0,557,192056,24728,217341,14669,1483,189843,11346,217341,-155004000,-9846150,24811400,140038750,0,0,5887600,2035799800,261236600,2302924000,155004000,15733750,2010988400,121197850,2302924000
2021-09-07,10600,11000,10450,10900,316390,2.8301886792452833,-17750,-2367,-21548,41665,0,0,0,254426,61964,316390,17750,2367,275974,20299,316390,-190310050,-25560650,-232106900,447977600,0,0,0,2738750900,666955950,3405706850,190310050,25560650,2970857800,218978350,3405706850
2021-09-08,10850,11250,10800,11200,246856,2.7522935779816518,-5778,177,7880,-2279,0,759,267,227268,18562,246856,6537,90,219388,20841,246856,-63537300,1980250,87527400,-25970350,0,8411150,2965750,2516320050,205335400,2733032350,71948450,985500,2428792650,231305750,2733032350
2021-09-09,11150,11450,10950,11350,223173,1.3392857142857142,-7001,1044,5106,851,0,0,1044,206792,15337,223173,7001,0,201686,14486,223173,-78352500,11549400,58572250,8230850,0,0,11549400,2314396950,171291800,2497238150,78352500,0,2255824700,163060950,2497238150
2021-09-10,11350,11500,11200,11400,152099,0.4405286343612335,-22138,-4959,44818,-17721,0,0,0,141900,10199,152099,22138,4959,97082,27920,152099,-251114950,-56108500,508428750,-201205300,0,0,0,1609905000,115729950,1725634950,251114950,56108500,1101476250,316935250,1725634950
2021-09-13,11350,11400,10950,11000,251836,-3.508771929824561,-30833,1211,15306,14316,0,0,1212,216903,33721,251836,30833,1,201597,19405,251836,-342997600,13471000,171431150,158095450,0,0,13482000,2408339350,375019900,2796841250,342997600,11000,2236908200,216924450,2796841250
2021-09-14,11000,11500,11000,11450,135365,4.090909090909091,-45,607,-20270,19708,0,0,607,102859,31899,135365,45,0,123129,12191,135365,-511800,6947100,-231659450,225224150,0,0,6947100,1166772350,363741250,1537460700,511800,0,1398431800,138517100,1537460700
2021-09-15,11450,11500,11250,11450,121903,0.0,-20,1485,1651,-3116,0,0,1618,108843,11442,121903,20,133,107192,14558,121903,-227250,16904100,18760100,-35436950,0,0,18426950,1236005100,130107700,1384539750,227250,1522850,1217245000,165544650,1384539750
2021-09-16,11550,11700,11150,11300,174698,-1.3100436681222707,-14733,444,22588,-8299,0,0,484,156008,18206,174698,14733,40,133420,26505,174698,-166359200,5025900,255172800,-93839500,0,0,5483900,1774477550,205190250,1985151700,166359200,458000,1519304750,299029750,1985151700
2021-09-17,11250,11500,11000,11300,158276,0.0,0,-1000,-13027,14027,0,0,0,132672,25604,158276,0,1000,145699,11577,158276,0,-11200000,-146606250,157806250,0,0,0,1485418750,288231500,1773650250,0,11200000,1632025000,130425250,1773650250
2021-09-23,11050,11250,10950,11100,179309,-1.7699115044247788,-21072,2391,-6484,25165,0,0,2391,144572,32346,179309,21072,0,151056,7181,179309,-232099200,26554200,-73897150,279442150,0,0,26554200,1600177700,359181500,1985913400,232099200,0,1674074850,79739350,1985913400
2021-09-24,11300,11300,10900,11050,151778,-0.45045045045045046,-27096,1784,5115,20197,0,0,2500,121847,27431,151778,27096,716,116732,7234,151778,-297538700,19359200,54744850,223434650,0,0,27450000,1343783550,303898300,1675131850,297538700,8090800,1289038700,80463650,1675131850
2021-09-27,11050,11150,10850,11000,121492,-0.4524886877828055,0,595,-14766,14171,0,0,595,104131,16766,121492,0,0,118897,2595,121492,0,6545000,-162512850,155967850,0,0,6545000,1145943150,184466550,1336954700,0,0,1308456000,28498700,1336954700
2021-09-28,11100,11100,10450,10750,183756,-2.272727272727273,5810,171,10043,-16024,0,6478,500,168740,8038,183756,668,329,158697,24062,183756,61990550,1722400,109719800,-173432750,0,69067950,5275000,1799394900,84910500,1958648350,7077400,3552600,1689675100,258343250,1958648350
2021-09-29,10450,10650,10150,10600,177897,-1.3953488372093024,-508,-1776,10725,-8441,0,9215,2000,150563,16119,177897,9723,3776,139838,24560,177897,-5398750,-18260550,113851350,-90192050,0,96162700,20525000,1566315100,167175150,1850177950,101561450,38785550,1452463750,257367200,1850177950
2021-09-30,10400,10650,10300,10400,96944,-1.8867924528301887,-309,1000,24122,-24813,0,0,1000,93304,2640,96944,309,0,69182,27453,96944,-3207200,10375000,252058400,-259226200,0,0,10375000,974780550,27873950,1013029500,3207200,0,722722150,287100150,1013029500
2021-10-01,10400,10400,9930,10000,264904,-3.8461538461538463,-4567,820,591,3156,0,9900,1000,218205,35799,264904,14467,180,217614,32643,264904,-45318230,8182000,5844800,31291430,0,99344520,10000000,2187342120,359398320,2656084960,144662750,1818000,2181497320,328106890,2656084960
2021-10-05,9900,10300,9900,9960,120629,-0.4,0,0,-3672,3672,0,0,0,93799,26830,120629,0,0,97471,23158,120629,0,0,-35753670,35753670,0,0,0,941669820,268982480,1210652300,0,0,977423490,233228810,1210652300
2021-10-06,10050,10200,9270,9650,418613,-3.1124497991967868,-18201,138874,-45972,-74701,0,10548,138874,233336,35855,418613,28749,0,279308,110556,418613,-176014130,1376472450,-460067430,-740390890,0,99834420,1376472450,2248223700,341700420,4066230990,275848550,0,2708291130,1082091310,4066230990
2021-10-07,9700,9970,9670,9900,133985,2.5906735751295336,-32015,238,9637,22140,0,3229,526,85764,44466,133985,35244,288,76127,22326,133985,-314801810,2370250,96268920,216162640,0,31930100,5207170,844150380,436162610,1317450260,346731910,2836920,747881460,219999970,1317450260
2021-10-08,10000,10000,9500,9770,104662,-1.3131313131313131,4558,1000,9719,-15277,0,4558,1000,73652,25452,104662,0,0,63933,40729,104662,44150090,9810000,93770320,-147730410,0,44150090,9810000,711965950,246663140,1012589180,0,0,618195630,394393550,1012589180
2021-10-12,9750,9750,9340,9380,115277,-3.991811668372569,0,562,-21238,20676,0,0,562,83582,31133,115277,0,0,104820,10457,115277,0,5345240,-200590810,195245570,0,0,5345240,790196740,294564170,1090106150,0,0,990787550,99318600,1090106150
2021-10-13,9370,9520,9270,9410,77426,0.31982942430703626,-3825,66,6694,-2935,0,1690,66,65540,10130,77426,5515,0,58846,13065,77426,-35684990,621060,62711600,-27647670,0,15804150,621060,615296450,95227410,726949070,51489140,0,552584850,122875080,726949070
2021-10-14,9490,9770,9400,9730,68872,3.4006376195536663,0,-455,8494,-8039,0,0,558,58158,10156,68872,0,1013,49664,18195,68872,0,-4164220,81837460,-77673240,0,0,5418760,556347050,96641780,658407590,0,9582980,474509590,174315020,658407590
2021-10-15,9820,9850,9660,9780,44166,0.513874614594039,0,0,7519,-7519,0,0,0,39066,5100,44166,0,0,31547,12619,44166,0,0,73118110,-73118110,0,0,0,380786530,49699910,430486440,0,0,307668420,122818020,430486440
2021-10-18,9820,9870,9510,9700,45877,-0.81799591002045,0,119,6569,-6688,0,0,119,42772,2986,45877,0,0,36203,9674,45877,0,1155090,63897750,-65052840,0,0,1155090,413108780,28789970,443053840,0,0,349211030,93842810,443053840
2021-10-19,9700,9860,9320,9460,160331,-2.4742268041237114,-38858,3641,39559,-4342,0,0,3641,146980,9710,160331,38858,0,107421,14052,160331,-366909910,34220400,375702240,-43012730,0,0,34220400,1391797480,91427040,1517444920,366909910,0,1016095240,134439770,1517444920
2021-10-20,9450,9530,9320,9340,45376,-1.2684989429175475,0,0,4550,-4550,0,0,0,40383,4993,45376,0,0,35833,9543,45376,0,0,42613800,-42613800,0,0,0,379481060,47093270,426574330,0,0,336867260,89707070,426574330
2021-10-21,9440,9440,9100,9230,91718,-1.177730192719486,-33760,0,26377,7383,0,0,0,75791,15927,91718,33760,0,49414,8544,91718,-310248580,0,243004190,67244390,0,0,0,699893280,146563710,846456990,310248580,0,456889090,79319320,846456990
2021-10-22,9300,9320,9130,9180,44568,-0.5417118093174431,-3196,0,913,2283,0,0,0,36554,8014,44568,3196,0,35641,5731,44568,-29413930,0,8576150,20837780,0,0,0,336921350,73848580,410769930,29413930,0,328345200,53010800,410769930
2021-10-25,9120,9510,9070,9460,155222,3.0501089324618738,-26533,5870,27925,-7262,0,0,5870,113529,35823,155222,26533,0,85604,43085,155222,-242451500,53417000,257445450,-68410950,0,0,53417000,1050308940,327371120,1431097060,242451500,0,792863490,395782070,1431097060
2021-10-26,9460,9470,9250,9360,113221,-1.0570824524312896,-39237,3245,53731,-17739,0,0,3245,98867,11109,113221,39237,0,45136,28848,113221,-364537880,30145600,500551320,-166159040,0,0,30145600,921774060,103517720,1055437380,364537880,0,421222740,269676760,1055437380
2021-10-27,9290,9360,9020,9100,164211,-2.7777777777777777,-37436,4500,23412,9524,0,0,4500,127931,31780,164211,37436,0,104519,22256,164211,-339981020,40825000,214167060,84988960,0,0,40825000,1165532780,289092650,1495450430,339981020,0,951365720,204103690,1495450430
2021-10-28,9150,9190,9000,9050,91211,-0.5494505494505495,-34953,600,20949,13404,0,0,1000,66556,23655,91211,34953,400,45607,10251,91211,-315899730,5470000,189144870,121284860,0,0,9090000,603308050,214617710,827015760,315899730,3620000,414163180,93332850,827015760
2021-10-29,9140,9140,8720,8810,119897,-2.6519337016574585,-35347,2022,35825,-2500,0,0,2022,102954,14921,119897,35347,0,67129,17421,119897,-312908640,17840260,320035940,-24967560,0,0,17840260,917166800,131892070,1066899130,312908640,0,597130860,156859630,1066899130
2021-11-01,8810,8860,8640,8660,80979,-1.70261066969353,0,933,-19336,18403,0,0,933,55836,24210,80979,0,0,75172,5807,80979,0,8237070,-168937210,160700140,0,0,8237070,487740670,211748690,707726430,0,0,656677880,51048550,707726430
2021-11-02,8700,8940,8680,8890,62755,2.655889145496536,0,6811,450,-7261,0,0,6811,49468,6476,62755,0,0,49018,13737,62755,0,59520580,4646280,-64166860,0,0,59520580,435217660,56517210,551255450,0,0,430571380,120684070,551255450
2021-11-03,9070,9070,8630,8740,88394,-1.687289088863892,-35000,12,51284,-16296,0,0,12,84954,3428,88394,35000,0,33670,19724,88394,-305228350,104160,449000300,-143876110,0,0,104160,744014250,29833250,773951660,305228350,0,295013950,173709360,773951660
2021-11-04,8830,8840,8320,8500,134146,-2.745995423340961,-32049,2000,21387,8662,0,0,2000,112400,19746,134146,32049,0,91013,11084,134146,-270732970,16821500,182764750,71146720,0,0,16821500,953351260,166248600,1136421360,270732970,0,770586510,95101880,1136421360
2021-11-05,8580,9870,8430,9280,574320,9.176470588235293,38000,4768,17737,-60505,0,38000,5045,486275,45000,574320,0,277,468538,105505,574320,350448950,42677490,164491570,-557618010,0,350448950,45234080,4510007620,407446930,5313137580,0,2556590,4345516050,965064940,5313137580
2021-11-08,9300,9430,9010,9180,197251,-1.0775862068965518,-11615,-1114,12224,505,0,0,543,164753,31955,197251,11615,1657,152529,31450,197251,-106427040,-10538430,111738330,5227140,0,0,4957590,1516001500,295568670,1816527760,106427040,15496020,1404263170,290341530,1816527760
2021-11-09,9250,9250,8800,8820,262563,-3.9215686274509802,-19000,3407,52499,-36906,0,11000,3407,223881,24275,262563,30000,0,171382,61181,262563,-169811630,30203790,467956860,-328349020,0,97260070,30203790,1999814010,218436540,2345714410,267071700,0,1531857150,546785560,2345714410
2021-11-10,8820,8930,8310,8380,185705,-4.988662131519274,-33690,1312,37358,-4980,0,0,1312,163173,21220,185705,33690,0,125815,26200,185705,-286173820,11175950,319415090,-44417220,0,0,11175950,1388539940,179942940,1579658830,286173820,0,1069124850,224360160,1579658830
2021-11-11,8450,8510,8000,8110,263274,-3.221957040572793,-125643,46,94700,30897,0,0,46,209634,53594,263274,125643,0,114934,22697,263274,-1014972260,370300,768589120,246012840,0,0,370300,1711539570,435789880,2147699750,1014972260,0,942950450,189777040,2147699750
2021-11-12,8110,8420,8110,8330,116740,2.7127003699136867,3740,-69,-3511,-160,0,29241,211,75249,12039,116740,25501,280,78760,12199,116740,31861440,-582420,-29657860,-1621160,0,244370680,1738780,625515630,99818940,971444030,212509240,2321200,655173490,101440100,971444030
2021-11-15,8460,8490,8120,8260,163610,-0.8403361344537815,4679,2172,-16347,9496,0,36679,2480,88812,35639,163610,32000,308,105159,26143,163610,38320840,17869160,-132212590,76022590,0,302743840,20419400,735191520,294275430,1352630190,264423000,2550240,867404110,218252840,1352630190
2021-11-16,8250,8260,8020,8060,133508,-2.4213075060532687,-13708,132,14798,-1222,0,3792,132,116223,13361,133508,17500,0,101425,14583,133508,-111912170,1072480,121544550,-10704860,0,31112700,1072480,946352060,108542860,1087080100,143024870,0,824807510,119247720,1087080100
2021-11-17,8110,8180,7800,7800,172886,-3.225806451612903,-38004,1172,28427,8405,0,0,1172,144725,26989,172886,38004,0,116298,18584,172886,-300887380,9349050,227542130,63996200,0,0,9349050,1148256860,213120450,1370726360,300887380,0,920714730,149124250,1370726360
2021-11-18,7740,7800,7530,7550,174440,-3.205128205128205,-35356,6,10462,24888,0,0,6,134094,40340,174440,35356,0,123632,15452,174440,-270004090,45450,80280930,189677710,0,0,45450,1020807340,307809340,1328662130,270004090,0,940526410,118131630,1328662130
2021-11-19,7540,7760,7350,7710,162930,2.119205298013245,-18065,1000,13259,3806,0,21400,1000,115031,25499,162930,39465,0,101772,21693,162930,-132992720,7740000,99639450,25613270,0,162437530,7740000,863433660,190241070,1223852260,295430250,0,763794210,164627800,1223852260
2021-11-22,7710,7710,7360,7500,156791,-2.7237354085603114,-32461,-251,14375,18337,0,13000,500,115926,27365,156791,45461,751,101551,9028,156791,-241158410,-1832490,108149100,134841800,0,96736240,3710000,863597980,203116950,1167161170,337894650,5542490,755448880,68275150,1167161170
2021-11-23,7510,7520,7300,7410,116327,-1.2,-24285,0,7336,16949,0,0,0,89832,26495,116327,24285,0,82496,9546,116327,-180643730,0,54997530,125646200,0,0,0,665701750,196645460,862347210,180643730,0,610704220,70999260,862347210
2021-11-24,7400,7600,7380,7520,59425,1.484480431848853,-925,0,2786,-1861,0,0,0,50494,8931,59425,925,0,47708,10792,59425,-6898060,0,20840230,-13942170,0,0,0,376622460,66726150,443348610,6898060,0,355782230,80668320,443348610
2021-11-25,7560,7610,7400,7410,63407,-1.4627659574468086,0,-25,5761,-5736,0,0,131,52385,10891,63407,0,156,46624,16627,63407,0,-178660,43984140,-43805480,0,0,987740,392985370,81156700,475129810,0,1166400,349001230,124962180,475129810
2021-11-26,7410,7450,6980,7010,192367,-5.398110661268556,-9893,0,7462,2431,0,0,0,172264,20103,192367,9893,0,164802,17672,192367,-70835510,0,55819950,15015560,0,0,0,1227439600,142579570,1370019170,70835510,0,1171619650,127564010,1370019170
2021-11-29,6600,6950,6600,6740,140047,-3.851640513552068,10000,1000,-39565,28565,0,10000,1000,89750,39297,140047,0,0,129315,10732,140047,68043700,6840000,-268655760,193772060,0,68043700,6840000,607780810,266856520,949521030,0,0,876436570,73084460,949521030
2021-11-30,6810,7090,6670,6680,133880,-0.8902077151335311,27849,710,-2451,-26108,0,27849,710,88614,16707,133880,0,0,91065,42815,133880,195085690,4953870,-16886560,-183153000,0,195085690,4953870,610807790,114591580,925438930,0,0,627694350,297744580,925438930
2021-12-01,6710,7000,6630,6970,83476,4.341317365269461,0,0,15526,-15526,0,0,0,73755,9721,83476,0,0,58229,25247,83476,0,0,107375360,-107375360,0,0,0,507545730,66228210,573773940,0,0,400170370,173603570,573773940
2021-12-02,6950,7780,6930,7550,290802,8.321377331420372,-6452,0,56752,-50300,0,0,0,258584,32218,290802,6452,0,201832,82518,290802,-47706480,0,419811820,-372105340,0,0,0,1929419310,240238020,2169657330,47706480,0,1509607490,612343360,2169657330
2021-12-03,7580,7580,7320,7500,72967,-0.6622516556291391,446,0,20050,-20496,0,446,0,68246,4275,72967,0,0,48196,24771,72967,3296860,0,149444850,-152741710,0,3296860,0,507320270,31572000,542189130,0,0,357875420,184313710,542189130
2021-12-06,7420,7550,7340,7480,57373,-0.26666666666666666,9874,-1000,9697,-18571,0,9874,0,46368,1131,57373,0,1000,36671,19702,57373,73912530,-7540000,72215710,-138588240,0,73912530,0,346406920,8415730,428735180,0,7540000,274191210,147003970,428735180
2021-12-07,7530,7870,7440,7850,120412,4.946524064171124,0,0,26658,-26658,0,0,0,113042,7370,120412,0,0,86384,34028,120412,0,0,204747260,-204747260,0,0,0,868093100,56487520,924580620,0,0,663345840,261234780,924580620
2021-12-08,7940,8140,7800,7820,137805,-0.3821656050955414,0,0,24297,-24297,0,0,0,125146,12659,137805,0,0,100849,36956,137805,0,0,192887470,-192887470,0,0,0,994183930,101165760,1095349690,0,0,801296460,294053230,1095349690
2021-12-09,7900,8000,7870,7940,61204,1.5345268542199488,0,0,-372,372,0,0,0,49966,11238,61204,0,0,50338,10866,61204,0,0,-2430620,2430620,0,0,0,396413750,88793270,485207020,0,0,398844370,86362650,485207020
2021-12-10,7810,7920,7760,7810,56148,-1.63727959697733,0,-500,13393,-12893,0,0,0,54846,1302,56148,0,500,41453,14195,56148,0,-3905000,104658750,-100753750,0,0,0,428666410,10211010,438877420,0,3905000,324007660,110964760,438877420
2021-12-13,7930,7930,7460,7590,90968,-2.8169014084507045,0,-1680,9485,-7805,0,0,320,82777,7871,90968,0,2000,73292,15676,90968,0,-12813410,74092310,-61278900,0,0,2435500,633948870,59840990,696225360,0,15248910,559856560,121119890,696225360
2021-12-14,7450,7600,7400,7450,44811,-1.844532279314888,0,-1555,-2948,4503,0,0,51,36504,8256,44811,0,1606,39452,3753,44811,0,-11647560,-22121300,33768860,0,0,378500,272430420,61853630,334662550,0,12026060,294551720,28084770,334662550
2021-12-15,7450,7510,7320,7350,52185,-1.342281879194631,0,-6000,2030,3970,0,0,0,42895,9290,52185,0,6000,40865,5320,52185,0,-44810000,15016790,29793210,0,0,0,316798080,69119630,385917710,0,44810000,301781290,39326420,385917710
2021-12-16,7340,7460,7250,7350,49113,0.0,4300,-1873,5626,-8053,0,4300,30,42032,2751,49113,0,1903,36406,10804,49113,31737360,-13864400,41571730,-59444690,0,31737360,217800,308952520,20223000,361130680,0,14082200,267380790,79667690,361130680
2021-12-17,7280,7350,7000,7110,199391,-3.2653061224489797,0,-2984,-2494,5478,0,0,5220,167895,26276,199391,0,8204,170389,20798,199391,0,-21071460,-16466700,37538160,0,0,37330640,1198470790,186886750,1422688180,0,58402100,1214937490,149348590,1422688180
2021-12-20,7110,7140,6750,6750,143815,-5.063291139240507,-7856,9,11096,-3249,0,0,9,132074,11732,143815,7856,0,120978,14981,143815,-53863670,61630,77232380,-23430340,0,0,61630,904148560,80345170,984555360,53863670,0,826916180,103775510,984555360
2021-12-21,6940,6940,6760,6870,61283,1.7777777777777777,-14336,0,19695,-5359,0,9000,0,45469,6814,61283,23336,0,25774,12173,61283,-97749310,0,134314080,-36564770,0,61626120,0,310999690,46543360,419169170,159375430,0,176685610,83108130,419169170
2021-12-22,7000,7950,6970,7860,1189536,14.41048034934498,-25943,10491,95419,-79967,0,4224,20482,1126833,37997,1189536,30167,9991,1031414,117964,1189536,-192061870,77153930,724244400,-609336460,0,30039620,153968280,8590063850,285039190,9059110940,222101490,76814350,7865819450,894375650,9059110940
2021-12-23,7870,8280,7710,8220,502818,4.580152671755725,-19828,-12874,21766,10936,0,0,0,447784,55034,502818,19828,12874,426018,44098,502818,-156490540,-103360620,177095660,82755500,0,0,0,3587038330,439100650,4026138980,156490540,103360620,3409942670,356345150,4026138980
2021-12-24,8250,8620,8180,8610,451703,4.744525547445255,-23520,1387,46893,-24760,0,0,1623,415043,35037,451703,23520,236,368150,59797,451703,-200472040,11872610,400260480,-211661050,0,0,13901140,3533336440,298689310,3845926890,200472040,2028530,3133075960,510350360,3845926890
2021-12-27,8910,9060,8770,8870,793611,3.0197444831591174,-33463,1100,90211,-57848,0,0,1102,757237,35272,793611,33463,2,667026,93120,793611,-295763260,9769230,799137980,-513143950,0,0,9786990,6746373670,314923680,7071084340,295763260,17760,5947235690,828067630,7071084340
2021-12-28,8920,8920,8640,8720,305423,-1.6910935738444193,-89331,845,99996,-11510,0,0,845,287416,17162,305423,89331,0,187420,28672,305423,-780917720,7369950,875418580,-101870810,0,0,7369950,2517011170,149914960,2674296080,780917720,0,1641592590,251785770,2674296080
2021-12-29,8760,8820,8360,8500,274927,-2.522935779816514,-57106,-4083,71819,-10630,0,0,0,258103,16824,274927,57106,4083,186284,27454,274927,-487499450,-35355440,613683470,-90828580,0,0,0,2219260260,145603280,2364863540,487499450,35355440,1605576790,236431860,2364863540
2021-12-30,8500,8720,8410,8600,125170,1.1764705882352942,-13335,-1,5018,8318,0,9205,0,101121,14844,125170,22540,1,96103,6526,125170,-112904760,-8530,42503710,70409580,0,78431510,0,864500780,126590280,1069522570,191336270,8530,821997070,56180700,1069522570
2022-01-03,8550,8550,8210,8310,194721,-3.372093023255814,-22855,163,36108,-13416,0,0,163,189714,4844,194721,22855,0,153606,18260,194721,-190342530,1352170,301309940,-112319580,0,0,1352170,1583057130,40541250,1624950550,190342530,0,1281747190,152860830,1624950550
2022-01-04,8360,8360,8030,8140,149355,-2.0457280385078223,-28367,3254,24359,754,0,0,5053,133234,11068,149355,28367,1799,108875,10314,149355,-229496990,26690680,197375000,5431310,0,0,41177800,1081801820,89846330,1212825950,229496990,14487120,884426820,84415020,1212825950
2022-01-05,8140,8160,7940,8070,124436,-0.85995085995086,-32066,-1902,35829,-1861,0,3403,98,111719,9216,124436,35469,2000,75890,11077,124436,-256923070,-15156730,287522670,-15442870,0,27203060,783300,896724950,73891060,998602370,284126130,15940030,609202280,89333930,998602370
2022-01-06,7960,8160,7910,7940,127089,-1.6109045848822798,8818,0,-2741,-6077,0,8818,0,99837,18434,127089,0,0,102578,24511,127089,70656130,0,-21569500,-49086630,0,70656130,0,800669990,147092740,1018418860,0,0,822239490,196179370,1018418860
2022-01-07,8000,8100,7930,8030,78594,1.1335012594458438,-13174,700,10381,2093,0,0,700,72628,5266,78594,13174,0,62247,3173,78594,-105318820,5621000,83239490,16458330,0,0,5621000,580944300,41898430,628463730,105318820,0,497704810,25440100,628463730
2022-01-10,8050,8080,7680,7700,104195,-4.10958904109589,0,-4950,19772,-14822,0,0,170,100289,3736,104195,0,5120,80517,18558,104195,0,-38241150,156014910,-117773760,0,0,1318850,786189890,29371180,816879920,0,39560000,630174980,147144940,816879920
2022-01-11,7710,7800,7100,7510,137771,-2.4675324675324677,0,314,-12576,12262,0,0,500,120027,17244,137771,0,186,132603,4982,137771,0,2385580,-93774410,91388830,0,0,3775000,899034450,128973780,1031783230,0,1389420,992808860,37584950,1031783230
2022-01-12,7550,7700,7440,7550,152302,0.5326231691078562,0,1088,-16071,14983,0,0,1088,131779,19435,152302,0,0,147850,4452,152302,0,8199760,-120932950,112733190,0,0,8199760,992919660,146373260,1147492680,0,0,1113852610,33640070,1147492680
2022-01-13,7640,7950,7550,7720,96740,2.251655629139073,0,0,7214,-7214,0,0,0,92103,4637,96740,0,0,84889,11851,96740,0,0,56669830,-56669830,0,0,0,711961860,35530730,747492590,0,0,655292030,92200560,747492590
2022-01-14,7800,7800,7510,7620,83731,-1.2953367875647668,0,-3725,7510,-3785,0,0,275,77246,6210,83731,0,4000,69736,9995,83731,0,-28366970,57470340,-29103370,0,0,2073030,587468110,47134830,636675970,0,30440000,529997770,76238200,636675970
2022-01-17,7660,7720,7440,7470,84655,-1.968503937007874,-39,0,16435,-16396,0,0,0,82940,1715,84655,39,0,66505,18111,84655,-293250,0,125233730,-124940480,0,0,0,625865450,12985030,638850480,293250,0,500631720,137925510,638850480
2022-01-18,7590,8300,7350,8090,484216,8.299866131191433,-33672,-3997,56339,-18670,0,0,321,455443,28452,484216,33672,4318,399104,47122,484216,-255988620,-30325130,432754690,-146440940,0,0,2577990,3555978830,221385480,3779942300,255988620,32903120,3123224140,367826420,3779942300
2022-01-19,8050,8090,7670,7690,198264,-4.944375772558715,-23543,505,28037,-4999,0,0,505,191780,5979,198264,23543,0,163743,10978,198264,-185273240,3884000,221549450,-40160210,0,0,3884000,1511204370,47132480,1562220850,185273240,0,1289654920,87292690,1562220850
2022-01-20,7670,7990,7610,7850,138928,2.080624187256177,-31193,279,28746,2168,0,0,398,130972,7558,138928,31193,119,102226,5390,138928,-243029010,2190870,223454890,17383250,0,0,3124610,1019405370,59020420,1081550400,243029010,933740,795950480,41637170,1081550400
2022-01-21,7770,8030,7680,7980,215402,1.6560509554140128,-20966,1,7378,13587,0,6297,1,181456,27648,215402,27263,0,174078,14061,215402,-165934170,7690,59092880,106833600,0,50045510,7690,1437788860,218455990,1706298050,215979680,0,1378695980,111622390,1706298050
2022-01-24,7980,8330,7970,8290,425260,3.8847117794486214,11046,7326,-21354,2982,0,11046,7326,371557,35331,425260,0,0,392911,32349,425260,90833140,60716930,-175483160,23933090,0,90833140,60716930,3055226560,290046620,3496823250,0,0,3230709720,266113530,3496823250
2022-01-25,8300,8350,7730,7860,263684,-5.1869722557297955,36,510,9006,-9552,0,36,510,243730,19408,263684,0,0,234724,28960,263684,285530,4118800,75120170,-79524500,0,285530,4118800,1956641990,154213670,2115259990,0,0,1881521820,233738170,2115259990
2022-01-26,7860,8080,7770,7780,127633,-1.0178117048346056,0,-3947,4381,-434,0,0,1053,113428,13152,127633,0,5000,109047,13586,127633,0,-31227380,34264720,-3037340,0,0,8277520,895057610,104545240,1007880370,0,39504900,860792890,107582580,1007880370
2022-01-27,7790,7850,7170,7530,180102,-3.2133676092544987,16027,-157,-14136,-1734,0,16027,210,150861,13004,180102,0,367,164997,14738,180102,121396050,-1247740,-106264440,-13883870,0,121396050,1544120,1122116130,95681310,1340737610,0,2791860,1228380570,109565180,1340737610
2022-01-28,7540,8080,7400,7990,166592,6.108897742363878,0,-1707,3527,-1820,0,0,70,153024,13498,166592,0,1777,149497,15318,166592,0,-13550430,27020790,-13470360,0,0,543200,1204160980,104553810,1309257990,0,14093630,1177140190,118024170,1309257990
2022-02-03,8040,8300,7990,8090,148219,1.2515644555694618,0,1100,-2637,1537,0,0,1241,138233,8745,148219,0,141,140870,7208,148219,0,8913960,-20748930,11834970,0,0,10064510,1125047600,70653930,1205766040,0,1150550,1145796530,58818960,1205766040
2022-02-04,8070,8600,8040,8600,389708,6.30407911001236,0,5706,-15906,10200,0,0,8500,347416,33792,389708,0,2794,363322,23592,389708,0,47978330,-132502900,84524570,0,0,71883910,2905744870,280108880,3257737660,0,23905580,3038247770,195584310,3257737660
2022-02-07,8750,8930,8610,8790,456833,2.2093023255813953,6125,-4691,7254,-8688,0,6125,2420,425341,22947,456833,0,7111,418087,31635,456833,53854070,-40628990,63266200,-76491280,0,53854070,21284800,3743523160,202169860,4020831890,0,61913790,3680256960,278661140,4020831890
2022-02-08,8890,9200,8650,8890,613634,1.1376564277588168,5073,2662,-31879,24144,0,5073,9870,551647,47044,613634,0,7208,583526,22900,613634,45631330,25212140,-286302760,215459290,0,45631330,88751950,4951574020,420679720,5506637020,0,63539810,5237876780,205220430,5506637020
2022-02-09,8990,9460,8930,9330,485606,4.949381327334083,4256,10326,-6986,-7596,0,4256,18600,429575,33175,485606,0,8274,436561,40771,485606,39323290,96246260,-64762940,-70806610,0,39323290,173198140,3968135370,304980390,4485637190,0,76951880,4032898310,375787000,4485637190
2022-02-10,9300,9390,8930,9160,674494,-1.822079314040729,-25778,-2818,47768,-19172,0,0,80,649930,24484,674494,25778,2898,602162,43656,674494,-234315790,-26182630,437865970,-177367550,0,0,746600,5971705000,227123160,6199574760,234315790,26929230,5533839030,404490710,6199574760
2022-02-11,9040,9420,9040,9120,438559,-0.43668122270742354,-25736,-9801,37768,-2231,0,0,0,416085,22474,438559,25736,9801,378317,24705,438559,-237365150,-89983650,348883750,-21534950,0,0,0,3847680040,207708050,4055388090,237365150,89983650,3498796290,229243000,4055388090
2022-02-14,8900,9140,8800,9000,284735,-1.3157894736842104,0,-6849,-8378,15227,0,0,400,251642,32693,284735,0,7249,260020,17466,284735,0,-61569320,-74056480,135625800,0,0,3616000,2264816540,293212140,2561644680,0,65185320,2338873020,157586340,2561644680
2022-02-15,9000,9120,8800,8890,230551,-1.2222222222222223,207,-1946,8954,-7215,0,207,54,214818,15472,230551,0,2000,205864,22687,230551,1840290,-17213360,80247270,-64874200,0,1840290,486640,1921193310,138179030,2061699270,0,17700000,1840946040,203053230,2061699270
2022-02-16,9190,9190,9040,9130,196126,2.699662542182227,0,1825,-502,-1323,0,0,1869,183839,10418,196126,0,44,184341,11741,196126,0,16609980,-4680380,-11929600,0,0,17011260,1674784370,95104490,1786900120,0,401280,1679464750,107034090,1786900120
2022-02-17,9170,9990,9170,9540,1605269,4.490690032858708,3349,-24361,-14202,35214,0,3349,2266,1459157,140497,1605269,0,26627,1473359,105283,1605269,32393710,-240669180,-122087220,330362690,0,32393710,21812780,14055922860,1346287930,15456417280,0,262481960,14178010080,1015925240,15456417280
2022-02-18,9490,9870,9410,9570,601913,0.3144654088050315,0,1750,25963,-27713,0,0,1750,547143,53020,601913,0,0,521180,80733,601913,0,16677480,254812820,-271490300,0,0,16677480,5268756670,508055420,5793489570,0,0,5013943850,779545720,5793489570
2022-02-21,9470,9660,9400,9530,334586,-0.41797283176593525,0,1,-2473,2472,0,0,1,315324,19261,334586,0,0,317797,16789,334586,0,9640,-22624230,22614590,0,0,9640,3012957160,183340310,3196307110,0,0,3035581390,160725720,3196307110
2022-02-22,9380,9470,9180,9200,356866,-3.4627492130115427,0,-736,3399,-2663,0,0,350,340190,16326,356866,0,1086,336791,18989,356866,0,-6802140,32451440,-25649300,0,0,3232500,3160570010,151695890,3315498400,0,10034640,3128118570,177345190,3315498400
2022-02-23,9300,9410,8860,8970,466185,-2.5,0,-5066,18310,-13244,0,0,2582,432651,30952,466185,0,7648,414341,44196,466185,0,-44590550,165791840,-121201290,0,0,23651560,3949529570,285174250,4258355380,0,68242110,3783737730,406375540,4258355380
2022-02-24,8870,8910,8330,8500,534851,-5.2396878483835,6147,-873,-10904,5630,0,6302,127,483498,44924,534851,155,1000,494402,39294,534851,52937640,-7640140,-90279450,44981950,0,54284760,1080400,4145779180,386334840,4587479180,1347120,8720540,4236058630,341352890,4587479180
2022-02-25,8650,8880,8550,8880,314573,4.470588235294118,11,1141,-7965,6813,0,11,1141,278571,34850,314573,0,0,286536,28037,314573,95640,10025510,-70289510,60168360,0,95640,10025510,2430017320,304201250,2744339720,0,0,2500306830,244032890,2744339720
2022-02-28,8770,8880,8300,8830,159244,-0.5630630630630631,2266,-2040,7504,-7730,0,2266,579,148345,8054,159244,0,2619,140841,15784,159244,19851220,-17571240,65919530,-68199510,0,19851220,5095200,1297986870,70373360,1393306650,0,22666440,1232067340,138572870,1393306650
2022-03-02,8750,8880,8680,8800,125415,-0.33975084937712347,2255,200,-1536,-919,0,2255,200,115626,7334,125415,0,0,117162,8253,125415,19837310,1740000,-13265130,-8312180,0,19837310,1740000,1015219180,64248230,1101044720,0,0,1028484310,72560410,1101044720
2022-03-03,8930,8930,8700,8840,113056,0.45454545454545453,-943,-790,-1358,3091,0,0,200,106471,6385,113056,943,990,107829,3294,113056,-8309820,-6925920,-11835410,27071150,0,0,1757000,937762070,56361600,995880670,8309820,8682920,949597480,29290450,995880670
2022-03-04,8820,8850,8550,8580,206805,-2.941176470588235,-7751,-3829,11420,160,0,0,0,194397,12408,206805,7751,3829,182977,12248,206805,-66674850,-33039270,98455640,1258480,0,0,0,1679525060,107701390,1787226450,66674850,33039270,1581069420,106442910,1787226450
2022-03-07,8440,8480,8250,8360,150953,-2.564102564102564,2279,-290,5486,-7475,0,2279,50,139789,8835,150953,0,340,134303,16310,150953,19050320,-2401100,45740200,-62389420,0,19050320,417500,1166476020,74094610,1260038450,0,2818600,1120735820,136484030,1260038450
2022-03-08,8220,8370,8190,8220,105114,-1.674641148325359,2733,-255,-4912,2434,0,2733,201,93365,8815,105114,0,456,98277,6381,105114,22786350,-2095870,-40864870,20174390,0,22786350,1670690,771157140,72860990,868475170,0,3766560,812022010,52686600,868475170
2022-03-10,8400,8540,8370,8370,92327,1.824817518248175,2845,2471,-6723,1407,0,2845,2500,75035,11947,92327,0,29,81758,10540,92327,24068830,20773660,-56921340,12078850,0,24068830,21019000,633724220,101196390,780008440,0,245340,690645560,89117540,780008440
2022-03-11,8370,8800,8320,8630,176879,3.106332138590203,-5030,1646,-32,3416,0,0,1657,164818,10404,176879,5030,11,164850,6988,176879,-43395470,14149240,-122990,29369220,0,0,14244500,1424739720,90107120,1529091340,43395470,95260,1424862710,60737900,1529091340
2022-03-14,8620,8700,8200,8280,189653,-4.055619930475087,-13650,-27,16764,-3087,0,0,0,170070,19583,189653,13650,27,153306,22670,189653,-113779380,-225450,141270040,-27265210,0,0,0,1424622340,164140700,1588763040,113779380,225450,1283352300,191405910,1588763040
2022-03-15,8280,8540,8240,8390,101058,1.328502415458937,0,3860,-10998,7138,0,0,3860,84642,12556,101058,0,0,95640,5418,101058,0,32386250,-92548500,60162250,0,0,32386250,709861530,105496490,847744270,0,0,802410030,45334240,847744270
2022-03-16,8510,8620,8470,8620,104782,2.7413587604290823,1790,0,-1614,-176,0,2000,0,95442,7340,104782,210,0,97056,7516,104782,15357870,0,-14126920,-1230950,0,17155020,0,816474850,62845220,896475090,1797150,0,830601770,64076170,896475090
2022-03-17,8800,8800,8570,8600,111544,-0.23201856148491878,-160,-647,8640,-7833,0,0,501,104617,6426,111544,160,1148,95977,14259,111544,-1389800,-5607680,75001990,-68004510,0,0,4321100,906817380,55436340,966574820,1389800,9928780,831815390,123440850,966574820
2022-03-18,8600,8600,8450,8530,104134,-0.813953488372093,-10063,-234,23428,-13131,0,0,0,98785,5349,104134,10063,234,75357,18480,104134,-85444100,-1988990,198970200,-111537110,0,0,0,839644490,45629080,885273570,85444100,1988990,640674290,157166190,885273570
2022-03-21,8560,8710,8500,8600,95181,0.8206330597889802,-2000,0,-13718,15718,0,0,0,72688,22493,95181,2000,0,86406,6775,95181,-17267200,0,-118394240,135661440,0,0,0,627350590,194128740,821479330,17267200,0,745744830,58467300,821479330
2022-03-22,8700,8700,8500,8520,102161,-0.9302325581395349,0,0,5849,-5849,0,0,0,98402,3759,102161,0,0,92553,9608,102161,0,0,50288230,-50288230,0,0,0,840421190,32064280,872485470,0,0,790132960,82352510,872485470
2022-03-23,8600,8610,8430,8430,111647,-1.056338028169014,0,-51,2966,-2915,0,0,0,106908,4739,111647,0,51,103942,7654,111647,0,-431960,25004550,-24572590,0,0,0,906173940,40358480,946532420,0,431960,881169390,64931070,946532420
2022-03-24,8430,8430,8240,8310,133073,-1.4234875444839856,-8948,-4417,11197,2168,0,0,3,126329,6741,133073,8948,4420,115132,4573,133073,-74058440,-36601260,92866950,17792750,0,0,24750,1046676490,55795500,1102496740,74058440,36626010,953809540,38002750,1102496740
2022-03-25,8350,8360,8200,8210,134056,-1.203369434416366,-13429,2850,9521,1058,0,0,4113,127328,2615,134056,13429,1263,117807,1557,134056,-110623430,23523380,78486970,8613080,0,0,33910630,1049660060,21526570,1105097260,110623430,10387250,971173090,12913490,1105097260
2022-03-28,8210,8310,8170,8200,74556,-0.12180267965895249,-16,4,185,-173,0,0,4,67261,7291,74556,16,0,67076,7464,74556,-131400,32830,1348740,-1250170,0,0,32830,553406830,60071040,613510700,131400,0,552058090,61321210,613510700
2022-03-29,8220,8360,8200,8310,76256,1.3414634146341464,0,1,-10109,10108,0,0,1,64180,12075,76256,0,0,74289,1967,76256,0,8200,-83375280,83367080,0,0,8200,530885240,99635900,630529340,0,0,614260520,16268820,630529340
2022-03-30,8380,8480,8290,8330,111421,0.24067388688327318,-141,0,2043,-1902,0,0,0,104837,6584,111421,141,0,102794,8486,111421,-1172230,0,16721020,-15548790,0,0,0,877215380,55329860,932545240,1172230,0,860494360,70878650,932545240
2022-03-31,8260,8340,8210,8230,118732,-1.2004801920768309,-6018,-595,-3357,9970,0,0,85,105444,13203,118732,6018,680,108801,3233,118732,-49820860,-4919310,-27142800,81882970,0,0,704290,870567370,108661530,979933190,49820860,5623600,897710170,26778560,979933190
2022-04-01,8200,8620,8200,8580,358226,4.25273390036452,0,-4580,-34384,38964,0,0,0,308382,49844,358226,0,4580,342766,10880,358226,0,-39169400,-290694290,329863690,0,0,0,2628658540,422749830,3051408370,0,39169400,2919352830,92886140,3051408370
2022-04-04,8820,8910,8660,8780,395188,2.331002331002331,554,3089,18893,-22536,0,554,3200,365060,26374,395188,0,111,346167,48910,395188,4854080,27153420,165192480,-197199980,0,4854080,28128000,3206813260,232148180,3471943520,0,974580,3041620780,429348160,3471943520
2022-04-05,8780,8780,8620,8740,104886,-0.45558086560364464,544,-2000,-1303,2759,0,544,0,96827,7515,104886,0,2000,98130,4756,104886,4740560,-17391320,-11073330,23724090,0,4740560,0,841974630,65162450,911877640,0,17391320,853047960,41438360,911877640
2022-04-06,8730,8950,8650,8870,217952,1.4874141876430207,542,-11,-6681,6150,0,542,0,198146,19264,217952,0,11,204827,13114,217952,4785080,-98120,-59227520,54540560,0,4785080,0,1751091160,170049960,1925926200,0,98120,1810318680,115509400,1925926200
2022-04-07,8880,8880,8640,8680,162924,-2.142051860202931,560,0,7563,-8123,0,560,0,155281,7083,162924,0,0,147718,15206,162924,4889810,0,66639210,-71529020,0,4889810,0,1355263670,61669490,1421822970,0,0,1288624460,133198510,1421822970
2022-04-08,8700,8730,8460,8520,116336,-1.8433179723502304,286,-2000,1641,73,0,286,0,103896,12154,116336,0,2000,102255,12081,116336,2447330,-17060000,14040790,571880,0,2447330,0,887776590,104034610,994258530,0,17060000,873735800,103462730,994258530
2022-04-11,8520,8800,8520,8600,159716,0.9389671361502347,288,572,-20951,20091,0,288,572,132294,26562,159716,0,0,153245,6471,159716,2491980,4981940,-181716150,174242230,0,2491980,4981940,1146536680,230303150,1384313750,0,0,1328252830,56060920,1384313750
2022-04-12,8560,8760,8490,8760,121398,1.8604651162790697,0,572,7554,-8126,0,0,572,111432,9394,121398,0,0,103878,17520,121398,0,4959240,65087010,-70046250,0,0,4959240,960857150,81114850,1046931240,0,0,895770140,151161100,1046931240
2022-04-13,8760,8770,8630,8650,108256,-1.2557077625570776,360,628,12579,-13567,0,360,628,106818,450,108256,0,0,94239,14017,108256,3123050,5437480,109157820,-117718350,0,3123050,5437480,925780090,3918170,938258790,0,0,816622270,121636520,938258790
2022-04-14,8700,8900,8670,8880,196199,2.6589595375722546,228,-1448,-6998,8218,0,228,572,169408,25991,196199,0,2020,176406,17773,196199,1992720,-12823260,-61235550,72066090,0,1992720,5073640,1493427020,228429050,1728922430,0,17896900,1554662570,156362960,1728922430
2022-04-15,8830,8900,8710,8900,142856,0.22522522522522523,362,9700,-8144,-1918,0,362,10000,122921,9573,142856,0,300,131065,11491,142856,3196880,85550800,-71365550,-17382130,0,3196880,88180000,1084344410,84016650,1259737940,0,2629200,1155709960,101398780,1259737940
2022-04-18,8880,9170,8770,8770,276199,-1.4606741573033708,2835,-1496,-3768,2429,0,4583,13,247164,24439,276199,1748,1509,250932,22010,276199,26050210,-13289970,-35301460,22541220,0,41661440,117300,2215175490,219774680,2476728910,15611230,13407270,2250476950,197233460,2476728910
2022-04-19,8840,8930,8770,8930,114209,1.8244013683010263,0,700,-5963,5263,0,0,1000,103105,10104,114209,0,300,109068,4841,114209,0,6162530,-52966250,46803720,0,0,8799530,911070880,89430230,1009300640,0,2637000,964037130,42626510,1009300640
2022-04-20,9060,9060,8880,8950,135498,0.22396416573348266,3070,-6,-3324,260,0,3070,0,125233,7195,135498,0,6,128557,6935,135498,27513020,-53920,-29395580,1936480,0,27513020,0,1122868130,64430360,1214811510,0,53920,1152263710,62493880,1214811510
2022-04-21,9000,9000,8750,8760,150968,-2.1229050279329607,0,0,-1263,1263,0,0,0,145853,5115,150968,0,0,147116,3852,150968,0,0,-11133280,11133280,0,0,0,1283429110,45069190,1328498300,0,0,1294562390,33935910,1328498300
2022-04-22,8740,8760,8620,8690,101544,-0.7990867579908676,5301,5579,-13194,2314,0,5301,5579,84677,5987,101544,0,0,97871,3673,101544,46012130,48257300,-114190580,19921150,0,46012130,48257300,734769120,51932460,880971010,0,0,848959700,32011310,880971010
2022-04-25,8470,8570,8350,8350,117048,-3.9125431530494823,321,2464,48,-2833,0,549,4136,108184,4179,117048,228,1672,108136,7012,117048,2737020,20862090,276170,-23875280,0,4647660,34968200,913327890,35503260,988447010,1910640,14106110,913051720,59378540,988447010
2022-04-26,8350,8500,8350,8410,76377,0.718562874251497,0,0,-5799,5799,0,0,0,69343,7034,76377,0,0,75142,1235,76377,0,0,-48654410,48654410,0,0,0,583348910,59063930,642412840,0,0,632003320,10409520,642412840
2022-04-27,8230,8300,8110,8250,101065,-1.9024970273483945,555,200,2845,-3600,0,555,200,96365,3945,101065,0,0,93520,7545,101065,4554180,1624050,23177600,-29355830,0,4554180,1624050,787834470,32253560,826266260,0,0,764656870,61609390,826266260
2022-04-28,8280,8560,8250,8420,111197,2.0606060606060606,1358,-595,-8421,7658,0,1358,5,96322,13512,111197,0,600,104743,5854,111197,11438970,-5016710,-71049860,64627600,0,11438970,42200,812006350,113912150,937399670,0,5058910,883056210,49284550,937399670
2022-04-29,8610,8920,8460,8460,421809,0.4750593824228029,-8730,-522,32194,-22942,0,0,700,401150,19959,421809,8730,1222,368956,42901,421809,-75294750,-4386690,281631370,-201949930,0,0,6194410,3481566940,173495610,3661256960,75294750,10581100,3199935570,375445540,3661256960
2022-05-02,8310,8440,8310,8410,59972,-0.5910165484633569,0,0,-2879,2879,0,0,0,54960,5012,59972,0,0,57839,2133,59972,0,0,-24031470,24031470,0,0,0,460644670,41967520,502612190,0,0,484676140,17936050,502612190
2022-05-03,8450,8480,8220,8220,110069,-2.2592152199762188,-5985,-1463,10237,-2789,0,0,36,106570,3463,110069,5985,1499,96333,6252,110069,-49594000,-12157920,85027290,-23275370,0,0,296560,885077610,28867190,914241360,49594000,12454480,800050320,52142560,914241360
2022-05-04,8220,8300,7900,7960,152015,-3.1630170316301705,0,39,-376,337,0,0,53,148419,3543,152015,0,14,148795,3206,152015,0,314990,-2303360,1988370,0,0,426790,1196602130,28199630,1225228550,0,111800,1198905490,26211260,1225228550
2022-05-06,7910,7950,7720,7730,114217,-2.8894472361809047,0,-1934,-2246,4180,0,0,66,102603,11548,114217,0,2000,104849,7368,114217,0,-15198120,-17195510,32393630,0,0,501880,794619880,89845160,884966920,0,15700000,811815390,57451530,884966920
2022-05-09,7400,7430,6970,7000,356173,-9.44372574385511,0,141,6239,-6380,0,0,161,330127,25885,356173,0,20,323888,32265,356173,0,1006140,46150120,-47156260,0,0,1145580,2347173560,183440460,2531759600,0,139440,2301023440,230596720,2531759600
2022-05-10,6810,7040,6650,7010,122825,0.14285714285714285,0,-8,-4349,4357,0,0,10,105968,16847,122825,0,18,110317,12490,122825,0,-55390,-29981550,30036940,0,0,67380,725481420,114930430,840479230,0,122770,755462970,84893490,840479230
2022-05-11,7010,7290,7000,7100,94627,1.2838801711840229,0,348,-10062,9714,0,0,350,79276,15001,94627,0,2,89338,5287,94627,0,2521550,-71516820,68995270,0,0,2536000,567227690,106881300,676644990,0,14450,638744510,37886030,676644990
2022-05-12,7020,7160,6740,6800,81024,-4.225352112676056,0,-323,-3800,4123,0,0,27,70110,10887,81024,0,350,73910,6764,81024,0,-2237430,-25715940,27953370,0,0,185360,486292200,75409520,561887080,0,2422790,512008140,47456150,561887080
2022-05-13,6810,7000,6810,6930,52837,1.911764705882353,0,14,7909,-7923,0,0,14,51070,1753,52837,0,0,43161,9676,52837,0,96240,54662590,-54758830,0,0,96240,351673920,12027810,363797970,0,0,297011330,66786640,363797970
2022-05-16,6960,7120,6930,6930,52600,0.0,0,0,4397,-4397,0,0,0,47784,4816,52600,0,0,43387,9213,52600,0,0,30974350,-30974350,0,0,0,334218330,33660210,367878540,0,0,303243980,64634560,367878540
2022-05-17,6950,7020,6790,6860,81169,-1.0101010101010102,0,70,-5202,5132,0,0,70,68469,12630,81169,0,0,73671,7498,81169,0,480900,-35190820,34709920,0,0,480900,468136900,86085800,554703600,0,0,503327720,51375880,554703600
2022-05-18,6890,7100,6860,6940,64482,1.1661807580174928,0,-14399,27407,-13008,0,0,1,62744,1737,64482,0,14400,35337,14745,64482,0,-99351030,189675240,-90324210,0,0,6860,434457530,12066160,446530550,0,99357890,244782290,102390370,446530550
2022-05-19,6720,6800,6650,6650,89812,-4.178674351585014,0,1005,6903,-7908,0,0,1005,84915,3892,89812,0,0,78012,11800,89812,0,6733260,46230810,-52964070,0,0,6733260,567474580,26216430,600424270,0,0,521243770,79180500,600424270
2022-05-20,6660,6730,6510,6710,89384,0.9022556390977444,2400,14,14133,-16547,0,2400,14,86323,647,89384,0,0,72190,17194,89384,16000500,92090,93113200,-109205790,0,16000500,92090,568520770,4274070,588887430,0,0,475407570,113479860,588887430
2022-05-23,6690,6690,6510,6530,83834,-2.682563338301043,0,30,8851,-8881,0,0,30,80298,3506,83834,0,0,71447,12387,83834,0,196500,58302280,-58498780,0,0,196500,527061930,23024700,550283130,0,0,468759650,81523480,550283130
2022-05-24,6570,6570,6310,6310,91133,-3.3690658499234303,0,0,1754,-1754,0,0,0,83600,7533,91133,0,0,81846,9287,91133,0,0,12075630,-12075630,0,0,0,535828160,47907560,583735720,0,0,523752530,59983190,583735720
2022-05-25,6370,6370,6250,6250,61082,-0.9508716323296356,0,-1400,-4406,5806,0,0,0,48956,12126,61082,0,1400,53362,6320,61082,0,-8820000,-27694500,36514500,0,0,0,307682530,76273070,383955600,0,8820000,335377030,39758570,383955600
2022-05-26,6240,6350,6100,6120,96754,-2.08,0,-18007,14666,3341,0,0,9,81856,14889,96754,0,18016,67190,11548,96754,0,-110454850,90547720,19907130,0,0,55260,508808800,92299480,601163540,0,110510110,418261080,72392350,601163540
2022-05-27,6220,6360,6220,6330,45782,3.431372549019608,0,0,3956,-3956,0,0,0,39905,5877,45782,0,0,35949,9833,45782,0,0,24900130,-24900130,0,0,0,251376570,36943390,288319960,0,0,226476440,61843520,288319960
2022-05-30,6430,6570,6390,6500,75421,2.6856240126382307,500,0,-4356,3856,0,500,0,58096,16825,75421,0,0,62452,12969,75421,3260880,0,-28181100,24920220,0,3260880,0,377725050,109390930,490376860,0,0,405906150,84470710,490376860
2022-05-31,6520,6580,6470,6530,34736,0.46153846153846156,0,0,861,-861,0,0,0,27343,7393,34736,0,0,26482,8254,34736,0,0,5574060,-5574060,0,0,0,178180220,48185500,226365720,0,0,172606160,53759560,226365720
2022-06-02,6560,6560,6320,6460,52143,-1.0719754977029097,0,150,5979,-6129,0,0,150,49353,2640,52143,0,0,43374,8769,52143,0,960000,38604640,-39564640,0,0,960000,316935000,16936490,334831490,0,0,278330360,56501130,334831490
2022-06-03,6550,6560,6400,6430,39980,-0.46439628482972134,0,0,-915,915,0,0,0,32829,7151,39980,0,0,33744,6236,39980,0,0,-5512450,5512450,0,0,0,212124880,46009640,258134520,0,0,217637330,40497190,258134520
2022-06-07,6440,6440,6220,6280,44995,-2.332814930015552,0,2,4907,-4909,0,0,2,42673,2320,44995,0,0,37766,7229,44995,0,12450,31078970,-31091420,0,0,12450,269011060,14585760,283609270,0,0,237932090,45677180,283609270
2022-06-08,6300,6300,6190,6210,40778,-1.1146496815286624,0,3,607,-610,0,0,3,35068,5707,40778,0,0,34461,6317,40778,0,18600,3853650,-3872250,0,0,18600,218430920,35517600,253967120,0,0,214577270,39389850,253967120
2022-06-09,6210,6250,6100,6170,44091,-0.644122383252818,0,150,-314,164,0,0,150,38780,5161,44091,0,0,39094,4997,44091,0,925500,-1907400,981900,0,0,925500,237899480,31639630,270464610,0,0,239806880,30657730,270464610
2022-06-10,6100,6130,6010,6040,90436,-2.106969205834684,0,2500,-15724,13224,0,0,2500,71639,16297,90436,0,0,87363,3073,90436,0,15095000,-95138680,80043680,0,0,15095000,433073070,98662100,546830170,0,0,528211750,18618420,546830170
2022-06-13,5890,5910,5500,5500,117757,-8.940397350993377,0,20,-18998,18978,0,0,20,88598,29139,117757,0,0,107596,10161,117757,0,112700,-106639100,106526400,0,0,112700,503530870,164727950,668371520,0,0,610169970,58201550,668371520
2022-06-14,5320,5680,5320,5590,94262,1.6363636363636365,8491,1,-28487,19995,0,8491,1,42644,43126,94262,0,0,71131,23131,94262,46966580,5610,-155213500,108241310,0,46966580,5610,234378720,235667520,517018430,0,0,389592220,127426210,517018430
2022-06-15,5560,5700,5060,5360,102877,-4.114490161001789,0,174,585,-759,0,0,174,76752,25951,102877,0,0,76167,26710,102877,0,932640,5509080,-6441720,0,0,932640,411256810,138296600,550486050,0,0,405747730,144738320,550486050
2022-06-16,5480,5590,5310,5330,51121,-0.5597014925373134,0,0,39,-39,0,0,0,36539,14582,51121,0,0,36500,14621,51121,0,0,443950,-443950,0,0,0,199274050,79577150,278851200,0,0,198830100,80021100,278851200
2022-06-17,5080,5370,5060,5270,102521,-1.125703564727955,0,2,-36773,36771,0,0,2,51908,50611,102521,0,0,88681,13840,102521,0,10290,-188656740,188646450,0,0,10290,269019270,261150860,530180420,0,0,457676010,72504410,530180420
2022-06-20,5270,5350,4850,4985,128355,-5.407969639468691,4764,0,-21806,17042,0,4764,0,81525,42066,128355,0,0,103331,25024,128355,23742185,0,-106722245,82980060,0,23742185,0,406309995,208794655,638846835,0,0,513032240,125814595,638846835
2022-06-21,4990,5100,4765,5010,71728,0.5015045135406219,5569,0,-21619,16050,0,5569,0,34967,31192,71728,0,0,56586,15142,71728,28209580,0,-108432980,80223400,0,28209580,0,174868840,155991890,359070310,0,0,283301820,75768490,359070310
2022-06-22,5030,5080,4615,4620,159726,-7.784431137724551,-14133,1,-1411,15543,0,0,1,114605,45120,159726,14133,0,116016,29577,159726,-66035665,4850,-5654805,71685620,0,0,4850,545673010,212536050,758213910,66035665,0,551327815,140850430,758213910
2022-06-23,4655,4845,4385,4520,222134,-2.1645021645021645,88935,0,-72474,-16461,0,93626,0,75846,52662,222134,4691,0,148320,69123,222134,419336145,0,-340609065,-78727080,0,440750250,0,349467970,244656365,1034874585,21414105,0,690077035,323383445,1034874585
2022-06-24,4525,4740,4475,4730,85185,4.646017699115045,9768,0,-18852,9084,0,9768,0,53963,21454,85185,0,0,72815,12370,85185,45877370,0,-87627045,41749675,0,45877370,0,250476210,99642625,395996205,0,0,338103255,57892950,395996205
2022-06-27,4885,4885,4700,4820,57126,1.9027484143763214,378,0,6965,-7343,0,378,0,47753,8995,57126,0,0,40788,16338,57126,1830230,0,33417525,-35247755,0,1830230,0,230902815,43573990,276307035,0,0,197485290,78821745,276307035
2022-06-28,4875,4875,4725,4785,41396,-0.7261410788381742,-4966,0,6133,-1167,0,0,0,32650,8746,41396,4966,0,26517,9913,41396,-23596540,0,29494835,-5898295,0,0,0,156209025,41654820,197863845,23596540,0,126714190,47553115,197863845
2022-06-29,4700,4950,4700,4880,68779,1.9853709508881923,0,0,8193,-8193,0,0,0,53545,15234,68779,0,0,45352,23427,68779,0,0,41052095,-41052095,0,0,0,259630920,72637380,332268300,0,0,218578825,113689475,332268300
2022-06-30,4855,4920,4635,4685,66963,-3.995901639344263,0,0,19311,-19311,0,0,0,65307,1656,66963,0,0,45996,20967,66963,0,0,91663325,-91663325,0,0,0,309613905,7838800,317452705,0,0,217950580,99502125,317452705
2022-07-01,4550,4800,4410,4460,75968,-4.8025613660619,-4802,0,21122,-16320,0,0,0,70725,5243,75968,4802,0,49603,21563,75968,-21782470,0,95566620,-73784150,0,0,0,319773935,24024830,343798765,21782470,0,224207315,97808980,343798765
2022-07-04,4510,4535,4300,4390,40749,-1.5695067264573992,0,0,559,-559,0,0,0,31210,9539,40749,0,0,30651,10098,40749,0,0,2812095,-2812095,0,0,0,137160875,41790010,178950885,0,0,134348780,44602105,178950885
2022-07-05,4350,4580,4350,4550,33160,3.644646924829157,0,0,-8328,8328,0,0,0,20721,12439,33160,0,0,29049,4111,33160,0,0,-37866875,37866875,0,0,0,93731175,56473115,150204290,0,0,131598050,18606240,150204290
2022-07-06,4550,5300,4490,4820,570176,5.934065934065933,4974,0,47985,-52959,0,4974,0,531467,33735,570176,0,0,483482,86694,570176,24003065,0,244179975,-268183040,0,24003065,0,2667248260,165248700,2856500025,0,0,2423068285,433431740,2856500025
2022-07-07,4835,4950,4765,4820,104158,0.0,-36151,0,16959,19192,0,0,0,68466,35692,104158,36151,0,51507,16500,104158,-178042195,0,83573730,94468465,0,0,0,334130245,175016385,509146630,178042195,0,250556515,80547920,509146630
2022-07-08,4820,4875,4795,4810,80149,-0.2074688796680498,-28937,0,1760,27177,0,0,0,44022,36127,80149,28937,0,42262,8950,80149,-139775220,0,8353055,131422165,0,0,0,212403480,174585495,386988975,139775220,0,204050425,43163330,386988975
2022-07-11,4830,4830,4710,4755,47602,-1.1434511434511436,-118,5098,-1472,-3508,0,0,5099,34261,8242,47602,118,1,35733,11750,47602,-567580,24127190,-6760345,-16799265,0,0,24131925,162838995,39165920,226136840,567580,4735,169599340,55965185,226136840
2022-07-12,4665,4750,4400,4510,126260,-5.152471083070452,-28572,4901,43039,-19368,0,0,4901,109609,11750,126260,28572,0,66570,31118,126260,-128373125,22300675,194800390,-88727940,0,0,22300675,493506640,52623590,568430905,128373125,0,298706250,141351530,568430905
2022-07-13,4470,4730,4450,4600,66560,1.9955654101995564,0,0,-20769,20769,0,0,0,39257,27303,66560,0,0,60026,6534,66560,0,0,-96237260,96237260,0,0,0,180407240,126310010,306717250,0,0,276644500,30072750,306717250
2022-07-14,4690,4785,4545,4630,57320,0.6521739130434783,4943,-3,-13255,8315,0,4943,0,36226,16151,57320,0,3,49481,7836,57320,23388345,-14025,-62180530,38806210,0,23388345,0,169011700,75439270,267839315,0,14025,231192230,36633060,267839315
2022-07-15,4630,4665,4510,4575,38671,-1.187904967602592,0,2000,906,-2906,0,0,2000,30700,5971,38671,0,0,29794,8877,38671,0,9144465,4035910,-13180375,0,0,9144465,139969675,27336805,176450945,0,0,135933765,40517180,176450945
2022-07-18,4650,5600,4650,5230,2543514,14.316939890710382,-12717,-8899,121806,-100190,0,0,1207,2414818,127489,2543514,12717,10106,2293012,227679,2543514,-68131930,-48553760,654167240,-537481550,0,0,6291570,12853910715,664685090,13524887375,68131930,54845330,12199743475,1202166640,13524887375
2022-07-19,5200,5240,5090,5120,241641,-2.1032504780114722,0,810,-25792,24982,0,0,810,192167,48664,241641,0,0,217959,23682,241641,0,4211340,-132428190,128216850,0,0,4211340,992771730,250988670,1247971740,0,0,1125199920,122771820,1247971740
2022-07-20,5150,5280,5150,5250,182539,2.5390625,20000,-810,-12104,-7086,0,20000,0,151581,10958,182539,0,810,163685,18044,182539,104620880,-4248960,-63638590,-36733330,0,104620880,0,789867700,57376390,951864970,0,4248960,853506290,94109720,951864970
2022-07-21,5310,5310,5160,5190,109025,-1.1428571428571428,3000,0,17263,-20263,0,3000,0,103232,2793,109025,0,0,85969,23056,109025,15780000,0,90152120,-105932120,0,15780000,0,537236330,14535320,567551650,0,0,447084210,120467440,567551650
2022-07-22,5210,5240,5120,5160,75279,-0.5780346820809248,0,0,13172,-13172,0,0,0,72141,3138,75279,0,0,58969,16310,75279,0,0,68261150,-68261150,0,0,0,372994530,16231620,389226150,0,0,304733380,84492770,389226150
2022-07-25,5200,5200,5010,5050,76825,-2.131782945736434,0,0,-6443,6443,0,0,0,67385,9440,76825,0,0,73828,2997,76825,0,0,-32386410,32386410,0,0,0,340941450,47675930,388617380,0,0,373327860,15289520,388617380
2022-07-26,5090,5140,5040,5050,39561,0.0,0,0,6203,-6203,0,0,0,37976,1585,39561,0,0,31773,7788,39561,0,0,31499920,-31499920,0,0,0,192832250,8058450,200890700,0,0,161332330,39558370,200890700
2022-07-27,5020,5180,5020,5150,58420,1.9801980198019802,708,20,4853,-5581,0,708,20,52038,5654,58420,0,0,47185,11235,58420,3617140,103000,24928840,-28648980,0,3617140,103000,265965350,28875940,298561430,0,0,241036510,57524920,298561430
2022-07-28,5200,5230,5060,5060,62367,-1.7475728155339807,0,0,10157,-10157,0,0,0,59557,2810,62367,0,0,49400,12967,62367,0,0,52439700,-52439700,0,0,0,305491550,14397070,319888620,0,0,253051850,66836770,319888620
2022-07-29,5070,5140,5040,5090,60013,0.592885375494071,0,13,-869,856,0,0,13,54182,5818,60013,0,0,55051,4962,60013,0,66070,-4314400,4248330,0,0,66070,274820720,29461690,304348480,0,0,279135120,25213360,304348480
2022-08-01,5120,5180,5100,5180,41819,1.768172888015717,0,0,616,-616,0,0,0,37696,4123,41819,0,0,37080,4739,41819,0,0,3122390,-3122390,0,0,0,193993130,21218860,215211990,0,0,190870740,24341250,215211990
2022-08-02,5130,5200,5070,5090,69889,-1.7374517374517375,0,2466,6106,-8572,0,0,2466,66767,656,69889,0,0,60661,9228,69889,0,12551940,31351910,-43903850,0,0,12551940,341348620,3357480,357258040,0,0,309996710,47261330,357258040
2022-08-03,5130,5190,5030,5180,66956,1.768172888015717,-406,0,-6862,7268,0,0,0,56019,10937,66956,406,0,62881,3669,66956,-2074480,0,-35564150,37638630,0,0,0,287773520,56484730,344258250,2074480,0,323337670,18846100,344258250
2022-08-04,5200,5280,5150,5260,134471,1.5444015444015444,0,5701,-16489,10788,0,0,5701,105820,22950,134471,0,0,122309,12162,134471,0,29979260,-86203210,56223950,0,0,29979260,551995260,119608690,701583210,0,0,638198470,63384740,701583210
2022-08-05,5310,5310,5230,5270,83427,0.19011406844106463,0,-1600,5540,-3940,0,0,0,80483,2944,83427,0,1600,74943,6884,83427,0,-8465000,29277100,-20812100,0,0,0,423991110,15493760,439484870,0,8465000,394714010,36305860,439484870
2022-08-08,5180,5180,4880,4990,281311,-5.313092979127135,0,4496,12494,-16990,0,0,11797,254193,15321,281311,0,7301,241699,32311,281311,0,22605760,62529830,-85135590,0,0,58295810,1264220015,76221510,1398737335,0,35690050,1201690185,161357100,1398737335
2022-08-09,4900,5040,4900,4910,65531,-1.6032064128256511,-1072,0,-1047,2119,0,0,0,57333,8198,65531,1072,0,58380,6079,65531,-5284325,0,-4978725,10263050,0,0,0,283110605,40465250,323575855,5284325,0,288089330,30202200,323575855
2022-08-10,4895,4920,4720,4730,114022,-3.6659877800407332,0,38,2356,-2394,0,0,39,99156,14827,114022,0,1,96800,17221,114022,0,179700,12029690,-12209390,0,0,184560,473450480,70681715,544316755,0,4860,461420790,82891105,544316755
2022-08-11,4780,4805,4605,4770,60777,0.8456659619450317,0,3000,-4972,1972,0,0,3000,50022,7755,60777,0,0,54994,5783,60777,0,14245860,-23593265,9347405,0,0,14245860,237749935,36986150,288981945,0,0,261343200,27638745,288981945
2022-08-12,4775,4850,4710,4835,64989,1.3626834381551363,0,33,-8665,8632,0,0,33,52417,12539,64989,0,0,61082,3907,64989,0,156495,-41418030,41261535,0,0,156495,250723410,59965640,310845545,0,0,292141440,18704105,310845545
2022-08-16,4835,4950,4830,4905,40084,1.4477766287487073,0,0,1861,-1861,0,0,0,37335,2749,40084,0,0,35474,4610,40084,0,0,9135145,-9135145,0,0,0,183059105,13469865,196528970,0,0,173923960,22605010,196528970
2022-08-17,4975,5460,4905,5060,731791,3.1600407747196737,0,0,14859,-14859,0,0,0,667769,64022,731791,0,0,652910,78881,731791,0,0,82024710,-82024710,0,0,0,3471076210,326902380,3797978590,0,0,3389051500,408927090,3797978590
2022-08-18,5000,5050,4925,4990,60146,-1.383399209486166,0,7,125,-132,0,0,7,54298,5841,60146,0,0,54173,5973,60146,0,34580,808305,-842885,0,0,34580,270078185,28992875,299105640,0,0,269269880,29835760,299105640
2022-08-19,4990,5020,4935,4965,56373,-0.501002004008016,0,0,-1055,1055,0,0,0,48540,7833,56373,0,0,49595,6778,56373,0,0,-5259335,5259335,0,0,0,241007985,38919810,279927795,0,0,246267320,33660475,279927795
2022-08-22,4870,4875,4730,4755,83176,-4.229607250755287,-23000,17,29948,-6965,0,0,17,73243,9916,83176,23000,0,43295,16881,83176,-109405000,80920,142862125,-33538045,0,0,80920,349788040,47227020,397095980,109405000,0,206925915,80765065,397095980
2022-08-23,4655,4725,4575,4625,60463,-2.7339642481598316,0,0,1311,-1311,0,0,0,53165,7298,60463,0,0,51854,8609,60463,0,0,6358650,-6358650,0,0,0,246968350,33706315,280674665,0,0,240609700,40064965,280674665
2022-08-24,4610,4675,4565,4640,46381,0.3243243243243243,0,3,-1533,1530,0,0,3,38938,7440,46381,0,0,40471,5910,46381,0,13710,-7079465,7065755,0,0,13710,179602380,34383090,213999180,0,0,186681845,27317335,213999180
2022-08-25,4645,4780,4640,4760,47646,2.586206896551724,0,0,-15605,15605,0,0,0,30046,17600,47646,0,0,45651,1995,47646,0,0,-73884065,73884065,0,0,0,142716145,83363355,226079500,0,0,216600210,9479290,226079500
2022-08-26,4875,4880,4720,4760,34056,0.0,0,0,4465,-4465,0,0,0,32083,1973,34056,0,0,27618,6438,34056,0,0,21440540,-21440540,0,0,0,153380670,9400690,162781360,0,0,131940130,30841230,162781360
2022-08-29,4605,4635,4535,4610,72449,-3.1512605042016806,0,227,-12956,12729,0,0,227,51764,20458,72449,0,0,64720,7729,72449,0,1046295,-59369760,58323465,0,0,1046295,237143385,93659025,331848705,0,0,296513145,35335560,331848705
2022-08-30,4595,4780,4585,4740,44928,2.8199566160520604,0,0,-8914,8914,0,0,0,32904,12024,44928,0,0,41818,3110,44928,0,0,-41655445,41655445,0,0,0,154221240,56147795,210369035,0,0,195876685,14492350,210369035
2022-08-31,4740,4760,4595,4730,26796,-0.21097046413502107,0,0,-8933,8933,0,0,0,17733,9063,26796,0,0,26666,130,26796,0,0,-42162605,42162605,0,0,0,83886315,42776970,126663285,0,0,126048920,614365,126663285
2022-09-01,4805,4805,4625,4635,21149,-2.00845665961945,0,0,576,-576,0,0,0,18390,2759,21149,0,0,17814,3335,21149,0,0,2654645,-2654645,0,0,0,85688275,12857215,98545490,0,0,83033630,15511860,98545490
2022-09-02,4635,4670,4570,4600,40810,-0.7551240560949299,0,0,-8689,8689,0,0,0,30167,10643,40810,0,0,38856,1954,40810,0,0,-39871320,39871320,0,0,0,138796815,48879320,187676135,0,0,178668135,9008000,187676135
2022-09-05,4500,4550,4430,4485,75035,-2.5,0,-8067,8400,-333,0,0,7543,60718,6774,75035,0,15610,52318,7107,75035,0,-35916080,37629005,-1712925,0,0,33490920,273137900,30401950,337030770,0,69407000,235508895,32114875,337030770
2022-09-06,4420,4540,4420,4490,26447,0.11148272017837235,0,0,-6667,6667,0,0,0,19150,7297,26447,0,0,25817,630,26447,0,0,-29877470,29877470,0,0,0,85842965,32727490,118570455,0,0,115720435,2850020,118570455
2022-09-07,4530,4535,4335,4350,76996,-3.11804008908686,0,-3520,11791,-8271,0,0,3,72383,4610,76996,0,3523,60592,12881,76996,0,-15388790,52191145,-36802355,0,0,13035,317786290,20204320,338003645,0,15401825,265595145,57006675,338003645
2022-09-08,4450,4450,4340,4350,38022,0.0,0,0,188,-188,0,0,0,30066,7956,38022,0,0,29878,8144,38022,0,0,815920,-815920,0,0,0,131602590,34877785,166480375,0,0,130786670,35693705,166480375
2022-09-13,4395,4495,4395,4485,43093,3.103448275862069,0,0,-16541,16541,0,0,0,21420,21673,43093,0,0,37961,5132,43093,0,0,-73828330,73828330,0,0,0,95525780,96724275,192250055,0,0,169354110,22895945,192250055
2022-09-14,4355,4430,4345,4420,38979,-1.4492753623188406,0,0,-10213,10213,0,0,0,24163,14816,38979,0,0,34376,4603,38979,0,0,-44901610,44901610,0,0,0,105907285,65034380,170941665,0,0,150808895,20132770,170941665
2022-09-15,4425,5160,4425,4600,1748858,4.072398190045249,-503,-217,59893,-59173,0,0,0,1681882,66976,1748858,503,217,1621989,126149,1748858,-2323180,-1102360,298219540,-294794000,0,0,0,8179184775,314045970,8493230745,2323180,1102360,7880965235,608839970,8493230745
2022-09-16,4600,4620,4470,4500,114145,-2.1739130434782608,0,0,3908,-3908,0,0,0,105638,8507,114145,0,0,101730,12415,114145,0,0,17744820,-17744820,0,0,0,477238665,38514880,515753545,0,0,459493845,56259700,515753545
2022-09-19,4530,4710,4470,4540,191186,0.8888888888888888,0,0,13901,-13901,0,0,0,176465,14721,191186,0,0,162564,28622,191186,0,0,63214140,-63214140,0,0,0,811594920,68038335,879633255,0,0,748380780,131252475,879633255
2022-09-20,4610,4875,4600,4815,308011,6.057268722466961,0,0,-41844,41844,0,0,0,249033,58978,308011,0,0,290877,17134,308011,0,0,-198732785,198732785,0,0,0,1185923960,280641850,1466565810,0,0,1384656745,81909065,1466565810
2022-09-21,4810,4920,4720,4915,193677,2.0768431983385254,0,-8000,27907,-19907,0,0,0,175968,17709,193677,0,8000,148061,37616,193677,0,-38894000,134976280,-96082280,0,0,0,852793065,85801485,938594550,0,38894000,717816785,181883765,938594550
2022-09-22,4850,4990,4645,4990,236300,1.5259409969481181,0,0,14112,-14112,0,0,0,213405,22895,236300,0,0,199293,37007,236300,0,0,68086760,-68086760,0,0,0,1032157055,111298375,1143455430,0,0,964070295,179385135,1143455430
2022-09-23,5070,5070,4655,4700,218455,-5.811623246492986,0,0,42378,-42378,0,0,0,210040,8415,218455,0,0,167662,50793,218455,0,0,204628310,-204628310,0,0,0,1007276970,39890845,1047167815,0,0,802648660,244519155,1047167815
2022-09-26,4560,4570,4195,4300,235474,-8.51063829787234,0,4,-15830,15826,0,0,4,190221,45249,235474,0,0,206051,29423,235474,0,17670,-68921340,68903670,0,0,17670,833026585,198118830,1031163085,0,0,901947925,129215160,1031163085
2022-09-27,4200,4330,4020,4255,113143,-1.0465116279069768,0,0,-1111,1111,0,0,0,94721,18422,113143,0,0,95832,17311,113143,0,0,-4204725,4204725,0,0,0,396096645,76927265,473023910,0,0,400301370,72722540,473023910
2022-09-28,4255,4370,4050,4240,151416,-0.35252643948296125,50719,-4756,-45563,-400,0,50719,0,77553,23144,151416,0,4756,123116,23544,151416,214930035,-20238465,-193432570,-1259000,0,214930035,0,327964600,98270370,641165005,0,20238465,521397170,99529370,641165005
2022-09-29,4255,5150,4255,4455,4008553,5.070754716981132,27032,-6826,-99400,79194,0,27032,1501,3781755,198265,4008553,0,8327,3881155,119071,4008553,124557675,-33357255,-436339835,345139415,0,124557675,7266050,18441971770,917474035,19491269530,0,40623305,18878311605,572334620,19491269530
2022-09-30,4390,4600,4245,4335,365723,-2.6936026936026933,0,250,34848,-35098,0,0,250,314454,51019,365723,0,0,279606,86117,365723,0,1065000,153417025,-154482025,0,0,1065000,1392700830,228117495,1621883325,0,0,1239283805,382599520,1621883325
2022-10-04,4385,4495,4350,4410,178996,1.7301038062283738,0,0,-4331,4331,0,0,0,147790,31206,178996,0,0,152121,26875,178996,0,0,-18932010,18932010,0,0,0,650961115,137463065,788424180,0,0,669893125,118531055,788424180
2022-10-05,4505,4575,4410,4450,155258,0.9070294784580499,0,3429,-3452,23,0,0,3429,128238,23591,155258,0,0,131690,23568,155258,0,15283980,-15929300,645320,0,0,15283980,574070060,106008750,695362790,0,0,589999360,105363430,695362790
2022-10-06,4510,4600,4455,4520,169258,1.5730337078651686,0,-3429,8144,-4715,0,0,0,156372,12886,169258,0,3429,148228,17601,169258,0,-15493565,36787470,-21293905,0,0,0,707532285,58408020,765940305,0,15493565,670744815,79701925,765940305
2022-10-07,4530,4690,4490,4490,150462,-0.6637168141592921,0,0,4589,-4589,0,0,0,134475,15987,150462,0,0,129886,20576,150462,0,0,20708925,-20708925,0,0,0,616946790,74067780,691014570,0,0,596237865,94776705,691014570
2022-10-11,4365,4475,4100,4135,179247,-7.906458797327394,0,0,29507,-29507,0,0,0,176393,2854,179247,0,0,146886,32361,179247,0,0,123933265,-123933265,0,0,0,738840870,11904265,750745135,0,0,614907605,135837530,750745135
2022-10-12,4145,4165,4000,4075,100701,-1.4510278113663846,0,0,-2989,2989,0,0,0,90875,9826,100701,0,0,93864,6837,100701,0,0,-11957095,11957095,0,0,0,368058195,39808855,407867050,0,0,380015290,27851760,407867050
2022-10-13,4030,4070,3830,3870,204273,-5.030674846625767,-17000,0,40420,-23420,0,0,0,190268,14005,204273,17000,0,149848,37425,204273,-66941220,0,160818480,-93877260,0,0,0,749862235,54233260,804095495,66941220,0,589043755,148110520,804095495
2022-10-14,3950,4050,3905,3930,119617,1.550387596899225,-49172,-20,42512,6680,0,0,0,107532,12085,119617,49172,20,65020,5405,119617,-194923545,-78400,168452530,26549415,0,0,0,426553540,48073795,474627335,194923545,78400,258101010,21524380,474627335
2022-10-17,3815,3995,3795,3995,59950,1.653944020356234,0,0,-5810,5810,0,0,0,48611,11339,59950,0,0,54421,5529,59950,0,0,-22231185,22231185,0,0,0,189532100,43789640,233321740,0,0,211763285,21558455,233321740
2022-10-18,4080,4115,3995,4070,63614,1.877346683354193,0,0,-7924,7924,0,0,0,49064,14550,63614,0,0,56988,6626,63614,0,0,-31928650,31928650,0,0,0,198783495,58841090,257624585,0,0,230712145,26912440,257624585
2022-10-19,4040,4160,4010,4090,51441,0.4914004914004914,0,0,5551,-5551,0,0,0,48274,3167,51441,0,0,42723,8718,51441,0,0,22813425,-22813425,0,0,0,197199590,12988870,210188460,0,0,174386165,35802295,210188460
2022-10-20,4060,4095,4015,4045,24934,-1.1002444987775062,0,0,6781,-6781,0,0,0,24671,263,24934,0,0,17890,7044,24934,0,0,27418445,-27418445,0,0,0,99706465,1064810,100771275,0,0,72288020,28483255,100771275
2022-10-21,4040,4045,3960,3990,29869,-1.3597033374536465,0,0,4415,-4415,0,0,0,28233,1636,29869,0,0,23818,6051,29869,0,0,17767835,-17767835,0,0,0,113144585,6576040,119720625,0,0,95376750,24343875,119720625
2022-10-24,4010,4060,3965,4010,36827,0.5012531328320802,0,0,2043,-2043,0,0,0,35637,1190,36827,0,0,33594,3233,36827,0,0,8170850,-8170850,0,0,0,142741700,4773415,147515115,0,0,134570850,12944265,147515115
2022-10-25,3995,4100,3985,4020,30103,0.24937655860349126,0,0,-1095,1095,0,0,0,28215,1888,30103,0,0,29310,793,30103,0,0,-4388710,4388710,0,0,0,112988675,7565450,120554125,0,0,117377385,3176740,120554125
2022-10-26,4050,4050,3905,3940,60990,-1.9900497512437811,0,2929,-1939,-990,0,0,2929,54325,3736,60990,0,0,56264,4726,60990,0,11540260,-7486080,-4054180,0,0,11540260,214074490,14715270,240330020,0,0,221560570,18769450,240330020
2022-10-27,3950,3995,3880,3995,29774,1.3959390862944163,-568,0,-4157,4725,0,0,0,24755,5019,29774,568,0,28912,294,29774,-2247295,0,-16407650,18654945,0,0,0,98152030,19821840,117973870,2247295,0,114559680,1166895,117973870
2022-10-28,3920,3955,3880,3915,53943,-2.002503128911139,0,0,-8618,8618,0,0,0,41973,11970,53943,0,0,50591,3352,53943,0,0,-33536945,33536945,0,0,0,164099510,46668290,210767800,0,0,197636455,13131345,210767800
2022-10-31,3955,3955,3880,3905,29787,-0.2554278416347382,0,-50,1781,-1731,0,0,0,28160,1627,29787,0,50,26379,3358,29787,0,-194540,6965850,-6771310,0,0,0,109820550,6366435,116186985,0,194540,102854700,13137745,116186985
2022-11-01,3875,4085,3865,3955,81562,1.2804097311139564,0,-20,-7664,7684,0,0,0,64051,17511,81562,0,20,71715,9827,81562,0,-81000,-29727485,29808485,0,0,0,256468890,69507490,325976380,0,81000,286196375,39699005,325976380
2022-11-02,4045,4045,3945,4025,15914,1.7699115044247788,0,-50,244,-194,0,0,0,14025,1889,15914,0,50,13781,2083,15914,0,-201000,1001035,-800035,0,0,0,56109895,7510315,63620210,0,201000,55108860,8310350,63620210
2022-11-03,3955,4020,3905,4020,32666,-0.12422360248447205,0,0,607,-607,0,0,0,30674,1992,32666,0,0,30067,2599,32666,0,0,2439960,-2439960,0,0,0,121970680,7875575,129846255,0,0,119530720,10315535,129846255
2022-11-04,4025,4145,3950,4095,69473,1.8656716417910446,-11579,-70,9789,1860,0,0,0,60559,8914,69473,11579,70,50770,7054,69473,-46614230,-287000,39523330,7377900,0,0,0,246502020,35975195,282477215,46614230,287000,206978690,28597295,282477215
2022-11-07,4145,4180,4040,4105,64393,0.2442002442002442,0,0,522,-522,0,0,0,57773,6620,64393,0,0,57251,7142,64393,0,0,2233315,-2233315,0,0,0,236641435,27084995,263726430,0,0,234408120,29318310,263726430
2022-11-08,4105,4230,4100,4160,99781,1.3398294762484775,0,-298,-20962,21260,0,0,0,74729,25052,99781,0,298,95691,3792,99781,0,-1256550,-87317190,88573740,0,0,0,311668710,104443740,416112450,0,1256550,398985900,15870000,416112450
2022-11-09,4195,4195,4110,4160,62872,0.0,-677,0,5556,-4879,0,0,0,58889,3983,62872,677,0,53333,8862,62872,-2795450,0,22924510,-20129060,0,0,0,243646975,16522295,260169270,2795450,0,220722465,36651355,260169270
2022-11-10,4155,4270,4050,4160,105609,0.0,0,0,-4809,4809,0,0,0,87211,18398,105609,0,0,92020,13589,105609,0,0,-20159970,20159970,0,0,0,367432990,77257525,444690515,0,0,387592960,57097555,444690515
2022-11-11,4255,4275,4205,4265,90416,2.5240384615384617,0,-38,-4063,4101,0,0,0,76267,14149,90416,0,38,80330,10048,90416,0,-161620,-17028740,17190360,0,0,0,323217690,59814570,383032260,0,161620,340246430,42624210,383032260
2022-11-14,4280,4350,4270,4295,70036,0.7033997655334115,0,-100,-15130,15230,0,0,0,53040,16996,70036,0,100,68170,1766,70036,0,-433650,-65194685,65628335,0,0,0,228432580,73241585,301674165,0,433650,293627265,7613250,301674165
2022-11-15,4265,4390,4265,4380,55553,1.979045401629802,0,0,-10738,10738,0,0,0,41440,14113,55553,0,0,52178,3375,55553,0,0,-46401355,46401355,0,0,0,179641525,61048065,240689590,0,0,226042880,14646710,240689590
2022-11-16,4365,4420,4305,4360,58854,-0.45662100456621,0,0,-9677,9677,0,0,0,44048,14806,58854,0,0,53725,5129,58854,0,0,-42199045,42199045,0,0,0,192367585,64642350,257009935,0,0,234566630,22443305,257009935
2022-11-17,4360,4370,4305,4310,41113,-1.146788990825688,0,0,-4022,4022,0,0,0,30665,10448,41113,0,0,34687,6426,41113,0,0,-17340275,17340275,0,0,0,132678850,45253330,177932180,0,0,150019125,27913055,177932180
2022-11-18,4290,4365,4265,4265,32373,-1.0440835266821344,0,0,-1106,1106,0,0,0,27035,5338,32373,0,0,28141,4232,32373,0,0,-4775720,4775720,0,0,0,116570160,23041155,139611315,0,0,121345880,18265435,139611315
2022-11-21,4265,4265,4145,4145,49304,-2.813599062133646,0,0,5378,-5378,0,0,0,45360,3944,49304,0,0,39982,9322,49304,0,0,22604605,-22604605,0,0,0,189619820,16419110,206038930,0,0,167015215,39023715,206038930
2022-11-22,4160,4165,4110,4120,32367,-0.6031363088057901,0,0,5988,-5988,0,0,0,32102,265,32367,0,0,26114,6253,32367,0,0,24760485,-24760485,0,0,0,132678885,1094720,133773605,0,0,107918400,25855205,133773605
2022-11-23,4155,4265,4155,4210,43877,2.1844660194174756,0,0,-12595,12595,0,0,0,29814,14063,43877,0,0,42409,1468,43877,0,0,-53264040,53264040,0,0,0,125736745,59444775,185181520,0,0,179000785,6180735,185181520
2022-11-24,4250,4300,4235,4295,26830,2.019002375296912,0,0,-4365,4365,0,0,0,22377,4453,26830,0,0,26742,88,26830,0,0,-18558395,18558395,0,0,0,95391605,18934055,114325660,0,0,113950000,375660,114325660
2022-11-25,4335,4340,4260,4300,27286,0.11641443538998836,0,0,5408,-5408,0,0,0,25719,1567,27286,0,0,20311,6975,27286,0,0,23424300,-23424300,0,0,0,111016745,6703975,117720720,0,0,87592445,30128275,117720720
2022-11-28,4300,4330,4205,4240,38566,-1.3953488372093024,0,15483,-10741,-4742,0,0,15483,20930,2153,38566,0,0,31671,6895,38566,0,65336670,-45179100,-20157570,0,0,65336670,88690060,9101900,163128630,0,0,133869160,29259470,163128630
2022-11-29,4210,4430,4160,4365,108753,2.94811320754717,0,-14983,5350,9633,0,0,0,95112,13641,108753,0,14983,89762,4008,108753,0,-65400795,24044315,41356480,0,0,0,412384950,58594155,470979105,0,65400795,388340635,17237675,470979105
2022-11-30,4430,4470,4365,4385,90017,0.45819014891179843,0,0,-10833,10833,0,0,0,76176,13841,90017,0,0,87009,3008,90017,0,0,-47891860,47891860,0,0,0,335970180,61177700,397147880,0,0,383862040,13285840,397147880
2022-12-01,4480,4480,4405,4410,68021,0.5701254275940707,0,0,-4262,4262,0,0,0,58589,9432,68021,0,0,62851,5170,68021,0,0,-18981765,18981765,0,0,0,259597500,41979645,301577145,0,0,278579265,22997880,301577145
2022-12-02,4480,4590,4445,4465,172457,1.2471655328798186,500,0,-21311,20811,0,500,0,137361,34596,172457,0,0,158672,13785,172457,2262600,0,-96699035,94436435,0,2262600,0,622046085,156876040,781184725,0,0,718745120,62439605,781184725
2022-12-05,4495,4645,4495,4595,241042,2.9115341545352744,3497,0,-4864,1367,0,3497,0,205418,32127,241042,0,0,210282,30760,241042,16100385,0,-22350750,6250365,0,16100385,0,944459675,147465235,1108025295,0,0,966810425,141214870,1108025295
2022-12-06,4585,4650,4450,4450,131846,-3.1556039173014145,300,300,17806,-18406,0,300,300,123052,8194,131846,0,0,105246,26600,131846,1362355,1342000,80939970,-83644325,0,1362355,1342000,557551415,37182650,597438420,0,0,476611445,120826975,597438420
2022-12-07,4410,4845,4390,4545,833905,2.134831460674157,-2997,-2929,27375,-21449,0,0,0,746248,87657,833905,2997,2929,718873,109106,833905,-13201355,-13732365,138259865,-111326145,0,0,0,3513646325,406554650,3920200975,13201355,13732365,3375386460,517880795,3920200975
2022-12-08,4625,4780,4550,4700,522662,3.4103410341034106,-1300,0,19410,-18110,0,0,0,476574,46088,522662,1300,0,457164,64198,522662,-6050460,0,91465760,-85415300,0,0,0,2229380255,215138565,2444518820,6050460,0,2137914495,300553865,2444518820
2022-12-09,4730,5030,4620,4985,881327,6.0638297872340425,0,3000,-21159,18159,0,0,3000,801946,76381,881327,0,0,823105,58222,881327,0,14972500,-103263905,88291405,0,0,14972500,3926367340,372700185,4314040025,0,0,4029631245,284408780,4314040025
2022-12-12,4985,5020,4800,4800,567901,-3.711133400200602,0,-2880,59103,-56223,0,0,120,543803,23978,567901,0,3000,484700,80201,567901,0,-13838395,293374945,-279536550,0,0,598800,2677292660,118413590,2796305050,0,14437195,2383917715,397950140,2796305050
2022-12-13,4825,4900,4600,4600,233083,-4.166666666666666,0,0,-11038,11038,0,0,0,206559,26524,233083,0,0,217597,15486,233083,0,0,-51664615,51664615,0,0,0,971013620,124501650,1095515270,0,0,1022678235,72837035,1095515270
2022-12-14,4625,4715,4545,4700,123977,2.1739130434782608,0,0,-6099,6099,0,0,0,110664,13313,123977,0,0,116763,7214,123977,0,0,-27492375,27492375,0,0,0,513559930,61144170,574704100,0,0,541052305,33651795,574704100
2022-12-15,4665,4815,4665,4690,125351,-0.2127659574468085,0,400,-7849,7449,0,0,400,108804,16147,125351,0,0,116653,8698,125351,0,1880000,-37179095,35299095,0,0,1880000,515498840,76707345,594086185,0,0,552677935,41408250,594086185
2022-12-16,4560,4930,4515,4705,269514,0.31982942430703626,0,0,-2708,2708,0,0,0,245558,23956,269514,0,0,248266,21248,269514,0,0,-10256215,10256215,0,0,0,1162728060,111753820,1274481880,0,0,1172984275,101497605,1274481880
2022-12-19,4740,4865,4710,4755,127057,1.0626992561105209,0,0,-9991,9991,0,0,0,107178,19879,127057,0,0,117169,9888,127057,0,0,-48301380,48301380,0,0,0,514613060,95814545,610427605,0,0,562914440,47513165,610427605
2022-12-20,4800,4865,4620,4650,159306,-2.2082018927444795,0,0,-4138,4138,0,0,0,142596,16710,159306,0,0,146734,12572,159306,0,0,-19716205,19716205,0,0,0,680206285,80013350,760219635,0,0,699922490,60297145,760219635
2022-12-21,4655,4700,4525,4700,87064,1.0752688172043012,2900,0,12505,-15405,0,2900,0,79971,4193,87064,0,0,67466,19598,87064,13431900,0,57998550,-71430450,0,13431900,0,369050155,19273525,401755580,0,0,311051605,90703975,401755580
2022-12-22,4730,4845,4660,4840,142740,2.9787234042553195,5600,0,-25426,19826,0,5600,0,110694,26446,142740,0,0,136120,6620,142740,26923865,0,-122150420,95226555,0,26923865,0,530908105,126723865,684555835,0,0,653058525,31497310,684555835
2022-12-23,4780,4900,4730,4765,124298,-1.5495867768595042,16798,0,-12890,-3908,0,16798,0,93940,13560,124298,0,0,106830,17468,124298,80080895,0,-61408540,-18672355,0,80080895,0,451365395,64919435,596365725,0,0,512773935,83591790,596365725
2022-12-26,4770,4870,4710,4800,113072,0.7345225603357817,7769,1500,2951,-12220,0,7769,1500,95512,8291,113072,0,0,92561,20511,113072,36984020,7259345,14655595,-58898960,0,36984020,7259345,458632130,39610845,542486340,0,0,443976535,98509805,542486340
2022-12-27,4860,5730,4760,5340,6850866,11.25,0,15280,17976,-33256,0,48372,125201,6548052,129241,6850866,48372,109921,6530076,162497,6850866,-8508910,81482360,127401320,-200374770,0,247636590,685738710,35664121060,671348370,37268844730,256145500,604256350,35536719740,871723140,37268844730
2022-12-28,5300,5400,5210,5250,776145,-1.6853932584269662,0,1200,-50204,49004,0,0,1200,654220,120725,776145,0,0,704424,71721,776145,0,6372000,-263314820,256942820,0,0,6372000,3467666770,639594690,4113633460,0,0,3730981590,382651870,4113633460
2022-12-29,5150,5210,5010,5090,469755,-3.0476190476190474,17020,-10200,-7118,298,0,17020,0,408564,44171,469755,0,10200,415682,43873,469755,86611240,-51556800,-37320320,2265880,0,86611240,0,2092622650,227289780,2406523670,0,51556800,2129942970,225023900,2406523670
2023-01-02,5060,5070,4835,5030,430342,-1.1787819253438114,37829,900,-58725,19996,0,37829,900,329910,61703,430342,0,0,388635,41707,430342,185931260,4405500,-288293380,97956620,0,185931260,4405500,1634449145,304520450,2129306355,0,0,1922742525,206563830,2129306355
2023-01-03,4970,5200,4915,5160,389526,2.584493041749503,168,1866,21269,-23303,0,2668,1866,360181,24811,389526,2500,0,338912,48114,389526,631390,9647220,109890930,-120169540,0,13521560,9647220,1835608695,125172170,1983949645,12890170,0,1725717765,245341710,1983949645
2023-01-04,5160,5300,5100,5160,342328,0.0,0,3606,40345,-43951,0,0,5719,332333,4276,342328,0,2113,291988,48227,342328,0,18545640,211173240,-229718880,0,0,29456270,1729806430,22148670,1781411370,0,10910630,1518633190,251867550,1781411370
2023-01-05,5210,5330,5160,5260,334041,1.937984496124031,5900,-4672,-24790,23562,0,5900,800,282427,44914,334041,0,5472,307217,21352,334041,31122200,-24306210,-130486470,123670480,0,31122200,4130000,1481942430,236057400,1753252030,0,28436210,1612428900,112386920,1753252030
2023-01-06,5250,5340,5130,5130,206126,-2.4714828897338403,300,1400,17883,-19583,0,300,2332,196062,7432,206126,0,932,178179,27015,206126,1567000,7423020,93427280,-102417300,0,1567000,12238500,1016629940,38394240,1068829680,0,4815480,923202660,140811540,1068829680
2023-01-09,5220,5350,5190,5280,279432,2.923976608187134,-1000,-600,-19483,21083,0,0,0,246141,33291,279432,1000,600,265624,12208,279432,-5275000,-3168000,-103172980,111615980,0,0,0,1302060790,176271440,1478332230,5275000,3168000,1405233770,64655460,1478332230
2023-01-10,5280,5300,5080,5100,249489,-3.4090909090909087,0,0,-13469,13469,0,0,0,217870,31619,249489,0,0,231339,18150,249489,0,0,-67918990,67918990,0,0,0,1122208350,162358160,1284566510,0,0,1190127340,94439170,1284566510
2023-01-11,5170,5180,5060,5140,104499,0.7843137254901961,0,0,-1141,1141,0,0,0,96352,8147,104499,0,0,97493,7006,104499,0,0,-5925960,5925960,0,0,0,493007220,41820770,534827990,0,0,498933180,35894810,534827990
2023-01-12,5150,5250,5020,5070,130173,-1.3618677042801557,0,-1499,10312,-8813,0,0,0,127730,2443,130173,0,1499,117418,11256,130173,0,-7569950,52639370,-45069420,0,0,0,648855040,12368950,661223990,0,7569950,596215670,57438370,661223990
2023-01-13,5080,5170,5070,5170,86420,1.9723865877712032,0,0,-7393,7393,0,0,0,77242,9178,86420,0,0,84635,1785,86420,0,0,-37915400,37915400,0,0,0,395515890,47028480,442544370,0,0,433431290,9113080,442544370
2023-01-16,5200,5310,5150,5260,208281,1.7408123791102514,0,400,-4753,4353,0,0,400,190571,17310,208281,0,0,195324,12957,208281,0,2094000,-24726030,22632030,0,0,2094000,1002418340,90704870,1095217210,0,0,1027144370,68072840,1095217210
2023-01-17,5250,5320,5200,5200,108951,-1.1406844106463878,0,0,3153,-3153,0,0,0,101854,7097,108951,0,0,98701,10250,108951,0,0,16671280,-16671280,0,0,0,533922610,37214810,571137420,0,0,517251330,53886090,571137420
2023-01-18,5250,5340,5200,5320,188429,2.307692307692308,0,-1500,-34233,35733,0,0,0,141199,47230,188429,0,1500,175432,11497,188429,0,-7950000,-181311530,189261530,0,0,0,746554110,249900810,996454920,0,7950000,927865640,60639280,996454920
2023-01-19,5270,5470,5250,5370,297534,0.9398496240601504,0,2664,12234,-14898,0,0,2664,267832,27038,297534,0,0,255598,41936,297534,0,14407230,65426170,-79833400,0,0,14407230,1439404710,145597690,1599409630,0,0,1373978540,225431090,1599409630
2023-01-20,5410,5480,5280,5440,275191,1.303538175046555,0,0,13828,-13828,0,0,0,247425,27766,275191,0,0,233597,41594,275191,0,0,73419710,-73419710,0,0,0,1332665950,149724390,1482390340,0,0,1259246240,223144100,1482390340
2023-01-25,5580,5580,5350,5410,180857,-0.5514705882352942,0,7293,6086,-13379,0,0,7293,169049,4515,180857,0,0,162963,17894,180857,0,39214250,33501220,-72715470,0,0,39214250,915815680,24496530,979526460,0,0,882314460,97212000,979526460
2023-01-26,5430,5450,5290,5300,181859,-2.033271719038817,0,-1000,3965,-2965,0,0,0,168503,13356,181859,0,1000,164538,16321,181859,0,-5430000,21012970,-15582970,0,0,0,902764800,72355160,975119960,0,5430000,881751830,87938130,975119960
2023-01-27,5350,5440,5290,5390,122397,1.6981132075471699,0,16300,-18485,2185,0,0,16300,91130,14967,122397,0,0,109615,12782,122397,0,87342130,-98948330,11606200,0,0,87342130,487449690,80222760,655014580,0,0,586398020,68616560,655014580
2023-01-30,5400,5450,5100,5190,225518,-3.710575139146568,-2000,334,5661,-3995,0,0,334,203940,21244,225518,2000,0,198279,25239,225518,-10440000,1749460,29628330,-20937790,0,0,1749460,1069088740,111793990,1182632190,10440000,0,1039460410,132731780,1182632190
2023-01-31,5150,5190,5110,5140,118014,-0.9633911368015413,6000,-1000,-20527,15527,0,6000,2000,89359,20655,118014,0,3000,109886,5128,118014,30853800,-5130000,-105481060,79757260,0,30853800,10320000,458894560,106195590,606263950,0,15450000,564375620,26438330,606263950
2023-02-01,5190,5190,5010,5070,108958,-1.3618677042801557,0,1000,7,-1007,0,0,1000,99167,8791,108958,0,0,99160,9798,108958,0,5040440,264710,-5305150,0,0,5040440,503258140,44688320,552986900,0,0,502993430,49993470,552986900
2023-02-02,5140,5280,5110,5270,156255,3.9447731755424065,0,-248,-38523,38771,0,0,2,105380,50873,156255,0,250,143903,12102,156255,0,-1282080,-200770570,202052650,0,0,10420,549917690,265438600,815366710,0,1292500,750688260,63385950,815366710
2023-02-03,5260,5270,5140,5150,82359,-2.2770398481973433,0,-2665,20984,-18319,0,0,0,79158,3201,82359,0,2665,58174,21520,82359,0,-13820060,108685640,-94865580,0,0,0,410472130,16661970,427134100,0,13820060,301786490,111527550,427134100
2023-02-06,5180,5180,5050,5170,70834,0.3883495145631068,0,0,-15048,15048,0,0,0,47642,23192,70834,0,0,62690,8144,70834,0,0,-77267250,77267250,0,0,0,244061570,118943770,363005340,0,0,321328820,41676520,363005340
2023-02-07,5190,5200,5100,5170,83481,0.0,0,-2,9038,-9036,0,0,0,78609,4872,83481,0,2,69571,13908,83481,0,-10200,46298670,-46288470,0,0,0,404185270,25129470,429314740,0,10200,357886600,71417940,429314740
2023-02-08,5170,5200,5110,5130,74370,-0.7736943907156674,0,0,9680,-9680,0,0,0,73962,408,74370,0,0,64282,10088,74370,0,0,49682690,-49682690,0,0,0,379725560,2092640,381818200,0,0,330042870,51775330,381818200
2023-02-09,5150,5220,5080,5140,80377,0.1949317738791423,0,0,-7437,7437,0,0,0,67258,13119,80377,0,0,74695,5682,80377,0,0,-38458780,38458780,0,0,0,347043790,67772790,414816580,0,0,385502570,29314010,414816580
2023-02-10,5180,5370,5100,5150,254001,0.19455252918287938,10347,0,-29814,19467,0,10347,9,191588,52057,254001,0,9,221402,32590,254001,54868260,370,-159111090,104242460,0,54868260,47710,1007346190,274694970,1336957130,0,47340,1166457280,170452510,1336957130
2023-02-13,5160,5190,5040,5040,86602,-2.1359223300970873,0,3609,21310,-24919,0,0,3609,80512,2481,86602,0,0,59202,27400,86602,0,18243540,108615670,-126859210,0,0,18243540,408808880,12554090,439606510,0,0,300193210,139413300,439606510
2023-02-14,5090,5130,5060,5090,50416,0.992063492063492,0,2698,-4865,2167,0,0,2698,43111,4607,50416,0,0,47976,2440,50416,0,13678860,-24819390,11140530,0,0,13678860,219856730,23574380,257109970,0,0,244676120,12433850,257109970
2023-02-15,5060,5130,4950,4950,99219,-2.75049115913556,0,1645,6700,-8345,0,0,1810,92507,4902,99219,0,165,85807,13247,99219,0,8146255,33973380,-42119635,0,0,8964830,464918945,24661995,498545770,0,818575,430945565,66781630,498545770
2023-02-16,4955,5080,4950,4970,85061,0.40404040404040403,0,-590,-4068,4658,0,0,410,74352,10299,85061,0,1000,78420,5641,85061,0,-2978350,-20031090,23009440,0,0,2031650,371476280,51291075,424799005,0,5010000,391507370,28281635,424799005
2023-02-17,4970,4980,4880,4900,74474,-1.4084507042253522,0,975,3360,-4335,0,0,975,67031,6468,74474,0,0,63671,10803,74474,0,4776925,16519605,-21296530,0,0,4776925,328489550,31670200,364936675,0,0,311969945,52966730,364936675
2023-02-20,4900,4965,4865,4935,32606,0.7142857142857143,0,0,-4212,4212,0,0,0,27551,5055,32606,0,0,31763,843,32606,0,0,-20795000,20795000,0,0,0,135813840,24927225,160741065,0,0,156608840,4132225,160741065
2023-02-21,4955,5050,4910,4975,46106,0.8105369807497468,0,0,-6266,6266,0,0,0,34433,11673,46106,0,0,40699,5407,46106,0,0,-30920290,30920290,0,0,0,170695920,57769585,228465505,0,0,201616210,26849295,228465505
2023-02-22,4945,4945,4785,4840,106637,-2.7135678391959797,0,-620,30682,-30062,0,0,0,104390,2247,106637,0,620,73708,32309,106637,0,-3008560,148618255,-145609695,0,0,0,506606975,11012850,517619825,0,3008560,357988720,156622545,517619825
2023-02-23,4820,4900,4805,4840,47790,0.0,0,0,-317,317,0,0,0,42277,5513,47790,0,0,42594,5196,47790,0,0,-1571450,1571450,0,0,0,204685505,26739265,231424770,0,0,206256955,25167815,231424770
2023-02-24,4840,4920,4710,4775,127195,-1.3429752066115703,0,100,7862,-7962,0,0,100,115357,11738,127195,0,0,107495,19700,127195,0,477500,38587650,-39065150,0,0,477500,554463210,56172985,611113695,0,0,515875560,95238135,611113695
2023-02-27,4760,4825,4650,4700,80598,-1.5706806282722512,0,0,-2896,2896,0,0,0,73425,7173,80598,0,0,76321,4277,80598,0,0,-13473700,13473700,0,0,0,344103515,33610140,377713655,0,0,357577215,20136440,377713655
2023-02-28,4700,4915,4700,4860,84274,3.404255319148936,15419,-499,-35400,20480,0,15419,1,39636,29218,84274,0,500,75036,8738,84274,75041625,-2395095,-171565385,98918855,0,75041625,4905,192068005,141220265,408334800,0,2400000,363633390,42301410,408334800
2023-03-02,4970,5040,4880,4980,93568,2.4691358024691357,0,2500,-25509,23009,0,0,3000,61208,29360,93568,0,500,86717,6351,93568,0,12532500,-127275240,114742740,0,0,15030000,304963500,146403275,466396775,0,2497500,432238740,31660535,466396775
2023-03-03,5020,5020,4950,4985,46364,0.1004016064257028,0,0,-4071,4071,0,0,0,39041,7323,46364,0,0,43112,3252,46364,0,0,-20213085,20213085,0,0,0,194125680,36424400,230550080,0,0,214338765,16211315,230550080
2023-03-06,5020,5020,4795,4840,96413,-2.908726178535607,0,-2651,-4601,7252,0,0,350,78946,17117,96413,0,3001,83547,9865,96413,0,-12944380,-21155465,34099845,0,0,1700500,383090610,82517990,467309100,0,14644880,404246075,48418145,467309100
2023-03-07,4845,4845,4735,4755,100556,-1.756198347107438,0,0,4950,-4950,0,0,0,97229,3327,100556,0,0,92279,8277,100556,0,0,23716965,-23716965,0,0,0,463965370,15897430,479862800,0,0,440248405,39614395,479862800
2023-03-08,4705,4750,4690,4710,45709,-0.9463722397476341,0,0,-800,800,0,0,0,42009,3700,45709,0,0,42809,2900,45709,0,0,-3772055,3772055,0,0,0,198027425,17418080,215445505,0,0,201799480,13646025,215445505
2023-03-09,4700,4810,4695,4775,54900,1.3800424628450108,12266,0,-19772,7506,0,12266,0,29656,12978,54900,0,0,49428,5472,54900,58447490,0,-94319610,35872120,0,58447490,0,140530435,61782405,260760330,0,0,234850045,25910285,260760330
2023-03-10,4750,4830,4715,4745,61080,-0.6282722513089005,1620,0,1536,-3156,0,9820,0,42225,9035,61080,8200,0,40689,12191,61080,7748935,0,7266045,-15014980,0,46708035,0,200700945,43019670,290428650,38959100,0,193434900,58034650,290428650
2023-03-13,4705,4730,4475,4620,89796,-2.634351949420443,0,-300,12369,-12069,0,0,200,85275,4321,89796,0,500,72906,16390,89796,0,-1373500,56092570,-54719070,0,0,904000,388281425,19671675,408857100,0,2277500,332188855,74390745,408857100
2023-03-14,4620,4620,4375,4375,72563,-5.303030303030303,0,0,9658,-9658,0,0,0,67286,5277,72563,0,0,57628,14935,72563,0,0,43764690,-43764690,0,0,0,298326750,23223780,321550530,0,0,254562060,66988470,321550530
2023-03-15,4405,4535,4405,4520,42720,3.314285714285714,0,0,-5967,5967,0,0,0,34729,7991,42720,0,0,40696,2024,42720,0,0,-26546075,26546075,0,0,0,155131420,35618170,190749590,0,0,181677495,9072095,190749590
2023-03-16,4415,4500,4385,4440,22400,-1.7699115044247788,0,100,4052,-4152,0,0,100,20971,1329,22400,0,0,16919,5481,22400,0,440500,17940810,-18381310,0,0,440500,92760240,5887090,99087830,0,0,74819430,24268400,99087830
2023-03-17,4490,4540,4440,4540,34085,2.2522522522522523,0,-851,-10623,11474,0,0,0,22140,11945,34085,0,851,32763,471,34085,0,-3859765,-47948950,51808715,0,0,0,99846195,53933640,153779835,0,3859765,147795145,2124925,153779835
2023-03-20,4545,4755,4525,4630,63625,1.9823788546255507,-10347,0,1814,8533,0,0,0,43926,19699,63625,10347,0,42112,11166,63625,-47968620,0,8126670,39841950,0,0,0,204686855,91963920,296650775,47968620,0,196560185,52121970,296650775
2023-03-21,4700,4700,4605,4605,18612,-0.5399568034557235,0,0,3102,-3102,0,0,0,17579,1033,18612,0,0,14477,4135,18612,0,0,14402505,-14402505,0,0,0,81405445,4775535,86180980,0,0,67002940,19178040,86180980
2023-03-22,4660,4660,4455,4480,56487,-2.714440825190011,0,-200,10179,-9979,0,0,200,54334,1953,56487,0,400,44155,11932,56487,0,-900000,46664285,-45764285,0,0,896000,245846880,8844690,255587570,0,1796000,199182595,54608975,255587570
2023-03-23,4480,4500,4415,4440,63750,-0.8928571428571428,0,223,-9756,9533,0,0,223,50795,12732,63750,0,0,60551,3199,63750,0,991235,-43315985,42324750,0,0,991235,225360415,56535945,282887595,0,0,268676400,14211195,282887595
2023-03-24,4430,4530,4410,4485,21146,1.0135135135135136,0,0,-3139,3139,0,0,0,17668,3478,21146,0,0,20807,339,21146,0,0,-13994785,13994785,0,0,0,78916350,15518530,94434880,0,0,92911135,1523745,94434880
2023-03-27,4535,4535,4420,4520,30685,0.7803790412486065,0,0,-1940,1940,0,0,0,23682,7003,30685,0,0,25622,5063,30685,0,0,-8735520,8735520,0,0,0,106071390,31356240,137427630,0,0,114806910,22620720,137427630
2023-03-28,4505,4595,4480,4585,45204,1.4380530973451326,0,0,-12337,12337,0,0,0,31785,13419,45204,0,0,44122,1082,45204,0,0,-55779780,55779780,0,0,0,144398435,60665330,205063765,0,0,200178215,4885550,205063765
2023-03-29,4550,4825,4550,4700,61161,2.5081788440567068,0,0,-6644,6644,0,0,0,49547,11614,61161,0,0,56191,4970,61161,0,0,-30441820,30441820,0,0,0,231680085,53794240,285474325,0,0,262121905,23352420,285474325
2023-03-30,4760,4760,4635,4690,24906,-0.2127659574468085,0,100,267,-367,0,0,100,22602,2204,24906,0,0,22335,2571,24906,0,472500,1244445,-1716945,0,0,472500,106036830,10336390,116845720,0,0,104792385,12053335,116845720
2023-03-31,4655,4735,4570,4600,41706,-1.9189765458422177,0,0,3140,-3140,0,0,0,40033,1673,41706,0,0,36893,4813,41706,0,0,14711370,-14711370,0,0,0,185506470,7734265,193240735,0,0,170795100,22445635,193240735
2023-04-03,4605,4650,4550,4585,33041,-0.32608695652173914,-506,0,-2886,3392,0,0,0,25114,7927,33041,506,0,28000,4535,33041,-2323390,0,-13084350,15407740,0,0,0,115282925,36264140,151547065,2323390,0,128367275,20856400,151547065
2023-04-04,4555,4670,4550,4630,45409,0.9814612868047983,0,0,-6759,6759,0,0,0,38059,7350,45409,0,0,44818,591,45409,0,0,-31113170,31113170,0,0,0,176134385,33837765,209972150,0,0,207247555,2724595,209972150
2023-04-05,4705,4740,4620,4660,33506,0.6479481641468683,0,0,-4258,4258,0,0,0,27935,5571,33506,0,0,32193,1313,33506,0,0,-20011995,20011995,0,0,0,130838380,26148825,156987205,0,0,150850375,6136830,156987205
2023-04-06,4660,4660,4560,4610,54297,-1.0729613733905579,0,0,4978,-4978,0,0,0,51320,2977,54297,0,0,46342,7955,54297,0,0,23031555,-23031555,0,0,0,235283025,13651505,248934530,0,0,212251470,36683060,248934530
2023-04-07,4610,4655,4540,4590,37955,-0.43383947939262474,0,88,3709,-3797,0,0,88,35477,2390,37955,0,0,31768,6187,37955,0,404800,16977930,-17382730,0,0,404800,162590905,10923140,173918845,0,0,145612975,28305870,173918845
2023-04-10,4590,4590,4475,4500,105140,-1.9607843137254901,0,0,22959,-22959,0,0,0,98873,6267,105140,0,0,75914,29226,105140,0,0,103679575,-103679575,0,0,0,445480100,28209510,473689610,0,0,341800525,131889085,473689610
2023-04-11,4455,4565,4445,4555,74696,1.2222222222222223,-8692,0,-14860,23552,0,0,0,46945,27751,74696,8692,0,61805,4199,74696,-39356920,0,-67175015,106531935,0,0,0,211473950,125454675,336928625,39356920,0,278648965,18922740,336928625
2023-04-12,4560,4575,4485,4575,60079,0.43907793633369924,0,1357,-10640,9283,0,0,1357,47661,11061,60079,0,0,58301,1778,60079,0,6174350,-48427010,42252660,0,0,6174350,216755550,50295905,273225805,0,0,265182560,8043245,273225805
2023-04-13,4565,4600,4510,4600,28963,0.546448087431694,-965,0,-6584,7549,0,0,0,20744,8219,28963,965,0,27328,670,28963,-4401500,0,-30004665,34406165,0,0,0,94236240,37455310,131691550,4401500,0,124240905,3049145,131691550
2023-04-14,4585,4650,4580,4610,37513,0.21739130434782608,-1683,0,6362,-4679,0,0,0,36438,1075,37513,1683,0,30076,5754,37513,-7773350,0,29387600,-21614250,0,0,0,168118200,4957805,173076005,7773350,0,138730600,26572055,173076005
2023-04-17,4575,4580,4470,4545,63787,-1.4099783080260302,-3587,0,1609,1978,0,0,0,58990,4797,63787,3587,0,57381,2819,63787,-16372300,0,7393530,8978770,0,0,0,267176125,21788395,288964520,16372300,0,259782595,12809625,288964520
2023-04-18,4570,4695,4495,4690,163135,3.1903190319031904,0,8000,-30371,22371,0,0,8000,126676,28459,163135,0,0,157047,6088,163135,0,36080000,-139084255,103004255,0,0,36080000,583045665,131068520,750194185,0,0,722129920,28064265,750194185
2023-04-19,4700,4730,4655,4715,46207,0.5330490405117271,0,0,2868,-2868,0,0,0,44394,1813,46207,0,0,41526,4681,46207,0,0,13516030,-13516030,0,0,0,208511365,8523220,217034585,0,0,194995335,22039250,217034585
2023-04-20,4715,4715,4575,4605,68524,-2.332979851537646,-3414,0,16964,-13550,0,0,0,66388,2136,68524,3414,0,49424,15686,68524,-15683475,0,78348150,-62664675,0,0,0,306998915,9873835,316872750,15683475,0,228650765,72538510,316872750
2023-04-21,4575,4605,4495,4515,66253,-1.9543973941368076,0,0,18317,-18317,0,0,0,64180,2073,66253,0,0,45863,20390,66253,0,0,83039280,-83039280,0,0,0,290769200,9373690,300142890,0,0,207729920,92412970,300142890
2023-04-24,4500,4500,4395,4445,68439,-1.550387596899225,0,0,17506,-17506,0,0,0,65081,3358,68439,0,0,47575,20864,68439,0,0,77659390,-77659390,0,0,0,288529985,14897280,303427265,0,0,210870595,92556670,303427265
2023-04-25,4400,4450,4360,4420,45450,-0.562429696287964,0,0,13306,-13306,0,0,0,42398,3052,45450,0,0,29092,16358,45450,0,0,58538635,-58538635,0,0,0,186218680,13403945,199622625,0,0,127680045,71942580,199622625
2023-04-26,4380,4515,4375,4470,31811,1.1312217194570136,0,0,-2207,2207,0,0,0,26523,5288,31811,0,0,28730,3081,31811,0,0,-9904535,9904535,0,0,0,117884935,23568615,141453550,0,0,127789470,13664080,141453550
2023-04-27,4470,4520,4405,4515,25185,1.006711409395973,0,0,-3465,3465,0,0,0,20738,4447,25185,0,0,24203,982,25185,0,0,-15551345,15551345,0,0,0,92603535,19919015,112522550,0,0,108154880,4367670,112522550
2023-04-28,4520,4520,4460,4490,28557,-0.5537098560354374,0,0,174,-174,0,0,0,25737,2820,28557,0,0,25563,2994,28557,0,0,769620,-769620,0,0,0,115236315,12653395,127889710,0,0,114466695,13423015,127889710
2023-05-02,4500,4535,4450,4515,22115,0.5567928730512249,0,0,-6788,6788,0,0,0,14197,7918,22115,0,0,20985,1130,22115,0,0,-30512355,30512355,0,0,0,63854840,35589650,99444490,0,0,94367195,5077295,99444490
2023-05-03,4470,4535,4465,4500,27436,-0.33222591362126247,-4000,0,3505,495,0,0,0,23566,3870,27436,4000,0,20061,3375,27436,-18006455,0,15749580,2256875,0,0,0,106156010,17446995,123603005,18006455,0,90406430,15190120,123603005
2023-05-04,4505,4540,4490,4510,45854,0.2222222222222222,-1000,0,-1944,2944,0,0,0,40943,4911,45854,1000,0,42887,1967,45854,-4511435,0,-8771735,13283170,0,0,0,184517825,22139345,206657170,4511435,0,193289560,8856175,206657170
2023-05-08,4510,4575,4510,4560,30910,1.1086474501108647,0,434,-4282,3848,0,0,434,24955,5521,30910,0,0,29237,1673,30910,0,1981830,-19321465,17339635,0,0,1981830,113736820,24953220,140671870,0,0,133058285,7613585,140671870
2023-05-09,4555,4860,4510,4830,420693,5.921052631578947,64812,-5117,-92116,32421,0,71612,7322,290336,51423,420693,6800,12439,382452,19002,420693,312245420,-20683590,-451561520,159999690,0,345034430,37282150,1451144920,249057045,2082518545,32789010,57965740,1902706440,89057355,2082518545
2023-05-10,6000,6270,5900,6270,4340722,29.81366459627329,-21704,-5883,160643,-133056,0,64827,27082,4191270,57543,4340722,86531,32965,4030627,190599,4340722,-140280590,-37357680,998355650,-820717380,0,402222110,169173490,26046668750,355056560,26973120910,542502700,206531170,25048313100,1175773940,26973120910
2023-05-11,5990,7930,5910,6670,16472165,6.379585326953747,425959,30077,-476244,20208,0,631197,73547,15332610,434811,16472165,205238,43470,15808854,414603,16472165,2865505680,190778070,-3152583230,96299480,0,4364702580,506452510,108159623180,3036880010,116067658280,1499196900,315674440,111312206410,2940580530,116067658280
2023-05-12,6850,7360,6680,6740,2746390,1.0494752623688157,63596,16550,-92036,11890,0,107596,21405,2510336,107053,2746390,44000,4855,2602372,95163,2746390,445387010,115058610,-639867850,79422230,0,753490300,148110930,17560572420,743088830,19205262480,308103290,33052320,18200440270,663666600,19205262480
2023-05-15,6700,7200,6700,7200,609380,6.824925816023739,44176,0,-44240,64,0,45976,0,561772,1632,609380,1800,0,606012,1568,609380,314947030,0,-315190900,243870,0,327635030,0,3909668190,11242840,4248546060,12688000,0,4224859090,10998970,4248546060
2023-05-16,7130,7250,6930,7200,342826,0.0,12760,984,-13488,-256,0,13760,1984,326835,247,342826,1000,1000,340323,503,342826,90361150,7255600,-95748310,-1868440,0,97590150,14185600,2321920770,1778400,2435474920,7229000,6930000,2417669080,3646840,2435474920
2023-05-17,7300,7470,7300,7390,567338,2.638888888888889,53992,3710,-61343,3641,0,53992,3920,503865,5561,567338,0,210,565208,1920,567338,397909260,27140470,-452073270,27023540,0,397909260,28694400,3724687290,41304740,4192595690,0,1553930,4176760560,14281200,4192595690
2023-05-18,7300,8660,7030,7600,6526632,2.841677943166441,8315,22931,-294559,263313,0,133156,42335,5785176,565965,6526632,124841,19404,6079735,302652,6526632,24565900,173805600,-2219449940,2021078440,0,989731060,325889490,46319179010,4419883680,52054683240,965165160,152083890,48538628950,2398805240,52054683240
2023-05-19,7630,8230,7480,7600,1117500,0.0,-4032,13453,-144194,134773,0,18370,15202,843889,240039,1117500,22402,1749,988083,105266,1117500,-32145200,105728840,-1115715090,1042131450,0,143613500,119622420,6641919940,1870419910,8775575770,175758700,13893580,7757635030,828288460,8775575770
2023-05-22,7510,8580,7070,7820,3015331,2.8947368421052633,101952,-9353,-253469,160870,0,105686,15309,2466939,427397,3015331,3734,24662,2720408,266527,3015331,787738460,-73725770,-1927716630,1213703940,0,817991020,121285870,19805231390,3322924950,24067433230,30252560,195011640,21732948020,2109221010,24067433230
2023-05-23,7800,9340,7780,8720,7583326,11.508951406649617,-114646,-4127,-256864,375637,0,3496,27955,6328255,1223620,7583326,118142,32082,6585119,847983,7583326,-993557580,-41709980,-2054262140,3089529700,0,29805190,238653100,55758091240,10539014520,66565564050,1023362770,280363080,57812353380,7449484820,66565564050
2023-05-24,8590,8970,8390,8700,1327376,-0.22935779816513763,107256,-324,-47204,-59728,0,123753,7176,993803,202644,1327376,16497,7500,1041007,262372,1327376,935345710,-2044320,-407493840,-525807550,0,1079795310,61430680,8616967140,1752874780,11511067910,144449600,63475000,9024460980,2278682330,11511067910
2023-05-25,8470,8500,8100,8190,706347,-5.862068965517241,-53675,-33703,35353,52025,0,23949,14258,522465,145675,706347,77624,47961,487112,93650,706347,-436760800,-276205460,293025170,419941090,0,200822780,117890100,4314036070,1197212660,5829961610,637583580,394095560,4021010900,777271570,5829961610
2023-05-26,8030,8270,7920,8080,356912,-1.3431013431013432,-11091,-2641,-18054,31786,0,1030,1419,255042,99421,356912,12121,4060,273096,67635,356912,-88932950,-21103960,-138391290,248428200,0,8397600,11361520,2064993370,799134910,2883887400,97330550,32465480,2203384660,550706710,2883887400
2023-05-30,7920,8090,7550,8080,653483,0.0,-130995,-20199,28333,122861,0,19005,1901,458049,174528,653483,150000,22100,429716,51667,653483,-1018706820,-154890380,223681080,949916120,0,147765840,14697750,3575611230,1354301050,5092375870,1166472660,169588130,3351930150,404384930,5092375870
2023-05-31,7930,8520,7910,8280,593116,2.4752475247524752,45767,-3678,-109672,67583,0,46967,23,421270,124856,593116,1200,3701,530942,57273,593116,380748950,-30529930,-907979490,557760470,0,390687950,187910,3487355040,1030904060,4909134960,9939000,30717840,4395334530,473143590,4909134960
2023-06-01,8310,8450,7680,7930,543182,-4.2270531400966185,-43886,-8430,79884,-27568,0,14374,2511,436961,89336,543182,58260,10941,357077,116904,543182,-341604410,-65449410,630694770,-223640950,0,114064030,19891020,3461893360,703924890,4299773300,455668440,85340430,2831198590,927565840,4299773300
2023-06-02,7990,9400,7810,8960,3151786,12.988650693568726,328574,-4461,-701656,377543,0,393760,10055,1965209,782762,3151786,65186,14516,2666865,405219,3151786,2941681050,-48407880,-6242380030,3349106860,0,3532737920,78845210,17545900410,6965113660,28122597200,591056870,127253090,23788280440,3616006800,28122597200
2023-06-05,8880,9020,8640,8640,407221,-3.571428571428571,63734,-6545,-13247,-43942,0,70993,3455,269194,63579,407221,7259,10000,282441,107521,407221,565322250,-58357190,-117977160,-388987900,0,629416130,30623100,2377096740,562484890,3599620860,64093880,88980290,2495073900,951472790,3599620860
2023-06-07,8640,8940,8420,8530,382095,-1.2731481481481481,-33099,-455,64944,-31390,0,1322,0,310570,70203,382095,34421,455,245626,101593,382095,-284277660,-3990350,568312350,-280044340,0,11344140,0,2693486130,606070710,3310900980,295621800,3990350,2125173780,886115050,3310900980
2023-06-08,8700,8890,8420,8620,598993,1.0550996483001172,-99396,-761,49188,50969,0,102745,1,348654,147593,598993,202141,762,299466,96624,598993,-844844160,-6552190,410194610,441201740,0,890016750,8630,3010699780,1278455380,5179180540,1734860910,6560820,2600505170,837253640,5179180540
2023-06-09,8620,9220,8420,8790,856239,1.9721577726218096,5949,-74,-12092,6217,0,185196,326,504765,165952,856239,179247,400,516857,159735,856239,63418520,-766980,-119805300,57153760,0,1650225690,2853020,4496465690,1478918260,7628462660,1586807170,3620000,4616270990,1421764500,7628462660
2023-06-12,8790,8790,8360,8450,298893,-3.8680318543799777,-1861,1015,-8228,9074,0,0,1041,234809,63043,298893,1861,26,243037,53969,298893,-15686980,8496030,-70020700,77211650,0,0,8715990,1988002590,534177230,2530895810,15686980,219960,2058023290,456965580,2530895810
2023-06-13,8540,8540,8260,8490,236413,0.4733727810650888,20039,2000,-14749,-7290,0,22039,2000,151549,60825,236413,2000,0,166298,68115,236413,168971850,16710000,-122031700,-63650150,0,185901850,16710000,1277867920,512013060,1992492830,16930000,0,1399899620,575663210,1992492830
2023-06-14,8500,8550,8230,8260,145860,-2.7090694935217905,-16598,2000,-3697,18295,0,0,2000,107332,36528,145860,16598,0,111029,18233,145860,-137860520,16690000,-31219860,152390380,0,0,16690000,894513910,304478100,1215682010,137860520,0,925733770,152087720,1215682010
2023-06-15,8280,8550,8090,8550,217511,3.5108958837772395,-920,-12999,352,13567,0,0,1,166766,50744,217511,920,13000,166414,37177,217511,-7564400,-106299790,5989570,107874620,0,0,8190,1392049000,421519160,1813576350,7564400,106307980,1386059430,313644540,1813576350
2023-06-16,8550,8900,8460,8720,316763,1.9883040935672516,11110,1,-33378,22267,0,28768,1,197488,90506,316763,17658,0,230866,68239,316763,97886850,8880,-290008410,192112680,0,251176910,8880,1721944830,787913550,2761044170,153290060,0,2011953240,595800870,2761044170
2023-06-19,8790,8790,8010,8200,490958,-5.963302752293578,-159592,3550,129073,26969,0,13594,3550,368172,105642,490958,173186,0,239099,78673,490958,-1311956180,29221950,1061289340,221444890,0,111153740,29221950,3038015220,872301860,4050692770,1423109920,0,1976725880,650856970,4050692770
2023-06-20,8200,9450,8140,8560,1489391,4.390243902439024,-58926,31360,-96355,123921,0,28499,34360,1125636,300896,1489391,87425,3000,1221991,176975,1489391,-496674680,265915680,-780179710,1010938710,0,244225130,293857800,10020996560,2589487560,13148567050,740899810,27942120,10801176270,1578548850,13148567050
2023-06-21,8650,9370,8550,8900,945136,3.9719626168224296,87326,-19023,-50366,-17937,0,88090,1681,695866,159499,945136,764,20704,746232,177436,945136,788908700,-173973450,-449595530,-165339720,0,795855780,15050210,6303970980,1442222780,8557099750,6947080,189023660,6753566510,1607562500,8557099750
2023-06-22,9000,9780,8960,9170,1034908,3.033707865168539,-25235,-2026,36165,-8904,0,0,1800,868178,164930,1034908,25235,3826,832013,173834,1034908,-238127140,-19359290,329907490,-72421060,0,0,16878260,8153625340,1556495590,9726999190,238127140,36237550,7823717850,1628916650,9726999190
2023-06-23,9260,9440,8970,9100,325541,-0.7633587786259541,7223,1165,45854,-54242,0,7223,1165,275960,41193,325541,0,0,230106,95435,325541,66156860,10636860,419509190,-496302910,0,66156860,10636860,2533233400,378675700,2988702820,0,0,2113724210,874978610,2988702820
2023-06-26,9100,9260,8620,8880,219692,-2.417582417582418,0,3113,-45653,42540,0,0,4153,137268,78271,219692,0,1040,182921,35731,219692,0,27309840,-398489510,371179670,0,0,36712960,1223049560,691241960,1951004480,0,9403120,1621539070,320062290,1951004480
2023-06-27,8920,9700,8750,9600,964074,8.108108108108109,218011,3204,-208748,-12467,0,219211,4698,557491,182674,964074,1200,1494,766239,195141,964074,2084107060,30616980,-1984843740,-129880300,0,2095701100,45037380,5293720540,1728590150,9163049170,11594040,14420400,7278564280,1858470450,9163049170
2023-06-28,9800,9940,9520,9600,522975,0.0,20902,3676,30658,-55236,0,20902,6595,439762,55716,522975,0,2919,409104,110952,522975,203099510,35640970,302982720,-541723200,0,203099510,63891840,4289893210,542113970,5098998530,0,28250870,3986910490,1083837170,5098998530
2023-06-29,9740,9930,9280,9290,381308,-3.229166666666667,1800,-1307,31491,-31984,0,1800,2000,333076,44432,381308,0,3307,301585,76416,381308,17782000,-11959830,308214100,-314036270,0,17782000,19009600,3205747710,421462020,3664001330,0,30969430,2897533610,735498290,3664001330
2023-06-30,9290,9510,9180,9380,195453,0.9687836383207751,0,2771,17690,-20461,0,0,2771,158364,34318,195453,0,0,140674,54779,195453,0,26183090,168358230,-194541320,0,0,26183090,1483554660,319442010,1829179760,0,0,1315196430,513983330,1829179760
2023-07-03,9580,9960,9290,9410,360754,0.31982942430703626,-356,-11445,18958,-7157,0,3036,5,290972,66741,360754,3392,11450,272014,73898,360754,-3341630,-111896550,183898850,-68660670,0,29145900,48950,2813949720,640583320,3483727890,32487530,111945500,2630050870,709243990,3483727890
2023-07-04,9350,9930,9170,9920,343039,5.419766206163656,89417,-3126,-64483,-21808,0,91576,2086,204397,44980,343039,2159,5212,268880,66788,343039,869104120,-30010790,-618379970,-220713360,0,889947180,19991470,1979490040,428345950,3317774640,20843060,50002260,2597870010,649059310,3317774640
2023-07-05,9920,10050,9720,9910,270526,-0.10080645161290322,-16750,500,47588,-31338,0,49918,500,196147,23961,270526,66668,0,148559,55299,270526,-164610240,4955000,469436070,-309780830,0,489902620,4955000,1933593800,236453130,2664904550,654512860,0,1464157730,546233960,2664904550
2023-07-06,9890,9910,9530,9670,161831,-2.4217961654894045,46595,-1011,-16544,-29040,0,48420,989,92355,20067,161831,1825,2000,108899,49107,161831,457465300,-9701910,-162749660,-285013730,0,475132440,9678090,895485070,194603370,1574898970,17667140,19380000,1058234730,479617100,1574898970
2023-07-07,9670,10080,9620,9990,309696,3.3092037228541886,85897,-27,-44720,-41150,0,85898,0,185021,38777,309696,1,27,229741,79927,309696,850509470,-269190,-442625300,-407614980,0,850519140,0,1836521590,383575040,3070615770,9670,269190,2279146890,791190020,3070615770
2023-07-10,10090,10600,9900,10240,560725,2.5025025025025025,104088,-37406,-22835,-43847,0,108075,7049,373446,72155,560725,3987,44455,396281,116002,560725,1067381310,-387599950,-231197820,-448583540,0,1108650540,72846500,3852743620,748400440,5782641100,41269230,460446450,4083941440,1196983980,5782641100
2023-07-11,10500,10500,10020,10100,168818,-1.3671875,10918,0,20362,-31280,0,14447,0,145329,9042,168818,3529,0,124967,40322,168818,111919800,0,205736810,-317656610,0,147869310,0,1474897900,92254480,1715021690,35949510,0,1269161090,409911090,1715021690
2023-07-12,10100,10100,9710,9780,179229,-3.1683168316831685,6431,5929,25385,-37745,0,7836,5929,148043,17421,179229,1405,0,122658,55166,179229,64113640,58023710,248454000,-370591350,0,77995580,58023710,1456924800,173189280,1766133370,13881940,0,1208470800,543780630,1766133370
2023-07-13,9790,9840,9190,9390,582986,-3.9877300613496933,7015,2778,7100,-16893,0,117071,4175,368468,93272,582986,110056,1397,361368,110165,582986,64109420,26370340,77610640,-168090400,0,1096828450,39712950,3466136450,872117910,5474795760,1032719030,13342610,3388525810,1040208310,5474795760
2023-07-14,9390,9390,8940,9160,471956,-2.4494142705005326,-68397,21323,-521,47595,0,69971,21339,274356,106290,471956,138368,16,274877,58695,471956,-611965290,197122880,-12975630,427818040,0,642500400,197267650,2497765710,966864550,4304398310,1254465690,144770,2510741340,539046510,4304398310
2023-07-17,9170,9960,9090,9720,391683,6.11353711790393,13763,15449,-69476,40264,0,15932,15634,260627,99490,391683,2169,185,330103,59226,391683,129831080,152692440,-680342430,397818910,0,151046390,154457340,2536633020,971816750,3813953500,21215310,1764900,3216975450,573997840,3813953500
2023-07-18,9940,10220,9640,9710,315721,-0.102880658436214,-15220,27376,11698,-23854,0,1512,27376,234119,52714,315721,16732,0,222421,76568,315721,-150053890,277134350,109743560,-236824020,0,14810890,277134350,2313804720,523180650,3128930610,164864780,0,2204061160,760004670,3128930610
2023-07-19,9590,9710,9090,9090,264760,-6.385169927909372,-36865,-16008,49794,3079,0,1588,5160,221543,36469,264760,38453,21168,171749,33390,264760,-344564530,-147729410,464808330,27485610,0,14828970,48069280,2063906600,340349640,2467154490,359393500,195798690,1599098270,312864030,2467154490
2023-07-20,9110,9360,8990,9120,118820,0.33003300330033003,-32586,-5645,27650,10581,0,2094,687,90762,25277,118820,34680,6332,63112,14696,118820,-295424000,-51038970,251042940,95420030,0,19040740,6217350,823821250,229239080,1078318420,314464740,57256320,572778310,133819050,1078318420
2023-07-21,9120,9140,8870,8960,111935,-1.7543859649122806,-1469,-20017,469,21017,0,975,0,77723,33237,111935,2444,20017,77254,12220,111935,-13178480,-179385830,4358400,188205910,0,8749400,0,699615560,298296940,1006661900,21927880,179385830,695257160,110091030,1006661900
2023-07-24,9260,9290,8630,9160,171054,2.232142857142857,69558,-2502,-48370,-18686,0,81040,0,66240,23774,171054,11482,2502,114610,42460,171054,637837320,-22040090,-441944640,-173852590,0,740236000,0,595774490,212226860,1548237350,102398680,22040090,1037719130,386079450,1548237350
2023-07-25,9440,9720,9300,9510,313080,3.820960698689956,92729,1222,-56100,-37851,0,110173,1222,161274,40411,313080,17444,0,217374,78262,313080,889827000,11709270,-539387160,-362149110,0,1056382240,11709270,1536723250,385847160,2990661920,166555240,0,2076110410,747996270,2990661920
2023-07-26,10000,10000,9050,9210,363688,-3.1545741324921135,-9903,-1222,36074,-24949,0,7268,0,308507,47913,363688,17171,1222,272433,72862,363688,-96058750,-11898630,348278240,-240320860,0,67186400,0,2965698370,458108670,3490993440,163245150,11898630,2617420130,698429530,3490993440
2023-07-27,9240,9790,9180,9340,184689,1.4115092290988056,10268,1748,-6012,-6004,0,12660,1748,144307,25974,184689,2392,0,150319,31978,184689,97256740,16696160,-60053850,-53899050,0,119854060,16696160,1374343730,248983090,1759877040,22597320,0,1434397580,302882140,1759877040
2023-07-28,9210,9540,9110,9480,91343,1.4989293361884368,11827,980,-7059,-5748,0,14161,988,62882,13312,91343,2334,8,69941,19060,91343,111831590,9127600,-66912280,-54046910,0,133743580,9202320,588545310,124293820,855785030,21911990,74720,655457590,178340730,855785030
2023-07-31,9570,9700,9510,9570,75283,0.949367088607595,5073,0,781,-5854,0,5153,0,63657,6473,75283,80,0,62876,12327,75283,48785810,0,6882590,-55668400,0,49551650,0,609684600,62166650,721402900,765840,0,602802010,117835050,721402900
2023-08-01,9570,9700,9250,9430,81524,-1.4629049111807733,843,0,27645,-28488,0,1278,0,75312,4934,81524,435,0,47667,33422,81524,7923210,0,260340530,-268263740,0,12069330,0,708210600,46460600,766740530,4146120,0,447870070,314724340,766740530
2023-08-02,9250,9710,9050,9070,183038,-3.8176033934252387,4888,1231,27232,-33351,0,8669,1231,148016,25122,183038,3781,0,120784,58473,183038,44238150,11399060,255242430,-310879640,0,80109930,11399060,1391643180,236607430,1719759600,35871780,0,1136400750,547487070,1719759600
2023-08-03,9030,9390,9000,9100,82819,0.33076074972436603,-9143,0,-3158,12301,0,16808,0,37087,28924,82819,25951,0,40245,16623,82819,-84514500,0,-29160400,113674900,0,154343580,0,338895850,265654420,758893850,238858080,0,368056250,151979520,758893850
2023-08-04,9110,10000,9110,9790,377224,7.582417582417582,4041,-550,-47607,44116,0,10596,47,273947,92634,377224,6555,597,321554,48518,377224,39386500,-5413490,-466228960,432255950,0,103353700,458230,2687653430,907635450,3699100810,63967200,5871720,3153882390,475379500,3699100810
2023-08-07,9890,11120,9890,10970,1295296,12.053115423901941,109220,19700,-112340,-16580,0,143682,21440,898063,232111,1295296,34462,1740,1010403,248691,1295296,1161803100,208407710,-1165298760,-204912050,0,1529833310,226876080,9555157400,2453753250,13765620040,368030210,18468370,10720456160,2658665300,13765620040
2023-08-08,10970,11020,10620,10870,513954,-0.9115770282588878,180207,-1380,-113076,-65751,0,195540,1808,255777,60829,513954,15333,3188,368853,126580,513954,1965499020,-14746960,-1231933730,-718818330,0,2132619350,19679630,2779768040,658276500,5590343520,167120330,34426590,4011701770,1377094830,5590343520
2023-08-09,11080,11400,9570,10300,1602949,-5.243790248390065,114994,16950,95015,-226959,0,238271,23842,1204536,136300,1602949,123277,6892,1109521,363259,1602949,1210350610,170625580,886897090,-2267873280,0,2432068040,241735210,12235298570,1392863720,16301965540,1221717430,71109630,11348401480,3660737000,16301965540
2023-08-10,10780,10780,9500,9660,1197625,-6.213592233009709,51509,-15168,84893,-121234,0,178050,6575,890892,122108,1197625,126541,21743,805999,243342,1197625,508579070,-155606240,847047170,-1200020000,0,1744075990,63644860,8828452470,1224647970,11860821290,1235496920,219251100,7981405300,2424667970,11860821290
2023-08-11,9800,10040,9100,9570,1162648,-0.9316770186335404,-75083,2557,22688,49838,0,203010,9573,753686,196379,1162648,278093,7016,730998,146541,1162648,-670467540,21248470,167998980,481220090,0,1900783400,89423360,7091279330,1856720410,10938206500,2571250940,68174890,6923280350,1375500320,10938206500
2023-08-14,9480,9980,9310,9820,526186,2.612330198537095,35234,3576,-169862,131052,0,93691,5403,244943,182149,526186,58457,1827,414805,51097,526186,351027150,35583600,-1668858310,1282247560,0,923179090,53064130,2394762690,1783691850,5154697760,572151940,17480530,4063621000,501444290,5154697760
2023-08-16,9610,9880,9170,9540,387450,-2.8513238289205702,75100,10905,-38018,-47987,0,91681,10918,245706,39145,387450,16581,13,283724,87132,387450,719532850,103362420,-365080050,-457815220,0,873995490,103482750,2313071840,365569260,3656119340,154462640,120330,2678151890,823384480,3656119340
2023-08-17,9310,9970,9200,9910,390816,3.878406708595388,121081,12329,-107470,-25940,0,143843,12532,181513,52928,390816,22762,203,288983,78868,390816,1179232150,121812330,-1035741110,-265303370,0,1397071770,123827760,1744399860,498082610,3763382000,217839620,2015430,2780140970,763385980,3763382000
2023-08-18,9810,10200,9640,9940,351574,0.30272452068617556,55575,12532,-34504,-33603,0,58743,13147,234944,44740,351574,3168,615,269448,78343,351574,556863060,125871330,-343140370,-339594020,0,588403740,132036110,2346710660,443897570,3511048080,31540680,6164780,2689851030,783491590,3511048080
2023-08-21,9940,11270,9720,10950,897668,10.160965794768611,209238,-10249,-180031,-18958,0,253067,9458,539216,95927,897668,43829,19707,719247,114885,897668,2282545930,-117616490,-1945483450,-219445990,0,2757463760,100768180,5812444180,1023632710,9694308830,474917830,218384670,7757927630,1243078700,9694308830
2023-08-22,10940,11950,10860,11790,906744,7.671232876712329,109162,-59226,59850,-109786,0,111275,11144,709211,75114,906744,2113,70370,649361,184900,906744,1280846450,-686226260,694482160,-1289102350,0,1304934330,131325860,8243026810,867899620,10547186620,24087880,817552120,7548544650,2157001970,10547186620
2023-08-23,11770,11980,11300,11470,285607,-2.7141645462256148,4050,-569,7369,-10850,0,4879,431,243741,36556,285607,829,1000,236372,47406,285607,47261260,-6916550,85696250,-126040960,0,56809260,4953450,2831302140,424304790,3317369640,9548000,11870000,2745605890,550345750,3317369640
2023-08-24,11310,11490,10860,11300,322110,-1.4821272885789014,25082,-8635,-14115,-2332,0,26912,3213,234799,57186,322110,1830,11848,248914,59518,322110,284030550,-96425390,-149456000,-38149160,0,304438210,35899390,2633651220,634786620,3608775440,20407660,132324780,2783107220,672935780,3608775440
2023-08-25,11170,11570,11100,11270,132534,-0.2654867256637168,18967,206,-238,-18935,0,19362,1206,98327,13639,132534,395,1000,98565,32574,132534,217598450,2491080,-1386250,-218703280,0,222109800,13861080,1120441760,154363330,1510775970,4511350,11370000,1121828010,373066610,1510775970
2023-08-28,11330,11600,10810,11100,194063,-1.5084294587400178,10789,3904,-19923,5230,0,13095,3904,147954,29110,194063,2306,0,167877,23880,194063,119079250,42861730,-214603890,52662910,0,144767330,42861730,1641385130,320508460,2149522650,25688080,0,1855989020,267845550,2149522650
2023-08-29,11000,11230,10950,10980,89421,-1.0810810810810811,10718,764,-5553,-5929,0,12327,764,67039,9291,89421,1609,0,72592,15220,89421,119192550,8495960,-61369890,-66318620,0,137042780,8495960,742986500,102901410,991426650,17850230,0,804356390,169220030,991426650
2023-08-30,11000,11050,10570,10920,257682,-0.546448087431694,21286,5206,-60251,33759,0,24388,5239,177605,50450,257682,3102,33,237856,16691,257682,232510780,56799880,-650475640,361164980,0,266012990,57153310,1916771940,543317120,2783255360,33502210,353430,2567247580,182152140,2783255360
2023-08-31,10870,11450,10620,11350,172630,3.9377289377289375,33007,0,-32221,-786,0,33954,0,118312,20364,172630,947,0,150533,21150,172630,369095990,0,-356591000,-12504990,0,379647060,0,1308662690,224479400,1912789150,10551070,0,1665253690,236984390,1912789150
2023-09-01,11580,12390,11580,12010,712656,5.814977973568282,156278,-7055,-178206,28983,0,199906,822,400641,111287,712656,43628,7877,578847,82304,712656,1887200300,-85739000,-2143675040,342213740,0,2412221920,9759740,4811111210,1331842560,8564935430,525021620,95498740,6954786250,989628820,8564935430
2023-09-04,11950,12220,11500,12010,265689,0.0,49774,0,-8654,-41120,0,63495,0,178055,24139,265689,13721,0,186709,65259,265689,596672600,0,-104028160,-492644440,0,760508820,0,2117779940,284946190,3163234950,163836220,0,2221808100,777590630,3163234950
2023-09-05,11920,12080,11630,11880,140989,-1.0824313072439635,29392,0,12492,-41884,0,30760,0,100272,9957,140989,1368,0,87780,51841,140989,346706530,0,148157620,-494864150,0,362878370,0,1185709820,117450450,1666038640,16171840,0,1037552200,612314600,1666038640
2023-09-06,11880,12430,11820,12380,295554,4.208754208754209,100939,218,-66619,-34538,0,108595,418,151123,35418,295554,7656,200,217742,69956,295554,1238947840,2747880,-814706890,-426988830,0,1332463890,5175880,1854340120,430853730,3622833620,93516050,2428000,2669047010,857842560,3622833620
2023-09-07,12500,12500,11770,11890,173238,-3.9579967689822295,6196,10,19419,-25625,0,15949,10,140409,16870,173238,9753,0,120990,42495,173238,74157910,119800,238501450,-312779160,0,191098660,119800,1693074450,201851750,2086144660,116940750,0,1454573000,514630910,2086144660
2023-09-08,11850,12250,11710,12140,158886,2.1026072329688814,16246,-156,-10435,-5655,0,22846,0,106094,29946,158886,6600,156,116529,35601,158886,195860620,-1892210,-122731960,-71236450,0,274534440,0,1274498380,356945100,1905977920,78673820,1892210,1397230340,428181550,1905977920
2023-09-11,12050,12360,11790,12110,191710,-0.2471169686985173,26236,39,-1259,-25016,0,40204,39,126795,24672,191710,13968,0,128054,49688,191710,321471140,467890,-16756300,-305182730,0,489046390,467890,1534021850,298777960,2322314090,167575250,0,1550778150,603960690,2322314090
2023-09-12,12250,12250,11850,11860,101295,-2.064409578860446,31128,0,-10422,-20706,0,32775,0,61906,6614,101295,1647,0,72328,27320,101295,372960910,0,-125009840,-247951070,0,392711540,0,742678480,79560130,1214950150,19750630,0,867688320,327511200,1214950150
2023-09-13,11710,11950,11280,11290,172053,-4.806070826306914,295,-102,-13028,12835,0,9993,0,119514,42546,172053,9698,102,132542,29711,172053,2440710,-1173350,-153876790,152609430,0,114440400,0,1378686290,494755790,1987882480,111999690,1173350,1532563080,342146360,1987882480
2023-09-14,11250,12120,10750,11880,255662,5.225863596102745,34949,12142,-35912,-11179,0,48104,13132,146126,48300,255662,13155,990,182038,59479,255662,409643610,139738690,-400425030,-148957270,0,561162580,150988970,1690365620,548586910,2951104080,151518970,11250280,2090790650,697544180,2951104080
2023-09-15,11910,12420,11720,11950,222953,0.5892255892255892,13782,-11,10601,-24372,0,25580,0,173898,23475,222953,11798,11,163297,47847,222953,172056400,-136180,121532530,-293452750,0,314864320,0,2112437170,286471970,2713773460,142807920,136180,1990904640,579924720,2713773460
2023-09-18,11970,12640,11970,12620,307155,5.606694560669457,50381,-6000,-64176,19795,0,53696,0,203713,49746,307155,3315,6000,267889,29951,307155,632258650,-75650000,-800443880,243835230,0,673594030,0,2543187830,617779240,3834561100,41335380,75650000,3343631710,373944010,3834561100
2023-09-19,12770,13440,12400,12520,270263,-0.7923930269413629,1023,0,-404,-619,0,7076,368,218635,44184,270263,6053,368,219039,44803,270263,13585750,138270,-11200910,-2523110,0,90885230,4880910,2818477660,574383880,3488627680,77299480,4742640,2829678570,576906990,3488627680
2023-09-20,12590,12800,11900,12480,284025,-0.3194888178913738,39347,-6225,-43999,10877,0,75591,7000,135726,65708,284025,36244,13225,179725,54831,284025,497436820,-76012360,-540963730,119539270,0,933808390,84240000,1650030510,794451590,3462530490,436371570,160252360,2190994240,674912320,3462530490
2023-09-21,12210,12350,11900,12100,139081,-3.0448717948717947,19751,-1000,-14046,-4705,0,20742,0,91103,27236,139081,991,1000,105149,31941,139081,240866230,-12250000,-170686800,-57929430,0,252867060,0,1097466780,327551330,1677885170,12000830,12250000,1268153580,385480760,1677885170
2023-09-22,11800,12230,11600,11900,106567,-1.6528925619834711,10076,0,-6501,-3575,0,10076,0,81505,14986,106567,0,0,88006,18561,106567,121279720,0,-75508010,-45771710,0,121279720,0,974038230,177514840,1272832790,0,0,1049546240,223286550,1272832790
2023-09-25,11950,12370,11850,12260,120441,3.0252100840336134,28009,0,-13311,-14698,0,29067,0,78433,12941,120441,1058,0,91744,27639,120441,343794190,0,-163580840,-180213350,0,356664140,0,958543500,157314090,1472521730,12869950,0,1122124340,337527440,1472521730
2023-09-26,12680,12680,11550,11550,164838,-5.791190864600326,2929,-226,32673,-35376,0,4226,0,144963,15649,164838,1297,226,112290,51025,164838,34527620,-2680190,395709680,-427557110,0,49939550,0,1731441670,186875980,1968257200,15411930,2680190,1335731990,614433090,1968257200
2023-09-27,11490,11900,11410,11880,61204,2.857142857142857,3926,-153,5767,-9540,0,3932,0,53260,4012,61204,6,153,47493,13552,61204,46342630,-1797180,67831810,-112377260,0,46413230,0,626836460,47138300,720387990,70600,1797180,559004650,159515560,720387990
2023-10-04,11610,11850,11290,11290,128029,-4.966329966329966,22935,0,-6309,-16626,0,24723,0,88981,14325,128029,1788,0,95290,30951,128029,262534450,0,-70134010,-192400440,0,283063600,0,1018154990,163412860,1464631450,20529150,0,1088289000,355813300,1464631450
2023-10-05,11310,11390,11010,11150,91562,-1.2400354295837024,32530,989,-14642,-18877,0,39492,989,43734,7347,91562,6962,0,58376,26224,91562,367091930,11166650,-164867730,-213390850,0,445508920,11166650,491244610,82034060,1029954240,78416990,0,656112340,295424910,1029954240
2023-10-06,11500,11890,11160,11600,159873,4.0358744394618835,59621,-9,-63673,4061,0,64286,0,66554,29033,159873,4665,9,130227,24972,159873,700550960,-102960,-741076070,40628070,0,755247250,0,777443950,333793720,1866484920,54696290,102960,1518520020,293165650,1866484920
2023-10-10,11810,11810,10960,10990,147462,-5.258620689655173,-1798,0,30673,-28875,0,2548,0,138353,6561,147462,4346,0,107680,35436,147462,-20765280,0,348988550,-328223270,0,28424000,0,1555422870,73502750,1657349620,49189280,0,1206434320,401726020,1657349620
2023-10-11,10990,11980,10990,11980,198956,9.008189262966333,74120,0,-102905,28785,0,78984,0,77096,42876,198956,4864,0,180001,14091,198956,872607170,0,-1205404230,332797060,0,930023950,0,900012990,498747720,2328784660,57416780,0,2105417220,165950660,2328784660
2023-10-12,11980,13510,11820,13510,726839,12.771285475792988,178659,1051,-160280,-19430,0,226446,4482,405164,90747,726839,47787,3431,565444,110177,726839,2350066930,11940650,-2100150610,-261856970,0,2980906590,57961630,5297673820,1181350720,9517892760,630839660,46020980,7397824430,1443207690,9517892760
2023-10-13,13510,14430,13420,14150,765407,4.737231680236861,100210,-11293,-64739,-24178,0,180296,6551,469781,108779,765407,80086,17844,534520,132957,765407,1422614410,-159436560,-917741940,-345435910,0,2552733550,92355460,6616714680,1531775400,10793579090,1130119140,251792020,7534456620,1877211310,10793579090
2023-10-16,14300,14750,14000,14050,309820,-0.7067137809187279,24155,-2760,-5129,-16266,0,39531,807,235070,34412,309820,15376,3567,240199,50678,309820,348627030,-39338280,-73629510,-235659240,0,568525980,11595150,3375322300,492435480,4447878910,219898950,50933430,3448951810,728094720,4447878910
2023-10-17,14050,14900,13970,14890,396813,5.9786476868327405,88914,1096,-103366,13356,0,98429,1107,244336,52941,396813,9515,11,347702,39585,396813,1308792950,16220580,-1515668330,190654800,0,1446672850,16377880,3564962070,767518670,5795531470,137879900,157300,5080630400,576863870,5795531470
2023-10-18,14780,15030,14300,14400,224680,-3.290799194089993,-14435,3204,8098,3133,0,6690,3204,180867,33919,224680,21125,0,172769,30786,224680,-208883390,46159410,119652810,43071170,0,97345560,46159410,2635205090,493783890,3272493950,306228950,0,2515552280,450712720,3272493950
2023-10-19,14110,14730,13670,13880,312107,-3.6111111111111107,-7940,1240,-6289,12989,0,65977,3000,182992,60138,312107,73917,1760,189281,47149,312107,-105313950,16584190,-83890930,172620690,0,935713330,41570000,2595576300,846200810,4419060440,1041027280,24985810,2679467230,673580120,4419060440
2023-10-20,13470,14000,13050,13730,293331,-1.080691642651297,-18247,2103,-25586,41730,0,50389,2270,165448,75224,293331,68636,167,191034,33494,293331,-234170910,28567760,-343583030,549186180,0,680473460,30811610,2224748490,1005372550,3941406110,914644370,2243850,2568331520,456186370,3941406110
2023-10-23,13500,14330,13300,13970,147889,1.7479970866715222,40543,4,-37001,-3546,0,42509,6,75427,29947,147889,1966,2,112428,33493,147889,571628950,55240,-521987570,-49696620,0,599012610,83380,1052272060,420201990,2071570040,27383660,28140,1574259630,469898610,2071570040
2023-10-24,13970,14160,13250,13400,161093,-4.08017179670723,390,-20,-24807,24437,0,2698,0,115514,42881,161093,2308,20,140321,18444,161093,5279540,-267810,-329595420,324583690,0,36566240,0,1562247770,575395140,2174209150,31286700,267810,1891843190,250811450,2174209150
2023-10-25,13540,14560,13310,14140,251187,5.522388059701493,33827,711,-42908,8370,0,36047,727,166043,48370,251187,2220,16,208951,40000,251187,482397040,10231470,-606336000,113707490,0,513748390,10454110,2352176820,681919210,3558298530,31351350,222640,2958512820,568211720,3558298530
2023-10-26,13820,14310,13500,13850,115309,-2.050919377652051,25780,-10,-11039,-14731,0,29113,13,74541,11642,115309,3333,23,85580,26373,115309,361818330,-135700,-153497850,-208184780,0,408255150,184530,1041290890,162479990,1612210560,46436820,320230,1194788740,370664770,1612210560
2023-10-27,13850,14000,13100,13700,236906,-1.083032490974729,3228,6,-2563,-671,0,35742,1122,149235,50807,236906,32514,1116,151798,51478,236906,48131990,-252100,-33911260,-13968630,0,486663990,15057530,1997476740,678721690,3177919950,438532000,15309630,2031388000,692690320,3177919950
2023-10-30,14000,14000,13150,13450,145745,-1.824817518248175,-20612,529,51205,-31122,0,15101,553,117429,12662,145745,35713,24,66224,43784,145745,-271227060,6962300,681255610,-416990850,0,202609540,7284360,1565834270,169053050,1944781220,473836600,322060,884578660,586043900,1944781220
2023-10-31,13450,14090,12980,13250,157771,-1.486988847583643,10050,802,-29239,18387,0,34536,805,85137,37293,157771,24486,3,114376,18906,157771,136661100,10660080,-395379470,248058290,0,468831640,10700780,1150049720,504744950,2134327090,332170540,40700,1545429190,256686660,2134327090
2023-11-01,13150,13580,12300,13120,327145,-0.9811320754716981,36561,-11282,-15178,-10101,0,83718,2969,185015,55443,327145,47157,14251,200193,65544,327145,502487890,-148323690,-219917780,-134246420,0,1103966370,37186360,2377282010,713756540,4232191280,601478480,185510050,2597199790,848002960,4232191280
2023-11-02,13490,14700,12900,13390,421935,2.057926829268293,15475,1370,-42863,26018,0,34627,2472,304859,79977,421935,19152,1102,347722,53959,421935,221404870,19148880,-590654760,350101010,0,485167390,34660870,4222508760,1107261010,5849598030,263762520,15511990,4813163520,757160000,5849598030
2023-11-03,13460,13530,12890,13090,122345,-2.2404779686333085,-15453,755,41032,-26334,0,16344,773,97366,7862,122345,31797,18,56334,34196,122345,-203464710,9956970,540693200,-347185460,0,215175580,10193720,1280664710,103638920,1609672930,418640290,236750,739971510,450824380,1609672930
2023-11-06,13230,13510,12900,13300,179368,1.6042780748663104,24548,2020,-23433,-3135,0,26699,2020,121232,29417,179368,2151,0,144665,32552,179368,326459430,26896240,-312604840,-40750830,0,354986310,26896240,1650193610,389941790,2422017950,28526880,0,1962798450,430692620,2422017950
2023-11-07,14850,15410,14120,14800,1494968,11.278195488721805,-86986,-4987,4654,87319,0,22611,10244,1140244,321869,1494968,109597,15231,1135590,234550,1494968,-1284264670,-73873410,49218490,1308919590,0,332073780,148045960,16935151540,4797192540,22212463820,1616338450,221919370,16885933050,3488272950,22212463820
2023-11-08,14500,15430,14320,15070,486603,1.8243243243243243,23957,-53,-47332,23428,0,31731,597,295091,159184,486603,7774,650,342423,135756,486603,363931840,-715460,-732175050,368958670,0,478234020,8990010,4417197540,2404096870,7308518440,114302180,9705470,5149372590,2035138200,7308518440
2023-11-09,15070,15140,14250,14900,246076,-1.1280690112806901,32064,-1692,77314,-107686,0,35256,108,173547,37165,246076,3192,1800,96233,144851,246076,474195100,-25162890,1126164900,-1575197110,0,520885190,1609070,2542843350,541589840,3606927450,46690090,26771960,1416678450,2116786950,3606927450
2023-11-10,14770,14870,14180,14310,226990,-3.9597315436241614,-19738,1002,38392,-19656,0,32553,1004,148866,44567,226990,52291,2,110474,64223,226990,-283076390,14435070,552631200,-283989880,0,469966340,14463630,2146355780,642244930,3273030680,753042730,28560,1593724580,926234810,3273030680
2023-11-13,14310,14500,14000,14340,85800,0.20964360587002098,389,0,5942,-6331,0,975,0,68213,16612,85800,586,0,62271,22943,85800,5577340,0,86139190,-91716530,0,13876910,0,973606290,235618570,1223101770,8299570,0,887467100,327335100,1223101770
2023-11-14,14350,14440,13580,13720,245351,-4.323570432357044,3707,-2252,22595,-24050,0,24608,896,196644,23203,245351,20901,3148,174049,47253,245351,51504770,-30951400,311996170,-332549540,0,338729250,12445620,2717999350,320984140,3390158360,287224480,43397020,2406003180,653533680,3390158360
2023-11-15,13760,13900,13230,13900,250036,1.3119533527696794,-33623,-19,10837,22805,0,23706,0,171630,54700,250036,57329,19,160793,31895,250036,-452810510,-257590,148898900,304169200,0,324227580,0,2331061950,739284710,3394574240,777038090,257590,2182163050,435115510,3394574240
2023-11-16,13900,14240,13620,14000,87028,0.7194244604316548,-984,-1,7548,-6563,0,5183,15,70558,11272,87028,6167,16,63010,17835,87028,-13727120,-14760,106520770,-92778890,0,72439970,210510,987606170,157214700,1217471350,86167090,225270,881085400,249993590,1217471350
2023-11-17,14000,14370,13800,14010,155715,0.07142857142857142,38655,-98,-16601,-21956,0,44456,738,92463,18058,155715,5801,836,109064,40014,155715,549263620,-1355360,-234515040,-313393220,0,631409980,10474760,1309161250,254334120,2205380110,82146360,11830120,1543676290,567727340,2205380110
2023-11-20,13910,14130,13560,13660,89007,-2.4982155603140614,-3480,-15,-2318,5813,0,1729,0,70865,16413,89007,5209,15,73183,10600,89007,-48124990,-208810,-31733230,80067030,0,23855880,0,977353450,226677660,1227886990,71980870,208810,1009086680,146610630,1227886990
2023-11-21,13660,13910,13580,13740,69484,0.5856515373352855,6919,-5008,-4718,2807,0,12548,0,40155,16781,69484,5629,5008,44873,13974,69484,94889210,-68778260,-65065980,38955030,0,172607270,0,549941850,230897640,953446760,77718060,68778260,615007830,191942610,953446760
2023-11-22,13790,13820,13200,13200,87271,-3.9301310043668125,-4582,-2815,14920,-7523,0,570,0,81432,5269,87271,5152,2815,66512,12792,87271,-61376130,-37614270,200698170,-101707770,0,7627710,0,1088693700,70549810,1166871220,69003840,37614270,887995530,172257580,1166871220
2023-11-23,13280,13440,12910,13180,93336,-0.15151515151515152,-7591,1294,-1532,7829,0,2083,1294,72973,16986,93336,9674,0,74505,9157,93336,-100417090,17060590,-17592560,100949060,0,27576380,17060590,957638520,221861550,1224137040,127993470,0,975231080,120912490,1224137040
2023-11-24,13190,13210,12680,12780,199381,-3.0349013657056148,-29857,1799,25833,2225,0,19280,1799,149573,28729,199381,49137,0,123740,26504,199381,-380403170,23154090,327490260,29758820,0,246730250,23154090,1922244060,369529130,2561657530,627133420,0,1594753800,339770310,2561657530
2023-11-27,12650,12780,12130,12400,179166,-2.97339593114241,-40763,537,3726,36500,0,4721,542,125985,47918,179166,45484,5,122259,11418,179166,-501122400,6586870,46353670,448181860,0,58251590,6649920,1556873530,590865660,2212640700,559373990,63050,1510519860,142683800,2212640700
2023-11-28,12200,12380,11900,12000,263323,-3.225806451612903,-7227,7415,-56400,56212,0,12248,8129,168747,74199,263323,19475,714,225147,17987,263323,-88022440,89695720,-684720970,683047690,0,148254640,98331620,2035575030,900497720,3182659010,236277080,8635900,2720296000,217450030,3182659010
2023-11-29,11910,12460,11680,12430,225278,3.5833333333333335,-13883,5072,21227,-12416,0,45748,5072,132263,42195,225278,59631,0,111036,54611,225278,-153730780,60200170,252955720,-159425110,0,555127800,60200170,1585690460,502053760,2703072190,708858580,0,1332734740,661478870,2703072190
2023-11-30,12430,12520,12000,12300,104771,-1.0458567980691875,-25540,1868,34359,-10687,0,18335,1868,71086,13482,104771,43875,0,36727,24169,104771,-306520160,22887800,416748580,-133116220,0,226626910,22887800,868301890,164037910,1281854510,533147070,0,451553310,297154130,1281854510
2023-12-01,12300,12810,11870,12590,181236,2.3577235772357725,-8684,931,14023,-6270,0,1792,980,151133,27331,181236,10476,49,137110,33601,181236,-104704060,11792190,176621040,-83709170,0,21994720,12383620,1870657480,334172870,2239208690,126698780,591430,1694036440,417882040,2239208690
2023-12-04,12940,12950,12300,12630,183733,0.3177124702144559,28381,2992,6335,-37708,0,31176,2993,125925,23639,183733,2795,1,119590,61347,183733,362179320,38052690,80502330,-480734340,0,397570330,38065470,1593886480,298041440,2327563720,35391010,12780,1513384150,778775780,2327563720
2023-12-05,12590,13640,12590,13000,347796,2.929532858273951,53326,2936,-67518,11256,0,64401,4636,202840,75919,347796,11075,1700,270358,64663,347796,709049390,38579390,-889463730,141834950,0,853887500,61333390,2684303170,997578620,4597102680,144838110,22754000,3573766900,855743670,4597102680
2023-12-06,13000,13290,12780,12910,85934,-0.6923076923076923,10049,0,16351,-26400,0,15123,0,64018,6793,85934,5074,0,47667,33193,85934,129449040,0,217476060,-346925100,0,196120770,0,837517800,87773280,1121411850,66671730,0,620041740,434698380,1121411850
2023-12-07,13130,13130,12550,12700,67279,-1.6266460108443066,23761,0,-3991,-19770,0,24188,0,35343,7748,67279,427,0,39334,27518,67279,305753110,0,-50775460,-254977650,0,311258560,0,451998060,98601730,861858350,5505450,0,502773520,353579380,861858350
2023-12-08,12700,13130,12450,13000,129522,2.3622047244094486,12045,-330,4939,-16654,0,16864,50,99451,13157,129522,4819,380,94512,29811,129522,157791090,-4187800,60216760,-213820050,0,218829800,642000,1264407530,166848400,1650727730,61038710,4829800,1204190770,380668450,1650727730
2023-12-11,13000,14080,13000,13590,170704,4.538461538461538,-1311,0,-7878,9189,0,17001,1,117464,36238,170704,18312,1,125342,27049,170704,-17762570,220,-105190310,122952660,0,233421740,13940,1616930470,496759660,2347125810,251184310,13720,1722120780,373807000,2347125810
2023-12-12,13530,13540,12990,13120,100778,-3.4584253127299487,4226,291,9330,-13847,0,6488,683,86184,7423,100778,2262,392,76854,21270,100778,55728810,3866370,124276840,-183872020,0,85513750,9046530,1138759370,98450000,1331769650,29784940,5180160,1014482530,282322020,1331769650
2023-12-13,13120,13240,12850,13000,94790,-0.9146341463414633,11759,6902,-29096,10435,0,15401,6902,50896,21591,94790,3642,0,79992,11156,94790,153574390,89438600,-377900890,134887900,0,201004070,89438600,661025130,280271760,1231739560,47429680,0,1038926020,145383860,1231739560
2023-12-14,13380,13490,12570,13310,146670,2.3846153846153846,27856,8448,-24994,-11310,0,30297,8448,84370,23555,146670,2441,0,109364,34865,146670,372149090,111386540,-332512820,-151022810,0,404520740,111386540,1121518990,313335640,1950761910,32371650,0,1454031810,464358450,1950761910
2023-12-15,13310,13330,12420,12520,277875,-5.935386927122464,7703,19349,2741,-29793,0,27744,19349,215420,15362,277875,20041,0,212679,45155,277875,97852130,245001830,35606850,-378460810,0,353473440,245001830,2737704930,196681720,3532861920,255621310,0,2702098080,575142530,3532861920
2023-12-18,12750,12970,12500,12810,147456,2.31629392971246,3543,2172,-7710,1995,0,19341,2172,100236,25707,147456,15798,0,107946,23712,147456,45868720,27676510,-99566830,26021600,0,247310920,27676510,1281022350,329099140,1885108920,201442200,0,1380589180,303077540,1885108920
2023-12-19,12970,13220,12840,13110,134992,2.3419203747072603,35654,247,-56975,21074,0,36419,1991,62893,33689,134992,765,1744,119868,12615,134992,465935450,3232570,-744839590,275671570,0,475949480,26045700,822932670,440572650,1765500500,10014030,22813130,1567772260,164901080,1765500500
2023-12-20,13330,13560,13180,13360,128165,1.9069412662090008,38677,4987,-35467,-8197,0,39775,4987,63591,19812,128165,1098,0,99058,28009,128165,522041880,67204190,-477715330,-111530740,0,536725870,67204190,855404570,265898020,1725232650,14683990,0,1333119900,377428760,1725232650
2023-12-21,13260,13950,13230,13570,174634,1.5718562874251496,60530,1715,-58747,-3498,0,65012,1715,82199,25708,174634,4482,0,140946,29206,174634,836891870,23566540,-806696100,-53762310,0,898582640,23566540,1120827820,348082050,2391059050,61690770,0,1927523920,401844360,2391059050
2023-12-22,13600,13630,12890,13070,183759,-3.6845983787767134,27485,-561,-17907,-9017,0,31880,1719,126657,23503,183759,4395,2280,144564,32520,183759,361983520,-6939470,-232506840,-122537210,0,420129080,22700620,1658057390,305754880,2406641970,58145560,29640090,1890564230,428292090,2406641970
2023-12-26,12970,13210,12870,12910,92513,-1.224177505738332,26271,-4298,-7516,-14457,0,32589,1202,51179,7543,92513,6318,5500,58695,22000,92513,343512840,-55354540,-99195810,-188962490,0,425662570,15733800,666641880,98185630,1206223880,82149730,71088340,765837690,287148120,1206223880
2023-12-27,13150,13490,12930,13240,121815,2.5561580170410534,28855,1920,-24665,-6110,0,36165,2500,61433,21717,121815,7310,580,86098,27827,121815,384359420,24892630,-329390780,-79861270,0,480841340,32540000,808537980,286223210,1608142530,96481920,7647370,1137928760,366084480,1608142530
2023-12-28,13420,13490,13010,13330,88202,0.6797583081570997,17480,8078,-15031,-10527,0,27100,8078,38911,14113,88202,9620,0,53942,24640,88202,235265630,107662230,-203242540,-139685320,0,362783900,107662230,517576270,188185820,1176208220,127518270,0,720818810,327871140,1176208220
2024-01-02,13170,13430,13070,13120,104835,-1.5753938484621155,-17691,1183,20960,-4452,0,18522,1183,66911,18219,104835,36213,0,45951,22671,104835,-233840720,15722420,277321130,-59202830,0,246304950,15722420,885559510,241373310,1388960190,480145670,0,608238380,300576140,1388960190
2024-01-03,12930,13140,12850,13020,84841,-0.7621951219512195,5413,-4941,12162,-12634,0,29773,59,51649,3360,84841,24360,5000,39487,15994,84841,71118950,-63754830,157075560,-164439680,0,388847530,771520,672645110,43784380,1106048540,317728580,64526350,515569550,208224060,1106048540
2024-01-04,12950,13950,12560,13730,324266,5.453149001536098,92902,17356,-90822,-19436,0,106688,17544,150527,49507,324266,13786,188,241349,68943,324266,1267923710,233077890,-1223371760,-277629840,0,1447332920,235650050,1983796570,652254510,4319034050,179409210,2572160,3207168330,929884350,4319034050
2024-01-05,13730,14620,13730,14430,360050,5.098324836125273,91501,7057,-160925,62367,0,95533,7561,151581,105375,360050,4032,504,312506,43008,360050,1318740660,101766950,-2313130370,892622760,0,1376873080,108972330,2169470690,1507978810,5163294910,58132420,7205380,4482601060,615356050,5163294910
2024-01-08,14460,14510,14030,14100,132910,-2.2869022869022873,20270,-1,-8884,-11385,0,42233,9,69950,20718,132910,21963,10,78834,32103,132910,288096160,-12500,-124905180,-163178480,0,599303710,130140,995104180,294293140,1888831170,311207550,142640,1120009360,457471620,1888831170
2024-01-09,14170,14810,14050,14550,191867,3.1914893617021276,4494,15071,-21794,2229,0,26848,15103,117322,32594,191867,22354,32,139116,30365,191867,64824930,219530960,-314493410,30137520,0,390143340,219996530,1707391770,472987810,2790519450,325318410,465570,2021885180,442850290,2790519450
2024-01-10,14510,15350,14400,15300,348424,5.154639175257731,82378,29197,-120808,9233,0,106335,29197,161517,51375,348424,23957,0,282325,42142,348424,1256932610,442239830,-1839493150,140320710,0,1623244270,442239830,2436292490,777007850,5278784440,366311660,0,4275785640,636687140,5278784440
2024-01-11,15670,15670,15000,15050,105118,-1.6339869281045754,8315,1236,-3709,-5842,0,13098,1236,76325,14459,105118,4783,0,80034,20301,105118,126433660,18825990,-55561930,-89697720,0,198688800,18825990,1161543350,219628360,1598686500,72255140,0,1217105280,309326080,1598686500
2024-01-12,14910,15440,14560,15210,100155,1.06312292358804,30426,14160,-32408,-12178,0,30768,14160,42411,12816,100155,342,0,74819,24994,100155,462411580,214962580,-489666600,-187707560,0,467476610,214962580,639911450,191713600,1514064240,5065030,0,1129578050,379421160,1514064240
2024-01-15,15010,15740,14710,15350,229077,0.9204470742932281,59400,29892,-87311,-1981,0,90530,30670,72524,35353,229077,31130,778,159835,37334,229077,923517580,465334180,-1355875150,-32976610,0,1400591230,477150630,1118866040,544620440,3541228340,477073650,11816450,2474741190,577597050,3541228340
2024-01-16,15670,15670,14690,15000,129178,-2.2801302931596092,2740,-3614,4432,-3558,0,30905,915,67038,30320,129178,28165,4529,62606,33878,129178,48941810,-53596240,61614410,-56959980,0,472449650,14067860,1014095980,458021140,1958634630,423507840,67664100,952481570,514981120,1958634630
2024-01-17,15000,15310,14800,14860,43320,-0.9333333333333335,9546,-2216,-5747,-1583,0,9562,60,26956,6742,43320,16,2276,32703,8325,43320,143103940,-33204500,-85828010,-24071430,0,143341700,899220,403712300,100796600,648749820,237760,34103720,489540310,124868030,648749820
2024-01-18,14750,15190,14430,15080,202058,1.4804845222072678,-6437,-18522,-3155,28114,0,52119,3504,82538,63897,202058,58556,22026,85693,35783,202058,-82548790,-270753580,-58902110,412204480,0,782699730,52189610,1223627780,946225360,3004742480,865248520,322943190,1282529890,534020880,3004742480
2024-01-19,15290,15550,14920,15030,65472,-0.33156498673740054,29536,-10797,-18989,250,0,29544,199,20852,14877,65472,8,10996,39841,14627,65472,451898080,-163974680,-289606110,1682710,0,452018320,3032270,317709070,225420970,998180630,120240,167006950,607315180,223738260,998180630
2024-01-22,15300,15390,14500,14600,136883,-2.860944777112442,10943,-11664,-390,1111,0,15957,1236,78768,40922,136883,5014,12900,79158,39811,136883,167201780,-169489980,-8019760,10307960,0,240687560,18728260,1157230410,598410930,2015057160,73485780,188218240,1165250170,588102970,2015057160
2024-01-23,14530,14960,14440,14620,88585,0.136986301369863,20866,1915,-26024,3243,0,22275,1915,42804,21591,88585,1409,0,68828,18348,88585,306713170,28278030,-382415180,47423980,0,327331280,28278030,625382130,316636270,1297627710,20618110,0,1007797310,269212290,1297627710
2024-01-24,14700,15350,14600,15180,128432,3.830369357045144,22625,-574,-35256,13205,0,26998,0,66638,34796,128432,4373,574,101894,21591,128432,340560470,-8704120,-526496640,194640290,0,406090180,0,1005303120,521108570,1932501870,65529710,8704120,1531799760,326468280,1932501870
2024-01-25,15380,15690,14900,15330,151705,0.9881422924901186,32245,3987,-39525,3293,0,35353,4357,68383,43612,151705,3108,370,107908,40319,151705,502075730,62231080,-615180240,50873430,0,550424570,68001180,1062097100,677977570,2358500420,48348840,5770100,1677277340,627104140,2358500420
2024-01-26,15490,16020,14980,14980,109449,-2.28310502283105,11486,0,-6855,-4631,0,13523,0,77313,18613,109449,2037,0,84168,23244,109449,178310290,0,-108942350,-69367940,0,209735740,0,1201233660,290622620,1701592020,31425450,0,1310176010,359990560,1701592020
2024-01-29,14980,15050,14110,14210,112970,-5.14018691588785,-18894,1683,34771,-17560,0,2952,1800,94473,13745,112970,21846,117,59702,31305,112970,-274935870,24004990,507133150,-256202270,0,42603530,25669800,1373304590,199736630,1641314550,317539400,1664810,866171440,455938900,1641314550
2024-01-30,14210,14390,13830,14020,102315,-1.3370865587614356,-28092,320,26882,890,0,4281,320,76058,21656,102315,32373,0,49176,20766,102315,-390624890,4490400,374750620,11383870,0,60243330,4490400,1061043050,301920510,1427697290,450868220,0,686292430,290536640,1427697290
2024-01-31,13880,14060,13600,13620,60485,-2.8530670470756063,8630,-1071,7334,-14893,0,17379,0,31366,11740,60485,8749,1071,24032,26633,60485,119402000,-14612170,100015330,-204805160,0,240036920,0,432711850,162376540,835125310,120634920,14612170,332696520,367181700,835125310
2024-02-01,13560,13740,13110,13390,139660,-1.6886930983847284,-11916,-1410,5862,7464,0,10050,1070,83398,45142,139660,21966,2480,77536,37678,139660,-157581110,-18863950,78504300,97940760,0,133775710,14048200,1111358250,599719970,1858902130,291356820,32912150,1032853950,501779210,1858902130
2024-02-02,13790,14700,13530,13860,133354,3.51008215085885,17498,-43,-7809,-9646,0,31292,2008,73179,26875,133354,13794,2051,80988,36521,133354,249001060,177820,-118909960,-130268920,0,439650150,28561150,1027913580,381153670,1877278550,190649090,28383330,1146823540,511422590,1877278550
2024-02-05,13860,14000,13510,13540,56354,-2.3088023088023086,-6366,1598,22362,-17594,0,3898,1884,45630,4942,56354,10264,286,23268,22536,56354,-87218060,22120420,306317190,-241219550,0,53646670,26064870,626743840,67981120,774436500,140864730,3944450,320426650,309200670,774436500
2024-02-06,13540,14350,13290,14200,125412,4.874446085672083,17623,1300,-10718,-8205,0,46176,1300,54422,23514,125412,28553,0,65140,31719,125412,250238450,18250030,-150786380,-117702100,0,651451100,18250030,765050850,328339930,1763091910,401212650,0,915837230,446042030,1763091910
2024-02-07,14200,14870,13680,14460,224169,1.8309859154929577,10124,3656,19073,-32853,0,70499,3659,104494,45517,224169,60375,3,85421,78370,224169,165768830,53249780,264142990,-483161600,0,1014095630,53291370,1493313130,642442030,3203142160,848326800,41590,1229170140,1125603630,3203142160
2024-02-08,14420,14420,13990,14150,75782,-2.143845089903181,-7814,-2721,35073,-24538,0,15023,1265,55058,4436,75782,22837,3986,19985,28974,75782,-108967000,-38286960,493761930,-346507970,0,213017220,17944760,776421680,62798730,1070182390,321984220,56231720,282659750,409306700,1070182390
2024-02-13,14010,14400,13780,13790,70695,-2.544169611307421,3957,433,6718,-11108,0,16185,433,45814,8263,70695,12228,0,39096,19371,70695,58517160,6230870,91468350,-156216380,0,230163390,6230870,641458080,117205010,995057350,171646230,0,549989730,273421390,995057350
2024-02-14,13800,14300,13720,14150,53577,2.610587382160986,5847,1,-11035,5187,0,11253,1,27820,14503,53577,5406,0,38855,9316,53577,82839430,14170,-156156730,73303130,0,159169730,14170,392020130,204508170,755712200,76330300,0,548176860,131205040,755712200
2024-02-15,14360,15220,14070,14540,166913,2.756183745583039,27632,175,-33968,6161,0,33792,434,97854,34833,166913,6160,259,131822,28672,166913,416979800,2674090,-505671350,86017460,0,507077440,6444900,1444173690,510591930,2468287960,90097640,3770810,1949845040,424574470,2468287960
2024-02-16,14840,14940,14440,14610,63410,0.48143053645116923,7723,-266,-1171,-6286,0,12565,0,42410,8435,63410,4842,266,43581,14721,63410,113553390,-3887500,-17741020,-91924870,0,184556350,0,621579200,123963340,930098890,71002960,3887500,639320220,215888210,930098890
2024-02-19,14610,14800,14130,14370,71074,-1.642710472279261,-28690,1321,37610,-10241,0,7851,2000,53663,7560,71074,36541,679,16053,17801,71074,-408850870,18774140,538760980,-148684250,0,112664540,28417000,769786370,108047710,1018915620,521515410,9642860,231025390,256731960,1018915620
2024-02-20,14380,14580,14200,14480,46286,0.7654836464857342,-12169,-289,8788,3670,0,500,0,37330,8456,46286,12669,289,28542,4786,46286,-174091040,-4122470,125714960,52498550,0,7190040,0,535045910,121206830,663442780,181281080,4122470,409330950,68708280,663442780
2024-02-21,14480,15500,14400,15480,321080,6.906077348066299,10033,2280,-89288,76975,0,14435,2820,202836,100989,321080,4402,540,292124,24014,321080,151976450,34369490,-1351019650,1164673710,0,219688860,42646790,3069075140,1527975780,4859386570,67712410,8277300,4420094790,363302070,4859386570
2024-02-22,15520,16600,15420,15990,301917,3.2945736434108532,44749,21418,-72569,6402,0,77654,26463,127446,70354,301917,32905,5045,200015,63952,301917,722767080,347402670,-1171693860,101524110,0,1254195090,428669060,2056017040,1134671760,4873552950,531428010,81266390,3227710900,1033147650,4873552950
2024-02-23,15940,16300,15000,16200,195222,1.3133208255159476,47276,-5002,-14254,-28020,0,81069,908,98900,14345,195222,33793,5910,113154,42365,195222,762859840,-81203420,-223055510,-458600910,0,1305829460,13990880,1565845780,220254720,3105920840,542969620,95194300,1788901290,678855630,3105920840
2024-02-26,15050,15050,13450,13870,714592,-14.382716049382715,-5609,-20492,92553,-66452,0,96194,16661,553380,48357,714592,101803,37153,460827,114809,714592,-65039990,-279168530,1270440600,-926232080,0,1343957140,231004090,7717453440,673475930,9965890600,1408997130,510172620,6447012840,1599708010,9965890600
2024-02-27,13860,13870,11950,12390,777513,-10.670511896178802,-264867,8256,302524,-45913,0,97915,13364,596549,69685,777513,362782,5108,294025,115598,777513,-3294764890,108230520,3773217870,-586683500,0,1251048820,171679080,7570706470,900497160,9893931530,4545813710,63448560,3797488600,1487180660,9893931530
2024-02-28,12590,13110,12380,12550,231589,1.29136400322841,-12411,5167,14902,-7658,0,66525,7106,134638,23320,231589,78936,1939,119736,30978,231589,-151002000,65790690,183991170,-98779860,0,841300750,90153210,1700927190,294076190,2926457340,992302750,24362520,1516936020,392856050,2926457340
2024-02-29,12550,12860,11900,12120,286597,-3.4262948207171315,-88012,10141,60077,17794,0,36642,10141,190811,49003,286597,124654,0,130734,31209,286597,-1057925910,122413270,731383850,204128790,0,447158550,122413270,2308685780,589913860,3468171460,1505084460,0,1577301930,385785070,3468171460
2024-03-04,12130,12200,11460,11490,234889,-5.198019801980198,-56129,-3544,67043,-7370,0,25232,3289,191318,15050,234889,81361,6833,124275,22420,234889,-647101550,-40858340,776224710,-88264820,0,291246220,37844010,2216003700,174372470,2719466400,938347770,78702350,1439778990,262637290,2719466400
2024-03-05,11540,12200,11540,11850,95293,3.1331592689295036,-6260,-1982,7987,255,0,3843,202,79753,11495,95293,10103,2184,71766,11240,95293,-74830440,-23285040,95791760,2323720,0,45554400,2372110,951863780,136534230,1136324520,120384840,25657150,856072020,134210510,1136324520
2024-03-06,11600,12300,11540,12290,100617,3.7130801687763713,-20656,5942,10649,4065,0,2187,7942,77327,13161,100617,22843,2000,66678,9096,100617,-248069230,72265640,128291790,47511800,0,25858650,96144890,926600380,156513120,1205117040,273927880,23879250,798308590,109001320,1205117040
2024-03-07,12350,12350,11800,11910,106799,-3.091944670463792,-42418,10640,52017,-20239,0,4094,10642,88468,3595,106799,46512,2,36451,23834,106799,-504219900,126339500,620057740,-242177340,0,48420380,126363720,1055543630,42811690,1273139420,552640280,24220,435485890,284989030,1273139420
2024-03-08,12170,12320,11810,12250,92205,2.8547439126784218,26934,-3006,-26400,2472,0,29014,1755,50581,10855,92205,2080,4761,76981,8383,92205,327004670,-35868210,-321225110,30088650,0,352508660,21164210,609227720,130961780,1113862370,25503990,57032420,930452830,100873130,1113862370
2024-03-11,12300,12760,11950,12590,113888,2.7755102040816326,37897,8905,-26872,-19930,0,40116,8905,49083,15784,113888,2219,0,75955,35714,113888,480486420,112535600,-338846490,-254175530,0,508646890,112535600,620695180,198281150,1440158820,28160470,0,959541670,452456680,1440158820
2024-03-12,12340,12760,11820,12090,218088,-3.971405877680699,-45607,5856,62990,-23239,0,28575,8365,154349,26799,218088,74182,2509,91359,50038,218088,-547760810,71888080,762361240,-286488510,0,347292710,102424060,1872749150,325535920,2648001840,895053520,30535980,1110387910,612024430,2648001840
2024-03-13,12100,12240,11320,11530,250498,-4.631927212572374,-92616,7325,82909,2382,0,31446,8352,172898,37802,250498,124062,1027,89989,35420,250498,-1081556680,86361750,970456200,24738730,0,365734550,98290360,2017823330,440267070,2922115310,1447291230,11928610,1047367130,415528340,2922115310
2024-03-14,11560,11690,11000,11400,170201,-1.1274934952298352,-25915,3114,-4714,27515,0,8498,3115,113803,44785,170201,34413,1,118517,17270,170201,-290897340,35096350,-53385410,309186400,0,95695320,35107830,1280955370,504186260,1915944780,386592660,11480,1334340780,194999860,1915944780
2024-03-15,11600,11690,11330,11690,58199,2.543859649122807,3847,104,-3824,-127,0,3847,104,42745,11503,58199,0,0,46569,11630,58199,44393040,1197110,-44766450,-823700,0,44393040,1197110,493330020,132976780,671896950,0,0,538096470,133800480,671896950
2024-03-18,11690,12080,11210,11710,196551,0.1710863986313088,-48103,-395,16891,31607,0,31415,2389,92461,70286,196551,79518,2784,75570,38679,196551,-537803080,-4312680,185616860,356498900,0,371757720,27298050,1061077930,806605450,2266739150,909560800,31610730,875461070,450106550,2266739150
2024-03-19,11880,11880,11400,11650,156391,-0.5123825789923143,-7060,-35004,-11646,53710,0,630,1001,84257,70503,156391,7690,36005,95903,16793,156391,-81983030,-404800430,-132629680,619413140,0,7373930,11681590,977394610,814386740,1810836870,89356960,416482020,1110024290,194973600,1810836870
2024-03-20,11650,11790,11400,11560,76269,-0.7725321888412017,-14541,-4000,25022,-6481,0,314,0,64388,11567,76269,14855,4000,39366,18048,76269,-166804720,-46150000,287176370,-74221650,0,3614630,0,742137020,133803430,879555080,170419350,46150000,454960650,208025080,879555080
2024-03-21,11560,11730,11430,11450,57829,-0.9515570934256056,-4347,-2921,8938,-1670,0,2111,778,45729,9211,57829,6458,3699,36791,10881,57829,-50256410,-33673270,102816340,-18886660,0,24314910,8928540,526972760,106250710,666466920,74571320,42601810,424156420,125137370,666466920
2024-03-22,11500,12060,11450,11900,150560,3.9301310043668125,-7105,2992,-4066,8179,0,81,2992,122089,25398,150560,7186,0,126155,17219,150560,-84559390,35740060,-47888750,96708080,0,967400,35740060,1451999130,301700780,1790407370,85526790,0,1499887880,204992700,1790407370
2024-03-25,11900,11990,11520,11600,97782,-2.5210084033613445,-17647,-579,18155,71,0,0,2123,81573,14086,97782,17647,2702,63418,14015,97782,-205454760,-7079730,211590050,944440,0,0,24668560,951928230,165297210,1141894000,205454760,31748290,740338180,164352770,1141894000
2024-03-26,11780,12300,11780,12170,155374,4.913793103448276,-3497,-3466,-17035,23998,0,16940,2678,96503,39253,155374,20437,6144,113538,15255,155374,-41506050,-41832110,-206739660,290077820,0,205538920,32608970,1168609560,474851830,1881609280,247044970,74441080,1375349220,184774010,1881609280
2024-03-27,12300,12800,12000,12590,222240,3.451109285127362,18035,-992,-16701,-342,0,29682,637,151801,40120,222240,11647,1629,168502,40462,222240,233300370,-12758570,-217021950,-3519850,0,375147020,7927920,1885949730,500405360,2769430030,141846650,20686490,2102971680,503925210,2769430030
2024-03-28,12590,13180,12500,12780,203664,1.5091342335186657,-10249,1000,37653,-28404,0,13314,1209,165588,23553,203664,23563,209,127935,51957,203664,-131779900,13068240,486722080,-368010420,0,171225130,15773030,2139694080,305422380,2632114620,303005030,2704790,1652972000,673432800,2632114620
2024-03-29,12990,13080,12360,12520,141649,-2.0344287949921753,12926,8040,13787,-34753,0,27853,9215,93925,10656,141649,14927,1175,80138,45409,141649,166553190,100792250,171907580,-439253020,0,359219410,115637790,1186694860,136746900,1798298960,192666220,14845540,1014787280,575999920,1798298960
2024-04-01,12800,13490,12530,13190,272316,5.3514376996805115,-7410,1054,-18957,25313,0,44787,4864,164689,57976,272316,52197,3810,183646,32663,272316,-90377440,14424290,-251809860,327763010,0,593821870,64516010,2166586810,759561480,3584486170,684199310,50091720,2418396670,431798470,3584486170
2024-04-02,13210,13210,12370,12700,156085,-3.7149355572403335,-23567,-323,40325,-16435,0,8013,37,128602,19433,156085,31580,360,88277,35868,156085,-300374430,-4049420,518761110,-214337260,0,102079160,470470,1641293490,246370700,1990213820,402453590,4519890,1122532380,460707960,1990213820
2024-04-03,12500,12930,12310,12750,163876,0.39370078740157477,-15859,1471,-6267,20655,0,13503,1472,110168,38733,163876,29362,1,116435,18078,163876,-197517520,18717070,-76273880,255074330,0,171001540,18729790,1380165630,484761510,2054658470,368519060,12720,1456439510,229687180,2054658470
2024-04-04,12080,12510,11580,12220,641952,-4.156862745098039,-35283,-1059,84162,-47820,0,81722,4407,494651,61172,641952,117005,5466,410489,108992,641952,-407704340,-12310020,1002519270,-582504910,0,987863610,52662970,5919739080,730808170,7691073830,1395567950,64972990,4917219810,1313313080,7691073830
2024-04-05,11840,12930,11840,12580,291535,2.9459901800327333,18553,3258,-52648,30837,0,64175,3787,151676,71897,291535,45622,529,204324,41060,291535,238512500,41063820,-669401820,389825500,0,810761510,47691760,1912718120,908384190,3679555580,572249010,6627940,2582119940,518558690,3679555580
2024-04-08,12450,13170,12410,12740,264966,1.2718600953895072,-23531,-357,928,22960,0,45552,31,167999,51384,264966,69083,388,167071,28424,264966,-296767120,-4693170,8689470,292770820,0,577665970,396840,2158732120,659798340,3396593270,874433090,5090010,2150042650,367027520,3396593270
2024-04-09,12990,13040,12510,12700,133584,-0.3139717425431711,18780,11,-4229,-14562,0,51643,1118,64486,16337,133584,32863,1107,68715,30899,133584,240723590,178340,-54508580,-186393350,0,659368110,14366950,823552510,208373320,1705660890,418644520,14188610,878061090,394766670,1705660890
2024-04-11,12690,12980,12490,12860,133475,1.2598425196850394,26073,-2169,-4404,-19500,0,43681,20,71129,18645,133475,17608,2189,75533,38145,133475,335937860,-27767470,-57830410,-250339980,0,561392000,257200,911513760,239128550,1712291510,225454140,28024670,969344170,489468530,1712291510
2024-04-12,12930,13950,12860,13540,390594,5.287713841368585,57767,-5357,-43444,-8966,0,124813,1076,207308,57397,390594,67046,6433,250752,66363,390594,791104150,-73083650,-584991180,-133029320,0,1706406790,14617100,2823777410,774061370,5318862670,915302640,87700750,3408768590,907090690,5318862670
2024-04-15,13540,13990,13160,13720,204167,1.329394387001477,-45764,445,63961,-18642,0,21331,464,149721,32651,204167,67095,19,85760,51293,204167,-608561550,5978910,857801760,-255219120,0,289174960,6237190,2012160030,437814930,2745387110,897736510,258280,1154358270,693034050,2745387110
2024-04-16,13720,13880,13290,13420,170301,-2.186588921282799,15530,26,4030,-19586,0,28487,43,118530,23241,170301,12957,17,114500,42827,170301,211651920,352140,54583800,-266587860,0,385154820,581710,1604562580,315405950,2305705060,173502900,229570,1549978780,581993810,2305705060
2024-04-17,13680,13920,13480,13670,191150,1.8628912071535022,-16650,-2444,13356,5738,0,40744,300,119624,30482,191150,57394,2744,106268,24744,191150,-224070860,-33082540,178755530,78397870,0,560033080,4134000,1637330080,417898520,2619395680,784103940,37216540,1458574550,339500650,2619395680
2024-04-18,13700,14900,13700,14130,351863,3.3650329188002925,-52651,763,-220,52108,0,41407,2250,216910,91296,351863,94058,1487,217130,39188,351863,-727870300,10557420,-9433000,726745880,0,600939050,31796800,3110260010,1297521330,5040517190,1328809350,21239380,3119693010,570775450,5040517190
2024-04-19,14010,14390,13350,13910,162062,-1.556970983722576,3391,4751,-7368,-774,0,3391,4751,123983,29937,162062,0,0,131351,30711,162062,46586070,66215410,-95170370,-17631110,0,46586070,66215410,1713286170,410251600,2236339250,0,0,1808456540,427882710,2236339250
2024-04-22,14180,14500,13830,14130,212037,1.5815959741193386,25190,3048,-9011,-19227,0,37000,3901,147281,23855,212037,11810,853,156292,43082,212037,355784460,43562540,-127949020,-271397980,0,522131670,55723380,2086830200,337654680,3002339930,166347210,12160840,2214779220,609052660,3002339930
2024-04-23,14130,14370,13800,14010,116134,-0.8492569002123143,-12727,612,15750,-3635,0,26621,660,71736,17117,116134,39348,48,55986,20752,116134,-178104510,8669050,220160940,-50725480,0,372624490,9343200,1009213920,240601390,1631783000,550729000,674150,789052980,291326870,1631783000
2024-04-24,14300,14750,13890,14410,188879,2.8551034975017844,21049,-3298,-42470,24719,0,22760,1702,99923,64494,188879,1711,5000,142393,39775,188879,303169830,-48070250,-611535610,356436030,0,327716900,24226420,1440857520,929054620,2721855460,24547070,72296670,2052393130,572618590,2721855460
2024-04-25,14400,14400,13760,13880,59307,-3.678001387925052,-328,134,11248,-11054,0,0,383,56944,1980,59307,328,249,45696,13034,59307,-4574540,1860790,156810880,-154097130,0,0,5333120,794200420,27717430,827250970,4574540,3472330,637389540,181814560,827250970
2024-04-26,14060,14060,13280,13760,112397,-0.8645533141210375,17506,3084,-24129,3539,0,32135,3354,62065,14843,112397,14629,270,86194,11304,112397,244825950,41951040,-335465020,48688030,0,443481450,45616640,839591900,203296340,1531986330,198655500,3665600,1175056920,154608310,1531986330
2024-04-29,13790,13800,13480,13550,147899,-1.5261627906976742,-628,-2792,-2190,5610,0,46708,1688,84816,14687,147899,47336,4480,87006,9077,147899,-8224380,-37911340,-29812380,75948100,0,633763950,22918150,1149164840,199165880,2005012820,641988330,60829490,1178977220,123217780,2005012820
2024-04-30,13750,13970,13600,13660,176078,0.8118081180811807,-39361,-18695,45177,12879,0,14005,6149,132788,23136,176078,53366,24844,87611,10257,176078,-539072560,-256465090,618436750,177100900,0,192729670,84182800,1822991750,317843030,2417747250,731802230,340647890,1204555000,140742130,2417747250
2024-05-02,14000,14450,13900,14420,272820,5.563689604685212,-5218,-35532,35456,5294,0,17300,1083,226005,28432,272820,22518,36615,190549,23138,272820,-74055690,-509257160,508734380,74578470,0,248162340,15568490,3230714200,405451850,3899896880,322218030,524825650,2721979820,330873380,3899896880
2024-05-03,14420,14950,14100,14810,141243,2.7045769764216363,-10353,-2461,23038,-10224,0,100,409,134124,6610,141243,10453,2870,111086,16834,141243,-148983910,-35469730,332731500,-148277860,0,1436790,5892670,1936067010,94819440,2038215910,150420700,41362400,1603335510,243097300,2038215910
2024-05-07,14700,14820,14360,14680,221673,-0.8777852802160702,-109025,6351,112629,-9955,0,19196,6351,188864,7262,221673,128221,0,76235,17217,221673,-1571646870,91717790,1623776660,-143847580,0,277435950,91717790,2728932830,105373280,3203459850,1849082820,0,1105156170,249220860,3203459850
2024-05-08,14940,15360,14390,15050,222214,2.5204359673024523,-7424,3136,-5924,10212,0,16305,3346,183454,19170,222275,23729,210,189378,8958,222275,-107041340,47083060,-91765080,151723360,0,245315550,50291660,2747299800,286696350,3329603360,352356890,3208600,2839064880,134972990,3329603360
